id,position,gas_fee,mev_potential,creator_id,created_at,included_at,target_tx
15,0,19000000,0,user_23,0,0,
33,1,6300000,0,user_38,0,0,
44,2,0,0,validator_7,100,0,19
19,3,5000000,56200,user_25,0,0,
0,4,5000000,15300,user_4,0,0,
45,5,0,0,validator_7,100,0,0
5,6,5000000,0,user_12,0,0,
25,7,4200000,0,user_32,0,0,
20,8,3200000,128000,user_25,0,0,
46,9,0,0,validator_7,100,0,20
8,10,3200000,0,user_15,0,0,
11,11,2400000,285000,user_17,0,0,
47,12,0,0,validator_7,100,0,11
27,13,2000000,0,user_32,0,0,
36,14,2000000,0,user_41,0,0,
48,15,0,0,validator_7,100,0,18
18,16,1100000,594000,user_25,0,0,
43,17,1600000,0,user_49,0,0,
21,18,1500000,0,user_26,0,0,
6,19,1400000,15700,user_13,0,0,
49,20,0,0,validator_7,100,0,6
24,21,1300000,0,user_31,0,0,
2,22,1100000,0,user_6,0,0,
12,23,1100000,0,user_19,0,0,
16,24,650000,0,user_25,0,0,
40,25,530000,0,user_46,0,0,
34,26,370000,0,user_39,0,0,
37,27,260000,0,user_43,0,0,
39,28,220000,0,user_44,0,0,
42,29,220000,0,user_48,0,0,
26,30,79000,108000,user_32,0,0,
50,31,0,0,validator_7,100,0,26
35,32,150000,16400,user_40,0,0,
51,33,0,0,validator_7,100,0,35
41,34,130000,0,user_47,0,0,
1,35,120000,0,user_6,0,0,
3,36,120000,0,user_7,0,0,
31,37,120000,0,user_37,0,0,
17,38,100000,0,user_25,0,0,
32,39,100000,0,user_38,0,0,
4,40,85000,0,user_10,0,0,
29,41,83000,0,user_36,0,0,
38,42,80000,0,user_44,0,0,
10,43,77000,0,user_17,0,0,
30,44,77000,0,user_37,0,0,
22,45,73000,0,user_28,0,0,
86,0,6300000,0,user_36,1,1,
98,1,5200000,12300,user_47,1,1,
103,2,0,0,validator_5,100,1,98
88,3,5000000,0,user_37,1,1,
58,4,3500000,296000,user_10,1,1,
104,5,0,0,validator_5,100,1,58
95,6,3500000,0,user_44,1,1,
105,7,0,0,validator_5,100,1,79
79,8,2000000,510000,user_26,1,1,
65,9,1500000,0,user_18,1,1,
82,10,1500000,0,user_29,1,1,
83,11,1500000,0,user_29,1,1,
89,12,1500000,0,user_38,1,1,
73,13,1400000,0,user_21,1,1,
69,14,1000000,39400,user_20,1,1,
106,15,0,0,validator_5,100,1,69
68,16,1000000,0,user_20,1,1,
63,17,970000,0,user_15,1,1,
107,18,0,0,validator_5,100,1,54
54,19,260000,410000,user_2,1,1,
53,20,530000,0,user_0,1,1,
97,21,530000,0,user_45,1,1,
92,22,470000,12800,user_40,1,1,
108,23,0,0,validator_5,100,1,92
76,24,460000,0,user_22,1,1,
81,25,460000,0,user_28,1,1,
102,26,460000,0,user_49,1,1,
109,27,0,0,validator_5,100,1,72
72,28,170000,283000,user_21,1,1,
75,29,420000,0,user_21,1,1,
66,30,360000,0,user_20,1,1,
64,31,320000,0,user_17,1,1,
90,32,260000,0,user_38,1,1,
55,33,240000,0,user_4,1,1,
78,34,220000,0,user_23,1,1,
110,35,0,0,validator_5,100,1,67
67,36,73000,139000,user_20,1,1,
111,37,0,0,validator_5,100,1,99
99,38,160000,47700,user_47,1,1,
52,39,190000,0,user_0,1,1,
87,40,160000,0,user_36,1,1,
93,41,160000,0,user_42,1,1,
57,42,150000,0,user_9,1,1,
77,43,150000,0,user_23,1,1,
85,44,150000,0,user_33,1,1,
96,45,150000,0,user_45,1,1,
101,46,120000,0,user_49,1,1,
60,47,100000,0,user_12,1,1,
80,48,80000,13900,user_27,1,1,
112,49,0,0,validator_5,100,1,80
74,50,85000,0,user_21,1,1,
71,51,82000,0,user_21,1,1,
70,52,73000,0,user_20,1,1,
59,53,70000,0,user_11,1,1,
140,0,30000000,0,user_18,2,2,
145,1,5200000,0,user_20,2,2,
164,2,5200000,0,user_39,2,2,
170,3,0,0,validator_1,100,2,132
132,4,4500000,33300,user_12,2,2,
122,5,2100000,283000,user_8,2,2,
171,6,0,0,validator_1,100,2,122
155,7,2100000,0,user_32,2,2,
125,8,2000000,0,user_11,2,2,
169,9,2000000,0,user_47,2,2,
172,10,0,0,validator_1,100,2,135
135,11,1900000,31700,user_13,2,2,
156,12,1900000,0,user_32,2,2,
114,13,1800000,84800,user_1,2,2,
173,14,0,0,validator_1,100,2,114
141,15,1400000,350000,user_19,2,2,
174,16,0,0,validator_1,100,2,141
126,17,1500000,0,user_11,2,2,
153,18,1400000,0,user_28,2,2,
162,19,1400000,0,user_36,2,2,
144,20,1100000,0,user_20,2,2,
175,21,0,0,validator_1,100,2,148
148,22,1000000,17000,user_24,2,2,
121,23,1000000,0,user_7,2,2,
166,24,1000000,0,user_42,2,2,
176,25,0,0,validator_1,100,2,167
167,26,910000,73100,user_43,2,2,
177,27,0,0,validator_1,100,2,165
165,28,420000,510000,user_40,2,2,
150,29,660000,0,user_25,2,2,
163,30,660000,0,user_38,2,2,
130,31,600000,0,user_12,2,2,
160,32,530000,67500,user_36,2,2,
178,33,0,0,validator_1,100,2,160
127,34,460000,0,user_11,2,2,
159,35,350000,3130,user_36,2,2,
179,36,0,0,validator_1,100,2,159
124,37,340000,0,user_10,2,2,
149,38,320000,0,user_24,2,2,
143,39,300000,0,user_19,2,2,
180,40,0,0,validator_1,100,2,128
128,41,82000,195000,user_11,2,2,
181,42,0,0,validator_1,100,2,146
146,43,260000,16400,user_21,2,2,
131,44,260000,0,user_12,2,2,
113,45,220000,0,user_0,2,2,
161,46,220000,0,user_36,2,2,
139,47,150000,67900,user_18,2,2,
182,48,0,0,validator_1,100,2,139
137,49,170000,0,user_16,2,2,
142,50,170000,0,user_19,2,2,
183,51,0,0,validator_1,100,2,133
133,52,83000,64600,user_12,2,2,
118,53,130000,0,user_4,2,2,
119,54,120000,0,user_5,2,2,
151,55,100000,0,user_25,2,2,
154,56,100000,0,user_31,2,2,
123,57,87000,0,user_9,2,2,
152,58,79000,5640,user_27,2,2,
184,59,0,0,validator_1,100,2,152
134,60,83000,0,user_12,2,2,
157,61,82000,0,user_34,2,2,
129,62,70000,0,user_11,2,2,
192,0,27000000,0,user_8,3,3,
233,1,6100000,0,user_47,3,3,
219,2,5200000,0,user_34,3,3,
193,3,4500000,0,user_9,3,3,
194,4,3600000,0,user_10,3,3,
189,5,3200000,0,user_5,3,3,
216,6,2500000,0,user_33,3,3,
226,7,2500000,0,user_39,3,3,
235,8,0,0,validator_1,100,3,231
231,9,2300000,33300,user_45,3,3,
195,10,2300000,0,user_11,3,3,
234,11,2100000,60700,user_49,3,3,
236,12,0,0,validator_1,100,3,234
229,13,1900000,0,user_41,3,3,
209,14,1800000,0,user_20,3,3,
237,15,0,0,validator_1,100,3,198
198,16,1500000,256000,user_13,3,3,
204,17,1700000,0,user_16,3,3,
188,18,1600000,0,user_5,3,3,
227,19,1300000,0,user_40,3,3,
202,20,1000000,11200,user_15,3,3,
238,21,0,0,validator_1,100,3,202
200,22,1000000,0,user_15,3,3,
203,23,1000000,0,user_15,3,3,
239,24,0,0,validator_1,100,3,197
197,25,630000,161000,user_13,3,3,
213,26,630000,0,user_27,3,3,
207,27,530000,0,user_19,3,3,
218,28,460000,0,user_34,3,3,
228,29,420000,0,user_40,3,3,
211,30,350000,0,user_25,3,3,
191,31,320000,0,user_8,3,3,
196,32,310000,0,user_12,3,3,
217,33,260000,0,user_33,3,3,
232,34,220000,0,user_46,3,3,
240,35,0,0,validator_1,100,3,190
190,36,190000,19700,user_5,3,3,
205,37,170000,0,user_18,3,3,
212,38,170000,0,user_27,3,3,
206,39,160000,0,user_18,3,3,
230,40,120000,32900,user_42,3,3,
241,41,0,0,validator_1,100,3,230
201,42,150000,0,user_15,3,3,
185,43,120000,0,user_0,3,3,
210,44,120000,0,user_25,3,3,
214,45,120000,0,user_30,3,3,
187,46,98000,0,user_5,3,3,
208,47,77000,12800,user_20,3,3,
242,48,0,0,validator_1,100,3,208
215,49,87000,0,user_31,3,3,
265,0,43000000,0,user_24,4,4,
274,1,43000000,0,user_33,4,4,
244,2,27000000,12300,user_2,4,4,
297,3,0,0,validator_11,100,4,244
276,4,27000000,0,user_36,4,4,
251,5,19000000,36800,user_11,4,4,
298,6,0,0,validator_11,100,4,251
245,7,2000000,4320000,user_3,4,4,
299,8,0,0,validator_11,100,4,245
269,9,3200000,0,user_27,4,4,
300,10,0,0,validator_11,100,4,255
255,11,2600000,17000,user_12,4,4,
301,12,0,0,validator_11,100,4,293
293,13,2500000,8520,user_47,4,4,
268,14,2500000,0,user_26,4,4,
266,15,2100000,0,user_25,4,4,
243,16,2000000,0,user_2,4,4,
267,17,1800000,0,user_25,4,4,
275,18,1800000,0,user_35,4,4,
278,19,1600000,0,user_38,4,4,
296,20,1600000,0,user_49,4,4,
286,21,1500000,0,user_45,4,4,
287,22,1100000,0,user_45,4,4,
253,23,670000,381000,user_12,4,4,
302,24,0,0,validator_11,100,4,253
272,25,870000,0,user_31,4,4,
303,26,0,0,validator_11,100,4,252
252,27,670000,164000,user_12,4,4,
292,28,650000,0,user_46,4,4,
248,29,600000,0,user_8,4,4,
264,30,460000,0,user_23,4,4,
277,31,320000,0,user_37,4,4,
281,32,320000,0,user_41,4,4,
290,33,320000,0,user_46,4,4,
254,34,300000,0,user_12,4,4,
258,35,300000,0,user_15,4,4,
289,36,190000,108000,user_45,4,4,
304,37,0,0,validator_11,100,4,289
305,38,0,0,validator_11,100,4,271
271,39,120000,155000,user_30,4,4,
262,40,240000,0,user_22,4,4,
285,41,220000,0,user_45,4,4,
284,42,190000,0,user_44,4,4,
295,43,160000,0,user_48,4,4,
246,44,150000,0,user_4,4,4,
260,45,150000,0,user_16,4,4,
294,46,120000,15100,user_48,4,4,
306,47,0,0,validator_11,100,4,294
283,48,120000,0,user_43,4,4,
263,49,110000,0,user_22,4,4,
270,50,100000,0,user_28,4,4,
257,51,80000,12300,user_14,4,4,
307,52,0,0,validator_11,100,4,257
291,53,87000,0,user_46,4,4,
259,54,77000,0,user_15,4,4,
273,55,73000,0,user_32,4,4,
279,56,73000,0,user_39,4,4,
288,57,73000,0,user_45,4,4,
282,58,70000,0,user_42,4,4,
341,0,5000000,0,user_33,5,5,
346,1,5000000,12800,user_43,5,5,
325,2,4500000,0,user_16,5,5,
342,3,4500000,769000,user_34,5,5,
330,4,2600000,0,user_20,5,5,
351,5,2600000,0,user_46,5,5,
309,6,2300000,0,user_1,5,5,
349,7,2000000,0,user_46,5,5,
347,8,1600000,0,user_44,5,5,
353,9,1600000,322000,user_49,5,5,
326,10,1200000,0,user_17,5,5,
308,11,910000,0,user_0,5,5,
316,12,660000,43600,user_6,5,5,
319,13,460000,0,user_10,5,5,
345,14,460000,0,user_39,5,5,
323,15,420000,7190000,user_12,5,5,
334,16,370000,0,user_24,5,5,
324,17,360000,0,user_13,5,5,
331,18,360000,0,user_20,5,5,
352,19,360000,161000,user_48,5,5,
337,20,340000,60700,user_27,5,5,
311,21,310001,0,user_2,5,5,310
312,22,310001,0,user_2,5,5,310
313,23,310001,0,user_2,5,5,310
310,24,310000,12800,user_2,5,5,
314,25,260000,60700,user_4,5,5,
340,26,220000,0,user_32,5,5,
317,27,170000,0,user_6,5,5,
336,28,150000,42000,user_26,5,5,
348,29,130000,0,user_45,5,5,
350,30,120000,0,user_46,5,5,
320,31,110000,73100,user_11,5,5,
327,32,110000,0,user_18,5,5,
321,33,77000,0,user_11,5,5,
322,34,77000,510000,user_12,5,5,
362,0,43000000,0,user_10,6,6,
394,1,30000000,0,user_41,6,6,
375,2,5000000,0,user_21,6,6,
399,3,4200000,0,user_42,6,6,
380,4,3600000,0,user_28,6,6,
364,5,3500000,0,user_11,6,6,
409,6,2600000,0,user_47,6,6,
412,7,0,0,validator_5,100,6,377
377,8,2500000,16400,user_25,6,6,
398,9,2500000,5630,user_42,6,6,
413,10,0,0,validator_5,100,6,398
372,11,2500000,0,user_18,6,6,
391,12,2300000,0,user_40,6,6,
414,13,0,0,validator_5,100,6,403
403,14,2000000,256000,user_45,6,6,
415,15,0,0,validator_5,100,6,392
392,16,2000000,215000,user_40,6,6,
416,17,0,0,validator_5,100,6,408
408,18,1600000,39400,user_46,6,6,
395,19,1600000,0,user_41,6,6,
404,20,1600000,0,user_45,6,6,
354,21,1500000,0,user_0,6,6,
355,22,1500000,0,user_1,6,6,
368,23,1500000,0,user_16,6,6,
357,24,1400000,0,user_3,6,6,
356,25,1100000,0,user_3,6,6,
393,26,650000,410000,user_41,6,6,
417,27,0,0,validator_5,100,6,393
402,28,1000000,0,user_44,6,6,
386,29,970000,0,user_35,6,6,
396,30,970000,0,user_41,6,6,
407,31,630000,0,user_45,6,6,
411,32,420000,0,user_49,6,6,
389,33,120000,285000,user_38,6,6,
418,34,0,0,validator_5,100,6,389
358,35,370000,0,user_4,6,6,
363,36,370000,0,user_11,6,6,
371,37,350000,0,user_17,6,6,
359,38,310000,0,user_6,6,6,
387,39,310000,0,user_36,6,6,
397,40,310000,0,user_41,6,6,
419,41,0,0,validator_5,100,6,369
369,42,150000,15100,user_16,6,6,
373,43,150000,13800,user_19,6,6,
420,44,0,0,validator_5,100,6,373
365,45,160000,0,user_12,6,6,
405,46,160000,0,user_45,6,6,
374,47,150000,0,user_20,6,6,
379,48,150000,0,user_26,6,6,
383,49,150000,0,user_31,6,6,
370,50,120000,0,user_16,6,6,
378,51,120000,0,user_26,6,6,
376,52,98000,0,user_22,6,6,
381,53,98000,0,user_29,6,6,
406,54,85000,0,user_45,6,6,
388,55,73000,0,user_37,6,6,
468,0,43000000,16400,user_43,7,7,
445,1,30000000,0,user_20,7,7,
462,2,30000000,0,user_37,7,7,
426,3,27000000,0,user_5,7,7,
428,4,5000000,0,user_6,7,7,
450,5,5000000,0,user_23,7,7,
471,6,5000000,959000,user_46,7,7,
422,7,3500000,0,user_1,7,7,
444,8,2000000,11200,user_19,7,7,
433,9,1900000,5180,user_11,7,7,
456,10,1900000,0,user_28,7,7,
464,11,1600000,0,user_38,7,7,
448,12,1500000,0,user_23,7,7,
459,13,1500000,0,user_33,7,7,
472,14,1500000,0,user_47,7,7,
429,15,970000,0,user_7,7,7,
441,16,910000,0,user_17,7,7,
430,17,870000,0,user_8,7,7,
427,18,650000,0,user_6,7,7,
469,19,630000,0,user_44,7,7,
423,20,600000,0,user_3,7,7,
453,21,600000,6390,user_26,7,7,
437,22,460000,0,user_13,7,7,
451,23,460000,0,user_23,7,7,
460,24,420000,0,user_34,7,7,
461,25,370000,0,user_35,7,7,
440,26,340000,0,user_16,7,7,
447,27,260000,0,user_23,7,7,
463,28,260000,0,user_38,7,7,
465,29,260000,0,user_38,7,7,
470,30,260000,0,user_45,7,7,
432,31,220000,0,user_9,7,7,
446,32,170000,0,user_22,7,7,
467,33,170000,0,user_43,7,7,
457,34,160000,0,user_30,7,7,
466,35,160000,0,user_40,7,7,
431,36,110000,0,user_8,7,7,
442,37,110000,0,user_18,7,7,
443,38,110000,0,user_19,7,7,
438,39,83000,68100,user_14,7,7,
449,40,73000,0,user_23,7,7,
512,0,3500000,0,user_42,8,8,
511,1,2400000,0,user_41,8,8,
488,2,2300000,0,user_7,8,8,
493,3,2300000,0,user_20,8,8,
524,4,2100000,0,user_48,8,8,
509,5,2000000,0,user_38,8,8,
510,6,2000000,24700,user_40,8,8,
517,7,2000000,0,user_44,8,8,
483,8,1700000,12800,user_4,8,8,
489,9,1600000,0,user_7,8,8,
520,10,1600000,0,user_46,8,8,
478,11,1500000,0,user_3,8,8,
487,12,1500000,7840,user_7,8,8,
519,13,1500000,0,user_45,8,8,
474,14,1400000,0,user_0,8,8,
481,15,1400000,0,user_3,8,8,
498,16,1400000,35100,user_29,8,8,
494,17,1100000,0,user_22,8,8,
500,18,1000000,0,user_29,8,8,
504,19,1000000,0,user_31,8,8,
523,20,1000000,0,user_48,8,8,
499,21,660000,0,user_29,8,8,
513,22,470000,0,user_43,8,8,
486,23,460000,0,user_7,8,8,
490,24,460000,0,user_8,8,8,
515,25,320000,0,user_44,8,8,
508,26,310000,0,user_36,8,8,
492,27,300000,0,user_17,8,8,
507,28,300000,0,user_36,8,8,
506,29,240000,0,user_34,8,8,
480,30,220000,0,user_3,8,8,
477,31,190000,0,user_3,8,8,
521,32,190000,0,user_47,8,8,
522,33,160000,0,user_48,8,8,
525,34,160000,0,user_48,8,8,
475,35,150000,0,user_1,8,8,
514,36,150000,0,user_44,8,8,
516,37,130000,0,user_44,8,8,
482,38,120000,43600,user_4,8,8,
503,39,120000,0,user_31,8,8,
479,40,110000,0,user_3,8,8,
505,41,100000,0,user_33,8,8,
485,42,87000,0,user_6,8,8,
518,43,80000,0,user_44,8,8,
496,44,77000,0,user_26,8,8,
577,0,43000000,0,user_49,9,9,
533,1,27000000,0,user_8,9,9,
567,2,320000,7190000,user_40,9,9,
580,3,0,0,validator_0,100,9,567
546,4,6300000,0,user_24,9,9,
531,5,5000000,0,user_6,9,9,
542,6,5000000,0,user_19,9,9,
545,7,2500000,0,user_22,9,9,
538,8,2400000,0,user_16,9,9,
536,9,2000000,0,user_13,9,9,
534,10,1600000,75000,user_9,9,9,
581,11,0,0,validator_0,100,9,534
556,12,1600000,0,user_29,9,9,
576,13,1500000,0,user_49,9,9,
582,14,0,0,validator_0,100,9,552
552,15,1400000,31700,user_27,9,9,
544,16,1400000,0,user_20,9,9,
579,17,1400000,0,user_49,9,9,
543,18,1100000,0,user_19,9,9,
560,19,1100000,0,user_32,9,9,
575,20,1100000,0,user_49,9,9,
547,21,1000000,0,user_24,9,9,
557,22,1000000,0,user_29,9,9,
528,23,870000,0,user_3,9,9,
555,24,670000,0,user_27,9,9,
539,25,630000,0,user_16,9,9,
553,26,630000,0,user_27,9,9,
583,27,0,0,validator_0,100,9,571
571,28,130000,410000,user_43,9,9,
563,29,470000,0,user_37,9,9,
541,30,420000,0,user_18,9,9,
535,31,360000,0,user_12,9,9,
526,32,120000,195000,user_0,9,9,
584,33,0,0,validator_0,100,9,526
573,34,260000,0,user_47,9,9,
540,35,220000,0,user_17,9,9,
559,36,220000,0,user_31,9,9,
532,37,160000,0,user_7,9,9,
578,38,160000,0,user_49,9,9,
527,39,119999,0,user_2,9,9,526
537,40,110000,0,user_15,9,9,
585,41,0,0,validator_0,100,9,570
570,42,70000,15300,user_42,9,9,
574,43,84000,0,user_48,9,9,
554,44,82000,0,user_27,9,9,
551,45,79000,0,user_27,9,9,
595,0,27000000,0,user_6,10,10,
619,1,5200000,0,user_24,10,10,
641,2,5000000,0,user_48,10,10,
644,3,0,0,validator_4,100,10,614
614,4,4500000,71800,user_19,10,10,
635,5,4500000,0,user_40,10,10,
608,6,3600000,350000,user_16,10,10,
645,7,0,0,validator_4,100,10,608
628,8,2600000,0,user_33,10,10,
639,9,2600000,0,user_46,10,10,
607,10,2300000,13900,user_14,10,10,
646,11,0,0,validator_4,100,10,607
609,12,2100000,0,user_16,10,10,
616,13,2000000,0,user_20,10,10,
623,14,2000000,0,user_27,10,10,
647,15,0,0,validator_4,100,10,638
638,16,1800000,128000,user_42,10,10,
629,17,1800000,0,user_34,10,10,
637,18,1600000,0,user_42,10,10,
640,19,1600000,0,user_47,10,10,
594,20,1500000,0,user_5,10,10,
601,21,1500000,0,user_9,10,10,
602,22,1400000,0,user_10,10,10,
596,23,1200000,0,user_6,10,10,
612,24,1200000,0,user_16,10,10,
621,25,1100000,0,user_25,10,10,
617,26,1000000,33100,user_22,10,10,
648,27,0,0,validator_4,100,10,617
630,28,190000,510000,user_35,10,10,
649,29,0,0,validator_4,100,10,630
626,30,660000,8520,user_29,10,10,
650,31,0,0,validator_4,100,10,626
586,32,650000,10700,user_0,10,10,
651,33,0,0,validator_4,100,10,586
587,34,649999,0,user_1,10,10,586
618,35,470000,0,user_23,10,10,
642,36,470000,0,user_48,10,10,
634,37,460000,0,user_40,10,10,
633,38,350000,0,user_39,10,10,
603,39,340000,0,user_10,10,10,
613,40,340000,0,user_18,10,10,
593,41,300000,0,user_4,10,10,
606,42,220000,0,user_14,10,10,
620,43,220000,0,user_24,10,10,
624,44,220000,0,user_27,10,10,
611,45,190000,0,user_16,10,10,
610,46,170000,0,user_16,10,10,
615,47,170000,0,user_19,10,10,
627,48,170000,0,user_30,10,10,
632,49,170000,0,user_37,10,10,
598,50,100000,68100,user_6,10,10,
652,51,0,0,validator_4,100,10,598
631,52,150000,5180,user_36,10,10,
653,53,0,0,validator_4,100,10,631
597,54,150000,0,user_6,10,10,
636,55,150000,0,user_41,10,10,
622,56,120000,0,user_26,10,10,
643,57,98000,0,user_49,10,10,
600,58,80000,0,user_8,10,10,
701,0,30000000,0,user_48,11,11,
697,1,6100000,0,user_44,11,11,
689,2,5000000,0,user_33,11,11,
684,3,4200000,0,user_30,11,11,
672,4,3600000,0,user_15,11,11,
690,5,3200000,0,user_33,11,11,
673,6,2500000,0,user_15,11,11,
662,7,2400000,0,user_9,11,11,
691,8,2400000,0,user_33,11,11,
698,9,2100000,0,user_45,11,11,
669,10,1900000,0,user_12,11,11,
695,11,1900000,0,user_42,11,11,
694,12,1800000,0,user_41,11,11,
658,13,1600000,0,user_6,11,11,
699,14,1500000,0,user_46,11,11,
654,15,1100000,8520,user_0,11,11,
655,16,1099999,0,user_1,11,11,654
666,17,970000,0,user_10,11,11,
674,18,970000,0,user_15,11,11,
696,19,650000,0,user_42,11,11,
659,20,630000,0,user_7,11,11,
668,21,470000,12800,user_11,11,11,
671,22,470000,0,user_14,11,11,
692,23,470000,18600,user_37,11,11,
687,24,360000,0,user_33,11,11,
656,25,310000,121000,user_4,11,11,
681,26,260000,0,user_26,11,11,
675,27,240000,195000,user_15,11,11,
665,28,220000,0,user_10,11,11,
670,29,220000,0,user_12,11,11,
676,30,220000,0,user_16,11,11,
682,31,220000,0,user_28,11,11,
688,32,220000,0,user_33,11,11,
667,33,160000,0,user_10,11,11,
664,34,150000,0,user_10,11,11,
685,35,120000,0,user_30,11,11,
677,36,110000,0,user_17,11,11,
680,37,100000,0,user_24,11,11,
693,38,85000,100000,user_40,11,11,
663,39,82000,369000,user_10,11,11,
702,40,80000,0,user_49,11,11,
724,0,30000000,0,user_16,12,12,
715,1,27000000,0,user_8,12,12,
731,2,27000000,0,user_28,12,12,
769,3,0,0,validator_9,100,12,704
704,4,260000,7190000,user_2,12,12,
757,5,5000000,0,user_43,12,12,
739,6,2600000,0,user_35,12,12,
713,7,2400000,0,user_8,12,12,
750,8,2400000,0,user_39,12,12,
711,9,2300000,0,user_6,12,12,
738,10,2300000,0,user_34,12,12,
762,11,2300000,0,user_47,12,12,
708,12,2100000,0,user_3,12,12,
748,13,1800000,0,user_38,12,12,
752,14,1700000,0,user_40,12,12,
770,15,0,0,validator_9,100,12,710
710,16,1400000,181000,user_6,12,12,
735,17,1500000,0,user_30,12,12,
723,18,1400000,0,user_16,12,12,
771,19,0,0,validator_9,100,12,758
758,20,1000000,322000,user_43,12,12,
768,21,1000000,0,user_49,12,12,
720,22,870000,0,user_14,12,12,
772,23,0,0,validator_9,100,12,733
733,24,600000,68100,user_29,12,12,
740,25,650000,0,user_36,12,12,
726,26,600000,0,user_18,12,12,
753,27,470000,0,user_40,12,12,
755,28,470000,0,user_41,12,12,
732,29,360000,68100,user_28,12,12,
773,30,0,0,validator_9,100,12,732
714,31,300000,108000,user_8,12,12,
774,32,0,0,validator_9,100,12,714
754,33,340000,0,user_40,12,12,
759,34,340000,0,user_43,12,12,
756,35,310000,18600,user_43,12,12,
775,36,0,0,validator_9,100,12,756
751,37,300000,0,user_40,12,12,
705,38,260001,0,user_2,12,12,704
706,39,260001,0,user_2,12,12,704
745,40,260000,0,user_38,12,12,
707,41,259999,0,user_2,12,12,704
746,42,240000,0,user_38,12,12,
749,43,240000,0,user_38,12,12,
763,44,240000,0,user_47,12,12,
727,45,120000,75000,user_21,12,12,
776,46,0,0,validator_9,100,12,727
761,47,170000,0,user_45,12,12,
764,48,170000,0,user_47,12,12,
736,49,150000,17000,user_31,12,12,
777,50,0,0,validator_9,100,12,736
718,51,160000,0,user_12,12,12,
717,52,150000,0,user_10,12,12,
712,53,130000,0,user_8,12,12,
747,54,130000,0,user_38,12,12,
765,55,100000,0,user_47,12,12,
721,56,98000,0,user_14,12,12,
734,57,83000,0,user_29,12,12,
719,58,82000,0,user_13,12,12,
800,0,43000000,0,user_22,13,13,
796,1,6100000,0,user_20,13,13,
778,2,5000000,0,user_0,13,13,
787,3,5000000,19700,user_10,13,13,
821,4,4200000,0,user_48,13,13,
806,5,2600000,0,user_29,13,13,
810,6,2300000,0,user_34,13,13,
799,7,2000000,1100000,user_22,13,13,
811,8,1900000,0,user_35,13,13,
807,9,1700000,66100,user_32,13,13,
779,10,1300000,66100,user_2,13,13,
780,11,1299999,0,user_2,13,13,779
781,12,1299999,0,user_2,13,13,779
809,13,1100000,0,user_34,13,13,
798,14,670000,369000,user_22,13,13,
823,15,660000,3130,user_49,13,13,
782,16,470000,0,user_5,13,13,
793,17,350000,0,user_16,13,13,
791,18,260000,381000,user_14,13,13,
784,19,170000,0,user_6,13,13,
785,20,170000,0,user_7,13,13,
786,21,160000,128000,user_9,13,13,
794,22,130000,0,user_19,13,13,
795,23,120000,0,user_19,13,13,
801,24,120000,0,user_22,13,13,
822,25,120000,16400,user_48,13,13,
802,26,110000,128000,user_23,13,13,
805,27,110000,16400,user_27,13,13,
815,28,98000,545000,user_43,13,13,
789,29,87000,0,user_13,13,13,
790,30,87000,0,user_14,13,13,
797,31,84000,0,user_21,13,13,
792,32,83000,0,user_14,13,13,
783,33,80000,0,user_5,13,13,
804,34,73000,0,user_25,13,13,
825,0,5000000,0,user_2,14,14,
879,1,4500000,0,user_47,14,14,
832,2,4200000,0,user_9,14,14,
837,3,4200000,0,user_15,14,14,
843,4,3500000,0,user_20,14,14,
828,5,2600000,0,user_5,14,14,
856,6,2300000,0,user_29,14,14,
875,7,2300000,0,user_43,14,14,
831,8,1600000,39400,user_7,14,14,
881,9,0,0,validator_0,100,14,831
839,10,1600000,0,user_18,14,14,
858,11,1400000,128000,user_33,14,14,
882,12,0,0,validator_0,100,14,858
854,13,1500000,0,user_27,14,14,
841,14,220000,1100000,user_19,14,14,
883,15,0,0,validator_0,100,14,841
842,16,1200000,0,user_19,14,14,
857,17,1100000,0,user_32,14,14,
826,18,660000,0,user_3,14,14,
873,19,660000,0,user_42,14,14,
834,20,470000,0,user_11,14,14,
830,21,320000,0,user_6,14,14,
867,22,320000,0,user_38,14,14,
853,23,310000,0,user_27,14,14,
860,24,300000,0,user_35,14,14,
835,25,260000,0,user_13,14,14,
852,26,260000,0,user_27,14,14,
871,27,220000,0,user_40,14,14,
884,28,0,0,validator_0,100,14,840
840,29,120000,67500,user_18,14,14,
850,30,160000,0,user_27,14,14,
866,31,160000,0,user_37,14,14,
868,32,160000,0,user_38,14,14,
829,33,150000,0,user_5,14,14,
885,34,0,0,validator_0,100,14,880
880,35,79000,33300,user_48,14,14,
874,36,73000,32900,user_43,14,14,
886,37,0,0,validator_0,100,14,874
851,38,80000,5180,user_27,14,14,
887,39,0,0,validator_0,100,14,851
838,40,79000,0,user_17,14,14,
846,41,79000,0,user_24,14,14,
845,42,77000,0,user_23,14,14,
847,43,77000,0,user_24,14,14,
836,44,73000,0,user_13,14,14,
928,0,6300000,0,user_38,15,15,
910,1,3200000,67500,user_16,15,15,
908,2,2400000,0,user_14,15,15,
922,3,2000000,0,user_34,15,15,
923,4,2000000,0,user_34,15,15,
926,5,1900000,0,user_36,15,15,
916,6,1800000,0,user_23,15,15,
925,7,1800000,0,user_34,15,15,
900,8,1500000,0,user_6,15,15,
907,9,1000000,0,user_14,15,15,
905,10,910000,0,user_9,15,15,
924,11,670000,0,user_34,15,15,
936,12,670000,0,user_49,15,15,
906,13,630000,0,user_13,15,15,
901,14,460000,0,user_6,15,15,
913,15,420000,0,user_19,15,15,
897,16,370000,0,user_3,15,15,
898,17,350000,0,user_4,15,15,
902,18,340000,0,user_7,15,15,
903,19,320000,0,user_8,15,15,
896,20,310000,0,user_3,15,15,
888,21,260000,0,user_0,15,15,
911,22,220000,0,user_17,15,15,
927,23,190000,0,user_37,15,15,
920,24,160000,68100,user_32,15,15,
915,25,150000,0,user_22,15,15,
929,26,130000,0,user_39,15,15,
909,27,120000,0,user_15,15,15,
914,28,120000,0,user_21,15,15,
921,29,120000,0,user_32,15,15,
904,30,110000,0,user_8,15,15,
891,31,85001,0,user_1,15,15,889
892,32,85001,0,user_1,15,15,889
893,33,85001,0,user_1,15,15,889
894,34,85001,0,user_2,15,15,889
895,35,85001,0,user_2,15,15,889
889,36,85000,8520,user_1,15,15,
890,37,84999,0,user_1,15,15,889
919,38,84000,155000,user_28,15,15,
899,39,80000,0,user_4,15,15,
918,40,79000,0,user_26,15,15,
994,0,6100000,0,user_47,16,16,
938,1,4200000,0,user_2,16,16,
949,2,4200000,0,user_10,16,16,
944,3,3600000,0,user_8,16,16,
995,4,3200000,0,user_49,16,16,
958,5,2600000,0,user_18,16,16,
955,6,2500000,0,user_15,16,16,
946,7,2000000,0,user_8,16,16,
956,8,2000000,71800,user_16,16,16,
948,9,1800000,0,user_9,16,16,
953,10,1500000,0,user_14,16,16,
945,11,1400000,0,user_8,16,16,
982,12,1100000,15700,user_36,16,16,
943,13,1000000,0,user_8,16,16,
969,14,970000,0,user_28,16,16,
993,15,420000,0,user_47,16,16,
970,16,370000,68100,user_29,16,16,
962,17,360000,0,user_22,16,16,
963,18,360000,0,user_25,16,16,
968,19,360000,195000,user_28,16,16,
941,20,350000,545000,user_5,16,16,
965,21,350000,0,user_27,16,16,
967,22,350000,0,user_27,16,16,
959,23,340000,0,user_19,16,16,
951,24,310000,0,user_11,16,16,
957,25,310000,510000,user_17,16,16,
939,26,260000,0,user_2,16,16,
947,27,260000,0,user_9,16,16,
960,28,260000,0,user_20,16,16,
971,29,260000,0,user_29,16,16,
987,30,260000,0,user_42,16,16,
964,31,220000,0,user_27,16,16,
983,32,170000,0,user_37,16,16,
986,33,170000,0,user_41,16,16,
952,34,160000,0,user_11,16,16,
950,35,150000,0,user_10,16,16,
966,36,120000,71800,user_27,16,16,
988,37,120000,0,user_43,16,16,
985,38,98000,0,user_41,16,16,
961,39,87000,0,user_20,16,16,
992,40,84000,0,user_46,16,16,
984,41,82000,0,user_38,16,16,
940,42,80000,0,user_4,16,16,
954,43,80000,0,user_15,16,16,
942,44,79000,0,user_6,16,16,
1044,0,43000000,0,user_39,17,17,
1035,1,30000000,0,user_29,17,17,
1001,2,6300000,0,user_3,17,17,
1003,3,6300000,0,user_4,17,17,
1051,4,5200000,0,user_47,17,17,
1053,5,0,0,validator_8,100,17,1008
1008,6,5000000,7840,user_8,17,17,
1050,7,4500000,0,user_42,17,17,
1054,8,0,0,validator_8,100,17,1045
1045,9,2600000,231000,user_39,17,17,
1055,10,0,0,validator_8,100,17,1025
1025,11,2600000,24700,user_20,17,17,
1018,12,2600000,0,user_18,17,17,
1048,13,2500000,0,user_41,17,17,
1002,14,2400000,0,user_4,17,17,
1056,15,0,0,validator_8,100,17,1037
1037,16,2000000,283000,user_31,17,17,
1026,17,1900000,0,user_20,17,17,
1038,18,1900000,0,user_32,17,17,
1057,19,0,0,validator_8,100,17,1007
1007,20,1800000,3130,user_7,17,17,
1027,21,1500000,231000,user_21,17,17,
1058,22,0,0,validator_8,100,17,1027
1011,23,1500000,0,user_9,17,17,
1032,24,1500000,0,user_28,17,17,
1052,25,1300000,0,user_48,17,17,
999,26,1100000,0,user_1,17,17,
1019,27,1000000,0,user_18,17,17,
1016,28,870000,0,user_15,17,17,
1039,29,870000,0,user_32,17,17,
1047,30,870000,0,user_40,17,17,
1059,31,0,0,validator_8,100,17,1010
1010,32,530000,181000,user_8,17,17,
1029,33,650000,0,user_25,17,17,
1005,34,630000,0,user_7,17,17,
1060,35,0,0,validator_8,100,17,1046
1046,36,300000,71800,user_40,17,17,
1006,37,370000,0,user_7,17,17,
1049,38,370000,0,user_42,17,17,
1028,39,350000,0,user_23,17,17,
1030,40,350000,0,user_25,17,17,
996,41,340000,0,user_0,17,17,
1036,42,320000,0,user_31,17,17,
1013,43,220000,0,user_11,17,17,
1017,44,220000,0,user_16,17,17,
997,45,190000,0,user_1,17,17,
1034,46,170000,0,user_28,17,17,
1031,47,160000,0,user_27,17,17,
1033,48,160000,0,user_28,17,17,
1061,49,0,0,validator_8,100,17,1009
1009,50,150000,5180,user_8,17,17,
998,51,120000,0,user_1,17,17,
1014,52,110000,0,user_13,17,17,
1015,53,110000,0,user_14,17,17,
1040,54,110000,0,user_35,17,17,
1000,55,77000,0,user_1,17,17,
1067,0,27000000,0,user_6,18,18,
1103,1,27000000,0,user_44,18,18,
1077,2,300000,4320000,user_17,18,18,
1109,3,0,0,validator_7,100,18,1077
1107,4,4500000,0,user_47,18,18,
1062,5,2400000,0,user_0,18,18,
1110,6,0,0,validator_7,100,18,1081
1081,7,2300000,12300,user_19,18,18,
1092,8,2000000,0,user_34,18,18,
1094,9,1800000,0,user_35,18,18,
1084,10,1500000,3130,user_26,18,18,
1111,11,0,0,validator_7,100,18,1084
1087,12,1500000,0,user_28,18,18,
1086,13,310000,959000,user_28,18,18,
1112,14,0,0,validator_7,100,18,1086
1068,15,1100000,0,user_7,18,18,
1096,16,1100000,0,user_37,18,18,
1065,17,970000,0,user_3,18,18,
1082,18,630000,0,user_24,18,18,
1093,19,320000,231000,user_35,18,18,
1113,20,0,0,validator_7,100,18,1093
1099,21,460000,0,user_40,18,18,
1114,22,0,0,validator_7,100,18,1074
1074,23,150000,296000,user_15,18,18,
1098,24,420000,0,user_39,18,18,
1071,25,360000,36800,user_13,18,18,
1115,26,0,0,validator_7,100,18,1071
1091,27,370000,0,user_30,18,18,
1089,28,360000,0,user_28,18,18,
1108,29,360000,0,user_48,18,18,
1083,30,350000,0,user_25,18,18,
1100,31,350000,0,user_40,18,18,
1079,32,320000,0,user_18,18,18,
1105,33,310000,0,user_45,18,18,
1085,34,220000,68100,user_28,18,18,
1116,35,0,0,validator_7,100,18,1085
1066,36,170000,73100,user_5,18,18,
1117,37,0,0,validator_7,100,18,1066
1095,38,170000,0,user_36,18,18,
1069,39,150000,0,user_9,18,18,
1076,40,150000,0,user_17,18,18,
1088,41,150000,0,user_28,18,18,
1097,42,150000,0,user_38,18,18,
1064,43,120000,0,user_2,18,18,
1080,44,120000,0,user_19,18,18,
1078,45,110000,0,user_17,18,18,
1106,46,110000,0,user_46,18,18,
1063,47,98000,0,user_1,18,18,
1102,48,84000,0,user_43,18,18,
1104,49,84000,0,user_44,18,18,
1124,0,30000000,0,user_3,19,19,
1166,1,6300000,510000,user_44,19,19,
1171,2,0,0,validator_5,100,19,1166
1172,3,0,0,validator_5,100,19,1151
1151,4,1500000,4320000,user_24,19,19,
1173,5,0,0,validator_5,100,19,1150
1150,6,5000000,15100,user_23,19,19,
1132,7,4500000,0,user_10,19,19,
1140,8,3200000,73100,user_16,19,19,
1174,9,0,0,validator_5,100,19,1140
1167,10,2600000,0,user_45,19,19,
1142,11,2000000,0,user_18,19,19,
1165,12,2000000,0,user_40,19,19,
1137,13,1600000,0,user_16,19,19,
1126,14,120000,1100000,user_5,19,19,
1175,15,0,0,validator_5,100,19,1126
1148,16,1100000,0,user_21,19,19,
1157,17,1000000,0,user_33,19,19,
1162,18,1000000,0,user_37,19,19,
1118,19,910000,0,user_0,19,19,
1141,20,910000,0,user_18,19,19,
1176,21,0,0,validator_5,100,19,1147
1147,22,110000,779000,user_21,19,19,
1143,23,670000,16400,user_18,19,19,
1177,24,0,0,validator_5,100,19,1143
1139,25,630000,56200,user_16,19,19,
1178,26,0,0,validator_5,100,19,1139
1153,27,630000,0,user_28,19,19,
1159,28,470000,0,user_35,19,19,
1130,29,460000,0,user_9,19,19,
1131,30,340000,75000,user_10,19,19,
1179,31,0,0,validator_5,100,19,1131
1127,32,350000,0,user_6,19,19,
1119,33,120000,215000,user_0,19,19,
1180,34,0,0,validator_5,100,19,1119
1154,35,310000,0,user_29,19,19,
1181,36,0,0,validator_5,100,19,1146
1146,37,120000,68100,user_21,19,19,
1160,38,170000,0,user_36,19,19,
1133,39,160000,0,user_12,19,19,
1182,40,0,0,validator_5,100,19,1149
1149,41,120000,35100,user_22,19,19,
1125,42,150000,0,user_4,19,19,
1144,43,150000,0,user_18,19,19,
1120,44,120001,0,user_0,19,19,1119
1122,45,120001,0,user_0,19,19,1119
1121,46,119999,0,user_0,19,19,1119
1123,47,119999,0,user_2,19,19,1119
1145,48,110000,0,user_18,19,19,
1152,49,110000,0,user_25,19,19,
1168,50,110000,0,user_45,19,19,
1138,51,98000,0,user_16,19,19,
1161,52,77000,0,user_37,19,19,
1196,0,43000000,0,user_14,20,20,
1248,1,0,0,validator_13,100,20,1231
1231,2,160000,17700000,user_36,20,20,
1234,3,6100000,0,user_37,20,20,
1197,4,4200000,0,user_15,20,20,
1224,5,2500000,0,user_31,20,20,
1187,6,2300000,0,user_4,20,20,
1245,7,2100000,0,user_46,20,20,
1225,8,2000000,0,user_32,20,20,
1195,9,1900000,0,user_14,20,20,
1222,10,1700000,0,user_29,20,20,
1208,11,1600000,0,user_21,20,20,
1244,12,1600000,0,user_46,20,20,
1235,13,1500000,75000,user_38,20,20,
1249,14,0,0,validator_13,100,20,1235
1242,15,1400000,71800,user_45,20,20,
1250,16,0,0,validator_13,100,20,1242
1241,17,1400000,0,user_44,20,20,
1251,18,0,0,validator_13,100,20,1185
1185,19,1000000,322000,user_2,20,20,
1252,20,0,0,validator_13,100,20,1226
1226,21,660000,12800,user_33,20,20,
1253,22,0,0,validator_13,100,20,1233
1233,23,650000,17000,user_36,20,20,
1217,24,660000,0,user_25,20,20,
1190,25,650000,0,user_8,20,20,
1189,26,630000,0,user_7,20,20,
1219,27,530000,0,user_27,20,20,
1254,28,0,0,validator_13,100,20,1215
1215,29,240000,285000,user_24,20,20,
1228,30,460000,0,user_35,20,20,
1230,31,460000,0,user_36,20,20,
1192,32,420000,0,user_10,20,20,
1240,33,420000,0,user_43,20,20,
1247,34,420000,0,user_48,20,20,
1194,35,350000,0,user_13,20,20,
1229,36,340000,0,user_36,20,20,
1255,37,0,0,validator_13,100,20,1223
1223,38,300000,16400,user_30,20,20,
1186,39,220000,75000,user_3,20,20,
1256,40,0,0,validator_13,100,20,1186
1246,41,220000,0,user_47,20,20,
1184,42,170000,0,user_1,20,20,
1227,43,170000,0,user_35,20,20,
1238,44,150000,0,user_41,20,20,
1257,45,0,0,validator_13,100,20,1201
1201,46,98000,32900,user_18,20,20,
1206,47,120000,0,user_21,20,20,
1216,48,120000,0,user_25,20,20,
1220,49,120000,0,user_28,20,20,
1200,50,110000,0,user_18,20,20,
1207,51,110000,0,user_21,20,20,
1205,52,70000,35100,user_21,20,20,
1258,53,0,0,validator_13,100,20,1205
1218,54,100000,0,user_26,20,20,
1259,55,0,0,validator_13,100,20,1193
1193,56,73000,16400,user_12,20,20,
1199,57,84000,0,user_18,20,20,
1204,58,84000,0,user_21,20,20,
1221,59,82000,0,user_29,20,20,
1243,60,82000,0,user_46,20,20,
1202,61,73000,0,user_18,20,20,
1232,62,73000,0,user_36,20,20,
1261,0,4500000,0,user_2,21,21,
1276,1,2000000,0,user_27,21,21,
1262,2,1700000,7840,user_3,21,21,
1300,3,0,0,validator_5,100,21,1262
1265,4,1600000,0,user_12,21,21,
1268,5,1600000,0,user_20,21,21,
1266,6,1400000,0,user_15,21,21,
1291,7,1400000,0,user_37,21,21,
1277,8,1100000,0,user_29,21,21,
1299,9,530000,0,user_47,21,21,
1301,10,0,0,validator_5,100,21,1293
1293,11,160000,369000,user_41,21,21,
1287,12,220000,285000,user_36,21,21,
1302,13,0,0,validator_5,100,21,1287
1269,14,470000,0,user_21,21,21,
1272,15,470000,0,user_25,21,21,
1288,16,470000,0,user_36,21,21,
1260,17,420000,0,user_0,21,21,
1274,18,420000,0,user_26,21,21,
1275,19,420000,0,user_26,21,21,
1286,20,360000,0,user_35,21,21,
1282,21,310000,0,user_31,21,21,
1294,22,310000,0,user_42,21,21,
1271,23,300000,0,user_23,21,21,
1263,24,260000,0,user_5,21,21,
1267,25,260000,0,user_18,21,21,
1297,26,220000,0,user_44,21,21,
1298,27,220000,0,user_46,21,21,
1270,28,85000,108000,user_22,21,21,
1303,29,0,0,validator_5,100,21,1270
1290,30,170000,0,user_37,21,21,
1292,31,160000,0,user_37,21,21,
1304,32,0,0,validator_5,100,21,1289
1289,33,110000,10700,user_37,21,21,
1273,34,110000,0,user_26,21,21,
1278,35,110000,0,user_29,21,21,
1305,0,30000000,0,user_0,22,22,
1359,1,30000000,0,user_48,22,22,
1335,2,27000000,121000,user_23,22,22,
1343,3,6300000,0,user_32,22,22,
1308,4,6100000,0,user_3,22,22,
1345,5,5200000,0,user_32,22,22,
1340,6,5000000,0,user_29,22,22,
1360,7,4500000,0,user_48,22,22,
1313,8,4200000,0,user_6,22,22,
1341,9,3500000,0,user_29,22,22,
1346,10,2600000,0,user_32,22,22,
1306,11,2400000,4320000,user_0,22,22,
1307,12,2399999,0,user_0,22,22,1306
1331,13,2100000,0,user_19,22,22,
1338,14,1900000,0,user_25,22,22,
1351,15,1500000,0,user_37,22,22,
1309,16,1400000,0,user_4,22,22,
1319,17,1200000,0,user_9,22,22,
1339,18,910000,0,user_28,22,22,
1311,19,630000,0,user_5,22,22,
1334,20,460000,0,user_23,22,22,
1348,21,460000,0,user_34,22,22,
1349,22,360000,0,user_36,22,22,
1310,23,340000,0,user_5,22,22,
1315,24,320000,128000,user_7,22,22,
1332,25,320000,0,user_19,22,22,
1314,26,310000,0,user_6,22,22,
1350,27,300000,0,user_36,22,22,
1316,28,170000,0,user_8,22,22,
1327,29,170000,0,user_15,22,22,
1328,30,170000,0,user_15,22,22,
1312,31,160000,0,user_6,22,22,
1333,32,160000,0,user_21,22,22,
1355,33,160000,0,user_43,22,22,
1318,34,150000,0,user_8,22,22,
1320,35,150000,0,user_9,22,22,
1317,36,130000,0,user_8,22,22,
1354,37,120000,0,user_43,22,22,
1342,38,87000,15700,user_32,22,22,
1329,39,84000,0,user_17,22,22,
1344,40,77000,56200,user_32,22,22,
1363,0,27000000,381000,user_4,23,23,
1371,1,6300000,283000,user_9,23,23,
1403,2,5200000,0,user_48,23,23,
1395,3,4200000,0,user_39,23,23,
1391,4,2600000,0,user_30,23,23,
1381,5,2500000,0,user_18,23,23,
1396,6,2500000,13900,user_41,23,23,
1394,7,2400000,35600,user_37,23,23,
1364,8,2000000,0,user_4,23,23,
1362,9,1900000,0,user_2,23,23,
1373,10,1800000,0,user_10,23,23,
1401,11,1800000,0,user_46,23,23,
1374,12,1600000,0,user_12,23,23,
1382,13,1500000,0,user_18,23,23,
1377,14,1300000,0,user_16,23,23,
1389,15,1100000,0,user_30,23,23,
1365,16,1000000,15100,user_6,23,23,
1397,17,970000,0,user_42,23,23,
1372,18,870000,0,user_9,23,23,
1375,19,630000,0,user_12,23,23,
1378,20,460000,0,user_18,23,23,
1400,21,460000,0,user_44,23,23,
1398,22,340000,0,user_43,23,23,
1376,23,320000,0,user_15,23,23,
1404,24,320000,0,user_49,23,23,
1366,25,310000,0,user_6,23,23,
1387,26,260000,0,user_26,23,23,
1379,27,240000,0,user_18,23,23,
1361,28,220000,0,user_1,23,23,
1388,29,220000,0,user_28,23,23,
1390,30,170000,0,user_30,23,23,
1392,31,170000,36800,user_32,23,23,
1385,32,160000,5640,user_22,23,23,
1380,33,98000,0,user_18,23,23,
1399,34,98000,0,user_43,23,23,
1367,35,85000,0,user_7,23,23,
1419,0,6300000,0,user_14,24,24,
1442,1,5000000,0,user_43,24,24,
1449,2,4200000,0,user_48,24,24,
1427,3,3500000,15700,user_22,24,24,
1431,4,2600000,0,user_28,24,24,
1421,5,2100000,0,user_16,24,24,
1407,6,1800000,0,user_3,24,24,
1406,7,1600000,39400,user_2,24,24,
1410,8,1600000,15100,user_4,24,24,
1433,9,1600000,161000,user_30,24,24,
1417,10,1100000,0,user_13,24,24,
1425,11,1000000,0,user_21,24,24,
1436,12,1000000,0,user_35,24,24,
1451,13,650000,0,user_48,24,24,
1447,14,420000,0,user_48,24,24,
1408,15,260000,0,user_3,24,24,
1415,16,260000,0,user_10,24,24,
1424,17,260000,0,user_20,24,24,
1439,18,260000,0,user_38,24,24,
1409,19,240000,369000,user_4,24,24,
1448,20,190000,0,user_48,24,24,
1405,21,170000,0,user_0,24,24,
1418,22,170000,0,user_14,24,24,
1429,23,160000,0,user_26,24,24,
1426,24,150000,0,user_21,24,24,
1430,25,150000,0,user_27,24,24,
1450,26,150000,0,user_48,24,24,
1412,27,120000,0,user_6,24,24,
1437,28,120000,0,user_36,24,24,
1438,29,120000,0,user_36,24,24,
1413,30,110000,0,user_6,24,24,
1432,31,110000,410000,user_29,24,24,
1411,32,100000,139000,user_5,24,24,
1423,33,100000,12800,user_19,24,24,
1420,34,87000,0,user_15,24,24,
1440,35,85000,0,user_39,24,24,
1414,36,79000,60700,user_7,24,24,
1480,0,27000000,0,user_24,25,25,
1484,1,27000000,0,user_25,25,25,
1488,2,27000000,0,user_32,25,25,
1493,3,2300000,17700000,user_37,25,25,
1508,4,0,0,validator_7,100,25,1493
1509,5,0,0,validator_7,100,25,1499
1499,6,19000000,56200,user_43,25,25,
1461,7,19000000,0,user_7,25,25,
1504,8,5000000,0,user_47,25,25,
1490,9,4500000,0,user_36,25,25,
1496,10,3600000,0,user_43,25,25,
1456,11,2100000,0,user_3,25,25,
1465,12,2100000,0,user_9,25,25,
1481,13,2000000,0,user_25,25,25,
1482,14,2000000,0,user_25,25,25,
1460,15,1800000,0,user_5,25,25,
1462,16,1800000,0,user_7,25,25,
1494,17,1600000,0,user_39,25,25,
1466,18,1400000,0,user_9,25,25,
1472,19,1100000,0,user_15,25,25,
1502,20,1100000,0,user_45,25,25,
1458,21,1000000,0,user_3,25,25,
1495,22,1000000,0,user_41,25,25,
1510,23,0,0,validator_7,100,25,1453
1453,24,910000,21800,user_1,25,25,
1452,25,910000,0,user_0,25,25,
1459,26,910000,0,user_3,25,25,
1454,27,909999,0,user_2,25,25,1453
1479,28,670000,0,user_24,25,25,
1455,29,660000,0,user_3,25,25,
1483,30,660000,0,user_25,25,25,
1503,31,650000,0,user_46,25,25,
1469,32,600000,19700,user_12,25,25,
1511,33,0,0,validator_7,100,25,1469
1512,34,0,0,validator_7,100,25,1467
1467,35,470000,139000,user_10,25,25,
1464,36,470000,73100,user_8,25,25,
1513,37,0,0,validator_7,100,25,1464
1514,38,0,0,validator_7,100,25,1478
1478,39,460000,47700,user_23,25,25,
1497,40,470000,0,user_43,25,25,
1498,41,460000,0,user_43,25,25,
1506,42,420000,0,user_48,25,25,
1515,43,0,0,validator_7,100,25,1492
1492,44,360000,12300,user_36,25,25,
1505,45,370000,0,user_47,25,25,
1501,46,360000,0,user_44,25,25,
1485,47,310000,0,user_28,25,25,
1487,48,220000,0,user_30,25,25,
1491,49,160000,0,user_36,25,25,
1463,50,150000,0,user_8,25,25,
1470,51,120000,0,user_13,25,25,
1507,52,120000,0,user_49,25,25,
1500,53,110000,0,user_43,25,25,
1474,54,84000,0,user_18,25,25,
1486,55,82000,0,user_28,25,25,
1457,56,79000,0,user_3,25,25,
1525,0,43000000,3130,user_7,26,26,
1565,1,0,0,validator_7,100,26,1525
1566,2,0,0,validator_7,100,26,1524
1524,3,5000000,5640,user_7,26,26,
1545,4,4500000,0,user_28,26,26,
1557,5,4200000,68100,user_43,26,26,
1567,6,0,0,validator_7,100,26,1557
1517,7,4200000,0,user_0,26,26,
1561,8,3600000,0,user_44,26,26,
1528,9,2600000,0,user_9,26,26,
1568,10,0,0,validator_7,100,26,1523
1523,11,2000000,350000,user_7,26,26,
1550,12,2300000,0,user_35,26,26,
1563,13,1800000,0,user_44,26,26,
1539,14,1600000,64600,user_22,26,26,
1569,15,0,0,validator_7,100,26,1539
1535,16,1600000,0,user_19,26,26,
1553,17,1600000,0,user_37,26,26,
1540,18,1500000,0,user_24,26,26,
1552,19,1500000,0,user_36,26,26,
1543,20,1400000,0,user_28,26,26,
1570,21,0,0,validator_7,100,26,1549
1549,22,1100000,231000,user_35,26,26,
1521,23,1100000,0,user_5,26,26,
1551,24,1100000,0,user_36,26,26,
1556,25,970000,0,user_41,26,26,
1571,26,0,0,validator_7,100,26,1526
1526,27,370000,594000,user_7,26,26,
1572,28,0,0,validator_7,100,26,1559
1559,29,630000,283000,user_44,26,26,
1558,30,670000,0,user_43,26,26,
1554,31,460000,0,user_39,26,26,
1564,32,460000,0,user_46,26,26,
1522,33,360000,0,user_7,26,26,
1541,34,350000,0,user_25,26,26,
1527,35,340000,0,user_8,26,26,
1548,36,320000,0,user_34,26,26,
1546,37,310000,0,user_28,26,26,
1538,38,300000,0,user_22,26,26,
1542,39,300000,0,user_28,26,26,
1529,40,260000,0,user_10,26,26,
1530,41,260000,0,user_10,26,26,
1544,42,220000,0,user_28,26,26,
1534,43,160000,0,user_17,26,26,
1560,44,150000,0,user_44,26,26,
1518,45,110000,6390,user_0,26,26,
1573,46,0,0,validator_7,100,26,1518
1562,47,110000,0,user_44,26,26,
1519,48,109999,0,user_1,26,26,1518
1516,49,100000,0,user_0,26,26,
1555,50,82000,0,user_40,26,26,
1520,51,77000,0,user_4,26,26,
1532,52,77000,0,user_15,26,26,
1592,0,6300000,0,user_16,27,27,
1613,1,3200000,30200,user_37,27,27,
1626,2,0,0,validator_0,100,27,1613
1587,3,3200000,0,user_9,27,27,
1601,4,2600000,0,user_27,27,27,
1606,5,2500000,0,user_31,27,27,
1625,6,2400000,0,user_46,27,27,
1585,7,2000000,0,user_8,27,27,
1623,8,2000000,0,user_43,27,27,
1599,9,1900000,0,user_23,27,27,
1619,10,1900000,0,user_42,27,27,
1582,11,1500000,0,user_5,27,27,
1598,12,1300000,181000,user_23,27,27,
1627,13,0,0,validator_0,100,27,1598
1615,14,1400000,33100,user_40,27,27,
1628,15,0,0,validator_0,100,27,1615
1609,16,1400000,0,user_33,27,27,
1597,17,1100000,0,user_23,27,27,
1596,18,1000000,0,user_23,27,27,
1593,19,650000,0,user_17,27,27,
1614,20,650000,0,user_38,27,27,
1617,21,630000,0,user_42,27,27,
1590,22,530000,0,user_13,27,27,
1591,23,470000,0,user_15,27,27,
1586,24,80000,296000,user_9,27,27,
1629,25,0,0,validator_0,100,27,1586
1583,26,310000,0,user_6,27,27,
1580,27,260000,0,user_3,27,27,
1621,28,220000,0,user_43,27,27,
1589,29,160000,0,user_13,27,27,
1608,30,160000,0,user_33,27,27,
1612,31,160000,0,user_35,27,27,
1594,32,150000,0,user_19,27,27,
1618,33,150000,0,user_42,27,27,
1624,34,150000,0,user_44,27,27,
1622,35,110000,0,user_43,27,27,
1579,36,98000,0,user_2,27,27,
1584,37,83000,0,user_7,27,27,
1620,38,83000,0,user_43,27,27,
1630,39,0,0,validator_0,100,27,1607
1607,40,70000,3130,user_32,27,27,
1588,41,73000,0,user_11,27,27,
1664,0,43000000,0,user_29,28,28,
1655,1,19000000,36800,user_18,28,28,
1660,2,6300000,33100,user_22,28,28,
1634,3,3200001,0,user_1,28,28,1631
1635,4,3200001,0,user_1,28,28,1631
1636,5,3200001,0,user_1,28,28,1631
1631,6,3200000,18600,user_0,28,28,
1671,7,3200000,0,user_35,28,28,
1673,8,3200000,0,user_36,28,28,
1632,9,3199999,0,user_0,28,28,1631
1633,10,3199999,0,user_1,28,28,1631
1638,11,2500000,0,user_3,28,28,
1659,12,2300000,0,user_21,28,28,
1661,13,2000000,0,user_23,28,28,
1677,14,1600000,0,user_37,28,28,
1648,15,1500000,0,user_7,28,28,
1654,16,1500000,0,user_17,28,28,
1640,17,1000000,13800,user_4,28,28,
1682,18,1000000,322000,user_40,28,28,
1686,19,1000000,0,user_43,28,28,
1639,20,870000,0,user_3,28,28,
1670,21,870000,0,user_35,28,28,
1687,22,870000,0,user_44,28,28,
1679,23,600000,0,user_40,28,28,
1649,24,530000,0,user_9,28,28,
1650,25,420000,67900,user_10,28,28,
1674,26,370000,0,user_36,28,28,
1688,27,320000,0,user_45,28,28,
1663,28,240000,0,user_29,28,28,
1667,29,240000,0,user_33,28,28,
1652,30,220000,0,user_15,28,28,
1668,31,220000,256000,user_33,28,28,
1669,32,220000,0,user_34,28,28,
1680,33,220000,0,user_40,28,28,
1658,34,170000,0,user_20,28,28,
1689,35,170000,0,user_46,28,28,
1675,36,160000,0,user_36,28,28,
1657,37,130000,0,user_20,28,28,
1692,38,130000,0,user_48,28,28,
1646,39,120000,0,user_6,28,28,
1681,40,120000,5180,user_40,28,28,
1684,41,120000,0,user_41,28,28,
1672,42,110000,42000,user_36,28,28,
1683,43,110000,0,user_40,28,28,
1690,44,110000,0,user_47,28,28,
1651,45,100000,13800,user_11,28,28,
1676,46,100000,5630,user_36,28,28,
1691,47,85000,33100,user_48,28,28,
1662,48,84000,0,user_26,28,28,
1656,49,83000,0,user_19,28,28,
1665,50,83000,0,user_31,28,28,
1647,51,79000,0,user_7,28,28,
1685,52,73000,12300,user_42,28,28,
1666,53,70000,0,user_32,28,28,
1715,0,43000000,36800,user_27,29,29,
1732,1,0,0,validator_4,100,29,1715
1705,2,30000000,0,user_14,29,29,
1712,3,6300000,0,user_23,29,29,
1706,4,6100000,0,user_15,29,29,
1728,5,5000000,84800,user_43,29,29,
1733,6,0,0,validator_4,100,29,1728
1700,7,2600000,0,user_6,29,29,
1699,8,2500000,0,user_5,29,29,
1721,9,2300000,0,user_36,29,29,
1719,10,2000000,17000,user_32,29,29,
1734,11,0,0,validator_4,100,29,1719
1726,12,1900000,0,user_40,29,29,
1735,13,0,0,validator_4,100,29,1709
1709,14,1700000,56200,user_20,29,29,
1722,15,1500000,0,user_37,29,29,
1707,16,1300000,21800,user_17,29,29,
1736,17,0,0,validator_4,100,29,1707
1710,18,1000000,0,user_21,29,29,
1717,19,870000,0,user_29,29,29,
1713,20,630000,0,user_24,29,29,
1727,21,360000,0,user_43,29,29,
1730,22,260000,0,user_44,29,29,
1731,23,220000,0,user_49,29,29,
1720,24,190000,0,user_35,29,29,
1737,25,0,0,validator_4,100,29,1725
1725,26,150000,35600,user_39,29,29,
1708,27,170000,14200,user_19,29,29,
1738,28,0,0,validator_4,100,29,1708
1739,29,0,0,validator_4,100,29,1711
1711,30,160000,14200,user_22,29,29,
1698,31,84000,34700,user_4,29,29,
1740,32,0,0,validator_4,100,29,1698
1714,33,98000,0,user_27,29,29,
1718,34,98000,0,user_32,29,29,
1704,35,79000,0,user_13,29,29,
1701,36,77000,0,user_6,29,29,
1729,37,77000,0,user_44,29,29,
1777,0,43000000,0,user_30,30,30,
1764,1,5000000,47700,user_23,30,30,
1807,2,0,0,validator_4,100,30,1764
1769,3,4500000,0,user_27,30,30,
1808,4,0,0,validator_4,100,30,1783
1783,5,4200000,15700,user_33,30,30,
1775,6,4200000,0,user_29,30,30,
1806,7,3600000,0,user_49,30,30,
1754,8,3500000,0,user_17,30,30,
1795,9,3200000,0,user_41,30,30,
1803,10,2100000,0,user_47,30,30,
1797,11,2000000,0,user_43,30,30,
1743,12,1900000,0,user_5,30,30,
1796,13,1900000,0,user_42,30,30,
1752,14,1800000,0,user_15,30,30,
1761,15,1800000,0,user_20,30,30,
1809,16,0,0,validator_4,100,30,1805
1805,17,1500000,66100,user_48,30,30,
1784,18,1400000,0,user_33,30,30,
1799,19,1400000,0,user_45,30,30,
1748,20,1000000,350000,user_8,30,30,
1810,21,0,0,validator_4,100,30,1748
1793,22,1300000,33100,user_41,30,30,
1811,23,0,0,validator_4,100,30,1793
1812,24,0,0,validator_4,100,30,1774
1774,25,530000,779000,user_29,30,30,
1749,26,1100000,195000,user_9,30,30,
1813,27,0,0,validator_4,100,30,1749
1762,28,1100000,0,user_21,30,30,
1767,29,1100000,0,user_24,30,30,
1814,30,0,0,validator_4,100,30,1798
1798,31,1000000,68100,user_44,30,30,
1744,32,1000000,0,user_5,30,30,
1756,33,1000000,0,user_19,30,30,
1791,34,1000000,0,user_39,30,30,
1804,35,670000,164000,user_47,30,30,
1815,36,0,0,validator_4,100,30,1804
1768,37,670000,0,user_25,30,30,
1773,38,670000,0,user_29,30,30,
1745,39,650000,0,user_5,30,30,
1751,40,650000,0,user_14,30,30,
1758,41,650000,0,user_20,30,30,
1785,42,630000,0,user_35,30,30,
1787,43,77000,545000,user_39,30,30,
1816,44,0,0,validator_4,100,30,1787
1742,45,420000,0,user_4,30,30,
1780,46,360000,0,user_32,30,30,
1760,47,340000,0,user_20,30,30,
1776,48,310000,0,user_30,30,30,
1790,49,310000,0,user_39,30,30,
1800,50,310000,0,user_46,30,30,
1817,51,0,0,validator_4,100,30,1763
1763,52,240000,43600,user_23,30,30,
1818,53,0,0,validator_4,100,30,1781
1781,54,85000,195000,user_32,30,30,
1802,55,260000,0,user_47,30,30,
1819,56,0,0,validator_4,100,30,1772
1772,57,220000,36800,user_29,30,30,
1820,58,0,0,validator_4,100,30,1771
1771,59,220000,35600,user_29,30,30,
1755,60,220000,0,user_18,30,30,
1753,61,170000,46500,user_16,30,30,
1821,62,0,0,validator_4,100,30,1753
1801,63,170000,0,user_46,30,30,
1789,64,160000,0,user_39,30,30,
1757,65,150000,8520,user_20,30,30,
1822,66,0,0,validator_4,100,30,1757
1741,67,150000,0,user_1,30,30,
1746,68,150000,0,user_6,30,30,
1770,69,150000,0,user_27,30,30,
1792,70,150000,0,user_41,30,30,
1765,71,110000,0,user_23,30,30,
1782,72,110000,0,user_32,30,30,
1759,73,87000,0,user_20,30,30,
1794,74,85000,0,user_41,30,30,
1788,75,82000,0,user_39,30,30,
1766,76,77000,0,user_24,30,30,
1859,0,43000000,0,user_36,31,31,
1841,1,19000000,0,user_15,31,31,
1875,2,0,0,validator_4,100,31,1856
1856,3,6300000,195000,user_34,31,31,
1840,4,5200000,0,user_14,31,31,
1858,5,5200000,0,user_35,31,31,
1843,6,4500000,0,user_17,31,31,
1852,7,3500000,769000,user_27,31,31,
1876,8,0,0,validator_4,100,31,1852
1867,9,3600000,0,user_43,31,31,
1834,10,3200000,0,user_10,31,31,
1839,11,3200000,0,user_13,31,31,
1877,12,0,0,validator_4,100,31,1868
1868,13,2400000,108000,user_44,31,31,
1823,14,2500000,0,user_0,31,31,
1878,15,0,0,validator_4,100,31,1836
1836,16,2300000,34700,user_10,31,31,
1833,17,2100000,0,user_9,31,31,
1860,18,1900000,0,user_36,31,31,
1871,19,1700000,0,user_46,31,31,
1874,20,1600000,8520,user_49,31,31,
1879,21,0,0,validator_4,100,31,1874
1835,22,1500000,35100,user_10,31,31,
1880,23,0,0,validator_4,100,31,1835
1862,24,1500000,0,user_37,31,31,
1847,25,1400000,0,user_23,31,31,
1881,26,0,0,validator_4,100,31,1866
1866,27,600000,769000,user_42,31,31,
1870,28,1100000,0,user_45,31,31,
1844,29,670000,0,user_19,31,31,
1825,30,660000,7840,user_1,31,31,
1882,31,0,0,validator_4,100,31,1825
1826,32,660001,0,user_1,31,31,1825
1829,33,660000,0,user_6,31,31,
1832,34,650000,0,user_8,31,31,
1872,35,650000,0,user_47,31,31,
1837,36,470000,0,user_10,31,31,
1846,37,420000,0,user_21,31,31,
1842,38,350000,34700,user_16,31,31,
1883,39,0,0,validator_4,100,31,1842
1873,40,350000,0,user_49,31,31,
1848,41,310000,0,user_24,31,31,
1857,42,98000,181000,user_35,31,31,
1884,43,0,0,validator_4,100,31,1857
1824,44,260000,0,user_0,31,31,
1828,45,260000,0,user_4,31,31,
1861,46,170000,0,user_37,31,31,
1865,47,160000,0,user_40,31,31,
1851,48,150000,0,user_26,31,31,
1869,49,150000,0,user_45,31,31,
1850,50,120000,0,user_25,31,31,
1845,51,110000,0,user_20,31,31,
1849,52,83000,0,user_25,31,31,
1853,53,79000,0,user_27,31,31,
1922,0,30000000,0,user_28,32,32,
1914,1,19000000,0,user_24,32,32,
1928,2,19000000,0,user_35,32,32,
1918,3,6300000,0,user_24,32,32,
1913,4,6100000,0,user_22,32,32,
1907,5,5000000,0,user_15,32,32,
1903,6,4500000,0,user_14,32,32,
1941,7,0,0,validator_11,100,32,1934
1934,8,4200000,30200,user_42,32,32,
1930,9,2600000,0,user_38,32,32,
1910,10,2500000,0,user_16,32,32,
1912,11,2400000,0,user_21,32,32,
1898,12,2000000,0,user_9,32,32,
1901,13,2000000,0,user_12,32,32,
1906,14,2000000,0,user_14,32,32,
1935,15,2000000,0,user_42,32,32,
1929,16,1700000,0,user_36,32,32,
1938,17,1700000,0,user_47,32,32,
1917,18,1500000,0,user_24,32,32,
1916,19,1300000,0,user_24,32,32,
1897,20,120000,959000,user_9,32,32,
1942,21,0,0,validator_11,100,32,1897
1892,22,1000000,0,user_4,32,32,
1937,23,910000,71800,user_46,32,32,
1943,24,0,0,validator_11,100,32,1937
1944,25,0,0,validator_11,100,32,1931
1931,26,910000,12800,user_39,32,32,
1940,27,870000,0,user_49,32,32,
1900,28,670000,0,user_11,32,32,
1936,29,70000,594000,user_44,32,32,
1945,30,0,0,validator_11,100,32,1936
1891,31,630000,0,user_4,32,32,
1923,32,630000,0,user_30,32,32,
1904,33,530000,0,user_14,32,32,
1946,34,0,0,validator_11,100,32,1939
1939,35,460000,12800,user_48,32,32,
1924,36,470000,0,user_31,32,32,
1885,37,370000,0,user_0,32,32,
1927,38,370000,0,user_35,32,32,
1933,39,350000,0,user_41,32,32,
1911,40,340000,0,user_21,32,32,
1915,41,240000,0,user_24,32,32,
1896,42,220000,0,user_6,32,32,
1919,43,220000,0,user_26,32,32,
1895,44,170000,0,user_5,32,32,
1947,45,0,0,validator_11,100,32,1886
1886,46,120000,47700,user_1,32,32,
1893,47,160000,0,user_4,32,32,
1908,48,150000,0,user_16,32,32,
1926,49,130000,0,user_33,32,32,
1887,50,119999,0,user_1,32,32,1886
1888,51,119999,0,user_1,32,32,1886
1889,52,119999,0,user_2,32,32,1886
1948,53,0,0,validator_11,100,32,1920
1920,54,110000,5640,user_26,32,32,
1925,55,98000,0,user_33,32,32,
1921,56,87000,0,user_27,32,32,
1894,57,84000,0,user_5,32,32,
1909,58,83000,0,user_16,32,32,
1890,59,80000,0,user_3,32,32,
1905,60,77000,0,user_14,32,32,
1955,0,30000000,0,user_2,33,33,
1982,1,5200000,0,user_29,33,33,
1984,2,5000000,0,user_32,33,33,
1998,3,4500000,0,user_44,33,33,
1953,4,2600000,0,user_2,33,33,
2007,5,0,0,validator_0,100,33,2001
2001,6,2400000,15100,user_46,33,33,
1950,7,2400000,0,user_0,33,33,
1967,8,2300000,0,user_13,33,33,
1980,9,1800000,285000,user_29,33,33,
2008,10,0,0,validator_0,100,33,1980
1964,11,2000000,0,user_9,33,33,
1960,12,1600000,0,user_6,33,33,
1975,13,1400000,0,user_20,33,33,
1971,14,1100000,0,user_17,33,33,
1961,15,1000000,0,user_7,33,33,
1973,16,1000000,0,user_19,33,33,
1999,17,1000000,0,user_44,33,33,
2005,18,1000000,0,user_49,33,33,
1958,19,870000,0,user_5,33,33,
1977,20,670000,0,user_23,33,33,
1951,21,650000,0,user_2,33,33,
2009,22,0,0,validator_0,100,33,2003
2003,23,350000,296000,user_49,33,33,
2010,24,0,0,validator_0,100,33,1981
1981,25,260000,369000,user_29,33,33,
1954,26,530000,0,user_2,33,33,
1986,27,530000,0,user_33,33,33,
1952,28,460000,0,user_2,33,33,
1987,29,460000,0,user_35,33,33,
2002,30,460000,0,user_47,33,33,
2011,31,0,0,validator_0,100,33,1997
1997,32,260000,5180,user_43,33,33,
1974,33,260000,0,user_19,33,33,
1968,34,240000,0,user_13,33,33,
1962,35,220000,0,user_7,33,33,
2004,36,160000,21800,user_49,33,33,
2012,37,0,0,validator_0,100,33,2004
1949,38,170000,0,user_0,33,33,
1992,39,170000,0,user_37,33,33,
1985,40,150000,0,user_33,33,33,
2006,41,150000,0,user_49,33,33,
2013,42,0,0,validator_0,100,33,1996
1996,43,80000,47700,user_42,33,33,
1972,44,120000,0,user_18,33,33,
1959,45,110000,0,user_6,33,33,
1966,46,98000,0,user_11,33,33,
1970,47,98000,0,user_15,33,33,
1963,48,84000,0,user_8,33,33,
1993,49,83000,0,user_38,33,33,
1994,50,83000,0,user_40,33,33,
1956,51,77000,0,user_3,33,33,
2024,0,19000000,0,user_10,34,34,
2034,1,5200000,0,user_20,34,34,
2042,2,3500000,0,user_26,34,34,
2054,3,2400000,161000,user_38,34,34,
2063,4,0,0,validator_5,100,34,2054
2031,5,2400000,0,user_20,34,34,
2051,6,2400000,0,user_36,34,34,
2032,7,2100000,0,user_20,34,34,
2043,8,2100000,0,user_26,34,34,
2022,9,1500000,594000,user_9,34,34,
2064,10,0,0,validator_5,100,34,2022
2018,11,1600000,256000,user_6,34,34,
2065,12,0,0,validator_5,100,34,2018
2049,13,1800000,0,user_33,34,34,
2027,14,1600000,0,user_16,34,34,
2059,15,1600000,0,user_44,34,34,
2060,16,1600000,0,user_46,34,34,
2044,17,1500000,0,user_27,34,34,
2041,18,1400000,0,user_25,34,34,
2015,19,1100000,0,user_2,34,34,
2023,20,1000000,0,user_9,34,34,
2037,21,1000000,0,user_23,34,34,
2038,22,1000000,0,user_23,34,34,
2039,23,870000,0,user_23,34,34,
2066,24,0,0,validator_5,100,34,2058
2058,25,660000,108000,user_42,34,34,
2056,26,110000,510000,user_40,34,34,
2067,27,0,0,validator_5,100,34,2056
2030,28,370000,0,user_19,34,34,
2028,29,320000,0,user_17,34,34,
2016,30,220000,0,user_5,34,34,
2033,31,220000,0,user_20,34,34,
2036,32,170000,0,user_23,34,34,
2045,33,170000,0,user_28,34,34,
2035,34,160000,0,user_22,34,34,
2014,35,120000,0,user_0,34,34,
2017,36,120000,0,user_5,34,34,
2025,37,120000,0,user_12,34,34,
2062,38,120000,0,user_49,34,34,
2050,39,98000,0,user_33,34,34,
2053,40,98000,0,user_37,34,34,
2057,41,87000,0,user_41,34,34,
2052,42,82000,0,user_37,34,34,
2040,43,77000,0,user_23,34,34,
2029,44,73000,0,user_18,34,34,
2119,0,27000000,0,user_47,35,35,
2085,1,19000000,0,user_12,35,35,
2072,2,6300000,0,user_4,35,35,
2099,3,6300000,0,user_25,35,35,
2107,4,5000000,0,user_34,35,35,
2108,5,5000000,0,user_36,35,35,
2083,6,4200000,0,user_12,35,35,
2098,7,2500000,0,user_25,35,35,
2076,8,2000000,0,user_7,35,35,
2079,9,2000000,0,user_9,35,35,
2104,10,2000000,0,user_30,35,35,
2122,11,0,0,validator_1,100,35,2093
2093,12,1700000,195000,user_18,35,35,
2101,13,1700000,0,user_27,35,35,
2114,14,1700000,0,user_41,35,35,
2105,15,1500000,0,user_31,35,35,
2120,16,1400000,0,user_48,35,35,
2075,17,1100000,0,user_7,35,35,
2097,18,1000000,0,user_23,35,35,
2123,19,0,0,validator_1,100,35,2084
2084,20,370000,545000,user_12,35,35,
2103,21,910000,0,user_29,35,35,
2082,22,600000,296000,user_10,35,35,
2124,23,0,0,validator_1,100,35,2082
2094,24,870000,0,user_20,35,35,
2102,25,670000,0,user_28,35,35,
2111,26,650000,0,user_38,35,35,
2081,27,630000,0,user_9,35,35,
2118,28,600000,0,user_46,35,35,
2073,29,530000,0,user_5,35,35,
2080,30,530000,0,user_9,35,35,
2113,31,460000,0,user_38,35,35,
2116,32,460000,0,user_43,35,35,
2110,33,340000,0,user_38,35,35,
2121,34,320000,0,user_49,35,35,
2112,35,170000,146000,user_38,35,35,
2125,36,0,0,validator_1,100,35,2112
2117,37,310000,0,user_45,35,35,
2088,38,220000,46500,user_13,35,35,
2126,39,0,0,validator_1,100,35,2088
2078,40,220000,0,user_9,35,35,
2068,41,170000,0,user_0,35,35,
2077,42,170000,0,user_8,35,35,
2087,43,150000,0,user_12,35,35,
2091,44,150000,0,user_16,35,35,
2115,45,150000,0,user_42,35,35,
2086,46,120000,0,user_12,35,35,
2106,47,120000,0,user_32,35,35,
2095,48,100000,0,user_20,35,35,
2069,49,85000,0,user_0,35,35,
2100,50,82000,0,user_27,35,35,
2090,51,77000,0,user_15,35,35,
15,0,19000000,0,user_23,36,36,
33,1,6300000,0,user_38,36,36,
19,2,5000000,56200,user_25,36,36,
23,3,4500000,0,user_29,36,36,
14,4,4200000,369000,user_21,36,36,
20,5,3200000,128000,user_25,36,36,
7,6,2400000,0,user_14,36,36,
11,7,2400000,285000,user_17,36,36,
36,8,2000000,0,user_41,36,36,
9,9,1700000,0,user_16,36,36,
21,10,1500000,0,user_26,36,36,
6,11,1400000,15700,user_13,36,36,
24,12,1300000,0,user_31,36,36,
2,13,1100000,0,user_6,36,36,
12,14,1100000,0,user_19,36,36,
18,15,1100000,594000,user_25,36,36,
16,16,650000,0,user_25,36,36,
40,17,530000,0,user_46,36,36,
34,18,370000,0,user_39,36,36,
28,19,320000,0,user_33,36,36,
13,20,310000,0,user_20,36,36,
37,21,260000,0,user_43,36,36,
39,22,220000,0,user_44,36,36,
42,23,220000,0,user_48,36,36,
35,24,150000,16400,user_40,36,36,
41,25,130000,0,user_47,36,36,
1,26,120000,0,user_6,36,36,
3,27,120000,0,user_7,36,36,
31,28,120000,0,user_37,36,36,
17,29,100000,0,user_25,36,36,
32,30,100000,0,user_38,36,36,
4,31,85000,0,user_10,36,36,
29,32,83000,0,user_36,36,36,
38,33,80000,0,user_44,36,36,
10,34,77000,0,user_17,36,36,
30,35,77000,0,user_37,36,36,
22,36,73000,0,user_28,36,36,
82,0,6300000,0,user_42,37,37,
46,1,6100000,0,user_3,37,37,
84,2,5000000,0,user_43,37,37,
54,3,3500000,296000,user_16,37,37,
91,4,0,0,validator_10,100,37,54
92,5,0,0,validator_10,100,37,75
75,6,2000000,510000,user_32,37,37,
58,7,2400000,0,user_19,37,37,
45,8,1500000,0,user_2,37,37,
61,9,1500000,0,user_24,37,37,
78,10,1500000,0,user_35,37,37,
79,11,1500000,0,user_35,37,37,
85,12,1500000,0,user_44,37,37,
69,13,1400000,0,user_27,37,37,
87,14,1100000,0,user_45,37,37,
59,15,970000,0,user_21,37,37,
52,16,870000,0,user_14,37,37,
93,17,0,0,validator_10,100,37,50
50,18,260000,410000,user_8,37,37,
49,19,530000,0,user_6,37,37,
48,20,460000,0,user_5,37,37,
77,21,460000,0,user_34,37,37,
68,22,170000,283000,user_27,37,37,
94,23,0,0,validator_10,100,37,68
44,24,420000,0,user_2,37,37,
71,25,420000,0,user_27,37,37,
60,26,320000,0,user_23,37,37,
95,27,0,0,validator_10,100,37,80
80,28,220000,49100,user_38,37,37,
86,29,260000,0,user_44,37,37,
83,30,160000,0,user_42,37,37,
89,31,160000,0,user_48,37,37,
53,32,150000,0,user_15,37,37,
81,33,150000,0,user_39,37,37,
90,34,120000,0,user_49,37,37,
57,35,110000,0,user_19,37,37,
76,36,80000,13900,user_33,37,37,
96,37,0,0,validator_10,100,37,76
70,38,85000,0,user_27,37,37,
67,39,82000,0,user_27,37,37,
47,40,79000,0,user_3,37,37,
55,41,70000,0,user_17,37,37,
133,0,30000000,0,user_29,38,38,
140,1,27000000,49100,user_33,38,38,
157,2,0,0,validator_6,100,38,140
111,3,2600000,17700000,user_16,38,38,
158,4,0,0,validator_6,100,38,111
138,5,5200000,0,user_31,38,38,
129,6,5000000,0,user_25,38,38,
109,7,4500000,0,user_15,38,38,
159,8,0,0,validator_6,100,38,115
115,9,2100000,283000,user_19,38,38,
148,10,2100000,0,user_43,38,38,
128,11,1900000,31700,user_24,38,38,
160,12,0,0,validator_6,100,38,128
105,13,1900000,0,user_8,38,38,
149,14,1900000,0,user_43,38,38,
161,15,0,0,validator_6,100,38,103
103,16,1800000,84800,user_7,38,38,
134,17,1400000,350000,user_30,38,38,
162,18,0,0,validator_6,100,38,134
99,19,1600000,0,user_3,38,38,
151,20,1500000,0,user_46,38,38,
146,21,1400000,0,user_39,38,38,
155,22,1400000,0,user_47,38,38,
137,23,1100000,0,user_31,38,38,
141,24,1000000,17000,user_35,38,38,
163,25,0,0,validator_6,100,38,141
114,26,1000000,0,user_18,38,38,
104,27,600000,0,user_8,38,38,
131,28,600000,0,user_28,38,38,
164,29,0,0,validator_6,100,38,153
153,30,530000,67500,user_47,38,38,
113,31,420000,0,user_18,38,38,
165,32,0,0,validator_6,100,38,152
152,33,350000,3130,user_47,38,38,
117,34,340000,0,user_21,38,38,
142,35,320000,0,user_35,38,38,
136,36,300000,0,user_30,38,38,
166,37,0,0,validator_6,100,38,139
139,38,260000,16400,user_32,38,38,
97,39,73000,164000,user_1,38,38,
167,40,0,0,validator_6,100,38,97
102,41,220000,0,user_6,38,38,
106,42,220000,0,user_12,38,38,
112,43,220000,0,user_17,38,38,
154,44,220000,0,user_47,38,38,
132,45,150000,67900,user_29,38,38,
168,46,0,0,validator_6,100,38,132
130,47,170000,0,user_27,38,38,
135,48,170000,0,user_30,38,38,
101,49,150000,0,user_4,38,38,
169,50,0,0,validator_6,100,38,100
100,51,98000,43600,user_3,38,38,
110,52,120000,14200,user_16,38,38,
170,53,0,0,validator_6,100,38,110
108,54,110000,0,user_14,38,38,
147,55,100000,0,user_42,38,38,
116,56,87000,0,user_20,38,38,
145,57,79000,5640,user_38,38,38,
171,58,0,0,validator_6,100,38,145
107,59,82000,0,user_13,38,38,
150,60,82000,0,user_45,38,38,
98,61,73001,0,user_2,38,38,97
182,0,27000000,0,user_7,39,39,
223,1,6100000,0,user_46,39,39,
209,2,5200000,0,user_33,39,39,
184,3,3600000,0,user_9,39,39,
179,4,3200000,0,user_4,39,39,
206,5,2500000,0,user_32,39,39,
216,6,2500000,0,user_38,39,39,
226,7,0,0,validator_2,100,39,221
221,8,2300000,33300,user_44,39,39,
185,9,2300000,0,user_10,39,39,
224,10,2100000,60700,user_48,39,39,
227,11,0,0,validator_2,100,39,224
178,12,2000000,0,user_3,39,39,
219,13,1900000,0,user_40,39,39,
228,14,0,0,validator_2,100,39,188
188,15,1500000,256000,user_12,39,39,
217,16,1300000,0,user_39,39,39,
229,17,0,0,validator_2,100,39,192
192,18,1000000,11200,user_14,39,39,
190,19,1000000,0,user_14,39,39,
193,20,1000000,0,user_14,39,39,
211,21,970000,0,user_34,39,39,
187,22,630000,161000,user_12,39,39,
230,23,0,0,validator_2,100,39,187
203,24,630000,0,user_26,39,39,
225,25,630000,0,user_49,39,39,
197,26,530000,0,user_18,39,39,
208,27,460000,0,user_33,39,39,
218,28,420000,0,user_39,39,39,
181,29,320000,0,user_7,39,39,
186,30,310000,0,user_11,39,39,
207,31,260000,0,user_32,39,39,
176,32,220001,0,user_2,39,39,174
222,33,220000,0,user_45,39,39,
177,34,219999,0,user_2,39,39,174
180,35,190000,19700,user_4,39,39,
231,36,0,0,validator_2,100,39,180
195,37,170000,0,user_17,39,39,
202,38,170000,0,user_26,39,39,
196,39,160000,0,user_17,39,39,
232,40,0,0,validator_2,100,39,220
220,41,120000,32900,user_41,39,39,
191,42,150000,0,user_14,39,39,
204,43,120000,0,user_29,39,39,
210,44,120000,0,user_34,39,39,
213,45,120000,0,user_34,39,39,
205,46,87000,0,user_30,39,39,
212,47,85000,0,user_34,39,39,
214,48,70000,0,user_34,39,39,
255,0,43000000,0,user_22,40,40,
235,1,27000001,0,user_2,40,40,234
234,2,27000000,12300,user_1,40,40,
237,3,27000000,0,user_5,40,40,
266,4,27000000,0,user_34,40,40,
241,5,19000000,36800,user_9,40,40,
259,6,3200000,0,user_25,40,40,
245,7,2600000,17000,user_10,40,40,
256,8,2100000,0,user_23,40,40,
233,9,2000000,0,user_1,40,40,
239,10,2000000,0,user_8,40,40,
257,11,1800000,0,user_23,40,40,
268,12,1600000,0,user_36,40,40,
276,13,1500000,0,user_43,40,40,
270,14,1400000,0,user_38,40,40,
277,15,1100000,0,user_43,40,40,
240,16,1000000,0,user_8,40,40,
262,17,870000,0,user_29,40,40,
242,18,670000,164000,user_10,40,40,
243,19,670000,381000,user_10,40,40,
238,20,600000,0,user_6,40,40,
236,21,530000,0,user_3,40,40,
254,22,460000,0,user_21,40,40,
267,23,320000,0,user_35,40,40,
271,24,320000,0,user_39,40,40,
244,25,300000,0,user_10,40,40,
248,26,300000,0,user_13,40,40,
252,27,240000,0,user_20,40,40,
275,28,220000,0,user_43,40,40,
279,29,190000,108000,user_43,40,40,
250,30,150000,0,user_14,40,40,
287,31,150000,0,user_48,40,40,
261,32,120000,155000,user_28,40,40,
273,33,120000,0,user_41,40,40,
253,34,110000,0,user_20,40,40,
260,35,100000,0,user_26,40,40,
249,36,77000,0,user_13,40,40,
263,37,73000,0,user_30,40,40,
269,38,73000,0,user_37,40,40,
278,39,73000,0,user_43,40,40,
328,0,0,0,validator_3,100,41,288
288,1,19000000,46500,user_0,41,41,
289,2,19000001,0,user_2,41,41,288
290,3,18999999,0,user_2,41,41,288
329,4,0,0,validator_3,100,41,307
307,5,420000,7190000,user_24,41,41,
326,6,4500000,769000,user_46,41,41,
330,7,0,0,validator_3,100,41,326
309,8,4500000,0,user_28,41,41,
299,9,3500000,0,user_17,41,41,
314,10,2600000,0,user_32,41,41,
316,11,2300000,10700,user_33,41,41,
331,12,0,0,validator_3,100,41,316
296,13,2000000,164000,user_13,41,41,
332,14,0,0,validator_3,100,41,296
322,15,2000000,0,user_41,41,41,
293,16,1400000,0,user_8,41,41,
310,17,1200000,0,user_29,41,41,
317,18,870000,0,user_35,41,41,
300,19,660000,43600,user_18,41,41,
333,20,0,0,validator_3,100,41,300
327,21,650000,0,user_47,41,41,
306,22,77000,510000,user_24,41,41,
334,23,0,0,validator_3,100,41,306
312,24,530000,0,user_31,41,41,
303,25,460000,0,user_22,41,41,
335,26,0,0,validator_3,100,41,323
323,27,87000,296000,user_43,41,41,
318,28,370000,0,user_36,41,41,
308,29,360000,0,user_25,41,41,
315,30,360000,0,user_32,41,41,
319,31,360000,0,user_37,41,41,
336,32,0,0,validator_3,100,41,298
298,33,260000,60700,user_16,41,41,
324,34,220000,0,user_44,41,41,
320,35,150000,42000,user_38,41,41,
337,36,0,0,validator_3,100,41,320
295,37,190000,0,user_12,41,41,
304,38,110000,73100,user_23,41,41,
338,39,0,0,validator_3,100,41,304
301,40,170000,0,user_18,41,41,
313,41,160000,0,user_31,41,41,
294,42,150000,0,user_11,41,41,
292,43,110000,0,user_5,41,41,
297,44,98000,0,user_15,41,41,
305,45,77000,0,user_23,41,41,
354,0,43000000,0,user_16,42,42,
386,1,30000000,0,user_47,42,42,
344,2,27000000,0,user_4,42,42,
393,3,6300000,0,user_49,42,42,
341,4,5000000,0,user_2,42,42,
367,5,5000000,0,user_27,42,42,
391,6,4200000,0,user_48,42,42,
372,7,3600000,0,user_34,42,42,
356,8,3500000,0,user_17,42,42,
369,9,2500000,16400,user_31,42,42,
394,10,0,0,validator_11,100,42,369
395,11,0,0,validator_11,100,42,390
390,12,2500000,5630,user_48,42,42,
364,13,2500000,0,user_24,42,42,
383,14,2300000,0,user_46,42,42,
384,15,2000000,215000,user_46,42,42,
396,16,0,0,validator_11,100,42,384
374,17,1700000,0,user_36,42,42,
387,18,1600000,0,user_47,42,42,
346,19,1500000,0,user_6,42,42,
360,20,1500000,0,user_22,42,42,
349,21,1400000,0,user_9,42,42,
348,22,1100000,0,user_9,42,42,
397,23,0,0,validator_11,100,42,385
385,24,650000,410000,user_47,42,42,
378,25,970000,0,user_41,42,42,
388,26,970000,0,user_47,42,42,
343,27,630000,0,user_4,42,42,
353,28,420000,56200,user_14,42,42,
398,29,0,0,validator_11,100,42,353
399,30,0,0,validator_11,100,42,381
381,31,120000,285000,user_44,42,42,
355,32,370000,0,user_17,42,42,
363,33,350000,0,user_23,42,42,
351,34,310000,0,user_12,42,42,
379,35,310000,0,user_42,42,42,
389,36,310000,0,user_47,42,42,
382,37,190000,35600,user_45,42,42,
400,38,0,0,validator_11,100,42,382
358,39,220000,0,user_19,42,42,
340,40,170000,0,user_1,42,42,
401,41,0,0,validator_11,100,42,361
361,42,150000,15100,user_22,42,42,
402,43,0,0,validator_11,100,42,365
365,44,150000,13800,user_25,42,42,
357,45,160000,0,user_18,42,42,
392,46,160000,0,user_49,42,42,
345,47,150000,0,user_5,42,42,
366,48,150000,0,user_26,42,42,
371,49,150000,0,user_32,42,42,
375,50,150000,0,user_37,42,42,
342,51,120000,0,user_3,42,42,
362,52,120000,0,user_22,42,42,
370,53,120000,0,user_32,42,42,
368,54,98000,0,user_28,42,42,
373,55,98000,0,user_35,42,42,
339,56,87000,0,user_0,42,42,
380,57,73000,0,user_43,42,42,
458,0,43000000,16400,user_49,43,43,
435,1,30000000,0,user_26,43,43,
452,2,30000000,0,user_43,43,43,
442,3,6300000,0,user_30,43,43,
440,4,5000000,0,user_29,43,43,
410,5,3500000,0,user_6,43,43,
414,6,3500000,0,user_10,43,43,
434,7,2000000,11200,user_25,43,43,
423,8,1900000,5180,user_17,43,43,
446,9,1900000,0,user_34,43,43,
438,10,1500000,0,user_29,43,43,
449,11,1500000,0,user_39,43,43,
411,12,1100000,0,user_7,43,43,
429,13,1100000,0,user_21,43,43,
419,14,970000,0,user_13,43,43,
431,15,910000,0,user_23,43,43,
420,16,870000,0,user_14,43,43,
404,17,650000,0,user_2,43,43,
405,18,650000,6390,user_3,43,43,
413,19,600000,0,user_9,43,43,
443,20,600000,6390,user_32,43,43,
427,21,460000,0,user_19,43,43,
441,22,460000,0,user_29,43,43,
408,23,370000,0,user_5,43,43,
451,24,370000,0,user_41,43,43,
430,25,340000,0,user_22,43,43,
403,26,260000,0,user_0,43,43,
437,27,260000,0,user_29,43,43,
415,28,220000,0,user_10,43,43,
422,29,220000,0,user_15,43,43,
409,30,170000,0,user_5,43,43,
436,31,170000,0,user_28,43,43,
457,32,170000,0,user_49,43,43,
406,33,160000,15100,user_3,43,43,
447,34,160000,0,user_36,43,43,
407,35,120000,0,user_4,43,43,
421,36,110000,0,user_14,43,43,
433,37,110000,0,user_25,43,43,
412,38,85000,0,user_9,43,43,
428,39,83000,68100,user_20,43,43,
448,40,83000,0,user_38,43,43,
439,41,73000,0,user_29,43,43,
480,0,30000000,0,user_22,44,44,
501,1,3500000,0,user_48,44,44,
500,2,2400000,0,user_47,44,44,
477,3,2300000,0,user_13,44,44,
482,4,2300000,0,user_26,44,44,
465,5,2100000,0,user_8,44,44,
486,6,2000000,5640,user_34,44,44,
503,7,0,0,validator_8,100,44,486
498,8,2000000,0,user_44,44,44,
478,9,1600000,0,user_13,44,44,
504,10,0,0,validator_8,100,44,476
476,11,1500000,7840,user_13,44,44,
467,12,1500000,0,user_9,44,44,
487,13,1400000,35100,user_35,44,44,
505,14,0,0,validator_8,100,44,487
470,15,1400000,0,user_9,44,44,
483,16,1100000,0,user_28,44,44,
506,17,0,0,validator_8,100,44,464
464,18,1000000,15700,user_8,44,44,
459,19,1000000,0,user_0,44,44,
489,20,1000000,0,user_35,44,44,
462,21,970000,0,user_5,44,44,
488,22,660000,0,user_35,44,44,
502,23,470000,0,user_49,44,44,
475,24,460000,0,user_13,44,44,
479,25,460000,0,user_14,44,44,
507,26,0,0,validator_8,100,44,473
473,27,220000,181000,user_11,44,44,
463,28,340000,0,user_7,44,44,
497,29,310000,0,user_42,44,44,
481,30,300000,0,user_23,44,44,
496,31,300000,0,user_42,44,44,
495,32,240000,0,user_40,44,44,
469,33,220000,0,user_9,44,44,
466,34,190000,0,user_9,44,44,
484,35,130000,0,user_30,44,44,
460,36,120000,0,user_1,44,44,
468,37,110000,0,user_9,44,44,
494,38,100000,0,user_39,44,44,
474,39,87000,0,user_12,44,44,
485,40,77000,0,user_32,44,44,
560,0,0,0,validator_8,100,45,559
559,1,320000,7190000,user_49,45,45,
538,2,6300000,0,user_33,45,45,
523,3,5000000,0,user_15,45,45,
534,4,5000000,0,user_28,45,45,
519,5,4500000,0,user_11,45,45,
508,6,4200000,0,user_0,45,45,
537,7,2500000,0,user_31,45,45,
530,8,2400000,0,user_25,45,45,
522,9,2000000,0,user_13,45,45,
528,10,2000000,0,user_22,45,45,
550,11,2000000,0,user_39,45,45,
561,12,0,0,validator_8,100,45,526
526,13,1600000,75000,user_18,45,45,
536,14,1400000,0,user_29,45,45,
535,15,1100000,0,user_28,45,45,
552,16,1100000,0,user_41,45,45,
539,17,1000000,0,user_33,45,45,
520,18,870000,0,user_12,45,45,
531,19,630000,0,user_25,45,45,
511,20,460000,0,user_4,45,45,
562,21,0,0,validator_8,100,45,557
557,22,120000,322000,user_48,45,45,
533,23,420000,0,user_27,45,45,
527,24,360000,0,user_21,45,45,
563,25,0,0,validator_8,100,45,516
516,26,120000,195000,user_7,45,45,
542,27,310000,0,user_35,45,45,
558,28,300000,0,user_48,45,45,
541,29,260000,0,user_34,45,45,
532,30,220000,0,user_26,45,45,
551,31,220000,0,user_40,45,45,
512,32,190000,0,user_4,45,45,
556,33,170000,0,user_48,45,45,
524,34,160000,0,user_16,45,45,
513,35,120000,0,user_5,45,45,
514,36,120000,0,user_5,45,45,
529,37,110000,0,user_24,45,45,
521,38,85000,0,user_13,45,45,
540,39,82000,0,user_34,45,45,
517,40,77000,0,user_9,45,45,
585,0,27000000,0,user_20,46,46,
607,1,5200000,0,user_42,46,46,
565,2,5000000,0,user_3,46,46,
569,3,4500000,0,user_6,46,46,
596,4,3600000,350000,user_34,46,46,
616,5,0,0,validator_9,100,46,596
578,6,3600000,0,user_13,46,46,
593,7,3500000,84800,user_30,46,46,
617,8,0,0,validator_9,100,46,593
580,9,2600000,0,user_16,46,46,
582,10,2600000,0,user_18,46,46,
618,11,0,0,validator_9,100,46,595
595,12,2300000,13900,user_32,46,46,
597,13,2100000,0,user_34,46,46,
604,14,2000000,0,user_38,46,46,
611,15,2000000,0,user_45,46,46,
577,16,1400000,0,user_13,46,46,
590,17,1400000,0,user_28,46,46,
600,18,1200000,0,user_34,46,46,
619,19,0,0,validator_9,100,46,613
613,20,370000,769000,user_46,46,46,
609,21,1100000,0,user_43,46,46,
620,22,0,0,validator_9,100,46,605
605,23,1000000,33100,user_40,46,46,
621,24,0,0,validator_9,100,46,614
614,25,660000,8520,user_47,46,46,
622,26,0,0,validator_9,100,46,574
574,27,650000,10700,user_11,46,46,
586,28,630000,0,user_21,46,46,
606,29,470000,0,user_41,46,46,
568,30,350000,0,user_5,46,46,
591,31,340000,0,user_28,46,46,
592,32,340000,0,user_30,46,46,
601,33,340000,0,user_36,46,46,
572,34,260000,0,user_8,46,46,
576,35,220000,0,user_13,46,46,
594,36,220000,0,user_32,46,46,
608,37,220000,0,user_42,46,46,
612,38,220000,0,user_45,46,46,
599,39,190000,0,user_34,46,46,
570,40,170000,0,user_6,46,46,
598,41,170000,0,user_34,46,46,
623,42,0,0,validator_9,100,46,579
579,43,120000,42000,user_16,46,46,
575,44,110000,0,user_12,46,46,
587,45,110000,0,user_24,46,46,
571,46,98000,0,user_7,46,46,
636,0,19000000,0,user_11,47,47,
644,1,6300000,0,user_18,47,47,
669,2,4200000,17000,user_37,47,47,
674,3,4200000,0,user_46,47,47,
662,4,3600000,0,user_31,47,47,
631,5,3200000,0,user_7,47,47,
663,6,2500000,0,user_31,47,47,
652,7,2400000,0,user_25,47,47,
659,8,1900000,0,user_28,47,47,
637,9,1800000,0,user_13,47,47,
632,10,1700000,0,user_7,47,47,
643,11,1600000,0,user_18,47,47,
648,12,1600000,0,user_22,47,47,
630,13,1500000,0,user_6,47,47,
635,14,1400000,155000,user_11,47,47,
626,15,1100000,0,user_1,47,47,
641,16,1100000,8520,user_16,47,47,
656,17,970000,0,user_26,47,47,
664,18,970000,0,user_31,47,47,
673,19,660000,35600,user_45,47,47,
668,20,650000,0,user_35,47,47,
649,21,630000,0,user_23,47,47,
645,22,600000,0,user_18,47,47,
640,23,530000,0,user_16,47,47,
661,24,470000,0,user_30,47,47,
642,25,320000,0,user_17,47,47,
646,26,310000,121000,user_20,47,47,
676,27,300000,0,user_47,47,47,
647,28,260000,0,user_21,47,47,
671,29,260000,0,user_42,47,47,
665,30,240000,195000,user_31,47,47,
638,31,220000,0,user_13,47,47,
655,32,220000,0,user_26,47,47,
660,33,220000,0,user_28,47,47,
672,34,220000,0,user_44,47,47,
657,35,160000,0,user_26,47,47,
634,36,150000,13900,user_10,47,47,
654,37,150000,0,user_26,47,47,
633,38,120000,0,user_9,47,47,
675,39,120000,0,user_46,47,47,
667,40,110000,0,user_33,47,47,
670,41,100000,0,user_40,47,47,
653,42,82000,369000,user_26,47,47,
639,43,77000,0,user_14,47,47,
720,0,30000000,0,user_29,48,48,
711,1,27000000,0,user_21,48,48,
726,2,27000000,0,user_40,48,48,
727,3,27000000,0,user_41,48,48,
686,4,19000000,5180,user_4,48,48,
737,5,0,0,validator_8,100,48,686
738,6,0,0,validator_8,100,48,687
687,7,5200000,32900,user_5,48,48,
689,8,4200000,67500,user_5,48,48,
739,9,0,0,validator_8,100,48,689
721,10,2600000,23500,user_30,48,48,
740,11,0,0,validator_8,100,48,721
735,12,2600000,0,user_48,48,48,
693,13,2400000,10700,user_7,48,48,
741,14,0,0,validator_8,100,48,693
709,15,2400000,0,user_21,48,48,
734,16,2300000,0,user_47,48,48,
694,17,2000000,0,user_7,48,48,
697,18,1400000,0,user_11,48,48,
719,19,1400000,0,user_29,48,48,
725,20,970000,0,user_40,48,48,
705,21,910000,0,user_18,48,48,
716,22,870000,0,user_27,48,48,
718,23,670000,0,user_28,48,48,
742,24,0,0,validator_8,100,48,729
729,25,600000,68100,user_42,48,48,
736,26,650000,0,user_49,48,48,
722,27,600000,0,user_31,48,48,
728,28,360000,68100,user_41,48,48,
743,29,0,0,validator_8,100,48,728
692,30,420000,0,user_7,48,48,
710,31,300000,108000,user_21,48,48,
744,32,0,0,validator_8,100,48,710
698,33,320000,0,user_12,48,48,
690,34,310000,0,user_5,48,48,
683,35,300000,0,user_1,48,48,
712,36,300000,0,user_22,48,48,
745,37,0,0,validator_8,100,48,696
696,38,79000,181000,user_11,48,48,
688,39,220000,0,user_5,48,48,
723,40,120000,75000,user_34,48,48,
746,41,0,0,validator_8,100,48,723
747,42,0,0,validator_8,100,48,685
685,43,110000,60700,user_3,48,48,
748,44,0,0,validator_8,100,48,732
732,45,150000,17000,user_44,48,48,
714,46,160000,0,user_25,48,48,
701,47,150000,0,user_16,48,48,
713,48,150000,0,user_23,48,48,
708,49,130000,0,user_21,48,48,
699,50,120000,0,user_14,48,48,
682,51,110000,0,user_0,48,48,
700,52,110000,0,user_14,48,48,
717,53,98000,0,user_27,48,48,
691,54,84000,0,user_5,48,48,
730,55,83000,0,user_42,48,48,
715,56,82000,0,user_26,48,48,
762,0,27000000,0,user_11,49,49,
792,1,6100000,0,user_43,49,49,
801,2,0,0,validator_3,100,49,783
783,3,5000000,19700,user_33,49,49,
772,4,5000000,0,user_22,49,49,
774,5,4500000,0,user_24,49,49,
768,6,2600000,0,user_18,49,49,
759,7,2400000,0,user_9,49,49,
757,8,2100000,31700,user_8,49,49,
802,9,0,0,validator_3,100,49,757
803,10,0,0,validator_3,100,49,749
749,11,1900000,60700,user_1,49,49,
765,12,1900000,0,user_16,49,49,
750,13,1899999,0,user_2,49,49,749
773,14,1300000,66100,user_24,49,49,
804,15,0,0,validator_3,100,49,773
799,16,1000000,30200,user_47,49,49,
805,17,0,0,validator_3,100,49,799
758,18,1000000,0,user_9,49,49,
761,19,1000000,0,user_11,49,49,
754,20,970000,0,user_6,49,49,
775,21,910000,0,user_24,49,49,
787,22,260000,381000,user_37,49,49,
806,23,0,0,validator_3,100,49,787
760,24,600000,0,user_10,49,49,
807,25,0,0,validator_3,100,49,755
755,26,470000,67900,user_6,49,49,
778,27,470000,0,user_28,49,49,
784,28,460000,0,user_35,49,49,
777,29,370000,0,user_26,49,49,
808,30,0,0,validator_3,100,49,782
782,31,160000,128000,user_32,49,49,
809,32,0,0,validator_3,100,49,798
798,33,110000,128000,user_46,49,49,
756,34,220000,0,user_6,49,49,
780,35,170000,0,user_29,49,49,
767,36,160000,0,user_18,49,49,
810,37,0,0,validator_3,100,49,776
776,38,120000,33100,user_25,49,49,
752,39,150000,0,user_5,49,49,
790,40,130000,0,user_42,49,49,
791,41,120000,0,user_42,49,49,
771,42,110000,0,user_21,49,49,
811,43,0,0,validator_3,100,49,766
766,44,79000,19700,user_16,49,49,
785,45,87000,0,user_36,49,49,
786,46,87000,0,user_37,49,49,
812,47,0,0,validator_3,100,49,763
763,48,73000,13900,user_13,49,49,
770,49,84000,0,user_21,49,49,
793,50,84000,0,user_44,49,49,
788,51,83000,0,user_37,49,49,
779,52,80000,0,user_28,49,49,
753,53,73000,0,user_6,49,49,
764,54,73000,0,user_15,49,49,
816,0,19000000,0,user_4,50,50,
822,1,5000000,0,user_8,50,50,
837,2,4200000,0,user_25,50,50,
848,3,3500000,0,user_36,50,50,
833,4,2600000,0,user_21,50,50,
824,5,2100000,0,user_9,50,50,
813,6,1900000,0,user_0,50,50,
836,7,1600000,39400,user_23,50,50,
844,8,1600000,0,user_34,50,50,
849,9,1600000,779000,user_37,50,50,
817,10,1500000,769000,user_6,50,50,
859,11,1500000,0,user_43,50,50,
863,12,1400000,128000,user_49,50,50,
847,13,1200000,0,user_35,50,50,
862,14,1100000,0,user_48,50,50,
820,15,1000000,0,user_8,50,50,
814,16,970000,0,user_1,50,50,
825,17,870000,139000,user_10,50,50,
831,18,660000,0,user_19,50,50,
853,19,650000,0,user_41,50,50,
839,20,470000,0,user_27,50,50,
835,21,320000,0,user_22,50,50,
828,22,310000,0,user_15,50,50,
832,23,310000,0,user_20,50,50,
858,24,310000,0,user_43,50,50,
823,25,300000,381000,user_8,50,50,
818,26,260000,0,user_7,50,50,
840,27,260000,0,user_29,50,50,
857,28,260000,0,user_43,50,50,
846,29,220000,1100000,user_35,50,50,
855,30,160000,0,user_43,50,50,
815,31,150000,0,user_4,50,50,
819,32,150000,35600,user_8,50,50,
834,33,150000,0,user_21,50,50,
827,34,120000,0,user_14,50,50,
845,35,120000,67500,user_34,50,50,
821,36,100000,139000,user_8,50,50,
829,37,84000,0,user_17,50,50,
838,38,84000,5640,user_26,50,50,
856,39,80000,5180,user_43,50,50,
850,40,77000,0,user_39,50,50,
841,41,73000,0,user_29,50,50,
920,0,43000000,0,user_48,51,51,
882,1,19000000,0,user_18,51,51,
873,2,5000000,0,user_9,51,51,
867,3,3500000,0,user_3,51,51,
895,4,3200000,0,user_25,51,51,
918,5,3200000,67500,user_46,51,51,
876,6,2500000,19700,user_14,51,51,
871,7,2400000,0,user_8,51,51,
916,8,2400000,0,user_44,51,51,
892,9,2100000,7190000,user_23,51,51,
872,10,1600000,0,user_8,51,51,
868,11,1500000,0,user_5,51,51,
908,12,1500000,0,user_36,51,51,
870,13,1300000,0,user_6,51,51,
889,14,1100000,594000,user_22,51,51,
915,15,1000000,0,user_44,51,51,
913,16,910000,0,user_39,51,51,
883,17,870000,0,user_18,51,51,
900,18,870000,0,user_29,51,51,
901,19,670000,769000,user_30,51,51,
914,20,630000,0,user_43,51,51,
884,21,600000,11200,user_19,51,51,
874,22,470000,4320000,user_10,51,51,
878,23,470000,17700000,user_14,51,51,
909,24,460000,0,user_36,51,51,
905,25,370000,0,user_33,51,51,
902,26,360000,0,user_30,51,51,
875,27,350000,0,user_14,51,51,
906,28,350000,0,user_34,51,51,
899,29,340000,0,user_28,51,51,
910,30,340000,0,user_37,51,51,
911,31,320000,0,user_38,51,51,
865,32,299999,0,user_1,51,51,864
886,33,260000,0,user_21,51,51,
881,34,240000,17000,user_17,51,51,
919,35,220000,0,user_47,51,51,
869,36,170000,0,user_5,51,51,
880,37,160000,0,user_17,51,51,
891,38,160000,0,user_22,51,51,
894,39,160000,84800,user_25,51,51,
917,40,120000,0,user_45,51,51,
888,41,110000,3130,user_22,51,51,
890,42,110000,0,user_22,51,51,
896,43,110000,21800,user_26,51,51,
912,44,110000,0,user_38,51,51,
887,45,85000,8520,user_22,51,51,
877,46,82000,0,user_14,51,51,
885,47,80000,0,user_20,51,51,
903,48,80000,0,user_30,51,51,
907,49,80000,0,user_34,51,51,
924,0,43000000,0,user_3,52,52,
945,1,43000000,0,user_28,52,52,
946,2,6300000,0,user_29,52,52,
929,3,5000000,5630,user_5,52,52,
941,4,5000000,0,user_25,52,52,
960,5,4200000,0,user_40,52,52,
955,6,3600000,0,user_38,52,52,
925,7,3500000,0,user_3,52,52,
937,8,2600000,15100,user_22,52,52,
969,9,2600000,0,user_48,52,52,
966,10,2500000,0,user_45,52,52,
930,11,2100000,0,user_9,52,52,
957,12,2000000,0,user_38,52,52,
967,13,2000000,71800,user_46,52,52,
948,14,1900000,0,user_31,52,52,
959,15,1800000,0,user_39,52,52,
934,16,1500000,0,user_18,52,52,
938,17,1500000,0,user_23,52,52,
964,18,1500000,0,user_44,52,52,
936,19,1400000,0,user_22,52,52,
956,20,1400000,0,user_38,52,52,
939,21,1300000,0,user_23,52,52,
954,22,1000000,0,user_38,52,52,
933,23,870000,0,user_17,52,52,
943,24,660000,959000,user_26,52,52,
947,25,460000,0,user_30,52,52,
952,26,350000,545000,user_35,52,52,
962,27,310000,0,user_41,52,52,
968,28,310000,510000,user_47,52,52,
958,29,260000,0,user_39,52,52,
935,30,170000,0,user_21,52,52,
926,31,160000,0,user_3,52,52,
963,32,160000,0,user_41,52,52,
931,33,150000,0,user_13,52,52,
961,34,150000,0,user_40,52,52,
922,35,120000,0,user_1,52,52,
942,36,120000,0,user_25,52,52,
951,37,80000,0,user_34,52,52,
965,38,80000,0,user_45,52,52,
953,39,79000,0,user_36,52,52,
1007,0,43000000,0,user_33,53,53,
1029,1,0,0,validator_6,100,53,1003
1003,2,30000000,13900,user_30,53,53,
1006,3,27000000,0,user_33,53,53,
987,4,970000,7190000,user_18,53,53,
1030,5,0,0,validator_6,100,53,987
1013,6,6300000,0,user_37,53,53,
1015,7,6300000,0,user_38,53,53,
1020,8,5000000,7840,user_42,53,53,
1031,9,0,0,validator_6,100,53,1020
985,10,4500000,0,user_15,53,53,
991,11,4500000,0,user_21,53,53,
1004,12,4200000,0,user_30,53,53,
984,13,3200000,0,user_13,53,53,
1032,14,0,0,validator_6,100,53,980
980,15,2500000,322000,user_10,53,53,
1014,16,2400000,0,user_38,53,53,
977,17,1500000,146000,user_9,53,53,
1033,18,0,0,validator_6,100,53,977
1023,19,1500000,0,user_43,53,53,
972,20,1400000,0,user_3,53,53,
1002,21,1400000,0,user_29,53,53,
1034,22,0,0,validator_6,100,53,983
983,23,1100000,8520,user_13,53,53,
1011,24,1100000,0,user_35,53,53,
975,25,1000000,0,user_6,53,53,
1024,26,670000,47700,user_44,53,53,
1035,27,0,0,validator_6,100,53,1024
1036,28,0,0,validator_6,100,53,1022
1022,29,530000,181000,user_42,53,53,
1037,30,0,0,validator_6,100,53,994
994,31,650000,16400,user_21,53,53,
992,32,660000,0,user_21,53,53,
982,33,470000,161000,user_10,53,53,
1038,34,0,0,validator_6,100,53,982
986,35,470000,0,user_16,53,53,
978,36,360000,0,user_10,53,53,
1025,37,220000,0,user_45,53,53,
971,38,190000,0,user_3,53,53,
1009,39,190000,0,user_35,53,53,
989,40,170000,0,user_20,53,53,
1021,41,150000,5180,user_42,53,53,
1039,42,0,0,validator_6,100,53,1021
990,43,130000,0,user_21,53,53,
976,44,120000,0,user_8,53,53,
993,45,120000,0,user_21,53,53,
1005,46,120000,0,user_31,53,53,
1010,47,120000,0,user_35,53,53,
981,48,110000,0,user_10,53,53,
1001,49,110000,0,user_28,53,53,
1026,50,110000,0,user_47,53,53,
1027,51,110000,0,user_48,53,53,
979,52,100000,0,user_10,53,53,
973,53,84000,0,user_4,53,53,
988,54,80000,0,user_19,53,53,
1012,55,77000,0,user_35,53,53,
1049,0,43000000,0,user_11,54,54,
1062,1,30000000,0,user_20,54,54,
1076,2,27000000,0,user_30,54,54,
1053,3,19000000,0,user_13,54,54,
1070,4,19000000,0,user_24,54,54,
1093,5,0,0,validator_1,100,54,1047
1047,6,120000,17700000,user_8,54,54,
1056,7,6100000,0,user_15,54,54,
1081,8,5200000,0,user_38,54,54,
1086,9,300000,4320000,user_41,54,54,
1094,10,0,0,validator_1,100,54,1086
1072,11,3500000,0,user_26,54,54,
1068,12,2400000,0,user_23,54,54,
1095,13,0,0,validator_1,100,54,1090
1090,14,2300000,12300,user_43,54,54,
1059,15,2000000,0,user_18,54,54,
1051,16,1600000,0,user_13,54,54,
1065,17,1300000,0,user_21,54,54,
1096,18,0,0,validator_1,100,54,1060
1060,19,1200000,46500,user_19,54,54,
1077,20,1100000,0,user_31,54,54,
1082,21,1100000,0,user_38,54,54,
1084,22,1100000,0,user_40,54,54,
1097,23,0,0,validator_1,100,54,1067
1067,24,1000000,33100,user_23,54,54,
1050,25,1000000,0,user_12,54,54,
1052,26,1000000,0,user_13,54,54,
1064,27,1000000,0,user_21,54,54,
1091,28,630000,0,user_48,54,54,
1071,29,600000,0,user_25,54,54,
1073,30,530000,0,user_27,54,54,
1057,31,460000,0,user_16,54,54,
1098,32,0,0,validator_1,100,54,1083
1083,33,150000,296000,user_39,54,54,
1040,34,420000,0,user_1,54,54,
1099,35,0,0,validator_1,100,54,1041
1041,36,310000,49100,user_1,54,54,
1092,37,350000,0,user_49,54,54,
1063,38,320000,0,user_20,54,54,
1088,39,320000,0,user_42,54,54,
1100,40,0,0,validator_1,100,54,1075
1075,41,170000,73100,user_29,54,54,
1046,42,220000,13900,user_7,54,54,
1101,43,0,0,validator_1,100,54,1046
1074,44,170000,0,user_28,54,54,
1061,45,160000,0,user_19,54,54,
1078,46,150000,0,user_33,54,54,
1085,47,150000,0,user_41,54,54,
1054,48,120000,0,user_13,54,54,
1089,49,120000,0,user_43,54,54,
1087,50,110000,0,user_41,54,54,
1048,51,98000,0,user_10,54,54,
1069,52,70000,0,user_24,54,54,
1132,0,27000000,0,user_28,55,55,
1114,1,19000000,24700,user_13,55,55,
1162,2,0,0,validator_12,100,55,1114
1117,3,19000000,0,user_16,55,55,
1116,4,4200000,0,user_15,55,55,
1110,5,3600000,0,user_11,55,55,
1153,6,3200000,73100,user_44,55,55,
1163,7,0,0,validator_12,100,55,1153
1164,8,0,0,validator_12,100,55,1135
1135,9,1600000,1100000,user_29,55,55,
1136,10,2300000,0,user_29,55,55,
1124,11,2100000,0,user_20,55,55,
1155,12,2000000,0,user_46,55,55,
1150,13,1600000,0,user_44,55,55,
1165,14,0,0,validator_12,100,55,1130
1130,15,1500000,66100,user_22,55,55,
1166,16,0,0,validator_12,100,55,1107
1107,17,1000000,285000,user_10,55,55,
1139,18,120000,1100000,user_33,55,55,
1167,19,0,0,validator_12,100,55,1139
1108,20,1200000,0,user_11,55,55,
1137,21,1200000,0,user_30,55,55,
1133,22,1100000,15700,user_28,55,55,
1168,23,0,0,validator_12,100,55,1133
1161,24,1100000,0,user_49,55,55,
1142,25,910000,0,user_36,55,55,
1154,26,910000,0,user_46,55,55,
1169,27,0,0,validator_12,100,55,1160
1160,28,110000,779000,user_49,55,55,
1170,29,0,0,validator_12,100,55,1156
1156,30,670000,16400,user_46,55,55,
1152,31,630000,56200,user_44,55,55,
1171,32,0,0,validator_12,100,55,1152
1112,33,660000,0,user_11,55,55,
1172,34,0,0,validator_12,100,55,1134
1134,35,160000,381000,user_29,55,55,
1123,36,470000,0,user_19,55,55,
1143,37,460000,0,user_37,55,55,
1173,38,0,0,validator_12,100,55,1118
1118,39,420000,13800,user_16,55,55,
1105,40,370000,0,user_4,55,55,
1140,41,350000,0,user_34,55,55,
1120,42,340000,0,user_17,55,55,
1109,43,310000,0,user_11,55,55,
1111,44,220000,0,user_11,55,55,
1159,45,120000,68100,user_49,55,55,
1174,46,0,0,validator_12,100,55,1159
1115,47,170000,0,user_14,55,55,
1103,48,150000,15700,user_1,55,55,
1175,49,0,0,validator_12,100,55,1103
1119,50,160000,0,user_16,55,55,
1146,51,160000,0,user_40,55,55,
1104,52,150001,0,user_1,55,55,1103
1138,53,150000,0,user_32,55,55,
1157,54,150000,0,user_46,55,55,
1113,55,110000,0,user_12,55,55,
1158,56,110000,0,user_46,55,55,
1151,57,98000,0,user_44,55,55,
1141,58,79000,0,user_35,55,55,
1195,0,43000000,71800,user_18,56,56,
1213,1,43000000,0,user_32,56,56,
1196,2,27000000,0,user_19,56,56,
1200,3,6100000,779000,user_23,56,56,
1176,4,5000000,0,user_3,56,56,
1208,5,4500000,0,user_29,56,56,
1214,6,4200000,0,user_33,56,56,
1179,7,2500000,0,user_7,56,56,
1180,8,2300000,0,user_8,56,56,
1190,9,2300000,6390,user_14,56,56,
1197,10,2100000,181000,user_19,56,56,
1184,11,2000000,0,user_9,56,56,
1212,12,1900000,0,user_32,56,56,
1239,13,1700000,0,user_47,56,56,
1183,14,1600000,0,user_8,56,56,
1206,15,1500000,0,user_26,56,56,
1209,16,1200000,0,user_29,56,56,
1226,17,1000000,0,user_40,56,56,
1229,18,1000000,0,user_40,56,56,
1191,19,670000,0,user_15,56,56,
1220,20,670000,0,user_38,56,56,
1234,21,660000,0,user_43,56,56,
1205,22,630000,0,user_26,56,56,
1236,23,530000,0,user_45,56,56,
1181,24,420000,0,user_8,56,56,
1204,25,420000,0,user_26,56,56,
1211,26,350000,0,user_31,56,56,
1231,27,350000,0,user_41,56,56,
1202,28,340000,128000,user_25,56,56,
1187,29,300000,0,user_11,56,56,
1240,30,300000,16400,user_48,56,56,
1177,31,260000,0,user_4,56,56,
1189,32,260000,0,user_14,56,56,
1232,33,240000,285000,user_42,56,56,
1203,34,220000,350000,user_26,56,56,
1228,35,160000,1100000,user_40,56,56,
1194,36,150000,0,user_18,56,56,
1227,37,150000,959000,user_40,56,56,
1188,38,120000,0,user_13,56,56,
1198,39,120000,139000,user_20,56,56,
1215,40,120000,1100000,user_34,56,56,
1230,41,120000,0,user_40,56,56,
1233,42,120000,0,user_43,56,56,
1237,43,120000,0,user_46,56,56,
1178,44,110000,0,user_7,56,56,
1199,45,110000,0,user_21,56,56,
1217,46,110000,0,user_36,56,56,
1185,47,100000,0,user_10,56,56,
1235,48,100000,0,user_44,56,56,
1218,49,98000,32900,user_36,56,56,
1182,50,85000,0,user_8,56,56,
1216,51,84000,0,user_36,56,56,
1238,52,82000,0,user_47,56,56,
1186,53,73000,0,user_10,56,56,
1219,54,73000,0,user_36,56,56,
1262,0,5000000,0,user_19,57,57,
1259,1,4500000,0,user_14,57,57,
1249,2,2600000,0,user_3,57,57,
1250,3,2300000,0,user_4,57,57,
1274,4,2000000,0,user_39,57,57,
1251,5,1900000,0,user_5,57,57,
1260,6,1700000,7840,user_15,57,57,
1291,7,0,0,validator_11,100,57,1260
1263,8,1600000,0,user_24,57,57,
1266,9,1600000,0,user_32,57,57,
1264,10,1400000,0,user_27,57,57,
1289,11,1400000,0,user_49,57,57,
1252,12,1300000,64600,user_6,57,57,
1292,13,0,0,validator_11,100,57,1252
1275,14,1100000,0,user_41,57,57,
1293,15,0,0,validator_11,100,57,1242
1242,16,110000,410000,user_0,57,57,
1294,17,0,0,validator_11,100,57,1285
1285,18,220000,285000,user_48,57,57,
1267,19,470000,0,user_33,57,57,
1270,20,470000,0,user_37,57,57,
1286,21,470000,0,user_48,57,57,
1256,22,420000,0,user_11,57,57,
1272,23,420000,0,user_38,57,57,
1273,24,420000,0,user_38,57,57,
1281,25,370000,11200,user_44,57,57,
1295,26,0,0,validator_11,100,57,1281
1254,27,360000,0,user_8,57,57,
1284,28,360000,0,user_47,57,57,
1277,29,310000,0,user_42,57,57,
1280,30,310000,0,user_43,57,57,
1269,31,300000,0,user_35,57,57,
1283,32,160000,139000,user_46,57,57,
1296,33,0,0,validator_11,100,57,1283
1261,34,260000,0,user_17,57,57,
1265,35,260000,0,user_30,57,57,
1279,36,220000,0,user_42,57,57,
1297,37,0,0,validator_11,100,57,1268
1268,38,85000,108000,user_34,57,57,
1288,39,170000,0,user_49,57,57,
1290,40,160000,0,user_49,57,57,
1287,41,110000,10700,user_49,57,57,
1298,42,0,0,validator_11,100,57,1287
1253,43,120000,0,user_8,57,57,
1278,44,120000,0,user_42,57,57,
1244,45,110001,0,user_1,57,57,1242
1247,46,110001,0,user_1,57,57,1242
1248,47,110001,0,user_2,57,57,1242
1271,48,110000,0,user_38,57,57,
1276,49,110000,0,user_41,57,57,
1243,50,109999,0,user_1,57,57,1242
1245,51,109999,0,user_1,57,57,1242
1246,52,109999,0,user_1,57,57,1242
1282,53,98000,0,user_46,57,57,
1354,0,0,0,validator_2,100,58,1306
1306,1,27000000,4320000,user_7,58,58,
1304,2,30000000,0,user_5,58,58,
1336,3,27000000,121000,user_32,58,58,
1355,4,0,0,validator_2,100,58,1336
1308,5,19000000,0,user_9,58,58,
1344,6,6300000,0,user_41,58,58,
1309,7,6100000,0,user_12,58,58,
1346,8,5200000,0,user_41,58,58,
1301,9,5000000,0,user_3,58,58,
1341,10,5000000,0,user_38,58,58,
1348,11,4500000,13900,user_42,58,58,
1356,12,0,0,validator_2,100,58,1348
1342,13,3500000,0,user_38,58,58,
1347,14,2600000,0,user_41,58,58,
1327,15,2100000,0,user_21,58,58,
1332,16,2100000,0,user_28,58,58,
1302,17,2000000,0,user_3,58,58,
1339,18,1900000,0,user_34,58,58,
1352,19,1500000,0,user_46,58,58,
1325,20,1300000,0,user_21,58,58,
1320,21,1200000,0,user_18,58,58,
1303,22,870000,0,user_4,58,58,
1324,23,670000,0,user_21,58,58,
1326,24,660000,0,user_21,58,58,
1312,25,630000,0,user_14,58,58,
1335,26,460000,0,user_32,58,58,
1357,27,0,0,validator_2,100,58,1316
1316,28,320000,128000,user_16,58,58,
1350,29,360000,0,user_45,58,58,
1323,30,350000,0,user_21,58,58,
1311,31,340000,0,user_14,58,58,
1333,32,320000,0,user_28,58,58,
1351,33,300000,0,user_45,58,58,
1317,34,170000,0,user_17,58,58,
1322,35,160000,0,user_20,58,58,
1334,36,160000,0,user_30,58,58,
1353,37,160000,0,user_49,58,58,
1319,38,150000,0,user_17,58,58,
1321,39,150000,0,user_18,58,58,
1331,40,110000,35600,user_27,58,58,
1358,41,0,0,validator_2,100,58,1331
1345,42,77000,56200,user_41,58,58,
1359,43,0,0,validator_2,100,58,1345
1318,44,130000,0,user_17,58,58,
1307,45,120000,0,user_9,58,58,
1360,46,0,0,validator_2,100,58,1343
1343,47,87000,15700,user_41,58,58,
1338,48,100000,0,user_33,58,58,
1305,49,98000,0,user_6,58,58,
1337,50,73000,18600,user_33,58,58,
1361,51,0,0,validator_2,100,58,1337
1330,52,84000,0,user_26,58,58,
1407,0,0,0,validator_13,100,59,1376
1376,1,30000000,545000,user_13,59,59,
1377,2,6300000,283000,user_14,59,59,
1408,3,0,0,validator_13,100,59,1377
1366,4,6100000,0,user_4,59,59,
1401,5,4200000,0,user_44,59,59,
1409,6,0,0,validator_13,100,59,1365
1365,7,3500000,100000,user_2,59,59,
1397,8,2600000,0,user_35,59,59,
1410,9,0,0,validator_13,100,59,1402
1402,10,2500000,13900,user_46,59,59,
1368,11,1900000,0,user_7,59,59,
1379,12,1800000,0,user_15,59,59,
1380,13,1600000,0,user_17,59,59,
1383,14,1300000,0,user_21,59,59,
1395,15,1100000,0,user_35,59,59,
1390,16,1000000,12800,user_26,59,59,
1411,17,0,0,validator_13,100,59,1390
1403,18,970000,0,user_47,59,59,
1378,19,870000,0,user_14,59,59,
1381,20,630000,0,user_17,59,59,
1406,21,460000,0,user_49,59,59,
1404,22,340000,0,user_48,59,59,
1374,23,320000,0,user_13,59,59,
1364,24,260000,0,user_1,59,59,
1393,25,260000,0,user_31,59,59,
1394,26,220000,0,user_33,59,59,
1398,27,170000,36800,user_37,59,59,
1412,28,0,0,validator_13,100,59,1398
1396,29,170000,0,user_35,59,59,
1413,30,0,0,validator_13,100,59,1391
1391,31,160000,5640,user_27,59,59,
1414,32,0,0,validator_13,100,59,1392
1392,33,150000,10700,user_28,59,59,
1389,34,98000,0,user_26,59,59,
1405,35,98000,0,user_48,59,59,
1373,36,85000,0,user_12,59,59,
1375,37,79000,0,user_13,59,59,
1428,0,6300000,0,user_14,60,60,
1458,1,4200000,0,user_48,60,60,
1436,2,3500000,15700,user_22,60,60,
1440,3,2600000,0,user_28,60,60,
1453,4,2400000,0,user_45,60,60,
1452,5,1900000,0,user_44,60,60,
1416,6,1800000,0,user_3,60,60,
1415,7,1600000,39400,user_2,60,60,
1419,8,1600000,15100,user_4,60,60,
1442,9,1600000,161000,user_30,60,60,
1426,10,1100000,0,user_13,60,60,
1434,11,1000000,0,user_21,60,60,
1460,12,650000,0,user_48,60,60,
1456,13,420000,0,user_48,60,60,
1455,14,350000,594000,user_47,60,60,
1425,15,310000,121000,user_11,60,60,
1417,16,260000,0,user_3,60,60,
1424,17,260000,0,user_10,60,60,
1433,18,260000,0,user_20,60,60,
1448,19,260000,0,user_38,60,60,
1418,20,240000,369000,user_4,60,60,
1444,21,220000,0,user_33,60,60,
1437,22,190000,75000,user_24,60,60,
1457,23,190000,0,user_48,60,60,
1427,24,170000,0,user_14,60,60,
1438,25,160000,0,user_26,60,60,
1435,26,150000,0,user_21,60,60,
1450,27,150000,0,user_42,60,60,
1459,28,150000,0,user_48,60,60,
1421,29,120000,0,user_6,60,60,
1446,30,120000,0,user_36,60,60,
1447,31,120000,0,user_36,60,60,
1422,32,110000,0,user_6,60,60,
1443,33,110000,0,user_31,60,60,
1420,34,100000,139000,user_5,60,60,
1432,35,100000,12800,user_19,60,60,
1449,36,85000,0,user_39,60,60,
1423,37,79000,60700,user_7,60,60,
1493,0,27000000,0,user_25,61,61,
1497,1,27000000,0,user_32,61,61,
1470,2,19000000,0,user_7,61,61,
1477,3,3500000,0,user_11,61,61,
1465,4,2100000,0,user_3,61,61,
1474,5,2100000,0,user_9,61,61,
1490,6,2000000,0,user_25,61,61,
1491,7,2000000,0,user_25,61,61,
1469,8,1800000,0,user_5,61,61,
1471,9,1800000,0,user_7,61,61,
1503,10,1600000,0,user_39,61,61,
1475,11,1400000,0,user_9,61,61,
1486,12,1100000,0,user_21,61,61,
1511,13,1100000,0,user_45,61,61,
1467,14,1000000,0,user_3,61,61,
1485,15,650000,350000,user_21,61,61,
1517,16,0,0,validator_2,100,61,1485
1504,17,1000000,0,user_41,61,61,
1468,18,910000,0,user_3,61,61,
1463,19,909999,0,user_2,61,61,1462
1518,20,0,0,validator_2,100,61,1482
1482,21,870000,36800,user_16,61,61,
1464,22,660000,0,user_3,61,61,
1492,23,660000,0,user_25,61,61,
1512,24,650000,0,user_46,61,61,
1519,25,0,0,validator_2,100,61,1478
1478,26,600000,19700,user_12,61,61,
1476,27,470000,139000,user_10,61,61,
1520,28,0,0,validator_2,100,61,1476
1521,29,0,0,validator_2,100,61,1487
1487,30,460000,47700,user_23,61,61,
1498,31,420000,67500,user_33,61,61,
1522,32,0,0,validator_2,100,61,1498
1515,33,420000,0,user_48,61,61,
1510,34,360000,0,user_44,61,61,
1480,35,310000,0,user_14,61,61,
1494,36,310000,0,user_28,61,61,
1484,37,220000,0,user_20,61,61,
1496,38,220000,0,user_30,61,61,
1516,39,120000,0,user_49,61,61,
1483,40,84000,0,user_18,61,61,
1495,41,82000,0,user_28,61,61,
1466,42,79000,0,user_3,61,61,
1573,0,0,0,validator_13,100,62,1525
1525,1,5000000,21800,user_1,62,62,
1554,2,4500000,0,user_32,62,62,
1574,3,0,0,validator_13,100,62,1566
1566,4,4200000,68100,user_47,62,62,
1526,5,4200000,0,user_3,62,62,
1570,6,3600000,0,user_48,62,62,
1556,7,3500000,0,user_37,62,62,
1537,8,2600000,0,user_13,62,62,
1559,9,2300000,0,user_39,62,62,
1572,10,1800000,0,user_48,62,62,
1548,11,1600000,64600,user_26,62,62,
1575,12,0,0,validator_13,100,62,1548
1562,13,1600000,0,user_41,62,62,
1540,14,1500000,0,user_18,62,62,
1549,15,1500000,0,user_28,62,62,
1552,16,1400000,0,user_32,62,62,
1576,17,0,0,validator_13,100,62,1558
1558,18,1100000,231000,user_39,62,62,
1565,19,970000,0,user_45,62,62,
1568,20,630000,283000,user_48,62,62,
1577,21,0,0,validator_13,100,62,1568
1567,22,670000,0,user_47,62,62,
1563,23,460000,0,user_43,62,62,
1550,24,350000,0,user_29,62,62,
1536,25,340000,0,user_12,62,62,
1557,26,320000,0,user_38,62,62,
1555,27,310000,0,user_32,62,62,
1547,28,300000,0,user_26,62,62,
1551,29,300000,0,user_32,62,62,
1538,30,260000,0,user_14,62,62,
1539,31,260000,0,user_14,62,62,
1546,32,260000,0,user_25,62,62,
1545,33,220000,0,user_24,62,62,
1553,34,220000,0,user_32,62,62,
1578,35,0,0,validator_13,100,62,1527
1527,36,190000,5640,user_4,62,62,
1543,37,160000,0,user_21,62,62,
1569,38,150000,0,user_48,62,62,
1524,39,120000,0,user_1,62,62,
1528,40,110000,0,user_5,62,62,
1571,41,110000,0,user_48,62,62,
1564,42,82000,0,user_44,62,62,
1529,43,77000,0,user_8,62,62,
1541,44,77000,0,user_19,62,62,
1579,0,30000000,0,user_0,63,63,
1600,1,6300000,0,user_19,63,63,
1621,2,3200000,30200,user_40,63,63,
1634,3,0,0,validator_7,100,63,1621
1595,4,3200000,0,user_12,63,63,
1609,5,2600000,0,user_30,63,63,
1614,6,2500000,0,user_34,63,63,
1633,7,2400000,0,user_49,63,63,
1610,8,2100000,0,user_31,63,63,
1631,9,2000000,0,user_46,63,63,
1607,10,1900000,0,user_26,63,63,
1627,11,1900000,0,user_45,63,63,
1619,12,1700000,0,user_37,63,63,
1589,13,1500000,0,user_7,63,63,
1590,14,1500000,0,user_8,63,63,
1606,15,1300000,181000,user_26,63,63,
1635,16,0,0,validator_7,100,63,1606
1623,17,1400000,33100,user_43,63,63,
1636,18,0,0,validator_7,100,63,1623
1617,19,1400000,0,user_36,63,63,
1581,20,1300000,0,user_2,63,63,
1605,21,1100000,0,user_26,63,63,
1624,22,1000000,84800,user_44,63,63,
1637,23,0,0,validator_7,100,63,1624
1603,24,1000000,0,user_24,63,63,
1604,25,1000000,0,user_26,63,63,
1584,26,870000,0,user_4,63,63,
1583,27,670000,0,user_4,63,63,
1622,28,650000,0,user_41,63,63,
1625,29,630000,0,user_45,63,63,
1599,30,470000,0,user_18,63,63,
1594,31,80000,296000,user_12,63,63,
1638,32,0,0,validator_7,100,63,1594
1580,33,370000,0,user_1,63,63,
1591,34,310000,0,user_9,63,63,
1618,35,310000,0,user_37,63,63,
1588,36,260000,0,user_6,63,63,
1585,37,220000,0,user_4,63,63,
1629,38,220000,0,user_46,63,63,
1616,39,160000,0,user_36,63,63,
1620,40,160000,0,user_38,63,63,
1602,41,150000,0,user_22,63,63,
1626,42,150000,0,user_45,63,63,
1632,43,150000,0,user_47,63,63,
1582,44,120000,0,user_4,63,63,
1630,45,110000,0,user_46,63,63,
1587,46,98000,0,user_5,63,63,
1592,47,83000,0,user_10,63,63,
1628,48,83000,0,user_46,63,63,
1615,49,70000,3130,user_35,63,63,
1639,50,0,0,validator_7,100,63,1615
1586,51,70000,0,user_4,63,63,
1687,0,43000000,0,user_39,64,64,
1678,1,19000000,36800,user_28,64,64,
1683,2,6300000,33100,user_32,64,64,
1655,3,3200000,0,user_12,64,64,
1694,4,3200000,0,user_45,64,64,
1696,5,3200000,0,user_46,64,64,
1659,6,2600000,0,user_16,64,64,
1660,7,2500000,0,user_16,64,64,
1674,8,2500000,0,user_24,64,64,
1647,9,2000000,0,user_3,64,64,
1684,10,2000000,0,user_33,64,64,
1672,11,1900000,0,user_24,64,64,
1651,12,1600000,0,user_7,64,64,
1670,13,1600000,0,user_22,64,64,
1646,14,1500000,0,user_3,64,64,
1669,15,1500000,0,user_22,64,64,
1677,16,1500000,0,user_27,64,64,
1645,17,1300000,0,user_3,64,64,
1656,18,1300000,0,user_13,64,64,
1676,19,1000000,0,user_26,64,64,
1661,20,870000,0,user_16,64,64,
1693,21,870000,0,user_45,64,64,
1658,22,660000,0,user_16,64,64,
1673,23,660000,0,user_24,64,64,
1640,24,630000,0,user_0,64,64,
1653,25,470000,0,user_9,64,64,
1697,26,370000,0,user_46,64,64,
1663,27,360000,0,user_17,64,64,
1664,28,310000,0,user_18,64,64,
1686,29,240000,0,user_39,64,64,
1690,30,240000,0,user_43,64,64,
1691,31,220000,256000,user_43,64,64,
1692,32,220000,0,user_44,64,64,
1641,33,170000,0,user_0,64,64,
1642,34,170000,0,user_1,64,64,
1681,35,170000,0,user_30,64,64,
1698,36,160000,0,user_46,64,64,
1654,37,150000,0,user_11,64,64,
1701,38,150000,0,user_49,64,64,
1680,39,130000,0,user_30,64,64,
1662,40,120000,5180,user_16,64,64,
1667,41,120000,16400,user_20,64,64,
1657,42,110000,0,user_14,64,64,
1695,43,110000,42000,user_46,64,64,
1699,44,100000,5630,user_46,64,64,
1643,45,87000,0,user_1,64,64,
1648,46,87000,0,user_3,64,64,
1644,47,85000,0,user_2,64,64,
1650,48,84000,545000,user_6,64,64,
1685,49,84000,0,user_36,64,64,
1688,50,83000,0,user_41,64,64,
1665,51,82000,0,user_18,64,64,
1666,52,77000,0,user_20,64,64,
1689,53,70000,0,user_42,64,64,
1745,0,0,0,validator_6,100,65,1733
1733,1,43000000,36800,user_35,65,65,
1730,2,6300000,0,user_31,65,65,
1707,3,5200000,0,user_4,65,65,
1718,4,2600000,0,user_14,65,65,
1717,5,2500000,0,user_13,65,65,
1746,6,0,0,validator_6,100,65,1721
1721,7,2400000,5640,user_19,65,65,
1739,8,2300000,0,user_44,65,65,
1747,9,0,0,validator_6,100,65,1713
1713,10,1900000,350000,user_11,65,65,
1744,11,1900000,0,user_48,65,65,
1727,12,1700000,56200,user_28,65,65,
1748,13,0,0,validator_6,100,65,1727
1709,14,1500000,0,user_6,65,65,
1740,15,1500000,0,user_45,65,65,
1725,16,1300000,21800,user_25,65,65,
1749,17,0,0,validator_6,100,65,1725
1703,18,70000,959000,user_0,65,65,
1750,19,0,0,validator_6,100,65,1703
1728,20,1000000,0,user_29,65,65,
1735,21,870000,0,user_37,65,65,
1712,22,670000,67500,user_11,65,65,
1751,23,0,0,validator_6,100,65,1712
1731,24,630000,0,user_32,65,65,
1702,25,320000,0,user_0,65,65,
1715,26,320000,0,user_11,65,65,
1706,27,310000,0,user_3,65,65,
1711,28,300000,0,user_11,65,65,
1710,29,120000,121000,user_7,65,65,
1752,30,0,0,validator_6,100,65,1710
1738,31,190000,0,user_43,65,65,
1743,32,150000,35600,user_47,65,65,
1753,33,0,0,validator_6,100,65,1743
1726,34,170000,14200,user_27,65,65,
1754,35,0,0,validator_6,100,65,1726
1729,36,160000,14200,user_30,65,65,
1755,37,0,0,validator_6,100,65,1729
1720,38,73000,68100,user_19,65,65,
1756,39,0,0,validator_6,100,65,1720
1742,40,120000,0,user_46,65,65,
1757,41,0,0,validator_6,100,65,1716
1716,42,84000,34700,user_12,65,65,
1741,43,110000,0,user_46,65,65,
1732,44,98000,0,user_35,65,65,
1714,45,79000,0,user_11,65,65,
1722,46,79000,0,user_21,65,65,
1719,47,77000,0,user_14,65,65,
1704,48,70001,0,user_1,65,65,1703
1705,49,69999,0,user_2,65,65,1703
1796,0,43000000,0,user_35,66,66,
1797,1,27000000,0,user_36,66,66,
1818,2,0,0,validator_13,100,66,1783
1783,3,5000000,47700,user_28,66,66,
1788,4,4500000,0,user_32,66,66,
1802,5,4200000,15700,user_38,66,66,
1819,6,0,0,validator_13,100,66,1802
1794,7,4200000,0,user_34,66,66,
1814,8,3200000,0,user_46,66,66,
1798,9,2300000,0,user_36,66,66,
1816,10,2000000,0,user_48,66,66,
1762,11,1900000,0,user_10,66,66,
1815,12,1900000,0,user_47,66,66,
1780,13,1800000,0,user_25,66,66,
1820,14,0,0,validator_13,100,66,1805
1805,15,1500000,15700,user_43,66,66,
1803,16,1400000,0,user_38,66,66,
1821,17,0,0,validator_13,100,66,1767
1767,18,1000000,350000,user_13,66,66,
1822,19,0,0,validator_13,100,66,1812
1812,20,1300000,33100,user_46,66,66,
1793,21,530000,779000,user_34,66,66,
1823,22,0,0,validator_13,100,66,1793
1768,23,1100000,195000,user_14,66,66,
1824,24,0,0,validator_13,100,66,1768
1781,25,1100000,0,user_26,66,66,
1786,26,1100000,0,user_29,66,66,
1825,27,0,0,validator_13,100,66,1817
1817,28,1000000,68100,user_49,66,66,
1763,29,1000000,0,user_10,66,66,
1775,30,1000000,0,user_24,66,66,
1810,31,1000000,0,user_44,66,66,
1787,32,670000,0,user_30,66,66,
1792,33,670000,0,user_34,66,66,
1764,34,650000,0,user_10,66,66,
1770,35,650000,0,user_19,66,66,
1777,36,650000,0,user_25,66,66,
1806,37,77000,545000,user_44,66,66,
1826,38,0,0,validator_13,100,66,1806
1799,39,360000,0,user_37,66,66,
1779,40,340000,0,user_25,66,66,
1795,41,310000,0,user_35,66,66,
1809,42,310000,0,user_44,66,66,
1769,43,300000,0,user_17,66,66,
1827,44,0,0,validator_13,100,66,1782
1782,45,240000,43600,user_28,66,66,
1828,46,0,0,validator_13,100,66,1800
1800,47,85000,195000,user_37,66,66,
1791,48,220000,36800,user_34,66,66,
1829,49,0,0,validator_13,100,66,1791
1830,50,0,0,validator_13,100,66,1790
1790,51,220000,35600,user_34,66,66,
1831,52,0,0,validator_13,100,66,1772
1772,53,170000,46500,user_21,66,66,
1759,54,190000,0,user_3,66,66,
1808,55,160000,0,user_44,66,66,
1776,56,150000,8520,user_25,66,66,
1832,57,0,0,validator_13,100,66,1776
1789,58,150000,0,user_32,66,66,
1811,59,150000,0,user_46,66,66,
1784,60,110000,0,user_28,66,66,
1801,61,110000,0,user_37,66,66,
1766,62,82000,17000,user_12,66,66,
1833,63,0,0,validator_13,100,66,1766
1778,64,87000,0,user_25,66,66,
1813,65,85000,0,user_46,66,66,
1807,66,82000,0,user_44,66,66,
1785,67,77000,0,user_29,66,66,
1875,0,43000000,0,user_44,67,67,
1857,1,19000000,0,user_23,67,67,
1872,2,6300000,195000,user_42,67,67,
1856,3,5200000,0,user_22,67,67,
1874,4,5200000,0,user_43,67,67,
1859,5,4500000,0,user_25,67,67,
1841,6,3600000,0,user_8,67,67,
1868,7,3500000,769000,user_35,67,67,
1850,8,3200000,0,user_18,67,67,
1855,9,3200000,0,user_21,67,67,
1835,10,2500000,46500,user_1,67,67,
1852,11,2300000,34700,user_18,67,67,
1849,12,2100000,0,user_17,67,67,
1876,13,1900000,0,user_44,67,67,
1870,14,1600000,84800,user_36,67,67,
1851,15,1500000,35100,user_18,67,67,
1878,16,1500000,0,user_45,67,67,
1863,17,1400000,0,user_31,67,67,
1854,18,670000,0,user_19,67,67,
1840,19,660000,7840,user_8,67,67,
1845,20,660000,0,user_14,67,67,
1848,21,650000,0,user_16,67,67,
1853,22,470000,0,user_18,67,67,
1838,23,460000,0,user_5,67,67,
1871,24,460000,0,user_39,67,67,
1862,25,420000,0,user_29,67,67,
1880,26,320000,0,user_46,67,67,
1839,27,260000,0,user_7,67,67,
1877,28,170000,0,user_45,67,67,
1881,29,160000,0,user_48,67,67,
1867,30,150000,0,user_34,67,67,
1879,31,150000,13800,user_46,67,67,
1842,32,130000,0,user_9,67,67,
1866,33,120000,0,user_33,67,67,
1861,34,110000,0,user_28,67,67,
1873,35,98000,181000,user_43,67,67,
1865,36,83000,0,user_33,67,67,
1843,37,80000,0,user_11,67,67,
1869,38,79000,0,user_35,67,67,
1939,0,30000000,0,user_41,68,68,
1931,1,19000000,0,user_37,68,68,
1945,2,19000000,0,user_48,68,68,
1935,3,6300000,0,user_37,68,68,
1930,4,6100000,0,user_35,68,68,
1920,5,4500000,0,user_27,68,68,
1897,6,3500000,283000,user_8,68,68,
1947,7,0,0,validator_10,100,68,1897
1929,8,2400000,0,user_34,68,68,
1915,9,2000000,0,user_22,68,68,
1918,10,2000000,0,user_25,68,68,
1923,11,2000000,0,user_27,68,68,
1894,12,1800000,0,user_5,68,68,
1946,13,1700000,0,user_49,68,68,
1906,14,1500000,0,user_14,68,68,
1934,15,1500000,0,user_37,68,68,
1891,16,1400000,0,user_5,68,68,
1903,17,1400000,0,user_13,68,68,
1933,18,1300000,0,user_37,68,68,
1901,19,1100000,0,user_13,68,68,
1914,20,120000,959000,user_22,68,68,
1948,21,0,0,validator_10,100,68,1914
1902,22,1000000,23500,user_13,68,68,
1949,23,0,0,validator_10,100,68,1902
1893,24,1000000,0,user_5,68,68,
1909,25,1000000,0,user_17,68,68,
1916,26,910000,0,user_23,68,68,
1917,27,670000,0,user_24,68,68,
1900,28,660000,0,user_12,68,68,
1908,29,630000,0,user_17,68,68,
1940,30,630000,0,user_43,68,68,
1921,31,530000,0,user_27,68,68,
1941,32,470000,0,user_44,68,68,
1885,33,460000,0,user_2,68,68,
1950,34,0,0,validator_10,100,68,1887
1887,35,420000,7840,user_2,68,68,
1895,36,370000,0,user_7,68,68,
1944,37,370000,0,user_48,68,68,
1928,38,340000,0,user_34,68,68,
1932,39,240000,0,user_37,68,68,
1888,40,220000,0,user_3,68,68,
1913,41,220000,0,user_19,68,68,
1936,42,220000,0,user_39,68,68,
1884,43,190000,0,user_1,68,68,
1951,44,0,0,validator_10,100,68,1896
1896,45,120000,47700,user_8,68,68,
1910,46,160000,0,user_17,68,68,
1892,47,150000,0,user_5,68,68,
1952,48,0,0,validator_10,100,68,1890
1890,49,82000,39400,user_5,68,68,
1953,50,0,0,validator_10,100,68,1937
1937,51,110000,5640,user_39,68,68,
1883,52,110000,0,user_0,68,68,
1898,53,110000,0,user_8,68,68,
1904,54,110000,0,user_13,68,68,
1938,55,87000,0,user_40,68,68,
1882,56,85000,0,user_0,68,68,
1886,57,83000,0,user_2,68,68,
1907,58,80000,0,user_16,68,68,
1922,59,77000,0,user_27,68,68,
1905,60,73000,0,user_13,68,68,
2003,0,30000000,0,user_47,69,69,
2004,1,30000000,0,user_47,69,69,
1994,2,5200000,0,user_37,69,69,
1997,3,5200000,0,user_40,69,69,
1999,4,5000000,0,user_43,69,69,
1998,5,2600000,121000,user_41,69,69,
1959,6,2400000,19700,user_6,69,69,
1965,7,2400000,0,user_11,69,69,
1982,8,2300000,0,user_24,69,69,
1979,9,2000000,0,user_20,69,69,
2005,10,2000000,0,user_47,69,69,
2006,11,1900000,0,user_47,69,69,
1995,12,1800000,285000,user_40,69,69,
1975,13,1600000,0,user_17,69,69,
1986,14,1100000,0,user_28,69,69,
1961,15,1000000,0,user_8,69,69,
1962,16,1000000,0,user_8,69,69,
1963,17,1000000,5630,user_9,69,69,
1976,18,1000000,0,user_18,69,69,
1988,19,1000000,0,user_30,69,69,
1973,20,870000,0,user_16,69,69,
1984,21,670000,0,user_25,69,69,
1958,22,460000,0,user_5,69,69,
1993,23,460000,0,user_36,69,69,
2002,24,460000,0,user_46,69,69,
1989,25,260000,0,user_30,69,69,
1996,26,260000,369000,user_40,69,69,
1983,27,240000,0,user_24,69,69,
1977,28,220000,0,user_18,69,69,
1960,29,190000,0,user_6,69,69,
1964,30,170000,0,user_11,69,69,
1980,31,160000,0,user_21,69,69,
1972,32,120000,0,user_15,69,69,
1987,33,120000,0,user_29,69,69,
1957,34,110000,0,user_4,69,69,
1974,35,110000,0,user_17,69,69,
1981,36,98000,0,user_22,69,69,
1985,37,98000,0,user_26,69,69,
1978,38,84000,0,user_19,69,69,
2008,39,83000,0,user_49,69,69,
1971,40,77000,0,user_14,69,69,
2020,0,19000000,0,user_10,70,70,
2046,1,5200000,0,user_33,70,70,
2058,2,5000000,0,user_43,70,70,
2021,3,4500000,0,user_10,70,70,
2011,4,4200000,0,user_3,70,70,
2054,5,3500000,0,user_39,70,70,
2043,6,2400000,0,user_33,70,70,
2063,7,2400000,0,user_49,70,70,
2019,8,1000000,1100000,user_10,70,70,
2064,9,0,0,validator_13,100,70,2019
2044,10,2100000,0,user_33,70,70,
2055,11,2100000,0,user_39,70,70,
2012,12,2000000,0,user_4,70,70,
2065,13,0,0,validator_13,100,70,2030
2030,14,1600000,256000,user_19,70,70,
2038,15,1800000,0,user_27,70,70,
2061,16,1800000,0,user_46,70,70,
2039,17,1600000,0,user_29,70,70,
2053,18,1400000,0,user_38,70,70,
2027,19,1100000,0,user_15,70,70,
2049,20,1000000,0,user_36,70,70,
2050,21,1000000,0,user_36,70,70,
2051,22,870000,0,user_36,70,70,
2013,23,77000,779000,user_5,70,70,
2066,24,0,0,validator_13,100,70,2013
2067,25,0,0,validator_13,100,70,2033
2033,26,650000,15100,user_21,70,70,
2068,27,0,0,validator_13,100,70,2059
2059,28,460000,17000,user_43,70,70,
2042,29,370000,0,user_32,70,70,
2010,30,360000,0,user_2,70,70,
2040,31,320000,0,user_30,70,70,
2022,32,220000,0,user_10,70,70,
2023,33,220000,0,user_10,70,70,
2026,34,220000,0,user_14,70,70,
2028,35,220000,0,user_18,70,70,
2045,36,220000,0,user_33,70,70,
2069,37,0,0,validator_13,100,70,2016
2016,38,160000,12800,user_7,70,70,
2048,39,170000,0,user_36,70,70,
2057,40,170000,0,user_41,70,70,
2047,41,160000,0,user_35,70,70,
2070,42,0,0,validator_13,100,70,2060
2060,43,120000,33300,user_45,70,70,
2025,44,130000,15100,user_13,70,70,
2071,45,0,0,validator_13,100,70,2025
2017,46,120000,0,user_7,70,70,
2029,47,120000,0,user_18,70,70,
2037,48,120000,0,user_25,70,70,
2062,49,98000,0,user_46,70,70,
2032,50,80000,0,user_21,70,70,
2052,51,77000,0,user_36,70,70,
2041,52,73000,0,user_31,70,70,
2087,0,120000,7190000,user_15,71,71,
2127,1,0,0,validator_7,100,71,2087
2085,2,6300000,0,user_13,71,71,
2112,3,6300000,0,user_34,71,71,
2120,4,5000000,0,user_43,71,71,
2121,5,5000000,0,user_45,71,71,
2105,6,3500000,0,user_26,71,71,
2072,7,2600000,128000,user_0,71,71,
2128,8,0,0,validator_7,100,71,2072
2073,9,2599999,0,user_2,71,71,2072
2111,10,2500000,0,user_34,71,71,
2079,11,2400000,0,user_6,71,71,
2092,12,2000000,0,user_18,71,71,
2117,13,2000000,0,user_39,71,71,
2129,14,0,0,validator_7,100,71,2106
2106,15,1700000,195000,user_27,71,71,
2102,16,1800000,0,user_23,71,71,
2114,17,1700000,0,user_36,71,71,
2109,18,1600000,0,user_31,71,71,
2080,19,1500000,0,user_8,71,71,
2118,20,1500000,0,user_40,71,71,
2076,21,1400000,0,user_5,71,71,
2077,22,1100000,0,user_5,71,71,
2110,23,1000000,0,user_32,71,71,
2084,24,910000,0,user_12,71,71,
2116,25,910000,0,user_38,71,71,
2130,26,0,0,validator_7,100,71,2095
2095,27,600000,296000,user_19,71,71,
2115,28,670000,0,user_37,71,71,
2124,29,650000,0,user_47,71,71,
2094,30,630000,0,user_18,71,71,
2093,31,530000,0,user_18,71,71,
2126,32,460000,0,user_47,71,71,
2123,33,340000,0,user_47,71,71,
2131,34,0,0,validator_7,100,71,2125
2125,35,170000,146000,user_47,71,71,
2132,36,0,0,validator_7,100,71,2101
2101,37,220000,46500,user_22,71,71,
2091,38,220000,0,user_18,71,71,
2081,39,170000,0,user_9,71,71,
2090,40,170000,0,user_17,71,71,
2133,41,0,0,validator_7,100,71,2122
2122,42,150000,16400,user_46,71,71,
2075,43,160000,0,user_5,71,71,
2104,44,150000,0,user_25,71,71,
2119,45,120000,0,user_41,71,71,
2082,46,85000,0,user_9,71,71,
2078,47,84000,0,user_5,71,71,
2113,48,82000,0,user_36,71,71,
2074,49,77000,0,user_4,71,71,
2103,50,77000,0,user_24,71,71,
15,0,19000000,0,user_23,72,72,
33,1,6300000,0,user_38,72,72,
5,2,5000000,0,user_12,72,72,
23,3,4500000,0,user_29,72,72,
25,4,4200000,0,user_32,72,72,
8,5,3200000,0,user_15,72,72,
44,6,0,0,validator_0,100,72,11
11,7,2400000,285000,user_17,72,72,
27,8,2000000,0,user_32,72,72,
9,9,1700000,0,user_16,72,72,
43,10,1600000,0,user_49,72,72,
6,11,1400000,15700,user_13,72,72,
45,12,0,0,validator_0,100,72,6
24,13,1300000,0,user_31,72,72,
2,14,1100000,0,user_6,72,72,
12,15,1100000,0,user_19,72,72,
40,16,530000,0,user_46,72,72,
28,17,320000,0,user_33,72,72,
13,18,310000,0,user_20,72,72,
37,19,260000,0,user_43,72,72,
39,20,220000,0,user_44,72,72,
42,21,220000,0,user_48,72,72,
26,22,79000,108000,user_32,72,72,
46,23,0,0,validator_0,100,72,26
35,24,150000,16400,user_40,72,72,
47,25,0,0,validator_0,100,72,35
41,26,130000,0,user_47,72,72,
1,27,120000,0,user_6,72,72,
3,28,120000,0,user_7,72,72,
31,29,120000,0,user_37,72,72,
32,30,100000,0,user_38,72,72,
38,31,80000,0,user_44,72,72,
10,32,77000,0,user_17,72,72,
30,33,77000,0,user_37,72,72,
84,0,6300000,0,user_39,73,73,
48,1,6100000,0,user_0,73,73,
86,2,5000000,0,user_40,73,73,
56,3,3500000,296000,user_13,73,73,
96,4,0,0,validator_1,100,73,56
93,5,3500000,0,user_47,73,73,
97,6,0,0,validator_1,100,73,77
77,7,2000000,510000,user_29,73,73,
60,8,2400000,0,user_16,73,73,
63,9,1500000,0,user_21,73,73,
80,10,1500000,0,user_32,73,73,
81,11,1500000,0,user_32,73,73,
87,12,1500000,0,user_41,73,73,
71,13,1400000,0,user_24,73,73,
89,14,1100000,0,user_42,73,73,
67,15,1000000,39400,user_23,73,73,
98,16,0,0,validator_1,100,73,67
66,17,1000000,0,user_23,73,73,
61,18,970000,0,user_18,73,73,
54,19,870000,0,user_11,73,73,
99,20,0,0,validator_1,100,73,52
52,21,260000,410000,user_5,73,73,
95,22,530000,0,user_48,73,73,
100,23,0,0,validator_1,100,73,90
90,24,470000,12800,user_43,73,73,
74,25,460000,0,user_25,73,73,
79,26,460000,0,user_31,73,73,
101,27,0,0,validator_1,100,73,70
70,28,170000,283000,user_24,73,73,
73,29,420000,0,user_24,73,73,
64,30,360000,0,user_23,73,73,
62,31,320000,0,user_20,73,73,
88,32,260000,0,user_41,73,73,
53,33,240000,0,user_7,73,73,
76,34,220000,0,user_26,73,73,
102,35,0,0,validator_1,100,73,65
65,36,73000,139000,user_23,73,73,
85,37,160000,0,user_39,73,73,
91,38,160000,0,user_45,73,73,
55,39,150000,0,user_12,73,73,
75,40,150000,0,user_26,73,73,
83,41,150000,0,user_36,73,73,
94,42,150000,0,user_48,73,73,
92,43,120000,0,user_46,73,73,
59,44,110000,0,user_16,73,73,
58,45,100000,0,user_15,73,73,
78,46,80000,13900,user_30,73,73,
103,47,0,0,validator_1,100,73,78
72,48,85000,0,user_24,73,73,
69,49,82000,0,user_24,73,73,
49,50,79000,0,user_0,73,73,
68,51,73000,0,user_23,73,73,
146,0,5200000,0,user_33,74,74,
137,1,5000000,0,user_27,74,74,
117,2,4500000,0,user_17,74,74,
104,3,3500000,0,user_0,74,74,
119,4,2600000,17700000,user_18,74,74,
156,5,2100000,0,user_45,74,74,
126,6,2000000,0,user_24,74,74,
113,7,1900000,0,user_10,74,74,
136,8,1900000,31700,user_26,74,74,
157,9,1900000,0,user_45,74,74,
111,10,1800000,84800,user_9,74,74,
127,11,1500000,0,user_24,74,74,
159,12,1500000,0,user_48,74,74,
142,13,1400000,350000,user_32,74,74,
154,14,1400000,0,user_41,74,74,
163,15,1400000,0,user_49,74,74,
145,16,1100000,0,user_33,74,74,
122,17,1000000,0,user_20,74,74,
149,18,1000000,17000,user_37,74,74,
112,19,600000,0,user_10,74,74,
139,20,600000,0,user_30,74,74,
161,21,530000,67500,user_49,74,74,
128,22,460000,0,user_24,74,74,
106,23,420000,21800,user_4,74,74,
121,24,420000,0,user_20,74,74,
160,25,350000,3130,user_49,74,74,
150,26,320000,0,user_37,74,74,
144,27,300000,0,user_32,74,74,
147,28,260000,16400,user_34,74,74,
114,29,220000,0,user_14,74,74,
162,30,220000,0,user_49,74,74,
143,31,170000,0,user_32,74,74,
105,32,160000,73100,user_0,74,74,
109,33,150000,0,user_6,74,74,
118,34,120000,14200,user_18,74,74,
116,35,110000,0,user_16,74,74,
155,36,100000,0,user_44,74,74,
124,37,87000,0,user_22,74,74,
115,38,82000,0,user_15,74,74,
129,39,82000,195000,user_24,74,74,
153,40,79000,5640,user_40,74,74,
130,41,70000,0,user_24,74,74,
190,0,27000000,0,user_21,75,75,
179,1,19000000,0,user_12,75,75,
181,2,5200000,0,user_12,75,75,
217,3,5200000,0,user_47,75,75,
191,4,4500000,0,user_22,75,75,
192,5,3600000,0,user_23,75,75,
164,6,2600000,0,user_0,75,75,
180,7,2500000,23500,user_12,75,75,
193,8,2300000,0,user_24,75,75,
207,9,1800000,0,user_33,75,75,
169,10,1500000,12300,user_3,75,75,
196,11,1500000,256000,user_26,75,75,
198,12,1000000,0,user_28,75,75,
200,13,1000000,11200,user_28,75,75,
201,14,1000000,0,user_28,75,75,
175,15,970000,0,user_8,75,75,
219,16,970000,0,user_48,75,75,
182,17,870000,0,user_12,75,75,
195,18,630000,161000,user_26,75,75,
211,19,630000,0,user_40,75,75,
216,20,460000,0,user_47,75,75,
167,21,420000,0,user_0,75,75,
209,22,350000,0,user_38,75,75,
189,23,320000,0,user_21,75,75,
177,24,310000,0,user_11,75,75,
170,25,260000,71800,user_5,75,75,
166,26,240000,0,user_0,75,75,
176,27,240000,0,user_10,75,75,
203,28,170000,0,user_31,75,75,
210,29,170000,0,user_40,75,75,
173,30,160000,0,user_7,75,75,
204,31,160000,0,user_31,75,75,
178,32,150000,64600,user_12,75,75,
199,33,150000,0,user_28,75,75,
183,34,120000,0,user_13,75,75,
208,35,120000,0,user_38,75,75,
218,36,120000,0,user_48,75,75,
221,37,120000,0,user_48,75,75,
172,38,110000,0,user_7,75,75,
165,39,98000,0,user_0,75,75,
213,40,87000,0,user_44,75,75,
220,41,85000,0,user_48,75,75,
171,42,80000,0,user_7,75,75,
174,43,77000,0,user_8,75,75,
206,44,77000,12800,user_33,75,75,
168,45,70000,0,user_2,75,75,
222,46,70000,0,user_48,75,75,
258,0,43000000,0,user_39,76,76,
267,1,43000000,0,user_48,76,76,
268,2,0,0,validator_4,100,76,237
237,3,27000000,12300,user_17,76,76,
240,4,27000000,0,user_22,76,76,
244,5,19000000,36800,user_26,76,76,
269,6,0,0,validator_4,100,76,244
270,7,0,0,validator_4,100,76,238
238,8,2000000,4320000,user_18,76,76,
227,9,6300000,0,user_4,76,76,
262,10,3200000,0,user_42,76,76,
248,11,2600000,17000,user_27,76,76,
271,12,0,0,validator_4,100,76,248
261,13,2500000,0,user_41,76,76,
223,14,2400000,0,user_0,76,76,
259,15,2100000,0,user_40,76,76,
236,16,2000000,0,user_17,76,76,
242,17,2000000,0,user_25,76,76,
260,18,1800000,0,user_40,76,76,
231,19,1300000,0,user_10,76,76,
272,20,0,0,validator_4,100,76,246
246,21,670000,381000,user_27,76,76,
243,22,1000000,0,user_25,76,76,
265,23,870000,0,user_46,76,76,
273,24,0,0,validator_4,100,76,245
245,25,670000,164000,user_27,76,76,
232,26,600000,0,user_10,76,76,
241,27,600000,0,user_23,76,76,
254,28,83000,231000,user_35,76,76,
274,29,0,0,validator_4,100,76,254
224,30,310000,0,user_1,76,76,
247,31,300000,0,user_27,76,76,
251,32,300000,0,user_30,76,76,
264,33,120000,155000,user_45,76,76,
275,34,0,0,validator_4,100,76,264
255,35,240000,0,user_37,76,76,
235,36,170000,0,user_15,76,76,
239,37,150000,0,user_19,76,76,
228,38,85000,49100,user_6,76,76,
276,39,0,0,validator_4,100,76,228
230,40,120000,0,user_8,76,76,
256,41,110000,0,user_37,76,76,
263,42,100000,0,user_43,76,76,
277,43,0,0,validator_4,100,76,250
250,44,80000,12300,user_29,76,76,
252,45,77000,0,user_30,76,76,
226,46,73000,0,user_4,76,76,
266,47,73000,0,user_47,76,76,
278,0,30000000,0,user_0,77,77,
288,1,27000000,0,user_7,77,77,
294,2,19000000,46500,user_10,77,77,
335,3,0,0,validator_9,100,77,294
336,4,0,0,validator_9,100,77,319
319,5,420000,7190000,user_32,77,77,
299,6,5000000,0,user_11,77,77,
321,7,4500000,0,user_36,77,77,
281,8,4200000,0,user_3,77,77,
326,9,2600000,0,user_40,77,77,
337,10,0,0,validator_9,100,77,328
328,11,2300000,10700,user_41,77,77,
301,12,2300000,0,user_14,77,77,
308,13,2000000,164000,user_21,77,77,
338,14,0,0,validator_9,100,77,308
334,15,2000000,0,user_49,77,77,
279,16,1600000,75000,user_0,77,77,
339,17,0,0,validator_9,100,77,279
291,18,1600000,0,user_8,77,77,
287,19,1500000,0,user_6,77,77,
340,20,0,0,validator_9,100,77,296
296,21,1000000,100000,user_10,77,77,
341,22,0,0,validator_9,100,77,292
292,23,1000000,8520,user_8,77,77,
314,24,1000000,0,user_28,77,77,
329,25,870000,0,user_43,77,77,
342,26,0,0,validator_9,100,77,312
312,27,660000,43600,user_26,77,77,
286,28,660000,0,user_6,77,77,
343,29,0,0,validator_9,100,77,318
318,30,77000,510000,user_32,77,77,
324,31,530000,0,user_39,77,77,
315,32,460000,0,user_30,77,77,
290,33,420000,0,user_7,77,77,
344,34,0,0,validator_9,100,77,333
333,35,340000,60700,user_47,77,77,
297,36,360000,0,user_10,77,77,
327,37,360000,0,user_40,77,77,
331,38,360000,0,user_45,77,77,
345,39,0,0,validator_9,100,77,310
310,40,260000,60700,user_24,77,77,
285,41,260000,0,user_6,77,77,
282,42,220000,0,user_5,77,77,
332,43,150000,42000,user_46,77,77,
346,44,0,0,validator_9,100,77,332
307,45,190000,0,user_20,77,77,
347,46,0,0,validator_9,100,77,316
316,47,110000,73100,user_31,77,77,
313,48,170000,0,user_26,77,77,
325,49,160000,0,user_39,77,77,
295,50,150000,0,user_10,77,77,
289,51,120000,0,user_7,77,77,
298,52,120000,0,user_11,77,77,
300,53,120000,0,user_12,77,77,
323,54,110000,0,user_38,77,77,
309,55,98000,0,user_23,77,77,
283,56,85000,0,user_6,77,77,
284,57,82000,0,user_6,77,77,
317,58,77000,0,user_31,77,77,
353,0,43000000,60700,user_7,78,78,
369,1,43000000,0,user_22,78,78,
359,2,27000000,0,user_10,78,78,
367,3,6100000,18600,user_19,78,78,
382,4,5000000,0,user_33,78,78,
387,5,3600000,0,user_40,78,78,
371,6,3500000,0,user_23,78,78,
384,7,2500000,16400,user_37,78,78,
349,8,2000000,0,user_3,78,78,
351,9,2000000,0,user_6,78,78,
356,10,2000000,155000,user_9,78,78,
389,11,1700000,0,user_42,78,78,
362,12,1500000,0,user_13,78,78,
364,13,1400000,0,user_15,78,78,
363,14,1100000,0,user_15,78,78,
393,15,970000,0,user_47,78,78,
358,16,630000,0,user_10,78,78,
391,17,600000,0,user_46,78,78,
392,18,460000,0,user_46,78,78,
368,19,420000,56200,user_20,78,78,
370,20,370000,0,user_23,78,78,
378,21,350000,0,user_29,78,78,
355,22,340000,231000,user_8,78,78,
350,23,320000,0,user_4,78,78,
348,24,310000,0,user_1,78,78,
366,25,310000,0,user_18,78,78,
374,26,310000,0,user_26,78,78,
394,27,310000,0,user_48,78,78,
373,28,220000,0,user_25,78,78,
354,29,160000,47700,user_8,78,78,
360,30,150000,0,user_11,78,78,
380,31,150000,13800,user_31,78,78,
381,32,150000,0,user_32,78,78,
386,33,150000,0,user_38,78,78,
390,34,150000,0,user_43,78,78,
357,35,120000,0,user_9,78,78,
385,36,120000,0,user_38,78,78,
383,37,98000,0,user_34,78,78,
388,38,98000,0,user_41,78,78,
352,39,73000,0,user_7,78,78,
403,0,30000000,0,user_5,79,79,
444,1,30000000,0,user_42,79,79,
425,2,27000000,0,user_27,79,79,
451,3,6300000,0,user_46,79,79,
402,4,5000000,0,user_5,79,79,
427,5,5000000,0,user_28,79,79,
449,6,5000000,0,user_45,79,79,
400,7,4500000,0,user_3,79,79,
419,8,3500000,0,user_22,79,79,
423,9,3500000,0,user_26,79,79,
455,10,0,0,validator_2,100,79,443
443,11,2000000,11200,user_41,79,79,
456,12,0,0,validator_2,100,79,432
432,13,1900000,5180,user_33,79,79,
399,14,1600000,0,user_2,79,79,
447,15,1500000,0,user_45,79,79,
420,16,1100000,0,user_23,79,79,
428,17,970000,0,user_29,79,79,
434,18,970000,0,user_34,79,79,
440,19,910000,0,user_39,79,79,
429,20,870000,0,user_30,79,79,
457,21,0,0,validator_2,100,79,413
413,22,650000,215000,user_16,79,79,
409,23,630000,24700,user_12,79,79,
458,24,0,0,validator_2,100,79,409
426,25,650000,0,user_28,79,79,
452,26,600000,6390,user_48,79,79,
459,27,0,0,validator_2,100,79,452
422,28,600000,0,user_25,79,79,
407,29,530000,0,user_9,79,79,
433,30,530000,0,user_34,79,79,
436,31,460000,0,user_35,79,79,
450,32,460000,0,user_45,79,79,
404,33,370000,0,user_5,79,79,
417,34,370000,0,user_21,79,79,
439,35,340000,0,user_38,79,79,
453,36,310000,0,user_49,79,79,
454,37,310000,0,user_49,79,79,
406,38,260000,0,user_9,79,79,
446,39,260000,0,user_45,79,79,
424,40,220000,0,user_26,79,79,
431,41,220000,0,user_31,79,79,
418,42,170000,0,user_21,79,79,
445,43,170000,0,user_44,79,79,
401,44,84000,46500,user_3,79,79,
460,45,0,0,validator_2,100,79,401
408,46,120000,0,user_11,79,79,
416,47,120000,0,user_20,79,79,
435,48,120000,0,user_34,79,79,
430,49,110000,0,user_30,79,79,
441,50,110000,0,user_40,79,79,
442,51,110000,0,user_41,79,79,
405,52,85000,0,user_5,79,79,
421,53,85000,0,user_25,79,79,
448,54,73000,0,user_45,79,79,
492,0,30000000,0,user_35,80,80,
489,1,2300000,0,user_26,80,80,
468,2,2100000,0,user_8,80,80,
477,3,2100000,0,user_21,80,80,
504,4,0,0,validator_3,100,80,498
498,5,2000000,5640,user_47,80,80,
465,6,2000000,0,user_6,80,80,
467,7,2000000,0,user_8,80,80,
505,8,0,0,validator_3,100,80,484
484,9,1700000,12800,user_23,80,80,
490,10,1600000,0,user_26,80,80,
488,11,1500000,7840,user_26,80,80,
506,12,0,0,validator_3,100,80,488
479,13,1500000,0,user_22,80,80,
473,14,1400000,0,user_15,80,80,
482,15,1400000,0,user_22,80,80,
495,16,1100000,0,user_41,80,80,
476,17,1000000,15700,user_21,80,80,
507,18,0,0,validator_3,100,80,476
461,19,1000000,0,user_1,80,80,
464,20,1000000,0,user_4,80,80,
471,21,1000000,0,user_13,80,80,
474,22,970000,0,user_18,80,80,
508,23,0,0,validator_3,100,80,466
466,24,170000,779000,user_7,80,80,
487,25,460000,0,user_26,80,80,
491,26,460000,0,user_27,80,80,
485,27,220000,181000,user_24,80,80,
509,28,0,0,validator_3,100,80,485
469,29,310000,0,user_10,80,80,
493,30,300000,0,user_36,80,80,
481,31,220000,0,user_22,80,80,
478,32,190000,0,user_22,80,80,
483,33,120000,43600,user_23,80,80,
510,34,0,0,validator_3,100,80,483
470,35,150000,0,user_12,80,80,
496,36,130000,0,user_43,80,80,
472,37,120000,0,user_14,80,80,
463,38,110000,0,user_4,80,80,
480,39,110000,0,user_22,80,80,
486,40,87000,0,user_25,80,80,
538,0,27000000,0,user_29,81,81,
536,1,5000000,0,user_27,81,81,
547,2,5000000,0,user_40,81,81,
532,3,4500000,0,user_23,81,81,
521,4,4200000,0,user_12,81,81,
531,5,3200000,0,user_22,81,81,
522,6,2000000,0,user_14,81,81,
535,7,2000000,0,user_25,81,81,
541,8,2000000,0,user_34,81,81,
539,9,1600000,75000,user_30,81,81,
561,10,0,0,validator_8,100,81,539
518,11,1500000,0,user_9,81,81,
562,12,0,0,validator_8,100,81,557
557,13,1400000,31700,user_48,81,81,
563,14,0,0,validator_8,100,81,517
517,15,1400000,13900,user_8,81,81,
549,16,1400000,0,user_41,81,81,
548,17,1100000,0,user_40,81,81,
533,18,870000,0,user_24,81,81,
560,19,670000,0,user_48,81,81,
558,20,630000,0,user_48,81,81,
524,21,460000,0,user_16,81,81,
546,22,420000,0,user_39,81,81,
519,23,360000,0,user_9,81,81,
540,24,360000,0,user_33,81,81,
555,25,310000,0,user_47,81,81,
525,26,190000,0,user_16,81,81,
537,27,160000,0,user_28,81,81,
515,28,150000,0,user_4,81,81,
514,29,120000,0,user_3,81,81,
523,30,110000,0,user_14,81,81,
528,31,85000,0,user_18,81,81,
534,32,85000,0,user_25,81,81,
559,33,82000,0,user_48,81,81,
511,34,80000,0,user_0,81,81,
556,35,79000,0,user_48,81,81,
530,36,77000,0,user_21,81,81,
587,0,30000000,0,user_16,82,82,
574,1,27000000,0,user_8,82,82,
599,2,19000000,0,user_29,82,82,
580,3,5000000,0,user_13,82,82,
596,4,5000000,0,user_27,82,82,
617,5,4500000,71800,user_47,82,82,
620,6,0,0,validator_0,100,82,617
570,7,4200000,0,user_6,82,82,
578,8,4200000,0,user_12,82,82,
621,9,0,0,validator_0,100,82,611
611,10,3600000,350000,user_44,82,82,
593,11,3600000,0,user_23,82,82,
622,12,0,0,validator_0,100,82,608
608,13,3500000,84800,user_40,82,82,
585,14,3500000,0,user_15,82,82,
572,15,3200000,0,user_7,82,82,
610,16,2300000,13900,user_42,82,82,
623,17,0,0,validator_0,100,82,610
624,18,0,0,validator_0,100,82,584
584,19,1700000,594000,user_15,82,82,
612,20,2100000,0,user_44,82,82,
619,21,2000000,0,user_48,82,82,
581,22,1800000,0,user_13,82,82,
604,23,1500000,0,user_37,82,82,
579,24,1400000,0,user_13,82,82,
592,25,1400000,0,user_23,82,82,
605,26,1400000,0,user_38,82,82,
625,27,0,0,validator_0,100,82,568
568,28,1300000,5180,user_3,82,82,
615,29,1200000,0,user_44,82,82,
573,30,1100000,0,user_7,82,82,
566,31,660000,0,user_2,82,82,
601,32,630000,0,user_31,82,82,
586,33,310000,296000,user_16,82,82,
626,34,0,0,validator_0,100,82,586
577,35,600000,0,user_11,82,82,
603,36,600000,0,user_35,82,82,
582,37,460000,0,user_13,82,82,
569,38,340000,0,user_5,82,82,
606,39,340000,0,user_38,82,82,
607,40,340000,0,user_40,82,82,
616,41,340000,0,user_46,82,82,
591,42,220000,0,user_23,82,82,
609,43,220000,0,user_42,82,82,
588,44,190000,0,user_19,82,82,
614,45,190000,0,user_44,82,82,
571,46,170000,0,user_6,82,82,
575,47,170000,0,user_8,82,82,
613,48,170000,0,user_44,82,82,
618,49,170000,0,user_47,82,82,
590,50,110000,0,user_22,82,82,
564,51,87000,0,user_0,82,82,
567,52,82000,0,user_3,82,82,
598,53,77000,0,user_29,82,82,
655,0,30000000,0,user_22,83,83,
654,1,27000000,0,user_22,83,83,
640,2,19000000,0,user_9,83,83,
648,3,6300000,0,user_16,83,83,
678,4,4200000,0,user_44,83,83,
633,5,2500000,0,user_4,83,83,
663,6,1900000,0,user_26,83,83,
641,7,1800000,0,user_11,83,83,
647,8,1600000,0,user_16,83,83,
652,9,1600000,0,user_20,83,83,
645,10,1100000,8520,user_14,83,83,
660,11,970000,0,user_24,83,83,
677,12,660000,35600,user_43,83,83,
672,13,650000,0,user_33,83,83,
649,14,600000,0,user_16,83,83,
644,15,530000,0,user_14,83,83,
665,16,470000,0,user_28,83,83,
630,17,350001,0,user_2,83,83,628
628,18,350000,47700,user_2,83,83,
629,19,349999,0,user_2,83,83,628
631,20,349999,0,user_2,83,83,628
632,21,349999,0,user_2,83,83,628
646,22,320000,0,user_15,83,83,
650,23,310000,121000,user_18,83,83,
680,24,300000,0,user_45,83,83,
675,25,260000,0,user_40,83,83,
642,26,220000,0,user_11,83,83,
659,27,220000,0,user_24,83,83,
664,28,220000,0,user_26,83,83,
670,29,220000,0,user_30,83,83,
676,30,220000,0,user_42,83,83,
661,31,160000,0,user_24,83,83,
627,32,150000,0,user_1,83,83,
658,33,150000,0,user_24,83,83,
679,34,120000,0,user_44,83,83,
657,35,82000,369000,user_24,83,83,
643,36,77000,0,user_12,83,83,
723,0,30000000,0,user_28,84,84,
714,1,27000000,0,user_20,84,84,
729,2,27000000,0,user_39,84,84,
689,3,19000000,5180,user_3,84,84,
744,4,0,0,validator_6,100,84,689
690,5,5200000,32900,user_4,84,84,
745,6,0,0,validator_6,100,84,690
746,7,0,0,validator_6,100,84,692
692,8,4200000,67500,user_4,84,84,
724,9,2600000,23500,user_29,84,84,
747,10,0,0,validator_6,100,84,724
738,11,2600000,0,user_47,84,84,
748,12,0,0,validator_6,100,84,696
696,13,2400000,10700,user_6,84,84,
712,14,2400000,0,user_20,84,84,
710,15,2300000,0,user_18,84,84,
737,16,2300000,0,user_46,84,84,
697,17,2000000,0,user_6,84,84,
749,18,0,0,validator_6,100,84,709
709,19,1400000,181000,user_18,84,84,
727,20,1500000,0,user_37,84,84,
734,21,1500000,0,user_42,84,84,
700,22,1400000,0,user_10,84,84,
705,23,1400000,0,user_16,84,84,
722,24,1400000,0,user_28,84,84,
706,25,1200000,0,user_16,84,84,
728,26,970000,0,user_39,84,84,
708,27,910000,0,user_17,84,84,
687,28,670000,0,user_1,84,84,
721,29,670000,0,user_27,84,84,
739,30,650000,0,user_48,84,84,
736,31,630000,0,user_45,84,84,
725,32,600000,0,user_30,84,84,
695,33,420000,0,user_6,84,84,
713,34,300000,108000,user_20,84,84,
750,35,0,0,validator_6,100,84,713
698,36,340000,0,user_9,84,84,
701,37,320000,0,user_11,84,84,
693,38,310000,0,user_4,84,84,
686,39,300000,0,user_0,84,84,
715,40,300000,0,user_21,84,84,
699,41,79000,181000,user_10,84,84,
751,42,0,0,validator_6,100,84,699
691,43,220000,0,user_4,84,84,
726,44,120000,75000,user_33,84,84,
752,45,0,0,validator_6,100,84,726
688,46,110000,60700,user_2,84,84,
753,47,0,0,validator_6,100,84,688
735,48,150000,17000,user_43,84,84,
754,49,0,0,validator_6,100,84,735
717,50,160000,0,user_24,84,84,
704,51,150000,0,user_15,84,84,
711,52,130000,0,user_20,84,84,
755,53,0,0,validator_6,100,84,707
707,54,110000,17000,user_16,84,84,
702,55,120000,0,user_13,84,84,
703,56,110000,0,user_13,84,84,
694,57,84000,0,user_4,84,84,
718,58,82000,0,user_25,84,84,
801,0,43000000,0,user_42,85,85,
767,1,27000000,0,user_8,85,85,
797,2,6100000,0,user_40,85,85,
777,3,5000000,0,user_19,85,85,
774,4,4500000,0,user_17,85,85,
779,5,4500000,0,user_21,85,85,
773,6,2600000,0,user_15,85,85,
764,7,2400000,0,user_6,85,85,
800,8,2000000,1100000,user_42,85,85,
770,9,1900000,0,user_13,85,85,
778,10,1300000,66100,user_21,85,85,
763,11,1000000,0,user_6,85,85,
766,12,1000000,0,user_8,85,85,
804,13,1000000,30200,user_44,85,85,
759,14,970000,0,user_3,85,85,
780,15,910000,0,user_21,85,85,
799,16,670000,369000,user_42,85,85,
765,17,600000,0,user_7,85,85,
760,18,470000,67900,user_3,85,85,
783,19,470000,0,user_25,85,85,
789,20,460000,0,user_32,85,85,
782,21,370000,0,user_23,85,85,
794,22,350000,0,user_36,85,85,
792,23,260000,381000,user_34,85,85,
761,24,220000,0,user_3,85,85,
785,25,170000,0,user_26,85,85,
772,26,160000,0,user_15,85,85,
787,27,160000,128000,user_29,85,85,
756,28,150000,0,user_0,85,85,
781,29,120000,33100,user_22,85,85,
802,30,120000,0,user_42,85,85,
776,31,110000,0,user_18,85,85,
803,32,110000,128000,user_43,85,85,
806,33,110000,16400,user_47,85,85,
790,34,87000,0,user_33,85,85,
791,35,87000,0,user_34,85,85,
775,36,84000,0,user_18,85,85,
798,37,84000,0,user_41,85,85,
793,38,83000,0,user_34,85,85,
784,39,80000,0,user_25,85,85,
771,40,79000,19700,user_13,85,85,
758,41,73000,0,user_3,85,85,
768,42,73000,13900,user_10,85,85,
805,43,73000,0,user_45,85,85,
815,0,19000000,0,user_8,86,86,
829,1,5000000,0,user_22,86,86,
836,2,4200000,0,user_29,86,86,
841,3,4200000,0,user_35,86,86,
847,4,3500000,0,user_40,86,86,
832,5,2600000,0,user_25,86,86,
848,6,1600000,779000,user_41,86,86,
861,7,0,0,validator_4,100,86,848
860,8,2300000,0,user_49,86,86,
816,9,1500000,769000,user_10,86,86,
862,10,0,0,validator_4,100,86,816
823,11,2100000,0,user_13,86,86,
812,12,1900000,0,user_4,86,86,
863,13,0,0,validator_4,100,86,835
835,14,1600000,39400,user_27,86,86,
858,15,1500000,0,user_47,86,86,
810,16,1400000,0,user_2,86,86,
845,17,220000,1100000,user_39,86,86,
864,18,0,0,validator_4,100,86,845
846,19,1200000,0,user_39,86,86,
824,20,870000,139000,user_14,86,86,
865,21,0,0,validator_4,100,86,824
813,22,970000,0,user_5,86,86,
853,23,670000,0,user_46,86,86,
830,24,660000,0,user_23,86,86,
852,25,650000,0,user_45,86,86,
834,26,320000,0,user_26,86,86,
827,27,310000,0,user_19,86,86,
831,28,310000,0,user_24,86,86,
857,29,310000,0,user_47,86,86,
808,30,260000,0,user_1,86,86,
839,31,260000,0,user_33,86,86,
856,32,260000,0,user_47,86,86,
854,33,160000,0,user_47,86,86,
814,34,150000,0,user_8,86,86,
833,35,150000,0,user_25,86,86,
826,36,120000,0,user_18,86,86,
809,37,110000,0,user_1,86,86,
859,38,110000,0,user_48,86,86,
825,39,77000,31700,user_15,86,86,
866,40,0,0,validator_4,100,86,825
837,41,84000,5640,user_30,86,86,
867,42,0,0,validator_4,100,86,837
868,43,0,0,validator_4,100,86,855
855,44,80000,5180,user_47,86,86,
828,45,84000,0,user_21,86,86,
842,46,79000,0,user_37,86,86,
850,47,79000,0,user_44,86,86,
849,48,77000,0,user_43,86,86,
851,49,77000,0,user_44,86,86,
840,50,73000,0,user_33,86,86,
925,0,43000000,0,user_48,87,87,
887,1,19000000,0,user_18,87,87,
878,2,5000000,0,user_9,87,87,
872,3,3500000,0,user_3,87,87,
900,4,3200000,0,user_25,87,87,
923,5,3200000,67500,user_46,87,87,
881,6,2500000,19700,user_14,87,87,
876,7,2400000,0,user_8,87,87,
921,8,2400000,0,user_44,87,87,
897,9,2100000,7190000,user_23,87,87,
877,10,1600000,0,user_8,87,87,
913,11,1500000,0,user_36,87,87,
875,12,1300000,0,user_6,87,87,
884,13,1300000,0,user_15,87,87,
894,14,1100000,594000,user_22,87,87,
920,15,1000000,0,user_44,87,87,
888,16,870000,0,user_18,87,87,
905,17,870000,0,user_29,87,87,
919,18,630000,0,user_43,87,87,
889,19,600000,11200,user_19,87,87,
879,20,470000,4320000,user_10,87,87,
883,21,470000,17700000,user_14,87,87,
914,22,460000,0,user_36,87,87,
910,23,370000,0,user_33,87,87,
880,24,350000,0,user_14,87,87,
909,25,350000,21800,user_32,87,87,
911,26,350000,0,user_34,87,87,
915,27,340000,0,user_37,87,87,
916,28,320000,0,user_38,87,87,
869,29,300000,959000,user_0,87,87,
870,30,299999,0,user_1,87,87,869
891,31,260000,0,user_21,87,87,
886,32,240000,17000,user_17,87,87,
924,33,220000,0,user_47,87,87,
885,34,160000,0,user_17,87,87,
896,35,160000,0,user_22,87,87,
899,36,160000,84800,user_25,87,87,
922,37,120000,0,user_45,87,87,
893,38,110000,3130,user_22,87,87,
895,39,110000,0,user_22,87,87,
901,40,110000,21800,user_26,87,87,
917,41,110000,0,user_38,87,87,
892,42,85000,8520,user_22,87,87,
882,43,82000,0,user_14,87,87,
890,44,80000,0,user_20,87,87,
912,45,80000,0,user_34,87,87,
929,0,43000000,0,user_3,88,88,
951,1,6300000,0,user_29,88,88,
976,2,0,0,validator_0,100,88,934
934,3,5000000,5630,user_5,88,88,
928,4,4200000,108000,user_2,88,88,
977,5,0,0,validator_0,100,88,928
954,6,4200000,0,user_32,88,88,
965,7,4200000,0,user_40,88,88,
960,8,3600000,0,user_38,88,88,
930,9,3500000,0,user_3,88,88,
942,10,2600000,15100,user_22,88,88,
978,11,0,0,validator_0,100,88,942
974,12,2600000,0,user_48,88,88,
935,13,2100000,0,user_9,88,88,
979,14,0,0,validator_0,100,88,972
972,15,2000000,71800,user_46,88,88,
962,16,2000000,0,user_38,88,88,
953,17,1900000,0,user_31,88,88,
939,18,1500000,0,user_18,88,88,
943,19,1500000,0,user_23,88,88,
969,20,1500000,0,user_44,88,88,
941,21,1400000,0,user_22,88,88,
961,22,1400000,0,user_38,88,88,
937,23,1300000,0,user_15,88,88,
944,24,1300000,0,user_23,88,88,
959,25,1000000,0,user_38,88,88,
957,26,350000,545000,user_35,88,88,
980,27,0,0,validator_0,100,88,957
938,28,870000,0,user_17,88,88,
973,29,310000,510000,user_47,88,88,
981,30,0,0,validator_0,100,88,973
975,31,340000,0,user_49,88,88,
955,32,260000,0,user_32,88,88,
945,33,170000,0,user_24,88,88,
931,34,160000,0,user_3,88,88,
936,35,150000,0,user_13,88,88,
966,36,150000,0,user_40,88,88,
949,37,77000,0,user_27,88,88,
1015,0,43000000,0,user_28,89,89,
1011,1,30000000,13900,user_25,89,89,
1047,2,0,0,validator_1,100,89,1011
982,3,30000000,0,user_0,89,89,
1005,4,27000000,0,user_21,89,89,
1014,5,27000000,0,user_28,89,89,
1048,6,0,0,validator_1,100,89,995
995,7,970000,7190000,user_13,89,89,
1021,8,6300000,0,user_32,89,89,
1023,9,6300000,0,user_33,89,89,
993,10,4500000,0,user_10,89,89,
999,11,4500000,0,user_16,89,89,
1012,12,4200000,0,user_25,89,89,
992,13,3200000,0,user_8,89,89,
1049,14,0,0,validator_1,100,89,988
988,15,2500000,322000,user_5,89,89,
1006,16,2500000,231000,user_21,89,89,
1050,17,0,0,validator_1,100,89,1006
1051,18,0,0,validator_1,100,89,1045
1045,19,2600000,24700,user_49,89,89,
1038,20,2600000,0,user_47,89,89,
1041,21,2500000,0,user_48,89,89,
1022,22,2400000,0,user_33,89,89,
1046,23,1900000,0,user_49,89,89,
1027,24,1800000,3130,user_36,89,89,
1052,25,0,0,validator_1,100,89,1027
1043,26,1700000,0,user_48,89,89,
985,27,1500000,146000,user_4,89,89,
1053,28,0,0,validator_1,100,89,985
1031,29,1500000,0,user_38,89,89,
1008,30,1400000,0,user_21,89,89,
1010,31,1400000,0,user_24,89,89,
991,32,1100000,8520,user_8,89,89,
1054,33,0,0,validator_1,100,89,991
1019,34,1100000,0,user_30,89,89,
983,35,1000000,0,user_1,89,89,
1039,36,1000000,0,user_47,89,89,
1032,37,670000,47700,user_39,89,89,
1055,38,0,0,validator_1,100,89,1032
1002,39,650000,16400,user_16,89,89,
1056,40,0,0,validator_1,100,89,1002
1000,41,660000,0,user_16,89,89,
1057,42,0,0,validator_1,100,89,990
990,43,470000,161000,user_5,89,89,
1025,44,630000,0,user_36,89,89,
1058,45,0,0,validator_1,100,89,1007
1007,46,420000,73100,user_21,89,89,
994,47,470000,0,user_11,89,89,
1026,48,370000,0,user_36,89,89,
986,49,360000,0,user_5,89,89,
1016,50,340000,0,user_29,89,89,
1033,51,220000,0,user_40,89,89,
1037,52,220000,0,user_45,89,89,
1017,53,190000,0,user_30,89,89,
997,54,170000,0,user_15,89,89,
1004,55,170000,0,user_21,89,89,
1040,56,160000,0,user_48,89,89,
998,57,130000,0,user_16,89,89,
1001,58,120000,0,user_16,89,89,
1013,59,120000,0,user_26,89,89,
1018,60,120000,0,user_30,89,89,
989,61,110000,0,user_5,89,89,
1009,62,110000,0,user_23,89,89,
1034,63,110000,0,user_42,89,89,
1035,64,110000,0,user_43,89,89,
987,65,100000,0,user_5,89,89,
1020,66,77000,0,user_30,89,89,
1044,67,77000,0,user_48,89,89,
1042,68,73000,0,user_48,89,89,
1059,0,43000000,0,user_1,90,90,
1065,1,43000000,0,user_8,90,90,
1078,2,30000000,0,user_17,90,90,
1092,3,27000000,0,user_27,90,90,
1069,4,19000000,0,user_10,90,90,
1115,5,0,0,validator_7,100,90,1063
1063,6,120000,17700000,user_5,90,90,
1072,7,6100000,0,user_12,90,90,
1097,8,5200000,0,user_35,90,90,
1102,9,300000,4320000,user_38,90,90,
1116,10,0,0,validator_7,100,90,1102
1088,11,3500000,0,user_23,90,90,
1061,12,3200000,0,user_3,90,90,
1117,13,0,0,validator_7,100,90,1106
1106,14,2300000,12300,user_40,90,90,
1075,15,2000000,0,user_15,90,90,
1067,16,1600000,0,user_10,90,90,
1109,17,1500000,3130,user_47,90,90,
1118,18,0,0,validator_7,100,90,1109
1112,19,1500000,0,user_49,90,90,
1081,20,1300000,0,user_18,90,90,
1111,21,310000,959000,user_49,90,90,
1119,22,0,0,validator_7,100,90,1111
1060,23,1100000,0,user_2,90,90,
1093,24,1100000,0,user_28,90,90,
1098,25,1100000,0,user_35,90,90,
1100,26,1100000,0,user_37,90,90,
1066,27,1000000,0,user_9,90,90,
1068,28,1000000,0,user_10,90,90,
1080,29,1000000,0,user_18,90,90,
1107,30,630000,0,user_45,90,90,
1087,31,600000,0,user_22,90,90,
1089,32,530000,0,user_24,90,90,
1073,33,460000,0,user_13,90,90,
1099,34,150000,296000,user_36,90,90,
1120,35,0,0,validator_7,100,90,1099
1096,36,360000,36800,user_34,90,90,
1121,37,0,0,validator_7,100,90,1096
1114,38,360000,0,user_49,90,90,
1108,39,350000,0,user_46,90,90,
1079,40,320000,0,user_17,90,90,
1104,41,320000,0,user_39,90,90,
1122,42,0,0,validator_7,100,90,1110
1110,43,220000,68100,user_49,90,90,
1123,44,0,0,validator_7,100,90,1091
1091,45,170000,73100,user_26,90,90,
1082,46,240000,0,user_19,90,90,
1124,47,0,0,validator_7,100,90,1062
1062,48,220000,13900,user_4,90,90,
1090,49,170000,0,user_25,90,90,
1094,50,150000,0,user_30,90,90,
1101,51,150000,0,user_38,90,90,
1113,52,150000,0,user_49,90,90,
1070,53,120000,0,user_10,90,90,
1105,54,120000,0,user_40,90,90,
1103,55,110000,0,user_38,90,90,
1064,56,98000,0,user_7,90,90,
1095,57,79000,0,user_32,90,90,
1151,0,27000000,0,user_23,91,91,
1185,1,0,0,validator_11,100,91,1133
1133,2,19000000,24700,user_8,91,91,
1136,3,19000000,0,user_11,91,91,
1186,4,0,0,validator_11,100,91,1183
1183,5,1500000,4320000,user_47,91,91,
1182,6,5000000,15100,user_46,91,91,
1187,7,0,0,validator_11,100,91,1182
1164,8,4500000,0,user_33,91,91,
1129,9,3600000,0,user_6,91,91,
1172,10,3200000,73100,user_39,91,91,
1188,11,0,0,validator_11,100,91,1172
1189,12,0,0,validator_11,100,91,1154
1154,13,1600000,1100000,user_24,91,91,
1155,14,2300000,0,user_24,91,91,
1143,15,2100000,0,user_15,91,91,
1174,16,2000000,0,user_41,91,91,
1150,17,1600000,0,user_21,91,91,
1169,18,1600000,0,user_39,91,91,
1149,19,1500000,66100,user_17,91,91,
1190,20,0,0,validator_11,100,91,1149
1126,21,1000000,285000,user_5,91,91,
1191,22,0,0,validator_11,100,91,1126
1192,23,0,0,validator_11,100,91,1158
1158,24,120000,1100000,user_28,91,91,
1127,25,1200000,0,user_6,91,91,
1156,26,1200000,0,user_25,91,91,
1152,27,1100000,15700,user_23,91,91,
1193,28,0,0,validator_11,100,91,1152
1180,29,1100000,0,user_44,91,91,
1167,30,1000000,0,user_37,91,91,
1144,31,910000,0,user_16,91,91,
1161,32,910000,0,user_31,91,91,
1173,33,910000,0,user_41,91,91,
1194,34,0,0,validator_11,100,91,1179
1179,35,110000,779000,user_44,91,91,
1195,36,0,0,validator_11,100,91,1146
1146,37,310000,410000,user_16,91,91,
1175,38,670000,16400,user_41,91,91,
1196,39,0,0,validator_11,100,91,1175
1197,40,0,0,validator_11,100,91,1171
1171,41,630000,56200,user_39,91,91,
1131,42,660000,0,user_6,91,91,
1168,43,660000,0,user_37,91,91,
1198,44,0,0,validator_11,100,91,1148
1148,45,150000,410000,user_16,91,91,
1199,46,0,0,validator_11,100,91,1153
1153,47,160000,381000,user_24,91,91,
1142,48,470000,0,user_14,91,91,
1162,49,460000,0,user_32,91,91,
1200,50,0,0,validator_11,100,91,1137
1137,51,420000,13800,user_11,91,91,
1163,52,340000,75000,user_33,91,91,
1201,53,0,0,validator_11,100,91,1163
1159,54,350000,0,user_29,91,91,
1139,55,340000,0,user_12,91,91,
1202,56,0,0,validator_11,100,91,1145
1145,57,120000,215000,user_16,91,91,
1128,58,310000,0,user_6,91,91,
1147,59,300000,0,user_16,91,91,
1130,60,220000,0,user_6,91,91,
1203,61,0,0,validator_11,100,91,1178
1178,62,120000,68100,user_44,91,91,
1134,63,170000,0,user_9,91,91,
1138,64,160000,0,user_11,91,91,
1165,65,160000,0,user_35,91,91,
1204,66,0,0,validator_11,100,91,1181
1181,67,120000,35100,user_45,91,91,
1157,68,150000,0,user_27,91,91,
1176,69,150000,0,user_41,91,91,
1177,70,110000,0,user_41,91,91,
1184,71,110000,0,user_48,91,91,
1170,72,98000,0,user_39,91,91,
1166,73,83000,0,user_36,91,91,
1160,74,79000,0,user_30,91,91,
1125,75,70000,0,user_0,91,91,
1216,0,43000000,71800,user_10,92,92,
1234,1,43000000,0,user_24,92,92,
1217,2,27000000,0,user_11,92,92,
1221,3,6100000,779000,user_15,92,92,
1262,4,2500000,0,user_41,92,92,
1211,5,2300000,6390,user_6,92,92,
1218,6,2100000,181000,user_11,92,92,
1205,7,2000000,0,user_1,92,92,
1263,8,2000000,0,user_42,92,92,
1233,9,1900000,0,user_24,92,92,
1260,10,1700000,0,user_39,92,92,
1222,11,1500000,0,user_16,92,92,
1227,12,1500000,0,user_18,92,92,
1273,13,1500000,75000,user_48,92,92,
1247,14,1000000,0,user_32,92,92,
1250,15,1000000,0,user_32,92,92,
1212,16,670000,0,user_7,92,92,
1241,17,670000,0,user_30,92,92,
1264,18,660000,12800,user_43,92,92,
1271,19,650000,17000,user_46,92,92,
1226,20,630000,0,user_18,92,92,
1257,21,530000,0,user_37,92,92,
1266,22,460000,0,user_45,92,92,
1268,23,460000,0,user_46,92,92,
1225,24,420000,0,user_18,92,92,
1252,25,350000,0,user_33,92,92,
1223,26,340000,128000,user_17,92,92,
1267,27,340000,0,user_46,92,92,
1208,28,300000,0,user_3,92,92,
1261,29,300000,16400,user_40,92,92,
1210,30,260000,0,user_6,92,92,
1253,31,240000,285000,user_34,92,92,
1224,32,220000,350000,user_18,92,92,
1265,33,170000,0,user_45,92,92,
1249,34,160000,1100000,user_32,92,92,
1269,35,160000,17700000,user_46,92,92,
1215,36,150000,0,user_10,92,92,
1248,37,150000,959000,user_32,92,92,
1219,38,120000,139000,user_12,92,92,
1236,39,120000,1100000,user_26,92,92,
1251,40,120000,0,user_32,92,92,
1220,41,110000,0,user_13,92,92,
1238,42,110000,0,user_28,92,92,
1206,43,100000,0,user_2,92,92,
1256,44,100000,0,user_36,92,92,
1239,45,98000,32900,user_28,92,92,
1237,46,84000,0,user_28,92,92,
1259,47,82000,0,user_39,92,92,
1207,48,73000,0,user_2,92,92,
1231,49,73000,16400,user_22,92,92,
1240,50,73000,0,user_28,92,92,
1270,51,73000,0,user_46,92,92,
1276,0,27000000,0,user_3,93,93,
1289,1,5000000,0,user_19,93,93,
1279,2,4500000,0,user_9,93,93,
1290,3,4500000,0,user_20,93,93,
1280,4,2600000,0,user_9,93,93,
1286,5,2000000,0,user_16,93,93,
1282,6,1900000,0,user_11,93,93,
1297,7,1600000,0,user_38,93,93,
1295,8,1400000,0,user_33,93,93,
1312,9,0,0,validator_0,100,93,1283
1283,10,1300000,64600,user_12,93,93,
1306,11,1100000,0,user_47,93,93,
1275,12,1000000,0,user_0,93,93,
1278,13,630000,0,user_8,93,93,
1277,14,460000,155000,user_5,93,93,
1313,15,0,0,validator_0,100,93,1277
1301,16,470000,0,user_43,93,93,
1287,17,420000,0,user_17,93,93,
1303,18,420000,0,user_44,93,93,
1304,19,420000,0,user_44,93,93,
1308,20,310000,0,user_48,93,93,
1311,21,310000,0,user_49,93,93,
1292,22,260000,0,user_23,93,93,
1310,23,220000,0,user_48,93,93,
1314,24,0,0,validator_0,100,93,1299
1299,25,85000,108000,user_40,93,93,
1274,26,160000,0,user_0,93,93,
1309,27,120000,0,user_48,93,93,
1302,28,110000,0,user_44,93,93,
1307,29,110000,0,user_47,93,93,
1288,30,87000,0,user_19,93,93,
1334,0,30000000,0,user_22,94,94,
1338,1,19000000,0,user_26,94,94,
1339,2,6100000,0,user_29,94,94,
1331,3,5000000,0,user_20,94,94,
1317,4,4200000,0,user_7,94,94,
1357,5,2100000,0,user_38,94,94,
1362,6,2100000,0,user_45,94,94,
1330,7,2000000,0,user_19,94,94,
1332,8,2000000,0,user_20,94,94,
1325,9,1800000,0,user_11,94,94,
1340,10,1400000,0,user_30,94,94,
1355,11,1300000,0,user_38,94,94,
1350,12,1200000,0,user_35,94,94,
1333,13,870000,0,user_21,94,94,
1354,14,670000,0,user_38,94,94,
1356,15,660000,0,user_38,94,94,
1342,16,630000,0,user_31,94,94,
1320,17,460000,0,user_9,94,94,
1329,18,370000,0,user_16,94,94,
1353,19,350000,0,user_38,94,94,
1341,20,340000,0,user_31,94,94,
1346,21,320000,128000,user_33,94,94,
1363,22,320000,0,user_45,94,94,
1323,23,310000,0,user_11,94,94,
1319,24,190000,0,user_8,94,94,
1347,25,170000,0,user_34,94,94,
1358,26,170000,0,user_41,94,94,
1359,27,170000,0,user_41,94,94,
1352,28,160000,0,user_37,94,94,
1364,29,160000,0,user_47,94,94,
1349,30,150000,0,user_34,94,94,
1351,31,150000,0,user_35,94,94,
1348,32,130000,0,user_34,94,94,
1318,33,120000,0,user_8,94,94,
1324,34,120000,19700,user_11,94,94,
1337,35,120000,0,user_26,94,94,
1321,36,110000,0,user_10,94,94,
1361,37,110000,35600,user_44,94,94,
1335,38,98000,0,user_23,94,94,
1322,39,84000,0,user_11,94,94,
1360,40,84000,0,user_43,94,94,
1327,41,83000,0,user_13,94,94,
1382,0,30000000,0,user_12,95,95,
1418,1,0,0,validator_9,100,95,1387
1387,2,27000000,381000,user_18,95,95,
1419,3,0,0,validator_9,100,95,1395
1395,4,6300000,283000,user_23,95,95,
1384,5,6100000,0,user_13,95,95,
1372,6,5000001,0,user_2,95,95,1368
1405,7,2500000,0,user_32,95,95,
1388,8,2000000,0,user_18,95,95,
1386,9,1900000,0,user_16,95,95,
1397,10,1800000,0,user_24,95,95,
1398,11,1600000,0,user_26,95,95,
1406,12,1500000,0,user_32,95,95,
1401,13,1300000,0,user_30,95,95,
1376,14,1200000,0,user_5,95,95,
1420,15,0,0,validator_9,100,95,1389
1389,16,1000000,15100,user_20,95,95,
1408,17,1000000,12800,user_35,95,95,
1421,18,0,0,validator_9,100,95,1408
1378,19,1000000,0,user_8,95,95,
1396,20,870000,0,user_23,95,95,
1399,21,630000,0,user_26,95,95,
1377,22,530000,0,user_8,95,95,
1402,23,460000,0,user_32,95,95,
1422,24,0,0,validator_9,100,95,1417
1417,25,360000,84800,user_49,95,95,
1381,26,350000,0,user_10,95,95,
1400,27,320000,0,user_29,95,95,
1383,28,310000,0,user_12,95,95,
1390,29,310000,0,user_20,95,95,
1411,30,260000,0,user_40,95,95,
1403,31,240000,0,user_32,95,95,
1412,32,220000,0,user_42,95,95,
1423,33,0,0,validator_9,100,95,1416
1416,34,170000,36800,user_46,95,95,
1424,35,0,0,validator_9,100,95,1409
1409,36,160000,5640,user_36,95,95,
1375,37,98000,0,user_5,95,95,
1404,38,98000,0,user_32,95,95,
1407,39,98000,0,user_35,95,95,
1367,40,87000,0,user_0,95,95,
1373,41,85000,0,user_3,95,95,
1391,42,85000,0,user_21,95,95,
1429,0,27000000,381000,user_4,96,96,
1448,1,6300000,0,user_24,96,96,
1432,2,3600000,0,user_6,96,96,
1427,3,3200000,0,user_4,96,96,
1428,4,3200000,21800,user_4,96,96,
1460,5,2600000,0,user_38,96,96,
1450,6,2100000,0,user_26,96,96,
1435,7,1600000,39400,user_12,96,96,
1439,8,1600000,15100,user_14,96,96,
1462,9,1600000,161000,user_40,96,96,
1465,10,1000000,0,user_45,96,96,
1445,11,310000,121000,user_21,96,96,
1433,12,300000,0,user_8,96,96,
1444,13,260000,0,user_20,96,96,
1453,14,260000,0,user_30,96,96,
1438,15,240000,369000,user_14,96,96,
1464,16,220000,0,user_43,96,96,
1434,17,170000,10700,user_8,96,96,
1447,18,170000,0,user_24,96,96,
1458,19,160000,0,user_36,96,96,
1430,20,150000,0,user_4,96,96,
1459,21,150000,0,user_37,96,96,
1441,22,120000,0,user_16,96,96,
1466,23,120000,0,user_46,96,96,
1467,24,120000,0,user_46,96,96,
1431,25,110000,33100,user_4,96,96,
1442,26,110000,0,user_16,96,96,
1451,27,110000,296000,user_28,96,96,
1461,28,110000,410000,user_39,96,96,
1463,29,110000,0,user_41,96,96,
1440,30,100000,139000,user_15,96,96,
1452,31,100000,12800,user_29,96,96,
1449,32,87000,0,user_25,96,96,
1469,33,85000,0,user_49,96,96,
1443,34,79000,60700,user_17,96,96,
1513,0,27000000,0,user_37,97,97,
1517,1,27000000,0,user_38,97,97,
1521,2,27000000,0,user_45,97,97,
1494,3,19000000,0,user_20,97,97,
1526,4,0,0,validator_6,100,97,1473
1473,5,1500000,4320000,user_3,97,97,
1501,6,3500000,0,user_24,97,97,
1474,7,3200000,0,user_4,97,97,
1477,8,3200000,0,user_8,97,97,
1489,9,2100000,0,user_16,97,97,
1514,10,2000000,0,user_38,97,97,
1515,11,2000000,0,user_38,97,97,
1471,12,1800000,0,user_1,97,97,
1493,13,1800000,0,user_18,97,97,
1495,14,1800000,0,user_20,97,97,
1485,15,1500000,0,user_13,97,97,
1505,16,1100000,0,user_28,97,97,
1476,17,1000000,0,user_6,97,97,
1484,18,1000000,0,user_11,97,97,
1491,19,1000000,0,user_16,97,97,
1472,20,910000,0,user_2,97,97,
1492,21,910000,0,user_16,97,97,
1527,22,0,0,validator_6,100,97,1506
1506,23,870000,36800,user_29,97,97,
1483,24,870000,0,user_10,97,97,
1512,25,670000,0,user_37,97,97,
1470,26,660000,0,user_0,97,97,
1488,27,660000,0,user_16,97,97,
1516,28,660000,0,user_38,97,97,
1528,29,0,0,validator_6,100,97,1502
1502,30,600000,19700,user_25,97,97,
1529,31,0,0,validator_6,100,97,1497
1497,32,470000,73100,user_21,97,97,
1530,33,0,0,validator_6,100,97,1522
1522,34,420000,67500,user_46,97,97,
1480,35,470000,0,user_8,97,97,
1479,36,350000,46500,user_8,97,97,
1531,37,0,0,validator_6,100,97,1479
1487,38,310000,0,user_15,97,97,
1504,39,310000,0,user_27,97,97,
1481,40,260000,0,user_8,97,97,
1508,41,220000,0,user_33,97,97,
1520,42,220000,0,user_43,97,97,
1478,43,190000,0,user_8,97,97,
1496,44,150000,0,user_21,97,97,
1482,45,120000,0,user_9,97,97,
1486,46,110000,0,user_13,97,97,
1507,47,84000,0,user_31,97,97,
1490,48,79000,0,user_16,97,97,
1557,0,43000000,3130,user_20,98,98,
1546,1,5000000,0,user_11,98,98,
1556,2,5000000,5640,user_20,98,98,
1577,3,4500000,0,user_41,98,98,
1547,4,3600000,0,user_11,98,98,
1579,5,3500000,0,user_46,98,98,
1551,6,3200000,0,user_16,98,98,
1560,7,2600000,0,user_22,98,98,
1555,8,2000000,350000,user_20,98,98,
1532,9,1800000,0,user_0,98,98,
1539,10,1500000,0,user_6,98,98,
1563,11,1500000,0,user_27,98,98,
1572,12,1500000,0,user_37,98,98,
1584,13,1500000,0,user_49,98,98,
1537,14,1400000,0,user_5,98,98,
1575,15,1400000,0,user_41,98,98,
1553,16,1100000,0,user_18,98,98,
1583,17,1100000,0,user_49,98,98,
1543,18,470000,128000,user_9,98,98,
1558,19,370000,594000,user_20,98,98,
1534,20,360000,0,user_2,98,98,
1554,21,360000,0,user_20,98,98,
1544,22,350000,0,user_9,98,98,
1573,23,350000,0,user_38,98,98,
1550,24,340000,0,user_15,98,98,
1559,25,340000,0,user_21,98,98,
1580,26,320000,0,user_47,98,98,
1545,27,310000,32900,user_10,98,98,
1578,28,310000,0,user_41,98,98,
1574,29,300000,0,user_41,98,98,
1576,30,220000,0,user_41,98,98,
1566,31,160000,0,user_30,98,98,
1536,32,150000,0,user_5,98,98,
1542,33,150000,21800,user_8,98,98,
1538,34,120000,0,user_5,98,98,
1549,35,110000,6390,user_14,98,98,
1548,36,100000,0,user_12,98,98,
1565,37,87000,283000,user_29,98,98,
1535,38,83000,0,user_5,98,98,
1552,39,77000,0,user_17,98,98,
1564,40,77000,0,user_28,98,98,
1596,0,43000000,35600,user_13,99,99,
1630,1,0,0,validator_4,100,99,1596
1599,2,30000000,0,user_19,99,99,
1592,3,27000000,256000,user_9,99,99,
1631,4,0,0,validator_4,100,99,1592
1585,5,5000000,0,user_1,99,99,
1632,6,0,0,validator_4,100,99,1587
1587,7,3600000,67500,user_2,99,99,
1629,8,2600000,0,user_49,99,99,
1588,9,2000000,0,user_4,99,99,
1613,10,2000000,0,user_30,99,99,
1627,11,1900000,0,user_45,99,99,
1609,12,1500000,0,user_26,99,99,
1610,13,1500000,0,user_27,99,99,
1633,14,0,0,validator_4,100,99,1626
1626,15,1300000,181000,user_45,99,99,
1601,16,1300000,0,user_21,99,99,
1634,17,0,0,validator_4,100,99,1589
1589,18,83000,1100000,user_5,99,99,
1598,19,1000000,161000,user_17,99,99,
1635,20,0,0,validator_4,100,99,1598
1625,21,1100000,0,user_45,99,99,
1623,22,1000000,0,user_43,99,99,
1624,23,1000000,0,user_45,99,99,
1604,24,870000,0,user_23,99,99,
1603,25,670000,0,user_23,99,99,
1621,26,650000,0,user_39,99,99,
1618,27,530000,0,user_35,99,99,
1619,28,470000,0,user_37,99,99,
1600,29,370000,0,user_20,99,99,
1608,30,260000,0,user_25,99,99,
1605,31,220000,0,user_23,99,99,
1628,32,190000,0,user_48,99,99,
1617,33,160000,0,user_35,99,99,
1586,34,150000,0,user_1,99,99,
1593,35,150000,0,user_10,99,99,
1622,36,150000,0,user_41,99,99,
1602,37,120000,0,user_23,99,99,
1636,38,0,0,validator_4,100,99,1597
1597,39,100000,12800,user_15,99,99,
1591,40,110000,0,user_8,99,99,
1607,41,98000,0,user_24,99,99,
1612,42,83000,0,user_29,99,99,
1616,43,73000,0,user_33,99,99,
1606,44,70000,0,user_23,99,99,
1694,0,19000000,36800,user_49,100,100,
1641,1,5200000,0,user_5,100,100,
1652,2,5000000,0,user_13,100,100,
1675,3,2600000,0,user_37,100,100,
1676,4,2500000,0,user_37,100,100,
1646,5,2000000,100000,user_9,100,100,
1667,6,1600000,0,user_28,100,100,
1686,7,1600000,0,user_43,100,100,
1643,8,1500000,0,user_8,100,100,
1685,9,1500000,0,user_43,100,100,
1693,10,1500000,0,user_48,100,100,
1655,11,1400000,0,user_15,100,100,
1648,12,1300000,0,user_10,100,100,
1672,13,1300000,0,user_34,100,100,
1639,14,1000000,0,user_3,100,100,
1653,15,1000000,146000,user_14,100,100,
1677,16,870000,0,user_37,100,100,
1644,17,670000,0,user_9,100,100,
1665,18,670000,283000,user_26,100,100,
1674,19,660000,0,user_37,100,100,
1669,20,470000,0,user_30,100,100,
1679,21,360000,0,user_38,100,100,
1657,22,350000,0,user_19,100,100,
1658,23,350000,0,user_21,100,100,
1680,24,310000,0,user_39,100,100,
1640,25,240000,0,user_3,100,100,
1642,26,240000,0,user_7,100,100,
1645,27,150000,0,user_9,100,100,
1670,28,150000,0,user_32,100,100,
1654,29,120000,33100,user_15,100,100,
1678,30,120000,5180,user_37,100,100,
1683,31,120000,16400,user_41,100,100,
1637,32,110000,155000,user_0,100,100,
1668,33,110000,36800,user_29,100,100,
1673,34,110000,0,user_35,100,100,
1638,35,109999,0,user_1,100,100,1637
1659,36,87000,0,user_22,100,100,
1660,37,85000,0,user_23,100,100,
1647,38,84000,3130,user_10,100,100,
1666,39,84000,545000,user_27,100,100,
1681,40,82000,0,user_39,100,100,
1682,41,77000,0,user_41,100,100,
1741,0,6300000,0,user_49,101,101,
1735,1,6100000,0,user_41,101,101,
1711,2,5200000,0,user_13,101,101,
1718,3,5200000,0,user_22,101,101,
1706,4,4500000,0,user_7,101,101,
1714,5,3600000,0,user_17,101,101,
1729,6,2600000,0,user_32,101,101,
1713,7,2500000,0,user_17,101,101,
1732,8,2400000,5640,user_37,101,101,
1703,9,2000000,0,user_4,101,101,
1707,10,2000000,0,user_8,101,101,
1724,11,1900000,350000,user_29,101,101,
1695,12,1500000,0,user_0,101,101,
1704,13,1400000,19700,user_6,101,101,
1705,14,1400000,0,user_6,101,101,
1736,15,1300000,21800,user_43,101,101,
1723,16,670000,67500,user_29,101,101,
1726,17,320000,0,user_29,101,101,
1712,18,310000,13900,user_13,101,101,
1717,19,310000,0,user_21,101,101,
1722,20,300000,0,user_29,101,101,
1696,21,260000,0,user_0,101,101,
1708,22,260000,0,user_9,101,101,
1699,23,220001,0,user_0,101,101,1698
1700,24,220001,0,user_1,101,101,1698
1698,25,220000,35100,user_0,101,101,
1701,26,219999,0,user_2,101,101,1698
1715,27,170000,0,user_17,101,101,
1740,28,160000,14200,user_48,101,101,
1697,29,150000,0,user_0,101,101,
1709,30,120000,0,user_10,101,101,
1719,31,120000,0,user_23,101,101,
1721,32,120000,121000,user_25,101,101,
1716,33,87000,16400,user_19,101,101,
1727,34,84000,34700,user_30,101,101,
1702,35,80000,0,user_3,101,101,
1725,36,79000,0,user_29,101,101,
1733,37,79000,0,user_39,101,101,
1730,38,77000,0,user_32,101,101,
1731,39,73000,68100,user_37,101,101,
1747,0,43000000,0,user_4,102,102,
1786,1,0,0,validator_11,100,102,1751
1751,2,6100000,13800,user_9,102,102,
1777,3,3500000,0,user_45,102,102,
1761,4,2000000,0,user_22,102,102,
1766,5,1900000,0,user_33,102,102,
1775,6,1800000,0,user_43,102,102,
1784,7,1800000,0,user_48,102,102,
1746,8,1500000,0,user_3,102,102,
1762,9,1500000,0,user_23,102,102,
1787,10,0,0,validator_11,100,102,1771
1771,11,1000000,350000,user_36,102,102,
1788,12,0,0,validator_11,100,102,1772
1772,13,1100000,195000,user_37,102,102,
1785,14,1100000,0,user_49,102,102,
1743,15,1000000,34700,user_1,102,102,
1789,16,0,0,validator_11,100,102,1743
1744,17,1000001,0,user_1,102,102,1743
1767,18,1000000,0,user_33,102,102,
1779,19,1000000,0,user_47,102,102,
1745,20,999999,0,user_2,102,102,1743
1757,21,660000,0,user_14,102,102,
1768,22,650000,0,user_33,102,102,
1774,23,650000,0,user_42,102,102,
1781,24,650000,0,user_48,102,102,
1765,25,420000,0,user_32,102,102,
1742,26,340000,0,user_0,102,102,
1783,27,340000,0,user_48,102,102,
1758,28,300000,0,user_15,102,102,
1778,29,220000,0,user_46,102,102,
1776,30,170000,46500,user_44,102,102,
1790,31,0,0,validator_11,100,102,1776
1763,32,190000,0,user_26,102,102,
1791,33,0,0,validator_11,100,102,1780
1780,34,150000,8520,user_48,102,102,
1754,35,150000,0,user_12,102,102,
1764,36,150000,0,user_29,102,102,
1769,37,150000,0,user_34,102,102,
1748,38,110000,0,user_6,102,102,
1759,39,110000,0,user_18,102,102,
1770,40,82000,17000,user_35,102,102,
1792,41,0,0,validator_11,100,102,1770
1782,42,87000,0,user_48,102,102,
1753,43,83000,0,user_11,102,102,
1806,0,30000000,0,user_18,103,103,
1825,1,5200000,0,user_44,103,103,
1804,2,3500000,0,user_16,103,103,
1816,3,3200000,231000,user_32,103,103,
1832,4,0,0,validator_2,100,103,1816
1826,5,2500000,46500,user_45,103,103,
1833,6,0,0,validator_2,100,103,1826
1813,7,2500000,16400,user_29,103,103,
1834,8,0,0,validator_2,100,103,1813
1805,9,2000000,0,user_17,103,103,
1808,10,1900000,0,user_20,103,103,
1821,11,1600000,0,user_38,103,103,
1835,12,0,0,validator_2,100,103,1818
1818,13,1500000,66100,user_34,103,103,
1836,14,0,0,validator_2,100,103,1810
1810,15,970000,13900,user_23,103,103,
1809,16,910000,0,user_21,103,103,
1800,17,870000,0,user_11,103,103,
1824,18,660000,0,user_41,103,103,
1829,19,650000,0,user_45,103,103,
1814,20,470000,0,user_30,103,103,
1793,21,360000,21800,user_3,103,103,
1837,22,0,0,validator_2,100,103,1793
1795,23,310000,0,user_5,103,103,
1817,24,260000,0,user_33,103,103,
1828,25,260000,0,user_45,103,103,
1838,26,0,0,validator_2,100,103,1812
1812,27,120000,71800,user_27,103,103,
1822,28,170000,0,user_39,103,103,
1827,29,170000,0,user_45,103,103,
1831,30,150000,0,user_49,103,103,
1815,31,110000,0,user_31,103,103,
1823,32,98000,0,user_39,103,103,
1799,33,85000,0,user_11,103,103,
1796,34,82000,0,user_6,103,103,
1794,35,80000,0,user_4,103,103,
1852,0,27000000,0,user_8,104,104,
1902,1,4500000,0,user_43,104,104,
1848,2,4200000,0,user_3,104,104,
1910,3,0,0,validator_9,100,104,1879
1879,4,3500000,283000,user_24,104,104,
1839,5,2600000,75000,user_0,104,104,
1911,6,0,0,validator_9,100,104,1839
1843,7,2600001,0,user_2,104,104,1839
1844,8,2600001,0,user_2,104,104,1839
1845,9,2600001,0,user_2,104,104,1839
1855,10,2600000,0,user_10,104,104,
1846,11,2599999,0,user_2,104,104,1839
1847,12,2599999,0,user_2,104,104,1839
1909,13,2500000,0,user_45,104,104,
1912,14,0,0,validator_9,100,104,1861
1861,15,2000000,19700,user_14,104,104,
1897,16,2000000,0,user_38,104,104,
1900,17,2000000,0,user_41,104,104,
1905,18,2000000,0,user_43,104,104,
1876,19,1800000,0,user_21,104,104,
1863,20,1700000,0,user_16,104,104,
1857,21,1600000,0,user_11,104,104,
1870,22,1600000,0,user_20,104,104,
1888,23,1500000,0,user_30,104,104,
1873,24,1400000,0,user_21,104,104,
1885,25,1400000,0,user_29,104,104,
1865,26,630000,594000,user_16,104,104,
1913,27,0,0,validator_9,100,104,1865
1856,28,1100000,0,user_10,104,104,
1883,29,1100000,0,user_29,104,104,
1914,30,0,0,validator_9,100,104,1896
1896,31,120000,959000,user_38,104,104,
1915,32,0,0,validator_9,100,104,1884
1884,33,1000000,23500,user_29,104,104,
1875,34,1000000,0,user_21,104,104,
1901,35,1000000,0,user_42,104,104,
1898,36,910000,0,user_39,104,104,
1899,37,670000,0,user_40,104,104,
1882,38,660000,0,user_28,104,104,
1903,39,530000,0,user_43,104,104,
1867,40,460000,0,user_18,104,104,
1858,41,420000,0,user_11,104,104,
1871,42,420000,0,user_20,104,104,
1877,43,370000,0,user_23,104,104,
1860,44,320000,0,user_14,104,104,
1850,45,310000,0,user_6,104,104,
1859,46,220000,0,user_13,104,104,
1895,47,220000,0,user_35,104,104,
1894,48,170000,0,user_34,104,104,
1878,49,120000,47700,user_24,104,104,
1916,50,0,0,validator_9,100,104,1878
1874,51,150000,0,user_21,104,104,
1907,52,150000,0,user_45,104,104,
1851,53,130000,0,user_6,104,104,
1872,54,82000,39400,user_21,104,104,
1917,55,0,0,validator_9,100,104,1872
1849,56,120000,0,user_5,104,104,
1864,57,120000,0,user_16,104,104,
1880,58,110000,0,user_24,104,104,
1886,59,110000,0,user_29,104,104,
1893,60,84000,0,user_34,104,104,
1908,61,83000,0,user_45,104,104,
1889,62,80000,0,user_32,104,104,
1881,63,79000,0,user_26,104,104,
1904,64,77000,0,user_43,104,104,
1887,65,73000,0,user_29,104,104,
1948,0,30000000,0,user_20,105,105,
1918,1,6100000,0,user_0,105,105,
1928,2,6100000,0,user_7,105,105,
1919,3,5200000,0,user_0,105,105,
1972,4,5200000,0,user_44,105,105,
1975,5,5200000,0,user_47,105,105,
1929,6,5000000,0,user_8,105,105,
1933,7,5000000,0,user_8,105,105,
1946,8,2600000,0,user_20,105,105,
1976,9,2600000,121000,user_48,105,105,
1937,10,2400000,19700,user_13,105,105,
1943,11,2400000,0,user_18,105,105,
1960,12,2300000,0,user_31,105,105,
1927,13,2100000,0,user_6,105,105,
1973,14,1800000,285000,user_47,105,105,
1968,15,1400000,0,user_38,105,105,
1964,16,1100000,0,user_35,105,105,
1939,17,1000000,0,user_15,105,105,
1940,18,1000000,0,user_15,105,105,
1954,19,1000000,0,user_25,105,105,
1966,20,1000000,0,user_37,105,105,
1951,21,870000,0,user_23,105,105,
1962,22,670000,0,user_32,105,105,
1970,23,670000,0,user_41,105,105,
1944,24,650000,0,user_20,105,105,
1947,25,530000,0,user_20,105,105,
1932,26,460000,0,user_8,105,105,
1945,27,460000,0,user_20,105,105,
1971,28,460000,0,user_43,105,105,
1934,29,370000,0,user_10,105,105,
1967,30,260000,0,user_37,105,105,
1974,31,260000,369000,user_47,105,105,
1961,32,240000,0,user_31,105,105,
1955,33,220000,0,user_25,105,105,
1938,34,190000,0,user_13,105,105,
1942,35,170000,0,user_18,105,105,
1920,36,130000,33300,user_1,105,105,
1950,37,120000,0,user_22,105,105,
1965,38,120000,0,user_36,105,105,
1930,39,110000,0,user_8,105,105,
1931,40,110000,0,user_8,105,105,
1935,41,110000,0,user_11,105,105,
1959,42,98000,0,user_29,105,105,
1963,43,98000,0,user_33,105,105,
1956,44,84000,0,user_26,105,105,
1949,45,77000,0,user_21,105,105,
1991,0,19000000,0,user_10,106,106,
2007,1,19000000,0,user_23,106,106,
2017,2,5200000,0,user_33,106,106,
2029,3,5000000,0,user_43,106,106,
1992,4,4500000,0,user_10,106,106,
1986,5,3500000,121000,user_6,106,106,
2035,6,0,0,validator_4,100,106,1986
2025,7,3500000,0,user_39,106,106,
2014,8,2400000,0,user_33,106,106,
2034,9,2400000,0,user_49,106,106,
2036,10,0,0,validator_4,100,106,1985
1985,11,1100000,1100000,user_6,106,106,
1990,12,1000000,1100000,user_10,106,106,
2037,13,0,0,validator_4,100,106,1990
2015,14,2100000,0,user_33,106,106,
2026,15,2100000,0,user_39,106,106,
2038,16,0,0,validator_4,100,106,2005
2005,17,1500000,594000,user_22,106,106,
1983,18,2000000,0,user_4,106,106,
2039,19,0,0,validator_4,100,106,2001
2001,20,1600000,256000,user_19,106,106,
2009,21,1800000,0,user_27,106,106,
2032,22,1800000,0,user_46,106,106,
2010,23,1600000,0,user_29,106,106,
2027,24,1500000,0,user_40,106,106,
1998,25,1100000,0,user_15,106,106,
2006,26,1000000,0,user_22,106,106,
2020,27,1000000,0,user_36,106,106,
2021,28,1000000,0,user_36,106,106,
2022,29,870000,0,user_36,106,106,
2040,30,0,0,validator_4,100,106,1984
1984,31,77000,779000,user_5,106,106,
2041,32,0,0,validator_4,100,106,2004
2004,33,650000,15100,user_21,106,106,
1977,34,110000,381000,user_0,106,106,
2042,35,0,0,validator_4,100,106,1977
2043,36,0,0,validator_4,100,106,2030
2030,37,460000,17000,user_43,106,106,
2002,38,460000,0,user_20,106,106,
2013,39,370000,0,user_32,106,106,
2011,40,320000,0,user_30,106,106,
1993,41,220000,0,user_10,106,106,
1994,42,220000,0,user_10,106,106,
1997,43,220000,0,user_14,106,106,
1999,44,220000,0,user_18,106,106,
2016,45,220000,0,user_33,106,106,
2044,46,0,0,validator_4,100,106,1989
1989,47,150000,33300,user_9,106,106,
2019,48,170000,0,user_36,106,106,
2028,49,170000,0,user_41,106,106,
2018,50,160000,0,user_35,106,106,
2045,51,0,0,validator_4,100,106,2031
2031,52,120000,33300,user_45,106,106,
2046,53,0,0,validator_4,100,106,1996
1996,54,130000,15100,user_13,106,106,
2000,55,120000,0,user_18,106,106,
2008,56,120000,0,user_25,106,106,
1978,57,110001,0,user_1,106,106,1977
1980,58,110001,0,user_2,106,106,1977
1979,59,109999,0,user_1,106,106,1977
2033,60,98000,0,user_46,106,106,
2003,61,80000,0,user_21,106,106,
2023,62,77000,0,user_36,106,106,
2069,0,19000000,0,user_17,107,107,
2101,1,0,0,validator_3,100,107,2058
2058,2,120000,7190000,user_11,107,107,
2056,3,6300000,0,user_9,107,107,
2092,4,5000000,0,user_41,107,107,
2067,5,4200000,0,user_17,107,107,
2076,6,3500000,0,user_22,107,107,
2060,7,2000000,0,user_12,107,107,
2063,8,2000000,0,user_14,107,107,
2088,9,2000000,0,user_35,107,107,
2102,10,0,0,validator_3,100,107,2077
2077,11,1700000,195000,user_23,107,107,
2073,12,1800000,0,user_19,107,107,
2085,13,1700000,0,user_32,107,107,
2098,14,1700000,0,user_46,107,107,
2080,15,1600000,0,user_27,107,107,
2054,16,1500000,42000,user_7,107,107,
2103,17,0,0,validator_3,100,107,2054
2051,18,1500000,0,user_4,107,107,
2089,19,1500000,0,user_36,107,107,
2059,20,1100000,0,user_12,107,107,
2081,21,1000000,0,user_28,107,107,
2068,22,370000,545000,user_17,107,107,
2104,23,0,0,validator_3,100,107,2068
2055,24,910000,0,user_8,107,107,
2087,25,910000,0,user_34,107,107,
2066,26,600000,296000,user_15,107,107,
2105,27,0,0,validator_3,100,107,2066
2078,28,870000,0,user_25,107,107,
2086,29,670000,0,user_33,107,107,
2095,30,650000,0,user_43,107,107,
2065,31,630000,0,user_14,107,107,
2057,32,530000,0,user_10,107,107,
2064,33,530000,0,user_14,107,107,
2097,34,460000,0,user_43,107,107,
2094,35,340000,0,user_43,107,107,
2106,36,0,0,validator_3,100,107,2096
2096,37,170000,146000,user_43,107,107,
2072,38,220000,46500,user_18,107,107,
2107,39,0,0,validator_3,100,107,2072
2047,40,170000,60700,user_0,107,107,
2108,41,0,0,validator_3,100,107,2047
2062,42,220000,0,user_14,107,107,
2048,43,170001,0,user_0,107,107,2047
2052,44,170000,0,user_5,107,107,
2061,45,170000,0,user_13,107,107,
2049,46,169999,0,user_1,107,107,2047
2050,47,169999,0,user_2,107,107,2047
2109,48,0,0,validator_3,100,107,2093
2093,49,150000,16400,user_42,107,107,
2071,50,150000,0,user_17,107,107,
2075,51,150000,0,user_21,107,107,
2099,52,150000,0,user_47,107,107,
2070,53,120000,0,user_17,107,107,
2090,54,120000,0,user_37,107,107,
2079,55,100000,0,user_25,107,107,
2053,56,85000,0,user_5,107,107,
2084,57,82000,0,user_32,107,107,
15,0,19000000,0,user_23,108,108,
33,1,6300000,0,user_38,108,108,
0,2,5000000,15300,user_4,108,108,
19,3,5000000,56200,user_25,108,108,
23,4,4500000,0,user_29,108,108,
14,5,4200000,369000,user_21,108,108,
25,6,4200000,0,user_32,108,108,
8,7,3200000,0,user_15,108,108,
20,8,3200000,128000,user_25,108,108,
7,9,2400000,0,user_14,108,108,
11,10,2400000,285000,user_17,108,108,
27,11,2000000,0,user_32,108,108,
36,12,2000000,0,user_41,108,108,
9,13,1700000,0,user_16,108,108,
43,14,1600000,0,user_49,108,108,
21,15,1500000,0,user_26,108,108,
6,16,1400000,15700,user_13,108,108,
2,17,1100000,0,user_6,108,108,
12,18,1100000,0,user_19,108,108,
18,19,1100000,594000,user_25,108,108,
16,20,650000,0,user_25,108,108,
34,21,370000,0,user_39,108,108,
13,22,310000,0,user_20,108,108,
37,23,260000,0,user_43,108,108,
42,24,220000,0,user_48,108,108,
1,25,120000,0,user_6,108,108,
3,26,120000,0,user_7,108,108,
31,27,120000,0,user_37,108,108,
17,28,100000,0,user_25,108,108,
32,29,100000,0,user_38,108,108,
4,30,85000,0,user_10,108,108,
29,31,83000,0,user_36,108,108,
26,32,79000,108000,user_32,108,108,
10,33,77000,0,user_17,108,108,
30,34,77000,0,user_37,108,108,
22,35,73000,0,user_28,108,108,
82,0,6300000,0,user_42,109,109,
46,1,6100000,0,user_3,109,109,
54,2,3500000,296000,user_16,109,109,
91,3,0,0,validator_2,100,109,54
92,4,0,0,validator_2,100,109,75
75,5,2000000,510000,user_32,109,109,
45,6,1500000,0,user_2,109,109,
78,7,1500000,0,user_35,109,109,
79,8,1500000,0,user_35,109,109,
85,9,1500000,0,user_44,109,109,
69,10,1400000,0,user_27,109,109,
87,11,1100000,0,user_45,109,109,
93,12,0,0,validator_2,100,109,65
65,13,1000000,39400,user_26,109,109,
64,14,1000000,0,user_26,109,109,
59,15,970000,0,user_21,109,109,
52,16,870000,0,user_14,109,109,
49,17,530000,0,user_6,109,109,
88,18,470000,12800,user_46,109,109,
94,19,0,0,validator_2,100,109,88
48,20,460000,0,user_5,109,109,
72,21,460000,0,user_28,109,109,
77,22,460000,0,user_34,109,109,
95,23,0,0,validator_2,100,109,68
68,24,170000,283000,user_27,109,109,
44,25,420000,0,user_2,109,109,
71,26,420000,0,user_27,109,109,
62,27,360000,0,user_26,109,109,
60,28,320000,0,user_23,109,109,
80,29,220000,49100,user_38,109,109,
96,30,0,0,validator_2,100,109,80
86,31,260000,0,user_44,109,109,
51,32,240000,0,user_10,109,109,
74,33,220000,0,user_29,109,109,
97,34,0,0,validator_2,100,109,63
63,35,73000,139000,user_26,109,109,
83,36,160000,0,user_42,109,109,
89,37,160000,0,user_48,109,109,
73,38,150000,0,user_29,109,109,
81,39,150000,0,user_39,109,109,
90,40,120000,0,user_49,109,109,
56,41,100000,0,user_18,109,109,
98,42,0,0,validator_2,100,109,76
76,43,80000,13900,user_33,109,109,
70,44,85000,0,user_27,109,109,
67,45,82000,0,user_27,109,109,
47,46,79000,0,user_3,109,109,
66,47,73000,0,user_26,109,109,
55,48,70000,0,user_17,109,109,
137,0,30000000,0,user_32,110,110,
144,1,27000000,49100,user_36,110,110,
156,2,0,0,validator_4,100,110,144
157,3,0,0,validator_4,100,110,115
115,4,2600000,17700000,user_19,110,110,
142,5,5200000,0,user_34,110,110,
158,6,0,0,validator_4,100,110,129
129,7,4500000,33300,user_26,110,110,
113,8,4500000,0,user_18,110,110,
159,9,0,0,validator_4,100,110,119
119,10,2100000,283000,user_22,110,110,
152,11,2100000,0,user_46,110,110,
122,12,2000000,0,user_25,110,110,
132,13,1900000,31700,user_27,110,110,
160,14,0,0,validator_4,100,110,132
153,15,1900000,0,user_46,110,110,
107,16,1800000,84800,user_10,110,110,
161,17,0,0,validator_4,100,110,107
138,18,1400000,350000,user_33,110,110,
162,19,0,0,validator_4,100,110,138
103,20,1600000,0,user_6,110,110,
123,21,1500000,0,user_25,110,110,
155,22,1500000,0,user_49,110,110,
150,23,1400000,0,user_42,110,110,
141,24,1100000,0,user_34,110,110,
118,25,1000000,0,user_21,110,110,
147,26,660000,0,user_39,110,110,
127,27,600000,0,user_26,110,110,
124,28,460000,0,user_25,110,110,
163,29,0,0,validator_4,100,110,102
102,30,420000,21800,user_5,110,110,
117,31,420000,0,user_21,110,110,
121,32,340000,0,user_24,110,110,
140,33,300000,0,user_33,110,110,
125,34,82000,195000,user_25,110,110,
164,35,0,0,validator_4,100,110,125
165,36,0,0,validator_4,100,110,143
143,37,260000,16400,user_35,110,110,
128,38,260000,0,user_26,110,110,
166,39,0,0,validator_4,100,110,101
101,40,160000,73100,user_1,110,110,
106,41,220000,0,user_9,110,110,
110,42,220000,0,user_15,110,110,
116,43,220000,0,user_20,110,110,
136,44,150000,67900,user_32,110,110,
167,45,0,0,validator_4,100,110,136
134,46,170000,0,user_30,110,110,
139,47,170000,0,user_33,110,110,
130,48,83000,64600,user_26,110,110,
168,49,0,0,validator_4,100,110,130
169,50,0,0,validator_4,100,110,104
104,51,98000,43600,user_6,110,110,
114,52,120000,14200,user_19,110,110,
170,53,0,0,validator_4,100,110,114
112,54,110000,0,user_17,110,110,
148,55,100000,0,user_39,110,110,
151,56,100000,0,user_45,110,110,
99,57,87000,0,user_0,110,110,
120,58,87000,0,user_23,110,110,
171,59,0,0,validator_4,100,110,149
149,60,79000,5640,user_41,110,110,
131,61,83000,0,user_26,110,110,
111,62,82000,0,user_16,110,110,
154,63,82000,0,user_48,110,110,
100,64,73000,0,user_0,110,110,
126,65,70000,0,user_25,110,110,
194,0,27000000,0,user_21,111,111,
183,1,19000000,0,user_12,111,111,
185,2,5200000,0,user_12,111,111,
221,3,5200000,0,user_47,111,111,
195,4,4500000,0,user_22,111,111,
196,5,3600000,0,user_23,111,111,
191,6,3200000,0,user_18,111,111,
227,7,0,0,validator_11,100,111,184
184,8,2500000,23500,user_12,111,111,
218,9,2500000,0,user_46,111,111,
197,10,2300000,0,user_24,111,111,
211,11,1800000,0,user_33,111,111,
200,12,1500000,256000,user_26,111,111,
228,13,0,0,validator_11,100,111,200
206,14,1700000,0,user_29,111,111,
190,15,1600000,0,user_18,111,111,
173,16,1500000,12300,user_3,111,111,
229,17,0,0,validator_11,100,111,173
230,18,0,0,validator_11,100,111,204
204,19,1000000,11200,user_28,111,111,
202,20,1000000,0,user_28,111,111,
205,21,1000000,0,user_28,111,111,
179,22,970000,0,user_8,111,111,
223,23,970000,0,user_48,111,111,
186,24,870000,0,user_12,111,111,
199,25,630000,161000,user_26,111,111,
231,26,0,0,validator_11,100,111,199
209,27,530000,0,user_32,111,111,
220,28,460000,0,user_47,111,111,
213,29,350000,0,user_38,111,111,
232,30,0,0,validator_11,100,111,174
174,31,260000,71800,user_5,111,111,
193,32,320000,0,user_21,111,111,
181,33,310000,0,user_11,111,111,
198,34,310000,0,user_25,111,111,
201,35,260000,0,user_27,111,111,
219,36,260000,0,user_46,111,111,
182,37,150000,64600,user_12,111,111,
233,38,0,0,validator_11,100,111,182
192,39,190000,19700,user_18,111,111,
234,40,0,0,validator_11,100,111,192
207,41,170000,0,user_31,111,111,
208,42,160000,0,user_31,111,111,
203,43,150000,0,user_28,111,111,
212,44,120000,0,user_38,111,111,
216,45,120000,0,user_43,111,111,
222,46,120000,0,user_48,111,111,
225,47,120000,0,user_48,111,111,
189,48,98000,0,user_18,111,111,
235,49,0,0,validator_11,100,111,210
210,50,77000,12800,user_33,111,111,
217,51,87000,0,user_44,111,111,
224,52,85000,0,user_48,111,111,
188,53,83000,0,user_16,111,111,
178,54,77000,0,user_8,111,111,
172,55,70000,0,user_2,111,111,
226,56,70000,0,user_48,111,111,
268,0,43000000,0,user_35,112,112,
277,1,43000000,0,user_44,112,112,
247,2,27000000,12300,user_13,112,112,
282,3,0,0,validator_12,100,112,247
254,4,19000000,36800,user_22,112,112,
283,5,0,0,validator_12,100,112,254
239,6,19000000,0,user_3,112,112,
248,7,2000000,4320000,user_14,112,112,
284,8,0,0,validator_12,100,112,248
285,9,0,0,validator_12,100,112,258
258,10,2600000,17000,user_23,112,112,
271,11,2500000,0,user_37,112,112,
269,12,2100000,0,user_36,112,112,
246,13,2000000,0,user_13,112,112,
270,14,1800000,0,user_36,112,112,
278,15,1800000,0,user_46,112,112,
281,16,1600000,0,user_49,112,112,
286,17,0,0,validator_12,100,112,256
256,18,670000,381000,user_23,112,112,
255,19,670000,164000,user_23,112,112,
287,20,0,0,validator_12,100,112,255
251,21,600000,0,user_19,112,112,
267,22,460000,0,user_34,112,112,
280,23,320000,0,user_48,112,112,
264,24,83000,231000,user_31,112,112,
288,25,0,0,validator_12,100,112,264
257,26,300000,0,user_23,112,112,
265,27,240000,0,user_33,112,112,
245,28,170000,0,user_11,112,112,
259,29,170000,0,user_24,112,112,
249,30,150000,0,user_15,112,112,
263,31,150000,0,user_27,112,112,
238,32,85000,49100,user_2,112,112,
289,33,0,0,validator_12,100,112,238
240,34,120000,0,user_4,112,112,
243,35,110000,0,user_7,112,112,
266,36,110000,0,user_33,112,112,
273,37,100000,0,user_39,112,112,
290,38,0,0,validator_12,100,112,260
260,39,80000,12300,user_25,112,112,
276,40,73000,0,user_43,112,112,
304,0,19000000,46500,user_10,113,113,
345,1,0,0,validator_4,100,113,304
346,2,0,0,validator_4,100,113,329
329,3,420000,7190000,user_32,113,113,
331,4,4500000,0,user_36,113,113,
293,5,4200000,0,user_1,113,113,
321,6,3500000,0,user_25,113,113,
336,7,2600000,0,user_40,113,113,
347,8,0,0,validator_4,100,113,338
338,9,2300000,10700,user_41,113,113,
311,10,2300000,0,user_14,113,113,
318,11,2000000,164000,user_21,113,113,
348,12,0,0,validator_4,100,113,318
344,13,2000000,0,user_49,113,113,
297,14,1700000,43600,user_5,113,113,
349,15,0,0,validator_4,100,113,297
301,16,1600000,0,user_8,113,113,
292,17,1500000,0,user_0,113,113,
315,18,1500000,0,user_15,113,113,
332,19,1200000,0,user_37,113,113,
350,20,0,0,validator_4,100,113,306
306,21,1000000,100000,user_10,113,113,
351,22,0,0,validator_4,100,113,302
302,23,1000000,8520,user_8,113,113,
339,24,870000,0,user_43,113,113,
352,25,0,0,validator_4,100,113,322
322,26,660000,43600,user_26,113,113,
353,27,0,0,validator_4,100,113,328
328,28,77000,510000,user_32,113,113,
334,29,530000,0,user_39,113,113,
313,30,460000,0,user_15,113,113,
325,31,460000,0,user_30,113,113,
354,32,0,0,validator_4,100,113,343
343,33,340000,60700,user_47,113,113,
340,34,370000,0,user_44,113,113,
307,35,360000,0,user_10,113,113,
330,36,360000,0,user_33,113,113,
337,37,360000,0,user_40,113,113,
341,38,360000,0,user_45,113,113,
355,39,0,0,validator_4,100,113,312
312,40,310000,12800,user_15,113,113,
320,41,260000,60700,user_24,113,113,
356,42,0,0,validator_4,100,113,320
296,43,260000,0,user_4,113,113,
357,44,0,0,validator_4,100,113,342
342,45,150000,42000,user_46,113,113,
317,46,190000,0,user_20,113,113,
314,47,170000,0,user_15,113,113,
323,48,170000,0,user_26,113,113,
335,49,160000,0,user_39,113,113,
305,50,150000,0,user_10,113,113,
316,51,150000,0,user_19,113,113,
291,52,120000,0,user_0,113,113,
319,53,98000,0,user_23,113,113,
303,54,82000,0,user_9,113,113,
406,0,0,0,validator_7,100,114,363
363,1,43000000,60700,user_7,114,114,
379,2,43000000,0,user_22,114,114,
369,3,27000000,0,user_10,114,114,
407,4,0,0,validator_7,100,114,377
377,5,6100000,18600,user_19,114,114,
397,6,3600000,0,user_40,114,114,
381,7,3500000,0,user_23,114,114,
408,8,0,0,validator_7,100,114,394
394,9,2500000,16400,user_37,114,114,
389,10,2500000,0,user_30,114,114,
409,11,0,0,validator_7,100,114,366
366,12,2000000,155000,user_9,114,114,
359,13,2000000,0,user_3,114,114,
361,14,2000000,0,user_6,114,114,
371,15,1500000,0,user_12,114,114,
372,16,1500000,0,user_13,114,114,
385,17,1500000,0,user_28,114,114,
374,18,1400000,0,user_15,114,114,
373,19,1100000,0,user_15,114,114,
403,20,970000,0,user_47,114,114,
368,21,630000,0,user_10,114,114,
401,22,600000,0,user_46,114,114,
410,23,0,0,validator_7,100,114,365
365,24,340000,231000,user_8,114,114,
402,25,460000,0,user_46,114,114,
380,26,370000,0,user_23,114,114,
360,27,320000,0,user_4,114,114,
358,28,310000,0,user_1,114,114,
376,29,310000,0,user_18,114,114,
384,30,310000,0,user_26,114,114,
404,31,310000,0,user_48,114,114,
383,32,220000,0,user_25,114,114,
411,33,0,0,validator_7,100,114,364
364,34,160000,47700,user_8,114,114,
412,35,0,0,validator_7,100,114,386
386,36,150000,15100,user_28,114,114,
390,37,150000,13800,user_31,114,114,
413,38,0,0,validator_7,100,114,390
382,39,160000,0,user_24,114,114,
391,40,150000,0,user_32,114,114,
396,41,150000,0,user_38,114,114,
400,42,150000,0,user_43,114,114,
367,43,120000,0,user_9,114,114,
387,44,120000,0,user_28,114,114,
395,45,120000,0,user_38,114,114,
393,46,98000,0,user_34,114,114,
398,47,98000,0,user_41,114,114,
362,48,73000,0,user_7,114,114,
405,49,73000,0,user_49,114,114,
418,0,30000000,0,user_3,115,115,
459,1,30000000,0,user_40,115,115,
440,2,27000000,0,user_25,115,115,
466,3,6300000,0,user_44,115,115,
417,4,5000000,0,user_3,115,115,
464,5,5000000,0,user_43,115,115,
415,6,4500000,0,user_1,115,115,
434,7,3500000,0,user_20,115,115,
438,8,3500000,0,user_24,115,115,
471,9,0,0,validator_12,100,115,458
458,10,2000000,11200,user_39,115,115,
447,11,1900000,5180,user_31,115,115,
472,12,0,0,validator_12,100,115,447
470,13,1900000,0,user_48,115,115,
462,14,1500000,0,user_43,115,115,
453,15,1100000,0,user_35,115,115,
443,16,970000,0,user_27,115,115,
449,17,970000,0,user_32,115,115,
455,18,910000,0,user_37,115,115,
444,19,870000,0,user_28,115,115,
428,20,650000,215000,user_14,115,115,
473,21,0,0,validator_12,100,115,428
427,22,660000,0,user_13,115,115,
429,23,650000,6390,user_17,115,115,
474,24,0,0,validator_12,100,115,429
424,25,630000,24700,user_10,115,115,
475,26,0,0,validator_12,100,115,424
476,27,0,0,validator_12,100,115,467
467,28,600000,6390,user_46,115,115,
437,29,600000,0,user_23,115,115,
422,30,530000,0,user_7,115,115,
448,31,530000,0,user_32,115,115,
451,32,460000,0,user_33,115,115,
465,33,460000,0,user_43,115,115,
419,34,370000,0,user_3,115,115,
432,35,370000,0,user_19,115,115,
454,36,340000,0,user_36,115,115,
421,37,260000,0,user_7,115,115,
461,38,260000,0,user_43,115,115,
439,39,220000,0,user_24,115,115,
446,40,220000,0,user_29,115,115,
477,41,0,0,validator_12,100,115,430
430,42,160000,15100,user_17,115,115,
433,43,170000,0,user_19,115,115,
478,44,0,0,validator_12,100,115,452
452,45,83000,68100,user_34,115,115,
479,46,0,0,validator_12,100,115,416
416,47,84000,46500,user_1,115,115,
423,48,120000,0,user_9,115,115,
426,49,120000,0,user_11,115,115,
450,50,120000,0,user_32,115,115,
445,51,110000,0,user_28,115,115,
457,52,110000,0,user_39,115,115,
420,53,85000,0,user_3,115,115,
436,54,85000,0,user_23,115,115,
425,55,79000,0,user_11,115,115,
463,56,73000,0,user_43,115,115,
504,0,30000000,0,user_17,116,116,
482,1,3500000,121000,user_1,116,116,
539,2,0,0,validator_7,100,116,482
483,3,3500001,0,user_1,116,116,482
485,4,3500001,0,user_1,116,116,482
486,5,3500001,0,user_1,116,116,482
487,6,3500001,0,user_2,116,116,482
525,7,3500000,0,user_43,116,116,
484,8,3499999,0,user_1,116,116,482
501,9,2300000,0,user_8,116,116,
489,10,2100000,0,user_3,116,116,
537,11,2100000,0,user_49,116,116,
523,12,2000000,24700,user_41,116,116,
540,13,0,0,validator_7,100,116,523
522,14,2000000,0,user_39,116,116,
530,15,2000000,0,user_45,116,116,
496,16,1700000,12800,user_5,116,116,
541,17,0,0,validator_7,100,116,496
502,18,1600000,0,user_8,116,116,
533,19,1600000,0,user_47,116,116,
500,20,1500000,7840,user_8,116,116,
542,21,0,0,validator_7,100,116,500
491,22,1500000,0,user_4,116,116,
532,23,1500000,0,user_46,116,116,
543,24,0,0,validator_7,100,116,511
511,25,1400000,35100,user_30,116,116,
494,26,1400000,0,user_4,116,116,
544,27,0,0,validator_7,100,116,515
515,28,87000,1100000,user_31,116,116,
507,29,1100000,0,user_23,116,116,
488,30,1000000,15700,user_3,116,116,
545,31,0,0,validator_7,100,116,488
513,32,1000000,0,user_30,116,116,
517,33,1000000,0,user_32,116,116,
536,34,1000000,0,user_49,116,116,
512,35,660000,0,user_30,116,116,
526,36,470000,0,user_44,116,116,
499,37,460000,0,user_8,116,116,
503,38,460000,0,user_9,116,116,
497,39,220000,181000,user_6,116,116,
546,40,0,0,validator_7,100,116,497
528,41,320000,0,user_45,116,116,
521,42,310000,0,user_37,116,116,
505,43,300000,0,user_18,116,116,
520,44,300000,0,user_37,116,116,
519,45,240000,0,user_35,116,116,
547,46,0,0,validator_7,100,116,514
514,47,220000,10700,user_31,116,116,
493,48,220000,0,user_4,116,116,
490,49,190000,0,user_4,116,116,
534,50,190000,0,user_48,116,116,
548,51,0,0,validator_7,100,116,495
495,52,120000,43600,user_5,116,116,
535,53,160000,0,user_49,116,116,
538,54,160000,0,user_49,116,116,
527,55,150000,0,user_45,116,116,
508,56,130000,0,user_25,116,116,
529,57,130000,0,user_45,116,116,
516,58,120000,0,user_32,116,116,
480,59,110000,0,user_0,116,116,
481,60,110000,0,user_0,116,116,
492,61,110000,0,user_4,116,116,
518,62,100000,0,user_34,116,116,
498,63,87000,0,user_7,116,116,
531,64,80000,0,user_45,116,116,
509,65,77000,0,user_27,116,116,
599,0,43000000,0,user_42,117,117,
568,1,6300000,0,user_17,117,117,
564,2,5000000,0,user_12,117,117,
567,3,2500000,0,user_15,117,117,
560,4,2400000,0,user_9,117,117,
558,5,2000000,0,user_6,117,117,
578,6,1600000,0,user_22,117,117,
605,7,1600000,0,user_44,117,117,
607,8,1600000,0,user_46,117,117,
550,9,1500000,0,user_2,117,117,
598,10,1500000,0,user_42,117,117,
606,11,1500000,0,user_46,117,117,
566,12,1400000,0,user_13,117,117,
574,13,1400000,31700,user_20,117,117,
601,14,1400000,0,user_42,117,117,
556,15,1300000,0,user_3,117,117,
565,16,1100000,0,user_12,117,117,
597,17,1100000,0,user_42,117,117,
569,18,1000000,0,user_17,117,117,
579,19,1000000,0,user_22,117,117,
583,20,1000000,0,user_27,117,117,
577,21,670000,0,user_20,117,117,
561,22,630000,0,user_9,117,117,
575,23,630000,0,user_20,117,117,
603,24,600000,0,user_44,117,117,
585,25,470000,0,user_30,117,117,
555,26,460000,0,user_3,117,117,
563,27,420000,0,user_11,117,117,
549,28,340000,0,user_0,117,117,
589,29,320000,7190000,user_33,117,117,
602,30,310000,31700,user_44,117,117,
588,31,300000,0,user_32,117,117,
571,32,260000,0,user_18,117,117,
595,33,260000,0,user_40,117,117,
590,34,240000,0,user_34,117,117,
562,35,220000,0,user_10,117,117,
581,36,220000,0,user_24,117,117,
586,37,170000,0,user_32,117,117,
552,38,160000,0,user_2,117,117,
553,39,160000,0,user_2,117,117,
600,40,160000,0,user_42,117,117,
554,41,150000,0,user_2,117,117,
593,42,130000,410000,user_36,117,117,
551,43,120000,0,user_2,117,117,
587,44,120000,322000,user_32,117,117,
604,45,100000,0,user_44,117,117,
591,46,98000,0,user_34,117,117,
596,47,84000,0,user_41,117,117,
570,48,82000,0,user_18,117,117,
576,49,82000,0,user_20,117,117,
573,50,79000,0,user_20,117,117,
657,0,5200000,0,user_48,118,118,
650,1,5000000,0,user_42,118,118,
623,2,4500000,71800,user_13,118,118,
658,3,0,0,validator_10,100,118,623
644,4,4500000,0,user_34,118,118,
659,5,0,0,validator_10,100,118,618
618,6,3600000,350000,user_8,118,118,
637,7,2600000,0,user_27,118,118,
648,8,2600000,0,user_40,118,118,
615,9,2500000,0,user_5,118,118,
660,10,0,0,validator_10,100,118,616
616,11,2300000,13900,user_7,118,118,
619,12,2100000,0,user_8,118,118,
625,13,2000000,0,user_14,118,118,
632,14,2000000,0,user_21,118,118,
661,15,0,0,validator_10,100,118,647
647,16,1800000,128000,user_36,118,118,
646,17,1600000,0,user_36,118,118,
649,18,1600000,0,user_41,118,118,
634,19,370000,769000,user_22,118,118,
662,20,0,0,validator_10,100,118,634
630,21,1100000,0,user_19,118,118,
663,22,0,0,validator_10,100,118,626
626,23,1000000,33100,user_16,118,118,
664,24,0,0,validator_10,100,118,635
635,25,660000,8520,user_23,118,118,
653,26,600000,0,user_44,118,118,
627,27,470000,0,user_17,118,118,
651,28,470000,0,user_42,118,118,
643,29,460000,0,user_34,118,118,
642,30,350000,0,user_33,118,118,
622,31,340000,0,user_12,118,118,
633,32,220000,0,user_21,118,118,
624,33,170000,0,user_13,118,118,
636,34,170000,0,user_24,118,118,
641,35,170000,0,user_31,118,118,
665,36,0,0,validator_10,100,118,609
609,37,120000,42000,user_0,118,118,
656,38,160000,0,user_47,118,118,
666,39,0,0,validator_10,100,118,640
640,40,150000,5180,user_30,118,118,
645,41,150000,0,user_35,118,118,
610,42,120001,0,user_0,118,118,609
611,43,120001,0,user_0,118,118,609
612,44,120001,0,user_0,118,118,609
614,45,120001,0,user_2,118,118,609
631,46,120000,0,user_20,118,118,
613,47,119999,0,user_1,118,118,609
617,48,100000,0,user_7,118,118,
654,49,100000,0,user_45,118,118,
652,50,98000,0,user_43,118,118,
608,51,79000,0,user_0,118,118,
621,52,70000,0,user_11,118,118,
705,0,30000000,0,user_43,119,119,
701,1,6100000,0,user_39,119,119,
693,2,5000000,0,user_28,119,119,
683,3,4200000,17000,user_16,119,119,
676,4,3600000,0,user_10,119,119,
708,5,3600000,0,user_45,119,119,
694,6,3200000,0,user_28,119,119,
677,7,2500000,0,user_10,119,119,
695,8,2400000,0,user_28,119,119,
702,9,2100000,0,user_40,119,119,
673,10,1900000,0,user_7,119,119,
699,11,1900000,0,user_37,119,119,
698,12,1800000,0,user_36,119,119,
703,13,1500000,0,user_41,119,119,
678,14,970000,0,user_10,119,119,
704,15,670000,0,user_42,119,119,
687,16,660000,35600,user_24,119,119,
682,17,650000,0,user_14,119,119,
700,18,650000,0,user_37,119,119,
672,19,470000,12800,user_6,119,119,
675,20,470000,0,user_9,119,119,
696,21,470000,18600,user_32,119,119,
691,22,360000,0,user_28,119,119,
711,23,360000,0,user_48,119,119,
670,24,350000,84800,user_3,119,119,
668,25,310001,0,user_1,119,119,667
667,26,310000,121000,user_0,119,119,
669,27,309999,0,user_2,119,119,667
690,28,300000,0,user_26,119,119,
679,29,240000,195000,user_10,119,119,
674,30,220000,0,user_7,119,119,
680,31,220000,0,user_11,119,119,
692,32,220000,0,user_28,119,119,
681,33,110000,0,user_12,119,119,
707,34,84000,0,user_45,119,119,
706,35,80000,0,user_44,119,119,
709,36,77000,0,user_46,119,119,
734,0,30000000,0,user_17,120,120,
725,1,27000000,0,user_9,120,120,
741,2,27000000,0,user_29,120,120,
767,3,5000000,0,user_44,120,120,
778,4,0,0,validator_0,100,120,735
735,5,2600000,23500,user_18,120,120,
723,6,2400000,0,user_9,120,120,
760,7,2400000,0,user_40,120,120,
721,8,2300000,0,user_7,120,120,
748,9,2300000,0,user_35,120,120,
772,10,2300000,0,user_48,120,120,
779,11,0,0,validator_0,100,120,720
720,12,1400000,181000,user_7,120,120,
745,13,1500000,0,user_31,120,120,
716,14,1400000,0,user_5,120,120,
733,15,1400000,0,user_17,120,120,
780,16,0,0,validator_0,100,120,768
768,17,1000000,322000,user_44,120,120,
717,18,1200000,0,user_5,120,120,
719,19,910000,0,user_6,120,120,
730,20,870000,0,user_15,120,120,
732,21,670000,0,user_16,120,120,
750,22,650000,0,user_37,120,120,
736,23,600000,0,user_19,120,120,
765,24,470000,0,user_42,120,120,
781,25,0,0,validator_0,100,120,742
742,26,360000,68100,user_29,120,120,
777,27,420000,0,user_49,120,120,
782,28,0,0,validator_0,100,120,724
724,29,300000,108000,user_9,120,120,
769,30,340000,0,user_44,120,120,
766,31,310000,18600,user_44,120,120,
783,32,0,0,validator_0,100,120,766
712,33,320000,0,user_0,120,120,
773,34,240000,0,user_48,120,120,
737,35,120000,75000,user_22,120,120,
784,36,0,0,validator_0,100,120,737
771,37,170000,0,user_46,120,120,
774,38,170000,0,user_48,120,120,
746,39,150000,17000,user_32,120,120,
785,40,0,0,validator_0,100,120,746
728,41,160000,0,user_13,120,120,
753,42,160000,0,user_38,120,120,
776,43,160000,0,user_49,120,120,
727,44,150000,0,user_11,120,120,
722,45,130000,0,user_9,120,120,
718,46,110000,17000,user_5,120,120,
786,47,0,0,validator_0,100,120,718
713,48,120000,0,user_2,120,120,
714,49,110000,0,user_2,120,120,
752,50,110000,0,user_38,120,120,
754,51,110000,0,user_38,120,120,
775,52,100000,0,user_48,120,120,
731,53,98000,0,user_15,120,120,
751,54,98000,0,user_38,120,120,
798,0,5000000,19700,user_13,121,121,
817,1,2600000,0,user_32,121,121,
821,2,2300000,0,user_37,121,121,
828,3,2000000,0,user_48,121,121,
820,4,1100000,0,user_37,121,121,
814,5,1000000,30200,user_27,121,121,
799,6,460000,0,user_15,121,121,
823,7,370000,0,user_43,121,121,
819,8,360000,0,user_36,121,121,
802,9,260000,381000,user_17,121,121,
825,10,260000,0,user_45,121,121,
795,11,170000,0,user_9,121,121,
796,12,170000,0,user_10,121,121,
797,13,160000,128000,user_12,121,121,
824,14,160000,0,user_43,121,121,
790,15,150000,0,user_3,121,121,
805,16,130000,0,user_22,121,121,
788,17,120001,0,user_2,121,121,787
789,18,120001,0,user_2,121,121,787
787,19,120000,322000,user_1,121,121,
791,20,120000,0,user_4,121,121,
806,21,120000,0,user_22,121,121,
813,22,110000,128000,user_26,121,121,
816,23,110000,16400,user_30,121,121,
826,24,98000,545000,user_46,121,121,
800,25,87000,0,user_16,121,121,
801,26,87000,0,user_17,121,121,
808,27,84000,0,user_24,121,121,
803,28,83000,0,user_17,121,121,
815,29,73000,0,user_28,121,121,
872,0,6300000,0,user_43,122,122,
830,1,4500001,0,user_2,122,122,829
842,2,4200000,0,user_16,122,122,
838,3,2600000,0,user_12,122,122,
884,4,0,0,validator_9,100,122,854
854,5,1600000,779000,user_28,122,122,
866,6,2300000,0,user_36,122,122,
871,7,2100000,0,user_43,122,122,
880,8,2000000,0,user_46,122,122,
885,9,0,0,validator_9,100,122,841
841,10,1600000,39400,user_14,122,122,
886,11,0,0,validator_9,100,122,868
868,12,1400000,128000,user_40,122,122,
864,13,1500000,0,user_34,122,122,
851,14,220000,1100000,user_26,122,122,
887,15,0,0,validator_9,100,122,851
852,16,1200000,0,user_26,122,122,
867,17,1100000,0,user_39,122,122,
869,18,1100000,0,user_41,122,122,
836,19,660000,0,user_10,122,122,
883,20,660000,0,user_49,122,122,
858,21,650000,0,user_32,122,122,
888,22,0,0,validator_9,100,122,875
875,23,320000,283000,user_43,122,122,
844,24,470000,0,user_18,122,122,
879,25,350000,0,user_46,122,122,
840,26,320000,0,user_13,122,122,
877,27,320000,0,user_45,122,122,
833,28,310000,0,user_6,122,122,
837,29,310000,0,user_11,122,122,
863,30,310000,0,user_34,122,122,
870,31,300000,0,user_42,122,122,
831,32,260000,0,user_3,122,122,
845,33,260000,0,user_20,122,122,
862,34,260000,0,user_34,122,122,
881,35,220000,0,user_47,122,122,
889,36,0,0,validator_9,100,122,874
874,37,110000,64600,user_43,122,122,
860,38,160000,0,user_34,122,122,
878,39,160000,0,user_45,122,122,
839,40,150000,0,user_12,122,122,
873,41,150000,0,user_43,122,122,
832,42,120000,0,user_5,122,122,
865,43,110000,0,user_35,122,122,
890,44,0,0,validator_9,100,122,861
861,45,80000,5180,user_34,122,122,
834,46,84000,0,user_8,122,122,
848,47,79000,0,user_24,122,122,
856,48,79000,0,user_31,122,122,
855,49,77000,0,user_30,122,122,
857,50,77000,0,user_31,122,122,
846,51,73000,0,user_20,122,122,
927,0,43000000,0,user_32,123,123,
899,1,2100000,7190000,user_7,123,123,
941,2,0,0,validator_13,100,123,899
942,3,0,0,validator_13,100,123,925
925,4,3200000,67500,user_30,123,123,
923,5,2400000,0,user_28,123,123,
937,6,2000000,0,user_48,123,123,
938,7,2000000,0,user_48,123,123,
931,8,1800000,0,user_37,123,123,
940,9,1800000,0,user_48,123,123,
908,10,670000,769000,user_14,123,123,
943,11,0,0,validator_13,100,123,908
922,12,1000000,0,user_28,123,123,
907,13,870000,0,user_13,123,123,
939,14,670000,0,user_48,123,123,
900,15,650000,0,user_8,123,123,
921,16,630000,0,user_27,123,123,
944,17,0,0,validator_13,100,123,932
932,18,470000,23500,user_38,123,123,
928,19,420000,0,user_33,123,123,
912,20,370000,0,user_17,123,123,
909,21,360000,0,user_14,123,123,
913,22,350000,0,user_18,123,123,
906,23,340000,0,user_12,123,123,
917,24,340000,0,user_21,123,123,
893,25,240001,0,user_1,123,123,892
894,26,240001,0,user_1,123,123,892
895,27,239999,0,user_2,123,123,892
935,28,160000,68100,user_46,123,123,
945,29,0,0,validator_13,100,123,935
926,30,220000,0,user_31,123,123,
930,31,150000,0,user_36,123,123,
946,32,0,0,validator_13,100,123,903
903,33,110000,21800,user_10,123,123,
924,34,120000,0,user_29,123,123,
929,35,120000,0,user_35,123,123,
936,36,120000,0,user_46,123,123,
947,37,0,0,validator_13,100,123,896
896,38,110000,3130,user_3,123,123,
897,39,110000,0,user_5,123,123,
910,40,80000,0,user_14,123,123,
914,41,80000,0,user_18,123,123,
955,0,43000000,0,user_5,124,124,
1000,1,27000000,35600,user_42,124,124,
1009,2,0,0,validator_10,100,124,1000
956,3,6300000,0,user_6,124,124,
951,4,5000000,0,user_2,124,124,
995,5,4500000,0,user_40,124,124,
1010,6,0,0,validator_10,100,124,994
994,7,4200000,15700,user_40,124,124,
970,8,4200000,0,user_17,124,124,
965,9,3600000,0,user_15,124,124,
979,10,2600000,0,user_25,124,124,
976,11,2500000,0,user_22,124,124,
977,12,2000000,71800,user_23,124,124,
1011,13,0,0,validator_10,100,124,977
967,14,2000000,0,user_15,124,124,
958,15,1900000,0,user_8,124,124,
969,16,1800000,0,user_16,124,124,
1012,17,0,0,validator_10,100,124,953
953,18,660000,959000,user_3,124,124,
948,19,1500000,0,user_0,124,124,
974,20,1500000,0,user_21,124,124,
966,21,1400000,0,user_15,124,124,
949,22,1300000,0,user_0,124,124,
1013,23,0,0,validator_10,100,124,1003
1003,24,1100000,15700,user_43,124,124,
964,25,1000000,0,user_15,124,124,
990,26,970000,0,user_35,124,124,
962,27,350000,545000,user_12,124,124,
1014,28,0,0,validator_10,100,124,962
1015,29,0,0,validator_10,100,124,978
978,30,310000,510000,user_24,124,124,
997,31,660000,0,user_40,124,124,
989,32,360000,195000,user_35,124,124,
1016,33,0,0,validator_10,100,124,989
957,34,460000,0,user_7,124,124,
998,35,460000,0,user_40,124,124,
991,36,370000,68100,user_36,124,124,
1017,37,0,0,validator_10,100,124,991
1001,38,420000,13900,user_42,124,124,
1018,39,0,0,validator_10,100,124,1001
984,40,360000,0,user_32,124,124,
986,41,350000,0,user_34,124,124,
988,42,350000,0,user_34,124,124,
999,43,300000,0,user_41,124,124,
968,44,260000,0,user_16,124,124,
981,45,260000,0,user_27,124,124,
992,46,260000,0,user_36,124,124,
993,47,260000,0,user_39,124,124,
1008,48,260000,0,user_49,124,124,
985,49,220000,0,user_34,124,124,
1019,50,0,0,validator_10,100,124,987
987,51,120000,71800,user_34,124,124,
950,52,170000,0,user_1,124,124,
1004,53,170000,0,user_44,124,124,
1007,54,170000,0,user_48,124,124,
1020,55,0,0,validator_10,100,124,1002
1002,56,98000,67900,user_42,124,124,
971,57,150000,0,user_17,124,124,
996,58,150000,0,user_40,124,124,
952,59,120000,0,user_2,124,124,
1006,60,98000,0,user_48,124,124,
982,61,87000,0,user_27,124,124,
1005,62,82000,0,user_45,124,124,
961,63,80000,0,user_11,124,124,
975,64,80000,0,user_22,124,124,
963,65,79000,0,user_13,124,124,
1070,0,43000000,0,user_45,125,125,
1061,1,30000000,0,user_35,125,125,
1027,2,6300000,0,user_9,125,125,
1029,3,6300000,0,user_10,125,125,
1076,4,4500000,0,user_48,125,125,
1071,5,2600000,231000,user_45,125,125,
1077,6,0,0,validator_7,100,125,1071
1051,7,2600000,24700,user_26,125,125,
1078,8,0,0,validator_7,100,125,1051
1044,9,2600000,0,user_24,125,125,
1047,10,2500000,0,user_25,125,125,
1074,11,2500000,0,user_47,125,125,
1028,12,2400000,0,user_10,125,125,
1079,13,0,0,validator_7,100,125,1063
1063,14,2000000,283000,user_37,125,125,
1052,15,1900000,0,user_26,125,125,
1064,16,1900000,0,user_38,125,125,
1033,17,1800000,3130,user_13,125,125,
1080,18,0,0,validator_7,100,125,1033
1081,19,0,0,validator_7,100,125,1053
1053,20,1500000,231000,user_27,125,125,
1049,21,1700000,0,user_25,125,125,
1037,22,1500000,0,user_15,125,125,
1058,23,1500000,0,user_34,125,125,
1068,24,1500000,0,user_43,125,125,
1023,25,1000000,0,user_4,125,125,
1045,26,1000000,0,user_24,125,125,
1065,27,870000,0,user_38,125,125,
1073,28,870000,0,user_46,125,125,
1055,29,650000,0,user_31,125,125,
1031,30,630000,0,user_13,125,125,
1026,31,420000,0,user_8,125,125,
1082,32,0,0,validator_7,100,125,1072
1072,33,300000,71800,user_46,125,125,
1032,34,370000,0,user_13,125,125,
1075,35,370000,0,user_48,125,125,
1069,36,360000,0,user_44,125,125,
1056,37,350000,0,user_31,125,125,
1062,38,320000,0,user_37,125,125,
1022,39,260000,0,user_3,125,125,
1039,40,220000,0,user_17,125,125,
1043,41,220000,0,user_22,125,125,
1024,42,190000,0,user_5,125,125,
1060,43,170000,0,user_34,125,125,
1046,44,160000,0,user_25,125,125,
1059,45,160000,0,user_34,125,125,
1021,46,110000,0,user_0,125,125,
1040,47,110000,0,user_19,125,125,
1066,48,110000,0,user_41,125,125,
1025,49,84000,0,user_6,125,125,
1030,50,80000,0,user_12,125,125,
1050,51,77000,0,user_25,125,125,
1048,52,73000,0,user_25,125,125,
1093,0,27000000,0,user_11,126,126,
1129,1,27000000,0,user_49,126,126,
1087,2,19000000,0,user_5,126,126,
1098,3,5200000,0,user_19,126,126,
1086,4,5000000,0,user_4,126,126,
1131,5,0,0,validator_5,100,126,1103
1103,6,300000,4320000,user_22,126,126,
1085,7,2400000,0,user_3,126,126,
1088,8,2400000,0,user_5,126,126,
1107,9,2300000,12300,user_24,126,126,
1132,10,0,0,validator_5,100,126,1107
1120,11,1800000,0,user_40,126,126,
1084,12,1700000,21800,user_3,126,126,
1133,13,0,0,validator_5,100,126,1084
1134,14,0,0,validator_5,100,126,1110
1110,15,1500000,3130,user_31,126,126,
1113,16,1500000,0,user_33,126,126,
1112,17,310000,959000,user_33,126,126,
1135,18,0,0,validator_5,100,126,1112
1094,19,1100000,0,user_12,126,126,
1099,20,1100000,0,user_19,126,126,
1101,21,1100000,0,user_21,126,126,
1122,22,1100000,0,user_42,126,126,
1108,23,630000,0,user_29,126,126,
1136,24,0,0,validator_5,100,126,1119
1119,25,320000,231000,user_40,126,126,
1125,26,460000,0,user_45,126,126,
1137,27,0,0,validator_5,100,126,1100
1100,28,150000,296000,user_20,126,126,
1124,29,420000,0,user_44,126,126,
1097,30,360000,36800,user_18,126,126,
1138,31,0,0,validator_5,100,126,1097
1117,32,370000,0,user_35,126,126,
1083,33,300000,67500,user_1,126,126,
1139,34,0,0,validator_5,100,126,1083
1115,35,360000,0,user_33,126,126,
1126,36,350000,0,user_45,126,126,
1105,37,320000,0,user_23,126,126,
1111,38,220000,68100,user_33,126,126,
1140,39,0,0,validator_5,100,126,1111
1092,40,170000,73100,user_10,126,126,
1141,41,0,0,validator_5,100,126,1092
1127,42,220000,0,user_47,126,126,
1121,43,170000,0,user_41,126,126,
1102,44,150000,0,user_22,126,126,
1114,45,150000,0,user_33,126,126,
1106,46,120000,0,user_24,126,126,
1104,47,110000,0,user_22,126,126,
1089,48,98000,0,user_6,126,126,
1130,49,84000,0,user_49,126,126,
1096,50,79000,0,user_16,126,126,
1154,0,27000000,0,user_12,127,127,
1190,1,5200000,0,user_42,127,127,
1198,2,0,0,validator_2,100,127,1185
1185,3,5000000,15100,user_35,127,127,
1167,4,4500000,0,user_22,127,127,
1199,5,0,0,validator_2,100,127,1175
1175,6,3200000,73100,user_28,127,127,
1146,7,2100000,0,user_4,127,127,
1177,8,2000000,0,user_30,127,127,
1153,9,1600000,0,user_10,127,127,
1172,10,1600000,0,user_28,127,127,
1200,11,0,0,validator_2,100,127,1152
1152,12,1500000,66100,user_6,127,127,
1193,13,1400000,8520,user_46,127,127,
1201,14,0,0,validator_2,100,127,1193
1161,15,120000,1100000,user_17,127,127,
1202,16,0,0,validator_2,100,127,1161
1159,17,1200000,0,user_14,127,127,
1203,18,0,0,validator_2,100,127,1155
1155,19,1100000,15700,user_12,127,127,
1183,20,1100000,0,user_33,127,127,
1170,21,1000000,0,user_26,127,127,
1192,22,1000000,0,user_45,127,127,
1197,23,1000000,0,user_49,127,127,
1147,24,910000,0,user_5,127,127,
1164,25,910000,0,user_20,127,127,
1176,26,910000,0,user_30,127,127,
1204,27,0,0,validator_2,100,127,1182
1182,28,110000,779000,user_33,127,127,
1149,29,310000,410000,user_5,127,127,
1205,30,0,0,validator_2,100,127,1149
1178,31,670000,16400,user_30,127,127,
1206,32,0,0,validator_2,100,127,1178
1174,33,630000,56200,user_28,127,127,
1207,34,0,0,validator_2,100,127,1174
1171,35,660000,0,user_26,127,127,
1188,36,630000,0,user_40,127,127,
1151,37,150000,410000,user_5,127,127,
1208,38,0,0,validator_2,100,127,1151
1145,39,470000,0,user_3,127,127,
1165,40,460000,0,user_21,127,127,
1166,41,340000,75000,user_22,127,127,
1209,42,0,0,validator_2,100,127,1166
1162,43,350000,0,user_18,127,127,
1210,44,0,0,validator_2,100,127,1148
1148,45,120000,215000,user_5,127,127,
1191,46,320000,0,user_44,127,127,
1189,47,310000,0,user_41,127,127,
1150,48,300000,0,user_5,127,127,
1144,49,260000,0,user_2,127,127,
1181,50,120000,68100,user_33,127,127,
1211,51,0,0,validator_2,100,127,1181
1195,52,170000,0,user_48,127,127,
1184,53,120000,35100,user_34,127,127,
1212,54,0,0,validator_2,100,127,1184
1160,55,150000,0,user_16,127,127,
1179,56,150000,0,user_30,127,127,
1180,57,110000,0,user_30,127,127,
1173,58,98000,0,user_28,127,127,
1169,59,83000,0,user_25,127,127,
1196,60,77000,0,user_49,127,127,
1283,0,0,0,validator_10,100,128,1214
1214,1,43000000,71800,user_2,128,128,
1232,2,43000000,0,user_16,128,128,
1215,3,27000000,0,user_3,128,128,
1267,4,160000,17700000,user_38,128,128,
1284,5,0,0,validator_10,100,128,1267
1219,6,6100000,779000,user_7,128,128,
1285,7,0,0,validator_10,100,128,1219
1270,8,6100000,0,user_39,128,128,
1227,9,4500000,0,user_13,128,128,
1233,10,4200000,0,user_17,128,128,
1260,11,2500000,0,user_33,128,128,
1286,12,0,0,validator_10,100,128,1216
1216,13,2100000,181000,user_3,128,128,
1281,14,2100000,0,user_48,128,128,
1261,15,2000000,0,user_34,128,128,
1231,16,1900000,0,user_16,128,128,
1258,17,1700000,0,user_31,128,128,
1244,18,1600000,0,user_23,128,128,
1280,19,1600000,0,user_48,128,128,
1271,20,1500000,75000,user_40,128,128,
1287,21,0,0,validator_10,100,128,1271
1220,22,1500000,0,user_8,128,128,
1278,23,1400000,71800,user_47,128,128,
1288,24,0,0,validator_10,100,128,1278
1289,25,0,0,validator_10,100,128,1247
1247,26,160000,1100000,user_24,128,128,
1228,27,1200000,0,user_13,128,128,
1290,28,0,0,validator_10,100,128,1246
1246,29,150000,959000,user_24,128,128,
1245,30,1000000,0,user_24,128,128,
1248,31,1000000,0,user_24,128,128,
1291,32,0,0,validator_10,100,128,1262
1262,33,660000,12800,user_35,128,128,
1239,34,670000,0,user_22,128,128,
1292,35,0,0,validator_10,100,128,1269
1269,36,650000,17000,user_38,128,128,
1253,37,660000,0,user_27,128,128,
1264,38,460000,0,user_37,128,128,
1266,39,460000,0,user_38,128,128,
1276,40,420000,0,user_45,128,128,
1230,41,350000,0,user_15,128,128,
1250,42,350000,0,user_25,128,128,
1265,43,340000,0,user_38,128,128,
1293,44,0,0,validator_10,100,128,1259
1259,45,300000,16400,user_32,128,128,
1273,46,240000,0,user_42,128,128,
1282,47,220000,0,user_49,128,128,
1263,48,170000,0,user_37,128,128,
1226,49,160000,0,user_11,128,128,
1213,50,150000,0,user_2,128,128,
1272,51,150000,0,user_42,128,128,
1274,52,150000,0,user_43,128,128,
1237,53,98000,32900,user_20,128,128,
1294,54,0,0,validator_10,100,128,1237
1275,55,130000,0,user_44,128,128,
1242,56,120000,0,user_23,128,128,
1249,57,120000,0,user_24,128,128,
1252,58,120000,0,user_27,128,128,
1256,59,120000,0,user_30,128,128,
1218,60,110000,0,user_5,128,128,
1236,61,110000,0,user_20,128,128,
1243,62,110000,0,user_23,128,128,
1295,63,0,0,validator_10,100,128,1241
1241,64,70000,35100,user_23,128,128,
1229,65,73000,16400,user_14,128,128,
1296,66,0,0,validator_10,100,128,1229
1235,67,84000,0,user_20,128,128,
1240,68,84000,0,user_23,128,128,
1257,69,82000,0,user_31,128,128,
1279,70,82000,0,user_48,128,128,
1238,71,73000,0,user_20,128,128,
1268,72,73000,0,user_38,128,128,
1298,0,5000000,0,user_0,129,129,
1302,1,5000000,0,user_6,129,129,
1299,2,4500000,0,user_1,129,129,
1334,3,3500000,0,user_42,129,129,
1314,4,2000000,0,user_26,129,129,
1300,5,1700000,7840,user_2,129,129,
1303,6,1600000,0,user_11,129,129,
1304,7,1400000,0,user_14,129,129,
1329,8,1400000,0,user_36,129,129,
1315,9,1100000,0,user_28,129,129,
1337,10,530000,0,user_46,129,129,
1307,11,470000,0,user_20,129,129,
1310,12,470000,0,user_24,129,129,
1324,13,360000,0,user_34,129,129,
1320,14,310000,0,user_30,129,129,
1332,15,310000,0,user_41,129,129,
1333,16,310000,0,user_42,129,129,
1309,17,300000,0,user_22,129,129,
1301,18,260000,0,user_4,129,129,
1305,19,260000,0,user_17,129,129,
1335,20,220000,0,user_43,129,129,
1336,21,220000,0,user_45,129,129,
1328,22,170000,0,user_36,129,129,
1323,23,160000,139000,user_33,129,129,
1330,24,160000,0,user_36,129,129,
1331,25,160000,369000,user_40,129,129,
1316,26,110000,0,user_28,129,129,
1327,27,110000,10700,user_36,129,129,
1322,28,98000,0,user_33,129,129,
1297,29,87000,0,user_0,129,129,
1391,0,0,0,validator_6,100,130,1343
1343,1,27000000,4320000,user_6,130,130,
1341,2,30000000,0,user_4,130,130,
1373,3,27000000,121000,user_31,130,130,
1392,4,0,0,validator_6,100,130,1373
1345,5,19000000,0,user_8,130,130,
1346,6,6100000,0,user_11,130,130,
1338,7,5000000,0,user_2,130,130,
1378,8,5000000,0,user_37,130,130,
1351,9,4200000,0,user_14,130,130,
1379,10,3500000,0,user_37,130,130,
1364,11,2100000,0,user_20,130,130,
1369,12,2100000,0,user_27,130,130,
1339,13,2000000,0,user_2,130,130,
1376,14,1900000,0,user_33,130,130,
1389,15,1500000,0,user_45,130,130,
1347,16,1400000,0,user_12,130,130,
1362,17,1300000,0,user_20,130,130,
1357,18,1200000,0,user_17,130,130,
1340,19,870000,0,user_3,130,130,
1361,20,670000,0,user_20,130,130,
1363,21,660000,0,user_20,130,130,
1349,22,630000,0,user_13,130,130,
1372,23,460000,0,user_31,130,130,
1386,24,460000,0,user_42,130,130,
1353,25,320000,128000,user_15,130,130,
1393,26,0,0,validator_6,100,130,1353
1387,27,360000,0,user_44,130,130,
1360,28,350000,0,user_20,130,130,
1348,29,340000,0,user_13,130,130,
1370,30,320000,0,user_27,130,130,
1352,31,310000,0,user_14,130,130,
1388,32,300000,0,user_44,130,130,
1354,33,170000,0,user_16,130,130,
1350,34,160000,0,user_14,130,130,
1359,35,160000,0,user_19,130,130,
1371,36,160000,0,user_29,130,130,
1390,37,160000,0,user_48,130,130,
1356,38,150000,0,user_16,130,130,
1358,39,150000,0,user_17,130,130,
1355,40,130000,0,user_16,130,130,
1344,41,120000,0,user_8,130,130,
1375,42,100000,0,user_32,130,130,
1394,43,0,0,validator_6,100,130,1374
1374,44,73000,18600,user_32,130,130,
1367,45,84000,0,user_25,130,130,
1408,0,30000000,545000,user_11,131,131,
1401,1,27000000,381000,user_7,131,131,
1409,2,6300000,283000,user_12,131,131,
1398,3,5000000,0,user_3,131,131,
1433,4,4200000,0,user_42,131,131,
1429,5,2600000,0,user_33,131,131,
1434,6,2500000,13900,user_44,131,131,
1432,7,2400000,35600,user_40,131,131,
1402,8,2000000,0,user_7,131,131,
1411,9,1800000,0,user_13,131,131,
1439,10,1800000,0,user_49,131,131,
1412,11,1600000,0,user_15,131,131,
1427,12,1100000,0,user_33,131,131,
1403,13,1000000,15100,user_9,131,131,
1422,14,1000000,12800,user_24,131,131,
1435,15,970000,0,user_45,131,131,
1410,16,870000,0,user_12,131,131,
1413,17,630000,0,user_15,131,131,
1436,18,340000,0,user_46,131,131,
1406,19,320000,0,user_11,131,131,
1414,20,320000,0,user_18,131,131,
1404,21,310000,0,user_9,131,131,
1395,22,220000,779000,user_0,131,131,
1399,23,220000,0,user_4,131,131,
1396,24,219999,0,user_2,131,131,1395
1397,25,219999,0,user_2,131,131,1395
1428,26,170000,0,user_33,131,131,
1424,27,150000,10700,user_26,131,131,
1421,28,98000,0,user_24,131,131,
1437,29,98000,0,user_46,131,131,
1405,30,85000,0,user_10,131,131,
1407,31,79000,0,user_11,131,131,
1456,0,6300000,0,user_19,132,132,
1479,1,5000000,0,user_48,132,132,
1440,2,3600000,0,user_1,132,132,
1481,3,0,0,validator_7,100,132,1464
1464,4,3500000,15700,user_27,132,132,
1480,5,1900000,0,user_49,132,132,
1444,6,1800000,0,user_8,132,132,
1482,7,0,0,validator_7,100,132,1470
1470,8,1600000,161000,user_35,132,132,
1443,9,1600000,39400,user_7,132,132,
1483,10,0,0,validator_7,100,132,1443
1484,11,0,0,validator_7,100,132,1447
1447,12,1600000,15100,user_9,132,132,
1454,13,1100000,0,user_18,132,132,
1462,14,1000000,0,user_26,132,132,
1473,15,1000000,0,user_40,132,132,
1485,16,0,0,validator_7,100,132,1446
1446,17,240000,369000,user_9,132,132,
1486,18,0,0,validator_7,100,132,1469
1469,19,110000,410000,user_34,132,132,
1487,20,0,0,validator_7,100,132,1459
1459,21,110000,296000,user_23,132,132,
1441,22,300000,0,user_3,132,132,
1445,23,260000,0,user_8,132,132,
1452,24,260000,0,user_15,132,132,
1461,25,260000,0,user_25,132,132,
1476,26,260000,0,user_43,132,132,
1488,27,0,0,validator_7,100,132,1448
1448,28,100000,139000,user_10,132,132,
1472,29,220000,0,user_38,132,132,
1489,30,0,0,validator_7,100,132,1442
1442,31,170000,10700,user_3,132,132,
1455,32,170000,0,user_19,132,132,
1466,33,160000,0,user_31,132,132,
1463,34,150000,0,user_26,132,132,
1467,35,150000,0,user_32,132,132,
1478,36,150000,0,user_47,132,132,
1451,37,79000,60700,user_12,132,132,
1490,38,0,0,validator_7,100,132,1451
1474,39,120000,0,user_41,132,132,
1475,40,120000,0,user_41,132,132,
1491,41,0,0,validator_7,100,132,1460
1460,42,100000,12800,user_24,132,132,
1471,43,110000,0,user_36,132,132,
1477,44,85000,0,user_44,132,132,
1522,0,27000000,0,user_24,133,133,
1526,1,27000000,0,user_25,133,133,
1530,2,27000000,0,user_32,133,133,
1535,3,2300000,17700000,user_37,133,133,
1550,4,0,0,validator_10,100,133,1535
1551,5,0,0,validator_10,100,133,1541
1541,6,19000000,56200,user_43,133,133,
1503,7,19000000,0,user_7,133,133,
1492,8,5200000,0,user_0,133,133,
1546,9,5000000,0,user_47,133,133,
1532,10,4500000,0,user_36,133,133,
1538,11,3600000,0,user_43,133,133,
1510,12,3500000,0,user_11,133,133,
1498,13,2100000,0,user_3,133,133,
1523,14,2000000,0,user_25,133,133,
1524,15,2000000,0,user_25,133,133,
1502,16,1800000,0,user_5,133,133,
1504,17,1800000,0,user_7,133,133,
1536,18,1600000,0,user_39,133,133,
1514,19,1100000,0,user_15,133,133,
1519,20,1100000,0,user_21,133,133,
1544,21,1100000,0,user_45,133,133,
1552,22,0,0,validator_10,100,133,1495
1495,23,1000000,24700,user_2,133,133,
1500,24,1000000,0,user_3,133,133,
1518,25,650000,350000,user_21,133,133,
1553,26,0,0,validator_10,100,133,1518
1537,27,1000000,0,user_41,133,133,
1496,28,999999,0,user_2,133,133,1495
1501,29,910000,0,user_3,133,133,
1554,30,0,0,validator_10,100,133,1515
1515,31,870000,36800,user_16,133,133,
1494,32,870000,0,user_2,133,133,
1521,33,670000,0,user_24,133,133,
1497,34,660000,0,user_3,133,133,
1525,35,660000,0,user_25,133,133,
1511,36,600000,19700,user_12,133,133,
1555,37,0,0,validator_10,100,133,1511
1556,38,0,0,validator_10,100,133,1506
1506,39,470000,73100,user_8,133,133,
1557,40,0,0,validator_10,100,133,1520
1520,41,460000,47700,user_23,133,133,
1531,42,420000,67500,user_33,133,133,
1558,43,0,0,validator_10,100,133,1531
1539,44,470000,0,user_43,133,133,
1540,45,460000,0,user_43,133,133,
1548,46,420000,0,user_48,133,133,
1534,47,360000,12300,user_36,133,133,
1559,48,0,0,validator_10,100,133,1534
1547,49,370000,0,user_47,133,133,
1543,50,360000,0,user_44,133,133,
1513,51,310000,0,user_14,133,133,
1517,52,220000,0,user_20,133,133,
1529,53,220000,0,user_30,133,133,
1493,54,160000,0,user_1,133,133,
1533,55,160000,0,user_36,133,133,
1505,56,150000,0,user_8,133,133,
1512,57,120000,0,user_13,133,133,
1549,58,120000,0,user_49,133,133,
1542,59,110000,0,user_43,133,133,
1499,60,79000,0,user_3,133,133,
1568,0,43000000,3130,user_9,134,134,
1608,1,0,0,validator_12,100,134,1568
1609,2,0,0,validator_12,100,134,1567
1567,3,5000000,5640,user_9,134,134,
1588,4,4500000,0,user_30,134,134,
1600,5,4200000,68100,user_45,134,134,
1610,6,0,0,validator_12,100,134,1600
1560,7,4200000,0,user_1,134,134,
1604,8,3600000,0,user_46,134,134,
1590,9,3500000,0,user_35,134,134,
1571,10,2600000,0,user_11,134,134,
1611,11,0,0,validator_12,100,134,1566
1566,12,2000000,350000,user_9,134,134,
1593,13,2300000,0,user_37,134,134,
1606,14,1800000,0,user_46,134,134,
1582,15,1600000,64600,user_24,134,134,
1612,16,0,0,validator_12,100,134,1582
1596,17,1600000,0,user_39,134,134,
1574,18,1500000,0,user_16,134,134,
1586,19,1400000,0,user_30,134,134,
1613,20,0,0,validator_12,100,134,1592
1592,21,1100000,231000,user_37,134,134,
1564,22,1100000,0,user_7,134,134,
1599,23,970000,0,user_43,134,134,
1614,24,0,0,validator_12,100,134,1569
1569,25,370000,594000,user_9,134,134,
1615,26,0,0,validator_12,100,134,1602
1602,27,630000,283000,user_46,134,134,
1601,28,670000,0,user_45,134,134,
1607,29,460000,0,user_48,134,134,
1565,30,360000,0,user_9,134,134,
1584,31,350000,0,user_27,134,134,
1570,32,340000,0,user_10,134,134,
1591,33,320000,0,user_36,134,134,
1589,34,310000,0,user_30,134,134,
1581,35,300000,0,user_24,134,134,
1585,36,300000,0,user_30,134,134,
1572,37,260000,0,user_12,134,134,
1573,38,260000,0,user_12,134,134,
1580,39,260000,0,user_23,134,134,
1579,40,220000,0,user_22,134,134,
1587,41,220000,0,user_30,134,134,
1561,42,190000,5640,user_2,134,134,
1616,43,0,0,validator_12,100,134,1561
1577,44,160000,0,user_19,134,134,
1603,45,150000,0,user_46,134,134,
1562,46,110000,0,user_3,134,134,
1605,47,110000,0,user_46,134,134,
1575,48,77000,0,user_17,134,134,
1635,0,6300000,0,user_16,135,135,
1647,1,5200000,0,user_30,135,135,
1649,2,2500000,0,user_31,135,135,
1668,3,2400000,0,user_46,135,135,
1645,4,2100000,0,user_28,135,135,
1628,5,2000000,0,user_8,135,135,
1666,6,2000000,0,user_43,135,135,
1642,7,1900000,0,user_23,135,135,
1662,8,1900000,0,user_42,135,135,
1648,9,1800000,0,user_30,135,135,
1654,10,1700000,0,user_34,135,135,
1625,11,1500000,0,user_5,135,135,
1641,12,1300000,181000,user_23,135,135,
1669,13,0,0,validator_9,100,135,1641
1658,14,1400000,33100,user_40,135,135,
1670,15,0,0,validator_9,100,135,1658
1640,16,1100000,0,user_23,135,135,
1659,17,1000000,84800,user_41,135,135,
1671,18,0,0,validator_9,100,135,1659
1638,19,1000000,0,user_21,135,135,
1639,20,1000000,0,user_23,135,135,
1657,21,650000,0,user_38,135,135,
1660,22,630000,0,user_42,135,135,
1633,23,530000,0,user_13,135,135,
1626,24,310000,0,user_6,135,135,
1653,25,310000,0,user_34,135,135,
1623,26,260000,0,user_3,135,135,
1664,27,220000,0,user_43,135,135,
1643,28,190000,0,user_26,135,135,
1632,29,160000,0,user_13,135,135,
1655,30,160000,0,user_35,135,135,
1661,31,150000,0,user_42,135,135,
1646,32,120000,5180,user_30,135,135,
1672,33,0,0,validator_9,100,135,1646
1665,34,110000,0,user_43,135,135,
1622,35,98000,0,user_2,135,135,
1627,36,83000,0,user_7,135,135,
1663,37,83000,0,user_43,135,135,
1673,38,0,0,validator_9,100,135,1650
1650,39,70000,3130,user_32,135,135,
1631,40,73000,0,user_11,135,135,
1736,0,0,0,validator_7,100,136,1698
1698,1,19000000,36800,user_18,136,136,
1703,2,6300000,33100,user_22,136,136,
1737,3,0,0,validator_7,100,136,1703
1738,4,0,0,validator_7,100,136,1674
1674,5,3200000,18600,user_0,136,136,
1677,6,3200001,0,user_1,136,136,1674
1678,7,3200001,0,user_1,136,136,1674
1679,8,3200001,0,user_1,136,136,1674
1714,9,3200000,0,user_35,136,136,
1716,10,3200000,0,user_36,136,136,
1675,11,3199999,0,user_0,136,136,1674
1676,12,3199999,0,user_1,136,136,1674
1680,13,3199999,0,user_2,136,136,1674
1681,14,2500000,0,user_3,136,136,
1704,15,2000000,0,user_23,136,136,
1720,16,1600000,0,user_37,136,136,
1691,17,1500000,0,user_7,136,136,
1697,18,1500000,0,user_17,136,136,
1739,19,0,0,validator_7,100,136,1725
1725,20,1000000,322000,user_40,136,136,
1687,21,1100000,0,user_5,136,136,
1740,22,0,0,validator_7,100,136,1683
1683,23,1000000,13800,user_4,136,136,
1729,24,1000000,0,user_43,136,136,
1682,25,870000,0,user_3,136,136,
1713,26,870000,0,user_35,136,136,
1730,27,870000,0,user_44,136,136,
1722,28,600000,0,user_40,136,136,
1692,29,530000,0,user_9,136,136,
1741,30,0,0,validator_7,100,136,1693
1693,31,420000,67900,user_10,136,136,
1717,32,370000,0,user_36,136,136,
1731,33,320000,0,user_45,136,136,
1685,34,310000,0,user_5,136,136,
1695,35,220000,0,user_15,136,136,
1712,36,220000,0,user_34,136,136,
1723,37,220000,0,user_40,136,136,
1732,38,170000,0,user_46,136,136,
1718,39,160000,0,user_36,136,136,
1742,40,0,0,validator_7,100,136,1715
1715,41,110000,42000,user_36,136,136,
1721,42,150000,0,user_39,136,136,
1735,43,130000,0,user_48,136,136,
1724,44,120000,5180,user_40,136,136,
1743,45,0,0,validator_7,100,136,1724
1689,46,120000,0,user_6,136,136,
1727,47,120000,0,user_41,136,136,
1734,48,85000,33100,user_48,136,136,
1744,49,0,0,validator_7,100,136,1734
1684,50,110000,0,user_5,136,136,
1726,51,110000,0,user_40,136,136,
1733,52,110000,0,user_47,136,136,
1745,53,0,0,validator_7,100,136,1719
1719,54,100000,5630,user_36,136,136,
1705,55,84000,0,user_26,136,136,
1699,56,83000,0,user_19,136,136,
1708,57,83000,0,user_31,136,136,
1686,58,82000,0,user_5,136,136,
1690,59,79000,0,user_7,136,136,
1688,60,77000,0,user_5,136,136,
1709,61,70000,0,user_32,136,136,
1762,0,43000000,36800,user_23,137,137,
1752,1,30000000,0,user_10,137,137,
1759,2,6300000,0,user_19,137,137,
1753,3,6100000,0,user_11,137,137,
1779,4,5000000,0,user_46,137,137,
1750,5,2400000,5640,user_7,137,137,
1768,6,2300000,0,user_32,137,137,
1773,7,1900000,0,user_36,137,137,
1782,8,1900000,0,user_48,137,137,
1769,9,1500000,0,user_33,137,137,
1754,10,1300000,21800,user_13,137,137,
1757,11,1000000,0,user_17,137,137,
1764,12,870000,0,user_25,137,137,
1760,13,630000,0,user_20,137,137,
1781,14,310000,4320000,user_47,137,137,
1777,15,260000,0,user_40,137,137,
1778,16,220000,0,user_45,137,137,
1767,17,190000,0,user_31,137,137,
1755,18,170000,14200,user_15,137,137,
1780,19,170000,0,user_47,137,137,
1758,20,160000,14200,user_18,137,137,
1772,21,150000,35600,user_35,137,137,
1746,22,120000,0,user_0,137,137,
1771,23,120000,0,user_34,137,137,
1770,24,110000,0,user_34,137,137,
1761,25,98000,0,user_23,137,137,
1751,26,79000,0,user_9,137,137,
1776,27,77000,0,user_40,137,137,
1749,28,73000,68100,user_7,137,137,
1821,0,43000000,0,user_32,138,138,
1822,1,27000000,0,user_33,138,138,
1849,2,0,0,validator_10,100,138,1808
1808,3,5000000,47700,user_25,138,138,
1827,4,4200000,15700,user_35,138,138,
1850,5,0,0,validator_10,100,138,1827
1819,6,4200000,0,user_31,138,138,
1798,7,3500000,0,user_19,138,138,
1839,8,3200000,0,user_43,138,138,
1823,9,2300000,0,user_33,138,138,
1847,10,2100000,0,user_49,138,138,
1841,11,2000000,0,user_45,138,138,
1787,12,1900000,0,user_7,138,138,
1840,13,1900000,0,user_44,138,138,
1796,14,1800000,0,user_17,138,138,
1805,15,1800000,0,user_22,138,138,
1851,16,0,0,validator_10,100,138,1830
1830,17,1500000,15700,user_40,138,138,
1828,18,1400000,0,user_35,138,138,
1843,19,1400000,0,user_47,138,138,
1852,20,0,0,validator_10,100,138,1837
1837,21,1300000,33100,user_43,138,138,
1818,22,530000,779000,user_31,138,138,
1853,23,0,0,validator_10,100,138,1818
1793,24,1100000,195000,user_11,138,138,
1854,25,0,0,validator_10,100,138,1793
1806,26,1100000,0,user_23,138,138,
1788,27,1000000,0,user_7,138,138,
1800,28,1000000,0,user_21,138,138,
1835,29,1000000,0,user_41,138,138,
1848,30,670000,164000,user_49,138,138,
1855,31,0,0,validator_10,100,138,1848
1812,32,670000,0,user_27,138,138,
1817,33,670000,0,user_31,138,138,
1789,34,650000,0,user_7,138,138,
1795,35,650000,0,user_16,138,138,
1802,36,650000,0,user_22,138,138,
1829,37,630000,0,user_37,138,138,
1856,38,0,0,validator_10,100,138,1831
1831,39,77000,545000,user_41,138,138,
1786,40,420000,0,user_6,138,138,
1824,41,360000,0,user_34,138,138,
1804,42,340000,0,user_22,138,138,
1820,43,310000,0,user_32,138,138,
1834,44,310000,0,user_41,138,138,
1844,45,310000,0,user_48,138,138,
1794,46,300000,0,user_14,138,138,
1857,47,0,0,validator_10,100,138,1807
1807,48,240000,43600,user_25,138,138,
1825,49,85000,195000,user_34,138,138,
1858,50,0,0,validator_10,100,138,1825
1846,51,260000,0,user_49,138,138,
1816,52,220000,36800,user_31,138,138,
1859,53,0,0,validator_10,100,138,1816
1860,54,0,0,validator_10,100,138,1815
1815,55,220000,35600,user_31,138,138,
1799,56,220000,0,user_20,138,138,
1784,57,190000,0,user_0,138,138,
1845,58,170000,0,user_48,138,138,
1833,59,160000,0,user_41,138,138,
1801,60,150000,8520,user_22,138,138,
1861,61,0,0,validator_10,100,138,1801
1785,62,150000,0,user_3,138,138,
1790,63,150000,0,user_8,138,138,
1836,64,150000,0,user_43,138,138,
1809,65,110000,0,user_25,138,138,
1826,66,110000,0,user_34,138,138,
1803,67,87000,0,user_22,138,138,
1838,68,85000,0,user_43,138,138,
1832,69,82000,0,user_41,138,138,
1902,0,43000000,0,user_41,139,139,
1912,1,0,0,validator_7,100,139,1899
1899,2,6300000,195000,user_39,139,139,
1883,3,5200000,0,user_19,139,139,
1901,4,5200000,0,user_40,139,139,
1886,5,4500000,0,user_22,139,139,
1895,6,3500000,769000,user_32,139,139,
1913,7,0,0,validator_7,100,139,1895
1868,8,3600000,0,user_5,139,139,
1910,9,3600000,0,user_48,139,139,
1877,10,3200000,0,user_15,139,139,
1882,11,3200000,0,user_18,139,139,
1911,12,2400000,108000,user_49,139,139,
1914,13,0,0,validator_7,100,139,1911
1865,14,2500000,0,user_4,139,139,
1879,15,2300000,34700,user_15,139,139,
1915,16,0,0,validator_7,100,139,1879
1862,17,2100000,0,user_1,139,139,
1903,18,1900000,0,user_41,139,139,
1874,19,1500000,381000,user_12,139,139,
1916,20,0,0,validator_7,100,139,1874
1863,21,1600000,0,user_1,139,139,
1878,22,1500000,35100,user_15,139,139,
1917,23,0,0,validator_7,100,139,1878
1890,24,1400000,0,user_28,139,139,
1909,25,600000,769000,user_47,139,139,
1918,26,0,0,validator_7,100,139,1909
1887,27,670000,0,user_24,139,139,
1919,28,0,0,validator_7,100,139,1867
1867,29,660000,7840,user_5,139,139,
1875,30,650000,0,user_13,139,139,
1880,31,470000,0,user_15,139,139,
1898,32,460000,0,user_36,139,139,
1889,33,420000,0,user_26,139,139,
1907,34,320000,0,user_43,139,139,
1920,35,0,0,validator_7,100,139,1900
1900,36,98000,181000,user_40,139,139,
1866,37,260000,0,user_4,139,139,
1871,38,260000,0,user_9,139,139,
1906,39,150000,13800,user_43,139,139,
1921,40,0,0,validator_7,100,139,1906
1908,41,160000,0,user_45,139,139,
1864,42,150000,0,user_3,139,139,
1873,43,150000,0,user_12,139,139,
1894,44,150000,0,user_31,139,139,
1869,45,130000,0,user_6,139,139,
1893,46,120000,0,user_30,139,139,
1888,47,110000,0,user_25,139,139,
1892,48,83000,0,user_30,139,139,
1870,49,80000,0,user_8,139,139,
1896,50,79000,0,user_32,139,139,
1969,0,30000000,0,user_37,140,140,
1961,1,19000000,0,user_33,140,140,
1975,2,19000000,0,user_44,140,140,
1965,3,6300000,0,user_33,140,140,
1960,4,6100000,0,user_31,140,140,
1954,5,5000000,0,user_24,140,140,
1950,6,4500000,0,user_23,140,140,
1924,7,4200000,0,user_2,140,140,
1979,8,1900000,779000,user_49,140,140,
1980,9,0,0,validator_5,100,140,1979
1977,10,2600000,0,user_47,140,140,
1957,11,2500000,0,user_25,140,140,
1945,12,2000000,0,user_18,140,140,
1948,13,2000000,0,user_21,140,140,
1953,14,2000000,0,user_23,140,140,
1923,15,1800000,0,user_2,140,140,
1976,16,1700000,0,user_45,140,140,
1936,17,1500000,0,user_10,140,140,
1964,18,1500000,0,user_33,140,140,
1922,19,1400000,0,user_0,140,140,
1933,20,1400000,0,user_9,140,140,
1963,21,1300000,0,user_33,140,140,
1931,22,1100000,0,user_9,140,140,
1981,23,0,0,validator_5,100,140,1944
1944,24,120000,959000,user_18,140,140,
1932,25,1000000,23500,user_9,140,140,
1982,26,0,0,validator_5,100,140,1932
1949,27,1000000,0,user_22,140,140,
1946,28,910000,0,user_19,140,140,
1947,29,670000,0,user_20,140,140,
1951,30,530000,0,user_23,140,140,
1971,31,470000,0,user_40,140,140,
1983,32,0,0,validator_5,100,140,1926
1926,33,80000,322000,user_2,140,140,
1925,34,370000,0,user_2,140,140,
1974,35,370000,0,user_44,140,140,
1962,36,240000,0,user_33,140,140,
1943,37,220000,0,user_15,140,140,
1966,38,220000,0,user_35,140,140,
1927,39,170000,0,user_3,140,140,
1955,40,150000,0,user_25,140,140,
1973,41,130000,0,user_42,140,140,
1984,42,0,0,validator_5,100,140,1967
1967,43,110000,5640,user_35,140,140,
1928,44,110000,0,user_4,140,140,
1934,45,110000,0,user_9,140,140,
1972,46,98000,0,user_42,140,140,
1968,47,87000,0,user_36,140,140,
1956,48,83000,0,user_25,140,140,
1937,49,80000,0,user_12,140,140,
1929,50,79000,0,user_6,140,140,
1952,51,77000,0,user_23,140,140,
1935,52,73000,0,user_9,140,140,
1997,0,30000000,0,user_10,141,141,
2030,1,30000000,0,user_44,141,141,
2031,2,30000000,0,user_44,141,141,
2021,3,5200000,0,user_34,141,141,
2024,4,5200000,0,user_37,141,141,
2026,5,5000000,0,user_40,141,141,
2018,6,4200000,0,user_29,141,141,
1995,7,2600000,0,user_10,141,141,
2025,8,2600000,121000,user_38,141,141,
1986,9,2400000,19700,user_3,141,141,
1992,10,2400000,0,user_8,141,141,
2009,11,2300000,0,user_21,141,141,
2006,12,2000000,0,user_17,141,141,
2032,13,2000000,0,user_44,141,141,
2033,14,1900000,0,user_44,141,141,
2022,15,1800000,285000,user_37,141,141,
2002,16,1600000,0,user_14,141,141,
2017,17,1400000,0,user_28,141,141,
2013,18,1100000,0,user_25,141,141,
1988,19,1000000,0,user_5,141,141,
1989,20,1000000,0,user_5,141,141,
1990,21,1000000,5630,user_6,141,141,
2000,22,870000,0,user_13,141,141,
2011,23,670000,0,user_22,141,141,
2019,24,670000,0,user_31,141,141,
1993,25,650000,0,user_10,141,141,
1996,26,530000,0,user_10,141,141,
2028,27,530000,0,user_41,141,141,
1994,28,460000,0,user_10,141,141,
2020,29,460000,0,user_33,141,141,
2029,30,460000,0,user_43,141,141,
2023,31,260000,369000,user_37,141,141,
2010,32,240000,0,user_21,141,141,
1987,33,190000,0,user_3,141,141,
1991,34,170000,0,user_8,141,141,
2034,35,170000,0,user_45,141,141,
2007,36,160000,0,user_18,141,141,
2027,37,150000,0,user_41,141,141,
2014,38,120000,0,user_26,141,141,
2001,39,110000,0,user_14,141,141,
2008,40,98000,0,user_19,141,141,
2012,41,98000,0,user_23,141,141,
2005,42,84000,0,user_16,141,141,
2035,43,83000,0,user_46,141,141,
2036,44,83000,0,user_48,141,141,
1998,45,77000,0,user_11,141,141,
2039,0,43000000,46500,user_1,142,142,
2040,1,42999999,0,user_2,142,142,2039
2044,2,19000000,0,user_5,142,142,
2059,3,19000000,0,user_20,142,142,
2038,4,6100000,0,user_0,142,142,
2069,5,5200000,0,user_30,142,142,
2077,6,3500000,0,user_36,142,142,
2066,7,2400000,0,user_30,142,142,
2089,8,2400000,161000,user_48,142,142,
2067,9,2100000,0,user_30,142,142,
2078,10,2100000,0,user_36,142,142,
2084,11,1800000,0,user_43,142,142,
2053,12,1600000,256000,user_16,142,142,
2062,13,1600000,0,user_26,142,142,
2057,14,1500000,594000,user_19,142,142,
2079,15,1500000,0,user_37,142,142,
2041,16,1400000,0,user_3,142,142,
2076,17,1400000,0,user_35,142,142,
2043,18,1000000,1100000,user_5,142,142,
2058,19,1000000,0,user_19,142,142,
2042,20,660000,0,user_4,142,142,
2054,21,460000,0,user_17,142,142,
2065,22,370000,0,user_29,142,142,
2063,23,320000,0,user_27,142,142,
2046,24,220000,0,user_7,142,142,
2051,25,220000,0,user_15,142,142,
2068,26,220000,0,user_30,142,142,
2080,27,170000,0,user_38,142,142,
2070,28,160000,0,user_32,142,142,
2045,29,150000,0,user_6,142,142,
2048,30,130000,15100,user_10,142,142,
2052,31,120000,0,user_15,142,142,
2060,32,120000,0,user_22,142,142,
2090,33,120000,31700,user_49,142,142,
2047,34,110000,0,user_7,142,142,
2085,35,98000,0,user_43,142,142,
2064,36,73000,0,user_28,142,142,
2106,0,6300000,0,user_17,143,143,
2142,1,5000000,0,user_49,143,143,
2126,2,3500000,0,user_30,143,143,
2100,3,2400000,0,user_10,143,143,
2091,4,2300000,0,user_0,143,143,
2110,5,2000000,0,user_20,143,143,
2113,6,2000000,0,user_22,143,143,
2138,7,2000000,0,user_43,143,143,
2123,8,1800000,0,user_27,143,143,
2135,9,1700000,0,user_40,143,143,
2101,10,1500000,0,user_12,143,143,
2104,11,1500000,42000,user_15,143,143,
2139,12,1500000,0,user_44,143,143,
2098,13,1100000,0,user_9,143,143,
2109,14,1100000,0,user_20,143,143,
2131,15,1000000,0,user_36,143,143,
2105,16,910000,0,user_16,143,143,
2137,17,910000,0,user_42,143,143,
2128,18,870000,0,user_33,143,143,
2136,19,670000,0,user_41,143,143,
2115,20,630000,0,user_22,143,143,
2107,21,530000,0,user_18,143,143,
2114,22,530000,0,user_22,143,143,
2093,23,460000,11200,user_2,143,143,
2092,24,320000,0,user_1,143,143,
2112,25,220000,0,user_22,143,143,
2122,26,220000,46500,user_26,143,143,
2102,27,170000,0,user_13,143,143,
2140,28,120000,0,user_45,143,143,
2094,29,110000,121000,user_4,143,143,
2129,30,100000,0,user_33,143,143,
2096,31,85000,0,user_6,143,143,
2103,32,85000,0,user_13,143,143,
2099,33,84000,0,user_9,143,143,
2134,34,82000,0,user_40,143,143,
2124,35,77000,0,user_28,143,143,
15,0,19000000,0,user_23,144,144,
44,1,0,0,validator_4,100,144,19
19,2,5000000,56200,user_25,144,144,
0,3,5000000,15300,user_4,144,144,
45,4,0,0,validator_4,100,144,0
14,5,4200000,369000,user_21,144,144,
46,6,0,0,validator_4,100,144,14
23,7,4500000,0,user_29,144,144,
25,8,4200000,0,user_32,144,144,
20,9,3200000,128000,user_25,144,144,
47,10,0,0,validator_4,100,144,20
8,11,3200000,0,user_15,144,144,
48,12,0,0,validator_4,100,144,11
11,13,2400000,285000,user_17,144,144,
7,14,2400000,0,user_14,144,144,
27,15,2000000,0,user_32,144,144,
36,16,2000000,0,user_41,144,144,
9,17,1700000,0,user_16,144,144,
18,18,1100000,594000,user_25,144,144,
49,19,0,0,validator_4,100,144,18
43,20,1600000,0,user_49,144,144,
21,21,1500000,0,user_26,144,144,
6,22,1400000,15700,user_13,144,144,
50,23,0,0,validator_4,100,144,6
2,24,1100000,0,user_6,144,144,
12,25,1100000,0,user_19,144,144,
16,26,650000,0,user_25,144,144,
40,27,530000,0,user_46,144,144,
34,28,370000,0,user_39,144,144,
28,29,320000,0,user_33,144,144,
13,30,310000,0,user_20,144,144,
37,31,260000,0,user_43,144,144,
39,32,220000,0,user_44,144,144,
42,33,220000,0,user_48,144,144,
26,34,79000,108000,user_32,144,144,
51,35,0,0,validator_4,100,144,26
52,36,0,0,validator_4,100,144,35
35,37,150000,16400,user_40,144,144,
41,38,130000,0,user_47,144,144,
1,39,120000,0,user_6,144,144,
31,40,120000,0,user_37,144,144,
17,41,100000,0,user_25,144,144,
4,42,85000,0,user_10,144,144,
29,43,83000,0,user_36,144,144,
38,44,80000,0,user_44,144,144,
10,45,77000,0,user_17,144,144,
30,46,77000,0,user_37,144,144,
86,0,6300000,0,user_36,145,145,
88,1,5000000,0,user_37,145,145,
58,2,3500000,296000,user_10,145,145,
103,3,0,0,validator_12,100,145,58
95,4,3500000,0,user_44,145,145,
62,5,2400000,0,user_13,145,145,
100,6,1500000,410000,user_48,145,145,
104,7,0,0,validator_12,100,145,100
82,8,1500000,0,user_29,145,145,
83,9,1500000,0,user_29,145,145,
91,10,1100000,0,user_39,145,145,
105,11,0,0,validator_12,100,145,69
69,12,1000000,39400,user_20,145,145,
68,13,1000000,0,user_20,145,145,
63,14,970000,0,user_15,145,145,
54,15,260000,410000,user_2,145,145,
106,16,0,0,validator_12,100,145,54
97,17,530000,0,user_45,145,145,
107,18,0,0,validator_12,100,145,92
92,19,470000,12800,user_40,145,145,
76,20,460000,0,user_22,145,145,
81,21,460000,0,user_28,145,145,
102,22,460000,0,user_49,145,145,
66,23,360000,0,user_20,145,145,
64,24,320000,0,user_17,145,145,
84,25,220000,49100,user_32,145,145,
108,26,0,0,validator_12,100,145,84
55,27,240000,0,user_4,145,145,
78,28,220000,0,user_23,145,145,
109,29,0,0,validator_12,100,145,67
67,30,73000,139000,user_20,145,145,
87,31,160000,0,user_36,145,145,
57,32,150000,0,user_9,145,145,
77,33,150000,0,user_23,145,145,
85,34,150000,0,user_33,145,145,
96,35,150000,0,user_45,145,145,
94,36,120000,0,user_43,145,145,
101,37,120000,0,user_49,145,145,
61,38,110000,0,user_13,145,145,
60,39,100000,0,user_12,145,145,
110,40,0,0,validator_12,100,145,80
80,41,80000,13900,user_27,145,145,
70,42,73000,0,user_20,145,145,
59,43,70000,0,user_11,145,145,
143,0,30000000,0,user_26,146,146,
150,1,27000000,49100,user_30,146,146,
169,2,0,0,validator_4,100,146,150
170,3,0,0,validator_4,100,146,121
121,4,2600000,17700000,user_13,146,146,
167,5,5200000,0,user_47,146,146,
139,6,5000000,0,user_22,146,146,
171,7,0,0,validator_4,100,146,135
135,8,4500000,33300,user_20,146,146,
172,9,0,0,validator_4,100,146,125
125,10,2100000,283000,user_16,146,146,
158,11,2100000,0,user_40,146,146,
128,12,2000000,0,user_19,146,146,
138,13,1900000,31700,user_21,146,146,
173,14,0,0,validator_4,100,146,138
115,15,1900000,0,user_5,146,146,
159,16,1900000,0,user_40,146,146,
113,17,1800000,84800,user_4,146,146,
174,18,0,0,validator_4,100,146,113
175,19,0,0,validator_4,100,146,144
144,20,1400000,350000,user_27,146,146,
129,21,1500000,0,user_19,146,146,
161,22,1500000,0,user_43,146,146,
156,23,1400000,0,user_36,146,146,
165,24,1400000,0,user_44,146,146,
151,25,1000000,17000,user_32,146,146,
176,26,0,0,validator_4,100,146,151
124,27,1000000,0,user_15,146,146,
168,28,420000,510000,user_48,146,146,
177,29,0,0,validator_4,100,146,168
153,30,660000,0,user_33,146,146,
166,31,660000,0,user_46,146,146,
114,32,600000,0,user_5,146,146,
133,33,600000,0,user_20,146,146,
141,34,600000,0,user_25,146,146,
163,35,530000,67500,user_44,146,146,
178,36,0,0,validator_4,100,146,163
130,37,460000,0,user_19,146,146,
123,38,420000,0,user_15,146,146,
162,39,350000,3130,user_44,146,146,
179,40,0,0,validator_4,100,146,162
127,41,340000,0,user_18,146,146,
152,42,320000,0,user_32,146,146,
146,43,300000,0,user_27,146,146,
131,44,82000,195000,user_19,146,146,
180,45,0,0,validator_4,100,146,131
181,46,0,0,validator_4,100,146,149
149,47,260000,16400,user_29,146,146,
134,48,260000,0,user_20,146,146,
116,49,220000,0,user_9,146,146,
122,50,220000,0,user_14,146,146,
164,51,220000,0,user_44,146,146,
142,52,150000,67900,user_26,146,146,
182,53,0,0,validator_4,100,146,142
140,54,170000,0,user_24,146,146,
145,55,170000,0,user_27,146,146,
183,56,0,0,validator_4,100,146,136
136,57,83000,64600,user_20,146,146,
120,58,120000,14200,user_13,146,146,
184,59,0,0,validator_4,100,146,120
111,60,110000,0,user_0,146,146,
154,61,100000,0,user_33,146,146,
157,62,100000,0,user_39,146,146,
126,63,87000,0,user_17,146,146,
155,64,79000,5640,user_35,146,146,
185,65,0,0,validator_4,100,146,155
137,66,83000,0,user_20,146,146,
117,67,82000,0,user_10,146,146,
160,68,82000,0,user_42,146,146,
132,69,70000,0,user_19,146,146,
232,0,6100000,0,user_42,147,147,
218,1,5200000,0,user_29,147,147,
193,2,3600000,0,user_5,147,147,
239,3,0,0,validator_0,100,147,230
230,4,2300000,33300,user_40,147,147,
194,5,2300000,0,user_6,147,147,
240,6,0,0,validator_0,100,147,233
233,7,2100000,60700,user_44,147,147,
208,8,1800000,0,user_15,147,147,
197,9,1500000,256000,user_8,147,147,
241,10,0,0,validator_0,100,147,197
203,11,1700000,0,user_11,147,147,
235,12,1600000,42000,user_46,147,147,
242,13,0,0,validator_0,100,147,235
238,14,1400000,10700,user_49,147,147,
243,15,0,0,validator_0,100,147,238
226,16,1300000,0,user_35,147,147,
236,17,1200000,0,user_47,147,147,
196,18,630000,161000,user_8,147,147,
244,19,0,0,validator_0,100,147,196
212,20,630000,0,user_22,147,147,
217,21,460000,0,user_29,147,147,
227,22,420000,0,user_35,147,147,
237,23,360000,0,user_48,147,147,
210,24,350000,0,user_20,147,147,
186,25,310000,0,user_0,147,147,
195,26,310000,0,user_7,147,147,
198,27,260000,0,user_9,147,147,
204,28,170000,0,user_13,147,147,
211,29,170000,0,user_22,147,147,
205,30,160000,0,user_13,147,147,
229,31,120000,32900,user_37,147,147,
245,32,0,0,validator_0,100,147,229
209,33,120000,0,user_20,147,147,
224,34,120000,0,user_32,147,147,
246,35,0,0,validator_0,100,147,207
207,36,77000,12800,user_15,147,147,
192,37,84000,0,user_3,147,147,
264,0,43000000,0,user_16,148,148,
273,1,43000000,0,user_25,148,148,
250,2,19000000,36800,user_3,148,148,
302,3,0,0,validator_10,100,148,250
301,4,4200000,0,user_49,148,148,
268,5,3200000,0,user_19,148,148,
303,6,0,0,validator_10,100,148,292
292,7,2500000,8520,user_39,148,148,
300,8,2400000,0,user_47,148,148,
265,9,2100000,0,user_17,148,148,
248,10,2000000,0,user_2,148,148,
266,11,1800000,0,user_17,148,148,
274,12,1800000,0,user_27,148,148,
277,13,1600000,0,user_30,148,148,
295,14,1600000,0,user_41,148,148,
298,15,1600000,0,user_44,148,148,
285,16,1500000,0,user_37,148,148,
279,17,1400000,0,user_32,148,148,
286,18,1100000,0,user_37,148,148,
297,19,1100000,0,user_44,148,148,
249,20,1000000,0,user_2,148,148,
271,21,870000,0,user_23,148,148,
291,22,650000,0,user_38,148,148,
247,23,600000,0,user_0,148,148,
263,24,460000,0,user_15,148,148,
280,25,320000,0,user_33,148,148,
289,26,320000,0,user_38,148,148,
304,27,0,0,validator_10,100,148,260
260,28,83000,231000,user_12,148,148,
257,29,300000,0,user_7,148,148,
305,30,0,0,validator_10,100,148,288
288,31,190000,108000,user_37,148,148,
306,32,0,0,validator_10,100,148,270
270,33,120000,155000,user_22,148,148,
261,34,240000,0,user_14,148,148,
284,35,220000,0,user_37,148,148,
283,36,190000,0,user_36,148,148,
255,37,170000,0,user_5,148,148,
294,38,160000,0,user_40,148,148,
259,39,150000,0,user_8,148,148,
296,40,150000,0,user_42,148,148,
293,41,120000,15100,user_40,148,148,
307,42,0,0,validator_10,100,148,293
282,43,120000,0,user_35,148,148,
262,44,110000,0,user_14,148,148,
269,45,100000,0,user_20,148,148,
308,46,0,0,validator_10,100,148,256
256,47,80000,12300,user_6,148,148,
290,48,87000,0,user_38,148,148,
258,49,77000,0,user_7,148,148,
272,50,73000,0,user_24,148,148,
278,51,73000,0,user_31,148,148,
287,52,73000,0,user_37,148,148,
281,53,70000,0,user_34,148,148,
347,0,0,0,validator_7,100,149,323
323,1,420000,7190000,user_18,149,149,
342,2,4500000,769000,user_40,149,149,
348,3,0,0,validator_7,100,149,342
346,4,5000000,12800,user_49,149,149,
349,5,0,0,validator_7,100,149,346
341,6,5000000,0,user_39,149,149,
325,7,4500000,0,user_22,149,149,
330,8,2600000,0,user_26,149,149,
332,9,2300000,10700,user_27,149,149,
350,10,0,0,validator_7,100,149,332
351,11,0,0,validator_7,100,149,312
312,12,2000000,164000,user_7,149,149,
338,13,2000000,0,user_35,149,149,
309,14,1400000,0,user_2,149,149,
326,15,1200000,0,user_23,149,149,
316,16,660000,43600,user_12,149,149,
352,17,0,0,validator_7,100,149,316
343,18,650000,0,user_41,149,149,
353,19,0,0,validator_7,100,149,322
322,20,77000,510000,user_18,149,149,
328,21,530000,0,user_25,149,149,
345,22,460000,0,user_45,149,149,
354,23,0,0,validator_7,100,149,339
339,24,87000,296000,user_37,149,149,
334,25,370000,0,user_30,149,149,
324,26,360000,0,user_19,149,149,
331,27,360000,0,user_26,149,149,
335,28,360000,0,user_31,149,149,
344,29,340000,0,user_44,149,149,
314,30,260000,60700,user_10,149,149,
355,31,0,0,validator_7,100,149,314
340,32,220000,0,user_38,149,149,
336,33,150000,42000,user_32,149,149,
356,34,0,0,validator_7,100,149,336
311,35,190000,0,user_6,149,149,
357,36,0,0,validator_7,100,149,320
320,37,110000,73100,user_17,149,149,
317,38,170000,0,user_12,149,149,
329,39,160000,0,user_25,149,149,
310,40,150000,0,user_5,149,149,
327,41,110000,0,user_24,149,149,
313,42,98000,0,user_9,149,149,
321,43,77000,0,user_17,149,149,
369,0,43000000,0,user_13,150,150,
401,1,30000000,0,user_44,150,150,
359,2,27000000,0,user_1,150,150,
408,3,6300000,0,user_46,150,150,
416,4,0,0,validator_7,100,150,367
367,5,6100000,18600,user_10,150,150,
382,6,5000000,0,user_24,150,150,
406,7,4200000,0,user_45,150,150,
387,8,3600000,0,user_31,150,150,
384,9,2500000,16400,user_28,150,150,
417,10,0,0,validator_7,100,150,384
418,11,0,0,validator_7,100,150,405
405,12,2500000,5630,user_45,150,150,
398,13,2300000,0,user_43,150,150,
410,14,2000000,256000,user_48,150,150,
419,15,0,0,validator_7,100,150,410
420,16,0,0,validator_7,100,150,399
399,17,2000000,215000,user_43,150,150,
415,18,1600000,39400,user_49,150,150,
421,19,0,0,validator_7,100,150,415
402,20,1600000,0,user_44,150,150,
411,21,1600000,0,user_48,150,150,
361,22,1500000,0,user_3,150,150,
362,23,1500000,0,user_4,150,150,
375,24,1500000,0,user_19,150,150,
364,25,1400000,0,user_6,150,150,
363,26,1100000,0,user_6,150,150,
422,27,0,0,validator_7,100,150,400
400,28,650000,410000,user_44,150,150,
409,29,1000000,0,user_47,150,150,
393,30,970000,0,user_38,150,150,
403,31,970000,0,user_44,150,150,
358,32,630000,0,user_1,150,150,
414,33,630000,0,user_48,150,150,
391,34,600000,0,user_37,150,150,
392,35,460000,0,user_37,150,150,
396,36,120000,285000,user_41,150,150,
423,37,0,0,validator_7,100,150,396
365,38,370000,0,user_7,150,150,
366,39,310000,0,user_9,150,150,
374,40,310000,0,user_17,150,150,
394,41,310000,0,user_39,150,150,
404,42,310000,0,user_44,150,150,
424,43,0,0,validator_7,100,150,376
376,44,150000,15100,user_19,150,150,
425,45,0,0,validator_7,100,150,380
380,46,150000,13800,user_22,150,150,
372,47,160000,0,user_15,150,150,
407,48,160000,0,user_46,150,150,
412,49,160000,0,user_48,150,150,
360,50,150000,0,user_2,150,150,
381,51,150000,0,user_23,150,150,
390,52,150000,0,user_34,150,150,
377,53,120000,0,user_19,150,150,
383,54,98000,0,user_25,150,150,
388,55,98000,0,user_32,150,150,
413,56,85000,0,user_48,150,150,
395,57,73000,0,user_40,150,150,
476,0,43000000,16400,user_46,151,151,
470,1,30000000,0,user_40,151,151,
434,2,27000000,0,user_8,151,151,
460,3,6300000,0,user_27,151,151,
426,4,5200000,0,user_0,151,151,
436,5,5000000,0,user_9,151,151,
458,6,5000000,0,user_26,151,151,
479,7,5000000,959000,user_49,151,151,
452,8,2000000,11200,user_22,151,151,
441,9,1900000,5180,user_14,151,151,
472,10,1600000,0,user_41,151,151,
456,11,1500000,0,user_26,151,151,
467,12,1500000,0,user_36,151,151,
429,13,1100000,0,user_4,151,151,
447,14,1100000,0,user_18,151,151,
437,15,970000,0,user_10,151,151,
443,16,970000,0,user_15,151,151,
449,17,910000,0,user_20,151,151,
438,18,870000,0,user_11,151,151,
435,19,650000,0,user_9,151,151,
477,20,630000,0,user_47,151,151,
431,21,600000,0,user_6,151,151,
461,22,600000,6390,user_29,151,151,
442,23,530000,0,user_15,151,151,
445,24,460000,0,user_16,151,151,
459,25,460000,0,user_26,151,151,
468,26,420000,0,user_37,151,151,
469,27,370000,0,user_38,151,151,
448,28,340000,0,user_19,151,151,
462,29,310000,0,user_30,151,151,
463,30,310000,0,user_30,151,151,
455,31,260000,0,user_26,151,151,
471,32,260000,0,user_41,151,151,
473,33,260000,0,user_41,151,151,
440,34,220000,0,user_12,151,151,
454,35,170000,0,user_25,151,151,
475,36,170000,0,user_46,151,151,
474,37,160000,0,user_43,151,151,
444,38,120000,0,user_15,151,151,
439,39,110000,0,user_11,151,151,
450,40,110000,0,user_21,151,151,
451,41,110000,0,user_22,151,151,
430,42,85000,0,user_6,151,151,
446,43,83000,68100,user_17,151,151,
457,44,73000,0,user_26,151,151,
487,0,30000000,0,user_5,152,152,
522,1,27000000,0,user_41,152,152,
481,2,3600001,0,user_0,152,152,480
482,3,3600001,0,user_0,152,152,480
485,4,3600001,0,user_1,152,152,480
480,5,3600000,215000,user_0,152,152,
483,6,3599999,0,user_0,152,152,480
484,7,3599999,0,user_1,152,152,480
486,8,3599999,0,user_2,152,152,480
507,9,2400000,0,user_30,152,152,
489,10,2300000,0,user_9,152,152,
520,11,2100000,0,user_37,152,152,
493,12,2000000,5640,user_17,152,152,
505,13,2000000,0,user_27,152,152,
506,14,2000000,24700,user_29,152,152,
516,15,1600000,0,user_35,152,152,
515,16,1500000,0,user_34,152,152,
534,17,1100000,0,user_49,152,152,
500,18,1000000,0,user_20,152,152,
519,19,1000000,0,user_37,152,152,
533,20,600000,0,user_48,152,152,
509,21,470000,0,user_32,152,152,
504,22,310000,0,user_25,152,152,
488,23,300000,0,user_6,152,152,
503,24,300000,0,user_25,152,152,
524,25,260000,0,user_43,152,152,
502,26,240000,0,user_23,152,152,
497,27,220000,10700,user_19,152,152,
517,28,190000,0,user_36,152,152,
518,29,160000,0,user_37,152,152,
521,30,160000,0,user_37,152,152,
491,31,130000,0,user_13,152,152,
499,32,120000,0,user_20,152,152,
501,33,100000,0,user_22,152,152,
498,34,87000,1100000,user_19,152,152,
492,35,77000,0,user_15,152,152,
575,0,43000000,0,user_36,153,153,
587,1,19000000,0,user_47,153,153,
595,2,0,0,validator_13,100,153,565
565,3,320000,7190000,user_27,153,153,
570,4,4200000,18600,user_32,153,153,
596,5,0,0,validator_13,100,153,570
536,6,2400000,0,user_3,153,153,
556,7,2000000,0,user_17,153,153,
581,8,1600000,0,user_38,153,153,
574,9,1500000,0,user_36,153,153,
597,10,0,0,validator_13,100,153,550
550,11,1400000,31700,user_14,153,153,
542,12,1400000,0,user_7,153,153,
577,13,1400000,0,user_36,153,153,
558,14,1100000,0,user_19,153,153,
573,15,1100000,0,user_36,153,153,
559,16,1000000,0,user_21,153,153,
553,17,670000,0,user_14,153,153,
537,18,630000,0,user_3,153,153,
551,19,630000,0,user_14,153,153,
579,20,600000,0,user_38,153,153,
586,21,310000,256000,user_46,153,153,
598,22,0,0,validator_13,100,153,586
569,23,130000,410000,user_30,153,153,
599,24,0,0,validator_13,100,153,569
561,25,470000,0,user_24,153,153,
584,26,460000,0,user_44,153,153,
563,27,120000,322000,user_26,153,153,
600,28,0,0,validator_13,100,153,563
539,29,420000,0,user_5,153,153,
601,30,0,0,validator_13,100,153,578
578,31,310000,31700,user_38,153,153,
548,32,310000,0,user_13,153,153,
564,33,300000,0,user_26,153,153,
547,34,260000,0,user_12,153,153,
571,35,260000,0,user_34,153,153,
566,36,240000,0,user_28,153,153,
588,37,240000,0,user_47,153,153,
602,38,0,0,validator_13,100,153,594
594,39,150000,75000,user_49,153,153,
538,40,220000,0,user_4,153,153,
557,41,220000,0,user_18,153,153,
591,42,220000,0,user_48,153,153,
592,43,220000,0,user_48,153,153,
562,44,170000,0,user_26,153,153,
576,45,160000,0,user_36,153,153,
535,46,110000,0,user_2,153,153,
580,47,100000,0,user_38,153,153,
593,48,100000,0,user_48,153,153,
567,49,98000,0,user_28,153,153,
603,50,0,0,validator_13,100,153,568
568,51,70000,15300,user_29,153,153,
585,52,85000,0,user_46,153,153,
572,53,84000,0,user_35,153,153,
546,54,82000,0,user_12,153,153,
552,55,82000,0,user_14,153,153,
589,56,80000,0,user_48,153,153,
549,57,79000,0,user_14,153,153,
590,58,77000,0,user_48,153,153,
648,0,5200000,0,user_45,154,154,
641,1,5000000,0,user_39,154,154,
656,2,0,0,validator_9,100,154,614
614,3,4500000,71800,user_10,154,154,
635,4,4500000,0,user_31,154,154,
609,5,3600000,350000,user_5,154,154,
657,6,0,0,validator_9,100,154,609
628,7,2600000,0,user_24,154,154,
606,8,2500000,0,user_2,154,154,
610,9,2100000,0,user_5,154,154,
611,10,2000000,5640,user_6,154,154,
658,11,0,0,validator_9,100,154,611
616,12,2000000,0,user_11,154,154,
623,13,2000000,0,user_18,154,154,
640,14,1600000,0,user_38,154,154,
653,15,1500000,0,user_47,154,154,
621,16,1100000,0,user_16,154,154,
652,17,1000000,56200,user_47,154,154,
659,18,0,0,validator_9,100,154,652
617,19,1000000,33100,user_13,154,154,
660,20,0,0,validator_9,100,154,617
661,21,0,0,validator_9,100,154,630
630,22,190000,510000,user_26,154,154,
662,23,0,0,validator_9,100,154,626
626,24,660000,8520,user_20,154,154,
644,25,600000,0,user_41,154,154,
618,26,470000,0,user_14,154,154,
642,27,470000,0,user_39,154,154,
634,28,460000,0,user_31,154,154,
633,29,350000,0,user_30,154,154,
663,30,0,0,validator_9,100,154,651
651,31,310000,18600,user_47,154,154,
655,32,320000,0,user_49,154,154,
604,33,260000,0,user_0,154,154,
624,34,220000,0,user_18,154,154,
615,35,170000,0,user_10,154,154,
627,36,170000,0,user_21,154,154,
632,37,170000,0,user_28,154,154,
636,38,150000,0,user_32,154,154,
650,39,120000,0,user_47,154,154,
649,40,110000,0,user_47,154,154,
645,41,100000,0,user_42,154,154,
643,42,98000,0,user_40,154,154,
646,43,83000,0,user_43,154,154,
612,44,70000,0,user_8,154,154,
692,0,30000000,0,user_29,155,155,
688,1,6100000,0,user_25,155,155,
680,2,5000000,0,user_14,155,155,
675,3,4200000,0,user_11,155,155,
695,4,3600000,0,user_31,155,155,
681,5,3200000,0,user_14,155,155,
700,6,3200000,0,user_37,155,155,
664,7,2400000,0,user_0,155,155,
682,8,2400000,0,user_14,155,155,
711,9,0,0,validator_6,100,155,706
706,10,2000000,15100,user_44,155,155,
690,11,1500000,0,user_27,155,155,
712,12,0,0,validator_6,100,155,674
674,13,660000,35600,user_10,155,155,
691,14,670000,0,user_28,155,155,
702,15,150000,510000,user_39,155,155,
713,16,0,0,validator_6,100,155,702
683,17,470000,18600,user_18,155,155,
714,18,0,0,validator_6,100,155,683
715,19,0,0,validator_6,100,155,665
665,20,82000,369000,user_1,155,155,
678,21,360000,0,user_14,155,155,
677,22,300000,0,user_12,155,155,
672,23,260000,0,user_7,155,155,
709,24,240000,0,user_47,155,155,
673,25,220000,0,user_9,155,155,
679,26,220000,0,user_14,155,155,
684,27,85000,100000,user_21,155,155,
716,28,0,0,validator_6,100,155,684
697,29,170000,0,user_33,155,155,
707,30,160000,0,user_46,155,155,
701,31,150000,0,user_37,155,155,
676,32,120000,0,user_11,155,155,
708,33,110000,0,user_47,155,155,
705,34,100000,0,user_43,155,155,
694,35,84000,0,user_31,155,155,
704,36,83000,0,user_42,155,155,
670,37,82001,0,user_2,155,155,665
666,38,81999,0,user_1,155,155,665
667,39,81999,0,user_1,155,155,665
668,40,81999,0,user_1,155,155,665
669,41,81999,0,user_1,155,155,665
693,42,80000,0,user_30,155,155,
696,43,77000,0,user_32,155,155,
721,0,30000000,0,user_4,156,156,
727,1,27000000,0,user_15,156,156,
728,2,27000000,0,user_16,156,156,
771,3,2600000,0,user_41,156,156,
747,4,2400000,0,user_27,156,156,
735,5,2300000,0,user_22,156,156,
774,6,2300000,0,user_45,156,156,
745,7,1800000,0,user_26,156,156,
749,8,1700000,0,user_28,156,156,
725,9,1500000,0,user_13,156,156,
732,10,1500000,0,user_18,156,156,
720,11,1400000,0,user_4,156,156,
765,12,1000000,0,user_37,156,156,
726,13,970000,0,user_15,156,156,
773,14,970000,0,user_44,156,156,
719,15,670000,0,user_3,156,156,
737,16,650000,0,user_24,156,156,
775,17,650000,17700000,user_46,156,156,
723,18,600000,0,user_6,156,156,
730,19,600000,68100,user_17,156,156,
750,20,470000,0,user_28,156,156,
757,21,470000,0,user_32,156,156,
764,22,420000,0,user_36,156,156,
718,23,360000,296000,user_1,156,156,
729,24,360000,68100,user_16,156,156,
751,25,340000,0,user_28,156,156,
748,26,300000,0,user_28,156,156,
742,27,260000,0,user_26,156,156,
743,28,240000,0,user_26,156,156,
746,29,240000,0,user_26,156,156,
770,30,220000,0,user_41,156,156,
717,31,170000,0,user_0,156,156,
758,32,170000,0,user_33,156,156,
763,33,160000,0,user_36,156,156,
772,34,160000,0,user_43,156,156,
744,35,130000,0,user_26,156,156,
724,36,120000,75000,user_9,156,156,
769,37,110000,0,user_40,156,156,
768,38,84000,0,user_39,156,156,
731,39,83000,0,user_17,156,156,
796,0,43000000,0,user_18,157,157,
792,1,6100000,0,user_16,157,157,
783,2,5000000,19700,user_6,157,157,
817,3,4200000,0,user_44,157,157,
806,4,2300000,0,user_30,157,157,
795,5,2000000,1100000,user_18,157,157,
813,6,2000000,0,user_41,157,157,
803,7,1700000,66100,user_28,157,157,
812,8,1600000,36800,user_40,157,157,
815,9,1500000,410000,user_43,157,157,
777,10,1100000,0,user_0,157,157,
805,11,1100000,0,user_30,157,157,
799,12,1000000,30200,user_20,157,157,
794,13,670000,369000,user_18,157,157,
819,14,660000,3130,user_45,157,157,
778,15,470000,0,user_1,157,157,
808,16,370000,0,user_36,157,157,
820,17,360000,959000,user_48,157,157,
789,18,350000,0,user_12,157,157,
787,19,260000,381000,user_10,157,157,
780,20,170000,0,user_2,157,157,
781,21,170000,0,user_3,157,157,
809,22,160000,0,user_36,157,157,
790,23,130000,0,user_15,157,157,
791,24,120000,0,user_15,157,157,
797,25,120000,0,user_18,157,157,
814,26,120000,0,user_43,157,157,
818,27,120000,16400,user_44,157,157,
811,28,98000,545000,user_39,157,157,
785,29,87000,0,user_9,157,157,
786,30,87000,0,user_10,157,157,
821,31,87000,0,user_49,157,157,
793,32,84000,0,user_17,157,157,
788,33,83000,0,user_10,157,157,
779,34,80000,0,user_1,157,157,
816,35,79000,0,user_43,157,157,
830,0,4200000,0,user_9,158,158,
823,1,1500000,959000,user_0,158,158,
880,2,0,0,validator_0,100,158,823
881,3,0,0,validator_0,100,158,837
837,4,1600000,779000,user_15,158,158,
849,5,2300000,0,user_23,158,158,
868,6,2300000,0,user_37,158,158,
863,7,2000000,0,user_33,158,158,
874,8,2000000,0,user_44,158,158,
832,9,1600000,0,user_12,158,158,
851,10,1400000,128000,user_27,158,158,
882,11,0,0,validator_0,100,158,851
824,12,1499999,0,user_0,158,158,823
834,13,220000,1100000,user_13,158,158,
883,14,0,0,validator_0,100,158,834
835,15,1200000,0,user_13,158,158,
878,16,910000,0,user_47,158,158,
842,17,670000,0,user_20,158,158,
822,18,660000,0,user_0,158,158,
841,19,650000,0,user_19,158,158,
865,20,530000,0,user_35,158,158,
827,21,470000,0,user_5,158,158,
876,22,360000,0,user_46,158,158,
862,23,350000,0,user_33,158,158,
860,24,320000,0,user_32,158,158,
877,25,320000,0,user_46,158,158,
853,26,300000,0,user_29,158,158,
828,27,260000,0,user_7,158,158,
884,28,0,0,validator_0,100,158,833
833,29,120000,67500,user_12,158,158,
859,30,160000,0,user_31,158,158,
861,31,160000,0,user_32,158,158,
875,32,160000,0,user_46,158,158,
879,33,160000,0,user_48,158,158,
885,34,0,0,validator_0,100,158,873
873,35,79000,33300,user_42,158,158,
848,36,110000,0,user_22,158,158,
886,37,0,0,validator_0,100,158,867
867,38,73000,32900,user_37,158,158,
831,39,79000,0,user_11,158,158,
839,40,79000,0,user_18,158,158,
838,41,77000,0,user_17,158,158,
840,42,77000,0,user_18,158,158,
829,43,73000,0,user_7,158,158,
907,0,43000000,0,user_19,159,159,
887,1,2100000,7190000,user_0,159,159,
931,2,0,0,validator_4,100,159,887
923,3,6300000,0,user_39,159,159,
905,4,3200000,67500,user_17,159,159,
932,5,0,0,validator_4,100,159,905
903,6,2400000,0,user_15,159,159,
888,7,2100001,0,user_1,159,159,887
889,8,2100001,0,user_2,159,159,887
890,9,2099999,0,user_2,159,159,887
917,10,2000000,0,user_35,159,159,
918,11,2000000,0,user_35,159,159,
921,12,1900000,0,user_37,159,159,
911,13,1800000,0,user_24,159,159,
920,14,1800000,0,user_35,159,159,
927,15,1800000,0,user_41,159,159,
930,16,1800000,0,user_48,159,159,
926,17,1600000,0,user_41,159,159,
902,18,1000000,0,user_15,159,159,
900,19,910000,0,user_10,159,159,
919,20,670000,0,user_35,159,159,
901,21,630000,0,user_14,159,159,
933,22,0,0,validator_4,100,159,912
912,23,470000,23500,user_25,159,159,
925,24,460000,0,user_41,159,159,
908,25,420000,0,user_20,159,159,
892,26,370000,0,user_4,159,159,
893,27,350000,0,user_5,159,159,
929,28,350000,0,user_46,159,159,
897,29,340000,0,user_8,159,159,
898,30,320000,0,user_9,159,159,
914,31,84000,155000,user_29,159,159,
934,32,0,0,validator_4,100,159,914
935,33,0,0,validator_4,100,159,915
915,34,160000,68100,user_33,159,159,
906,35,220000,0,user_18,159,159,
910,36,150000,0,user_23,159,159,
924,37,130000,0,user_40,159,159,
904,38,120000,0,user_16,159,159,
909,39,120000,0,user_22,159,159,
916,40,120000,0,user_33,159,159,
899,41,110000,0,user_9,159,159,
928,42,79000,7840,user_45,159,159,
936,43,0,0,validator_4,100,159,928
894,44,80000,0,user_5,159,159,
913,45,79000,0,user_27,159,159,
986,0,30000000,0,user_41,160,160,
976,1,27000000,35600,user_32,160,160,
996,2,0,0,validator_11,100,160,976
995,3,27000000,0,user_49,160,160,
991,4,6100000,0,user_44,160,160,
971,5,4500000,0,user_30,160,160,
997,6,0,0,validator_11,100,160,970
970,7,4200000,15700,user_30,160,160,
941,8,3600000,0,user_5,160,160,
992,9,3200000,0,user_46,160,160,
955,10,2600000,0,user_15,160,160,
952,11,2500000,0,user_12,160,160,
943,12,2000000,0,user_5,160,160,
993,13,2000000,0,user_47,160,160,
945,14,1800000,0,user_6,160,160,
950,15,1500000,0,user_11,160,160,
942,16,1400000,0,user_5,160,160,
987,17,1300000,0,user_41,160,160,
998,18,0,0,validator_11,100,160,979
979,19,1100000,15700,user_33,160,160,
940,20,1000000,0,user_5,160,160,
966,21,970000,0,user_25,160,160,
938,22,350000,545000,user_2,160,160,
999,23,0,0,validator_11,100,160,938
954,24,310000,510000,user_14,160,160,
1000,25,0,0,validator_11,100,160,954
973,26,660000,0,user_30,160,160,
1001,27,0,0,validator_11,100,160,965
965,28,360000,195000,user_25,160,160,
974,29,460000,0,user_30,160,160,
967,30,370000,68100,user_26,160,160,
1002,31,0,0,validator_11,100,160,967
1003,32,0,0,validator_11,100,160,977
977,33,420000,13900,user_32,160,160,
990,34,420000,0,user_44,160,160,
959,35,360000,0,user_19,160,160,
960,36,360000,0,user_22,160,160,
962,37,350000,0,user_24,160,160,
964,38,350000,0,user_24,160,160,
956,39,340000,0,user_16,160,160,
948,40,310000,0,user_8,160,160,
975,41,300000,0,user_31,160,160,
944,42,260000,0,user_6,160,160,
957,43,260000,0,user_17,160,160,
968,44,260000,0,user_26,160,160,
969,45,260000,0,user_29,160,160,
984,46,260000,0,user_39,160,160,
961,47,220000,0,user_24,160,160,
963,48,120000,71800,user_24,160,160,
1004,49,0,0,validator_11,100,160,963
980,50,170000,0,user_34,160,160,
983,51,170000,0,user_38,160,160,
1005,52,0,0,validator_11,100,160,978
978,53,98000,67900,user_32,160,160,
949,54,160000,0,user_8,160,160,
972,55,150000,0,user_30,160,160,
988,56,150000,0,user_41,160,160,
994,57,120000,0,user_48,160,160,
982,58,98000,0,user_38,160,160,
958,59,87000,0,user_17,160,160,
989,60,84000,0,user_43,160,160,
981,61,82000,0,user_35,160,160,
937,62,80000,0,user_1,160,160,
951,63,80000,0,user_12,160,160,
939,64,79000,0,user_3,160,160,
1039,0,43000000,0,user_28,161,161,
1046,1,5200000,0,user_36,161,161,
1013,2,2600000,0,user_7,161,161,
1020,3,2600000,24700,user_9,161,161,
1040,4,2600000,231000,user_28,161,161,
1016,5,2500000,0,user_8,161,161,
1043,6,2500000,0,user_30,161,161,
1052,7,2300000,14200,user_43,161,161,
1032,8,2000000,283000,user_20,161,161,
1058,9,2000000,0,user_49,161,161,
1021,10,1900000,0,user_9,161,161,
1033,11,1900000,0,user_21,161,161,
1018,12,1700000,0,user_8,161,161,
1022,13,1500000,231000,user_10,161,161,
1027,14,1500000,0,user_17,161,161,
1037,15,1500000,0,user_26,161,161,
1047,16,1300000,0,user_37,161,161,
1014,17,1000000,0,user_7,161,161,
1007,18,910001,0,user_0,161,161,1006
1008,19,910001,0,user_0,161,161,1006
1006,20,910000,35600,user_0,161,161,
1009,21,909999,0,user_1,161,161,1006
1011,22,870000,0,user_4,161,161,
1034,23,870000,0,user_21,161,161,
1042,24,870000,0,user_29,161,161,
1024,25,650000,0,user_14,161,161,
1038,26,360000,0,user_27,161,161,
1050,27,360000,0,user_41,161,161,
1025,28,350000,0,user_14,161,161,
1031,29,320000,0,user_20,161,161,
1048,30,320000,959000,user_39,161,161,
1041,31,300000,71800,user_29,161,161,
1012,32,220000,0,user_5,161,161,
1029,33,170000,0,user_17,161,161,
1015,34,160000,0,user_8,161,161,
1026,35,160000,0,user_16,161,161,
1028,36,160000,0,user_17,161,161,
1010,37,110000,0,user_3,161,161,
1036,38,79000,0,user_25,161,161,
1019,39,77000,0,user_8,161,161,
1017,40,73000,0,user_8,161,161,
1061,0,19000000,0,user_2,162,162,
1065,1,5200000,0,user_7,162,162,
1111,2,0,0,validator_9,100,162,1070
1070,3,300000,4320000,user_10,162,162,
1100,4,4500000,0,user_40,162,162,
1074,5,2300000,12300,user_12,162,162,
1112,6,0,0,validator_9,100,162,1074
1087,7,1800000,0,user_28,162,162,
1110,8,1600000,0,user_49,162,162,
1062,9,1500000,0,user_3,162,162,
1080,10,1500000,0,user_21,162,162,
1108,11,360000,1100000,user_47,162,162,
1113,12,0,0,validator_9,100,162,1108
1079,13,310000,959000,user_21,162,162,
1114,14,0,0,validator_9,100,162,1079
1066,15,1100000,0,user_7,162,162,
1089,16,1100000,0,user_30,162,162,
1115,17,0,0,validator_9,100,162,1086
1086,18,320000,231000,user_28,162,162,
1116,19,0,0,validator_9,100,162,1067
1067,20,150000,296000,user_8,162,162,
1091,21,420000,0,user_32,162,162,
1064,22,360000,36800,user_6,162,162,
1117,23,0,0,validator_9,100,162,1064
1084,24,370000,0,user_23,162,162,
1102,25,370000,0,user_43,162,162,
1082,26,360000,0,user_21,162,162,
1101,27,360000,0,user_41,162,162,
1076,28,350000,0,user_18,162,162,
1072,29,320000,0,user_11,162,162,
1098,30,310000,0,user_38,162,162,
1078,31,220000,68100,user_21,162,162,
1118,32,0,0,validator_9,100,162,1078
1094,33,220000,0,user_35,162,162,
1088,34,170000,0,user_29,162,162,
1106,35,170000,0,user_46,162,162,
1059,36,150000,0,user_0,162,162,
1069,37,150000,0,user_10,162,162,
1081,38,150000,0,user_21,162,162,
1090,39,150000,0,user_31,162,162,
1107,40,79000,46500,user_46,162,162,
1119,41,0,0,validator_9,100,162,1107
1073,42,120000,0,user_12,162,162,
1109,43,120000,0,user_49,162,162,
1071,44,110000,0,user_10,162,162,
1099,45,110000,0,user_39,162,162,
1103,46,85000,0,user_43,162,162,
1105,47,85000,0,user_45,162,162,
1095,48,84000,0,user_36,162,162,
1151,0,5200000,0,user_26,163,163,
1146,1,5000000,15100,user_19,163,163,
1128,2,4500000,0,user_6,163,163,
1163,3,2600000,0,user_41,163,163,
1169,4,2100000,0,user_49,163,163,
1138,5,2000000,0,user_14,163,163,
1161,6,2000000,0,user_36,163,163,
1122,7,1600001,0,user_2,163,163,1120
1120,8,1600000,1100000,user_0,163,163,
1168,9,1600000,0,user_48,163,163,
1121,10,1599999,0,user_1,163,163,1120
1147,11,1500000,4320000,user_20,163,163,
1154,12,1400000,8520,user_30,163,163,
1144,13,1100000,0,user_17,163,163,
1131,14,1000000,0,user_10,163,163,
1153,15,1000000,0,user_29,163,163,
1125,16,910000,0,user_4,163,163,
1137,17,910000,0,user_14,163,163,
1160,18,910000,0,user_35,163,163,
1139,19,670000,16400,user_14,163,163,
1132,20,660000,0,user_10,163,163,
1159,21,470000,46500,user_35,163,163,
1126,22,460000,0,user_5,163,163,
1127,23,340000,75000,user_6,163,163,
1152,24,320000,0,user_28,163,163,
1150,25,310000,0,user_25,163,163,
1123,26,300000,0,user_3,163,163,
1156,27,170000,0,user_32,163,163,
1129,28,160000,0,user_8,163,163,
1140,29,150000,0,user_14,163,163,
1142,30,120000,68100,user_17,163,163,
1141,31,110000,0,user_14,163,163,
1143,32,110000,779000,user_17,163,163,
1148,33,110000,0,user_21,163,163,
1164,34,110000,0,user_41,163,163,
1130,35,83000,0,user_9,163,163,
1124,36,79000,0,user_3,163,163,
1184,0,43000000,0,user_11,164,164,
1238,1,0,0,validator_0,100,164,1219
1219,2,160000,17700000,user_33,164,164,
1236,3,5200000,0,user_47,164,164,
1179,4,4500000,0,user_8,164,164,
1185,5,4200000,0,user_12,164,164,
1171,6,2100001,0,user_2,164,164,1170
1233,7,2100000,0,user_43,164,164,
1213,8,2000000,0,user_29,164,164,
1183,9,1900000,0,user_11,164,164,
1196,10,1600000,0,user_18,164,164,
1232,11,1600000,0,user_43,164,164,
1239,12,0,0,validator_0,100,164,1223
1223,13,1500000,75000,user_35,164,164,
1172,14,1500000,0,user_3,164,164,
1177,15,1500000,0,user_5,164,164,
1240,16,0,0,validator_0,100,164,1230
1230,17,1400000,71800,user_42,164,164,
1199,18,160000,1100000,user_19,164,164,
1241,19,0,0,validator_0,100,164,1199
1242,20,0,0,validator_0,100,164,1186
1186,21,120000,1100000,user_13,164,164,
1180,22,1200000,0,user_8,164,164,
1198,23,150000,959000,user_19,164,164,
1243,24,0,0,validator_0,100,164,1198
1197,25,1000000,0,user_19,164,164,
1200,26,1000000,0,user_19,164,164,
1191,27,670000,0,user_17,164,164,
1244,28,0,0,validator_0,100,164,1221
1221,29,650000,17000,user_33,164,164,
1205,30,660000,0,user_22,164,164,
1176,31,630000,0,user_5,164,164,
1174,32,220000,350000,user_5,164,164,
1245,33,0,0,validator_0,100,164,1174
1207,34,530000,0,user_24,164,164,
1216,35,460000,0,user_32,164,164,
1218,36,460000,0,user_33,164,164,
1175,37,420000,0,user_5,164,164,
1228,38,420000,0,user_40,164,164,
1202,39,350000,0,user_20,164,164,
1217,40,340000,0,user_33,164,164,
1211,41,300000,16400,user_27,164,164,
1246,42,0,0,validator_0,100,164,1211
1225,43,240000,0,user_37,164,164,
1234,44,220000,0,user_44,164,164,
1215,45,170000,0,user_32,164,164,
1178,46,160000,0,user_6,164,164,
1224,47,150000,0,user_37,164,164,
1226,48,150000,0,user_38,164,164,
1189,49,98000,32900,user_15,164,164,
1247,50,0,0,validator_0,100,164,1189
1194,51,120000,0,user_18,164,164,
1201,52,120000,0,user_19,164,164,
1204,53,120000,0,user_22,164,164,
1188,54,110000,0,user_15,164,164,
1195,55,110000,0,user_18,164,164,
1248,56,0,0,validator_0,100,164,1193
1193,57,70000,35100,user_18,164,164,
1206,58,100000,0,user_23,164,164,
1249,59,0,0,validator_0,100,164,1181
1181,60,73000,16400,user_9,164,164,
1187,61,84000,0,user_15,164,164,
1192,62,84000,0,user_18,164,164,
1231,63,82000,0,user_43,164,164,
1237,64,77000,0,user_48,164,164,
1190,65,73000,0,user_15,164,164,
1220,66,73000,0,user_33,164,164,
1292,0,19000000,0,user_40,165,165,
1299,1,19000000,0,user_44,165,165,
1290,2,4500000,0,user_39,165,165,
1282,3,3500000,0,user_29,165,165,
1291,4,2600000,0,user_39,165,165,
1254,5,1600000,0,user_6,165,165,
1289,6,1500000,24700,user_38,165,165,
1304,7,0,0,validator_2,100,165,1289
1277,8,1400000,0,user_23,165,165,
1285,9,530000,0,user_33,165,165,
1302,10,530000,0,user_48,165,165,
1305,11,0,0,validator_2,100,165,1279
1279,12,160000,369000,user_27,165,165,
1306,13,0,0,validator_2,100,165,1273
1273,14,220000,285000,user_22,165,165,
1255,15,470000,0,user_7,165,165,
1258,16,470000,0,user_11,165,165,
1274,17,470000,0,user_22,165,165,
1260,18,420000,0,user_12,165,165,
1261,19,420000,0,user_12,165,165,
1300,20,420000,0,user_46,165,165,
1307,21,0,0,validator_2,100,165,1269
1269,22,370000,11200,user_18,165,165,
1272,23,360000,0,user_21,165,165,
1265,24,310000,0,user_16,165,165,
1268,25,310000,0,user_17,165,165,
1280,26,310000,0,user_28,165,165,
1281,27,310000,0,user_29,165,165,
1257,28,300000,0,user_9,165,165,
1271,29,160000,139000,user_20,165,165,
1308,30,0,0,validator_2,100,165,1271
1253,31,260000,0,user_4,165,165,
1267,32,220000,0,user_16,165,165,
1283,33,220000,0,user_30,165,165,
1284,34,220000,0,user_32,165,165,
1293,35,190000,0,user_42,165,165,
1276,36,170000,0,user_23,165,165,
1278,37,160000,0,user_23,165,165,
1275,38,110000,10700,user_23,165,165,
1309,39,0,0,validator_2,100,165,1275
1266,40,120000,0,user_16,165,165,
1259,41,110000,0,user_12,165,165,
1303,42,110000,0,user_49,165,165,
1270,43,98000,0,user_20,165,165,
1288,44,79000,0,user_38,165,165,
1301,45,70000,0,user_48,165,165,
1342,0,30000000,0,user_29,166,166,
1326,1,6300000,0,user_13,166,166,
1350,2,6300000,0,user_35,166,166,
1347,3,6100000,0,user_32,166,166,
1364,4,5000000,381000,user_47,166,166,
1367,5,0,0,validator_8,100,166,1364
1328,6,5200000,0,user_13,166,166,
1330,7,4500000,13900,user_14,166,166,
1368,8,0,0,validator_8,100,166,1330
1343,9,4500000,0,user_29,166,166,
1316,10,4200000,0,user_4,166,166,
1329,11,2600000,0,user_13,166,166,
1361,12,2600000,0,user_44,166,166,
1346,13,1500000,381000,user_32,166,166,
1369,14,0,0,validator_8,100,166,1346
1349,15,1800000,0,user_32,166,166,
1366,16,1600000,0,user_49,166,166,
1317,17,1500000,0,user_5,166,166,
1334,18,1500000,0,user_18,166,166,
1348,19,1000000,0,user_32,166,166,
1310,20,910000,0,user_0,166,166,
1322,21,910000,0,user_9,166,166,
1345,22,910000,0,user_31,166,166,
1365,23,650000,0,user_48,166,166,
1318,24,460000,0,user_5,166,166,
1331,25,460000,0,user_15,166,166,
1339,26,420000,0,user_25,166,166,
1311,27,350000,0,user_0,166,166,
1321,28,300000,0,user_7,166,166,
1312,29,150000,75000,user_1,166,166,
1370,30,0,0,validator_8,100,166,1312
1340,31,170000,0,user_26,166,166,
1344,32,170000,0,user_31,166,166,
1335,33,160000,0,user_21,166,166,
1338,34,160000,0,user_24,166,166,
1341,35,160000,0,user_28,166,166,
1327,36,77000,56200,user_13,166,166,
1371,37,0,0,validator_8,100,166,1327
1337,38,120000,0,user_24,166,166,
1359,39,120000,0,user_41,166,166,
1325,40,87000,15700,user_13,166,166,
1372,41,0,0,validator_8,100,166,1325
1336,42,84000,0,user_23,166,166,
1351,43,77000,0,user_35,166,166,
1398,0,30000000,0,user_31,167,167,
1411,1,27000000,0,user_43,167,167,
1409,2,6300000,23500,user_40,167,167,
1390,3,5200000,0,user_25,167,167,
1382,4,4200000,0,user_16,167,167,
1408,5,3200000,0,user_39,167,167,
1378,6,2600000,0,user_7,167,167,
1383,7,2500000,13900,user_18,167,167,
1396,8,2500000,0,user_31,167,167,
1381,9,2400000,35600,user_14,167,167,
1404,10,2100000,4320000,user_36,167,167,
1402,11,2000000,0,user_34,167,167,
1388,12,1800000,0,user_23,167,167,
1401,13,1500000,0,user_33,167,167,
1405,14,1300000,0,user_37,167,167,
1413,15,1200000,0,user_45,167,167,
1376,16,1100000,0,user_7,167,167,
1394,17,1000000,0,user_29,167,167,
1410,18,1000000,0,user_41,167,167,
1384,19,970000,0,user_19,167,167,
1393,20,910000,0,user_28,167,167,
1412,21,660000,0,user_44,167,167,
1397,22,630000,0,user_31,167,167,
1387,23,460000,0,user_21,167,167,
1395,24,420000,0,user_30,167,167,
1406,25,420000,0,user_38,167,167,
1385,26,340000,0,user_20,167,167,
1391,27,320000,0,user_26,167,167,
1407,28,320000,0,user_39,167,167,
1414,29,300000,0,user_46,167,167,
1374,30,260000,0,user_3,167,167,
1403,31,240000,0,user_35,167,167,
1375,32,220000,0,user_5,167,167,
1377,33,170000,0,user_7,167,167,
1379,34,170000,36800,user_9,167,167,
1415,35,150000,0,user_47,167,167,
1386,36,98000,0,user_20,167,167,
1416,37,87000,0,user_48,167,167,
1399,38,84000,0,user_31,167,167,
1446,0,27000000,64600,user_21,168,168,
1475,1,0,0,validator_9,100,168,1446
1467,2,27000000,0,user_45,168,168,
1427,3,5000000,0,user_11,168,168,
1471,4,5000000,0,user_49,168,168,
1434,5,4200000,0,user_16,168,168,
1449,6,3500000,0,user_23,168,168,
1451,7,2500000,0,user_24,168,168,
1460,8,2500000,0,user_34,168,168,
1429,9,2400000,0,user_13,168,168,
1447,10,2400000,0,user_21,168,168,
1430,11,2300000,0,user_14,168,168,
1428,12,1900000,0,user_12,168,168,
1465,13,1600000,0,user_41,168,168,
1461,14,1500000,0,user_36,168,168,
1458,15,1100000,0,user_32,168,168,
1421,16,1000000,0,user_3,168,168,
1437,17,870000,0,user_18,168,168,
1436,18,650000,0,user_16,168,168,
1466,19,530000,0,user_43,168,168,
1469,20,530000,0,user_47,168,168,
1419,21,110000,410000,user_0,168,168,
1476,22,0,0,validator_9,100,168,1419
1444,23,460000,0,user_21,168,168,
1477,24,0,0,validator_9,100,168,1450
1450,25,98000,350000,user_23,168,168,
1432,26,420000,0,user_16,168,168,
1456,27,420000,0,user_29,168,168,
1455,28,320000,0,user_28,168,168,
1424,29,260000,0,user_6,168,168,
1464,30,260000,0,user_39,168,168,
1445,31,220000,0,user_21,168,168,
1473,32,220000,0,user_49,168,168,
1474,33,220000,0,user_49,168,168,
1433,34,190000,0,user_16,168,168,
1453,35,110000,67900,user_26,168,168,
1478,36,0,0,validator_9,100,168,1453
1472,37,160000,0,user_49,168,168,
1426,38,150000,0,user_10,168,168,
1435,39,150000,0,user_16,168,168,
1479,40,0,0,validator_9,100,168,1443
1443,41,110000,31700,user_20,168,168,
1480,42,0,0,validator_9,100,168,1462
1462,43,110000,19700,user_36,168,168,
1468,44,120000,0,user_46,168,168,
1463,45,98000,0,user_38,168,168,
1425,46,85000,0,user_7,168,168,
1457,47,85000,0,user_32,168,168,
1527,0,0,0,validator_3,100,169,1485
1485,1,19000000,56200,user_4,169,169,
1516,2,6300000,0,user_38,169,169,
1490,3,5000000,0,user_8,169,169,
1528,4,0,0,validator_3,100,169,1524
1524,5,4200000,35600,user_47,169,169,
1482,6,3600000,0,user_4,169,169,
1502,7,3500000,0,user_22,169,169,
1512,8,3200000,0,user_33,169,169,
1519,9,2000000,0,user_40,169,169,
1522,10,1900000,0,user_42,169,169,
1525,11,1800000,21800,user_47,169,169,
1529,12,0,0,validator_3,100,169,1525
1506,13,1500000,47700,user_28,169,169,
1530,14,0,0,validator_3,100,169,1506
1505,15,1400000,0,user_27,169,169,
1514,16,1300000,0,user_36,169,169,
1488,17,1100000,0,user_6,169,169,
1500,18,1100000,0,user_19,169,169,
1481,19,1000000,0,user_2,169,169,
1520,20,1000000,0,user_40,169,169,
1521,21,870000,0,user_41,169,169,
1489,22,650000,0,user_7,169,169,
1509,23,630000,0,user_31,169,169,
1503,24,600000,0,user_23,169,169,
1483,25,470000,0,user_4,169,169,
1504,26,470000,0,user_25,169,169,
1484,27,460000,0,user_4,169,169,
1492,28,420000,0,user_9,169,169,
1499,29,420000,0,user_17,169,169,
1491,30,370000,0,user_8,169,169,
1487,31,360000,0,user_5,169,169,
1511,32,260000,0,user_33,169,169,
1510,33,240000,0,user_32,169,169,
1495,34,220000,0,user_12,169,169,
1496,35,170000,0,user_13,169,169,
1497,36,150000,0,user_14,169,169,
1507,37,150000,0,user_29,169,169,
1493,38,120000,0,user_10,169,169,
1494,39,120000,0,user_11,169,169,
1498,40,120000,0,user_15,169,169,
1523,41,120000,0,user_46,169,169,
1486,42,110000,0,user_4,169,169,
1531,43,0,0,validator_3,100,169,1517
1517,44,79000,24700,user_38,169,169,
1513,45,79000,0,user_34,169,169,
1515,46,70000,0,user_37,169,169,
1560,0,5000000,0,user_37,170,170,
1539,1,4200000,68100,user_9,170,170,
1543,2,3600000,0,user_10,170,170,
1571,3,2500000,0,user_49,170,170,
1532,4,2300000,0,user_1,170,170,
1554,5,1900000,0,user_25,170,170,
1545,6,1800000,0,user_10,170,170,
1535,7,1600000,0,user_3,170,170,
1534,8,1500000,0,user_2,170,170,
1551,9,1500000,0,user_20,170,170,
1559,10,1300000,0,user_34,170,170,
1533,11,1100000,0,user_2,170,170,
1538,12,970000,0,user_7,170,170,
1540,13,670000,0,user_9,170,170,
1541,14,630000,283000,user_10,170,170,
1536,15,460000,0,user_5,170,170,
1550,16,460000,0,user_19,170,170,
1573,17,420000,0,user_49,170,170,
1556,18,260000,75000,user_28,170,170,
1555,19,220000,0,user_26,170,170,
1548,20,190000,0,user_16,170,170,
1564,21,170000,0,user_43,170,170,
1542,22,150000,0,user_10,170,170,
1552,23,150000,0,user_23,170,170,
1544,24,110000,0,user_10,170,170,
1549,25,110000,369000,user_17,170,170,
1574,26,110000,0,user_49,170,170,
1547,27,83000,0,user_16,170,170,
1537,28,82000,0,user_6,170,170,
1557,29,80000,121000,user_30,170,170,
1572,30,77000,0,user_49,170,170,
1600,0,19000000,0,user_25,171,171,
1606,1,19000000,0,user_33,171,171,
1620,2,0,0,validator_4,100,171,1581
1581,3,3200000,30200,user_6,171,171,
1604,4,2500000,0,user_30,171,171,
1593,5,2400000,0,user_15,171,171,
1575,6,2100000,0,user_0,171,171,
1621,7,0,0,validator_4,100,171,1614
1614,8,1800000,15100,user_40,171,171,
1607,9,1500000,34700,user_35,171,171,
1622,10,0,0,validator_4,100,171,1607
1623,11,0,0,validator_4,100,171,1583
1583,12,1400000,33100,user_9,171,171,
1595,13,1200000,0,user_23,171,171,
1612,14,1100000,0,user_39,171,171,
1624,15,0,0,validator_4,100,171,1584
1584,16,1000000,84800,user_10,171,171,
1601,17,910000,0,user_25,171,171,
1625,18,0,0,validator_4,100,171,1598
1598,19,84000,769000,user_23,171,171,
1617,20,670000,0,user_43,171,171,
1613,21,660000,0,user_39,171,171,
1596,22,470000,0,user_23,171,171,
1618,23,420000,0,user_46,171,171,
1619,24,300000,0,user_47,171,171,
1611,25,240000,0,user_39,171,171,
1579,26,170000,0,user_4,171,171,
1597,27,170000,0,user_23,171,171,
1580,28,160000,0,user_4,171,171,
1592,29,150000,0,user_13,171,171,
1608,30,130000,0,user_35,171,171,
1626,31,0,0,validator_4,100,171,1576
1576,32,120000,5180,user_2,171,171,
1578,33,120001,0,user_2,171,171,1576
1577,34,119999,0,user_2,171,171,1576
1594,35,110000,0,user_19,171,171,
1602,36,110000,0,user_27,171,171,
1615,37,100000,0,user_41,171,171,
1603,38,98000,0,user_29,171,171,
1627,39,0,0,validator_4,100,171,1599
1599,40,77000,14200,user_24,171,171,
1616,41,73000,0,user_42,171,171,
1679,0,43000000,0,user_45,172,172,
1636,1,6300000,33100,user_7,172,172,
1689,2,0,0,validator_1,100,172,1636
1690,3,0,0,validator_1,100,172,1677
1677,4,5000000,410000,user_43,172,172,
1687,5,3600000,16400,user_48,172,172,
1691,6,0,0,validator_1,100,172,1687
1688,7,2600000,769000,user_48,172,172,
1692,8,0,0,validator_1,100,172,1688
1647,9,3200000,0,user_20,172,172,
1649,10,3200000,0,user_21,172,172,
1682,11,2400000,0,user_45,172,172,
1637,12,2000000,0,user_8,172,172,
1684,13,2000000,0,user_46,172,172,
1658,14,1000000,322000,user_25,172,172,
1693,15,0,0,validator_1,100,172,1658
1680,16,1100000,0,user_45,172,172,
1673,17,1000000,49100,user_40,172,172,
1694,18,0,0,validator_1,100,172,1673
1629,19,1000000,0,user_1,172,172,
1662,20,1000000,0,user_28,172,172,
1646,21,870000,0,user_20,172,172,
1663,22,870000,0,user_29,172,172,
1671,23,120000,594000,user_38,172,172,
1695,24,0,0,validator_1,100,172,1671
1686,25,660000,42000,user_48,172,172,
1696,26,0,0,validator_1,100,172,1686
1655,27,600000,0,user_25,172,172,
1697,28,0,0,validator_1,100,172,1644
1644,29,220000,256000,user_18,172,172,
1681,30,470000,0,user_45,172,172,
1650,31,370000,0,user_21,172,172,
1664,32,320000,0,user_30,172,172,
1669,33,320000,0,user_36,172,172,
1674,34,260000,0,user_41,172,172,
1643,35,240000,0,user_18,172,172,
1628,36,220000,0,user_0,172,172,
1645,37,220000,0,user_19,172,172,
1656,38,220000,0,user_25,172,172,
1634,39,170000,0,user_5,172,172,
1665,40,170000,0,user_31,172,172,
1683,41,170000,0,user_45,172,172,
1651,42,160000,0,user_21,172,172,
1648,43,110000,42000,user_21,172,172,
1698,44,0,0,validator_1,100,172,1648
1654,45,150000,0,user_24,172,172,
1670,46,70000,68100,user_38,172,172,
1699,47,0,0,validator_1,100,172,1670
1633,48,130000,0,user_5,172,172,
1668,49,130000,0,user_33,172,172,
1657,50,120000,5180,user_25,172,172,
1700,51,0,0,validator_1,100,172,1657
1660,52,120000,0,user_26,172,172,
1676,53,120000,0,user_42,172,172,
1701,54,0,0,validator_1,100,172,1667
1667,55,85000,33100,user_33,172,172,
1659,56,110000,0,user_25,172,172,
1666,57,110000,0,user_32,172,172,
1675,58,110000,0,user_41,172,172,
1702,59,0,0,validator_1,100,172,1652
1652,60,100000,5630,user_21,172,172,
1661,61,73000,12300,user_27,172,172,
1703,62,0,0,validator_1,100,172,1661
1638,63,84000,0,user_11,172,172,
1632,64,83000,0,user_4,172,172,
1641,65,83000,0,user_16,172,172,
1672,66,77000,0,user_39,172,172,
1685,67,70000,0,user_47,172,172,
1724,0,19000000,510000,user_22,173,173,
1752,1,0,0,validator_12,100,173,1724
1714,2,5000000,84800,user_11,173,173,
1753,3,0,0,validator_12,100,173,1714
1720,4,310000,4320000,user_19,173,173,
1754,5,0,0,validator_12,100,173,1720
1734,6,3200000,0,user_31,173,173,
1707,7,2300000,0,user_4,173,173,
1726,8,2100000,0,user_24,173,173,
1747,9,1300000,779000,user_46,173,173,
1755,10,0,0,validator_12,100,173,1747
1745,11,2000000,0,user_45,173,173,
1721,12,1900000,0,user_20,173,173,
1723,13,1600000,0,user_22,173,173,
1732,14,1600000,0,user_29,173,173,
1727,15,1500000,0,user_25,173,173,
1744,16,1200000,0,user_44,173,173,
1725,17,870000,128000,user_23,173,173,
1756,18,0,0,validator_12,100,173,1725
1731,19,150000,779000,user_28,173,173,
1757,20,0,0,validator_12,100,173,1731
1758,21,0,0,validator_12,100,173,1740
1740,22,370000,35100,user_37,173,173,
1742,23,370000,0,user_39,173,173,
1750,24,370000,0,user_48,173,173,
1713,25,360000,0,user_11,173,173,
1739,26,350000,0,user_32,173,173,
1738,27,310000,0,user_32,173,173,
1746,28,310000,0,user_45,173,173,
1736,29,300000,0,user_31,173,173,
1716,30,260000,0,user_12,173,173,
1733,31,260000,0,user_30,173,173,
1717,32,220000,0,user_17,173,173,
1706,33,190000,0,user_3,173,173,
1735,34,190000,0,user_31,173,173,
1711,35,150000,35600,user_7,173,173,
1759,36,0,0,validator_12,100,173,1711
1719,37,170000,0,user_19,173,173,
1760,38,0,0,validator_12,100,173,1730
1730,39,73000,46500,user_27,173,173,
1751,40,85000,0,user_48,173,173,
1737,41,79000,0,user_32,173,173,
1715,42,77000,0,user_12,173,173,
1765,0,43000000,0,user_4,174,174,
1798,1,43000000,0,user_28,174,174,
1808,2,27000000,0,user_34,174,174,
1827,3,0,0,validator_12,100,174,1771
1771,4,4200000,15700,user_7,174,174,
1794,5,3600000,0,user_23,174,174,
1783,6,3200000,0,user_15,174,174,
1828,7,0,0,validator_12,100,174,1818
1818,8,2600000,231000,user_43,174,174,
1801,9,2000000,15300,user_31,174,174,
1829,10,0,0,validator_12,100,174,1801
1785,11,2000000,0,user_17,174,174,
1784,12,1900000,0,user_16,174,174,
1830,13,0,0,validator_12,100,174,1800
1800,14,1600000,47700,user_30,174,174,
1793,15,1500000,66100,user_22,174,174,
1831,16,0,0,validator_12,100,174,1793
1832,17,0,0,validator_12,100,174,1774
1774,18,1500000,15700,user_12,174,174,
1822,19,1500000,0,user_46,174,174,
1772,20,1400000,0,user_7,174,174,
1787,21,1400000,0,user_19,174,174,
1821,22,1400000,0,user_46,174,174,
1781,23,1300000,33100,user_15,174,174,
1833,24,0,0,validator_12,100,174,1781
1763,25,1000000,0,user_2,174,174,
1779,26,1000000,0,user_13,174,174,
1812,27,970000,0,user_39,174,174,
1809,28,870000,0,user_35,174,174,
1762,29,670000,0,user_1,174,174,
1773,30,630000,0,user_9,174,174,
1834,31,0,0,validator_12,100,174,1775
1775,32,77000,545000,user_13,174,174,
1835,33,0,0,validator_12,100,174,1803
1803,34,150000,322000,user_32,174,174,
1811,35,460000,0,user_36,174,174,
1799,36,420000,0,user_29,174,174,
1764,37,310000,0,user_4,174,174,
1778,38,310000,0,user_13,174,174,
1788,39,310000,0,user_20,174,174,
1795,40,260000,0,user_25,174,174,
1813,41,220000,0,user_40,174,174,
1820,42,190000,0,user_45,174,174,
1789,43,170000,0,user_20,174,174,
1805,44,170000,0,user_32,174,174,
1810,45,170000,0,user_35,174,174,
1777,46,160000,0,user_13,174,174,
1780,47,150000,0,user_15,174,174,
1825,48,150000,0,user_48,174,174,
1804,49,120000,0,user_32,174,174,
1826,50,77000,42000,user_49,174,174,
1836,51,0,0,validator_12,100,174,1826
1819,52,110000,0,user_44,174,174,
1806,53,100000,0,user_33,174,174,
1782,54,85000,0,user_15,174,174,
1776,55,82000,0,user_13,174,174,
1807,56,82000,0,user_33,174,174,
1817,57,80000,0,user_43,174,174,
1802,58,79000,0,user_32,174,174,
1864,0,27000000,0,user_30,175,175,
1843,1,5200000,0,user_10,175,175,
1877,2,4200000,0,user_41,175,175,
1882,3,4200000,0,user_45,175,175,
1852,4,3600000,0,user_18,175,175,
1885,5,0,0,validator_13,100,175,1853
1853,6,2400000,108000,user_19,175,175,
1867,7,2300000,0,user_34,175,175,
1856,8,1700000,0,user_21,175,175,
1886,9,0,0,validator_13,100,175,1839
1839,10,1600000,84800,user_3,175,175,
1859,11,1600000,8520,user_24,175,175,
1887,12,0,0,validator_13,100,175,1859
1862,13,1600000,0,user_28,175,175,
1888,14,0,0,validator_13,100,175,1883
1883,15,1500000,12300,user_46,175,175,
1847,16,1500000,0,user_12,175,175,
1870,17,1500000,0,user_36,175,175,
1884,18,1400000,0,user_49,175,175,
1889,19,0,0,validator_13,100,175,1851
1851,20,600000,769000,user_17,175,175,
1863,21,1300000,0,user_28,175,175,
1869,22,1000000,33300,user_36,175,175,
1890,23,0,0,validator_13,100,175,1869
1872,24,340000,381000,user_36,175,175,
1891,25,0,0,validator_13,100,175,1872
1879,26,110000,594000,user_43,175,175,
1892,27,0,0,validator_13,100,175,1879
1873,28,220000,410000,user_38,175,175,
1893,29,0,0,validator_13,100,175,1873
1894,30,0,0,validator_13,100,175,1880
1880,31,530000,67500,user_43,175,175,
1895,32,0,0,validator_13,100,175,1881
1881,33,360000,155000,user_44,175,175,
1861,34,470000,0,user_27,175,175,
1858,35,350000,0,user_24,175,175,
1849,36,320000,0,user_13,175,175,
1842,37,98000,181000,user_10,175,175,
1896,38,0,0,validator_13,100,175,1842
1865,39,190000,67900,user_31,175,175,
1897,40,0,0,validator_13,100,175,1865
1860,41,220000,0,user_25,175,175,
1846,42,170000,0,user_12,175,175,
1848,43,150000,13800,user_13,175,175,
1898,44,0,0,validator_13,100,175,1848
1850,45,160000,0,user_15,175,175,
1868,46,160000,0,user_34,175,175,
1871,47,150000,0,user_36,175,175,
1866,48,110000,0,user_33,175,175,
1838,49,79000,0,user_2,175,175,
1874,50,73000,0,user_39,175,175,
1944,0,0,0,validator_7,100,176,1938
1938,1,43000000,108000,user_41,176,176,
1910,2,30000000,0,user_7,176,176,
1902,3,19000000,0,user_3,176,176,
1906,4,6300000,0,user_3,176,176,
1901,5,6100000,0,user_1,176,176,
1933,6,5000000,0,user_34,176,176,
1935,7,5000000,0,user_36,176,176,
1940,8,4500000,0,user_44,176,176,
1937,9,4200000,0,user_40,176,176,
1920,10,1900000,779000,user_19,176,176,
1945,11,0,0,validator_7,100,176,1920
1918,12,2600000,0,user_17,176,176,
1900,13,2400000,0,user_0,176,176,
1917,14,1700000,0,user_15,176,176,
1926,15,1700000,0,user_26,176,176,
1930,16,1500000,13900,user_31,176,176,
1946,17,0,0,validator_7,100,176,1930
1905,18,1500000,0,user_3,176,176,
1904,19,1300000,0,user_3,176,176,
1931,20,1300000,0,user_32,176,176,
1947,21,0,0,validator_7,100,176,1925
1925,22,910000,71800,user_25,176,176,
1948,23,0,0,validator_7,100,176,1919
1919,24,910000,12800,user_18,176,176,
1928,25,870000,0,user_28,176,176,
1942,26,310000,410000,user_48,176,176,
1949,27,0,0,validator_7,100,176,1942
1950,28,0,0,validator_7,100,176,1924
1924,29,70000,594000,user_23,176,176,
1941,30,650000,0,user_48,176,176,
1911,31,630000,0,user_9,176,176,
1927,32,460000,12800,user_27,176,176,
1951,33,0,0,validator_7,100,176,1927
1912,34,470000,0,user_10,176,176,
1899,35,340000,0,user_0,176,176,
1903,36,240000,0,user_3,176,176,
1907,37,220000,0,user_5,176,176,
1914,38,130000,0,user_12,176,176,
1936,39,120000,0,user_39,176,176,
1943,40,120000,0,user_48,176,176,
1952,41,0,0,validator_7,100,176,1908
1908,42,110000,5640,user_5,176,176,
1913,43,98000,0,user_12,176,176,
1909,44,87000,0,user_6,176,176,
1939,45,80000,0,user_43,176,176,
1934,46,77000,0,user_36,176,176,
1984,0,43000000,0,user_31,177,177,
1994,1,43000000,0,user_37,177,177,
1972,2,30000000,0,user_22,177,177,
1973,3,30000000,0,user_22,177,177,
1963,4,5200000,0,user_12,177,177,
1982,5,4500000,0,user_30,177,177,
1960,6,4200000,0,user_7,177,177,
1997,7,2300000,0,user_42,177,177,
1974,8,2000000,0,user_22,177,177,
1975,9,1900000,0,user_22,177,177,
1959,10,1400000,0,user_6,177,177,
1955,11,1100000,0,user_3,177,177,
1957,12,1000000,0,user_5,177,177,
1983,13,1000000,0,user_30,177,177,
1999,14,1000000,0,user_44,177,177,
1953,15,670000,0,user_0,177,177,
1970,16,530000,0,user_19,177,177,
1962,17,460000,0,user_11,177,177,
1971,18,460000,0,user_21,177,177,
1986,19,460000,0,user_33,177,177,
2000,20,460000,0,user_45,177,177,
1996,21,360000,0,user_42,177,177,
1992,22,310000,73100,user_36,177,177,
1958,23,260000,0,user_5,177,177,
1991,24,220000,0,user_36,177,177,
2003,25,220000,0,user_47,177,177,
1976,26,170000,0,user_23,177,177,
1969,27,150000,0,user_19,177,177,
2004,28,150000,13900,user_48,177,177,
1956,29,120000,0,user_4,177,177,
1995,30,120000,15700,user_40,177,177,
1954,31,98000,0,user_1,177,177,
1977,32,83000,0,user_24,177,177,
1978,33,83000,0,user_26,177,177,
1980,34,80000,47700,user_28,177,177,
1993,35,70000,0,user_36,177,177,
2047,0,30000000,0,user_39,178,178,
2056,1,30000000,0,user_49,178,178,
2054,2,19000000,0,user_46,178,178,
2016,3,5200000,0,user_9,178,178,
2050,4,4500000,0,user_41,178,178,
2053,5,3600000,0,user_45,178,178,
2036,6,2400000,161000,user_27,178,178,
2057,7,0,0,validator_2,100,178,2036
2046,8,2500000,0,user_39,178,178,
2013,9,2400000,0,user_9,178,178,
2033,10,2400000,0,user_25,178,178,
2014,11,2100000,0,user_9,178,178,
2008,12,1800000,0,user_3,178,178,
2031,13,1800000,0,user_22,178,178,
2009,14,1600000,0,user_5,178,178,
2041,15,1600000,0,user_33,178,178,
2042,16,1600000,0,user_35,178,178,
2058,17,0,0,validator_2,100,178,2051
2051,18,1500000,7840,user_42,178,178,
2026,19,1500000,0,user_16,178,178,
2023,20,1400000,0,user_14,178,178,
2019,21,1000000,0,user_12,178,178,
2020,22,1000000,0,user_12,178,178,
2021,23,870000,0,user_12,178,178,
2059,24,0,0,validator_2,100,178,2040
2040,25,660000,108000,user_31,178,178,
2060,26,0,0,validator_2,100,178,2038
2038,27,110000,510000,user_29,178,178,
2049,28,370000,0,user_40,178,178,
2010,29,320000,0,user_6,178,178,
2045,30,240000,0,user_39,178,178,
2015,31,220000,0,user_9,178,178,
2018,32,170000,0,user_12,178,178,
2027,33,170000,0,user_17,178,178,
2017,34,160000,0,user_11,178,178,
2061,35,0,0,validator_2,100,178,2030
2030,36,120000,33300,user_21,178,178,
2037,37,120000,31700,user_28,178,178,
2062,38,0,0,validator_2,100,178,2037
2044,39,120000,0,user_38,178,178,
2048,40,110000,0,user_39,178,178,
2052,41,110000,0,user_44,178,178,
2032,42,98000,0,user_22,178,178,
2035,43,98000,0,user_26,178,178,
2039,44,87000,0,user_30,178,178,
2034,45,82000,0,user_26,178,178,
2022,46,77000,0,user_12,178,178,
2011,47,73000,0,user_7,178,178,
2100,0,27000000,0,user_41,179,179,
2110,1,0,0,validator_7,100,179,2104
2104,2,1200000,7190000,user_45,179,179,
2080,3,6300000,0,user_19,179,179,
2088,4,5000000,0,user_28,179,179,
2089,5,5000000,0,user_30,179,179,
2109,6,5000000,0,user_49,179,179,
2079,7,2500000,0,user_19,179,179,
2085,8,2000000,0,user_24,179,179,
2111,9,0,0,validator_7,100,179,2074
2074,10,1700000,195000,user_12,179,179,
2070,11,1800000,0,user_8,179,179,
2095,12,1700000,0,user_35,179,179,
2108,13,1600000,0,user_47,179,179,
2086,14,1500000,0,user_25,179,179,
2103,15,1500000,0,user_44,179,179,
2065,16,1400000,0,user_1,179,179,
2107,17,1300000,0,user_45,179,179,
2078,18,1000000,0,user_17,179,179,
2084,19,910000,0,user_23,179,179,
2083,20,670000,0,user_22,179,179,
2092,21,650000,0,user_32,179,179,
2063,22,630000,0,user_0,179,179,
2099,23,600000,0,user_40,179,179,
2094,24,460000,0,user_32,179,179,
2097,25,460000,0,user_37,179,179,
2091,26,340000,0,user_32,179,179,
2102,27,320000,0,user_43,179,179,
2093,28,170000,146000,user_32,179,179,
2112,29,0,0,validator_7,100,179,2093
2098,30,310000,0,user_39,179,179,
2069,31,220000,46500,user_7,179,179,
2113,32,0,0,validator_7,100,179,2069
2066,33,170000,0,user_5,179,179,
2114,34,0,0,validator_7,100,179,2090
2090,35,150000,16400,user_31,179,179,
2068,36,150000,0,user_6,179,179,
2072,37,150000,0,user_10,179,179,
2096,38,150000,0,user_36,179,179,
2067,39,120000,0,user_6,179,179,
2087,40,120000,0,user_26,179,179,
2105,41,120000,0,user_45,179,179,
2106,42,110000,0,user_45,179,179,
2064,43,82000,0,user_0,179,179,
2071,44,77000,0,user_9,179,179,
15,0,19000000,0,user_23,180,180,
33,1,6300000,0,user_38,180,180,
0,2,5000000,15300,user_4,180,180,
5,3,5000000,0,user_12,180,180,
14,4,4200000,369000,user_21,180,180,
7,5,2400000,0,user_14,180,180,
43,6,1600000,0,user_49,180,180,
21,7,1500000,0,user_26,180,180,
6,8,1400000,15700,user_13,180,180,
24,9,1300000,0,user_31,180,180,
2,10,1100000,0,user_6,180,180,
12,11,1100000,0,user_19,180,180,
34,12,370000,0,user_39,180,180,
28,13,320000,0,user_33,180,180,
13,14,310000,0,user_20,180,180,
39,15,220000,0,user_44,180,180,
42,16,220000,0,user_48,180,180,
35,17,150000,16400,user_40,180,180,
41,18,130000,0,user_47,180,180,
1,19,120000,0,user_6,180,180,
3,20,120000,0,user_7,180,180,
31,21,120000,0,user_37,180,180,
32,22,100000,0,user_38,180,180,
4,23,85000,0,user_10,180,180,
29,24,83000,0,user_36,180,180,
38,25,80000,0,user_44,180,180,
30,26,77000,0,user_37,180,180,
22,27,73000,0,user_28,180,180,
46,0,6100000,0,user_3,181,181,
84,1,5000000,0,user_43,181,181,
54,2,3500000,296000,user_16,181,181,
58,3,2400000,0,user_19,181,181,
75,4,2000000,510000,user_32,181,181,
45,5,1500000,0,user_2,181,181,
78,6,1500000,0,user_35,181,181,
79,7,1500000,0,user_35,181,181,
69,8,1400000,0,user_27,181,181,
64,9,1000000,0,user_26,181,181,
65,10,1000000,39400,user_26,181,181,
59,11,970000,0,user_21,181,181,
52,12,870000,0,user_14,181,181,
49,13,530000,0,user_6,181,181,
48,14,460000,0,user_5,181,181,
72,15,460000,0,user_28,181,181,
77,16,460000,0,user_34,181,181,
44,17,420000,0,user_2,181,181,
71,18,420000,0,user_27,181,181,
62,19,360000,0,user_26,181,181,
60,20,320000,0,user_23,181,181,
50,21,260000,410000,user_8,181,181,
51,22,240000,0,user_10,181,181,
74,23,220000,0,user_29,181,181,
80,24,220000,49100,user_38,181,181,
68,25,170000,283000,user_27,181,181,
89,26,160000,0,user_48,181,181,
53,27,150000,0,user_15,181,181,
73,28,150000,0,user_29,181,181,
81,29,150000,0,user_39,181,181,
90,30,120000,0,user_49,181,181,
57,31,110000,0,user_19,181,181,
70,32,85000,0,user_27,181,181,
67,33,82000,0,user_27,181,181,
47,34,79000,0,user_3,181,181,
63,35,73000,139000,user_26,181,181,
66,36,73000,0,user_26,181,181,
55,37,70000,0,user_17,181,181,
126,0,30000000,0,user_26,182,182,
133,1,27000000,49100,user_30,182,182,
152,2,0,0,validator_2,100,182,133
131,3,5200000,0,user_28,182,182,
122,4,5000000,0,user_22,182,182,
153,5,0,0,validator_2,100,182,118
118,6,4500000,33300,user_20,182,182,
102,7,4500000,0,user_12,182,182,
154,8,0,0,validator_2,100,182,108
108,9,2100000,283000,user_16,182,182,
141,10,2100000,0,user_40,182,182,
155,11,0,0,validator_2,100,182,121
121,12,1900000,31700,user_21,182,182,
98,13,1900000,0,user_5,182,182,
142,14,1900000,0,user_40,182,182,
96,15,1800000,84800,user_4,182,182,
156,16,0,0,validator_2,100,182,96
127,17,1400000,350000,user_27,182,182,
157,18,0,0,validator_2,100,182,127
148,19,1400000,0,user_44,182,182,
130,20,1100000,0,user_28,182,182,
158,21,0,0,validator_2,100,182,134
134,22,1000000,17000,user_32,182,182,
151,23,420000,510000,user_48,182,182,
159,24,0,0,validator_2,100,182,151
136,25,660000,0,user_33,182,182,
149,26,660000,0,user_46,182,182,
97,27,600000,0,user_5,182,182,
116,28,600000,0,user_20,182,182,
124,29,600000,0,user_25,182,182,
146,30,530000,67500,user_44,182,182,
160,31,0,0,validator_2,100,182,146
145,32,350000,3130,user_44,182,182,
161,33,0,0,validator_2,100,182,145
110,34,340000,0,user_18,182,182,
135,35,320000,0,user_32,182,182,
129,36,300000,0,user_27,182,182,
132,37,260000,16400,user_29,182,182,
162,38,0,0,validator_2,100,182,132
117,39,260000,0,user_20,182,182,
95,40,220000,0,user_3,182,182,
99,41,220000,0,user_9,182,182,
105,42,220000,0,user_14,182,182,
147,43,220000,0,user_44,182,182,
125,44,150000,67900,user_26,182,182,
163,45,0,0,validator_2,100,182,125
128,46,170000,0,user_27,182,182,
93,47,149999,0,user_2,182,182,91
94,48,149999,0,user_2,182,182,91
164,49,0,0,validator_2,100,182,119
119,50,83000,64600,user_20,182,182,
101,51,110000,0,user_11,182,182,
137,52,100000,0,user_33,182,182,
140,53,100000,0,user_39,182,182,
109,54,87000,0,user_17,182,182,
138,55,79000,5640,user_35,182,182,
165,56,0,0,validator_2,100,182,138
120,57,83000,0,user_20,182,182,
100,58,82000,0,user_10,182,182,
143,59,82000,0,user_42,182,182,
169,0,19000000,0,user_3,183,183,
171,1,5200000,0,user_3,183,183,
207,2,5200000,0,user_38,183,183,
181,3,4500000,0,user_13,183,183,
182,4,3600000,0,user_14,183,183,
177,5,3200000,0,user_9,183,183,
170,6,2500000,23500,user_3,183,183,
204,7,2500000,0,user_37,183,183,
214,8,2500000,0,user_43,183,183,
183,9,2300000,0,user_15,183,183,
217,10,1900000,0,user_45,183,183,
192,11,1700000,0,user_20,183,183,
176,12,1600000,0,user_9,183,183,
186,13,1500000,256000,user_17,183,183,
215,14,1300000,0,user_44,183,183,
188,15,1000000,0,user_19,183,183,
190,16,1000000,11200,user_19,183,183,
191,17,1000000,0,user_19,183,183,
172,18,870000,0,user_3,183,183,
185,19,630000,161000,user_17,183,183,
201,20,630000,0,user_31,183,183,
195,21,530000,0,user_23,183,183,
206,22,460000,0,user_38,183,183,
216,23,420000,0,user_44,183,183,
199,24,350000,0,user_29,183,183,
187,25,260000,0,user_18,183,183,
205,26,260000,0,user_37,183,183,
166,27,240000,0,user_1,183,183,
178,28,190000,19700,user_9,183,183,
193,29,170000,0,user_22,183,183,
200,30,170000,0,user_31,183,183,
194,31,160000,0,user_22,183,183,
168,32,150000,64600,user_3,183,183,
189,33,150000,0,user_19,183,183,
173,34,120000,0,user_4,183,183,
198,35,120000,0,user_29,183,183,
202,36,120000,0,user_34,183,183,
213,37,120000,0,user_41,183,183,
218,38,120000,32900,user_46,183,183,
175,39,98000,0,user_9,183,183,
203,40,87000,0,user_35,183,183,
174,41,83000,0,user_7,183,183,
249,0,43000000,0,user_32,184,184,
258,1,43000000,0,user_41,184,184,
228,2,27000000,12300,user_10,184,184,
266,3,0,0,validator_9,100,184,228
220,4,19000000,0,user_0,184,184,
229,5,2000000,4320000,user_11,184,184,
267,6,0,0,validator_9,100,184,229
253,7,3200000,0,user_35,184,184,
239,8,2600000,17000,user_20,184,184,
268,9,0,0,validator_9,100,184,239
225,10,2500000,0,user_5,184,184,
252,11,2500000,0,user_34,184,184,
227,12,2000000,0,user_10,184,184,
233,13,2000000,0,user_18,184,184,
259,14,1800000,0,user_43,184,184,
262,15,1600000,0,user_46,184,184,
222,16,1300000,0,user_3,184,184,
269,17,0,0,validator_9,100,184,237
237,18,670000,381000,user_20,184,184,
234,19,1000000,0,user_18,184,184,
256,20,870000,0,user_39,184,184,
270,21,0,0,validator_9,100,184,236
236,22,670000,164000,user_20,184,184,
223,23,600000,0,user_3,184,184,
232,24,600000,0,user_16,184,184,
248,25,460000,0,user_31,184,184,
261,26,320000,0,user_45,184,184,
265,27,320000,0,user_49,184,184,
271,28,0,0,validator_9,100,184,245
245,29,83000,231000,user_28,184,184,
238,30,300000,0,user_20,184,184,
242,31,300000,0,user_23,184,184,
255,32,120000,155000,user_38,184,184,
272,33,0,0,validator_9,100,184,255
246,34,240000,0,user_30,184,184,
226,35,170000,0,user_8,184,184,
240,36,170000,0,user_21,184,184,
230,37,150000,0,user_12,184,184,
244,38,150000,0,user_24,184,184,
247,39,110000,0,user_30,184,184,
254,40,100000,0,user_36,184,184,
243,41,77000,0,user_23,184,184,
257,42,73000,0,user_40,184,184,
263,43,73000,0,user_47,184,184,
278,0,27000000,0,user_7,185,185,
284,1,19000000,46500,user_10,185,185,
289,2,5000000,0,user_11,185,185,
311,3,4500000,0,user_36,185,185,
273,4,4200000,0,user_1,185,185,
316,5,2600000,0,user_40,185,185,
291,6,2300000,0,user_14,185,185,
298,7,2000000,164000,user_21,185,185,
324,8,2000000,0,user_49,185,185,
277,9,1700000,43600,user_5,185,185,
281,10,1600000,0,user_8,185,185,
312,11,1200000,0,user_37,185,185,
282,12,1000000,8520,user_8,185,185,
286,13,1000000,100000,user_10,185,185,
304,14,1000000,0,user_28,185,185,
302,15,660000,43600,user_26,185,185,
275,16,630000,0,user_3,185,185,
314,17,530000,0,user_39,185,185,
305,18,460000,0,user_30,185,185,
280,19,420000,0,user_7,185,185,
320,20,370000,0,user_44,185,185,
287,21,360000,0,user_10,185,185,
310,22,360000,0,user_33,185,185,
317,23,360000,0,user_40,185,185,
321,24,360000,0,user_45,185,185,
323,25,340000,60700,user_47,185,185,
276,26,260000,0,user_4,185,185,
300,27,260000,60700,user_24,185,185,
274,28,240000,0,user_3,185,185,
297,29,190000,0,user_20,185,185,
303,30,170000,0,user_26,185,185,
315,31,160000,0,user_39,185,185,
285,32,150000,0,user_10,185,185,
296,33,150000,0,user_19,185,185,
279,34,120000,0,user_7,185,185,
288,35,120000,0,user_11,185,185,
290,36,120000,0,user_12,185,185,
306,37,110000,73100,user_31,185,185,
313,38,110000,0,user_38,185,185,
299,39,98000,0,user_23,185,185,
307,40,77000,0,user_31,185,185,
349,0,43000000,0,user_22,186,186,
339,1,27000000,0,user_10,186,186,
376,2,0,0,validator_5,100,186,347
347,3,6100000,18600,user_19,186,186,
362,4,5000000,0,user_33,186,186,
367,5,3600000,0,user_40,186,186,
351,6,3500000,0,user_23,186,186,
377,7,0,0,validator_5,100,186,326
326,8,2500000,33300,user_1,186,186,
378,9,0,0,validator_5,100,186,364
364,10,2500000,16400,user_37,186,186,
327,11,2500001,0,user_1,186,186,326
328,12,2499999,0,user_2,186,186,326
379,13,0,0,validator_5,100,186,336
336,14,2000000,155000,user_9,186,186,
329,15,2000000,0,user_3,186,186,
331,16,2000000,0,user_6,186,186,
369,17,1700000,0,user_42,186,186,
341,18,1500000,0,user_12,186,186,
355,19,1500000,0,user_28,186,186,
344,20,1400000,0,user_15,186,186,
343,21,1100000,0,user_15,186,186,
373,22,970000,0,user_47,186,186,
325,23,910000,0,user_0,186,186,
338,24,630000,0,user_10,186,186,
371,25,600000,0,user_46,186,186,
380,26,0,0,validator_5,100,186,348
348,27,420000,56200,user_20,186,186,
372,28,460000,0,user_46,186,186,
345,29,370000,0,user_16,186,186,
350,30,370000,0,user_23,186,186,
358,31,350000,0,user_29,186,186,
330,32,320000,0,user_4,186,186,
346,33,310000,0,user_18,186,186,
354,34,310000,0,user_26,186,186,
353,35,220000,0,user_25,186,186,
381,36,0,0,validator_5,100,186,356
356,37,150000,15100,user_28,186,186,
382,38,0,0,validator_5,100,186,360
360,39,150000,13800,user_31,186,186,
352,40,160000,0,user_24,186,186,
340,41,150000,0,user_11,186,186,
366,42,150000,0,user_38,186,186,
337,43,120000,0,user_9,186,186,
357,44,120000,0,user_28,186,186,
365,45,120000,0,user_38,186,186,
368,46,98000,0,user_41,186,186,
375,47,73000,0,user_49,186,186,
383,0,30000000,0,user_0,187,187,
429,1,30000000,0,user_40,187,187,
410,2,27000000,0,user_25,187,187,
412,3,5000000,0,user_26,187,187,
434,4,5000000,0,user_43,187,187,
385,5,4500000,0,user_1,187,187,
404,6,3500000,0,user_20,187,187,
408,7,3500000,0,user_24,187,187,
441,8,0,0,validator_1,100,187,428
428,9,2000000,11200,user_39,187,187,
417,10,1900000,5180,user_31,187,187,
442,11,0,0,validator_1,100,187,417
440,12,1900000,0,user_48,187,187,
432,13,1500000,0,user_43,187,187,
405,14,1100000,0,user_21,187,187,
413,15,970000,0,user_27,187,187,
419,16,970000,0,user_32,187,187,
414,17,870000,0,user_28,187,187,
397,18,660000,0,user_13,187,187,
394,19,630000,24700,user_10,187,187,
443,20,0,0,validator_1,100,187,394
384,21,650000,0,user_0,187,187,
411,22,650000,0,user_26,187,187,
437,23,600000,6390,user_46,187,187,
444,24,0,0,validator_1,100,187,437
407,25,600000,0,user_23,187,187,
392,26,530000,0,user_7,187,187,
418,27,530000,0,user_32,187,187,
421,28,460000,0,user_33,187,187,
435,29,460000,0,user_43,187,187,
402,30,370000,0,user_19,187,187,
424,31,340000,0,user_36,187,187,
438,32,310000,0,user_47,187,187,
439,33,310000,0,user_47,187,187,
391,34,260000,0,user_7,187,187,
431,35,260000,0,user_43,187,187,
409,36,220000,0,user_24,187,187,
416,37,220000,0,user_29,187,187,
403,38,170000,0,user_19,187,187,
430,39,170000,0,user_42,187,187,
422,40,83000,68100,user_34,187,187,
445,41,0,0,validator_1,100,187,422
446,42,0,0,validator_1,100,187,386
386,43,84000,46500,user_1,187,187,
393,44,120000,0,user_9,187,187,
396,45,120000,0,user_11,187,187,
401,46,120000,0,user_18,187,187,
420,47,120000,0,user_32,187,187,
415,48,110000,0,user_28,187,187,
426,49,110000,0,user_38,187,187,
427,50,110000,0,user_39,187,187,
406,51,85000,0,user_23,187,187,
395,52,79000,0,user_11,187,187,
433,53,73000,0,user_43,187,187,
473,0,30000000,0,user_28,188,188,
475,1,2300000,0,user_32,188,188,
458,2,2100000,0,user_14,188,188,
479,3,2000000,5640,user_40,188,188,
491,4,0,0,validator_2,100,188,479
465,5,1700000,12800,user_16,188,188,
492,6,0,0,validator_2,100,188,465
493,7,0,0,validator_2,100,188,480
480,8,1400000,35100,user_41,188,188,
494,9,0,0,validator_2,100,188,484
484,10,87000,1100000,user_42,188,188,
476,11,1100000,0,user_34,188,188,
495,12,0,0,validator_2,100,188,457
457,13,1000000,15700,user_14,188,188,
452,14,1000000,0,user_6,188,188,
482,15,1000000,0,user_41,188,188,
455,16,970000,0,user_11,188,188,
481,17,660000,0,user_41,188,188,
472,18,460000,0,user_20,188,188,
496,19,0,0,validator_2,100,188,466
466,20,220000,181000,user_17,188,188,
450,21,310000,0,user_3,188,188,
490,22,310000,0,user_48,188,188,
474,23,300000,0,user_29,188,188,
489,24,300000,0,user_48,188,188,
488,25,240000,0,user_46,188,188,
497,26,0,0,validator_2,100,188,483
483,27,220000,10700,user_42,188,188,
464,28,120000,43600,user_16,188,188,
498,29,0,0,validator_2,100,188,464
451,30,150000,0,user_5,188,188,
453,31,120000,0,user_7,188,188,
487,32,100000,0,user_45,188,188,
467,33,87000,0,user_18,188,188,
478,34,77000,0,user_38,188,188,
448,35,72999,0,user_2,188,188,447
449,36,72999,0,user_2,188,188,447
516,0,27000000,0,user_17,189,189,
551,1,0,0,validator_0,100,189,550
550,2,320000,7190000,user_49,189,189,
529,3,6300000,0,user_33,189,189,
514,4,5000000,0,user_15,189,189,
510,5,4500000,0,user_11,189,189,
528,6,2500000,0,user_31,189,189,
513,7,2000000,0,user_13,189,189,
519,8,2000000,0,user_22,189,189,
552,9,0,0,validator_0,100,189,517
517,10,1600000,75000,user_18,189,189,
539,11,1600000,0,user_38,189,189,
553,12,0,0,validator_0,100,189,499
499,13,1400000,13900,user_0,189,189,
527,14,1400000,0,user_29,189,189,
530,15,1000000,0,user_33,189,189,
540,16,1000000,0,user_38,189,189,
544,17,1000000,0,user_43,189,189,
511,18,870000,0,user_12,189,189,
546,19,470000,0,user_46,189,189,
554,20,0,0,validator_0,100,189,548
548,21,120000,322000,user_48,189,189,
524,22,420000,0,user_27,189,189,
507,23,120000,195000,user_7,189,189,
555,24,0,0,validator_0,100,189,507
533,25,310000,0,user_35,189,189,
549,26,300000,0,user_48,189,189,
542,27,220000,0,user_40,189,189,
547,28,170000,0,user_48,189,189,
515,29,160000,0,user_16,189,189,
504,30,120000,0,user_5,189,189,
505,31,120000,0,user_5,189,189,
520,32,110000,0,user_24,189,189,
506,33,85000,0,user_6,189,189,
512,34,85000,0,user_13,189,189,
508,35,77000,0,user_9,189,189,
577,0,27000000,0,user_19,190,190,
576,1,19000000,0,user_18,190,190,
599,2,5200000,0,user_41,190,190,
556,3,5000000,0,user_0,190,190,
557,4,5000000,0,user_2,190,190,
573,5,5000000,0,user_16,190,190,
594,6,4500000,71800,user_36,190,190,
608,7,0,0,validator_4,100,190,594
561,8,4500000,0,user_5,190,190,
588,9,3600000,350000,user_33,190,190,
609,10,0,0,validator_4,100,190,588
610,11,0,0,validator_4,100,190,585
585,12,3500000,84800,user_29,190,190,
572,13,2600000,0,user_15,190,190,
574,14,2600000,0,user_17,190,190,
589,15,2100000,0,user_33,190,190,
596,16,2000000,0,user_37,190,190,
603,17,2000000,0,user_44,190,190,
581,18,1500000,0,user_26,190,190,
582,19,1400000,0,user_27,190,190,
592,20,1200000,0,user_33,190,190,
611,21,0,0,validator_4,100,190,605
605,22,370000,769000,user_45,190,190,
601,23,1100000,0,user_42,190,190,
612,24,0,0,validator_4,100,190,597
597,25,1000000,33100,user_39,190,190,
613,26,0,0,validator_4,100,190,606
606,27,660000,8520,user_46,190,190,
614,28,0,0,validator_4,100,190,566
566,29,650000,10700,user_10,190,190,
578,30,630000,0,user_20,190,190,
580,31,600000,0,user_24,190,190,
598,32,470000,0,user_40,190,190,
560,33,350000,0,user_4,190,190,
583,34,340000,0,user_27,190,190,
584,35,340000,0,user_29,190,190,
593,36,340000,0,user_35,190,190,
600,37,220000,0,user_41,190,190,
604,38,220000,0,user_44,190,190,
565,39,190000,0,user_8,190,190,
591,40,190000,0,user_33,190,190,
562,41,170000,0,user_5,190,190,
590,42,170000,0,user_33,190,190,
595,43,170000,0,user_36,190,190,
607,44,170000,0,user_47,190,190,
615,45,0,0,validator_4,100,190,571
571,46,120000,42000,user_15,190,190,
602,47,120000,0,user_43,190,190,
579,48,110000,0,user_23,190,190,
563,49,98000,0,user_6,190,190,
575,50,77000,0,user_18,190,190,
643,0,30000000,0,user_24,191,191,
642,1,27000000,0,user_24,191,191,
628,2,19000000,0,user_11,191,191,
636,3,6300000,0,user_18,191,191,
671,4,5000000,0,user_49,191,191,
654,5,3600000,0,user_31,191,191,
623,6,3200000,0,user_7,191,191,
672,7,3200000,0,user_49,191,191,
655,8,2500000,0,user_31,191,191,
644,9,2400000,0,user_25,191,191,
673,10,2400000,0,user_49,191,191,
651,11,1900000,0,user_28,191,191,
629,12,1800000,0,user_13,191,191,
624,13,1700000,0,user_7,191,191,
616,14,1600000,0,user_0,191,191,
635,15,1600000,0,user_18,191,191,
640,16,1600000,0,user_22,191,191,
627,17,1400000,155000,user_11,191,191,
674,18,0,0,validator_8,100,191,627
633,19,1100000,8520,user_16,191,191,
675,20,0,0,validator_8,100,191,633
618,21,1100000,0,user_1,191,191,
648,22,970000,0,user_26,191,191,
656,23,970000,0,user_31,191,191,
660,24,650000,0,user_35,191,191,
641,25,630000,0,user_23,191,191,
637,26,600000,0,user_18,191,191,
632,27,530000,0,user_16,191,191,
676,28,0,0,validator_8,100,191,650
650,29,470000,12800,user_27,191,191,
653,30,470000,0,user_30,191,191,
677,31,0,0,validator_8,100,191,645
645,32,82000,369000,user_26,191,191,
657,33,240000,195000,user_31,191,191,
678,34,0,0,validator_8,100,191,657
679,35,0,0,validator_8,100,191,638
638,36,310000,121000,user_20,191,191,
669,37,360000,0,user_49,191,191,
668,38,300000,0,user_47,191,191,
639,39,260000,0,user_21,191,191,
663,40,260000,0,user_42,191,191,
630,41,220000,0,user_13,191,191,
647,42,220000,0,user_26,191,191,
652,43,220000,0,user_28,191,191,
658,44,220000,0,user_32,191,191,
664,45,220000,0,user_44,191,191,
670,46,220000,0,user_49,191,191,
649,47,160000,0,user_26,191,191,
646,48,150000,0,user_26,191,191,
621,49,110000,12800,user_4,191,191,
680,50,0,0,validator_8,100,191,621
625,51,120000,0,user_9,191,191,
659,52,110000,0,user_33,191,191,
662,53,100000,0,user_40,191,191,
617,54,77000,0,user_0,191,191,
631,55,77000,0,user_14,191,191,
620,56,73000,0,user_4,191,191,
715,0,30000000,0,user_32,192,192,
706,1,27000000,0,user_24,192,192,
721,2,27000000,0,user_43,192,192,
683,3,5000000,0,user_3,192,192,
729,4,0,0,validator_9,100,192,685
685,5,4200000,67500,user_6,192,192,
686,6,2500000,0,user_7,192,192,
730,7,0,0,validator_9,100,192,688
688,8,2400000,10700,user_10,192,192,
704,9,2400000,0,user_24,192,192,
689,10,2000000,0,user_10,192,192,
719,11,1500000,0,user_41,192,192,
726,12,1500000,0,user_46,192,192,
692,13,1400000,0,user_14,192,192,
697,14,1400000,0,user_20,192,192,
714,15,1400000,0,user_32,192,192,
698,16,1200000,0,user_20,192,192,
720,17,970000,0,user_43,192,192,
700,18,910000,0,user_21,192,192,
711,19,870000,0,user_30,192,192,
713,20,670000,0,user_31,192,192,
724,21,600000,68100,user_45,192,192,
731,22,0,0,validator_9,100,192,724
728,23,630000,0,user_49,192,192,
717,24,600000,0,user_34,192,192,
687,25,420000,0,user_10,192,192,
705,26,300000,108000,user_24,192,192,
732,27,0,0,validator_9,100,192,705
690,28,340000,0,user_13,192,192,
691,29,79000,181000,user_14,192,192,
733,30,0,0,validator_9,100,192,691
727,31,150000,17000,user_47,192,192,
734,32,0,0,validator_9,100,192,727
709,33,160000,0,user_28,192,192,
708,34,150000,0,user_26,192,192,
703,35,130000,0,user_24,192,192,
735,36,0,0,validator_9,100,192,699
699,37,110000,17000,user_20,192,192,
682,38,109999,0,user_2,192,192,681
712,39,98000,0,user_30,192,192,
725,40,83000,0,user_45,192,192,
710,41,82000,0,user_29,192,192,
758,0,27000000,0,user_16,193,193,
788,1,6100000,0,user_48,193,193,
779,2,5000000,19700,user_38,193,193,
790,3,0,0,validator_1,100,193,779
768,4,5000000,0,user_27,193,193,
742,5,4500000,0,user_7,193,193,
765,6,4500000,0,user_25,193,193,
770,7,4500000,0,user_29,193,193,
764,8,2600000,0,user_23,193,193,
753,9,2100000,31700,user_13,193,193,
791,10,0,0,validator_1,100,193,753
743,11,2100000,0,user_7,193,193,
792,12,0,0,validator_1,100,193,744
744,13,1900000,60700,user_7,193,193,
761,14,1900000,0,user_21,193,193,
793,15,0,0,validator_1,100,193,769
769,16,1300000,66100,user_29,193,193,
745,17,1000000,0,user_7,193,193,
757,18,1000000,0,user_16,193,193,
750,19,970000,0,user_11,193,193,
771,20,910000,0,user_29,193,193,
783,21,260000,381000,user_42,193,193,
794,22,0,0,validator_1,100,193,783
756,23,600000,0,user_15,193,193,
751,24,470000,67900,user_11,193,193,
795,25,0,0,validator_1,100,193,751
774,26,470000,0,user_33,193,193,
780,27,460000,0,user_40,193,193,
773,28,370000,0,user_31,193,193,
736,29,260000,0,user_1,193,193,
752,30,220000,0,user_11,193,193,
776,31,170000,0,user_34,193,193,
763,32,160000,0,user_23,193,193,
796,33,0,0,validator_1,100,193,772
772,34,120000,33100,user_30,193,193,
747,35,150000,0,user_8,193,193,
748,36,150000,0,user_10,193,193,
786,37,130000,0,user_47,193,193,
787,38,120000,0,user_47,193,193,
746,39,110000,0,user_7,193,193,
767,40,110000,0,user_26,193,193,
797,41,0,0,validator_1,100,193,762
762,42,79000,19700,user_21,193,193,
781,43,87000,0,user_41,193,193,
782,44,87000,0,user_42,193,193,
759,45,73000,13900,user_18,193,193,
798,46,0,0,validator_1,100,193,759
766,47,84000,0,user_26,193,193,
789,48,84000,0,user_49,193,193,
784,49,83000,0,user_42,193,193,
775,50,80000,0,user_33,193,193,
749,51,73000,0,user_11,193,193,
760,52,73000,0,user_20,193,193,
812,0,19000000,0,user_16,194,194,
818,1,5000000,0,user_20,194,194,
826,2,5000000,0,user_30,194,194,
844,3,3500000,0,user_48,194,194,
799,4,2600000,0,user_3,194,194,
829,5,2600000,0,user_33,194,194,
845,6,1600000,779000,user_49,194,194,
846,7,0,0,validator_8,100,194,845
813,8,1500000,769000,user_18,194,194,
847,9,0,0,validator_8,100,194,813
820,10,2100000,0,user_21,194,194,
809,11,1900000,0,user_12,194,194,
800,12,1700000,0,user_3,194,194,
848,13,0,0,validator_8,100,194,832
832,14,1600000,39400,user_35,194,194,
849,15,0,0,validator_8,100,194,842
842,16,220000,1100000,user_47,194,194,
843,17,1200000,0,user_47,194,194,
821,18,870000,139000,user_22,194,194,
850,19,0,0,validator_8,100,194,821
816,20,1000000,0,user_20,194,194,
810,21,970000,0,user_13,194,194,
819,22,300000,381000,user_20,194,194,
851,23,0,0,validator_8,100,194,819
803,24,660000,0,user_5,194,194,
827,25,660000,0,user_31,194,194,
802,26,600000,0,user_4,194,194,
835,27,470000,0,user_39,194,194,
801,28,320000,0,user_4,194,194,
831,29,320000,0,user_34,194,194,
824,30,310000,0,user_27,194,194,
828,31,310000,0,user_32,194,194,
805,32,260000,0,user_9,194,194,
836,33,260000,0,user_41,194,194,
852,34,0,0,validator_8,100,194,817
817,35,100000,139000,user_20,194,194,
853,36,0,0,validator_8,100,194,815
815,37,150000,35600,user_20,194,194,
811,38,150000,0,user_16,194,194,
830,39,150000,0,user_33,194,194,
823,40,120000,0,user_26,194,194,
806,41,110000,0,user_9,194,194,
822,42,77000,31700,user_23,194,194,
854,43,0,0,validator_8,100,194,822
808,44,84000,0,user_11,194,194,
825,45,84000,0,user_29,194,194,
837,46,73000,0,user_41,194,194,
859,0,30000000,350000,user_5,195,195,
915,1,0,0,validator_2,100,195,859
886,2,19000000,0,user_30,195,195,
916,3,0,0,validator_2,100,195,882
882,4,470000,17700000,user_26,195,195,
917,5,0,0,validator_2,100,195,896
896,6,2100000,7190000,user_35,195,195,
867,7,6300000,0,user_11,195,195,
877,8,5000000,0,user_21,195,195,
878,9,470000,4320000,user_22,195,195,
918,10,0,0,validator_2,100,195,878
864,11,2600000,0,user_9,195,195,
880,12,2500000,19700,user_26,195,195,
919,13,0,0,validator_2,100,195,880
871,14,2400000,0,user_14,195,195,
875,15,2400000,0,user_20,195,195,
920,16,0,0,validator_2,100,195,902
902,17,2000000,71800,user_39,195,195,
901,18,1900000,0,user_39,195,195,
921,19,0,0,validator_2,100,195,893
893,20,1100000,594000,user_34,195,195,
876,21,1600000,0,user_20,195,195,
912,22,1500000,0,user_48,195,195,
922,23,0,0,validator_2,100,195,905
905,24,670000,769000,user_42,195,195,
923,25,0,0,validator_2,100,195,866
866,26,1300000,121000,user_11,195,195,
874,27,1300000,0,user_18,195,195,
883,28,1300000,0,user_27,195,195,
856,29,910000,0,user_3,195,195,
858,30,910000,0,user_5,195,195,
887,31,870000,0,user_30,195,195,
904,32,870000,0,user_41,195,195,
924,33,0,0,validator_2,100,195,865
865,34,530000,181000,user_10,195,195,
888,35,600000,11200,user_31,195,195,
925,36,0,0,validator_2,100,195,888
913,37,460000,0,user_48,195,195,
926,38,0,0,validator_2,100,195,908
908,39,350000,21800,user_44,195,195,
909,40,370000,0,user_45,195,195,
906,41,360000,0,user_42,195,195,
879,42,350000,0,user_26,195,195,
910,43,350000,0,user_46,195,195,
860,44,340000,0,user_6,195,195,
903,45,340000,0,user_40,195,195,
914,46,340000,0,user_49,195,195,
868,47,310000,0,user_11,195,195,
857,48,260000,0,user_4,195,195,
890,49,260000,0,user_33,195,195,
927,50,0,0,validator_2,100,195,885
885,51,240000,17000,user_29,195,195,
884,52,160000,0,user_29,195,195,
895,53,160000,0,user_34,195,195,
861,54,150000,0,user_7,195,195,
900,55,110000,21800,user_38,195,195,
928,56,0,0,validator_2,100,195,900
892,57,110000,3130,user_34,195,195,
929,58,0,0,validator_2,100,195,892
863,59,110000,0,user_9,195,195,
894,60,110000,0,user_34,195,195,
891,61,85000,8520,user_34,195,195,
930,62,0,0,validator_2,100,195,891
869,63,84000,0,user_12,195,195,
881,64,82000,0,user_26,195,195,
889,65,80000,0,user_32,195,195,
907,66,80000,0,user_42,195,195,
911,67,80000,0,user_46,195,195,
934,0,43000000,0,user_5,196,196,
938,1,6300000,0,user_6,196,196,
956,2,6300000,0,user_31,196,196,
951,3,5000000,0,user_27,196,196,
979,4,0,0,validator_5,100,196,933
933,5,4200000,108000,user_4,196,196,
970,6,4200000,0,user_42,196,196,
965,7,3600000,0,user_40,196,196,
935,8,3500000,0,user_5,196,196,
947,9,2600000,15100,user_24,196,196,
980,10,0,0,validator_5,100,196,947
976,11,2500000,0,user_47,196,196,
940,12,2100000,0,user_11,196,196,
967,13,2000000,0,user_40,196,196,
958,14,1900000,0,user_33,196,196,
969,15,1800000,0,user_41,196,196,
953,16,660000,959000,user_28,196,196,
981,17,0,0,validator_5,100,196,953
944,18,1500000,0,user_20,196,196,
948,19,1500000,0,user_25,196,196,
974,20,1500000,0,user_46,196,196,
946,21,1400000,0,user_24,196,196,
966,22,1400000,0,user_40,196,196,
942,23,1300000,0,user_17,196,196,
949,24,1300000,0,user_25,196,196,
964,25,1000000,0,user_40,196,196,
982,26,0,0,validator_5,100,196,962
962,27,350000,545000,user_37,196,196,
943,28,870000,0,user_19,196,196,
983,29,0,0,validator_5,100,196,978
978,30,310000,510000,user_49,196,196,
937,31,310000,0,user_6,196,196,
968,32,260000,0,user_41,196,196,
945,33,170000,0,user_23,196,196,
950,34,170000,0,user_26,196,196,
936,35,160000,0,user_5,196,196,
941,36,150000,0,user_15,196,196,
971,37,150000,0,user_42,196,196,
932,38,120000,0,user_3,196,196,
952,39,120000,0,user_27,196,196,
931,40,82000,0,user_2,196,196,
961,41,80000,0,user_36,196,196,
975,42,80000,0,user_47,196,196,
963,43,79000,0,user_38,196,196,
954,44,77000,0,user_29,196,196,
1047,0,0,0,validator_5,100,197,1018
1018,1,30000000,13900,user_27,197,197,
988,2,30000000,0,user_4,197,197,
1012,3,27000000,0,user_23,197,197,
1002,4,970000,7190000,user_15,197,197,
1048,5,0,0,validator_5,100,197,1002
1030,6,6300000,0,user_35,197,197,
1000,7,4500000,0,user_12,197,197,
1006,8,4500000,0,user_18,197,197,
1019,9,4200000,0,user_27,197,197,
990,10,3600000,0,user_4,197,197,
999,11,3200000,0,user_10,197,197,
1049,12,0,0,validator_5,100,197,1013
1013,13,2500000,231000,user_23,197,197,
1045,14,2600000,0,user_49,197,197,
987,15,2400000,0,user_3,197,197,
1029,16,2400000,0,user_35,197,197,
1050,17,0,0,validator_5,100,197,1034
1034,18,1800000,3130,user_38,197,197,
992,19,1500000,146000,user_6,197,197,
1051,20,0,0,validator_5,100,197,992
1038,21,1500000,0,user_40,197,197,
984,22,1400000,0,user_1,197,197,
1015,23,1400000,0,user_23,197,197,
1017,24,1400000,0,user_26,197,197,
998,25,1100000,8520,user_10,197,197,
1052,26,0,0,validator_5,100,197,998
1046,27,1000000,0,user_49,197,197,
1043,28,870000,0,user_46,197,197,
1053,29,0,0,validator_5,100,197,1039
1039,30,670000,47700,user_41,197,197,
1054,31,0,0,validator_5,100,197,1009
1009,32,650000,16400,user_18,197,197,
1007,33,660000,0,user_18,197,197,
1032,34,630000,0,user_38,197,197,
989,35,530000,0,user_4,197,197,
1014,36,420000,73100,user_23,197,197,
1055,37,0,0,validator_5,100,197,1014
986,38,420000,0,user_2,197,197,
1033,39,370000,0,user_38,197,197,
1023,40,340000,0,user_31,197,197,
1040,41,220000,0,user_42,197,197,
1044,42,220000,0,user_47,197,197,
1004,43,170000,0,user_17,197,197,
1011,44,170000,0,user_23,197,197,
1005,45,130000,0,user_18,197,197,
1010,46,130000,0,user_19,197,197,
991,47,120000,0,user_5,197,197,
1008,48,120000,0,user_18,197,197,
1020,49,120000,0,user_28,197,197,
1016,50,110000,0,user_25,197,197,
1041,51,110000,0,user_44,197,197,
1042,52,110000,0,user_45,197,197,
1003,53,80000,0,user_16,197,197,
1031,54,80000,0,user_37,197,197,
985,55,79000,0,user_1,197,197,
1059,0,43000000,0,user_4,198,198,
1065,1,43000000,0,user_11,198,198,
1092,2,27000000,0,user_30,198,198,
1086,3,19000000,0,user_24,198,198,
1109,4,0,0,validator_11,100,198,1063
1063,5,120000,17700000,user_8,198,198,
1072,6,6100000,0,user_15,198,198,
1097,7,5200000,0,user_38,198,198,
1102,8,300000,4320000,user_41,198,198,
1110,9,0,0,validator_11,100,198,1102
1088,10,3500000,0,user_26,198,198,
1061,11,3200000,0,user_6,198,198,
1084,12,2400000,0,user_23,198,198,
1111,13,0,0,validator_11,100,198,1106
1106,14,2300000,12300,user_43,198,198,
1074,15,2000000,0,user_17,198,198,
1075,16,2000000,0,user_18,198,198,
1081,17,1300000,0,user_21,198,198,
1112,18,0,0,validator_11,100,198,1076
1076,19,1200000,46500,user_19,198,198,
1060,20,1100000,0,user_5,198,198,
1093,21,1100000,0,user_31,198,198,
1098,22,1100000,0,user_38,198,198,
1113,23,0,0,validator_11,100,198,1083
1083,24,1000000,33100,user_23,198,198,
1066,25,1000000,0,user_12,198,198,
1080,26,1000000,0,user_21,198,198,
1107,27,630000,0,user_48,198,198,
1087,28,600000,0,user_25,198,198,
1089,29,530000,0,user_27,198,198,
1073,30,460000,0,user_16,198,198,
1114,31,0,0,validator_11,100,198,1099
1099,32,150000,296000,user_39,198,198,
1115,33,0,0,validator_11,100,198,1096
1096,34,360000,36800,user_37,198,198,
1116,35,0,0,validator_11,100,198,1056
1056,36,310000,49100,user_0,198,198,
1108,37,350000,0,user_49,198,198,
1104,38,320000,0,user_42,198,198,
1057,39,310001,0,user_0,198,198,1056
1058,40,309999,0,user_0,198,198,1056
1091,41,170000,73100,user_29,198,198,
1117,42,0,0,validator_11,100,198,1091
1082,43,240000,0,user_22,198,198,
1090,44,170000,0,user_28,198,198,
1077,45,160000,0,user_19,198,198,
1094,46,150000,0,user_33,198,198,
1101,47,150000,0,user_41,198,198,
1105,48,120000,0,user_43,198,198,
1103,49,110000,0,user_41,198,198,
1071,50,83000,0,user_14,198,198,
1095,51,79000,0,user_35,198,198,
1085,52,70000,0,user_24,198,198,
1130,0,19000000,24700,user_13,199,199,
1178,1,0,0,validator_10,100,199,1130
1133,2,19000000,0,user_16,199,199,
1161,3,4500000,0,user_38,199,199,
1132,4,4200000,0,user_15,199,199,
1126,5,3600000,0,user_11,199,199,
1169,6,3200000,73100,user_44,199,199,
1179,7,0,0,validator_10,100,199,1169
1140,8,2100000,0,user_20,199,199,
1166,9,1600000,0,user_44,199,199,
1180,10,0,0,validator_10,100,199,1146
1146,11,1500000,66100,user_22,199,199,
1181,12,0,0,validator_10,100,199,1155
1155,13,120000,1100000,user_33,199,199,
1124,14,1200000,0,user_11,199,199,
1153,15,1200000,0,user_30,199,199,
1177,16,1100000,0,user_49,199,199,
1164,17,1000000,0,user_42,199,199,
1141,18,910000,0,user_21,199,199,
1158,19,910000,0,user_36,199,199,
1182,20,0,0,validator_10,100,199,1176
1176,21,110000,779000,user_49,199,199,
1143,22,310000,410000,user_21,199,199,
1183,23,0,0,validator_10,100,199,1143
1168,24,630000,56200,user_44,199,199,
1184,25,0,0,validator_10,100,199,1168
1128,26,660000,0,user_11,199,199,
1165,27,660000,0,user_42,199,199,
1185,28,0,0,validator_10,100,199,1145
1145,29,150000,410000,user_21,199,199,
1139,30,470000,0,user_19,199,199,
1159,31,460000,0,user_37,199,199,
1186,32,0,0,validator_10,100,199,1134
1134,33,420000,13800,user_16,199,199,
1160,34,340000,75000,user_38,199,199,
1187,35,0,0,validator_10,100,199,1160
1156,36,350000,0,user_34,199,199,
1136,37,340000,0,user_17,199,199,
1188,38,0,0,validator_10,100,199,1142
1142,39,120000,215000,user_21,199,199,
1125,40,310000,0,user_11,199,199,
1144,41,300000,0,user_21,199,199,
1127,42,220000,0,user_11,199,199,
1189,43,0,0,validator_10,100,199,1175
1175,44,120000,68100,user_49,199,199,
1131,45,170000,0,user_14,199,199,
1119,46,150000,15700,user_1,199,199,
1190,47,0,0,validator_10,100,199,1119
1118,48,160000,0,user_0,199,199,
1135,49,160000,0,user_16,199,199,
1162,50,160000,0,user_40,199,199,
1120,51,150001,0,user_1,199,199,1119
1154,52,150000,0,user_32,199,199,
1129,53,110000,0,user_12,199,199,
1167,54,98000,0,user_44,199,199,
1163,55,83000,0,user_41,199,199,
1157,56,79000,0,user_35,199,199,
1122,57,70000,0,user_5,199,199,
1211,0,43000000,71800,user_17,200,200,
1259,1,0,0,validator_12,100,200,1211
1229,2,43000000,0,user_31,200,200,
1260,3,0,0,validator_12,100,200,1216
1216,4,6100000,779000,user_22,200,200,
1192,5,5000000,0,user_2,200,200,
1224,6,4500000,0,user_28,200,200,
1230,7,4200000,0,user_32,200,200,
1257,8,2500000,0,user_48,200,200,
1261,9,0,0,validator_12,100,200,1206
1206,10,2300000,6390,user_13,200,200,
1196,11,2300000,0,user_7,200,200,
1208,12,2000000,0,user_15,200,200,
1258,13,2000000,0,user_49,200,200,
1228,14,1900000,0,user_31,200,200,
1255,15,1700000,0,user_46,200,200,
1199,16,1600000,0,user_7,200,200,
1217,17,1500000,0,user_23,200,200,
1222,18,1500000,0,user_25,200,200,
1209,19,1300000,0,user_15,200,200,
1244,20,160000,1100000,user_39,200,200,
1262,21,0,0,validator_12,100,200,1244
1263,22,0,0,validator_12,100,200,1231
1231,23,120000,1100000,user_33,200,200,
1225,24,1200000,0,user_28,200,200,
1243,25,150000,959000,user_39,200,200,
1264,26,0,0,validator_12,100,200,1243
1242,27,1000000,0,user_39,200,200,
1245,28,1000000,0,user_39,200,200,
1207,29,670000,0,user_14,200,200,
1236,30,670000,0,user_37,200,200,
1221,31,630000,0,user_25,200,200,
1265,32,0,0,validator_12,100,200,1219
1219,33,220000,350000,user_25,200,200,
1252,34,530000,0,user_44,200,200,
1218,35,340000,128000,user_24,200,200,
1266,36,0,0,validator_12,100,200,1218
1197,37,420000,0,user_7,200,200,
1220,38,420000,0,user_25,200,200,
1227,39,350000,0,user_30,200,200,
1247,40,350000,0,user_40,200,200,
1203,41,300000,0,user_10,200,200,
1193,42,260000,0,user_3,200,200,
1205,43,260000,0,user_13,200,200,
1267,44,0,0,validator_12,100,200,1214
1214,45,120000,139000,user_19,200,200,
1210,46,150000,0,user_17,200,200,
1234,47,98000,32900,user_35,200,200,
1268,48,0,0,validator_12,100,200,1234
1204,49,120000,0,user_12,200,200,
1246,50,120000,0,user_39,200,200,
1253,51,120000,0,user_45,200,200,
1215,52,110000,0,user_20,200,200,
1233,53,110000,0,user_35,200,200,
1201,54,100000,0,user_9,200,200,
1251,55,100000,0,user_43,200,200,
1226,56,73000,16400,user_29,200,200,
1269,57,0,0,validator_12,100,200,1226
1198,58,85000,0,user_7,200,200,
1232,59,84000,0,user_35,200,200,
1254,60,82000,0,user_46,200,200,
1202,61,73000,0,user_9,200,200,
1235,62,73000,0,user_35,200,200,
1276,0,27000000,0,user_7,201,201,
1273,1,19000000,0,user_2,201,201,
1293,2,5000000,0,user_29,201,201,
1279,3,4500000,0,user_13,201,201,
1290,4,4500000,0,user_24,201,201,
1280,5,2600000,0,user_13,201,201,
1281,6,2300000,0,user_14,201,201,
1270,7,2000000,0,user_0,201,201,
1286,8,2000000,0,user_20,201,201,
1282,9,1900000,0,user_15,201,201,
1291,10,1700000,7840,user_25,201,201,
1306,11,0,0,validator_6,100,201,1291
1297,12,1600000,0,user_42,201,201,
1295,13,1400000,0,user_37,201,201,
1283,14,1300000,64600,user_16,201,201,
1307,15,0,0,validator_6,100,201,1283
1275,16,1000000,0,user_4,201,201,
1278,17,630000,0,user_12,201,201,
1308,18,0,0,validator_6,100,201,1277
1277,19,460000,155000,user_9,201,201,
1272,20,600000,0,user_1,201,201,
1271,21,530000,0,user_0,201,201,
1298,22,470000,0,user_43,201,201,
1301,23,470000,0,user_47,201,201,
1287,24,420000,0,user_21,201,201,
1303,25,420000,0,user_48,201,201,
1304,26,420000,0,user_48,201,201,
1285,27,360000,0,user_18,201,201,
1300,28,300000,0,user_45,201,201,
1292,29,260000,0,user_27,201,201,
1299,30,85000,108000,user_44,201,201,
1309,31,0,0,validator_6,100,201,1299
1284,32,120000,0,user_18,201,201,
1302,33,110000,0,user_48,201,201,
1274,34,84000,0,user_2,201,201,
1333,0,30000000,0,user_21,202,202,
1368,1,0,0,validator_13,100,202,1365
1365,2,27000000,121000,user_48,202,202,
1337,3,19000000,0,user_25,202,202,
1338,4,6100000,0,user_28,202,202,
1330,5,5000000,0,user_19,202,202,
1343,6,4200000,0,user_31,202,202,
1311,7,3500000,0,user_1,202,202,
1356,8,2100000,0,user_37,202,202,
1361,9,2100000,0,user_44,202,202,
1329,10,2000000,0,user_18,202,202,
1331,11,2000000,0,user_19,202,202,
1324,12,1800000,0,user_10,202,202,
1339,13,1400000,0,user_29,202,202,
1354,14,1300000,0,user_37,202,202,
1327,15,1200000,0,user_14,202,202,
1349,16,1200000,0,user_34,202,202,
1369,17,0,0,validator_13,100,202,1315
1315,18,370000,545000,user_3,202,202,
1353,19,670000,0,user_37,202,202,
1355,20,660000,0,user_37,202,202,
1341,21,630000,0,user_30,202,202,
1319,22,460000,0,user_8,202,202,
1364,23,460000,0,user_48,202,202,
1345,24,320000,128000,user_32,202,202,
1370,25,0,0,validator_13,100,202,1345
1312,26,420000,0,user_1,202,202,
1313,27,260000,139000,user_1,202,202,
1371,28,0,0,validator_13,100,202,1313
1328,29,370000,0,user_15,202,202,
1352,30,350000,0,user_37,202,202,
1340,31,340000,0,user_30,202,202,
1362,32,320000,0,user_44,202,202,
1322,33,310000,0,user_10,202,202,
1344,34,310000,0,user_31,202,202,
1314,35,259999,0,user_1,202,202,1313
1318,36,190000,0,user_7,202,202,
1346,37,170000,0,user_33,202,202,
1342,38,160000,0,user_31,202,202,
1351,39,160000,0,user_36,202,202,
1363,40,160000,0,user_46,202,202,
1348,41,150000,0,user_33,202,202,
1350,42,150000,0,user_34,202,202,
1372,43,0,0,validator_13,100,202,1360
1360,44,110000,35600,user_43,202,202,
1373,45,0,0,validator_13,100,202,1323
1323,46,120000,19700,user_10,202,202,
1347,47,130000,0,user_33,202,202,
1317,48,120000,0,user_7,202,202,
1336,49,120000,0,user_25,202,202,
1367,50,100000,0,user_49,202,202,
1374,51,0,0,validator_13,100,202,1366
1366,52,73000,18600,user_49,202,202,
1321,53,84000,0,user_10,202,202,
1326,54,83000,0,user_12,202,202,
1426,0,0,0,validator_7,100,203,1403
1403,1,30000000,545000,user_23,203,203,
1391,2,30000000,0,user_13,203,203,
1427,3,0,0,validator_7,100,203,1396
1396,4,27000000,381000,user_19,203,203,
1428,5,0,0,validator_7,100,203,1404
1404,6,6300000,283000,user_24,203,203,
1429,7,0,0,validator_7,100,203,1383
1383,8,1700000,4320000,user_7,203,203,
1377,9,5000000,0,user_3,203,203,
1380,10,3500000,0,user_5,203,203,
1389,11,3500000,0,user_10,203,203,
1424,12,2600000,0,user_45,203,203,
1397,13,2000000,0,user_19,203,203,
1395,14,1900000,0,user_17,203,203,
1406,15,1800000,0,user_25,203,203,
1376,16,1700000,0,user_2,203,203,
1407,17,1600000,0,user_27,203,203,
1388,18,1500000,0,user_10,203,203,
1375,19,1400000,0,user_1,203,203,
1410,20,1300000,0,user_31,203,203,
1422,21,1100000,0,user_45,203,203,
1430,22,0,0,validator_7,100,203,1417
1417,23,1000000,12800,user_36,203,203,
1387,24,1000000,0,user_9,203,203,
1405,25,870000,0,user_24,203,203,
1384,26,650000,0,user_7,203,203,
1408,27,630000,0,user_27,203,203,
1386,28,530000,0,user_9,203,203,
1401,29,320000,0,user_23,203,203,
1409,30,320000,0,user_30,203,203,
1392,31,310000,0,user_13,203,203,
1382,32,300000,0,user_7,203,203,
1420,33,260000,0,user_41,203,203,
1421,34,220000,0,user_43,203,203,
1425,35,170000,36800,user_47,203,203,
1431,36,0,0,validator_7,100,203,1425
1381,37,170000,0,user_6,203,203,
1423,38,170000,0,user_45,203,203,
1432,39,0,0,validator_7,100,203,1418
1418,40,160000,5640,user_37,203,203,
1433,41,0,0,validator_7,100,203,1419
1419,42,150000,10700,user_38,203,203,
1379,43,120000,0,user_4,203,203,
1416,44,98000,0,user_36,203,203,
1400,45,85000,0,user_22,203,203,
1378,46,84000,0,user_3,203,203,
1385,47,79000,0,user_8,203,203,
1402,48,79000,0,user_23,203,203,
1479,0,0,0,validator_13,100,204,1439
1439,1,27000000,381000,user_5,204,204,
1458,2,6300000,0,user_25,204,204,
1442,3,3600000,0,user_7,204,204,
1466,4,3500000,15700,user_33,204,204,
1480,5,0,0,validator_13,100,204,1466
1438,6,3200000,21800,user_5,204,204,
1481,7,0,0,validator_13,100,204,1438
1437,8,3200000,0,user_5,204,204,
1470,9,2600000,0,user_39,204,204,
1460,10,2100000,0,user_27,204,204,
1446,11,1800000,0,user_14,204,204,
1472,12,1600000,161000,user_41,204,204,
1482,13,0,0,validator_13,100,204,1472
1483,14,0,0,validator_13,100,204,1445
1445,15,1600000,39400,user_13,204,204,
1484,16,0,0,validator_13,100,204,1449
1449,17,1600000,15100,user_15,204,204,
1456,18,1100000,0,user_24,204,204,
1434,19,1000000,0,user_1,204,204,
1464,20,1000000,0,user_32,204,204,
1475,21,1000000,0,user_46,204,204,
1485,22,0,0,validator_13,100,204,1436
1436,23,670000,46500,user_4,204,204,
1486,24,0,0,validator_13,100,204,1448
1448,25,240000,369000,user_15,204,204,
1487,26,0,0,validator_13,100,204,1461
1461,27,110000,296000,user_29,204,204,
1488,28,0,0,validator_13,100,204,1467
1467,29,190000,75000,user_35,204,204,
1447,30,260000,0,user_14,204,204,
1454,31,260000,0,user_21,204,204,
1463,32,260000,0,user_31,204,204,
1478,33,260000,0,user_49,204,204,
1474,34,220000,0,user_44,204,204,
1457,35,170000,0,user_25,204,204,
1468,36,160000,0,user_37,204,204,
1440,37,150000,0,user_5,204,204,
1465,38,150000,0,user_32,204,204,
1469,39,150000,0,user_38,204,204,
1489,40,0,0,validator_13,100,204,1441
1441,41,110000,33100,user_5,204,204,
1453,42,79000,60700,user_18,204,204,
1490,43,0,0,validator_13,100,204,1453
1435,44,130000,0,user_1,204,204,
1451,45,120000,0,user_17,204,204,
1476,46,120000,0,user_47,204,204,
1477,47,120000,0,user_47,204,204,
1491,48,0,0,validator_13,100,204,1462
1462,49,100000,12800,user_30,204,204,
1452,50,110000,0,user_17,204,204,
1459,51,87000,0,user_26,204,204,
1530,0,27000000,0,user_32,205,205,
1534,1,27000000,0,user_33,205,205,
1543,2,2300000,17700000,user_45,205,205,
1546,3,0,0,validator_11,100,205,1543
1511,4,19000000,0,user_15,205,205,
1540,5,4500000,0,user_44,205,205,
1518,6,3500000,0,user_19,205,205,
1494,7,3200000,0,user_3,205,205,
1506,8,2100000,0,user_11,205,205,
1515,9,2100000,0,user_17,205,205,
1531,10,2000000,0,user_33,205,205,
1532,11,2000000,0,user_33,205,205,
1512,12,1800000,0,user_15,205,205,
1544,13,1600000,0,user_47,205,205,
1502,14,1500000,0,user_8,205,205,
1516,15,1400000,0,user_17,205,205,
1492,16,1100000,0,user_0,205,205,
1522,17,1100000,0,user_23,205,205,
1527,18,1100000,0,user_29,205,205,
1493,19,1000000,0,user_1,205,205,
1501,20,1000000,0,user_6,205,205,
1508,21,1000000,0,user_11,205,205,
1547,22,0,0,validator_11,100,205,1526
1526,23,650000,350000,user_29,205,205,
1545,24,1000000,0,user_49,205,205,
1509,25,910000,0,user_11,205,205,
1548,26,0,0,validator_11,100,205,1523
1523,27,870000,36800,user_24,205,205,
1500,28,870000,0,user_5,205,205,
1529,29,670000,0,user_32,205,205,
1505,30,660000,0,user_11,205,205,
1533,31,660000,0,user_33,205,205,
1517,32,470000,139000,user_18,205,205,
1549,33,0,0,validator_11,100,205,1517
1550,34,0,0,validator_11,100,205,1514
1514,35,470000,73100,user_16,205,205,
1528,36,460000,47700,user_31,205,205,
1551,37,0,0,validator_11,100,205,1528
1552,38,0,0,validator_11,100,205,1539
1539,39,420000,67500,user_41,205,205,
1497,40,470000,0,user_3,205,205,
1496,41,350000,46500,user_3,205,205,
1553,42,0,0,validator_11,100,205,1496
1554,43,0,0,validator_11,100,205,1542
1542,44,360000,12300,user_44,205,205,
1521,45,310000,0,user_22,205,205,
1535,46,310000,0,user_36,205,205,
1498,47,260000,0,user_3,205,205,
1525,48,220000,0,user_28,205,205,
1537,49,220000,0,user_38,205,205,
1495,50,190000,0,user_3,205,205,
1541,51,160000,0,user_44,205,205,
1513,52,150000,0,user_16,205,205,
1499,53,120000,0,user_4,205,205,
1520,54,120000,0,user_21,205,205,
1503,55,110000,0,user_8,205,205,
1524,56,84000,0,user_26,205,205,
1536,57,82000,0,user_36,205,205,
1507,58,79000,0,user_11,205,205,
1602,0,0,0,validator_9,100,206,1573
1573,1,43000000,3130,user_18,206,206,
1603,2,0,0,validator_9,100,206,1572
1572,3,5000000,5640,user_18,206,206,
1593,4,4500000,0,user_39,206,206,
1567,5,3200000,0,user_14,206,206,
1576,6,2600000,0,user_20,206,206,
1571,7,2000000,350000,user_18,206,206,
1604,8,0,0,validator_9,100,206,1571
1598,9,2300000,0,user_46,206,206,
1583,10,1600000,0,user_30,206,206,
1588,11,1500000,0,user_35,206,206,
1600,12,1500000,0,user_47,206,206,
1591,13,1400000,0,user_39,206,206,
1597,14,1100000,231000,user_46,206,206,
1605,15,0,0,validator_9,100,206,1597
1569,16,1100000,0,user_16,206,206,
1599,17,1100000,0,user_47,206,206,
1574,18,370000,594000,user_18,206,206,
1606,19,0,0,validator_9,100,206,1574
1559,20,470000,128000,user_7,206,206,
1607,21,0,0,validator_9,100,206,1559
1608,22,0,0,validator_9,100,206,1555
1555,23,130000,369000,user_2,206,206,
1570,24,360000,0,user_18,206,206,
1560,25,350000,0,user_7,206,206,
1589,26,350000,0,user_36,206,206,
1561,27,310000,32900,user_8,206,206,
1609,28,0,0,validator_9,100,206,1561
1566,29,340000,0,user_13,206,206,
1596,30,320000,0,user_45,206,206,
1594,31,310000,0,user_39,206,206,
1590,32,300000,0,user_39,206,206,
1557,33,260000,0,user_5,206,206,
1577,34,260000,0,user_21,206,206,
1578,35,260000,0,user_21,206,206,
1585,36,260000,0,user_32,206,206,
1556,37,220000,0,user_3,206,206,
1584,38,220000,0,user_31,206,206,
1592,39,220000,0,user_39,206,206,
1610,40,0,0,validator_9,100,206,1558
1558,41,150000,21800,user_6,206,206,
1582,42,160000,0,user_28,206,206,
1565,43,110000,6390,user_12,206,206,
1611,44,0,0,validator_9,100,206,1565
1564,45,100000,0,user_10,206,206,
1580,46,77000,0,user_26,206,206,
1664,0,0,0,validator_0,100,207,1618
1618,1,43000000,35600,user_3,207,207,
1621,2,30000000,0,user_9,207,207,
1654,3,5200000,0,user_42,207,207,
1663,4,3200000,30200,user_49,207,207,
1665,5,0,0,validator_0,100,207,1663
1656,6,2500000,0,user_43,207,207,
1652,7,2100000,0,user_40,207,207,
1615,8,2000000,0,user_3,207,207,
1635,9,2000000,0,user_20,207,207,
1649,10,1900000,0,user_35,207,207,
1655,11,1800000,0,user_42,207,207,
1661,12,1700000,0,user_46,207,207,
1616,13,1500000,0,user_3,207,207,
1631,14,1500000,0,user_16,207,207,
1632,15,1500000,0,user_17,207,207,
1666,16,0,0,validator_0,100,207,1648
1648,17,1300000,181000,user_35,207,207,
1623,18,1300000,0,user_11,207,207,
1667,19,0,0,validator_0,100,207,1620
1620,20,1000000,161000,user_7,207,207,
1647,21,1100000,0,user_35,207,207,
1645,22,1000000,0,user_33,207,207,
1646,23,1000000,0,user_35,207,207,
1626,24,870000,0,user_13,207,207,
1625,25,670000,0,user_13,207,207,
1643,26,650000,0,user_29,207,207,
1613,27,600000,0,user_0,207,207,
1641,28,470000,0,user_27,207,207,
1633,29,310000,0,user_18,207,207,
1660,30,310000,0,user_46,207,207,
1630,31,260000,0,user_15,207,207,
1627,32,220000,0,user_13,207,207,
1650,33,190000,0,user_38,207,207,
1612,34,170000,0,user_0,207,207,
1662,35,160000,0,user_47,207,207,
1644,36,150000,0,user_31,207,207,
1668,37,0,0,validator_0,100,207,1653
1653,38,120000,5180,user_42,207,207,
1614,39,120000,0,user_2,207,207,
1624,40,120000,0,user_13,207,207,
1669,41,0,0,validator_0,100,207,1619
1619,42,100000,12800,user_5,207,207,
1617,43,110000,0,user_3,207,207,
1634,44,83000,0,user_19,207,207,
1670,45,0,0,validator_0,100,207,1657
1657,46,70000,3130,user_44,207,207,
1638,47,73000,0,user_23,207,207,
1628,48,70000,0,user_13,207,207,
1723,0,43000000,0,user_42,208,208,
1714,1,19000000,36800,user_31,208,208,
1719,2,6300000,33100,user_35,208,208,
1730,3,3200000,0,user_48,208,208,
1695,4,2600000,0,user_19,208,208,
1696,5,2500000,0,user_19,208,208,
1718,6,2300000,0,user_34,208,208,
1673,7,2000001,0,user_1,208,208,1671
1683,8,2000000,0,user_6,208,208,
1720,9,2000000,0,user_36,208,208,
1687,10,1600000,0,user_10,208,208,
1706,11,1600000,0,user_25,208,208,
1682,12,1500000,0,user_6,208,208,
1705,13,1500000,0,user_25,208,208,
1713,14,1500000,0,user_30,208,208,
1681,15,1300000,0,user_6,208,208,
1692,16,1300000,0,user_16,208,208,
1712,17,1000000,0,user_29,208,208,
1697,18,870000,0,user_19,208,208,
1729,19,870000,0,user_48,208,208,
1685,20,670000,283000,user_8,208,208,
1694,21,660000,0,user_19,208,208,
1676,22,630000,0,user_3,208,208,
1699,23,360000,0,user_20,208,208,
1700,24,310000,0,user_21,208,208,
1707,25,260000,0,user_26,208,208,
1722,26,240000,0,user_42,208,208,
1726,27,240000,0,user_46,208,208,
1711,28,220000,0,user_28,208,208,
1727,29,220000,256000,user_46,208,208,
1728,30,220000,0,user_47,208,208,
1677,31,170000,0,user_3,208,208,
1717,32,170000,0,user_33,208,208,
1690,33,150000,0,user_14,208,208,
1716,34,130000,0,user_33,208,208,
1698,35,120000,5180,user_19,208,208,
1703,36,120000,16400,user_23,208,208,
1688,37,110000,36800,user_11,208,208,
1693,38,110000,0,user_17,208,208,
1684,39,87000,0,user_6,208,208,
1680,40,85000,0,user_5,208,208,
1686,41,84000,545000,user_9,208,208,
1721,42,84000,0,user_39,208,208,
1724,43,83000,0,user_44,208,208,
1701,44,82000,0,user_21,208,208,
1702,45,77000,0,user_23,208,208,
1725,46,70000,0,user_45,208,208,
1772,0,43000000,36800,user_44,209,209,
1777,1,0,0,validator_10,100,209,1772
1762,2,30000000,0,user_31,209,209,
1773,3,30000000,0,user_45,209,209,
1769,4,6300000,0,user_40,209,209,
1763,5,6100000,0,user_32,209,209,
1746,6,5200000,0,user_13,209,209,
1742,7,3600000,0,user_8,209,209,
1757,8,2600000,0,user_23,209,209,
1741,9,2500000,0,user_8,209,209,
1756,10,2500000,0,user_22,209,209,
1778,11,0,0,validator_10,100,209,1752
1752,12,1900000,350000,user_20,209,209,
1776,13,2000000,17000,user_49,209,209,
1779,14,0,0,validator_10,100,209,1776
1766,15,1700000,56200,user_37,209,209,
1780,16,0,0,validator_10,100,209,1766
1748,17,1500000,0,user_15,209,209,
1781,18,0,0,validator_10,100,209,1764
1764,19,1300000,21800,user_34,209,209,
1738,20,1000000,0,user_3,209,209,
1767,21,1000000,0,user_38,209,209,
1751,22,670000,67500,user_20,209,209,
1782,23,0,0,validator_10,100,209,1751
1770,24,630000,0,user_41,209,209,
1754,25,320000,0,user_20,209,209,
1745,26,310000,0,user_12,209,209,
1750,27,300000,0,user_20,209,209,
1736,28,260000,0,user_0,209,209,
1783,29,0,0,validator_10,100,209,1749
1749,30,120000,121000,user_16,209,209,
1784,31,0,0,validator_10,100,209,1765
1765,32,170000,14200,user_36,209,209,
1768,33,160000,14200,user_39,209,209,
1785,34,0,0,validator_10,100,209,1768
1743,35,170000,0,user_8,209,209,
1737,36,120000,0,user_1,209,209,
1747,37,120000,0,user_14,209,209,
1786,38,0,0,validator_10,100,209,1755
1755,39,84000,34700,user_21,209,209,
1771,40,98000,0,user_44,209,209,
1775,41,98000,0,user_49,209,209,
1753,42,79000,0,user_20,209,209,
1761,43,79000,0,user_30,209,209,
1758,44,77000,0,user_23,209,209,
1831,0,43000000,0,user_40,210,210,
1818,1,5000000,47700,user_33,210,210,
1823,2,4500000,0,user_37,210,210,
1829,3,4200000,0,user_39,210,210,
1792,4,2000000,0,user_4,210,210,
1815,5,1800000,0,user_30,210,210,
1793,6,1500000,0,user_5,210,210,
1840,7,1500000,15700,user_48,210,210,
1803,8,1100000,195000,user_19,210,210,
1816,9,1100000,0,user_31,210,210,
1821,10,1100000,0,user_34,210,210,
1845,11,1000000,0,user_49,210,210,
1827,12,670000,0,user_39,210,210,
1805,13,650000,0,user_24,210,210,
1812,14,650000,0,user_30,210,210,
1839,15,630000,0,user_45,210,210,
1828,16,530000,779000,user_39,210,210,
1796,17,420000,0,user_14,210,210,
1834,18,360000,0,user_42,210,210,
1814,19,340000,0,user_30,210,210,
1830,20,310000,0,user_40,210,210,
1844,21,310000,0,user_49,210,210,
1804,22,300000,0,user_22,210,210,
1817,23,240000,43600,user_33,210,210,
1809,24,220000,0,user_28,210,210,
1825,25,220000,35600,user_39,210,210,
1826,26,220000,36800,user_39,210,210,
1794,27,190000,0,user_8,210,210,
1807,28,170000,46500,user_26,210,210,
1843,29,160000,0,user_49,210,210,
1795,30,150000,0,user_11,210,210,
1811,31,150000,8520,user_30,210,210,
1824,32,150000,0,user_37,210,210,
1819,33,110000,0,user_33,210,210,
1836,34,110000,0,user_42,210,210,
1788,35,100001,0,user_1,210,210,1787
1787,36,100000,7840,user_1,210,210,
1789,37,99999,0,user_2,210,210,1787
1790,38,99999,0,user_2,210,210,1787
1813,39,87000,0,user_30,210,210,
1835,40,85000,195000,user_42,210,210,
1791,41,84000,0,user_3,210,210,
1842,42,82000,0,user_49,210,210,
1820,43,77000,0,user_34,210,210,
1841,44,77000,545000,user_49,210,210,
1885,0,5200000,0,user_41,211,211,
1888,1,4500000,0,user_44,211,211,
1870,2,3600000,0,user_27,211,211,
1851,3,3200000,231000,user_8,211,211,
1892,4,0,0,validator_7,100,211,1851
1879,5,3200000,0,user_37,211,211,
1884,6,3200000,0,user_40,211,211,
1848,7,2500000,16400,user_5,211,211,
1893,8,0,0,validator_7,100,211,1848
1867,9,2500000,0,user_26,211,211,
1881,10,2300000,34700,user_37,211,211,
1894,11,0,0,validator_7,100,211,1881
1878,12,2100000,0,user_36,211,211,
1855,13,1900000,0,user_13,211,211,
1876,14,1500000,381000,user_34,211,211,
1895,15,0,0,validator_7,100,211,1876
1865,16,1600000,0,user_23,211,211,
1896,17,0,0,validator_7,100,211,1853
1853,18,1500000,66100,user_10,211,211,
1880,19,1500000,35100,user_37,211,211,
1897,20,0,0,validator_7,100,211,1880
1883,21,670000,0,user_38,211,211,
1889,22,670000,0,user_46,211,211,
1898,23,0,0,validator_7,100,211,1869
1869,24,660000,7840,user_27,211,211,
1859,25,660000,0,user_17,211,211,
1877,26,650000,0,user_35,211,211,
1849,27,470000,0,user_6,211,211,
1882,28,470000,0,user_37,211,211,
1891,29,420000,0,user_48,211,211,
1899,30,0,0,validator_7,100,211,1887
1887,31,350000,34700,user_43,211,211,
1852,32,260000,0,user_9,211,211,
1868,33,260000,0,user_26,211,211,
1873,34,260000,0,user_31,211,211,
1900,35,0,0,validator_7,100,211,1847
1847,36,120000,71800,user_3,211,211,
1857,37,170000,0,user_15,211,211,
1901,38,0,0,validator_7,100,211,1854
1854,39,100000,68100,user_12,211,211,
1866,40,150000,0,user_25,211,211,
1875,41,150000,0,user_34,211,211,
1871,42,130000,0,user_28,211,211,
1846,43,110000,0,user_0,211,211,
1850,44,110000,0,user_7,211,211,
1890,45,110000,0,user_47,211,211,
1858,46,98000,0,user_15,211,211,
1872,47,80000,0,user_30,211,211,
1905,0,27000000,0,user_3,212,212,
1966,1,19000000,0,user_48,212,212,
1970,2,6300000,0,user_48,212,212,
1959,3,5000000,0,user_39,212,212,
1955,4,4500000,0,user_38,212,212,
1932,5,3500000,283000,user_19,212,212,
1971,6,0,0,validator_10,100,212,1932
1908,7,2600000,0,user_5,212,212,
1903,8,2500000,0,user_1,212,212,
1962,9,2500000,0,user_40,212,212,
1964,10,2400000,0,user_45,212,212,
1950,11,2000000,0,user_33,212,212,
1953,12,2000000,0,user_36,212,212,
1958,13,2000000,0,user_38,212,212,
1929,14,1800000,0,user_16,212,212,
1916,15,1700000,0,user_11,212,212,
1904,16,1600000,0,user_2,212,212,
1910,17,1600000,0,user_6,212,212,
1923,18,1600000,0,user_15,212,212,
1941,19,1500000,0,user_25,212,212,
1969,20,1500000,0,user_48,212,212,
1926,21,1400000,0,user_16,212,212,
1938,22,1400000,0,user_24,212,212,
1968,23,1300000,0,user_48,212,212,
1918,24,630000,594000,user_11,212,212,
1972,25,0,0,validator_10,100,212,1918
1909,26,1100000,0,user_5,212,212,
1936,27,1100000,0,user_24,212,212,
1973,28,0,0,validator_10,100,212,1949
1949,29,120000,959000,user_33,212,212,
1974,30,0,0,validator_10,100,212,1937
1937,31,1000000,23500,user_24,212,212,
1928,32,1000000,0,user_16,212,212,
1954,33,1000000,0,user_37,212,212,
1951,34,910000,0,user_34,212,212,
1952,35,670000,0,user_35,212,212,
1935,36,660000,0,user_23,212,212,
1919,37,650000,0,user_12,212,212,
1956,38,530000,0,user_38,212,212,
1920,39,460000,0,user_13,212,212,
1911,40,420000,0,user_6,212,212,
1924,41,420000,0,user_15,212,212,
1963,42,340000,0,user_45,212,212,
1967,43,240000,0,user_48,212,212,
1902,44,220000,0,user_0,212,212,
1912,45,220000,0,user_8,212,212,
1921,46,220000,0,user_14,212,212,
1948,47,220000,0,user_30,212,212,
1975,48,0,0,validator_10,100,212,1931
1931,49,120000,47700,user_19,212,212,
1922,50,110000,43600,user_14,212,212,
1976,51,0,0,validator_10,100,212,1922
1927,52,150000,0,user_16,212,212,
1960,53,150000,0,user_40,212,212,
1977,54,0,0,validator_10,100,212,1925
1925,55,82000,39400,user_16,212,212,
1917,56,120000,0,user_11,212,212,
1933,57,110000,0,user_19,212,212,
1939,58,110000,0,user_24,212,212,
1961,59,83000,0,user_40,212,212,
1942,60,80000,0,user_27,212,212,
1934,61,79000,0,user_21,212,212,
1957,62,77000,0,user_38,212,212,
1940,63,73000,0,user_24,212,212,
1982,0,43000000,0,user_6,213,213,
2005,1,30000000,0,user_21,213,213,
1985,2,6100000,0,user_8,213,213,
2029,3,5200000,0,user_45,213,213,
2032,4,5200000,0,user_48,213,213,
1986,5,5000000,0,user_9,213,213,
1990,6,5000000,0,user_9,213,213,
2003,7,2600000,0,user_21,213,213,
1994,8,2400000,19700,user_14,213,213,
2034,9,0,0,validator_6,100,213,1994
2000,10,2400000,0,user_19,213,213,
2017,11,2300000,0,user_32,213,213,
1984,12,2100000,0,user_7,213,213,
2035,13,0,0,validator_6,100,213,2030
2030,14,1800000,285000,user_48,213,213,
2014,15,2000000,0,user_28,213,213,
2010,16,1600000,0,user_25,213,213,
2025,17,1400000,0,user_39,213,213,
1998,18,1000000,5630,user_17,213,213,
2036,19,0,0,validator_6,100,213,1998
1996,20,1000000,0,user_16,213,213,
1997,21,1000000,0,user_16,213,213,
2023,22,1000000,0,user_38,213,213,
2008,23,870000,0,user_24,213,213,
2019,24,670000,0,user_33,213,213,
2027,25,670000,0,user_42,213,213,
2001,26,650000,0,user_21,213,213,
2037,27,0,0,validator_6,100,213,2031
2031,28,260000,369000,user_48,213,213,
1980,29,600000,0,user_6,213,213,
2004,30,530000,0,user_21,213,213,
1989,31,460000,0,user_9,213,213,
1993,32,460000,0,user_13,213,213,
2002,33,460000,0,user_21,213,213,
2028,34,460000,0,user_44,213,213,
1979,35,420000,0,user_3,213,213,
1991,36,370000,0,user_11,213,213,
2024,37,260000,0,user_38,213,213,
2018,38,240000,0,user_32,213,213,
1995,39,190000,0,user_14,213,213,
1978,40,170000,0,user_2,213,213,
1999,41,170000,0,user_19,213,213,
2015,42,160000,0,user_29,213,213,
1981,43,120000,0,user_6,213,213,
2022,44,120000,0,user_37,213,213,
1987,45,110000,0,user_9,213,213,
1988,46,110000,0,user_9,213,213,
1992,47,110000,0,user_12,213,213,
2009,48,110000,0,user_25,213,213,
2016,49,98000,0,user_30,213,213,
2013,50,84000,0,user_27,213,213,
1983,51,77000,0,user_6,213,213,
2041,0,30000000,0,user_5,214,214,
2058,1,19000000,0,user_19,214,214,
2074,2,19000000,0,user_32,214,214,
2059,3,4500000,0,user_19,214,214,
2049,4,4200000,0,user_12,214,214,
2095,5,0,0,validator_7,100,214,2053
2053,6,3500000,121000,user_15,214,214,
2092,7,3500000,0,user_48,214,214,
2096,8,0,0,validator_7,100,214,2052
2052,9,1100000,1100000,user_15,214,214,
2057,10,1000000,1100000,user_19,214,214,
2097,11,0,0,validator_7,100,214,2057
2093,12,2100000,0,user_48,214,214,
2098,13,0,0,validator_7,100,214,2072
2072,14,1500000,594000,user_31,214,214,
2050,15,2000000,0,user_13,214,214,
2068,16,1600000,256000,user_28,214,214,
2099,17,0,0,validator_7,100,214,2068
2076,18,1800000,0,user_36,214,214,
2077,19,1600000,0,user_38,214,214,
2046,20,1500000,5180,user_10,214,214,
2100,21,0,0,validator_7,100,214,2046
2094,22,1500000,0,user_49,214,214,
2091,23,1400000,0,user_47,214,214,
2065,24,1100000,0,user_24,214,214,
2073,25,1000000,0,user_31,214,214,
2087,26,1000000,0,user_45,214,214,
2088,27,1000000,0,user_45,214,214,
2089,28,870000,0,user_45,214,214,
2045,29,670000,0,user_9,214,214,
2047,30,670000,0,user_10,214,214,
2071,31,650000,15100,user_30,214,214,
2101,32,0,0,validator_7,100,214,2071
2102,33,0,0,validator_7,100,214,2044
2044,34,420000,42000,user_8,214,214,
2080,35,370000,0,user_41,214,214,
2078,36,320000,0,user_39,214,214,
2060,37,220000,0,user_19,214,214,
2061,38,220000,0,user_19,214,214,
2064,39,220000,0,user_23,214,214,
2066,40,220000,0,user_27,214,214,
2056,41,150000,33300,user_18,214,214,
2103,42,0,0,validator_7,100,214,2056
2043,43,170000,0,user_7,214,214,
2086,44,170000,0,user_45,214,214,
2085,45,160000,0,user_44,214,214,
2104,46,0,0,validator_7,100,214,2063
2063,47,130000,15100,user_22,214,214,
2039,48,120000,0,user_2,214,214,
2067,49,120000,0,user_27,214,214,
2075,50,120000,0,user_34,214,214,
2038,51,84000,0,user_0,214,214,
2040,52,82000,0,user_3,214,214,
2070,53,80000,0,user_30,214,214,
2090,54,77000,0,user_45,214,214,
2042,55,73000,0,user_6,214,214,
2079,56,73000,0,user_40,214,214,
2138,0,19000000,0,user_33,215,215,
2114,1,110000,17700000,user_13,215,215,
2156,2,0,0,validator_8,100,215,2114
2127,3,120000,7190000,user_27,215,215,
2157,4,0,0,validator_8,100,215,2127
2125,5,6300000,0,user_25,215,215,
2136,6,4200000,0,user_33,215,215,
2119,7,2400000,0,user_18,215,215,
2110,8,2000000,0,user_9,215,215,
2129,9,2000000,0,user_28,215,215,
2132,10,2000000,0,user_30,215,215,
2146,11,1700000,195000,user_39,215,215,
2158,12,0,0,validator_8,100,215,2146
2142,13,1800000,0,user_35,215,215,
2154,14,1700000,0,user_48,215,215,
2159,15,0,0,validator_8,100,215,2123
2123,16,1500000,42000,user_23,215,215,
2120,17,1500000,0,user_20,215,215,
2128,18,1100000,0,user_28,215,215,
2150,19,1000000,0,user_44,215,215,
2160,20,0,0,validator_8,100,215,2137
2137,21,370000,545000,user_33,215,215,
2124,22,910000,0,user_24,215,215,
2135,23,600000,296000,user_31,215,215,
2161,24,0,0,validator_8,100,215,2135
2109,25,870000,0,user_8,215,215,
2147,26,870000,0,user_41,215,215,
2155,27,670000,0,user_49,215,215,
2134,28,630000,0,user_30,215,215,
2126,29,530000,0,user_26,215,215,
2133,30,530000,0,user_30,215,215,
2116,31,420000,0,user_16,215,215,
2107,32,360000,0,user_4,215,215,
2162,33,0,0,validator_8,100,215,2141
2141,34,220000,46500,user_34,215,215,
2163,35,0,0,validator_8,100,215,2113
2113,36,110000,121000,user_12,215,215,
2131,37,220000,0,user_30,215,215,
2121,38,170000,0,user_21,215,215,
2130,39,170000,0,user_29,215,215,
2140,40,150000,0,user_33,215,215,
2105,41,120000,0,user_0,215,215,
2139,42,120000,0,user_33,215,215,
2106,43,110000,0,user_3,215,215,
2148,44,100000,0,user_41,215,215,
2115,45,85000,0,user_14,215,215,
2122,46,85000,0,user_21,215,215,
2153,47,82000,0,user_48,215,215,
15,0,19000000,0,user_23,216,216,
33,1,6300000,0,user_38,216,216,
44,2,0,0,validator_11,100,216,19
19,3,5000000,56200,user_25,216,216,
0,4,5000000,15300,user_4,216,216,
45,5,0,0,validator_11,100,216,0
5,6,5000000,0,user_12,216,216,
14,7,4200000,369000,user_21,216,216,
46,8,0,0,validator_11,100,216,14
23,9,4500000,0,user_29,216,216,
25,10,4200000,0,user_32,216,216,
20,11,3200000,128000,user_25,216,216,
47,12,0,0,validator_11,100,216,20
8,13,3200000,0,user_15,216,216,
48,14,0,0,validator_11,100,216,11
11,15,2400000,285000,user_17,216,216,
7,16,2400000,0,user_14,216,216,
27,17,2000000,0,user_32,216,216,
36,18,2000000,0,user_41,216,216,
9,19,1700000,0,user_16,216,216,
18,20,1100000,594000,user_25,216,216,
49,21,0,0,validator_11,100,216,18
43,22,1600000,0,user_49,216,216,
21,23,1500000,0,user_26,216,216,
24,24,1300000,0,user_31,216,216,
2,25,1100000,0,user_6,216,216,
12,26,1100000,0,user_19,216,216,
16,27,650000,0,user_25,216,216,
40,28,530000,0,user_46,216,216,
34,29,370000,0,user_39,216,216,
28,30,320000,0,user_33,216,216,
37,31,260000,0,user_43,216,216,
39,32,220000,0,user_44,216,216,
42,33,220000,0,user_48,216,216,
26,34,79000,108000,user_32,216,216,
50,35,0,0,validator_11,100,216,26
41,36,130000,0,user_47,216,216,
1,37,120000,0,user_6,216,216,
31,38,120000,0,user_37,216,216,
17,39,100000,0,user_25,216,216,
32,40,100000,0,user_38,216,216,
29,41,83000,0,user_36,216,216,
38,42,80000,0,user_44,216,216,
10,43,77000,0,user_17,216,216,
30,44,77000,0,user_37,216,216,
22,45,73000,0,user_28,216,216,
85,0,6300000,0,user_38,217,217,
99,1,0,0,validator_3,100,217,57
57,2,3500000,296000,user_12,217,217,
94,3,3500000,0,user_46,217,217,
100,4,0,0,validator_3,100,217,78
78,5,2000000,510000,user_28,217,217,
61,6,2400000,0,user_15,217,217,
81,7,1500000,0,user_31,217,217,
82,8,1500000,0,user_31,217,217,
88,9,1500000,0,user_40,217,217,
72,10,1400000,0,user_23,217,217,
90,11,1100000,0,user_41,217,217,
101,12,0,0,validator_3,100,217,68
68,13,1000000,39400,user_22,217,217,
67,14,1000000,0,user_22,217,217,
62,15,970000,0,user_17,217,217,
55,16,870000,0,user_10,217,217,
53,17,260000,410000,user_4,217,217,
102,18,0,0,validator_3,100,217,53
52,19,530000,0,user_2,217,217,
96,20,530000,0,user_47,217,217,
103,21,0,0,validator_3,100,217,91
91,22,470000,12800,user_42,217,217,
51,23,460000,0,user_1,217,217,
75,24,460000,0,user_24,217,217,
71,25,170000,283000,user_23,217,217,
104,26,0,0,validator_3,100,217,71
74,27,420000,0,user_23,217,217,
65,28,360000,0,user_22,217,217,
63,29,320000,0,user_19,217,217,
83,30,220000,49100,user_34,217,217,
105,31,0,0,validator_3,100,217,83
89,32,260000,0,user_40,217,217,
54,33,240000,0,user_6,217,217,
77,34,220000,0,user_25,217,217,
106,35,0,0,validator_3,100,217,66
66,36,73000,139000,user_22,217,217,
86,37,160000,0,user_38,217,217,
92,38,160000,0,user_44,217,217,
56,39,150000,0,user_11,217,217,
76,40,150000,0,user_25,217,217,
84,41,150000,0,user_35,217,217,
95,42,150000,0,user_47,217,217,
60,43,110000,0,user_15,217,217,
59,44,100000,0,user_14,217,217,
79,45,80000,13900,user_29,217,217,
107,46,0,0,validator_3,100,217,79
73,47,85000,0,user_23,217,217,
70,48,82000,0,user_23,217,217,
69,49,73000,0,user_22,217,217,
58,50,70000,0,user_13,217,217,
113,0,43000000,7840,user_3,218,218,
168,1,0,0,validator_13,100,218,113
138,2,30000000,0,user_19,218,218,
143,3,5200000,0,user_21,218,218,
134,4,5000000,0,user_15,218,218,
169,5,0,0,validator_13,100,218,130
130,6,4500000,33300,user_13,218,218,
114,7,4500000,0,user_5,218,218,
153,8,2100000,0,user_33,218,218,
123,9,2000000,0,user_12,218,218,
167,10,2000000,0,user_48,218,218,
133,11,1900000,31700,user_14,218,218,
170,12,0,0,validator_13,100,218,133
154,13,1900000,0,user_33,218,218,
124,14,1500000,0,user_12,218,218,
156,15,1500000,0,user_36,218,218,
151,16,1400000,0,user_29,218,218,
160,17,1400000,0,user_37,218,218,
142,18,1100000,0,user_21,218,218,
171,19,0,0,validator_13,100,218,146
146,20,1000000,17000,user_25,218,218,
119,21,1000000,0,user_8,218,218,
164,22,1000000,0,user_43,218,218,
165,23,910000,73100,user_44,218,218,
172,24,0,0,validator_13,100,218,165
163,25,420000,510000,user_41,218,218,
173,26,0,0,validator_13,100,218,163
174,27,0,0,validator_13,100,218,166
166,28,110000,769000,user_45,218,218,
148,29,660000,0,user_26,218,218,
161,30,660000,0,user_39,218,218,
128,31,600000,0,user_13,218,218,
136,32,600000,0,user_18,218,218,
175,33,0,0,validator_13,100,218,158
158,34,530000,67500,user_37,218,218,
125,35,460000,0,user_12,218,218,
118,36,420000,0,user_8,218,218,
176,37,0,0,validator_13,100,218,157
157,38,350000,3130,user_37,218,218,
147,39,320000,0,user_25,218,218,
126,40,82000,195000,user_12,218,218,
177,41,0,0,validator_13,100,218,126
129,42,260000,0,user_13,218,218,
117,43,220000,0,user_7,218,218,
159,44,220000,0,user_37,218,218,
137,45,150000,67900,user_19,218,218,
178,46,0,0,validator_13,100,218,137
135,47,170000,0,user_17,218,218,
179,48,0,0,validator_13,100,218,131
131,49,83000,64600,user_13,218,218,
180,50,0,0,validator_13,100,218,109
109,51,98000,43600,user_1,218,218,
149,52,100000,0,user_26,218,218,
152,53,100000,0,user_32,218,218,
110,54,98001,0,user_1,218,218,109
111,55,98001,0,user_2,218,218,109
112,56,97999,0,user_2,218,218,109
121,57,87000,0,user_10,218,218,
150,58,79000,5640,user_28,218,218,
181,59,0,0,validator_13,100,218,150
132,60,83000,0,user_13,218,218,
155,61,82000,0,user_35,218,218,
127,62,70000,0,user_12,218,218,
189,0,27000000,0,user_9,219,219,
230,1,6100000,0,user_48,219,219,
216,2,5200000,0,user_35,219,219,
190,3,4500000,0,user_10,219,219,
186,4,3200000,0,user_6,219,219,
213,5,2500000,0,user_34,219,219,
223,6,2500000,0,user_40,219,219,
228,7,2300000,33300,user_46,219,219,
231,8,0,0,validator_7,100,219,228
192,9,2300000,0,user_12,219,219,
201,10,1700000,0,user_17,219,219,
185,11,1600000,0,user_6,219,219,
224,12,1300000,0,user_41,219,219,
218,13,970000,0,user_36,219,219,
210,14,630000,0,user_28,219,219,
215,15,460000,0,user_35,219,219,
225,16,420000,0,user_41,219,219,
208,17,350000,0,user_26,219,219,
188,18,320000,0,user_9,219,219,
193,19,310000,0,user_13,219,219,
196,20,260000,0,user_15,219,219,
214,21,260000,0,user_34,219,219,
229,22,220000,0,user_47,219,219,
187,23,190000,19700,user_6,219,219,
232,24,0,0,validator_7,100,219,187
202,25,170000,0,user_19,219,219,
209,26,170000,0,user_28,219,219,
203,27,160000,0,user_19,219,219,
233,28,0,0,validator_7,100,219,227
227,29,120000,32900,user_43,219,219,
182,30,120000,0,user_0,219,219,
207,31,120000,0,user_26,219,219,
211,32,120000,0,user_31,219,219,
217,33,120000,0,user_36,219,219,
220,34,120000,0,user_36,219,219,
222,35,120000,0,user_38,219,219,
184,36,98000,0,user_6,219,219,
212,37,87000,0,user_32,219,219,
219,38,85000,0,user_36,219,219,
183,39,83000,0,user_4,219,219,
221,40,70000,0,user_36,219,219,
258,0,43000000,0,user_26,220,220,
267,1,43000000,0,user_35,220,220,
287,2,0,0,validator_13,100,220,237
237,3,27000000,12300,user_4,220,220,
269,4,27000000,0,user_38,220,220,
288,5,0,0,validator_13,100,220,244
244,6,19000000,36800,user_13,220,220,
238,7,2000000,4320000,user_5,220,220,
289,8,0,0,validator_13,100,220,238
262,9,3200000,0,user_29,220,220,
248,10,2600000,17000,user_14,220,220,
290,11,0,0,validator_13,100,220,248
286,12,2500000,8520,user_49,220,220,
291,13,0,0,validator_13,100,220,286
261,14,2500000,0,user_28,220,220,
259,15,2100000,0,user_27,220,220,
236,16,2000000,0,user_4,220,220,
242,17,2000000,0,user_12,220,220,
260,18,1800000,0,user_27,220,220,
268,19,1800000,0,user_37,220,220,
279,20,1500000,0,user_47,220,220,
280,21,1100000,0,user_47,220,220,
246,22,670000,381000,user_14,220,220,
292,23,0,0,validator_13,100,220,246
243,24,1000000,0,user_12,220,220,
265,25,870000,0,user_33,220,220,
245,26,670000,164000,user_14,220,220,
293,27,0,0,validator_13,100,220,245
285,28,650000,0,user_48,220,220,
241,29,600000,0,user_10,220,220,
257,30,460000,0,user_25,220,220,
270,31,320000,0,user_39,220,220,
274,32,320000,0,user_43,220,220,
283,33,320000,0,user_48,220,220,
247,34,300000,0,user_14,220,220,
251,35,300000,0,user_17,220,220,
282,36,190000,108000,user_47,220,220,
294,37,0,0,validator_13,100,220,282
295,38,0,0,validator_13,100,220,264
264,39,120000,155000,user_32,220,220,
255,40,240000,0,user_24,220,220,
278,41,220000,0,user_47,220,220,
277,42,190000,0,user_46,220,220,
249,43,170000,0,user_15,220,220,
253,44,150000,0,user_18,220,220,
276,45,120000,0,user_45,220,220,
256,46,110000,0,user_24,220,220,
263,47,100000,0,user_30,220,220,
284,48,87000,0,user_48,220,220,
252,49,77000,0,user_17,220,220,
266,50,73000,0,user_34,220,220,
272,51,73000,0,user_41,220,220,
281,52,73000,0,user_47,220,220,
275,53,70000,0,user_44,220,220,
298,0,43000000,0,user_1,221,221,
296,1,6300000,0,user_0,221,221,
335,2,5000000,0,user_43,221,221,
319,3,4500000,0,user_26,221,221,
336,4,4500000,769000,user_44,221,221,
309,5,3500000,0,user_15,221,221,
326,6,2300000,10700,user_31,221,221,
306,7,2000000,164000,user_11,221,221,
301,8,1500000,0,user_1,221,221,
303,9,1400000,0,user_6,221,221,
312,10,1000000,0,user_18,221,221,
299,11,910000,0,user_1,221,221,
327,12,870000,0,user_33,221,221,
337,13,650000,0,user_45,221,221,
300,14,600000,0,user_1,221,221,
322,15,530000,0,user_29,221,221,
313,16,460000,0,user_20,221,221,
317,17,420000,7190000,user_22,221,221,
328,18,370000,0,user_34,221,221,
318,19,360000,0,user_23,221,221,
329,20,360000,0,user_35,221,221,
331,21,340000,60700,user_37,221,221,
338,22,340000,0,user_48,221,221,
308,23,260000,60700,user_14,221,221,
334,24,220000,0,user_42,221,221,
305,25,190000,0,user_10,221,221,
323,26,160000,0,user_29,221,221,
304,27,150000,0,user_9,221,221,
330,28,150000,42000,user_36,221,221,
297,29,120000,0,user_0,221,221,
302,30,110000,0,user_3,221,221,
314,31,110000,73100,user_21,221,221,
307,32,98000,0,user_13,221,221,
333,33,87000,296000,user_41,221,221,
315,34,77000,0,user_21,221,221,
316,35,77000,510000,user_22,221,221,
343,0,43000000,60700,user_4,222,222,
359,1,43000000,0,user_19,222,222,
349,2,27000000,0,user_7,222,222,
357,3,6100000,18600,user_16,222,222,
372,4,5000000,0,user_30,222,222,
377,5,3600000,0,user_37,222,222,
361,6,3500000,0,user_20,222,222,
369,7,2500000,0,user_27,222,222,
374,8,2500000,16400,user_34,222,222,
388,9,2300000,0,user_49,222,222,
341,10,2000000,0,user_3,222,222,
346,11,2000000,155000,user_6,222,222,
389,12,2000000,215000,user_49,222,222,
379,13,1700000,0,user_39,222,222,
351,14,1500000,0,user_9,222,222,
352,15,1500000,0,user_10,222,222,
365,16,1500000,0,user_25,222,222,
348,17,630000,0,user_7,222,222,
381,18,600000,0,user_43,222,222,
382,19,460000,0,user_43,222,222,
358,20,420000,56200,user_17,222,222,
355,21,370000,0,user_13,222,222,
360,22,370000,0,user_20,222,222,
368,23,350000,0,user_26,222,222,
345,24,340000,231000,user_5,222,222,
340,25,320000,0,user_1,222,222,
356,26,310000,0,user_15,222,222,
364,27,310000,0,user_23,222,222,
363,28,220000,0,user_22,222,222,
387,29,190000,35600,user_48,222,222,
344,30,160000,47700,user_5,222,222,
362,31,160000,0,user_21,222,222,
350,32,150000,0,user_8,222,222,
366,33,150000,15100,user_25,222,222,
370,34,150000,13800,user_28,222,222,
371,35,150000,0,user_29,222,222,
376,36,150000,0,user_35,222,222,
347,37,120000,0,user_6,222,222,
367,38,120000,0,user_25,222,222,
375,39,120000,0,user_35,222,222,
378,40,98000,0,user_38,222,222,
342,41,73000,0,user_4,222,222,
393,0,30000000,0,user_3,223,223,
415,1,27000000,0,user_25,223,223,
441,2,6300000,0,user_44,223,223,
392,3,5000000,0,user_3,223,223,
417,4,5000000,0,user_26,223,223,
439,5,5000000,0,user_43,223,223,
390,6,4500000,0,user_1,223,223,
413,7,3500000,0,user_24,223,223,
446,8,0,0,validator_11,100,223,433
433,9,2000000,11200,user_39,223,223,
422,10,1900000,5180,user_31,223,223,
447,11,0,0,validator_11,100,223,422
445,12,1900000,0,user_48,223,223,
437,13,1500000,0,user_43,223,223,
410,14,1100000,0,user_21,223,223,
428,15,1100000,0,user_35,223,223,
418,16,970000,0,user_27,223,223,
424,17,970000,0,user_32,223,223,
430,18,910000,0,user_37,223,223,
419,19,870000,0,user_28,223,223,
403,20,650000,215000,user_14,223,223,
448,21,0,0,validator_11,100,223,403
404,22,650000,6390,user_17,223,223,
449,23,0,0,validator_11,100,223,404
416,24,650000,0,user_26,223,223,
442,25,600000,6390,user_46,223,223,
450,26,0,0,validator_11,100,223,442
412,27,600000,0,user_23,223,223,
423,28,530000,0,user_32,223,223,
426,29,460000,0,user_33,223,223,
440,30,460000,0,user_43,223,223,
394,31,370000,0,user_3,223,223,
407,32,370000,0,user_19,223,223,
429,33,340000,0,user_36,223,223,
443,34,310000,0,user_47,223,223,
444,35,310000,0,user_47,223,223,
436,36,260000,0,user_43,223,223,
414,37,220000,0,user_24,223,223,
421,38,220000,0,user_29,223,223,
451,39,0,0,validator_11,100,223,405
405,40,160000,15100,user_17,223,223,
408,41,170000,0,user_19,223,223,
435,42,170000,0,user_42,223,223,
452,43,0,0,validator_11,100,223,427
427,44,83000,68100,user_34,223,223,
453,45,0,0,validator_11,100,223,391
391,46,84000,46500,user_1,223,223,
398,47,120000,0,user_9,223,223,
401,48,120000,0,user_11,223,223,
406,49,120000,0,user_18,223,223,
425,50,120000,0,user_32,223,223,
420,51,110000,0,user_28,223,223,
431,52,110000,0,user_38,223,223,
432,53,110000,0,user_39,223,223,
395,54,85000,0,user_3,223,223,
411,55,85000,0,user_23,223,223,
400,56,79000,0,user_11,223,223,
438,57,73000,0,user_43,223,223,
479,0,30000000,0,user_20,224,224,
508,1,0,0,validator_10,100,224,459
459,2,3600000,215000,user_5,224,224,
499,3,2400000,0,user_45,224,224,
476,4,2300000,0,user_11,224,224,
481,5,2300000,0,user_24,224,224,
464,6,2100000,0,user_6,224,224,
498,7,2000000,24700,user_44,224,224,
509,8,0,0,validator_10,100,224,498
485,9,2000000,5640,user_32,224,224,
510,10,0,0,validator_10,100,224,485
497,11,2000000,0,user_42,224,224,
505,12,2000000,0,user_48,224,224,
511,13,0,0,validator_10,100,224,471
471,14,1700000,12800,user_8,224,224,
477,15,1600000,0,user_11,224,224,
475,16,1500000,7840,user_11,224,224,
512,17,0,0,validator_10,100,224,475
466,18,1500000,0,user_7,224,224,
507,19,1500000,0,user_49,224,224,
486,20,1400000,35100,user_33,224,224,
513,21,0,0,validator_10,100,224,486
461,22,1400000,0,user_5,224,224,
469,23,1400000,0,user_7,224,224,
490,24,87000,1100000,user_34,224,224,
514,25,0,0,validator_10,100,224,490
463,26,1000000,15700,user_6,224,224,
515,27,0,0,validator_10,100,224,463
488,28,1000000,0,user_33,224,224,
492,29,1000000,0,user_35,224,224,
460,30,970000,0,user_5,224,224,
487,31,660000,0,user_33,224,224,
501,32,470000,0,user_47,224,224,
474,33,460000,0,user_11,224,224,
478,34,460000,0,user_12,224,224,
462,35,340000,0,user_5,224,224,
503,36,320000,0,user_48,224,224,
496,37,310000,0,user_40,224,224,
480,38,300000,0,user_21,224,224,
495,39,300000,0,user_40,224,224,
494,40,240000,0,user_38,224,224,
489,41,220000,10700,user_34,224,224,
516,42,0,0,validator_10,100,224,489
468,43,220000,0,user_7,224,224,
465,44,190000,0,user_7,224,224,
458,45,170000,0,user_3,224,224,
470,46,120000,43600,user_8,224,224,
517,47,0,0,validator_10,100,224,470
502,48,150000,0,user_48,224,224,
504,49,130000,0,user_48,224,224,
491,50,120000,0,user_35,224,224,
467,51,110000,0,user_7,224,224,
493,52,100000,0,user_37,224,224,
454,53,73000,7840,user_0,224,224,
518,54,0,0,validator_10,100,224,454
506,55,80000,0,user_48,224,224,
484,56,77000,0,user_30,224,224,
457,57,73001,0,user_2,224,224,454
455,58,72999,0,user_1,224,224,454
456,59,72999,0,user_1,224,224,454
566,0,43000000,0,user_43,225,225,
556,1,320000,7190000,user_34,225,225,
575,2,0,0,validator_10,100,225,556
531,3,5000000,0,user_13,225,225,
576,4,0,0,validator_10,100,225,561
561,5,4200000,18600,user_39,225,225,
534,6,2500000,0,user_16,225,225,
525,7,2000000,0,user_7,225,225,
547,8,2000000,0,user_24,225,225,
545,9,1600000,0,user_23,225,225,
572,10,1600000,0,user_45,225,225,
574,11,1600000,0,user_47,225,225,
565,12,1500000,0,user_43,225,225,
573,13,1500000,0,user_47,225,225,
577,14,0,0,validator_10,100,225,541
541,15,1400000,31700,user_21,225,225,
533,16,1400000,0,user_14,225,225,
568,17,1400000,0,user_43,225,225,
532,18,1100000,0,user_13,225,225,
564,19,1100000,0,user_43,225,225,
546,20,1000000,0,user_23,225,225,
551,21,870000,0,user_30,225,225,
544,22,670000,0,user_21,225,225,
519,23,120000,510000,user_0,225,225,
578,24,0,0,validator_10,100,225,519
542,25,630000,0,user_21,225,225,
570,26,600000,0,user_45,225,225,
560,27,130000,410000,user_37,225,225,
579,28,0,0,validator_10,100,225,560
552,29,470000,0,user_31,225,225,
554,30,120000,322000,user_33,225,225,
580,31,0,0,validator_10,100,225,554
530,32,420000,0,user_12,225,225,
524,33,360000,0,user_6,225,225,
569,34,310000,31700,user_45,225,225,
581,35,0,0,validator_10,100,225,569
539,36,310000,0,user_20,225,225,
555,37,300000,0,user_33,225,225,
538,38,260000,0,user_19,225,225,
562,39,260000,0,user_41,225,225,
557,40,240000,0,user_35,225,225,
529,41,220000,0,user_11,225,225,
548,42,220000,0,user_25,225,225,
553,43,170000,0,user_33,225,225,
567,44,160000,0,user_43,225,225,
521,45,120001,0,user_2,225,225,519
520,46,119999,0,user_2,225,225,519
571,47,100000,0,user_45,225,225,
558,48,98000,0,user_35,225,225,
582,49,0,0,validator_10,100,225,559
559,50,70000,15300,user_36,225,225,
563,51,84000,0,user_42,225,225,
537,52,82000,0,user_19,225,225,
543,53,82000,0,user_21,225,225,
540,54,79000,0,user_21,225,225,
587,0,27000000,0,user_3,226,226,
586,1,19000000,0,user_2,226,226,
583,2,5000000,0,user_0,226,226,
631,3,5000000,0,user_49,226,226,
633,4,0,0,validator_0,100,226,604
604,5,4500000,71800,user_20,226,226,
634,6,0,0,validator_0,100,226,598
598,7,3600000,350000,user_17,226,226,
595,8,3500000,84800,user_13,226,226,
635,9,0,0,validator_0,100,226,595
629,10,2600000,0,user_47,226,226,
636,11,0,0,validator_0,100,226,597
597,12,2300000,13900,user_15,226,226,
599,13,2100000,0,user_17,226,226,
628,14,1800000,128000,user_43,226,226,
637,15,0,0,validator_0,100,226,628
619,16,1800000,0,user_35,226,226,
627,17,1600000,0,user_43,226,226,
630,18,1600000,0,user_48,226,226,
592,19,1400000,0,user_11,226,226,
602,20,1200000,0,user_17,226,226,
615,21,370000,769000,user_29,226,226,
638,22,0,0,validator_0,100,226,615
639,23,0,0,validator_0,100,226,607
607,24,1000000,33100,user_23,226,226,
590,25,600000,0,user_8,226,226,
608,26,470000,0,user_24,226,226,
632,27,470000,0,user_49,226,226,
623,28,350000,0,user_40,226,226,
593,29,340000,0,user_11,226,226,
594,30,340000,0,user_13,226,226,
603,31,340000,0,user_19,226,226,
596,32,220000,0,user_15,226,226,
601,33,190000,0,user_17,226,226,
600,34,170000,0,user_17,226,226,
605,35,170000,0,user_20,226,226,
617,36,170000,0,user_31,226,226,
622,37,170000,0,user_38,226,226,
621,38,150000,5180,user_37,226,226,
640,39,0,0,validator_0,100,226,621
626,40,150000,0,user_42,226,226,
612,41,120000,0,user_27,226,226,
589,42,110000,0,user_7,226,226,
585,43,77000,0,user_2,226,226,
653,0,30000000,0,user_10,227,227,
652,1,27000000,0,user_10,227,227,
646,2,6300000,0,user_4,227,227,
689,3,6100000,0,user_46,227,227,
681,4,5000000,0,user_35,227,227,
671,5,4200000,17000,user_23,227,227,
693,6,0,0,validator_2,100,227,671
676,7,4200000,0,user_32,227,227,
664,8,3600000,0,user_17,227,227,
682,9,3200000,0,user_35,227,227,
665,10,2500000,0,user_17,227,227,
654,11,2400000,0,user_11,227,227,
683,12,2400000,0,user_35,227,227,
661,13,1900000,0,user_14,227,227,
687,14,1900000,0,user_44,227,227,
645,15,1600000,0,user_4,227,227,
691,16,1500000,0,user_48,227,227,
694,17,0,0,validator_2,100,227,643
643,18,1100000,8520,user_2,227,227,
658,19,970000,0,user_12,227,227,
666,20,970000,0,user_17,227,227,
695,21,0,0,validator_2,100,227,675
675,22,660000,35600,user_31,227,227,
692,23,670000,0,user_49,227,227,
670,24,650000,0,user_21,227,227,
688,25,650000,0,user_44,227,227,
651,26,630000,0,user_9,227,227,
647,27,600000,0,user_4,227,227,
642,28,530000,0,user_2,227,227,
684,29,470000,18600,user_39,227,227,
696,30,0,0,validator_2,100,227,684
663,31,470000,0,user_16,227,227,
655,32,82000,369000,user_12,227,227,
697,33,0,0,validator_2,100,227,655
667,34,240000,195000,user_17,227,227,
698,35,0,0,validator_2,100,227,667
699,36,0,0,validator_2,100,227,648
648,37,310000,121000,user_6,227,227,
679,38,360000,0,user_35,227,227,
644,39,320000,0,user_3,227,227,
678,40,300000,0,user_33,227,227,
649,41,260000,0,user_7,227,227,
673,42,260000,0,user_28,227,227,
657,43,220000,0,user_12,227,227,
662,44,220000,0,user_14,227,227,
668,45,220000,0,user_18,227,227,
674,46,220000,0,user_30,227,227,
680,47,220000,0,user_35,227,227,
700,48,0,0,validator_2,100,227,685
685,49,85000,100000,user_42,227,227,
659,50,160000,0,user_12,227,227,
656,51,150000,0,user_12,227,227,
677,52,120000,0,user_32,227,227,
672,53,100000,0,user_26,227,227,
720,0,30000000,0,user_17,228,228,
711,1,27000000,0,user_9,228,228,
726,2,27000000,0,user_28,228,228,
727,3,27000000,0,user_29,228,228,
721,4,2600000,23500,user_18,228,228,
735,5,2600000,0,user_36,228,228,
709,6,2400000,0,user_9,228,228,
746,7,2400000,0,user_40,228,228,
744,8,1800000,0,user_39,228,228,
748,9,1700000,0,user_41,228,228,
724,10,1500000,0,user_26,228,228,
719,11,1400000,0,user_17,228,228,
725,12,970000,0,user_28,228,228,
716,13,870000,0,user_15,228,228,
718,14,670000,0,user_16,228,228,
736,15,650000,0,user_37,228,228,
722,16,600000,0,user_19,228,228,
729,17,600000,68100,user_30,228,228,
749,18,470000,0,user_41,228,228,
751,19,470000,0,user_42,228,228,
756,20,470000,0,user_45,228,228,
763,21,420000,0,user_49,228,228,
728,22,360000,68100,user_29,228,228,
701,23,340000,0,user_0,228,228,
750,24,340000,0,user_41,228,228,
710,25,300000,108000,user_9,228,228,
712,26,300000,0,user_10,228,228,
747,27,300000,0,user_41,228,228,
741,28,260000,0,user_39,228,228,
742,29,240000,0,user_39,228,228,
745,30,240000,0,user_39,228,228,
705,31,170000,0,user_5,228,228,
757,32,170000,0,user_46,228,228,
739,33,160000,0,user_38,228,228,
762,34,160000,0,user_49,228,228,
713,35,150000,0,user_11,228,228,
708,36,130000,0,user_9,228,228,
743,37,130000,0,user_39,228,228,
723,38,120000,75000,user_22,228,228,
738,39,110000,0,user_38,228,228,
740,40,110000,0,user_38,228,228,
717,41,98000,0,user_15,228,228,
737,42,98000,0,user_38,228,228,
730,43,83000,0,user_30,228,228,
715,44,82000,0,user_14,228,228,
704,45,78999,0,user_2,228,228,702
793,0,43000000,0,user_27,229,229,
789,1,6100000,0,user_25,229,229,
780,2,5000000,19700,user_15,229,229,
810,3,0,0,validator_1,100,229,780
769,4,5000000,0,user_4,229,229,
792,5,2000000,1100000,user_27,229,229,
811,6,0,0,validator_1,100,229,792
765,7,2600000,0,user_0,229,229,
799,8,2600000,0,user_34,229,229,
803,9,2300000,0,user_39,229,229,
804,10,1900000,0,user_40,229,229,
809,11,1600000,36800,user_49,229,229,
812,12,0,0,validator_1,100,229,809
802,13,1100000,0,user_39,229,229,
813,14,0,0,validator_1,100,229,791
791,15,670000,369000,user_27,229,229,
814,16,0,0,validator_1,100,229,796
796,17,1000000,30200,user_29,229,229,
808,18,98000,545000,user_48,229,229,
815,19,0,0,validator_1,100,229,808
816,20,0,0,validator_1,100,229,784
784,21,260000,381000,user_19,229,229,
775,22,470000,0,user_10,229,229,
774,23,370000,0,user_8,229,229,
805,24,370000,0,user_45,229,229,
801,25,360000,0,user_38,229,229,
786,26,350000,0,user_21,229,229,
807,27,260000,0,user_47,229,229,
817,28,0,0,validator_1,100,229,795
795,29,110000,128000,user_28,229,229,
777,30,170000,0,user_11,229,229,
778,31,170000,0,user_12,229,229,
764,32,160000,0,user_0,229,229,
806,33,160000,0,user_45,229,229,
773,34,120000,33100,user_7,229,229,
818,35,0,0,validator_1,100,229,773
787,36,130000,0,user_24,229,229,
798,37,110000,16400,user_32,229,229,
819,38,0,0,validator_1,100,229,798
788,39,120000,0,user_24,229,229,
794,40,120000,0,user_27,229,229,
782,41,87000,0,user_18,229,229,
783,42,87000,0,user_19,229,229,
790,43,84000,0,user_26,229,229,
785,44,83000,0,user_19,229,229,
776,45,80000,0,user_10,229,229,
797,46,73000,0,user_30,229,229,
861,0,6300000,0,user_40,230,230,
824,1,5000000,0,user_6,230,230,
831,2,4200000,0,user_13,230,230,
836,3,4200000,0,user_19,230,230,
842,4,3500000,0,user_24,230,230,
827,5,2600000,0,user_9,230,230,
878,6,0,0,validator_3,100,230,843
843,7,1600000,779000,user_25,230,230,
855,8,2300000,0,user_33,230,230,
874,9,2300000,0,user_47,230,230,
860,10,2100000,0,user_40,230,230,
869,11,2000000,0,user_43,230,230,
879,12,0,0,validator_3,100,230,830
830,13,1600000,39400,user_11,230,230,
838,14,1600000,0,user_22,230,230,
880,15,0,0,validator_3,100,230,857
857,16,1400000,128000,user_37,230,230,
853,17,1500000,0,user_31,230,230,
881,18,0,0,validator_3,100,230,840
840,19,220000,1100000,user_23,230,230,
841,20,1200000,0,user_23,230,230,
856,21,1100000,0,user_36,230,230,
858,22,1100000,0,user_38,230,230,
825,23,660000,0,user_7,230,230,
872,24,660000,0,user_46,230,230,
847,25,650000,0,user_29,230,230,
864,26,320000,283000,user_40,230,230,
882,27,0,0,validator_3,100,230,864
833,28,470000,0,user_15,230,230,
868,29,350000,0,user_43,230,230,
829,30,320000,0,user_10,230,230,
866,31,320000,0,user_42,230,230,
826,32,310000,0,user_8,230,230,
852,33,310000,0,user_31,230,230,
820,34,260000,0,user_0,230,230,
834,35,260000,0,user_17,230,230,
851,36,260000,0,user_31,230,230,
870,37,220000,0,user_44,230,230,
883,38,0,0,validator_3,100,230,839
839,39,120000,67500,user_22,230,230,
863,40,110000,64600,user_40,230,230,
884,41,0,0,validator_3,100,230,863
849,42,160000,0,user_31,230,230,
865,43,160000,0,user_41,230,230,
867,44,160000,0,user_42,230,230,
828,45,150000,0,user_9,230,230,
862,46,150000,0,user_40,230,230,
821,47,120000,0,user_2,230,230,
854,48,110000,0,user_32,230,230,
873,49,73000,32900,user_47,230,230,
885,50,0,0,validator_3,100,230,873
832,51,84000,5640,user_14,230,230,
886,52,0,0,validator_3,100,230,832
887,53,0,0,validator_3,100,230,850
850,54,80000,5180,user_31,230,230,
823,55,84000,0,user_5,230,230,
837,56,79000,0,user_21,230,230,
845,57,79000,0,user_28,230,230,
844,58,77000,0,user_27,230,230,
846,59,77000,0,user_28,230,230,
835,60,73000,0,user_17,230,230,
915,0,43000000,0,user_23,231,231,
937,1,0,0,validator_8,100,231,913
913,2,3200000,67500,user_21,231,231,
925,3,2000000,0,user_39,231,231,
926,4,2000000,0,user_39,231,231,
929,5,1900000,0,user_41,231,231,
919,6,1800000,0,user_28,231,231,
928,7,1800000,0,user_39,231,231,
888,8,1600000,0,user_0,231,231,
903,9,1500000,0,user_11,231,231,
938,10,0,0,validator_8,100,231,896
896,11,670000,769000,user_5,231,231,
908,12,910000,0,user_14,231,231,
895,13,870000,0,user_4,231,231,
927,14,670000,0,user_39,231,231,
909,15,630000,0,user_18,231,231,
889,16,470000,73100,user_1,231,231,
939,17,0,0,validator_8,100,231,889
920,18,470000,23500,user_29,231,231,
940,19,0,0,validator_8,100,231,920
904,20,460000,0,user_11,231,231,
916,21,420000,0,user_24,231,231,
899,22,350000,21800,user_7,231,231,
941,23,0,0,validator_8,100,231,899
900,24,370000,0,user_8,231,231,
897,25,360000,0,user_5,231,231,
901,26,350000,0,user_9,231,231,
894,27,340000,0,user_3,231,231,
905,28,340000,0,user_12,231,231,
906,29,320000,0,user_13,231,231,
922,30,84000,155000,user_33,231,231,
942,31,0,0,validator_8,100,231,922
914,32,220000,0,user_22,231,231,
930,33,190000,0,user_42,231,231,
918,34,150000,0,user_27,231,231,
932,35,130000,0,user_44,231,231,
912,36,120000,0,user_20,231,231,
917,37,120000,0,user_26,231,231,
907,38,110000,0,user_13,231,231,
936,39,79000,7840,user_49,231,231,
943,40,0,0,validator_8,100,231,936
898,41,80000,0,user_5,231,231,
902,42,80000,0,user_9,231,231,
921,43,79000,0,user_31,231,231,
997,0,30000000,0,user_43,232,232,
987,1,27000000,35600,user_34,232,232,
1005,2,0,0,validator_7,100,232,987
1002,3,6100000,0,user_46,232,232,
982,4,4500000,0,user_32,232,232,
1006,5,0,0,validator_7,100,232,981
981,6,4200000,15700,user_32,232,232,
946,7,4200000,0,user_1,232,232,
957,8,4200000,0,user_9,232,232,
952,9,3600000,0,user_7,232,232,
1003,10,3200000,0,user_48,232,232,
966,11,2600000,0,user_17,232,232,
1007,12,0,0,validator_7,100,232,964
964,13,2000000,71800,user_15,232,232,
954,14,2000000,0,user_7,232,232,
1004,15,2000000,0,user_49,232,232,
945,16,1900000,0,user_0,232,232,
956,17,1800000,0,user_8,232,232,
961,18,1500000,0,user_13,232,232,
953,19,1400000,0,user_7,232,232,
998,20,1300000,0,user_43,232,232,
990,21,1100000,15700,user_35,232,232,
1008,22,0,0,validator_7,100,232,990
951,23,1000000,0,user_7,232,232,
977,24,970000,0,user_27,232,232,
1009,25,0,0,validator_7,100,232,949
949,26,350000,545000,user_4,232,232,
984,27,660000,0,user_32,232,232,
1010,28,0,0,validator_7,100,232,976
976,29,360000,195000,user_27,232,232,
985,30,460000,0,user_32,232,232,
978,31,370000,68100,user_28,232,232,
1011,32,0,0,validator_7,100,232,978
988,33,420000,13900,user_34,232,232,
1012,34,0,0,validator_7,100,232,988
1001,35,420000,0,user_46,232,232,
971,36,360000,0,user_24,232,232,
973,37,350000,0,user_26,232,232,
975,38,350000,0,user_26,232,232,
967,39,340000,0,user_18,232,232,
959,40,310000,0,user_10,232,232,
947,41,260000,0,user_1,232,232,
955,42,260000,0,user_8,232,232,
968,43,260000,0,user_19,232,232,
979,44,260000,0,user_28,232,232,
980,45,260000,0,user_31,232,232,
995,46,260000,0,user_41,232,232,
944,47,220000,0,user_0,232,232,
972,48,220000,0,user_26,232,232,
1013,49,0,0,validator_7,100,232,974
974,50,120000,71800,user_26,232,232,
991,51,170000,0,user_36,232,232,
994,52,170000,0,user_40,232,232,
989,53,98000,67900,user_34,232,232,
1014,54,0,0,validator_7,100,232,989
960,55,160000,0,user_10,232,232,
958,56,150000,0,user_9,232,232,
983,57,150000,0,user_32,232,232,
999,58,150000,0,user_43,232,232,
993,59,98000,0,user_40,232,232,
969,60,87000,0,user_19,232,232,
1000,61,84000,0,user_45,232,232,
992,62,82000,0,user_37,232,232,
948,63,80000,0,user_3,232,232,
950,64,79000,0,user_5,232,232,
1057,0,43000000,0,user_35,233,233,
1018,1,30000000,0,user_3,233,233,
1048,2,30000000,0,user_25,233,233,
1070,3,0,0,validator_8,100,233,1067
1067,4,4500000,56200,user_47,233,233,
1071,5,0,0,validator_8,100,233,1058
1058,6,2600000,231000,user_35,233,233,
1072,7,0,0,validator_8,100,233,1038
1038,8,2600000,24700,user_16,233,233,
1031,9,2600000,0,user_14,233,233,
1034,10,2500000,0,user_15,233,233,
1073,11,0,0,validator_8,100,233,1050
1050,12,2000000,283000,user_27,233,233,
1039,13,1900000,0,user_16,233,233,
1051,14,1900000,0,user_28,233,233,
1036,15,1700000,0,user_15,233,233,
1069,16,1600000,0,user_49,233,233,
1045,17,1500000,0,user_24,233,233,
1055,18,1500000,0,user_33,233,233,
1065,19,1300000,0,user_44,233,233,
1016,20,1000000,0,user_1,233,233,
1022,21,1000000,0,user_5,233,233,
1032,22,1000000,0,user_14,233,233,
1029,23,870000,0,user_11,233,233,
1052,24,870000,0,user_28,233,233,
1042,25,650000,0,user_21,233,233,
1019,26,360000,0,user_3,233,233,
1056,27,360000,0,user_34,233,233,
1068,28,360000,0,user_48,233,233,
1043,29,350000,0,user_21,233,233,
1049,30,320000,0,user_27,233,233,
1074,31,0,0,validator_8,100,233,1026
1026,32,220000,32900,user_9,233,233,
1015,33,240000,0,user_1,233,233,
1024,34,220000,0,user_7,233,233,
1030,35,220000,0,user_12,233,233,
1047,36,170000,0,user_24,233,233,
1033,37,160000,0,user_15,233,233,
1044,38,160000,0,user_23,233,233,
1046,39,160000,0,user_24,233,233,
1021,40,110000,0,user_5,233,233,
1025,41,110000,0,user_8,233,233,
1027,42,110000,0,user_9,233,233,
1053,43,110000,0,user_31,233,233,
1075,44,0,0,validator_8,100,233,1020
1020,45,80000,16400,user_4,233,233,
1054,46,79000,0,user_32,233,233,
1037,47,77000,0,user_15,233,233,
1035,48,73000,0,user_15,233,233,
1115,0,27000000,0,user_41,234,234,
1084,1,5200000,0,user_11,234,234,
1089,2,300000,4320000,user_14,234,234,
1125,3,0,0,validator_3,100,234,1089
1119,4,4500000,0,user_44,234,234,
1093,5,2300000,12300,user_16,234,234,
1126,6,0,0,validator_3,100,234,1093
1104,7,2000000,0,user_31,234,234,
1106,8,1800000,0,user_32,234,234,
1127,9,0,0,validator_3,100,234,1096
1096,10,1500000,3130,user_23,234,234,
1099,11,1500000,0,user_25,234,234,
1128,12,0,0,validator_3,100,234,1098
1098,13,310000,959000,user_25,234,234,
1080,14,1100000,0,user_4,234,234,
1085,15,1100000,0,user_11,234,234,
1087,16,1100000,0,user_13,234,234,
1108,17,1100000,0,user_34,234,234,
1094,18,630000,0,user_21,234,234,
1129,19,0,0,validator_3,100,234,1105
1105,20,320000,231000,user_32,234,234,
1076,21,530000,0,user_0,234,234,
1111,22,460000,0,user_37,234,234,
1086,23,150000,296000,user_12,234,234,
1130,24,0,0,validator_3,100,234,1086
1110,25,420000,0,user_36,234,234,
1083,26,360000,36800,user_10,234,234,
1131,27,0,0,validator_3,100,234,1083
1103,28,370000,0,user_27,234,234,
1121,29,370000,0,user_47,234,234,
1101,30,360000,0,user_25,234,234,
1095,31,350000,0,user_22,234,234,
1112,32,350000,0,user_37,234,234,
1091,33,320000,0,user_15,234,234,
1117,34,310000,0,user_42,234,234,
1132,35,0,0,validator_3,100,234,1097
1097,36,220000,68100,user_25,234,234,
1078,37,170000,73100,user_2,234,234,
1133,38,0,0,validator_3,100,234,1078
1077,39,170000,0,user_1,234,234,
1107,40,170000,0,user_33,234,234,
1081,41,150000,0,user_6,234,234,
1088,42,150000,0,user_14,234,234,
1100,43,150000,0,user_25,234,234,
1109,44,150000,0,user_35,234,234,
1092,45,120000,0,user_16,234,234,
1090,46,110000,0,user_14,234,234,
1118,47,110000,0,user_43,234,234,
1102,48,85000,0,user_26,234,234,
1122,49,85000,0,user_47,234,234,
1114,50,84000,0,user_40,234,234,
1116,51,84000,0,user_41,234,234,
1082,52,79000,0,user_8,234,234,
1172,0,5200000,0,user_35,235,235,
1149,1,4500000,0,user_15,235,235,
1157,2,3200000,73100,user_21,235,235,
1140,3,2300000,0,user_6,235,235,
1159,4,2000000,0,user_23,235,235,
1182,5,2000000,0,user_45,235,235,
1135,6,1600000,0,user_3,235,235,
1139,7,1600000,1100000,user_6,235,235,
1154,8,1600000,0,user_21,235,235,
1168,9,1500000,4320000,user_29,235,235,
1134,10,1300000,0,user_0,235,235,
1141,11,1200000,0,user_7,235,235,
1165,12,1100000,0,user_26,235,235,
1152,13,1000000,0,user_19,235,235,
1174,14,1000000,0,user_38,235,235,
1179,15,1000000,0,user_42,235,235,
1146,16,910000,0,user_13,235,235,
1158,17,910000,0,user_23,235,235,
1181,18,910000,0,user_44,235,235,
1160,19,670000,16400,user_23,235,235,
1153,20,660000,0,user_19,235,235,
1156,21,630000,56200,user_21,235,235,
1170,22,630000,0,user_33,235,235,
1176,23,470000,0,user_40,235,235,
1180,24,470000,46500,user_44,235,235,
1147,25,460000,0,user_14,235,235,
1144,26,350000,0,user_11,235,235,
1148,27,340000,75000,user_15,235,235,
1173,28,320000,0,user_37,235,235,
1171,29,310000,0,user_34,235,235,
1177,30,170000,0,user_41,235,235,
1138,31,160000,381000,user_6,235,235,
1150,32,160000,0,user_17,235,235,
1142,33,150000,0,user_9,235,235,
1161,34,150000,0,user_23,235,235,
1143,35,120000,1100000,user_10,235,235,
1163,36,120000,68100,user_26,235,235,
1162,37,110000,0,user_23,235,235,
1164,38,110000,779000,user_26,235,235,
1155,39,98000,0,user_21,235,235,
1151,40,83000,0,user_18,235,235,
1178,41,77000,0,user_42,235,235,
1191,0,43000000,71800,user_6,236,236,
1254,1,0,0,validator_11,100,236,1191
1244,2,160000,17700000,user_42,236,236,
1255,3,0,0,validator_11,100,236,1244
1196,4,6100000,779000,user_11,236,236,
1256,5,0,0,validator_11,100,236,1196
1247,6,6100000,0,user_43,236,236,
1204,7,4500000,0,user_17,236,236,
1210,8,4200000,0,user_21,236,236,
1237,9,2500000,0,user_37,236,236,
1186,10,2300000,6390,user_2,236,236,
1257,11,0,0,validator_11,100,236,1186
1188,12,2000000,0,user_4,236,236,
1238,13,2000000,0,user_38,236,236,
1235,14,1700000,0,user_35,236,236,
1221,15,1600000,0,user_27,236,236,
1258,16,0,0,validator_11,100,236,1248
1248,17,1500000,75000,user_44,236,236,
1197,18,1500000,0,user_12,236,236,
1202,19,1500000,0,user_14,236,236,
1189,20,1300000,0,user_4,236,236,
1259,21,0,0,validator_11,100,236,1224
1224,22,160000,1100000,user_28,236,236,
1211,23,120000,1100000,user_22,236,236,
1260,24,0,0,validator_11,100,236,1211
1205,25,1200000,0,user_17,236,236,
1223,26,150000,959000,user_28,236,236,
1261,27,0,0,validator_11,100,236,1223
1222,28,1000000,0,user_28,236,236,
1225,29,1000000,0,user_28,236,236,
1239,30,660000,12800,user_39,236,236,
1262,31,0,0,validator_11,100,236,1239
1187,32,670000,0,user_3,236,236,
1216,33,670000,0,user_26,236,236,
1263,34,0,0,validator_11,100,236,1246
1246,35,650000,17000,user_42,236,236,
1230,36,660000,0,user_31,236,236,
1201,37,630000,0,user_14,236,236,
1199,38,220000,350000,user_14,236,236,
1264,39,0,0,validator_11,100,236,1199
1232,40,530000,0,user_33,236,236,
1265,41,0,0,validator_11,100,236,1228
1228,42,240000,285000,user_30,236,236,
1241,43,460000,0,user_41,236,236,
1243,44,460000,0,user_42,236,236,
1200,45,420000,0,user_14,236,236,
1253,46,420000,0,user_49,236,236,
1207,47,350000,0,user_19,236,236,
1227,48,350000,0,user_29,236,236,
1242,49,340000,0,user_42,236,236,
1236,50,300000,16400,user_36,236,236,
1266,51,0,0,validator_11,100,236,1236
1185,52,260000,0,user_2,236,236,
1194,53,120000,139000,user_8,236,236,
1267,54,0,0,validator_11,100,236,1194
1250,55,240000,0,user_46,236,236,
1240,56,170000,0,user_41,236,236,
1203,57,160000,0,user_15,236,236,
1190,58,150000,0,user_6,236,236,
1249,59,150000,0,user_46,236,236,
1251,60,150000,0,user_47,236,236,
1268,61,0,0,validator_11,100,236,1214
1214,62,98000,32900,user_24,236,236,
1252,63,130000,0,user_48,236,236,
1184,64,120000,0,user_1,236,236,
1219,65,120000,0,user_27,236,236,
1226,66,120000,0,user_28,236,236,
1229,67,120000,0,user_31,236,236,
1233,68,120000,0,user_34,236,236,
1195,69,110000,0,user_9,236,236,
1213,70,110000,0,user_24,236,236,
1220,71,110000,0,user_27,236,236,
1218,72,70000,35100,user_27,236,236,
1269,73,0,0,validator_11,100,236,1218
1231,74,100000,0,user_32,236,236,
1206,75,73000,16400,user_18,236,236,
1270,76,0,0,validator_11,100,236,1206
1212,77,84000,0,user_24,236,236,
1217,78,84000,0,user_27,236,236,
1234,79,82000,0,user_35,236,236,
1215,80,73000,0,user_24,236,236,
1245,81,73000,0,user_42,236,236,
1276,0,5000000,0,user_6,237,237,
1308,1,3500000,0,user_42,237,237,
1288,2,2000000,0,user_26,237,237,
1277,3,1600000,0,user_11,237,237,
1280,4,1600000,0,user_19,237,237,
1303,5,1400000,0,user_36,237,237,
1289,6,1100000,0,user_28,237,237,
1311,7,530000,0,user_46,237,237,
1305,8,160000,369000,user_40,237,237,
1312,9,0,0,validator_5,100,237,1305
1313,10,0,0,validator_5,100,237,1299
1299,11,220000,285000,user_35,237,237,
1281,12,470000,0,user_20,237,237,
1284,13,470000,0,user_24,237,237,
1300,14,470000,0,user_35,237,237,
1286,15,420000,0,user_25,237,237,
1287,16,420000,0,user_25,237,237,
1295,17,370000,11200,user_31,237,237,
1314,18,0,0,validator_5,100,237,1295
1291,19,310000,0,user_29,237,237,
1306,20,310000,0,user_41,237,237,
1307,21,310000,0,user_42,237,237,
1271,22,300000,0,user_0,237,237,
1283,23,300000,0,user_22,237,237,
1297,24,160000,139000,user_33,237,237,
1315,25,0,0,validator_5,100,237,1297
1316,26,0,0,validator_5,100,237,1272
1272,27,240000,39400,user_1,237,237,
1275,28,260000,0,user_4,237,237,
1279,29,260000,0,user_17,237,237,
1273,30,240001,0,user_1,237,237,1272
1274,31,240001,0,user_2,237,237,1272
1293,32,220000,0,user_29,237,237,
1310,33,220000,0,user_45,237,237,
1317,34,0,0,validator_5,100,237,1282
1282,35,85000,108000,user_21,237,237,
1302,36,170000,0,user_36,237,237,
1304,37,160000,0,user_36,237,237,
1318,38,0,0,validator_5,100,237,1301
1301,39,110000,10700,user_36,237,237,
1292,40,120000,0,user_29,237,237,
1285,41,110000,0,user_25,237,237,
1290,42,110000,0,user_28,237,237,
1296,43,98000,0,user_33,237,237,
1373,0,0,0,validator_3,100,238,1320
1320,1,27000000,4320000,user_1,238,238,
1374,2,0,0,validator_3,100,238,1350
1350,3,27000000,121000,user_26,238,238,
1358,4,6300000,0,user_35,238,238,
1323,5,6100000,0,user_6,238,238,
1360,6,5200000,0,user_35,238,238,
1355,7,5000000,0,user_32,238,238,
1375,8,0,0,validator_3,100,238,1362
1362,9,4500000,13900,user_36,238,238,
1328,10,4200000,0,user_9,238,238,
1356,11,3500000,0,user_32,238,238,
1361,12,2600000,0,user_35,238,238,
1341,13,2100000,0,user_15,238,238,
1346,14,2100000,0,user_22,238,238,
1353,15,1900000,0,user_28,238,238,
1366,16,1500000,0,user_40,238,238,
1324,17,1400000,0,user_7,238,238,
1339,18,1300000,0,user_15,238,238,
1334,19,1200000,0,user_12,238,238,
1354,20,910000,0,user_31,238,238,
1338,21,670000,0,user_15,238,238,
1340,22,660000,0,user_15,238,238,
1326,23,630000,0,user_8,238,238,
1349,24,460000,0,user_26,238,238,
1363,25,460000,0,user_37,238,238,
1376,26,0,0,validator_3,100,238,1330
1330,27,320000,128000,user_10,238,238,
1371,28,420000,0,user_47,238,238,
1337,29,350000,0,user_15,238,238,
1325,30,340000,0,user_8,238,238,
1347,31,320000,0,user_22,238,238,
1329,32,310000,0,user_9,238,238,
1331,33,170000,0,user_11,238,238,
1342,34,170000,0,user_18,238,238,
1343,35,170000,0,user_18,238,238,
1327,36,160000,0,user_9,238,238,
1336,37,160000,0,user_14,238,238,
1348,38,160000,0,user_24,238,238,
1367,39,160000,0,user_43,238,238,
1370,40,160000,0,user_46,238,238,
1333,41,150000,0,user_11,238,238,
1335,42,150000,0,user_12,238,238,
1345,43,110000,35600,user_21,238,238,
1377,44,0,0,validator_3,100,238,1345
1359,45,77000,56200,user_35,238,238,
1378,46,0,0,validator_3,100,238,1359
1332,47,130000,0,user_11,238,238,
1369,48,120000,0,user_46,238,238,
1357,49,87000,15700,user_35,238,238,
1379,50,0,0,validator_3,100,238,1357
1352,51,100000,0,user_27,238,238,
1319,52,98000,0,user_0,238,238,
1351,53,73000,18600,user_27,238,238,
1380,54,0,0,validator_3,100,238,1351
1386,0,30000000,545000,user_4,239,239,
1425,1,0,0,validator_11,100,239,1386
1382,2,27000000,381000,user_1,239,239,
1426,3,0,0,validator_11,100,239,1382
1383,4,26999999,0,user_1,239,239,1382
1427,5,0,0,validator_11,100,239,1387
1387,6,6300000,283000,user_5,239,239,
1419,7,5200000,0,user_44,239,239,
1381,8,5000000,0,user_0,239,239,
1411,9,4200000,0,user_35,239,239,
1407,10,2600000,0,user_26,239,239,
1428,11,0,0,validator_11,100,239,1412
1412,12,2500000,13900,user_37,239,239,
1397,13,2500000,0,user_14,239,239,
1410,14,2400000,35600,user_33,239,239,
1429,15,0,0,validator_11,100,239,1410
1421,16,2100000,0,user_46,239,239,
1389,17,1800000,0,user_6,239,239,
1417,18,1800000,0,user_42,239,239,
1390,19,1600000,0,user_8,239,239,
1398,20,1500000,0,user_14,239,239,
1393,21,1300000,0,user_12,239,239,
1405,22,1100000,0,user_26,239,239,
1400,23,1000000,12800,user_17,239,239,
1430,24,0,0,validator_11,100,239,1400
1423,25,1000000,0,user_48,239,239,
1413,26,970000,0,user_38,239,239,
1422,27,910000,0,user_47,239,239,
1388,28,870000,0,user_5,239,239,
1391,29,630000,0,user_8,239,239,
1394,30,460000,0,user_14,239,239,
1431,31,0,0,validator_11,100,239,1409
1409,32,360000,84800,user_31,239,239,
1418,33,420000,0,user_43,239,239,
1424,34,420000,0,user_49,239,239,
1414,35,340000,0,user_39,239,239,
1384,36,320000,0,user_4,239,239,
1392,37,320000,0,user_11,239,239,
1420,38,320000,0,user_45,239,239,
1403,39,260000,0,user_22,239,239,
1395,40,240000,0,user_14,239,239,
1404,41,220000,0,user_24,239,239,
1432,42,0,0,validator_11,100,239,1408
1408,43,170000,36800,user_28,239,239,
1406,44,170000,0,user_26,239,239,
1401,45,160000,5640,user_18,239,239,
1433,46,0,0,validator_11,100,239,1401
1434,47,0,0,validator_11,100,239,1402
1402,48,150000,10700,user_19,239,239,
1396,49,98000,0,user_14,239,239,
1399,50,98000,0,user_17,239,239,
1415,51,98000,0,user_39,239,239,
1385,52,79000,0,user_4,239,239,
1488,0,0,0,validator_13,100,240,1482
1482,1,27000000,64600,user_46,240,240,
1440,2,6300000,0,user_7,240,240,
1463,3,5000000,0,user_36,240,240,
1470,4,4200000,0,user_41,240,240,
1448,5,3500000,15700,user_15,240,240,
1489,6,0,0,validator_13,100,240,1448
1485,7,3500000,0,user_48,240,240,
1475,8,2600000,66100,user_44,240,240,
1490,9,0,0,validator_13,100,240,1475
1452,10,2600000,0,user_21,240,240,
1487,11,2500000,0,user_49,240,240,
1465,12,2400000,0,user_38,240,240,
1483,13,2400000,0,user_46,240,240,
1466,14,2300000,0,user_39,240,240,
1476,15,2300000,0,user_44,240,240,
1464,16,1900000,0,user_37,240,240,
1446,17,1000000,0,user_14,240,240,
1457,18,1000000,0,user_28,240,240,
1477,19,1000000,0,user_44,240,240,
1478,20,1000000,0,user_44,240,240,
1473,21,870000,0,user_43,240,240,
1472,22,650000,0,user_41,240,240,
1480,23,460000,0,user_46,240,240,
1486,24,98000,350000,user_48,240,240,
1491,25,0,0,validator_13,100,240,1486
1437,26,310000,121000,user_4,240,240,
1492,27,0,0,validator_13,100,240,1437
1468,28,420000,0,user_41,240,240,
1493,29,0,0,validator_13,100,240,1449
1449,30,190000,75000,user_17,240,240,
1436,31,260000,0,user_3,240,240,
1445,32,260000,0,user_13,240,240,
1460,33,260000,0,user_31,240,240,
1474,34,240000,0,user_44,240,240,
1456,35,220000,0,user_26,240,240,
1481,36,220000,0,user_46,240,240,
1469,37,190000,0,user_41,240,240,
1439,38,170000,0,user_7,240,240,
1450,39,160000,0,user_19,240,240,
1447,40,150000,0,user_14,240,240,
1462,41,150000,0,user_35,240,240,
1471,42,150000,0,user_41,240,240,
1494,43,0,0,validator_13,100,240,1479
1479,44,110000,31700,user_45,240,240,
1458,45,120000,0,user_29,240,240,
1459,46,120000,0,user_29,240,240,
1484,47,120000,0,user_47,240,240,
1495,48,0,0,validator_13,100,240,1444
1444,49,100000,12800,user_12,240,240,
1455,50,110000,0,user_24,240,240,
1441,51,87000,0,user_8,240,240,
1461,52,85000,0,user_32,240,240,
1505,0,27000000,0,user_10,241,241,
1513,1,27000000,0,user_18,241,241,
1524,2,19000000,56200,user_29,241,241,
1543,3,0,0,validator_13,100,241,1524
1529,4,5000000,0,user_33,241,241,
1521,5,3600000,0,user_29,241,241,
1541,6,3500000,0,user_47,241,241,
1519,7,1600000,0,user_25,241,241,
1502,8,1100000,0,user_7,241,241,
1527,9,1100000,0,user_31,241,241,
1539,10,1100000,0,user_44,241,241,
1544,11,0,0,validator_13,100,241,1540
1540,12,1000000,18600,user_45,241,241,
1501,13,650000,350000,user_7,241,241,
1545,14,0,0,validator_13,100,241,1501
1520,15,1000000,0,user_27,241,241,
1504,16,670000,0,user_10,241,241,
1528,17,650000,0,user_32,241,241,
1546,18,0,0,validator_13,100,241,1497
1497,19,600000,19700,user_1,241,241,
1498,20,600001,0,user_2,241,241,1497
1542,21,600000,0,user_48,241,241,
1514,22,420000,67500,user_19,241,241,
1547,23,0,0,validator_13,100,241,1514
1522,24,470000,0,user_29,241,241,
1523,25,460000,0,user_29,241,241,
1531,26,420000,0,user_34,241,241,
1530,27,370000,0,user_33,241,241,
1526,28,360000,0,user_30,241,241,
1510,29,310000,0,user_14,241,241,
1534,30,220000,0,user_37,241,241,
1535,31,170000,0,user_38,241,241,
1536,32,150000,0,user_39,241,241,
1532,33,120000,0,user_35,241,241,
1533,34,120000,0,user_36,241,241,
1525,35,110000,0,user_29,241,241,
1499,36,84000,0,user_4,241,241,
1511,37,82000,0,user_14,241,241,
1550,0,5000001,0,user_2,242,242,1548
1570,1,4500000,0,user_18,242,242,
1598,2,0,0,validator_2,100,242,1582
1582,3,4200000,68100,user_33,242,242,
1586,4,3600000,0,user_34,242,242,
1572,5,3500000,0,user_23,242,242,
1575,6,2300000,0,user_25,242,242,
1597,7,1900000,0,user_49,242,242,
1588,8,1800000,0,user_34,242,242,
1564,9,1600000,64600,user_12,242,242,
1599,10,0,0,validator_2,100,242,1564
1560,11,1600000,0,user_9,242,242,
1578,12,1600000,0,user_27,242,242,
1556,13,1500000,0,user_4,242,242,
1565,14,1500000,0,user_14,242,242,
1577,15,1500000,0,user_26,242,242,
1594,16,1500000,0,user_44,242,242,
1568,17,1400000,0,user_18,242,242,
1574,18,1100000,231000,user_25,242,242,
1600,19,0,0,validator_2,100,242,1574
1576,20,1100000,0,user_26,242,242,
1581,21,970000,0,user_31,242,242,
1601,22,0,0,validator_2,100,242,1584
1584,23,630000,283000,user_34,242,242,
1583,24,670000,0,user_33,242,242,
1602,25,0,0,validator_2,100,242,1592
1592,26,110000,369000,user_41,242,242,
1579,27,460000,0,user_29,242,242,
1603,28,0,0,validator_2,100,242,1558
1558,29,87000,283000,user_6,242,242,
1571,30,310000,0,user_18,242,242,
1563,31,300000,0,user_12,242,242,
1567,32,300000,0,user_18,242,242,
1552,33,260000,0,user_4,242,242,
1553,34,260000,0,user_4,242,242,
1562,35,260000,0,user_11,242,242,
1555,36,240000,0,user_4,242,242,
1561,37,220000,0,user_10,242,242,
1569,38,220000,0,user_18,242,242,
1591,39,190000,0,user_40,242,242,
1559,40,160000,0,user_7,242,242,
1585,41,150000,0,user_34,242,242,
1551,42,120000,0,user_3,242,242,
1587,43,110000,0,user_34,242,242,
1554,44,100000,0,user_4,242,242,
1590,45,83000,0,user_40,242,242,
1596,46,83000,0,user_48,242,242,
1580,47,82000,0,user_30,242,242,
1557,48,77000,0,user_5,242,242,
1613,0,6300000,0,user_10,243,243,
1625,1,5200000,0,user_24,243,243,
1622,2,2600000,0,user_21,243,243,
1627,3,2500000,0,user_25,243,243,
1646,4,2400000,0,user_40,243,243,
1623,5,2100000,0,user_22,243,243,
1606,6,2000000,0,user_2,243,243,
1644,7,2000000,0,user_37,243,243,
1620,8,1900000,0,user_17,243,243,
1640,9,1900000,0,user_36,243,243,
1626,10,1800000,0,user_24,243,243,
1619,11,1300000,181000,user_17,243,243,
1653,12,0,0,validator_4,100,243,1619
1636,13,1400000,33100,user_34,243,243,
1654,14,0,0,validator_4,100,243,1636
1630,15,1400000,0,user_27,243,243,
1648,16,1200000,0,user_48,243,243,
1618,17,1100000,0,user_17,243,243,
1637,18,1000000,84800,user_35,243,243,
1655,19,0,0,validator_4,100,243,1637
1616,20,1000000,0,user_15,243,243,
1617,21,1000000,0,user_17,243,243,
1651,22,84000,769000,user_48,243,243,
1656,23,0,0,validator_4,100,243,1651
1635,24,650000,0,user_32,243,243,
1638,25,630000,0,user_36,243,243,
1612,26,470000,0,user_9,243,243,
1649,27,470000,0,user_48,243,243,
1604,28,310000,0,user_0,243,243,
1642,29,220000,0,user_37,243,243,
1621,30,190000,0,user_20,243,243,
1650,31,170000,0,user_48,243,243,
1629,32,160000,0,user_27,243,243,
1633,33,160000,0,user_29,243,243,
1615,34,150000,0,user_13,243,243,
1639,35,150000,0,user_36,243,243,
1657,36,0,0,validator_4,100,243,1624
1624,37,120000,5180,user_24,243,243,
1643,38,110000,0,user_37,243,243,
1647,39,110000,0,user_44,243,243,
1658,40,0,0,validator_4,100,243,1652
1652,41,77000,14200,user_49,243,243,
1605,42,83000,0,user_1,243,243,
1641,43,83000,0,user_37,243,243,
1628,44,70000,3130,user_26,243,243,
1659,45,0,0,validator_4,100,243,1628
1609,46,73000,0,user_5,243,243,
1698,0,43000000,0,user_32,244,244,
1724,1,0,0,validator_11,100,244,1689
1689,2,19000000,36800,user_21,244,244,
1725,3,0,0,validator_11,100,244,1694
1694,4,6300000,33100,user_25,244,244,
1662,5,5200000,0,user_2,244,244,
1666,6,3200000,0,user_5,244,244,
1705,7,3200000,0,user_38,244,244,
1707,8,3200000,0,user_39,244,244,
1670,9,2600000,0,user_9,244,244,
1664,10,1600000,959000,user_4,244,244,
1726,11,0,0,validator_11,100,244,1664
1671,12,2500000,0,user_9,244,244,
1685,13,2500000,0,user_17,244,244,
1693,14,2300000,0,user_24,244,244,
1695,15,2000000,0,user_26,244,244,
1683,16,1900000,0,user_17,244,244,
1681,17,1600000,0,user_15,244,244,
1661,18,1500000,0,user_1,244,244,
1680,19,1500000,0,user_15,244,244,
1727,20,0,0,validator_11,100,244,1716
1716,21,1000000,322000,user_43,244,244,
1667,22,1300000,0,user_6,244,244,
1687,23,1000000,0,user_19,244,244,
1720,24,1000000,0,user_46,244,244,
1672,25,870000,0,user_9,244,244,
1704,26,870000,0,user_38,244,244,
1721,27,870000,0,user_47,244,244,
1669,28,660000,0,user_9,244,244,
1684,29,660000,0,user_17,244,244,
1713,30,600000,0,user_43,244,244,
1728,31,0,0,validator_11,100,244,1702
1702,32,220000,256000,user_36,244,244,
1660,33,470000,0,user_0,244,244,
1708,34,370000,0,user_39,244,244,
1663,35,340000,11200,user_3,244,244,
1729,36,0,0,validator_11,100,244,1663
1722,37,320000,0,user_48,244,244,
1675,38,310000,0,user_11,244,244,
1682,39,260000,0,user_16,244,244,
1697,40,240000,0,user_32,244,244,
1701,41,240000,0,user_36,244,244,
1686,42,220000,0,user_18,244,244,
1703,43,220000,0,user_37,244,244,
1714,44,220000,0,user_43,244,244,
1692,45,170000,0,user_23,244,244,
1723,46,170000,0,user_49,244,244,
1709,47,160000,0,user_39,244,244,
1730,48,0,0,validator_11,100,244,1706
1706,49,110000,42000,user_39,244,244,
1665,50,150000,0,user_4,244,244,
1712,51,150000,0,user_42,244,244,
1691,52,130000,0,user_23,244,244,
1673,53,120000,5180,user_9,244,244,
1731,54,0,0,validator_11,100,244,1673
1732,55,0,0,validator_11,100,244,1715
1715,56,120000,5180,user_43,244,244,
1718,57,120000,0,user_44,244,244,
1717,58,110000,0,user_43,244,244,
1733,59,0,0,validator_11,100,244,1710
1710,60,100000,5630,user_39,244,244,
1734,61,0,0,validator_11,100,244,1719
1719,62,73000,12300,user_45,244,244,
1696,63,84000,0,user_29,244,244,
1690,64,83000,0,user_22,244,244,
1699,65,83000,0,user_34,244,244,
1676,66,82000,0,user_11,244,244,
1679,67,73000,0,user_14,244,244,
1700,68,70000,0,user_35,244,244,
1775,0,0,0,validator_11,100,245,1751
1751,1,43000000,36800,user_22,245,245,
1741,2,30000000,0,user_9,245,245,
1752,3,30000000,0,user_23,245,245,
1776,4,0,0,validator_11,100,245,1774
1774,5,19000000,510000,user_49,245,245,
1748,6,6300000,0,user_18,245,245,
1777,7,0,0,validator_11,100,245,1764
1764,8,5000000,84800,user_38,245,245,
1768,9,5000000,0,user_45,245,245,
1778,10,0,0,validator_11,100,245,1770
1770,11,310000,4320000,user_46,245,245,
1739,12,2400000,5640,user_6,245,245,
1779,13,0,0,validator_11,100,245,1739
1757,14,2300000,0,user_31,245,245,
1780,15,0,0,validator_11,100,245,1735
1735,16,1600000,510000,user_2,245,245,
1781,17,0,0,validator_11,100,245,1755
1755,18,2000000,17000,user_27,245,245,
1762,19,1900000,0,user_35,245,245,
1771,20,1900000,0,user_47,245,245,
1782,21,0,0,validator_11,100,245,1745
1745,22,1700000,56200,user_15,245,245,
1736,23,1600001,0,user_2,245,245,1735
1773,24,1600000,0,user_49,245,245,
1758,25,1500000,0,user_32,245,245,
1743,26,1300000,21800,user_12,245,245,
1783,27,0,0,validator_11,100,245,1743
1746,28,1000000,0,user_16,245,245,
1753,29,870000,0,user_24,245,245,
1749,30,630000,0,user_19,245,245,
1763,31,360000,0,user_38,245,245,
1766,32,260000,0,user_39,245,245,
1767,33,220000,0,user_44,245,245,
1756,34,190000,0,user_30,245,245,
1761,35,150000,35600,user_34,245,245,
1784,36,0,0,validator_11,100,245,1761
1785,37,0,0,validator_11,100,245,1744
1744,38,170000,14200,user_14,245,245,
1786,39,0,0,validator_11,100,245,1747
1747,40,160000,14200,user_17,245,245,
1769,41,170000,0,user_46,245,245,
1787,42,0,0,validator_11,100,245,1738
1738,43,73000,68100,user_6,245,245,
1760,44,120000,0,user_33,245,245,
1772,45,120000,0,user_48,245,245,
1759,46,110000,0,user_33,245,245,
1737,47,100000,0,user_3,245,245,
1750,48,98000,0,user_22,245,245,
1754,49,98000,0,user_27,245,245,
1740,50,79000,0,user_8,245,245,
1765,51,77000,0,user_39,245,245,
1816,0,43000000,0,user_18,246,246,
1849,1,43000000,0,user_42,246,246,
1817,2,27000000,0,user_19,246,246,
1859,3,27000000,0,user_48,246,246,
1803,4,5000000,47700,user_11,246,246,
1808,5,4500000,0,user_15,246,246,
1814,6,4200000,0,user_17,246,246,
1822,7,4200000,15700,user_21,246,246,
1845,8,3600000,0,user_37,246,246,
1834,9,3200000,0,user_29,246,246,
1848,10,2600000,0,user_40,246,246,
1789,11,2400000,67900,user_1,246,246,
1788,12,2300000,0,user_0,246,246,
1818,13,2300000,0,user_19,246,246,
1842,14,2100000,0,user_35,246,246,
1836,15,2000000,0,user_31,246,246,
1852,16,2000000,15300,user_45,246,246,
1791,17,1800000,0,user_3,246,246,
1800,18,1800000,0,user_8,246,246,
1851,19,1600000,47700,user_44,246,246,
1825,20,1500000,15700,user_26,246,246,
1844,21,1500000,66100,user_36,246,246,
1847,22,1500000,0,user_40,246,246,
1823,23,1400000,0,user_21,246,246,
1838,24,1400000,0,user_33,246,246,
1832,25,1300000,33100,user_29,246,246,
1801,26,1100000,0,user_9,246,246,
1795,27,1000000,0,user_7,246,246,
1837,28,1000000,68100,user_32,246,246,
1807,29,670000,0,user_13,246,246,
1812,30,670000,0,user_17,246,246,
1843,31,670000,164000,user_35,246,246,
1797,32,650000,0,user_8,246,246,
1824,33,630000,0,user_23,246,246,
1813,34,530000,779000,user_17,246,246,
1850,35,420000,0,user_43,246,246,
1819,36,360000,0,user_20,246,246,
1799,37,340000,0,user_8,246,246,
1815,38,310000,0,user_18,246,246,
1839,39,310000,0,user_34,246,246,
1841,40,260000,0,user_35,246,246,
1802,41,240000,43600,user_11,246,246,
1794,42,220000,0,user_6,246,246,
1810,43,220000,35600,user_17,246,246,
1811,44,220000,36800,user_17,246,246,
1792,45,170000,46500,user_4,246,246,
1840,46,170000,0,user_34,246,246,
1856,47,170000,0,user_46,246,246,
1796,48,150000,8520,user_8,246,246,
1809,49,150000,0,user_15,246,246,
1831,50,150000,0,user_29,246,246,
1854,51,150000,322000,user_46,246,246,
1855,52,120000,0,user_46,246,246,
1804,53,110000,0,user_11,246,246,
1821,54,110000,0,user_20,246,246,
1857,55,100000,0,user_47,246,246,
1798,56,87000,0,user_8,246,246,
1820,57,85000,195000,user_20,246,246,
1833,58,85000,0,user_29,246,246,
1858,59,82000,0,user_47,246,246,
1853,60,79000,0,user_46,246,246,
1890,0,43000000,0,user_30,247,247,
1910,1,27000000,0,user_49,247,247,
1872,2,19000000,0,user_9,247,247,
1911,3,0,0,validator_12,100,247,1887
1887,4,6300000,195000,user_28,247,247,
1889,5,5200000,0,user_29,247,247,
1874,6,4500000,0,user_11,247,247,
1898,7,3600000,0,user_37,247,247,
1870,8,3200000,0,user_7,247,247,
1891,9,1900000,0,user_30,247,247,
1912,10,0,0,validator_12,100,247,1865
1865,11,1500000,381000,user_1,247,247,
1902,12,1700000,0,user_40,247,247,
1913,13,0,0,validator_12,100,247,1885
1885,14,1600000,84800,user_22,247,247,
1914,15,0,0,validator_12,100,247,1905
1905,16,1600000,8520,user_43,247,247,
1867,17,1500000,19700,user_3,247,247,
1915,18,0,0,validator_12,100,247,1867
1893,19,1500000,0,user_31,247,247,
1866,20,1499999,0,user_2,247,247,1865
1878,21,1400000,0,user_17,247,247,
1897,22,600000,769000,user_36,247,247,
1916,23,0,0,validator_12,100,247,1897
1901,24,1100000,0,user_39,247,247,
1875,25,670000,0,user_13,247,247,
1868,26,470000,0,user_4,247,247,
1907,27,470000,0,user_46,247,247,
1886,28,460000,0,user_25,247,247,
1877,29,420000,0,user_15,247,247,
1917,30,0,0,validator_12,100,247,1873
1873,31,350000,34700,user_10,247,247,
1904,32,350000,0,user_43,247,247,
1895,33,320000,0,user_32,247,247,
1888,34,98000,181000,user_29,247,247,
1918,35,0,0,validator_12,100,247,1888
1906,36,220000,0,user_44,247,247,
1892,37,170000,0,user_31,247,247,
1894,38,150000,13800,user_32,247,247,
1919,39,0,0,validator_12,100,247,1894
1896,40,160000,0,user_34,247,247,
1864,41,150000,0,user_1,247,247,
1882,42,150000,0,user_20,247,247,
1900,43,150000,0,user_39,247,247,
1881,44,120000,0,user_19,247,247,
1876,45,110000,0,user_14,247,247,
1880,46,83000,0,user_19,247,247,
1943,0,19000000,0,user_19,248,248,
1957,1,19000000,0,user_30,248,248,
1947,2,6300000,0,user_19,248,248,
1942,3,6100000,0,user_17,248,248,
1936,4,5000000,0,user_10,248,248,
1963,5,4200000,30200,user_37,248,248,
1974,6,0,0,validator_13,100,248,1963
1973,7,3500000,0,user_49,248,248,
1961,8,1900000,779000,user_35,248,248,
1975,9,0,0,validator_13,100,248,1961
1959,10,2600000,0,user_33,248,248,
1927,11,2000000,0,user_4,248,248,
1930,12,2000000,0,user_7,248,248,
1964,13,2000000,0,user_37,248,248,
1958,14,1700000,0,user_31,248,248,
1971,15,1500000,13900,user_47,248,248,
1976,16,0,0,validator_13,100,248,1971
1946,17,1500000,0,user_19,248,248,
1945,18,1300000,0,user_19,248,248,
1972,19,1300000,0,user_48,248,248,
1921,20,1100000,0,user_1,248,248,
1977,21,0,0,validator_13,100,248,1926
1926,22,120000,959000,user_4,248,248,
1922,23,1000000,23500,user_1,248,248,
1978,24,0,0,validator_13,100,248,1922
1924,25,1000001,0,user_1,248,248,1922
1931,26,1000000,0,user_8,248,248,
1923,27,999999,0,user_1,248,248,1922
1925,28,999999,0,user_1,248,248,1922
1966,29,910000,71800,user_41,248,248,
1979,30,0,0,validator_13,100,248,1966
1960,31,910000,12800,user_34,248,248,
1980,32,0,0,validator_13,100,248,1960
1928,33,910000,0,user_5,248,248,
1969,34,870000,0,user_44,248,248,
1965,35,70000,594000,user_39,248,248,
1981,36,0,0,validator_13,100,248,1965
1952,37,630000,0,user_25,248,248,
1968,38,460000,12800,user_43,248,248,
1982,39,0,0,validator_13,100,248,1968
1953,40,470000,0,user_26,248,248,
1956,41,370000,0,user_30,248,248,
1962,42,350000,0,user_36,248,248,
1944,43,240000,0,user_19,248,248,
1948,44,220000,0,user_21,248,248,
1955,45,130000,0,user_28,248,248,
1970,46,120000,0,user_45,248,248,
1949,47,110000,5640,user_21,248,248,
1983,48,0,0,validator_13,100,248,1949
1954,49,98000,0,user_28,248,248,
2028,0,43000000,0,user_42,249,249,
2038,1,43000000,0,user_48,249,249,
2016,2,30000000,0,user_33,249,249,
2017,3,30000000,0,user_33,249,249,
2010,4,5200000,0,user_26,249,249,
2026,5,4500000,0,user_41,249,249,
2004,6,4200000,0,user_18,249,249,
2011,7,2600000,121000,user_27,249,249,
2029,8,2400000,15100,user_43,249,249,
1995,9,2300000,0,user_10,249,249,
1992,10,2000000,0,user_6,249,249,
2018,11,2000000,0,user_33,249,249,
2019,12,1900000,0,user_33,249,249,
2008,13,1800000,285000,user_26,249,249,
1988,14,1600000,0,user_3,249,249,
2003,15,1400000,0,user_17,249,249,
1999,16,1100000,0,user_14,249,249,
1989,17,1000000,0,user_4,249,249,
2001,18,1000000,0,user_16,249,249,
2027,19,1000000,0,user_41,249,249,
2033,20,1000000,0,user_46,249,249,
1986,21,870000,0,user_2,249,249,
1997,22,670000,0,user_11,249,249,
2005,23,670000,0,user_20,249,249,
2014,24,530000,0,user_30,249,249,
2006,25,460000,0,user_22,249,249,
2015,26,460000,0,user_32,249,249,
2030,27,460000,0,user_44,249,249,
2031,28,350000,296000,user_46,249,249,
2002,29,260000,0,user_16,249,249,
2009,30,260000,369000,user_26,249,249,
2025,31,260000,5180,user_40,249,249,
1996,32,240000,0,user_10,249,249,
1990,33,220000,0,user_4,249,249,
2020,34,170000,0,user_34,249,249,
1993,35,160000,0,user_7,249,249,
2032,36,160000,21800,user_46,249,249,
2013,37,150000,0,user_30,249,249,
2034,38,150000,0,user_46,249,249,
1985,39,120000,0,user_1,249,249,
2000,40,120000,0,user_15,249,249,
1987,41,110000,0,user_3,249,249,
1998,42,98000,0,user_12,249,249,
2022,43,83000,0,user_37,249,249,
2024,44,80000,47700,user_39,249,249,
1984,45,77000,0,user_0,249,249,
2048,0,19000000,0,user_8,250,250,
2058,1,5200000,0,user_18,250,250,
2070,2,5000000,0,user_28,250,250,
2066,3,3500000,0,user_24,250,250,
2092,4,0,0,validator_3,100,250,2078
2078,5,2400000,161000,user_36,250,250,
2055,6,2400000,0,user_18,250,250,
2075,7,2400000,0,user_34,250,250,
2056,8,2100000,0,user_18,250,250,
2067,9,2100000,0,user_24,250,250,
2093,10,0,0,validator_3,100,250,2046
2046,11,1500000,594000,user_7,250,250,
2042,12,1600000,256000,user_4,250,250,
2094,13,0,0,validator_3,100,250,2042
2050,14,1800000,0,user_12,250,250,
2073,15,1800000,0,user_31,250,250,
2051,16,1600000,0,user_14,250,250,
2083,17,1600000,0,user_42,250,250,
2084,18,1600000,0,user_44,250,250,
2068,19,1500000,0,user_25,250,250,
2065,20,1400000,0,user_23,250,250,
2039,21,1100000,0,user_0,250,250,
2047,22,1000000,0,user_7,250,250,
2061,23,1000000,0,user_21,250,250,
2062,24,1000000,0,user_21,250,250,
2085,25,1000000,0,user_46,250,250,
2063,26,870000,0,user_21,250,250,
2095,27,0,0,validator_3,100,250,2082
2082,28,660000,108000,user_40,250,250,
2096,29,0,0,validator_3,100,250,2045
2045,30,650000,15100,user_6,250,250,
2097,31,0,0,validator_3,100,250,2080
2080,32,110000,510000,user_38,250,250,
2098,33,0,0,validator_3,100,250,2071
2071,34,460000,17000,user_28,250,250,
2043,35,460000,0,user_5,250,250,
2054,36,370000,0,user_17,250,250,
2052,37,320000,0,user_15,250,250,
2057,38,220000,0,user_18,250,250,
2060,39,170000,0,user_21,250,250,
2069,40,170000,0,user_26,250,250,
2079,41,120000,31700,user_37,250,250,
2099,42,0,0,validator_3,100,250,2079
2049,43,120000,0,user_10,250,250,
2086,44,120000,0,user_47,250,250,
2074,45,98000,0,user_31,250,250,
2077,46,98000,0,user_35,250,250,
2076,47,82000,0,user_35,250,250,
2044,48,80000,0,user_6,250,250,
2064,49,77000,0,user_21,250,250,
2053,50,73000,0,user_16,250,250,
2145,0,27000000,0,user_42,251,251,
2111,1,19000000,0,user_7,251,251,
2125,2,6300000,0,user_20,251,251,
2133,3,5000000,0,user_29,251,251,
2134,4,5000000,0,user_31,251,251,
2109,5,4200000,0,user_7,251,251,
2124,6,2500000,0,user_20,251,251,
2105,7,2000000,0,user_4,251,251,
2130,8,2000000,0,user_25,251,251,
2115,9,1800000,0,user_9,251,251,
2119,10,1700000,195000,user_13,251,251,
2127,11,1700000,0,user_22,251,251,
2140,12,1700000,0,user_36,251,251,
2122,13,1600000,0,user_17,251,251,
2153,14,1600000,0,user_48,251,251,
2131,15,1500000,0,user_26,251,251,
2148,16,1500000,0,user_45,251,251,
2146,17,1400000,0,user_43,251,251,
2152,18,1300000,0,user_46,251,251,
2149,19,1200000,7190000,user_46,251,251,
2101,20,1000000,0,user_0,251,251,
2123,21,1000000,0,user_18,251,251,
2120,22,870000,0,user_15,251,251,
2100,23,670000,0,user_0,251,251,
2128,24,670000,0,user_23,251,251,
2137,25,650000,0,user_33,251,251,
2107,26,630000,0,user_4,251,251,
2144,27,600000,0,user_41,251,251,
2106,28,530000,0,user_4,251,251,
2139,29,460000,0,user_33,251,251,
2142,30,460000,0,user_38,251,251,
2110,31,370000,545000,user_7,251,251,
2136,32,340000,0,user_33,251,251,
2147,33,320000,0,user_44,251,251,
2143,34,310000,0,user_40,251,251,
2104,35,220000,0,user_4,251,251,
2114,36,220000,46500,user_8,251,251,
2103,37,170000,0,user_3,251,251,
2138,38,170000,146000,user_33,251,251,
2113,39,150000,0,user_7,251,251,
2117,40,150000,0,user_11,251,251,
2135,41,150000,16400,user_32,251,251,
2141,42,150000,0,user_37,251,251,
2102,43,120000,13800,user_3,251,251,
2112,44,120000,0,user_7,251,251,
2150,45,120000,0,user_46,251,251,
2151,46,110000,0,user_46,251,251,
2121,47,100000,0,user_15,251,251,
2126,48,82000,0,user_22,251,251,
2116,49,77000,0,user_10,251,251,
2172,0,43000000,0,user_43,252,252,
2161,1,19000000,0,user_34,252,252,
2157,2,5200000,0,user_31,252,252,
2159,3,5200000,0,user_33,252,252,
2150,4,4200000,49100,user_19,252,252,
2175,5,0,0,validator_11,100,252,2150
2155,6,3600000,0,user_28,252,252,
2156,7,3200000,0,user_29,252,252,
2154,8,2000000,215000,user_27,252,252,
2176,9,0,0,validator_11,100,252,2154
2138,10,1900000,75000,user_6,252,252,
2177,11,0,0,validator_11,100,252,2138
2147,12,1600000,0,user_17,252,252,
2153,13,1600000,0,user_25,252,252,
2137,14,1500000,0,user_5,252,252,
2178,15,0,0,validator_11,100,252,2145
2145,16,1300000,13800,user_14,252,252,
2151,17,1000000,215000,user_22,252,252,
2179,18,0,0,validator_11,100,252,2151
2180,19,0,0,validator_11,100,252,2136
2136,20,1100000,46500,user_3,252,252,
2142,21,1000000,0,user_11,252,252,
2134,22,650000,0,user_0,252,252,
2149,23,240000,256000,user_18,252,252,
2181,24,0,0,validator_11,100,252,2149
2170,25,470000,0,user_42,252,252,
2171,26,460000,0,user_42,252,252,
2146,27,300000,24700,user_14,252,252,
2182,28,0,0,validator_11,100,252,2146
2162,29,320000,0,user_34,252,252,
2165,30,310000,0,user_35,252,252,
2152,31,260000,0,user_23,252,252,
2169,32,220000,0,user_41,252,252,
2135,33,170000,0,user_2,252,252,
2164,34,170000,0,user_34,252,252,
2166,35,170000,0,user_37,252,252,
2174,36,170000,0,user_46,252,252,
2140,37,120000,0,user_8,252,252,
2158,38,120000,0,user_32,252,252,
2160,39,120000,0,user_34,252,252,
2173,40,120000,0,user_45,252,252,
2163,41,100000,0,user_34,252,252,
2148,42,80000,0,user_18,252,252,
2143,43,77000,0,user_12,252,252,
2167,44,77000,0,user_38,252,252,
2210,0,30000000,0,user_24,253,253,
2215,1,30000000,0,user_28,253,253,
2223,2,5000000,0,user_39,253,253,
2225,3,5000000,0,user_43,253,253,
2196,4,3500000,0,user_11,253,253,
2192,5,2500000,0,user_7,253,253,
2218,6,1700000,0,user_36,253,253,
2226,7,1700000,0,user_44,253,253,
2214,8,1600000,0,user_27,253,253,
2183,9,1500000,0,user_0,253,253,
2228,10,1500000,84800,user_48,253,253,
2213,11,1400000,3130,user_24,253,253,
2211,12,650000,0,user_24,253,253,
2189,13,470000,0,user_4,253,253,
2202,14,370000,0,user_15,253,253,
2204,15,350000,0,user_16,253,253,
2185,16,320001,0,user_2,253,253,2184
2187,17,320001,0,user_2,253,253,2184
2184,18,320000,322000,user_1,253,253,
2186,19,319999,0,user_2,253,253,2184
2205,20,310000,5180,user_18,253,253,
2198,21,300000,0,user_12,253,253,
2195,22,260000,0,user_10,253,253,
2201,23,260000,100000,user_14,253,253,
2194,24,190000,0,user_9,253,253,
2199,25,170000,0,user_13,253,253,
2206,26,170000,0,user_20,253,253,
2220,27,160000,0,user_37,253,253,
2224,28,150000,0,user_43,253,253,
2200,29,120000,0,user_14,253,253,
2216,30,120000,146000,user_32,253,253,
2229,31,120000,0,user_49,253,253,
2191,32,110000,108000,user_6,253,253,
2212,33,110000,64600,user_24,253,253,
2219,34,110000,0,user_36,253,253,
2217,35,87000,21800,user_34,253,253,
2197,36,85000,0,user_11,253,253,
2188,37,80000,33300,user_3,253,253,
2203,38,79000,0,user_15,253,253,
2260,0,43000000,0,user_30,254,254,
2239,1,19000000,67900,user_10,254,254,
2257,2,6300000,0,user_29,254,254,
2283,3,5200000,0,user_48,254,254,
2270,4,5000000,545000,user_38,254,254,
2240,5,4500000,0,user_11,254,254,
2255,6,4500000,0,user_28,254,254,
2280,7,4500000,0,user_43,254,254,
2234,8,3200000,0,user_3,254,254,
2279,9,2600000,0,user_42,254,254,
2274,10,2500000,0,user_39,254,254,
2252,11,2400000,0,user_26,254,254,
2242,12,2300000,0,user_14,254,254,
2263,13,2000000,0,user_33,254,254,
2281,14,1600000,231000,user_45,254,254,
2249,15,1300000,0,user_26,254,254,
2248,16,1100000,0,user_25,254,254,
2266,17,1100000,0,user_33,254,254,
2277,18,1100000,0,user_42,254,254,
2259,19,1000000,0,user_29,254,254,
2244,20,910000,0,user_16,254,254,
2236,21,870000,0,user_5,254,254,
2243,22,650000,0,user_14,254,254,
2250,23,650000,0,user_26,254,254,
2278,24,630000,0,user_42,254,254,
2268,25,470000,0,user_35,254,254,
2276,26,470000,121000,user_41,254,254,
2258,27,460000,0,user_29,254,254,
2264,28,460000,0,user_33,254,254,
2265,29,460000,0,user_33,254,254,
2271,30,360000,0,user_38,254,254,
2231,31,310000,19700,user_1,254,254,
2238,32,220000,0,user_7,254,254,
2245,33,220000,0,user_17,254,254,
2237,34,170000,0,user_6,254,254,
2267,35,150000,0,user_33,254,254,
2273,36,130000,0,user_38,254,254,
2272,37,120000,0,user_38,254,254,
2282,38,120000,0,user_45,254,254,
2251,39,110000,0,user_26,254,254,
2275,40,87000,0,user_40,254,254,
2256,41,85000,0,user_29,254,254,
2269,42,79000,16400,user_37,254,254,
2338,0,27000000,0,user_48,255,255,
2340,1,19000000,43600,user_49,255,255,
2341,2,0,0,validator_0,100,255,2340
2333,3,6300000,43600,user_43,255,255,
2342,4,0,0,validator_0,100,255,2333
2300,5,5200000,0,user_13,255,255,
2313,6,5200000,0,user_23,255,255,
2343,7,0,0,validator_0,100,255,2317
2317,8,5000000,121000,user_23,255,255,
2339,9,4500000,0,user_48,255,255,
2289,10,4200000,0,user_3,255,255,
2308,11,3600000,0,user_18,255,255,
2318,12,2600000,0,user_24,255,255,
2325,13,2100000,56200,user_32,255,255,
2344,14,0,0,validator_0,100,255,2325
2309,15,2100000,0,user_18,255,255,
2316,16,2100000,0,user_23,255,255,
2322,17,1900000,0,user_27,255,255,
2306,18,1500000,21800,user_17,255,255,
2345,19,0,0,validator_0,100,255,2306
2292,20,1500000,0,user_5,255,255,
2297,21,1500000,0,user_11,255,255,
2314,22,1500000,0,user_23,255,255,
2293,23,1400000,0,user_5,255,255,
2305,24,1400000,0,user_16,255,255,
2307,25,600000,0,user_18,255,255,
2298,26,220000,322000,user_12,255,255,
2346,27,0,0,validator_0,100,255,2298
2347,28,0,0,validator_0,100,255,2295
2295,29,110000,410000,user_8,255,255,
2334,30,470000,0,user_44,255,255,
2286,31,460000,0,user_0,255,255,
2312,32,420000,0,user_22,255,255,
2348,33,0,0,validator_0,100,255,2336
2336,34,370000,46500,user_46,255,255,
2288,35,360000,0,user_2,255,255,
2299,36,350000,0,user_12,255,255,
2319,37,260000,84800,user_24,255,255,
2349,38,0,0,validator_0,100,255,2319
2294,39,310000,0,user_5,255,255,
2332,40,240000,46500,user_42,255,255,
2350,41,0,0,validator_0,100,255,2332
2351,42,0,0,validator_0,100,255,2304
2304,43,240000,23500,user_15,255,255,
2310,44,260000,0,user_18,255,255,
2296,45,150000,66100,user_9,255,255,
2352,46,0,0,validator_0,100,255,2296
2291,47,160000,0,user_5,255,255,
2315,48,150000,0,user_23,255,255,
2337,49,110000,39400,user_47,255,255,
2353,50,0,0,validator_0,100,255,2337
2324,51,98000,0,user_31,255,255,
2311,52,80000,0,user_19,255,255,
2330,53,70000,0,user_40,255,255,
2357,0,43000000,0,user_5,256,256,
2367,1,27000000,31700,user_15,256,256,
2404,2,0,0,validator_4,100,256,2367
2370,3,27000000,0,user_18,256,256,
2376,4,6300000,0,user_23,256,256,
2381,5,6100000,0,user_27,256,256,
2394,6,5000000,0,user_40,256,256,
2403,7,5000000,0,user_49,256,256,
2380,8,2600000,0,user_26,256,256,
2372,9,2400000,0,user_18,256,256,
2395,10,2000000,0,user_41,256,256,
2401,11,1900000,24700,user_47,256,256,
2405,12,0,0,validator_4,100,256,2401
2368,13,1600000,195000,user_16,256,256,
2406,14,0,0,validator_4,100,256,2368
2407,15,0,0,validator_4,100,256,2387
2387,16,1500000,66100,user_35,256,256,
2361,17,1500000,0,user_10,256,256,
2390,18,1400000,0,user_37,256,256,
2369,19,970000,0,user_18,256,256,
2371,20,630000,46500,user_18,256,256,
2408,21,0,0,validator_4,100,256,2371
2374,22,670000,0,user_22,256,256,
2393,23,650000,0,user_40,256,256,
2409,24,0,0,validator_4,100,256,2358
2358,25,110000,350000,user_6,256,256,
2378,26,460000,0,user_23,256,256,
2410,27,0,0,validator_4,100,256,2398
2398,28,420000,33100,user_44,256,256,
2385,29,120000,322000,user_32,256,256,
2411,30,0,0,validator_4,100,256,2385
2388,31,370000,0,user_36,256,256,
2400,32,370000,0,user_45,256,256,
2365,33,220000,39400,user_13,256,256,
2412,34,0,0,validator_4,100,256,2365
2399,35,84000,164000,user_44,256,256,
2413,36,0,0,validator_4,100,256,2399
2379,37,170000,0,user_24,256,256,
2414,38,0,0,validator_4,100,256,2397
2397,39,120000,49100,user_43,256,256,
2366,40,160000,0,user_14,256,256,
2386,41,160000,0,user_34,256,256,
2396,42,160000,0,user_42,256,256,
2415,43,0,0,validator_4,100,256,2360
2360,44,110000,35100,user_9,256,256,
2373,45,120000,0,user_19,256,256,
2375,46,120000,0,user_23,256,256,
2402,47,120000,0,user_48,256,256,
2377,48,110000,0,user_23,256,256,
2383,49,110000,0,user_30,256,256,
2389,50,98000,0,user_36,256,256,
2355,51,87000,0,user_2,256,256,
2392,52,87000,0,user_40,256,256,
2354,53,82000,0,user_1,256,256,
2424,0,19000000,0,user_10,257,257,
2456,1,5200000,0,user_45,257,257,
2451,2,2600000,0,user_39,257,257,
2461,3,2400000,0,user_49,257,257,
2438,4,1900000,0,user_31,257,257,
2435,5,1600000,0,user_28,257,257,
2442,6,1600000,0,user_34,257,257,
2458,7,1600000,0,user_48,257,257,
2462,8,0,0,validator_2,100,257,2443
2443,9,1500000,16400,user_34,257,257,
2463,10,0,0,validator_2,100,257,2422
2422,11,1100000,46500,user_9,257,257,
2423,12,1100000,0,user_9,257,257,
2421,13,1000000,0,user_9,257,257,
2430,14,1000000,0,user_17,257,257,
2432,15,1000000,0,user_23,257,257,
2455,16,1000000,0,user_44,257,257,
2427,17,910000,0,user_14,257,257,
2464,18,0,0,validator_2,100,257,2450
2450,19,120000,769000,user_38,257,257,
2453,20,600000,0,user_41,257,257,
2431,21,530000,0,user_23,257,257,
2433,22,530000,0,user_26,257,257,
2444,23,530000,0,user_34,257,257,
2446,24,470000,0,user_35,257,257,
2441,25,460000,0,user_34,257,257,
2465,26,0,0,validator_2,100,257,2419
2419,27,420000,13900,user_4,257,257,
2437,28,360000,0,user_31,257,257,
2454,29,340000,0,user_42,257,257,
2425,30,300000,0,user_12,257,257,
2466,31,0,0,validator_2,100,257,2428
2428,32,120000,161000,user_14,257,257,
2420,33,170000,108000,user_6,257,257,
2467,34,0,0,validator_2,100,257,2420
2460,35,150000,39400,user_49,257,257,
2468,36,0,0,validator_2,100,257,2460
2436,37,170000,0,user_29,257,257,
2452,38,170000,0,user_40,257,257,
2457,39,170000,0,user_45,257,257,
2469,40,0,0,validator_2,100,257,2439
2439,41,120000,39400,user_33,257,257,
2418,42,150000,0,user_3,257,257,
2445,43,150000,0,user_35,257,257,
2459,44,120000,0,user_48,257,257,
2440,45,110000,0,user_34,257,257,
2434,46,73000,0,user_26,257,257,
2521,0,0,0,validator_1,100,258,2516
2516,1,43000000,12800,user_48,258,258,
2470,2,30000000,0,user_0,258,258,
2481,3,6300000,0,user_15,258,258,
2500,4,6300000,0,user_33,258,258,
2505,5,5200000,0,user_38,258,258,
2518,6,5200000,0,user_48,258,258,
2477,7,4200000,350000,user_10,258,258,
2522,8,0,0,validator_1,100,258,2477
2523,9,0,0,validator_1,100,258,2501
2501,10,120000,4320000,user_34,258,258,
2503,11,4200000,0,user_36,258,258,
2491,12,3200000,0,user_23,258,258,
2509,13,2600000,0,user_42,258,258,
2479,14,2500000,0,user_10,258,258,
2513,15,2500000,0,user_47,258,258,
2495,16,2300000,0,user_28,258,258,
2499,17,2100000,5640,user_32,258,258,
2524,18,0,0,validator_1,100,258,2499
2511,19,2100000,0,user_46,258,258,
2488,20,2000000,0,user_20,258,258,
2515,21,2000000,0,user_47,258,258,
2494,22,1800000,0,user_24,258,258,
2482,23,1600000,0,user_16,258,258,
2476,24,1400000,0,user_10,258,258,
2525,25,0,0,validator_1,100,258,2471
2471,26,1200000,75000,user_1,258,258,
2472,27,1199999,0,user_1,258,258,2471
2480,28,1100000,0,user_12,258,258,
2520,29,1100000,0,user_49,258,258,
2490,30,1000000,0,user_23,258,258,
2497,31,1000000,0,user_29,258,258,
2474,32,910000,0,user_4,258,258,
2496,33,870000,0,user_29,258,258,
2526,34,0,0,validator_1,100,258,2507
2507,35,100000,256000,user_41,258,258,
2498,36,170000,161000,user_31,258,258,
2527,37,0,0,validator_1,100,258,2498
2508,38,310000,0,user_41,258,258,
2514,39,310000,0,user_47,258,258,
2519,40,300000,0,user_48,258,258,
2528,41,0,0,validator_1,100,258,2506
2506,42,260000,18600,user_40,258,258,
2492,43,260000,0,user_23,258,258,
2510,44,190000,0,user_45,258,258,
2529,45,0,0,validator_1,100,258,2487
2487,46,87000,100000,user_18,258,258,
2478,47,170000,0,user_10,258,258,
2517,48,170000,0,user_48,258,258,
2530,49,0,0,validator_1,100,258,2475
2475,50,130000,5640,user_7,258,258,
2489,51,120000,0,user_23,258,258,
2493,52,80000,0,user_24,258,258,
2512,53,79000,0,user_47,258,258,
2571,0,27000000,23500,user_48,259,259,
2574,1,0,0,validator_2,100,259,2571
2544,2,19000000,139000,user_12,259,259,
2575,3,0,0,validator_2,100,259,2544
2556,4,6100000,0,user_28,259,259,
2548,5,5200000,0,user_20,259,259,
2566,6,5000000,13900,user_44,259,259,
2576,7,0,0,validator_2,100,259,2566
2557,8,5000000,0,user_35,259,259,
2532,9,3200000,0,user_2,259,259,
2560,10,3200000,0,user_40,259,259,
2541,11,2600000,0,user_9,259,259,
2543,12,2000000,0,user_11,259,259,
2551,13,2000000,0,user_23,259,259,
2555,14,1800000,0,user_26,259,259,
2562,15,1600000,0,user_41,259,259,
2533,16,1500000,0,user_3,259,259,
2538,17,870000,594000,user_7,259,259,
2577,18,0,0,validator_2,100,259,2538
2542,19,1300000,23500,user_10,259,259,
2578,20,0,0,validator_2,100,259,2542
2568,21,1300000,0,user_45,259,259,
2536,22,1000000,0,user_5,259,259,
2579,23,0,0,validator_2,100,259,2569
2569,24,360000,545000,user_46,259,259,
2546,25,630000,0,user_17,259,259,
2554,26,630000,0,user_25,259,259,
2580,27,0,0,validator_2,100,259,2573
2573,28,530000,17000,user_49,259,259,
2581,29,0,0,validator_2,100,259,2572
2572,30,220000,296000,user_48,259,259,
2565,31,320000,0,user_44,259,259,
2545,32,310000,0,user_16,259,259,
2563,33,220000,0,user_42,259,259,
2550,34,170000,0,user_23,259,259,
2559,35,150000,0,user_38,259,259,
2549,36,84000,64600,user_21,259,259,
2582,37,0,0,validator_2,100,259,2549
2534,38,120000,0,user_3,259,259,
2561,39,120000,0,user_40,259,259,
2553,40,84000,0,user_25,259,259,
2567,41,80000,0,user_45,259,259,
2537,42,77000,0,user_6,259,259,
2535,43,70000,0,user_4,259,259,
2588,0,6100000,0,user_4,260,260,
2593,1,5200000,7190000,user_6,260,260,
2590,2,5000000,0,user_4,260,260,
2613,3,4500000,0,user_27,260,260,
2606,4,2000000,35600,user_21,260,260,
2601,5,1500000,0,user_14,260,260,
2628,6,1500000,0,user_42,260,260,
2615,7,1200000,0,user_28,260,260,
2597,8,670000,0,user_11,260,260,
2629,9,660000,0,user_43,260,260,
2609,10,600000,18600,user_25,260,260,
2625,11,600000,0,user_39,260,260,
2631,12,460000,0,user_47,260,260,
2583,13,340000,0,user_0,260,260,
2603,14,310000,0,user_15,260,260,
2614,15,260000,0,user_27,260,260,
2617,16,260000,0,user_29,260,260,
2592,17,190000,0,user_4,260,260,
2591,18,170000,0,user_4,260,260,
2627,19,170000,17700000,user_40,260,260,
2594,20,160000,15700,user_6,260,260,
2612,21,160000,0,user_27,260,260,
2616,22,160000,56200,user_28,260,260,
2626,23,160000,0,user_39,260,260,
2624,24,150000,10700,user_36,260,260,
2589,25,120000,17000,user_4,260,260,
2602,26,120000,594000,user_14,260,260,
2607,27,100000,139000,user_22,260,260,
2604,28,82000,0,user_15,260,260,
2610,29,82000,0,user_26,260,260,
2632,30,80000,0,user_49,260,260,
2611,31,79000,369000,user_26,260,260,
2596,32,73000,0,user_8,260,260,
2598,33,73000,0,user_11,260,260,
2618,34,73000,1100000,user_30,260,260,
2605,35,70000,0,user_16,260,260,
2645,0,30000000,0,user_16,261,261,
2655,1,30000000,0,user_30,261,261,
2672,2,0,0,validator_10,100,261,2657
2657,3,27000000,285000,user_32,261,261,
2652,4,5200000,0,user_25,261,261,
2648,5,4500000,0,user_20,261,261,
2649,6,4500000,0,user_22,261,261,
2661,7,3600000,5180,user_36,261,261,
2673,8,0,0,validator_10,100,261,2661
2633,9,3600000,0,user_0,261,261,
2636,10,2600000,0,user_2,261,261,
2659,11,2100000,0,user_33,261,261,
2667,12,2000000,0,user_45,261,261,
2666,13,1700000,0,user_44,261,261,
2656,14,1600000,0,user_31,261,261,
2638,15,1400000,34700,user_3,261,261,
2674,16,0,0,validator_10,100,261,2638
2647,17,1200000,0,user_17,261,261,
2658,18,1100000,0,user_33,261,261,
2635,19,1000000,0,user_1,261,261,
2637,20,910000,0,user_3,261,261,
2643,21,470000,0,user_11,261,261,
2675,22,0,0,validator_10,100,261,2662
2662,23,460000,5630,user_37,261,261,
2676,24,0,0,validator_10,100,261,2640
2640,25,220000,231000,user_6,261,261,
2660,26,370000,39400,user_35,261,261,
2677,27,0,0,validator_10,100,261,2660
2634,28,310000,0,user_0,261,261,
2678,29,0,0,validator_10,100,261,2671
2671,30,260000,36800,user_47,261,261,
2670,31,150000,0,user_47,261,261,
2644,32,110000,15300,user_13,261,261,
2679,33,0,0,validator_10,100,261,2644
2668,34,100000,12300,user_45,261,261,
2680,35,0,0,validator_10,100,261,2668
2663,36,98000,0,user_38,261,261,
2651,37,87000,0,user_24,261,261,
2646,38,85000,0,user_16,261,261,
2665,39,83000,0,user_44,261,261,
2650,40,82000,0,user_23,261,261,
2664,41,79000,0,user_39,261,261,
2733,0,0,0,validator_5,100,262,2697
2697,1,19000000,369000,user_11,262,262,
2703,2,19000000,0,user_18,262,262,
2725,3,6300000,0,user_40,262,262,
2715,4,5200000,0,user_31,262,262,
2708,5,3600000,0,user_23,262,262,
2734,6,0,0,validator_5,100,262,2684
2684,7,2400000,779000,user_2,262,262,
2726,8,2600000,0,user_41,262,262,
2706,9,2400000,0,user_20,262,262,
2685,10,2399999,0,user_2,262,262,2684
2707,11,2000000,0,user_22,262,262,
2696,12,1700000,0,user_10,262,262,
2732,13,1500000,0,user_49,262,262,
2728,14,1000000,161000,user_44,262,262,
2735,15,0,0,validator_5,100,262,2728
2701,16,910000,0,user_16,262,262,
2714,17,660000,0,user_31,262,262,
2720,18,660000,0,user_35,262,262,
2719,19,650000,0,user_35,262,262,
2721,20,630000,0,user_35,262,262,
2709,21,600000,0,user_24,262,262,
2736,22,0,0,validator_5,100,262,2729
2729,23,120000,369000,user_47,262,262,
2702,24,470000,0,user_17,262,262,
2690,25,300000,161000,user_6,262,262,
2737,26,0,0,validator_5,100,262,2690
2704,27,420000,0,user_18,262,262,
2722,28,420000,0,user_36,262,262,
2738,29,0,0,validator_5,100,262,2687
2687,30,120000,296000,user_4,262,262,
2688,31,370000,0,user_5,262,262,
2717,32,340000,0,user_33,262,262,
2712,33,310000,0,user_26,262,262,
2683,34,300000,0,user_1,262,262,
2689,35,300000,0,user_5,262,262,
2698,36,220000,0,user_12,262,262,
2710,37,73000,100000,user_25,262,262,
2739,38,0,0,validator_5,100,262,2710
2723,39,170000,0,user_38,262,262,
2695,40,160000,0,user_9,262,262,
2686,41,150000,0,user_3,262,262,
2681,42,120000,0,user_0,262,262,
2711,43,120000,0,user_25,262,262,
2724,44,120000,0,user_40,262,262,
2705,45,110000,0,user_20,262,262,
2682,46,79000,0,user_0,262,262,
2771,0,30000000,0,user_29,263,263,
2751,1,6100000,0,user_16,263,263,
2761,2,5000000,32900,user_21,263,263,
2795,3,0,0,validator_9,100,263,2761
2757,4,350000,4320000,user_20,263,263,
2796,5,0,0,validator_9,100,263,2757
2744,6,3200000,0,user_2,263,263,
2781,7,2500000,0,user_35,263,263,
2742,8,2400000,0,user_0,263,263,
2764,9,2300000,0,user_23,263,263,
2782,10,2100000,0,user_35,263,263,
2743,11,2000000,0,user_0,263,263,
2763,12,2000000,0,user_23,263,263,
2741,13,1800000,0,user_0,263,263,
2793,14,1500000,39400,user_46,263,263,
2797,15,0,0,validator_9,100,263,2793
2772,16,1400000,0,user_30,263,263,
2777,17,1400000,0,user_31,263,263,
2780,18,1400000,0,user_34,263,263,
2794,19,1400000,0,user_47,263,263,
2789,20,1300000,0,user_42,263,263,
2765,21,1200000,0,user_24,263,263,
2769,22,1200000,0,user_28,263,263,
2758,23,600000,350000,user_21,263,263,
2798,24,0,0,validator_9,100,263,2758
2779,25,910000,0,user_34,263,263,
2799,26,0,0,validator_9,100,263,2787
2787,27,470000,35600,user_40,263,263,
2786,28,470000,0,user_39,263,263,
2776,29,420000,0,user_30,263,263,
2760,30,350000,0,user_21,263,263,
2800,31,0,0,validator_9,100,263,2759
2759,32,300000,16400,user_21,263,263,
2756,33,310000,0,user_20,263,263,
2773,34,300000,0,user_30,263,263,
2790,35,220000,42000,user_42,263,263,
2801,36,0,0,validator_9,100,263,2790
2746,37,260000,0,user_8,263,263,
2792,38,240000,12800,user_45,263,263,
2802,39,0,0,validator_9,100,263,2792
2774,40,220000,0,user_30,263,263,
2747,41,170000,0,user_12,263,263,
2748,42,170000,0,user_13,263,263,
2788,43,170000,0,user_41,263,263,
2770,44,150000,0,user_29,263,263,
2745,45,110000,16400,user_7,263,263,
2803,46,0,0,validator_9,100,263,2745
2785,47,120000,0,user_39,263,263,
2750,48,98000,0,user_14,263,263,
2784,49,87000,0,user_38,263,263,
2766,50,85000,0,user_26,263,263,
2749,51,83000,0,user_14,263,263,
2753,52,82000,0,user_18,263,263,
2775,53,82000,0,user_30,263,263,
2740,54,73000,0,user_0,263,263,
2767,55,73000,0,user_26,263,263,
2841,0,43000000,0,user_33,264,264,
2847,1,150000,7190000,user_42,264,264,
2856,2,0,0,validator_6,100,264,2847
2828,3,5000000,0,user_18,264,264,
2812,4,4500000,100000,user_7,264,264,
2857,5,0,0,validator_6,100,264,2812
2851,6,4500000,0,user_45,264,264,
2855,7,2600000,0,user_48,264,264,
2821,8,2400000,0,user_13,264,264,
2822,9,2400000,0,user_14,264,264,
2838,10,2400000,0,user_30,264,264,
2843,11,2000000,14200,user_37,264,264,
2858,12,0,0,validator_6,100,264,2843
2854,13,1900000,0,user_47,264,264,
2819,14,1700000,0,user_12,264,264,
2849,15,1700000,0,user_44,264,264,
2815,16,1400000,0,user_10,264,264,
2840,17,1400000,0,user_32,264,264,
2805,18,1000000,30200,user_0,264,264,
2859,19,0,0,validator_6,100,264,2805
2809,20,1000001,0,user_2,264,264,2805
2810,21,1000000,0,user_3,264,264,
2806,22,999999,0,user_0,264,264,2805
2807,23,999999,0,user_0,264,264,2805
2808,24,999999,0,user_1,264,264,2805
2824,25,660000,0,user_16,264,264,
2839,26,660000,0,user_32,264,264,
2813,27,650000,0,user_8,264,264,
2860,28,0,0,validator_6,100,264,2848
2848,29,600000,49100,user_43,264,264,
2852,30,320000,0,user_45,264,264,
2820,31,310000,0,user_12,264,264,
2825,32,300000,0,user_16,264,264,
2829,33,240000,0,user_19,264,264,
2811,34,120000,68100,user_6,264,264,
2861,35,0,0,validator_6,100,264,2811
2836,36,160000,0,user_24,264,264,
2853,37,150000,0,user_46,264,264,
2823,38,110000,21800,user_16,264,264,
2862,39,0,0,validator_6,100,264,2823
2817,40,120000,0,user_10,264,264,
2804,41,110000,0,user_0,264,264,
2837,42,110000,0,user_27,264,264,
2830,43,98000,0,user_21,264,264,
2863,44,0,0,validator_6,100,264,2814
2814,45,82000,12800,user_9,264,264,
2816,46,85000,5180,user_10,264,264,
2864,47,0,0,validator_6,100,264,2816
2844,48,84000,0,user_38,264,264,
2850,49,82000,0,user_44,264,264,
2818,50,80000,0,user_10,264,264,
2826,51,77000,0,user_17,264,264,
2827,52,77000,0,user_17,264,264,
2890,0,5200000,0,user_23,265,265,
2888,1,5000000,0,user_22,265,265,
2897,2,3500000,0,user_29,265,265,
2875,3,3200000,0,user_7,265,265,
2916,4,2500000,0,user_43,265,265,
2922,5,0,0,validator_0,100,265,2912
2912,6,2400000,5630,user_40,265,265,
2910,7,2400000,0,user_38,265,265,
2885,8,2000000,0,user_20,265,265,
2874,9,1900000,0,user_7,265,265,
2923,10,0,0,validator_0,100,265,2880
2880,11,1500000,34700,user_19,265,265,
2865,12,1500000,0,user_0,265,265,
2900,13,1500000,0,user_31,265,265,
2924,14,0,0,validator_0,100,265,2908
2908,15,1400000,75000,user_35,265,265,
2920,16,1300000,0,user_47,265,265,
2921,17,1200000,0,user_48,265,265,
2909,18,660000,0,user_37,265,265,
2901,19,650000,0,user_32,265,265,
2872,20,600000,0,user_6,265,265,
2876,21,470000,68100,user_11,265,265,
2925,22,0,0,validator_0,100,265,2876
2926,23,0,0,validator_0,100,265,2891
2891,24,370000,146000,user_24,265,265,
2889,25,160000,181000,user_22,265,265,
2927,26,0,0,validator_0,100,265,2889
2871,27,220000,0,user_6,265,265,
2873,28,160000,24700,user_6,265,265,
2928,29,0,0,validator_0,100,265,2873
2929,30,0,0,validator_0,100,265,2884
2884,31,110000,64600,user_20,265,265,
2930,32,0,0,validator_0,100,265,2917
2917,33,160000,12300,user_44,265,265,
2877,34,170000,0,user_12,265,265,
2882,35,170000,0,user_20,265,265,
2878,36,160000,0,user_13,265,265,
2911,37,160000,0,user_38,265,265,
2881,38,150000,0,user_20,265,265,
2931,39,0,0,validator_0,100,265,2867
2867,40,120000,7840,user_3,265,265,
2883,41,120000,0,user_20,265,265,
2892,42,84000,0,user_24,265,265,
2919,43,84000,0,user_46,265,265,
2870,44,82000,0,user_6,265,265,
2907,45,80000,0,user_35,265,265,
2869,46,73000,0,user_6,265,265,
2915,47,73000,0,user_42,265,265,
2945,0,43000000,0,user_16,266,266,
2962,1,43000000,0,user_37,266,266,
2964,2,6100000,0,user_40,266,266,
2955,3,5200000,0,user_27,266,266,
2966,4,5200000,0,user_45,266,266,
2947,5,5000000,0,user_20,266,266,
2941,6,4500000,0,user_12,266,266,
2935,7,3500000,0,user_5,266,266,
2963,8,2500000,0,user_38,266,266,
2940,9,2100000,0,user_11,266,266,
2937,10,2000000,5640,user_8,266,266,
2952,11,1700000,1100000,user_25,266,266,
2932,12,1600000,0,user_0,266,266,
2942,13,1500000,0,user_14,266,266,
2949,14,1500000,5180,user_21,266,266,
2956,15,1500000,17000,user_28,266,266,
2968,16,1500000,0,user_47,266,266,
2951,17,1400000,0,user_24,266,266,
2967,18,1000000,14200,user_46,266,266,
2954,19,420000,0,user_26,266,266,
2939,20,350000,0,user_11,266,266,
2950,21,300000,0,user_22,266,266,
2934,22,220000,13900,user_2,266,266,
2944,23,190000,0,user_16,266,266,
2953,24,170000,0,user_25,266,266,
2965,25,170000,0,user_41,266,266,
2948,26,120000,0,user_21,266,266,
2946,27,85000,17000,user_18,266,266,
2957,28,84000,283000,user_28,266,266,
2938,29,77000,30200,user_9,266,266,
2943,30,73000,0,user_15,266,266,
3024,0,0,0,validator_9,100,267,3004
3004,1,27000000,75000,user_26,267,267,
3025,2,0,0,validator_9,100,267,3023
3023,3,27000000,23500,user_49,267,267,
2985,4,19000000,46500,user_11,267,267,
3026,5,0,0,validator_9,100,267,2985
3027,6,0,0,validator_9,100,267,3002
3002,7,6100000,13900,user_24,267,267,
3012,8,5000000,0,user_34,267,267,
2993,9,2500000,0,user_16,267,267,
2979,10,2000000,0,user_6,267,267,
2970,11,1500000,0,user_0,267,267,
2994,12,1400000,0,user_18,267,267,
3018,13,670000,410000,user_43,267,267,
3028,14,0,0,validator_9,100,267,3018
2974,15,1000000,0,user_3,267,267,
2990,16,1000000,0,user_14,267,267,
2973,17,970000,0,user_3,267,267,
3000,18,870000,0,user_24,267,267,
3006,19,870000,0,user_28,267,267,
3008,20,660000,0,user_30,267,267,
3019,21,470000,0,user_43,267,267,
3001,22,460000,0,user_24,267,267,
3020,23,460000,0,user_45,267,267,
2987,24,420000,0,user_12,267,267,
3014,25,420000,0,user_38,267,267,
3029,26,0,0,validator_9,100,267,2978
2978,27,190000,195000,user_5,267,267,
2984,28,310000,0,user_11,267,267,
3007,29,260000,8520,user_29,267,267,
3030,30,0,0,validator_9,100,267,3007
3015,31,220000,0,user_39,267,267,
2989,32,190000,0,user_14,267,267,
3009,33,190000,0,user_31,267,267,
2983,34,170000,0,user_10,267,267,
2996,35,170000,0,user_20,267,267,
3016,36,160000,0,user_39,267,267,
2988,37,150000,0,user_13,267,267,
3011,38,130000,0,user_34,267,267,
3017,39,120000,0,user_41,267,267,
2986,40,110000,0,user_11,267,267,
3021,41,110000,0,user_46,267,267,
2980,42,84000,0,user_8,267,267,
2999,43,82000,0,user_23,267,267,
3053,0,43000000,0,user_22,268,268,
3032,1,5200000,0,user_2,268,268,
3060,2,4200000,0,user_31,268,268,
3054,3,3600000,0,user_23,268,268,
3040,4,2600000,0,user_11,268,268,
3064,5,2600000,0,user_37,268,268,
3038,6,2300000,0,user_9,268,268,
3052,7,2100000,0,user_21,268,268,
3066,8,1700000,0,user_39,268,268,
3075,9,1700000,0,user_47,268,268,
3035,10,1600000,0,user_5,268,268,
3067,11,1600000,0,user_39,268,268,
3061,12,1500000,0,user_34,268,268,
3072,13,1500000,0,user_45,268,268,
3059,14,1400000,0,user_30,268,268,
3034,15,1100000,0,user_4,268,268,
3037,16,1000000,0,user_6,268,268,
3071,17,630000,35100,user_44,268,268,
3077,18,0,0,validator_11,100,268,3071
3046,19,660000,0,user_15,268,268,
3078,20,0,0,validator_11,100,268,3036
3036,21,220000,381000,user_5,268,268,
3073,22,600000,0,user_45,268,268,
3049,23,460000,0,user_17,268,268,
3051,24,420000,0,user_21,268,268,
3055,25,310000,0,user_24,268,268,
3062,26,300000,0,user_34,268,268,
3058,27,150000,139000,user_29,268,268,
3079,28,0,0,validator_11,100,268,3058
3047,29,220000,0,user_15,268,268,
3080,30,0,0,validator_11,100,268,3057
3057,31,170000,33100,user_26,268,268,
3065,32,150000,0,user_39,268,268,
3070,33,150000,0,user_41,268,268,
3056,34,120000,0,user_25,268,268,
3048,35,110000,0,user_16,268,268,
3076,36,110000,0,user_47,268,268,
3050,37,100000,0,user_18,268,268,
3063,38,85000,0,user_36,268,268,
3074,39,85000,0,user_46,268,268,
3031,40,80000,0,user_0,268,268,
3033,41,79000,0,user_2,268,268,
3088,0,30000000,256000,user_5,269,269,
3111,1,30000000,195000,user_28,269,269,
3099,2,19000000,0,user_19,269,269,
3107,3,5000000,0,user_24,269,269,
3090,4,3600000,0,user_11,269,269,
3130,5,3600000,11200,user_45,269,269,
3127,6,2300000,68100,user_43,269,269,
3105,7,2100000,0,user_22,269,269,
3082,8,1700000,0,user_0,269,269,
3098,9,1500000,0,user_18,269,269,
3101,10,1500000,0,user_20,269,269,
3110,11,910000,0,user_27,269,269,
3091,12,670000,0,user_12,269,269,
3081,13,650000,0,user_0,269,269,
3086,14,630000,0,user_4,269,269,
3103,15,460000,0,user_21,269,269,
3100,16,420000,0,user_19,269,269,
3124,17,370000,0,user_36,269,269,
3108,18,360000,30200,user_25,269,269,
3112,19,360000,0,user_29,269,269,
3089,20,260000,0,user_10,269,269,
3109,21,260000,0,user_26,269,269,
3134,22,240000,0,user_49,269,269,
3087,23,170000,0,user_4,269,269,
3094,24,160000,0,user_14,269,269,
3095,25,160000,0,user_14,269,269,
3092,26,150000,5180,user_12,269,269,
3097,27,150000,0,user_17,269,269,
3104,28,120000,0,user_21,269,269,
3126,29,120000,0,user_41,269,269,
3125,30,98000,0,user_36,269,269,
3131,31,87000,3130,user_45,269,269,
3132,32,83000,0,user_46,269,269,
3102,33,79000,0,user_21,269,269,
3133,34,79000,0,user_47,269,269,
3096,35,77000,0,user_15,269,269,
3135,0,43000000,0,user_0,270,270,
3143,1,43000000,0,user_8,270,270,
3146,2,30000000,146000,user_10,270,270,
3162,3,27000000,0,user_27,270,270,
3155,4,19000000,0,user_22,270,270,
3139,5,6300000,0,user_3,270,270,
3163,6,6300000,7190000,user_27,270,270,
3164,7,5200000,67500,user_29,270,270,
3183,8,5200000,0,user_49,270,270,
3171,9,3200000,0,user_35,270,270,
3158,10,2600000,49100,user_25,270,270,
3172,11,2500000,0,user_36,270,270,
3144,12,2400000,1100000,user_9,270,270,
3175,13,2000000,0,user_39,270,270,
3150,14,1900000,18600,user_15,270,270,
3174,15,1700000,0,user_38,270,270,
3173,16,1600000,0,user_37,270,270,
3136,17,1500000,0,user_1,270,270,
3149,18,1500000,66100,user_14,270,270,
3170,19,1500000,0,user_34,270,270,
3152,20,970000,0,user_19,270,270,
3159,21,530000,0,user_25,270,270,
3167,22,530000,0,user_32,270,270,
3153,23,420000,0,user_20,270,270,
3137,24,370000,0,user_2,270,270,
3142,25,370000,0,user_7,270,270,
3176,26,300000,0,user_41,270,270,
3154,27,220000,0,user_22,270,270,
3177,28,220000,0,user_41,270,270,
3184,29,160000,0,user_49,270,270,
3138,30,150000,0,user_2,270,270,
3141,31,120000,0,user_4,270,270,
3145,32,120000,0,user_10,270,270,
3140,33,110000,0,user_4,270,270,
3161,34,100000,0,user_25,270,270,
3165,35,83000,0,user_30,270,270,
3160,36,79000,0,user_25,270,270,
3182,37,73000,0,user_48,270,270,
3156,38,70000,128000,user_23,270,270,
3203,0,27000000,67500,user_13,271,271,
3237,1,0,0,validator_10,100,271,3203
3189,2,19000000,0,user_3,271,271,
3207,3,19000000,0,user_17,271,271,
3230,4,6100000,0,user_40,271,271,
3235,5,6100000,0,user_47,271,271,
3204,6,5000000,0,user_14,271,271,
3220,7,3500000,0,user_31,271,271,
3214,8,2400000,73100,user_24,271,271,
3238,9,0,0,validator_10,100,271,3214
3226,10,2400000,67500,user_38,271,271,
3239,11,0,0,validator_10,100,271,3226
3201,12,2300000,0,user_11,271,271,
3229,13,2300000,0,user_39,271,271,
3206,14,2000000,0,user_16,271,271,
3222,15,1400000,0,user_33,271,271,
3228,16,1400000,0,user_39,271,271,
3231,17,1300000,33300,user_41,271,271,
3240,18,0,0,validator_10,100,271,3231
3212,19,1000000,0,user_22,271,271,
3223,20,910000,0,user_34,271,271,
3234,21,670000,0,user_45,271,271,
3213,22,650000,0,user_23,271,271,
3191,23,530000,0,user_7,271,271,
3241,24,0,0,validator_10,100,271,3202
3202,25,350000,164000,user_12,271,271,
3193,26,460000,13800,user_8,271,271,
3242,27,0,0,validator_10,100,271,3193
3232,28,360000,0,user_42,271,271,
3192,29,150000,181000,user_7,271,271,
3243,30,0,0,validator_10,100,271,3192
3211,31,320000,0,user_20,271,271,
3210,32,310000,0,user_19,271,271,
3215,33,310000,0,user_24,271,271,
3225,34,160000,0,user_37,271,271,
3209,35,150000,0,user_19,271,271,
3217,36,150000,0,user_25,271,271,
3233,37,150000,0,user_44,271,271,
3236,38,150000,0,user_48,271,271,
3185,39,120000,16400,user_0,271,271,
3244,40,0,0,validator_10,100,271,3185
3188,41,120001,0,user_2,271,271,3185
3227,42,120000,0,user_38,271,271,
3186,43,119999,0,user_1,271,271,3185
3187,44,119999,0,user_1,271,271,3185
3205,45,110000,0,user_15,271,271,
3221,46,110000,0,user_31,271,271,
3224,47,98000,0,user_34,271,271,
3190,48,83000,0,user_6,271,271,
3216,49,79000,0,user_25,271,271,
3284,0,30000000,0,user_34,272,272,
3286,1,6300000,161000,user_38,272,272,
3282,2,4500000,0,user_31,272,272,
3268,3,3600000,0,user_23,272,272,
3249,4,2100000,73100,user_5,272,272,
3289,5,2000000,0,user_42,272,272,
3287,6,1900000,0,user_39,272,272,
3279,7,1500000,0,user_29,272,272,
3269,8,1100000,0,user_23,272,272,
3291,9,1100000,0,user_46,272,272,
3266,10,910000,0,user_19,272,272,
3276,11,870000,0,user_28,272,272,
3290,12,670000,67900,user_45,272,272,
3250,13,650000,0,user_6,272,272,
3255,14,470000,0,user_11,272,272,
3292,15,460000,128000,user_48,272,272,
3288,16,420000,0,user_40,272,272,
3252,17,370000,0,user_7,272,272,
3267,18,370000,0,user_22,272,272,
3278,19,350000,0,user_29,272,272,
3265,20,300000,0,user_17,272,272,
3248,21,260000,0,user_3,272,272,
3281,22,260000,35600,user_31,272,272,
3257,23,240000,0,user_14,272,272,
3280,24,220000,0,user_30,272,272,
3258,25,170000,0,user_14,272,272,
3259,26,170000,215000,user_14,272,272,
3264,27,170000,0,user_16,272,272,
3253,28,160000,0,user_10,272,272,
3254,29,160000,67500,user_11,272,272,
3293,30,120000,0,user_48,272,272,
3277,31,110000,594000,user_28,272,272,
3246,32,85000,0,user_1,272,272,
3256,33,83000,0,user_14,272,272,
3285,34,79000,0,user_37,272,272,
3251,35,70000,0,user_7,272,272,
3272,36,70000,0,user_25,272,272,
3321,0,30000000,0,user_21,273,273,
3358,1,0,0,validator_2,100,273,3314
3314,2,6100000,410000,user_16,273,273,
3348,3,6300000,0,user_42,273,273,
3299,4,5000000,0,user_2,273,273,
3338,5,5000000,0,user_35,273,273,
3357,6,5000000,0,user_49,273,273,
3305,7,4500000,0,user_9,273,273,
3333,8,4200000,0,user_34,273,273,
3359,9,0,0,validator_2,100,273,3332
3332,10,3500000,64600,user_32,273,273,
3324,11,2600000,0,user_29,273,273,
3339,12,2600000,0,user_35,273,273,
3331,13,2400000,0,user_31,273,273,
3352,14,2400000,0,user_46,273,273,
3327,15,2100000,0,user_31,273,273,
3351,16,2000000,23500,user_45,273,273,
3360,17,0,0,validator_2,100,273,3351
3361,18,0,0,validator_2,100,273,3325
3325,19,1500000,369000,user_30,273,273,
3343,20,1500000,0,user_38,273,273,
3309,21,1400000,0,user_12,273,273,
3336,22,1400000,0,user_34,273,273,
3307,23,110000,1100000,user_11,273,273,
3362,24,0,0,validator_2,100,273,3307
3317,25,1200000,0,user_17,273,273,
3312,26,1100000,0,user_14,273,273,
3316,27,1100000,0,user_16,273,273,
3318,28,1100000,0,user_18,273,273,
3330,29,970000,0,user_31,273,273,
3300,30,870000,0,user_2,273,273,
3345,31,630000,0,user_41,273,273,
3302,32,120000,350000,user_5,273,273,
3363,33,0,0,validator_2,100,273,3302
3329,34,460000,0,user_31,273,273,
3334,35,460000,0,user_34,273,273,
3355,36,420000,0,user_48,273,273,
3326,37,310000,0,user_30,273,273,
3340,38,310000,0,user_35,273,273,
3320,39,300000,0,user_20,273,273,
3322,40,300000,0,user_22,273,273,
3344,41,260000,0,user_41,273,273,
3328,42,170000,56200,user_31,273,273,
3364,43,0,0,validator_2,100,273,3328
3335,44,160000,43600,user_34,273,273,
3365,45,0,0,validator_2,100,273,3335
3311,46,150000,0,user_14,273,273,
3337,47,150000,0,user_34,273,273,
3308,48,130000,0,user_11,273,273,
3301,49,120000,0,user_3,273,273,
3347,50,120000,0,user_42,273,273,
3306,51,110000,0,user_10,273,273,
3315,52,98000,0,user_16,273,273,
3346,53,87000,0,user_41,273,273,
3303,54,84000,0,user_7,273,273,
3356,55,84000,0,user_49,273,273,
3323,56,82000,0,user_27,273,273,
3405,0,43000000,0,user_42,274,274,
3367,1,27000000,369000,user_0,274,274,
3415,2,0,0,validator_9,100,274,3367
3368,3,26999999,0,user_2,274,274,3367
3416,4,0,0,validator_9,100,274,3397
3397,5,5200000,71800,user_36,274,274,
3376,6,4500000,0,user_8,274,274,
3417,7,0,0,validator_9,100,274,3385
3385,8,3200000,410000,user_26,274,274,
3418,9,0,0,validator_9,100,274,3403
3403,10,3500000,31700,user_41,274,274,
3396,11,3500000,0,user_36,274,274,
3366,12,3200000,0,user_0,274,274,
3419,13,0,0,validator_9,100,274,3375
3375,14,1800000,510000,user_7,274,274,
3373,15,2000000,0,user_6,274,274,
3420,16,0,0,validator_9,100,274,3372
3372,17,1800000,121000,user_5,274,274,
3382,18,1500000,7840,user_24,274,274,
3421,19,0,0,validator_9,100,274,3382
3369,20,1500000,0,user_3,274,274,
3402,21,1500000,0,user_39,274,274,
3409,22,1500000,0,user_45,274,274,
3392,23,1300000,0,user_34,274,274,
3401,24,870000,0,user_38,274,274,
3374,25,670000,0,user_7,274,274,
3381,26,660000,0,user_23,274,274,
3404,27,660000,0,user_41,274,274,
3410,28,530000,0,user_45,274,274,
3422,29,0,0,validator_9,100,274,3391
3391,30,470000,42000,user_32,274,274,
3411,31,470000,0,user_45,274,274,
3371,32,87000,322000,user_5,274,274,
3423,33,0,0,validator_9,100,274,3371
3400,34,77000,296000,user_38,274,274,
3424,35,0,0,validator_9,100,274,3400
3393,36,350000,0,user_36,274,274,
3387,37,340000,0,user_29,274,274,
3383,38,310000,0,user_24,274,274,
3406,39,260000,0,user_43,274,274,
3388,40,170000,0,user_29,274,274,
3378,41,160000,0,user_14,274,274,
3425,42,0,0,validator_9,100,274,3384
3384,43,120000,33300,user_26,274,274,
3395,44,150000,0,user_36,274,274,
3413,45,150000,0,user_46,274,274,
3377,46,110000,0,user_12,274,274,
3412,47,98000,0,user_45,274,274,
3389,48,83000,0,user_29,274,274,
3394,49,83000,0,user_36,274,274,
3390,50,79000,0,user_30,274,274,
3414,51,70000,0,user_47,274,274,
3435,0,30000000,0,user_11,275,275,
3445,1,27000000,0,user_21,275,275,
3428,2,19000000,0,user_3,275,275,
3448,3,120000,17700000,user_22,275,275,
3470,4,0,0,validator_5,100,275,3448
3429,5,5000000,0,user_5,275,275,
3441,6,5000000,0,user_17,275,275,
3453,7,4500000,0,user_33,275,275,
3439,8,2600000,0,user_16,275,275,
3469,9,2000000,0,user_49,275,275,
3471,10,0,0,validator_5,100,275,3455
3455,11,1700000,30200,user_36,275,275,
3446,12,1600000,0,user_21,275,275,
3472,13,0,0,validator_5,100,275,3449
3449,14,1400000,146000,user_25,275,275,
3458,15,1400000,71800,user_38,275,275,
3473,16,0,0,validator_5,100,275,3458
3433,17,1400000,0,user_10,275,275,
3466,18,1400000,0,user_47,275,275,
3463,19,1200000,0,user_45,275,275,
3474,20,0,0,validator_5,100,275,3457
3457,21,1100000,36800,user_37,275,275,
3432,22,1000000,0,user_9,275,275,
3468,23,130000,779000,user_49,275,275,
3475,24,0,0,validator_5,100,275,3468
3476,25,0,0,validator_5,100,275,3440
3440,26,170000,594000,user_16,275,275,
3434,27,630000,49100,user_10,275,275,
3477,28,0,0,validator_5,100,275,3434
3427,29,460000,0,user_2,275,275,
3454,30,220000,155000,user_35,275,275,
3478,31,0,0,validator_5,100,275,3454
3444,32,370000,0,user_20,275,275,
3430,33,350000,0,user_6,275,275,
3443,34,240000,0,user_19,275,275,
3438,35,220000,0,user_15,275,275,
3442,36,220000,0,user_18,275,275,
3456,37,220000,0,user_37,275,275,
3447,38,160000,0,user_21,275,275,
3465,39,150000,0,user_47,275,275,
3450,40,120000,0,user_26,275,275,
3464,41,120000,0,user_46,275,275,
3436,42,87000,0,user_12,275,275,
3426,43,77000,0,user_1,275,275,
3460,44,77000,0,user_40,275,275,
3531,0,30000000,0,user_42,276,276,
3510,1,19000000,0,user_24,276,276,
3514,2,19000000,0,user_26,276,276,
3522,3,6100000,0,user_29,276,276,
3538,4,0,0,validator_9,100,276,3496
3496,5,5000000,12800,user_16,276,276,
3498,6,3600000,0,user_16,276,276,
3484,7,2500000,0,user_5,276,276,
3485,8,2100000,0,user_6,276,276,
3492,9,2000000,0,user_14,276,276,
3489,10,1800000,0,user_6,276,276,
3539,11,0,0,validator_9,100,276,3497
3497,12,1500000,31700,user_16,276,276,
3527,13,1400000,49100,user_36,276,276,
3540,14,0,0,validator_9,100,276,3527
3500,15,1400000,0,user_18,276,276,
3487,16,1300000,0,user_6,276,276,
3486,17,340000,959000,user_6,276,276,
3541,18,0,0,validator_9,100,276,3486
3542,19,0,0,validator_9,100,276,3526
3526,20,1200000,68100,user_35,276,276,
3525,21,1100000,24700,user_34,276,276,
3543,22,0,0,validator_9,100,276,3525
3515,23,1100000,0,user_26,276,276,
3537,24,1100000,0,user_46,276,276,
3544,25,0,0,validator_9,100,276,3507
3507,26,1000000,39400,user_23,276,276,
3545,27,0,0,validator_9,100,276,3490
3490,28,970000,67500,user_13,276,276,
3530,29,970000,0,user_42,276,276,
3495,30,870000,0,user_16,276,276,
3546,31,0,0,validator_9,100,276,3532
3532,32,530000,13800,user_43,276,276,
3535,33,460000,0,user_45,276,276,
3506,34,420000,0,user_23,276,276,
3508,35,420000,0,user_24,276,276,
3488,36,320000,0,user_6,276,276,
3524,37,110000,155000,user_34,276,276,
3547,38,0,0,validator_9,100,276,3524
3521,39,260000,0,user_28,276,276,
3503,40,220000,0,user_20,276,276,
3548,41,0,0,validator_9,100,276,3528
3528,42,120000,71800,user_36,276,276,
3549,43,0,0,validator_9,100,276,3502
3502,44,98000,67900,user_20,276,276,
3509,45,150000,13800,user_24,276,276,
3550,46,0,0,validator_9,100,276,3509
3479,47,150000,0,user_2,276,276,
3491,48,150000,0,user_14,276,276,
3480,49,120000,0,user_3,276,276,
3505,50,120000,0,user_23,276,276,
3529,51,120000,0,user_40,276,276,
3511,52,110000,0,user_24,276,276,
3536,53,98000,0,user_46,276,276,
3481,54,85000,0,user_3,276,276,
3494,55,85000,0,user_16,276,276,
3591,0,43000000,0,user_40,277,277,
3595,1,43000000,0,user_43,277,277,
3585,2,5200000,100000,user_32,277,277,
3597,3,3600000,0,user_45,277,277,
3594,4,3200000,0,user_42,277,277,
3567,5,2400000,0,user_13,277,277,
3564,6,2300000,0,user_11,277,277,
3581,7,2100000,0,user_28,277,277,
3602,8,1800000,0,user_49,277,277,
3562,9,1600000,0,user_10,277,277,
3572,10,1600000,0,user_17,277,277,
3573,11,1600000,0,user_18,277,277,
3574,12,1500000,60700,user_20,277,277,
3596,13,1500000,33300,user_44,277,277,
3559,14,1400000,17000,user_7,277,277,
3570,15,1400000,769000,user_17,277,277,
3552,16,1300000,0,user_0,277,277,
3563,17,1100000,39400,user_10,277,277,
3586,18,1100000,0,user_33,277,277,
3565,19,1000000,0,user_12,277,277,
3554,20,970000,0,user_3,277,277,
3592,21,910000,0,user_41,277,277,
3575,22,870000,0,user_22,277,277,
3561,23,660000,0,user_9,277,277,
3583,24,660000,0,user_30,277,277,
3551,25,370000,0,user_0,277,277,
3579,26,350000,34700,user_24,277,277,
3598,27,340000,0,user_46,277,277,
3568,28,320000,0,user_16,277,277,
3569,29,220000,0,user_17,277,277,
3576,30,170000,0,user_22,277,277,
3584,31,170000,0,user_30,277,277,
3555,32,160000,0,user_4,277,277,
3558,33,160000,0,user_6,277,277,
3578,34,160000,0,user_24,277,277,
3566,35,150000,0,user_13,277,277,
3571,36,150000,0,user_17,277,277,
3600,37,150000,0,user_49,277,277,
3601,38,120000,0,user_49,277,277,
3590,39,110000,0,user_39,277,277,
3553,40,100000,128000,user_2,277,277,
3580,41,100000,0,user_26,277,277,
3593,42,98000,71800,user_41,277,277,
3588,43,87000,0,user_37,277,277,
3599,44,83000,0,user_48,277,277,
3587,45,80000,0,user_34,277,277,
3603,46,79000,0,user_49,277,277,
3638,0,19000000,0,user_21,278,278,
3649,1,19000000,0,user_34,278,278,
3664,2,6100000,12300,user_48,278,278,
3666,3,3500000,0,user_49,278,278,
3613,4,3200000,0,user_5,278,278,
3616,5,3200000,0,user_9,278,278,
3631,6,2600000,0,user_17,278,278,
3651,7,2500000,0,user_35,278,278,
3643,8,2100000,0,user_28,278,278,
3625,9,1800000,0,user_15,278,278,
3665,10,1800000,0,user_49,278,278,
3634,11,1600000,0,user_21,278,278,
3637,12,1500000,0,user_21,278,278,
3655,13,1500000,0,user_41,278,278,
3615,14,1400000,0,user_8,278,278,
3624,15,1300000,68100,user_15,278,278,
3633,16,1000000,0,user_20,278,278,
3657,17,1000000,0,user_43,278,278,
3622,18,970000,60700,user_14,278,278,
3648,19,870000,0,user_34,278,278,
3635,20,530000,0,user_21,278,278,
3636,21,420000,33100,user_21,278,278,
3667,22,420000,0,user_49,278,278,
3621,23,360000,0,user_13,278,278,
3644,24,340000,0,user_30,278,278,
3654,25,320000,0,user_39,278,278,
3623,26,220000,0,user_15,278,278,
3630,27,220000,0,user_17,278,278,
3647,28,220000,0,user_34,278,278,
3626,29,190000,0,user_15,278,278,
3627,30,170000,350000,user_16,278,278,
3628,31,170000,0,user_17,278,278,
3663,32,170000,0,user_48,278,278,
3617,33,160000,0,user_10,278,278,
3645,34,160000,0,user_32,278,278,
3641,35,150000,0,user_26,278,278,
3652,36,150000,0,user_36,278,278,
3653,37,120000,0,user_37,278,278,
3604,38,110000,0,user_0,278,278,
3614,39,110000,0,user_7,278,278,
3639,40,85000,0,user_22,278,278,
3606,41,84001,0,user_1,278,278,3605
3607,42,84001,0,user_1,278,278,3605
3608,43,84001,0,user_1,278,278,3605
3611,44,84001,0,user_2,278,278,3605
3605,45,84000,779000,user_1,278,278,
3629,46,84000,84800,user_17,278,278,
3609,47,83999,0,user_2,278,278,3605
3610,48,83999,0,user_2,278,278,3605
3612,49,83999,0,user_2,278,278,3605
3642,50,83000,381000,user_27,278,278,
3650,51,73000,0,user_35,278,278,
3671,0,30000000,0,user_3,279,279,
3719,1,0,0,validator_7,100,279,3672
3672,2,27000000,510000,user_3,279,279,
3677,3,27000000,0,user_10,279,279,
3720,4,0,0,validator_7,100,279,3705
3705,5,6100000,215000,user_38,279,279,
3717,6,160000,4320000,user_48,279,279,
3721,7,0,0,validator_7,100,279,3717
3697,8,2600000,769000,user_30,279,279,
3722,9,0,0,validator_7,100,279,3697
3716,10,3200000,0,user_48,279,279,
3680,11,2500000,0,user_13,279,279,
3702,12,2000000,0,user_35,279,279,
3718,13,2000000,0,user_49,279,279,
3668,14,1800000,139000,user_0,279,279,
3723,15,0,0,validator_7,100,279,3668
3713,16,1900000,0,user_44,279,279,
3669,17,1800001,0,user_1,279,279,3668
3670,18,1800001,0,user_2,279,279,3668
3711,19,1700000,0,user_43,279,279,
3712,20,1600000,0,user_43,279,279,
3703,21,1500000,0,user_36,279,279,
3714,22,1400000,0,user_46,279,279,
3690,23,1100000,0,user_22,279,279,
3724,24,0,0,validator_7,100,279,3698
3698,25,1000000,3130,user_31,279,279,
3706,26,1000000,0,user_40,279,279,
3725,27,0,0,validator_7,100,279,3692
3692,28,110000,779000,user_24,279,279,
3708,29,670000,0,user_41,279,279,
3679,30,600000,0,user_12,279,279,
3709,31,530000,0,user_41,279,279,
3685,32,460000,0,user_18,279,279,
3696,33,460000,0,user_28,279,279,
3715,34,350000,0,user_47,279,279,
3678,35,340000,0,user_10,279,279,
3699,36,340000,0,user_32,279,279,
3726,37,0,0,validator_7,100,279,3684
3684,38,83000,146000,user_17,279,279,
3681,39,220000,0,user_13,279,279,
3676,40,150000,42000,user_7,279,279,
3727,41,0,0,validator_7,100,279,3676
3691,42,190000,0,user_22,279,279,
3673,43,170000,16400,user_4,279,279,
3728,44,0,0,validator_7,100,279,3673
3674,45,150000,0,user_4,279,279,
3694,46,110000,0,user_25,279,279,
3704,47,110000,0,user_36,279,279,
3675,48,87000,0,user_5,279,279,
3693,49,87000,0,user_24,279,279,
3707,50,83000,0,user_40,279,279,
3695,51,80000,0,user_27,279,279,
3700,52,70000,0,user_32,279,279,
3764,0,30000000,0,user_40,280,280,
3734,1,6100000,0,user_4,280,280,
3763,2,5000000,0,user_40,280,280,
3758,3,4500000,0,user_33,280,280,
3762,4,3600000,0,user_38,280,280,
3771,5,2300000,0,user_47,280,280,
3732,6,1800000,0,user_3,280,280,
3772,7,1700000,0,user_48,280,280,
3760,8,1600000,0,user_34,280,280,
3769,9,1500000,0,user_45,280,280,
3748,10,1400000,0,user_22,280,280,
3775,11,1300000,0,user_49,280,280,
3749,12,1200000,12300,user_23,280,280,
3745,13,1000000,12300,user_14,280,280,
3742,14,870000,46500,user_11,280,280,
3736,15,660000,0,user_4,280,280,
3744,16,650000,0,user_13,280,280,
3774,17,470000,0,user_49,280,280,
3750,18,460000,0,user_24,280,280,
3739,19,220000,195000,user_7,280,280,
3766,20,220000,17000,user_42,280,280,
3773,21,220000,0,user_49,280,280,
3756,22,160000,39400,user_30,280,280,
3733,23,150000,0,user_4,280,280,
3735,24,120000,0,user_4,280,280,
3752,25,110000,0,user_26,280,280,
3731,26,87001,0,user_2,280,280,3729
3729,27,87000,12300,user_0,280,280,
3754,28,87000,0,user_28,280,280,
3730,29,86999,0,user_1,280,280,3729
3768,30,85000,0,user_44,280,280,
3743,31,84000,17000,user_11,280,280,
3759,32,84000,36800,user_33,280,280,
3737,33,83000,0,user_5,280,280,
3776,34,80000,0,user_49,280,280,
3738,35,73000,15700,user_6,280,280,
3740,36,70000,0,user_8,280,280,
3780,0,19000000,0,user_2,281,281,
3814,1,4200000,0,user_37,281,281,
3782,2,3500000,0,user_3,281,281,
3808,3,2600000,0,user_30,281,281,
3824,4,2500000,0,user_45,281,281,
3819,5,2100000,0,user_42,281,281,
3813,6,2000000,256000,user_36,281,281,
3802,7,1900000,42000,user_22,281,281,
3821,8,1900000,0,user_44,281,281,
3788,9,1600000,0,user_6,281,281,
3790,10,1500000,0,user_7,281,281,
3793,11,1500000,0,user_11,281,281,
3777,12,1400000,0,user_0,281,281,
3798,13,1400000,0,user_18,281,281,
3795,14,1300000,0,user_12,281,281,
3823,15,1300000,0,user_45,281,281,
3792,16,1200000,0,user_10,281,281,
3796,17,1000000,0,user_17,281,281,
3804,18,1000000,0,user_27,281,281,
3797,19,970000,769000,user_18,281,281,
3826,20,870000,0,user_46,281,281,
3778,21,530000,0,user_0,281,281,
3781,22,530000,0,user_3,281,281,
3805,23,340000,0,user_28,281,281,
3794,24,310000,0,user_11,281,281,
3810,25,260000,0,user_34,281,281,
3820,26,260000,0,user_43,281,281,
3799,27,220000,33300,user_20,281,281,
3784,28,190000,0,user_4,281,281,
3818,29,160000,195000,user_41,281,281,
3779,30,150000,0,user_1,281,281,
3811,31,150000,0,user_34,281,281,
3789,32,130000,0,user_6,281,281,
3783,33,110000,0,user_4,281,281,
3825,34,87000,0,user_46,281,281,
3791,35,85000,0,user_10,281,281,
3828,36,85000,60700,user_49,281,281,
3822,37,83000,3130,user_44,281,281,
3803,38,80000,6390,user_24,281,281,
3815,39,80000,0,user_37,281,281,
3859,0,30000000,0,user_33,282,282,
3869,1,5200000,0,user_45,282,282,
3837,2,4200000,0,user_10,282,282,
3852,3,4200000,0,user_26,282,282,
3862,4,4200000,0,user_37,282,282,
3830,5,3200000,0,user_1,282,282,
3873,6,3200000,0,user_49,282,282,
3839,7,2000000,0,user_13,282,282,
3840,8,2000000,0,user_14,282,282,
3831,9,1900000,0,user_4,282,282,
3841,10,1500000,0,user_14,282,282,
3838,11,1400000,0,user_12,282,282,
3868,12,970000,0,user_44,282,282,
3870,13,630000,0,user_48,282,282,
3872,14,460000,0,user_49,282,282,
3844,15,420000,0,user_19,282,282,
3832,16,220000,0,user_5,282,282,
3835,17,220000,0,user_8,282,282,
3833,18,190000,0,user_6,282,282,
3856,19,190000,0,user_31,282,282,
3858,20,170000,231000,user_33,282,282,
3861,21,160000,0,user_36,282,282,
3871,22,160000,0,user_49,282,282,
3864,23,130000,0,user_40,282,282,
3845,24,120000,0,user_22,282,282,
3829,25,110000,0,user_0,282,282,
3863,26,110000,779000,user_39,282,282,
3854,27,100000,0,user_28,282,282,
3874,28,87000,181000,user_49,282,282,
3836,29,77000,0,user_8,282,282,
3834,30,70000,0,user_7,282,282,
3846,31,70000,14200,user_23,282,282,
3923,0,43000000,0,user_44,283,283,
3877,1,30000000,0,user_2,283,283,
3920,2,30000000,0,user_40,283,283,
3890,3,27000000,0,user_10,283,283,
3894,4,27000000,0,user_14,283,283,
3907,5,870000,7190000,user_33,283,283,
3933,6,0,0,validator_4,100,283,3907
3910,7,6100000,0,user_35,283,283,
3908,8,3200000,0,user_33,283,283,
3934,9,0,0,validator_4,100,283,3921
3921,10,2100000,283000,user_41,283,283,
3900,11,2100000,0,user_23,283,283,
3929,12,1900000,0,user_49,283,283,
3898,13,1500000,0,user_22,283,283,
3918,14,1400000,0,user_40,283,283,
3884,15,1300000,0,user_5,283,283,
3888,16,310000,959000,user_9,283,283,
3935,17,0,0,validator_4,100,283,3888
3925,18,1100000,0,user_46,283,283,
3893,19,1000000,0,user_13,283,283,
3924,20,1000000,0,user_45,283,283,
3926,21,1000000,0,user_47,283,283,
3919,22,910000,0,user_40,283,283,
3916,23,870000,12800,user_40,283,283,
3936,24,0,0,validator_4,100,283,3916
3883,25,670000,0,user_4,283,283,
3909,26,650000,0,user_33,283,283,
3911,27,530000,21800,user_35,283,283,
3937,28,0,0,validator_4,100,283,3911
3889,29,530000,0,user_9,283,283,
3932,30,460000,0,user_49,283,283,
3906,31,420000,0,user_33,283,283,
3938,32,0,0,validator_4,100,283,3902
3902,33,300000,47700,user_26,283,283,
3901,34,340000,0,user_25,283,283,
3912,35,340000,0,user_35,283,283,
3913,36,150000,121000,user_36,283,283,
3939,37,0,0,validator_4,100,283,3913
3895,38,220000,0,user_15,283,283,
3903,39,220000,0,user_27,283,283,
3928,40,220000,0,user_48,283,283,
3875,41,170000,0,user_0,283,283,
3917,42,170000,0,user_40,283,283,
3887,43,160000,0,user_8,283,283,
3930,44,150000,0,user_49,283,283,
3876,45,120000,0,user_2,283,283,
3897,46,120000,0,user_18,283,283,
3914,47,120000,0,user_36,283,283,
3899,48,110000,0,user_23,283,283,
3927,49,110000,0,user_48,283,283,
3896,50,100000,0,user_15,283,283,
3931,51,83000,0,user_49,283,283,
3922,52,82000,0,user_42,283,283,
3905,53,79000,0,user_29,283,283,
3951,0,43000000,0,user_4,284,284,
3999,1,0,0,validator_11,100,284,3977
3977,2,170000,7190000,user_28,284,284,
3986,3,5000000,0,user_34,284,284,
3972,4,3500000,0,user_21,284,284,
3998,5,3200000,0,user_49,284,284,
3971,6,2100000,0,user_21,284,284,
3984,7,2100000,0,user_34,284,284,
3987,8,2000000,75000,user_36,284,284,
4000,9,0,0,validator_11,100,284,3987
3941,10,2000000,0,user_0,284,284,
3985,11,2000000,0,user_34,284,284,
3968,12,1900000,0,user_17,284,284,
3980,13,1900000,0,user_30,284,284,
3957,14,1600000,0,user_6,284,284,
4001,15,0,0,validator_11,100,284,3974
3974,16,1500000,24700,user_24,284,284,
3976,17,1400000,0,user_27,284,284,
3979,18,1200000,0,user_30,284,284,
4002,19,0,0,validator_11,100,284,3948
3948,20,1100000,49100,user_3,284,284,
3967,21,1100000,0,user_16,284,284,
3956,22,970000,0,user_5,284,284,
3993,23,970000,0,user_44,284,284,
3978,24,910000,13800,user_29,284,284,
4003,25,0,0,validator_11,100,284,3978
3960,26,870000,0,user_9,284,284,
3963,27,630000,0,user_11,284,284,
3981,28,600000,0,user_31,284,284,
3997,29,530000,0,user_48,284,284,
3991,30,160000,322000,user_41,284,284,
4004,31,0,0,validator_11,100,284,3991
3940,32,470000,0,user_0,284,284,
3954,33,370000,0,user_4,284,284,
4005,34,0,0,validator_11,100,284,3989
3989,35,340000,12300,user_38,284,284,
3995,36,350000,0,user_46,284,284,
3992,37,320000,0,user_42,284,284,
3953,38,150000,128000,user_4,284,284,
4006,39,0,0,validator_11,100,284,3953
3982,40,260000,0,user_32,284,284,
3955,41,190000,67900,user_5,284,284,
4007,42,0,0,validator_11,100,284,3955
3983,43,220000,0,user_33,284,284,
3964,44,190000,0,user_12,284,284,
3990,45,190000,0,user_39,284,284,
3943,46,170000,16400,user_1,284,284,
4008,47,0,0,validator_11,100,284,3943
3945,48,170001,0,user_2,284,284,3943
3946,49,170001,0,user_2,284,284,3943
3944,50,169999,0,user_2,284,284,3943
3947,51,169999,0,user_2,284,284,3943
3965,52,80000,64600,user_14,284,284,
4009,53,0,0,validator_11,100,284,3965
3959,54,120000,15300,user_8,284,284,
4010,55,0,0,validator_11,100,284,3959
3950,56,120000,0,user_4,284,284,
3975,57,120000,0,user_26,284,284,
3994,58,120000,0,user_46,284,284,
3996,59,85000,32900,user_47,284,284,
4011,60,0,0,validator_11,100,284,3996
3942,61,98000,0,user_1,284,284,
3952,62,98000,0,user_4,284,284,
3949,63,82000,0,user_3,284,284,
3988,64,82000,0,user_38,284,284,
3966,65,79000,0,user_15,284,284,
3973,66,73000,0,user_23,284,284,
4078,0,27000000,283000,user_48,285,285,
4079,1,0,0,validator_4,100,285,4078
4052,2,1000000,7190000,user_33,285,285,
4080,3,0,0,validator_4,100,285,4052
4070,4,6100000,0,user_44,285,285,
4081,5,0,0,validator_4,100,285,4062
4062,6,4200000,18600,user_35,285,285,
4056,7,3600000,0,user_34,285,285,
4033,8,3200000,0,user_16,285,285,
4082,9,0,0,validator_4,100,285,4018
4018,10,2400000,17000,user_8,285,285,
4017,11,2400000,0,user_8,285,285,
4020,12,2300000,0,user_9,285,285,
4040,13,2100000,0,user_23,285,285,
4031,14,2000000,0,user_16,285,285,
4013,15,1700000,60700,user_5,285,285,
4083,16,0,0,validator_4,100,285,4013
4044,17,1500000,0,user_26,285,285,
4028,18,1300000,0,user_14,285,285,
4084,19,0,0,validator_4,100,285,4039
4039,20,110000,1100000,user_21,285,285,
4067,21,1100000,0,user_42,285,285,
4066,22,1000000,0,user_40,285,285,
4071,23,1000000,0,user_45,285,285,
4076,24,1000000,0,user_46,285,285,
4037,25,910000,0,user_19,285,285,
4036,26,870000,0,user_18,285,285,
4085,27,0,0,validator_4,100,285,4035
4035,28,85000,779000,user_18,285,285,
4054,29,650000,0,user_34,285,285,
4055,30,650000,0,user_34,285,285,
4038,31,630000,0,user_20,285,285,
4049,32,530000,0,user_30,285,285,
4086,33,0,0,validator_4,100,285,4042
4042,34,110000,381000,user_23,285,285,
4029,35,470000,0,user_15,285,285,
4051,36,360000,0,user_32,285,285,
4057,37,310000,0,user_34,285,285,
4063,38,310000,0,user_36,285,285,
4073,39,260000,0,user_46,285,285,
4046,40,220000,0,user_27,285,285,
4053,41,220000,0,user_33,285,285,
4069,42,160000,15300,user_44,285,285,
4087,43,0,0,validator_4,100,285,4069
4043,44,170000,0,user_24,285,285,
4061,45,170000,0,user_35,285,285,
4088,46,0,0,validator_4,100,285,4019
4019,47,87000,75000,user_8,285,285,
4068,48,150000,0,user_42,285,285,
4089,49,0,0,validator_4,100,285,4074
4074,50,100000,42000,user_46,285,285,
4077,51,120000,0,user_47,285,285,
4030,52,110000,0,user_16,285,285,
4041,53,110000,0,user_23,285,285,
4045,54,110000,0,user_26,285,285,
4048,55,100000,0,user_29,285,285,
4016,56,80000,5180,user_8,285,285,
4090,57,0,0,validator_4,100,285,4016
4075,58,84000,0,user_46,285,285,
4032,59,83000,0,user_16,285,285,
4034,60,82000,0,user_16,285,285,
4065,61,80000,0,user_39,285,285,
4058,62,77000,0,user_34,285,285,
4060,63,77000,0,user_35,285,285,
4027,64,73000,0,user_13,285,285,
4072,65,73000,0,user_46,285,285,
4059,66,70000,0,user_35,285,285,
4111,0,43000000,0,user_12,286,286,
4134,1,43000000,0,user_33,286,286,
4151,2,0,0,validator_12,100,286,4118
4118,3,30000000,30200,user_19,286,286,
4142,4,6100000,0,user_40,286,286,
4098,5,5200000,0,user_4,286,286,
4147,6,2500000,0,user_44,286,286,
4097,7,2100000,0,user_3,286,286,
4102,8,2100000,0,user_7,286,286,
4141,9,2000000,0,user_40,286,286,
4136,10,1800000,0,user_35,286,286,
4119,11,1100000,369000,user_20,286,286,
4152,12,0,0,validator_12,100,286,4119
4108,13,1400000,0,user_10,286,286,
4109,14,1300000,0,user_10,286,286,
4148,15,1300000,0,user_46,286,286,
4132,16,1200000,0,user_31,286,286,
4138,17,1200000,0,user_37,286,286,
4146,18,1200000,0,user_43,286,286,
4117,19,1000000,0,user_16,286,286,
4113,20,910000,0,user_15,286,286,
4115,21,660000,0,user_16,286,286,
4149,22,650000,0,user_48,286,286,
4107,23,630000,0,user_9,286,286,
4128,24,630000,0,user_29,286,286,
4153,25,0,0,validator_12,100,286,4114
4114,26,370000,215000,user_16,286,286,
4154,27,0,0,validator_12,100,286,4129
4129,28,460000,35100,user_30,286,286,
4125,29,420000,0,user_25,286,286,
4155,30,0,0,validator_12,100,286,4124
4124,31,82000,285000,user_24,286,286,
4110,32,350000,0,user_11,286,286,
4096,33,310000,0,user_3,286,286,
4112,34,260000,0,user_14,286,286,
4156,35,0,0,validator_12,100,286,4091
4091,36,190000,34700,user_1,286,286,
4126,37,220000,0,user_27,286,286,
4157,38,0,0,validator_12,100,286,4116
4116,39,130000,60700,user_16,286,286,
4092,40,190001,0,user_2,286,286,4091
4094,41,190001,0,user_2,286,286,4091
4099,42,190000,0,user_4,286,286,
4093,43,189999,0,user_2,286,286,4091
4095,44,189999,0,user_2,286,286,4091
4130,45,150000,35600,user_31,286,286,
4158,46,0,0,validator_12,100,286,4130
4159,47,0,0,validator_12,100,286,4137
4137,48,170000,15300,user_36,286,286,
4131,49,150000,0,user_31,286,286,
4123,50,120000,0,user_23,286,286,
4127,51,120000,0,user_28,286,286,
4150,52,120000,0,user_48,286,286,
4140,53,110000,0,user_39,286,286,
4133,54,79000,0,user_31,286,286,
4135,55,77000,0,user_34,286,286,
4184,0,43000000,0,user_25,287,287,
4199,1,27000000,0,user_44,287,287,
4198,2,2500000,0,user_43,287,287,
4206,3,0,0,validator_4,100,287,4181
4181,4,1600000,545000,user_25,287,287,
4170,5,2000000,0,user_8,287,287,
4179,6,2000000,0,user_20,287,287,
4201,7,2000000,0,user_45,287,287,
4194,8,1600000,0,user_37,287,287,
4175,9,1500000,0,user_15,287,287,
4187,10,1400000,13900,user_27,287,287,
4207,11,0,0,validator_4,100,287,4187
4176,12,1000000,0,user_15,287,287,
4183,13,970000,13900,user_25,287,287,
4208,14,0,0,validator_4,100,287,4183
4205,15,870000,0,user_49,287,287,
4185,16,670000,0,user_25,287,287,
4202,17,670000,0,user_46,287,287,
4190,18,130000,410000,user_32,287,287,
4209,19,0,0,validator_4,100,287,4190
4210,20,0,0,validator_4,100,287,4160
4160,21,320000,139000,user_0,287,287,
4174,22,370000,0,user_14,287,287,
4211,23,0,0,validator_4,100,287,4178
4178,24,350000,15100,user_18,287,287,
4200,25,350000,0,user_45,287,287,
4163,26,320001,0,user_1,287,287,4160
4164,27,320001,0,user_2,287,287,4160
4165,28,320001,0,user_2,287,287,4160
4167,29,320001,0,user_2,287,287,4160
4161,30,319999,0,user_0,287,287,4160
4162,31,319999,0,user_1,287,287,4160
4166,32,319999,0,user_2,287,287,4160
4186,33,310000,0,user_26,287,287,
4180,34,170000,139000,user_23,287,287,
4212,35,0,0,validator_4,100,287,4180
4213,36,0,0,validator_4,100,287,4204
4204,37,120000,161000,user_49,287,287,
4214,38,0,0,validator_4,100,287,4196
4196,39,70000,195000,user_40,287,287,
4215,40,0,0,validator_4,100,287,4188
4188,41,80000,146000,user_30,287,287,
4216,42,0,0,validator_4,100,287,4192
4192,43,110000,84800,user_34,287,287,
4191,44,160000,0,user_33,287,287,
4173,45,130000,0,user_13,287,287,
4197,46,84000,0,user_42,287,287,
4203,47,84000,0,user_47,287,287,
4177,48,82000,0,user_16,287,287,
4168,49,79000,0,user_4,287,287,
4193,50,79000,0,user_35,287,287,
4169,51,73000,0,user_4,287,287,
4182,52,73000,0,user_25,287,287,
2153,0,43000000,34700,user_11,288,288,
2188,1,0,0,validator_1,100,288,2153
2150,2,19000000,0,user_8,288,288,
2181,3,19000000,0,user_45,288,288,
2177,4,5200000,0,user_42,288,288,
2161,5,5000000,0,user_21,288,288,
2170,6,4200000,49100,user_30,288,288,
2189,7,0,0,validator_1,100,288,2170
2175,8,3600000,0,user_39,288,288,
2176,9,3200000,0,user_40,288,288,
2174,10,2000000,215000,user_38,288,288,
2190,11,0,0,validator_1,100,288,2174
2167,12,1600000,0,user_28,288,288,
2173,13,1600000,0,user_36,288,288,
2151,14,1500000,0,user_8,288,288,
2157,15,1500000,0,user_16,288,288,
2165,16,1300000,13800,user_25,288,288,
2191,17,0,0,validator_1,100,288,2165
2171,18,1000000,215000,user_33,288,288,
2192,19,0,0,validator_1,100,288,2171
2193,20,0,0,validator_1,100,288,2145
2145,21,420000,350000,user_4,288,288,
2194,22,0,0,validator_1,100,288,2147
2147,23,630000,39400,user_5,288,288,
2154,24,650000,0,user_11,288,288,
2143,25,630000,0,user_0,288,288,
2169,26,240000,256000,user_29,288,288,
2195,27,0,0,validator_1,100,288,2169
2159,28,420000,0,user_18,288,288,
2196,29,0,0,validator_1,100,288,2166
2166,30,300000,24700,user_25,288,288,
2182,31,320000,0,user_45,288,288,
2185,32,310000,0,user_46,288,288,
2146,33,260000,0,user_5,288,288,
2172,34,260000,0,user_34,288,288,
2155,35,170000,0,user_13,288,288,
2184,36,170000,0,user_45,288,288,
2186,37,170000,0,user_48,288,288,
2164,38,80000,75000,user_24,288,288,
2197,39,0,0,validator_1,100,288,2164
2152,40,120000,0,user_10,288,288,
2160,41,120000,0,user_19,288,288,
2178,42,120000,0,user_43,288,288,
2180,43,120000,0,user_45,288,288,
2183,44,100000,0,user_45,288,288,
2149,45,82000,0,user_7,288,288,
2168,46,80000,0,user_29,288,288,
2163,47,77000,0,user_23,288,288,
2187,48,77000,0,user_49,288,288,
2243,0,30000000,0,user_37,289,289,
2248,1,30000000,0,user_41,289,289,
2253,2,0,0,validator_5,100,289,2222
2222,3,5000000,1100000,user_18,289,289,
2221,4,4500000,11200,user_18,289,289,
2254,5,0,0,validator_5,100,289,2221
2229,6,3500000,0,user_24,289,289,
2201,7,2600000,68100,user_3,289,289,
2255,8,0,0,validator_5,100,289,2201
2225,9,2500000,0,user_20,289,289,
2202,10,2000000,0,user_4,289,289,
2203,11,1800000,0,user_6,289,289,
2256,12,0,0,validator_5,100,289,2207
2207,13,1600000,195000,user_9,289,289,
2212,14,1700000,0,user_11,289,289,
2251,15,1700000,0,user_49,289,289,
2247,16,1600000,0,user_40,289,289,
2208,17,1500000,0,user_9,289,289,
2218,18,1500000,0,user_16,289,289,
2257,19,0,0,validator_5,100,289,2246
2246,20,1400000,3130,user_37,289,289,
2204,21,1400000,0,user_6,289,289,
2210,22,1100000,0,user_11,289,289,
2213,23,870000,5180,user_12,289,289,
2258,24,0,0,validator_5,100,289,2213
2211,25,670000,0,user_11,289,289,
2242,26,670000,0,user_36,289,289,
2244,27,650000,0,user_37,289,289,
2209,28,320000,322000,user_10,289,289,
2259,29,0,0,validator_5,100,289,2209
2214,30,460000,108000,user_12,289,289,
2260,31,0,0,validator_5,100,289,2214
2217,32,370000,0,user_15,289,289,
2235,33,370000,0,user_28,289,289,
2234,34,260000,100000,user_27,289,289,
2261,35,0,0,validator_5,100,289,2234
2237,36,350000,0,user_29,289,289,
2262,37,0,0,validator_5,100,289,2220
2220,38,340000,8520,user_17,289,289,
2226,39,110000,215000,user_21,289,289,
2263,40,0,0,validator_5,100,289,2226
2200,41,320000,0,user_2,289,289,
2238,42,310000,5180,user_31,289,289,
2264,43,0,0,validator_5,100,289,2238
2231,44,300000,0,user_25,289,289,
2249,45,120000,146000,user_45,289,289,
2265,46,0,0,validator_5,100,289,2249
2228,47,260000,0,user_23,289,289,
2224,48,110000,108000,user_19,289,289,
2266,49,0,0,validator_5,100,289,2224
2227,50,190000,0,user_22,289,289,
2267,51,0,0,validator_5,100,289,2245
2245,52,110000,64600,user_37,289,289,
2198,53,170000,0,user_0,289,289,
2232,54,170000,0,user_26,289,289,
2239,55,170000,0,user_33,289,289,
2216,56,150000,0,user_15,289,289,
2223,57,120000,0,user_18,289,289,
2233,58,120000,0,user_27,289,289,
2268,59,0,0,validator_5,100,289,2215
2215,60,80000,35600,user_12,289,289,
2252,61,110000,0,user_49,289,289,
2269,62,0,0,validator_5,100,289,2250
2250,63,87000,21800,user_47,289,289,
2199,64,85000,0,user_1,289,289,
2230,65,85000,0,user_24,289,289,
2219,66,82000,0,user_16,289,289,
2236,67,79000,0,user_28,289,289,
2278,0,43000000,0,user_13,290,290,
2303,1,43000000,0,user_40,290,290,
2318,2,0,0,validator_0,100,290,2282
2282,3,19000000,67900,user_20,290,290,
2319,4,0,0,validator_0,100,290,2313
2313,5,5000000,545000,user_48,290,290,
2298,6,4500000,0,user_38,290,290,
2270,7,3500000,0,user_2,290,290,
2317,8,2500000,0,user_49,290,290,
2285,9,2300000,0,user_24,290,290,
2306,10,2000000,0,user_43,290,290,
2320,11,0,0,validator_0,100,290,2297
2297,12,1300000,16400,user_37,290,290,
2291,13,1100000,0,user_35,290,290,
2309,14,1100000,0,user_43,290,290,
2321,15,0,0,validator_0,100,290,2274
2274,16,170000,779000,user_7,290,290,
2279,17,870000,0,user_15,290,290,
2286,18,650000,0,user_24,290,290,
2296,19,460000,0,user_37,290,290,
2307,20,460000,0,user_43,290,290,
2308,21,460000,0,user_43,290,290,
2304,22,370000,0,user_42,290,290,
2314,23,360000,0,user_48,290,290,
2322,24,0,0,validator_0,100,290,2271
2271,25,310000,19700,user_3,290,290,
2323,26,0,0,validator_0,100,290,2305
2305,27,170000,66100,user_42,290,290,
2281,28,220000,0,user_17,290,290,
2288,29,220000,0,user_27,290,290,
2280,30,170000,0,user_16,290,290,
2310,31,150000,0,user_43,290,290,
2316,32,130000,0,user_48,290,290,
2275,33,120000,0,user_7,290,290,
2315,34,120000,0,user_48,290,290,
2277,35,110000,0,user_12,290,290,
2284,36,110000,0,user_22,290,290,
2312,37,79000,16400,user_47,290,290,
2324,38,0,0,validator_0,100,290,2312
2371,0,27000000,0,user_44,291,291,
2345,1,5200000,0,user_23,291,291,
2358,2,5200000,0,user_33,291,291,
2375,3,0,0,validator_2,100,291,2362
2362,4,5000000,121000,user_33,291,291,
2353,5,3600000,0,user_28,291,291,
2363,6,2600000,0,user_34,291,291,
2376,7,0,0,validator_2,100,291,2374
2374,8,2400000,10700,user_49,291,291,
2370,9,2100000,56200,user_42,291,291,
2377,10,0,0,validator_2,100,291,2370
2354,11,2100000,0,user_28,291,291,
2361,12,2100000,0,user_33,291,291,
2378,13,0,0,validator_2,100,291,2326
2326,14,1600000,121000,user_2,291,291,
2332,15,1600000,0,user_11,291,291,
2379,16,0,0,validator_2,100,291,2351
2351,17,1500000,21800,user_27,291,291,
2342,18,1500000,0,user_21,291,291,
2359,19,1500000,0,user_33,291,291,
2350,20,1400000,0,user_26,291,291,
2330,21,1100000,0,user_9,291,291,
2365,22,1000000,0,user_35,291,291,
2335,23,970000,0,user_14,291,291,
2352,24,600000,0,user_28,291,291,
2343,25,220000,322000,user_22,291,291,
2380,26,0,0,validator_2,100,291,2343
2381,27,0,0,validator_2,100,291,2340
2340,28,110000,410000,user_18,291,291,
2331,29,460000,0,user_10,291,291,
2382,30,0,0,validator_2,100,291,2372
2372,31,420000,16400,user_44,291,291,
2357,32,420000,0,user_32,291,291,
2333,33,360000,0,user_12,291,291,
2344,34,350000,0,user_22,291,291,
2383,35,0,0,validator_2,100,291,2364
2364,36,260000,84800,user_34,291,291,
2349,37,240000,23500,user_25,291,291,
2384,38,0,0,validator_2,100,291,2349
2355,39,260000,0,user_28,291,291,
2385,40,0,0,validator_2,100,291,2373
2373,41,160000,47700,user_46,291,291,
2327,42,160000,0,user_3,291,291,
2360,43,150000,0,user_33,291,291,
2328,44,120000,0,user_4,291,291,
2329,45,110000,0,user_7,291,291,
2369,46,98000,0,user_41,291,291,
2368,47,84000,0,user_40,291,291,
2356,48,80000,0,user_29,291,291,
2413,0,27000000,0,user_31,292,292,
2419,1,6300000,0,user_36,292,292,
2424,2,6100000,0,user_40,292,292,
2402,3,5000000,369000,user_20,292,292,
2433,4,0,0,validator_10,100,292,2402
2405,5,3600000,0,user_24,292,292,
2388,6,3500000,0,user_3,292,292,
2387,7,2600000,0,user_2,292,292,
2423,8,2600000,0,user_39,292,292,
2396,9,2400000,0,user_12,292,292,
2415,10,2400000,0,user_31,292,292,
2386,11,2300000,0,user_0,292,292,
2430,12,1500000,66100,user_48,292,292,
2434,13,0,0,validator_10,100,292,2430
2404,14,1500000,0,user_23,292,292,
2425,15,1500000,0,user_41,292,292,
2412,16,970000,0,user_31,292,292,
2414,17,630000,46500,user_31,292,292,
2435,18,0,0,validator_10,100,292,2414
2417,19,670000,0,user_35,292,292,
2406,20,660000,0,user_24,292,292,
2401,21,110000,350000,user_19,292,292,
2436,22,0,0,validator_10,100,292,2401
2421,23,460000,0,user_36,292,292,
2437,24,0,0,validator_10,100,292,2428
2428,25,120000,322000,user_45,292,292,
2399,26,420000,0,user_16,292,292,
2431,27,370000,0,user_49,292,292,
2394,28,170000,0,user_11,292,292,
2422,29,170000,0,user_37,292,292,
2427,30,170000,0,user_44,292,292,
2409,31,160000,0,user_27,292,292,
2429,32,160000,0,user_47,292,292,
2438,33,0,0,validator_10,100,292,2403
2403,34,110000,35100,user_22,292,292,
2391,35,120000,0,user_5,292,292,
2416,36,120000,0,user_32,292,292,
2418,37,120000,0,user_36,292,292,
2407,38,110000,0,user_25,292,292,
2420,39,110000,0,user_36,292,292,
2426,40,110000,0,user_43,292,292,
2432,41,98000,0,user_49,292,292,
2398,42,87000,0,user_15,292,292,
2395,43,84000,0,user_11,292,292,
2397,44,82000,0,user_14,292,292,
2446,0,43000000,16400,user_3,293,293,
2488,1,0,0,validator_5,100,293,2446
2454,2,19000000,0,user_12,293,293,
2486,3,5200000,0,user_47,293,293,
2481,4,2600000,0,user_41,293,293,
2468,5,1900000,0,user_33,293,293,
2447,6,1600000,0,user_3,293,293,
2472,7,1600000,0,user_36,293,293,
2489,8,0,0,validator_5,100,293,2473
2473,9,1500000,16400,user_36,293,293,
2490,10,0,0,validator_5,100,293,2452
2452,11,1100000,46500,user_11,293,293,
2453,12,1100000,0,user_11,293,293,
2451,13,1000000,0,user_11,293,293,
2456,14,1000000,0,user_15,293,293,
2460,15,1000000,0,user_19,293,293,
2462,16,1000000,0,user_25,293,293,
2485,17,1000000,0,user_46,293,293,
2445,18,970000,0,user_3,293,293,
2457,19,910000,0,user_16,293,293,
2491,20,0,0,validator_5,100,293,2480
2480,21,120000,769000,user_40,293,293,
2461,22,530000,0,user_25,293,293,
2463,23,530000,0,user_28,293,293,
2474,24,530000,0,user_36,293,293,
2476,25,470000,0,user_37,293,293,
2471,26,460000,0,user_36,293,293,
2492,27,0,0,validator_5,100,293,2449
2449,28,420000,13900,user_6,293,293,
2467,29,360000,0,user_33,293,293,
2484,30,340000,0,user_44,293,293,
2493,31,0,0,validator_5,100,293,2458
2458,32,120000,161000,user_16,293,293,
2466,33,170000,0,user_31,293,293,
2482,34,170000,0,user_42,293,293,
2487,35,170000,0,user_47,293,293,
2469,36,120000,39400,user_35,293,293,
2494,37,0,0,validator_5,100,293,2469
2448,38,150000,0,user_5,293,293,
2475,39,150000,0,user_37,293,293,
2495,40,0,0,validator_5,100,293,2439
2439,41,110000,5640,user_0,293,293,
2443,42,110001,0,user_0,293,293,2439
2444,43,110001,0,user_2,293,293,2439
2459,44,110000,0,user_17,293,293,
2470,45,110000,0,user_36,293,293,
2440,46,109999,0,user_0,293,293,2439
2441,47,109999,0,user_0,293,293,2439
2442,48,109999,0,user_0,293,293,2439
2464,49,73000,0,user_28,293,293,
2499,0,30000000,0,user_4,294,294,
2513,1,6300000,0,user_21,294,294,
2532,2,6300000,0,user_39,294,294,
2537,3,5200000,0,user_44,294,294,
2509,4,4200000,350000,user_16,294,294,
2542,5,0,0,validator_6,100,294,2509
2535,6,4200000,0,user_42,294,294,
2523,7,3200000,0,user_29,294,294,
2541,8,2600000,0,user_48,294,294,
2511,9,2500000,0,user_16,294,294,
2543,10,0,0,validator_6,100,294,2531
2531,11,2100000,5640,user_38,294,294,
2497,12,2100000,0,user_3,294,294,
2526,13,1800000,0,user_30,294,294,
2508,14,1400000,0,user_16,294,294,
2512,15,1100000,0,user_18,294,294,
2522,16,1000000,0,user_29,294,294,
2529,17,1000000,0,user_35,294,294,
2506,18,910000,0,user_10,294,294,
2528,19,870000,0,user_35,294,294,
2504,20,670000,0,user_7,294,294,
2544,21,0,0,validator_6,100,294,2539
2539,22,100000,256000,user_47,294,294,
2530,23,170000,161000,user_37,294,294,
2545,24,0,0,validator_6,100,294,2530
2540,25,310000,0,user_47,294,294,
2538,26,260000,18600,user_46,294,294,
2546,27,0,0,validator_6,100,294,2538
2524,28,260000,0,user_29,294,294,
2503,29,220000,15100,user_6,294,294,
2547,30,0,0,validator_6,100,294,2503
2519,31,87000,100000,user_24,294,294,
2548,32,0,0,validator_6,100,294,2519
2510,33,170000,0,user_16,294,294,
2536,34,150000,13800,user_43,294,294,
2549,35,0,0,validator_6,100,294,2536
2502,36,160000,0,user_6,294,294,
2505,37,160000,0,user_8,294,294,
2507,38,130000,5640,user_13,294,294,
2550,39,0,0,validator_6,100,294,2507
2521,40,120000,0,user_29,294,294,
2496,41,110000,0,user_0,294,294,
2498,42,98000,0,user_3,294,294,
2525,43,80000,0,user_30,294,294,
2554,0,30000000,0,user_2,295,295,
2575,1,19000000,139000,user_21,295,295,
2593,2,0,0,validator_10,100,295,2575
2559,3,19000000,0,user_6,295,295,
2587,4,6100000,0,user_37,295,295,
2588,5,5000000,0,user_44,295,295,
2557,6,4200000,0,user_5,295,295,
2556,7,3200000,0,user_5,295,295,
2563,8,3200000,0,user_11,295,295,
2591,9,3200000,0,user_49,295,295,
2571,10,2600000,0,user_17,295,295,
2552,11,2000000,0,user_1,295,295,
2560,12,2000000,0,user_7,295,295,
2574,13,2000000,0,user_20,295,295,
2582,14,2000000,0,user_32,295,295,
2586,15,1800000,0,user_35,295,295,
2558,16,1500000,0,user_6,295,295,
2564,17,1500000,0,user_12,295,295,
2569,18,870000,594000,user_16,295,295,
2594,19,0,0,validator_10,100,295,2569
2595,20,0,0,validator_10,100,295,2573
2573,21,1300000,23500,user_19,295,295,
2551,22,1300000,0,user_0,295,295,
2567,23,1000000,0,user_14,295,295,
2553,24,630000,0,user_1,295,295,
2585,25,630000,0,user_34,295,295,
2596,26,0,0,validator_10,100,295,2589
2589,27,310000,285000,user_45,295,295,
2555,28,370000,0,user_3,295,295,
2576,29,310000,0,user_25,295,295,
2570,30,300000,0,user_17,295,295,
2581,31,170000,0,user_32,295,295,
2590,32,150000,0,user_47,295,295,
2580,33,84000,64600,user_30,295,295,
2597,34,0,0,validator_10,100,295,2580
2598,35,0,0,validator_10,100,295,2583
2583,36,120000,11200,user_33,295,295,
2565,37,120000,0,user_12,295,295,
2592,38,120000,0,user_49,295,295,
2584,39,84000,0,user_34,295,295,
2568,40,77000,0,user_15,295,295,
2566,41,70000,0,user_13,295,295,
2625,0,4500000,0,user_24,296,296,
2647,1,2600000,0,user_49,296,296,
2618,2,2000000,35600,user_18,296,296,
2633,3,2000000,21800,user_30,296,296,
2611,4,1800000,0,user_10,296,296,
2631,5,1700000,0,user_29,296,296,
2599,6,1600000,42000,user_0,296,296,
2604,7,1599999,0,user_2,296,296,2599
2605,8,1599999,0,user_2,296,296,2599
2613,9,1500000,0,user_11,296,296,
2640,10,1500000,0,user_39,296,296,
2627,11,1200000,0,user_25,296,296,
2609,12,670000,0,user_8,296,296,
2641,13,660000,0,user_40,296,296,
2621,14,600000,18600,user_22,296,296,
2637,15,600000,0,user_36,296,296,
2632,16,420000,369000,user_30,296,296,
2615,17,310000,0,user_12,296,296,
2626,18,260000,0,user_24,296,296,
2629,19,260000,0,user_26,296,296,
2607,20,170000,0,user_4,296,296,
2639,21,170000,17700000,user_37,296,296,
2645,22,170000,0,user_47,296,296,
2624,23,160000,0,user_24,296,296,
2628,24,160000,56200,user_25,296,296,
2638,25,160000,0,user_36,296,296,
2612,26,150000,0,user_10,296,296,
2642,27,150000,0,user_41,296,296,
2614,28,120000,594000,user_11,296,296,
2619,29,100000,139000,user_19,296,296,
2616,30,82000,0,user_12,296,296,
2620,31,82000,17000,user_20,296,296,
2644,32,80000,0,user_46,296,296,
2608,33,73000,0,user_5,296,296,
2610,34,73000,0,user_8,296,296,
2630,35,73000,1100000,user_27,296,296,
2656,0,30000000,0,user_11,297,297,
2665,1,30000000,0,user_23,297,297,
2666,2,30000000,0,user_25,297,297,
2668,3,27000000,285000,user_27,297,297,
2687,4,0,0,validator_3,100,297,2668
2688,5,0,0,validator_3,100,297,2652
2652,6,2300000,17700000,user_4,297,297,
2659,7,4500000,0,user_15,297,297,
2660,8,4500000,0,user_17,297,297,
2672,9,3600000,5180,user_31,297,297,
2689,10,0,0,validator_3,100,297,2672
2648,11,2600000,0,user_0,297,297,
2684,12,1900000,231000,user_47,297,297,
2690,13,0,0,validator_3,100,297,2684
2670,14,2100000,0,user_28,297,297,
2678,15,2000000,0,user_40,297,297,
2667,16,1600000,0,user_26,297,297,
2650,17,1400000,34700,user_1,297,297,
2691,18,0,0,validator_3,100,297,2650
2651,19,1399999,0,user_2,297,297,2650
2658,20,1200000,0,user_12,297,297,
2669,21,1100000,0,user_28,297,297,
2649,22,910000,0,user_1,297,297,
2653,23,600000,0,user_5,297,297,
2654,24,470000,0,user_6,297,297,
2692,25,0,0,validator_3,100,297,2673
2673,26,460000,5630,user_32,297,297,
2682,27,260000,36800,user_42,297,297,
2693,28,0,0,validator_3,100,297,2682
2681,29,150000,0,user_42,297,297,
2694,30,0,0,validator_3,100,297,2655
2655,31,110000,15300,user_8,297,297,
2664,32,120000,0,user_21,297,297,
2695,33,0,0,validator_3,100,297,2679
2679,34,100000,12300,user_40,297,297,
2685,35,110000,0,user_47,297,297,
2674,36,98000,0,user_33,297,297,
2662,37,87000,0,user_19,297,297,
2657,38,85000,0,user_11,297,297,
2661,39,82000,0,user_18,297,297,
2680,40,82000,0,user_41,297,297,
2675,41,79000,0,user_34,297,297,
2726,0,5200000,0,user_27,298,298,
2719,1,3600000,0,user_19,298,298,
2746,2,0,0,validator_0,100,298,2696
2696,3,2400000,779000,user_0,298,298,
2737,4,2600000,0,user_37,298,298,
2700,5,2400001,0,user_2,298,298,2696
2717,6,2400000,0,user_16,298,298,
2697,7,2399999,0,user_0,298,298,2696
2699,8,2399999,0,user_2,298,298,2696
2718,9,2000000,0,user_18,298,298,
2706,10,1700000,0,user_8,298,298,
2709,11,1500000,71800,user_9,298,298,
2747,12,0,0,validator_0,100,298,2709
2707,13,1300000,0,user_8,298,298,
2739,14,1000000,161000,user_40,298,298,
2748,15,0,0,validator_0,100,298,2739
2744,16,73000,959000,user_47,298,298,
2749,17,0,0,validator_0,100,298,2744
2745,18,970000,0,user_49,298,298,
2708,19,870000,60700,user_8,298,298,
2750,20,0,0,validator_0,100,298,2708
2703,21,910000,0,user_6,298,298,
2712,22,910000,0,user_12,298,298,
2725,23,660000,0,user_27,298,298,
2731,24,660000,0,user_31,298,298,
2730,25,650000,0,user_31,298,298,
2732,26,630000,0,user_31,298,298,
2720,27,600000,0,user_20,298,298,
2751,28,0,0,validator_0,100,298,2740
2740,29,120000,369000,user_43,298,298,
2713,30,470000,0,user_13,298,298,
2702,31,420000,0,user_5,298,298,
2733,32,420000,0,user_32,298,298,
2728,33,340000,0,user_29,298,298,
2723,34,310000,0,user_22,298,298,
2742,35,260000,0,user_44,298,298,
2752,36,0,0,validator_0,100,298,2741
2741,37,84000,139000,user_44,298,298,
2710,38,110000,0,user_9,298,298,
2716,39,110000,0,user_16,298,298,
2704,40,84000,0,user_6,298,298,
2705,41,82000,0,user_7,298,298,
2783,0,30000000,0,user_26,299,299,
2767,1,6300000,108000,user_16,299,299,
2811,2,0,0,validator_2,100,299,2767
2773,3,5000000,32900,user_18,299,299,
2812,4,0,0,validator_2,100,299,2773
2813,5,0,0,validator_2,100,299,2769
2769,6,350000,4320000,user_17,299,299,
2793,7,2500000,0,user_32,299,299,
2776,8,2300000,0,user_20,299,299,
2794,9,2100000,0,user_32,299,299,
2764,10,2000000,0,user_14,299,299,
2775,11,2000000,0,user_20,299,299,
2784,12,1400000,0,user_27,299,299,
2789,13,1400000,0,user_28,299,299,
2792,14,1400000,0,user_31,299,299,
2806,15,1400000,0,user_44,299,299,
2801,16,1300000,0,user_39,299,299,
2777,17,1200000,0,user_21,299,299,
2781,18,1200000,0,user_25,299,299,
2808,19,1000000,0,user_48,299,299,
2810,20,1000000,0,user_49,299,299,
2770,21,600000,350000,user_18,299,299,
2814,22,0,0,validator_2,100,299,2770
2791,23,910000,0,user_31,299,299,
2755,24,650000,0,user_3,299,299,
2766,25,460000,0,user_16,299,299,
2788,26,420000,0,user_27,299,299,
2772,27,350000,0,user_18,299,299,
2815,28,0,0,validator_2,100,299,2771
2771,29,300000,16400,user_18,299,299,
2768,30,310000,0,user_17,299,299,
2795,31,310000,0,user_34,299,299,
2785,32,300000,0,user_27,299,299,
2816,33,0,0,validator_2,100,299,2802
2802,34,220000,42000,user_39,299,299,
2758,35,260000,0,user_5,299,299,
2817,36,0,0,validator_2,100,299,2804
2804,37,240000,12800,user_42,299,299,
2786,38,220000,0,user_27,299,299,
2759,39,170000,0,user_9,299,299,
2760,40,170000,0,user_10,299,299,
2800,41,170000,0,user_38,299,299,
2782,42,150000,0,user_26,299,299,
2757,43,110000,16400,user_4,299,299,
2818,44,0,0,validator_2,100,299,2757
2809,45,120000,0,user_49,299,299,
2756,46,110000,0,user_3,299,299,
2790,47,110000,0,user_30,299,299,
2762,48,98000,0,user_11,299,299,
2796,49,87000,0,user_35,299,299,
2778,50,85000,0,user_23,299,299,
2761,51,83000,0,user_11,299,299,
2787,52,82000,0,user_27,299,299,
2779,53,73000,0,user_23,299,299,
2803,54,73000,0,user_41,299,299,
2862,0,43000000,0,user_36,300,300,
2866,1,19000000,0,user_43,300,300,
2849,2,5000000,0,user_21,300,300,
2833,3,4500000,100000,user_10,300,300,
2872,4,4500000,0,user_48,300,300,
2824,5,3500000,0,user_2,300,300,
2863,6,3200000,0,user_37,300,300,
2830,7,2400000,5180,user_7,300,300,
2842,8,2400000,0,user_16,300,300,
2843,9,2400000,0,user_17,300,300,
2855,10,2000000,35600,user_26,300,300,
2840,11,1700000,0,user_15,300,300,
2836,12,1400000,0,user_13,300,300,
2853,13,1400000,0,user_26,300,300,
2861,14,1400000,0,user_35,300,300,
2852,15,1000000,545000,user_25,300,300,
2823,16,870000,0,user_2,300,300,
2845,17,660000,0,user_19,300,300,
2860,18,660000,0,user_35,300,300,
2856,19,530000,0,user_26,300,300,
2826,20,360000,84800,user_4,300,300,
2873,21,320000,0,user_48,300,300,
2841,22,310000,0,user_15,300,300,
2820,23,300000,0,user_1,300,300,
2825,24,300000,0,user_3,300,300,
2828,25,300000,0,user_6,300,300,
2846,26,300000,0,user_19,300,300,
2850,27,240000,0,user_22,300,300,
2821,28,160000,0,user_2,300,300,
2857,29,160000,0,user_27,300,300,
2822,30,150000,0,user_2,300,300,
2874,31,150000,0,user_49,300,300,
2832,32,120000,68100,user_9,300,300,
2838,33,120000,0,user_13,300,300,
2844,34,110000,21800,user_19,300,300,
2854,35,110000,35100,user_26,300,300,
2858,36,110000,0,user_30,300,300,
2829,37,100000,0,user_6,300,300,
2827,38,98000,0,user_5,300,300,
2837,39,85000,5180,user_13,300,300,
2865,40,84000,0,user_41,300,300,
2839,41,80000,0,user_13,300,300,
2831,42,79000,0,user_8,300,300,
2847,43,77000,0,user_20,300,300,
2848,44,77000,0,user_20,300,300,
2819,45,73000,0,user_1,300,300,
2885,0,27000000,0,user_9,301,301,
2934,1,0,0,validator_7,100,301,2878
2878,2,350000,17700000,user_2,301,301,
2918,3,5200000,285000,user_38,301,301,
2935,4,0,0,validator_7,100,301,2918
2909,5,5200000,0,user_31,301,301,
2907,6,5000000,0,user_30,301,301,
2916,7,3500000,0,user_37,301,301,
2876,8,3200000,0,user_0,301,301,
2894,9,3200000,0,user_15,301,301,
2936,10,0,0,validator_7,100,301,2931
2931,11,2400000,5630,user_48,301,301,
2929,12,2400000,0,user_46,301,301,
2904,13,2000000,0,user_28,301,301,
2893,14,1900000,0,user_15,301,301,
2899,15,1500000,34700,user_27,301,301,
2937,16,0,0,validator_7,100,301,2899
2875,17,1500000,0,user_0,301,301,
2884,18,1500000,0,user_8,301,301,
2887,19,1500000,0,user_12,301,301,
2919,20,1500000,0,user_39,301,301,
2927,21,1400000,75000,user_43,301,301,
2938,22,0,0,validator_7,100,301,2927
2879,23,1300000,0,user_3,301,301,
2914,24,1300000,0,user_36,301,301,
2917,25,1000000,0,user_38,301,301,
2882,26,910000,0,user_7,301,301,
2928,27,660000,0,user_45,301,301,
2920,28,650000,0,user_40,301,301,
2939,29,0,0,validator_7,100,301,2895
2895,30,470000,68100,user_19,301,301,
2910,31,370000,146000,user_32,301,301,
2940,32,0,0,validator_7,100,301,2910
2881,33,370000,0,user_5,301,301,
2898,34,340000,23500,user_22,301,301,
2941,35,0,0,validator_7,100,301,2898
2942,36,0,0,validator_7,100,301,2908
2908,37,160000,181000,user_30,301,301,
2883,38,260000,0,user_7,301,301,
2943,39,0,0,validator_7,100,301,2880
2880,40,110000,71800,user_4,301,301,
2903,41,110000,64600,user_28,301,301,
2944,42,0,0,validator_7,100,301,2903
2901,43,170000,0,user_28,301,301,
2930,44,160000,0,user_46,301,301,
2877,45,150000,0,user_1,301,301,
2900,46,150000,0,user_28,301,301,
2933,47,120000,8520,user_49,301,301,
2945,48,0,0,validator_7,100,301,2933
2913,49,110000,15300,user_34,301,301,
2946,50,0,0,validator_7,100,301,2913
2902,51,120000,0,user_28,301,301,
2932,52,98000,0,user_49,301,301,
2911,53,84000,0,user_32,301,301,
2915,54,84000,0,user_36,301,301,
2926,55,80000,0,user_43,301,301,
2961,0,43000000,0,user_10,302,302,
2978,1,43000000,0,user_31,302,302,
2971,2,5200000,0,user_21,302,302,
2982,3,5200000,0,user_39,302,302,
2963,4,5000000,0,user_14,302,302,
2990,5,0,0,validator_6,100,302,2968
2968,6,1700000,1100000,user_19,302,302,
2979,7,2500000,0,user_32,302,302,
2986,8,2400000,0,user_44,302,302,
2977,9,1700000,0,user_29,302,302,
2965,10,1500000,5180,user_15,302,302,
2991,11,0,0,validator_6,100,302,2965
2958,12,1500000,0,user_8,302,302,
2967,13,1400000,0,user_18,302,302,
2956,14,82000,594000,user_6,302,302,
2992,15,0,0,validator_6,100,302,2956
2970,16,420000,0,user_20,302,302,
2993,17,0,0,validator_6,100,302,2953
2953,18,130000,256000,user_4,302,302,
2966,19,300000,0,user_16,302,302,
2947,20,82000,164000,user_0,302,302,
2994,21,0,0,validator_6,100,302,2947
2985,22,220000,0,user_42,302,302,
2960,23,190000,0,user_10,302,302,
2969,24,170000,0,user_19,302,302,
2981,25,170000,0,user_35,302,302,
2957,26,150000,0,user_7,302,302,
2987,27,83000,46500,user_45,302,302,
2995,28,0,0,validator_6,100,302,2987
2964,29,120000,0,user_15,302,302,
2976,30,110000,0,user_28,302,302,
2996,31,0,0,validator_6,100,302,2962
2962,32,85000,17000,user_12,302,302,
2950,33,82001,0,user_2,302,302,2947
2951,34,82001,0,user_2,302,302,2947
2952,35,82001,0,user_2,302,302,2947
2955,36,82000,0,user_6,302,302,
2948,37,81999,0,user_0,302,302,2947
2949,38,81999,0,user_1,302,302,2947
2988,39,80000,0,user_45,302,302,
2959,40,73000,0,user_9,302,302,
2989,41,70000,0,user_48,302,302,
3051,0,0,0,validator_13,100,303,3023
3023,1,27000000,75000,user_19,303,303,
3004,2,19000000,46500,user_4,303,303,
3052,3,0,0,validator_13,100,303,3004
3048,4,6300000,0,user_47,303,303,
3053,5,0,0,validator_13,100,303,3021
3021,6,6100000,13900,user_17,303,303,
3054,7,0,0,validator_13,100,303,3049
3049,8,5000000,15300,user_48,303,303,
3011,9,5000000,0,user_8,303,303,
3031,10,5000000,0,user_27,303,303,
3041,11,3600000,0,user_41,303,303,
2998,12,3500000,0,user_1,303,303,
3050,13,2500000,13800,user_49,303,303,
3055,14,0,0,validator_13,100,303,3050
3001,15,2000000,0,user_2,303,303,
3029,16,2000000,0,user_26,303,303,
3056,17,0,0,validator_13,100,303,3037
3037,18,670000,410000,user_36,303,303,
3009,19,1000000,0,user_7,303,303,
3032,20,970000,0,user_30,303,303,
3019,21,870000,0,user_17,303,303,
3025,22,870000,0,user_21,303,303,
3038,23,470000,0,user_36,303,303,
3000,24,460000,0,user_2,303,303,
3020,25,460000,0,user_17,303,303,
3039,26,460000,0,user_38,303,303,
3006,27,420000,0,user_5,303,303,
3033,28,420000,0,user_31,303,303,
3057,29,0,0,validator_13,100,303,3044
3044,30,82000,256000,user_45,303,303,
3003,31,310000,0,user_4,303,303,
3047,32,310000,0,user_47,303,303,
3014,33,240000,8520,user_12,303,303,
3058,34,0,0,validator_13,100,303,3014
3034,35,220000,0,user_32,303,303,
3008,36,190000,0,user_7,303,303,
3028,37,190000,0,user_24,303,303,
3043,38,170000,11200,user_43,303,303,
3059,39,0,0,validator_13,100,303,3043
3002,40,170000,0,user_3,303,303,
3015,41,170000,0,user_13,303,303,
3016,42,160000,0,user_15,303,303,
3035,43,160000,0,user_32,303,303,
3030,44,130000,0,user_27,303,303,
3036,45,120000,0,user_34,303,303,
3046,46,120000,0,user_46,303,303,
3005,47,110000,0,user_4,303,303,
3022,48,110000,0,user_18,303,303,
3040,49,110000,0,user_39,303,303,
3010,50,100000,0,user_8,303,303,
2999,51,84000,0,user_1,303,303,
3017,52,73000,0,user_15,303,303,
3045,53,73000,0,user_45,303,303,
3075,0,43000000,0,user_13,304,304,
3065,1,6100000,12300,user_4,304,304,
3082,2,4200000,0,user_22,304,304,
3076,3,3600000,0,user_14,304,304,
3062,4,2600000,0,user_2,304,304,
3086,5,2600000,0,user_28,304,304,
3063,6,2400000,0,user_4,304,304,
3060,7,2300000,0,user_0,304,304,
3088,8,1700000,0,user_30,304,304,
3097,9,1700000,0,user_38,304,304,
3089,10,1600000,0,user_30,304,304,
3083,11,1500000,0,user_25,304,304,
3094,12,1500000,0,user_36,304,304,
3081,13,1400000,0,user_21,304,304,
3068,14,660000,0,user_6,304,304,
3093,15,630000,35100,user_35,304,304,
3095,16,600000,0,user_36,304,304,
3067,17,460000,0,user_4,304,304,
3071,18,460000,0,user_8,304,304,
3077,19,310000,0,user_15,304,304,
3084,20,300000,0,user_25,304,304,
3061,21,220000,0,user_1,304,304,
3069,22,220000,0,user_6,304,304,
3079,23,170000,33100,user_17,304,304,
3110,24,170000,0,user_49,304,304,
3080,25,150000,139000,user_20,304,304,
3087,26,150000,0,user_30,304,304,
3092,27,150000,0,user_32,304,304,
3064,28,120000,0,user_4,304,304,
3078,29,120000,0,user_16,304,304,
3066,30,110000,0,user_4,304,304,
3070,31,110000,0,user_7,304,304,
3098,32,110000,0,user_38,304,304,
3072,33,100000,0,user_9,304,304,
3085,34,85000,0,user_27,304,304,
3096,35,85000,0,user_37,304,304,
3109,36,70000,0,user_49,304,304,
3168,0,0,0,validator_1,100,305,3132
3132,1,30000000,195000,user_15,305,305,
3169,2,0,0,validator_1,100,305,3150
3150,3,30000000,128000,user_31,305,305,
3111,4,6300000,0,user_1,305,305,
3159,5,5200000,0,user_41,305,305,
3128,6,5000000,0,user_11,305,305,
3157,7,4200000,0,user_40,305,305,
3170,8,0,0,validator_1,100,305,3151
3151,9,3600000,11200,user_32,305,305,
3139,10,3200000,0,user_21,305,305,
3171,11,0,0,validator_1,100,305,3148
3148,12,2300000,68100,user_30,305,305,
3126,13,2100000,0,user_9,305,305,
3158,14,1600000,0,user_41,305,305,
3172,15,0,0,validator_1,100,305,3149
3149,16,1500000,21800,user_31,305,305,
3119,17,1500000,0,user_5,305,305,
3122,18,1500000,0,user_7,305,305,
3161,19,1100000,0,user_43,305,305,
3136,20,660000,0,user_19,305,305,
3164,21,150000,410000,user_48,305,305,
3173,22,0,0,validator_1,100,305,3164
3163,23,530000,0,user_46,305,305,
3124,24,460000,0,user_8,305,305,
3166,25,420000,0,user_49,305,305,
3174,26,0,0,validator_1,100,305,3129
3129,27,360000,30200,user_12,305,305,
3145,28,370000,0,user_23,305,305,
3133,29,360000,0,user_16,305,305,
3130,30,260000,0,user_13,305,305,
3134,31,260000,0,user_18,305,305,
3165,32,260000,0,user_48,305,305,
3155,33,240000,0,user_36,305,305,
3137,34,220000,0,user_20,305,305,
3160,35,150000,3130,user_42,305,305,
3175,36,0,0,validator_1,100,305,3160
3118,37,150000,0,user_4,305,305,
3125,38,120000,0,user_8,305,305,
3127,39,120000,0,user_10,305,305,
3135,40,120000,0,user_19,305,305,
3147,41,120000,0,user_28,305,305,
3138,42,98000,0,user_21,305,305,
3146,43,98000,0,user_23,305,305,
3167,44,98000,0,user_49,305,305,
3152,45,87000,3130,user_32,305,305,
3176,46,0,0,validator_1,100,305,3152
3153,47,83000,0,user_33,305,305,
3123,48,79000,0,user_8,305,305,
3154,49,79000,0,user_34,305,305,
3239,0,0,0,validator_4,100,306,3238
3238,1,19000000,5180,user_49,306,306,
3179,2,19000000,0,user_2,306,306,
3240,3,0,0,validator_4,100,306,3188
3188,4,5200000,67500,user_9,306,306,
3207,5,5200000,0,user_29,306,306,
3214,6,5000000,0,user_32,306,306,
3195,7,3200000,0,user_15,306,306,
3241,8,0,0,validator_4,100,306,3182
3182,9,2600000,49100,user_5,306,306,
3196,10,2500000,0,user_16,306,306,
3233,11,2500000,0,user_45,306,306,
3205,12,2400000,0,user_27,306,306,
3228,13,2400000,0,user_43,306,306,
3181,14,1200000,1100000,user_4,306,306,
3242,15,0,0,validator_4,100,306,3181
3199,16,2000000,0,user_19,306,306,
3216,17,2000000,0,user_34,306,306,
3223,18,2000000,0,user_39,306,306,
3198,19,1700000,0,user_18,306,306,
3197,20,1600000,0,user_17,306,306,
3217,21,1600000,0,user_35,306,306,
3194,22,1500000,0,user_14,306,306,
3227,23,1500000,0,user_42,306,306,
3222,24,1400000,0,user_39,306,306,
3243,25,0,0,validator_4,100,306,3202
3202,26,970000,71800,user_22,306,306,
3192,27,1000000,0,user_13,306,306,
3215,28,660000,0,user_34,306,306,
3234,29,600000,0,user_46,306,306,
3183,30,530000,0,user_5,306,306,
3219,31,530000,0,user_37,306,306,
3225,32,530000,0,user_40,306,306,
3235,33,530000,0,user_47,306,306,
3226,34,460000,0,user_41,306,306,
3232,35,460000,0,user_45,306,306,
3177,36,420000,0,user_0,306,306,
3236,37,310000,0,user_47,306,306,
3237,38,310000,0,user_48,306,306,
3200,39,300000,0,user_21,306,306,
3178,40,220000,0,user_2,306,306,
3201,41,220000,0,user_21,306,306,
3218,42,150000,49100,user_36,306,306,
3244,43,0,0,validator_4,100,306,3218
3203,44,190000,0,user_24,306,306,
3209,45,190000,0,user_30,306,306,
3208,46,160000,0,user_29,306,306,
3230,47,110000,0,user_45,306,306,
3185,48,100000,0,user_5,306,306,
3229,49,87000,0,user_45,306,306,
3204,50,84000,0,user_26,306,306,
3189,51,83000,0,user_10,306,306,
3224,52,82000,0,user_39,306,306,
3184,53,79000,0,user_5,306,306,
3231,54,79000,0,user_45,306,306,
3193,55,70000,0,user_13,306,306,
3256,0,6100000,0,user_10,307,307,
3284,1,3600000,0,user_49,307,307,
3252,2,2400000,67500,user_8,307,307,
3286,3,0,0,validator_9,100,307,3252
3280,4,2300000,0,user_43,307,307,
3271,5,2000000,0,user_35,307,307,
3282,6,1800000,0,user_46,307,307,
3248,7,1400000,0,user_3,307,307,
3257,8,1300000,33300,user_11,307,307,
3287,9,0,0,validator_9,100,307,3257
3245,10,190000,959000,user_0,307,307,
3288,11,0,0,validator_9,100,307,3245
3266,12,1100000,0,user_30,307,307,
3289,13,0,0,validator_9,100,307,3281
3281,14,110000,959000,user_45,307,307,
3277,15,630000,12300,user_42,307,307,
3290,16,0,0,validator_9,100,307,3277
3283,17,320000,285000,user_47,307,307,
3291,18,0,0,validator_9,100,307,3283
3269,19,530000,0,user_34,307,307,
3258,20,360000,0,user_12,307,307,
3265,21,320000,0,user_29,307,307,
3272,22,300000,0,user_35,307,307,
3292,23,0,0,validator_9,100,307,3274
3274,24,120000,49100,user_39,307,307,
3251,25,160000,0,user_7,307,307,
3259,26,150000,0,user_14,307,307,
3262,27,150000,0,user_18,307,307,
3285,28,150000,0,user_49,307,307,
3253,29,120000,0,user_8,307,307,
3275,30,120000,0,user_40,307,307,
3276,31,120000,0,user_41,307,307,
3278,32,110000,0,user_43,307,307,
3270,33,98000,0,user_35,307,307,
3279,34,73000,0,user_43,307,307,
3305,0,30000000,0,user_13,308,308,
3339,1,0,0,validator_12,100,308,3334
3334,2,5000000,17700000,user_46,308,308,
3340,3,0,0,validator_12,100,308,3307
3307,4,6300000,161000,user_17,308,308,
3299,5,4500000,231000,user_4,308,308,
3341,6,0,0,validator_12,100,308,3299
3303,7,4500000,0,user_10,308,308,
3304,8,4200000,0,user_11,308,308,
3325,9,4200000,0,user_37,308,308,
3317,10,1600000,0,user_31,308,308,
3324,11,1500000,68100,user_36,308,308,
3342,12,0,0,validator_12,100,308,3324
3316,13,1400000,0,user_29,308,308,
3322,14,1300000,0,user_35,308,308,
3320,15,1200000,0,user_34,308,308,
3312,16,1100000,0,user_25,308,308,
3337,17,1000000,0,user_49,308,308,
3297,18,870000,47700,user_3,308,308,
3343,19,0,0,validator_12,100,308,3297
3318,20,870000,0,user_31,308,308,
3332,21,660000,84800,user_44,308,308,
3344,22,0,0,validator_12,100,308,3332
3345,23,0,0,validator_12,100,308,3311
3311,24,670000,67900,user_24,308,308,
3333,25,660000,0,user_45,308,308,
3335,26,600000,0,user_48,308,308,
3313,27,460000,128000,user_27,308,308,
3346,28,0,0,validator_12,100,308,3313
3309,29,420000,0,user_19,308,308,
3347,30,0,0,validator_12,100,308,3321
3321,31,370000,21800,user_35,308,308,
3323,32,260000,39400,user_36,308,308,
3348,33,0,0,validator_12,100,308,3323
3315,34,190000,0,user_29,308,308,
3298,35,170000,0,user_3,308,308,
3331,36,170000,0,user_44,308,308,
3301,37,150000,0,user_7,308,308,
3319,38,150000,0,user_33,308,308,
3336,39,150000,0,user_48,308,308,
3314,40,120000,0,user_27,308,308,
3338,41,120000,0,user_49,308,308,
3294,42,110000,0,user_1,308,308,
3349,43,0,0,validator_12,100,308,3295
3295,44,80000,15300,user_1,308,308,
3296,45,80001,0,user_2,308,308,3295
3306,46,79000,0,user_16,308,308,
3330,47,70000,0,user_44,308,308,
3380,0,30000000,0,user_27,309,309,
3398,1,0,0,validator_1,100,309,3391
3391,2,27000000,128000,user_45,309,309,
3370,3,6300000,0,user_19,309,309,
3351,4,5000000,0,user_1,309,309,
3379,5,5000000,0,user_26,309,309,
3357,6,4200000,0,user_7,309,309,
3371,7,3200000,68100,user_20,309,309,
3399,8,0,0,validator_1,100,309,3371
3374,9,2400000,0,user_23,309,309,
3352,10,2100000,0,user_1,309,309,
3355,11,2000000,0,user_4,309,309,
3360,12,2000000,0,user_9,309,309,
3400,13,0,0,validator_1,100,309,3396
3396,14,1500000,381000,user_47,309,309,
3387,15,1800000,0,user_36,309,309,
3394,16,1800000,0,user_47,309,309,
3401,17,0,0,validator_1,100,309,3364
3364,18,1500000,42000,user_12,309,309,
3359,19,1500000,0,user_8,309,309,
3365,20,1500000,0,user_15,309,309,
3372,21,1500000,0,user_20,309,309,
3402,22,0,0,validator_1,100,309,3384
3384,23,1000000,49100,user_34,309,309,
3382,24,1000000,42000,user_32,309,309,
3403,25,0,0,validator_1,100,309,3382
3386,26,970000,0,user_36,309,309,
3393,27,970000,0,user_47,309,309,
3350,28,870000,0,user_0,309,309,
3381,29,870000,0,user_28,309,309,
3389,30,870000,0,user_41,309,309,
3361,31,660000,0,user_9,309,309,
3367,32,630000,0,user_18,309,309,
3358,33,460000,0,user_7,309,309,
3397,34,460000,0,user_48,309,309,
3377,35,420000,0,user_25,309,309,
3366,36,260000,0,user_18,309,309,
3395,37,260000,0,user_47,309,309,
3362,38,160000,0,user_9,309,309,
3376,39,150000,0,user_24,309,309,
3369,40,120000,0,user_19,309,309,
3375,41,110000,0,user_24,309,309,
3392,42,84000,16400,user_47,309,309,
3404,43,0,0,validator_1,100,309,3392
3363,44,87000,0,user_11,309,309,
3368,45,87000,0,user_18,309,309,
3383,46,85000,0,user_33,309,309,
3378,47,84000,0,user_26,309,309,
3427,0,30000000,0,user_17,310,310,
3462,1,30000000,0,user_49,310,310,
3464,2,0,0,validator_2,100,310,3426
3426,3,27000000,23500,user_17,310,310,
3448,4,27000000,0,user_39,310,310,
3451,5,6100000,0,user_42,310,310,
3416,6,5200000,71800,user_9,310,310,
3465,7,0,0,validator_2,100,310,3416
3461,8,5200000,0,user_49,310,310,
3458,9,4500000,0,user_46,310,310,
3466,10,0,0,validator_2,100,310,3422
3422,11,3500000,31700,user_14,310,310,
3415,12,3500000,0,user_9,310,310,
3442,13,2500000,0,user_34,310,310,
3459,14,2500000,0,user_46,310,310,
3435,15,2400000,0,user_28,310,310,
3467,16,0,0,validator_2,100,310,3408
3408,17,2000000,18600,user_3,310,310,
3434,18,1900000,0,user_25,310,310,
3449,19,1600000,0,user_40,310,310,
3421,20,1500000,0,user_12,310,310,
3428,21,1500000,0,user_18,310,310,
3452,22,1500000,0,user_42,310,310,
3411,23,1300000,0,user_7,310,310,
3468,24,0,0,validator_2,100,310,3444
3444,25,1200000,16400,user_35,310,310,
3418,26,1200000,0,user_10,310,310,
3420,27,870000,0,user_11,310,310,
3423,28,660000,0,user_14,310,310,
3450,29,630000,0,user_41,310,310,
3429,30,530000,0,user_18,310,310,
3469,31,0,0,validator_2,100,310,3410
3410,32,470000,42000,user_5,310,310,
3430,33,470000,0,user_18,310,310,
3470,34,0,0,validator_2,100,310,3419
3419,35,77000,296000,user_11,310,310,
3437,36,360000,0,user_28,310,310,
3463,37,360000,0,user_49,310,310,
3412,38,350000,0,user_9,310,310,
3443,39,320000,0,user_35,310,310,
3457,40,320000,0,user_44,310,310,
3438,41,310000,0,user_29,310,310,
3425,42,260000,0,user_16,310,310,
3471,43,0,0,validator_2,100,310,3441
3441,44,160000,67500,user_34,310,310,
3440,45,220000,0,user_33,310,310,
3472,46,0,0,validator_2,100,310,3439
3439,47,130000,75000,user_31,310,310,
3414,48,150000,0,user_9,310,310,
3453,49,150000,0,user_42,310,310,
3417,50,98000,0,user_10,310,310,
3431,51,98000,0,user_18,310,310,
3454,52,87000,0,user_42,310,310,
3436,53,85000,0,user_28,310,310,
3413,54,83000,0,user_9,310,310,
3409,55,79000,0,user_3,310,310,
3447,56,77000,0,user_38,310,310,
3433,57,70000,0,user_20,310,310,
3522,0,0,0,validator_5,100,311,3486
3486,1,43000000,7840,user_15,311,311,
3473,2,43000000,0,user_1,311,311,
3490,3,160000,17700000,user_19,311,311,
3523,4,0,0,validator_5,100,311,3490
3498,5,5000000,0,user_27,311,311,
3518,6,3600000,0,user_45,311,311,
3491,7,2600000,0,user_19,311,311,
3483,8,2000000,0,user_12,311,311,
3496,9,1500000,0,user_24,311,311,
3480,10,1400000,0,user_10,311,311,
3500,11,1400000,0,user_31,311,311,
3505,12,970000,0,user_35,311,311,
3524,13,0,0,validator_5,100,311,3482
3482,14,130000,779000,user_12,311,311,
3525,15,0,0,validator_5,100,311,3509
3509,16,85000,769000,user_40,311,311,
3526,17,0,0,validator_5,100,311,3514
3514,18,110000,545000,user_42,311,311,
3517,19,530000,0,user_44,311,311,
3506,20,460000,23500,user_36,311,311,
3527,21,0,0,validator_5,100,311,3506
3528,22,0,0,validator_5,100,311,3511
3511,23,110000,369000,user_40,311,311,
3476,24,470000,0,user_6,311,311,
3497,25,350000,0,user_27,311,311,
3492,26,320000,0,user_20,311,311,
3481,27,310000,0,user_11,311,311,
3487,28,310000,0,user_16,311,311,
3512,29,310000,0,user_40,311,311,
3513,30,220000,0,user_40,311,311,
3520,31,220000,0,user_47,311,311,
3521,32,150000,16400,user_49,311,311,
3529,33,0,0,validator_5,100,311,3521
3502,34,160000,0,user_33,311,311,
3510,35,160000,0,user_40,311,311,
3479,36,150000,0,user_10,311,311,
3488,37,150000,0,user_17,311,311,
3475,38,120000,0,user_6,311,311,
3478,39,120000,0,user_9,311,311,
3493,40,120000,0,user_21,311,311,
3519,41,120000,0,user_46,311,311,
3489,42,110000,0,user_17,311,311,
3495,43,110000,0,user_23,311,311,
3530,44,0,0,validator_5,100,311,3503
3503,45,73000,15300,user_33,311,311,
3494,46,83000,0,user_22,311,311,
3507,47,79000,0,user_36,311,311,
3474,48,77000,0,user_3,311,311,
3549,0,43000000,0,user_23,312,312,
3567,1,30000000,0,user_42,312,312,
3561,2,6100000,0,user_38,312,312,
3563,3,3500000,0,user_39,312,312,
3568,4,2400000,0,user_42,312,312,
3566,5,2000000,0,user_42,312,312,
3550,6,1700000,0,user_25,312,312,
3536,7,1400000,49100,user_7,312,312,
3578,8,0,0,validator_2,100,312,3536
3579,9,0,0,validator_2,100,312,3535
3535,10,1200000,68100,user_6,312,312,
3534,11,1100000,24700,user_5,312,312,
3580,12,0,0,validator_2,100,312,3534
3546,13,1100000,0,user_17,312,312,
3557,14,1100000,0,user_31,312,312,
3576,15,1100000,0,user_49,312,312,
3547,16,1000000,0,user_21,312,312,
3552,17,670000,0,user_26,312,312,
3581,18,0,0,validator_2,100,312,3541
3541,19,530000,13800,user_14,312,312,
3582,20,0,0,validator_2,100,312,3564
3564,21,260000,256000,user_40,312,312,
3544,22,460000,0,user_16,312,312,
3577,23,460000,0,user_49,312,312,
3562,24,420000,0,user_38,312,312,
3572,25,350000,0,user_45,312,312,
3583,26,0,0,validator_2,100,312,3533
3533,27,110000,155000,user_5,312,312,
3554,28,260000,0,user_29,312,312,
3574,29,260000,0,user_46,312,312,
3532,30,220000,0,user_4,312,312,
3584,31,0,0,validator_2,100,312,3537
3537,32,120000,71800,user_7,312,312,
3556,33,190000,0,user_30,312,312,
3558,34,190000,0,user_33,312,312,
3553,35,170000,0,user_28,312,312,
3555,36,170000,0,user_29,312,312,
3573,37,160000,0,user_46,312,312,
3551,38,150000,7840,user_26,312,312,
3585,39,0,0,validator_2,100,312,3551
3548,40,150000,0,user_23,312,312,
3538,41,120000,0,user_11,312,312,
3559,42,120000,0,user_35,312,312,
3565,43,120000,0,user_41,312,312,
3569,44,120000,0,user_42,312,312,
3545,45,98000,0,user_17,312,312,
3570,46,82000,0,user_42,312,312,
3602,0,43000000,0,user_18,313,313,
3606,1,43000000,0,user_21,313,313,
3618,2,43000000,0,user_31,313,313,
3596,3,5200000,100000,user_10,313,313,
3640,4,0,0,validator_5,100,313,3596
3630,5,4500000,0,user_42,313,313,
3608,6,3600000,0,user_23,313,313,
3605,7,3200000,0,user_20,313,313,
3626,8,2600000,0,user_40,313,313,
3592,9,2100000,0,user_6,313,313,
3613,10,1800000,0,user_27,313,313,
3633,11,1800000,0,user_44,313,313,
3607,12,1500000,33300,user_22,313,313,
3641,13,0,0,validator_5,100,313,3607
3622,14,1500000,0,user_35,313,313,
3635,15,1500000,0,user_45,313,313,
3625,16,1400000,0,user_38,313,313,
3597,17,1100000,0,user_11,313,313,
3600,18,1100000,0,user_16,313,313,
3629,19,1000000,0,user_42,313,313,
3603,20,910000,0,user_19,313,313,
3586,21,870000,0,user_0,313,313,
3627,22,530000,0,user_41,313,313,
3632,23,530000,0,user_44,313,313,
3623,24,350000,161000,user_36,313,313,
3642,25,0,0,validator_5,100,313,3623
3643,26,0,0,validator_5,100,313,3590
3590,27,350000,34700,user_2,313,313,
3609,28,340000,0,user_24,313,313,
3628,29,310000,0,user_41,313,313,
3615,30,220000,0,user_28,313,313,
3587,31,170000,0,user_0,313,313,
3624,32,170000,0,user_38,313,313,
3644,33,0,0,validator_5,100,313,3604
3604,34,98000,71800,user_19,313,313,
3589,35,160000,0,user_2,313,313,
3611,36,150000,0,user_27,313,313,
3637,37,150000,0,user_47,313,313,
3612,38,120000,0,user_27,313,313,
3616,39,120000,0,user_29,313,313,
3636,40,120000,0,user_46,313,313,
3639,41,120000,0,user_49,313,313,
3588,42,110000,0,user_1,313,313,
3601,43,110000,0,user_17,313,313,
3620,44,110000,0,user_33,313,313,
3591,45,100000,0,user_4,313,313,
3599,46,87000,0,user_15,313,313,
3634,47,87000,0,user_44,313,313,
3610,48,83000,0,user_26,313,313,
3598,49,80000,0,user_12,313,313,
3614,50,79000,0,user_27,313,313,
3696,0,19000000,381000,user_46,314,314,
3702,1,0,0,validator_2,100,314,3696
3672,2,19000000,0,user_20,314,314,
3683,3,19000000,0,user_33,314,314,
3700,4,3500000,0,user_48,314,314,
3647,5,3200000,0,user_4,314,314,
3665,6,2600000,0,user_16,314,314,
3685,7,2500000,0,user_34,314,314,
3666,8,2300000,0,user_17,314,314,
3677,9,2100000,0,user_27,314,314,
3659,10,1800000,0,user_14,314,314,
3699,11,1800000,0,user_48,314,314,
3668,12,1600000,0,user_20,314,314,
3671,13,1500000,0,user_20,314,314,
3689,14,1500000,0,user_40,314,314,
3690,15,1500000,0,user_41,314,314,
3649,16,1400000,0,user_7,314,314,
3658,17,1300000,68100,user_14,314,314,
3703,18,0,0,validator_2,100,314,3658
3691,19,1000000,0,user_42,314,314,
3682,20,870000,0,user_33,314,314,
3653,21,670000,0,user_10,314,314,
3669,22,530000,0,user_20,314,314,
3676,23,83000,381000,user_26,314,314,
3704,24,0,0,validator_2,100,314,3676
3705,25,0,0,validator_2,100,314,3670
3670,26,420000,33100,user_20,314,314,
3701,27,420000,0,user_48,314,314,
3655,28,360000,0,user_12,314,314,
3694,29,350000,0,user_44,314,314,
3678,30,340000,0,user_29,314,314,
3688,31,320000,0,user_38,314,314,
3657,32,220000,0,user_14,314,314,
3664,33,220000,0,user_16,314,314,
3674,34,220000,0,user_23,314,314,
3681,35,220000,0,user_33,314,314,
3660,36,190000,0,user_14,314,314,
3654,37,120000,60700,user_11,314,314,
3706,38,0,0,validator_2,100,314,3654
3662,39,170000,0,user_16,314,314,
3663,40,84000,84800,user_16,314,314,
3707,41,0,0,validator_2,100,314,3663
3651,42,160000,0,user_9,314,314,
3679,43,160000,0,user_31,314,314,
3675,44,150000,0,user_25,314,314,
3686,45,150000,0,user_35,314,314,
3648,46,110000,0,user_6,314,314,
3680,47,110000,0,user_32,314,314,
3673,48,85000,0,user_21,314,314,
3695,49,85000,0,user_45,314,314,
3684,50,73000,0,user_34,314,314,
3652,51,70000,0,user_10,314,314,
3727,0,43000000,0,user_22,315,315,
3715,1,27000000,0,user_11,315,315,
3725,2,6100000,0,user_21,315,315,
3743,3,6100000,215000,user_39,315,315,
3735,4,2600000,769000,user_31,315,315,
3718,5,2500000,0,user_14,315,315,
3740,6,2000000,0,user_36,315,315,
3751,7,1900000,0,user_45,315,315,
3749,8,1700000,0,user_44,315,315,
3750,9,1600000,0,user_44,315,315,
3741,10,1500000,0,user_37,315,315,
3748,11,1500000,139000,user_43,315,315,
3752,12,1400000,0,user_47,315,315,
3728,13,1100000,0,user_23,315,315,
3744,14,1000000,0,user_41,315,315,
3746,15,670000,0,user_42,315,315,
3717,16,600000,0,user_13,315,315,
3747,17,530000,0,user_42,315,315,
3721,18,460000,0,user_17,315,315,
3723,19,460000,0,user_19,315,315,
3734,20,460000,0,user_29,315,315,
3753,21,350000,0,user_48,315,315,
3716,22,340000,0,user_11,315,315,
3737,23,340000,0,user_33,315,315,
3724,24,260000,39400,user_21,315,315,
3719,25,220000,0,user_14,315,315,
3729,26,190000,0,user_23,315,315,
3712,27,150000,0,user_5,315,315,
3714,28,150000,42000,user_8,315,315,
3739,29,150000,0,user_34,315,315,
3710,30,110000,0,user_3,315,315,
3730,31,110000,779000,user_25,315,315,
3732,32,110000,0,user_26,315,315,
3742,33,110000,0,user_37,315,315,
3713,34,87000,0,user_6,315,315,
3731,35,87000,0,user_25,315,315,
3722,36,83000,146000,user_18,315,315,
3726,37,83000,0,user_21,315,315,
3745,38,83000,0,user_41,315,315,
3733,39,80000,0,user_28,315,315,
3738,40,70000,0,user_33,315,315,
3758,0,3500000,0,user_7,316,316,
3791,1,1800000,0,user_47,316,316,
3765,2,1700000,0,user_15,316,316,
3764,3,1600000,0,user_13,316,316,
3777,4,1600000,0,user_27,316,316,
3784,5,1400000,0,user_40,316,316,
3793,6,0,0,validator_1,100,316,3773
3773,7,1100000,121000,user_24,316,316,
3794,8,0,0,validator_1,100,316,3785
3785,9,1200000,12300,user_41,316,316,
3795,10,0,0,validator_1,100,316,3781
3781,11,1000000,12300,user_32,316,316,
3761,12,1000000,0,user_10,316,316,
3772,13,1000000,0,user_23,316,316,
3778,14,870000,46500,user_29,316,316,
3796,15,0,0,validator_1,100,316,3778
3769,16,910000,0,user_20,316,316,
3780,17,650000,0,user_31,316,316,
3786,18,460000,0,user_42,316,316,
3789,19,460000,0,user_45,316,316,
3775,20,220000,195000,user_25,316,316,
3797,21,0,0,validator_1,100,316,3775
3798,22,0,0,validator_1,100,316,3770
3770,23,320000,30200,user_21,316,316,
3799,24,0,0,validator_1,100,316,3782
3782,25,300000,16400,user_33,316,316,
3757,26,260000,0,user_5,316,316,
3792,27,160000,39400,user_48,316,316,
3800,28,0,0,validator_1,100,316,3792
3759,29,87000,100000,user_8,316,316,
3801,30,0,0,validator_1,100,316,3759
3760,31,160000,0,user_9,316,316,
3762,32,160000,0,user_11,316,316,
3783,33,160000,0,user_34,316,316,
3779,34,84000,17000,user_29,316,316,
3802,35,0,0,validator_1,100,316,3779
3774,36,73000,15700,user_24,316,316,
3803,37,0,0,validator_1,100,316,3774
3790,38,87000,0,user_46,316,316,
3768,39,84000,0,user_19,316,316,
3787,40,83000,0,user_43,316,316,
3763,41,80000,0,user_13,316,316,
3776,42,70000,0,user_26,316,316,
3846,0,27000000,0,user_40,317,317,
3812,1,19000000,0,user_5,317,317,
3819,2,19000000,0,user_13,317,317,
3853,3,4200000,0,user_48,317,317,
3821,4,3500000,0,user_14,317,317,
3848,5,2100000,17000,user_42,317,317,
3811,6,2000000,0,user_4,317,317,
3852,7,2000000,256000,user_47,317,317,
3841,8,1900000,42000,user_33,317,317,
3805,9,1700000,0,user_0,317,317,
3832,10,1500000,0,user_22,317,317,
3816,11,1400000,0,user_11,317,317,
3845,12,1400000,0,user_40,317,317,
3855,13,1400000,0,user_49,317,317,
3834,14,1300000,0,user_23,317,317,
3831,15,1200000,0,user_21,317,317,
3835,16,1000000,0,user_28,317,317,
3843,17,1000000,0,user_38,317,317,
3809,18,910000,0,user_4,317,317,
3817,19,530000,0,user_11,317,317,
3820,20,530000,0,user_14,317,317,
3804,21,460000,0,user_0,317,317,
3808,22,370000,0,user_3,317,317,
3813,23,360000,0,user_6,317,317,
3844,24,340000,0,user_39,317,317,
3833,25,310000,0,user_22,317,317,
3849,26,260000,0,user_45,317,317,
3856,27,240000,0,user_49,317,317,
3838,28,220000,33300,user_31,317,317,
3814,29,160000,0,user_8,317,317,
3815,30,150000,0,user_10,317,317,
3818,31,150000,0,user_12,317,317,
3850,32,150000,0,user_45,317,317,
3810,33,87000,0,user_4,317,317,
3830,34,85000,0,user_21,317,317,
3806,35,83000,0,user_1,317,317,
3854,36,80000,0,user_48,317,317,
3807,37,73000,0,user_1,317,317,
3889,0,30000000,0,user_28,318,318,
3899,1,5200000,0,user_40,318,318,
3867,2,4200000,0,user_5,318,318,
3882,3,4200000,0,user_21,318,318,
3892,4,4200000,0,user_32,318,318,
3903,5,3200000,0,user_44,318,318,
3870,6,2000000,0,user_9,318,318,
3909,7,0,0,validator_2,100,318,3907
3907,8,670000,1100000,user_48,318,318,
3871,9,1500000,0,user_9,318,318,
3887,10,1500000,0,user_27,318,318,
3868,11,1400000,0,user_7,318,318,
3864,12,1399999,0,user_2,318,318,3859
3898,13,970000,0,user_39,318,318,
3910,14,0,0,validator_2,100,318,3893
3893,15,110000,779000,user_34,318,318,
3872,16,650000,0,user_12,318,318,
3902,17,460000,0,user_44,318,318,
3874,18,420000,0,user_14,318,318,
3888,19,170000,231000,user_28,318,318,
3911,20,0,0,validator_2,100,318,3888
3905,21,350000,0,user_46,318,318,
3890,22,310000,0,user_30,318,318,
3912,23,0,0,validator_2,100,318,3904
3904,24,87000,181000,user_44,318,318,
3913,25,0,0,validator_2,100,318,3896
3896,26,220000,36800,user_38,318,318,
3865,27,220000,0,user_3,318,318,
3881,28,220000,0,user_20,318,318,
3897,29,220000,0,user_38,318,318,
3908,30,220000,0,user_49,318,318,
3886,31,190000,0,user_26,318,318,
3891,32,160000,0,user_31,318,318,
3901,33,160000,0,user_44,318,318,
3879,34,150000,0,user_20,318,318,
3894,35,130000,0,user_35,318,318,
3875,36,120000,0,user_17,318,318,
3880,37,120000,0,user_20,318,318,
3914,38,0,0,validator_2,100,318,3878
3878,39,70000,49100,user_20,318,318,
3884,40,100000,0,user_23,318,318,
3915,41,0,0,validator_2,100,318,3876
3876,42,70000,14200,user_18,318,318,
3866,43,77000,0,user_3,318,318,
3877,44,77000,0,user_20,318,318,
3883,45,70000,0,user_22,318,318,
3956,0,43000000,0,user_40,319,319,
3923,1,27000000,0,user_6,319,319,
3940,2,870000,7190000,user_29,319,319,
3968,3,0,0,validator_0,100,319,3940
3943,4,6100000,0,user_31,319,319,
3941,5,3200000,0,user_29,319,319,
3969,6,0,0,validator_0,100,319,3954
3954,7,2100000,283000,user_37,319,319,
3933,8,2100000,0,user_19,319,319,
3925,9,1600000,0,user_8,319,319,
3967,10,1600000,0,user_48,319,319,
3924,11,1500000,0,user_7,319,319,
3931,12,1500000,0,user_18,319,319,
3921,13,310000,959000,user_5,319,319,
3970,14,0,0,validator_0,100,319,3921
3958,15,1100000,0,user_42,319,319,
3926,16,1000000,0,user_9,319,319,
3959,17,1000000,0,user_43,319,319,
3918,18,970000,0,user_3,319,319,
3971,19,0,0,validator_0,100,319,3919
3919,20,910000,42000,user_3,319,319,
3916,21,670000,0,user_0,319,319,
3942,22,650000,0,user_29,319,319,
3944,23,530000,21800,user_31,319,319,
3972,24,0,0,validator_0,100,319,3944
3922,25,530000,0,user_5,319,319,
3939,26,420000,0,user_29,319,319,
3935,27,300000,47700,user_22,319,319,
3973,28,0,0,validator_0,100,319,3935
3945,29,340000,0,user_31,319,319,
3946,30,150000,121000,user_32,319,319,
3974,31,0,0,validator_0,100,319,3946
3928,32,220000,0,user_11,319,319,
3936,33,220000,0,user_23,319,319,
3961,34,220000,0,user_44,319,319,
3975,35,0,0,validator_0,100,319,3937
3937,36,150000,5180,user_24,319,319,
3947,37,120000,0,user_32,319,319,
3932,38,110000,0,user_19,319,319,
3960,39,110000,0,user_44,319,319,
3929,40,100000,0,user_11,319,319,
3966,41,85000,0,user_47,319,319,
3955,42,82000,0,user_38,319,319,
3988,0,43000000,0,user_13,320,320,
4023,1,5000000,0,user_43,320,320,
4009,2,3500000,0,user_30,320,320,
4008,3,2100000,0,user_30,320,320,
4021,4,2100000,0,user_43,320,320,
3977,5,2000000,0,user_2,320,320,
4022,6,2000000,0,user_43,320,320,
4024,7,2000000,75000,user_45,320,320,
4005,8,1900000,0,user_26,320,320,
4017,9,1900000,0,user_39,320,320,
3981,10,1700000,24700,user_7,320,320,
3983,11,1600000,0,user_9,320,320,
3994,12,1600000,0,user_15,320,320,
4011,13,1500000,24700,user_33,320,320,
4013,14,1400000,0,user_36,320,320,
4016,15,1200000,0,user_39,320,320,
3993,16,970000,0,user_14,320,320,
3978,17,910000,0,user_4,320,320,
3979,18,870000,15700,user_4,320,320,
3997,19,870000,0,user_18,320,320,
4000,20,630000,0,user_20,320,320,
4018,21,600000,0,user_40,320,320,
3991,22,370000,0,user_13,320,320,
3976,23,310000,0,user_2,320,320,
3995,24,300000,0,user_16,320,320,
3984,25,260000,0,user_9,320,320,
4019,26,260000,0,user_41,320,320,
3980,27,240000,594000,user_6,320,320,
4020,28,220000,0,user_42,320,320,
3992,29,190000,67900,user_14,320,320,
4027,30,190000,0,user_48,320,320,
4014,31,170000,7190000,user_37,320,320,
3990,32,150000,128000,user_13,320,320,
3985,33,120000,0,user_10,320,320,
3987,34,120000,0,user_13,320,320,
3996,35,120000,15300,user_17,320,320,
3989,36,98000,0,user_13,320,320,
3986,37,82000,0,user_12,320,320,
4003,38,79000,0,user_24,320,320,
4010,39,73000,0,user_32,320,320,
4040,0,5200000,0,user_13,321,321,
4038,1,5000000,0,user_11,321,321,
4042,2,5000000,0,user_16,321,321,
4081,3,4200000,0,user_48,321,321,
4064,4,3200000,0,user_33,321,321,
4071,5,2100000,0,user_40,321,321,
4045,6,2000000,0,user_24,321,321,
4062,7,2000000,0,user_33,321,321,
4083,8,0,0,validator_0,100,321,4033
4033,9,1800000,12300,user_8,321,321,
4044,10,1700000,60700,user_22,321,321,
4084,11,0,0,validator_0,100,321,4044
4075,12,1500000,0,user_43,321,321,
4046,13,1300000,0,user_24,321,321,
4059,14,1300000,0,user_31,321,321,
4085,15,0,0,validator_0,100,321,4070
4070,16,110000,1100000,user_38,321,321,
4056,17,1200000,0,user_29,321,321,
4067,18,870000,0,user_35,321,321,
4066,19,85000,779000,user_35,321,321,
4086,20,0,0,validator_0,100,321,4066
4043,21,670000,0,user_20,321,321,
4034,22,650000,0,user_9,321,321,
4069,23,630000,0,user_37,321,321,
4080,24,530000,0,user_47,321,321,
4073,25,110000,381000,user_40,321,321,
4087,26,0,0,validator_0,100,321,4073
4060,27,470000,0,user_32,321,321,
4057,28,360000,0,user_29,321,321,
4082,29,360000,0,user_49,321,321,
4088,30,0,0,validator_0,100,321,4032
4032,31,240000,6390,user_6,321,321,
4054,32,220000,0,user_29,321,321,
4077,33,220000,0,user_44,321,321,
4089,34,0,0,validator_0,100,321,4031
4031,35,87000,108000,user_5,321,321,
4029,36,120000,73100,user_3,321,321,
4090,37,0,0,validator_0,100,321,4029
4091,38,0,0,validator_0,100,321,4037
4037,39,120000,13800,user_11,321,321,
4039,40,120000,0,user_12,321,321,
4061,41,110000,0,user_33,321,321,
4072,42,110000,0,user_40,321,321,
4076,43,110000,0,user_43,321,321,
4079,44,100000,0,user_46,321,321,
4028,45,87000,0,user_3,321,321,
4063,46,83000,0,user_33,321,321,
4065,47,82000,0,user_33,321,321,
4055,48,80000,0,user_29,321,321,
4139,0,43000000,0,user_41,322,322,
4117,1,6300000,164000,user_27,322,322,
4111,2,6100000,0,user_24,322,322,
4133,3,5200000,0,user_37,322,322,
4101,4,3200000,0,user_11,322,322,
4097,5,2600000,0,user_4,322,322,
4120,6,2300000,0,user_27,322,322,
4130,7,2100000,0,user_36,322,322,
4113,8,2000000,0,user_26,322,322,
4123,9,2000000,0,user_29,322,322,
4118,10,1800000,0,user_27,322,322,
4108,11,1500000,0,user_20,322,322,
4119,12,1500000,0,user_27,322,322,
4136,13,1400000,0,user_39,322,322,
4098,14,1300000,0,user_5,322,322,
4104,15,1300000,0,user_18,322,322,
4114,16,1300000,0,user_26,322,322,
4137,17,1300000,0,user_39,322,322,
4115,18,1100000,0,user_26,322,322,
4131,19,1100000,0,user_37,322,322,
4147,20,1100000,369000,user_49,322,322,
4103,21,1000000,0,user_17,322,322,
4145,22,1000000,0,user_45,322,322,
4105,23,910000,0,user_18,322,322,
4106,24,910000,0,user_19,322,322,
4143,25,660000,0,user_45,322,322,
4135,26,630000,0,user_38,322,322,
4116,27,600000,0,user_26,322,322,
4142,28,370000,215000,user_45,322,322,
4138,29,350000,0,user_40,322,322,
4094,30,310000,0,user_2,322,322,
4134,31,310000,0,user_37,322,322,
4140,32,260000,0,user_43,322,322,
4122,33,220000,0,user_28,322,322,
4112,34,190000,34700,user_25,322,322,
4121,35,190000,0,user_27,322,322,
4099,36,150000,0,user_6,322,322,
4107,37,150000,0,user_19,322,322,
4144,38,130000,60700,user_45,322,322,
4109,39,110000,0,user_22,322,322,
4092,40,83000,0,user_0,322,322,
4132,41,82000,0,user_37,322,322,
4198,0,30000000,0,user_38,323,323,
4188,1,27000000,0,user_32,323,323,
4202,2,27000000,0,user_42,323,323,
4162,3,73000,17700000,user_5,323,323,
4207,4,0,0,validator_11,100,323,4162
4160,5,6300000,0,user_5,323,323,
4172,6,5000000,0,user_21,323,323,
4205,7,4500000,0,user_44,323,323,
4186,8,3600000,0,user_26,323,323,
4181,9,3500000,0,user_22,323,323,
4208,10,0,0,validator_11,100,323,4190
4190,11,2000000,410000,user_33,323,323,
4176,12,2400000,0,user_21,323,323,
4150,13,2000000,0,user_1,323,323,
4168,14,2000000,0,user_15,323,323,
4149,15,1900000,0,user_0,323,323,
4191,16,1600000,296000,user_33,323,323,
4209,17,0,0,validator_11,100,323,4191
4158,18,1700000,0,user_5,323,323,
4204,19,1700000,0,user_44,323,323,
4153,20,1500000,0,user_2,323,323,
4194,21,1400000,0,user_34,323,323,
4165,22,1200000,0,user_11,323,323,
4184,23,1100000,0,user_25,323,323,
4206,24,1100000,0,user_47,323,323,
4152,25,650000,0,user_2,323,323,
4159,26,460000,43600,user_5,323,323,
4210,27,0,0,validator_11,100,323,4159
4211,28,0,0,validator_11,100,323,4174
4174,29,460000,36800,user_21,323,323,
4179,30,470000,0,user_22,323,323,
4196,31,470000,0,user_35,323,323,
4199,32,460000,0,user_39,323,323,
4212,33,0,0,validator_11,100,323,4185
4185,34,320000,139000,user_26,323,323,
4213,35,0,0,validator_11,100,323,4197
4197,36,340000,31700,user_36,323,323,
4151,37,370000,0,user_2,323,323,
4161,38,350000,0,user_5,323,323,
4148,39,260000,0,user_0,323,323,
4155,40,260000,0,user_2,323,323,
4169,41,220000,0,user_17,323,323,
4187,42,220000,0,user_29,323,323,
4189,43,220000,0,user_32,323,323,
4195,44,220000,0,user_34,323,323,
4193,45,190000,0,user_33,323,323,
4154,46,170000,0,user_2,323,323,
4183,47,160000,0,user_24,323,323,
4156,48,150000,0,user_4,323,323,
4157,49,150000,0,user_4,323,323,
4167,50,150000,0,user_14,323,323,
4173,51,150000,0,user_21,323,323,
4180,52,150000,0,user_22,323,323,
4203,53,150000,0,user_43,323,323,
4177,54,120000,0,user_22,323,323,
4166,55,110000,0,user_11,323,323,
4214,56,0,0,validator_11,100,323,4192
4192,57,84000,17000,user_33,323,323,
4163,58,83000,0,user_6,323,323,
4175,59,80000,0,user_21,323,323,
4178,60,77000,0,user_22,323,323,
4182,61,77000,0,user_23,323,323,
4201,62,77000,0,user_42,323,323,
4170,63,73000,0,user_18,323,323,
2146,0,43000000,0,user_39,324,324,
2149,1,27000000,0,user_46,324,324,
2135,2,19000000,0,user_30,324,324,
2152,3,6300000,0,user_48,324,324,
2131,4,5200000,0,user_27,324,324,
2115,5,5000000,0,user_6,324,324,
2157,6,0,0,validator_7,100,324,2124
2124,7,4200000,49100,user_15,324,324,
2129,8,3600000,0,user_24,324,324,
2151,9,3600000,0,user_48,324,324,
2130,10,3200000,0,user_25,324,324,
2110,11,2500000,0,user_0,324,324,
2158,12,0,0,validator_7,100,324,2128
2128,13,2000000,215000,user_23,324,324,
2159,14,0,0,validator_7,100,324,2112
2112,15,1900000,75000,user_2,324,324,
2121,16,1600000,0,user_13,324,324,
2111,17,1500000,0,user_1,324,324,
2160,18,0,0,validator_7,100,324,2119
2119,19,1300000,13800,user_10,324,324,
2125,20,1000000,215000,user_18,324,324,
2161,21,0,0,validator_7,100,324,2125
2153,22,1100000,0,user_48,324,324,
2116,23,1000000,0,user_7,324,324,
2144,24,470000,0,user_38,324,324,
2145,25,460000,0,user_38,324,324,
2113,26,420000,0,user_3,324,324,
2156,27,420000,0,user_49,324,324,
2162,28,0,0,validator_7,100,324,2120
2120,29,300000,24700,user_10,324,324,
2136,30,320000,0,user_30,324,324,
2139,31,310000,0,user_31,324,324,
2126,32,260000,0,user_19,324,324,
2143,33,220000,0,user_37,324,324,
2138,34,170000,0,user_30,324,324,
2118,35,80000,75000,user_9,324,324,
2163,36,0,0,validator_7,100,324,2118
2164,37,0,0,validator_7,100,324,2154
2154,38,110000,15100,user_48,324,324,
2114,39,120000,0,user_4,324,324,
2132,40,120000,0,user_28,324,324,
2134,41,120000,0,user_30,324,324,
2147,42,120000,0,user_41,324,324,
2155,43,110000,0,user_49,324,324,
2137,44,100000,0,user_30,324,324,
2142,45,79000,0,user_36,324,324,
2117,46,77000,0,user_8,324,324,
2141,47,77000,0,user_34,324,324,
2150,48,73000,0,user_48,324,324,
2193,0,30000000,0,user_25,325,325,
2198,1,30000000,0,user_29,325,325,
2208,2,5000000,0,user_44,325,325,
2179,3,3500000,0,user_12,325,325,
2210,4,3200000,0,user_48,325,325,
2175,5,2500000,0,user_8,325,325,
2205,6,2000000,0,user_39,325,325,
2201,7,1700000,0,user_37,325,325,
2209,8,1700000,0,user_45,325,325,
2197,9,1600000,0,user_28,325,325,
2212,10,0,0,validator_13,100,325,2211
2211,11,1500000,84800,user_49,325,325,
2168,12,1500000,0,user_4,325,325,
2213,13,0,0,validator_13,100,325,2196
2196,14,1400000,3130,user_25,325,325,
2192,15,670000,0,user_24,325,325,
2194,16,650000,0,user_25,325,325,
2204,17,530000,0,user_39,325,325,
2167,18,370000,0,user_3,325,325,
2214,19,0,0,validator_13,100,325,2184
2184,20,260000,100000,user_15,325,325,
2187,21,350000,0,user_17,325,325,
2170,22,340000,8520,user_5,325,325,
2215,23,0,0,validator_13,100,325,2170
2188,24,310000,5180,user_19,325,325,
2216,25,0,0,validator_13,100,325,2188
2181,26,300000,0,user_13,325,325,
2217,27,0,0,validator_13,100,325,2199
2199,28,120000,146000,user_33,325,325,
2174,29,110000,108000,user_7,325,325,
2218,30,0,0,validator_13,100,325,2174
2177,31,190000,0,user_10,325,325,
2195,32,110000,64600,user_25,325,325,
2219,33,0,0,validator_13,100,325,2195
2182,34,170000,0,user_14,325,325,
2189,35,170000,0,user_21,325,325,
2203,36,160000,0,user_38,325,325,
2166,37,150000,0,user_3,325,325,
2207,38,150000,0,user_44,325,325,
2183,39,120000,0,user_15,325,325,
2202,40,110000,0,user_37,325,325,
2220,41,0,0,validator_13,100,325,2200
2200,42,87000,21800,user_35,325,325,
2180,43,85000,0,user_12,325,325,
2169,44,82000,0,user_4,325,325,
2223,0,43000000,0,user_5,326,326,
2248,1,43000000,0,user_32,326,326,
2227,2,19000000,67900,user_12,326,326,
2271,3,0,0,validator_1,100,326,2227
2245,4,6300000,0,user_31,326,326,
2258,5,5000000,545000,user_40,326,326,
2272,6,0,0,validator_1,100,326,2258
2228,7,4500000,0,user_13,326,326,
2243,8,4500000,0,user_30,326,326,
2268,9,4500000,0,user_45,326,326,
2262,10,2500000,0,user_41,326,326,
2240,11,2400000,0,user_28,326,326,
2230,12,2300000,0,user_16,326,326,
2269,13,1600000,231000,user_47,326,326,
2273,14,0,0,validator_1,100,326,2269
2274,15,0,0,validator_1,100,326,2242
2242,16,1300000,16400,user_29,326,326,
2237,17,1300000,0,user_28,326,326,
2236,18,1100000,0,user_27,326,326,
2247,19,1000000,0,user_31,326,326,
2232,20,910000,0,user_18,326,326,
2224,21,870000,0,user_7,326,326,
2231,22,650000,0,user_16,326,326,
2238,23,650000,0,user_28,326,326,
2264,24,470000,121000,user_43,326,326,
2275,25,0,0,validator_1,100,326,2264
2241,26,460000,0,user_29,326,326,
2246,27,460000,0,user_31,326,326,
2249,28,370000,0,user_34,326,326,
2259,29,360000,0,user_40,326,326,
2276,30,0,0,validator_1,100,326,2250
2250,31,170000,66100,user_34,326,326,
2226,32,220000,0,user_9,326,326,
2233,33,220000,0,user_19,326,326,
2225,34,170000,0,user_8,326,326,
2261,35,130000,0,user_40,326,326,
2260,36,120000,0,user_40,326,326,
2270,37,120000,0,user_47,326,326,
2222,38,110000,0,user_4,326,326,
2239,39,110000,0,user_28,326,326,
2257,40,79000,16400,user_39,326,326,
2277,41,0,0,validator_1,100,326,2257
2263,42,87000,0,user_42,326,326,
2244,43,85000,0,user_31,326,326,
2235,44,82000,0,user_26,326,326,
2234,45,79000,0,user_26,326,326,
2317,0,27000000,0,user_34,327,327,
2329,1,27000000,0,user_48,327,327,
2331,2,19000000,43600,user_49,327,327,
2332,3,0,0,validator_4,100,327,2331
2324,4,6300000,43600,user_43,327,327,
2333,5,0,0,validator_4,100,327,2324
2291,6,5200000,0,user_13,327,327,
2304,7,5200000,0,user_23,327,327,
2334,8,0,0,validator_4,100,327,2308
2308,9,5000000,121000,user_23,327,327,
2330,10,4500000,0,user_48,327,327,
2299,11,3600000,0,user_18,327,327,
2309,12,2600000,0,user_24,327,327,
2320,13,2400000,10700,user_39,327,327,
2335,14,0,0,validator_4,100,327,2320
2316,15,2100000,56200,user_32,327,327,
2336,16,0,0,validator_4,100,327,2316
2300,17,2100000,0,user_18,327,327,
2307,18,2100000,0,user_23,327,327,
2312,19,2100000,0,user_26,327,327,
2313,20,1900000,0,user_27,327,327,
2278,21,1600000,0,user_1,327,327,
2297,22,1500000,21800,user_17,327,327,
2337,23,0,0,validator_4,100,327,2297
2283,24,1500000,0,user_5,327,327,
2305,25,1500000,0,user_23,327,327,
2284,26,1400000,0,user_5,327,327,
2296,27,1400000,0,user_16,327,327,
2311,28,1000000,0,user_25,327,327,
2281,29,970000,0,user_4,327,327,
2338,30,0,0,validator_4,100,327,2326
2326,31,670000,161000,user_45,327,327,
2294,32,630000,0,user_14,327,327,
2298,33,600000,0,user_18,327,327,
2339,34,0,0,validator_4,100,327,2286
2286,35,110000,410000,user_8,327,327,
2325,36,470000,0,user_44,327,327,
2318,37,420000,16400,user_34,327,327,
2340,38,0,0,validator_4,100,327,2318
2303,39,420000,0,user_22,327,327,
2327,40,370000,46500,user_46,327,327,
2341,41,0,0,validator_4,100,327,2327
2342,42,0,0,validator_4,100,327,2293
2293,43,360000,18600,user_14,327,327,
2279,44,360000,0,user_2,327,327,
2292,45,360000,0,user_14,327,327,
2310,46,260000,84800,user_24,327,327,
2343,47,0,0,validator_4,100,327,2310
2285,48,310000,0,user_5,327,327,
2323,49,240000,46500,user_42,327,327,
2344,50,0,0,validator_4,100,327,2323
2295,51,240000,23500,user_15,327,327,
2345,52,0,0,validator_4,100,327,2295
2301,53,260000,0,user_18,327,327,
2346,54,0,0,validator_4,100,327,2287
2287,55,150000,66100,user_9,327,327,
2347,56,0,0,validator_4,100,327,2319
2319,57,160000,47700,user_36,327,327,
2282,58,160000,0,user_5,327,327,
2306,59,150000,0,user_23,327,327,
2328,60,110000,39400,user_47,327,327,
2348,61,0,0,validator_4,100,327,2328
2322,62,100000,0,user_41,327,327,
2314,63,84000,0,user_30,327,327,
2302,64,80000,0,user_19,327,327,
2321,65,70000,0,user_40,327,327,
2358,0,27000000,31700,user_9,328,328,
2367,1,6300000,0,user_17,328,328,
2372,2,6100000,0,user_21,328,328,
2385,3,5000000,0,user_34,328,328,
2394,4,5000000,0,user_43,328,328,
2353,5,3600000,0,user_5,328,328,
2395,6,3200000,0,user_44,328,328,
2371,7,2600000,0,user_20,328,328,
2386,8,2000000,0,user_35,328,328,
2392,9,1900000,24700,user_41,328,328,
2400,10,1700000,33100,user_45,328,328,
2359,11,1600000,195000,user_10,328,328,
2373,12,1500000,0,user_22,328,328,
2378,13,1500000,66100,user_29,328,328,
2396,14,1500000,0,user_44,328,328,
2381,15,1400000,0,user_31,328,328,
2398,16,910000,0,user_44,328,328,
2365,17,670000,0,user_16,328,328,
2354,18,660000,0,user_5,328,328,
2403,19,660000,0,user_47,328,328,
2404,20,660000,0,user_48,328,328,
2384,21,650000,0,user_34,328,328,
2369,22,460000,0,user_17,328,328,
2401,23,460000,0,user_46,328,328,
2389,24,420000,33100,user_38,328,328,
2379,25,370000,0,user_30,328,328,
2391,26,370000,0,user_39,328,328,
2402,27,340000,0,user_47,328,328,
2350,28,310001,0,user_1,328,328,2349
2356,29,220000,39400,user_7,328,328,
2370,30,170000,0,user_18,328,328,
2375,31,170000,0,user_25,328,328,
2357,32,160000,0,user_8,328,328,
2377,33,160000,0,user_28,328,328,
2387,34,160000,0,user_36,328,328,
2397,35,130000,18600,user_44,328,328,
2364,36,120000,0,user_13,328,328,
2366,37,120000,0,user_17,328,328,
2376,38,120000,322000,user_26,328,328,
2388,39,120000,49100,user_37,328,328,
2393,40,120000,0,user_42,328,328,
2351,41,110000,35100,user_3,328,328,
2355,42,110000,0,user_6,328,328,
2368,43,110000,0,user_17,328,328,
2380,44,98000,0,user_30,328,328,
2383,45,87000,0,user_34,328,328,
2390,46,84000,164000,user_38,328,328,
2399,47,79000,0,user_45,328,328,
2463,0,0,0,validator_4,100,329,2451
2451,1,100000,17700000,user_42,329,329,
2434,2,5200000,0,user_27,329,329,
2442,3,5200000,0,user_35,329,329,
2450,4,5200000,0,user_41,329,329,
2437,5,2600000,0,user_29,329,329,
2447,6,2400000,0,user_39,329,329,
2459,7,2000000,11200,user_48,329,329,
2464,8,0,0,validator_4,100,329,2459
2424,9,1900000,0,user_21,329,329,
2433,10,1700000,60700,user_27,329,329,
2465,11,0,0,validator_4,100,329,2433
2455,12,1700000,0,user_47,329,329,
2421,13,1600000,0,user_18,329,329,
2428,14,1600000,0,user_24,329,329,
2462,15,1600000,0,user_49,329,329,
2466,16,0,0,validator_4,100,329,2429
2429,17,1500000,16400,user_24,329,329,
2449,18,1500000,0,user_41,329,329,
2467,19,0,0,validator_4,100,329,2409
2409,20,1100000,46500,user_1,329,329,
2407,21,1100000,0,user_0,329,329,
2410,22,1099999,0,user_1,329,329,2409
2411,23,1099999,0,user_2,329,329,2409
2448,24,1000000,12800,user_40,329,329,
2468,25,0,0,validator_4,100,329,2448
2408,26,1000000,0,user_1,329,329,
2418,27,1000000,0,user_13,329,329,
2441,28,1000000,0,user_34,329,329,
2452,29,970000,0,user_43,329,329,
2413,30,910000,0,user_4,329,329,
2460,31,910000,0,user_48,329,329,
2417,32,530000,0,user_13,329,329,
2419,33,530000,0,user_16,329,329,
2430,34,530000,0,user_24,329,329,
2432,35,470000,0,user_25,329,329,
2427,36,460000,0,user_24,329,329,
2423,37,360000,0,user_21,329,329,
2440,38,340000,0,user_32,329,329,
2414,39,120000,161000,user_4,329,329,
2469,40,0,0,validator_4,100,329,2414
2435,41,150000,121000,user_27,329,329,
2470,42,0,0,validator_4,100,329,2435
2461,43,190000,0,user_48,329,329,
2471,44,0,0,validator_4,100,329,2446
2446,45,150000,39400,user_39,329,329,
2422,46,170000,0,user_19,329,329,
2438,47,170000,0,user_30,329,329,
2443,48,170000,0,user_35,329,329,
2472,49,0,0,validator_4,100,329,2425
2425,50,120000,39400,user_23,329,329,
2431,51,150000,0,user_25,329,329,
2453,52,150000,0,user_44,329,329,
2457,53,120000,0,user_48,329,329,
2454,54,85000,32900,user_46,329,329,
2473,55,0,0,validator_4,100,329,2454
2415,56,110000,0,user_5,329,329,
2426,57,110000,0,user_24,329,329,
2456,58,110000,0,user_47,329,329,
2458,59,110000,0,user_48,329,329,
2420,60,73000,0,user_16,329,329,
2526,0,0,0,validator_8,100,330,2505
2505,1,43000000,12800,user_29,330,330,
2512,2,43000000,0,user_32,330,330,
2489,3,6300000,0,user_14,330,330,
2507,4,5200000,0,user_29,330,330,
2490,5,120000,4320000,user_15,330,330,
2527,6,0,0,validator_8,100,330,2490
2528,7,0,0,validator_8,100,330,2474
2474,8,3200000,594000,user_0,330,330,
2475,9,3200001,0,user_0,330,330,2474
2480,10,3200000,0,user_4,330,330,
2476,11,3199999,0,user_1,330,330,2474
2477,12,3199999,0,user_1,330,330,2474
2498,13,2600000,0,user_23,330,330,
2502,14,2500000,0,user_28,330,330,
2484,15,2300000,0,user_9,330,330,
2488,16,2100000,5640,user_13,330,330,
2529,17,0,0,validator_8,100,330,2488
2500,18,2100000,0,user_27,330,330,
2504,19,2000000,0,user_28,330,330,
2511,20,2000000,0,user_31,330,330,
2483,21,1800000,0,user_5,330,330,
2517,22,1800000,0,user_41,330,330,
2524,23,1700000,0,user_48,330,330,
2509,24,1100000,0,user_30,330,330,
2479,25,1000000,0,user_4,330,330,
2521,26,670000,0,user_44,330,330,
2513,27,660000,0,user_34,330,330,
2491,28,470000,0,user_16,330,330,
2530,29,0,0,validator_8,100,330,2496
2496,30,100000,256000,user_22,330,330,
2487,31,170000,161000,user_12,330,330,
2531,32,0,0,validator_8,100,330,2487
2497,33,310000,0,user_22,330,330,
2503,34,310000,0,user_28,330,330,
2508,35,300000,0,user_29,330,330,
2532,36,0,0,validator_8,100,330,2495
2495,37,260000,18600,user_21,330,330,
2481,38,260000,0,user_4,330,330,
2499,39,190000,0,user_26,330,330,
2506,40,170000,0,user_29,330,330,
2533,41,0,0,validator_8,100,330,2493
2493,42,150000,13800,user_18,330,330,
2510,43,150000,0,user_31,330,330,
2478,44,120000,0,user_4,330,330,
2525,45,120000,0,user_49,330,330,
2523,46,110000,0,user_47,330,330,
2518,47,82000,0,user_42,330,330,
2482,48,80000,0,user_5,330,330,
2501,49,79000,0,user_28,330,330,
2579,0,0,0,validator_4,100,331,2554
2554,1,5000000,13900,user_27,331,331,
2545,2,5000000,0,user_18,331,331,
2568,3,4200000,0,user_39,331,331,
2548,4,3200000,0,user_23,331,331,
2539,5,2000000,0,user_6,331,331,
2552,6,2000000,0,user_26,331,331,
2573,7,2000000,0,user_44,331,331,
2577,8,2000000,0,user_49,331,331,
2543,9,1800000,0,user_9,331,331,
2550,10,1600000,0,user_24,331,331,
2558,11,1500000,0,user_30,331,331,
2535,12,970000,0,user_2,331,331,
2580,13,0,0,validator_4,100,331,2557
2557,14,360000,545000,user_29,331,331,
2574,15,110000,779000,user_44,331,331,
2581,16,0,0,validator_4,100,331,2574
2534,17,630000,0,user_0,331,331,
2542,18,630000,0,user_8,331,331,
2582,19,0,0,validator_4,100,331,2546
2546,20,310000,285000,user_19,331,331,
2561,21,530000,17000,user_32,331,331,
2583,22,0,0,validator_4,100,331,2561
2584,23,0,0,validator_4,100,331,2578
2578,24,340000,33300,user_49,331,331,
2571,25,340000,0,user_41,331,331,
2553,26,320000,0,user_27,331,331,
2551,27,220000,0,user_25,331,331,
2576,28,190000,0,user_49,331,331,
2538,29,170000,0,user_6,331,331,
2570,30,160000,0,user_40,331,331,
2547,31,150000,0,user_21,331,331,
2572,32,150000,0,user_42,331,331,
2585,33,0,0,validator_4,100,331,2537
2537,34,84000,64600,user_4,331,331,
2549,35,120000,0,user_23,331,331,
2563,36,120000,0,user_37,331,331,
2575,37,120000,0,user_48,331,331,
2562,38,110000,0,user_35,331,331,
2586,39,0,0,validator_4,100,331,2569
2569,40,83000,23500,user_40,331,331,
2541,41,84000,0,user_8,331,331,
2612,0,30000000,0,user_25,332,332,
2634,1,6300000,0,user_48,332,332,
2622,2,6100000,12800,user_36,332,332,
2607,3,2600000,0,user_22,332,332,
2590,4,2500001,0,user_1,332,332,2589
2591,5,2500001,0,user_1,332,332,2589
2589,6,2500000,84800,user_1,332,332,
2631,7,2500000,0,user_43,332,332,
2592,8,2499999,0,user_1,332,332,2589
2588,9,2100000,0,user_1,332,332,
2623,10,2000000,0,user_36,332,332,
2628,11,1800000,0,user_39,332,332,
2633,12,1300000,71800,user_47,332,332,
2608,13,1000000,0,user_23,332,332,
2621,14,1000000,0,user_33,332,332,
2630,15,970000,71800,user_42,332,332,
2595,16,670000,0,user_5,332,332,
2601,17,660000,0,user_13,332,332,
2606,18,660000,47700,user_21,332,332,
2597,19,600000,0,user_9,332,332,
2616,20,470000,0,user_30,332,332,
2603,21,460000,0,user_17,332,332,
2609,22,460000,0,user_23,332,332,
2632,23,420000,0,user_47,332,332,
2625,24,370000,0,user_38,332,332,
2629,25,220000,0,user_41,332,332,
2599,26,170000,17700000,user_10,332,332,
2605,27,170000,0,user_20,332,332,
2615,28,170000,0,user_29,332,332,
2598,29,160000,0,user_9,332,332,
2613,30,160000,0,user_26,332,332,
2624,31,160000,0,user_38,332,332,
2596,32,150000,10700,user_6,332,332,
2602,33,150000,0,user_14,332,332,
2618,34,120000,0,user_31,332,332,
2626,35,84000,0,user_38,332,332,
2617,36,83000,0,user_31,332,332,
2604,37,80000,0,user_19,332,332,
2627,38,80000,0,user_38,332,332,
2643,0,43000000,0,user_11,333,333,
2646,1,27000000,0,user_14,333,333,
2665,2,27000000,0,user_38,333,333,
2649,3,19000000,64600,user_19,333,333,
2670,4,6300000,0,user_41,333,333,
2661,5,5200000,0,user_36,333,333,
2675,6,3600000,0,user_49,333,333,
2656,7,3200000,0,user_26,333,333,
2666,8,2600000,0,user_38,333,333,
2669,9,2300000,121000,user_40,333,333,
2638,10,2000000,0,user_6,333,333,
2671,11,2000000,0,user_45,333,333,
2637,12,1700000,0,user_5,333,333,
2647,13,1400000,0,user_17,333,333,
2648,14,1300000,0,user_18,333,333,
2662,15,1300000,0,user_36,333,333,
2673,16,1200000,0,user_47,333,333,
2657,17,1000000,0,user_27,333,333,
2651,18,910000,0,user_20,333,333,
2650,19,870000,0,user_19,333,333,
2663,20,460000,0,user_38,333,333,
2667,21,370000,161000,user_39,333,333,
2652,22,340000,0,user_21,333,333,
2668,23,310000,0,user_40,333,333,
2642,24,260000,36800,user_8,333,333,
2655,25,170000,100000,user_25,333,333,
2641,26,150000,0,user_8,333,333,
2653,27,120000,0,user_22,333,333,
2672,28,120000,0,user_47,333,333,
2654,29,110000,0,user_24,333,333,
2639,30,100000,12300,user_6,333,333,
2636,31,83000,0,user_5,333,333,
2658,32,82000,0,user_30,333,333,
2664,33,77000,0,user_38,333,333,
2678,0,19000000,0,user_2,334,334,
2694,1,6300000,0,user_16,334,334,
2684,2,5200000,0,user_7,334,334,
2681,3,3500000,0,user_4,334,334,
2682,4,3500000,0,user_6,334,334,
2695,5,2600000,0,user_17,334,334,
2705,6,2600000,0,user_31,334,334,
2706,7,2600000,0,user_32,334,334,
2721,8,2400000,0,user_48,334,334,
2709,9,2000000,0,user_39,334,334,
2710,10,2000000,0,user_40,334,334,
2720,11,1700000,56200,user_45,334,334,
2723,12,0,0,validator_2,100,334,2720
2724,13,0,0,validator_2,100,334,2717
2717,14,910000,769000,user_44,334,334,
2725,15,0,0,validator_2,100,334,2680
2680,16,1500000,108000,user_3,334,334,
2704,17,1600000,0,user_30,334,334,
2701,18,1500000,0,user_25,334,334,
2719,19,1400000,0,user_44,334,334,
2726,20,0,0,validator_2,100,334,2697
2697,21,1000000,161000,user_20,334,334,
2727,22,0,0,validator_2,100,334,2702
2702,23,73000,959000,user_27,334,334,
2718,24,1000000,0,user_44,334,334,
2703,25,970000,0,user_29,334,334,
2708,26,670000,0,user_35,334,334,
2683,27,660000,0,user_7,334,334,
2689,28,660000,0,user_11,334,334,
2688,29,650000,0,user_11,334,334,
2690,30,630000,0,user_11,334,334,
2698,31,120000,369000,user_23,334,334,
2728,32,0,0,validator_2,100,334,2698
2691,33,420000,0,user_12,334,334,
2686,34,340000,0,user_9,334,334,
2707,35,320000,0,user_34,334,334,
2679,36,310000,0,user_3,334,334,
2713,37,310000,0,user_41,334,334,
2692,38,170000,0,user_14,334,334,
2716,39,150000,0,user_44,334,334,
2687,40,120000,0,user_10,334,334,
2693,41,120000,0,user_16,334,334,
2729,42,0,0,validator_2,100,334,2715
2715,43,79000,34700,user_44,334,334,
2722,44,110000,0,user_49,334,334,
2714,45,100000,0,user_42,334,334,
2711,46,98000,0,user_40,334,334,
2712,47,84000,0,user_41,334,334,
2740,0,30000000,0,user_7,335,335,
2781,1,0,0,validator_8,100,335,2770
2770,2,460000,17700000,user_33,335,335,
2782,3,0,0,validator_8,100,335,2768
2768,4,4200000,285000,user_32,335,335,
2737,5,4200000,0,user_5,335,335,
2750,6,2500000,0,user_13,335,335,
2771,7,2500000,0,user_35,335,335,
2730,8,2400000,0,user_0,335,335,
2777,9,2300000,7840,user_44,335,335,
2783,10,0,0,validator_8,100,335,2777
2733,11,2300000,0,user_1,335,335,
2751,12,2100000,0,user_13,335,335,
2732,13,2000000,0,user_1,335,335,
2775,14,2000000,0,user_40,335,335,
2784,15,0,0,validator_8,100,335,2762
2762,16,1500000,39400,user_24,335,335,
2741,17,1400000,0,user_8,335,335,
2746,18,1400000,0,user_9,335,335,
2749,19,1400000,0,user_12,335,335,
2763,20,1400000,0,user_25,335,335,
2758,21,1300000,0,user_20,335,335,
2731,22,1100000,0,user_0,335,335,
2765,23,1000000,0,user_29,335,335,
2767,24,1000000,0,user_30,335,335,
2748,25,910000,0,user_12,335,335,
2785,26,0,0,validator_8,100,335,2756
2756,27,470000,35600,user_18,335,335,
2780,28,460000,0,user_48,335,335,
2745,29,420000,0,user_8,335,335,
2769,30,350000,0,user_33,335,335,
2752,31,310000,0,user_15,335,335,
2742,32,300000,0,user_8,335,335,
2778,33,300000,0,user_44,335,335,
2786,34,0,0,validator_8,100,335,2759
2759,35,220000,42000,user_20,335,335,
2787,36,0,0,validator_8,100,335,2761
2761,37,240000,12800,user_23,335,335,
2743,38,220000,0,user_8,335,335,
2739,39,150000,0,user_7,335,335,
2774,40,100000,24700,user_40,335,335,
2788,41,0,0,validator_8,100,335,2774
2766,42,120000,0,user_30,335,335,
2747,43,110000,0,user_11,335,335,
2753,44,87000,0,user_16,335,335,
2735,45,85000,0,user_4,335,335,
2744,46,82000,0,user_8,335,335,
2736,47,73000,0,user_4,335,335,
2760,48,73000,0,user_22,335,335,
2764,49,73000,0,user_28,335,335,
2815,0,43000000,0,user_24,336,336,
2819,1,19000000,0,user_31,336,336,
2836,2,0,0,validator_12,100,336,2821
2821,3,150000,7190000,user_33,336,336,
2835,4,6300000,0,user_48,336,336,
2802,5,5000000,0,user_9,336,336,
2825,6,4500000,0,user_36,336,336,
2816,7,3200000,0,user_25,336,336,
2832,8,3200000,0,user_44,336,336,
2829,9,2600000,0,user_39,336,336,
2837,10,0,0,validator_12,100,336,2808
2808,11,2000000,35600,user_14,336,336,
2817,12,2000000,14200,user_28,336,336,
2838,13,0,0,validator_12,100,336,2817
2823,14,1700000,0,user_35,336,336,
2792,15,1600000,0,user_3,336,336,
2805,16,1000000,545000,user_13,336,336,
2839,17,0,0,validator_12,100,336,2805
2840,18,0,0,validator_12,100,336,2820
2820,19,1500000,8520,user_32,336,336,
2806,20,1400000,0,user_14,336,336,
2814,21,1400000,0,user_23,336,336,
2798,22,660000,0,user_7,336,336,
2813,23,660000,0,user_23,336,336,
2822,24,600000,49100,user_34,336,336,
2841,25,0,0,validator_12,100,336,2822
2809,26,530000,0,user_14,336,336,
2834,27,460000,0,user_48,336,336,
2833,28,420000,0,user_45,336,336,
2826,29,320000,0,user_36,336,336,
2790,30,309999,0,user_2,336,336,2789
2799,31,300000,0,user_7,336,336,
2803,32,240000,0,user_10,336,336,
2793,33,170000,0,user_4,336,336,
2810,34,160000,0,user_15,336,336,
2827,35,150000,0,user_37,336,336,
2842,36,0,0,validator_12,100,336,2807
2807,37,110000,35100,user_14,336,336,
2797,38,110000,21800,user_7,336,336,
2843,39,0,0,validator_12,100,336,2797
2804,40,98000,0,user_12,336,336,
2818,41,84000,0,user_29,336,336,
2824,42,82000,0,user_35,336,336,
2791,43,80000,0,user_3,336,336,
2794,44,80000,0,user_4,336,336,
2871,0,5200000,285000,user_28,337,337,
2896,1,0,0,validator_6,100,337,2871
2862,2,5200000,0,user_21,337,337,
2860,3,5000000,0,user_20,337,337,
2869,4,3500000,0,user_27,337,337,
2884,5,2400000,5630,user_38,337,337,
2897,6,0,0,validator_6,100,337,2884
2857,7,2000000,0,user_18,337,337,
2898,8,0,0,validator_6,100,337,2877
2877,9,1700000,13800,user_32,337,337,
2899,10,0,0,validator_6,100,337,2852
2852,11,1500000,34700,user_17,337,337,
2872,12,1500000,0,user_29,337,337,
2900,13,0,0,validator_6,100,337,2880
2880,14,1400000,75000,user_33,337,337,
2858,15,1400000,0,user_19,337,337,
2892,16,1300000,0,user_45,337,337,
2893,17,1200000,0,user_46,337,337,
2870,18,1000000,0,user_28,337,337,
2881,19,660000,0,user_35,337,337,
2873,20,650000,0,user_30,337,337,
2901,21,0,0,validator_6,100,337,2846
2846,22,220000,350000,user_4,337,337,
2902,23,0,0,validator_6,100,337,2848
2848,24,470000,68100,user_9,337,337,
2890,25,420000,0,user_43,337,337,
2878,26,350000,33300,user_32,337,337,
2903,27,0,0,validator_6,100,337,2878
2851,28,340000,23500,user_12,337,337,
2904,29,0,0,validator_6,100,337,2851
2845,30,360000,0,user_3,337,337,
2905,31,0,0,validator_6,100,337,2861
2861,32,160000,181000,user_20,337,337,
2859,33,340000,0,user_19,337,337,
2894,34,340000,0,user_48,337,337,
2844,35,310000,0,user_1,337,337,
2875,36,220000,0,user_32,337,337,
2906,37,0,0,validator_6,100,337,2856
2856,38,110000,64600,user_18,337,337,
2907,39,0,0,validator_6,100,337,2889
2889,40,160000,12300,user_42,337,337,
2849,41,170000,0,user_10,337,337,
2854,42,170000,0,user_18,337,337,
2850,43,160000,0,user_11,337,337,
2876,44,160000,0,user_32,337,337,
2853,45,150000,0,user_18,337,337,
2874,46,150000,0,user_32,337,337,
2886,47,120000,8520,user_39,337,337,
2908,48,0,0,validator_6,100,337,2886
2866,49,110000,15300,user_24,337,337,
2909,50,0,0,validator_6,100,337,2866
2855,51,120000,0,user_18,337,337,
2885,52,98000,0,user_39,337,337,
2891,53,84000,0,user_44,337,337,
2879,54,80000,0,user_33,337,337,
2926,0,5200000,0,user_18,338,338,
2937,1,5200000,0,user_36,338,338,
2923,2,1700000,1100000,user_16,338,338,
2948,3,0,0,validator_4,100,338,2923
2934,4,2500000,0,user_29,338,338,
2941,5,2400000,0,user_41,338,338,
2932,6,1700000,0,user_26,338,338,
2949,7,0,0,validator_4,100,338,2927
2927,8,1500000,17000,user_19,338,338,
2913,9,1500000,0,user_5,338,338,
2947,10,1500000,0,user_48,338,338,
2922,11,1400000,0,user_15,338,338,
2929,12,660000,369000,user_23,338,338,
2950,13,0,0,validator_4,100,338,2929
2938,14,1000000,14200,user_37,338,338,
2951,15,0,0,validator_4,100,338,2938
2925,16,420000,0,user_17,338,338,
2928,17,84000,283000,user_19,338,338,
2952,18,0,0,validator_4,100,338,2928
2921,19,300000,0,user_13,338,338,
2910,20,160000,84800,user_0,338,338,
2953,21,0,0,validator_4,100,338,2910
2940,22,220000,0,user_39,338,338,
2924,23,170000,0,user_16,338,338,
2936,24,170000,0,user_32,338,338,
2911,25,159999,0,user_2,338,338,2910
2945,26,150000,0,user_47,338,338,
2954,27,0,0,validator_4,100,338,2942
2942,28,83000,46500,user_42,338,338,
2930,29,120000,0,user_23,338,338,
2931,30,110000,0,user_25,338,338,
2917,31,85000,17000,user_9,338,338,
2955,32,0,0,validator_4,100,338,2917
2946,33,100000,0,user_48,338,338,
2943,34,80000,0,user_42,338,338,
2914,35,73000,0,user_6,338,338,
2944,36,70000,0,user_45,338,338,
2973,0,27000000,75000,user_16,339,339,
2992,1,27000000,23500,user_39,339,339,
2959,2,19000001,0,user_1,339,339,2958
2958,3,19000000,46500,user_1,339,339,
2998,4,6300000,0,user_44,339,339,
2971,5,6100000,13900,user_14,339,339,
2961,6,5000000,0,user_5,339,339,
2999,7,5000000,15300,user_45,339,339,
3002,8,4500000,0,user_48,339,339,
2991,9,3600000,0,user_38,339,339,
3000,10,2500000,13800,user_46,339,339,
2979,11,2000000,0,user_23,339,339,
3001,12,1400000,0,user_47,339,339,
2969,13,870000,0,user_14,339,339,
2975,14,870000,0,user_18,339,339,
2987,15,670000,410000,user_33,339,339,
2977,16,660000,0,user_20,339,339,
2988,17,470000,0,user_33,339,339,
2970,18,460000,0,user_14,339,339,
2989,19,460000,0,user_35,339,339,
2983,20,420000,0,user_28,339,339,
2957,21,310000,0,user_1,339,339,
2997,22,310000,0,user_44,339,339,
2976,23,260000,8520,user_19,339,339,
2964,24,240000,8520,user_9,339,339,
2984,25,220000,0,user_29,339,339,
2978,26,190000,0,user_21,339,339,
2960,27,170000,0,user_3,339,339,
2963,28,170000,0,user_6,339,339,
2965,29,170000,0,user_10,339,339,
2993,30,170000,11200,user_40,339,339,
2985,31,160000,0,user_29,339,339,
2962,32,150000,0,user_5,339,339,
2986,33,120000,0,user_31,339,339,
2996,34,120000,0,user_43,339,339,
2974,35,110000,0,user_17,339,339,
2990,36,110000,0,user_36,339,339,
2968,37,82000,0,user_13,339,339,
2994,38,82000,256000,user_42,339,339,
2995,39,73000,0,user_42,339,339,
3019,0,43000000,0,user_13,340,340,
3006,1,27000000,0,user_3,340,340,
3055,2,0,0,validator_9,100,340,3052
3052,3,6100000,215000,user_47,340,340,
3034,4,5000000,0,user_31,340,340,
3020,5,3600000,0,user_14,340,340,
3030,6,2600000,0,user_28,340,340,
3043,7,2500000,0,user_42,340,340,
3018,8,2100000,0,user_12,340,340,
3032,9,1700000,0,user_30,340,340,
3041,10,1700000,0,user_38,340,340,
3033,11,1600000,0,user_30,340,340,
3038,12,1500000,0,user_36,340,340,
3035,13,1400000,34700,user_31,340,340,
3056,14,0,0,validator_9,100,340,3035
3025,15,1400000,0,user_21,340,340,
3005,16,970001,0,user_2,340,340,3004
3057,17,0,0,validator_9,100,340,3037
3037,18,630000,35100,user_35,340,340,
3012,19,660000,0,user_6,340,340,
3044,20,630000,0,user_42,340,340,
3039,21,600000,0,user_36,340,340,
3015,22,460000,0,user_8,340,340,
3017,23,420000,0,user_12,340,340,
3050,24,350000,0,user_46,340,340,
3049,25,320000,0,user_46,340,340,
3051,26,310000,0,user_46,340,340,
3024,27,150000,139000,user_20,340,340,
3058,28,0,0,validator_9,100,340,3024
3045,29,240000,0,user_42,340,340,
3013,30,220000,0,user_6,340,340,
3047,31,220000,0,user_46,340,340,
3048,32,220000,0,user_46,340,340,
3054,33,170000,0,user_49,340,340,
3031,34,150000,0,user_30,340,340,
3036,35,150000,0,user_32,340,340,
3022,36,120000,0,user_16,340,340,
3014,37,110000,0,user_7,340,340,
3042,38,110000,0,user_38,340,340,
3053,39,70000,0,user_49,340,340,
3110,0,19000000,0,user_45,341,341,
3087,1,5200000,0,user_23,341,341,
3090,2,5200000,0,user_27,341,341,
3117,3,0,0,validator_1,100,341,3112
3112,4,5000000,15100,user_46,341,341,
3088,5,4200000,0,user_26,341,341,
3118,6,0,0,validator_1,100,341,3082
3082,7,3600000,11200,user_18,341,341,
3105,8,3500000,0,user_39,341,341,
3070,9,3200000,0,user_7,341,341,
3079,10,2300000,68100,user_16,341,341,
3119,11,0,0,validator_1,100,341,3079
3075,12,2300000,0,user_8,341,341,
3104,13,2100000,0,user_38,341,341,
3106,14,2000000,0,user_40,341,341,
3089,15,1600000,0,user_27,341,341,
3059,16,1200000,0,user_0,341,341,
3092,17,1100000,0,user_29,341,341,
3074,18,1000000,0,user_8,341,341,
3116,19,1000000,0,user_48,341,341,
3100,20,970000,0,user_36,341,341,
3067,21,660000,0,user_5,341,341,
3060,22,600000,46500,user_1,341,341,
3120,23,0,0,validator_1,100,341,3060
3111,24,600000,0,user_46,341,341,
3121,25,0,0,validator_1,100,341,3095
3095,26,150000,410000,user_34,341,341,
3094,27,530000,0,user_32,341,341,
3076,28,370000,0,user_9,341,341,
3096,29,260000,0,user_34,341,341,
3107,30,190000,0,user_43,341,341,
3072,31,160000,0,user_8,341,341,
3114,32,160000,0,user_46,341,341,
3122,33,0,0,validator_1,100,341,3091
3091,34,150000,3130,user_28,341,341,
3073,35,150000,0,user_8,341,341,
3103,36,130000,0,user_38,341,341,
3066,37,120000,0,user_5,341,341,
3071,38,120000,0,user_8,341,341,
3093,39,100000,0,user_30,341,341,
3113,40,100000,0,user_46,341,341,
3069,41,98000,0,user_7,341,341,
3077,42,98000,0,user_9,341,341,
3123,43,0,0,validator_1,100,341,3083
3083,44,87000,3130,user_18,341,341,
3099,45,87000,0,user_36,341,341,
3115,46,87000,0,user_47,341,341,
3084,47,83000,0,user_19,341,341,
3085,48,79000,0,user_20,341,341,
3167,0,19000000,5180,user_36,342,342,
3173,1,19000000,0,user_44,342,342,
3143,2,5000000,0,user_19,342,342,
3134,3,2400000,0,user_14,342,342,
3157,4,2400000,0,user_30,342,342,
3128,5,2000000,0,user_6,342,342,
3145,6,2000000,0,user_21,342,342,
3152,7,2000000,0,user_26,342,342,
3169,8,2000000,0,user_39,342,342,
3170,9,2000000,0,user_39,342,342,
3127,10,1700000,0,user_5,342,342,
3126,11,1600000,0,user_4,342,342,
3146,12,1600000,0,user_22,342,342,
3151,13,1400000,0,user_26,342,342,
3124,14,1100000,12300,user_0,342,342,
3125,15,1099999,0,user_2,342,342,3124
3144,16,660000,0,user_21,342,342,
3163,17,600000,0,user_33,342,342,
3177,18,600000,0,user_47,342,342,
3148,19,530000,0,user_24,342,342,
3164,20,530000,0,user_34,342,342,
3155,21,460000,0,user_28,342,342,
3165,22,310000,0,user_34,342,342,
3129,23,300000,0,user_8,342,342,
3171,24,260000,0,user_40,342,342,
3130,25,220000,0,user_8,342,342,
3132,26,190000,0,user_11,342,342,
3168,27,170000,60700,user_37,342,342,
3175,28,170000,769000,user_45,342,342,
3147,29,150000,49100,user_23,342,342,
3174,30,120000,0,user_44,342,342,
3133,31,84000,0,user_13,342,342,
3153,32,82000,0,user_26,342,342,
3178,0,27000000,0,user_3,343,343,
3186,1,6100000,0,user_12,343,343,
3191,2,6100000,0,user_19,343,343,
3197,3,5000000,0,user_35,343,343,
3193,4,4200000,0,user_24,343,343,
3182,5,2400000,67500,user_10,343,343,
3214,6,0,0,validator_13,100,343,3182
3180,7,2300000,0,user_7,343,343,
3210,8,2300000,0,user_45,343,343,
3201,9,2000000,0,user_37,343,343,
3212,10,1800000,0,user_48,343,343,
3194,11,1600000,0,user_27,343,343,
3198,12,1500000,32900,user_35,343,343,
3215,13,0,0,validator_13,100,343,3198
3187,14,1300000,33300,user_13,343,343,
3216,15,0,0,validator_13,100,343,3187
3196,16,1100000,0,user_32,343,343,
3211,17,110000,959000,user_47,343,343,
3217,18,0,0,validator_13,100,343,3211
3190,19,670000,0,user_17,343,343,
3203,20,660000,0,user_39,343,343,
3207,21,630000,12300,user_44,343,343,
3218,22,0,0,validator_13,100,343,3207
3219,23,0,0,validator_13,100,343,3213
3213,24,320000,285000,user_49,343,343,
3199,25,530000,0,user_36,343,343,
3188,26,360000,0,user_14,343,343,
3195,27,320000,0,user_31,343,343,
3202,28,300000,0,user_37,343,343,
3204,29,120000,49100,user_41,343,343,
3220,30,0,0,validator_13,100,343,3204
3183,31,120000,0,user_10,343,343,
3206,32,120000,0,user_43,343,343,
3208,33,110000,0,user_45,343,343,
3200,34,98000,0,user_37,343,343,
3179,35,83000,0,user_5,343,343,
3209,36,73000,0,user_45,343,343,
3235,0,30000000,0,user_13,344,344,
3269,1,0,0,validator_7,100,344,3264
3264,2,5000000,17700000,user_46,344,344,
3270,3,0,0,validator_7,100,344,3237
3237,4,6300000,161000,user_17,344,344,
3233,5,4500000,0,user_10,344,344,
3255,6,4200000,0,user_37,344,344,
3238,7,1900000,0,user_18,344,344,
3247,8,1600000,0,user_31,344,344,
3254,9,1500000,68100,user_36,344,344,
3271,10,0,0,validator_7,100,344,3254
3230,11,1500000,0,user_8,344,344,
3252,12,1300000,0,user_35,344,344,
3250,13,1200000,0,user_34,344,344,
3242,14,1100000,0,user_25,344,344,
3267,15,1000000,0,user_49,344,344,
3227,16,870000,0,user_7,344,344,
3248,17,870000,0,user_31,344,344,
3262,18,660000,84800,user_44,344,344,
3272,19,0,0,validator_7,100,344,3262
3241,20,670000,67900,user_24,344,344,
3273,21,0,0,validator_7,100,344,3241
3228,22,110000,594000,user_7,344,344,
3274,23,0,0,validator_7,100,344,3228
3263,24,660000,0,user_45,344,344,
3265,25,600000,0,user_48,344,344,
3275,26,0,0,validator_7,100,344,3243
3243,27,460000,128000,user_27,344,344,
3221,28,460000,0,user_1,344,344,
3239,29,420000,0,user_19,344,344,
3251,30,370000,21800,user_35,344,344,
3276,31,0,0,validator_7,100,344,3251
3229,32,350000,0,user_8,344,344,
3277,33,0,0,validator_7,100,344,3253
3253,34,260000,39400,user_36,344,344,
3232,35,260000,35600,user_10,344,344,
3278,36,0,0,validator_7,100,344,3232
3231,37,220000,0,user_9,344,344,
3226,38,170000,0,user_6,344,344,
3261,39,170000,0,user_44,344,344,
3225,40,160000,0,user_5,344,344,
3222,41,150000,0,user_3,344,344,
3266,42,150000,0,user_48,344,344,
3244,43,120000,0,user_27,344,344,
3268,44,120000,0,user_49,344,344,
3223,45,110000,0,user_4,344,344,
3279,46,0,0,validator_7,100,344,3224
3224,47,80000,15300,user_4,344,344,
3260,48,70000,0,user_44,344,344,
3310,0,30000000,0,user_27,345,345,
3328,1,0,0,validator_7,100,345,3321
3321,2,27000000,128000,user_45,345,345,
3300,3,6300000,0,user_19,345,345,
3318,4,6300000,0,user_37,345,345,
3281,5,5000000,0,user_1,345,345,
3309,6,5000000,0,user_26,345,345,
3287,7,4200000,0,user_7,345,345,
3320,8,3600000,0,user_44,345,345,
3304,9,2400000,0,user_23,345,345,
3282,10,2100000,0,user_1,345,345,
3303,11,2000000,23500,user_22,345,345,
3329,12,0,0,validator_7,100,345,3303
3285,13,2000000,0,user_4,345,345,
3286,14,2000000,0,user_6,345,345,
3290,15,2000000,0,user_9,345,345,
3283,16,1900000,0,user_2,345,345,
3330,17,0,0,validator_7,100,345,3326
3326,18,1500000,381000,user_47,345,345,
3317,19,1800000,0,user_36,345,345,
3324,20,1800000,0,user_47,345,345,
3331,21,0,0,validator_7,100,345,3294
3294,22,1500000,42000,user_12,345,345,
3289,23,1500000,0,user_8,345,345,
3295,24,1500000,0,user_15,345,345,
3332,25,0,0,validator_7,100,345,3314
3314,26,1000000,49100,user_34,345,345,
3312,27,1000000,42000,user_32,345,345,
3333,28,0,0,validator_7,100,345,3312
3315,29,1000000,0,user_35,345,345,
3284,30,970000,0,user_3,345,345,
3316,31,970000,0,user_36,345,345,
3323,32,970000,0,user_47,345,345,
3280,33,870000,0,user_0,345,345,
3311,34,870000,0,user_28,345,345,
3319,35,870000,0,user_41,345,345,
3291,36,660000,0,user_9,345,345,
3297,37,630000,0,user_18,345,345,
3288,38,460000,0,user_7,345,345,
3327,39,460000,0,user_48,345,345,
3307,40,420000,0,user_25,345,345,
3296,41,260000,0,user_18,345,345,
3325,42,260000,0,user_47,345,345,
3292,43,160000,0,user_9,345,345,
3306,44,150000,0,user_24,345,345,
3299,45,120000,0,user_19,345,345,
3305,46,110000,0,user_24,345,345,
3322,47,84000,16400,user_47,345,345,
3334,48,0,0,validator_7,100,345,3322
3298,49,87000,0,user_18,345,345,
3308,50,84000,0,user_26,345,345,
3392,0,30000000,0,user_49,346,346,
3378,1,27000000,0,user_39,346,346,
3381,2,6100000,0,user_42,346,346,
3390,3,5200000,0,user_47,346,346,
3391,4,5200000,0,user_49,346,346,
3352,5,3500000,31700,user_14,346,346,
3376,6,3500000,0,user_37,346,346,
3372,7,2500000,0,user_34,346,346,
3365,8,2400000,0,user_28,346,346,
3338,9,2000000,18600,user_3,346,346,
3379,10,1600000,0,user_40,346,346,
3351,11,1500000,0,user_12,346,346,
3382,12,1500000,0,user_42,346,346,
3341,13,1300000,0,user_7,346,346,
3348,14,1200000,0,user_10,346,346,
3350,15,870000,0,user_11,346,346,
3353,16,660000,0,user_14,346,346,
3340,17,470000,42000,user_5,346,346,
3367,18,360000,0,user_28,346,346,
3393,19,360000,0,user_49,346,346,
3337,20,350001,0,user_1,346,346,3335
3335,21,350000,15700,user_0,346,346,
3336,22,349999,0,user_0,346,346,3335
3387,23,320000,0,user_44,346,346,
3370,24,220000,0,user_33,346,346,
3371,25,160000,67500,user_34,346,346,
3362,26,150000,0,user_19,346,346,
3383,27,150000,0,user_42,346,346,
3369,28,130000,75000,user_31,346,346,
3347,29,98000,0,user_10,346,346,
3384,30,87000,0,user_42,346,346,
3366,31,85000,0,user_28,346,346,
3375,32,83000,0,user_37,346,346,
3339,33,79000,0,user_3,346,346,
3349,34,77000,296000,user_11,346,346,
3377,35,77000,0,user_38,346,346,
3363,36,70000,0,user_20,346,346,
3413,0,43000000,7840,user_21,347,347,
3444,1,0,0,validator_5,100,347,3413
3445,2,0,0,validator_5,100,347,3417
3417,3,160000,17700000,user_25,347,347,
3411,4,6300000,161000,user_19,347,347,
3446,5,0,0,validator_5,100,347,3411
3425,6,5000000,0,user_33,347,347,
3394,7,4500000,0,user_2,347,347,
3418,8,2600000,0,user_25,347,347,
3410,9,2000000,0,user_18,347,347,
3447,10,0,0,validator_5,100,347,3396
3396,11,1700000,30200,user_5,347,347,
3407,12,1400000,0,user_16,347,347,
3427,13,1400000,0,user_37,347,347,
3398,14,1100000,36800,user_6,347,347,
3448,15,0,0,validator_5,100,347,3398
3432,16,970000,0,user_41,347,347,
3409,17,130000,779000,user_18,347,347,
3449,18,0,0,validator_5,100,347,3409
3450,19,0,0,validator_5,100,347,3436
3436,20,85000,769000,user_46,347,347,
3435,21,650000,155000,user_45,347,347,
3451,22,0,0,validator_5,100,347,3435
3442,23,670000,0,user_49,347,347,
3426,24,600000,0,user_36,347,347,
3433,25,460000,23500,user_42,347,347,
3452,26,0,0,validator_5,100,347,3433
3438,27,110000,369000,user_46,347,347,
3453,28,0,0,validator_5,100,347,3438
3403,29,470000,0,user_12,347,347,
3395,30,220000,155000,user_4,347,347,
3454,31,0,0,validator_5,100,347,3395
3424,32,350000,0,user_33,347,347,
3419,33,320000,0,user_26,347,347,
3408,34,310000,0,user_17,347,347,
3414,35,310000,0,user_22,347,347,
3439,36,310000,0,user_46,347,347,
3397,37,220000,0,user_6,347,347,
3440,38,220000,0,user_46,347,347,
3437,39,160000,0,user_46,347,347,
3406,40,150000,0,user_16,347,347,
3415,41,150000,0,user_23,347,347,
3455,42,0,0,validator_5,100,347,3428
3428,43,73000,73100,user_38,347,347,
3402,44,120000,0,user_12,347,347,
3405,45,120000,0,user_15,347,347,
3420,46,120000,0,user_27,347,347,
3416,47,110000,0,user_23,347,347,
3422,48,110000,0,user_29,347,347,
3412,49,85000,0,user_20,347,347,
3421,50,83000,0,user_28,347,347,
3434,51,79000,0,user_42,347,347,
3401,52,77000,0,user_9,347,347,
3431,53,73000,0,user_40,347,347,
3443,54,73000,0,user_49,347,347,
3477,0,43000000,0,user_28,348,348,
3468,1,30000000,0,user_18,348,348,
3495,2,30000000,0,user_47,348,348,
3459,3,6100000,0,user_5,348,348,
3491,4,3500000,0,user_44,348,348,
3470,5,2400000,0,user_20,348,348,
3496,6,2400000,0,user_47,348,348,
3458,7,2300000,0,user_3,348,348,
3471,8,2000000,0,user_20,348,348,
3494,9,2000000,0,user_47,348,348,
3464,10,1400000,49100,user_12,348,348,
3500,11,0,0,validator_5,100,348,3464
3501,12,0,0,validator_5,100,348,3463
3463,13,1200000,68100,user_11,348,348,
3462,14,1100000,24700,user_10,348,348,
3502,15,0,0,validator_5,100,348,3462
3474,16,1100000,0,user_22,348,348,
3485,17,1100000,0,user_36,348,348,
3475,18,1000000,0,user_26,348,348,
3467,19,970000,0,user_18,348,348,
3480,20,670000,0,user_31,348,348,
3457,21,660000,0,user_2,348,348,
3469,22,530000,13800,user_19,348,348,
3503,23,0,0,validator_5,100,348,3469
3492,24,260000,256000,user_45,348,348,
3504,25,0,0,validator_5,100,348,3492
3472,26,460000,0,user_21,348,348,
3461,27,110000,155000,user_10,348,348,
3505,28,0,0,validator_5,100,348,3461
3456,29,260000,0,user_0,348,348,
3460,30,220000,0,user_9,348,348,
3465,31,120000,71800,user_12,348,348,
3506,32,0,0,validator_5,100,348,3465
3484,33,190000,0,user_35,348,348,
3486,34,190000,0,user_38,348,348,
3481,35,170000,0,user_33,348,348,
3507,36,0,0,validator_5,100,348,3479
3479,37,150000,7840,user_31,348,348,
3476,38,150000,0,user_28,348,348,
3466,39,120000,0,user_16,348,348,
3487,40,120000,0,user_40,348,348,
3493,41,120000,0,user_46,348,348,
3497,42,120000,0,user_47,348,348,
3473,43,98000,0,user_22,348,348,
3498,44,82000,0,user_47,348,348,
3488,45,70000,0,user_41,348,348,
3526,0,43000000,0,user_22,349,349,
3530,1,43000000,0,user_25,349,349,
3542,2,43000000,0,user_35,349,349,
3555,3,6300000,0,user_47,349,349,
3560,4,0,0,validator_3,100,349,3520
3520,5,5200000,100000,user_14,349,349,
3554,6,4500000,0,user_46,349,349,
3532,7,3600000,0,user_27,349,349,
3529,8,3200000,0,user_24,349,349,
3550,9,2600000,0,user_44,349,349,
3516,10,2100000,0,user_10,349,349,
3537,11,1800000,0,user_31,349,349,
3508,12,1600000,0,user_0,349,349,
3561,13,0,0,validator_3,100,349,3509
3509,14,1500000,60700,user_2,349,349,
3531,15,1500000,33300,user_26,349,349,
3562,16,0,0,validator_3,100,349,3531
3549,17,1400000,0,user_42,349,349,
3521,18,1100000,0,user_15,349,349,
3553,19,1000000,0,user_46,349,349,
3527,20,910000,0,user_23,349,349,
3510,21,870000,0,user_4,349,349,
3545,22,870000,0,user_38,349,349,
3518,23,660000,0,user_12,349,349,
3563,24,0,0,validator_3,100,349,3547
3547,25,350000,161000,user_40,349,349,
3564,26,0,0,validator_3,100,349,3514
3514,27,350000,34700,user_6,349,349,
3541,28,360000,0,user_34,349,349,
3533,29,340000,0,user_28,349,349,
3539,30,220000,0,user_32,349,349,
3511,31,170000,0,user_4,349,349,
3519,32,170000,0,user_12,349,349,
3543,33,170000,0,user_36,349,349,
3548,34,170000,0,user_42,349,349,
3528,35,98000,71800,user_23,349,349,
3565,36,0,0,validator_3,100,349,3528
3513,37,160000,0,user_6,349,349,
3535,38,150000,0,user_31,349,349,
3517,39,120000,0,user_11,349,349,
3536,40,120000,0,user_31,349,349,
3540,41,120000,0,user_33,349,349,
3512,42,110000,0,user_5,349,349,
3525,43,110000,0,user_21,349,349,
3544,44,110000,0,user_37,349,349,
3515,45,100000,0,user_8,349,349,
3523,46,87000,0,user_19,349,349,
3522,47,80000,0,user_16,349,349,
3538,48,79000,0,user_31,349,349,
3570,0,30000000,510000,user_5,350,350,
3621,1,0,0,validator_13,100,350,3570
3597,2,19000000,0,user_24,350,350,
3608,3,19000000,0,user_37,350,350,
3575,4,3200000,0,user_12,350,350,
3610,5,2500000,0,user_38,350,350,
3591,6,2300000,0,user_21,350,350,
3602,7,2100000,0,user_31,350,350,
3566,8,1900000,0,user_1,350,350,
3584,9,1800000,0,user_18,350,350,
3593,10,1600000,0,user_24,350,350,
3596,11,1500000,0,user_24,350,350,
3614,12,1500000,0,user_44,350,350,
3615,13,1500000,0,user_45,350,350,
3583,14,1300000,68100,user_18,350,350,
3622,15,0,0,validator_13,100,350,3583
3623,16,0,0,validator_13,100,350,3581
3581,17,970000,60700,user_17,350,350,
3616,18,1000000,0,user_46,350,350,
3607,19,870000,0,user_37,350,350,
3578,20,670000,0,user_14,350,350,
3594,21,530000,0,user_24,350,350,
3624,22,0,0,validator_13,100,350,3586
3586,23,170000,350000,user_19,350,350,
3618,24,470000,0,user_47,350,350,
3625,25,0,0,validator_13,100,350,3601
3601,26,83000,381000,user_30,350,350,
3626,27,0,0,validator_13,100,350,3595
3595,28,420000,33100,user_24,350,350,
3619,29,350000,0,user_48,350,350,
3603,30,340000,0,user_33,350,350,
3567,31,220000,0,user_2,350,350,
3582,32,220000,0,user_18,350,350,
3599,33,220000,0,user_27,350,350,
3606,34,220000,0,user_37,350,350,
3585,35,190000,0,user_18,350,350,
3579,36,120000,60700,user_15,350,350,
3627,37,0,0,validator_13,100,350,3579
3576,38,160000,0,user_13,350,350,
3604,39,160000,0,user_35,350,350,
3600,40,150000,0,user_29,350,350,
3611,41,150000,0,user_39,350,350,
3568,42,120000,0,user_2,350,350,
3617,43,120000,0,user_47,350,350,
3569,44,110000,0,user_4,350,350,
3573,45,110000,0,user_10,350,350,
3605,46,110000,0,user_36,350,350,
3598,47,85000,0,user_25,350,350,
3620,48,85000,0,user_49,350,350,
3609,49,73000,0,user_38,350,350,
3577,50,70000,0,user_14,350,350,
3653,0,43000000,0,user_26,351,351,
3651,1,6100000,0,user_25,351,351,
3631,2,5000000,0,user_5,351,351,
3661,3,2600000,769000,user_35,351,351,
3678,4,0,0,validator_2,100,351,3661
3644,5,2500000,0,user_18,351,351,
3634,6,2000000,0,user_6,351,351,
3666,7,2000000,0,user_40,351,351,
3629,8,1800000,139000,user_3,351,351,
3679,9,0,0,validator_2,100,351,3629
3677,10,1900000,0,user_49,351,351,
3675,11,1700000,0,user_48,351,351,
3676,12,1600000,0,user_48,351,351,
3667,13,1500000,0,user_41,351,351,
3654,14,1100000,0,user_27,351,351,
3670,15,1000000,0,user_45,351,351,
3656,16,110000,779000,user_29,351,351,
3680,17,0,0,validator_2,100,351,3656
3672,18,670000,0,user_46,351,351,
3643,19,600000,0,user_17,351,351,
3673,20,530000,0,user_46,351,351,
3632,21,460000,0,user_6,351,351,
3647,22,460000,0,user_21,351,351,
3649,23,460000,0,user_23,351,351,
3660,24,460000,0,user_33,351,351,
3650,25,260000,39400,user_25,351,351,
3681,26,0,0,validator_2,100,351,3650
3648,27,83000,146000,user_22,351,351,
3682,28,0,0,validator_2,100,351,3648
3633,29,220000,0,user_6,351,351,
3645,30,220000,0,user_18,351,351,
3683,31,0,0,validator_2,100,351,3640
3640,32,150000,42000,user_12,351,351,
3655,33,190000,0,user_27,351,351,
3635,34,160000,0,user_6,351,351,
3628,35,150000,0,user_2,351,351,
3638,36,150000,0,user_9,351,351,
3665,37,150000,0,user_38,351,351,
3636,38,110000,0,user_7,351,351,
3658,39,110000,0,user_30,351,351,
3668,40,110000,0,user_41,351,351,
3639,41,87000,0,user_10,351,351,
3657,42,87000,0,user_29,351,351,
3652,43,83000,0,user_25,351,351,
3671,44,83000,0,user_45,351,351,
3659,45,80000,0,user_32,351,351,
3630,46,77000,0,user_4,351,351,
3686,0,3500000,0,user_7,352,352,
3705,1,1600000,0,user_27,352,352,
3712,2,1400000,0,user_40,352,352,
3721,3,0,0,validator_2,100,352,3713
3713,4,1200000,12300,user_41,352,352,
3722,5,0,0,validator_2,100,352,3709
3709,6,1000000,12300,user_32,352,352,
3689,7,1000000,0,user_10,352,352,
3700,8,1000000,0,user_23,352,352,
3723,9,0,0,validator_2,100,352,3706
3706,10,870000,46500,user_29,352,352,
3697,11,910000,0,user_20,352,352,
3684,12,670000,0,user_2,352,352,
3708,13,650000,0,user_31,352,352,
3714,14,460000,0,user_42,352,352,
3717,15,460000,0,user_45,352,352,
3703,16,220000,195000,user_25,352,352,
3724,17,0,0,validator_2,100,352,3703
3698,18,320000,30200,user_21,352,352,
3725,19,0,0,validator_2,100,352,3698
3695,20,320000,0,user_17,352,352,
3726,21,0,0,validator_2,100,352,3710
3710,22,300000,16400,user_33,352,352,
3685,23,260000,0,user_5,352,352,
3727,24,0,0,validator_2,100,352,3720
3720,25,160000,39400,user_48,352,352,
3688,26,160000,0,user_9,352,352,
3690,27,160000,0,user_11,352,352,
3711,28,160000,0,user_34,352,352,
3699,29,120000,0,user_22,352,352,
3694,30,110000,0,user_17,352,352,
3716,31,110000,0,user_44,352,352,
3707,32,84000,17000,user_29,352,352,
3728,33,0,0,validator_2,100,352,3707
3718,34,87000,0,user_46,352,352,
3704,35,70000,0,user_26,352,352,
3766,0,30000000,0,user_33,353,353,
3773,1,27000000,0,user_41,353,353,
3739,2,19000000,0,user_6,353,353,
3782,3,0,0,validator_5,100,353,3753
3753,4,6300000,4320000,user_17,353,353,
3778,5,6100000,0,user_47,353,353,
3780,6,4200000,0,user_49,353,353,
3748,7,3500000,0,user_15,353,353,
3734,8,2600000,0,user_3,353,353,
3774,9,2600000,0,user_42,353,353,
3752,10,2300000,0,user_17,353,353,
3729,11,2000000,0,user_0,353,353,
3738,12,2000000,0,user_5,353,353,
3754,13,1600000,0,user_18,353,353,
3756,14,1500000,0,user_19,353,353,
3759,15,1500000,0,user_23,353,353,
3743,16,1400000,0,user_12,353,353,
3772,17,1400000,0,user_41,353,353,
3761,18,1300000,0,user_24,353,353,
3730,19,1200000,0,user_1,353,353,
3758,20,1200000,0,user_22,353,353,
3767,21,1000000,35100,user_33,353,353,
3783,22,0,0,validator_5,100,353,3767
3762,23,1000000,0,user_29,353,353,
3736,24,910000,0,user_5,353,353,
3744,25,530000,0,user_12,353,353,
3747,26,530000,0,user_15,353,353,
3731,27,460000,0,user_1,353,353,
3732,28,460000,0,user_2,353,353,
3771,29,340000,0,user_40,353,353,
3760,30,310000,0,user_23,353,353,
3776,31,260000,0,user_46,353,353,
3750,32,190000,0,user_16,353,353,
3784,33,0,0,validator_5,100,353,3751
3751,34,170000,15100,user_17,353,353,
3741,35,160000,0,user_9,353,353,
3742,36,150000,0,user_11,353,353,
3777,37,150000,0,user_46,353,353,
3755,38,130000,0,user_18,353,353,
3749,39,110000,0,user_16,353,353,
3737,40,87000,0,user_5,353,353,
3785,41,0,0,validator_5,100,353,3769
3769,42,80000,6390,user_36,353,353,
3757,43,85000,0,user_22,353,353,
3733,44,83000,0,user_2,353,353,
3781,45,80000,0,user_49,353,353,
3735,46,77000,0,user_3,353,353,
3818,0,30000000,0,user_30,354,354,
3792,1,6100000,0,user_5,354,354,
3828,2,5200000,0,user_42,354,354,
3796,3,4200000,0,user_7,354,354,
3811,4,4200000,0,user_23,354,354,
3821,5,4200000,0,user_34,354,354,
3836,6,0,0,validator_8,100,354,3791
3791,7,2300000,5640,user_4,354,354,
3814,8,2000000,12300,user_26,354,354,
3837,9,0,0,validator_8,100,354,3814
3799,10,2000000,0,user_11,354,354,
3800,11,1500000,0,user_11,354,354,
3816,12,1500000,0,user_29,354,354,
3838,13,0,0,validator_8,100,354,3786
3786,14,1400000,68100,user_1,354,354,
3787,15,1400001,0,user_1,354,354,3786
3789,16,1400001,0,user_1,354,354,3786
3793,17,1400000,0,user_5,354,354,
3797,18,1400000,0,user_9,354,354,
3788,19,1399999,0,user_1,354,354,3786
3827,20,970000,0,user_41,354,354,
3839,21,0,0,validator_8,100,354,3802
3802,22,650000,139000,user_15,354,354,
3801,23,650000,0,user_14,354,354,
3803,24,420000,0,user_16,354,354,
3840,25,0,0,validator_8,100,354,3817
3817,26,170000,231000,user_30,354,354,
3834,27,350000,0,user_48,354,354,
3819,28,310000,0,user_32,354,354,
3841,29,0,0,validator_8,100,354,3825
3825,30,220000,36800,user_40,354,354,
3810,31,220000,0,user_22,354,354,
3826,32,220000,0,user_40,354,354,
3815,33,190000,0,user_28,354,354,
3820,34,160000,0,user_33,354,354,
3808,35,150000,0,user_22,354,354,
3809,36,120000,0,user_22,354,354,
3807,37,70000,49100,user_22,354,354,
3842,38,0,0,validator_8,100,354,3807
3813,39,100000,0,user_25,354,354,
3843,40,0,0,validator_8,100,354,3805
3805,41,70000,14200,user_20,354,354,
3835,42,82000,0,user_49,354,354,
3806,43,77000,0,user_22,354,354,
3812,44,70000,0,user_24,354,354,
3882,0,43000000,0,user_38,355,355,
3849,1,27000000,0,user_4,355,355,
3853,2,27000000,0,user_8,355,355,
3847,3,6300001,0,user_2,355,355,3846
3869,4,6100000,0,user_29,355,355,
3867,5,3200000,0,user_27,355,355,
3859,6,2100000,0,user_17,355,355,
3888,7,1900000,0,user_43,355,355,
3851,8,1600000,0,user_6,355,355,
3893,9,1600000,0,user_46,355,355,
3850,10,1500000,0,user_5,355,355,
3857,11,1500000,0,user_16,355,355,
3884,12,1100000,0,user_40,355,355,
3883,13,1000000,0,user_39,355,355,
3885,14,1000000,0,user_41,355,355,
3866,15,870000,7190000,user_27,355,355,
3868,16,650000,0,user_27,355,355,
3870,17,530000,21800,user_29,355,355,
3844,18,460000,0,user_0,355,355,
3891,19,460000,0,user_43,355,355,
3865,20,420000,0,user_27,355,355,
3860,21,340000,0,user_19,355,355,
3871,22,340000,0,user_29,355,355,
3861,23,300000,47700,user_20,355,355,
3854,24,220000,0,user_9,355,355,
3862,25,220000,0,user_21,355,355,
3887,26,220000,0,user_42,355,355,
3863,27,150000,5180,user_22,355,355,
3872,28,150000,121000,user_30,355,355,
3889,29,150000,0,user_43,355,355,
3856,30,120000,0,user_12,355,355,
3873,31,120000,0,user_30,355,355,
3858,32,110000,0,user_17,355,355,
3886,33,110000,0,user_42,355,355,
3855,34,100000,0,user_9,355,355,
3892,35,85000,0,user_45,355,355,
3890,36,83000,0,user_43,355,355,
3881,37,82000,0,user_36,355,355,
3937,0,170000,7190000,user_36,356,356,
3952,1,0,0,validator_4,100,356,3937
3946,2,5000000,0,user_42,356,356,
3902,3,3600000,0,user_5,356,356,
3932,4,3500000,0,user_29,356,356,
3931,5,2100000,0,user_29,356,356,
3944,6,2100000,0,user_42,356,356,
3947,7,2000000,75000,user_44,356,356,
3953,8,0,0,validator_4,100,356,3947
3899,9,2000000,0,user_4,356,356,
3945,10,2000000,0,user_42,356,356,
3928,11,1900000,0,user_25,356,356,
3906,12,1600000,0,user_8,356,356,
3917,13,1600000,0,user_14,356,356,
3934,14,1500000,24700,user_32,356,356,
3954,15,0,0,validator_4,100,356,3934
3936,16,1400000,0,user_35,356,356,
3904,17,1300000,0,user_5,356,356,
3927,18,1100000,0,user_24,356,356,
3921,19,1000000,0,user_18,356,356,
3916,20,970000,0,user_13,356,356,
3955,21,0,0,validator_4,100,356,3938
3938,22,910000,13800,user_37,356,356,
3901,23,870000,15700,user_5,356,356,
3956,24,0,0,validator_4,100,356,3901
3920,25,870000,0,user_17,356,356,
3903,26,240000,594000,user_5,356,356,
3957,27,0,0,validator_4,100,356,3903
3923,28,630000,0,user_19,356,356,
3941,29,600000,0,user_39,356,356,
3905,30,530000,0,user_6,356,356,
3951,31,160000,322000,user_49,356,356,
3958,32,0,0,validator_4,100,356,3951
3896,33,420000,0,user_1,356,356,
3949,34,340000,12300,user_46,356,356,
3959,35,0,0,validator_4,100,356,3949
3918,36,300000,0,user_15,356,356,
3907,37,260000,0,user_8,356,356,
3942,38,260000,0,user_40,356,356,
3915,39,190000,67900,user_13,356,356,
3960,40,0,0,validator_4,100,356,3915
3943,41,220000,0,user_41,356,356,
3924,42,190000,0,user_20,356,356,
3950,43,190000,0,user_47,356,356,
3895,44,150000,0,user_0,356,356,
3925,45,80000,64600,user_22,356,356,
3961,46,0,0,validator_4,100,356,3925
3962,47,0,0,validator_4,100,356,3919
3919,48,120000,15300,user_16,356,356,
3908,49,120000,0,user_9,356,356,
3935,50,120000,0,user_34,356,356,
3900,51,100000,0,user_4,356,356,
3922,52,87000,0,user_18,356,356,
3948,53,82000,0,user_46,356,356,
3926,54,79000,0,user_23,356,356,
4024,0,0,0,validator_13,100,357,4011
4011,1,1000000,7190000,user_44,357,357,
3968,2,5200000,0,user_7,357,357,
3970,3,5000000,0,user_10,357,357,
4025,4,0,0,validator_13,100,357,4021
4021,5,4200000,18600,user_46,357,357,
4015,6,3600000,0,user_45,357,357,
3992,7,3200000,0,user_27,357,357,
4026,8,0,0,validator_13,100,357,3977
3977,9,2400000,17000,user_19,357,357,
3976,10,2400000,0,user_19,357,357,
3999,11,2100000,0,user_34,357,357,
4023,12,2100000,0,user_49,357,357,
3973,13,2000000,0,user_18,357,357,
3990,14,2000000,0,user_27,357,357,
4006,15,1800000,0,user_39,357,357,
4003,16,1500000,0,user_37,357,357,
3974,17,1300000,0,user_18,357,357,
3987,18,1300000,0,user_25,357,357,
3998,19,110000,1100000,user_32,357,357,
4027,20,0,0,validator_13,100,357,3998
3996,21,910000,0,user_30,357,357,
3995,22,870000,0,user_29,357,357,
4028,23,0,0,validator_13,100,357,3994
3994,24,85000,779000,user_29,357,357,
3971,25,670000,0,user_14,357,357,
3966,26,660000,0,user_4,357,357,
4013,27,650000,0,user_45,357,357,
4014,28,650000,0,user_45,357,357,
3997,29,630000,0,user_31,357,357,
4008,30,530000,0,user_41,357,357,
4001,31,110000,381000,user_34,357,357,
4029,32,0,0,validator_13,100,357,4001
3988,33,470000,0,user_26,357,357,
3969,34,370000,0,user_8,357,357,
4010,35,360000,0,user_43,357,357,
3964,36,320000,0,user_1,357,357,
4016,37,310000,0,user_45,357,357,
4022,38,310000,0,user_47,357,357,
4005,39,220000,0,user_38,357,357,
4012,40,220000,0,user_44,357,357,
4002,41,170000,0,user_35,357,357,
4020,42,170000,0,user_46,357,357,
3978,43,87000,75000,user_19,357,357,
4030,44,0,0,validator_13,100,357,3978
3965,45,130000,0,user_3,357,357,
3989,46,110000,0,user_27,357,357,
4000,47,110000,0,user_34,357,357,
4004,48,110000,0,user_37,357,357,
4031,49,0,0,validator_13,100,357,3975
3975,50,80000,5180,user_19,357,357,
3991,51,83000,0,user_27,357,357,
3993,52,82000,0,user_27,357,357,
4017,53,77000,0,user_45,357,357,
4019,54,77000,0,user_46,357,357,
3986,55,73000,0,user_24,357,357,
4018,56,70000,0,user_46,357,357,
4080,0,27000000,0,user_40,358,358,
4048,1,6300000,164000,user_17,358,358,
4042,2,6100000,0,user_14,358,358,
4064,3,5200000,0,user_27,358,358,
4032,4,3200000,0,user_1,358,358,
4041,5,3200000,0,user_13,358,358,
4079,6,3200000,67500,user_40,358,358,
4051,7,2300000,0,user_17,358,358,
4056,8,2100000,0,user_22,358,358,
4061,9,2100000,0,user_26,358,358,
4044,10,2000000,0,user_16,358,358,
4033,11,1800000,0,user_3,358,358,
4049,12,1800000,0,user_17,358,358,
4039,13,1500000,0,user_10,358,358,
4050,14,1500000,0,user_17,358,358,
4045,15,1300000,0,user_16,358,358,
4046,16,1100000,0,user_16,358,358,
4062,17,1100000,0,user_27,358,358,
4078,18,1100000,369000,user_39,358,358,
4034,19,1000000,0,user_7,358,358,
4037,20,910000,0,user_9,358,358,
4072,21,910000,0,user_34,358,358,
4066,22,630000,0,user_28,358,358,
4087,23,630000,0,user_48,358,358,
4047,24,600000,0,user_16,358,358,
4088,25,460000,35100,user_49,358,358,
4084,26,420000,0,user_44,358,358,
4069,27,350000,0,user_30,358,358,
4055,28,310000,0,user_22,358,358,
4065,29,310000,0,user_27,358,358,
4071,30,260000,0,user_33,358,358,
4053,31,220000,0,user_18,358,358,
4085,32,220000,0,user_46,358,358,
4043,33,190000,34700,user_15,358,358,
4052,34,190000,0,user_17,358,358,
4038,35,150000,0,user_9,358,358,
4082,36,120000,0,user_42,358,358,
4040,37,110000,0,user_12,358,358,
4081,38,100000,0,user_40,358,358,
4063,39,82000,0,user_27,358,358,
4083,40,82000,285000,user_43,358,358,
4124,0,30000000,0,user_28,359,359,
4114,1,27000000,0,user_22,359,359,
4128,2,27000000,0,user_32,359,359,
4089,3,73000,17700000,user_0,359,359,
4143,4,0,0,validator_11,100,359,4089
4098,5,5000000,0,user_11,359,359,
4131,6,4500000,0,user_34,359,359,
4137,7,4500000,0,user_45,359,359,
4112,8,3600000,0,user_16,359,359,
4107,9,3500000,0,user_12,359,359,
4144,10,0,0,validator_11,100,359,4116
4116,11,2000000,410000,user_23,359,359,
4102,12,2400000,0,user_11,359,359,
4094,13,2000000,0,user_5,359,359,
4135,14,2000000,0,user_41,359,359,
4145,15,0,0,validator_11,100,359,4117
4117,16,1600000,296000,user_23,359,359,
4130,17,1700000,0,user_34,359,359,
4140,18,1500000,0,user_48,359,359,
4092,19,1400000,0,user_3,359,359,
4120,20,1400000,0,user_24,359,359,
4110,21,1100000,0,user_15,359,359,
4132,22,1100000,0,user_37,359,359,
4141,23,1000000,0,user_48,359,359,
4146,24,0,0,validator_11,100,359,4136
4136,25,650000,322000,user_44,359,359,
4100,26,460000,36800,user_11,359,359,
4147,27,0,0,validator_11,100,359,4100
4148,28,0,0,validator_11,100,359,4126
4126,29,340000,139000,user_30,359,359,
4105,30,470000,0,user_12,359,359,
4122,31,470000,0,user_25,359,359,
4125,32,460000,0,user_29,359,359,
4149,33,0,0,validator_11,100,359,4111
4111,34,320000,139000,user_16,359,359,
4150,35,0,0,validator_11,100,359,4123
4123,36,340000,31700,user_26,359,359,
4139,37,370000,0,user_47,359,359,
4113,38,220000,0,user_19,359,359,
4115,39,220000,0,user_22,359,359,
4121,40,220000,0,user_24,359,359,
4119,41,190000,0,user_23,359,359,
4109,42,160000,0,user_14,359,359,
4093,43,150000,0,user_4,359,359,
4099,44,150000,0,user_11,359,359,
4106,45,150000,0,user_12,359,359,
4129,46,150000,0,user_33,359,359,
4138,47,130000,0,user_46,359,359,
4103,48,120000,0,user_12,359,359,
4118,49,84000,17000,user_23,359,359,
4151,50,0,0,validator_11,100,359,4118
4142,51,82000,0,user_49,359,359,
4101,52,80000,0,user_11,359,359,
4104,53,77000,0,user_12,359,359,
4127,54,77000,0,user_32,359,359,
4096,55,73000,0,user_8,359,359,
4090,56,72999,0,user_1,359,359,4089
4091,57,72999,0,user_2,359,359,4089
2141,0,43000000,0,user_29,360,360,
2144,1,27000000,0,user_36,360,360,
2130,2,19000000,0,user_20,360,360,
2126,3,5200000,0,user_17,360,360,
2128,4,5200000,0,user_19,360,360,
2124,5,3600000,0,user_14,360,360,
2125,6,3200000,0,user_15,360,360,
2167,7,0,0,validator_12,100,360,2123
2123,8,2000000,215000,user_13,360,360,
2160,9,1700000,0,user_45,360,360,
2116,10,1600000,0,user_3,360,360,
2122,11,1600000,0,user_11,360,360,
2168,12,0,0,validator_12,100,360,2158
2158,13,1300000,181000,user_45,360,360,
2156,14,1400000,0,user_44,360,360,
2169,15,0,0,validator_12,100,360,2118
2118,16,240000,256000,user_4,360,360,
2139,17,470000,0,user_28,360,360,
2140,18,460000,0,user_28,360,360,
2157,19,460000,0,user_44,360,360,
2165,20,460000,0,user_49,360,360,
2151,21,420000,0,user_39,360,360,
2131,22,320000,0,user_20,360,360,
2159,23,300000,0,user_45,360,360,
2170,24,0,0,validator_12,100,360,2164
2164,25,73000,195000,user_48,360,360,
2121,26,260000,0,user_9,360,360,
2138,27,220000,0,user_27,360,360,
2162,28,220000,0,user_45,360,360,
2133,29,170000,0,user_20,360,360,
2135,30,170000,0,user_23,360,360,
2143,31,170000,0,user_32,360,360,
2166,32,170000,0,user_49,360,360,
2155,33,160000,0,user_43,360,360,
2161,34,150000,0,user_45,360,360,
2129,35,120000,0,user_20,360,360,
2142,36,120000,0,user_31,360,360,
2150,37,110000,0,user_39,360,360,
2152,38,110000,0,user_40,360,360,
2163,39,83000,21800,user_48,360,360,
2171,40,0,0,validator_12,100,360,2163
2132,41,100000,0,user_20,360,360,
2117,42,80000,0,user_4,360,360,
2136,43,77000,0,user_24,360,360,
2186,0,30000000,0,user_15,361,361,
2191,1,30000000,0,user_19,361,361,
2215,2,1500000,4320000,user_49,361,361,
2216,3,0,0,validator_12,100,361,2215
2199,4,5000000,0,user_30,361,361,
2201,5,5000000,0,user_34,361,361,
2213,6,3200000,0,user_48,361,361,
2214,7,2500000,0,user_49,361,361,
2208,8,2300000,0,user_43,361,361,
2198,9,2000000,0,user_29,361,361,
2194,10,1700000,0,user_27,361,361,
2202,11,1700000,0,user_35,361,361,
2217,12,0,0,validator_12,100,361,2204
2204,13,1500000,84800,user_39,361,361,
2189,14,1400000,3130,user_15,361,361,
2218,15,0,0,validator_12,100,361,2189
2209,16,1400000,0,user_44,361,361,
2210,17,1100000,0,user_46,361,361,
2185,18,670000,0,user_14,361,361,
2187,19,650000,0,user_15,361,361,
2197,20,530000,0,user_29,361,361,
2183,21,420000,0,user_12,361,361,
2180,22,350000,0,user_7,361,361,
2173,23,340000,0,user_1,361,361,
2172,24,320000,0,user_1,361,361,
2219,25,0,0,validator_12,100,361,2181
2181,26,310000,5180,user_9,361,361,
2184,27,310000,0,user_12,361,361,
2174,28,300000,0,user_3,361,361,
2192,29,120000,146000,user_23,361,361,
2220,30,0,0,validator_12,100,361,2192
2188,31,110000,64600,user_15,361,361,
2221,32,0,0,validator_12,100,361,2188
2175,33,170000,0,user_4,361,361,
2182,34,170000,0,user_11,361,361,
2196,35,160000,0,user_28,361,361,
2200,36,150000,0,user_34,361,361,
2205,37,120000,0,user_40,361,361,
2195,38,110000,0,user_27,361,361,
2222,39,0,0,validator_12,100,361,2193
2193,40,87000,21800,user_25,361,361,
2240,0,43000000,0,user_9,362,362,
2290,1,0,0,validator_2,100,362,2267
2267,2,2000000,17700000,user_30,362,362,
2291,3,0,0,validator_2,100,362,2250
2250,4,5000000,545000,user_17,362,362,
2263,5,5200000,0,user_27,362,362,
2287,6,5000000,0,user_45,362,362,
2235,7,4500000,0,user_7,362,362,
2260,8,4500000,0,user_22,362,362,
2276,9,3500000,0,user_40,362,362,
2289,10,3500000,0,user_49,362,362,
2259,11,2600000,0,user_21,362,362,
2254,12,2500000,0,user_18,362,362,
2232,13,2400000,0,user_5,362,362,
2285,14,2100000,0,user_44,362,362,
2243,15,2000000,0,user_12,362,362,
2266,16,2000000,0,user_29,362,362,
2234,17,1300000,16400,user_6,362,362,
2292,18,0,0,validator_2,100,362,2234
2229,19,1300000,0,user_5,362,362,
2228,20,1100000,0,user_4,362,362,
2246,21,1100000,0,user_12,362,362,
2257,22,1100000,0,user_21,362,362,
2293,23,0,0,validator_2,100,362,2283
2283,24,660000,66100,user_44,362,362,
2268,25,660000,0,user_31,362,362,
2230,26,650000,0,user_5,362,362,
2258,27,630000,0,user_21,362,362,
2265,28,600000,0,user_28,362,362,
2294,29,0,0,validator_2,100,362,2256
2256,30,470000,121000,user_20,362,362,
2248,31,470000,0,user_14,362,362,
2286,32,310000,155000,user_44,362,362,
2295,33,0,0,validator_2,100,362,2286
2233,34,460000,0,user_6,362,362,
2244,35,460000,0,user_12,362,362,
2245,36,460000,0,user_12,362,362,
2275,37,460000,0,user_39,362,362,
2241,38,370000,0,user_11,362,362,
2251,39,360000,0,user_17,362,362,
2279,40,320000,21800,user_41,362,362,
2296,41,0,0,validator_2,100,362,2279
2280,42,340000,0,user_42,362,362,
2270,43,310000,0,user_35,362,362,
2273,44,300000,0,user_38,362,362,
2264,45,160000,128000,user_28,362,362,
2297,46,0,0,validator_2,100,362,2264
2288,47,240000,0,user_46,362,362,
2242,48,170000,66100,user_11,362,362,
2298,49,0,0,validator_2,100,362,2242
2299,50,0,0,validator_2,100,362,2278
2278,51,98000,84800,user_41,362,362,
2247,52,150000,0,user_12,362,362,
2282,53,150000,0,user_44,362,362,
2253,54,130000,0,user_17,362,362,
2252,55,120000,0,user_17,362,362,
2231,56,110000,0,user_5,362,362,
2274,57,110000,0,user_39,362,362,
2300,58,0,0,validator_2,100,362,2269
2269,59,87000,11200,user_32,362,362,
2249,60,79000,16400,user_16,362,362,
2301,61,0,0,validator_2,100,362,2249
2277,62,84000,0,user_40,362,362,
2227,63,82000,0,user_3,362,362,
2284,64,82000,0,user_44,362,362,
2226,65,79000,0,user_3,362,362,
2311,0,27000000,0,user_12,363,363,
2323,1,27000000,0,user_26,363,363,
2339,2,27000000,0,user_39,363,363,
2350,3,0,0,validator_9,100,363,2336
2336,4,110000,17700000,user_38,363,363,
2351,5,0,0,validator_9,100,363,2318
2318,6,6300000,43600,user_21,363,363,
2329,7,6300000,0,user_32,363,363,
2344,8,5000000,0,user_43,363,363,
2324,9,4500000,0,user_26,363,363,
2331,10,3600000,0,user_34,363,363,
2303,11,2600000,0,user_2,363,363,
2352,12,0,0,validator_9,100,363,2310
2310,13,2100000,56200,user_10,363,363,
2343,14,2100000,0,user_42,363,363,
2306,15,1400000,0,user_5,363,363,
2328,16,1100000,100000,user_30,363,363,
2353,17,0,0,validator_9,100,363,2328
2305,18,1000000,0,user_5,363,363,
2320,19,670000,161000,user_23,363,363,
2354,20,0,0,validator_9,100,363,2320
2307,21,650000,0,user_6,363,363,
2332,22,470000,73100,user_36,363,363,
2355,23,0,0,validator_9,100,363,2332
2356,24,0,0,validator_9,100,363,2338
2338,25,460000,67900,user_39,363,363,
2340,26,470000,0,user_39,363,363,
2302,27,460000,0,user_2,363,363,
2342,28,460000,0,user_40,363,363,
2357,29,0,0,validator_9,100,363,2312
2312,30,420000,16400,user_12,363,363,
2321,31,370000,46500,user_24,363,363,
2358,32,0,0,validator_9,100,363,2321
2359,33,0,0,validator_9,100,363,2334
2334,34,85000,283000,user_38,363,363,
2317,35,240000,46500,user_20,363,363,
2360,36,0,0,validator_9,100,363,2317
2313,37,160000,47700,user_14,363,363,
2361,38,0,0,validator_9,100,363,2313
2335,39,160000,34700,user_38,363,363,
2362,40,0,0,validator_9,100,363,2335
2333,41,150000,0,user_38,363,363,
2326,42,110000,0,user_28,363,363,
2327,43,110000,0,user_29,363,363,
2349,44,110000,0,user_49,363,363,
2341,45,98000,0,user_39,363,363,
2308,46,84000,0,user_8,363,363,
2337,47,83000,0,user_38,363,363,
2347,48,83000,0,user_45,363,363,
2315,49,70000,0,user_18,363,363,
2400,0,19000000,0,user_31,364,364,
2366,1,6100000,0,user_3,364,364,
2408,2,5200000,34700,user_39,364,364,
2415,3,0,0,validator_11,100,364,2408
2376,4,5200000,0,user_14,364,364,
2413,5,5000000,5640,user_44,364,364,
2416,6,0,0,validator_11,100,364,2413
2379,7,5000000,0,user_16,364,364,
2388,8,5000000,0,user_25,364,364,
2406,9,4500000,0,user_38,364,364,
2389,10,3200000,0,user_26,364,364,
2365,11,2600000,0,user_2,364,364,
2402,12,2300000,0,user_33,364,364,
2380,13,2000000,0,user_17,364,364,
2417,14,0,0,validator_11,100,364,2386
2386,15,1900000,24700,user_23,364,364,
2418,16,0,0,validator_11,100,364,2394
2394,17,1700000,33100,user_27,364,364,
2401,18,1700000,0,user_33,364,364,
2372,19,1500000,66100,user_11,364,364,
2419,20,0,0,validator_11,100,364,2372
2367,21,1500000,0,user_4,364,364,
2390,22,1500000,0,user_26,364,364,
2405,23,1400000,0,user_36,364,364,
2363,24,1300000,0,user_0,364,364,
2411,25,1300000,0,user_42,364,364,
2412,26,1300000,0,user_42,364,364,
2392,27,910000,0,user_26,364,364,
2397,28,660000,0,user_29,364,364,
2398,29,660000,0,user_30,364,364,
2378,30,650000,0,user_16,364,364,
2403,31,650000,0,user_34,364,364,
2395,32,460000,0,user_28,364,364,
2407,33,460000,0,user_39,364,364,
2420,34,0,0,validator_11,100,364,2370
2370,35,120000,322000,user_8,364,364,
2373,36,370000,0,user_12,364,364,
2385,37,370000,0,user_21,364,364,
2396,38,340000,0,user_29,364,364,
2414,39,310000,0,user_46,364,364,
2364,40,170000,0,user_0,364,364,
2421,41,0,0,validator_11,100,364,2382
2382,42,120000,49100,user_19,364,364,
2381,43,160000,0,user_18,364,364,
2410,44,160000,0,user_41,364,364,
2404,45,150000,0,user_34,364,364,
2422,46,0,0,validator_11,100,364,2391
2391,47,130000,18600,user_26,364,364,
2399,48,110000,11200,user_31,364,364,
2423,49,0,0,validator_11,100,364,2399
2387,50,120000,0,user_24,364,364,
2368,51,110000,0,user_6,364,364,
2374,52,98000,0,user_12,364,364,
2377,53,87000,0,user_16,364,364,
2393,54,79000,0,user_27,364,364,
2469,0,19000000,0,user_39,365,365,
2446,1,5200000,0,user_19,365,365,
2454,2,5200000,0,user_25,365,365,
2441,3,2600000,0,user_13,365,365,
2451,4,2400000,0,user_23,365,365,
2472,5,2100000,0,user_41,365,365,
2463,6,2000000,11200,user_32,365,365,
2428,7,1900000,0,user_5,365,365,
2425,8,1600000,0,user_2,365,365,
2432,9,1600000,0,user_8,365,365,
2448,10,1600000,0,user_22,365,365,
2433,11,1500000,16400,user_8,365,365,
2453,12,1500000,0,user_25,365,365,
2456,13,970000,0,user_27,365,365,
2464,14,910000,0,user_32,365,365,
2443,15,600000,0,user_15,365,365,
2434,16,530000,0,user_8,365,365,
2436,17,470000,0,user_9,365,365,
2431,18,460000,0,user_8,365,365,
2467,19,370000,0,user_34,365,365,
2473,20,370000,296000,user_43,365,365,
2427,21,360000,0,user_5,365,365,
2444,22,340000,0,user_16,365,365,
2483,23,300000,0,user_48,365,365,
2465,24,190000,0,user_32,365,365,
2426,25,170000,0,user_3,365,365,
2442,26,170000,0,user_14,365,365,
2447,27,170000,0,user_19,365,365,
2435,28,150000,0,user_9,365,365,
2450,29,150000,39400,user_23,365,365,
2457,30,150000,0,user_28,365,365,
2429,31,120000,39400,user_7,365,365,
2449,32,120000,0,user_22,365,365,
2461,33,120000,0,user_32,365,365,
2430,34,110000,0,user_8,365,365,
2462,35,110000,0,user_32,365,365,
2455,36,100000,17700000,user_26,365,365,
2468,37,98000,21800,user_36,365,365,
2458,38,85000,32900,user_30,365,365,
2424,39,73000,0,user_0,365,365,
2508,0,43000000,12800,user_27,366,366,
2531,1,0,0,validator_1,100,366,2508
2515,2,43000000,0,user_30,366,366,
2492,3,6300000,0,user_12,366,366,
2510,4,5200000,0,user_27,366,366,
2532,5,0,0,validator_1,100,366,2493
2493,6,120000,4320000,user_13,366,366,
2495,7,4200000,0,user_15,366,366,
2501,8,2600000,0,user_21,366,366,
2505,9,2500000,0,user_26,366,366,
2487,10,2300000,0,user_7,366,366,
2491,11,2100000,5640,user_11,366,366,
2533,12,0,0,validator_1,100,366,2491
2503,13,2100000,0,user_25,366,366,
2507,14,2000000,0,user_26,366,366,
2514,15,2000000,0,user_29,366,366,
2520,16,1800000,0,user_39,366,366,
2529,17,1800000,0,user_48,366,366,
2527,18,1700000,0,user_46,366,366,
2525,19,1400000,0,user_43,366,366,
2512,20,1100000,0,user_28,366,366,
2489,21,1000000,0,user_8,366,366,
2488,22,870000,0,user_8,366,366,
2524,23,670000,0,user_42,366,366,
2516,24,660000,0,user_32,366,366,
2534,25,0,0,validator_1,100,366,2499
2499,26,100000,256000,user_20,366,366,
2535,27,0,0,validator_1,100,366,2490
2490,28,170000,161000,user_10,366,366,
2500,29,310000,0,user_20,366,366,
2506,30,310000,0,user_26,366,366,
2511,31,300000,0,user_27,366,366,
2536,32,0,0,validator_1,100,366,2498
2498,33,260000,18600,user_19,366,366,
2502,34,190000,0,user_24,366,366,
2509,35,170000,0,user_27,366,366,
2537,36,0,0,validator_1,100,366,2530
2530,37,150000,14200,user_49,366,366,
2496,38,150000,13800,user_16,366,366,
2538,39,0,0,validator_1,100,366,2496
2519,40,160000,0,user_36,366,366,
2522,41,160000,0,user_41,366,366,
2513,42,150000,0,user_29,366,366,
2523,43,120000,0,user_41,366,366,
2528,44,120000,0,user_47,366,366,
2517,45,110000,0,user_34,366,366,
2526,46,110000,0,user_45,366,366,
2521,47,82000,0,user_40,366,366,
2504,48,79000,0,user_26,366,366,
2563,0,27000000,23500,user_28,367,367,
2589,1,19000000,146000,user_49,367,367,
2548,2,6100000,0,user_8,367,367,
2558,3,5000000,13900,user_24,367,367,
2586,4,5000000,0,user_48,367,367,
2572,5,4200000,0,user_36,367,367,
2552,6,3200000,0,user_20,367,367,
2539,7,2100000,0,user_0,367,367,
2543,8,2000000,0,user_3,367,367,
2556,9,2000000,0,user_23,367,367,
2585,10,1900000,0,user_48,367,367,
2547,11,1800000,0,user_6,367,367,
2583,12,1700000,0,user_47,367,367,
2554,13,1600000,0,user_21,367,367,
2541,14,1500000,0,user_2,367,367,
2587,15,1000000,0,user_48,367,367,
2584,16,970000,0,user_48,367,367,
2591,17,870000,0,user_49,367,367,
2546,18,630000,0,user_5,367,367,
2540,19,420000,0,user_1,367,367,
2561,20,360000,545000,user_26,367,367,
2575,21,340000,0,user_38,367,367,
2557,22,320000,0,user_24,367,367,
2590,23,310000,31700,user_49,367,367,
2555,24,220000,0,user_22,367,367,
2564,25,220000,296000,user_28,367,367,
2542,26,170000,0,user_3,367,367,
2574,27,160000,0,user_37,367,367,
2576,28,150000,0,user_39,367,367,
2588,29,130000,0,user_49,367,367,
2544,30,120000,11200,user_4,367,367,
2553,31,120000,0,user_20,367,367,
2567,32,120000,0,user_34,367,367,
2579,33,120000,0,user_45,367,367,
2545,34,84000,0,user_5,367,367,
2573,35,83000,23500,user_37,367,367,
2623,0,30000000,0,user_38,368,368,
2592,1,6100000,0,user_0,368,368,
2621,2,220000,4320000,user_37,368,368,
2635,3,0,0,validator_6,100,368,2621
2618,4,2600000,0,user_35,368,368,
2598,5,1600000,594000,user_6,368,368,
2636,6,0,0,validator_6,100,368,2598
2637,7,0,0,validator_6,100,368,2600
2600,8,1900000,155000,user_10,368,368,
2604,9,2000000,21800,user_16,368,368,
2638,10,0,0,validator_6,100,368,2604
2602,11,1700000,0,user_15,368,368,
2631,12,1600000,0,user_45,368,368,
2611,13,1500000,0,user_25,368,368,
2630,14,1500000,0,user_45,368,368,
2593,15,1200000,0,user_1,368,368,
2601,16,73000,1100000,user_13,368,368,
2639,17,0,0,validator_6,100,368,2601
2594,18,1100000,0,user_2,368,368,
2605,19,1100000,0,user_17,368,368,
2632,20,1000000,0,user_46,368,368,
2603,21,420000,369000,user_16,368,368,
2640,22,0,0,validator_6,100,368,2603
2606,23,670000,0,user_18,368,368,
2627,24,470000,0,user_43,368,368,
2614,25,460000,0,user_30,368,368,
2596,26,340000,0,user_4,368,368,
2599,27,320000,0,user_8,368,368,
2595,28,170000,0,user_3,368,368,
2616,29,170000,0,user_33,368,368,
2626,30,170000,0,user_42,368,368,
2641,31,0,0,validator_6,100,368,2607
2607,32,150000,10700,user_19,368,368,
2624,33,160000,0,user_39,368,368,
2613,34,150000,0,user_27,368,368,
2629,35,120000,0,user_44,368,368,
2622,36,110000,0,user_37,368,368,
2628,37,83000,0,user_44,368,368,
2615,38,80000,0,user_32,368,368,
2660,0,43000000,0,user_21,369,369,
2643,1,30000000,0,user_1,369,369,
2685,2,0,0,validator_8,100,369,2645
2645,3,27000000,285000,user_3,369,369,
2663,4,27000000,0,user_24,369,369,
2682,5,27000000,0,user_48,369,369,
2686,6,0,0,validator_8,100,369,2666
2666,7,19000000,64600,user_29,369,369,
2687,8,0,0,validator_8,100,369,2649
2649,9,3600000,5180,user_7,369,369,
2683,10,2600000,0,user_48,369,369,
2688,11,0,0,validator_8,100,369,2661
2661,12,1900000,231000,user_23,369,369,
2647,13,2100000,0,user_4,369,369,
2655,14,2000000,0,user_16,369,369,
2654,15,1700000,0,user_15,369,369,
2664,16,1400000,0,user_27,369,369,
2665,17,1300000,0,user_28,369,369,
2646,18,1100000,0,user_4,369,369,
2668,19,910000,0,user_30,369,369,
2667,20,870000,0,user_29,369,369,
2684,21,370000,161000,user_49,369,369,
2689,22,0,0,validator_8,100,369,2684
2650,23,460000,5630,user_8,369,369,
2690,24,0,0,validator_8,100,369,2650
2642,25,460000,0,user_0,369,369,
2680,26,460000,0,user_48,369,369,
2669,27,340000,0,user_31,369,369,
2659,28,260000,36800,user_18,369,369,
2691,29,0,0,validator_8,100,369,2659
2692,30,0,0,validator_8,100,369,2672
2672,31,170000,100000,user_35,369,369,
2658,32,150000,0,user_18,369,369,
2670,33,120000,0,user_32,369,369,
2656,34,100000,12300,user_16,369,369,
2693,35,0,0,validator_8,100,369,2656
2662,36,110000,0,user_23,369,369,
2671,37,110000,0,user_34,369,369,
2651,38,98000,0,user_9,369,369,
2653,39,83000,0,user_15,369,369,
2675,40,82000,0,user_40,369,369,
2681,41,77000,0,user_48,369,369,
2705,0,43000000,0,user_12,370,370,
2697,1,3600000,0,user_3,370,370,
2702,2,3500000,0,user_10,370,370,
2725,3,2600000,0,user_35,370,370,
2726,4,2600000,0,user_36,370,370,
2695,5,2400000,0,user_0,370,370,
2696,6,2000000,0,user_2,370,370,
2729,7,2000000,0,user_43,370,370,
2730,8,2000000,0,user_44,370,370,
2740,9,1700000,56200,user_49,370,370,
2741,10,0,0,validator_7,100,370,2740
2737,11,910000,769000,user_48,370,370,
2742,12,0,0,validator_7,100,370,2737
2724,13,1600000,0,user_34,370,370,
2739,14,1400000,0,user_48,370,370,
2743,15,0,0,validator_7,100,370,2717
2717,16,1000000,161000,user_24,370,370,
2744,17,0,0,validator_7,100,370,2716
2716,18,1100000,16400,user_23,370,370,
2722,19,73000,959000,user_31,370,370,
2745,20,0,0,validator_7,100,370,2722
2738,21,1000000,0,user_48,370,370,
2728,22,670000,0,user_39,370,370,
2709,23,660000,0,user_15,370,370,
2708,24,650000,0,user_15,370,370,
2710,25,630000,0,user_15,370,370,
2698,26,600000,0,user_4,370,370,
2718,27,120000,369000,user_27,370,370,
2746,28,0,0,validator_7,100,370,2718
2706,29,340000,0,user_13,370,370,
2727,30,320000,0,user_38,370,370,
2701,31,310000,0,user_6,370,370,
2733,32,310000,0,user_45,370,370,
2720,33,260000,0,user_28,370,370,
2747,34,0,0,validator_7,100,370,2719
2719,35,84000,139000,user_28,370,370,
2748,36,0,0,validator_7,100,370,2699
2699,37,73000,100000,user_5,370,370,
2712,38,170000,0,user_18,370,370,
2736,39,150000,0,user_48,370,370,
2700,40,120000,0,user_5,370,370,
2749,41,0,0,validator_7,100,370,2735
2735,42,79000,34700,user_48,370,370,
2694,43,110000,0,user_0,370,370,
2734,44,100000,0,user_46,370,370,
2731,45,98000,0,user_44,370,370,
2732,46,84000,0,user_45,370,370,
2761,0,30000000,0,user_8,371,371,
2758,1,4200000,0,user_6,371,371,
2771,2,2500000,0,user_14,371,371,
2792,3,2500000,0,user_36,371,371,
2754,4,2300000,0,user_2,371,371,
2798,5,2300000,7840,user_45,371,371,
2772,6,2100000,0,user_14,371,371,
2753,7,2000000,0,user_2,371,371,
2796,8,2000000,0,user_41,371,371,
2783,9,1500000,39400,user_25,371,371,
2800,10,1500000,0,user_46,371,371,
2762,11,1400000,0,user_9,371,371,
2767,12,1400000,0,user_10,371,371,
2784,13,1400000,0,user_26,371,371,
2793,14,1400000,66100,user_37,371,371,
2779,15,1300000,0,user_21,371,371,
2786,16,1000000,0,user_30,371,371,
2776,17,470000,0,user_18,371,371,
2777,18,470000,35600,user_19,371,371,
2801,19,460000,0,user_49,371,371,
2766,20,420000,0,user_9,371,371,
2750,21,350000,0,user_0,371,371,
2773,22,310000,0,user_16,371,371,
2763,23,300000,0,user_9,371,371,
2799,24,300000,0,user_45,371,371,
2782,25,240000,12800,user_24,371,371,
2764,26,220000,0,user_9,371,371,
2780,27,220000,42000,user_21,371,371,
2778,28,170000,0,user_20,371,371,
2794,29,160000,0,user_38,371,371,
2760,30,150000,0,user_8,371,371,
2775,31,120000,0,user_18,371,371,
2768,32,110000,0,user_12,371,371,
2795,33,100000,24700,user_41,371,371,
2774,34,87000,0,user_17,371,371,
2756,35,85000,0,user_5,371,371,
2765,36,82000,0,user_9,371,371,
2757,37,73000,0,user_5,371,371,
2785,38,73000,0,user_29,371,371,
2834,0,43000000,0,user_30,372,372,
2838,1,19000000,0,user_37,372,372,
2851,2,0,0,validator_12,100,372,2840
2840,3,150000,7190000,user_39,372,372,
2821,4,5000000,0,user_15,372,372,
2805,5,4500000,100000,user_4,372,372,
2852,6,0,0,validator_12,100,372,2805
2835,7,3200000,0,user_31,372,372,
2848,8,2600000,0,user_45,372,372,
2814,9,2400000,0,user_10,372,372,
2815,10,2400000,0,user_11,372,372,
2831,11,2400000,0,user_27,372,372,
2803,12,2399999,0,user_1,372,372,2802
2827,13,2000000,35600,user_20,372,372,
2853,14,0,0,validator_12,100,372,2827
2854,15,0,0,validator_12,100,372,2836
2836,16,2000000,14200,user_34,372,372,
2847,17,1900000,0,user_44,372,372,
2812,18,1700000,0,user_9,372,372,
2824,19,1000000,545000,user_19,372,372,
2855,20,0,0,validator_12,100,372,2824
2808,21,1400000,0,user_7,372,372,
2825,22,1400000,0,user_20,372,372,
2833,23,1400000,0,user_29,372,372,
2817,24,660000,0,user_13,372,372,
2832,25,660000,0,user_29,372,372,
2841,26,600000,49100,user_40,372,372,
2856,27,0,0,validator_12,100,372,2841
2828,28,530000,0,user_20,372,372,
2813,29,310000,0,user_9,372,372,
2818,30,300000,0,user_13,372,372,
2822,31,240000,0,user_16,372,372,
2857,32,0,0,validator_12,100,372,2804
2804,33,120000,68100,user_3,372,372,
2846,34,150000,0,user_43,372,372,
2850,35,150000,0,user_48,372,372,
2858,36,0,0,validator_12,100,372,2826
2826,37,110000,35100,user_20,372,372,
2816,38,110000,21800,user_13,372,372,
2859,39,0,0,validator_12,100,372,2816
2810,40,120000,0,user_7,372,372,
2830,41,110000,0,user_24,372,372,
2809,42,85000,5180,user_7,372,372,
2860,43,0,0,validator_12,100,372,2809
2837,44,84000,0,user_35,372,372,
2811,45,80000,0,user_7,372,372,
2819,46,77000,0,user_14,372,372,
2820,47,77000,0,user_14,372,372,
2912,0,43000000,0,user_35,373,373,
2930,1,0,0,validator_5,100,373,2929
2929,2,150000,7190000,user_49,373,373,
2917,3,6100000,0,user_40,373,373,
2878,4,5200000,0,user_6,373,373,
2876,5,5000000,0,user_5,373,373,
2921,6,5000000,0,user_45,373,373,
2885,7,3500000,0,user_12,373,373,
2904,8,2500000,0,user_26,373,373,
2900,9,2400000,5630,user_23,373,373,
2931,10,0,0,validator_5,100,373,2900
2898,11,2400000,0,user_21,373,373,
2873,12,2000000,0,user_3,373,373,
2893,13,1700000,13800,user_17,373,373,
2932,14,0,0,validator_5,100,373,2893
2918,15,1500000,0,user_41,373,373,
2933,16,0,0,validator_5,100,373,2896
2896,17,1400000,75000,user_18,373,373,
2874,18,1400000,0,user_4,373,373,
2883,19,1300000,0,user_11,373,373,
2909,20,1200000,0,user_31,373,373,
2913,21,1100000,0,user_35,373,373,
2915,22,910000,0,user_36,373,373,
2897,23,660000,0,user_20,373,373,
2889,24,650000,0,user_15,373,373,
2864,25,600000,0,user_0,373,373,
2906,26,420000,0,user_28,373,373,
2894,27,350000,33300,user_17,373,373,
2934,28,0,0,validator_5,100,373,2894
2877,29,160000,181000,user_5,373,373,
2935,30,0,0,validator_5,100,373,2877
2875,31,340000,0,user_4,373,373,
2910,32,340000,0,user_33,373,373,
2863,33,220000,0,user_0,373,373,
2891,34,220000,0,user_17,373,373,
2936,35,0,0,validator_5,100,373,2865
2865,36,160000,24700,user_0,373,373,
2937,37,0,0,validator_5,100,373,2872
2872,38,110000,64600,user_3,373,373,
2905,39,160000,12300,user_27,373,373,
2938,40,0,0,validator_5,100,373,2905
2870,41,170000,0,user_3,373,373,
2914,42,170000,0,user_36,373,373,
2868,43,160001,0,user_2,373,373,2865
2892,44,160000,0,user_17,373,373,
2899,45,160000,0,user_21,373,373,
2866,46,159999,0,user_1,373,373,2865
2867,47,159999,0,user_1,373,373,2865
2869,48,150000,0,user_3,373,373,
2890,49,150000,0,user_17,373,373,
2939,50,0,0,validator_5,100,373,2902
2902,51,120000,8520,user_24,373,373,
2940,52,0,0,validator_5,100,373,2882
2882,53,110000,15300,user_9,373,373,
2871,54,120000,0,user_3,373,373,
2901,55,98000,0,user_24,373,373,
2922,56,87000,0,user_46,373,373,
2884,57,84000,0,user_11,373,373,
2907,58,84000,0,user_29,373,373,
2923,59,83000,0,user_47,373,373,
2862,60,82000,0,user_0,373,373,
2895,61,80000,0,user_18,373,373,
2861,62,73000,0,user_0,373,373,
2903,63,73000,0,user_25,373,373,
2956,0,43000000,0,user_18,374,374,
2958,1,6100000,0,user_21,374,374,
2960,2,5200000,0,user_26,374,374,
2941,3,5000000,0,user_1,374,374,
2972,4,3500000,0,user_40,374,374,
2946,5,1700000,1100000,user_6,374,374,
2983,6,0,0,validator_5,100,374,2946
2957,7,2500000,0,user_19,374,374,
2964,8,2400000,0,user_31,374,374,
2980,9,2000000,0,user_46,374,374,
2979,10,1800000,21800,user_46,374,374,
2984,11,0,0,validator_5,100,374,2979
2955,12,1700000,0,user_16,374,374,
2985,13,0,0,validator_5,100,374,2950
2950,14,1500000,17000,user_9,374,374,
2986,15,0,0,validator_5,100,374,2943
2943,16,1500000,5180,user_2,374,374,
2962,17,1500000,0,user_28,374,374,
2970,18,1500000,0,user_38,374,374,
2945,19,1400000,0,user_5,374,374,
2982,20,1400000,0,user_49,374,374,
2974,21,1100000,0,user_42,374,374,
2987,22,0,0,validator_5,100,374,2961
2961,23,1000000,14200,user_27,374,374,
2977,24,660000,56200,user_44,374,374,
2988,25,0,0,validator_5,100,374,2977
2951,26,84000,283000,user_9,374,374,
2989,27,0,0,validator_5,100,374,2951
2944,28,300000,0,user_3,374,374,
2971,29,260000,0,user_40,374,374,
2963,30,220000,0,user_29,374,374,
2947,31,170000,0,user_6,374,374,
2959,32,170000,0,user_22,374,374,
2978,33,170000,0,user_45,374,374,
2968,34,150000,0,user_37,374,374,
2981,35,150000,0,user_47,374,374,
2942,36,120000,0,user_2,374,374,
2975,37,120000,0,user_42,374,374,
2954,38,110000,0,user_15,374,374,
2969,39,100000,0,user_38,374,374,
2973,40,83000,0,user_41,374,374,
2967,41,70000,0,user_35,374,374,
3037,0,0,0,validator_1,100,375,3000
3000,1,27000000,75000,user_11,375,375,
3019,2,27000000,23500,user_34,375,375,
3038,3,0,0,validator_1,100,375,3019
3025,4,6300000,0,user_39,375,375,
3039,5,0,0,validator_1,100,375,2998
2998,6,6100000,13900,user_9,375,375,
3026,7,5000000,15300,user_40,375,375,
3040,8,0,0,validator_1,100,375,3026
3008,9,5000000,0,user_19,375,375,
3031,10,220000,4320000,user_45,375,375,
3041,11,0,0,validator_1,100,375,3031
3029,12,4500000,0,user_43,375,375,
3018,13,3600000,0,user_33,375,375,
3027,14,2500000,13800,user_41,375,375,
3042,15,0,0,validator_1,100,375,3027
3006,16,2000000,0,user_18,375,375,
3028,17,1400000,0,user_42,375,375,
3043,18,0,0,validator_1,100,375,3014
3014,19,670000,410000,user_28,375,375,
2996,20,870000,0,user_9,375,375,
3002,21,870000,0,user_13,375,375,
3004,22,660000,0,user_15,375,375,
3015,23,470000,0,user_28,375,375,
2997,24,460000,0,user_9,375,375,
3016,25,460000,0,user_30,375,375,
3010,26,420000,0,user_23,375,375,
3024,27,310000,0,user_39,375,375,
3044,28,0,0,validator_1,100,375,2991
2991,29,240000,8520,user_4,375,375,
3045,30,0,0,validator_1,100,375,3034
3034,31,220000,12800,user_45,375,375,
3011,32,220000,0,user_24,375,375,
3033,33,220000,0,user_45,375,375,
3005,34,190000,0,user_16,375,375,
2990,35,170000,0,user_1,375,375,
2992,36,170000,0,user_5,375,375,
3035,37,170000,0,user_45,375,375,
2993,38,160000,0,user_7,375,375,
3012,39,160000,0,user_24,375,375,
3032,40,160000,0,user_45,375,375,
3036,41,160000,0,user_46,375,375,
3007,42,130000,0,user_19,375,375,
3013,43,120000,0,user_26,375,375,
3023,44,120000,0,user_38,375,375,
2999,45,110000,0,user_10,375,375,
3001,46,110000,0,user_12,375,375,
3017,47,110000,0,user_31,375,375,
2995,48,82000,0,user_8,375,375,
2994,49,73000,0,user_7,375,375,
3053,0,43000000,0,user_8,376,376,
3098,1,0,0,validator_8,100,376,3086
3086,2,6100000,215000,user_42,376,376,
3068,3,5000000,0,user_26,376,376,
3054,4,3600000,0,user_9,376,376,
3064,5,2600000,0,user_23,376,376,
3052,6,2100000,0,user_7,376,376,
3066,7,1700000,0,user_25,376,376,
3075,8,1700000,0,user_33,376,376,
3067,9,1600000,0,user_25,376,376,
3094,10,1600000,0,user_49,376,376,
3061,11,1500000,0,user_20,376,376,
3072,12,1500000,0,user_31,376,376,
3099,13,0,0,validator_8,100,376,3069
3069,14,1400000,34700,user_26,376,376,
3059,15,1400000,0,user_16,376,376,
3100,16,0,0,validator_8,100,376,3071
3071,17,630000,35100,user_30,376,376,
3046,18,660000,0,user_1,376,376,
3073,19,600000,0,user_31,376,376,
3049,20,460000,0,user_3,376,376,
3051,21,420000,0,user_7,376,376,
3080,22,420000,0,user_39,376,376,
3093,23,370000,0,user_49,376,376,
3084,24,350000,0,user_41,376,376,
3083,25,320000,0,user_41,376,376,
3085,26,310000,0,user_41,376,376,
3062,27,300000,0,user_20,376,376,
3058,28,150000,139000,user_15,376,376,
3101,29,0,0,validator_8,100,376,3058
3090,30,260000,0,user_47,376,376,
3097,31,160000,64600,user_49,376,376,
3102,32,0,0,validator_8,100,376,3097
3047,33,220000,0,user_1,376,376,
3081,34,220000,0,user_41,376,376,
3082,35,220000,0,user_41,376,376,
3095,36,220000,0,user_49,376,376,
3103,37,0,0,validator_8,100,376,3057
3057,38,170000,33100,user_12,376,376,
3088,39,170000,0,user_44,376,376,
3096,40,170000,0,user_49,376,376,
3065,41,150000,0,user_25,376,376,
3070,42,150000,0,user_27,376,376,
3092,43,130000,0,user_48,376,376,
3056,44,120000,0,user_11,376,376,
3076,45,110000,0,user_33,376,376,
3050,46,100000,0,user_4,376,376,
3063,47,85000,0,user_22,376,376,
3074,48,85000,0,user_32,376,376,
3091,49,79000,0,user_47,376,376,
3087,50,70000,0,user_44,376,376,
3134,0,5200000,0,user_28,377,377,
3137,1,5200000,0,user_32,377,377,
3106,2,5000000,0,user_2,377,377,
3135,3,4200000,0,user_31,377,377,
3152,4,3500000,0,user_44,377,377,
3117,5,3200000,0,user_12,377,377,
3126,6,2300000,68100,user_21,377,377,
3157,7,0,0,validator_13,100,377,3126
3122,8,2300000,0,user_13,377,377,
3151,9,2100000,0,user_43,377,377,
3153,10,2000000,0,user_45,377,377,
3136,11,1600000,0,user_32,377,377,
3155,12,1500000,0,user_49,377,377,
3139,13,1100000,0,user_34,377,377,
3121,14,1000000,0,user_13,377,377,
3147,15,970000,0,user_41,377,377,
3109,16,910000,0,user_5,377,377,
3114,17,660000,0,user_10,377,377,
3142,18,150000,410000,user_39,377,377,
3158,19,0,0,validator_13,100,377,3142
3141,20,530000,0,user_37,377,377,
3107,21,360000,30200,user_3,377,377,
3159,22,0,0,validator_13,100,377,3107
3123,23,370000,0,user_14,377,377,
3111,24,360000,0,user_7,377,377,
3108,25,260000,0,user_4,377,377,
3143,26,260000,0,user_39,377,377,
3156,27,260000,0,user_49,377,377,
3133,28,240000,0,user_27,377,377,
3154,29,190000,0,user_48,377,377,
3119,30,160000,0,user_13,377,377,
3138,31,150000,3130,user_33,377,377,
3160,32,0,0,validator_13,100,377,3138
3120,33,150000,0,user_13,377,377,
3150,34,130000,0,user_43,377,377,
3105,35,120000,0,user_1,377,377,
3113,36,120000,0,user_10,377,377,
3118,37,120000,0,user_13,377,377,
3125,38,120000,0,user_19,377,377,
3140,39,100000,0,user_35,377,377,
3116,40,98000,0,user_12,377,377,
3124,41,98000,0,user_14,377,377,
3146,42,87000,0,user_41,377,377,
3131,43,83000,0,user_24,377,377,
3132,44,79000,0,user_25,377,377,
3162,0,27000000,0,user_2,378,378,
3163,1,6300000,7190000,user_2,378,378,
3164,2,5200000,67500,user_4,378,378,
3186,3,5200000,0,user_26,378,378,
3188,4,5000000,67900,user_26,378,378,
3190,5,5000000,0,user_27,378,378,
3171,6,3200000,0,user_10,378,378,
3181,7,2400000,0,user_22,378,378,
3204,8,2400000,0,user_38,378,378,
3175,9,2000000,0,user_14,378,378,
3192,10,2000000,0,user_29,378,378,
3199,11,2000000,0,user_34,378,378,
3174,12,1700000,0,user_13,378,378,
3193,13,1600000,0,user_30,378,378,
3170,14,1500000,0,user_9,378,378,
3203,15,1500000,0,user_37,378,378,
3198,16,1400000,0,user_34,378,378,
3168,17,1000000,0,user_8,378,378,
3178,18,970000,71800,user_17,378,378,
3191,19,660000,0,user_29,378,378,
3166,20,630000,0,user_6,378,378,
3210,21,600000,0,user_41,378,378,
3167,22,530000,0,user_7,378,378,
3195,23,530000,0,user_32,378,378,
3201,24,530000,0,user_35,378,378,
3189,25,470000,0,user_26,378,378,
3202,26,460000,0,user_36,378,378,
3187,27,310000,0,user_26,378,378,
3213,28,310000,0,user_43,378,378,
3176,29,300000,0,user_16,378,378,
3218,30,260000,0,user_48,378,378,
3177,31,220000,0,user_16,378,378,
3179,32,190000,0,user_19,378,378,
3185,33,190000,0,user_25,378,378,
3161,34,100000,0,user_0,378,378,
3180,35,84000,0,user_21,378,378,
3165,36,83000,0,user_5,378,378,
3200,37,82000,0,user_34,378,378,
3182,38,73000,0,user_23,378,378,
3169,39,70000,0,user_8,378,378,
3234,0,6100000,0,user_16,379,379,
3245,1,5000000,0,user_39,379,379,
3241,2,4200000,0,user_28,379,379,
3223,3,3600000,0,user_5,379,379,
3230,4,2400000,67500,user_14,379,379,
3233,5,2300000,0,user_15,379,379,
3258,6,2300000,0,user_49,379,379,
3249,7,2000000,0,user_41,379,379,
3246,8,1500000,32900,user_39,379,379,
3226,9,1400000,0,user_9,379,379,
3232,10,1400000,0,user_15,379,379,
3235,11,1300000,33300,user_17,379,379,
3244,12,1100000,0,user_36,379,379,
3227,13,910000,0,user_10,379,379,
3238,14,670000,0,user_21,379,379,
3251,15,660000,0,user_43,379,379,
3247,16,530000,0,user_40,379,379,
3236,17,360000,0,user_18,379,379,
3219,18,310000,0,user_0,379,379,
3250,19,300000,0,user_41,379,379,
3237,20,150000,0,user_20,379,379,
3240,21,150000,0,user_24,379,379,
3231,22,120000,0,user_14,379,379,
3252,23,120000,49100,user_45,379,379,
3253,24,120000,0,user_46,379,379,
3254,25,120000,0,user_47,379,379,
3256,26,110000,0,user_49,379,379,
3222,27,98000,0,user_4,379,379,
3228,28,98000,0,user_10,379,379,
3248,29,98000,0,user_41,379,379,
3257,30,73000,0,user_49,379,379,
3281,0,30000000,0,user_21,380,380,
3283,1,6300000,161000,user_25,380,380,
3302,2,0,0,validator_2,100,380,3283
3279,3,4500000,0,user_18,380,380,
3301,4,4200000,0,user_45,380,380,
3266,5,3600000,0,user_7,380,380,
3286,6,2000000,0,user_29,380,380,
3284,7,1900000,0,user_26,380,380,
3303,8,0,0,validator_2,100,380,3260
3260,9,1600000,195000,user_3,380,380,
3293,10,1600000,0,user_39,380,380,
3304,11,0,0,validator_2,100,380,3300
3300,12,1500000,68100,user_44,380,380,
3276,13,1500000,0,user_16,380,380,
3296,14,1200000,0,user_42,380,380,
3288,15,1100000,0,user_33,380,380,
3294,16,870000,0,user_39,380,380,
3287,17,670000,67900,user_32,380,380,
3305,18,0,0,validator_2,100,380,3287
3306,19,0,0,validator_2,100,380,3289
3289,20,460000,128000,user_35,380,380,
3267,21,460000,0,user_9,380,380,
3285,22,420000,0,user_27,380,380,
3265,23,360000,0,user_7,380,380,
3275,24,350000,0,user_16,380,380,
3299,25,260000,39400,user_44,380,380,
3307,26,0,0,validator_2,100,380,3299
3308,27,0,0,validator_2,100,380,3278
3278,28,260000,35600,user_18,380,380,
3263,29,260000,0,user_7,380,380,
3277,30,220000,0,user_17,380,380,
3309,31,0,0,validator_2,100,380,3262
3262,32,170000,17000,user_6,380,380,
3272,33,170000,0,user_14,380,380,
3268,34,150000,0,user_11,380,380,
3295,35,150000,0,user_41,380,380,
3264,36,120000,0,user_7,380,380,
3290,37,120000,0,user_35,380,380,
3310,38,0,0,validator_2,100,380,3261
3261,39,110000,5630,user_4,380,380,
3269,40,110000,0,user_12,380,380,
3270,41,80000,15300,user_12,380,380,
3311,42,0,0,validator_2,100,380,3270
3320,0,30000000,0,user_9,381,381,
3357,1,30000000,0,user_38,381,381,
3365,2,6300000,0,user_48,381,381,
3313,3,6100000,410000,user_4,381,381,
3337,4,5000000,0,user_23,381,381,
3356,5,5000000,0,user_37,381,381,
3332,6,4200000,0,user_22,381,381,
3331,7,3500000,64600,user_20,381,381,
3348,8,3200000,68100,user_31,381,381,
3323,9,2600000,0,user_17,381,381,
3338,10,2600000,0,user_23,381,381,
3330,11,2400000,0,user_19,381,381,
3351,12,2400000,0,user_34,381,381,
3326,13,2100000,0,user_19,381,381,
3350,14,2000000,23500,user_33,381,381,
3364,15,1800000,0,user_47,381,381,
3324,16,1500000,369000,user_18,381,381,
3342,17,1500000,0,user_26,381,381,
3349,18,1500000,0,user_31,381,381,
3335,19,1400000,0,user_22,381,381,
3315,20,1100000,0,user_4,381,381,
3317,21,1100000,0,user_6,381,381,
3359,22,1000000,42000,user_43,381,381,
3361,23,1000000,49100,user_45,381,381,
3362,24,1000000,0,user_46,381,381,
3329,25,970000,0,user_19,381,381,
3363,26,970000,0,user_47,381,381,
3344,27,630000,0,user_29,381,381,
3328,28,460000,0,user_19,381,381,
3333,29,460000,0,user_22,381,381,
3318,30,420000,0,user_7,381,381,
3354,31,420000,0,user_36,381,381,
3325,32,310000,0,user_18,381,381,
3339,33,310000,0,user_23,381,381,
3319,34,300000,0,user_8,381,381,
3321,35,300000,0,user_10,381,381,
3343,36,260000,0,user_29,381,381,
3327,37,170000,56200,user_19,381,381,
3334,38,160000,43600,user_22,381,381,
3336,39,150000,0,user_22,381,381,
3353,40,150000,0,user_35,381,381,
3312,41,120000,0,user_3,381,381,
3352,42,110000,0,user_35,381,381,
3314,43,98000,0,user_4,381,381,
3345,44,87000,0,user_29,381,381,
3360,45,85000,0,user_44,381,381,
3355,46,84000,0,user_37,381,381,
3322,47,82000,0,user_15,381,381,
3397,0,43000000,0,user_33,382,382,
3400,1,30000000,0,user_35,382,382,
3399,2,27000000,23500,user_35,382,382,
3413,3,0,0,validator_2,100,382,3399
3414,4,0,0,validator_2,100,382,3378
3378,5,6100000,14200,user_18,382,382,
3389,6,5200000,71800,user_27,382,382,
3415,7,0,0,validator_2,100,382,3389
3416,8,0,0,validator_2,100,382,3377
3377,9,3200000,410000,user_17,382,382,
3417,10,0,0,validator_2,100,382,3395
3395,11,3500000,31700,user_32,382,382,
3371,12,3500000,0,user_6,382,382,
3388,13,3500000,0,user_27,382,382,
3408,14,2400000,0,user_46,382,382,
3394,15,1500000,0,user_30,382,382,
3384,16,1300000,0,user_25,382,382,
3391,17,1200000,0,user_28,382,382,
3393,18,870000,0,user_29,382,382,
3373,19,660000,0,user_14,382,382,
3396,20,660000,0,user_32,382,382,
3383,21,470000,42000,user_23,382,382,
3418,22,0,0,validator_2,100,382,3383
3419,23,0,0,validator_2,100,382,3392
3392,24,77000,296000,user_29,382,382,
3410,25,360000,0,user_46,382,382,
3385,26,350000,0,user_27,382,382,
3379,27,340000,0,user_20,382,382,
3398,28,260000,0,user_34,382,382,
3412,29,130000,75000,user_49,382,382,
3420,30,0,0,validator_2,100,382,3412
3380,31,170000,0,user_20,382,382,
3370,32,160000,0,user_5,382,382,
3376,33,120000,33300,user_17,382,382,
3421,34,0,0,validator_2,100,382,3376
3387,35,150000,0,user_27,382,382,
3369,36,110000,0,user_3,382,382,
3390,37,98000,0,user_28,382,382,
3409,38,85000,0,user_46,382,382,
3381,39,83000,0,user_20,382,382,
3386,40,83000,0,user_27,382,382,
3382,41,79000,0,user_21,382,382,
3406,42,70000,0,user_38,382,382,
3368,43,69999,0,user_2,382,382,3366
3473,0,0,0,validator_2,100,383,3463
3463,1,43000000,7840,user_41,383,383,
3436,2,27000000,0,user_10,383,383,
3450,3,27000000,0,user_28,383,383,
3474,4,0,0,validator_2,100,383,3467
3467,5,160000,17700000,user_45,383,383,
3439,6,120000,17700000,user_11,383,383,
3475,7,0,0,validator_2,100,383,3439
3461,8,6300000,161000,user_39,383,383,
3476,9,0,0,validator_2,100,383,3461
3432,10,5000000,0,user_6,383,383,
3444,11,4500000,0,user_22,383,383,
3430,12,2600000,0,user_5,383,383,
3468,13,2600000,0,user_45,383,383,
3460,14,2000000,0,user_38,383,383,
3446,15,1700000,30200,user_25,383,383,
3477,16,0,0,validator_2,100,383,3446
3437,17,1600000,0,user_10,383,383,
3440,18,1400000,146000,user_14,383,383,
3478,19,0,0,validator_2,100,383,3440
3449,20,1400000,71800,user_27,383,383,
3479,21,0,0,validator_2,100,383,3449
3454,22,1200000,0,user_34,383,383,
3480,23,0,0,validator_2,100,383,3448
3448,24,1100000,36800,user_26,383,383,
3459,25,130000,779000,user_38,383,383,
3481,26,0,0,validator_2,100,383,3459
3431,27,170000,594000,user_5,383,383,
3482,28,0,0,validator_2,100,383,3431
3425,29,630001,0,user_2,383,383,3424
3453,30,470000,0,user_32,383,383,
3435,31,370000,0,user_9,383,383,
3469,32,320000,0,user_46,383,383,
3464,33,310000,0,user_42,383,383,
3429,34,220000,0,user_4,383,383,
3433,35,220000,0,user_7,383,383,
3447,36,220000,0,user_26,383,383,
3438,37,160000,0,user_10,383,383,
3443,38,160000,0,user_21,383,383,
3452,39,120000,0,user_32,383,383,
3455,40,120000,0,user_35,383,383,
3428,41,110000,0,user_3,383,383,
3472,42,110000,0,user_49,383,383,
3426,43,87000,0,user_3,383,383,
3462,44,85000,0,user_40,383,383,
3427,45,84000,0,user_3,383,383,
3471,46,83000,0,user_48,383,383,
3451,47,77000,0,user_29,383,383,
3442,48,73000,0,user_21,383,383,
3530,0,43000000,0,user_43,384,384,
3521,1,30000000,0,user_33,384,384,
3500,2,19000000,0,user_15,384,384,
3504,3,19000000,0,user_17,384,384,
3512,4,6100000,0,user_20,384,384,
3485,5,5000000,0,user_4,384,384,
3494,6,4500000,75000,user_13,384,384,
3484,7,2600000,0,user_3,384,384,
3523,8,2400000,0,user_35,384,384,
3506,9,2300000,0,user_18,384,384,
3524,10,2000000,0,user_35,384,384,
3531,11,1700000,0,user_45,384,384,
3487,12,1500000,31700,user_8,384,384,
3508,13,1300000,0,user_18,384,384,
3516,14,1200000,68100,user_26,384,384,
3505,15,1100000,0,user_17,384,384,
3515,16,1100000,24700,user_25,384,384,
3527,17,1100000,0,user_37,384,384,
3497,18,1000000,39400,user_14,384,384,
3528,19,1000000,0,user_41,384,384,
3520,20,970000,0,user_33,384,384,
3489,21,910000,0,user_10,384,384,
3533,22,670000,0,user_46,384,384,
3486,23,630000,0,user_7,384,384,
3522,24,530000,13800,user_34,384,384,
3525,25,460000,0,user_36,384,384,
3496,26,420000,0,user_14,384,384,
3498,27,420000,0,user_15,384,384,
3488,28,340000,0,user_10,384,384,
3483,29,320000,0,user_0,384,384,
3511,30,260000,0,user_19,384,384,
3510,31,170000,0,user_18,384,384,
3534,32,170000,0,user_48,384,384,
3499,33,150000,13800,user_15,384,384,
3529,34,150000,0,user_43,384,384,
3532,35,150000,7840,user_46,384,384,
3495,36,120000,0,user_14,384,384,
3519,37,120000,0,user_31,384,384,
3501,38,110000,0,user_15,384,384,
3507,39,110000,0,user_18,384,384,
3509,40,110000,13800,user_18,384,384,
3514,41,110000,155000,user_25,384,384,
3526,42,98000,0,user_37,384,384,
3577,0,43000000,0,user_41,385,385,
3581,1,43000000,0,user_44,385,385,
3571,2,5200000,100000,user_33,385,385,
3586,3,0,0,validator_4,100,385,3571
3583,4,3600000,0,user_46,385,385,
3580,5,3200000,0,user_43,385,385,
3553,6,2400000,0,user_14,385,385,
3587,7,0,0,validator_4,100,385,3556
3556,8,1400000,769000,user_18,385,385,
3543,9,2100000,0,user_5,385,385,
3567,10,2100000,0,user_29,385,385,
3588,11,0,0,validator_4,100,385,3539
3539,12,2000000,35100,user_1,385,385,
3546,13,1900000,0,user_8,385,385,
3558,14,1600000,0,user_18,385,385,
3559,15,1600000,0,user_19,385,385,
3589,16,0,0,validator_4,100,385,3560
3560,17,1500000,60700,user_21,385,385,
3582,18,1500000,33300,user_45,385,385,
3590,19,0,0,validator_4,100,385,3582
3538,20,1300000,0,user_1,385,385,
3572,21,1100000,0,user_34,385,385,
3575,22,1100000,0,user_39,385,385,
3551,23,1000000,0,user_13,385,385,
3578,24,910000,0,user_42,385,385,
3561,25,870000,0,user_23,385,385,
3541,26,670000,0,user_4,385,385,
3547,27,660000,0,user_10,385,385,
3565,28,350000,34700,user_25,385,385,
3591,29,0,0,validator_4,100,385,3565
3537,30,360000,0,user_0,385,385,
3584,31,340000,0,user_47,385,385,
3554,32,320000,0,user_17,385,385,
3555,33,220000,0,user_18,385,385,
3562,34,170000,0,user_23,385,385,
3579,35,98000,71800,user_42,385,385,
3592,36,0,0,validator_4,100,385,3579
3564,37,160000,0,user_25,385,385,
3545,38,150000,0,user_6,385,385,
3552,39,150000,0,user_14,385,385,
3557,40,150000,0,user_18,385,385,
3544,41,120000,0,user_6,385,385,
3568,42,120000,0,user_30,385,385,
3563,43,110000,0,user_24,385,385,
3576,44,110000,0,user_40,385,385,
3566,45,100000,0,user_27,385,385,
3542,46,83000,0,user_5,385,385,
3585,47,83000,0,user_49,385,385,
3573,48,80000,0,user_35,385,385,
3600,0,30000000,0,user_5,386,386,
3646,1,19000000,0,user_42,386,386,
3613,2,3600000,0,user_17,386,386,
3597,3,3500000,0,user_5,386,386,
3621,4,3500000,17000,user_24,386,386,
3624,5,3200000,0,user_30,386,386,
3639,6,2600000,0,user_38,386,386,
3640,7,2300000,0,user_39,386,386,
3651,8,2100000,0,user_49,386,386,
3612,9,2000000,0,user_14,386,386,
3616,10,2000000,0,user_19,386,386,
3633,11,1800000,0,user_36,386,386,
3615,12,1600000,195000,user_18,386,386,
3642,13,1600000,0,user_42,386,386,
3607,14,1500000,0,user_11,386,386,
3645,15,1500000,0,user_42,386,386,
3623,16,1400000,0,user_29,386,386,
3632,17,1300000,68100,user_36,386,386,
3594,18,1000000,0,user_2,386,386,
3608,19,1000000,0,user_11,386,386,
3641,20,1000000,0,user_41,386,386,
3598,21,630000,0,user_5,386,386,
3643,22,530000,0,user_42,386,386,
3602,23,420000,0,user_8,386,386,
3603,24,420000,0,user_8,386,386,
3644,25,420000,33100,user_42,386,386,
3631,26,220000,0,user_36,386,386,
3638,27,220000,0,user_38,386,386,
3648,28,220000,0,user_45,386,386,
3634,29,190000,0,user_36,386,386,
3610,30,170000,0,user_12,386,386,
3614,31,170000,0,user_18,386,386,
3635,32,170000,350000,user_37,386,386,
3636,33,170000,0,user_38,386,386,
3606,34,160000,0,user_10,386,386,
3596,35,150000,0,user_5,386,386,
3649,36,150000,0,user_47,386,386,
3617,37,120000,0,user_20,386,386,
3605,38,110000,0,user_10,386,386,
3618,39,110000,0,user_22,386,386,
3620,40,110000,0,user_24,386,386,
3622,41,110000,0,user_28,386,386,
3647,42,85000,0,user_43,386,386,
3637,43,84000,84800,user_38,386,386,
3604,44,79000,0,user_9,386,386,
3609,45,79000,0,user_11,386,386,
3599,46,77000,0,user_5,386,386,
3698,0,43000000,0,user_47,387,387,
3686,1,27000000,0,user_36,387,387,
3672,2,82000,7190000,user_20,387,387,
3701,3,0,0,validator_10,100,387,3672
3670,4,6300000,0,user_20,387,387,
3659,5,5000000,0,user_7,387,387,
3689,6,2500000,0,user_39,387,387,
3664,7,2400000,0,user_16,387,387,
3668,8,2300000,0,user_20,387,387,
3658,9,2000000,0,user_6,387,387,
3679,10,2000000,0,user_27,387,387,
3691,11,2000000,0,user_40,387,387,
3702,12,0,0,validator_10,100,387,3674
3674,13,1800000,139000,user_24,387,387,
3667,14,1700000,0,user_19,387,387,
3699,15,1100000,0,user_48,387,387,
3688,16,600000,0,user_38,387,387,
3663,17,460000,0,user_15,387,387,
3677,18,460000,0,user_27,387,387,
3692,19,460000,0,user_42,387,387,
3694,20,460000,0,user_44,387,387,
3703,21,0,0,validator_10,100,387,3652
3652,22,350000,12300,user_1,387,387,
3654,23,350001,0,user_2,387,387,3652
3660,24,350000,0,user_8,387,387,
3653,25,349999,0,user_2,387,387,3652
3671,26,340000,0,user_20,387,387,
3687,27,340000,0,user_36,387,387,
3665,28,260000,0,user_17,387,387,
3693,29,83000,146000,user_43,387,387,
3704,30,0,0,validator_10,100,387,3693
3662,31,220000,0,user_14,387,387,
3678,32,220000,0,user_27,387,387,
3690,33,220000,0,user_39,387,387,
3685,34,150000,42000,user_33,387,387,
3705,35,0,0,validator_10,100,387,3685
3700,36,190000,0,user_48,387,387,
3680,37,160000,0,user_27,387,387,
3673,38,150000,0,user_23,387,387,
3683,39,150000,0,user_30,387,387,
3666,40,120000,0,user_19,387,387,
3684,41,87000,0,user_31,387,387,
3655,42,84000,0,user_3,387,387,
3669,43,80000,0,user_20,387,387,
3675,44,77000,0,user_25,387,387,
3718,0,43000000,0,user_15,388,388,
3720,1,19000000,0,user_16,388,388,
3741,2,0,0,validator_10,100,388,3721
3721,3,3600000,66100,user_17,388,388,
3726,4,3500000,0,user_33,388,388,
3711,5,2400000,0,user_5,388,388,
3712,6,1800000,0,user_5,388,388,
3733,7,1700000,0,user_41,388,388,
3732,8,1600000,0,user_39,388,388,
3714,9,1500000,0,user_8,388,388,
3723,10,1500000,0,user_25,388,388,
3717,11,1200000,0,user_11,388,388,
3729,12,1000000,0,user_36,388,388,
3740,13,1000000,0,user_49,388,388,
3709,14,470000,0,user_5,388,388,
3719,15,460000,0,user_16,388,388,
3713,16,360000,0,user_6,388,388,
3742,17,0,0,validator_10,100,388,3738
3738,18,320000,30200,user_47,388,388,
3735,19,320000,0,user_43,388,388,
3706,20,310000,0,user_2,388,388,
3725,21,260000,0,user_31,388,388,
3743,22,0,0,validator_10,100,388,3727
3727,23,87000,100000,user_34,388,388,
3728,24,160000,0,user_35,388,388,
3730,25,160000,0,user_37,388,388,
3708,26,150000,0,user_3,388,388,
3710,27,150000,0,user_5,388,388,
3722,28,130000,0,user_20,388,388,
3744,29,0,0,validator_10,100,388,3707
3707,30,110000,13900,user_2,388,388,
3739,31,120000,0,user_48,388,388,
3734,32,110000,0,user_43,388,388,
3736,33,84000,0,user_45,388,388,
3731,34,80000,0,user_39,388,388,
3787,0,6300000,4320000,user_34,389,389,
3759,1,5000000,0,user_12,389,389,
3749,2,3500000,60700,user_3,389,389,
3782,3,3500000,0,user_32,389,389,
3752,4,2600000,0,user_6,389,389,
3768,5,2600000,0,user_20,389,389,
3786,6,2300000,0,user_34,389,389,
3758,7,2100000,0,user_11,389,389,
3763,8,2000000,0,user_17,389,389,
3772,9,2000000,0,user_22,389,389,
3790,10,1500000,0,user_36,389,389,
3793,11,1500000,0,user_40,389,389,
3795,12,1300000,0,user_41,389,389,
3764,13,1200000,0,user_18,389,389,
3792,14,1200000,0,user_39,389,389,
3796,15,1000000,0,user_46,389,389,
3770,16,910000,0,user_22,389,389,
3756,17,870000,0,user_9,389,389,
3762,18,660000,0,user_16,389,389,
3746,19,600000,350000,user_1,389,389,
3747,20,599999,0,user_1,389,389,3746
3748,21,599999,0,user_2,389,389,3746
3781,22,530000,0,user_32,389,389,
3765,23,460000,0,user_18,389,389,
3774,24,360000,0,user_24,389,389,
3794,25,310000,0,user_40,389,389,
3745,26,240000,0,user_0,389,389,
3757,27,220000,779000,user_11,389,389,
3799,28,220000,33300,user_49,389,389,
3760,29,190000,0,user_14,389,389,
3784,30,190000,0,user_33,389,389,
3761,31,170000,0,user_15,389,389,
3785,32,170000,15100,user_34,389,389,
3775,33,160000,0,user_26,389,389,
3776,34,150000,0,user_28,389,389,
3779,35,150000,0,user_30,389,389,
3753,36,130000,5640,user_7,389,389,
3750,37,120000,0,user_4,389,389,
3783,38,110000,0,user_33,389,389,
3771,39,87000,0,user_22,389,389,
3791,40,85000,0,user_39,389,389,
3769,41,77000,0,user_20,389,389,
3810,0,43000000,0,user_10,390,390,
3834,1,4200000,0,user_31,390,390,
3849,2,4200000,0,user_47,390,390,
3852,3,0,0,validator_1,100,390,3813
3813,4,2000000,14200,user_13,390,390,
3808,5,2000000,0,user_7,390,390,
3836,6,2000000,0,user_34,390,390,
3828,7,1900000,0,user_25,390,390,
3824,8,1800000,0,user_19,390,390,
3835,9,1400000,0,user_33,390,390,
3853,10,0,0,validator_1,100,390,3840
3840,11,650000,139000,user_39,390,390,
3839,12,650000,0,user_38,390,390,
3825,13,420000,39400,user_20,390,390,
3854,14,0,0,validator_1,100,390,3825
3802,15,420000,0,user_1,390,390,
3841,16,420000,0,user_40,390,390,
3807,17,220000,0,user_7,390,390,
3829,18,220000,0,user_26,390,390,
3832,19,220000,0,user_29,390,390,
3848,20,220000,0,user_46,390,390,
3830,21,190000,0,user_27,390,390,
3846,22,150000,0,user_46,390,390,
3801,23,130000,0,user_0,390,390,
3809,24,130000,0,user_9,390,390,
3811,25,120000,0,user_10,390,390,
3812,26,120000,0,user_11,390,390,
3842,27,120000,0,user_43,390,390,
3847,28,120000,0,user_46,390,390,
3855,29,0,0,validator_1,100,390,3815
3815,30,80000,39400,user_15,390,390,
3856,31,0,0,validator_1,100,390,3845
3845,32,70000,49100,user_46,390,390,
3826,33,110000,0,user_21,390,390,
3857,34,0,0,validator_1,100,390,3816
3816,35,84000,19700,user_16,390,390,
3851,36,100000,0,user_49,390,390,
3823,37,83000,0,user_19,390,390,
3822,38,79000,0,user_19,390,390,
3833,39,77000,0,user_29,390,390,
3844,40,77000,0,user_46,390,390,
3800,41,70000,0,user_0,390,390,
3831,42,70000,0,user_28,390,390,
3850,43,70000,0,user_48,390,390,
3877,0,43000000,0,user_19,391,391,
3887,1,27000000,0,user_26,391,391,
3891,2,27000000,0,user_30,391,391,
3866,3,6100000,0,user_9,391,391,
3868,4,5200000,43600,user_10,391,391,
3861,5,4200000,0,user_6,391,391,
3905,6,3200000,0,user_49,391,391,
3897,7,2100000,0,user_39,391,391,
3876,8,1600000,0,user_19,391,391,
3889,9,1600000,0,user_28,391,391,
3888,10,1500000,0,user_27,391,391,
3895,11,1500000,0,user_38,391,391,
3881,12,1300000,0,user_21,391,391,
3870,13,1200000,0,user_13,391,391,
3890,14,1000000,0,user_29,391,391,
3858,15,970000,0,user_2,391,391,
3859,16,970000,0,user_5,391,391,
3882,17,970000,0,user_23,391,391,
3883,18,910000,42000,user_23,391,391,
3878,19,870000,121000,user_19,391,391,
3904,20,870000,7190000,user_49,391,391,
3880,21,670000,0,user_20,391,391,
3906,22,650000,0,user_49,391,391,
3886,23,530000,0,user_25,391,391,
3871,24,460000,0,user_13,391,391,
3875,25,460000,0,user_19,391,391,
3903,26,420000,0,user_49,391,391,
3898,27,340000,0,user_41,391,391,
3885,28,310000,959000,user_25,391,391,
3900,29,220000,0,user_43,391,391,
3872,30,170000,0,user_16,391,391,
3863,31,150000,19700,user_8,391,391,
3879,32,130000,0,user_19,391,391,
3894,33,120000,0,user_34,391,391,
3862,34,110000,0,user_7,391,391,
3864,35,110000,23500,user_9,391,391,
3865,36,110000,0,user_9,391,391,
3896,37,110000,0,user_39,391,391,
3860,38,98000,0,user_5,391,391,
3867,39,80000,10700,user_10,391,391,
3912,0,43000000,0,user_3,392,392,
3949,1,43000000,0,user_39,392,392,
3964,2,0,0,validator_12,100,392,3918
3918,3,27000000,49100,user_10,392,392,
3927,4,19000000,0,user_19,392,392,
3920,5,2600000,31700,user_12,392,392,
3965,6,0,0,validator_12,100,392,3920
3932,7,2400000,0,user_23,392,392,
3925,8,2300000,0,user_17,392,392,
3966,9,0,0,validator_12,100,392,3942
3942,10,1700000,24700,user_33,392,392,
3944,11,1600000,0,user_35,392,392,
3923,12,1500000,0,user_15,392,392,
3919,13,1400000,0,user_11,392,392,
3922,14,1400000,0,user_14,392,392,
3959,15,1000000,0,user_45,392,392,
3954,16,970000,0,user_40,392,392,
3939,17,910000,0,user_30,392,392,
3967,18,0,0,validator_12,100,392,3940
3940,19,870000,15700,user_30,392,392,
3958,20,870000,0,user_44,392,392,
3941,21,240000,594000,user_32,392,392,
3968,22,0,0,validator_12,100,392,3941
3961,23,630000,0,user_46,392,392,
3930,24,240000,283000,user_22,392,392,
3969,25,0,0,validator_12,100,392,3930
3970,26,0,0,validator_12,100,392,3933
3933,27,150000,296000,user_24,392,392,
3931,28,420000,0,user_22,392,392,
3916,29,110000,296000,user_7,392,392,
3971,30,0,0,validator_12,100,392,3916
3952,31,370000,0,user_39,392,392,
3972,32,0,0,validator_12,100,392,3951
3951,33,150000,128000,user_39,392,392,
3945,34,260000,0,user_35,392,392,
3973,35,0,0,validator_12,100,392,3953
3953,36,190000,67900,user_40,392,392,
3934,37,170000,16400,user_25,392,392,
3974,38,0,0,validator_12,100,392,3934
3909,39,160000,0,user_2,392,392,
3910,40,160000,0,user_3,392,392,
3908,41,150000,0,user_2,392,392,
3963,42,80000,64600,user_49,392,392,
3975,43,0,0,validator_12,100,392,3963
3976,44,0,0,validator_12,100,392,3957
3957,45,120000,15300,user_43,392,392,
3921,46,120000,0,user_14,392,392,
3943,47,120000,0,user_34,392,392,
3946,48,120000,0,user_36,392,392,
3948,49,120000,0,user_39,392,392,
3924,50,110000,0,user_15,392,392,
3950,51,98000,0,user_39,392,392,
3913,52,87000,0,user_4,392,392,
3960,53,87000,0,user_45,392,392,
3917,54,83000,0,user_9,392,392,
3911,55,79000,0,user_3,392,392,
4036,0,0,0,validator_1,100,393,3989
3989,1,43000000,17700000,user_11,393,393,
3977,2,6300000,0,user_0,393,393,
3986,3,6300000,0,user_10,393,393,
4006,4,5200000,0,user_25,393,393,
4004,5,5000000,0,user_23,393,393,
4008,6,5000000,0,user_28,393,393,
3984,7,3500000,0,user_9,393,393,
4030,8,3200000,0,user_45,393,393,
4017,9,2300000,0,user_38,393,393,
3979,10,2100000,36800,user_1,393,393,
4037,11,0,0,validator_1,100,393,3979
4011,12,2000000,0,user_36,393,393,
4028,13,2000000,0,user_45,393,393,
4038,14,0,0,validator_1,100,393,3999
3999,15,1800000,12300,user_20,393,393,
4010,16,1700000,60700,user_34,393,393,
4039,17,0,0,validator_1,100,393,4010
3978,18,1400000,0,user_1,393,393,
4012,19,1300000,0,user_36,393,393,
4025,20,1300000,0,user_43,393,393,
3990,21,1200000,0,user_11,393,393,
3996,22,1200000,0,user_16,393,393,
4022,23,1200000,0,user_41,393,393,
4034,24,910000,0,user_48,393,393,
4033,25,870000,0,user_47,393,393,
4040,26,0,0,validator_1,100,393,4032
4032,27,85000,779000,user_47,393,393,
4009,28,670000,0,user_32,393,393,
3982,29,650000,0,user_4,393,393,
4000,30,650000,0,user_21,393,393,
4035,31,630000,0,user_49,393,393,
4019,32,470000,0,user_40,393,393,
4018,33,420000,0,user_40,393,393,
4007,34,370000,0,user_26,393,393,
4023,35,360000,0,user_41,393,393,
3987,36,300000,0,user_10,393,393,
3992,37,260000,0,user_11,393,393,
3998,38,240000,6390,user_18,393,393,
4041,39,0,0,validator_1,100,393,3998
3988,40,220000,0,user_11,393,393,
4020,41,220000,0,user_41,393,393,
3995,42,120000,73100,user_15,393,393,
4042,43,0,0,validator_1,100,393,3995
3993,44,170000,0,user_12,393,393,
4043,45,0,0,validator_1,100,393,4003
4003,46,120000,13800,user_23,393,393,
4005,47,120000,0,user_24,393,393,
3985,48,110000,0,user_10,393,393,
3991,49,110000,0,user_11,393,393,
4027,50,110000,0,user_45,393,393,
3994,51,87000,0,user_15,393,393,
4029,52,83000,0,user_45,393,393,
4031,53,82000,0,user_45,393,393,
4021,54,80000,0,user_41,393,393,
4024,55,73000,0,user_42,393,393,
4102,0,43000000,0,user_45,394,394,
4080,1,6300000,164000,user_31,394,394,
4109,2,0,0,validator_2,100,394,4080
4074,3,6100000,0,user_28,394,394,
4096,4,5200000,0,user_41,394,394,
4073,5,3200000,0,user_27,394,394,
4054,6,2500000,0,user_3,394,394,
4083,7,2300000,0,user_31,394,394,
4093,8,2100000,0,user_40,394,394,
4076,9,2000000,0,user_30,394,394,
4086,10,2000000,0,user_33,394,394,
4053,11,1800000,0,user_3,394,394,
4065,12,1800000,0,user_17,394,394,
4081,13,1800000,0,user_31,394,394,
4082,14,1500000,0,user_31,394,394,
4052,15,1499999,0,user_2,394,394,4048
4061,16,1300000,0,user_9,394,394,
4067,17,1300000,0,user_22,394,394,
4077,18,1300000,0,user_30,394,394,
4078,19,1100000,0,user_30,394,394,
4094,20,1100000,0,user_41,394,394,
4066,21,1000000,0,user_21,394,394,
4108,22,1000000,0,user_49,394,394,
4068,23,910000,0,user_22,394,394,
4069,24,910000,0,user_23,394,394,
4104,25,910000,0,user_48,394,394,
4063,26,870000,0,user_11,394,394,
4106,27,660000,0,user_49,394,394,
4098,28,630000,0,user_42,394,394,
4079,29,600000,0,user_30,394,394,
4110,30,0,0,validator_2,100,394,4059
4059,31,530000,60700,user_7,394,394,
4111,32,0,0,validator_2,100,394,4105
4105,33,370000,215000,user_49,394,394,
4101,34,350000,0,user_44,394,394,
4057,35,310000,0,user_6,394,394,
4097,36,310000,0,user_41,394,394,
4112,37,0,0,validator_2,100,394,4075
4075,38,190000,34700,user_29,394,394,
4085,39,220000,0,user_32,394,394,
4092,40,220000,0,user_39,394,394,
4113,41,0,0,validator_2,100,394,4107
4107,42,130000,60700,user_49,394,394,
4084,43,190000,0,user_31,394,394,
4056,44,160000,0,user_5,394,394,
4062,45,150000,0,user_10,394,394,
4070,46,150000,0,user_23,394,394,
4114,47,0,0,validator_2,100,394,4058
4058,48,79000,66100,user_7,394,394,
4072,49,110000,0,user_26,394,394,
4115,50,0,0,validator_2,100,394,4091
4091,51,84000,19700,user_39,394,394,
4055,52,83000,0,user_4,394,394,
4095,53,82000,0,user_41,394,394,
4159,0,30000000,0,user_36,395,395,
4149,1,27000000,0,user_30,395,395,
4163,2,27000000,0,user_40,395,395,
4133,3,5000000,0,user_19,395,395,
4166,4,4500000,0,user_42,395,395,
4147,5,3600000,0,user_24,395,395,
4142,6,3500000,0,user_20,395,395,
4151,7,2000000,410000,user_31,395,395,
4171,8,0,0,validator_1,100,395,4151
4137,9,2400000,0,user_19,395,395,
4129,10,2000000,0,user_13,395,395,
4169,11,2000000,0,user_48,395,395,
4170,12,2000000,0,user_49,395,395,
4172,13,0,0,validator_1,100,395,4152
4152,14,1600000,296000,user_31,395,395,
4165,15,1700000,0,user_42,395,395,
4173,16,0,0,validator_1,100,395,4132
4132,17,1300000,128000,user_18,395,395,
4155,18,1400000,0,user_32,395,395,
4126,19,1200000,0,user_9,395,395,
4145,20,1100000,0,user_23,395,395,
4167,21,1100000,0,user_45,395,395,
4174,22,0,0,validator_1,100,395,4116
4116,23,670000,56200,user_0,395,395,
4117,24,670001,0,user_1,395,395,4116
4118,25,670001,0,user_1,395,395,4116
4168,26,600000,0,user_48,395,395,
4175,27,0,0,validator_1,100,395,4135
4135,28,460000,36800,user_19,395,395,
4176,29,0,0,validator_1,100,395,4161
4161,30,340000,139000,user_38,395,395,
4140,31,470000,0,user_20,395,395,
4157,32,470000,0,user_33,395,395,
4177,33,0,0,validator_1,100,395,4146
4146,34,320000,139000,user_24,395,395,
4158,35,340000,31700,user_34,395,395,
4178,36,0,0,validator_1,100,395,4158
4125,37,370000,0,user_8,395,395,
4130,38,220000,0,user_15,395,395,
4148,39,220000,0,user_27,395,395,
4150,40,220000,0,user_30,395,395,
4156,41,220000,0,user_32,395,395,
4154,42,190000,0,user_31,395,395,
4128,43,150000,0,user_12,395,395,
4134,44,150000,0,user_19,395,395,
4141,45,150000,0,user_20,395,395,
4164,46,150000,0,user_41,395,395,
4138,47,120000,0,user_20,395,395,
4127,48,110000,0,user_9,395,395,
4179,49,0,0,validator_1,100,395,4153
4153,50,84000,17000,user_31,395,395,
4124,51,83000,0,user_4,395,395,
4136,52,80000,0,user_19,395,395,
4139,53,77000,0,user_20,395,395,
4143,54,77000,0,user_21,395,395,
4162,55,77000,0,user_40,395,395,
4131,56,73000,0,user_16,395,395,
2210,0,0,0,validator_13,100,396,2177
2177,1,43000000,34700,user_13,396,396,
2174,2,19000000,0,user_10,396,396,
2205,3,19000000,0,user_47,396,396,
2201,4,5200000,0,user_44,396,396,
2203,5,5200000,0,user_46,396,396,
2211,6,0,0,validator_13,100,396,2194
2194,7,4200000,49100,user_32,396,396,
2199,8,3600000,0,user_41,396,396,
2165,9,3500000,0,user_3,396,396,
2166,10,2300000,0,user_3,396,396,
2212,11,0,0,validator_13,100,396,2182
2182,12,1900000,75000,user_19,396,396,
2213,13,0,0,validator_13,100,396,2167
2167,14,1400000,350000,user_4,396,396,
2172,15,1600000,0,user_8,396,396,
2191,16,1600000,0,user_30,396,396,
2197,17,1600000,0,user_38,396,396,
2175,18,1500000,0,user_10,396,396,
2181,19,1500000,0,user_18,396,396,
2189,20,1300000,13800,user_27,396,396,
2214,21,0,0,validator_13,100,396,2189
2195,22,1000000,215000,user_35,396,396,
2215,23,0,0,validator_13,100,396,2195
2186,24,1000000,0,user_24,396,396,
2171,25,630000,39400,user_7,396,396,
2216,26,0,0,validator_13,100,396,2171
2178,27,650000,0,user_13,396,396,
2193,28,240000,256000,user_31,396,396,
2217,29,0,0,validator_13,100,396,2193
2190,30,300000,24700,user_27,396,396,
2218,31,0,0,validator_13,100,396,2190
2206,32,320000,0,user_47,396,396,
2209,33,310000,0,user_48,396,396,
2170,34,260000,0,user_7,396,396,
2196,35,260000,0,user_36,396,396,
2179,36,170000,0,user_15,396,396,
2208,37,170000,0,user_47,396,396,
2219,38,0,0,validator_13,100,396,2188
2188,39,80000,75000,user_26,396,396,
2220,40,0,0,validator_13,100,396,2164
2164,41,110000,33300,user_2,396,396,
2176,42,120000,0,user_12,396,396,
2184,43,120000,0,user_21,396,396,
2202,44,120000,0,user_45,396,396,
2204,45,120000,0,user_47,396,396,
2207,46,100000,0,user_47,396,396,
2168,47,98000,0,user_4,396,396,
2192,48,80000,0,user_31,396,396,
2187,49,77000,0,user_25,396,396,
2251,0,30000000,0,user_24,397,397,
2256,1,30000000,0,user_28,397,397,
2264,2,5000000,0,user_39,397,397,
2237,3,3500000,0,user_11,397,397,
2268,4,3200000,0,user_47,397,397,
2233,5,2500000,0,user_7,397,397,
2267,6,1700000,0,user_44,397,397,
2255,7,1600000,0,user_27,397,397,
2271,8,0,0,validator_8,100,397,2269
2269,9,1500000,84800,user_48,397,397,
2254,10,1400000,3130,user_24,397,397,
2272,11,0,0,validator_8,100,397,2254
2250,12,670000,0,user_23,397,397,
2252,13,650000,0,user_24,397,397,
2230,14,470000,0,user_4,397,397,
2248,15,420000,0,user_21,397,397,
2243,16,370000,0,user_15,397,397,
2242,17,260000,100000,user_14,397,397,
2273,18,0,0,validator_8,100,397,2242
2245,19,350000,0,user_16,397,397,
2274,20,0,0,validator_8,100,397,2234
2234,21,110000,215000,user_8,397,397,
2246,22,310000,5180,user_18,397,397,
2275,23,0,0,validator_8,100,397,2246
2249,24,310000,0,user_21,397,397,
2239,25,300000,0,user_12,397,397,
2257,26,120000,146000,user_32,397,397,
2276,27,0,0,validator_8,100,397,2257
2235,28,190000,0,user_9,397,397,
2277,29,0,0,validator_8,100,397,2253
2253,30,110000,64600,user_24,397,397,
2240,31,170000,0,user_13,397,397,
2247,32,170000,0,user_20,397,397,
2231,33,120000,0,user_5,397,397,
2241,34,120000,0,user_14,397,397,
2270,35,120000,0,user_49,397,397,
2229,36,80000,33300,user_3,397,397,
2278,37,0,0,validator_8,100,397,2229
2279,38,0,0,validator_8,100,397,2258
2258,39,87000,21800,user_34,397,397,
2221,40,70000,33100,user_1,397,397,
2280,41,0,0,validator_8,100,397,2221
2238,42,85000,0,user_11,397,397,
2244,43,79000,0,user_15,397,397,
2222,44,70001,0,user_1,397,397,2221
2223,45,70001,0,user_1,397,397,2221
2224,46,70001,0,user_1,397,397,2221
2225,47,70001,0,user_1,397,397,2221
2307,0,43000000,0,user_27,398,398,
2334,1,2000000,17700000,user_48,398,398,
2336,2,0,0,validator_8,100,398,2334
2337,3,0,0,validator_8,100,398,2286
2286,4,19000000,67900,user_7,398,398,
2304,5,6300000,0,user_26,398,398,
2338,6,0,0,validator_8,100,398,2317
2317,7,5000000,545000,user_35,398,398,
2287,8,4500000,0,user_8,398,398,
2302,9,4500000,0,user_25,398,398,
2327,10,4500000,0,user_40,398,398,
2281,11,3200000,0,user_0,398,398,
2282,12,2600000,0,user_1,398,398,
2326,13,2600000,0,user_39,398,398,
2299,14,2400000,0,user_23,398,398,
2289,15,2300000,0,user_11,398,398,
2310,16,2000000,0,user_30,398,398,
2333,17,2000000,0,user_47,398,398,
2328,18,1600000,231000,user_42,398,398,
2339,19,0,0,validator_8,100,398,2328
2301,20,1300000,16400,user_24,398,398,
2340,21,0,0,validator_8,100,398,2301
2296,22,1300000,0,user_23,398,398,
2295,23,1100000,0,user_22,398,398,
2313,24,1100000,0,user_30,398,398,
2324,25,1100000,0,user_39,398,398,
2306,26,1000000,0,user_26,398,398,
2291,27,910000,0,user_13,398,398,
2335,28,660000,0,user_49,398,398,
2290,29,650000,0,user_11,398,398,
2297,30,650000,0,user_23,398,398,
2325,31,630000,0,user_39,398,398,
2315,32,470000,0,user_32,398,398,
2300,33,460000,0,user_24,398,398,
2305,34,460000,0,user_26,398,398,
2311,35,460000,0,user_30,398,398,
2312,36,460000,0,user_30,398,398,
2308,37,370000,0,user_29,398,398,
2318,38,360000,0,user_35,398,398,
2309,39,170000,66100,user_29,398,398,
2341,40,0,0,validator_8,100,398,2309
2285,41,220000,0,user_4,398,398,
2292,42,220000,0,user_14,398,398,
2284,43,170000,0,user_3,398,398,
2314,44,150000,0,user_30,398,398,
2320,45,130000,0,user_35,398,398,
2319,46,120000,0,user_35,398,398,
2329,47,120000,0,user_42,398,398,
2288,48,110000,0,user_9,398,398,
2298,49,110000,0,user_23,398,398,
2342,50,0,0,validator_8,100,398,2316
2316,51,79000,16400,user_34,398,398,
2303,52,85000,0,user_26,398,398,
2294,53,82000,0,user_21,398,398,
2293,54,79000,0,user_21,398,398,
2390,0,27000000,0,user_43,399,399,
2392,1,19000000,43600,user_44,399,399,
2397,2,0,0,validator_7,100,399,2392
2398,3,0,0,validator_7,100,399,2385
2385,4,6300000,43600,user_38,399,399,
2396,5,6300000,0,user_49,399,399,
2352,6,5200000,0,user_8,399,399,
2365,7,5200000,0,user_18,399,399,
2369,8,5000000,121000,user_18,399,399,
2399,9,0,0,validator_7,100,399,2369
2391,10,4500000,0,user_43,399,399,
2360,11,3600000,0,user_13,399,399,
2370,12,2600000,0,user_19,399,399,
2381,13,2400000,10700,user_34,399,399,
2400,14,0,0,validator_7,100,399,2381
2377,15,2100000,56200,user_27,399,399,
2401,16,0,0,validator_7,100,399,2377
2361,17,2100000,0,user_13,399,399,
2368,18,2100000,0,user_18,399,399,
2374,19,1900000,0,user_22,399,399,
2402,20,0,0,validator_7,100,399,2358
2358,21,1500000,21800,user_12,399,399,
2344,22,1500000,0,user_0,399,399,
2349,23,1500000,0,user_6,399,399,
2366,24,1500000,0,user_18,399,399,
2345,25,1400000,0,user_0,399,399,
2403,26,0,0,validator_7,100,399,2395
2395,27,1100000,100000,user_47,399,399,
2387,28,670000,161000,user_40,399,399,
2404,29,0,0,validator_7,100,399,2387
2355,30,630000,0,user_9,399,399,
2359,31,600000,0,user_13,399,399,
2350,32,220000,322000,user_7,399,399,
2405,33,0,0,validator_7,100,399,2350
2406,34,0,0,validator_7,100,399,2347
2347,35,110000,410000,user_3,399,399,
2386,36,470000,0,user_39,399,399,
2364,37,420000,0,user_17,399,399,
2388,38,370000,46500,user_41,399,399,
2407,39,0,0,validator_7,100,399,2388
2408,40,0,0,validator_7,100,399,2354
2354,41,360000,18600,user_9,399,399,
2353,42,360000,0,user_9,399,399,
2351,43,350000,0,user_7,399,399,
2371,44,260000,84800,user_19,399,399,
2409,45,0,0,validator_7,100,399,2371
2346,46,310000,0,user_0,399,399,
2410,47,0,0,validator_7,100,399,2384
2384,48,240000,46500,user_37,399,399,
2356,49,240000,23500,user_10,399,399,
2411,50,0,0,validator_7,100,399,2356
2362,51,260000,0,user_13,399,399,
2348,52,150000,66100,user_4,399,399,
2412,53,0,0,validator_7,100,399,2348
2413,54,0,0,validator_7,100,399,2380
2380,55,160000,47700,user_31,399,399,
2343,56,160000,0,user_0,399,399,
2367,57,150000,0,user_18,399,399,
2393,58,110000,0,user_45,399,399,
2394,59,110000,0,user_46,399,399,
2383,60,100000,0,user_36,399,399,
2376,61,98000,0,user_26,399,399,
2375,62,84000,0,user_25,399,399,
2382,63,70000,0,user_35,399,399,
2419,0,27000000,31700,user_4,400,400,
2473,1,0,0,validator_11,100,400,2419
2467,2,19000000,0,user_44,400,400,
2428,3,6300000,0,user_12,400,400,
2433,4,6100000,0,user_16,400,400,
2443,5,5200000,0,user_27,400,400,
2446,6,5000000,0,user_29,400,400,
2455,7,5000000,0,user_38,400,400,
2414,8,3600000,0,user_0,400,400,
2456,9,3200000,0,user_39,400,400,
2432,10,2600000,0,user_15,400,400,
2469,11,2300000,0,user_46,400,400,
2447,12,2000000,0,user_30,400,400,
2453,13,1900000,24700,user_36,400,400,
2474,14,0,0,validator_11,100,400,2453
2475,15,0,0,validator_11,100,400,2420
2420,16,1600000,195000,user_5,400,400,
2468,17,1700000,0,user_46,400,400,
2476,18,0,0,validator_11,100,400,2439
2439,19,1500000,66100,user_24,400,400,
2434,20,1500000,0,user_17,400,400,
2457,21,1500000,0,user_39,400,400,
2442,22,1400000,0,user_26,400,400,
2472,23,1400000,0,user_49,400,400,
2459,24,910000,0,user_39,400,400,
2426,25,670000,0,user_11,400,400,
2415,26,660000,0,user_0,400,400,
2464,27,660000,0,user_42,400,400,
2465,28,660000,0,user_43,400,400,
2445,29,650000,0,user_29,400,400,
2470,30,650000,0,user_47,400,400,
2430,31,460000,0,user_12,400,400,
2462,32,460000,0,user_41,400,400,
2450,33,420000,33100,user_33,400,400,
2477,34,0,0,validator_11,100,400,2450
2478,35,0,0,validator_11,100,400,2437
2437,36,120000,322000,user_21,400,400,
2440,37,370000,0,user_25,400,400,
2452,38,370000,0,user_34,400,400,
2463,39,340000,0,user_42,400,400,
2417,40,220000,39400,user_2,400,400,
2479,41,0,0,validator_11,100,400,2417
2451,42,84000,164000,user_33,400,400,
2480,43,0,0,validator_11,100,400,2451
2481,44,0,0,validator_11,100,400,2449
2449,45,120000,49100,user_32,400,400,
2418,46,160000,0,user_3,400,400,
2438,47,160000,0,user_23,400,400,
2448,48,160000,0,user_31,400,400,
2471,49,150000,0,user_47,400,400,
2482,50,0,0,validator_11,100,400,2458
2458,51,130000,18600,user_39,400,400,
2483,52,0,0,validator_11,100,400,2466
2466,53,110000,11200,user_44,400,400,
2425,54,120000,0,user_8,400,400,
2427,55,120000,0,user_12,400,400,
2454,56,120000,0,user_37,400,400,
2416,57,110000,0,user_1,400,400,
2429,58,110000,0,user_12,400,400,
2435,59,110000,0,user_19,400,400,
2441,60,98000,0,user_25,400,400,
2444,61,87000,0,user_29,400,400,
2503,0,5200000,0,user_22,401,401,
2511,1,5200000,0,user_30,401,401,
2506,2,2600000,0,user_24,401,401,
2516,3,2400000,0,user_34,401,401,
2493,4,1900000,0,user_16,401,401,
2502,5,1700000,60700,user_22,401,401,
2534,6,0,0,validator_8,100,401,2502
2524,7,1700000,0,user_42,401,401,
2490,8,1600000,0,user_13,401,401,
2513,9,1600000,0,user_33,401,401,
2531,10,1600000,0,user_44,401,401,
2517,11,1000000,12800,user_35,401,401,
2535,12,0,0,validator_8,100,401,2517
2487,13,1000000,0,user_8,401,401,
2510,14,1000000,0,user_29,401,401,
2505,15,120000,769000,user_23,401,401,
2536,16,0,0,validator_8,100,401,2505
2508,17,600000,0,user_26,401,401,
2486,18,530000,0,user_8,401,401,
2488,19,530000,0,user_11,401,401,
2501,20,470000,0,user_20,401,401,
2492,21,360000,0,user_16,401,401,
2509,22,340000,0,user_27,401,401,
2537,23,0,0,validator_8,100,401,2504
2504,24,150000,121000,user_22,401,401,
2538,25,0,0,validator_8,100,401,2515
2515,26,150000,39400,user_34,401,401,
2491,27,170000,0,user_14,401,401,
2507,28,170000,0,user_25,401,401,
2512,29,170000,0,user_30,401,401,
2494,30,120000,39400,user_18,401,401,
2539,31,0,0,validator_8,100,401,2494
2500,32,150000,0,user_20,401,401,
2522,33,150000,0,user_39,401,401,
2514,34,120000,0,user_33,401,401,
2533,35,98000,21800,user_47,401,401,
2540,36,0,0,validator_8,100,401,2533
2523,37,85000,32900,user_41,401,401,
2541,38,0,0,validator_8,100,401,2523
2484,39,110000,0,user_0,401,401,
2525,40,110000,0,user_42,401,401,
2489,41,73000,0,user_11,401,401,
2576,0,43000000,12800,user_31,402,402,
2583,1,43000000,0,user_34,402,402,
2565,2,5200000,0,user_21,402,402,
2578,3,5200000,0,user_31,402,402,
2563,4,4200000,0,user_19,402,402,
2551,5,3200000,0,user_6,402,402,
2569,6,2600000,0,user_25,402,402,
2555,7,2300000,0,user_11,402,402,
2544,8,2100000,0,user_1,402,402,
2559,9,2100000,5640,user_15,402,402,
2571,10,2100000,0,user_29,402,402,
2548,11,2000000,0,user_3,402,402,
2582,12,2000000,0,user_33,402,402,
2554,13,1800000,0,user_7,402,402,
2588,14,1800000,0,user_43,402,402,
2542,15,1600000,0,user_0,402,402,
2593,16,1400000,0,user_47,402,402,
2580,17,1100000,0,user_32,402,402,
2550,18,1000000,0,user_6,402,402,
2592,19,670000,0,user_46,402,402,
2584,20,660000,0,user_36,402,402,
2543,21,470000,0,user_1,402,402,
2562,22,470000,0,user_18,402,402,
2579,23,300000,0,user_31,402,402,
2552,24,260000,0,user_6,402,402,
2566,25,260000,18600,user_23,402,402,
2558,26,170000,161000,user_14,402,402,
2577,27,170000,0,user_31,402,402,
2587,28,160000,0,user_40,402,402,
2590,29,160000,0,user_45,402,402,
2564,30,150000,13800,user_20,402,402,
2581,31,150000,0,user_33,402,402,
2546,32,120001,0,user_1,402,402,2545
2545,33,120000,84800,user_1,402,402,
2549,34,120000,0,user_6,402,402,
2561,35,120000,4320000,user_17,402,402,
2591,36,120000,0,user_45,402,402,
2585,37,110000,0,user_38,402,402,
2589,38,82000,0,user_44,402,402,
2553,39,80000,0,user_7,402,402,
2598,0,19000000,139000,user_4,403,403,
2610,1,6100000,0,user_20,403,403,
2611,2,5000000,0,user_27,403,403,
2620,3,5000000,13900,user_36,403,403,
2634,4,4200000,0,user_48,403,403,
2614,5,3200000,0,user_32,403,403,
2595,6,2600000,0,user_1,403,403,
2597,7,2000000,0,user_3,403,403,
2605,8,2000000,0,user_15,403,403,
2618,9,2000000,0,user_35,403,403,
2624,10,1500000,0,user_39,403,403,
2596,11,1300000,23500,user_2,403,403,
2622,12,1300000,0,user_37,403,403,
2600,13,630000,0,user_9,403,403,
2608,14,630000,0,user_17,403,403,
2627,15,530000,17000,user_41,403,403,
2623,16,360000,545000,user_38,403,403,
2619,17,320000,0,user_36,403,403,
2599,18,310000,0,user_8,403,403,
2612,19,310000,285000,user_28,403,403,
2617,20,220000,0,user_34,403,403,
2604,21,170000,0,user_15,403,403,
2636,22,160000,0,user_49,403,403,
2613,23,150000,0,user_30,403,403,
2606,24,120000,11200,user_16,403,403,
2615,25,120000,0,user_32,403,403,
2603,26,84000,64600,user_13,403,403,
2607,27,84000,0,user_17,403,403,
2635,28,83000,23500,user_49,403,403,
2621,29,80000,0,user_37,403,403,
2683,0,30000000,0,user_47,404,404,
2670,1,170000,17700000,user_32,404,404,
2686,2,0,0,validator_4,100,404,2670
2687,3,0,0,validator_4,100,404,2639
2639,4,5200000,7190000,user_2,404,404,
2640,5,5199999,0,user_2,404,404,2639
2688,6,0,0,validator_4,100,404,2646
2646,7,5000000,21800,user_6,404,404,
2681,8,220000,4320000,user_46,404,404,
2689,9,0,0,validator_4,100,404,2681
2656,10,4500000,0,user_19,404,404,
2678,11,2600000,0,user_44,404,404,
2690,12,0,0,validator_4,100,404,2685
2685,13,2000000,410000,user_49,404,404,
2649,14,2000000,35600,user_13,404,404,
2691,15,0,0,validator_4,100,404,2649
2664,16,2000000,21800,user_25,404,404,
2692,17,0,0,validator_4,100,404,2664
2662,18,1700000,0,user_24,404,404,
2671,19,1500000,0,user_34,404,404,
2658,20,1200000,0,user_20,404,404,
2661,21,73000,1100000,user_22,404,404,
2693,22,0,0,validator_4,100,404,2661
2665,23,1100000,0,user_26,404,404,
2679,24,1000000,0,user_45,404,404,
2663,25,420000,369000,user_25,404,404,
2694,26,0,0,validator_4,100,404,2663
2677,27,660000,47700,user_43,404,404,
2695,28,0,0,validator_4,100,404,2677
2645,29,670000,0,user_5,404,404,
2666,30,670000,0,user_27,404,404,
2672,31,660000,0,user_35,404,404,
2696,32,0,0,validator_4,100,404,2652
2652,33,600000,18600,user_17,404,404,
2674,34,460000,0,user_39,404,404,
2680,35,460000,0,user_45,404,404,
2697,36,0,0,validator_4,100,404,2654
2654,37,79000,369000,user_18,404,404,
2644,38,300000,0,user_4,404,404,
2657,39,260000,0,user_19,404,404,
2660,40,260000,0,user_21,404,404,
2650,41,100000,139000,user_14,404,404,
2698,42,0,0,validator_4,100,404,2650
2699,43,0,0,validator_4,100,404,2659
2659,44,160000,56200,user_20,404,404,
2638,45,190000,0,user_0,404,404,
2637,46,170000,0,user_0,404,404,
2676,47,170000,0,user_42,404,404,
2655,48,160000,0,user_19,404,404,
2684,49,160000,0,user_48,404,404,
2643,50,150000,0,user_4,404,404,
2673,51,150000,0,user_36,404,404,
2682,52,110000,0,user_46,404,404,
2700,53,0,0,validator_4,100,404,2651
2651,54,82000,17000,user_15,404,404,
2653,55,82000,0,user_18,404,404,
2675,56,80000,0,user_41,404,404,
2648,57,70000,0,user_8,404,404,
2722,0,27000000,0,user_26,405,405,
2725,1,19000000,64600,user_31,405,405,
2739,2,0,0,validator_13,100,405,2725
2737,3,5200000,0,user_48,405,405,
2732,4,3200000,0,user_38,405,405,
2735,5,3200000,0,user_47,405,405,
2740,6,0,0,validator_13,100,405,2720
2720,7,1900000,231000,user_25,405,405,
2714,8,2000000,0,user_18,405,405,
2713,9,1700000,0,user_17,405,405,
2723,10,1400000,0,user_29,405,405,
2724,11,1300000,0,user_30,405,405,
2738,12,1300000,0,user_48,405,405,
2733,13,1000000,0,user_39,405,405,
2727,14,910000,0,user_32,405,405,
2726,15,870000,0,user_31,405,405,
2705,16,630000,0,user_5,405,405,
2709,17,460000,5630,user_10,405,405,
2741,18,0,0,validator_13,100,405,2709
2707,19,370000,39400,user_8,405,405,
2742,20,0,0,validator_13,100,405,2707
2728,21,340000,0,user_33,405,405,
2704,22,310000,0,user_4,405,405,
2731,23,170000,100000,user_37,405,405,
2743,24,0,0,validator_13,100,405,2731
2703,25,160001,0,user_2,405,405,2701
2702,26,159999,0,user_1,405,405,2701
2729,27,120000,0,user_34,405,405,
2744,28,0,0,validator_13,100,405,2715
2715,29,100000,12300,user_18,405,405,
2721,30,110000,0,user_25,405,405,
2730,31,110000,0,user_36,405,405,
2736,32,110000,0,user_47,405,405,
2712,33,83000,0,user_17,405,405,
2716,34,82000,0,user_19,405,405,
2711,35,79000,0,user_12,405,405,
2763,0,43000000,0,user_20,406,406,
2750,1,19000000,0,user_6,406,406,
2772,2,6300000,0,user_28,406,406,
2762,3,5200000,0,user_19,406,406,
2755,4,3600000,0,user_11,406,406,
2760,5,3500000,0,user_18,406,406,
2773,6,2600000,0,user_29,406,406,
2784,7,2600000,0,user_44,406,406,
2754,8,2000000,0,user_10,406,406,
2782,9,1600000,0,user_42,406,406,
2779,10,1500000,0,user_37,406,406,
2774,11,1100000,16400,user_31,406,406,
2787,12,0,0,validator_5,100,406,2774
2781,13,970000,0,user_41,406,406,
2748,14,910000,0,user_4,406,406,
2786,15,670000,0,user_47,406,406,
2761,16,660000,0,user_19,406,406,
2767,17,660000,0,user_23,406,406,
2766,18,650000,0,user_23,406,406,
2768,19,630000,0,user_23,406,406,
2756,20,600000,0,user_12,406,406,
2776,21,120000,369000,user_35,406,406,
2788,22,0,0,validator_5,100,406,2776
2749,23,470000,0,user_5,406,406,
2751,24,420000,0,user_6,406,406,
2769,25,420000,0,user_24,406,406,
2764,26,340000,0,user_21,406,406,
2785,27,320000,0,user_46,406,406,
2778,28,260000,0,user_36,406,406,
2777,29,84000,139000,user_36,406,406,
2789,30,0,0,validator_5,100,406,2777
2745,31,220000,0,user_0,406,406,
2770,32,170000,0,user_26,406,406,
2747,33,160000,0,user_2,406,406,
2765,34,120000,0,user_22,406,406,
2771,35,120000,0,user_28,406,406,
2746,36,110000,0,user_1,406,406,
2814,0,30000000,0,user_18,407,407,
2844,1,460000,17700000,user_44,407,407,
2848,2,0,0,validator_6,100,407,2844
2798,3,6300000,108000,user_8,407,407,
2849,4,0,0,validator_6,100,407,2798
2850,5,0,0,validator_6,100,407,2804
2804,6,5000000,32900,user_10,407,407,
2851,7,0,0,validator_6,100,407,2800
2800,8,350000,4320000,user_9,407,407,
2842,9,4200000,285000,user_43,407,407,
2852,10,0,0,validator_6,100,407,2842
2811,11,4200000,0,user_16,407,407,
2824,12,2500000,0,user_24,407,407,
2845,13,2500000,0,user_46,407,407,
2807,14,2300000,0,user_12,407,407,
2825,15,2100000,0,user_24,407,407,
2795,16,2000000,0,user_6,407,407,
2806,17,2000000,0,user_12,407,407,
2836,18,1500000,39400,user_35,407,407,
2853,19,0,0,validator_6,100,407,2836
2854,20,0,0,validator_6,100,407,2846
2846,21,1400000,66100,user_47,407,407,
2815,22,1400000,0,user_19,407,407,
2820,23,1400000,0,user_20,407,407,
2832,24,1300000,0,user_31,407,407,
2808,25,1200000,0,user_13,407,407,
2812,26,1200000,0,user_17,407,407,
2805,27,1100000,0,user_11,407,407,
2855,28,0,0,validator_6,100,407,2801
2801,29,600000,350000,user_10,407,407,
2830,30,470000,35600,user_29,407,407,
2856,31,0,0,validator_6,100,407,2830
2829,32,470000,0,user_28,407,407,
2797,33,460000,0,user_8,407,407,
2819,34,420000,0,user_19,407,407,
2803,35,350000,0,user_10,407,407,
2843,36,350000,0,user_44,407,407,
2802,37,300000,16400,user_10,407,407,
2857,38,0,0,validator_6,100,407,2802
2799,39,310000,0,user_9,407,407,
2816,40,300000,0,user_19,407,407,
2833,41,220000,42000,user_31,407,407,
2858,42,0,0,validator_6,100,407,2833
2817,43,220000,0,user_19,407,407,
2790,44,170000,0,user_1,407,407,
2791,45,170000,0,user_2,407,407,
2831,46,170000,0,user_30,407,407,
2847,47,160000,0,user_48,407,407,
2813,48,150000,0,user_18,407,407,
2828,49,120000,0,user_28,407,407,
2793,50,98000,0,user_3,407,407,
2827,51,87000,0,user_27,407,407,
2809,52,85000,0,user_15,407,407,
2792,53,83000,0,user_3,407,407,
2796,54,82000,0,user_7,407,407,
2818,55,82000,0,user_19,407,407,
2810,56,73000,0,user_15,407,407,
2834,57,73000,0,user_33,407,407,
2838,58,73000,0,user_39,407,407,
2892,0,43000000,0,user_33,408,408,
2896,1,19000000,0,user_40,408,408,
2898,2,150000,7190000,user_42,408,408,
2907,3,0,0,validator_0,100,408,2898
2879,4,5000000,0,user_18,408,408,
2863,5,4500000,100000,user_7,408,408,
2908,6,0,0,validator_0,100,408,2863
2906,7,2600000,0,user_48,408,408,
2872,8,2400000,0,user_13,408,408,
2885,9,2000000,35600,user_23,408,408,
2909,10,0,0,validator_0,100,408,2885
2894,11,2000000,14200,user_37,408,408,
2910,12,0,0,validator_0,100,408,2894
2905,13,1900000,0,user_47,408,408,
2859,14,1700000,0,user_0,408,408,
2870,15,1700000,0,user_12,408,408,
2900,16,1700000,0,user_44,408,408,
2911,17,0,0,validator_0,100,408,2882
2882,18,1000000,545000,user_22,408,408,
2883,19,1400000,0,user_23,408,408,
2891,20,1400000,0,user_32,408,408,
2861,21,1000000,0,user_3,408,408,
2875,22,660000,0,user_16,408,408,
2890,23,660000,0,user_32,408,408,
2864,24,650000,0,user_8,408,408,
2899,25,600000,49100,user_43,408,408,
2912,26,0,0,validator_0,100,408,2899
2886,27,530000,0,user_23,408,408,
2871,28,310000,0,user_12,408,408,
2876,29,300000,0,user_16,408,408,
2880,30,240000,0,user_19,408,408,
2862,31,120000,68100,user_6,408,408,
2913,32,0,0,validator_0,100,408,2862
2914,33,0,0,validator_0,100,408,2860
2860,34,150000,33100,user_3,408,408,
2887,35,160000,0,user_24,408,408,
2904,36,150000,0,user_46,408,408,
2884,37,110000,35100,user_23,408,408,
2915,38,0,0,validator_0,100,408,2884
2874,39,110000,21800,user_16,408,408,
2916,40,0,0,validator_0,100,408,2874
2888,41,110000,0,user_27,408,408,
2917,42,0,0,validator_0,100,408,2865
2865,43,82000,12800,user_9,408,408,
2895,44,84000,0,user_38,408,408,
2901,45,82000,0,user_44,408,408,
2877,46,77000,0,user_17,408,408,
2878,47,77000,0,user_17,408,408,
2978,0,0,0,validator_3,100,409,2949
2949,1,5200000,285000,user_26,409,409,
2940,2,5200000,0,user_19,409,409,
2938,3,5000000,0,user_18,409,409,
2947,4,3500000,0,user_25,409,409,
2979,5,0,0,validator_3,100,409,2962
2962,6,2400000,5630,user_36,409,409,
2960,7,2400000,0,user_34,409,409,
2935,8,2000000,0,user_16,409,409,
2930,9,1500000,34700,user_15,409,409,
2980,10,0,0,validator_3,100,409,2930
2918,11,1500000,0,user_0,409,409,
2950,12,1500000,0,user_27,409,409,
2958,13,1400000,75000,user_31,409,409,
2981,14,0,0,validator_3,100,409,2958
2936,15,1400000,0,user_17,409,409,
2945,16,1300000,0,user_24,409,409,
2970,17,1300000,0,user_43,409,409,
2971,18,1200000,0,user_44,409,409,
2948,19,1000000,0,user_26,409,409,
2943,20,910000,0,user_21,409,409,
2959,21,660000,0,user_33,409,409,
2951,22,650000,0,user_28,409,409,
2922,23,600000,0,user_2,409,409,
2982,24,0,0,validator_3,100,409,2926
2926,25,470000,68100,user_7,409,409,
2968,26,420000,0,user_41,409,409,
2983,27,0,0,validator_3,100,409,2929
2929,28,340000,23500,user_10,409,409,
2984,29,0,0,validator_3,100,409,2939
2939,30,160000,181000,user_18,409,409,
2937,31,340000,0,user_17,409,409,
2972,32,340000,0,user_46,409,409,
2921,33,220000,0,user_2,409,409,
2973,34,85000,128000,user_47,409,409,
2985,35,0,0,validator_3,100,409,2973
2923,36,160000,24700,user_2,409,409,
2986,37,0,0,validator_3,100,409,2923
2934,38,110000,64600,user_16,409,409,
2987,39,0,0,validator_3,100,409,2934
2988,40,0,0,validator_3,100,409,2967
2967,41,160000,12300,user_40,409,409,
2927,42,170000,0,user_8,409,409,
2932,43,170000,0,user_16,409,409,
2928,44,160000,0,user_9,409,409,
2961,45,160000,0,user_34,409,409,
2931,46,150000,0,user_16,409,409,
2964,47,120000,8520,user_37,409,409,
2989,48,0,0,validator_3,100,409,2964
2990,49,0,0,validator_3,100,409,2944
2944,50,110000,15300,user_22,409,409,
2933,51,120000,0,user_16,409,409,
2963,52,98000,0,user_37,409,409,
2946,53,84000,0,user_24,409,409,
2969,54,84000,0,user_42,409,409,
2920,55,82000,0,user_2,409,409,
2957,56,80000,0,user_31,409,409,
2919,57,73000,0,user_2,409,409,
2965,58,73000,0,user_38,409,409,
3010,0,43000000,0,user_22,410,410,
3012,1,6100000,0,user_25,410,410,
3003,2,5200000,0,user_12,410,410,
3014,3,5200000,0,user_30,410,410,
2995,4,5000000,0,user_5,410,410,
3026,5,3500000,0,user_44,410,410,
3011,6,2500000,0,user_23,410,410,
3018,7,2400000,0,user_35,410,410,
3033,8,0,0,validator_11,100,410,2997
2997,9,1500000,5180,user_6,410,410,
3016,10,1500000,0,user_32,410,410,
3024,11,1500000,0,user_42,410,410,
2999,12,1400000,0,user_9,410,410,
3028,13,1100000,0,user_46,410,410,
3034,14,0,0,validator_11,100,410,3006
3006,15,660000,369000,user_17,410,410,
3035,16,0,0,validator_11,100,410,3015
3015,17,1000000,14200,user_31,410,410,
3031,18,660000,56200,user_48,410,410,
3036,19,0,0,validator_11,100,410,3031
3002,20,420000,0,user_11,410,410,
3030,21,340000,0,user_47,410,410,
3025,22,260000,0,user_44,410,410,
3017,23,220000,0,user_33,410,410,
3013,24,170000,0,user_26,410,410,
3032,25,170000,0,user_49,410,410,
3022,26,150000,0,user_41,410,410,
3019,27,83000,46500,user_36,410,410,
3037,28,0,0,validator_11,100,410,3019
2996,29,120000,0,user_6,410,410,
3007,30,120000,0,user_17,410,410,
3029,31,120000,0,user_46,410,410,
3008,32,110000,0,user_19,410,410,
2991,33,77000,30200,user_0,410,410,
3038,34,0,0,validator_11,100,410,2991
2994,35,85000,17000,user_3,410,410,
3039,36,0,0,validator_11,100,410,2994
3023,37,100000,0,user_42,410,410,
3027,38,83000,0,user_45,410,410,
3020,39,80000,0,user_36,410,410,
2992,40,77001,0,user_2,410,410,2991
2993,41,76999,0,user_2,410,410,2991
3021,42,70000,0,user_39,410,410,
3092,0,0,0,validator_3,100,411,3055
3055,1,27000000,75000,user_12,411,411,
3074,2,27000000,23500,user_35,411,411,
3093,3,0,0,validator_3,100,411,3074
3080,4,6300000,0,user_40,411,411,
3094,5,0,0,validator_3,100,411,3053
3053,6,6100000,13900,user_10,411,411,
3081,7,5000000,15300,user_41,411,411,
3095,8,0,0,validator_3,100,411,3081
3043,9,5000000,0,user_1,411,411,
3086,10,220000,4320000,user_46,411,411,
3096,11,0,0,validator_3,100,411,3086
3084,12,4500000,0,user_44,411,411,
3073,13,3600000,0,user_34,411,411,
3082,14,2500000,13800,user_42,411,411,
3097,15,0,0,validator_3,100,411,3082
3044,16,2500000,0,user_2,411,411,
3061,17,2000000,0,user_19,411,411,
3045,18,1400000,0,user_4,411,411,
3083,19,1400000,0,user_43,411,411,
3098,20,0,0,validator_3,100,411,3069
3069,21,670000,410000,user_29,411,411,
3041,22,1000000,0,user_0,411,411,
3064,23,970000,0,user_23,411,411,
3051,24,870000,0,user_10,411,411,
3057,25,870000,0,user_14,411,411,
3059,26,660000,0,user_16,411,411,
3070,27,470000,0,user_29,411,411,
3052,28,460000,0,user_10,411,411,
3071,29,460000,0,user_31,411,411,
3065,30,420000,0,user_24,411,411,
3099,31,0,0,validator_3,100,411,3076
3076,32,82000,256000,user_38,411,411,
3079,33,310000,0,user_40,411,411,
3100,34,0,0,validator_3,100,411,3058
3058,35,260000,8520,user_15,411,411,
3101,36,0,0,validator_3,100,411,3046
3046,37,240000,8520,user_5,411,411,
3102,38,0,0,validator_3,100,411,3089
3089,39,220000,12800,user_46,411,411,
3066,40,220000,0,user_25,411,411,
3088,41,220000,0,user_46,411,411,
3040,42,190000,0,user_0,411,411,
3060,43,190000,0,user_17,411,411,
3075,44,170000,11200,user_36,411,411,
3103,45,0,0,validator_3,100,411,3075
3047,46,170000,0,user_6,411,411,
3090,47,170000,0,user_46,411,411,
3048,48,160000,0,user_8,411,411,
3067,49,160000,0,user_25,411,411,
3087,50,160000,0,user_46,411,411,
3091,51,160000,0,user_47,411,411,
3068,52,120000,0,user_27,411,411,
3054,53,110000,0,user_11,411,411,
3056,54,110000,0,user_13,411,411,
3072,55,110000,0,user_32,411,411,
3042,56,100000,0,user_1,411,411,
3050,57,82000,0,user_9,411,411,
3049,58,73000,0,user_8,411,411,
3077,59,73000,0,user_38,411,411,
3106,0,43000000,0,user_3,412,412,
3153,1,0,0,validator_7,100,412,3139
3139,2,6100000,215000,user_37,412,412,
3113,3,4200000,0,user_12,412,412,
3152,4,4200000,0,user_47,412,412,
3107,5,3600000,0,user_4,412,412,
3117,6,2600000,0,user_18,412,412,
3130,7,2500000,0,user_32,412,412,
3128,8,1700000,0,user_28,412,412,
3147,9,1600000,0,user_44,412,412,
3114,10,1500000,0,user_15,412,412,
3125,11,1500000,0,user_26,412,412,
3142,12,1200000,0,user_41,412,412,
3154,13,0,0,validator_7,100,412,3124
3124,14,630000,35100,user_25,412,412,
3131,15,630000,0,user_32,412,412,
3126,16,600000,0,user_26,412,412,
3133,17,420000,0,user_34,412,412,
3151,18,160000,231000,user_46,412,412,
3155,19,0,0,validator_7,100,412,3151
3146,20,370000,0,user_44,412,412,
3137,21,350000,0,user_36,412,412,
3136,22,320000,0,user_36,412,412,
3108,23,310000,0,user_5,412,412,
3138,24,310000,0,user_36,412,412,
3115,25,300000,0,user_15,412,412,
3111,26,150000,139000,user_10,412,412,
3156,27,0,0,validator_7,100,412,3111
3132,28,240000,0,user_32,412,412,
3157,29,0,0,validator_7,100,412,3150
3150,30,160000,64600,user_44,412,412,
3134,31,220000,0,user_36,412,412,
3135,32,220000,0,user_36,412,412,
3148,33,220000,0,user_44,412,412,
3158,34,0,0,validator_7,100,412,3104
3104,35,98000,121000,user_0,412,412,
3159,36,0,0,validator_7,100,412,3110
3110,37,170000,33100,user_7,412,412,
3141,38,170000,0,user_39,412,412,
3149,39,170000,0,user_44,412,412,
3123,40,150000,0,user_22,412,412,
3145,41,130000,0,user_43,412,412,
3109,42,120000,0,user_6,412,412,
3129,43,110000,0,user_28,412,412,
3105,44,97999,0,user_1,412,412,3104
3116,45,85000,0,user_17,412,412,
3127,46,85000,0,user_27,412,412,
3140,47,70000,0,user_39,412,412,
3217,0,0,0,validator_8,100,413,3162
3162,1,30000000,195000,user_3,413,413,
3187,2,5200000,0,user_23,413,413,
3190,3,5200000,0,user_27,413,413,
3188,4,4200000,0,user_26,413,413,
3218,5,0,0,validator_8,100,413,3182
3182,6,3600000,11200,user_18,413,413,
3205,7,3500000,0,user_39,413,413,
3170,8,3200000,0,user_7,413,413,
3165,9,2600000,0,user_3,413,413,
3179,10,2300000,68100,user_16,413,413,
3219,11,0,0,validator_8,100,413,3179
3175,12,2300000,0,user_8,413,413,
3206,13,2000000,0,user_40,413,413,
3189,14,1600000,0,user_27,413,413,
3208,15,1500000,0,user_44,413,413,
3163,16,1200000,0,user_3,413,413,
3192,17,1100000,0,user_29,413,413,
3174,18,1000000,0,user_8,413,413,
3216,19,1000000,0,user_48,413,413,
3167,20,660000,0,user_5,413,413,
3195,21,150000,410000,user_34,413,413,
3220,22,0,0,validator_8,100,413,3195
3194,23,530000,0,user_32,413,413,
3197,24,420000,0,user_35,413,413,
3221,25,0,0,validator_8,100,413,3160
3160,26,360000,30200,user_1,413,413,
3176,27,370000,0,user_9,413,413,
3196,28,260000,0,user_34,413,413,
3209,29,260000,0,user_44,413,413,
3186,30,240000,0,user_22,413,413,
3164,31,170000,0,user_3,413,413,
3172,32,160000,0,user_8,413,413,
3222,33,0,0,validator_8,100,413,3191
3191,34,150000,3130,user_28,413,413,
3173,35,150000,0,user_8,413,413,
3166,36,120000,0,user_5,413,413,
3171,37,120000,0,user_8,413,413,
3178,38,120000,0,user_14,413,413,
3193,39,100000,0,user_30,413,413,
3169,40,98000,0,user_7,413,413,
3177,41,98000,0,user_9,413,413,
3198,42,98000,0,user_35,413,413,
3223,43,0,0,validator_8,100,413,3183
3183,44,87000,3130,user_18,413,413,
3215,45,87000,0,user_47,413,413,
3185,46,79000,0,user_20,413,413,
3278,0,0,0,validator_7,100,414,3267
3267,1,19000000,5180,user_36,414,414,
3273,2,19000000,0,user_44,414,414,
3239,3,5200000,0,user_18,414,414,
3279,4,0,0,validator_7,100,414,3241
3241,5,5000000,67900,user_18,414,414,
3243,6,5000000,0,user_19,414,414,
3272,7,3500000,0,user_43,414,414,
3262,8,2500000,0,user_32,414,414,
3257,9,2400000,0,user_30,414,414,
3228,10,2000000,0,user_6,414,414,
3252,11,2000000,0,user_26,414,414,
3269,12,2000000,0,user_39,414,414,
3270,13,2000000,0,user_39,414,414,
3276,14,2000000,0,user_46,414,414,
3227,15,1700000,0,user_5,414,414,
3226,16,1600000,0,user_4,414,414,
3246,17,1600000,0,user_22,414,414,
3251,18,1400000,0,user_26,414,414,
3280,19,0,0,validator_7,100,414,3224
3224,20,1100000,12300,user_0,414,414,
3225,21,1099999,0,user_2,414,414,3224
3281,22,0,0,validator_7,100,414,3231
3231,23,970000,71800,user_9,414,414,
3275,24,170000,769000,user_45,414,414,
3282,25,0,0,validator_7,100,414,3275
3277,26,600000,0,user_47,414,414,
3248,27,530000,0,user_24,414,414,
3254,28,530000,0,user_27,414,414,
3264,29,530000,0,user_34,414,414,
3242,30,470000,0,user_18,414,414,
3255,31,460000,0,user_28,414,414,
3261,32,460000,0,user_32,414,414,
3240,33,310000,0,user_18,414,414,
3265,34,310000,0,user_34,414,414,
3266,35,310000,0,user_35,414,414,
3229,36,300000,0,user_8,414,414,
3271,37,260000,0,user_40,414,414,
3283,38,0,0,validator_7,100,414,3268
3268,39,170000,60700,user_37,414,414,
3230,40,220000,0,user_8,414,414,
3247,41,150000,49100,user_23,414,414,
3284,42,0,0,validator_7,100,414,3247
3238,43,190000,0,user_17,414,414,
3249,44,160000,0,user_25,414,414,
3250,45,150000,0,user_25,414,414,
3274,46,120000,0,user_44,414,414,
3259,47,110000,0,user_32,414,414,
3258,48,87000,0,user_32,414,414,
3233,49,84000,0,user_13,414,414,
3253,50,82000,0,user_26,414,414,
3260,51,79000,0,user_32,414,414,
3235,52,73000,0,user_15,414,414,
3291,0,6100000,0,user_5,415,415,
3296,1,6100000,0,user_12,415,415,
3302,2,5000000,0,user_28,415,415,
3319,3,3600000,0,user_44,415,415,
3287,4,2400000,67500,user_3,415,415,
3325,5,0,0,validator_8,100,415,3287
3285,6,2300000,0,user_0,415,415,
3290,7,2300000,0,user_4,415,415,
3306,8,2000000,0,user_30,415,415,
3317,9,1800000,0,user_41,415,415,
3299,10,1600000,0,user_20,415,415,
3303,11,1500000,32900,user_28,415,415,
3326,12,0,0,validator_8,100,415,3303
3289,13,1400000,0,user_4,415,415,
3301,14,1100000,0,user_25,415,415,
3327,15,0,0,validator_8,100,415,3316
3316,16,110000,959000,user_40,415,415,
3308,17,660000,0,user_32,415,415,
3328,18,0,0,validator_8,100,415,3318
3318,19,320000,285000,user_42,415,415,
3304,20,530000,0,user_29,415,415,
3293,21,360000,0,user_7,415,415,
3300,22,320000,0,user_24,415,415,
3307,23,300000,0,user_30,415,415,
3329,24,0,0,validator_8,100,415,3309
3309,25,120000,49100,user_34,415,415,
3294,26,150000,0,user_9,415,415,
3297,27,150000,0,user_13,415,415,
3320,28,150000,0,user_44,415,415,
3324,29,130000,0,user_49,415,415,
3288,30,120000,0,user_3,415,415,
3310,31,120000,0,user_35,415,415,
3323,32,110000,0,user_48,415,415,
3305,33,98000,0,user_30,415,415,
3362,0,5000000,17700000,user_28,416,416,
3378,1,4500000,0,user_45,416,416,
3353,2,4200000,0,user_19,416,416,
3375,3,2600000,0,user_42,416,416,
3345,4,1600000,0,user_13,416,416,
3352,5,1500000,68100,user_18,416,416,
3344,6,1400000,0,user_11,416,416,
3350,7,1300000,0,user_17,416,416,
3348,8,1200000,0,user_16,416,416,
3370,9,1200000,0,user_36,416,416,
3340,10,1100000,0,user_7,416,416,
3365,11,1000000,0,user_31,416,416,
3376,12,1000000,0,user_43,416,416,
3346,13,870000,0,user_13,416,416,
3339,14,670000,67900,user_6,416,416,
3360,15,660000,84800,user_26,416,416,
3380,16,630000,0,user_47,416,416,
3363,17,600000,0,user_30,416,416,
3341,18,460000,128000,user_9,416,416,
3349,19,370000,21800,user_17,416,416,
3338,20,260000,0,user_5,416,416,
3351,21,260000,39400,user_18,416,416,
3373,22,260000,0,user_39,416,416,
3374,23,260000,0,user_40,416,416,
3377,24,220000,0,user_44,416,416,
3379,25,220000,350000,user_46,416,416,
3343,26,190000,0,user_11,416,416,
3359,27,170000,0,user_26,416,416,
3371,28,170000,0,user_37,416,416,
3364,29,150000,0,user_30,416,416,
3372,30,130000,0,user_39,416,416,
3333,31,120001,0,user_1,416,416,3330
3335,32,120000,0,user_3,416,416,
3342,33,120000,0,user_9,416,416,
3366,34,120000,0,user_31,416,416,
3337,35,110000,0,user_5,416,416,
3369,36,85000,0,user_34,416,416,
3358,37,70000,0,user_26,416,416,
3381,38,70000,10700,user_48,416,416,
3405,0,30000000,0,user_19,417,417,
3416,1,27000000,128000,user_37,417,417,
3437,2,0,0,validator_13,100,417,3416
3413,3,6300000,0,user_29,417,417,
3386,4,5000000,0,user_2,417,417,
3404,5,5000000,0,user_18,417,417,
3427,6,5000000,0,user_44,417,417,
3438,7,0,0,validator_13,100,417,3433
3433,8,3500000,195000,user_49,417,417,
3415,9,3600000,0,user_36,417,417,
3439,10,0,0,validator_13,100,417,3396
3396,11,3200000,68100,user_12,417,417,
3399,12,2400000,0,user_15,417,417,
3398,13,2000000,23500,user_14,417,417,
3440,14,0,0,validator_13,100,417,3398
3385,15,2000000,0,user_1,417,417,
3389,16,1900000,0,user_5,417,417,
3441,17,0,0,validator_13,100,417,3421
3421,18,1500000,381000,user_39,417,417,
3412,19,1800000,0,user_28,417,417,
3419,20,1800000,0,user_39,417,417,
3430,21,1600000,0,user_47,417,417,
3390,22,1500000,0,user_7,417,417,
3397,23,1500000,0,user_12,417,417,
3442,24,0,0,validator_13,100,417,3388
3388,25,350000,1100000,user_4,417,417,
3409,26,1000000,49100,user_26,417,417,
3443,27,0,0,validator_13,100,417,3409
3407,28,1000000,42000,user_24,417,417,
3444,29,0,0,validator_13,100,417,3407
3410,30,1000000,0,user_27,417,417,
3411,31,970000,0,user_28,417,417,
3418,32,970000,0,user_39,417,417,
3414,33,870000,0,user_33,417,417,
3431,34,630000,128000,user_48,417,417,
3445,35,0,0,validator_13,100,417,3431
3392,36,630000,0,user_10,417,417,
3426,37,460000,0,user_43,417,417,
3402,38,420000,0,user_17,417,417,
3387,39,260000,0,user_3,417,417,
3391,40,260000,0,user_10,417,417,
3420,41,260000,0,user_39,417,417,
3429,42,160000,19700,user_45,417,417,
3446,43,0,0,validator_13,100,417,3429
3428,44,150000,0,user_45,417,417,
3424,45,120000,13900,user_43,417,417,
3447,46,0,0,validator_13,100,417,3424
3448,47,0,0,validator_13,100,417,3417
3417,48,84000,16400,user_39,417,417,
3435,49,100000,0,user_49,417,417,
3393,50,87000,0,user_10,417,417,
3408,51,85000,0,user_25,417,417,
3403,52,84000,0,user_18,417,417,
3425,53,79000,0,user_43,417,417,
3436,54,79000,0,user_49,417,417,
3434,55,77000,0,user_49,417,417,
3432,56,73000,0,user_49,417,417,
3496,0,0,0,validator_5,100,418,3492
3492,1,30000000,13900,user_42,418,418,
3487,2,30000000,0,user_37,418,418,
3473,3,27000000,0,user_27,418,418,
3453,4,6300000,0,user_3,418,418,
3485,5,5200000,0,user_35,418,418,
3486,6,5200000,0,user_37,418,418,
3495,7,4500000,0,user_49,418,418,
3497,8,0,0,validator_5,100,418,3451
3451,9,3500000,31700,user_2,418,418,
3452,10,3500001,0,user_2,418,418,3451
3471,11,3500000,0,user_25,418,418,
3467,12,2500000,0,user_22,418,418,
3460,13,2400000,0,user_16,418,418,
3490,14,2400000,0,user_38,418,418,
3450,15,2000000,0,user_1,418,418,
3489,16,1800000,0,user_38,418,418,
3474,17,1600000,0,user_28,418,418,
3469,18,1200000,16400,user_23,418,418,
3498,19,0,0,validator_5,100,418,3469
3499,20,0,0,validator_5,100,418,3491
3491,21,910000,121000,user_41,418,418,
3475,22,630000,0,user_29,418,418,
3455,23,470000,0,user_6,418,418,
3462,24,360000,0,user_16,418,418,
3488,25,360000,0,user_37,418,418,
3494,26,340000,0,user_49,418,418,
3468,27,320000,0,user_23,418,418,
3463,28,310000,0,user_17,418,418,
3449,29,260000,0,user_0,418,418,
3466,30,160000,67500,user_22,418,418,
3500,31,0,0,validator_5,100,418,3466
3465,32,220000,0,user_21,418,418,
3501,33,0,0,validator_5,100,418,3464
3464,34,130000,75000,user_19,418,418,
3481,35,170000,0,user_31,418,418,
3480,36,120000,0,user_31,418,418,
3456,37,98000,0,user_6,418,418,
3461,38,85000,0,user_16,418,418,
3454,39,83000,0,user_5,418,418,
3470,40,83000,0,user_25,418,418,
3472,41,77000,0,user_26,418,418,
3552,0,0,0,validator_8,100,419,3510
3510,1,43000000,7840,user_4,419,419,
3547,2,30000000,0,user_41,419,419,
3553,3,0,0,validator_8,100,419,3514
3514,4,160000,17700000,user_8,419,419,
3554,5,0,0,validator_8,100,419,3507
3507,6,6300000,161000,user_4,419,419,
3522,7,5000000,0,user_16,419,419,
3542,8,3600000,0,user_34,419,419,
3555,9,0,0,validator_8,100,419,3548
3548,10,2600000,769000,user_42,419,419,
3509,11,2000000,1100000,user_4,419,419,
3556,12,0,0,validator_8,100,419,3509
3515,13,2600000,0,user_8,419,419,
3520,14,1500000,0,user_13,419,419,
3524,15,1400000,0,user_20,419,419,
3506,16,1000000,0,user_3,419,419,
3529,17,970000,0,user_24,419,419,
3557,18,0,0,validator_8,100,419,3533
3533,19,85000,769000,user_29,419,419,
3558,20,0,0,validator_8,100,419,3532
3532,21,650000,155000,user_28,419,419,
3539,22,670000,0,user_32,419,419,
3538,23,110000,545000,user_31,419,419,
3559,24,0,0,validator_8,100,419,3538
3541,25,530000,0,user_33,419,419,
3530,26,460000,23500,user_25,419,419,
3560,27,0,0,validator_8,100,419,3530
3535,28,110000,369000,user_29,419,419,
3561,29,0,0,validator_8,100,419,3535
3549,30,460000,0,user_44,419,419,
3521,31,350000,0,user_16,419,419,
3516,32,320000,0,user_9,419,419,
3511,33,310000,0,user_5,419,419,
3536,34,310000,0,user_29,419,419,
3537,35,220000,0,user_29,419,419,
3508,36,160000,0,user_4,419,419,
3526,37,160000,0,user_22,419,419,
3534,38,160000,0,user_29,419,419,
3503,39,150000,0,user_1,419,419,
3562,40,0,0,validator_8,100,419,3525
3525,41,73000,73100,user_21,419,419,
3502,42,130000,0,user_0,419,419,
3543,43,120000,0,user_35,419,419,
3519,44,110000,0,user_12,419,419,
3563,45,0,0,validator_8,100,419,3527
3527,46,73000,15300,user_22,419,419,
3518,47,83000,0,user_11,419,419,
3546,48,82000,0,user_39,419,419,
3531,49,79000,0,user_25,419,419,
3528,50,73000,0,user_23,419,419,
3540,51,73000,0,user_32,419,419,
3570,0,43000000,0,user_9,420,420,
3588,1,30000000,0,user_28,420,420,
3603,2,19000000,0,user_40,420,420,
3606,3,6100000,0,user_42,420,420,
3584,4,3500000,0,user_25,420,420,
3592,5,3200000,231000,user_29,420,420,
3589,6,2400000,0,user_28,420,420,
3609,7,2300000,0,user_42,420,420,
3587,8,2000000,0,user_28,420,420,
3571,9,1700000,0,user_11,420,420,
3605,10,1500000,0,user_41,420,420,
3567,11,1100000,0,user_3,420,420,
3578,12,1100000,0,user_17,420,420,
3597,13,1100000,0,user_35,420,420,
3568,14,1000000,0,user_7,420,420,
3602,15,1000000,0,user_40,420,420,
3564,16,650000,3130,user_1,420,420,
3604,17,630000,0,user_40,420,420,
3599,18,470000,0,user_36,420,420,
3598,19,460000,0,user_35,420,420,
3593,20,350000,0,user_31,420,420,
3608,21,310000,0,user_42,420,420,
3610,22,310000,0,user_42,420,420,
3611,23,310000,0,user_43,420,420,
3614,24,310000,0,user_47,420,420,
3585,25,260000,256000,user_26,420,420,
3615,26,220000,0,user_48,420,420,
3577,27,190000,0,user_16,420,420,
3579,28,190000,0,user_19,420,420,
3574,29,170000,0,user_14,420,420,
3569,30,150000,0,user_9,420,420,
3580,31,120000,0,user_21,420,420,
3590,32,120000,0,user_28,420,420,
3596,33,120000,0,user_33,420,420,
3601,34,110000,0,user_39,420,420,
3612,35,110000,0,user_44,420,420,
3613,36,110000,0,user_46,420,420,
3566,37,98000,0,user_3,420,420,
3600,38,98000,0,user_37,420,420,
3591,39,82000,0,user_28,420,420,
3607,40,80000,71800,user_42,420,420,
3581,41,70000,0,user_22,420,420,
3669,0,3600000,66100,user_47,421,421,
3673,1,0,0,validator_0,100,421,3669
3627,2,3600000,0,user_6,421,421,
3657,3,3500000,0,user_31,421,421,
3668,4,3200000,0,user_47,421,421,
3645,5,2600000,0,user_23,421,421,
3665,6,2300000,0,user_43,421,421,
3652,7,1800000,0,user_27,421,421,
3626,8,1500000,33300,user_5,421,421,
3674,9,0,0,validator_0,100,421,3626
3641,10,1500000,0,user_18,421,421,
3675,11,0,0,validator_0,100,421,3666
3666,12,310000,1100000,user_44,421,421,
3676,13,0,0,validator_0,100,421,3660
3660,14,1100000,139000,user_33,421,421,
3677,15,0,0,validator_0,100,421,3664
3664,16,1000000,42000,user_42,421,421,
3640,17,870000,0,user_17,421,421,
3646,18,530000,0,user_24,421,421,
3651,19,530000,0,user_27,421,421,
3678,20,0,0,validator_0,100,421,3642
3642,21,350000,161000,user_19,421,421,
3621,22,470000,0,user_3,421,421,
3636,23,360000,0,user_13,421,421,
3672,24,360000,0,user_49,421,421,
3670,25,340000,15700,user_48,421,421,
3679,26,0,0,validator_0,100,421,3670
3628,27,340000,0,user_7,421,421,
3647,28,310000,0,user_24,421,421,
3620,29,220000,0,user_2,421,421,
3634,30,220000,0,user_11,421,421,
3671,31,220000,0,user_49,421,421,
3638,32,170000,0,user_15,421,421,
3663,33,160000,0,user_40,421,421,
3619,34,120000,0,user_2,421,421,
3635,35,120000,0,user_12,421,421,
3655,36,120000,0,user_29,421,421,
3658,37,120000,0,user_32,421,421,
3659,38,120000,0,user_33,421,421,
3639,39,110000,0,user_16,421,421,
3653,40,87000,0,user_27,421,421,
3629,41,83000,0,user_9,421,421,
3618,42,80000,0,user_0,421,421,
3737,0,30000000,0,user_49,422,422,
3687,1,19000000,0,user_3,422,422,
3698,2,19000000,0,user_16,422,422,
3726,3,420000,7190000,user_41,422,422,
3739,4,0,0,validator_10,100,422,3726
3740,5,0,0,validator_10,100,422,3732
3732,6,6100000,21800,user_48,422,422,
3741,7,0,0,validator_10,100,422,3713
3713,8,6100000,12300,user_30,422,422,
3720,9,6100000,0,user_33,422,422,
3719,10,5200000,0,user_33,422,422,
3742,11,0,0,validator_10,100,422,3724
3724,12,5000000,5180,user_38,422,422,
3715,13,3500000,0,user_31,422,422,
3700,14,2500000,0,user_17,422,422,
3735,15,2400000,0,user_49,422,422,
3722,16,2300000,0,user_34,422,422,
3714,17,1800000,0,user_31,422,422,
3728,18,1800000,0,user_44,422,422,
3683,19,1600000,0,user_3,422,422,
3721,20,1600000,0,user_33,422,422,
3686,21,1500000,0,user_3,422,422,
3704,22,1500000,0,user_23,422,422,
3705,23,1500000,0,user_24,422,422,
3717,24,1400000,0,user_33,422,422,
3734,25,1400000,0,user_49,422,422,
3738,26,1100000,0,user_49,422,422,
3706,27,1000000,0,user_25,422,422,
3743,28,0,0,validator_10,100,422,3736
3736,29,870000,12800,user_49,422,422,
3697,30,870000,0,user_16,422,422,
3684,31,530000,0,user_3,422,422,
3723,32,470000,0,user_37,422,422,
3744,33,0,0,validator_10,100,422,3685
3685,34,420000,33100,user_3,422,422,
3716,35,420000,0,user_31,422,422,
3709,36,350000,0,user_27,422,422,
3693,37,340000,0,user_12,422,422,
3703,38,320000,0,user_21,422,422,
3725,39,310000,0,user_39,422,422,
3689,40,220000,0,user_6,422,422,
3696,41,220000,0,user_16,422,422,
3712,42,170000,0,user_30,422,422,
3680,43,84000,84800,user_0,422,422,
3745,44,0,0,validator_10,100,422,3680
3694,45,160000,0,user_14,422,422,
3733,46,160000,0,user_48,422,422,
3690,47,150000,0,user_8,422,422,
3729,48,130000,0,user_45,422,422,
3702,49,120000,0,user_19,422,422,
3718,50,120000,0,user_33,422,422,
3695,51,110000,0,user_15,422,422,
3727,52,100000,0,user_43,422,422,
3681,53,84001,0,user_1,422,422,3680
3682,54,83999,0,user_2,422,422,3680
3699,55,73000,0,user_17,422,422,
3731,56,70000,0,user_47,422,422,
3802,0,0,0,validator_1,100,423,3762
3762,1,6100000,215000,user_18,423,423,
3774,2,160000,4320000,user_28,423,423,
3803,3,0,0,validator_1,100,423,3774
3804,4,0,0,validator_1,100,423,3754
3754,5,2600000,769000,user_10,423,423,
3773,6,3200000,0,user_28,423,423,
3746,7,2600000,0,user_0,423,423,
3800,8,2600000,0,user_48,423,423,
3759,9,2000000,0,user_15,423,423,
3775,10,2000000,0,user_29,423,423,
3770,11,1900000,0,user_24,423,423,
3777,12,1800000,0,user_31,423,423,
3768,13,1700000,0,user_23,423,423,
3805,14,0,0,validator_1,100,423,3787
3787,15,1500000,139000,user_39,423,423,
3769,16,1600000,0,user_23,423,423,
3760,17,1500000,0,user_16,423,423,
3771,18,1400000,0,user_26,423,423,
3797,19,1300000,0,user_47,423,423,
3796,20,1100000,13900,user_47,423,423,
3806,21,0,0,validator_1,100,423,3796
3755,22,1000000,3130,user_11,423,423,
3807,23,0,0,validator_1,100,423,3755
3763,24,1000000,0,user_20,423,423,
3749,25,110000,779000,user_4,423,423,
3808,26,0,0,validator_1,100,423,3749
3791,27,870000,0,user_41,423,423,
3765,28,670000,0,user_21,423,423,
3809,29,0,0,validator_1,100,423,3778
3778,30,600000,19700,user_32,423,423,
3766,31,530000,0,user_21,423,423,
3810,32,0,0,validator_1,100,423,3781
3781,33,420000,73100,user_34,423,423,
3811,34,0,0,validator_1,100,423,3798
3798,35,260000,231000,user_47,423,423,
3753,36,460000,0,user_8,423,423,
3779,37,460000,0,user_33,423,423,
3792,38,370000,19700,user_42,423,423,
3812,39,0,0,validator_1,100,423,3792
3776,40,350000,13800,user_30,423,423,
3813,41,0,0,validator_1,100,423,3776
3772,42,350000,0,user_27,423,423,
3756,43,340000,0,user_12,423,423,
3780,44,220000,0,user_34,423,423,
3786,45,160000,0,user_38,423,423,
3758,46,150000,0,user_13,423,423,
3801,47,150000,0,user_49,423,423,
3794,48,120000,0,user_45,423,423,
3751,49,110000,0,user_5,423,423,
3761,50,110000,0,user_16,423,423,
3788,51,110000,0,user_39,423,423,
3795,52,98000,0,user_46,423,423,
3750,53,87000,0,user_4,423,423,
3784,54,85000,0,user_36,423,423,
3799,55,84000,0,user_48,423,423,
3764,56,83000,0,user_20,423,423,
3789,57,82000,0,user_40,423,423,
3752,58,80000,0,user_7,423,423,
3790,59,73000,0,user_40,423,423,
3757,60,70000,0,user_12,423,423,
3830,0,30000000,0,user_19,424,424,
3833,1,30000000,0,user_22,424,424,
3862,2,5200000,0,user_44,424,424,
3829,3,5000000,0,user_19,424,424,
3824,4,4500000,0,user_12,424,424,
3828,5,3600000,0,user_17,424,424,
3845,6,2500000,0,user_31,424,424,
3837,7,2300000,0,user_26,424,424,
3869,8,2000000,0,user_47,424,424,
3838,9,1700000,0,user_27,424,424,
3831,10,1500000,0,user_20,424,424,
3835,11,1500000,0,user_24,424,424,
3814,12,1400000,0,user_1,424,424,
3841,13,1300000,0,user_28,424,424,
3870,14,0,0,validator_5,100,424,3853
3853,15,1200000,60700,user_36,424,424,
3871,16,0,0,validator_5,100,424,3815
3815,17,1200000,12300,user_2,424,424,
3860,18,970000,0,user_42,424,424,
3836,19,650000,0,user_25,424,424,
3866,20,650000,0,user_46,424,424,
3858,21,600000,0,user_41,424,424,
3823,22,530000,0,user_11,424,424,
3840,23,470000,0,user_28,424,424,
3816,24,460000,0,user_3,424,424,
3819,25,460000,0,user_6,424,424,
3857,26,420000,0,user_40,424,424,
3867,27,370000,0,user_46,424,424,
3847,28,320000,0,user_33,424,424,
3854,29,310000,0,user_37,424,424,
3863,30,300000,0,user_45,424,424,
3852,31,260000,0,user_35,424,424,
3868,32,260000,0,user_46,424,424,
3832,33,220000,17000,user_21,424,424,
3872,34,0,0,validator_5,100,424,3832
3839,35,220000,0,user_28,424,424,
3873,36,0,0,validator_5,100,424,3822
3822,37,160000,39400,user_9,424,424,
3874,38,0,0,validator_5,100,424,3825
3825,39,84000,36800,user_12,424,424,
3818,40,110000,0,user_5,424,424,
3859,41,87000,18600,user_42,424,424,
3875,42,0,0,validator_5,100,424,3859
3865,43,87000,0,user_46,424,424,
3834,44,85000,0,user_23,424,424,
3817,45,83000,0,user_4,424,424,
3842,46,80000,0,user_28,424,424,
3864,47,73000,0,user_45,424,424,
3908,0,30000000,0,user_31,425,425,
3900,1,6300000,42000,user_22,425,425,
3926,2,0,0,validator_8,100,425,3900
3924,3,5200000,0,user_48,425,425,
3921,4,4500000,0,user_44,425,425,
3884,5,4200000,0,user_8,425,425,
3918,6,3200000,0,user_40,425,425,
3894,7,2500000,0,user_16,425,425,
3883,8,2000000,256000,user_7,425,425,
3927,9,0,0,validator_8,100,425,3883
3889,10,2100000,0,user_13,425,425,
3903,11,2000000,0,user_28,425,425,
3891,12,1900000,0,user_15,425,425,
3912,13,1800000,0,user_35,425,425,
3923,14,1500000,146000,user_47,425,425,
3928,15,0,0,validator_8,100,425,3923
3902,16,1600000,0,user_27,425,425,
3886,17,1400000,0,user_9,425,425,
3910,18,1400000,0,user_33,425,425,
3911,19,1400000,0,user_33,425,425,
3893,20,1300000,0,user_16,425,425,
3909,21,1300000,0,user_32,425,425,
3919,22,1300000,0,user_42,425,425,
3901,23,910000,0,user_25,425,425,
3905,24,870000,0,user_29,425,425,
3904,25,670000,0,user_29,425,425,
3929,26,0,0,validator_8,100,425,3899
3899,27,240000,161000,user_21,425,425,
3888,28,160000,195000,user_12,425,425,
3930,29,0,0,validator_8,100,425,3888
3931,30,0,0,validator_8,100,425,3925
3925,31,160000,181000,user_49,425,425,
3876,32,320000,0,user_0,425,425,
3880,33,260000,0,user_5,425,425,
3890,34,260000,0,user_14,425,425,
3887,35,240000,0,user_9,425,425,
3922,36,170000,0,user_47,425,425,
3881,37,150000,0,user_5,425,425,
3897,38,150000,0,user_18,425,425,
3907,39,150000,0,user_30,425,425,
3898,40,85000,60700,user_20,425,425,
3932,41,0,0,validator_8,100,425,3898
3879,42,110000,0,user_4,425,425,
3892,43,83000,3130,user_15,425,425,
3933,44,0,0,validator_8,100,425,3892
3885,45,80000,0,user_8,425,425,
3906,46,70000,0,user_30,425,425,
3936,0,6100000,49100,user_4,426,426,
3978,1,0,0,validator_13,100,426,3936
3974,2,5000000,0,user_43,426,426,
3953,3,4500000,0,user_19,426,426,
3938,4,3600000,0,user_5,426,426,
3942,5,3200000,0,user_8,426,426,
3976,6,2400000,0,user_45,426,426,
3975,7,2000000,161000,user_43,426,426,
3979,8,0,0,validator_13,100,426,3975
3980,9,0,0,validator_13,100,426,3962
3962,10,1900000,11200,user_33,426,426,
3946,11,670000,1100000,user_12,426,426,
3981,12,0,0,validator_13,100,426,3946
3972,13,1700000,0,user_43,426,426,
3958,14,1500000,42000,user_25,426,426,
3982,15,0,0,validator_13,100,426,3958
3950,16,1500000,0,user_15,426,426,
3948,17,660000,0,user_14,426,426,
3939,18,630000,0,user_7,426,426,
3983,19,0,0,validator_13,100,426,3971
3971,20,460000,84800,user_43,426,426,
3941,21,460000,0,user_8,426,426,
3959,22,460000,0,user_28,426,426,
3944,23,350000,0,user_10,426,426,
3984,24,0,0,validator_13,100,426,3934
3934,25,260000,75000,user_1,426,426,
3960,26,310000,0,user_30,426,426,
3963,27,310000,0,user_34,426,426,
3943,28,87000,181000,user_8,426,426,
3985,29,0,0,validator_13,100,426,3943
3935,30,260001,0,user_2,426,426,3934
3967,31,260000,0,user_39,426,426,
3952,32,240000,0,user_17,426,426,
3947,33,220000,0,user_13,426,426,
3940,34,160000,0,user_8,426,426,
3965,35,160000,0,user_37,426,426,
3968,36,160000,0,user_39,426,426,
3986,37,0,0,validator_13,100,426,3973
3973,38,82000,66100,user_43,426,426,
3987,39,0,0,validator_13,100,426,3966
3966,40,87000,33300,user_38,426,426,
3937,41,120000,0,user_5,426,426,
3964,42,110000,0,user_36,426,426,
3957,43,100000,0,user_24,426,426,
3977,44,84000,0,user_46,426,426,
3949,45,82000,0,user_15,426,426,
3961,46,80000,0,user_33,426,426,
4011,0,5200000,0,user_27,427,427,
4026,1,5200000,0,user_47,427,427,
4015,2,1500000,369000,user_32,427,427,
4029,3,0,0,validator_0,100,427,4015
4003,4,1600000,0,user_16,427,427,
4004,5,1600000,0,user_18,427,427,
4028,6,1400000,0,user_49,427,427,
4005,7,1300000,0,user_20,427,427,
4000,8,1000000,0,user_13,427,427,
4024,9,910000,33300,user_43,427,427,
4030,10,0,0,validator_0,100,427,4024
3991,11,910000,0,user_3,427,427,
4008,12,600000,0,user_23,427,427,
4027,13,370000,0,user_49,427,427,
4014,14,360000,0,user_31,427,427,
3998,15,340000,0,user_11,427,427,
3988,16,150000,121000,user_0,427,427,
4031,17,0,0,validator_0,100,427,3988
3999,18,220000,0,user_13,427,427,
4032,19,0,0,validator_0,100,427,3994
3994,20,160000,34700,user_7,427,427,
4013,21,190000,0,user_29,427,427,
4006,22,170000,0,user_22,427,427,
3993,23,150000,0,user_6,427,427,
3995,24,150000,0,user_8,427,427,
4007,25,150000,0,user_23,427,427,
4023,26,150000,0,user_42,427,427,
3989,27,149999,0,user_0,427,427,3988
4022,28,120000,13900,user_42,427,427,
4033,29,0,0,validator_0,100,427,4022
3996,30,110000,3130,user_9,427,427,
4034,31,0,0,validator_0,100,427,3996
3997,32,110000,0,user_11,427,427,
4016,33,87000,0,user_32,427,427,
4002,34,83000,0,user_15,427,427,
4089,0,0,0,validator_0,100,428,4073
4073,1,30000000,17700000,user_40,428,428,
4090,2,0,0,validator_0,100,428,4048
4048,3,170000,7190000,user_16,428,428,
4057,4,5000000,0,user_22,428,428,
4043,5,3500000,0,user_9,428,428,
4069,6,3200000,0,user_37,428,428,
4041,7,2300000,0,user_8,428,428,
4042,8,2100000,0,user_9,428,428,
4055,9,2100000,0,user_22,428,428,
4091,10,0,0,validator_0,100,428,4058
4058,11,2000000,75000,user_24,428,428,
4056,12,2000000,0,user_22,428,428,
4039,13,1900000,0,user_5,428,428,
4051,14,1900000,0,user_18,428,428,
4045,15,1500000,24700,user_12,428,428,
4092,16,0,0,validator_0,100,428,4045
4047,17,1400000,0,user_15,428,428,
4087,18,1300000,0,user_48,428,428,
4050,19,1200000,0,user_18,428,428,
4072,20,1100000,0,user_40,428,428,
4040,21,1000000,0,user_8,428,428,
4064,22,970000,0,user_32,428,428,
4080,23,970000,0,user_46,428,428,
4093,24,0,0,validator_0,100,428,4049
4049,25,910000,13800,user_17,428,428,
4079,26,630000,0,user_46,428,428,
4052,27,600000,0,user_19,428,428,
4084,28,530000,0,user_48,428,428,
4088,29,150000,369000,user_49,428,428,
4094,30,0,0,validator_0,100,428,4088
4062,31,160000,322000,user_29,428,428,
4095,32,0,0,validator_0,100,428,4062
4053,33,260000,0,user_20,428,428,
4071,34,220000,0,user_38,428,428,
4081,35,220000,0,user_46,428,428,
4086,36,220000,0,user_48,428,428,
4035,37,190000,0,user_0,428,428,
4061,38,190000,0,user_27,428,428,
4083,39,160000,0,user_47,428,428,
4036,40,80000,64600,user_2,428,428,
4096,41,0,0,validator_0,100,428,4036
4097,42,0,0,validator_0,100,428,4070
4070,43,73000,67900,user_38,428,428,
4098,44,0,0,validator_0,100,428,4067
4067,45,85000,32900,user_35,428,428,
4076,46,110000,0,user_42,428,428,
4077,47,110000,0,user_44,428,428,
4085,48,110000,0,user_48,428,428,
4082,49,87000,0,user_46,428,428,
4037,50,79000,0,user_3,428,428,
4044,51,73000,0,user_11,428,428,
4146,0,27000000,283000,user_34,429,429,
4138,1,6100000,0,user_30,429,429,
4154,2,6100000,0,user_41,429,429,
4162,3,5000000,0,user_48,429,429,
4118,4,4200000,0,user_17,429,429,
4130,5,4200000,18600,user_21,429,429,
4124,6,3600000,0,user_20,429,429,
4148,7,2500000,0,user_36,429,429,
4164,8,2400000,0,user_49,429,429,
4108,9,2100000,0,user_9,429,429,
4115,10,1800000,0,user_14,429,429,
4151,11,1600000,56200,user_37,429,429,
4150,12,1300000,0,user_37,429,429,
4135,13,1100000,0,user_28,429,429,
4157,14,1100000,0,user_43,429,429,
4120,15,1000000,7190000,user_19,429,429,
4134,16,1000000,0,user_26,429,429,
4144,17,1000000,0,user_32,429,429,
4105,18,910000,0,user_5,429,429,
4104,19,870000,0,user_4,429,429,
4122,20,650000,0,user_20,429,429,
4123,21,650000,0,user_20,429,429,
4163,22,650000,0,user_49,429,429,
4106,23,630000,0,user_6,429,429,
4117,24,530000,0,user_16,429,429,
4099,25,470000,0,user_0,429,429,
4125,26,310000,0,user_20,429,429,
4131,27,310000,0,user_22,429,429,
4141,28,260000,0,user_32,429,429,
4147,29,240000,0,user_36,429,429,
4114,30,220000,0,user_13,429,429,
4121,31,220000,0,user_19,429,429,
4111,32,170000,0,user_10,429,429,
4129,33,170000,0,user_21,429,429,
4137,34,160000,15300,user_30,429,429,
4100,35,150000,13900,user_1,429,429,
4136,36,150000,0,user_28,429,429,
4156,37,150000,0,user_43,429,429,
4101,38,149999,0,user_2,429,429,4100
4149,39,120000,0,user_37,429,429,
4107,40,110000,1100000,user_7,429,429,
4109,41,110000,0,user_9,429,429,
4110,42,110000,381000,user_9,429,429,
4116,43,100000,0,user_15,429,429,
4142,44,100000,42000,user_32,429,429,
4152,45,100000,0,user_38,429,429,
4103,46,85000,779000,user_4,429,429,
4143,47,84000,0,user_32,429,429,
4102,48,82000,0,user_3,429,429,
4133,49,80000,0,user_25,429,429,
4126,50,77000,0,user_20,429,429,
4128,51,77000,0,user_21,429,429,
4140,52,73000,0,user_32,429,429,
4127,53,70000,0,user_21,429,429,
4182,0,43000000,0,user_11,430,430,
4165,1,30000000,0,user_0,430,430,
4166,2,30000000,0,user_0,430,430,
4189,3,30000000,30200,user_18,430,430,
4192,4,27000000,0,user_20,430,430,
4213,5,6100000,0,user_39,430,430,
4215,6,4200000,0,user_41,430,430,
4191,7,3200000,67500,user_20,430,430,
4218,8,2500000,0,user_43,430,430,
4168,9,2100000,0,user_2,430,430,
4173,10,2100000,0,user_6,430,430,
4212,11,2000000,0,user_39,430,430,
4179,12,1400000,0,user_9,430,430,
4180,13,1300000,0,user_9,430,430,
4219,14,1300000,0,user_45,430,430,
4203,15,1200000,0,user_30,430,430,
4209,16,1200000,0,user_36,430,430,
4216,17,1200000,0,user_41,430,430,
4217,18,1200000,0,user_42,430,430,
4190,19,1100000,369000,user_19,430,430,
4188,20,1000000,0,user_15,430,430,
4184,21,910000,0,user_14,430,430,
4210,22,870000,5640,user_37,430,430,
4186,23,660000,0,user_15,430,430,
4220,24,650000,0,user_47,430,430,
4178,25,630000,0,user_8,430,430,
4199,26,630000,0,user_28,430,430,
4200,27,460000,35100,user_29,430,430,
4196,28,420000,0,user_24,430,430,
4185,29,370000,215000,user_15,430,430,
4181,30,350000,0,user_10,430,430,
4167,31,310000,0,user_2,430,430,
4172,32,220000,0,user_5,430,430,
4197,33,220000,0,user_26,430,430,
4222,34,170000,16400,user_49,430,430,
4201,35,150000,35600,user_30,430,430,
4202,36,150000,0,user_30,430,430,
4187,37,130000,60700,user_15,430,430,
4194,38,120000,0,user_22,430,430,
4198,39,120000,0,user_27,430,430,
4221,40,120000,0,user_47,430,430,
4211,41,110000,0,user_38,430,430,
4193,42,100000,0,user_20,430,430,
4171,43,84000,19700,user_5,430,430,
4204,44,79000,0,user_30,430,430,
4214,45,70000,0,user_40,430,430,
4237,0,30000000,0,user_15,431,431,
4227,1,27000000,0,user_9,431,431,
4244,2,4500000,0,user_21,431,431,
4250,3,4500000,0,user_32,431,431,
4225,4,3600000,0,user_3,431,431,
4247,5,2000000,0,user_27,431,431,
4248,6,2000000,0,user_28,431,431,
4257,7,2000000,0,user_40,431,431,
4243,8,1700000,0,user_21,431,431,
4253,9,1500000,0,user_35,431,431,
4265,10,1400000,13900,user_47,431,431,
4266,11,0,0,validator_8,100,431,4265
4233,12,1400000,0,user_11,431,431,
4245,13,1100000,0,user_24,431,431,
4254,14,1000000,0,user_35,431,431,
4267,15,0,0,validator_8,100,431,4249
4249,16,650000,322000,user_31,431,431,
4246,17,600000,0,user_27,431,431,
4235,18,470000,0,user_12,431,431,
4238,19,460000,0,user_16,431,431,
4224,20,320000,139000,user_3,431,431,
4268,21,0,0,validator_8,100,431,4224
4236,22,340000,31700,user_13,431,431,
4269,23,0,0,validator_8,100,431,4236
4252,24,370000,0,user_34,431,431,
4228,25,220000,0,user_9,431,431,
4234,26,220000,0,user_11,431,431,
4242,27,150000,0,user_20,431,431,
4251,28,130000,0,user_33,431,431,
4223,29,83000,14200,user_0,431,431,
4270,30,0,0,validator_8,100,431,4223
2157,0,43000000,0,user_32,432,432,
2160,1,27000000,0,user_39,432,432,
2146,2,19000000,0,user_23,432,432,
2142,3,5200000,0,user_20,432,432,
2144,4,5200000,0,user_22,432,432,
2179,5,0,0,validator_12,100,432,2128
2128,6,3600000,15100,user_1,432,432,
2130,7,3600001,0,user_2,432,432,2128
2140,8,3600000,0,user_17,432,432,
2129,9,3599999,0,user_2,432,432,2128
2180,10,0,0,validator_12,100,432,2139
2139,11,2000000,215000,user_16,432,432,
2176,12,1700000,0,user_48,432,432,
2138,13,1600000,0,user_14,432,432,
2181,14,0,0,validator_12,100,432,2174
2174,15,1300000,181000,user_48,432,432,
2136,16,1000000,215000,user_11,432,432,
2182,17,0,0,validator_12,100,432,2136
2169,18,970000,0,user_44,432,432,
2183,19,0,0,validator_12,100,432,2134
2134,20,240000,256000,user_7,432,432,
2155,21,470000,0,user_31,432,432,
2156,22,460000,0,user_31,432,432,
2184,23,0,0,validator_12,100,432,2131
2131,24,300000,24700,user_3,432,432,
2147,25,320000,0,user_23,432,432,
2150,26,310000,0,user_24,432,432,
2175,27,300000,0,user_48,432,432,
2137,28,260000,0,user_12,432,432,
2154,29,220000,0,user_30,432,432,
2178,30,220000,0,user_48,432,432,
2170,31,190000,0,user_45,432,432,
2149,32,170000,0,user_23,432,432,
2159,33,170000,0,user_35,432,432,
2171,34,160000,0,user_46,432,432,
2177,35,150000,0,user_48,432,432,
2145,36,120000,0,user_23,432,432,
2158,37,120000,0,user_34,432,432,
2168,38,110000,0,user_43,432,432,
2148,39,100000,0,user_23,432,432,
2133,40,80000,0,user_7,432,432,
2153,41,79000,0,user_29,432,432,
2152,42,77000,0,user_27,432,432,
2201,0,30000000,0,user_15,433,433,
2206,1,30000000,0,user_19,433,433,
2227,2,30000000,0,user_47,433,433,
2230,3,1500000,4320000,user_49,433,433,
2231,4,0,0,validator_4,100,433,2230
2214,5,5000000,0,user_30,433,433,
2216,6,5000000,0,user_34,433,433,
2222,7,5000000,0,user_41,433,433,
2187,8,3500000,0,user_2,433,433,
2228,9,3200000,0,user_48,433,433,
2229,10,2500000,0,user_49,433,433,
2223,11,2300000,0,user_43,433,433,
2213,12,2000000,0,user_29,433,433,
2209,13,1700000,0,user_27,433,433,
2217,14,1700000,0,user_35,433,433,
2205,15,1600000,0,user_18,433,433,
2226,16,1600000,0,user_47,433,433,
2232,17,0,0,validator_4,100,433,2219
2219,18,1500000,84800,user_39,433,433,
2204,19,1400000,3130,user_15,433,433,
2233,20,0,0,validator_4,100,433,2204
2224,21,1400000,0,user_44,433,433,
2225,22,1100000,0,user_46,433,433,
2200,23,670000,0,user_14,433,433,
2202,24,650000,0,user_15,433,433,
2212,25,530000,0,user_29,433,433,
2193,26,370000,0,user_6,433,433,
2234,27,0,0,validator_4,100,433,2192
2192,28,260000,100000,user_5,433,433,
2196,29,310000,5180,user_9,433,433,
2235,30,0,0,validator_4,100,433,2196
2207,31,120000,146000,user_23,433,433,
2236,32,0,0,validator_4,100,433,2207
2186,33,260000,0,user_1,433,433,
2185,34,190000,0,user_0,433,433,
2237,35,0,0,validator_4,100,433,2203
2203,36,110000,64600,user_15,433,433,
2190,37,170000,0,user_4,433,433,
2215,38,150000,0,user_34,433,433,
2191,39,120000,0,user_5,433,433,
2220,40,120000,0,user_40,433,433,
2210,41,110000,0,user_27,433,433,
2221,42,110000,0,user_41,433,433,
2238,43,0,0,validator_4,100,433,2208
2208,44,87000,21800,user_25,433,433,
2188,45,85000,0,user_2,433,433,
2194,46,79000,0,user_6,433,433,
2257,0,43000000,0,user_18,434,434,
2254,1,6300000,0,user_17,434,434,
2280,2,5200000,0,user_36,434,434,
2267,3,5000000,545000,user_26,434,434,
2277,4,4500000,0,user_31,434,434,
2249,5,2400000,0,user_14,434,434,
2240,6,2300000,0,user_0,434,434,
2260,7,2000000,0,user_21,434,434,
2283,8,2000000,0,user_38,434,434,
2278,9,1600000,231000,user_33,434,434,
2289,10,1600000,0,user_46,434,434,
2246,11,1300000,0,user_14,434,434,
2251,12,1300000,16400,user_15,434,434,
2245,13,1100000,0,user_13,434,434,
2263,14,1100000,0,user_21,434,434,
2256,15,1000000,0,user_17,434,434,
2241,16,910000,0,user_4,434,434,
2285,17,660000,0,user_40,434,434,
2247,18,650000,0,user_14,434,434,
2282,19,600000,0,user_37,434,434,
2265,20,470000,0,user_23,434,434,
2273,21,470000,121000,user_29,434,434,
2250,22,460000,0,user_15,434,434,
2255,23,460000,0,user_17,434,434,
2261,24,460000,0,user_21,434,434,
2262,25,460000,0,user_21,434,434,
2292,26,460000,0,user_48,434,434,
2258,27,370000,0,user_20,434,434,
2268,28,360000,0,user_26,434,434,
2288,29,350000,0,user_45,434,434,
2287,30,310000,0,user_44,434,434,
2290,31,300000,0,user_47,434,434,
2259,32,170000,66100,user_20,434,434,
2281,33,160000,128000,user_37,434,434,
2264,34,150000,0,user_21,434,434,
2270,35,130000,0,user_26,434,434,
2269,36,120000,0,user_26,434,434,
2279,37,120000,0,user_33,434,434,
2248,38,110000,0,user_14,434,434,
2291,39,110000,0,user_48,434,434,
2239,40,100000,0,user_0,434,434,
2286,41,87000,11200,user_41,434,434,
2253,42,85000,0,user_17,434,434,
2266,43,79000,16400,user_25,434,434,
2342,0,0,0,validator_11,100,435,2305
2305,1,30000000,1100000,user_9,435,435,
2295,2,30000000,0,user_0,435,435,
2324,3,27000000,0,user_30,435,435,
2336,4,27000000,0,user_44,435,435,
2338,5,19000000,43600,user_45,435,435,
2343,6,0,0,validator_11,100,435,2338
2331,7,6300000,43600,user_39,435,435,
2344,8,0,0,validator_11,100,435,2331
2311,9,5200000,0,user_19,435,435,
2345,10,0,0,validator_11,100,435,2315
2315,11,5000000,121000,user_19,435,435,
2337,12,4500000,0,user_44,435,435,
2327,13,2400000,10700,user_35,435,435,
2346,14,0,0,validator_11,100,435,2327
2323,15,2100000,56200,user_28,435,435,
2347,16,0,0,validator_11,100,435,2323
2308,17,2100000,0,user_12,435,435,
2314,18,2100000,0,user_19,435,435,
2319,19,2100000,0,user_22,435,435,
2320,20,1900000,0,user_23,435,435,
2300,21,1800000,0,user_4,435,435,
2297,22,1500000,0,user_2,435,435,
2312,23,1500000,0,user_19,435,435,
2296,24,1400000,0,user_1,435,435,
2341,25,1100000,100000,user_48,435,435,
2348,26,0,0,validator_11,100,435,2341
2318,27,1000000,0,user_21,435,435,
2299,28,910000,0,user_3,435,435,
2349,29,0,0,validator_11,100,435,2333
2333,30,670000,161000,user_41,435,435,
2303,31,630000,0,user_6,435,435,
2307,32,460000,0,user_11,435,435,
2350,33,0,0,validator_11,100,435,2325
2325,34,420000,16400,user_30,435,435,
2310,35,420000,0,user_18,435,435,
2334,36,370000,46500,user_42,435,435,
2351,37,0,0,validator_11,100,435,2334
2301,38,360000,0,user_5,435,435,
2330,39,240000,46500,user_38,435,435,
2352,40,0,0,validator_11,100,435,2330
2353,41,0,0,validator_11,100,435,2326
2326,42,160000,47700,user_32,435,435,
2302,43,170000,0,user_6,435,435,
2313,44,150000,0,user_19,435,435,
2335,45,110000,39400,user_43,435,435,
2354,46,0,0,validator_11,100,435,2335
2304,47,120000,0,user_8,435,435,
2339,48,110000,0,user_46,435,435,
2340,49,110000,0,user_47,435,435,
2329,50,100000,0,user_37,435,435,
2322,51,98000,0,user_27,435,435,
2321,52,84000,0,user_26,435,435,
2309,53,80000,0,user_15,435,435,
2298,54,77000,0,user_3,435,435,
2328,55,70000,0,user_36,435,435,
2360,0,27000000,31700,user_7,436,436,
2363,1,27000000,0,user_10,436,436,
2369,2,6300000,0,user_15,436,436,
2384,3,5200000,0,user_30,436,436,
2356,4,5000001,0,user_2,436,436,2355
2355,5,5000000,369000,user_0,436,436,
2387,6,5000000,0,user_32,436,436,
2396,7,5000000,0,user_41,436,436,
2397,8,3200000,0,user_42,436,436,
2373,9,2600000,0,user_18,436,436,
2365,10,2400000,0,user_10,436,436,
2410,11,2300000,0,user_49,436,436,
2388,12,2000000,0,user_33,436,436,
2394,13,1900000,24700,user_39,436,436,
2402,14,1700000,33100,user_43,436,436,
2409,15,1700000,0,user_49,436,436,
2375,16,1500000,0,user_20,436,436,
2380,17,1500000,66100,user_27,436,436,
2398,18,1500000,0,user_42,436,436,
2362,19,970000,0,user_10,436,436,
2400,20,910000,0,user_42,436,436,
2367,21,670000,0,user_14,436,436,
2405,22,660000,0,user_45,436,436,
2406,23,660000,0,user_46,436,436,
2386,24,650000,0,user_32,436,436,
2364,25,630000,46500,user_10,436,436,
2371,26,460000,0,user_15,436,436,
2403,27,460000,0,user_44,436,436,
2391,28,420000,33100,user_36,436,436,
2381,29,370000,0,user_28,436,436,
2393,30,370000,0,user_37,436,436,
2404,31,340000,0,user_45,436,436,
2372,32,170000,0,user_16,436,436,
2359,33,160000,0,user_6,436,436,
2379,34,160000,0,user_26,436,436,
2389,35,160000,0,user_34,436,436,
2399,36,130000,18600,user_42,436,436,
2366,37,120000,0,user_11,436,436,
2368,38,120000,0,user_15,436,436,
2378,39,120000,322000,user_24,436,436,
2395,40,120000,0,user_40,436,436,
2357,41,110000,0,user_4,436,436,
2370,42,110000,0,user_15,436,436,
2376,43,110000,0,user_22,436,436,
2382,44,98000,0,user_28,436,436,
2385,45,87000,0,user_32,436,436,
2392,46,84000,164000,user_36,436,436,
2401,47,79000,0,user_43,436,436,
2417,0,19000000,0,user_4,437,437,
2436,1,5200000,0,user_24,437,437,
2452,2,5200000,0,user_38,437,437,
2439,3,2600000,0,user_26,437,437,
2449,4,2400000,0,user_36,437,437,
2461,5,2000000,11200,user_45,437,437,
2467,6,0,0,validator_5,100,437,2461
2426,7,1900000,0,user_18,437,437,
2435,8,1700000,60700,user_24,437,437,
2468,9,0,0,validator_5,100,437,2435
2457,10,1700000,0,user_44,437,437,
2423,11,1600000,0,user_15,437,437,
2430,12,1600000,0,user_21,437,437,
2446,13,1600000,0,user_35,437,437,
2464,14,1600000,0,user_46,437,437,
2431,15,1500000,16400,user_21,437,437,
2469,16,0,0,validator_5,100,437,2431
2451,17,1500000,0,user_38,437,437,
2470,18,0,0,validator_5,100,437,2412
2412,19,1100000,46500,user_0,437,437,
2415,20,1100001,0,user_2,437,437,2412
2413,21,1099999,0,user_0,437,437,2412
2414,22,1099999,0,user_1,437,437,2412
2471,23,0,0,validator_5,100,437,2450
2450,24,1000000,12800,user_37,437,437,
2411,25,1000000,0,user_0,437,437,
2420,26,1000000,0,user_10,437,437,
2443,27,1000000,0,user_31,437,437,
2454,28,970000,0,user_40,437,437,
2462,29,910000,0,user_45,437,437,
2438,30,120000,769000,user_25,437,437,
2472,31,0,0,validator_5,100,437,2438
2441,32,600000,0,user_28,437,437,
2416,33,530000,0,user_3,437,437,
2419,34,530000,0,user_10,437,437,
2432,35,530000,0,user_21,437,437,
2434,36,470000,0,user_22,437,437,
2429,37,460000,0,user_21,437,437,
2465,38,370000,0,user_47,437,437,
2425,39,360000,0,user_18,437,437,
2442,40,340000,0,user_29,437,437,
2437,41,150000,121000,user_24,437,437,
2473,42,0,0,validator_5,100,437,2437
2463,43,190000,0,user_45,437,437,
2448,44,150000,39400,user_36,437,437,
2474,45,0,0,validator_5,100,437,2448
2418,46,170000,0,user_5,437,437,
2424,47,170000,0,user_16,437,437,
2440,48,170000,0,user_27,437,437,
2427,49,120000,39400,user_20,437,437,
2475,50,0,0,validator_5,100,437,2427
2433,51,150000,0,user_22,437,437,
2455,52,150000,0,user_41,437,437,
2447,53,120000,0,user_35,437,437,
2459,54,120000,0,user_45,437,437,
2476,55,0,0,validator_5,100,437,2466
2466,56,98000,21800,user_49,437,437,
2428,57,110000,0,user_21,437,437,
2458,58,110000,0,user_44,437,437,
2460,59,110000,0,user_45,437,437,
2529,0,0,0,validator_7,100,438,2510
2510,1,43000000,12800,user_31,438,438,
2517,2,43000000,0,user_34,438,438,
2512,3,5200000,0,user_31,438,438,
2495,4,120000,4320000,user_17,438,438,
2530,5,0,0,validator_7,100,438,2495
2497,6,4200000,0,user_19,438,438,
2485,7,3200000,0,user_6,438,438,
2503,8,2600000,0,user_25,438,438,
2507,9,2500000,0,user_30,438,438,
2493,10,2100000,5640,user_15,438,438,
2531,11,0,0,validator_7,100,438,2493
2478,12,2100000,0,user_2,438,438,
2509,13,2000000,0,user_30,438,438,
2488,14,1800000,0,user_7,438,438,
2522,15,1800000,0,user_43,438,438,
2527,16,1400000,0,user_47,438,438,
2514,17,1100000,0,user_32,438,438,
2484,18,1000000,0,user_6,438,438,
2491,19,1000000,0,user_12,438,438,
2490,20,870000,0,user_12,438,438,
2526,21,670000,0,user_46,438,438,
2518,22,660000,0,user_36,438,438,
2477,23,470000,0,user_2,438,438,
2496,24,470000,0,user_18,438,438,
2501,25,100000,256000,user_24,438,438,
2532,26,0,0,validator_7,100,438,2501
2502,27,310000,0,user_24,438,438,
2508,28,310000,0,user_30,438,438,
2513,29,300000,0,user_31,438,438,
2533,30,0,0,validator_7,100,438,2500
2500,31,260000,18600,user_23,438,438,
2486,32,260000,0,user_6,438,438,
2479,33,120000,84800,user_2,438,438,
2534,34,0,0,validator_7,100,438,2479
2504,35,190000,0,user_28,438,438,
2511,36,170000,0,user_31,438,438,
2521,37,160000,0,user_40,438,438,
2524,38,160000,0,user_45,438,438,
2480,39,120001,0,user_2,438,438,2479
2483,40,120000,0,user_6,438,438,
2520,41,120000,0,user_39,438,438,
2525,42,120000,0,user_45,438,438,
2482,43,110000,0,user_5,438,438,
2519,44,110000,0,user_38,438,438,
2528,45,110000,0,user_49,438,438,
2481,46,85000,0,user_3,438,438,
2523,47,82000,0,user_44,438,438,
2487,48,80000,0,user_7,438,438,
2506,49,79000,0,user_30,438,438,
2562,0,27000000,23500,user_35,439,439,
2578,1,0,0,validator_13,100,439,2562
2547,2,6100000,0,user_15,439,439,
2539,3,5200000,0,user_7,439,439,
2557,4,5000000,13900,user_31,439,439,
2579,5,0,0,validator_13,100,439,2557
2571,6,4200000,0,user_43,439,439,
2551,7,3200000,0,user_27,439,439,
2542,8,2000000,0,user_10,439,439,
2555,9,2000000,0,user_30,439,439,
2576,10,2000000,0,user_48,439,439,
2546,11,1800000,0,user_13,439,439,
2553,12,1600000,0,user_28,439,439,
2561,13,1500000,0,user_34,439,439,
2559,14,1300000,0,user_32,439,439,
2580,15,0,0,validator_13,100,439,2560
2560,16,360000,545000,user_33,439,439,
2577,17,110000,779000,user_48,439,439,
2581,18,0,0,validator_13,100,439,2577
2537,19,630000,0,user_4,439,439,
2545,20,630000,0,user_12,439,439,
2582,21,0,0,validator_13,100,439,2564
2564,22,530000,17000,user_36,439,439,
2583,23,0,0,validator_13,100,439,2563
2563,24,220000,296000,user_35,439,439,
2574,25,340000,0,user_45,439,439,
2556,26,320000,0,user_31,439,439,
2536,27,310000,0,user_3,439,439,
2554,28,220000,0,user_29,439,439,
2541,29,170000,0,user_10,439,439,
2573,30,160000,0,user_44,439,439,
2550,31,150000,0,user_25,439,439,
2575,32,150000,0,user_46,439,439,
2540,33,84000,64600,user_8,439,439,
2584,34,0,0,validator_13,100,439,2540
2552,35,120000,0,user_27,439,439,
2566,36,120000,0,user_41,439,439,
2565,37,110000,0,user_39,439,439,
2572,38,83000,23500,user_44,439,439,
2585,39,0,0,validator_13,100,439,2572
2535,40,85000,0,user_1,439,439,
2544,41,84000,0,user_12,439,439,
2558,42,80000,0,user_32,439,439,
2625,0,30000000,0,user_44,440,440,
2612,1,170000,17700000,user_29,440,440,
2630,2,0,0,validator_6,100,440,2612
2588,3,5000000,21800,user_3,440,440,
2631,4,0,0,validator_6,100,440,2588
2623,5,220000,4320000,user_43,440,440,
2632,6,0,0,validator_6,100,440,2623
2598,7,4500000,0,user_16,440,440,
2627,8,2000000,410000,user_46,440,440,
2633,9,0,0,validator_6,100,440,2627
2634,10,0,0,validator_6,100,440,2591
2591,11,2000000,35600,user_10,440,440,
2604,12,1700000,0,user_21,440,440,
2613,13,1500000,0,user_31,440,440,
2600,14,1200000,0,user_17,440,440,
2635,15,0,0,validator_6,100,440,2603
2603,16,73000,1100000,user_19,440,440,
2621,17,1000000,0,user_42,440,440,
2587,18,670000,0,user_2,440,440,
2608,19,670000,0,user_24,440,440,
2614,20,660000,0,user_32,440,440,
2594,21,600000,18600,user_14,440,440,
2636,22,0,0,validator_6,100,440,2594
2610,23,600000,0,user_28,440,440,
2622,24,460000,0,user_42,440,440,
2637,25,0,0,validator_6,100,440,2596
2596,26,79000,369000,user_15,440,440,
2586,27,300000,0,user_1,440,440,
2599,28,260000,0,user_16,440,440,
2602,29,260000,0,user_18,440,440,
2638,30,0,0,validator_6,100,440,2592
2592,31,100000,139000,user_11,440,440,
2639,32,0,0,validator_6,100,440,2601
2601,33,160000,56200,user_17,440,440,
2618,34,170000,0,user_39,440,440,
2628,35,170000,0,user_48,440,440,
2609,36,150000,10700,user_25,440,440,
2640,37,0,0,validator_6,100,440,2609
2597,38,160000,0,user_16,440,440,
2611,39,160000,0,user_28,440,440,
2626,40,160000,0,user_45,440,440,
2615,41,150000,0,user_33,440,440,
2624,42,110000,0,user_43,440,440,
2593,43,82000,17000,user_12,440,440,
2641,44,0,0,validator_6,100,440,2593
2589,45,82000,0,user_4,440,440,
2595,46,82000,0,user_15,440,440,
2617,47,80000,0,user_38,440,440,
2662,0,43000000,0,user_25,441,441,
2644,1,30000000,0,user_3,441,441,
2645,2,30000000,0,user_5,441,441,
2665,3,27000000,0,user_28,441,441,
2668,4,19000000,64600,user_33,441,441,
2680,5,0,0,validator_5,100,441,2668
2642,6,5200000,0,user_0,441,441,
2681,7,0,0,validator_5,100,441,2651
2651,8,3600000,5180,user_11,441,441,
2675,9,3200000,0,user_40,441,441,
2678,10,3200000,0,user_49,441,441,
2682,11,0,0,validator_5,100,441,2663
2663,12,1900000,231000,user_27,441,441,
2657,13,2000000,0,user_20,441,441,
2656,14,1700000,0,user_19,441,441,
2646,15,1600000,0,user_6,441,441,
2666,16,1400000,0,user_31,441,441,
2676,17,1000000,0,user_41,441,441,
2669,18,870000,0,user_33,441,441,
2652,19,460000,5630,user_12,441,441,
2683,20,0,0,validator_5,100,441,2652
2650,21,370000,39400,user_10,441,441,
2684,22,0,0,validator_5,100,441,2650
2671,23,340000,0,user_35,441,441,
2685,24,0,0,validator_5,100,441,2661
2661,25,260000,36800,user_22,441,441,
2660,26,150000,0,user_22,441,441,
2643,27,120000,0,user_1,441,441,
2672,28,120000,0,user_36,441,441,
2658,29,100000,12300,user_20,441,441,
2686,30,0,0,validator_5,100,441,2658
2664,31,110000,0,user_27,441,441,
2673,32,110000,0,user_38,441,441,
2679,33,110000,0,user_49,441,441,
2655,34,83000,0,user_19,441,441,
2659,35,82000,0,user_21,441,441,
2677,36,82000,0,user_44,441,441,
2692,0,19000000,0,user_7,442,442,
2714,1,6300000,0,user_29,442,442,
2704,2,5200000,0,user_20,442,442,
2697,3,3600000,0,user_12,442,442,
2702,4,3500000,0,user_19,442,442,
2725,5,2600000,0,user_44,442,442,
2695,6,2400000,0,user_9,442,442,
2696,7,2000000,0,user_11,442,442,
2724,8,1600000,0,user_43,442,442,
2721,9,1500000,0,user_38,442,442,
2717,10,1000000,161000,user_33,442,442,
2729,11,0,0,validator_0,100,442,2717
2716,12,1100000,16400,user_32,442,442,
2730,13,0,0,validator_0,100,442,2716
2722,14,73000,959000,user_40,442,442,
2731,15,0,0,validator_0,100,442,2722
2723,16,970000,0,user_42,442,442,
2690,17,910000,0,user_5,442,442,
2728,18,670000,0,user_48,442,442,
2703,19,660000,0,user_20,442,442,
2709,20,660000,0,user_24,442,442,
2708,21,650000,0,user_24,442,442,
2710,22,630000,0,user_24,442,442,
2698,23,600000,0,user_13,442,442,
2691,24,470000,0,user_6,442,442,
2693,25,420000,0,user_7,442,442,
2706,26,340000,0,user_22,442,442,
2727,27,320000,0,user_47,442,442,
2701,28,310000,0,user_15,442,442,
2720,29,260000,0,user_37,442,442,
2732,30,0,0,validator_0,100,442,2719
2719,31,84000,139000,user_37,442,442,
2712,32,170000,0,user_27,442,442,
2689,33,160000,0,user_3,442,442,
2707,34,120000,0,user_23,442,442,
2713,35,120000,0,user_29,442,442,
2694,36,110000,0,user_9,442,442,
2687,37,87000,0,user_0,442,442,
2757,0,30000000,0,user_17,443,443,
2737,1,6100000,0,user_4,443,443,
2747,2,5000000,32900,user_9,443,443,
2754,3,4200000,0,user_15,443,443,
2785,4,4200000,285000,user_42,443,443,
2788,5,2500000,0,user_45,443,443,
2750,6,2300000,0,user_11,443,443,
2738,7,2000000,0,user_5,443,443,
2749,8,2000000,0,user_11,443,443,
2758,9,1400000,0,user_18,443,443,
2763,10,1400000,0,user_19,443,443,
2766,11,1400000,0,user_22,443,443,
2789,12,1400000,66100,user_46,443,443,
2775,13,1300000,0,user_30,443,443,
2751,14,1200000,0,user_12,443,443,
2755,15,1200000,0,user_16,443,443,
2748,16,1100000,0,user_10,443,443,
2782,17,1000000,0,user_39,443,443,
2784,18,1000000,0,user_40,443,443,
2765,19,910000,0,user_22,443,443,
2744,20,600000,350000,user_9,443,443,
2772,21,470000,0,user_27,443,443,
2773,22,470000,35600,user_28,443,443,
2787,23,460000,17700000,user_43,443,443,
2762,24,420000,0,user_18,443,443,
2743,25,350000,4320000,user_8,443,443,
2746,26,350000,0,user_9,443,443,
2786,27,350000,0,user_43,443,443,
2742,28,310000,0,user_8,443,443,
2769,29,310000,0,user_25,443,443,
2745,30,300000,16400,user_9,443,443,
2759,31,300000,0,user_18,443,443,
2760,32,220000,0,user_18,443,443,
2776,33,220000,42000,user_30,443,443,
2733,34,170000,0,user_0,443,443,
2774,35,170000,0,user_29,443,443,
2790,36,160000,0,user_47,443,443,
2756,37,150000,0,user_17,443,443,
2771,38,120000,0,user_27,443,443,
2783,39,120000,0,user_40,443,443,
2764,40,110000,0,user_21,443,443,
2736,41,98000,0,user_2,443,443,
2770,42,87000,0,user_26,443,443,
2752,43,85000,0,user_14,443,443,
2735,44,83000,0,user_2,443,443,
2739,45,82000,0,user_6,443,443,
2761,46,82000,0,user_18,443,443,
2753,47,73000,0,user_14,443,443,
2781,48,73000,0,user_38,443,443,
2791,0,27000000,0,user_0,444,444,
2835,1,19000000,0,user_42,444,444,
2818,2,5000000,0,user_20,444,444,
2802,3,4500000,100000,user_9,444,444,
2841,4,4500000,0,user_47,444,444,
2832,5,3200000,0,user_36,444,444,
2799,6,2400000,5180,user_6,444,444,
2811,7,2400000,0,user_15,444,444,
2812,8,2400000,0,user_16,444,444,
2824,9,2000000,35600,user_25,444,444,
2833,10,2000000,14200,user_39,444,444,
2844,11,1900000,0,user_49,444,444,
2809,12,1700000,0,user_14,444,444,
2839,13,1700000,0,user_46,444,444,
2836,14,1500000,8520,user_43,444,444,
2805,15,1400000,0,user_12,444,444,
2822,16,1400000,0,user_25,444,444,
2821,17,1000000,545000,user_24,444,444,
2814,18,660000,0,user_18,444,444,
2803,19,650000,0,user_10,444,444,
2838,20,600000,49100,user_45,444,444,
2825,21,530000,0,user_25,444,444,
2842,22,320000,0,user_47,444,444,
2810,23,310000,0,user_14,444,444,
2794,24,300000,0,user_2,444,444,
2797,25,300000,0,user_5,444,444,
2815,26,300000,0,user_18,444,444,
2819,27,240000,0,user_21,444,444,
2826,28,160000,0,user_26,444,444,
2801,29,120000,68100,user_8,444,444,
2807,30,120000,0,user_12,444,444,
2813,31,110000,21800,user_18,444,444,
2823,32,110000,35100,user_25,444,444,
2827,33,110000,0,user_29,444,444,
2798,34,100000,0,user_5,444,444,
2796,35,98000,0,user_4,444,444,
2806,36,85000,5180,user_12,444,444,
2834,37,84000,0,user_40,444,444,
2804,38,82000,12800,user_11,444,444,
2840,39,82000,0,user_46,444,444,
2808,40,80000,0,user_12,444,444,
2816,41,77000,0,user_19,444,444,
2817,42,77000,0,user_19,444,444,
2854,0,27000000,0,user_8,445,445,
2878,1,5200000,0,user_30,445,445,
2887,2,5200000,285000,user_37,445,445,
2876,3,5000000,0,user_29,445,445,
2885,4,3500000,0,user_36,445,445,
2863,5,3200000,0,user_14,445,445,
2873,6,2000000,0,user_27,445,445,
2862,7,1900000,0,user_14,445,445,
2893,8,1700000,13800,user_41,445,445,
2846,9,1500000,0,user_2,445,445,
2853,10,1500000,0,user_7,445,445,
2868,11,1500000,34700,user_26,445,445,
2888,12,1500000,0,user_38,445,445,
2874,13,1400000,0,user_28,445,445,
2883,14,1300000,0,user_35,445,445,
2849,15,1000000,0,user_4,445,445,
2886,16,1000000,0,user_37,445,445,
2847,17,970000,6390,user_2,445,445,
2851,18,910000,0,user_6,445,445,
2881,19,910000,0,user_32,445,445,
2889,20,650000,0,user_39,445,445,
2860,21,600000,0,user_13,445,445,
2894,22,350000,33300,user_41,445,445,
2867,23,340000,23500,user_21,445,445,
2875,24,340000,0,user_28,445,445,
2852,25,260000,0,user_6,445,445,
2848,26,220000,0,user_3,445,445,
2859,27,220000,0,user_13,445,445,
2891,28,220000,0,user_41,445,445,
2865,29,170000,0,user_19,445,445,
2870,30,170000,0,user_27,445,445,
2861,31,160000,24700,user_13,445,445,
2866,32,160000,0,user_20,445,445,
2877,33,160000,181000,user_29,445,445,
2892,34,160000,0,user_41,445,445,
2845,35,150000,0,user_2,445,445,
2850,36,150000,0,user_5,445,445,
2869,37,150000,0,user_27,445,445,
2890,38,150000,0,user_41,445,445,
2855,39,120000,7840,user_10,445,445,
2871,40,120000,0,user_27,445,445,
2902,41,120000,8520,user_48,445,445,
2872,42,110000,64600,user_27,445,445,
2901,43,98000,0,user_48,445,445,
2884,44,84000,0,user_35,445,445,
2858,45,82000,0,user_13,445,445,
2857,46,73000,0,user_13,445,445,
2903,47,73000,0,user_49,445,445,
2930,0,43000000,0,user_23,446,446,
2947,1,43000000,0,user_44,446,446,
2949,2,6100000,0,user_47,446,446,
2940,3,5200000,0,user_34,446,446,
2932,4,5000000,0,user_27,446,446,
2905,5,4500000,0,user_1,446,446,
2926,6,4500000,0,user_19,446,446,
2937,7,1700000,1100000,user_32,446,446,
2951,8,0,0,validator_4,100,446,2937
2948,9,2500000,0,user_45,446,446,
2925,10,2100000,0,user_18,446,446,
2922,11,2000000,5640,user_15,446,446,
2952,12,0,0,validator_4,100,446,2922
2911,13,1900000,0,user_4,446,446,
2946,14,1700000,0,user_42,446,446,
2904,15,1600000,0,user_0,446,446,
2916,16,1600000,0,user_9,446,446,
2941,17,1500000,17000,user_35,446,446,
2953,18,0,0,validator_4,100,446,2941
2914,19,1500000,0,user_5,446,446,
2927,20,1500000,0,user_21,446,446,
2918,21,1400000,0,user_9,446,446,
2908,22,1100000,0,user_2,446,446,
2954,23,0,0,validator_4,100,446,2943
2943,24,660000,369000,user_39,446,446,
2912,25,470000,0,user_4,446,446,
2921,26,420000,0,user_14,446,446,
2939,27,420000,0,user_33,446,446,
2917,28,130000,285000,user_9,446,446,
2955,29,0,0,validator_4,100,446,2917
2956,30,0,0,validator_4,100,446,2942
2942,31,84000,283000,user_35,446,446,
2924,32,350000,0,user_18,446,446,
2907,33,340000,0,user_2,446,446,
2935,34,300000,0,user_29,446,446,
2957,35,0,0,validator_4,100,446,2919
2919,36,220000,13900,user_9,446,446,
2929,37,190000,0,user_23,446,446,
2938,38,170000,0,user_32,446,446,
2950,39,170000,0,user_48,446,446,
2944,40,120000,0,user_39,446,446,
2945,41,110000,0,user_41,446,446,
2923,42,77000,30200,user_16,446,446,
2958,43,0,0,validator_4,100,446,2923
2959,44,0,0,validator_4,100,446,2931
2931,45,85000,17000,user_25,446,446,
2906,46,85000,0,user_1,446,446,
2913,47,83000,0,user_5,446,446,
2928,48,73000,0,user_22,446,446,
2997,0,27000000,75000,user_33,447,447,
3011,1,0,0,validator_11,100,447,2997
3012,2,0,0,validator_11,100,447,2978
2978,3,19000000,46500,user_18,447,447,
3013,4,0,0,validator_11,100,447,2995
2995,5,6100000,13900,user_31,447,447,
2985,6,5000000,0,user_22,447,447,
3005,7,5000000,0,user_41,447,447,
2986,8,2500000,0,user_23,447,447,
3014,9,0,0,validator_11,100,447,2967
2967,10,2000000,24700,user_8,447,447,
2975,11,2000000,0,user_16,447,447,
3015,12,0,0,validator_11,100,447,2962
2962,13,1600000,7840,user_3,447,447,
2961,14,1500000,0,user_2,447,447,
2987,15,1400000,0,user_25,447,447,
2983,16,1000000,0,user_21,447,447,
3006,17,970000,0,user_44,447,447,
3016,18,0,0,validator_11,100,447,2968
2968,19,910000,3130,user_9,447,447,
2993,20,870000,0,user_31,447,447,
2999,21,870000,0,user_35,447,447,
2963,22,670000,0,user_3,447,447,
3001,23,660000,0,user_37,447,447,
2974,24,460000,0,user_16,447,447,
2994,25,460000,0,user_31,447,447,
2980,26,420000,0,user_19,447,447,
3007,27,420000,0,user_45,447,447,
3017,28,0,0,validator_11,100,447,2971
2971,29,190000,195000,user_12,447,447,
2977,30,310000,0,user_18,447,447,
3000,31,260000,8520,user_36,447,447,
3018,32,0,0,validator_11,100,447,3000
2988,33,240000,8520,user_26,447,447,
3019,34,0,0,validator_11,100,447,2988
3008,35,220000,0,user_46,447,447,
2982,36,190000,0,user_21,447,447,
3002,37,190000,0,user_38,447,447,
2976,38,170000,0,user_17,447,447,
2989,39,170000,0,user_27,447,447,
2990,40,160000,0,user_29,447,447,
3009,41,160000,0,user_46,447,447,
3004,42,130000,0,user_41,447,447,
2960,43,120000,0,user_0,447,447,
3010,44,120000,0,user_48,447,447,
2979,45,110000,0,user_18,447,447,
2996,46,110000,0,user_32,447,447,
2998,47,110000,0,user_34,447,447,
2984,48,100000,0,user_22,447,447,
2964,49,98000,0,user_5,447,447,
2973,50,84000,0,user_15,447,447,
2992,51,82000,0,user_30,447,447,
2965,52,79000,0,user_6,447,447,
2991,53,73000,0,user_29,447,447,
3026,0,43000000,0,user_8,448,448,
3027,1,43000000,0,user_9,448,448,
3049,2,43000000,0,user_32,448,448,
3020,3,19000000,0,user_0,448,448,
3039,4,6100000,12300,user_23,448,448,
3056,5,4200000,0,user_41,448,448,
3036,6,2600000,0,user_21,448,448,
3037,7,2400000,0,user_23,448,448,
3034,8,2300000,0,user_19,448,448,
3062,9,1700000,0,user_49,448,448,
3031,10,1600000,0,user_15,448,448,
3063,11,1600000,0,user_49,448,448,
3021,12,1500000,0,user_1,448,448,
3030,13,1100000,0,user_14,448,448,
3033,14,1000000,0,user_16,448,448,
3042,15,660000,0,user_25,448,448,
3041,16,460000,0,user_23,448,448,
3045,17,460000,0,user_27,448,448,
3051,18,310000,0,user_34,448,448,
3028,19,300000,0,user_10,448,448,
3032,20,220000,381000,user_15,448,448,
3035,21,220000,0,user_20,448,448,
3043,22,220000,0,user_25,448,448,
3023,23,170000,0,user_3,448,448,
3053,24,170000,33100,user_36,448,448,
3054,25,150000,139000,user_39,448,448,
3061,26,150000,0,user_49,448,448,
3038,27,120000,0,user_23,448,448,
3052,28,120000,0,user_35,448,448,
3040,29,110000,0,user_23,448,448,
3044,30,110000,0,user_26,448,448,
3025,31,100000,0,user_4,448,448,
3046,32,100000,0,user_28,448,448,
3022,33,83000,43600,user_2,448,448,
3024,34,79000,30200,user_3,448,448,
3117,0,0,0,validator_8,100,449,3079
3079,1,30000000,256000,user_14,449,449,
3065,2,27000000,0,user_1,449,449,
3090,3,19000000,0,user_28,449,449,
3098,4,5000000,0,user_33,449,449,
3081,5,3600000,0,user_20,449,449,
3114,6,2300000,0,user_44,449,449,
3096,7,2100000,0,user_31,449,449,
3073,8,1700000,0,user_9,449,449,
3071,9,1500000,0,user_8,449,449,
3089,10,1500000,0,user_27,449,449,
3092,11,1500000,0,user_29,449,449,
3084,12,1400000,0,user_22,449,449,
3066,13,1000000,0,user_3,449,449,
3113,14,1000000,0,user_44,449,449,
3082,15,670000,0,user_21,449,449,
3106,16,660000,0,user_41,449,449,
3072,17,650000,0,user_9,449,449,
3077,18,630000,0,user_13,449,449,
3075,19,530000,0,user_12,449,449,
3094,20,460000,0,user_30,449,449,
3091,21,420000,0,user_28,449,449,
3099,22,360000,30200,user_34,449,449,
3118,23,0,0,validator_8,100,449,3099
3100,24,260000,0,user_35,449,449,
3104,25,260000,0,user_40,449,449,
3068,26,220000,0,user_4,449,449,
3107,27,220000,0,user_42,449,449,
3064,28,170000,0,user_1,449,449,
3078,29,170000,0,user_13,449,449,
3085,30,160000,0,user_23,449,449,
3086,31,160000,0,user_23,449,449,
3111,32,160000,0,user_44,449,449,
3083,33,150000,5180,user_21,449,449,
3119,34,0,0,validator_8,100,449,3083
3076,35,150000,0,user_12,449,449,
3088,36,150000,0,user_26,449,449,
3112,37,150000,0,user_44,449,449,
3095,38,120000,0,user_30,449,449,
3097,39,120000,0,user_32,449,449,
3105,40,120000,0,user_41,449,449,
3110,41,120000,0,user_44,449,449,
3069,42,85000,16400,user_5,449,449,
3120,43,0,0,validator_8,100,449,3069
3093,44,79000,0,user_30,449,449,
3087,45,77000,0,user_24,449,449,
3067,46,70000,0,user_4,449,449,
3126,0,43000000,0,user_7,450,450,
3153,1,27000000,0,user_34,450,450,
3146,2,19000000,0,user_29,450,450,
3170,3,0,0,validator_9,100,450,3154
3154,4,6300000,7190000,user_34,450,450,
3130,5,6300000,0,user_10,450,450,
3171,6,0,0,validator_9,100,450,3155
3155,7,5200000,67500,user_36,450,450,
3172,8,0,0,validator_9,100,450,3135
3135,9,2400000,1100000,user_16,450,450,
3162,10,3200000,0,user_42,450,450,
3149,11,2600000,49100,user_32,450,450,
3173,12,0,0,validator_9,100,450,3149
3163,13,2500000,0,user_43,450,450,
3174,14,0,0,validator_9,100,450,3148
3148,15,1200000,1100000,user_31,450,450,
3123,16,2000000,0,user_3,450,450,
3166,17,2000000,0,user_46,450,450,
3165,18,1700000,0,user_45,450,450,
3140,19,1500000,66100,user_21,450,450,
3175,20,0,0,validator_9,100,450,3140
3127,21,1500000,0,user_8,450,450,
3161,22,1500000,0,user_41,450,450,
3121,23,1100000,68100,user_2,450,450,
3176,24,0,0,validator_9,100,450,3121
3122,25,1100001,0,user_2,450,450,3121
3169,26,970000,71800,user_49,450,450,
3177,27,0,0,validator_9,100,450,3169
3159,28,1000000,0,user_40,450,450,
3143,29,970000,0,user_26,450,450,
3157,30,630000,0,user_38,450,450,
3150,31,530000,0,user_32,450,450,
3158,32,530000,0,user_39,450,450,
3133,33,370000,0,user_14,450,450,
3145,34,220000,0,user_29,450,450,
3178,35,0,0,validator_9,100,450,3147
3147,36,70000,128000,user_30,450,450,
3132,37,120000,0,user_11,450,450,
3131,38,110000,0,user_11,450,450,
3152,39,100000,0,user_32,450,450,
3138,40,80000,14200,user_18,450,450,
3179,41,0,0,validator_9,100,450,3138
3151,42,79000,0,user_32,450,450,
3125,43,73000,0,user_6,450,450,
3160,44,70000,0,user_40,450,450,
3180,0,43000000,0,user_0,451,451,
3188,1,30000000,0,user_5,451,451,
3210,2,19000000,0,user_20,451,451,
3223,3,3500000,0,user_34,451,451,
3204,4,2300000,0,user_14,451,451,
3232,5,2300000,0,user_42,451,451,
3209,6,2000000,0,user_19,451,451,
3192,7,1600000,35100,user_7,451,451,
3211,8,1600000,0,user_21,451,451,
3183,9,1400000,0,user_3,451,451,
3225,10,1400000,0,user_36,451,451,
3231,11,1400000,0,user_42,451,451,
3190,12,1300000,0,user_7,451,451,
3234,13,1300000,33300,user_44,451,451,
3184,14,1200000,0,user_3,451,451,
3226,15,910000,0,user_37,451,451,
3237,16,670000,0,user_48,451,451,
3196,17,660000,0,user_11,451,451,
3197,18,650000,0,user_11,451,451,
3216,19,650000,0,user_26,451,451,
3194,20,530000,0,user_8,451,451,
3200,21,470000,0,user_13,451,451,
3187,22,460000,0,user_5,451,451,
3191,23,420000,0,user_7,451,451,
3198,24,420000,0,user_12,451,451,
3235,25,360000,0,user_45,451,451,
3186,26,320000,0,user_5,451,451,
3214,27,320000,0,user_23,451,451,
3213,28,310000,0,user_22,451,451,
3185,29,260000,0,user_5,451,451,
3203,30,260000,0,user_13,451,451,
3181,31,170000,0,user_1,451,451,
3199,32,170000,0,user_13,451,451,
3228,33,160000,0,user_40,451,451,
3212,34,150000,0,user_22,451,451,
3220,35,150000,0,user_28,451,451,
3236,36,150000,0,user_47,451,451,
3182,37,120000,16400,user_2,451,451,
3193,38,120000,0,user_8,451,451,
3195,39,120000,0,user_10,451,451,
3201,40,110000,0,user_13,451,451,
3202,41,110000,0,user_13,451,451,
3224,42,110000,0,user_34,451,451,
3221,43,98000,0,user_31,451,451,
3227,44,98000,0,user_37,451,451,
3189,45,85000,0,user_5,451,451,
3219,46,79000,0,user_28,451,451,
3278,0,30000000,0,user_36,452,452,
3286,1,0,0,validator_10,100,452,3255
3255,2,19000000,49100,user_17,452,452,
3287,3,0,0,validator_10,100,452,3280
3280,4,6300000,161000,user_40,452,452,
3276,5,4500000,0,user_33,452,452,
3277,6,4200000,0,user_34,452,452,
3262,7,3600000,0,user_25,452,452,
3238,8,2000000,0,user_0,452,452,
3283,9,2000000,0,user_44,452,452,
3281,10,1900000,0,user_41,452,452,
3273,11,1500000,0,user_31,452,452,
3288,12,0,0,validator_10,100,452,3239
3239,13,1400000,15700,user_0,452,452,
3240,14,1400001,0,user_1,452,452,3239
3242,15,1400001,0,user_2,452,452,3239
3241,16,1399999,0,user_1,452,452,3239
3263,17,1100000,0,user_25,452,452,
3285,18,1100000,0,user_48,452,452,
3260,19,910000,0,user_21,452,452,
3270,20,870000,0,user_30,452,452,
3284,21,670000,67900,user_47,452,452,
3289,22,0,0,validator_10,100,452,3284
3290,23,0,0,validator_10,100,452,3271
3271,24,110000,594000,user_30,452,452,
3249,25,470000,0,user_13,452,452,
3282,26,420000,0,user_42,452,452,
3291,27,0,0,validator_10,100,452,3253
3253,28,170000,215000,user_16,452,452,
3261,29,370000,0,user_24,452,452,
3272,30,350000,0,user_31,452,452,
3257,31,310000,0,user_17,452,452,
3259,32,300000,0,user_19,452,452,
3275,33,260000,35600,user_33,452,452,
3292,34,0,0,validator_10,100,452,3275
3254,35,150000,128000,user_17,452,452,
3293,36,0,0,validator_10,100,452,3254
3251,37,240000,0,user_16,452,452,
3294,38,0,0,validator_10,100,452,3248
3248,39,160000,67500,user_13,452,452,
3274,40,220000,0,user_32,452,452,
3252,41,170000,0,user_16,452,452,
3247,42,160000,0,user_12,452,452,
3244,43,120000,0,user_6,452,452,
3256,44,110000,0,user_17,452,452,
3250,45,83000,0,user_16,452,452,
3279,46,79000,0,user_39,452,452,
3266,47,70000,0,user_27,452,452,
3347,0,30000000,0,user_39,453,453,
3303,1,6100000,410000,user_5,453,453,
3356,2,0,0,validator_10,100,453,3303
3337,3,6300000,0,user_31,453,453,
3355,4,6300000,0,user_49,453,453,
3327,5,5000000,0,user_24,453,453,
3346,6,5000000,0,user_38,453,453,
3297,7,4200000,369000,user_0,453,453,
3357,8,0,0,validator_10,100,453,3297
3299,9,4200001,0,user_1,453,453,3297
3300,10,4200001,0,user_1,453,453,3297
3322,11,4200000,0,user_23,453,453,
3298,12,4199999,0,user_0,453,453,3297
3301,13,4199999,0,user_2,453,453,3297
3358,14,0,0,validator_10,100,453,3321
3321,15,3500000,64600,user_21,453,453,
3359,16,0,0,validator_10,100,453,3338
3338,17,3200000,68100,user_32,453,453,
3328,18,2600000,0,user_24,453,453,
3320,19,2400000,0,user_20,453,453,
3341,20,2400000,0,user_35,453,453,
3316,21,2100000,0,user_20,453,453,
3340,22,2000000,23500,user_34,453,453,
3360,23,0,0,validator_10,100,453,3340
3331,24,1900000,0,user_25,453,453,
3314,25,1500000,369000,user_19,453,453,
3361,26,0,0,validator_10,100,453,3314
3354,27,1800000,0,user_48,453,453,
3330,28,1500000,0,user_25,453,453,
3332,29,1500000,0,user_27,453,453,
3339,30,1500000,0,user_32,453,453,
3325,31,1400000,0,user_23,453,453,
3306,32,1200000,0,user_6,453,453,
3305,33,1100000,0,user_5,453,453,
3307,34,1100000,0,user_7,453,453,
3362,35,0,0,validator_10,100,453,3349
3349,36,1000000,42000,user_44,453,453,
3352,37,1000000,0,user_47,453,453,
3319,38,970000,0,user_20,453,453,
3353,39,970000,0,user_48,453,453,
3348,40,870000,0,user_40,453,453,
3296,41,630000,0,user_0,453,453,
3334,42,630000,0,user_30,453,453,
3318,43,460000,0,user_20,453,453,
3323,44,460000,0,user_23,453,453,
3308,45,420000,0,user_8,453,453,
3344,46,420000,0,user_37,453,453,
3295,47,370000,0,user_0,453,453,
3315,48,310000,0,user_19,453,453,
3329,49,310000,0,user_24,453,453,
3311,50,300000,0,user_11,453,453,
3333,51,260000,0,user_30,453,453,
3317,52,170000,56200,user_20,453,453,
3363,53,0,0,validator_10,100,453,3317
3324,54,160000,43600,user_23,453,453,
3364,55,0,0,validator_10,100,453,3324
3326,56,150000,0,user_23,453,453,
3343,57,150000,0,user_36,453,453,
3336,58,120000,0,user_31,453,453,
3342,59,110000,0,user_36,453,453,
3304,60,98000,0,user_5,453,453,
3335,61,87000,0,user_30,453,453,
3350,62,85000,0,user_45,453,453,
3345,63,84000,0,user_38,453,453,
3312,64,82000,0,user_16,453,453,
3396,0,43000000,0,user_32,454,454,
3399,1,30000000,0,user_34,454,454,
3398,2,27000000,23500,user_34,454,454,
3377,3,6100000,14200,user_17,454,454,
3388,4,5200000,71800,user_26,454,454,
3387,5,3500000,0,user_26,454,454,
3394,6,3500000,31700,user_31,454,454,
3407,7,2400000,0,user_45,454,454,
3406,8,1900000,0,user_42,454,454,
3373,9,1500000,7840,user_14,454,454,
3393,10,1500000,0,user_29,454,454,
3400,11,1500000,0,user_35,454,454,
3372,12,660000,0,user_13,454,454,
3395,13,660000,0,user_31,454,454,
3401,14,530000,0,user_35,454,454,
3382,15,470000,42000,user_22,454,454,
3402,16,470000,0,user_35,454,454,
3409,17,360000,0,user_45,454,454,
3384,18,350000,0,user_26,454,454,
3366,19,340000,769000,user_1,454,454,
3378,20,340000,0,user_19,454,454,
3374,21,310000,0,user_14,454,454,
3410,22,310000,0,user_46,454,454,
3365,23,260000,0,user_0,454,454,
3397,24,260000,0,user_33,454,454,
3379,25,170000,0,user_19,454,454,
3369,26,160000,0,user_4,454,454,
3386,27,150000,0,user_26,454,454,
3404,28,150000,0,user_36,454,454,
3411,29,130000,75000,user_48,454,454,
3371,30,120000,32900,user_7,454,454,
3403,31,98000,0,user_35,454,454,
3408,32,85000,0,user_45,454,454,
3380,33,83000,0,user_19,454,454,
3385,34,83000,0,user_26,454,454,
3381,35,79000,0,user_20,454,454,
3405,36,70000,0,user_37,454,454,
3420,0,30000000,0,user_9,455,455,
3430,1,27000000,0,user_19,455,455,
3444,2,27000000,0,user_37,455,455,
3413,3,19000000,0,user_1,455,455,
3457,4,0,0,validator_11,100,455,3455
3455,5,6300000,161000,user_48,455,455,
3414,6,5000000,0,user_3,455,455,
3426,7,5000000,0,user_15,455,455,
3438,8,4500000,0,user_31,455,455,
3424,9,2600000,0,user_14,455,455,
3454,10,2000000,0,user_47,455,455,
3440,11,1700000,30200,user_34,455,455,
3458,12,0,0,validator_11,100,455,3440
3431,13,1600000,0,user_19,455,455,
3459,14,0,0,validator_11,100,455,3434
3434,15,1400000,146000,user_23,455,455,
3443,16,1400000,71800,user_36,455,455,
3460,17,0,0,validator_11,100,455,3443
3418,18,1400000,0,user_8,455,455,
3451,19,1400000,0,user_45,455,455,
3448,20,1200000,0,user_43,455,455,
3442,21,1100000,36800,user_35,455,455,
3461,22,0,0,validator_11,100,455,3442
3453,23,130000,779000,user_47,455,455,
3462,24,0,0,validator_11,100,455,3453
3463,25,0,0,validator_11,100,455,3425
3425,26,170000,594000,user_14,455,455,
3419,27,630000,49100,user_8,455,455,
3464,28,0,0,validator_11,100,455,3419
3447,29,470000,0,user_41,455,455,
3412,30,460000,0,user_0,455,455,
3439,31,220000,155000,user_33,455,455,
3465,32,0,0,validator_11,100,455,3439
3429,33,370000,0,user_18,455,455,
3415,34,350000,0,user_4,455,455,
3452,35,310000,0,user_46,455,455,
3428,36,240000,0,user_17,455,455,
3416,37,220000,0,user_6,455,455,
3427,38,220000,0,user_16,455,455,
3441,39,220000,0,user_35,455,455,
3432,40,160000,0,user_19,455,455,
3437,41,160000,0,user_30,455,455,
3450,42,150000,0,user_45,455,455,
3422,43,120000,0,user_11,455,455,
3435,44,120000,0,user_24,455,455,
3446,45,120000,0,user_41,455,455,
3449,46,120000,0,user_44,455,455,
3456,47,85000,0,user_49,455,455,
3445,48,77000,0,user_38,455,455,
3436,49,73000,0,user_30,455,455,
3480,0,30000000,0,user_7,456,456,
3512,1,30000000,0,user_32,456,456,
3491,2,19000000,0,user_14,456,456,
3495,3,19000000,0,user_16,456,456,
3503,4,6100000,0,user_19,456,456,
3477,5,5000000,12800,user_6,456,456,
3479,6,3600000,0,user_6,456,456,
3514,7,2400000,0,user_34,456,456,
3497,8,2300000,0,user_17,456,456,
3473,9,2000000,0,user_4,456,456,
3515,10,2000000,0,user_34,456,456,
3478,11,1500000,31700,user_6,456,456,
3481,12,1400000,0,user_8,456,456,
3508,13,1400000,49100,user_26,456,456,
3499,14,1300000,0,user_17,456,456,
3507,15,1200000,68100,user_25,456,456,
3496,16,1100000,0,user_16,456,456,
3518,17,1100000,0,user_36,456,456,
3488,18,1000000,39400,user_13,456,456,
3471,19,970000,67500,user_3,456,456,
3511,20,970000,0,user_32,456,456,
3476,21,870000,0,user_6,456,456,
3494,22,670000,0,user_15,456,456,
3482,23,470000,0,user_9,456,456,
3516,24,460000,0,user_35,456,456,
3487,25,420000,0,user_13,456,456,
3489,26,420000,0,user_14,456,456,
3469,27,260001,0,user_1,456,456,3468
3468,28,260000,164000,user_1,456,456,
3526,29,260000,0,user_48,456,456,
3470,30,259999,0,user_2,456,456,3468
3484,31,220000,0,user_10,456,456,
3504,32,220000,0,user_23,456,456,
3528,33,190000,0,user_49,456,456,
3501,34,170000,0,user_17,456,456,
3527,35,170000,0,user_48,456,456,
3474,36,160000,0,user_5,456,456,
3472,37,150000,0,user_4,456,456,
3490,38,150000,13800,user_14,456,456,
3493,39,150000,0,user_15,456,456,
3466,40,120000,0,user_0,456,456,
3486,41,120000,0,user_13,456,456,
3509,42,120000,71800,user_26,456,456,
3510,43,120000,0,user_30,456,456,
3492,44,110000,0,user_14,456,456,
3498,45,110000,0,user_17,456,456,
3500,46,110000,13800,user_17,456,456,
3483,47,98000,67900,user_10,456,456,
3517,48,98000,0,user_36,456,456,
3467,49,85000,0,user_0,456,456,
3475,50,85000,0,user_6,456,456,
3567,0,43000000,0,user_40,457,457,
3571,1,43000000,0,user_43,457,457,
3561,2,5200000,100000,user_32,457,457,
3580,3,0,0,validator_1,100,457,3561
3573,4,3600000,0,user_45,457,457,
3533,5,3500000,0,user_5,457,457,
3570,6,3200000,0,user_42,457,457,
3543,7,2400000,0,user_13,457,457,
3540,8,2300000,0,user_11,457,457,
3557,9,2100000,0,user_28,457,457,
3578,10,1800000,0,user_49,457,457,
3538,11,1600000,0,user_10,457,457,
3549,12,1600000,0,user_18,457,457,
3550,13,1500000,60700,user_20,457,457,
3581,14,0,0,validator_1,100,457,3550
3532,15,1500000,0,user_5,457,457,
3582,16,0,0,validator_1,100,457,3535
3535,17,1400000,17000,user_7,457,457,
3583,18,0,0,validator_1,100,457,3539
3539,19,1100000,39400,user_10,457,457,
3562,20,1100000,0,user_33,457,457,
3565,21,1100000,0,user_38,457,457,
3541,22,1000000,0,user_12,457,457,
3568,23,910000,0,user_41,457,457,
3537,24,660000,0,user_9,457,457,
3559,25,660000,0,user_30,457,457,
3536,26,420000,0,user_8,457,457,
3584,27,0,0,validator_1,100,457,3555
3555,28,350000,34700,user_24,457,457,
3574,29,340000,0,user_46,457,457,
3544,30,320000,0,user_16,457,457,
3560,31,170000,0,user_30,457,457,
3585,32,0,0,validator_1,100,457,3569
3569,33,98000,71800,user_41,457,457,
3531,34,160000,0,user_4,457,457,
3554,35,160000,0,user_24,457,457,
3542,36,150000,0,user_13,457,457,
3576,37,150000,0,user_49,457,457,
3558,38,120000,0,user_29,457,457,
3577,39,120000,0,user_49,457,457,
3553,40,110000,0,user_23,457,457,
3566,41,110000,0,user_39,457,457,
3556,42,100000,0,user_26,457,457,
3575,43,83000,0,user_48,457,457,
3563,44,80000,0,user_34,457,457,
3579,45,79000,0,user_49,457,457,
3590,0,30000000,0,user_1,458,458,
3609,1,30000000,510000,user_19,458,458,
3636,2,19000000,0,user_38,458,458,
3603,3,3600000,0,user_13,458,458,
3587,4,3500000,0,user_1,458,458,
3611,5,3500000,17000,user_20,458,458,
3614,6,3200000,0,user_26,458,458,
3629,7,2600000,0,user_34,458,458,
3630,8,2300000,0,user_35,458,458,
3641,9,2100000,0,user_45,458,458,
3602,10,2000000,0,user_10,458,458,
3601,11,1600000,181000,user_9,458,458,
3605,12,1600000,195000,user_14,458,458,
3632,13,1600000,0,user_38,458,458,
3597,14,1500000,0,user_7,458,458,
3635,15,1500000,0,user_38,458,458,
3613,16,1400000,0,user_25,458,458,
3598,17,1000000,0,user_7,458,458,
3631,18,1000000,0,user_37,458,458,
3620,19,970000,60700,user_31,458,458,
3617,20,670000,0,user_28,458,458,
3588,21,630000,0,user_1,458,458,
3633,22,530000,0,user_38,458,458,
3634,23,420000,33100,user_38,458,458,
3619,24,360000,0,user_30,458,458,
3642,25,340000,0,user_47,458,458,
3628,26,220000,0,user_34,458,458,
3638,27,220000,0,user_41,458,458,
3600,28,170000,0,user_8,458,458,
3604,29,170000,0,user_14,458,458,
3625,30,170000,350000,user_33,458,458,
3626,31,170000,0,user_34,458,458,
3596,32,160000,0,user_6,458,458,
3586,33,150000,0,user_1,458,458,
3639,34,150000,0,user_43,458,458,
3607,35,120000,0,user_16,458,458,
3618,36,120000,60700,user_29,458,458,
3595,37,110000,0,user_6,458,458,
3608,38,110000,0,user_18,458,458,
3610,39,110000,0,user_20,458,458,
3591,40,100000,0,user_3,458,458,
3637,41,85000,0,user_39,458,458,
3627,42,84000,84800,user_34,458,458,
3640,43,83000,381000,user_44,458,458,
3594,44,79000,0,user_5,458,458,
3599,45,79000,0,user_7,458,458,
3589,46,77000,0,user_1,458,458,
3616,47,70000,0,user_28,458,458,
3691,0,43000000,0,user_46,459,459,
3679,1,27000000,0,user_35,459,459,
3665,2,82000,7190000,user_19,459,459,
3696,3,0,0,validator_12,100,459,3665
3663,4,6300000,0,user_19,459,459,
3689,5,6100000,0,user_45,459,459,
3669,6,5000000,0,user_25,459,459,
3657,7,2400000,0,user_15,459,459,
3661,8,2300000,0,user_19,459,459,
3684,9,2000000,0,user_39,459,459,
3667,10,1800000,139000,user_23,459,459,
3697,11,0,0,validator_12,100,459,3667
3649,12,1800000,0,user_2,459,459,
3650,13,1300000,0,user_4,459,459,
3694,14,110000,779000,user_49,459,459,
3698,15,0,0,validator_12,100,459,3694
3675,16,630000,0,user_28,459,459,
3681,17,600000,0,user_37,459,459,
3656,18,460000,0,user_14,459,459,
3687,19,460000,0,user_43,459,459,
3653,20,350000,0,user_7,459,459,
3664,21,340000,0,user_19,459,459,
3680,22,340000,0,user_35,459,459,
3688,23,260000,39400,user_45,459,459,
3699,24,0,0,validator_12,100,459,3688
3658,25,260000,0,user_16,459,459,
3655,26,220000,0,user_13,459,459,
3700,27,0,0,validator_12,100,459,3678
3678,28,150000,42000,user_32,459,459,
3648,29,160000,0,user_1,459,459,
3666,30,150000,0,user_22,459,459,
3676,31,150000,0,user_29,459,459,
3674,32,110000,0,user_27,459,459,
3677,33,87000,0,user_30,459,459,
3695,34,87000,0,user_49,459,459,
3701,35,0,0,validator_12,100,459,3654
3654,36,83000,3130,user_9,459,459,
3690,37,83000,0,user_45,459,459,
3662,38,80000,0,user_19,459,459,
3668,39,77000,0,user_24,459,459,
3709,0,43000000,0,user_7,460,460,
3711,1,19000000,0,user_8,460,460,
3712,2,3600000,66100,user_9,460,460,
3717,3,3500000,0,user_25,460,460,
3724,4,1700000,0,user_33,460,460,
3723,5,1600000,0,user_31,460,460,
3736,6,1600000,0,user_45,460,460,
3714,7,1500000,0,user_17,460,460,
3732,8,1100000,121000,user_42,460,460,
3720,9,1000000,0,user_28,460,460,
3731,10,1000000,0,user_41,460,460,
3728,11,910000,0,user_38,460,460,
3737,12,870000,46500,user_47,460,460,
3715,13,670000,0,user_20,460,460,
3710,14,460000,0,user_8,460,460,
3726,15,320000,0,user_35,460,460,
3729,16,320000,30200,user_39,460,460,
3716,17,260000,0,user_23,460,460,
3734,18,220000,195000,user_43,460,460,
3721,19,160000,0,user_29,460,460,
3707,20,120000,0,user_3,460,460,
3730,21,120000,0,user_40,460,460,
3725,22,110000,0,user_35,460,460,
3704,23,109999,0,user_1,460,460,3703
3718,24,87000,100000,user_26,460,460,
3727,25,84000,0,user_37,460,460,
3738,26,84000,17000,user_47,460,460,
3722,27,80000,0,user_31,460,460,
3733,28,73000,15700,user_42,460,460,
3735,29,70000,0,user_44,460,460,
3781,0,6300000,4320000,user_34,461,461,
3753,1,5000000,0,user_12,461,461,
3740,2,3500000,0,user_0,461,461,
3743,3,3500000,60700,user_3,461,461,
3776,4,3500000,0,user_32,461,461,
3746,5,2600000,0,user_6,461,461,
3762,6,2600000,0,user_20,461,461,
3780,7,2300000,0,user_34,461,461,
3752,8,2100000,0,user_11,461,461,
3757,9,2000000,0,user_17,461,461,
3766,10,2000000,0,user_22,461,461,
3784,11,1500000,0,user_36,461,461,
3787,12,1500000,0,user_40,461,461,
3789,13,1300000,0,user_41,461,461,
3758,14,1200000,0,user_18,461,461,
3786,15,1200000,0,user_39,461,461,
3790,16,1000000,0,user_46,461,461,
3764,17,910000,0,user_22,461,461,
3750,18,870000,0,user_9,461,461,
3756,19,660000,0,user_16,461,461,
3775,20,530000,0,user_32,461,461,
3759,21,460000,0,user_18,461,461,
3768,22,360000,0,user_24,461,461,
3788,23,310000,0,user_40,461,461,
3751,24,220000,779000,user_11,461,461,
3793,25,220000,33300,user_49,461,461,
3754,26,190000,0,user_14,461,461,
3778,27,190000,0,user_33,461,461,
3755,28,170000,0,user_15,461,461,
3779,29,170000,15100,user_34,461,461,
3769,30,160000,0,user_26,461,461,
3741,31,150000,0,user_1,461,461,
3742,32,150000,0,user_1,461,461,
3770,33,150000,0,user_28,461,461,
3773,34,150000,0,user_30,461,461,
3747,35,130000,5640,user_7,461,461,
3744,36,120000,0,user_4,461,461,
3777,37,110000,0,user_33,461,461,
3765,38,87000,0,user_22,461,461,
3785,39,85000,0,user_39,461,461,
3763,40,77000,0,user_20,461,461,
3804,0,43000000,0,user_10,462,462,
3828,1,4200000,0,user_31,462,462,
3821,2,3200000,0,user_22,462,462,
3846,3,0,0,validator_12,100,462,3807
3807,4,2000000,14200,user_13,462,462,
3802,5,2000000,0,user_7,462,462,
3830,6,2000000,0,user_34,462,462,
3831,7,2000000,0,user_35,462,462,
3822,8,1900000,0,user_25,462,462,
3818,9,1800000,0,user_19,462,462,
3815,10,1500000,0,user_17,462,462,
3832,11,1500000,0,user_35,462,462,
3847,12,0,0,validator_12,100,462,3813
3813,13,1400000,68100,user_17,462,462,
3808,14,1400000,0,user_14,462,462,
3829,15,1400000,0,user_33,462,462,
3812,16,1000000,0,user_17,462,462,
3834,17,650000,139000,user_39,462,462,
3848,18,0,0,validator_12,100,462,3834
3849,19,0,0,validator_12,100,462,3819
3819,20,420000,39400,user_20,462,462,
3796,21,420000,0,user_1,462,462,
3835,22,420000,0,user_40,462,462,
3798,23,360000,0,user_3,462,462,
3850,24,0,0,validator_12,100,462,3799
3799,25,310000,49100,user_3,462,462,
3797,26,320000,0,user_2,462,462,
3811,27,310000,0,user_17,462,462,
3801,28,220000,0,user_7,462,462,
3826,29,220000,0,user_29,462,462,
3842,30,220000,0,user_46,462,462,
3851,31,0,0,validator_12,100,462,3814
3814,32,170000,31700,user_17,462,462,
3824,33,190000,0,user_27,462,462,
3840,34,150000,0,user_46,462,462,
3803,35,130000,0,user_9,462,462,
3805,36,120000,0,user_10,462,462,
3806,37,120000,0,user_11,462,462,
3836,38,120000,0,user_43,462,462,
3841,39,120000,0,user_46,462,462,
3852,40,0,0,validator_12,100,462,3809
3809,41,80000,39400,user_15,462,462,
3853,42,0,0,validator_12,100,462,3839
3839,43,70000,49100,user_46,462,462,
3810,44,84000,19700,user_16,462,462,
3854,45,0,0,validator_12,100,462,3810
3845,46,100000,0,user_49,462,462,
3837,47,70000,14200,user_44,462,462,
3855,48,0,0,validator_12,100,462,3837
3817,49,83000,0,user_19,462,462,
3816,50,79000,0,user_19,462,462,
3827,51,77000,0,user_29,462,462,
3838,52,77000,0,user_46,462,462,
3825,53,70000,0,user_28,462,462,
3844,54,70000,0,user_48,462,462,
3912,0,0,0,validator_4,100,463,3856
3856,1,43000000,4320000,user_0,463,463,
3857,2,43000001,0,user_1,463,463,3856
3858,3,43000001,0,user_1,463,463,3856
3860,4,43000001,0,user_2,463,463,3856
3910,5,43000000,0,user_48,463,463,
3859,6,42999999,0,user_2,463,463,3856
3864,7,30000000,0,user_6,463,463,
3907,8,30000000,0,user_44,463,463,
3877,9,27000000,0,user_14,463,463,
3881,10,27000000,0,user_18,463,463,
3894,11,870000,7190000,user_37,463,463,
3913,12,0,0,validator_4,100,463,3894
3897,13,6100000,0,user_39,463,463,
3895,14,3200000,0,user_37,463,463,
3914,15,0,0,validator_4,100,463,3908
3908,16,2100000,283000,user_45,463,463,
3887,17,2100000,0,user_27,463,463,
3879,18,1600000,0,user_16,463,463,
3878,19,1500000,0,user_15,463,463,
3885,20,1500000,0,user_26,463,463,
3905,21,1400000,0,user_44,463,463,
3871,22,1300000,0,user_9,463,463,
3875,23,310000,959000,user_13,463,463,
3915,24,0,0,validator_4,100,463,3875
3880,25,1000000,0,user_17,463,463,
3911,26,1000000,0,user_49,463,463,
3906,27,910000,0,user_44,463,463,
3903,28,870000,12800,user_44,463,463,
3916,29,0,0,validator_4,100,463,3903
3870,30,670000,0,user_8,463,463,
3896,31,650000,0,user_37,463,463,
3898,32,530000,21800,user_39,463,463,
3917,33,0,0,validator_4,100,463,3898
3876,34,530000,0,user_13,463,463,
3893,35,420000,0,user_37,463,463,
3918,36,0,0,validator_4,100,463,3889
3889,37,300000,47700,user_30,463,463,
3888,38,340000,0,user_29,463,463,
3899,39,340000,0,user_39,463,463,
3900,40,150000,121000,user_40,463,463,
3919,41,0,0,validator_4,100,463,3900
3882,42,220000,0,user_19,463,463,
3862,43,170000,0,user_4,463,463,
3904,44,170000,0,user_44,463,463,
3920,45,0,0,validator_4,100,463,3891
3891,46,150000,5180,user_32,463,463,
3863,47,120000,0,user_6,463,463,
3884,48,120000,0,user_22,463,463,
3901,49,120000,0,user_40,463,463,
3886,50,110000,0,user_27,463,463,
3902,51,110000,0,user_42,463,463,
3883,52,100000,0,user_19,463,463,
3909,53,82000,0,user_46,463,463,
3892,54,79000,0,user_33,463,463,
3944,0,43000000,0,user_18,464,464,
3980,1,0,0,validator_11,100,464,3970
3970,2,170000,7190000,user_42,464,464,
3925,3,6100000,0,user_2,464,464,
3979,4,5000000,0,user_48,464,464,
3922,5,3600000,0,user_1,464,464,
3965,6,3500000,0,user_35,464,464,
3963,7,2300000,0,user_34,464,464,
3964,8,2100000,0,user_35,464,464,
3977,9,2100000,0,user_48,464,464,
3927,10,2000000,0,user_3,464,464,
3978,11,2000000,0,user_48,464,464,
3961,12,1900000,0,user_31,464,464,
3973,13,1900000,0,user_44,464,464,
3981,14,0,0,validator_11,100,464,3937
3937,15,1700000,24700,user_12,464,464,
3939,16,1600000,0,user_14,464,464,
3967,17,1500000,24700,user_38,464,464,
3982,18,0,0,validator_11,100,464,3967
3930,19,1400000,0,user_5,464,464,
3969,20,1400000,0,user_41,464,464,
3972,21,1200000,0,user_44,464,464,
3960,22,1100000,0,user_30,464,464,
3954,23,1000000,0,user_24,464,464,
3962,24,1000000,0,user_34,464,464,
3949,25,970000,0,user_19,464,464,
3971,26,910000,13800,user_43,464,464,
3983,27,0,0,validator_11,100,464,3971
3934,28,910000,0,user_9,464,464,
3984,29,0,0,validator_11,100,464,3935
3935,30,870000,15700,user_9,464,464,
3953,31,870000,0,user_23,464,464,
3985,32,0,0,validator_11,100,464,3936
3936,33,240000,594000,user_11,464,464,
3926,34,630000,13900,user_2,464,464,
3986,35,0,0,validator_11,100,464,3926
3956,36,630000,0,user_25,464,464,
3974,37,600000,0,user_45,464,464,
3947,38,370000,0,user_18,464,464,
3924,39,350000,0,user_2,464,464,
3933,40,310000,0,user_5,464,464,
3951,41,300000,0,user_21,464,464,
3987,42,0,0,validator_11,100,464,3946
3946,43,150000,128000,user_18,464,464,
3940,44,260000,0,user_14,464,464,
3975,45,260000,0,user_46,464,464,
3988,46,0,0,validator_11,100,464,3948
3948,47,190000,67900,user_19,464,464,
3976,48,220000,0,user_47,464,464,
3957,49,190000,0,user_26,464,464,
3989,50,0,0,validator_11,100,464,3929
3929,51,170000,16400,user_4,464,464,
3990,52,0,0,validator_11,100,464,3958
3958,53,80000,64600,user_28,464,464,
3991,54,0,0,validator_11,100,464,3952
3952,55,120000,15300,user_22,464,464,
3921,56,120000,0,user_0,464,464,
3941,57,120000,0,user_15,464,464,
3943,58,120000,0,user_18,464,464,
3923,59,110000,0,user_1,464,464,
3928,60,98000,0,user_4,464,464,
3945,61,98000,0,user_18,464,464,
3955,62,87000,0,user_24,464,464,
3932,63,85000,0,user_5,464,464,
3931,64,83000,0,user_5,464,464,
3942,65,82000,0,user_17,464,464,
3959,66,79000,0,user_29,464,464,
3966,67,73000,0,user_37,464,464,
4004,0,5200000,0,user_9,465,465,
4002,1,5000000,0,user_7,465,465,
4006,2,5000000,0,user_12,465,465,
3997,3,4500000,0,user_5,465,465,
4057,4,4200000,18600,user_48,465,465,
4059,5,0,0,validator_8,100,465,4057
4045,6,4200000,0,user_44,465,465,
4051,7,3600000,0,user_47,465,465,
4028,8,3200000,0,user_29,465,465,
4013,9,2400000,17000,user_21,465,465,
4060,10,0,0,validator_8,100,465,4013
4012,11,2400000,0,user_21,465,465,
4015,12,2300000,0,user_22,465,465,
4009,13,2000000,0,user_20,465,465,
4026,14,2000000,0,user_29,465,465,
4042,15,1800000,0,user_41,465,465,
4008,16,1700000,60700,user_18,465,465,
4061,17,0,0,validator_8,100,465,4008
3996,18,1600000,0,user_4,465,465,
4039,19,1500000,0,user_39,465,465,
4010,20,1300000,0,user_20,465,465,
4023,21,1300000,0,user_27,465,465,
4062,22,0,0,validator_8,100,465,4034
4034,23,110000,1100000,user_34,465,465,
4020,24,1200000,0,user_25,465,465,
4032,25,910000,0,user_32,465,465,
4031,26,870000,0,user_31,465,465,
4063,27,0,0,validator_8,100,465,4030
4030,28,85000,779000,user_31,465,465,
4007,29,670000,0,user_16,465,465,
3998,30,650000,0,user_5,465,465,
4049,31,650000,0,user_47,465,465,
4050,32,650000,0,user_47,465,465,
4033,33,630000,0,user_33,465,465,
4017,34,470000,0,user_24,465,465,
4024,35,470000,0,user_28,465,465,
3992,36,460000,0,user_0,465,465,
4016,37,420000,0,user_24,465,465,
4021,38,360000,0,user_25,465,465,
4052,39,310000,0,user_47,465,465,
4058,40,310000,0,user_49,465,465,
4018,41,220000,0,user_25,465,465,
4041,42,220000,0,user_40,465,465,
3993,43,190000,0,user_1,465,465,
4056,44,170000,0,user_48,465,465,
4064,45,0,0,validator_8,100,465,4014
4014,46,87000,75000,user_21,465,465,
4001,47,120000,13800,user_7,465,465,
4065,48,0,0,validator_8,100,465,4001
4003,49,120000,0,user_8,465,465,
3995,50,110000,0,user_3,465,465,
4025,51,110000,0,user_29,465,465,
4040,52,110000,0,user_39,465,465,
4043,53,100000,0,user_42,465,465,
4066,54,0,0,validator_8,100,465,4011
4011,55,80000,5180,user_21,465,465,
4027,56,83000,0,user_29,465,465,
4029,57,82000,0,user_29,465,465,
4019,58,80000,0,user_25,465,465,
4053,59,77000,0,user_47,465,465,
4055,60,77000,0,user_48,465,465,
4022,61,73000,0,user_26,465,465,
4054,62,70000,0,user_48,465,465,
4106,0,43000000,0,user_35,466,466,
4113,1,30000000,30200,user_42,466,466,
4121,2,0,0,validator_0,100,466,4113
4116,3,27000000,0,user_44,466,466,
4078,4,6100000,0,user_18,466,466,
4093,5,5200000,0,user_27,466,466,
4100,6,5200000,0,user_31,466,466,
4115,7,3200000,67500,user_44,466,466,
4122,8,0,0,validator_0,100,466,4115
4068,9,3200000,0,user_5,466,466,
4077,10,3200000,0,user_17,466,466,
4080,11,2000000,0,user_20,466,466,
4090,12,2000000,0,user_23,466,466,
4069,13,1800000,0,user_7,466,466,
4114,14,1100000,369000,user_43,466,466,
4123,15,0,0,validator_0,100,466,4114
4103,16,1400000,0,user_33,466,466,
4071,17,1300000,0,user_12,466,466,
4081,18,1300000,0,user_20,466,466,
4104,19,1300000,0,user_33,466,466,
4082,20,1100000,0,user_20,466,466,
4098,21,1100000,0,user_31,466,466,
4070,22,1000000,0,user_11,466,466,
4072,23,910000,0,user_12,466,466,
4073,24,910000,0,user_13,466,466,
4108,25,910000,0,user_38,466,466,
4102,26,630000,0,user_32,466,466,
4083,27,600000,0,user_20,466,466,
4124,28,0,0,validator_0,100,466,4067
4067,29,98000,369000,user_0,466,466,
4120,30,420000,0,user_48,466,466,
4119,31,82000,285000,user_47,466,466,
4125,32,0,0,validator_0,100,466,4119
4101,33,310000,0,user_31,466,466,
4107,34,260000,0,user_37,466,466,
4126,35,0,0,validator_0,100,466,4079
4079,36,190000,34700,user_19,466,466,
4089,37,220000,0,user_22,466,466,
4096,38,220000,0,user_29,466,466,
4094,39,190000,0,user_27,466,466,
4074,40,150000,0,user_13,466,466,
4118,41,120000,0,user_46,466,466,
4076,42,110000,0,user_16,466,466,
4127,43,0,0,validator_0,100,466,4095
4095,44,84000,19700,user_29,466,466,
4117,45,100000,0,user_44,466,466,
4099,46,82000,0,user_31,466,466,
4163,0,30000000,0,user_28,467,467,
4153,1,27000000,0,user_22,467,467,
4167,2,27000000,0,user_32,467,467,
4170,3,4500000,0,user_34,467,467,
4151,4,3600000,0,user_16,467,467,
4133,5,2000000,0,user_5,467,467,
4155,6,2000000,410000,user_23,467,467,
4174,7,2000000,0,user_41,467,467,
4169,8,1700000,0,user_34,467,467,
4156,9,1600000,296000,user_23,467,467,
4179,10,1500000,0,user_48,467,467,
4131,11,1400000,0,user_3,467,467,
4136,12,1300000,128000,user_10,467,467,
4149,13,1100000,0,user_15,467,467,
4171,14,1100000,0,user_37,467,467,
4180,15,1000000,0,user_48,467,467,
4161,16,470000,0,user_25,467,467,
4164,17,460000,0,user_29,467,467,
4162,18,340000,31700,user_26,467,467,
4165,19,340000,139000,user_30,467,467,
4150,20,320000,139000,user_16,467,467,
4134,21,220000,0,user_7,467,467,
4152,22,220000,0,user_19,467,467,
4154,23,220000,0,user_22,467,467,
4158,24,190000,0,user_23,467,467,
4148,25,160000,0,user_14,467,467,
4132,26,150000,0,user_4,467,467,
4157,27,84000,17000,user_23,467,467,
4181,28,82000,0,user_49,467,467,
4147,29,77000,0,user_13,467,467,
4166,30,77000,0,user_32,467,467,
4128,31,73000,17700000,user_0,467,467,
4135,32,73000,0,user_8,467,467,
4129,33,72999,0,user_1,467,467,4128
4130,34,72999,0,user_2,467,467,4128
2183,0,43000000,0,user_29,468,468,
2172,1,19000000,0,user_20,468,468,
2189,2,6300000,0,user_38,468,468,
2168,3,5200000,0,user_17,468,468,
2170,4,5200000,0,user_19,468,468,
2166,5,3600000,0,user_14,468,468,
2188,6,3600000,0,user_38,468,468,
2167,7,3200000,0,user_15,468,468,
2209,8,0,0,validator_6,100,468,2165
2165,9,2000000,215000,user_13,468,468,
2202,10,1700000,0,user_45,468,468,
2158,11,1600000,0,user_3,468,468,
2164,12,1600000,0,user_11,468,468,
2210,13,0,0,validator_6,100,468,2200
2200,14,1300000,181000,user_45,468,468,
2198,15,1400000,0,user_44,468,468,
2211,16,0,0,validator_6,100,468,2162
2162,17,1000000,215000,user_8,468,468,
2190,18,1100000,0,user_38,468,468,
2157,19,1000000,0,user_1,468,468,
2156,20,660000,0,user_1,468,468,
2212,21,0,0,validator_6,100,468,2160
2160,22,240000,256000,user_4,468,468,
2181,23,470000,0,user_28,468,468,
2182,24,460000,0,user_28,468,468,
2199,25,460000,0,user_44,468,468,
2193,26,420000,0,user_39,468,468,
2154,27,370000,0,user_0,468,468,
2173,28,320000,0,user_20,468,468,
2176,29,310000,0,user_21,468,468,
2201,30,300000,0,user_45,468,468,
2206,31,73000,195000,user_48,468,468,
2213,32,0,0,validator_6,100,468,2206
2163,33,260000,0,user_9,468,468,
2180,34,220000,0,user_27,468,468,
2204,35,220000,0,user_45,468,468,
2196,36,190000,0,user_42,468,468,
2175,37,170000,0,user_20,468,468,
2185,38,170000,0,user_32,468,468,
2197,39,160000,0,user_43,468,468,
2203,40,150000,0,user_45,468,468,
2214,41,0,0,validator_6,100,468,2191
2191,42,110000,15100,user_38,468,468,
2169,43,120000,0,user_18,468,468,
2171,44,120000,0,user_20,468,468,
2184,45,120000,0,user_31,468,468,
2192,46,110000,0,user_39,468,468,
2205,47,83000,21800,user_48,468,468,
2215,48,0,0,validator_6,100,468,2205
2174,49,100000,0,user_20,468,468,
2155,50,83000,0,user_1,468,468,
2159,51,80000,0,user_4,468,468,
2178,52,77000,0,user_24,468,468,
2187,53,73000,0,user_38,468,468,
2230,0,30000000,0,user_13,469,469,
2235,1,30000000,0,user_17,469,469,
2263,2,0,0,validator_3,100,469,2259
2259,3,1500000,4320000,user_47,469,469,
2243,4,5000000,0,user_28,469,469,
2245,5,5000000,0,user_32,469,469,
2216,6,3500000,0,user_0,469,469,
2247,7,3200000,0,user_36,469,469,
2257,8,3200000,0,user_46,469,469,
2258,9,2500000,0,user_47,469,469,
2252,10,2300000,0,user_41,469,469,
2242,11,2000000,0,user_27,469,469,
2238,12,1700000,0,user_25,469,469,
2246,13,1700000,0,user_33,469,469,
2234,14,1600000,0,user_16,469,469,
2248,15,1500000,84800,user_37,469,469,
2264,16,0,0,validator_3,100,469,2248
2233,17,1400000,3130,user_13,469,469,
2265,18,0,0,validator_3,100,469,2233
2253,19,1400000,0,user_42,469,469,
2254,20,1100000,0,user_44,469,469,
2229,21,670000,0,user_12,469,469,
2231,22,650000,0,user_13,469,469,
2241,23,530000,0,user_27,469,469,
2227,24,420000,0,user_10,469,469,
2222,25,370000,0,user_4,469,469,
2224,26,350000,0,user_5,469,469,
2266,27,0,0,validator_3,100,469,2225
2225,28,310000,5180,user_7,469,469,
2228,29,310000,0,user_10,469,469,
2218,30,300000,0,user_1,469,469,
2267,31,0,0,validator_3,100,469,2236
2236,32,120000,146000,user_21,469,469,
2268,33,0,0,validator_3,100,469,2232
2232,34,110000,64600,user_13,469,469,
2219,35,170000,0,user_2,469,469,
2226,36,170000,0,user_9,469,469,
2240,37,160000,0,user_26,469,469,
2244,38,150000,0,user_32,469,469,
2249,39,120000,0,user_38,469,469,
2239,40,110000,0,user_25,469,469,
2237,41,87000,21800,user_23,469,469,
2269,42,0,0,validator_3,100,469,2237
2217,43,85000,0,user_0,469,469,
2223,44,79000,0,user_4,469,469,
2286,0,43000000,0,user_15,470,470,
2328,1,0,0,validator_11,100,470,2313
2313,2,2000000,17700000,user_36,470,470,
2283,3,6300000,0,user_14,470,470,
2329,4,0,0,validator_11,100,470,2296
2296,5,5000000,545000,user_23,470,470,
2309,6,5200000,0,user_33,470,470,
2306,7,4500000,0,user_28,470,470,
2322,8,3500000,0,user_46,470,470,
2305,9,2600000,0,user_27,470,470,
2300,10,2500000,0,user_24,470,470,
2278,11,2400000,0,user_11,470,470,
2289,12,2000000,0,user_18,470,470,
2312,13,2000000,0,user_35,470,470,
2307,14,1600000,231000,user_30,470,470,
2330,15,0,0,validator_11,100,470,2307
2318,16,1600000,0,user_43,470,470,
2331,17,0,0,validator_11,100,470,2280
2280,18,1300000,16400,user_12,470,470,
2275,19,1300000,0,user_11,470,470,
2292,20,1100000,0,user_18,470,470,
2303,21,1100000,0,user_27,470,470,
2285,22,1000000,0,user_14,470,470,
2270,23,910000,0,user_1,470,470,
2314,24,660000,0,user_37,470,470,
2276,25,650000,0,user_11,470,470,
2304,26,630000,0,user_27,470,470,
2311,27,600000,0,user_34,470,470,
2327,28,600000,0,user_49,470,470,
2302,29,470000,121000,user_26,470,470,
2332,30,0,0,validator_11,100,470,2302
2279,31,460000,0,user_12,470,470,
2284,32,460000,0,user_14,470,470,
2290,33,460000,0,user_18,470,470,
2291,34,460000,0,user_18,470,470,
2321,35,460000,0,user_45,470,470,
2287,36,370000,0,user_17,470,470,
2297,37,360000,0,user_23,470,470,
2317,38,350000,0,user_42,470,470,
2325,39,320000,21800,user_47,470,470,
2333,40,0,0,validator_11,100,470,2325
2326,41,340000,0,user_48,470,470,
2316,42,310000,0,user_41,470,470,
2319,43,300000,0,user_44,470,470,
2334,44,0,0,validator_11,100,470,2310
2310,45,160000,128000,user_34,470,470,
2335,46,0,0,validator_11,100,470,2288
2288,47,170000,66100,user_17,470,470,
2271,48,220000,0,user_2,470,470,
2336,49,0,0,validator_11,100,470,2324
2324,50,98000,84800,user_47,470,470,
2293,51,150000,0,user_18,470,470,
2299,52,130000,0,user_23,470,470,
2298,53,120000,0,user_23,470,470,
2308,54,120000,0,user_30,470,470,
2277,55,110000,0,user_11,470,470,
2320,56,110000,0,user_45,470,470,
2337,57,0,0,validator_11,100,470,2315
2315,58,87000,11200,user_38,470,470,
2338,59,0,0,validator_11,100,470,2295
2295,60,79000,16400,user_22,470,470,
2301,61,87000,0,user_25,470,470,
2282,62,85000,0,user_14,470,470,
2323,63,84000,0,user_46,470,470,
2273,64,82000,0,user_9,470,470,
2272,65,79000,0,user_9,470,470,
2367,0,27000000,0,user_31,471,471,
2383,1,27000000,0,user_44,471,471,
2362,2,6300000,43600,user_26,471,471,
2373,3,6300000,0,user_37,471,471,
2342,4,5200000,0,user_6,471,471,
2346,5,5000000,121000,user_6,471,471,
2388,6,5000000,0,user_48,471,471,
2368,7,4500000,0,user_31,471,471,
2375,8,3600000,0,user_39,471,471,
2389,9,3500000,0,user_49,471,471,
2347,10,2600000,0,user_7,471,471,
2358,11,2400000,10700,user_22,471,471,
2345,12,2100000,0,user_6,471,471,
2387,13,2100000,0,user_47,471,471,
2351,14,1900000,0,user_10,471,471,
2343,15,1500000,0,user_6,471,471,
2349,16,1000000,0,user_8,471,471,
2364,17,670000,161000,user_28,471,471,
2384,18,470000,0,user_44,471,471,
2382,19,460000,67900,user_44,471,471,
2386,20,460000,0,user_45,471,471,
2341,21,420000,0,user_5,471,471,
2339,22,260000,0,user_1,471,471,
2348,23,260000,84800,user_7,471,471,
2374,24,240000,84800,user_38,471,471,
2357,25,160000,47700,user_19,471,471,
2344,26,150000,0,user_6,471,471,
2390,27,120000,0,user_49,471,471,
2366,28,110000,39400,user_30,471,471,
2370,29,110000,0,user_33,471,471,
2371,30,110000,0,user_34,471,471,
2360,31,100000,0,user_24,471,471,
2353,32,98000,0,user_14,471,471,
2385,33,98000,0,user_44,471,471,
2352,34,84000,0,user_13,471,471,
2340,35,80000,0,user_2,471,471,
2359,36,70000,0,user_23,471,471,
2437,0,19000000,0,user_40,472,472,
2403,1,6100000,0,user_12,472,472,
2447,2,0,0,validator_12,100,472,2445
2445,3,5200000,34700,user_48,472,472,
2413,4,5200000,0,user_23,472,472,
2416,5,5000000,0,user_25,472,472,
2425,6,5000000,0,user_34,472,472,
2426,7,3200000,0,user_35,472,472,
2402,8,2600000,0,user_11,472,472,
2448,9,0,0,validator_12,100,472,2423
2423,10,1900000,24700,user_32,472,472,
2449,11,0,0,validator_12,100,472,2431
2431,12,1700000,33100,user_36,472,472,
2409,13,1500000,66100,user_20,472,472,
2450,14,0,0,validator_12,100,472,2409
2404,15,1500000,0,user_13,472,472,
2427,16,1500000,0,user_35,472,472,
2412,17,1400000,0,user_22,472,472,
2442,18,1400000,0,user_45,472,472,
2392,19,970000,0,user_1,472,472,
2429,20,910000,0,user_35,472,472,
2451,21,0,0,validator_12,100,472,2393
2393,22,630000,46500,user_3,472,472,
2396,23,670000,0,user_7,472,472,
2435,24,660000,0,user_39,472,472,
2415,25,650000,0,user_25,472,472,
2440,26,650000,0,user_43,472,472,
2432,27,460000,0,user_37,472,472,
2444,28,460000,0,user_48,472,472,
2420,29,420000,33100,user_29,472,472,
2452,30,0,0,validator_12,100,472,2420
2453,31,0,0,validator_12,100,472,2407
2407,32,120000,322000,user_17,472,472,
2422,33,370000,0,user_30,472,472,
2454,34,0,0,validator_12,100,472,2421
2421,35,84000,164000,user_29,472,472,
2394,36,150000,34700,user_4,472,472,
2455,37,0,0,validator_12,100,472,2394
2401,38,170000,0,user_9,472,472,
2406,39,170000,0,user_16,472,472,
2456,40,0,0,validator_12,100,472,2419
2419,41,120000,49100,user_28,472,472,
2408,42,160000,0,user_19,472,472,
2418,43,160000,0,user_27,472,472,
2441,44,150000,0,user_43,472,472,
2428,45,130000,18600,user_35,472,472,
2457,46,0,0,validator_12,100,472,2428
2436,47,110000,11200,user_40,472,472,
2458,48,0,0,validator_12,100,472,2436
2424,49,120000,0,user_33,472,472,
2446,50,120000,0,user_49,472,472,
2405,51,110000,0,user_15,472,472,
2414,52,87000,0,user_25,472,472,
2430,53,79000,0,user_36,472,472,
2507,0,19000000,0,user_45,473,473,
2476,1,5200000,0,user_17,473,473,
2484,2,5200000,0,user_25,473,473,
2492,3,5200000,0,user_31,473,473,
2479,4,2600000,0,user_19,473,473,
2489,5,2400000,0,user_29,473,473,
2510,6,2100000,0,user_47,473,473,
2501,7,2000000,11200,user_38,473,473,
2466,8,1900000,0,user_11,473,473,
2475,9,1700000,60700,user_17,473,473,
2497,10,1700000,0,user_37,473,473,
2463,11,1600000,0,user_8,473,473,
2470,12,1600000,0,user_14,473,473,
2471,13,1500000,16400,user_14,473,473,
2491,14,1500000,0,user_31,473,473,
2460,15,1000000,0,user_3,473,473,
2494,16,970000,0,user_33,473,473,
2502,17,910000,0,user_38,473,473,
2481,18,600000,0,user_21,473,473,
2459,19,530000,0,user_3,473,473,
2461,20,530000,0,user_6,473,473,
2472,21,530000,0,user_14,473,473,
2474,22,470000,0,user_15,473,473,
2469,23,460000,0,user_14,473,473,
2505,24,370000,0,user_40,473,473,
2465,25,360000,0,user_11,473,473,
2482,26,340000,0,user_22,473,473,
2508,27,310000,0,user_46,473,473,
2503,28,190000,0,user_38,473,473,
2464,29,170000,0,user_9,473,473,
2480,30,170000,0,user_20,473,473,
2485,31,170000,0,user_25,473,473,
2473,32,150000,0,user_15,473,473,
2477,33,150000,121000,user_17,473,473,
2488,34,150000,39400,user_29,473,473,
2495,35,150000,0,user_34,473,473,
2509,36,130000,21800,user_46,473,473,
2467,37,120000,39400,user_13,473,473,
2478,38,120000,769000,user_18,473,473,
2499,39,120000,0,user_38,473,473,
2468,40,110000,0,user_14,473,473,
2498,41,110000,0,user_37,473,473,
2500,42,110000,0,user_38,473,473,
2493,43,100000,17700000,user_32,473,473,
2506,44,98000,21800,user_42,473,473,
2496,45,85000,32900,user_36,473,473,
2462,46,73000,0,user_6,473,473,
2550,0,43000000,0,user_33,474,474,
2527,1,6300000,0,user_15,474,474,
2532,2,5200000,0,user_20,474,474,
2530,3,4200000,0,user_18,474,474,
2540,4,2500000,0,user_29,474,474,
2522,5,2300000,0,user_10,474,474,
2513,6,2100000,0,user_0,474,474,
2526,7,2100000,5640,user_14,474,474,
2542,8,2000000,0,user_29,474,474,
2549,9,2000000,0,user_32,474,474,
2521,10,1800000,0,user_6,474,474,
2555,11,1800000,0,user_42,474,474,
2560,12,1400000,0,user_46,474,474,
2547,13,1100000,0,user_31,474,474,
2518,14,1000000,0,user_3,474,474,
2524,15,1000000,0,user_11,474,474,
2523,16,870000,0,user_11,474,474,
2559,17,670000,0,user_45,474,474,
2551,18,660000,0,user_35,474,474,
2512,19,470000,0,user_0,474,474,
2529,20,470000,0,user_17,474,474,
2535,21,310000,0,user_23,474,474,
2541,22,310000,0,user_29,474,474,
2533,23,260000,18600,user_22,474,474,
2525,24,170000,161000,user_13,474,474,
2557,25,160000,0,user_44,474,474,
2531,26,150000,13800,user_19,474,474,
2548,27,150000,0,user_32,474,474,
2515,28,120001,0,user_0,474,474,2514
2514,29,120000,84800,user_0,474,474,
2553,30,120000,0,user_38,474,474,
2558,31,120000,0,user_44,474,474,
2516,32,119999,0,user_1,474,474,2514
2552,33,110000,0,user_37,474,474,
2561,34,110000,0,user_48,474,474,
2534,35,100000,256000,user_23,474,474,
2556,36,82000,0,user_43,474,474,
2520,37,80000,0,user_6,474,474,
2539,38,79000,0,user_29,474,474,
2563,0,30000000,75000,user_0,475,475,
2607,1,0,0,validator_6,100,475,2563
2564,2,29999999,0,user_1,475,475,2563
2591,3,27000000,23500,user_35,475,475,
2608,4,0,0,validator_6,100,475,2591
2609,5,0,0,validator_6,100,475,2597
2597,6,6100000,322000,user_42,475,475,
2576,7,6100000,0,user_15,475,475,
2568,8,5200000,0,user_7,475,475,
2586,9,5000000,13900,user_31,475,475,
2610,10,0,0,validator_6,100,475,2586
2600,11,4200000,0,user_43,475,475,
2580,12,3200000,0,user_27,475,475,
2571,13,2000000,0,user_10,475,475,
2584,14,2000000,0,user_30,475,475,
2605,15,2000000,0,user_48,475,475,
2575,16,1800000,0,user_13,475,475,
2582,17,1600000,0,user_28,475,475,
2588,18,1300000,0,user_32,475,475,
2599,19,1100000,0,user_42,475,475,
2567,20,970000,0,user_6,475,475,
2598,21,910000,0,user_42,475,475,
2611,22,0,0,validator_6,100,475,2589
2589,23,360000,545000,user_33,475,475,
2612,24,0,0,validator_6,100,475,2606
2606,25,110000,779000,user_48,475,475,
2566,26,630000,0,user_4,475,475,
2574,27,630000,0,user_12,475,475,
2592,28,220000,296000,user_35,475,475,
2613,29,0,0,validator_6,100,475,2592
2603,30,340000,0,user_45,475,475,
2585,31,320000,0,user_31,475,475,
2565,32,310000,0,user_3,475,475,
2583,33,220000,0,user_29,475,475,
2570,34,170000,0,user_10,475,475,
2602,35,160000,0,user_44,475,475,
2579,36,150000,0,user_25,475,475,
2604,37,150000,0,user_46,475,475,
2569,38,84000,64600,user_8,475,475,
2614,39,0,0,validator_6,100,475,2569
2615,40,0,0,validator_6,100,475,2572
2572,41,120000,11200,user_11,475,475,
2616,42,0,0,validator_6,100,475,2596
2596,43,82000,42000,user_42,475,475,
2581,44,120000,0,user_27,475,475,
2594,45,110000,0,user_39,475,475,
2617,46,0,0,validator_6,100,475,2601
2601,47,83000,23500,user_44,475,475,
2573,48,84000,0,user_12,475,475,
2587,49,80000,0,user_32,475,475,
2638,0,170000,17700000,user_23,476,476,
2663,1,0,0,validator_8,100,476,2638
2661,2,6100000,12800,user_49,476,476,
2664,3,0,0,validator_8,100,476,2661
2646,4,2600000,0,user_35,476,476,
2665,5,0,0,validator_8,100,476,2653
2653,6,2000000,410000,user_40,476,476,
2632,7,2000000,21800,user_16,476,476,
2666,8,0,0,validator_8,100,476,2632
2662,9,2000000,0,user_49,476,476,
2630,10,1700000,0,user_15,476,476,
2618,11,1500000,0,user_0,476,476,
2639,12,1500000,0,user_25,476,476,
2629,13,73000,1100000,user_13,476,476,
2667,14,0,0,validator_8,100,476,2629
2631,15,420000,369000,user_16,476,476,
2668,16,0,0,validator_8,100,476,2631
2669,17,0,0,validator_8,100,476,2619
2619,18,120000,594000,user_0,476,476,
2670,19,0,0,validator_8,100,476,2645
2645,20,660000,47700,user_34,476,476,
2634,21,670000,0,user_18,476,476,
2640,22,660000,0,user_26,476,476,
2636,23,600000,0,user_22,476,476,
2642,24,460000,0,user_30,476,476,
2625,25,420000,0,user_5,476,476,
2624,26,340000,0,user_4,476,476,
2627,27,320000,0,user_8,476,476,
2623,28,170000,0,user_3,476,476,
2644,29,170000,0,user_33,476,476,
2654,30,170000,0,user_42,476,476,
2637,31,160000,0,user_22,476,476,
2652,32,160000,0,user_39,476,476,
2641,33,150000,0,user_27,476,476,
2657,34,120000,0,user_44,476,476,
2620,35,119999,0,user_1,476,476,2619
2621,36,119999,0,user_1,476,476,2619
2656,37,83000,0,user_44,476,476,
2643,38,80000,0,user_32,476,476,
2672,0,30000000,0,user_0,477,477,
2716,1,0,0,validator_3,100,477,2674
2674,2,27000000,285000,user_2,477,477,
2692,3,27000000,0,user_23,477,477,
2711,4,27000000,0,user_47,477,477,
2695,5,19000000,64600,user_28,477,477,
2717,6,0,0,validator_3,100,477,2695
2678,7,3600000,5180,user_6,477,477,
2718,8,0,0,validator_3,100,477,2678
2702,9,3200000,0,user_35,477,477,
2705,10,3200000,0,user_44,477,477,
2712,11,2600000,0,user_47,477,477,
2690,12,1900000,231000,user_22,477,477,
2719,13,0,0,validator_3,100,477,2690
2684,14,2000000,0,user_15,477,477,
2683,15,1700000,0,user_14,477,477,
2673,16,1600000,0,user_1,477,477,
2693,17,1400000,0,user_26,477,477,
2694,18,1300000,0,user_27,477,477,
2703,19,1000000,0,user_36,477,477,
2697,20,910000,0,user_29,477,477,
2696,21,870000,0,user_28,477,477,
2720,22,0,0,validator_3,100,477,2679
2679,23,460000,5630,user_7,477,477,
2709,24,460000,0,user_47,477,477,
2677,25,370000,39400,user_5,477,477,
2721,26,0,0,validator_3,100,477,2677
2688,27,260000,36800,user_17,477,477,
2722,28,0,0,validator_3,100,477,2688
2701,29,170000,100000,user_34,477,477,
2723,30,0,0,validator_3,100,477,2701
2671,31,260000,0,user_0,477,477,
2687,32,150000,0,user_17,477,477,
2699,33,120000,0,user_31,477,477,
2685,34,100000,12300,user_15,477,477,
2724,35,0,0,validator_3,100,477,2685
2691,36,110000,0,user_22,477,477,
2700,37,110000,0,user_33,477,477,
2706,38,110000,0,user_44,477,477,
2680,39,98000,0,user_8,477,477,
2682,40,83000,0,user_14,477,477,
2686,41,82000,0,user_16,477,477,
2681,42,79000,0,user_9,477,477,
2710,43,77000,0,user_47,477,477,
2735,0,43000000,0,user_11,478,478,
2725,1,19000000,0,user_0,478,478,
2744,2,6300000,0,user_19,478,478,
2734,3,5200000,0,user_10,478,478,
2727,4,3600000,0,user_2,478,478,
2732,5,3500000,0,user_9,478,478,
2745,6,2600000,0,user_20,478,478,
2759,7,2000000,0,user_42,478,478,
2760,8,2000000,0,user_43,478,478,
2751,9,1500000,0,user_28,478,478,
2769,10,1400000,0,user_47,478,478,
2746,11,1100000,16400,user_22,478,478,
2768,12,1000000,0,user_47,478,478,
2767,13,910000,769000,user_47,478,478,
2758,14,670000,0,user_38,478,478,
2733,15,660000,0,user_10,478,478,
2739,16,660000,0,user_14,478,478,
2738,17,650000,0,user_14,478,478,
2740,18,630000,0,user_14,478,478,
2741,19,420000,0,user_15,478,478,
2736,20,340000,0,user_12,478,478,
2757,21,320000,0,user_37,478,478,
2731,22,310000,0,user_5,478,478,
2750,23,260000,0,user_27,478,478,
2742,24,170000,0,user_17,478,478,
2766,25,150000,0,user_47,478,478,
2730,26,120000,0,user_4,478,478,
2743,27,120000,0,user_19,478,478,
2748,28,120000,369000,user_26,478,478,
2764,29,100000,0,user_45,478,478,
2761,30,98000,0,user_43,478,478,
2749,31,84000,139000,user_27,478,478,
2765,32,79000,34700,user_47,478,478,
2729,33,73000,100000,user_4,478,478,
2752,34,73000,959000,user_30,478,478,
2786,0,30000000,0,user_12,479,479,
2816,1,460000,17700000,user_38,479,479,
2825,2,0,0,validator_6,100,479,2816
2826,3,0,0,validator_6,100,479,2814
2814,4,4200000,285000,user_37,479,479,
2783,5,4200000,0,user_10,479,479,
2796,6,2500000,0,user_18,479,479,
2777,7,2400000,0,user_3,479,479,
2779,8,2300000,0,user_6,479,479,
2797,9,2100000,0,user_18,479,479,
2778,10,2000000,0,user_6,479,479,
2821,11,2000000,0,user_45,479,479,
2808,12,1500000,39400,user_29,479,479,
2827,13,0,0,validator_6,100,479,2808
2787,14,1400000,0,user_13,479,479,
2792,15,1400000,0,user_14,479,479,
2795,16,1400000,0,user_17,479,479,
2809,17,1400000,0,user_30,479,479,
2804,18,1300000,0,user_25,479,479,
2780,19,1200000,0,user_7,479,479,
2784,20,1200000,0,user_11,479,479,
2774,21,1100000,0,user_1,479,479,
2813,22,1000000,0,user_35,479,479,
2794,23,910000,0,user_17,479,479,
2771,24,870000,0,user_0,479,479,
2791,25,420000,0,user_13,479,479,
2776,26,360000,0,user_3,479,479,
2815,27,350000,0,user_38,479,479,
2828,28,0,0,validator_6,100,479,2775
2775,29,300000,16400,user_2,479,479,
2772,30,310000,0,user_0,479,479,
2798,31,310000,0,user_20,479,479,
2788,32,300000,0,user_13,479,479,
2829,33,0,0,validator_6,100,479,2805
2805,34,220000,42000,user_25,479,479,
2807,35,240000,12800,user_28,479,479,
2830,36,0,0,validator_6,100,479,2807
2789,37,220000,0,user_13,479,479,
2803,38,170000,0,user_24,479,479,
2819,39,160000,0,user_42,479,479,
2785,40,150000,0,user_12,479,479,
2831,41,0,0,validator_6,100,479,2820
2820,42,100000,24700,user_45,479,479,
2812,43,120000,0,user_35,479,479,
2793,44,110000,0,user_16,479,479,
2822,45,110000,0,user_48,479,479,
2773,46,98000,0,user_1,479,479,
2799,47,87000,0,user_21,479,479,
2781,48,85000,0,user_9,479,479,
2790,49,82000,0,user_13,479,479,
2782,50,73000,0,user_9,479,479,
2806,51,73000,0,user_27,479,479,
2810,52,73000,0,user_33,479,479,
2866,0,19000000,0,user_36,480,480,
2849,1,5000000,0,user_14,480,480,
2833,2,4500000,100000,user_3,480,480,
2863,3,3200000,0,user_30,480,480,
2879,4,3200000,0,user_49,480,480,
2876,5,2600000,0,user_44,480,480,
2843,6,2400000,0,user_10,480,480,
2859,7,2400000,0,user_26,480,480,
2855,8,2000000,35600,user_19,480,480,
2864,9,2000000,14200,user_33,480,480,
2840,10,1700000,0,user_8,480,480,
2870,11,1700000,0,user_40,480,480,
2867,12,1500000,8520,user_37,480,480,
2836,13,1400000,0,user_6,480,480,
2853,14,1400000,0,user_19,480,480,
2861,15,1400000,0,user_28,480,480,
2845,16,660000,0,user_12,480,480,
2860,17,660000,0,user_28,480,480,
2834,18,650000,0,user_4,480,480,
2869,19,600000,49100,user_39,480,480,
2856,20,530000,0,user_19,480,480,
2841,21,310000,0,user_8,480,480,
2846,22,300000,0,user_12,480,480,
2857,23,160000,0,user_20,480,480,
2868,24,150000,7190000,user_38,480,480,
2874,25,150000,0,user_42,480,480,
2878,26,150000,0,user_47,480,480,
2832,27,120000,68100,user_2,480,480,
2838,28,120000,0,user_6,480,480,
2844,29,110000,21800,user_12,480,480,
2854,30,110000,35100,user_19,480,480,
2858,31,110000,0,user_23,480,480,
2837,32,85000,5180,user_6,480,480,
2865,33,84000,0,user_34,480,480,
2835,34,82000,12800,user_5,480,480,
2871,35,82000,0,user_40,480,480,
2839,36,80000,0,user_6,480,480,
2847,37,77000,0,user_13,480,480,
2848,38,77000,0,user_13,480,480,
2882,0,27000000,0,user_2,481,481,
2938,1,0,0,validator_12,100,481,2915
2915,2,5200000,285000,user_31,481,481,
2906,3,5200000,0,user_24,481,481,
2904,4,5000000,0,user_23,481,481,
2913,5,3500000,0,user_30,481,481,
2932,6,2500000,0,user_44,481,481,
2926,7,2400000,0,user_39,481,481,
2939,8,0,0,validator_12,100,481,2921
2921,9,1700000,13800,user_35,481,481,
2940,10,0,0,validator_12,100,481,2896
2896,11,1500000,34700,user_20,481,481,
2881,12,1500000,0,user_1,481,481,
2916,13,1500000,0,user_32,481,481,
2924,14,1400000,75000,user_36,481,481,
2941,15,0,0,validator_12,100,481,2924
2902,16,1400000,0,user_22,481,481,
2911,17,1300000,0,user_29,481,481,
2936,18,1300000,0,user_48,481,481,
2937,19,1200000,0,user_49,481,481,
2914,20,1000000,0,user_31,481,481,
2917,21,650000,0,user_33,481,481,
2888,22,600000,0,user_7,481,481,
2942,23,0,0,validator_12,100,481,2892
2892,24,470000,68100,user_12,481,481,
2907,25,370000,146000,user_25,481,481,
2943,26,0,0,validator_12,100,481,2907
2934,27,420000,0,user_46,481,481,
2922,28,350000,33300,user_35,481,481,
2944,29,0,0,validator_12,100,481,2922
2945,30,0,0,validator_12,100,481,2895
2895,31,340000,23500,user_15,481,481,
2946,32,0,0,validator_12,100,481,2905
2905,33,160000,181000,user_23,481,481,
2903,34,340000,0,user_22,481,481,
2887,35,220000,0,user_7,481,481,
2919,36,220000,0,user_35,481,481,
2947,37,0,0,validator_12,100,481,2889
2889,38,160000,24700,user_7,481,481,
2948,39,0,0,validator_12,100,481,2933
2933,40,160000,12300,user_45,481,481,
2893,41,170000,0,user_13,481,481,
2894,42,160000,0,user_14,481,481,
2920,43,160000,0,user_35,481,481,
2927,44,160000,0,user_39,481,481,
2918,45,150000,0,user_35,481,481,
2949,46,0,0,validator_12,100,481,2883
2883,47,120000,7840,user_4,481,481,
2910,48,110000,15300,user_27,481,481,
2950,49,0,0,validator_12,100,481,2910
2908,50,84000,0,user_25,481,481,
2912,51,84000,0,user_29,481,481,
2886,52,82000,0,user_7,481,481,
2923,53,80000,0,user_36,481,481,
2885,54,73000,0,user_7,481,481,
2931,55,73000,0,user_43,481,481,
2962,0,43000000,0,user_15,482,482,
2979,1,43000000,0,user_36,482,482,
2981,2,6100000,0,user_39,482,482,
2972,3,5200000,0,user_26,482,482,
2964,4,5000000,0,user_19,482,482,
2958,5,4500000,0,user_11,482,482,
2952,6,3500000,0,user_4,482,482,
2988,7,0,0,validator_1,100,482,2969
2969,8,1700000,1100000,user_24,482,482,
2987,9,2400000,0,user_49,482,482,
2957,10,2100000,0,user_10,482,482,
2954,11,2000000,5640,user_7,482,482,
2989,12,0,0,validator_1,100,482,2954
2978,13,1700000,0,user_34,482,482,
2973,14,1500000,17000,user_27,482,482,
2990,15,0,0,validator_1,100,482,2973
2991,16,0,0,validator_1,100,482,2966
2966,17,1500000,5180,user_20,482,482,
2959,18,1500000,0,user_13,482,482,
2985,19,1500000,0,user_46,482,482,
2968,20,1400000,0,user_23,482,482,
2992,21,0,0,validator_1,100,482,2975
2975,22,660000,369000,user_31,482,482,
2984,23,1000000,14200,user_45,482,482,
2993,24,0,0,validator_1,100,482,2984
2971,25,420000,0,user_25,482,482,
2974,26,84000,283000,user_27,482,482,
2994,27,0,0,validator_1,100,482,2974
2956,28,350000,0,user_10,482,482,
2967,29,300000,0,user_21,482,482,
2995,30,0,0,validator_1,100,482,2951
2951,31,220000,13900,user_1,482,482,
2986,32,220000,0,user_47,482,482,
2961,33,190000,0,user_15,482,482,
2970,34,170000,0,user_24,482,482,
2982,35,170000,0,user_40,482,482,
2965,36,120000,0,user_20,482,482,
2976,37,120000,0,user_31,482,482,
2977,38,110000,0,user_33,482,482,
2955,39,77000,30200,user_8,482,482,
2996,40,0,0,validator_1,100,482,2955
3022,0,27000000,75000,user_19,483,483,
3041,1,27000000,23500,user_42,483,483,
3047,2,6300000,0,user_47,483,483,
3020,3,6100000,13900,user_17,483,483,
3010,4,5000000,0,user_8,483,483,
3048,5,5000000,15300,user_48,483,483,
2998,6,4200000,121000,user_1,483,483,
3040,7,3600000,0,user_41,483,483,
3011,8,2500000,0,user_9,483,483,
3028,9,2000000,0,user_26,483,483,
3000,10,1600000,23500,user_3,483,483,
3012,11,1400000,0,user_11,483,483,
3008,12,1000000,0,user_7,483,483,
3031,13,970000,0,user_30,483,483,
3018,14,870000,0,user_17,483,483,
3024,15,870000,0,user_21,483,483,
3036,16,670000,410000,user_36,483,483,
3026,17,660000,0,user_23,483,483,
3037,18,470000,0,user_36,483,483,
3019,19,460000,0,user_17,483,483,
3038,20,460000,0,user_38,483,483,
3005,21,420000,0,user_5,483,483,
3032,22,420000,0,user_31,483,483,
3046,23,310000,0,user_47,483,483,
3025,24,260000,8520,user_22,483,483,
3007,25,190000,0,user_7,483,483,
3001,26,170000,0,user_3,483,483,
3014,27,170000,0,user_13,483,483,
3042,28,170000,11200,user_43,483,483,
3006,29,150000,0,user_6,483,483,
3035,30,120000,0,user_34,483,483,
3045,31,120000,0,user_46,483,483,
3021,32,110000,0,user_18,483,483,
3023,33,110000,0,user_20,483,483,
3039,34,110000,0,user_39,483,483,
3009,35,100000,0,user_8,483,483,
3017,36,82000,0,user_16,483,483,
3043,37,82000,256000,user_45,483,483,
3044,38,73000,0,user_45,483,483,
3069,0,43000000,0,user_21,484,484,
3059,1,6100000,12300,user_12,484,484,
3084,2,5000000,0,user_39,484,484,
3076,3,4200000,0,user_30,484,484,
3070,4,3600000,0,user_22,484,484,
3056,5,2600000,0,user_10,484,484,
3080,6,2600000,0,user_36,484,484,
3057,7,2400000,0,user_12,484,484,
3054,8,2300000,0,user_8,484,484,
3068,9,2100000,0,user_20,484,484,
3082,10,1700000,0,user_38,484,484,
3091,11,1700000,0,user_46,484,484,
3051,12,1600000,0,user_4,484,484,
3083,13,1600000,0,user_38,484,484,
3075,14,1400000,0,user_29,484,484,
3085,15,1400000,34700,user_39,484,484,
3053,16,1000000,0,user_5,484,484,
3062,17,660000,0,user_14,484,484,
3087,18,630000,35100,user_43,484,484,
3061,19,460000,0,user_12,484,484,
3065,20,460000,0,user_16,484,484,
3067,21,420000,0,user_20,484,484,
3052,22,220000,381000,user_4,484,484,
3055,23,220000,0,user_9,484,484,
3063,24,220000,0,user_14,484,484,
3073,25,170000,33100,user_25,484,484,
3074,26,150000,139000,user_28,484,484,
3081,27,150000,0,user_38,484,484,
3086,28,150000,0,user_40,484,484,
3058,29,120000,0,user_12,484,484,
3072,30,120000,0,user_24,484,484,
3060,31,110000,0,user_12,484,484,
3064,32,110000,0,user_15,484,484,
3092,33,110000,0,user_46,484,484,
3066,34,100000,0,user_17,484,484,
3090,35,85000,0,user_45,484,484,
3147,0,0,0,validator_10,100,485,3101
3101,1,30000000,256000,user_6,485,485,
3148,2,0,0,validator_10,100,485,3142
3142,3,30000000,128000,user_45,485,485,
3112,4,19000000,0,user_20,485,485,
3096,5,5000000,0,user_2,485,485,
3120,6,5000000,0,user_25,485,485,
3103,7,3600000,0,user_12,485,485,
3131,8,3200000,0,user_35,485,485,
3140,9,2300000,68100,user_44,485,485,
3149,10,0,0,validator_10,100,485,3140
3136,11,2300000,0,user_36,485,485,
3118,12,2100000,0,user_23,485,485,
3095,13,1700000,0,user_1,485,485,
3141,14,1500000,21800,user_45,485,485,
3150,15,0,0,validator_10,100,485,3141
3093,16,1500000,0,user_0,485,485,
3111,17,1500000,0,user_19,485,485,
3114,18,1500000,0,user_21,485,485,
3106,19,1400000,0,user_14,485,485,
3135,20,1000000,0,user_36,485,485,
3104,21,670000,0,user_13,485,485,
3128,22,660000,0,user_33,485,485,
3094,23,650000,0,user_1,485,485,
3099,24,630000,0,user_5,485,485,
3116,25,460000,0,user_22,485,485,
3113,26,420000,0,user_20,485,485,
3137,27,370000,0,user_37,485,485,
3125,28,360000,0,user_30,485,485,
3102,29,260000,0,user_11,485,485,
3122,30,260000,0,user_27,485,485,
3126,31,260000,0,user_32,485,485,
3129,32,220000,0,user_34,485,485,
3100,33,170000,0,user_5,485,485,
3107,34,160000,0,user_15,485,485,
3108,35,160000,0,user_15,485,485,
3133,36,160000,0,user_36,485,485,
3105,37,150000,5180,user_13,485,485,
3151,38,0,0,validator_10,100,485,3105
3134,39,150000,0,user_36,485,485,
3117,40,120000,0,user_22,485,485,
3119,41,120000,0,user_24,485,485,
3127,42,120000,0,user_33,485,485,
3132,43,120000,0,user_36,485,485,
3139,44,120000,0,user_42,485,485,
3130,45,98000,0,user_35,485,485,
3138,46,98000,0,user_37,485,485,
3145,47,83000,0,user_47,485,485,
3115,48,79000,0,user_22,485,485,
3146,49,79000,0,user_48,485,485,
3109,50,77000,0,user_16,485,485,
3158,0,43000000,0,user_8,486,486,
3161,1,30000000,146000,user_10,486,486,
3177,2,27000000,0,user_27,486,486,
3153,3,19000000,0,user_1,486,486,
3170,4,19000000,0,user_22,486,486,
3154,5,6300000,0,user_3,486,486,
3178,6,6300000,7190000,user_27,486,486,
3179,7,5200000,67500,user_29,486,486,
3198,8,5200000,0,user_49,486,486,
3186,9,3200000,0,user_35,486,486,
3173,10,2600000,49100,user_25,486,486,
3187,11,2500000,0,user_36,486,486,
3159,12,2400000,1100000,user_9,486,486,
3190,13,2000000,0,user_39,486,486,
3165,14,1900000,18600,user_15,486,486,
3189,15,1700000,0,user_38,486,486,
3188,16,1600000,0,user_37,486,486,
3164,17,1500000,66100,user_14,486,486,
3185,18,1500000,0,user_34,486,486,
3167,19,970000,0,user_19,486,486,
3152,20,630000,0,user_0,486,486,
3174,21,530000,0,user_25,486,486,
3182,22,530000,0,user_32,486,486,
3168,23,420000,0,user_20,486,486,
3157,24,370000,0,user_7,486,486,
3191,25,300000,0,user_41,486,486,
3169,26,220000,0,user_22,486,486,
3192,27,220000,0,user_41,486,486,
3199,28,160000,0,user_49,486,486,
3156,29,120000,0,user_4,486,486,
3160,30,120000,0,user_10,486,486,
3155,31,110000,0,user_4,486,486,
3176,32,100000,0,user_25,486,486,
3180,33,83000,0,user_30,486,486,
3175,34,79000,0,user_25,486,486,
3197,35,73000,0,user_48,486,486,
3171,36,70000,128000,user_23,486,486,
3218,0,27000000,67500,user_13,487,487,
3252,1,0,0,validator_9,100,487,3218
3204,2,19000000,0,user_3,487,487,
3245,3,6100000,0,user_40,487,487,
3250,4,6100000,0,user_47,487,487,
3219,5,5000000,0,user_14,487,487,
3234,6,3600000,0,user_29,487,487,
3235,7,3500000,0,user_31,487,487,
3229,8,2400000,73100,user_24,487,487,
3253,9,0,0,validator_9,100,487,3229
3241,10,2400000,67500,user_38,487,487,
3254,11,0,0,validator_9,100,487,3241
3216,12,2300000,0,user_11,487,487,
3244,13,2300000,0,user_39,487,487,
3221,14,2000000,0,user_16,487,487,
3223,15,1600000,0,user_18,487,487,
3243,16,1400000,0,user_39,487,487,
3246,17,1300000,33300,user_41,487,487,
3255,18,0,0,validator_9,100,487,3246
3238,19,910000,0,user_34,487,487,
3249,20,670000,0,user_45,487,487,
3228,21,650000,0,user_23,487,487,
3206,22,530000,0,user_7,487,487,
3256,23,0,0,validator_9,100,487,3217
3217,24,350000,164000,user_12,487,487,
3208,25,460000,13800,user_8,487,487,
3257,26,0,0,validator_9,100,487,3208
3212,27,470000,0,user_10,487,487,
3247,28,360000,0,user_42,487,487,
3207,29,150000,181000,user_7,487,487,
3258,30,0,0,validator_9,100,487,3207
3226,31,320000,0,user_20,487,487,
3230,32,310000,0,user_24,487,487,
3215,33,260000,0,user_10,487,487,
3211,34,170000,0,user_10,487,487,
3200,35,120000,16400,user_0,487,487,
3259,36,0,0,validator_9,100,487,3200
3203,37,120001,0,user_2,487,487,3200
3242,38,120000,0,user_38,487,487,
3213,39,110000,0,user_10,487,487,
3214,40,110000,0,user_10,487,487,
3236,41,110000,0,user_31,487,487,
3233,42,98000,0,user_28,487,487,
3239,43,98000,0,user_34,487,487,
3205,44,83000,0,user_6,487,487,
3309,0,0,0,validator_0,100,488,3276
3276,1,19000000,49100,user_15,488,488,
3310,2,0,0,validator_0,100,488,3301
3301,3,6300000,161000,user_38,488,488,
3297,4,4500000,0,user_31,488,488,
3298,5,4200000,0,user_32,488,488,
3283,6,3600000,0,user_23,488,488,
3264,7,2100000,73100,user_5,488,488,
3311,8,0,0,validator_0,100,488,3264
3304,9,2000000,0,user_42,488,488,
3294,10,1500000,0,user_29,488,488,
3260,11,1300000,0,user_0,488,488,
3284,12,1100000,0,user_23,488,488,
3306,13,1100000,0,user_46,488,488,
3262,14,1000000,0,user_2,488,488,
3281,15,910000,0,user_19,488,488,
3265,16,650000,0,user_6,488,488,
3289,17,220000,369000,user_27,488,488,
3312,18,0,0,validator_0,100,488,3289
3313,19,0,0,validator_0,100,488,3307
3307,20,460000,128000,user_48,488,488,
3270,21,470000,0,user_11,488,488,
3303,22,420000,0,user_40,488,488,
3267,23,370000,0,user_7,488,488,
3282,24,370000,0,user_22,488,488,
3293,25,350000,0,user_29,488,488,
3278,26,310000,0,user_15,488,488,
3285,27,310000,0,user_24,488,488,
3280,28,300000,0,user_17,488,488,
3314,29,0,0,validator_0,100,488,3296
3296,30,260000,35600,user_31,488,488,
3275,31,150000,128000,user_15,488,488,
3315,32,0,0,validator_0,100,488,3275
3263,33,260000,0,user_3,488,488,
3316,34,0,0,validator_0,100,488,3269
3269,35,160000,67500,user_11,488,488,
3279,36,170000,0,user_16,488,488,
3290,37,170000,0,user_27,488,488,
3317,38,0,0,validator_0,100,488,3288
3288,39,120000,3130,user_27,488,488,
3286,40,120000,0,user_24,488,488,
3308,41,120000,0,user_48,488,488,
3277,42,110000,0,user_15,488,488,
3300,43,79000,0,user_37,488,488,
3266,44,70000,0,user_7,488,488,
3340,0,30000000,0,user_19,489,489,
3377,1,30000000,0,user_48,489,489,
3367,2,6300000,0,user_40,489,489,
3318,3,5000000,0,user_0,489,489,
3357,4,5000000,0,user_33,489,489,
3376,5,5000000,0,user_47,489,489,
3324,6,4500000,0,user_7,489,489,
3352,7,4200000,0,user_32,489,489,
3329,8,2600000,0,user_11,489,489,
3343,9,2600000,0,user_27,489,489,
3358,10,2600000,0,user_33,489,489,
3350,11,2400000,0,user_29,489,489,
3371,12,2400000,0,user_44,489,489,
3346,13,2100000,0,user_29,489,489,
3370,14,2000000,23500,user_43,489,489,
3379,15,0,0,validator_0,100,489,3370
3355,16,1400000,0,user_32,489,489,
3326,17,110000,1100000,user_9,489,489,
3380,18,0,0,validator_0,100,489,3326
3336,19,1200000,0,user_15,489,489,
3331,20,1100000,0,user_12,489,489,
3337,21,1100000,0,user_16,489,489,
3349,22,970000,0,user_29,489,489,
3319,23,870000,0,user_0,489,489,
3378,24,870000,0,user_49,489,489,
3332,25,670000,0,user_13,489,489,
3321,26,120000,350000,user_3,489,489,
3381,27,0,0,validator_0,100,489,3321
3348,28,460000,0,user_29,489,489,
3353,29,460000,0,user_32,489,489,
3338,30,420000,0,user_17,489,489,
3374,31,420000,0,user_46,489,489,
3359,32,310000,0,user_33,489,489,
3339,33,300000,0,user_18,489,489,
3341,34,300000,0,user_20,489,489,
3382,35,0,0,validator_0,100,489,3347
3347,36,170000,56200,user_29,489,489,
3383,37,0,0,validator_0,100,489,3354
3354,38,160000,43600,user_32,489,489,
3330,39,150000,0,user_12,489,489,
3356,40,150000,0,user_32,489,489,
3327,41,130000,0,user_9,489,489,
3366,42,120000,0,user_40,489,489,
3325,43,110000,0,user_8,489,489,
3322,44,84000,0,user_5,489,489,
3323,45,84000,0,user_6,489,489,
3375,46,84000,0,user_47,489,489,
3421,0,43000000,0,user_40,490,490,
3424,1,30000000,0,user_42,490,490,
3431,2,0,0,validator_3,100,490,3423
3423,3,27000000,23500,user_42,490,490,
3432,4,0,0,validator_3,100,490,3384
3384,5,19000000,39400,user_0,490,490,
3385,6,19000001,0,user_1,490,490,3384
3386,7,19000001,0,user_2,490,490,3384
3433,8,0,0,validator_3,100,490,3402
3402,9,6100000,14200,user_25,490,490,
3434,10,0,0,validator_3,100,490,3413
3413,11,5200000,71800,user_34,490,490,
3392,12,4500000,0,user_6,490,490,
3435,13,0,0,validator_3,100,490,3401
3401,14,3200000,410000,user_24,490,490,
3395,15,3500000,0,user_13,490,490,
3412,16,3500000,0,user_34,490,490,
3391,17,1800000,510000,user_5,490,490,
3436,18,0,0,validator_3,100,490,3391
3389,19,2000000,0,user_4,490,490,
3437,20,0,0,validator_3,100,490,3398
3398,21,1500000,7840,user_22,490,490,
3418,22,1500000,0,user_37,490,490,
3425,23,1500000,0,user_43,490,490,
3408,24,1300000,0,user_32,490,490,
3415,25,1200000,0,user_35,490,490,
3417,26,870000,0,user_36,490,490,
3390,27,670000,0,user_5,490,490,
3397,28,660000,0,user_21,490,490,
3426,29,530000,0,user_43,490,490,
3427,30,470000,0,user_43,490,490,
3416,31,77000,296000,user_36,490,490,
3438,32,0,0,validator_3,100,490,3416
3409,33,350000,0,user_34,490,490,
3403,34,340000,0,user_27,490,490,
3399,35,310000,0,user_22,490,490,
3422,36,260000,0,user_41,490,490,
3404,37,170000,0,user_27,490,490,
3394,38,160000,0,user_12,490,490,
3400,39,120000,33300,user_24,490,490,
3439,40,0,0,validator_3,100,490,3400
3440,41,0,0,validator_3,100,490,3396
3396,42,120000,32900,user_15,490,490,
3411,43,150000,0,user_34,490,490,
3429,44,150000,0,user_44,490,490,
3393,45,110000,0,user_10,490,490,
3414,46,98000,0,user_35,490,490,
3428,47,98000,0,user_43,490,490,
3405,48,83000,0,user_27,490,490,
3410,49,83000,0,user_34,490,490,
3406,50,79000,0,user_28,490,490,
3450,0,30000000,0,user_11,491,491,
3460,1,27000000,0,user_21,491,491,
3474,2,27000000,0,user_39,491,491,
3443,3,19000000,0,user_3,491,491,
3444,4,5000000,0,user_5,491,491,
3468,5,4500000,0,user_33,491,491,
3484,6,2000000,0,user_49,491,491,
3470,7,1700000,30200,user_36,491,491,
3461,8,1600000,0,user_21,491,491,
3448,9,1400000,0,user_10,491,491,
3473,10,1400000,71800,user_38,491,491,
3481,11,1400000,0,user_47,491,491,
3478,12,1200000,0,user_45,491,491,
3472,13,1100000,36800,user_37,491,491,
3449,14,630000,49100,user_10,491,491,
3442,15,460000,0,user_2,491,491,
3459,16,370000,0,user_20,491,491,
3445,17,350000,0,user_6,491,491,
3482,18,310000,0,user_48,491,491,
3458,19,240000,0,user_19,491,491,
3446,20,220000,0,user_8,491,491,
3471,21,220000,0,user_37,491,491,
3462,22,160000,0,user_21,491,491,
3480,23,150000,0,user_47,491,491,
3483,24,130000,779000,user_49,491,491,
3452,25,120000,0,user_13,491,491,
3463,26,120000,17700000,user_22,491,491,
3465,27,120000,0,user_26,491,491,
3451,28,87000,0,user_12,491,491,
3441,29,77000,0,user_1,491,491,
3475,30,77000,0,user_40,491,491,
3530,0,6100000,0,user_30,492,492,
3512,1,4500000,75000,user_23,492,492,
3492,2,2500000,0,user_6,492,492,
3541,3,2400000,0,user_45,492,492,
3524,4,2300000,0,user_28,492,492,
3493,5,2100000,0,user_7,492,492,
3542,6,2000000,0,user_45,492,492,
3497,7,1800000,0,user_7,492,492,
3508,8,1400000,0,user_19,492,492,
3535,9,1400000,49100,user_37,492,492,
3491,10,1300000,0,user_5,492,492,
3495,11,1300000,0,user_7,492,492,
3526,12,1300000,0,user_28,492,492,
3534,13,1200000,68100,user_36,492,492,
3545,14,1100000,0,user_47,492,492,
3515,15,1000000,39400,user_24,492,492,
3498,16,970000,67500,user_14,492,492,
3521,17,670000,0,user_26,492,492,
3540,18,530000,13800,user_44,492,492,
3509,19,470000,0,user_20,492,492,
3485,20,460000,5180,user_0,492,492,
3486,21,459999,0,user_1,492,492,3485
3514,22,420000,0,user_24,492,492,
3494,23,340000,959000,user_7,492,492,
3496,24,320000,0,user_7,492,492,
3490,25,260000,164000,user_5,492,492,
3511,26,220000,0,user_21,492,492,
3531,27,220000,0,user_34,492,492,
3528,28,170000,0,user_28,492,492,
3487,29,150000,0,user_3,492,492,
3520,30,150000,0,user_26,492,492,
3488,31,120000,0,user_4,492,492,
3513,32,120000,0,user_24,492,492,
3536,33,120000,71800,user_37,492,492,
3525,34,110000,0,user_28,492,492,
3527,35,110000,13800,user_28,492,492,
3510,36,98000,67900,user_21,492,492,
3544,37,98000,0,user_47,492,492,
3489,38,85000,0,user_4,492,492,
3594,0,43000000,0,user_48,493,493,
3549,1,3600000,0,user_3,493,493,
3593,2,3200000,0,user_47,493,493,
3566,3,2400000,0,user_18,493,493,
3563,4,2300000,0,user_16,493,493,
3596,5,0,0,validator_8,100,493,3569
3569,6,1400000,769000,user_22,493,493,
3556,7,2100000,0,user_9,493,493,
3580,8,2100000,0,user_33,493,493,
3552,9,2000000,35100,user_5,493,493,
3597,10,0,0,validator_8,100,493,3552
3559,11,1900000,0,user_12,493,493,
3561,12,1600000,0,user_15,493,493,
3571,13,1600000,0,user_22,493,493,
3572,14,1600000,0,user_23,493,493,
3573,15,1500000,60700,user_25,493,493,
3598,16,0,0,validator_8,100,493,3573
3599,17,0,0,validator_8,100,493,3595
3595,18,1500000,33300,user_49,493,493,
3551,19,1300000,0,user_5,493,493,
3562,20,1100000,39400,user_15,493,493,
3600,21,0,0,validator_8,100,493,3562
3574,22,870000,0,user_27,493,493,
3553,23,660000,49100,user_7,493,493,
3601,24,0,0,validator_8,100,493,3553
3554,25,670000,0,user_8,493,493,
3560,26,660000,0,user_14,493,493,
3582,27,660000,0,user_35,493,493,
3602,28,0,0,validator_8,100,493,3578
3578,29,350000,34700,user_29,493,493,
3550,30,360000,0,user_4,493,493,
3567,31,320000,0,user_21,493,493,
3568,32,220000,0,user_22,493,493,
3546,33,160000,49100,user_1,493,493,
3603,34,0,0,validator_8,100,493,3546
3575,35,170000,0,user_27,493,493,
3583,36,170000,0,user_35,493,493,
3547,37,160001,0,user_1,493,493,3546
3577,38,160000,0,user_29,493,493,
3565,39,150000,0,user_18,493,493,
3570,40,150000,0,user_22,493,493,
3581,41,120000,0,user_34,493,493,
3576,42,110000,0,user_28,493,493,
3589,43,110000,0,user_44,493,493,
3579,44,100000,0,user_31,493,493,
3587,45,87000,0,user_42,493,493,
3555,46,83000,0,user_9,493,493,
3586,47,80000,0,user_39,493,493,
3633,0,30000000,510000,user_26,494,494,
3663,1,0,0,validator_13,100,494,3633
3614,2,30000000,0,user_8,494,494,
3660,3,19000000,0,user_45,494,494,
3605,4,6100000,0,user_2,494,494,
3635,5,3500000,17000,user_27,494,494,
3664,6,0,0,validator_13,100,494,3635
3611,7,3500000,0,user_8,494,494,
3638,8,3200000,0,user_33,494,494,
3653,9,2600000,0,user_41,494,494,
3626,10,2000000,0,user_17,494,494,
3647,11,1800000,0,user_39,494,494,
3629,12,1600000,195000,user_21,494,494,
3665,13,0,0,validator_13,100,494,3629
3656,14,1600000,0,user_45,494,494,
3621,15,1500000,0,user_14,494,494,
3659,16,1500000,0,user_45,494,494,
3637,17,1400000,0,user_32,494,494,
3666,18,0,0,validator_13,100,494,3646
3646,19,1300000,68100,user_39,494,494,
3644,20,970000,60700,user_38,494,494,
3667,21,0,0,validator_13,100,494,3644
3608,22,1000000,0,user_5,494,494,
3622,23,1000000,0,user_14,494,494,
3655,24,1000000,0,user_44,494,494,
3641,25,670000,0,user_35,494,494,
3612,26,630000,0,user_8,494,494,
3657,27,530000,0,user_45,494,494,
3658,28,420000,33100,user_45,494,494,
3668,29,0,0,validator_13,100,494,3658
3643,30,360000,0,user_37,494,494,
3645,31,220000,0,user_39,494,494,
3652,32,220000,0,user_41,494,494,
3662,33,220000,0,user_48,494,494,
3648,34,190000,0,user_39,494,494,
3642,35,120000,60700,user_36,494,494,
3669,36,0,0,validator_13,100,494,3642
3606,37,170000,0,user_3,494,494,
3624,38,170000,0,user_15,494,494,
3628,39,170000,0,user_21,494,494,
3650,40,170000,0,user_41,494,494,
3651,41,84000,84800,user_41,494,494,
3670,42,0,0,validator_13,100,494,3651
3620,43,160000,0,user_13,494,494,
3639,44,160000,0,user_34,494,494,
3610,45,150000,0,user_8,494,494,
3619,46,110000,0,user_13,494,494,
3632,47,110000,0,user_25,494,494,
3634,48,110000,0,user_27,494,494,
3636,49,110000,0,user_31,494,494,
3615,50,100000,0,user_10,494,494,
3661,51,85000,0,user_46,494,494,
3607,52,80000,0,user_4,494,494,
3618,53,79000,0,user_12,494,494,
3623,54,79000,0,user_14,494,494,
3613,55,77000,0,user_8,494,494,
3640,56,70000,0,user_35,494,494,
3675,0,43000000,0,user_1,495,495,
3720,1,43000000,0,user_47,495,495,
3708,2,27000000,0,user_36,495,495,
3694,3,82000,7190000,user_20,495,495,
3723,4,0,0,validator_4,100,495,3694
3692,5,6300000,0,user_20,495,495,
3718,6,6100000,0,user_46,495,495,
3698,7,5000000,0,user_26,495,495,
3671,8,4500000,0,user_0,495,495,
3711,9,2500000,0,user_39,495,495,
3686,10,2400000,0,user_16,495,495,
3690,11,2300000,0,user_20,495,495,
3680,12,2000000,0,user_6,495,495,
3701,13,2000000,0,user_27,495,495,
3713,14,2000000,0,user_40,495,495,
3724,15,0,0,validator_4,100,495,3696
3696,16,1800000,139000,user_24,495,495,
3689,17,1700000,0,user_19,495,495,
3673,18,1300000,0,user_1,495,495,
3679,19,1300000,0,user_5,495,495,
3721,20,1100000,0,user_48,495,495,
3676,21,970000,0,user_1,495,495,
3674,22,870000,0,user_1,495,495,
3704,23,630000,0,user_29,495,495,
3685,24,460000,0,user_15,495,495,
3699,25,460000,0,user_27,495,495,
3714,26,460000,0,user_42,495,495,
3716,27,460000,0,user_44,495,495,
3682,28,350000,0,user_8,495,495,
3693,29,340000,0,user_20,495,495,
3709,30,340000,0,user_36,495,495,
3725,31,0,0,validator_4,100,495,3717
3717,32,260000,39400,user_46,495,495,
3687,33,260000,0,user_17,495,495,
3715,34,83000,146000,user_43,495,495,
3726,35,0,0,validator_4,100,495,3715
3684,36,220000,0,user_14,495,495,
3700,37,220000,0,user_27,495,495,
3712,38,220000,0,user_39,495,495,
3707,39,150000,42000,user_33,495,495,
3727,40,0,0,validator_4,100,495,3707
3722,41,190000,0,user_48,495,495,
3677,42,160000,0,user_2,495,495,
3702,43,160000,0,user_27,495,495,
3695,44,150000,0,user_23,495,495,
3705,45,150000,0,user_30,495,495,
3688,46,120000,0,user_19,495,495,
3672,47,110000,0,user_0,495,495,
3683,48,83000,3130,user_10,495,495,
3728,49,0,0,validator_4,100,495,3683
3719,50,83000,0,user_46,495,495,
3691,51,80000,0,user_20,495,495,
3697,52,77000,0,user_25,495,495,
3743,0,19000000,0,user_16,496,496,
3734,1,2400000,0,user_5,496,496,
3739,2,1900000,0,user_10,496,496,
3735,3,1800000,0,user_5,496,496,
3756,4,1700000,0,user_41,496,496,
3755,5,1600000,0,user_39,496,496,
3737,6,1500000,0,user_8,496,496,
3740,7,1200000,0,user_11,496,496,
3752,8,1000000,0,user_36,496,496,
3763,9,1000000,0,user_49,496,496,
3760,10,910000,0,user_46,496,496,
3747,11,670000,0,user_28,496,496,
3732,12,470000,0,user_5,496,496,
3742,13,460000,0,user_16,496,496,
3736,14,360000,0,user_6,496,496,
3764,15,0,0,validator_9,100,496,3761
3761,16,320000,30200,user_47,496,496,
3758,17,320000,0,user_43,496,496,
3729,18,310000,0,user_2,496,496,
3748,19,260000,0,user_31,496,496,
3765,20,0,0,validator_9,100,496,3750
3750,21,87000,100000,user_34,496,496,
3751,22,160000,0,user_35,496,496,
3731,23,150000,0,user_3,496,496,
3733,24,150000,0,user_5,496,496,
3745,25,130000,0,user_20,496,496,
3766,26,0,0,validator_9,100,496,3730
3730,27,110000,13900,user_2,496,496,
3757,28,110000,0,user_43,496,496,
3759,29,84000,0,user_45,496,496,
3754,30,80000,0,user_39,496,496,
3781,0,30000000,231000,user_13,497,497,
3822,1,0,0,validator_6,100,497,3781
3799,2,19000000,0,user_28,497,497,
3813,3,6300000,4320000,user_39,497,497,
3823,4,0,0,validator_6,100,497,3813
3785,5,5000000,0,user_17,497,497,
3824,6,0,0,validator_6,100,497,3775
3775,7,3500000,60700,user_8,497,497,
3808,8,3500000,0,user_37,497,497,
3780,9,3200000,0,user_13,497,497,
3778,10,2600000,0,user_11,497,497,
3794,11,2600000,0,user_25,497,497,
3812,12,2300000,0,user_39,497,497,
3784,13,2100000,0,user_16,497,497,
3798,14,2000000,0,user_27,497,497,
3769,15,1900000,0,user_0,497,497,
3819,16,1500000,0,user_45,497,497,
3821,17,1300000,0,user_46,497,497,
3818,18,1200000,0,user_44,497,497,
3825,19,0,0,validator_6,100,497,3783
3783,20,220000,779000,user_16,497,497,
3796,21,910000,0,user_27,497,497,
3782,22,870000,0,user_14,497,497,
3788,23,660000,0,user_21,497,497,
3807,24,530000,0,user_37,497,497,
3792,25,460000,0,user_24,497,497,
3800,26,360000,0,user_29,497,497,
3772,27,310000,35600,user_3,497,497,
3826,28,0,0,validator_6,100,497,3772
3820,29,310000,0,user_45,497,497,
3770,30,300000,0,user_0,497,497,
3767,31,240000,0,user_0,497,497,
3786,32,190000,0,user_19,497,497,
3810,33,190000,0,user_38,497,497,
3827,34,0,0,validator_6,100,497,3811
3811,35,170000,15100,user_39,497,497,
3787,36,170000,0,user_20,497,497,
3801,37,160000,0,user_31,497,497,
3773,38,150000,0,user_6,497,497,
3774,39,150000,0,user_6,497,497,
3802,40,150000,0,user_33,497,497,
3805,41,150000,0,user_35,497,497,
3828,42,0,0,validator_6,100,497,3779
3779,43,130000,5640,user_12,497,497,
3776,44,120000,0,user_9,497,497,
3809,45,110000,0,user_38,497,497,
3797,46,87000,0,user_27,497,497,
3817,47,85000,0,user_44,497,497,
3777,48,83000,0,user_10,497,497,
3793,49,83000,0,user_24,497,497,
3829,50,0,0,validator_6,100,497,3771
3771,51,70000,11200,user_2,497,497,
3795,52,77000,0,user_25,497,497,
3768,53,73000,0,user_0,497,497,
3856,0,4200000,0,user_21,498,498,
3849,1,3200000,0,user_12,498,498,
3882,2,0,0,validator_9,100,498,3835
3835,3,2000000,14200,user_3,498,498,
3883,4,0,0,validator_9,100,498,3874
3874,5,2000000,12300,user_40,498,498,
3858,6,2000000,0,user_24,498,498,
3843,7,1500000,0,user_7,498,498,
3876,8,1500000,0,user_43,498,498,
3884,9,0,0,validator_9,100,498,3841
3841,10,1400000,68100,user_7,498,498,
3857,11,1400000,0,user_23,498,498,
3840,12,1000000,0,user_7,498,498,
3885,13,0,0,validator_9,100,498,3862
3862,14,650000,139000,user_29,498,498,
3861,15,650000,0,user_28,498,498,
3886,16,0,0,validator_9,100,498,3847
3847,17,420000,39400,user_10,498,498,
3863,18,420000,0,user_30,498,498,
3839,19,310000,0,user_7,498,498,
3879,20,310000,0,user_46,498,498,
3851,21,220000,0,user_16,498,498,
3870,22,220000,0,user_36,498,498,
3842,23,170000,31700,user_7,498,498,
3887,24,0,0,validator_9,100,498,3842
3875,25,190000,0,user_42,498,498,
3830,26,150000,10700,user_0,498,498,
3888,27,0,0,validator_9,100,498,3830
3880,28,160000,0,user_47,498,498,
3868,29,150000,0,user_36,498,498,
3869,30,120000,0,user_36,498,498,
3889,31,0,0,validator_9,100,498,3837
3837,32,80000,39400,user_5,498,498,
3890,33,0,0,validator_9,100,498,3867
3867,34,70000,49100,user_36,498,498,
3848,35,110000,0,user_11,498,498,
3838,36,84000,19700,user_6,498,498,
3891,37,0,0,validator_9,100,498,3838
3873,38,100000,0,user_39,498,498,
3892,39,0,0,validator_9,100,498,3865
3865,40,70000,14200,user_34,498,498,
3866,41,77000,0,user_36,498,498,
3853,42,70000,0,user_18,498,498,
3872,43,70000,0,user_38,498,498,
3941,0,43000000,0,user_45,499,499,
3938,1,30000000,0,user_41,499,499,
3912,2,27000000,0,user_15,499,499,
3925,3,870000,7190000,user_34,499,499,
3947,4,0,0,validator_4,100,499,3925
3948,5,0,0,validator_4,100,499,3900
3900,6,6300000,34700,user_5,499,499,
3928,7,6100000,0,user_36,499,499,
3926,8,3200000,0,user_34,499,499,
3939,9,2100000,283000,user_42,499,499,
3949,10,0,0,validator_4,100,499,3939
3918,11,2100000,0,user_24,499,499,
3910,12,1600000,0,user_13,499,499,
3916,13,1500000,0,user_23,499,499,
3936,14,1400000,0,user_41,499,499,
3902,15,1300000,0,user_6,499,499,
3950,16,0,0,validator_4,100,499,3906
3906,17,310000,959000,user_10,499,499,
3943,18,1100000,0,user_47,499,499,
3911,19,1000000,0,user_14,499,499,
3942,20,1000000,0,user_46,499,499,
3944,21,1000000,0,user_48,499,499,
3903,22,970000,0,user_8,499,499,
3904,23,910000,42000,user_8,499,499,
3951,24,0,0,validator_4,100,499,3904
3937,25,910000,0,user_41,499,499,
3934,26,870000,12800,user_41,499,499,
3952,27,0,0,validator_4,100,499,3934
3901,28,670000,0,user_5,499,499,
3927,29,650000,0,user_34,499,499,
3953,30,0,0,validator_4,100,499,3929
3929,31,530000,21800,user_36,499,499,
3907,32,530000,0,user_10,499,499,
3899,33,460000,0,user_5,499,499,
3898,34,420000,15300,user_5,499,499,
3954,35,0,0,validator_4,100,499,3898
3924,36,420000,0,user_34,499,499,
3955,37,0,0,validator_4,100,499,3920
3920,38,300000,47700,user_27,499,499,
3919,39,340000,0,user_26,499,499,
3930,40,340000,0,user_36,499,499,
3931,41,150000,121000,user_37,499,499,
3956,42,0,0,validator_4,100,499,3931
3913,43,220000,0,user_16,499,499,
3946,44,220000,0,user_49,499,499,
3935,45,170000,0,user_41,499,499,
3905,46,160000,0,user_9,499,499,
3922,47,150000,5180,user_29,499,499,
3957,48,0,0,validator_4,100,499,3922
3915,49,120000,0,user_19,499,499,
3932,50,120000,0,user_37,499,499,
3917,51,110000,0,user_24,499,499,
3933,52,110000,0,user_39,499,499,
3945,53,110000,0,user_49,499,499,
3914,54,100000,0,user_16,499,499,
3893,55,80000,10700,user_0,499,499,
3958,56,0,0,validator_4,100,499,3893
3940,57,82000,0,user_43,499,499,
3895,58,80001,0,user_1,499,499,3893
3896,59,80001,0,user_2,499,499,3893
3897,60,80001,0,user_2,499,499,3893
3894,61,79999,0,user_0,499,499,3893
3923,62,79000,0,user_30,499,499,
3994,0,170000,7190000,user_31,500,500,
4013,1,0,0,validator_5,100,500,3994
4003,2,5000000,0,user_37,500,500,
3989,3,3500000,0,user_24,500,500,
3987,4,2300000,0,user_23,500,500,
3988,5,2100000,0,user_24,500,500,
4001,6,2100000,0,user_37,500,500,
4002,7,2000000,0,user_37,500,500,
3985,8,1900000,0,user_20,500,500,
3997,9,1900000,0,user_33,500,500,
3974,10,1600000,0,user_9,500,500,
3991,11,1500000,24700,user_27,500,500,
4014,12,0,0,validator_5,100,500,3991
3996,13,1200000,0,user_33,500,500,
4015,14,0,0,validator_5,100,500,3965
3965,15,1100000,49100,user_6,500,500,
3984,16,1100000,0,user_19,500,500,
3986,17,1000000,0,user_23,500,500,
4010,18,970000,0,user_47,500,500,
3977,19,870000,0,user_12,500,500,
4016,20,0,0,validator_5,100,500,3959
3959,21,240000,283000,user_0,500,500,
4017,22,0,0,validator_5,100,500,4008
4008,23,160000,322000,user_44,500,500,
4018,24,0,0,validator_5,100,500,4006
4006,25,340000,12300,user_41,500,500,
4012,26,350000,0,user_49,500,500,
4009,27,320000,0,user_45,500,500,
3975,28,300000,0,user_10,500,500,
3999,29,260000,0,user_35,500,500,
3960,30,240001,0,user_0,500,500,3959
3961,31,240001,0,user_1,500,500,3959
3962,32,239999,0,user_2,500,500,3959
3963,33,239999,0,user_2,500,500,3959
4000,34,220000,0,user_36,500,500,
3981,35,190000,0,user_15,500,500,
4007,36,190000,0,user_42,500,500,
3982,37,80000,64600,user_17,500,500,
4019,38,0,0,validator_5,100,500,3982
4020,39,0,0,validator_5,100,500,3976
3976,40,120000,15300,user_11,500,500,
3964,41,130000,0,user_5,500,500,
3992,42,120000,0,user_29,500,500,
4011,43,120000,0,user_49,500,500,
3966,44,82000,0,user_6,500,500,
4005,45,82000,0,user_41,500,500,
3983,46,79000,0,user_18,500,500,
3990,47,73000,0,user_26,500,500,
4067,0,1000000,7190000,user_41,501,501,
4082,1,0,0,validator_5,100,501,4067
4024,2,5200000,0,user_4,501,501,
4071,3,3600000,0,user_42,501,501,
4048,4,3200000,0,user_24,501,501,
4083,5,0,0,validator_5,100,501,4033
4033,6,2400000,17000,user_16,501,501,
4032,7,2400000,0,user_16,501,501,
4035,8,2300000,0,user_17,501,501,
4055,9,2100000,0,user_31,501,501,
4079,10,2100000,0,user_46,501,501,
4029,11,2000000,0,user_15,501,501,
4046,12,2000000,0,user_24,501,501,
4062,13,1800000,0,user_36,501,501,
4030,14,1300000,0,user_15,501,501,
4043,15,1300000,0,user_22,501,501,
4054,16,110000,1100000,user_29,501,501,
4084,17,0,0,validator_5,100,501,4054
4040,18,1200000,0,user_20,501,501,
4052,19,910000,0,user_27,501,501,
4051,20,870000,0,user_26,501,501,
4050,21,85000,779000,user_26,501,501,
4085,22,0,0,validator_5,100,501,4050
4027,23,670000,0,user_11,501,501,
4022,24,660000,0,user_1,501,501,
4069,25,650000,0,user_42,501,501,
4070,26,650000,0,user_42,501,501,
4053,27,630000,0,user_28,501,501,
4064,28,530000,0,user_38,501,501,
4086,29,0,0,validator_5,100,501,4057
4057,30,110000,381000,user_31,501,501,
4037,31,470000,0,user_19,501,501,
4044,32,470000,0,user_23,501,501,
4036,33,420000,0,user_19,501,501,
4025,34,370000,0,user_5,501,501,
4041,35,360000,0,user_20,501,501,
4066,36,360000,0,user_40,501,501,
4072,37,310000,0,user_42,501,501,
4078,38,310000,0,user_44,501,501,
4038,39,220000,0,user_20,501,501,
4061,40,220000,0,user_35,501,501,
4068,41,220000,0,user_41,501,501,
4087,42,0,0,validator_5,100,501,4034
4034,43,87000,75000,user_16,501,501,
4021,44,130000,0,user_0,501,501,
4023,45,120000,0,user_3,501,501,
4045,46,110000,0,user_24,501,501,
4056,47,110000,0,user_31,501,501,
4063,48,100000,0,user_37,501,501,
4031,49,80000,5180,user_16,501,501,
4088,50,0,0,validator_5,100,501,4031
4047,51,83000,0,user_24,501,501,
4049,52,82000,0,user_24,501,501,
4039,53,80000,0,user_20,501,501,
4080,54,80000,0,user_47,501,501,
4073,55,77000,0,user_42,501,501,
4042,56,73000,0,user_21,501,501,
4127,0,43000000,0,user_30,502,502,
4134,1,30000000,30200,user_37,502,502,
4137,2,27000000,0,user_39,502,502,
4105,3,6300000,164000,user_16,502,502,
4099,4,6100000,0,user_13,502,502,
4114,5,5200000,0,user_22,502,502,
4121,6,5200000,0,user_26,502,502,
4136,7,3200000,67500,user_39,502,502,
4108,8,2300000,0,user_16,502,502,
4113,9,2100000,0,user_21,502,502,
4118,10,2100000,0,user_25,502,502,
4101,11,2000000,0,user_15,502,502,
4106,12,1800000,0,user_16,502,502,
4096,13,1500000,0,user_9,502,502,
4107,14,1500000,0,user_16,502,502,
4124,15,1400000,0,user_28,502,502,
4092,16,1300000,0,user_7,502,502,
4102,17,1300000,0,user_15,502,502,
4125,18,1300000,0,user_28,502,502,
4148,19,1200000,0,user_49,502,502,
4103,20,1100000,0,user_15,502,502,
4119,21,1100000,0,user_26,502,502,
4135,22,1100000,369000,user_38,502,502,
4091,23,1000000,0,user_6,502,502,
4133,24,1000000,0,user_34,502,502,
4093,25,910000,0,user_7,502,502,
4094,26,910000,0,user_8,502,502,
4090,27,870000,0,user_1,502,502,
4131,28,660000,0,user_34,502,502,
4123,29,630000,0,user_27,502,502,
4104,30,600000,0,user_15,502,502,
4145,31,460000,35100,user_48,502,502,
4141,32,420000,0,user_43,502,502,
4130,33,370000,215000,user_34,502,502,
4126,34,350000,0,user_29,502,502,
4112,35,310000,0,user_21,502,502,
4122,36,310000,0,user_26,502,502,
4128,37,260000,0,user_32,502,502,
4110,38,220000,0,user_17,502,502,
4100,39,190000,34700,user_14,502,502,
4109,40,190000,0,user_16,502,502,
4115,41,190000,0,user_22,502,502,
4089,42,160000,0,user_1,502,502,
4095,43,150000,0,user_8,502,502,
4146,44,150000,35600,user_49,502,502,
4147,45,150000,0,user_49,502,502,
4132,46,130000,60700,user_34,502,502,
4139,47,120000,0,user_41,502,502,
4138,48,100000,0,user_39,502,502,
4120,49,82000,0,user_26,502,502,
4149,50,79000,0,user_49,502,502,
4174,0,27000000,0,user_22,503,503,
4188,1,27000000,0,user_32,503,503,
4191,2,4500000,0,user_34,503,503,
4197,3,4500000,0,user_45,503,503,
4172,4,3600000,0,user_16,503,503,
4176,5,2000000,410000,user_23,503,503,
4203,6,0,0,validator_4,100,503,4176
4154,7,2000000,0,user_5,503,503,
4194,8,2000000,0,user_40,503,503,
4195,9,2000000,0,user_41,503,503,
4204,10,0,0,validator_4,100,503,4177
4177,11,1600000,296000,user_23,503,503,
4190,12,1700000,0,user_34,503,503,
4200,13,1500000,0,user_48,503,503,
4205,14,0,0,validator_4,100,503,4157
4157,15,1300000,128000,user_10,503,503,
4180,16,1400000,0,user_24,503,503,
4151,17,1200000,0,user_1,503,503,
4170,18,1100000,0,user_15,503,503,
4192,19,1100000,0,user_37,503,503,
4201,20,1000000,0,user_48,503,503,
4206,21,0,0,validator_4,100,503,4196
4196,22,650000,322000,user_44,503,503,
4193,23,600000,0,user_40,503,503,
4186,24,340000,139000,user_30,503,503,
4207,25,0,0,validator_4,100,503,4186
4182,26,470000,0,user_25,503,503,
4185,27,460000,0,user_29,503,503,
4208,28,0,0,validator_4,100,503,4171
4171,29,320000,139000,user_16,503,503,
4209,30,0,0,validator_4,100,503,4183
4183,31,340000,31700,user_26,503,503,
4150,32,370000,0,user_0,503,503,
4199,33,370000,0,user_47,503,503,
4173,34,220000,0,user_19,503,503,
4175,35,220000,0,user_22,503,503,
4181,36,220000,0,user_24,503,503,
4179,37,190000,0,user_23,503,503,
4169,38,160000,0,user_14,503,503,
4153,39,150000,0,user_4,503,503,
4189,40,150000,0,user_33,503,503,
4198,41,130000,0,user_46,503,503,
4152,42,110000,0,user_1,503,503,
4210,43,0,0,validator_4,100,503,4178
4178,44,84000,17000,user_23,503,503,
4202,45,82000,0,user_49,503,503,
4168,46,77000,0,user_13,503,503,
4187,47,77000,0,user_32,503,503,
4156,48,73000,0,user_8,503,503,
4178,0,30000000,0,user_30,504,504,
4154,1,5200000,0,user_2,504,504,
4193,2,5000000,0,user_39,504,504,
4163,3,3500000,43600,user_13,504,504,
4186,4,2100000,959000,user_34,504,504,
4155,5,2000000,0,user_2,504,504,
4156,6,2000000,0,user_3,504,504,
4165,7,2000000,0,user_15,504,504,
4184,8,2000000,5630,user_33,504,504,
4196,9,2000000,0,user_43,504,504,
4170,10,1900000,0,user_17,504,504,
4171,11,1700000,0,user_18,504,504,
4161,12,1500000,21800,user_11,504,504,
4194,13,1200000,0,user_40,504,504,
4153,14,1100000,0,user_1,504,504,
4175,15,1100000,0,user_22,504,504,
4195,16,1100000,0,user_41,504,504,
4173,17,1000000,0,user_20,504,504,
4197,18,660000,0,user_44,504,504,
4188,19,600000,0,user_37,504,504,
4203,20,600000,0,user_49,504,504,
4152,21,310000,0,user_0,504,504,
4180,22,310000,215000,user_32,504,504,
4199,23,310000,0,user_46,504,504,
4182,24,220000,155000,user_32,504,504,
4198,25,220000,46500,user_45,504,504,
4185,26,190000,0,user_34,504,504,
4183,27,170000,0,user_32,504,504,
4202,28,160000,0,user_48,504,504,
4164,29,150000,0,user_14,504,504,
4187,30,150000,16400,user_37,504,504,
4158,31,120000,0,user_7,504,504,
4160,32,120000,0,user_10,504,504,
4162,33,120000,0,user_12,504,504,
4168,34,120000,0,user_16,504,504,
4169,35,120000,6390,user_17,504,504,
4190,36,120000,0,user_37,504,504,
4181,37,110000,3130,user_32,504,504,
4189,38,100000,146000,user_37,504,504,
4167,39,98000,15100,user_16,504,504,
4166,40,80000,0,user_15,504,504,
4249,0,43000000,0,user_40,505,505,
4257,1,0,0,validator_10,100,505,4204
4204,2,160000,17700000,user_1,505,505,
4246,3,150000,7190000,user_39,505,505,
4258,4,0,0,validator_10,100,505,4246
4245,5,83000,4320000,user_38,505,505,
4259,6,0,0,validator_10,100,505,4245
4208,7,4200000,75000,user_5,505,505,
4260,8,0,0,validator_10,100,505,4208
4237,9,3500000,0,user_35,505,505,
4241,10,3500000,0,user_35,505,505,
4235,11,3200000,0,user_32,505,505,
4233,12,2000000,0,user_30,505,505,
4247,13,2000000,0,user_39,505,505,
4251,14,1300000,0,user_43,505,505,
4215,15,1000000,285000,user_11,505,505,
4261,16,0,0,validator_10,100,505,4215
4219,17,1100000,0,user_16,505,505,
4256,18,1100000,0,user_48,505,505,
4225,19,1000000,0,user_20,505,505,
4250,20,970000,0,user_42,505,505,
4262,21,0,0,validator_10,100,505,4230
4230,22,460000,322000,user_27,505,505,
4244,23,660000,0,user_38,505,505,
4263,24,0,0,validator_10,100,505,4210
4210,25,80000,510000,user_6,505,505,
4264,26,0,0,validator_10,100,505,4209
4209,27,150000,296000,user_6,505,505,
4254,28,100000,296000,user_47,505,505,
4265,29,0,0,validator_10,100,505,4254
4266,30,0,0,validator_10,100,505,4239
4239,31,310000,68100,user_35,505,505,
4267,32,0,0,validator_10,100,505,4216
4216,33,350000,15100,user_12,505,505,
4268,34,0,0,validator_10,100,505,4238
4238,35,320000,36800,user_35,505,505,
4255,36,350000,0,user_47,505,505,
4269,37,0,0,validator_10,100,505,4228
4228,38,340000,3130,user_24,505,505,
4224,39,260000,64600,user_19,505,505,
4270,40,0,0,validator_10,100,505,4224
4229,41,320000,0,user_27,505,505,
4253,42,310000,0,user_45,505,505,
4232,43,300000,0,user_30,505,505,
4223,44,260000,0,user_19,505,505,
4205,45,160001,0,user_2,505,505,4204
4226,46,160000,0,user_22,505,505,
4206,47,150000,0,user_3,505,505,
4218,48,150000,0,user_15,505,505,
4220,49,150000,0,user_17,505,505,
4227,50,150000,0,user_23,505,505,
4236,51,150000,0,user_33,505,505,
4217,52,120000,0,user_14,505,505,
4242,53,110000,0,user_36,505,505,
4252,54,110000,0,user_44,505,505,
4211,55,100000,0,user_7,505,505,
4212,56,83000,0,user_8,505,505,
4248,57,82000,0,user_40,505,505,
4234,58,79000,0,user_31,505,505,
4243,59,77000,0,user_37,505,505,
4240,60,73000,0,user_35,505,505,
4306,0,43000000,0,user_32,506,506,
4283,1,27000000,0,user_10,506,506,
4291,2,19000000,0,user_20,506,506,
4310,3,6100000,0,user_36,506,506,
4315,4,5200000,0,user_39,506,506,
4287,5,3500000,0,user_17,506,506,
4325,6,2500000,128000,user_45,506,506,
4330,7,0,0,validator_12,100,506,4325
4274,8,2400000,0,user_3,506,506,
4331,9,0,0,validator_12,100,506,4308
4308,10,2100000,43600,user_33,506,506,
4284,11,2000000,0,user_11,506,506,
4332,12,0,0,validator_12,100,506,4295
4295,13,1400000,381000,user_22,506,506,
4323,14,1600000,161000,user_43,506,506,
4333,15,0,0,validator_12,100,506,4323
4275,16,1400000,0,user_4,506,506,
4285,17,1300000,0,user_12,506,506,
4272,18,1100000,0,user_2,506,506,
4296,19,1100000,0,user_22,506,506,
4322,20,1100000,0,user_43,506,506,
4286,21,1000000,0,user_14,506,506,
4297,22,1000000,0,user_23,506,506,
4298,23,470000,0,user_24,506,506,
4304,24,470000,0,user_29,506,506,
4324,25,170000,215000,user_44,506,506,
4334,26,0,0,validator_12,100,506,4324
4309,27,360000,0,user_34,506,506,
4314,28,350000,0,user_39,506,506,
4326,29,260000,0,user_46,506,506,
4294,30,220000,0,user_22,506,506,
4335,31,0,0,validator_12,100,506,4288
4288,32,150000,67900,user_19,506,506,
4289,33,170000,0,user_19,506,506,
4299,34,110000,56200,user_24,506,506,
4336,35,0,0,validator_12,100,506,4299
4328,36,150000,0,user_48,506,506,
4282,37,130000,0,user_9,506,506,
4293,38,130000,0,user_20,506,506,
4305,39,130000,0,user_31,506,506,
4303,40,120000,0,user_29,506,506,
4307,41,120000,0,user_32,506,506,
4329,42,110000,0,user_48,506,506,
4292,43,100000,0,user_20,506,506,
4311,44,98000,0,user_37,506,506,
4301,45,87000,0,user_27,506,506,
4302,46,87000,0,user_28,506,506,
4271,47,83000,0,user_1,506,506,
4273,48,79000,0,user_3,506,506,
4290,49,73000,0,user_19,506,506,
4345,0,27000000,0,user_7,507,507,
4342,1,19000000,0,user_5,507,507,
4365,2,19000000,0,user_31,507,507,
4387,3,0,0,validator_8,100,507,4386
4386,4,1000000,7190000,user_49,507,507,
4350,5,2100000,4320000,user_13,507,507,
4388,6,0,0,validator_8,100,507,4350
4371,7,6100000,35100,user_35,507,507,
4389,8,0,0,validator_8,100,507,4371
4364,9,4200000,285000,user_30,507,507,
4390,10,0,0,validator_8,100,507,4364
4353,11,2500000,0,user_16,507,507,
4369,12,2500000,0,user_34,507,507,
4340,13,2400000,0,user_3,507,507,
4368,14,2400000,0,user_33,507,507,
4391,15,0,0,validator_8,100,507,4377
4377,16,2100000,181000,user_39,507,507,
4392,17,0,0,validator_8,100,507,4382
4382,18,1700000,410000,user_41,507,507,
4360,19,1800000,43600,user_24,507,507,
4393,20,0,0,validator_8,100,507,4360
4355,21,1600000,0,user_18,507,507,
4380,22,1600000,0,user_39,507,507,
4356,23,1500000,0,user_21,507,507,
4361,24,1400000,0,user_25,507,507,
4370,25,1400000,0,user_34,507,507,
4362,26,1100000,0,user_28,507,507,
4341,27,1000000,0,user_5,507,507,
4352,28,1000000,0,user_14,507,507,
4363,29,970000,0,user_29,507,507,
4348,30,650000,0,user_9,507,507,
4339,31,630000,0,user_3,507,507,
4379,32,600000,0,user_39,507,507,
4394,33,0,0,validator_8,100,507,4351
4351,34,530000,16400,user_13,507,507,
4366,35,460000,0,user_32,507,507,
4381,36,420000,7840,user_40,507,507,
4395,37,0,0,validator_8,100,507,4381
4367,38,220000,46500,user_33,507,507,
4396,39,0,0,validator_8,100,507,4367
4347,40,160000,0,user_8,507,507,
4357,41,160000,0,user_22,507,507,
4358,42,160000,0,user_22,507,507,
4349,43,150000,0,user_13,507,507,
4359,44,150000,0,user_23,507,507,
4378,45,150000,0,user_39,507,507,
4337,46,110000,0,user_0,507,507,
4346,47,85000,0,user_8,507,507,
4412,0,30000000,0,user_9,508,508,
4421,1,30000000,0,user_20,508,508,
4401,2,27000000,0,user_2,508,508,
4445,3,5200000,0,user_43,508,508,
4452,4,0,0,validator_12,100,508,4443
4443,5,5000000,67500,user_40,508,508,
4453,6,0,0,validator_12,100,508,4429
4429,7,3600000,296000,user_29,508,508,
4418,8,2600000,21800,user_17,508,508,
4454,9,0,0,validator_12,100,508,4418
4405,10,2300000,15300,user_3,508,508,
4455,11,0,0,validator_12,100,508,4405
4406,12,2000000,0,user_4,508,508,
4427,13,1800000,0,user_27,508,508,
4441,14,970000,769000,user_39,508,508,
4456,15,0,0,validator_12,100,508,4441
4426,16,1600000,0,user_25,508,508,
4423,17,1500000,0,user_23,508,508,
4457,18,0,0,validator_12,100,508,4428
4428,19,910000,369000,user_29,508,508,
4404,20,1000000,0,user_3,508,508,
4431,21,170000,769000,user_31,508,508,
4458,22,0,0,validator_12,100,508,4431
4417,23,910000,0,user_16,508,508,
4438,24,670000,0,user_35,508,508,
4403,25,370000,285000,user_3,508,508,
4459,26,0,0,validator_12,100,508,4403
4402,27,630000,0,user_3,508,508,
4413,28,630000,0,user_11,508,508,
4460,29,0,0,validator_12,100,508,4410
4410,30,220000,381000,user_7,508,508,
4409,31,530000,0,user_7,508,508,
4461,32,0,0,validator_12,100,508,4434
4434,33,360000,146000,user_34,508,508,
4462,34,0,0,validator_12,100,508,4433
4433,35,120000,369000,user_34,508,508,
4432,36,470000,0,user_32,508,508,
4435,37,460000,0,user_34,508,508,
4416,38,420000,3130,user_16,508,508,
4463,39,0,0,validator_12,100,508,4416
4399,40,420000,0,user_1,508,508,
4415,41,420000,0,user_14,508,508,
4464,42,0,0,validator_12,100,508,4414
4414,43,340000,68100,user_12,508,508,
4446,44,370000,0,user_43,508,508,
4465,45,0,0,validator_12,100,508,4425
4425,46,340000,10700,user_24,508,508,
4442,47,260000,0,user_40,508,508,
4466,48,0,0,validator_12,100,508,4437
4437,49,120000,84800,user_34,508,508,
4467,50,0,0,validator_12,100,508,4430
4430,51,170000,15700,user_30,508,508,
4436,52,160000,0,user_34,508,508,
4424,53,150000,0,user_23,508,508,
4451,54,120000,15700,user_48,508,508,
4468,55,0,0,validator_12,100,508,4451
4447,56,120000,0,user_45,508,508,
4439,57,110000,0,user_37,508,508,
4400,58,100000,0,user_1,508,508,
4420,59,82000,0,user_20,508,508,
4487,0,43000000,0,user_13,509,509,
4509,1,30000000,0,user_31,509,509,
4486,2,150000,17700000,user_12,509,509,
4533,3,0,0,validator_7,100,509,4486
4469,4,6300000,0,user_0,509,509,
4510,5,6300000,0,user_32,509,509,
4471,6,5000000,0,user_3,509,509,
4524,7,4200000,0,user_41,509,509,
4476,8,3600000,0,user_4,509,509,
4522,9,3500000,0,user_40,509,509,
4516,10,3200000,0,user_38,509,509,
4505,11,2600000,0,user_28,509,509,
4483,12,2500000,0,user_9,509,509,
4484,13,2400000,0,user_10,509,509,
4475,14,1800000,0,user_4,509,509,
4473,15,1700000,0,user_4,509,509,
4493,16,1600000,13800,user_19,509,509,
4534,17,0,0,validator_7,100,509,4493
4521,18,1500000,0,user_40,509,509,
4529,19,1500000,0,user_46,509,509,
4507,20,1300000,0,user_30,509,509,
4512,21,1300000,0,user_34,509,509,
4514,22,1000000,0,user_37,509,509,
4503,23,910000,0,user_27,509,509,
4502,24,870000,0,user_26,509,509,
4470,25,87000,594000,user_2,509,509,
4535,26,0,0,validator_7,100,509,4470
4478,27,660000,0,user_5,509,509,
4519,28,660000,0,user_39,509,509,
4530,29,600000,0,user_47,509,509,
4517,30,530000,0,user_39,509,509,
4518,31,470000,0,user_39,509,509,
4532,32,460000,0,user_49,509,509,
4474,33,420000,0,user_4,509,509,
4492,34,350000,0,user_17,509,509,
4520,35,350000,0,user_39,509,509,
4536,36,0,0,validator_7,100,509,4523
4523,37,320000,21800,user_41,509,509,
4477,38,340000,0,user_4,509,509,
4501,39,340000,0,user_25,509,509,
4482,40,320000,0,user_7,509,509,
4472,41,310000,0,user_3,509,509,
4525,42,300000,0,user_41,509,509,
4489,43,260000,0,user_15,509,509,
4498,44,260000,0,user_23,509,509,
4508,45,260000,0,user_30,509,509,
4527,46,170000,84800,user_41,509,509,
4537,47,0,0,validator_7,100,509,4527
4513,48,190000,0,user_36,509,509,
4526,49,190000,0,user_41,509,509,
4480,50,100000,60700,user_5,509,509,
4538,51,0,0,validator_7,100,509,4480
4500,52,160000,0,user_24,509,509,
4539,53,0,0,validator_7,100,509,4499
4499,54,110000,49100,user_23,509,509,
4504,55,120000,0,user_28,509,509,
4515,56,120000,0,user_38,509,509,
4528,57,120000,0,user_44,509,509,
4490,58,110000,0,user_15,509,509,
4481,59,84000,0,user_6,509,509,
4479,60,83000,0,user_5,509,509,
4531,61,80000,0,user_49,509,509,
4566,0,43000000,0,user_26,510,510,
4547,1,110000,17700000,user_12,510,510,
4588,2,0,0,validator_2,100,510,4547
4541,3,6100000,0,user_3,510,510,
4583,4,5200000,0,user_48,510,510,
4589,5,0,0,validator_2,100,510,4582
4582,6,3200000,195000,user_46,510,510,
4590,7,0,0,validator_2,100,510,4545
4545,8,2300000,296000,user_7,510,510,
4543,9,2500000,0,user_5,510,510,
4581,10,2400000,0,user_46,510,510,
4585,11,2300000,0,user_49,510,510,
4591,12,0,0,validator_2,100,510,4559
4559,13,1400000,769000,user_20,510,510,
4548,14,2000000,73100,user_14,510,510,
4592,15,0,0,validator_2,100,510,4548
4558,16,2000000,0,user_18,510,510,
4560,17,2000000,0,user_22,510,510,
4549,18,1900000,0,user_14,510,510,
4593,19,0,0,validator_2,100,510,4577
4577,20,1500000,100000,user_42,510,510,
4542,21,1400000,42000,user_3,510,510,
4594,22,0,0,validator_2,100,510,4542
4579,23,1100000,0,user_44,510,510,
4562,24,1000000,0,user_23,510,510,
4555,25,670000,0,user_17,510,510,
4595,26,0,0,validator_2,100,510,4586
4586,27,530000,11200,user_49,510,510,
4544,28,460000,0,user_7,510,510,
4546,29,340000,0,user_9,510,510,
4565,30,310000,0,user_26,510,510,
4563,31,260000,0,user_23,510,510,
4587,32,260000,0,user_49,510,510,
4561,33,240000,0,user_22,510,510,
4557,34,120000,67500,user_17,510,510,
4596,35,0,0,validator_2,100,510,4557
4597,36,0,0,validator_2,100,510,4584
4584,37,80000,100000,user_49,510,510,
4567,38,170000,0,user_28,510,510,
4554,39,160000,0,user_17,510,510,
4556,40,160000,0,user_17,510,510,
4575,41,160000,0,user_38,510,510,
4568,42,150000,0,user_29,510,510,
4570,43,150000,0,user_35,510,510,
4598,44,0,0,validator_2,100,510,4550
4550,45,84000,39400,user_14,510,510,
4553,46,85000,7840,user_16,510,510,
4599,47,0,0,validator_2,100,510,4553
4576,48,84000,0,user_39,510,510,
4569,49,79000,0,user_34,510,510,
4580,50,73000,0,user_45,510,510,
4621,0,27000000,0,user_14,511,511,
4655,1,19000000,13900,user_39,511,511,
4664,2,0,0,validator_2,100,511,4655
4665,3,0,0,validator_2,100,511,4615
4615,4,6300000,5180,user_12,511,511,
4611,5,6100000,15700,user_10,511,511,
4666,6,0,0,validator_2,100,511,4611
4648,7,5000000,47700,user_31,511,511,
4667,8,0,0,validator_2,100,511,4648
4642,9,5000000,0,user_30,511,511,
4649,10,3200000,0,user_32,511,511,
4656,11,3200000,0,user_39,511,511,
4646,12,2400000,0,user_31,511,511,
4639,13,2000000,0,user_26,511,511,
4605,14,1800000,0,user_4,511,511,
4634,15,1700000,0,user_25,511,511,
4622,16,1500000,33100,user_14,511,511,
4668,17,0,0,validator_2,100,511,4622
4616,18,1500000,0,user_12,511,511,
4626,19,1500000,0,user_18,511,511,
4638,20,1500000,0,user_26,511,511,
4602,21,1300000,0,user_3,511,511,
4658,22,1300000,0,user_42,511,511,
4644,23,1000000,0,user_30,511,511,
4633,24,970000,0,user_25,511,511,
4606,25,910000,5630,user_5,511,511,
4669,26,0,0,validator_2,100,511,4606
4641,27,870000,0,user_29,511,511,
4603,28,670000,0,user_3,511,511,
4647,29,600000,0,user_31,511,511,
4607,30,420000,0,user_7,511,511,
4636,31,420000,0,user_25,511,511,
4614,32,340000,67900,user_12,511,511,
4670,33,0,0,validator_2,100,511,4614
4601,34,350000,0,user_2,511,511,
4610,35,310000,0,user_10,511,511,
4637,36,240000,0,user_25,511,511,
4660,37,240000,0,user_44,511,511,
4662,38,240000,0,user_48,511,511,
4629,39,170000,67900,user_21,511,511,
4671,40,0,0,validator_2,100,511,4629
4672,41,0,0,validator_2,100,511,4620
4620,42,190000,39400,user_14,511,511,
4650,43,220000,0,user_35,511,511,
4673,44,0,0,validator_2,100,511,4609
4609,45,120000,84800,user_9,511,511,
4674,46,0,0,validator_2,100,511,4645
4645,47,170000,33300,user_30,511,511,
4675,48,0,0,validator_2,100,511,4617
4617,49,110000,68100,user_12,511,511,
4625,50,170000,0,user_18,511,511,
4643,51,160000,0,user_30,511,511,
4630,52,150000,0,user_22,511,511,
4631,53,150000,0,user_22,511,511,
4604,54,110000,0,user_4,511,511,
4640,55,110000,0,user_28,511,511,
4663,56,98000,0,user_49,511,511,
4632,57,87000,0,user_23,511,511,
4657,58,87000,0,user_41,511,511,
4612,59,84000,0,user_11,511,511,
4619,60,82000,0,user_14,511,511,
4613,61,79000,0,user_11,511,511,
4635,62,77000,0,user_25,511,511,
4628,63,73000,0,user_20,511,511,
4723,0,6100000,14200,user_46,512,512,
4728,1,0,0,validator_6,100,512,4723
4714,2,4500000,0,user_39,512,512,
4725,3,4500000,0,user_47,512,512,
4727,4,4500000,0,user_48,512,512,
4720,5,4200000,0,user_46,512,512,
4729,6,0,0,validator_6,100,512,4698
4698,7,3600000,146000,user_19,512,512,
4730,8,0,0,validator_6,100,512,4697
4697,9,3600000,16400,user_18,512,512,
4689,10,3600000,0,user_14,512,512,
4704,11,2500000,0,user_28,512,512,
4706,12,2300000,0,user_30,512,512,
4701,13,2000000,0,user_24,512,512,
4682,14,1600000,0,user_4,512,512,
4692,15,1600000,0,user_15,512,512,
4699,16,1500000,0,user_21,512,512,
4687,17,1400000,0,user_9,512,512,
4677,18,1300000,0,user_0,512,512,
4731,19,0,0,validator_6,100,512,4708
4708,20,1100000,139000,user_35,512,512,
4719,21,350000,381000,user_45,512,512,
4732,22,0,0,validator_6,100,512,4719
4710,23,320000,381000,user_37,512,512,
4733,24,0,0,validator_6,100,512,4710
4734,25,0,0,validator_6,100,512,4713
4713,26,310000,164000,user_39,512,512,
4712,27,470000,0,user_39,512,512,
4735,28,0,0,validator_6,100,512,4680
4680,29,420000,47700,user_2,512,512,
4691,30,460000,0,user_15,512,512,
4718,31,240000,108000,user_44,512,512,
4736,32,0,0,validator_6,100,512,4718
4716,33,340000,0,user_42,512,512,
4721,34,340000,0,user_46,512,512,
4681,35,260000,0,user_3,512,512,
4711,36,260000,0,user_38,512,512,
4695,37,240000,0,user_16,512,512,
4702,38,240000,0,user_25,512,512,
4688,39,220000,0,user_13,512,512,
4722,40,160000,13900,user_46,512,512,
4737,41,0,0,validator_6,100,512,4722
4724,42,170000,0,user_46,512,512,
4694,43,160000,0,user_15,512,512,
4726,44,160000,0,user_47,512,512,
4676,45,120000,0,user_0,512,512,
4684,46,120000,0,user_7,512,512,
4686,47,120000,0,user_9,512,512,
4690,48,120000,0,user_14,512,512,
4703,49,120000,0,user_27,512,512,
4705,50,120000,0,user_30,512,512,
4707,51,120000,0,user_31,512,512,
4717,52,100000,0,user_43,512,512,
4693,53,98000,0,user_15,512,512,
4696,54,87000,0,user_17,512,512,
4678,55,85000,0,user_2,512,512,
4679,56,79000,0,user_2,512,512,
4685,57,79000,0,user_8,512,512,
4778,0,43000000,0,user_47,513,513,
4741,1,30000000,0,user_1,513,513,
4744,2,30000000,0,user_4,513,513,
4738,3,27000000,0,user_0,513,513,
4749,4,27000000,0,user_12,513,513,
4753,5,27000000,0,user_16,513,513,
4755,6,27000000,0,user_19,513,513,
4757,7,6300000,0,user_24,513,513,
4758,8,4200000,0,user_25,513,513,
4776,9,3600000,0,user_45,513,513,
4742,10,2100000,0,user_2,513,513,
4769,11,2100000,0,user_42,513,513,
4740,12,1900000,0,user_1,513,513,
4779,13,1700000,5180,user_48,513,513,
4780,14,0,0,validator_6,100,513,4779
4743,15,1500000,0,user_3,513,513,
4777,16,1500000,0,user_46,513,513,
4750,17,1400000,0,user_14,513,513,
4768,18,1200000,0,user_42,513,513,
4771,19,1100000,0,user_43,513,513,
4748,20,1000000,0,user_9,513,513,
4772,21,1000000,0,user_43,513,513,
4751,22,910000,0,user_16,513,513,
4781,23,0,0,validator_6,100,513,4754
4754,24,650000,21800,user_18,513,513,
4739,25,370000,0,user_0,513,513,
4762,26,360000,0,user_29,513,513,
4747,27,310000,0,user_8,513,513,
4760,28,300000,0,user_28,513,513,
4774,29,220000,0,user_43,513,513,
4763,30,150000,15100,user_30,513,513,
4782,31,0,0,validator_6,100,513,4763
4765,32,130000,30200,user_39,513,513,
4783,33,0,0,validator_6,100,513,4765
4752,34,160000,0,user_16,513,513,
4764,35,130000,0,user_32,513,513,
4746,36,100000,0,user_6,513,513,
4773,37,98000,0,user_43,513,513,
4770,38,87000,0,user_43,513,513,
4775,39,82000,0,user_44,513,513,
4761,40,70000,0,user_28,513,513,
4815,0,30000000,0,user_28,514,514,
4845,1,0,0,validator_5,100,514,4826
4826,2,5200000,66100,user_36,514,514,
4809,3,5000000,0,user_23,514,514,
4808,4,4500000,17000,user_22,514,514,
4846,5,0,0,validator_5,100,514,4808
4820,6,3500000,0,user_31,514,514,
4833,7,3200000,16400,user_42,514,514,
4847,8,0,0,validator_5,100,514,4833
4838,9,3200000,0,user_45,514,514,
4798,10,2300000,0,user_11,514,514,
4823,11,2000000,0,user_33,514,514,
4839,12,1600000,0,user_45,514,514,
4813,13,1400000,0,user_26,514,514,
4803,14,1300000,0,user_15,514,514,
4806,15,1300000,0,user_19,514,514,
4814,16,1300000,0,user_27,514,514,
4822,17,1300000,0,user_33,514,514,
4827,18,1200000,0,user_36,514,514,
4848,19,0,0,validator_5,100,514,4799
4799,20,1100000,18600,user_11,514,514,
4789,21,1100000,11200,user_5,514,514,
4849,22,0,0,validator_5,100,514,4789
4816,23,1100000,0,user_28,514,514,
4850,24,0,0,validator_5,100,514,4830
4830,25,1000000,15300,user_38,514,514,
4785,26,1000000,0,user_2,514,514,
4796,27,1000000,0,user_9,514,514,
4832,28,1000000,0,user_41,514,514,
4835,29,1000000,0,user_44,514,514,
4812,30,970000,0,user_26,514,514,
4805,31,660000,0,user_18,514,514,
4795,32,460000,0,user_9,514,514,
4851,33,0,0,validator_5,100,514,4836
4836,34,220000,231000,user_45,514,514,
4788,35,420000,0,user_3,514,514,
4852,36,0,0,validator_5,100,514,4811
4811,37,350000,42000,user_25,514,514,
4804,38,320000,0,user_17,514,514,
4784,39,220000,0,user_1,514,514,
4817,40,160000,49100,user_29,514,514,
4853,41,0,0,validator_5,100,514,4817
4828,42,190000,0,user_37,514,514,
4790,43,170000,0,user_5,514,514,
4802,44,170000,0,user_15,514,514,
4786,45,160000,0,user_2,514,514,
4837,46,160000,0,user_45,514,514,
4787,47,150000,0,user_3,514,514,
4800,48,150000,0,user_12,514,514,
4807,49,150000,0,user_21,514,514,
4829,50,150000,0,user_37,514,514,
4840,51,150000,0,user_46,514,514,
4792,52,120000,0,user_6,514,514,
4818,53,120000,0,user_29,514,514,
4844,54,120000,0,user_49,514,514,
4791,55,110000,0,user_5,514,514,
4797,56,110000,0,user_10,514,514,
4810,57,83000,0,user_25,514,514,
4881,0,19000000,195000,user_20,515,515,
4920,1,0,0,validator_8,100,515,4881
4921,2,0,0,validator_8,100,515,4917
4917,3,1300000,17700000,user_47,515,515,
4896,4,5000000,231000,user_26,515,515,
4922,5,0,0,validator_8,100,515,4896
4894,6,5200000,10700,user_26,515,515,
4923,7,0,0,validator_8,100,515,4894
4871,8,5000000,0,user_11,515,515,
4883,9,4200000,0,user_20,515,515,
4893,10,4200000,0,user_26,515,515,
4863,11,3600000,0,user_7,515,515,
4882,12,2000000,0,user_20,515,515,
4897,13,2000000,0,user_27,515,515,
4905,14,1600000,0,user_34,515,515,
4861,15,1500000,0,user_5,515,515,
4886,16,1200000,161000,user_22,515,515,
4924,17,0,0,validator_8,100,515,4886
4898,18,1300000,0,user_28,515,515,
4876,19,460000,769000,user_18,515,515,
4925,20,0,0,validator_8,100,515,4876
4874,21,1200000,0,user_15,515,515,
4906,22,1000000,0,user_35,515,515,
4879,23,630000,56200,user_20,515,515,
4926,24,0,0,validator_8,100,515,4879
4854,25,650000,8520,user_1,515,515,
4927,26,0,0,validator_8,100,515,4854
4857,27,650001,0,user_1,515,515,4854
4877,28,650000,0,user_18,515,515,
4919,29,650000,0,user_49,515,515,
4855,30,649999,0,user_1,515,515,4854
4856,31,649999,0,user_1,515,515,4854
4918,32,630000,0,user_47,515,515,
4888,33,420000,0,user_23,515,515,
4911,34,420000,0,user_39,515,515,
4913,35,420000,0,user_40,515,515,
4865,36,360000,0,user_9,515,515,
4867,37,340000,0,user_9,515,515,
4900,38,340000,0,user_29,515,515,
4928,39,0,0,validator_8,100,515,4907
4907,40,300000,12300,user_35,515,515,
4872,41,300000,0,user_12,515,515,
4884,42,220000,0,user_21,515,515,
4899,43,220000,0,user_28,515,515,
4864,44,190000,0,user_8,515,515,
4889,45,190000,0,user_23,515,515,
4929,46,0,0,validator_8,100,515,4880
4880,47,170000,11200,user_20,515,515,
4930,48,0,0,validator_8,100,515,4885
4885,49,110000,43600,user_21,515,515,
4892,50,150000,0,user_25,515,515,
4903,51,150000,0,user_33,515,515,
4860,52,120000,0,user_5,515,515,
4866,53,120000,0,user_9,515,515,
4902,54,120000,0,user_31,515,515,
4912,55,120000,0,user_40,515,515,
4868,56,110000,0,user_9,515,515,
4869,57,110000,0,user_9,515,515,
4901,58,110000,0,user_30,515,515,
4931,59,0,0,validator_8,100,515,4873
4873,60,73000,24700,user_13,515,515,
4932,61,0,0,validator_8,100,515,4914
4914,62,79000,16400,user_41,515,515,
4910,63,87000,0,user_39,515,515,
4904,64,85000,0,user_34,515,515,
4890,65,79000,0,user_24,515,515,
4895,66,79000,0,user_26,515,515,
4887,67,77000,0,user_22,515,515,
4891,68,70000,0,user_24,515,515,
4963,0,5000000,0,user_31,516,516,
4978,1,5000000,0,user_41,516,516,
4983,2,5000000,0,user_44,516,516,
4973,3,4500000,33300,user_39,516,516,
4988,4,0,0,validator_8,100,516,4973
4958,5,4500000,0,user_26,516,516,
4959,6,4200000,0,user_26,516,516,
4965,7,3200000,18600,user_32,516,516,
4989,8,0,0,validator_8,100,516,4965
4964,9,3200000,0,user_32,516,516,
4960,10,2100000,594000,user_27,516,516,
4990,11,0,0,validator_8,100,516,4960
4991,12,0,0,validator_8,100,516,4955
4955,13,2400000,35100,user_23,516,516,
4946,14,2300000,0,user_15,516,516,
4952,15,2300000,0,user_21,516,516,
4992,16,0,0,validator_8,100,516,4961
4961,17,2100000,10700,user_29,516,516,
4934,18,2100000,0,user_3,516,516,
4966,19,2100000,0,user_34,516,516,
4944,20,1900000,0,user_12,516,516,
4993,21,0,0,validator_8,100,516,4986
4986,22,1800000,3130,user_49,516,516,
4979,23,1800000,0,user_41,516,516,
4951,24,1600000,0,user_20,516,516,
4947,25,1500000,0,user_16,516,516,
4953,26,1500000,0,user_22,516,516,
4977,27,1000000,71800,user_40,516,516,
4994,28,0,0,validator_8,100,516,4977
4943,29,970000,47700,user_11,516,516,
4995,30,0,0,validator_8,100,516,4943
4975,31,870000,0,user_40,516,516,
4939,32,350000,410000,user_7,516,516,
4996,33,0,0,validator_8,100,516,4939
4997,34,0,0,validator_8,100,516,4957
4957,35,260000,322000,user_25,516,516,
4998,36,0,0,validator_8,100,516,4987
4987,37,530000,5640,user_49,516,516,
4945,38,470000,0,user_14,516,516,
4956,39,460000,0,user_24,516,516,
4940,40,310000,0,user_9,516,516,
4962,41,300000,0,user_30,516,516,
4936,42,260000,0,user_5,516,516,
4981,43,260000,0,user_41,516,516,
4999,44,0,0,validator_8,100,516,4942
4942,45,220000,5180,user_11,516,516,
4985,46,160000,64600,user_48,516,516,
5000,47,0,0,validator_8,100,516,4985
4938,48,110000,100000,user_7,516,516,
5001,49,0,0,validator_8,100,516,4938
4948,50,190000,12300,user_16,516,516,
5002,51,0,0,validator_8,100,516,4948
4954,52,150000,0,user_23,516,516,
4967,53,120000,0,user_35,516,516,
5003,54,0,0,validator_8,100,516,4980
4980,55,77000,33300,user_41,516,516,
4976,56,110000,0,user_40,516,516,
4935,57,98000,0,user_3,516,516,
4968,58,84000,0,user_35,516,516,
4974,59,70000,0,user_40,516,516,
5025,0,30000000,0,user_21,517,517,
5034,1,27000000,0,user_30,517,517,
5028,2,5200000,0,user_23,517,517,
5023,3,5000000,0,user_20,517,517,
5031,4,5000000,164000,user_26,517,517,
5029,5,4200000,11200,user_23,517,517,
5033,6,2600000,0,user_28,517,517,
5006,7,2000000,0,user_3,517,517,
5046,8,2000000,13800,user_43,517,517,
5039,9,1500000,0,user_38,517,517,
5020,10,1100000,0,user_17,517,517,
5005,11,1000000,68100,user_3,517,517,
5026,12,870000,7840,user_22,517,517,
5008,13,670000,0,user_5,517,517,
5032,14,670000,0,user_28,517,517,
5024,15,660000,0,user_21,517,517,
5016,16,630000,0,user_15,517,517,
5043,17,630000,39400,user_39,517,517,
5004,18,460000,0,user_1,517,517,
5047,19,340000,0,user_43,517,517,
5030,20,310000,0,user_25,517,517,
5036,21,310000,0,user_36,517,517,
5038,22,310000,32900,user_38,517,517,
5011,23,300000,0,user_8,517,517,
5012,24,300000,0,user_10,517,517,
5010,25,260000,0,user_7,517,517,
5018,26,260000,0,user_16,517,517,
5027,27,190000,0,user_22,517,517,
5051,28,190000,283000,user_48,517,517,
5022,29,170000,0,user_19,517,517,
5040,30,170000,0,user_38,517,517,
5007,31,150000,0,user_4,517,517,
5042,32,110000,0,user_38,517,517,
5014,33,100000,1100000,user_13,517,517,
5015,34,84000,0,user_14,517,517,
5009,35,83000,0,user_7,517,517,
5041,36,80000,0,user_38,517,517,
5019,37,77000,0,user_16,517,517,
5017,38,70000,0,user_15,517,517,
5037,39,70000,0,user_36,517,517,
5089,0,27000000,7190000,user_21,518,518,
5119,1,0,0,validator_11,100,518,5089
5101,2,30000000,0,user_32,518,518,
5097,3,19000000,0,user_25,518,518,
5105,4,6100000,0,user_34,518,518,
5068,5,5000000,0,user_9,518,518,
5074,6,5000000,0,user_12,518,518,
5083,7,5000000,0,user_18,518,518,
5076,8,4500000,0,user_14,518,518,
5065,9,4200000,0,user_9,518,518,
5096,10,2600000,0,user_25,518,518,
5081,11,2400000,0,user_16,518,518,
5088,12,2300000,0,user_21,518,518,
5090,13,2300000,0,user_21,518,518,
5120,14,0,0,validator_11,100,518,5118
5118,15,2000000,296000,user_49,518,518,
5093,16,2100000,0,user_24,518,518,
5121,17,0,0,validator_11,100,518,5111
5111,18,2000000,68100,user_41,518,518,
5082,19,2000000,0,user_17,518,518,
5085,20,2000000,0,user_18,518,518,
5062,21,1600000,381000,user_4,518,518,
5122,22,0,0,validator_11,100,518,5062
5109,23,1600000,0,user_38,518,518,
5108,24,1300000,0,user_37,518,518,
5116,25,1300000,0,user_48,518,518,
5066,26,1200000,0,user_9,518,518,
5079,27,1200000,0,user_15,518,518,
5102,28,1100000,0,user_32,518,518,
5052,29,220000,594000,user_1,518,518,
5123,30,0,0,validator_11,100,518,5052
5084,31,660000,0,user_18,518,518,
5080,32,120000,410000,user_15,518,518,
5124,33,0,0,validator_11,100,518,5080
5092,34,530000,0,user_22,518,518,
5091,35,460000,0,user_21,518,518,
5078,36,370000,0,user_15,518,518,
5094,37,320000,0,user_25,518,518,
5125,38,0,0,validator_11,100,518,5103
5103,39,98000,215000,user_32,518,518,
5100,40,300000,0,user_31,518,518,
5117,41,300000,0,user_49,518,518,
5126,42,0,0,validator_11,100,518,5112
5112,43,150000,121000,user_42,518,518,
5061,44,240000,0,user_3,518,518,
5053,45,220001,0,user_1,518,518,5052
5054,46,220001,0,user_1,518,518,5052
5057,47,220001,0,user_2,518,518,5052
5058,48,220001,0,user_2,518,518,5052
5059,49,220001,0,user_2,518,518,5052
5060,50,220001,0,user_2,518,518,5052
5115,51,220000,0,user_47,518,518,
5055,52,219999,0,user_1,518,518,5052
5056,53,219999,0,user_2,518,518,5052
5067,54,170000,0,user_9,518,518,
5073,55,170000,0,user_11,518,518,
5095,56,170000,0,user_25,518,518,
5113,57,170000,0,user_45,518,518,
5063,58,160000,0,user_5,518,518,
5086,59,160000,0,user_19,518,518,
5104,60,160000,0,user_32,518,518,
5107,61,160000,0,user_36,518,518,
5077,62,150000,0,user_15,518,518,
5106,63,150000,0,user_35,518,518,
5127,64,0,0,validator_11,100,518,5098
5098,65,110000,15700,user_26,518,518,
5128,66,0,0,validator_11,100,518,5099
5099,67,83000,30200,user_28,518,518,
5114,68,110000,0,user_46,518,518,
5110,69,79000,0,user_39,518,518,
5135,0,5000000,0,user_6,519,519,
5160,1,3600000,0,user_32,519,519,
5162,2,2300000,0,user_34,519,519,
5145,3,2100000,0,user_13,519,519,
5164,4,2100000,0,user_36,519,519,
5161,5,2000000,0,user_32,519,519,
5149,6,1600000,0,user_20,519,519,
5133,7,1500000,0,user_5,519,519,
5155,8,1500000,0,user_27,519,519,
5156,9,1500000,0,user_27,519,519,
5175,10,0,0,validator_10,100,519,5171
5171,11,1000000,32900,user_44,519,519,
5168,12,1000000,0,user_39,519,519,
5166,13,670000,0,user_37,519,519,
5144,14,600000,0,user_13,519,519,
5176,15,0,0,validator_10,100,519,5132
5132,16,470000,12300,user_3,519,519,
5137,17,470000,0,user_7,519,519,
5152,18,360000,0,user_27,519,519,
5170,19,360000,0,user_43,519,519,
5174,20,360000,0,user_49,519,519,
5153,21,340000,0,user_27,519,519,
5129,22,310000,15300,user_0,519,519,
5177,23,0,0,validator_10,100,519,5129
5130,24,310001,0,user_1,519,519,5129
5169,25,310000,0,user_41,519,519,
5131,26,309999,0,user_2,519,519,5129
5165,27,240000,0,user_37,519,519,
5134,28,220000,0,user_5,519,519,
5136,29,190000,0,user_7,519,519,
5151,30,170000,0,user_24,519,519,
5143,31,160000,0,user_13,519,519,
5150,32,160000,0,user_23,519,519,
5159,33,160000,0,user_31,519,519,
5167,34,160000,0,user_38,519,519,
5142,35,150000,0,user_11,519,519,
5163,36,98000,0,user_36,519,519,
5148,37,85000,0,user_20,519,519,
5172,38,77000,0,user_45,519,519,
5173,39,77000,0,user_48,519,519,
5154,40,73000,0,user_27,519,519,
5230,0,30000000,0,user_44,520,520,
5223,1,19000000,0,user_39,520,520,
5235,2,0,0,validator_2,100,520,5185
5185,3,5200000,42000,user_6,520,520,
5210,4,5200000,19700,user_26,520,520,
5236,5,0,0,validator_2,100,520,5210
5237,6,0,0,validator_2,100,520,5214
5214,7,5000000,73100,user_32,520,520,
5191,8,5000000,0,user_10,520,520,
5189,9,2000000,0,user_9,520,520,
5187,10,1900000,0,user_9,520,520,
5209,11,1800000,0,user_26,520,520,
5188,12,1500000,12800,user_9,520,520,
5238,13,0,0,validator_2,100,520,5188
5195,14,1400000,0,user_16,520,520,
5199,15,1400000,0,user_16,520,520,
5206,16,1400000,0,user_23,520,520,
5180,17,1200000,0,user_2,520,520,
5182,18,1100000,0,user_3,520,520,
5231,19,1100000,0,user_45,520,520,
5186,20,1000000,0,user_7,520,520,
5215,21,1000000,0,user_32,520,520,
5183,22,870000,0,user_4,520,520,
5217,23,670000,21800,user_34,520,520,
5239,24,0,0,validator_2,100,520,5217
5198,25,660000,0,user_16,520,520,
5240,26,0,0,validator_2,100,520,5224
5224,27,420000,42000,user_39,520,520,
5190,28,460000,0,user_9,520,520,
5228,29,460000,0,user_42,520,520,
5184,30,340000,60700,user_5,520,520,
5241,31,0,0,validator_2,100,520,5184
5242,32,0,0,validator_2,100,520,5205
5205,33,360000,7840,user_21,520,520,
5197,34,340000,0,user_16,520,520,
5227,35,340000,0,user_42,520,520,
5232,36,310000,0,user_46,520,520,
5196,37,260000,0,user_16,520,520,
5211,38,220000,0,user_27,520,520,
5226,39,160000,31700,user_41,520,520,
5243,40,0,0,validator_2,100,520,5226
5202,41,170000,0,user_18,520,520,
5222,42,170000,0,user_39,520,520,
5212,43,150000,0,user_30,520,520,
5192,44,120000,0,user_11,520,520,
5221,45,120000,0,user_39,520,520,
5225,46,120000,0,user_39,520,520,
5213,47,85000,32900,user_31,520,520,
5244,48,0,0,validator_2,100,520,5213
5245,49,0,0,validator_2,100,520,5194
5194,50,80000,35600,user_14,520,520,
5200,51,110000,0,user_17,520,520,
5201,52,110000,0,user_17,520,520,
5181,53,84000,0,user_3,520,520,
5220,54,84000,0,user_38,520,520,
5216,55,80000,0,user_34,520,520,
5255,0,19000000,545000,user_13,521,521,
5282,1,0,0,validator_0,100,521,5255
5268,2,5000000,0,user_31,521,521,
5269,3,3500000,0,user_32,521,521,
5277,4,3500000,0,user_44,521,521,
5283,5,0,0,validator_0,100,521,5251
5251,6,2000000,24700,user_3,521,521,
5272,7,1900000,0,user_35,521,521,
5284,8,0,0,validator_0,100,521,5257
5257,9,1500000,108000,user_18,521,521,
5276,10,1600000,0,user_43,521,521,
5281,11,1600000,0,user_48,521,521,
5247,12,1500000,0,user_2,521,521,
5249,13,470000,0,user_2,521,521,
5279,14,470000,0,user_46,521,521,
5253,15,460000,0,user_11,521,521,
5264,16,370000,0,user_27,521,521,
5248,17,160000,0,user_2,521,521,
5254,18,160000,0,user_12,521,521,
5262,19,160000,0,user_23,521,521,
5261,20,130000,13800,user_22,521,521,
5285,21,0,0,validator_0,100,521,5261
5265,22,120000,0,user_27,521,521,
5270,23,120000,0,user_33,521,521,
5250,24,79000,12800,user_2,521,521,
5286,25,0,0,validator_0,100,521,5250
5271,26,85000,0,user_33,521,521,
5256,27,84000,0,user_17,521,521,
5274,28,84000,0,user_38,521,521,
5280,29,84000,0,user_47,521,521,
5252,30,80000,0,user_6,521,521,
5267,31,70000,0,user_29,521,521,
5304,0,19000000,0,user_10,522,522,
5323,1,650000,7190000,user_27,522,522,
5346,2,0,0,validator_1,100,522,5323
5313,3,5000000,0,user_18,522,522,
5314,4,5000000,0,user_18,522,522,
5302,5,4200000,0,user_9,522,522,
5338,6,4200000,0,user_47,522,522,
5305,7,3200000,0,user_11,522,522,
5347,8,0,0,validator_1,100,522,5343
5343,9,2400000,6390,user_48,522,522,
5339,10,2300000,0,user_47,522,522,
5348,11,0,0,validator_1,100,522,5311
5311,12,2000000,8520,user_18,522,522,
5293,13,2000000,0,user_4,522,522,
5294,14,2000000,0,user_4,522,522,
5301,15,2000000,0,user_9,522,522,
5326,16,2000000,0,user_30,522,522,
5349,17,0,0,validator_1,100,522,5312
5312,18,1500000,410000,user_18,522,522,
5303,19,1900000,0,user_9,522,522,
5333,20,1500000,0,user_40,522,522,
5317,21,1400000,0,user_20,522,522,
5342,22,1100000,0,user_48,522,522,
5345,23,1000000,0,user_49,522,522,
5325,24,970000,0,user_29,522,522,
5331,25,87000,410000,user_38,522,522,
5350,26,0,0,validator_1,100,522,5331
5306,27,470000,0,user_11,522,522,
5328,28,260000,164000,user_33,522,522,
5351,29,0,0,validator_1,100,522,5328
5316,30,420000,0,user_20,522,522,
5291,31,360000,0,user_4,522,522,
5292,32,360000,0,user_4,522,522,
5318,33,350000,0,user_21,522,522,
5307,34,310000,0,user_12,522,522,
5322,35,260000,17000,user_25,522,522,
5352,36,0,0,validator_1,100,522,5322
5300,37,260000,0,user_9,522,522,
5309,38,260000,0,user_15,522,522,
5337,39,260000,0,user_47,522,522,
5353,40,0,0,validator_1,100,522,5321
5321,41,80000,146000,user_24,522,522,
5287,42,220000,0,user_1,522,522,
5329,43,220000,0,user_34,522,522,
5299,44,170000,0,user_8,522,522,
5308,45,170000,0,user_13,522,522,
5315,46,170000,0,user_19,522,522,
5341,47,170000,0,user_48,522,522,
5340,48,160000,0,user_47,522,522,
5354,49,0,0,validator_1,100,522,5320
5320,50,83000,67900,user_23,522,522,
5297,51,120000,0,user_7,522,522,
5298,52,120000,0,user_8,522,522,
5332,53,98000,0,user_38,522,522,
5336,54,77000,10700,user_46,522,522,
5355,55,0,0,validator_1,100,522,5336
5288,56,85000,0,user_1,522,522,
5327,57,85000,0,user_32,522,522,
5334,58,82000,0,user_43,522,522,
5330,59,77000,0,user_36,522,522,
5344,60,73000,0,user_48,522,522,
5324,61,70000,0,user_27,522,522,
5410,0,0,0,validator_7,100,523,5369
5369,1,80000,7190000,user_10,523,523,
5365,2,6100000,0,user_8,523,523,
5358,3,4200000,0,user_3,523,523,
5386,4,2600000,0,user_22,523,523,
5411,5,0,0,validator_7,100,523,5406
5406,6,2400000,66100,user_46,523,523,
5384,7,2100000,0,user_22,523,523,
5389,8,2000000,39400,user_26,523,523,
5412,9,0,0,validator_7,100,523,5389
5361,10,2000000,0,user_5,523,523,
5396,11,2000000,0,user_34,523,523,
5397,12,1700000,0,user_35,523,523,
5376,13,1600000,0,user_15,523,523,
5413,14,0,0,validator_7,100,523,5385
5385,15,1500000,15700,user_22,523,523,
5364,16,1500000,0,user_7,523,523,
5399,17,1500000,0,user_36,523,523,
5394,18,1400000,0,user_30,523,523,
5366,19,1200000,0,user_8,523,523,
5414,20,0,0,validator_7,100,523,5356
5356,21,1000000,46500,user_0,523,523,
5378,22,1000000,0,user_17,523,523,
5405,23,1000000,0,user_43,523,523,
5357,24,999999,0,user_2,523,523,5356
5370,25,910000,0,user_10,523,523,
5372,26,870000,0,user_13,523,523,
5393,27,650000,181000,user_30,523,523,
5415,28,0,0,validator_7,100,523,5393
5416,29,0,0,validator_7,100,523,5401
5401,30,240000,510000,user_38,523,523,
5398,31,360000,195000,user_36,523,523,
5417,32,0,0,validator_7,100,523,5398
5395,33,530000,0,user_32,523,523,
5400,34,470000,0,user_37,523,523,
5418,35,0,0,validator_7,100,523,5407
5407,36,420000,33300,user_47,523,523,
5359,37,420000,0,user_4,523,523,
5419,38,0,0,validator_7,100,523,5383
5383,39,150000,256000,user_22,523,523,
5375,40,350000,13800,user_15,523,523,
5420,41,0,0,validator_7,100,523,5375
5402,42,360000,0,user_39,523,523,
5408,43,310000,0,user_48,523,523,
5421,44,0,0,validator_7,100,523,5362
5362,45,77000,215000,user_6,523,523,
5360,46,260000,0,user_4,523,523,
5422,47,0,0,validator_7,100,523,5363
5363,48,120000,64600,user_7,523,523,
5409,49,160000,21800,user_49,523,523,
5423,50,0,0,validator_7,100,523,5409
5388,51,170000,0,user_23,523,523,
5403,52,160000,0,user_40,523,523,
5368,53,150000,0,user_10,523,523,
5367,54,120000,0,user_9,523,523,
5373,55,87000,24700,user_13,523,523,
5424,56,0,0,validator_7,100,523,5373
5390,57,98000,0,user_27,523,523,
5391,58,87000,0,user_28,523,523,
5371,59,85000,0,user_12,523,523,
5379,60,84000,0,user_18,523,523,
5380,61,83000,0,user_19,523,523,
5387,62,77000,0,user_23,523,523,
5461,0,0,0,validator_7,100,524,5455
5455,1,4500000,410000,user_39,524,524,
5430,2,2600000,0,user_3,524,524,
5462,3,0,0,validator_7,100,524,5426
5426,4,1400000,1100000,user_1,524,524,
5452,5,2500000,0,user_34,524,524,
5458,6,2400000,0,user_44,524,524,
5450,7,2000000,16400,user_31,524,524,
5463,8,0,0,validator_7,100,524,5450
5431,9,2000000,0,user_4,524,524,
5454,10,1900000,0,user_37,524,524,
5432,11,1700000,0,user_4,524,524,
5436,12,1600000,0,user_12,524,524,
5427,13,1400001,0,user_1,524,524,5426
5428,14,1399999,0,user_2,524,524,5426
5429,15,1399999,0,user_2,524,524,5426
5443,16,970000,0,user_19,524,524,
5453,17,970000,0,user_34,524,524,
5440,18,910000,14200,user_15,524,524,
5464,19,0,0,validator_7,100,524,5440
5447,20,310000,0,user_24,524,524,
5465,21,0,0,validator_7,100,524,5448
5448,22,220000,31700,user_26,524,524,
5444,23,170000,0,user_19,524,524,
5425,24,160000,0,user_0,524,524,
5449,25,150000,0,user_28,524,524,
5433,26,120000,0,user_10,524,524,
5442,27,120000,0,user_17,524,524,
5460,28,120000,0,user_49,524,524,
5456,29,110000,0,user_41,524,524,
5437,30,100000,0,user_13,524,524,
5459,31,98000,0,user_47,524,524,
5446,32,87000,0,user_22,524,524,
5497,0,43000000,0,user_35,525,525,
5517,1,3600000,0,user_49,525,525,
5470,2,3200000,0,user_11,525,525,
5516,3,3200000,0,user_49,525,525,
5469,4,2400000,0,user_9,525,525,
5495,5,2300000,0,user_33,525,525,
5506,6,2000000,0,user_44,525,525,
5472,7,1900000,0,user_12,525,525,
5489,8,1800000,0,user_27,525,525,
5490,9,1700000,0,user_30,525,525,
5491,10,1600000,75000,user_31,525,525,
5518,11,0,0,validator_8,100,525,5491
5519,12,0,0,validator_8,100,525,5468
5468,13,1600000,6390,user_7,525,525,
5487,14,1600000,0,user_22,525,525,
5473,15,1500000,71800,user_13,525,525,
5520,16,0,0,validator_8,100,525,5473
5507,17,1300000,0,user_44,525,525,
5493,18,1000000,0,user_32,525,525,
5508,19,970000,0,user_44,525,525,
5476,20,870000,0,user_14,525,525,
5474,21,600000,0,user_14,525,525,
5494,22,460000,0,user_33,525,525,
5478,23,340000,0,user_16,525,525,
5496,24,310000,0,user_33,525,525,
5515,25,310000,0,user_48,525,525,
5475,26,240000,47700,user_14,525,525,
5521,27,0,0,validator_8,100,525,5475
5522,28,0,0,validator_8,100,525,5479
5479,29,170000,108000,user_18,525,525,
5523,30,0,0,validator_8,100,525,5502
5502,31,160000,66100,user_40,525,525,
5466,32,170000,0,user_0,525,525,
5471,33,160000,0,user_11,525,525,
5467,34,150000,0,user_7,525,525,
5486,35,150000,0,user_21,525,525,
5488,36,150000,0,user_23,525,525,
5492,37,150000,0,user_31,525,525,
5505,38,120000,0,user_44,525,525,
5504,39,110000,0,user_44,525,525,
5477,40,98000,0,user_16,525,525,
5485,41,98000,0,user_20,525,525,
5548,0,5200000,108000,user_23,526,526,
5575,1,0,0,validator_3,100,526,5548
5546,2,5000000,0,user_21,526,526,
5566,3,3500000,15700,user_43,526,526,
5576,4,0,0,validator_3,100,526,5566
5538,5,3500000,0,user_10,526,526,
5547,6,3500000,0,user_21,526,526,
5577,7,0,0,validator_3,100,526,5543
5543,8,3200000,30200,user_17,526,526,
5539,9,2500000,0,user_11,526,526,
5531,10,2000000,0,user_4,526,526,
5540,11,2000000,0,user_13,526,526,
5549,12,1800000,0,user_25,526,526,
5544,13,1500000,42000,user_18,526,526,
5578,14,0,0,validator_3,100,526,5544
5567,15,1400000,0,user_44,526,526,
5568,16,1400000,0,user_44,526,526,
5552,17,970000,0,user_26,526,526,
5565,18,530000,0,user_40,526,526,
5579,19,0,0,validator_3,100,526,5545
5545,20,460000,39400,user_21,526,526,
5559,21,460000,0,user_33,526,526,
5536,22,370000,0,user_7,526,526,
5554,23,370000,0,user_29,526,526,
5561,24,350000,0,user_35,526,526,
5553,25,310000,0,user_27,526,526,
5542,26,300000,0,user_16,526,526,
5580,27,0,0,validator_3,100,526,5532
5532,28,220000,68100,user_5,526,526,
5541,29,260000,0,user_16,526,526,
5560,30,260000,0,user_33,526,526,
5581,31,0,0,validator_3,100,526,5533
5533,32,120000,121000,user_5,526,526,
5524,33,220000,5180,user_0,526,526,
5582,34,0,0,validator_3,100,526,5524
5525,35,219999,0,user_2,526,526,5524
5550,36,190000,0,user_26,526,526,
5551,37,170000,0,user_26,526,526,
5570,38,170000,0,user_46,526,526,
5558,39,150000,0,user_33,526,526,
5537,40,130000,0,user_10,526,526,
5583,41,0,0,validator_3,100,526,5535
5535,42,100000,21800,user_6,526,526,
5562,43,120000,0,user_35,526,526,
5556,44,98000,0,user_32,526,526,
5557,45,83000,0,user_32,526,526,
5563,46,80000,0,user_38,526,526,
5534,47,77000,0,user_5,526,526,
5616,0,3500000,0,user_32,527,527,
5631,1,0,0,validator_10,100,527,5591
5591,2,2300000,71800,user_8,527,527,
5618,3,2300000,0,user_35,527,527,
5632,4,0,0,validator_10,100,527,5589
5589,5,1600000,410000,user_6,527,527,
5625,6,2000000,0,user_44,527,527,
5600,7,1900000,0,user_14,527,527,
5633,8,0,0,validator_10,100,527,5630
5630,9,1600000,7840,user_49,527,527,
5615,10,1600000,0,user_32,527,527,
5595,11,1400000,0,user_11,527,527,
5605,12,1400000,0,user_20,527,527,
5617,13,1300000,0,user_33,527,527,
5609,14,870000,350000,user_24,527,527,
5634,15,0,0,validator_10,100,527,5609
5622,16,1100000,0,user_39,527,527,
5587,17,870000,0,user_5,527,527,
5599,18,660000,0,user_12,527,527,
5598,19,650000,0,user_12,527,527,
5629,20,650000,0,user_48,527,527,
5586,21,600000,0,user_3,527,527,
5608,22,470000,5180,user_22,527,527,
5635,23,0,0,validator_10,100,527,5608
5624,24,460000,0,user_43,527,527,
5621,25,370000,0,user_38,527,527,
5623,26,350000,0,user_41,527,527,
5628,27,340000,0,user_47,527,527,
5619,28,310000,0,user_35,527,527,
5620,29,300000,0,user_37,527,527,
5606,30,240000,0,user_21,527,527,
5584,31,220000,0,user_1,527,527,
5596,32,190000,0,user_12,527,527,
5590,33,160000,0,user_7,527,527,
5588,34,150000,0,user_6,527,527,
5601,35,150000,0,user_15,527,527,
5607,36,150000,0,user_21,527,527,
5597,37,70000,71800,user_12,527,527,
5636,38,0,0,validator_10,100,527,5597
5611,39,120000,5640,user_27,527,527,
5637,40,0,0,validator_10,100,527,5611
5602,41,120000,0,user_17,527,527,
5604,42,110000,0,user_19,527,527,
5585,43,100000,0,user_2,527,527,
5626,44,84000,0,user_45,527,527,
5681,0,43000000,0,user_49,528,528,
5653,1,30000000,73100,user_17,528,528,
5661,2,5200000,0,user_24,528,528,
5679,3,2600000,0,user_47,528,528,
5657,4,2300000,47700,user_19,528,528,
5642,5,2000000,0,user_4,528,528,
5663,6,2000000,231000,user_27,528,528,
5651,7,1800000,66100,user_16,528,528,
5665,8,1800000,0,user_30,528,528,
5643,9,1600000,0,user_5,528,528,
5640,10,1400000,0,user_2,528,528,
5676,11,1100000,0,user_45,528,528,
5656,12,1000000,0,user_19,528,528,
5664,13,1000000,0,user_28,528,528,
5671,14,1000000,0,user_39,528,528,
5644,15,650000,0,user_5,528,528,
5662,16,630000,34700,user_25,528,528,
5659,17,320000,0,user_19,528,528,
5655,18,310000,0,user_18,528,528,
5647,19,300000,0,user_8,528,528,
5639,20,260000,0,user_2,528,528,
5638,21,240000,0,user_0,528,528,
5641,22,170000,0,user_4,528,528,
5660,23,130000,0,user_20,528,528,
5658,24,120000,0,user_19,528,528,
5672,25,120000,0,user_40,528,528,
5673,26,120000,769000,user_43,528,528,
5677,27,120000,0,user_47,528,528,
5650,28,98000,0,user_14,528,528,
5648,29,83000,30200,user_9,528,528,
5678,30,80000,0,user_47,528,528,
5652,31,79000,32900,user_16,528,528,
5680,32,77000,0,user_47,528,528,
5654,33,70000,0,user_18,528,528,
5696,0,19000000,13900,user_8,529,529,
5745,1,0,0,validator_0,100,529,5696
5695,2,5200000,0,user_8,529,529,
5727,3,5200000,0,user_35,529,529,
5723,4,5000000,0,user_32,529,529,
5746,5,0,0,validator_0,100,529,5711
5711,6,4200000,15700,user_23,529,529,
5747,7,0,0,validator_0,100,529,5724
5724,8,3500000,35600,user_33,529,529,
5748,9,0,0,validator_0,100,529,5708
5708,10,3200000,5630,user_18,529,529,
5688,11,3200000,0,user_3,529,529,
5749,12,0,0,validator_0,100,529,5706
5706,13,2600000,100000,user_17,529,529,
5739,14,2500000,0,user_38,529,529,
5682,15,2300000,0,user_0,529,529,
5744,16,2000000,0,user_49,529,529,
5704,17,1400000,0,user_15,529,529,
5717,18,1100000,0,user_27,529,529,
5699,19,1000000,42000,user_11,529,529,
5750,20,0,0,validator_0,100,529,5699
5722,21,1000000,0,user_32,529,529,
5692,22,460000,0,user_5,529,529,
5700,23,460000,0,user_12,529,529,
5709,24,460000,0,user_19,529,529,
5751,25,0,0,validator_0,100,529,5729
5729,26,120000,296000,user_35,529,529,
5710,27,370000,11200,user_19,529,529,
5752,28,0,0,validator_0,100,529,5710
5753,29,0,0,validator_0,100,529,5683
5683,30,350000,21800,user_0,529,529,
5701,31,360000,0,user_13,529,529,
5720,32,360000,0,user_31,529,529,
5686,33,350001,0,user_0,529,529,5683
5684,34,349999,0,user_0,529,529,5683
5685,35,349999,0,user_0,529,529,5683
5687,36,320000,0,user_3,529,529,
5697,37,300000,0,user_9,529,529,
5738,38,240000,0,user_38,529,529,
5734,39,220000,0,user_37,529,529,
5754,40,0,0,validator_0,100,529,5693
5693,41,150000,30200,user_6,529,529,
5721,42,170000,0,user_32,529,529,
5735,43,170000,0,user_38,529,529,
5694,44,160000,0,user_6,529,529,
5713,45,160000,0,user_23,529,529,
5740,46,160000,0,user_40,529,529,
5712,47,110000,47700,user_23,529,529,
5755,48,0,0,validator_0,100,529,5712
5743,49,150000,0,user_48,529,529,
5705,50,77000,49100,user_17,529,529,
5756,51,0,0,validator_0,100,529,5705
5730,52,120000,0,user_35,529,529,
5726,53,110000,0,user_35,529,529,
5728,54,110000,0,user_35,529,529,
5737,55,100000,0,user_38,529,529,
5707,56,87000,0,user_18,529,529,
5718,57,82000,0,user_29,529,529,
5736,58,73000,0,user_38,529,529,
5703,59,70000,0,user_15,529,529,
5798,0,43000000,0,user_43,530,530,
5770,1,27000000,33100,user_19,530,530,
5805,2,0,0,validator_6,100,530,5770
5789,3,27000000,0,user_38,530,530,
5767,4,19000000,0,user_14,530,530,
5781,5,6100000,121000,user_28,530,530,
5806,6,0,0,validator_6,100,530,5781
5803,7,5200000,0,user_47,530,530,
5795,8,4500000,0,user_42,530,530,
5776,9,2400000,0,user_24,530,530,
5768,10,2100000,0,user_15,530,530,
5764,11,2000000,0,user_11,530,530,
5766,12,2000000,0,user_14,530,530,
5799,13,2000000,0,user_43,530,530,
5787,14,1100000,0,user_37,530,530,
5784,15,970000,0,user_32,530,530,
5807,16,0,0,validator_6,100,530,5796
5796,17,470000,410000,user_42,530,530,
5765,18,870000,0,user_13,530,530,
5763,19,660000,0,user_10,530,530,
5772,20,660000,0,user_21,530,530,
5790,21,600000,0,user_39,530,530,
5780,22,420000,0,user_28,530,530,
5808,23,0,0,validator_6,100,530,5782
5782,24,240000,121000,user_28,530,530,
5769,25,320000,0,user_17,530,530,
5785,26,300000,0,user_35,530,530,
5779,27,120000,161000,user_28,530,530,
5809,28,0,0,validator_6,100,530,5779
5757,29,260000,11200,user_0,530,530,
5810,30,0,0,validator_6,100,530,5757
5758,31,260001,0,user_1,530,530,5757
5759,32,260001,0,user_2,530,530,5757
5760,33,259999,0,user_2,530,530,5757
5761,34,259999,0,user_2,530,530,5757
5778,35,150000,0,user_28,530,530,
5797,36,150000,0,user_42,530,530,
5802,37,150000,0,user_46,530,530,
5788,38,120000,0,user_38,530,530,
5800,39,120000,0,user_44,530,530,
5801,40,110000,0,user_45,530,530,
5783,41,84000,0,user_29,530,530,
5771,42,80000,0,user_20,530,530,
5819,0,6100000,779000,user_5,531,531,
5872,1,0,0,validator_8,100,531,5819
5844,2,6300000,0,user_23,531,531,
5821,3,5000000,0,user_7,531,531,
5866,4,4500000,0,user_44,531,531,
5861,5,3600000,0,user_39,531,531,
5840,6,3200000,0,user_21,531,531,
5815,7,2500000,0,user_3,531,531,
5849,8,2400000,0,user_27,531,531,
5823,9,2300000,0,user_7,531,531,
5841,10,2100000,0,user_22,531,531,
5848,11,2000000,0,user_26,531,531,
5816,12,1600000,0,user_3,531,531,
5836,13,1500000,0,user_18,531,531,
5847,14,1300000,0,user_26,531,531,
5857,15,1300000,0,user_35,531,531,
5873,16,0,0,validator_8,100,531,5833
5833,17,150000,959000,user_15,531,531,
5855,18,1100000,0,user_32,531,531,
5825,19,1000000,0,user_9,531,531,
5822,20,910000,0,user_7,531,531,
5853,21,910000,0,user_31,531,531,
5863,22,870000,0,user_40,531,531,
5839,23,660000,12800,user_21,531,531,
5874,24,0,0,validator_8,100,531,5839
5856,25,670000,0,user_33,531,531,
5854,26,650000,0,user_32,531,531,
5812,27,260000,285000,user_1,531,531,
5875,28,0,0,validator_8,100,531,5812
5850,29,460000,16400,user_27,531,531,
5876,30,0,0,validator_8,100,531,5850
5829,31,420000,36800,user_12,531,531,
5877,32,0,0,validator_8,100,531,5829
5814,33,340000,0,user_3,531,531,
5851,34,310000,0,user_28,531,531,
5878,35,0,0,validator_8,100,531,5832
5832,36,170000,128000,user_15,531,531,
5813,37,260001,0,user_1,531,531,5812
5843,38,260000,0,user_23,531,531,
5845,39,260000,0,user_23,531,531,
5842,40,220000,0,user_23,531,531,
5846,41,220000,0,user_24,531,531,
5852,42,220000,0,user_30,531,531,
5862,43,190000,0,user_39,531,531,
5818,44,150000,0,user_3,531,531,
5879,45,0,0,validator_8,100,531,5826
5826,46,110000,11200,user_9,531,531,
5831,47,120000,0,user_14,531,531,
5870,48,70000,35600,user_47,531,531,
5880,49,0,0,validator_8,100,531,5870
5811,50,98000,0,user_0,531,531,
5867,51,87000,0,user_44,531,531,
5824,52,84000,0,user_8,531,531,
5830,53,83000,0,user_13,531,531,
5871,54,83000,0,user_47,531,531,
5817,55,80000,0,user_3,531,531,
5834,56,80000,0,user_16,531,531,
5906,0,27000000,0,user_23,532,532,
5928,1,19000000,8520,user_46,532,532,
5935,2,0,0,validator_2,100,532,5928
5911,3,19000000,0,user_28,532,532,
5916,4,6300000,0,user_34,532,532,
5885,5,5000000,0,user_4,532,532,
5887,6,4500000,0,user_6,532,532,
5932,7,2300000,0,user_48,532,532,
5905,8,2000000,0,user_22,532,532,
5888,9,1600000,0,user_7,532,532,
5896,10,1600000,0,user_14,532,532,
5931,11,1600000,0,user_48,532,532,
5883,12,1500000,0,user_2,532,532,
5894,13,1400000,0,user_12,532,532,
5913,14,1000000,0,user_32,532,532,
5909,15,970000,0,user_26,532,532,
5891,16,660000,0,user_12,532,532,
5915,17,630000,0,user_33,532,532,
5927,18,630000,0,user_45,532,532,
5936,19,0,0,validator_2,100,532,5925
5925,20,83000,510000,user_44,532,532,
5889,21,530000,0,user_10,532,532,
5924,22,360000,5630,user_44,532,532,
5937,23,0,0,validator_2,100,532,5924
5903,24,360000,0,user_18,532,532,
5938,25,0,0,validator_2,100,532,5914
5914,26,340000,16400,user_33,532,532,
5886,27,340000,0,user_5,532,532,
5926,28,300000,0,user_45,532,532,
5902,29,260000,5630,user_17,532,532,
5939,30,0,0,validator_2,100,532,5902
5933,31,220000,15300,user_49,532,532,
5940,32,0,0,validator_2,100,532,5933
5920,33,220000,0,user_39,532,532,
5941,34,0,0,validator_2,100,532,5921
5921,35,150000,60700,user_40,532,532,
5892,36,170000,5630,user_12,532,532,
5942,37,0,0,validator_2,100,532,5892
5908,38,170000,0,user_25,532,532,
5890,39,160000,0,user_11,532,532,
5922,40,150000,0,user_41,532,532,
5893,41,120000,0,user_12,532,532,
5910,42,120000,0,user_27,532,532,
5919,43,85000,0,user_38,532,532,
5934,44,84000,0,user_49,532,532,
5912,45,83000,0,user_31,532,532,
5884,46,79000,0,user_3,532,532,
5901,47,77000,0,user_16,532,532,
5923,48,73000,0,user_42,532,532,
5954,0,43000000,12800,user_10,533,533,
5964,1,19000000,0,user_20,533,533,
5979,2,19000000,0,user_41,533,533,
5965,3,5200000,35100,user_21,533,533,
5951,4,3600000,0,user_6,533,533,
5968,5,2100000,0,user_26,533,533,
5971,6,1800000,0,user_29,533,533,
5978,7,1500000,0,user_37,533,533,
5982,8,1500000,0,user_45,533,533,
5943,9,1200000,0,user_0,533,533,
5955,10,1000000,0,user_12,533,533,
5950,11,910000,1100000,user_4,533,533,
5953,12,670000,0,user_9,533,533,
5960,13,670000,0,user_15,533,533,
5977,14,660000,0,user_36,533,533,
5980,15,360000,0,user_43,533,533,
5985,16,360000,0,user_49,533,533,
5963,17,320000,0,user_19,533,533,
5970,18,310000,0,user_29,533,533,
5969,19,300000,0,user_29,533,533,
5972,20,240000,0,user_30,533,533,
5966,21,160000,0,user_22,533,533,
5981,22,120000,0,user_43,533,533,
5961,23,110000,30200,user_17,533,533,
5962,24,80000,0,user_18,533,533,
5952,25,73000,0,user_8,533,533,
5995,0,43000000,0,user_10,534,534,
6016,1,27000000,0,user_34,534,534,
5992,2,6100000,0,user_7,534,534,
6036,3,4500000,0,user_49,534,534,
6034,4,3600000,0,user_45,534,534,
6001,5,3200000,0,user_18,534,534,
6035,6,3200000,0,user_46,534,534,
6021,7,2600000,0,user_38,534,534,
6017,8,2300000,0,user_35,534,534,
6004,9,2100000,0,user_21,534,534,
6000,10,2000000,0,user_15,534,534,
6002,11,2000000,0,user_19,534,534,
6025,12,1900000,5640,user_41,534,534,
6037,13,0,0,validator_13,100,534,6025
6032,14,1600000,215000,user_44,534,534,
6038,15,0,0,validator_13,100,534,6032
5997,16,1600000,0,user_12,534,534,
6008,17,1500000,0,user_24,534,534,
6019,18,1500000,0,user_35,534,534,
6020,19,1500000,0,user_35,534,534,
6031,20,1300000,0,user_43,534,534,
6039,21,0,0,validator_13,100,534,6029
6029,22,1000000,3130,user_41,534,534,
5993,23,870000,43600,user_8,534,534,
6040,24,0,0,validator_13,100,534,5993
5990,25,910000,0,user_3,534,534,
6005,26,660000,0,user_21,534,534,
6028,27,470000,0,user_41,534,534,
5987,28,320000,146000,user_1,534,534,
6041,29,0,0,validator_13,100,534,5987
5988,30,320001,0,user_1,534,534,5987
5989,31,319999,0,user_2,534,534,5987
6022,32,260000,0,user_38,534,534,
6033,33,220000,0,user_45,534,534,
6011,34,160000,33100,user_27,534,534,
6042,35,0,0,validator_13,100,534,6011
6043,36,0,0,validator_13,100,534,6015
6015,37,160000,24700,user_32,534,534,
6014,38,170000,3130,user_31,534,534,
6044,39,0,0,validator_13,100,534,6014
6013,40,170000,0,user_30,534,534,
6012,41,160000,0,user_27,534,534,
6026,42,150000,0,user_41,534,534,
6010,43,120000,0,user_26,534,534,
6006,44,110000,0,user_21,534,534,
5999,45,98000,0,user_14,534,534,
6018,46,85000,0,user_35,534,534,
6027,47,85000,0,user_41,534,534,
6009,48,84000,0,user_24,534,534,
5998,49,73000,0,user_12,534,534,
6093,0,43000000,35600,user_41,535,535,
6099,1,0,0,validator_9,100,535,6093
6063,2,6300000,0,user_23,535,535,
6082,3,3500000,0,user_36,535,535,
6057,4,2600000,0,user_16,535,535,
6053,5,2500000,0,user_8,535,535,
6050,6,2000000,0,user_5,535,535,
6055,7,1600000,0,user_12,535,535,
6089,8,1600000,0,user_41,535,535,
6083,9,1100000,350000,user_36,535,535,
6100,10,0,0,validator_9,100,535,6083
6077,11,1400000,0,user_34,535,535,
6101,12,0,0,validator_9,100,535,6049
6049,13,1000000,30200,user_5,535,535,
6060,14,660000,12800,user_20,535,535,
6102,15,0,0,validator_9,100,535,6060
6064,16,670000,0,user_23,535,535,
6078,17,650000,0,user_34,535,535,
6069,18,630000,0,user_26,535,535,
6084,19,120000,510000,user_36,535,535,
6103,20,0,0,validator_9,100,535,6084
6067,21,600000,0,user_24,535,535,
6065,22,530000,0,user_23,535,535,
6094,23,460000,0,user_42,535,535,
6090,24,310000,56200,user_41,535,535,
6104,25,0,0,validator_9,100,535,6090
6105,26,0,0,validator_9,100,535,6073
6073,27,300000,64600,user_30,535,535,
6052,28,360000,0,user_7,535,535,
6054,29,350000,0,user_10,535,535,
6088,30,350000,0,user_40,535,535,
6072,31,260000,0,user_30,535,535,
6091,32,260000,0,user_41,535,535,
6051,33,240000,0,user_6,535,535,
6074,34,70000,161000,user_31,535,535,
6106,35,0,0,validator_9,100,535,6074
6059,36,190000,0,user_18,535,535,
6081,37,110000,73100,user_36,535,535,
6107,38,0,0,validator_9,100,535,6081
6062,39,160000,0,user_23,535,535,
6096,40,150000,0,user_45,535,535,
6071,41,120000,0,user_29,535,535,
6087,42,120000,0,user_38,535,535,
6095,43,120000,0,user_45,535,535,
6045,44,110000,0,user_0,535,535,
6080,45,110000,0,user_36,535,535,
6075,46,83000,6390,user_32,535,535,
6108,47,0,0,validator_9,100,535,6075
6066,48,85000,0,user_24,535,535,
6097,49,85000,0,user_47,535,535,
6079,50,83000,0,user_35,535,535,
6048,51,80000,0,user_3,535,535,
6092,52,77000,0,user_41,535,535,
6161,0,150000,17700000,user_48,536,536,
6164,1,0,0,validator_0,100,536,6161
6165,2,0,0,validator_0,100,536,6138
6138,3,6100000,73100,user_29,536,536,
6147,4,87000,4320000,user_35,536,536,
6166,5,0,0,validator_0,100,536,6147
6128,6,3600000,0,user_20,536,536,
6117,7,3500000,0,user_7,536,536,
6120,8,2400000,594000,user_11,536,536,
6167,9,0,0,validator_0,100,536,6120
6110,10,2500000,0,user_3,536,536,
6157,11,2500000,0,user_40,536,536,
6118,12,2000000,0,user_8,536,536,
6148,13,2000000,0,user_35,536,536,
6160,14,2000000,0,user_46,536,536,
6153,15,1900000,0,user_37,536,536,
6121,16,1800000,0,user_12,536,536,
6116,17,1500000,0,user_6,536,536,
6145,18,1500000,0,user_35,536,536,
6163,19,1500000,0,user_49,536,536,
6111,20,1400000,0,user_3,536,536,
6154,21,83000,959000,user_38,536,536,
6168,22,0,0,validator_0,100,536,6154
6124,23,870000,0,user_15,536,536,
6125,24,460000,0,user_15,536,536,
6132,25,420000,0,user_24,536,536,
6149,26,370000,0,user_35,536,536,
6155,27,370000,0,user_38,536,536,
6140,28,310000,0,user_31,536,536,
6162,29,260000,0,user_49,536,536,
6158,30,83000,164000,user_43,536,536,
6169,31,0,0,validator_0,100,536,6158
6170,32,0,0,validator_0,100,536,6122
6122,33,150000,43600,user_13,536,536,
6142,34,150000,43600,user_33,536,536,
6171,35,0,0,validator_0,100,536,6142
6119,36,170000,0,user_9,536,536,
6143,37,170000,0,user_33,536,536,
6141,38,160000,0,user_32,536,536,
6130,39,150000,0,user_22,536,536,
6146,40,150000,0,user_35,536,536,
6127,41,120000,12800,user_18,536,536,
6172,42,0,0,validator_0,100,536,6127
6131,43,120000,0,user_23,536,536,
6126,44,85000,0,user_17,536,536,
6203,0,43000000,0,user_23,537,537,
6237,1,0,0,validator_12,100,537,6184
6184,2,6100000,60700,user_10,537,537,
6238,3,0,0,validator_12,100,537,6187
6187,4,1700000,4320000,user_13,537,537,
6221,5,5200000,0,user_34,537,537,
6234,6,4500000,0,user_46,537,537,
6197,7,4200000,0,user_20,537,537,
6239,8,0,0,validator_12,100,537,6183
6183,9,1900000,545000,user_7,537,537,
6228,10,2400000,0,user_39,537,537,
6236,11,2300000,0,user_49,537,537,
6216,12,1900000,0,user_31,537,537,
6202,13,1700000,0,user_23,537,537,
6214,14,1700000,0,user_29,537,537,
6211,15,1500000,0,user_27,537,537,
6217,16,1500000,0,user_32,537,537,
6222,17,1500000,0,user_34,537,537,
6232,18,1400000,0,user_44,537,537,
6210,19,630000,545000,user_27,537,537,
6240,20,0,0,validator_12,100,537,6210
6188,21,1100000,30200,user_14,537,537,
6241,22,0,0,validator_12,100,537,6188
6242,23,0,0,validator_12,100,537,6224
6224,24,1000000,7840,user_35,537,537,
6175,25,1000000,0,user_4,537,537,
6213,26,1000000,0,user_29,537,537,
6220,27,1000000,0,user_34,537,537,
6199,28,220000,779000,user_23,537,537,
6243,29,0,0,validator_12,100,537,6199
6218,30,670000,155000,user_33,537,537,
6244,31,0,0,validator_12,100,537,6218
6215,32,660000,10700,user_30,537,537,
6245,33,0,0,validator_12,100,537,6215
6196,34,670000,0,user_19,537,537,
6200,35,650000,0,user_23,537,537,
6246,36,0,0,validator_12,100,537,6189
6189,37,240000,369000,user_15,537,537,
6194,38,530000,0,user_17,537,537,
6198,39,530000,0,user_22,537,537,
6247,40,0,0,validator_12,100,537,6219
6219,41,420000,33100,user_34,537,537,
6248,42,0,0,validator_12,100,537,6182
6182,43,220000,215000,user_7,537,537,
6174,44,420000,0,user_3,537,537,
6227,45,370000,0,user_39,537,537,
6173,46,360000,0,user_1,537,537,
6186,47,350000,0,user_12,537,537,
6225,48,350000,0,user_36,537,537,
6233,49,350000,0,user_45,537,537,
6190,50,340000,0,user_15,537,537,
6191,51,260000,0,user_16,537,537,
6223,52,260000,0,user_35,537,537,
6212,53,220000,0,user_27,537,537,
6231,54,150000,15700,user_43,537,537,
6249,55,0,0,validator_12,100,537,6231
6204,56,160000,0,user_24,537,537,
6250,57,0,0,validator_12,100,537,6205
6205,58,79000,42000,user_25,537,537,
6192,59,120000,0,user_16,537,537,
6201,60,120000,0,user_23,537,537,
6209,61,98000,0,user_27,537,537,
6185,62,87000,0,user_11,537,537,
6193,63,77000,0,user_17,537,537,
6260,0,4200000,0,user_18,538,538,
6279,1,4200000,0,user_45,538,538,
6280,2,3200000,0,user_46,538,538,
6257,3,2500000,0,user_14,538,538,
6255,4,1800000,0,user_12,538,538,
6267,5,1500000,0,user_25,538,538,
6283,6,1500000,0,user_48,538,538,
6251,7,1100000,0,user_0,538,538,
6273,8,970000,0,user_38,538,538,
6269,9,660000,0,user_27,538,538,
6277,10,650000,0,user_44,538,538,
6272,11,460000,0,user_33,538,538,
6253,12,370000,0,user_7,538,538,
6285,13,0,0,validator_6,100,538,6270
6270,14,87000,283000,user_31,538,538,
6286,15,0,0,validator_6,100,538,6282
6282,16,120000,181000,user_47,538,538,
6265,17,98000,195000,user_24,538,538,
6287,18,0,0,validator_6,100,538,6265
6258,19,260000,0,user_15,538,538,
6254,20,160000,0,user_8,538,538,
6276,21,150000,0,user_42,538,538,
6281,22,150000,0,user_46,538,538,
6261,23,120000,0,user_21,538,538,
6266,24,100000,0,user_25,538,538,
6256,25,98000,0,user_12,538,538,
6278,26,85000,0,user_44,538,538,
6275,27,84000,0,user_42,538,538,
6259,28,83000,0,user_16,538,538,
6271,29,77000,0,user_32,538,538,
6338,0,0,0,validator_4,100,539,6337
6337,1,27000000,13900,user_48,539,539,
6329,2,27000000,0,user_42,539,539,
6297,3,5200000,256000,user_9,539,539,
6339,4,0,0,validator_4,100,539,6297
6294,5,5200000,0,user_6,539,539,
6323,6,5000000,0,user_35,539,539,
6320,7,4200000,0,user_32,539,539,
6340,8,0,0,validator_4,100,539,6303
6303,9,3600000,71800,user_13,539,539,
6306,10,3200000,0,user_17,539,539,
6305,11,2600000,0,user_15,539,539,
6321,12,2600000,0,user_33,539,539,
6325,13,2600000,0,user_39,539,539,
6335,14,2300000,0,user_43,539,539,
6298,15,2100000,0,user_10,539,539,
6322,16,2000000,0,user_34,539,539,
6302,17,1600000,71800,user_13,539,539,
6341,18,0,0,validator_4,100,539,6302
6307,19,1600000,30200,user_17,539,539,
6342,20,0,0,validator_4,100,539,6307
6315,21,1600000,0,user_24,539,539,
6319,22,1600000,0,user_30,539,539,
6290,23,1500000,0,user_5,539,539,
6295,24,1500000,0,user_6,539,539,
6309,25,1400000,0,user_19,539,539,
6311,26,1400000,0,user_21,539,539,
6326,27,1200000,0,user_40,539,539,
6333,28,1000000,0,user_43,539,539,
6334,29,970000,0,user_43,539,539,
6317,30,600000,0,user_26,539,539,
6308,31,460000,0,user_18,539,539,
6327,32,460000,0,user_40,539,539,
6291,33,370000,0,user_6,539,539,
6318,34,370000,0,user_27,539,539,
6293,35,340000,0,user_6,539,539,
6296,36,340000,0,user_8,539,539,
6332,37,340000,0,user_42,539,539,
6304,38,310000,0,user_13,539,539,
6328,39,260000,0,user_41,539,539,
6330,40,240000,0,user_42,539,539,
6299,41,220000,0,user_10,539,539,
6313,42,150000,0,user_22,539,539,
6316,43,120000,0,user_25,539,539,
6331,44,120000,0,user_42,539,539,
6310,45,110000,0,user_20,539,539,
6336,46,110000,0,user_47,539,539,
6314,47,87000,0,user_23,539,539,
6292,48,82000,0,user_6,539,539,
6312,49,73000,0,user_22,539,539,
4222,0,43000000,0,user_7,540,540,
4250,1,30000000,0,user_40,540,540,
4226,2,5200000,0,user_12,540,540,
4264,3,5000000,0,user_48,540,540,
4265,4,5000000,0,user_49,540,540,
4266,5,0,0,validator_2,100,540,4235
4235,6,3500000,43600,user_23,540,540,
4258,7,2100000,959000,user_44,540,540,
4267,8,0,0,validator_2,100,540,4258
4249,9,2600000,0,user_35,540,540,
4227,10,2000000,0,user_12,540,540,
4237,11,2000000,0,user_25,540,540,
4242,12,1900000,0,user_27,540,540,
4243,13,1700000,0,user_28,540,540,
4268,14,0,0,validator_2,100,540,4233
4233,15,1500000,21800,user_21,540,540,
4251,16,340000,959000,user_41,540,540,
4269,17,0,0,validator_2,100,540,4251
4225,18,1100000,0,user_11,540,540,
4247,19,1100000,0,user_32,540,540,
4245,20,1000000,0,user_30,540,540,
4246,21,870000,0,user_31,540,540,
4224,22,600000,0,user_9,540,540,
4252,23,310000,215000,user_42,540,540,
4270,24,0,0,validator_2,100,540,4252
4254,25,220000,155000,user_42,540,540,
4271,26,0,0,validator_2,100,540,4254
4219,27,360000,0,user_3,540,540,
4218,28,320000,0,user_2,540,540,
4248,29,260000,0,user_33,540,540,
4231,30,220000,0,user_18,540,540,
4244,31,110000,84800,user_29,540,540,
4272,32,0,0,validator_2,100,540,4244
4257,33,190000,0,user_44,540,540,
4221,34,170000,0,user_7,540,540,
4255,35,170000,0,user_42,540,540,
4263,36,170000,0,user_48,540,540,
4273,37,0,0,validator_2,100,540,4241
4241,38,120000,6390,user_27,540,540,
4230,39,120000,0,user_17,540,540,
4232,40,120000,0,user_20,540,540,
4234,41,120000,0,user_22,540,540,
4240,42,120000,0,user_26,540,540,
4253,43,110000,3130,user_42,540,540,
4274,44,0,0,validator_2,100,540,4253
4275,45,0,0,validator_2,100,540,4239
4239,46,98000,15100,user_26,540,540,
4220,47,110000,0,user_4,540,540,
4238,48,80000,0,user_25,540,540,
4323,0,43000000,0,user_43,541,541,
4296,1,5000000,0,user_21,541,541,
4281,2,4500000,36800,user_7,541,541,
4282,3,4200000,75000,user_8,541,541,
4311,4,3500000,0,user_38,541,541,
4315,5,3500000,0,user_38,541,541,
4309,6,3200000,0,user_35,541,541,
4293,7,1100000,0,user_19,541,541,
4289,8,1000000,285000,user_14,541,541,
4299,9,1000000,0,user_23,541,541,
4318,10,660000,0,user_41,541,541,
4279,11,460000,0,user_4,541,541,
4304,12,460000,322000,user_30,541,541,
4290,13,350000,15100,user_15,541,541,
4302,14,340000,3130,user_27,541,541,
4303,15,320000,0,user_30,541,541,
4312,16,320000,36800,user_38,541,541,
4313,17,310000,68100,user_38,541,541,
4327,18,310000,0,user_48,541,541,
4297,19,260000,0,user_22,541,541,
4298,20,260000,64600,user_22,541,541,
4300,21,160000,0,user_25,541,541,
4278,22,150001,0,user_2,541,541,4276
4276,23,150000,12800,user_0,541,541,
4283,24,150000,296000,user_9,541,541,
4294,25,150000,0,user_20,541,541,
4301,26,150000,0,user_26,541,541,
4310,27,150000,0,user_36,541,541,
4277,28,149999,0,user_0,541,541,4276
4280,29,120000,0,user_5,541,541,
4291,30,120000,0,user_17,541,541,
4316,31,110000,0,user_39,541,541,
4285,32,100000,0,user_10,541,541,
4295,33,98000,13900,user_21,541,541,
4319,34,83000,4320000,user_41,541,541,
4322,35,82000,0,user_43,541,541,
4284,36,80000,510000,user_9,541,541,
4308,37,79000,0,user_34,541,541,
4314,38,73000,0,user_38,541,541,
4376,0,43000000,0,user_42,542,542,
4353,1,27000000,0,user_20,542,542,
4361,2,19000000,0,user_30,542,542,
4333,3,6100000,0,user_5,542,542,
4380,4,6100000,0,user_46,542,542,
4350,5,5000000,0,user_16,542,542,
4330,6,2500000,0,user_3,542,542,
4344,7,2400000,0,user_13,542,542,
4370,8,2100000,0,user_36,542,542,
4378,9,2100000,43600,user_43,542,542,
4354,10,2000000,0,user_21,542,542,
4336,11,1600000,0,user_7,542,542,
4331,12,1400000,0,user_3,542,542,
4345,13,1400000,0,user_14,542,542,
4334,14,1300000,0,user_6,542,542,
4355,15,1300000,0,user_22,542,542,
4367,16,1000000,0,user_33,542,542,
4368,17,470000,0,user_34,542,542,
4374,18,470000,0,user_39,542,542,
4351,19,460000,0,user_16,542,542,
4379,20,360000,0,user_44,542,542,
4349,21,310000,0,user_16,542,542,
4339,22,300000,0,user_10,542,542,
4337,23,260000,0,user_8,542,542,
4359,24,170000,0,user_29,542,542,
4358,25,150000,67900,user_29,542,542,
4352,26,130000,0,user_19,542,542,
4363,27,130000,0,user_30,542,542,
4375,28,130000,0,user_41,542,542,
4373,29,120000,0,user_39,542,542,
4377,30,120000,0,user_42,542,542,
4383,31,120000,0,user_48,542,542,
4340,32,110000,0,user_11,542,542,
4348,33,110000,0,user_16,542,542,
4369,34,110000,56200,user_34,542,542,
4382,35,110000,0,user_48,542,542,
4362,36,100000,0,user_30,542,542,
4335,37,98000,0,user_7,542,542,
4338,38,98000,0,user_9,542,542,
4381,39,98000,0,user_47,542,542,
4371,40,87000,0,user_37,542,542,
4372,41,87000,0,user_38,542,542,
4341,42,83000,0,user_11,542,542,
4347,43,82000,0,user_16,542,542,
4343,44,79000,0,user_13,542,542,
4360,45,73000,0,user_29,542,542,
4412,0,27000000,0,user_33,543,543,
4409,1,19000000,0,user_31,543,543,
4420,2,2500000,0,user_42,543,543,
4407,3,2400000,0,user_29,543,543,
4393,4,2100000,0,user_9,543,543,
4422,5,1600000,0,user_44,543,543,
4423,6,1500000,0,user_47,543,543,
4395,7,1200000,0,user_13,543,543,
4408,8,1000000,0,user_31,543,543,
4419,9,1000000,0,user_40,543,543,
4394,10,650000,0,user_11,543,543,
4415,11,650000,0,user_35,543,543,
4406,12,630000,0,user_29,543,543,
4396,13,460000,0,user_15,543,543,
4392,14,340000,0,user_8,543,543,
4401,15,340000,0,user_23,543,543,
4389,16,310000,0,user_2,543,543,
4402,17,260000,49100,user_24,543,543,
4427,18,0,0,validator_0,100,543,4402
4428,19,0,0,validator_0,100,543,4410
4410,20,160000,128000,user_32,543,543,
4397,21,220000,0,user_17,543,543,
4388,22,170000,0,user_2,543,543,
4411,23,170000,0,user_32,543,543,
4421,24,160000,0,user_43,543,543,
4424,25,160000,0,user_48,543,543,
4425,26,160000,0,user_48,543,543,
4426,27,150000,0,user_49,543,543,
4398,28,130000,0,user_19,543,543,
4391,29,120000,0,user_6,543,543,
4390,30,110000,0,user_5,543,543,
4400,31,87000,0,user_22,543,543,
4474,0,30000000,0,user_40,544,544,
4429,1,4500000,195000,user_0,544,544,
4482,2,0,0,validator_3,100,544,4429
4430,3,4499999,0,user_1,544,544,4429
4431,4,4499999,0,user_2,544,544,4429
4483,5,0,0,validator_3,100,544,4440
4440,6,4200000,12300,user_10,544,544,
4467,7,2300000,15300,user_34,544,544,
4484,8,0,0,validator_3,100,544,4467
4461,9,2000000,0,user_31,544,544,
4451,10,1600000,0,user_17,544,544,
4452,11,1600000,0,user_19,544,544,
4458,12,1400000,0,user_28,544,544,
4457,13,1000000,0,user_26,544,544,
4464,14,1000000,0,user_32,544,544,
4462,15,910000,0,user_31,544,544,
4479,16,910000,0,user_47,544,544,
4475,17,630000,0,user_42,544,544,
4472,18,220000,381000,user_38,544,544,
4485,19,0,0,validator_3,100,544,4472
4471,20,530000,0,user_38,544,544,
4436,21,470000,0,user_6,544,544,
4478,22,420000,3130,user_47,544,544,
4486,23,0,0,validator_3,100,544,4478
4456,24,420000,0,user_26,544,544,
4476,25,340000,68100,user_43,544,544,
4487,26,0,0,validator_3,100,544,4476
4488,27,0,0,validator_3,100,544,4445
4445,28,73000,322000,user_16,544,544,
4446,29,370000,0,user_16,544,544,
4442,30,350000,0,user_15,544,544,
4470,31,340000,0,user_37,544,544,
4450,32,320000,0,user_17,544,544,
4448,33,310000,0,user_17,544,544,
4465,34,260000,0,user_33,544,544,
4489,35,0,0,validator_3,100,544,4434
4434,36,160000,3130,user_5,544,544,
4441,37,160000,0,user_11,544,544,
4437,38,150000,0,user_7,544,544,
4453,39,150000,0,user_21,544,544,
4466,40,130000,0,user_33,544,544,
4490,41,0,0,validator_3,100,544,4447
4447,42,110000,15100,user_17,544,544,
4444,43,120000,0,user_16,544,544,
4455,44,120000,0,user_24,544,544,
4468,45,120000,0,user_34,544,544,
4433,46,110000,0,user_4,544,544,
4463,47,110000,0,user_32,544,544,
4435,48,100000,0,user_5,544,544,
4449,49,98000,0,user_17,544,544,
4439,50,87000,0,user_9,544,544,
4443,51,85000,0,user_16,544,544,
4469,52,84000,0,user_36,544,544,
4454,53,77000,0,user_23,544,544,
4438,54,73000,0,user_8,544,544,
4508,0,43000000,0,user_11,545,545,
4542,1,150000,17700000,user_35,545,545,
4559,2,0,0,validator_8,100,545,4542
4496,3,6300000,0,user_3,545,545,
4499,4,6300000,0,user_5,545,545,
4518,5,5200000,0,user_20,545,545,
4527,6,5000000,0,user_26,545,545,
4553,7,5000000,0,user_44,545,545,
4532,8,3600000,0,user_27,545,545,
4539,9,2500000,0,user_32,545,545,
4560,10,0,0,validator_8,100,545,4498
4498,11,2400000,5640,user_4,545,545,
4540,12,2400000,0,user_33,545,545,
4513,13,2000000,24700,user_14,545,545,
4561,14,0,0,validator_8,100,545,4513
4522,15,1900000,15300,user_23,545,545,
4562,16,0,0,validator_8,100,545,4522
4531,17,1800000,0,user_27,545,545,
4529,18,1700000,0,user_27,545,545,
4563,19,0,0,validator_8,100,545,4541
4541,20,1400000,256000,user_34,545,545,
4564,21,0,0,validator_8,100,545,4549
4549,22,1600000,13800,user_42,545,545,
4510,23,1600000,0,user_13,545,545,
4525,24,1600000,0,user_25,545,545,
4495,25,1500000,0,user_3,545,545,
4509,26,1500000,0,user_12,545,545,
4517,27,1500000,0,user_20,545,545,
4565,28,0,0,validator_8,100,545,4506
4506,29,1300000,100000,user_11,545,545,
4566,30,0,0,validator_8,100,545,4511
4511,31,870000,410000,user_13,545,545,
4504,32,1000000,0,user_11,545,545,
4558,33,870000,0,user_49,545,545,
4567,34,0,0,validator_8,100,545,4526
4526,35,87000,594000,user_25,545,545,
4534,36,660000,0,user_28,545,545,
4512,37,630000,0,user_14,545,545,
4492,38,460000,0,user_1,545,545,
4524,39,460000,0,user_24,545,545,
4507,40,420000,0,user_11,545,545,
4530,41,420000,0,user_27,545,545,
4521,42,350000,0,user_22,545,545,
4548,43,350000,0,user_40,545,545,
4533,44,340000,0,user_27,545,545,
4557,45,340000,0,user_48,545,545,
4538,46,320000,0,user_30,545,545,
4528,47,310000,0,user_26,545,545,
4568,48,0,0,validator_8,100,545,4536
4536,49,100000,60700,user_28,545,545,
4523,50,160000,0,user_24,545,545,
4556,51,160000,0,user_47,545,545,
4493,52,150000,0,user_1,545,545,
4520,53,150000,0,user_21,545,545,
4497,54,120000,0,user_4,545,545,
4491,55,110000,0,user_0,545,545,
4516,56,110000,0,user_18,545,545,
4547,57,110000,0,user_39,545,545,
4519,58,84000,0,user_21,545,545,
4537,59,84000,0,user_29,545,545,
4535,60,83000,0,user_28,545,545,
4505,61,73000,0,user_11,545,545,
4590,0,6100000,769000,user_20,546,546,
4575,1,3500000,0,user_6,546,546,
4592,2,3500000,0,user_20,546,546,
4570,3,3200000,0,user_5,546,546,
4581,4,3200000,0,user_13,546,546,
4595,5,3200000,0,user_21,546,546,
4600,6,2500000,0,user_29,546,546,
4602,7,2300000,296000,user_31,546,546,
4579,8,2100000,0,user_10,546,546,
4605,9,2000000,73100,user_38,546,546,
4615,10,2000000,0,user_42,546,546,
4617,11,2000000,0,user_46,546,546,
4606,12,1900000,0,user_38,546,546,
4573,13,1600000,0,user_6,546,546,
4616,14,1400000,769000,user_44,546,546,
4585,15,1000000,4320000,user_17,546,546,
4619,16,1000000,0,user_47,546,546,
4589,17,970000,0,user_19,546,546,
4596,18,970000,0,user_22,546,546,
4594,19,670000,0,user_21,546,546,
4612,20,670000,0,user_41,546,546,
4601,21,460000,0,user_31,546,546,
4574,22,420000,0,user_6,546,546,
4609,23,370000,0,user_39,546,546,
4571,24,360000,0,user_5,546,546,
4586,25,350000,0,user_17,546,546,
4584,26,340000,0,user_17,546,546,
4603,27,340000,0,user_33,546,546,
4583,28,260000,0,user_16,546,546,
4620,29,260000,0,user_47,546,546,
4618,30,240000,0,user_46,546,546,
4587,31,220000,0,user_17,546,546,
4593,32,220000,0,user_20,546,546,
4588,33,190000,0,user_17,546,546,
4591,34,190000,6390,user_20,546,546,
4580,35,170000,36800,user_11,546,546,
4621,36,170000,0,user_48,546,546,
4611,37,160000,0,user_41,546,546,
4613,38,160000,0,user_41,546,546,
4572,39,150000,0,user_5,546,546,
4577,40,150000,0,user_6,546,546,
4576,41,120000,0,user_6,546,546,
4614,42,120000,67500,user_41,546,546,
4604,43,110000,17700000,user_36,546,546,
4569,44,100000,0,user_3,546,546,
4610,45,85000,7840,user_40,546,546,
4607,46,84000,39400,user_38,546,546,
4608,47,79000,12800,user_39,546,546,
4578,48,70000,0,user_7,546,546,
4654,0,43000000,0,user_18,547,547,
4669,1,27000000,0,user_29,547,547,
4698,2,0,0,validator_0,100,547,4636
4636,3,6300000,67900,user_9,547,547,
4696,4,5000000,47700,user_46,547,547,
4699,5,0,0,validator_0,100,547,4696
4663,6,5000000,0,user_23,547,547,
4643,7,2600000,959000,user_15,547,547,
4700,8,0,0,validator_0,100,547,4643
4697,9,3200000,0,user_47,547,547,
4645,10,2600000,0,user_16,547,547,
4632,11,2400000,0,user_5,547,547,
4694,12,2400000,0,user_46,547,547,
4626,13,2000000,128000,user_3,547,547,
4701,14,0,0,validator_0,100,547,4626
4642,15,2100000,0,user_13,547,547,
4682,16,1700000,0,user_40,547,547,
4624,17,1699999,0,user_2,547,547,4622
4625,18,1699999,0,user_2,547,547,4622
4670,19,1500000,33100,user_29,547,547,
4702,20,0,0,validator_0,100,547,4670
4674,21,1500000,0,user_33,547,547,
4644,22,1400000,0,user_15,547,547,
4650,23,1300000,0,user_18,547,547,
4633,24,1100000,0,user_5,547,547,
4664,25,1000000,0,user_24,547,547,
4659,26,970000,0,user_20,547,547,
4681,27,970000,0,user_40,547,547,
4689,28,870000,0,user_44,547,547,
4703,29,0,0,validator_0,100,547,4646
4646,30,660000,42000,user_17,547,547,
4651,31,670000,0,user_18,547,547,
4695,32,600000,0,user_46,547,547,
4704,33,0,0,validator_0,100,547,4647
4647,34,470000,31700,user_17,547,547,
4656,35,420000,0,user_19,547,547,
4684,36,420000,0,user_40,547,547,
4661,37,350000,0,user_22,547,547,
4649,38,310000,0,user_17,547,547,
4653,39,260000,0,user_18,547,547,
4685,40,240000,0,user_40,547,547,
4668,41,190000,39400,user_29,547,547,
4705,42,0,0,validator_0,100,547,4668
4648,43,170000,0,user_17,547,547,
4673,44,170000,0,user_33,547,547,
4655,45,150000,0,user_19,547,547,
4678,46,150000,0,user_37,547,547,
4679,47,150000,0,user_37,547,547,
4635,48,120000,10700,user_8,547,547,
4706,49,0,0,validator_0,100,547,4635
4634,50,120000,0,user_6,547,547,
4658,51,120000,0,user_20,547,547,
4657,52,110000,0,user_19,547,547,
4688,53,110000,0,user_43,547,547,
4707,54,0,0,validator_0,100,547,4652
4652,55,83000,7840,user_18,547,547,
4680,56,87000,0,user_38,547,547,
4667,57,82000,0,user_29,547,547,
4662,58,79000,0,user_23,547,547,
4683,59,77000,0,user_40,547,547,
4676,60,73000,0,user_35,547,547,
4712,0,43000000,0,user_3,548,548,
4711,1,19000000,0,user_2,548,548,
4718,2,6100000,0,user_12,548,548,
4720,3,5000000,16400,user_13,548,548,
4755,4,0,0,validator_10,100,548,4720
4714,5,4200000,0,user_7,548,548,
4745,6,3600000,146000,user_35,548,548,
4756,7,0,0,validator_10,100,548,4745
4757,8,0,0,validator_10,100,548,4744
4744,9,3600000,16400,user_34,548,548,
4736,10,3600000,0,user_30,548,548,
4751,11,2500000,0,user_44,548,548,
4710,12,2000000,0,user_2,548,548,
4748,13,2000000,0,user_40,548,548,
4729,14,1600000,0,user_20,548,548,
4739,15,1600000,0,user_31,548,548,
4746,16,1500000,0,user_37,548,548,
4734,17,1400000,0,user_25,548,548,
4724,18,1300000,0,user_16,548,548,
4713,19,970000,0,user_5,548,548,
4721,20,970000,0,user_14,548,548,
4708,21,660000,0,user_0,548,548,
4758,22,0,0,validator_10,100,548,4730
4730,23,150000,410000,user_21,548,548,
4738,24,460000,0,user_31,548,548,
4722,25,420000,0,user_15,548,548,
4715,26,350000,0,user_8,548,548,
4747,27,320000,0,user_39,548,548,
4709,28,310000,0,user_1,548,548,
4728,29,260000,0,user_19,548,548,
4742,30,240000,0,user_32,548,548,
4749,31,240000,0,user_41,548,548,
4719,32,220000,0,user_13,548,548,
4741,33,160000,0,user_31,548,548,
4723,34,120000,0,user_16,548,548,
4731,35,120000,0,user_23,548,548,
4733,36,120000,0,user_25,548,548,
4737,37,120000,0,user_30,548,548,
4750,38,120000,0,user_43,548,548,
4754,39,120000,0,user_47,548,548,
4740,40,98000,0,user_31,548,548,
4743,41,87000,0,user_33,548,548,
4732,42,79000,0,user_24,548,548,
4778,0,30000000,0,user_16,549,549,
4781,1,30000000,0,user_19,549,549,
4775,2,27000000,0,user_15,549,549,
4786,3,27000000,0,user_27,549,549,
4790,4,27000000,0,user_31,549,549,
4795,5,4200000,0,user_40,549,549,
4771,6,3500000,0,user_11,549,549,
4779,7,2100000,0,user_17,549,549,
4802,8,0,0,validator_5,100,549,4770
4770,9,1900000,5640,user_11,549,549,
4777,10,1900000,0,user_16,549,549,
4765,11,1700000,0,user_6,549,549,
4803,12,0,0,validator_5,100,549,4773
4773,13,1600000,43600,user_12,549,549,
4759,14,1600000,0,user_0,549,549,
4804,15,0,0,validator_5,100,549,4760
4760,16,1500000,23500,user_1,549,549,
4805,17,0,0,validator_5,100,549,4767
4767,18,1400000,108000,user_9,549,549,
4761,19,1500001,0,user_2,549,549,4760
4763,20,1500001,0,user_2,549,549,4760
4780,21,1500000,0,user_18,549,549,
4762,22,1499999,0,user_2,549,549,4760
4769,23,1400000,0,user_10,549,549,
4787,24,1400000,0,user_29,549,549,
4806,25,0,0,validator_5,100,549,4782
4782,26,1000000,100000,user_20,549,549,
4764,27,1000000,0,user_5,549,549,
4785,28,1000000,0,user_24,549,549,
4788,29,910000,0,user_31,549,549,
4791,30,650000,21800,user_33,549,549,
4807,31,0,0,validator_5,100,549,4791
4776,32,370000,0,user_15,549,549,
4799,33,360000,0,user_44,549,549,
4768,34,220000,139000,user_10,549,549,
4808,35,0,0,validator_5,100,549,4768
4796,36,320000,0,user_41,549,549,
4784,37,310000,0,user_23,549,549,
4809,38,0,0,validator_5,100,549,4800
4800,39,150000,15100,user_45,549,549,
4789,40,160000,0,user_31,549,549,
4793,41,160000,0,user_37,549,549,
4772,42,150000,0,user_11,549,549,
4801,43,130000,0,user_47,549,549,
4783,44,100000,0,user_21,549,549,
4814,0,30000000,0,user_6,550,550,
4854,1,30000000,0,user_42,550,550,
4813,2,6300000,0,user_5,550,550,
4848,3,5000000,0,user_37,550,550,
4827,4,4200000,0,user_16,550,550,
4822,5,3600000,0,user_13,550,550,
4823,6,3600000,0,user_13,550,550,
4826,7,2600000,0,user_15,550,550,
4816,8,2000000,5630,user_7,550,550,
4865,9,0,0,validator_0,100,550,4816
4862,10,2000000,0,user_47,550,550,
4811,11,1700000,0,user_3,550,550,
4852,12,1400000,0,user_40,550,550,
4842,13,1300000,0,user_29,550,550,
4845,14,1300000,0,user_33,550,550,
4861,15,1300000,0,user_47,550,550,
4864,16,1200000,0,user_48,550,550,
4866,17,0,0,validator_0,100,550,4828
4828,18,1100000,11200,user_19,550,550,
4855,19,1100000,0,user_42,550,550,
4858,20,1100000,0,user_44,550,550,
4835,21,1000000,0,user_23,550,550,
4851,22,970000,0,user_40,550,550,
4812,23,870000,0,user_3,550,550,
4844,24,660000,0,user_32,550,550,
4833,25,600000,0,user_22,550,550,
4860,26,470000,0,user_46,550,550,
4834,27,460000,0,user_23,550,550,
4843,28,320000,0,user_31,550,550,
4820,29,240000,0,user_11,550,550,
4856,30,160000,49100,user_43,550,550,
4867,31,0,0,validator_0,100,550,4856
4815,32,190000,0,user_6,550,550,
4868,33,0,0,validator_0,100,550,4821
4821,34,160000,17000,user_12,550,550,
4829,35,170000,0,user_19,550,550,
4841,36,170000,0,user_29,550,550,
4869,37,0,0,validator_0,100,550,4819
4819,38,150000,19700,user_11,550,550,
4863,39,160000,0,user_48,550,550,
4846,40,150000,0,user_35,550,550,
4810,41,120000,0,user_3,550,550,
4831,42,120000,0,user_20,550,550,
4857,43,120000,0,user_43,550,550,
4830,44,110000,0,user_19,550,550,
4836,45,110000,0,user_24,550,550,
4874,0,27000000,0,user_7,551,551,
4929,1,19000000,195000,user_48,551,551,
4905,2,6300000,322000,user_31,551,551,
4901,3,5200000,0,user_28,551,551,
4871,4,5000000,0,user_1,551,551,
4918,5,5000000,0,user_38,551,551,
4919,6,5000000,0,user_39,551,551,
4906,7,4500000,0,user_31,551,551,
4923,8,4200000,0,user_45,551,551,
4931,9,4200000,0,user_48,551,551,
4880,10,3500000,0,user_10,551,551,
4930,11,2000000,0,user_48,551,551,
4887,12,1900000,0,user_13,551,551,
4895,13,1600000,0,user_23,551,551,
4872,14,1500000,959000,user_4,551,551,
4909,15,1500000,0,user_33,551,551,
4902,16,1400000,0,user_28,551,551,
4878,17,1100000,108000,user_10,551,551,
4881,18,1100000,0,user_10,551,551,
4910,19,1000000,21800,user_34,551,551,
4899,20,630000,0,user_26,551,551,
4927,21,630000,56200,user_48,551,551,
4904,22,470000,0,user_31,551,551,
4888,23,460000,0,user_14,551,551,
4913,24,360000,0,user_37,551,551,
4883,25,350000,0,user_11,551,551,
4885,26,350000,0,user_12,551,551,
4915,27,340000,0,user_37,551,551,
4886,28,310000,0,user_13,551,551,
4920,29,300000,0,user_40,551,551,
4884,30,220000,0,user_12,551,551,
4932,31,220000,0,user_49,551,551,
4912,32,190000,0,user_36,551,551,
4926,33,190000,0,user_47,551,551,
4882,34,170000,0,user_10,551,551,
4928,35,170000,11200,user_48,551,551,
4873,36,150000,0,user_6,551,551,
4879,37,150000,0,user_10,551,551,
4894,38,150000,0,user_19,551,551,
4908,39,120000,0,user_33,551,551,
4914,40,120000,0,user_37,551,551,
4875,41,110000,0,user_8,551,551,
4916,42,110000,0,user_37,551,551,
4917,43,110000,0,user_37,551,551,
4933,44,110000,43600,user_49,551,551,
4896,45,100000,0,user_23,551,551,
4897,46,79000,0,user_24,551,551,
4870,47,73000,0,user_0,551,551,
4994,0,0,0,validator_1,100,552,4955
4955,1,43000000,5640,user_15,552,552,
4944,2,30000000,0,user_7,552,552,
4942,3,27000000,0,user_7,552,552,
4968,4,19000000,0,user_25,552,552,
4943,5,6100000,0,user_7,552,552,
4961,6,5200000,0,user_20,552,552,
4965,7,3600000,0,user_23,552,552,
4991,8,2400000,35100,user_47,552,552,
4995,9,0,0,validator_1,100,552,4991
4969,10,2300000,0,user_25,552,552,
4982,11,2300000,0,user_39,552,552,
4988,12,2300000,0,user_45,552,552,
4970,13,2100000,0,user_27,552,552,
4980,14,1900000,0,user_36,552,552,
4983,15,1500000,0,user_40,552,552,
4989,16,1500000,0,user_46,552,552,
4960,17,1400000,0,user_19,552,552,
4959,18,1300000,0,user_18,552,552,
4937,19,1200000,0,user_4,552,552,
4996,20,0,0,validator_1,100,552,4985
4985,21,870000,17000,user_41,552,552,
4975,22,350000,410000,user_31,552,552,
4997,23,0,0,validator_1,100,552,4975
4998,24,0,0,validator_1,100,552,4993
4993,25,260000,322000,user_49,552,552,
4986,26,530000,0,user_43,552,552,
4981,27,470000,0,user_38,552,552,
4964,28,460000,0,user_23,552,552,
4992,29,460000,0,user_48,552,552,
4956,30,420000,0,user_15,552,552,
4966,31,370000,0,user_25,552,552,
4941,32,350000,0,user_7,552,552,
4945,33,310000,0,user_7,552,552,
4976,34,310000,0,user_33,552,552,
4972,35,260000,0,user_29,552,552,
4949,36,220000,16400,user_13,552,552,
4999,37,0,0,validator_1,100,552,4949
4938,38,220000,0,user_5,552,552,
5000,39,0,0,validator_1,100,552,4974
4974,40,110000,100000,user_31,552,552,
4984,41,190000,12300,user_40,552,552,
5001,42,0,0,validator_1,100,552,4984
5002,43,0,0,validator_1,100,552,4934
4934,44,150000,43600,user_0,552,552,
4939,45,160000,0,user_5,552,552,
4967,46,160000,0,user_25,552,552,
4935,47,150001,0,user_1,552,552,4934
4948,48,150000,0,user_12,552,552,
4990,49,150000,0,user_47,552,552,
4946,50,120000,0,user_9,552,552,
4947,51,120000,0,user_10,552,552,
4971,52,98000,0,user_27,552,552,
4962,53,87000,0,user_20,552,552,
4977,54,87000,0,user_34,552,552,
4973,55,85000,0,user_30,552,552,
5044,0,30000000,0,user_35,553,553,
5053,1,27000000,0,user_44,553,553,
5047,2,5200000,0,user_37,553,553,
5050,3,5000000,164000,user_40,553,553,
5055,4,0,0,validator_7,100,553,5050
5042,5,5000000,0,user_34,553,553,
5048,6,4200000,11200,user_37,553,553,
5056,7,0,0,validator_7,100,553,5048
5014,8,3200000,0,user_8,553,553,
5025,9,2000000,0,user_17,553,553,
5057,10,0,0,validator_7,100,553,5012
5012,11,1400000,67500,user_5,553,553,
5011,12,1400000,0,user_4,553,553,
5058,13,0,0,validator_7,100,553,5033
5033,14,100000,1100000,user_27,553,553,
5039,15,1100000,0,user_31,553,553,
5059,16,0,0,validator_7,100,553,5024
5024,17,1000000,68100,user_17,553,553,
5010,18,1000000,0,user_3,553,553,
5017,19,1000000,0,user_9,553,553,
5021,20,970000,0,user_12,553,553,
5060,21,0,0,validator_7,100,553,5045
5045,22,870000,7840,user_36,553,553,
5018,23,870000,0,user_10,553,553,
5027,24,670000,0,user_19,553,553,
5043,25,660000,0,user_35,553,553,
5003,26,650000,0,user_0,553,553,
5004,27,220000,381000,user_1,553,553,
5061,28,0,0,validator_7,100,553,5004
5016,29,420000,100000,user_8,553,553,
5062,30,0,0,validator_7,100,553,5016
5023,31,460000,0,user_15,553,553,
5015,32,300000,12300,user_8,553,553,
5063,33,0,0,validator_7,100,553,5015
5049,34,310000,0,user_39,553,553,
5030,35,300000,0,user_22,553,553,
5031,36,300000,0,user_24,553,553,
5037,37,260000,0,user_30,553,553,
5064,38,0,0,validator_7,100,553,5032
5032,39,82000,146000,user_25,553,553,
5005,40,220001,0,user_1,553,553,5004
5006,41,220001,0,user_1,553,553,5004
5007,42,220001,0,user_1,553,553,5004
5008,43,220001,0,user_1,553,553,5004
5009,44,219999,0,user_2,553,553,5004
5046,45,190000,0,user_36,553,553,
5026,46,150000,0,user_18,553,553,
5054,47,150000,0,user_47,553,553,
5022,48,130000,0,user_13,553,553,
5013,49,120000,0,user_7,553,553,
5040,50,100000,0,user_32,553,553,
5034,51,84000,0,user_28,553,553,
5038,52,77000,0,user_30,553,553,
5118,0,27000000,7190000,user_40,554,554,
5126,1,19000000,0,user_44,554,554,
5097,2,5000000,0,user_28,554,554,
5103,3,5000000,0,user_31,554,554,
5112,4,5000000,0,user_37,554,554,
5105,5,4500000,0,user_33,554,554,
5094,6,4200000,0,user_28,554,554,
5089,7,3600000,18600,user_21,554,554,
5125,8,2600000,0,user_44,554,554,
5083,9,2400000,3130,user_13,554,554,
5110,10,2400000,0,user_35,554,554,
5117,11,2300000,0,user_40,554,554,
5119,12,2300000,0,user_40,554,554,
5122,13,2100000,0,user_43,554,554,
5078,14,2000000,15300,user_10,554,554,
5111,15,2000000,0,user_36,554,554,
5114,16,2000000,0,user_37,554,554,
5074,17,1800000,0,user_7,554,554,
5098,18,1700000,0,user_29,554,554,
5076,19,1600000,0,user_7,554,554,
5091,20,1600000,381000,user_23,554,554,
5084,21,1400000,0,user_14,554,554,
5088,22,1400000,0,user_18,554,554,
5087,23,1300000,0,user_17,554,554,
5081,24,1200000,0,user_11,554,554,
5095,25,1200000,0,user_28,554,554,
5108,26,1200000,0,user_34,554,554,
5072,27,1000000,410000,user_6,554,554,
5080,28,660000,0,user_11,554,554,
5113,29,660000,0,user_37,554,554,
5075,30,600000,0,user_7,554,554,
5121,31,530000,0,user_41,554,554,
5120,32,460000,0,user_40,554,554,
5100,33,420000,128000,user_29,554,554,
5101,34,420000,0,user_29,554,554,
5107,35,370000,0,user_34,554,554,
5086,36,360000,67900,user_17,554,554,
5079,37,350000,139000,user_10,554,554,
5123,38,320000,0,user_44,554,554,
5090,39,240000,0,user_22,554,554,
5099,40,190000,0,user_29,554,554,
5069,41,170000,0,user_3,554,554,
5096,42,170000,0,user_28,554,554,
5102,43,170000,0,user_30,554,554,
5124,44,170000,0,user_44,554,554,
5115,45,160000,0,user_38,554,554,
5106,46,150000,0,user_34,554,554,
5116,47,150000,0,user_39,554,554,
5109,48,120000,410000,user_34,554,554,
5127,49,110000,15700,user_45,554,554,
5077,50,87000,0,user_8,554,554,
5128,51,83000,30200,user_47,554,554,
5093,52,80000,0,user_26,554,554,
5073,53,79000,0,user_7,554,554,
5070,54,70000,0,user_3,554,554,
5168,0,1500000,17700000,user_27,555,555,
5190,1,0,0,validator_7,100,555,5168
5137,2,19000000,0,user_6,555,555,
5174,3,6100000,0,user_35,555,555,
5163,4,5000000,0,user_23,555,555,
5191,5,0,0,validator_7,100,555,5135
5135,6,4500000,6390,user_6,555,555,
5130,7,4200000,0,user_1,555,555,
5188,8,3600000,0,user_49,555,555,
5144,9,3500000,0,user_10,555,555,
5142,10,3200000,0,user_9,555,555,
5156,11,2400000,0,user_18,555,555,
5186,12,2300000,0,user_45,555,555,
5173,13,2100000,0,user_30,555,555,
5129,14,2000000,0,user_0,555,555,
5140,15,2000000,0,user_8,555,555,
5189,16,2000000,0,user_49,555,555,
5177,17,1600000,0,user_37,555,555,
5155,18,1500000,0,user_18,555,555,
5161,19,1500000,0,user_22,555,555,
5183,20,1500000,0,user_44,555,555,
5184,21,1500000,0,user_44,555,555,
5158,22,1300000,0,user_18,555,555,
5192,23,0,0,validator_7,100,555,5146
5146,24,670000,73100,user_10,555,555,
5131,25,650000,0,user_2,555,555,
5172,26,600000,0,user_30,555,555,
5165,27,470000,0,user_24,555,555,
5133,28,420000,0,user_4,555,555,
5180,29,360000,0,user_44,555,555,
5185,30,360000,0,user_45,555,555,
5169,31,350000,0,user_27,555,555,
5181,32,340000,0,user_44,555,555,
5134,33,310000,0,user_5,555,555,
5166,34,310000,0,user_26,555,555,
5151,35,300000,0,user_12,555,555,
5193,36,0,0,validator_7,100,555,5139
5139,37,240000,56200,user_7,555,555,
5162,38,220000,0,user_22,555,555,
5164,39,190000,0,user_24,555,555,
5143,40,170000,0,user_10,555,555,
5145,41,170000,0,user_10,555,555,
5179,42,170000,0,user_41,555,555,
5150,43,150000,16400,user_12,555,555,
5194,44,0,0,validator_7,100,555,5150
5152,45,160000,0,user_15,555,555,
5157,46,160000,0,user_18,555,555,
5171,47,160000,0,user_30,555,555,
5178,48,160000,0,user_40,555,555,
5187,49,160000,0,user_48,555,555,
5159,50,150000,0,user_18,555,555,
5167,51,150000,0,user_26,555,555,
5170,52,150000,0,user_28,555,555,
5195,53,0,0,validator_7,100,555,5138
5138,54,110000,19700,user_6,555,555,
5196,55,0,0,validator_7,100,555,5141
5141,56,98000,31700,user_9,555,555,
5136,57,120000,0,user_6,555,555,
5132,58,82000,21800,user_4,555,555,
5197,59,0,0,validator_7,100,555,5132
5154,60,87000,0,user_17,555,555,
5176,61,85000,0,user_37,555,555,
5175,62,73000,0,user_35,555,555,
5182,63,73000,0,user_44,555,555,
5202,0,43000000,19700,user_5,556,556,
5199,1,30000000,0,user_1,556,556,
5252,2,19000000,0,user_49,556,556,
5239,3,5200000,19700,user_36,556,556,
5220,4,5000000,0,user_20,556,556,
5243,5,5000000,73100,user_42,556,556,
5218,6,2000000,0,user_19,556,556,
5216,7,1900000,0,user_19,556,556,
5237,8,1800000,0,user_34,556,556,
5238,9,1800000,0,user_36,556,556,
5203,10,1500000,0,user_5,556,556,
5217,11,1500000,12800,user_19,556,556,
5224,12,1400000,0,user_26,556,556,
5228,13,1400000,0,user_26,556,556,
5235,14,1400000,0,user_33,556,556,
5209,15,1200000,0,user_12,556,556,
5211,16,1100000,0,user_13,556,556,
5244,17,1000000,0,user_42,556,556,
5212,18,870000,0,user_14,556,556,
5246,19,670000,21800,user_44,556,556,
5206,20,660000,0,user_8,556,556,
5227,21,660000,0,user_26,556,556,
5222,22,650000,0,user_23,556,556,
5219,23,460000,0,user_19,556,556,
5253,24,420000,42000,user_49,556,556,
5234,25,360000,7840,user_31,556,556,
5204,26,350000,283000,user_5,556,556,
5226,27,340000,0,user_26,556,556,
5205,28,300000,0,user_6,556,556,
5225,29,260000,0,user_26,556,556,
5240,30,220000,0,user_37,556,556,
5208,31,170000,0,user_11,556,556,
5231,32,170000,0,user_28,556,556,
5251,33,170000,0,user_49,556,556,
5236,34,150000,12800,user_34,556,556,
5241,35,150000,0,user_40,556,556,
5221,36,120000,0,user_21,556,556,
5250,37,120000,0,user_49,556,556,
5254,38,120000,0,user_49,556,556,
5198,39,110000,0,user_0,556,556,
5200,40,87000,24700,user_2,556,556,
5248,41,87000,0,user_47,556,556,
5201,42,86999,0,user_2,556,556,5200
5210,43,84000,0,user_13,556,556,
5249,44,84000,0,user_48,556,556,
5223,45,80000,35600,user_24,556,556,
5245,46,80000,0,user_44,556,556,
5207,47,73000,0,user_10,556,556,
5299,0,0,0,validator_3,100,557,5267
5267,1,43000000,39400,user_11,557,557,
5262,2,27000000,0,user_7,557,557,
5280,3,19000000,545000,user_25,557,557,
5300,4,0,0,validator_3,100,557,5280
5260,5,970000,17700000,user_7,557,557,
5301,6,0,0,validator_3,100,557,5260
5291,7,6300000,0,user_40,557,557,
5263,8,5000000,0,user_8,557,557,
5293,9,5000000,0,user_43,557,557,
5294,10,3500000,0,user_44,557,557,
5271,11,2600000,0,user_13,557,557,
5302,12,0,0,validator_3,100,557,5276
5276,13,2000000,24700,user_15,557,557,
5297,14,1900000,0,user_47,557,557,
5288,15,1800000,0,user_37,557,557,
5272,16,1500000,0,user_14,557,557,
5284,17,1300000,0,user_33,557,557,
5285,18,910000,0,user_33,557,557,
5268,19,670000,0,user_12,557,557,
5283,20,530000,0,user_33,557,557,
5274,21,470000,0,user_14,557,557,
5278,22,460000,0,user_23,557,557,
5269,23,220000,164000,user_12,557,557,
5303,24,0,0,validator_3,100,557,5269
5255,25,190000,0,user_0,557,557,
5270,26,190000,0,user_12,557,557,
5256,27,170000,0,user_2,557,557,
5259,28,170000,0,user_6,557,557,
5273,29,160000,0,user_14,557,557,
5279,30,160000,0,user_24,557,557,
5287,31,160000,0,user_35,557,557,
5258,32,150000,0,user_5,557,557,
5264,33,150000,0,user_9,557,557,
5304,34,0,0,validator_3,100,557,5286
5286,35,130000,13800,user_34,557,557,
5261,36,120000,3130,user_7,557,557,
5305,37,0,0,validator_3,100,557,5261
5265,38,120000,0,user_10,557,557,
5266,39,110000,0,user_10,557,557,
5275,40,79000,12800,user_14,557,557,
5306,41,0,0,validator_3,100,557,5275
5281,42,84000,0,user_29,557,557,
5277,43,80000,0,user_18,557,557,
5292,44,70000,0,user_41,557,557,
5309,0,30000000,350000,user_2,558,558,
5363,1,0,0,validator_7,100,558,5309
5348,2,30000000,0,user_31,558,558,
5320,3,19000000,0,user_12,558,558,
5333,4,19000000,0,user_19,558,558,
5352,5,650000,7190000,user_36,558,558,
5364,6,0,0,validator_7,100,558,5352
5321,7,5200000,0,user_12,558,558,
5342,8,5000000,0,user_27,558,558,
5343,9,5000000,0,user_27,558,558,
5331,10,4200000,0,user_18,558,558,
5340,11,2000000,8520,user_27,558,558,
5365,12,0,0,validator_7,100,558,5340
5322,13,2000000,0,user_13,558,558,
5323,14,2000000,0,user_13,558,558,
5324,15,2000000,0,user_15,558,558,
5330,16,2000000,0,user_18,558,558,
5355,17,2000000,0,user_39,558,558,
5341,18,1500000,410000,user_27,558,558,
5366,19,0,0,validator_7,100,558,5341
5332,20,1900000,0,user_18,558,558,
5308,21,1800000,0,user_1,558,558,
5362,22,1500000,0,user_49,558,558,
5354,23,970000,0,user_38,558,558,
5313,24,910000,0,user_9,558,558,
5367,25,0,0,validator_7,100,558,5360
5360,26,87000,410000,user_47,558,558,
5307,27,470000,0,user_0,558,558,
5368,28,0,0,validator_7,100,558,5314
5314,29,110000,322000,user_9,558,558,
5347,30,350000,0,user_30,558,558,
5369,31,0,0,validator_7,100,558,5351
5351,32,260000,17000,user_34,558,558,
5318,33,260000,0,user_12,558,558,
5329,34,260000,0,user_18,558,558,
5338,35,260000,0,user_24,558,558,
5319,36,240000,0,user_12,558,558,
5315,37,220000,0,user_10,558,558,
5358,38,220000,0,user_43,558,558,
5328,39,170000,0,user_17,558,558,
5337,40,170000,0,user_22,558,558,
5344,41,170000,0,user_28,558,558,
5339,42,160000,0,user_26,558,558,
5370,43,0,0,validator_7,100,558,5349
5349,44,83000,67900,user_32,558,558,
5371,45,0,0,validator_7,100,558,5312
5312,46,120000,23500,user_8,558,558,
5317,47,120000,0,user_12,558,558,
5327,48,120000,0,user_17,558,558,
5310,49,110000,0,user_4,558,558,
5325,50,110000,0,user_15,558,558,
5361,51,98000,0,user_47,558,558,
5311,52,85000,0,user_7,558,558,
5356,53,85000,0,user_41,558,558,
5359,54,77000,0,user_45,558,558,
5353,55,70000,0,user_36,558,558,
5403,0,19000000,0,user_27,559,559,
5380,1,160000,17700000,user_5,559,559,
5429,2,0,0,validator_5,100,559,5380
5430,3,0,0,validator_5,100,559,5398
5398,4,80000,7190000,user_23,559,559,
5431,5,0,0,validator_5,100,559,5375
5375,6,6300000,17000,user_3,559,559,
5394,7,6100000,0,user_21,559,559,
5373,8,2600000,0,user_0,559,559,
5415,9,2600000,0,user_35,559,559,
5421,10,2600000,0,user_42,559,559,
5413,11,2100000,0,user_35,559,559,
5390,12,2000000,0,user_18,559,559,
5425,13,2000000,0,user_47,559,559,
5376,14,1600000,0,user_3,559,559,
5405,15,1600000,0,user_28,559,559,
5432,16,0,0,validator_5,100,559,5414
5414,17,1500000,15700,user_35,559,559,
5384,18,1500000,0,user_11,559,559,
5393,19,1500000,0,user_20,559,559,
5428,20,1500000,0,user_49,559,559,
5379,21,1400000,0,user_4,559,559,
5372,22,1200000,0,user_0,559,559,
5395,23,1200000,0,user_21,559,559,
5378,24,1100000,0,user_3,559,559,
5374,25,1000000,0,user_2,559,559,
5399,26,910000,0,user_23,559,559,
5401,27,870000,0,user_26,559,559,
5427,28,360000,195000,user_49,559,559,
5433,29,0,0,validator_5,100,559,5427
5424,30,530000,0,user_45,559,559,
5385,31,100000,410000,user_12,559,559,
5434,32,0,0,validator_5,100,559,5385
5406,33,460000,0,user_29,559,559,
5388,34,420000,0,user_17,559,559,
5412,35,150000,256000,user_35,559,559,
5435,36,0,0,validator_5,100,559,5412
5404,37,350000,13800,user_28,559,559,
5436,38,0,0,validator_5,100,559,5404
5437,39,0,0,validator_5,100,559,5391
5391,40,77000,215000,user_19,559,559,
5389,41,260000,0,user_17,559,559,
5377,42,220000,0,user_3,559,559,
5438,43,0,0,validator_5,100,559,5392
5392,44,120000,64600,user_20,559,559,
5417,45,170000,0,user_36,559,559,
5439,46,0,0,validator_5,100,559,5382
5382,47,160000,5640,user_9,559,559,
5381,48,160000,0,user_6,559,559,
5397,49,150000,0,user_23,559,559,
5396,50,120000,0,user_22,559,559,
5410,51,120000,0,user_33,559,559,
5440,52,0,0,validator_5,100,559,5402
5402,53,87000,24700,user_26,559,559,
5419,54,98000,0,user_40,559,559,
5420,55,87000,0,user_41,559,559,
5400,56,85000,0,user_25,559,559,
5383,57,84000,0,user_11,559,559,
5408,58,84000,0,user_31,559,559,
5416,59,77000,0,user_36,559,559,
5441,0,5000000,0,user_0,560,560,
5448,1,5000000,0,user_8,560,560,
5455,2,1400000,1100000,user_15,560,560,
5481,3,0,0,validator_6,100,560,5455
5469,4,2400000,0,user_32,560,560,
5475,5,2000000,0,user_39,560,560,
5457,6,1800000,0,user_16,560,560,
5466,7,1600000,0,user_30,560,560,
5468,8,1500000,0,user_32,560,560,
5459,9,1400000,67500,user_16,560,560,
5482,10,0,0,validator_6,100,560,5459
5446,11,1100000,84800,user_6,560,560,
5483,12,0,0,validator_6,100,560,5446
5442,13,1100000,0,user_2,560,560,
5443,14,1000000,0,user_3,560,560,
5473,15,970000,0,user_37,560,560,
5470,16,910000,14200,user_33,560,560,
5484,17,0,0,validator_6,100,560,5470
5458,18,120000,545000,user_16,560,560,
5485,19,0,0,validator_6,100,560,5458
5450,20,530000,0,user_10,560,560,
5452,21,420000,0,user_12,560,560,
5460,22,420000,0,user_20,560,560,
5451,23,370000,0,user_11,560,560,
5444,24,320000,0,user_4,560,560,
5477,25,310000,0,user_42,560,560,
5464,26,260000,0,user_29,560,560,
5486,27,0,0,validator_6,100,560,5478
5478,28,220000,31700,user_44,560,560,
5474,29,170000,0,user_37,560,560,
5454,30,160000,0,user_14,560,560,
5453,31,150000,0,user_14,560,560,
5479,32,150000,0,user_46,560,560,
5463,33,120000,0,user_28,560,560,
5472,34,120000,0,user_35,560,560,
5467,35,100000,0,user_31,560,560,
5456,36,82000,0,user_15,560,560,
5449,37,80000,0,user_9,560,560,
5447,38,79000,0,user_7,560,560,
5465,39,73000,0,user_29,560,560,
5534,0,43000000,0,user_40,561,561,
5492,1,30000000,24700,user_4,561,561,
5546,2,0,0,validator_5,100,561,5492
5547,3,0,0,validator_5,100,561,5519
5519,4,19000000,510000,user_24,561,561,
5498,5,6300000,0,user_9,561,561,
5493,6,5200000,0,user_6,561,561,
5490,7,5000000,0,user_2,561,561,
5496,8,3200000,0,user_9,561,561,
5532,9,2300000,0,user_38,561,561,
5535,10,2300000,0,user_41,561,561,
5487,11,2000000,0,user_0,561,561,
5543,12,2000000,0,user_49,561,561,
5509,13,1900000,0,user_17,561,561,
5499,14,1700000,0,user_10,561,561,
5527,15,1700000,0,user_35,561,561,
5548,16,0,0,validator_5,100,561,5528
5528,17,1600000,75000,user_36,561,561,
5503,18,1600000,0,user_11,561,561,
5524,19,1600000,0,user_27,561,561,
5549,20,0,0,validator_5,100,561,5510
5510,21,1500000,71800,user_18,561,561,
5502,22,1400000,0,user_11,561,561,
5544,23,1300000,0,user_49,561,561,
5530,24,1000000,0,user_37,561,561,
5545,25,970000,0,user_49,561,561,
5513,26,870000,0,user_19,561,561,
5511,27,600000,0,user_19,561,561,
5518,28,460000,0,user_24,561,561,
5531,29,460000,0,user_38,561,561,
5550,30,0,0,validator_5,100,561,5520
5520,31,350000,14200,user_24,561,561,
5488,32,350000,0,user_1,561,561,
5515,33,340000,0,user_21,561,561,
5497,34,320000,0,user_9,561,561,
5533,35,310000,0,user_38,561,561,
5551,36,0,0,validator_5,100,561,5512
5512,37,240000,47700,user_19,561,561,
5552,38,0,0,validator_5,100,561,5516
5516,39,170000,108000,user_23,561,561,
5539,40,160000,66100,user_45,561,561,
5553,41,0,0,validator_5,100,561,5539
5500,42,220000,0,user_10,561,561,
5537,43,190000,0,user_42,561,561,
5501,44,170000,0,user_11,561,561,
5504,45,150000,0,user_11,561,561,
5523,46,150000,0,user_26,561,561,
5525,47,150000,0,user_28,561,561,
5529,48,150000,0,user_36,561,561,
5489,49,120000,0,user_1,561,561,
5517,50,120000,0,user_24,561,561,
5521,51,120000,0,user_24,561,561,
5536,52,120000,0,user_41,561,561,
5542,53,120000,0,user_49,561,561,
5541,54,110000,0,user_49,561,561,
5491,55,98000,0,user_4,561,561,
5514,56,98000,0,user_21,561,561,
5522,57,98000,0,user_25,561,561,
5601,0,0,0,validator_7,100,562,5586
5586,1,5200000,108000,user_35,562,562,
5576,2,3500000,0,user_22,562,562,
5577,3,2500000,0,user_23,562,562,
5578,4,2000000,0,user_25,562,562,
5587,5,1800000,0,user_37,562,562,
5582,6,1500000,42000,user_30,562,562,
5602,7,0,0,validator_7,100,562,5582
5567,8,1200000,0,user_15,562,562,
5590,9,970000,0,user_38,562,562,
5563,10,660000,0,user_13,562,562,
5566,11,420000,75000,user_15,562,562,
5603,12,0,0,validator_7,100,562,5566
5597,13,460000,0,user_45,562,562,
5562,14,420000,0,user_13,562,562,
5574,15,370000,0,user_19,562,562,
5592,16,370000,0,user_41,562,562,
5558,17,350000,0,user_6,562,562,
5599,18,350000,0,user_47,562,562,
5564,19,310000,0,user_15,562,562,
5591,20,310000,0,user_39,562,562,
5580,21,300000,0,user_28,562,562,
5604,22,0,0,validator_7,100,562,5570
5570,23,220000,68100,user_17,562,562,
5568,24,260000,0,user_15,562,562,
5579,25,260000,0,user_28,562,562,
5598,26,260000,0,user_45,562,562,
5605,27,0,0,validator_7,100,562,5571
5571,28,120000,121000,user_17,562,562,
5560,29,220000,5180,user_9,562,562,
5606,30,0,0,validator_7,100,562,5560
5588,31,190000,0,user_38,562,562,
5555,32,170000,0,user_2,562,562,
5589,33,170000,0,user_38,562,562,
5596,34,150000,0,user_45,562,562,
5575,35,130000,0,user_22,562,562,
5573,36,100000,21800,user_18,562,562,
5607,37,0,0,validator_7,100,562,5573
5556,38,120000,0,user_3,562,562,
5600,39,120000,0,user_47,562,562,
5559,40,100000,0,user_8,562,562,
5594,41,98000,0,user_44,562,562,
5557,42,87000,0,user_4,562,562,
5595,43,83000,0,user_44,562,562,
5565,44,79000,0,user_15,562,562,
5572,45,77000,0,user_17,562,562,
5554,46,73000,0,user_0,562,562,
5618,0,19000000,0,user_8,563,563,
5662,1,0,0,validator_4,100,563,5612
5612,2,4500000,64600,user_4,563,563,
5608,3,4200000,0,user_0,563,563,
5655,4,3500000,0,user_42,563,563,
5621,5,3200000,0,user_9,563,563,
5663,6,0,0,validator_4,100,563,5630
5630,7,2300000,71800,user_18,563,563,
5657,8,2300000,0,user_45,563,563,
5628,9,1600000,410000,user_16,563,563,
5664,10,0,0,validator_4,100,563,5628
5631,11,2000000,0,user_19,563,563,
5639,12,1900000,0,user_24,563,563,
5654,13,1600000,0,user_42,563,563,
5620,14,1500000,0,user_9,563,563,
5632,15,1500000,0,user_19,563,563,
5634,16,1400000,0,user_21,563,563,
5644,17,1400000,0,user_30,563,563,
5656,18,1300000,0,user_43,563,563,
5648,19,870000,350000,user_34,563,563,
5665,20,0,0,validator_4,100,563,5648
5661,21,1100000,0,user_49,563,563,
5626,22,870000,0,user_15,563,563,
5666,23,0,0,validator_4,100,563,5619
5619,24,670000,73100,user_9,563,563,
5638,25,660000,0,user_22,563,563,
5637,26,650000,0,user_22,563,563,
5625,27,600000,0,user_13,563,563,
5647,28,470000,5180,user_32,563,563,
5667,29,0,0,validator_4,100,563,5647
5660,30,370000,0,user_48,563,563,
5649,31,340000,0,user_36,563,563,
5652,32,310000,0,user_39,563,563,
5658,33,310000,0,user_45,563,563,
5659,34,300000,0,user_47,563,563,
5653,35,220000,0,user_39,563,563,
5635,36,190000,0,user_22,563,563,
5629,37,160000,0,user_17,563,563,
5627,38,150000,0,user_16,563,563,
5640,39,150000,0,user_25,563,563,
5636,40,70000,71800,user_22,563,563,
5668,41,0,0,validator_4,100,563,5636
5669,42,0,0,validator_4,100,563,5650
5650,43,120000,5640,user_37,563,563,
5633,44,120000,0,user_20,563,563,
5641,45,120000,0,user_27,563,563,
5643,46,110000,0,user_29,563,563,
5622,47,77000,0,user_9,563,563,
5609,48,73000,0,user_2,563,563,
5692,0,30000000,73100,user_25,564,564,
5712,1,0,0,validator_11,100,564,5692
5672,2,6100000,0,user_3,564,564,
5675,3,5200000,0,user_6,564,564,
5700,4,5200000,0,user_32,564,564,
5684,5,5000000,108000,user_15,564,564,
5713,6,0,0,validator_11,100,564,5684
5714,7,0,0,validator_11,100,564,5696
5696,8,2300000,47700,user_27,564,564,
5702,9,2000000,231000,user_35,564,564,
5715,10,0,0,validator_11,100,564,5702
5681,11,2000000,0,user_12,564,564,
5690,12,1800000,66100,user_24,564,564,
5716,13,0,0,validator_11,100,564,5690
5704,14,1800000,0,user_38,564,564,
5670,15,1500000,164000,user_0,564,564,
5717,16,0,0,validator_11,100,564,5670
5674,17,1600000,0,user_5,564,564,
5671,18,1500001,0,user_1,564,564,5670
5708,19,1100000,0,user_43,564,564,
5695,20,1000000,0,user_27,564,564,
5703,21,1000000,0,user_36,564,564,
5710,22,1000000,0,user_47,564,564,
5718,23,0,0,validator_11,100,564,5701
5701,24,630000,34700,user_33,564,564,
5673,25,600000,0,user_4,564,564,
5688,26,530000,0,user_21,564,564,
5707,27,530000,0,user_41,564,564,
5705,28,370000,0,user_39,564,564,
5698,29,320000,0,user_27,564,564,
5694,30,310000,0,user_26,564,564,
5686,31,300000,0,user_16,564,564,
5680,32,170000,0,user_12,564,564,
5685,33,170000,0,user_15,564,564,
5676,34,150000,0,user_6,564,564,
5699,35,130000,0,user_28,564,564,
5697,36,120000,0,user_27,564,564,
5711,37,120000,0,user_48,564,564,
5687,38,83000,30200,user_17,564,564,
5719,39,0,0,validator_11,100,564,5687
5691,40,79000,32900,user_24,564,564,
5720,41,0,0,validator_11,100,564,5691
5709,42,110000,0,user_43,564,564,
5689,43,98000,0,user_22,564,564,
5693,44,70000,0,user_26,564,564,
5747,0,19000000,13900,user_19,565,565,
5791,1,0,0,validator_10,100,565,5747
5746,2,5200000,0,user_19,565,565,
5774,3,5000000,0,user_43,565,565,
5792,4,0,0,validator_10,100,565,5762
5762,5,4200000,15700,user_34,565,565,
5742,6,3600000,0,user_15,565,565,
5753,7,3600000,0,user_25,565,565,
5775,8,3500000,35600,user_44,565,565,
5793,9,0,0,validator_10,100,565,5775
5739,10,3200000,0,user_14,565,565,
5790,11,2500000,0,user_49,565,565,
5766,12,2000000,0,user_37,565,565,
5784,13,2000000,0,user_47,565,565,
5731,14,1800000,0,user_6,565,565,
5765,15,1600000,35600,user_36,565,565,
5794,16,0,0,validator_10,100,565,5765
5749,17,1500000,0,user_21,565,565,
5770,18,1500000,0,user_41,565,565,
5767,19,1300000,155000,user_37,565,565,
5795,20,0,0,validator_10,100,565,5767
5768,21,1100000,0,user_38,565,565,
5750,22,1000000,42000,user_22,565,565,
5796,23,0,0,validator_10,100,565,5750
5737,24,1000000,0,user_12,565,565,
5773,25,1000000,0,user_43,565,565,
5741,26,870000,0,user_15,565,565,
5743,27,460000,0,user_16,565,565,
5751,28,460000,0,user_23,565,565,
5760,29,460000,0,user_30,565,565,
5761,30,370000,11200,user_30,565,565,
5797,31,0,0,validator_10,100,565,5761
5752,32,360000,0,user_24,565,565,
5771,33,360000,0,user_42,565,565,
5776,34,310000,34700,user_45,565,565,
5798,35,0,0,validator_10,100,565,5776
5738,36,320000,0,user_14,565,565,
5723,37,310000,0,user_2,565,565,
5783,38,310000,0,user_47,565,565,
5748,39,300000,0,user_20,565,565,
5789,40,240000,0,user_49,565,565,
5722,41,220000,0,user_1,565,565,
5785,42,220000,0,user_48,565,565,
5744,43,150000,30200,user_17,565,565,
5799,44,0,0,validator_10,100,565,5744
5772,45,170000,0,user_43,565,565,
5786,46,170000,0,user_49,565,565,
5721,47,160000,0,user_0,565,565,
5724,48,160000,0,user_3,565,565,
5745,49,160000,0,user_17,565,565,
5764,50,160000,0,user_34,565,565,
5763,51,110000,47700,user_34,565,565,
5800,52,0,0,validator_10,100,565,5763
5732,53,150000,0,user_7,565,565,
5740,54,120000,0,user_15,565,565,
5788,55,100000,0,user_49,565,565,
5730,56,84000,0,user_5,565,565,
5769,57,82000,0,user_40,565,565,
5782,58,79000,0,user_47,565,565,
5736,59,73000,0,user_12,565,565,
5787,60,73000,0,user_49,565,565,
5844,0,27000000,0,user_48,566,566,
5822,1,19000000,0,user_24,566,566,
5806,2,2600000,0,user_3,566,566,
5814,3,2500000,0,user_10,566,566,
5815,4,2400000,0,user_10,566,566,
5831,5,2400000,0,user_34,566,566,
5816,6,2000000,0,user_10,566,566,
5821,7,2000000,0,user_24,566,566,
5812,8,1300000,0,user_9,566,566,
5802,9,1000001,0,user_2,566,566,5801
5803,10,1000001,0,user_2,566,566,5801
5805,11,1000001,0,user_2,566,566,5801
5801,12,1000000,283000,user_0,566,566,
5804,13,999999,0,user_2,566,566,5801
5839,14,970000,0,user_42,566,566,
5818,15,660000,0,user_20,566,566,
5830,16,660000,0,user_33,566,566,
5845,17,600000,0,user_49,566,566,
5841,18,420000,0,user_46,566,566,
5824,19,320000,0,user_27,566,566,
5840,20,300000,0,user_45,566,566,
5832,21,260000,0,user_36,566,566,
5810,22,220000,0,user_6,566,566,
5843,23,120000,0,user_48,566,566,
5817,24,98000,0,user_15,566,566,
5829,25,85000,0,user_33,566,566,
5838,26,84000,0,user_39,566,566,
5826,27,80000,0,user_30,566,566,
5807,28,79000,0,user_4,566,566,
5828,29,77000,0,user_32,566,566,
5813,30,70000,0,user_10,566,566,
5873,0,5000000,0,user_20,567,567,
5876,1,4500000,0,user_21,567,567,
5891,2,3200000,0,user_35,567,567,
5862,3,2500000,0,user_13,567,567,
5900,4,2400000,0,user_41,567,567,
5874,5,2300000,0,user_21,567,567,
5886,6,2100000,0,user_31,567,567,
5892,7,2100000,0,user_36,567,567,
5848,8,2000000,0,user_2,567,567,
5899,9,2000000,0,user_40,567,567,
5867,10,1600000,0,user_18,567,567,
5887,11,1500000,0,user_32,567,567,
5850,12,1300000,0,user_3,567,567,
5898,13,1300000,0,user_40,567,567,
5908,14,1300000,0,user_49,567,567,
5884,15,150000,959000,user_29,567,567,
5909,16,0,0,validator_9,100,567,5884
5906,17,1100000,0,user_46,567,567,
5853,18,1000000,75000,user_5,567,567,
5910,19,0,0,validator_9,100,567,5853
5875,20,1000000,0,user_21,567,567,
5877,21,1000000,0,user_21,567,567,
5904,22,910000,0,user_45,567,567,
5879,23,870000,0,user_24,567,567,
5911,24,0,0,validator_9,100,567,5890
5890,25,660000,12800,user_35,567,567,
5859,26,670000,0,user_12,567,567,
5907,27,670000,0,user_47,567,567,
5857,28,660000,0,user_10,567,567,
5905,29,650000,0,user_46,567,567,
5849,30,630000,0,user_3,567,567,
5912,31,0,0,validator_9,100,567,5901
5901,32,460000,16400,user_41,567,567,
5913,33,0,0,validator_9,100,567,5880
5880,34,420000,36800,user_26,567,567,
5866,35,370000,0,user_16,567,567,
5902,36,310000,0,user_42,567,567,
5914,37,0,0,validator_9,100,567,5883
5883,38,170000,128000,user_29,567,567,
5915,39,0,0,validator_9,100,567,5858
5858,40,120000,161000,user_11,567,567,
5864,41,220000,0,user_13,567,567,
5897,42,220000,0,user_38,567,567,
5863,43,170000,31700,user_13,567,567,
5916,44,0,0,validator_9,100,567,5863
5854,45,160000,39400,user_6,567,567,
5917,46,0,0,validator_9,100,567,5854
5865,47,170000,0,user_14,567,567,
5860,48,130000,0,user_13,567,567,
5846,49,120000,0,user_0,567,567,
5882,50,120000,0,user_28,567,567,
5851,51,110000,0,user_3,567,567,
5855,52,100000,0,user_8,567,567,
5885,53,80000,0,user_30,567,567,
5861,54,79000,0,user_13,567,567,
5878,55,70000,0,user_23,567,567,
5926,0,30000000,0,user_13,568,568,
5952,1,27000000,0,user_34,568,568,
5957,2,19000000,0,user_39,568,568,
5931,3,5000000,0,user_15,568,568,
5941,4,3200000,0,user_24,568,568,
5945,5,3200000,0,user_26,568,568,
5966,6,0,0,validator_8,100,568,5918
5918,7,2000000,33300,user_0,568,568,
5951,8,2000000,0,user_33,568,568,
5919,9,1999999,0,user_1,568,568,5918
5934,10,1600000,0,user_18,568,568,
5942,11,1600000,0,user_25,568,568,
5929,12,1500000,0,user_13,568,568,
5943,13,1500000,0,user_26,568,568,
5953,14,1500000,0,user_35,568,568,
5940,15,1400000,0,user_23,568,568,
5964,16,670000,0,user_48,568,568,
5937,17,660000,0,user_23,568,568,
5923,18,650000,0,user_9,568,568,
5950,19,630000,0,user_30,568,568,
5961,20,630000,0,user_44,568,568,
5946,21,600000,0,user_26,568,568,
5935,22,530000,0,user_21,568,568,
5928,23,460000,5180,user_13,568,568,
5967,24,0,0,validator_8,100,568,5928
5949,25,360000,0,user_29,568,568,
5968,26,0,0,validator_8,100,568,5960
5960,27,340000,16400,user_44,568,568,
5932,28,340000,0,user_16,568,568,
5969,29,0,0,validator_8,100,568,5948
5948,30,260000,5630,user_28,568,568,
5963,31,260000,0,user_47,568,568,
5938,32,170000,5630,user_23,568,568,
5970,33,0,0,validator_8,100,568,5938
5922,34,170000,0,user_5,568,568,
5936,35,160000,0,user_22,568,568,
5927,36,130000,0,user_13,568,568,
5921,37,120000,5640,user_4,568,568,
5971,38,0,0,validator_8,100,568,5921
5920,39,120000,0,user_3,568,568,
5925,40,120000,0,user_12,568,568,
5939,41,120000,0,user_23,568,568,
5965,42,85000,0,user_49,568,568,
5958,43,83000,0,user_42,568,568,
5930,44,79000,0,user_14,568,568,
5944,45,77000,0,user_26,568,568,
5947,46,77000,0,user_27,568,568,
6021,0,0,0,validator_1,100,569,5998
5998,1,43000000,12800,user_24,569,569,
6008,2,19000000,0,user_34,569,569,
5974,3,6100000,0,user_5,569,569,
5988,4,6100000,0,user_16,569,569,
5983,5,3600000,0,user_11,569,569,
5995,6,3600000,0,user_20,569,569,
6022,7,0,0,validator_1,100,569,5976
5976,8,2000000,164000,user_7,569,569,
5985,9,2100000,0,user_13,569,569,
6012,10,2100000,0,user_40,569,569,
5978,11,2000000,35100,user_8,569,569,
6023,12,0,0,validator_1,100,569,5978
6024,13,0,0,validator_1,100,569,5994
5994,14,910000,1100000,user_18,569,569,
6015,15,1800000,0,user_43,569,569,
5982,16,1600000,0,user_11,569,569,
6020,17,1400000,0,user_49,569,569,
5999,18,1000000,0,user_26,569,569,
6003,19,1000000,0,user_27,569,569,
5997,20,670000,0,user_23,569,569,
6004,21,670000,0,user_29,569,569,
6025,22,0,0,validator_1,100,569,6018
6018,23,600000,68100,user_47,569,569,
5987,24,530000,16400,user_15,569,569,
6026,25,0,0,validator_1,100,569,5987
6019,26,460000,0,user_48,569,569,
6002,27,420000,0,user_27,569,569,
5980,28,370000,0,user_8,569,569,
5973,29,360000,0,user_4,569,569,
6007,30,320000,0,user_33,569,569,
6014,31,310000,0,user_43,569,569,
6001,32,300000,0,user_27,569,569,
6013,33,300000,0,user_43,569,569,
5977,34,170000,0,user_7,569,569,
6000,35,170000,0,user_27,569,569,
5984,36,160000,0,user_12,569,569,
6010,37,160000,0,user_36,569,569,
6027,38,0,0,validator_1,100,569,6005
6005,39,110000,30200,user_31,569,569,
5979,40,98000,0,user_8,569,569,
5981,41,84000,0,user_8,569,569,
6017,42,82000,0,user_47,569,569,
6006,43,80000,0,user_32,569,569,
6047,0,30000000,0,user_20,570,570,
6038,1,27000000,0,user_9,570,570,
6035,2,2300000,4320000,user_6,570,570,
6081,3,0,0,validator_0,100,570,6035
6067,4,6100000,71800,user_40,570,570,
6082,5,0,0,validator_0,100,570,6067
6036,6,6100000,0,user_7,570,570,
6080,7,4500000,0,user_49,570,570,
6083,8,0,0,validator_0,100,570,6068
6068,9,4200000,5640,user_40,570,570,
6045,10,3200000,0,user_18,570,570,
6079,11,3200000,0,user_46,570,570,
6065,12,2600000,0,user_38,570,570,
6061,13,2300000,0,user_35,570,570,
6040,14,2100000,0,user_11,570,570,
6044,15,2000000,0,user_15,570,570,
6046,16,2000000,0,user_19,570,570,
6076,17,1600000,215000,user_44,570,570,
6084,18,0,0,validator_0,100,570,6076
6041,19,1600000,0,user_12,570,570,
6052,20,1500000,0,user_24,570,570,
6063,21,1500000,0,user_35,570,570,
6064,22,1500000,0,user_35,570,570,
6075,23,1300000,0,user_43,570,570,
6037,24,870000,43600,user_8,570,570,
6085,25,0,0,validator_0,100,570,6037
6034,26,910000,0,user_3,570,570,
6066,27,260000,0,user_38,570,570,
6028,28,220000,21800,user_0,570,570,
6086,29,0,0,validator_0,100,570,6028
6030,30,220001,0,user_0,570,570,6028
6031,31,220001,0,user_0,570,570,6028
6029,32,219999,0,user_0,570,570,6028
6033,33,219999,0,user_2,570,570,6028
6087,34,0,0,validator_0,100,570,6055
6055,35,160000,33100,user_27,570,570,
6059,36,160000,24700,user_32,570,570,
6088,37,0,0,validator_0,100,570,6059
6089,38,0,0,validator_0,100,570,6058
6058,39,170000,3130,user_31,570,570,
6056,40,160000,0,user_27,570,570,
6074,41,120000,0,user_42,570,570,
6051,42,98000,0,user_22,570,570,
6062,43,85000,0,user_35,570,570,
6053,44,84000,0,user_24,570,570,
6042,45,73000,0,user_12,570,570,
6133,0,43000000,35600,user_29,571,571,
6098,1,19000000,0,user_5,571,571,
6103,2,6300000,0,user_11,571,571,
6145,3,5000000,0,user_46,571,571,
6140,4,3500000,0,user_38,571,571,
6147,5,2600000,0,user_47,571,571,
6141,6,2300000,0,user_39,571,571,
6096,7,2000000,8520,user_3,571,571,
6101,8,2000000,0,user_10,571,571,
6143,9,2000000,0,user_44,571,571,
6129,10,1600000,0,user_29,571,571,
6139,11,1600000,0,user_38,571,571,
6090,12,1500000,0,user_1,571,571,
6117,13,1400000,0,user_22,571,571,
6142,14,1400000,0,user_42,571,571,
6126,15,1100000,0,user_25,571,571,
6116,16,970000,0,user_21,571,571,
6146,17,910000,0,user_46,571,571,
6104,18,670000,0,user_11,571,571,
6100,19,660000,12800,user_8,571,571,
6118,20,650000,0,user_22,571,571,
6109,21,630000,0,user_14,571,571,
6105,22,530000,0,user_11,571,571,
6134,23,460000,0,user_30,571,571,
6128,24,350000,0,user_28,571,571,
6092,25,340001,0,user_1,571,571,6091
6091,26,340000,7840,user_1,571,571,
6093,27,339999,0,user_1,571,571,6091
6094,28,339999,0,user_1,571,571,6091
6130,29,310000,56200,user_29,571,571,
6144,30,310000,0,user_44,571,571,
6113,31,300000,64600,user_18,571,571,
6112,32,260000,0,user_18,571,571,
6131,33,260000,0,user_29,571,571,
6148,34,260000,0,user_48,571,571,
6099,35,190000,0,user_6,571,571,
6102,36,160000,0,user_11,571,571,
6136,37,150000,0,user_33,571,571,
6138,38,150000,0,user_36,571,571,
6108,39,130000,21800,user_13,571,571,
6111,40,120000,0,user_17,571,571,
6125,41,120000,155000,user_25,571,571,
6127,42,120000,0,user_26,571,571,
6135,43,120000,0,user_33,571,571,
6137,44,85000,0,user_35,571,571,
6115,45,83000,6390,user_20,571,571,
6119,46,83000,0,user_23,571,571,
6132,47,77000,0,user_29,571,571,
6114,48,70000,161000,user_19,571,571,
6163,0,30000000,8520,user_16,572,572,
6202,1,0,0,validator_5,100,572,6163
6203,2,0,0,validator_5,100,572,6172
6172,3,6100000,73100,user_24,572,572,
6162,4,3600000,0,user_15,572,572,
6151,5,3500000,0,user_2,572,572,
6186,6,3500000,0,user_31,572,572,
6204,7,0,0,validator_5,100,572,6154
6154,8,2400000,594000,user_6,572,572,
6191,9,2500000,0,user_35,572,572,
6152,10,2000000,0,user_3,572,572,
6194,11,2000000,0,user_41,572,572,
6150,12,1500000,0,user_1,572,572,
6197,13,1500000,0,user_44,572,572,
6201,14,1400000,0,user_49,572,572,
6205,15,0,0,validator_5,100,572,6188
6188,16,83000,959000,user_33,572,572,
6158,17,870000,0,user_10,572,572,
6206,18,0,0,validator_5,100,572,6185
6185,19,530000,121000,user_31,572,572,
6159,20,460000,0,user_10,572,572,
6199,21,460000,0,user_46,572,572,
6166,22,420000,0,user_19,572,572,
6168,23,370000,0,user_23,572,572,
6189,24,370000,0,user_33,572,572,
6167,25,360000,0,user_20,572,572,
6178,26,360000,0,user_29,572,572,
6174,27,310000,0,user_26,572,572,
6207,28,0,0,validator_5,100,572,6173
6173,29,220000,71800,user_25,572,572,
6196,30,260000,0,user_44,572,572,
6192,31,83000,164000,user_38,572,572,
6208,32,0,0,validator_5,100,572,6192
6157,33,220000,0,user_9,572,572,
6176,34,150000,43600,user_28,572,572,
6209,35,0,0,validator_5,100,572,6176
6153,36,170000,0,user_4,572,572,
6177,37,170000,0,user_28,572,572,
6175,38,160000,0,user_27,572,572,
6164,39,150000,0,user_17,572,572,
6193,40,130000,0,user_40,572,572,
6184,41,85000,43600,user_31,572,572,
6210,42,0,0,validator_5,100,572,6184
6165,43,120000,0,user_18,572,572,
6169,44,110000,0,user_23,572,572,
6198,45,110000,0,user_45,572,572,
6160,46,85000,0,user_12,572,572,
6170,47,79000,0,user_23,572,572,
6171,48,77000,0,user_23,572,572,
6273,0,0,0,validator_7,100,573,6213
6213,1,30000000,23500,user_2,573,573,
6259,2,27000000,0,user_36,573,573,
6217,3,6100000,60700,user_8,573,573,
6274,4,0,0,validator_7,100,573,6217
6254,5,5200000,0,user_32,573,573,
6267,6,4500000,0,user_44,573,573,
6270,7,4500000,0,user_48,573,573,
6230,8,4200000,0,user_18,573,573,
6268,9,2500000,0,user_45,573,573,
6216,10,1900000,545000,user_5,573,573,
6275,11,0,0,validator_7,100,573,6216
6261,12,2400000,0,user_37,573,573,
6214,13,2300000,0,user_4,573,573,
6269,14,2300000,0,user_47,573,573,
6247,15,1700000,0,user_27,573,573,
6244,16,1500000,0,user_25,573,573,
6250,17,1500000,0,user_30,573,573,
6255,18,1500000,0,user_32,573,573,
6263,19,1500000,0,user_40,573,573,
6240,20,1400000,0,user_24,573,573,
6272,21,1400000,0,user_49,573,573,
6243,22,630000,545000,user_25,573,573,
6276,23,0,0,validator_7,100,573,6243
6277,24,0,0,validator_7,100,573,6221
6221,25,1100000,30200,user_12,573,573,
6212,26,1000000,0,user_0,573,573,
6246,27,1000000,0,user_27,573,573,
6253,28,1000000,0,user_32,573,573,
6278,29,0,0,validator_7,100,573,6251
6251,30,670000,155000,user_31,573,573,
6279,31,0,0,validator_7,100,573,6248
6248,32,660000,10700,user_28,573,573,
6229,33,670000,0,user_17,573,573,
6262,34,630000,0,user_39,573,573,
6222,35,240000,369000,user_13,573,573,
6280,36,0,0,validator_7,100,573,6222
6281,37,0,0,validator_7,100,573,6241
6241,38,150000,410000,user_24,573,573,
6227,39,530000,0,user_15,573,573,
6252,40,420000,33100,user_32,573,573,
6282,41,0,0,validator_7,100,573,6252
6283,42,0,0,validator_7,100,573,6215
6215,43,220000,215000,user_5,573,573,
6260,44,370000,0,user_37,573,573,
6219,45,350000,0,user_10,573,573,
6258,46,350000,0,user_34,573,573,
6266,47,350000,0,user_43,573,573,
6223,48,340000,0,user_13,573,573,
6239,49,300000,0,user_24,573,573,
6245,50,220000,0,user_25,573,573,
6271,51,220000,0,user_48,573,573,
6284,52,0,0,validator_7,100,573,6264
6264,53,150000,15700,user_41,573,573,
6237,54,160000,0,user_22,573,573,
6285,55,0,0,validator_7,100,573,6238
6238,56,79000,42000,user_23,573,573,
6242,57,98000,0,user_25,573,573,
6218,58,87000,0,user_9,573,573,
6226,59,77000,0,user_15,573,573,
6211,60,70000,0,user_0,573,573,
6323,0,30000000,0,user_49,574,574,
6294,1,4200000,0,user_12,574,574,
6313,2,4200000,0,user_39,574,574,
6314,3,3200000,0,user_40,574,574,
6319,4,2000000,510000,user_45,574,574,
6324,5,0,0,validator_1,100,574,6319
6291,6,2500000,0,user_8,574,574,
6322,7,1700000,0,user_46,574,574,
6296,8,1600000,17000,user_16,574,574,
6325,9,0,0,validator_1,100,574,6296
6321,10,1600000,0,user_46,574,574,
6301,11,1500000,0,user_19,574,574,
6317,12,1500000,0,user_42,574,574,
6286,13,1000000,0,user_0,574,574,
6320,14,1000000,0,user_45,574,574,
6307,15,970000,0,user_32,574,574,
6303,16,660000,0,user_21,574,574,
6311,17,650000,0,user_38,574,574,
6306,18,460000,0,user_27,574,574,
6287,19,370000,0,user_1,574,574,
6326,20,0,0,validator_1,100,574,6304
6304,21,87000,283000,user_25,574,574,
6327,22,0,0,validator_1,100,574,6316
6316,23,120000,181000,user_41,574,574,
6299,24,98000,195000,user_18,574,574,
6328,25,0,0,validator_1,100,574,6299
6292,26,260000,0,user_9,574,574,
6302,27,160000,0,user_20,574,574,
6329,28,0,0,validator_1,100,574,6308
6308,29,150000,7840,user_34,574,574,
6310,30,150000,0,user_36,574,574,
6315,31,150000,0,user_40,574,574,
6318,32,150000,0,user_43,574,574,
6295,33,120000,0,user_15,574,574,
6300,34,100000,0,user_19,574,574,
6312,35,85000,0,user_38,574,574,
6309,36,84000,0,user_36,574,574,
6293,37,83000,0,user_10,574,574,
6305,38,77000,0,user_26,574,574,
6374,0,27000000,13900,user_42,575,575,
6380,1,0,0,validator_8,100,575,6374
6361,2,27000000,0,user_32,575,575,
6381,3,0,0,validator_8,100,575,6334
6334,4,5200000,256000,user_3,575,575,
6331,5,5200000,0,user_0,575,575,
6360,6,5000000,0,user_29,575,575,
6357,7,4200000,0,user_26,575,575,
6382,8,0,0,validator_8,100,575,6340
6340,9,3600000,71800,user_7,575,575,
6343,10,3200000,0,user_11,575,575,
6342,11,2600000,0,user_9,575,575,
6358,12,2600000,0,user_27,575,575,
6362,13,2600000,0,user_33,575,575,
6335,14,2100000,0,user_4,575,575,
6359,15,2000000,0,user_28,575,575,
6339,16,1600000,71800,user_7,575,575,
6383,17,0,0,validator_8,100,575,6339
6384,18,0,0,validator_8,100,575,6344
6344,19,1600000,30200,user_11,575,575,
6352,20,1600000,0,user_18,575,575,
6356,21,1600000,0,user_24,575,575,
6378,22,1600000,0,user_47,575,575,
6346,23,1400000,0,user_13,575,575,
6348,24,1400000,0,user_15,575,575,
6363,25,1200000,0,user_34,575,575,
6354,26,600000,0,user_20,575,575,
6345,27,460000,0,user_12,575,575,
6364,28,460000,0,user_34,575,575,
6375,29,460000,0,user_44,575,575,
6355,30,370000,0,user_21,575,575,
6330,31,340000,0,user_0,575,575,
6379,32,320000,0,user_47,575,575,
6341,33,310000,0,user_7,575,575,
6365,34,260000,0,user_35,575,575,
6332,35,220000,0,user_1,575,575,
6336,36,220000,0,user_4,575,575,
6350,37,150000,0,user_16,575,575,
6347,38,110000,0,user_14,575,575,
6373,39,110000,0,user_41,575,575,
6349,40,73000,0,user_16,575,575,
4258,0,0,0,validator_5,100,576,4254
4254,1,27000000,139000,user_46,576,576,
4223,2,5000000,0,user_6,576,576,
4240,3,5000000,0,user_26,576,576,
4259,4,0,0,validator_5,100,576,4252
4252,5,2600000,15300,user_44,576,576,
4227,6,2000000,0,user_11,576,576,
4219,7,1900000,0,user_3,576,576,
4248,8,1300000,33100,user_41,576,576,
4260,9,0,0,validator_5,100,576,4248
4236,10,1200000,0,user_20,576,576,
4226,11,1100000,0,user_9,576,576,
4261,12,0,0,validator_5,100,576,4235
4235,13,460000,594000,user_19,576,576,
4220,14,1000000,0,user_4,576,576,
4217,15,150000,779000,user_0,576,576,
4262,16,0,0,validator_5,100,576,4217
4237,17,910000,0,user_21,576,576,
4246,18,87000,779000,user_38,576,576,
4263,19,0,0,validator_5,100,576,4246
4228,20,660000,0,user_12,576,576,
4264,21,0,0,validator_5,100,576,4255
4255,22,83000,545000,user_47,576,576,
4234,23,600000,0,user_17,576,576,
4243,24,530000,0,user_33,576,576,
4265,25,0,0,validator_5,100,576,4253
4253,26,460000,12800,user_45,576,576,
4251,27,460000,0,user_44,576,576,
4231,28,340000,0,user_15,576,576,
4257,29,340000,0,user_49,576,576,
4239,30,260000,0,user_26,576,576,
4247,31,220000,0,user_40,576,576,
4222,32,170000,0,user_6,576,576,
4233,33,160000,0,user_16,576,576,
4232,34,150000,0,user_15,576,576,
4218,35,149999,0,user_2,576,576,4217
4245,36,130000,0,user_37,576,576,
4221,37,120000,0,user_5,576,576,
4238,38,87000,0,user_23,576,576,
4244,39,84000,0,user_36,576,576,
4281,0,43000000,0,user_11,577,577,
4309,1,5000000,0,user_39,577,577,
4269,2,3500000,0,user_6,577,577,
4273,3,3500000,0,user_6,577,577,
4267,4,3200000,0,user_3,577,577,
4293,5,2100000,0,user_22,577,577,
4279,6,2000000,0,user_10,577,577,
4301,7,2000000,0,user_30,577,577,
4312,8,2000000,0,user_39,577,577,
4323,9,1800000,0,user_49,577,577,
4283,10,1300000,0,user_14,577,577,
4313,11,1300000,0,user_41,577,577,
4324,12,1200000,0,user_49,577,577,
4317,13,1000000,0,user_43,577,577,
4282,14,970000,0,user_13,577,577,
4303,15,870000,0,user_34,577,577,
4290,16,670000,0,user_22,577,577,
4320,17,670000,35100,user_45,577,577,
4276,18,660000,0,user_9,577,577,
4298,19,630000,0,user_27,577,577,
4315,20,470000,0,user_41,577,577,
4310,21,420000,0,user_39,577,577,
4287,22,350000,0,user_18,577,577,
4270,23,320000,36800,user_6,577,577,
4271,24,310000,68100,user_6,577,577,
4285,25,310000,0,user_16,577,577,
4291,26,220000,16400,user_22,577,577,
4319,27,220000,0,user_44,577,577,
4322,28,220000,0,user_49,577,577,
4292,29,170000,35600,user_22,577,577,
4314,30,170000,66100,user_41,577,577,
4318,31,170000,0,user_44,577,577,
4268,32,150000,0,user_4,577,577,
4278,33,150000,7190000,user_10,577,577,
4296,34,150000,0,user_24,577,577,
4302,35,150000,0,user_30,577,577,
4297,36,120000,0,user_24,577,577,
4306,37,120000,322000,user_37,577,577,
4311,38,120000,60700,user_39,577,577,
4274,39,110000,0,user_7,577,577,
4284,40,110000,0,user_15,577,577,
4316,41,110000,410000,user_41,577,577,
4286,42,100000,296000,user_18,577,577,
4299,43,98000,0,user_28,577,577,
4305,44,85000,108000,user_36,577,577,
4277,45,83000,4320000,user_9,577,577,
4280,46,82000,0,user_11,577,577,
4266,47,79000,0,user_2,577,577,
4325,48,79000,0,user_49,577,577,
4272,49,73000,0,user_6,577,577,
4334,0,43000000,0,user_10,578,578,
4327,1,6300000,0,user_1,578,578,
4338,2,6100000,0,user_14,578,578,
4384,3,0,0,validator_4,100,578,4362
4362,4,5200000,215000,user_35,578,578,
4343,5,5200000,0,user_17,578,578,
4379,6,5000000,0,user_47,578,578,
4344,7,3600000,0,user_19,578,578,
4366,8,3600000,0,user_37,578,578,
4385,9,0,0,validator_4,100,578,4353
4353,10,2500000,128000,user_23,578,578,
4361,11,1500000,594000,user_33,578,578,
4386,12,0,0,validator_4,100,578,4361
4387,13,0,0,validator_4,100,578,4355
4355,14,1900000,12300,user_25,578,578,
4388,15,0,0,validator_4,100,578,4351
4351,16,1600000,161000,user_21,578,578,
4346,17,1600000,0,user_19,578,578,
4376,18,1600000,0,user_45,578,578,
4358,19,1500000,0,user_29,578,578,
4380,20,1500000,0,user_47,578,578,
4372,21,1400000,0,user_42,578,578,
4375,22,1300000,0,user_44,578,578,
4350,23,1100000,0,user_21,578,578,
4381,24,1000000,0,user_47,578,578,
4383,25,970000,0,user_49,578,578,
4349,26,910000,15100,user_20,578,578,
4389,27,0,0,validator_4,100,578,4349
4326,28,910000,0,user_0,578,578,
4363,29,660000,0,user_35,578,578,
4365,30,630000,0,user_35,578,578,
4377,31,600000,0,user_46,578,578,
4352,32,170000,215000,user_22,578,578,
4390,33,0,0,validator_4,100,578,4352
4391,34,0,0,validator_4,100,578,4374
4374,35,190000,195000,user_43,578,578,
4371,36,370000,0,user_41,578,578,
4342,37,350000,0,user_17,578,578,
4392,38,0,0,validator_4,100,578,4329
4329,39,170000,164000,user_4,578,578,
4354,40,260000,0,user_24,578,578,
4393,41,0,0,validator_4,100,578,4347
4347,42,150000,108000,user_19,578,578,
4328,43,240000,0,user_2,578,578,
4364,44,220000,0,user_35,578,578,
4370,45,220000,0,user_40,578,578,
4359,46,170000,0,user_30,578,578,
4345,47,150000,0,user_19,578,578,
4356,48,150000,0,user_26,578,578,
4360,49,150000,0,user_33,578,578,
4373,50,150000,0,user_43,578,578,
4378,51,150000,0,user_47,578,578,
4333,52,130000,0,user_9,578,578,
4335,53,120000,0,user_10,578,578,
4341,54,120000,0,user_16,578,578,
4348,55,120000,0,user_19,578,578,
4340,56,110000,0,user_16,578,578,
4357,57,110000,0,user_26,578,578,
4382,58,110000,0,user_47,578,578,
4339,59,98000,0,user_15,578,578,
4330,60,87000,0,user_6,578,578,
4367,61,73000,0,user_37,578,578,
4422,0,30000000,0,user_27,579,579,
4415,1,1000000,7190000,user_22,579,579,
4445,2,0,0,validator_4,100,579,4415
4446,3,0,0,validator_4,100,579,4400
4400,4,6100000,35100,user_8,579,579,
4442,5,5200000,0,user_49,579,579,
4401,6,3600000,0,user_9,579,579,
4416,7,3500000,0,user_23,579,579,
4447,8,0,0,validator_4,100,579,4411
4411,9,1700000,410000,user_14,579,579,
4430,10,2000000,0,user_36,579,579,
4436,11,2000000,0,user_44,579,579,
4394,12,1800000,43600,user_0,579,579,
4448,13,0,0,validator_4,100,579,4394
4396,14,1800001,0,user_2,579,579,4394
4395,15,1799999,0,user_1,579,579,4394
4444,16,1700000,0,user_49,579,579,
4443,17,1600000,0,user_49,579,579,
4429,18,1500000,0,user_35,579,579,
4419,19,1000000,0,user_25,579,579,
4421,20,1000000,0,user_26,579,579,
4437,21,1000000,0,user_46,579,579,
4425,22,220000,769000,user_30,579,579,
4449,23,0,0,validator_4,100,579,4425
4441,24,910000,0,user_49,579,579,
4450,25,0,0,validator_4,100,579,4434
4434,26,600000,195000,user_41,579,579,
4399,27,670000,0,user_4,579,579,
4414,28,660000,0,user_18,579,579,
4438,29,470000,0,user_46,579,579,
4433,30,320000,128000,user_39,579,579,
4451,31,0,0,validator_4,100,579,4433
4410,32,420000,7840,user_13,579,579,
4452,33,0,0,validator_4,100,579,4410
4453,34,0,0,validator_4,100,579,4431
4431,35,100000,256000,user_37,579,579,
4427,36,300000,8520,user_32,579,579,
4454,37,0,0,validator_4,100,579,4427
4418,38,260000,0,user_25,579,579,
4455,39,0,0,validator_4,100,579,4417
4417,40,98000,161000,user_25,579,579,
4456,41,0,0,validator_4,100,579,4439
4439,42,240000,10700,user_47,579,579,
4420,43,220000,0,user_25,579,579,
4440,44,220000,0,user_49,579,579,
4435,45,190000,16400,user_43,579,579,
4457,46,0,0,validator_4,100,579,4435
4412,47,170000,0,user_16,579,579,
4413,48,84000,31700,user_16,579,579,
4458,49,0,0,validator_4,100,579,4413
4459,50,0,0,validator_4,100,579,4398
4398,51,77000,33100,user_4,579,579,
4426,52,110000,0,user_30,579,579,
4428,53,77000,6390,user_32,579,579,
4460,54,0,0,validator_4,100,579,4428
4494,0,27000000,0,user_33,580,580,
4509,1,27000000,0,user_47,580,580,
4493,2,6300000,17700000,user_33,580,580,
4515,3,0,0,validator_5,100,580,4493
4474,4,5200000,0,user_12,580,580,
4499,5,5000000,128000,user_36,580,580,
4516,6,0,0,validator_5,100,580,4499
4517,7,0,0,validator_5,100,580,4472
4472,8,5000000,67500,user_9,580,580,
4497,9,4200000,0,user_33,580,580,
4502,10,3500000,0,user_40,580,580,
4483,11,3200000,0,user_22,580,580,
4477,12,2500000,0,user_16,580,580,
4507,13,2100000,0,user_45,580,580,
4518,14,0,0,validator_5,100,580,4511
4511,15,2000000,33100,user_47,580,580,
4519,16,0,0,validator_5,100,580,4508
4508,17,2000000,12800,user_45,580,580,
4495,18,2000000,0,user_33,580,580,
4484,19,1600000,0,user_22,580,580,
4520,20,0,0,validator_5,100,580,4461
4461,21,1500000,23500,user_0,580,580,
4489,22,1500000,0,user_28,580,580,
4485,23,1000000,0,user_24,580,580,
4500,24,1000000,0,user_38,580,580,
4490,25,870000,0,user_29,580,580,
4479,26,73000,779000,user_16,580,580,
4521,27,0,0,validator_5,100,580,4479
4522,28,0,0,validator_5,100,580,4486
4486,29,650000,146000,user_26,580,580,
4467,30,670000,0,user_4,580,580,
4523,31,0,0,validator_5,100,580,4487
4487,32,530000,21800,user_27,580,580,
4506,33,530000,0,user_44,580,580,
4524,34,0,0,validator_5,100,580,4463
4463,35,360000,146000,user_3,580,580,
4525,36,0,0,validator_5,100,580,4462
4462,37,120000,369000,user_3,580,580,
4464,38,460000,0,user_3,580,580,
4475,39,370000,0,user_12,580,580,
4503,40,300000,0,user_40,580,580,
4471,41,260000,0,user_9,580,580,
4504,42,260000,0,user_42,580,580,
4512,43,220000,0,user_47,580,580,
4526,44,0,0,validator_5,100,580,4466
4466,45,120000,84800,user_3,580,580,
4481,46,170000,0,user_20,580,580,
4465,47,160000,0,user_3,580,580,
4488,48,160000,0,user_28,580,580,
4498,49,160000,0,user_35,580,580,
4478,50,150000,0,user_16,580,580,
4480,51,120000,15700,user_17,580,580,
4527,52,0,0,validator_5,100,580,4480
4528,53,0,0,validator_5,100,580,4482
4482,54,110000,21800,user_21,580,580,
4510,55,120000,0,user_47,580,580,
4468,56,110000,0,user_6,580,580,
4496,57,110000,0,user_33,580,580,
4514,58,110000,0,user_49,580,580,
4473,59,85000,0,user_10,580,580,
4534,0,30000000,0,user_3,581,581,
4535,1,6300000,0,user_4,581,581,
4558,2,5000000,0,user_23,581,581,
4575,3,4500000,0,user_39,581,581,
4549,4,4200000,0,user_13,581,581,
4560,5,3600000,0,user_25,581,581,
4547,6,3500000,0,user_12,581,581,
4576,7,3500000,0,user_40,581,581,
4541,8,3200000,0,user_10,581,581,
4574,9,2500000,0,user_39,581,581,
4566,10,2400000,0,user_29,581,581,
4571,11,2000000,0,user_34,581,581,
4570,12,1600000,0,user_33,581,581,
4546,13,1500000,0,user_12,581,581,
4584,14,1500000,0,user_49,581,581,
4532,15,1300000,0,user_2,581,581,
4565,16,1100000,0,user_28,581,581,
4567,17,1100000,0,user_30,581,581,
4539,18,1000000,0,user_9,581,581,
4563,19,910000,0,user_28,581,581,
4582,20,670000,0,user_46,581,581,
4544,21,660000,0,user_11,581,581,
4568,22,650000,0,user_31,581,581,
4555,23,600000,0,user_19,581,581,
4542,24,530000,0,user_11,581,581,
4543,25,470000,0,user_11,581,581,
4572,26,310000,108000,user_37,581,581,
4585,27,0,0,validator_12,100,581,4572
4569,28,360000,0,user_32,581,581,
4545,29,350000,0,user_11,581,581,
4581,30,350000,0,user_45,581,581,
4548,31,320000,21800,user_13,581,581,
4586,32,0,0,validator_12,100,581,4548
4550,33,300000,0,user_13,581,581,
4533,34,260000,0,user_2,581,581,
4583,35,260000,0,user_49,581,581,
4587,36,0,0,validator_12,100,581,4552
4552,37,170000,84800,user_13,581,581,
4551,38,190000,0,user_13,581,581,
4540,39,120000,0,user_10,581,581,
4553,40,120000,0,user_16,581,581,
4564,41,120000,0,user_28,581,581,
4531,42,98000,0,user_1,581,581,
4562,43,77000,0,user_27,581,581,
4559,44,70000,0,user_23,581,581,
4641,0,0,0,validator_6,100,582,4639
4639,1,43000000,31700,user_45,582,582,
4590,2,43000000,0,user_3,582,582,
4638,3,30000000,0,user_45,582,582,
4597,4,6100000,0,user_4,582,582,
4618,5,5200000,73100,user_21,582,582,
4642,6,0,0,validator_6,100,582,4618
4610,7,5200000,0,user_17,582,582,
4631,8,5200000,0,user_32,582,582,
4635,9,5000000,0,user_38,582,582,
4624,10,4500000,0,user_29,582,582,
4617,11,4200000,0,user_20,582,582,
4616,12,3500000,11200,user_19,582,582,
4643,13,0,0,validator_6,100,582,4616
4609,14,3200000,195000,user_15,582,582,
4644,15,0,0,validator_6,100,582,4609
4627,16,3200000,0,user_30,582,582,
4601,17,2500000,0,user_6,582,582,
4608,18,2400000,0,user_15,582,582,
4612,19,2300000,0,user_18,582,582,
4595,20,2100000,0,user_4,582,582,
4622,21,2100000,0,user_27,582,582,
4626,22,2000000,0,user_30,582,582,
4623,23,1900000,0,user_28,582,582,
4604,24,1500000,100000,user_11,582,582,
4645,25,0,0,validator_6,100,582,4604
4600,26,1100000,3130,user_6,582,582,
4646,27,0,0,validator_6,100,582,4600
4594,28,1100000,0,user_4,582,582,
4606,29,1100000,0,user_13,582,582,
4598,30,630000,0,user_4,582,582,
4647,31,0,0,validator_6,100,582,4613
4613,32,530000,11200,user_18,582,582,
4614,33,260000,0,user_18,582,582,
4630,34,260000,0,user_32,582,582,
4648,35,0,0,validator_6,100,582,4589
4589,36,220000,21800,user_3,582,582,
4611,37,80000,100000,user_18,582,582,
4649,38,0,0,validator_6,100,582,4611
4592,39,170000,0,user_3,582,582,
4602,40,160000,0,user_7,582,582,
4591,41,150000,0,user_3,582,582,
4633,42,120000,0,user_35,582,582,
4588,43,87000,18600,user_2,582,582,
4650,44,0,0,validator_6,100,582,4588
4625,45,98000,0,user_30,582,582,
4628,46,98000,0,user_30,582,582,
4593,47,87000,0,user_3,582,582,
4603,48,84000,0,user_8,582,582,
4615,49,84000,0,user_19,582,582,
4605,50,80000,0,user_12,582,582,
4596,51,79000,0,user_4,582,582,
4607,52,73000,0,user_14,582,582,
4629,53,73000,0,user_30,582,582,
4678,0,43000000,0,user_20,583,583,
4674,1,19000000,13900,user_16,583,583,
4661,2,5000000,0,user_7,583,583,
4667,3,5000000,47700,user_8,583,583,
4694,4,4500000,0,user_41,583,583,
4668,5,3200000,0,user_9,583,583,
4675,6,3200000,0,user_16,583,583,
4695,7,2500000,0,user_48,583,583,
4665,8,2400000,0,user_8,583,583,
4658,9,2000000,0,user_3,583,583,
4653,10,1700000,0,user_2,583,583,
4672,11,1600000,21800,user_14,583,583,
4657,12,1500000,0,user_3,583,583,
4677,13,1300000,0,user_19,583,583,
4663,14,1000000,0,user_7,583,583,
4691,15,1000000,0,user_39,583,583,
4652,16,970000,0,user_2,583,583,
4660,17,870000,0,user_6,583,583,
4690,18,650000,0,user_38,583,583,
4670,19,630000,0,user_13,583,583,
4666,20,600000,0,user_8,583,583,
4686,21,600000,0,user_32,583,583,
4655,22,420000,0,user_2,583,583,
4671,23,420000,0,user_13,583,583,
4687,24,370000,0,user_32,583,583,
4684,25,320000,0,user_30,583,583,
4683,26,310000,0,user_29,583,583,
4656,27,240000,0,user_2,583,583,
4679,28,240000,0,user_21,583,583,
4681,29,240000,0,user_25,583,583,
4664,30,170000,33300,user_7,583,583,
4662,31,160000,0,user_7,583,583,
4689,32,150000,0,user_34,583,583,
4659,33,110000,0,user_5,583,583,
4682,34,98000,0,user_26,583,583,
4651,35,87000,0,user_0,583,583,
4654,36,77000,0,user_2,583,583,
4673,37,70000,0,user_14,583,583,
4734,0,6100000,14200,user_37,584,584,
4751,1,0,0,validator_10,100,584,4734
4725,2,4500000,0,user_30,584,584,
4736,3,4500000,0,user_38,584,584,
4738,4,4500000,0,user_39,584,584,
4731,5,4200000,0,user_37,584,584,
4700,6,3600000,0,user_5,584,584,
4726,7,3500000,0,user_32,584,584,
4747,8,3200000,0,user_47,584,584,
4715,9,2500000,0,user_19,584,584,
4741,10,2500000,0,user_43,584,584,
4717,11,2300000,0,user_21,584,584,
4712,12,2000000,0,user_15,584,584,
4750,13,1400000,215000,user_49,584,584,
4752,14,0,0,validator_10,100,584,4750
4703,15,1600000,0,user_6,584,584,
4710,16,1500000,0,user_12,584,584,
4697,17,1400000,0,user_2,584,584,
4698,18,1400000,0,user_2,584,584,
4748,19,1400000,0,user_47,584,584,
4753,20,0,0,validator_10,100,584,4740
4740,21,260000,779000,user_43,584,584,
4720,22,1000000,0,user_27,584,584,
4739,23,870000,67900,user_41,584,584,
4754,24,0,0,validator_10,100,584,4739
4730,25,350000,381000,user_36,584,584,
4755,26,0,0,validator_10,100,584,4730
4724,27,310000,164000,user_30,584,584,
4756,28,0,0,validator_10,100,584,4724
4723,29,470000,0,user_30,584,584,
4702,30,460000,0,user_6,584,584,
4696,31,360000,0,user_1,584,584,
4757,32,0,0,validator_10,100,584,4729
4729,33,240000,108000,user_35,584,584,
4758,34,0,0,validator_10,100,584,4742
4742,35,87000,256000,user_43,584,584,
4727,36,340000,0,user_33,584,584,
4732,37,340000,0,user_37,584,584,
4711,38,320000,0,user_14,584,584,
4744,39,260000,0,user_43,584,584,
4706,40,240000,0,user_7,584,584,
4713,41,240000,0,user_16,584,584,
4759,42,0,0,validator_10,100,584,4733
4733,43,160000,13900,user_37,584,584,
4735,44,170000,0,user_37,584,584,
4705,45,160000,0,user_6,584,584,
4737,46,160000,0,user_38,584,584,
4749,47,160000,0,user_48,584,584,
4701,48,120000,0,user_5,584,584,
4716,49,120000,0,user_21,584,584,
4718,50,120000,0,user_22,584,584,
4728,51,100000,0,user_34,584,584,
4704,52,98000,0,user_6,584,584,
4745,53,98000,0,user_44,584,584,
4707,54,87000,0,user_8,584,584,
4743,55,85000,0,user_43,584,584,
4789,0,43000000,0,user_37,585,585,
4764,1,27000000,0,user_6,585,585,
4766,2,27000000,0,user_9,585,585,
4768,3,6300000,0,user_14,585,585,
4769,4,4200000,0,user_15,585,585,
4787,5,3600000,0,user_35,585,585,
4795,6,3500000,0,user_43,585,585,
4798,7,3200000,0,user_45,585,585,
4792,8,2500000,0,user_41,585,585,
4780,9,2100000,0,user_32,585,585,
4793,10,2000000,0,user_41,585,585,
4790,11,1700000,5180,user_38,585,585,
4788,12,1500000,0,user_36,585,585,
4761,13,1400000,0,user_4,585,585,
4778,14,1300000,0,user_31,585,585,
4779,15,1200000,0,user_32,585,585,
4782,16,1100000,0,user_33,585,585,
4800,17,1100000,0,user_46,585,585,
4783,18,1000000,0,user_33,585,585,
4762,19,910000,0,user_6,585,585,
4765,20,650000,21800,user_8,585,585,
4799,21,530000,0,user_45,585,585,
4773,22,360000,0,user_19,585,585,
4794,23,310000,21800,user_43,585,585,
4771,24,300000,0,user_18,585,585,
4785,25,220000,0,user_33,585,585,
4763,26,160000,0,user_6,585,585,
4774,27,150000,15100,user_20,585,585,
4775,28,130000,0,user_22,585,585,
4776,29,130000,30200,user_29,585,585,
4777,30,120000,0,user_31,585,585,
4791,31,120000,0,user_40,585,585,
4784,32,98000,0,user_33,585,585,
4781,33,87000,0,user_33,585,585,
4797,34,84000,0,user_44,585,585,
4786,35,82000,0,user_34,585,585,
4796,36,79000,0,user_44,585,585,
4772,37,70000,0,user_18,585,585,
4801,38,70000,161000,user_46,585,585,
4821,0,30000000,0,user_18,586,586,
4848,1,6100000,0,user_38,586,586,
4815,2,5000000,0,user_13,586,586,
4857,3,0,0,validator_0,100,586,4814
4814,4,4500000,17000,user_12,586,586,
4802,5,4500000,0,user_0,586,586,
4853,6,4500000,0,user_43,586,586,
4858,7,0,0,validator_0,100,586,4839
4839,8,3200000,16400,user_32,586,586,
4844,9,3200000,0,user_35,586,586,
4829,10,2000000,0,user_23,586,586,
4845,11,1600000,0,user_35,586,586,
4852,12,1600000,0,user_42,586,586,
4819,13,1400000,0,user_16,586,586,
4809,14,1300000,0,user_5,586,586,
4812,15,1300000,0,user_9,586,586,
4820,16,1300000,0,user_17,586,586,
4828,17,1300000,0,user_23,586,586,
4831,18,1200000,0,user_24,586,586,
4822,19,1100000,0,user_18,586,586,
4825,20,1100000,0,user_20,586,586,
4838,21,1000000,0,user_31,586,586,
4847,22,1000000,0,user_38,586,586,
4818,23,970000,0,user_16,586,586,
4855,24,910000,0,user_46,586,586,
4811,25,660000,0,user_8,586,586,
4849,26,600000,0,user_38,586,586,
4827,27,470000,0,user_22,586,586,
4842,28,220000,231000,user_35,586,586,
4859,29,0,0,validator_0,100,586,4842
4860,30,0,0,validator_0,100,586,4817
4817,31,350000,42000,user_15,586,586,
4805,32,350001,0,user_2,586,586,4803
4810,33,320000,0,user_7,586,586,
4861,34,0,0,validator_0,100,586,4823
4823,35,160000,49100,user_19,586,586,
4834,36,190000,0,user_27,586,586,
4808,37,170000,0,user_5,586,586,
4830,38,160000,0,user_24,586,586,
4843,39,160000,0,user_35,586,586,
4862,40,0,0,validator_0,100,586,4837
4837,41,150000,6390,user_29,586,586,
4813,42,150000,0,user_11,586,586,
4835,43,150000,0,user_27,586,586,
4856,44,150000,0,user_48,586,586,
4824,45,120000,0,user_19,586,586,
4840,46,100000,0,user_33,586,586,
4816,47,83000,0,user_15,586,586,
4870,0,27000000,0,user_6,587,587,
4867,1,5000000,13900,user_4,587,587,
4885,2,5000000,0,user_15,587,587,
4886,3,5000000,0,user_16,587,587,
4890,4,4200000,0,user_22,587,587,
4865,5,3600000,369000,user_2,587,587,
4878,6,3600000,0,user_12,587,587,
4874,7,3200000,0,user_9,587,587,
4912,8,2000000,0,user_32,587,587,
4920,9,1600000,0,user_39,587,587,
4876,10,1500000,0,user_10,587,587,
4913,11,1300000,0,user_33,587,587,
4889,12,1200000,0,user_20,587,587,
4901,13,1200000,161000,user_27,587,587,
4924,14,1200000,0,user_41,587,587,
4877,15,1000000,21800,user_11,587,587,
4921,16,1000000,0,user_40,587,587,
4866,17,630000,0,user_3,587,587,
4903,18,420000,0,user_28,587,587,
4926,19,420000,0,user_44,587,587,
4928,20,420000,0,user_45,587,587,
4880,21,360000,0,user_14,587,587,
4882,22,340000,0,user_14,587,587,
4915,23,340000,0,user_34,587,587,
4887,24,300000,0,user_17,587,587,
4922,25,300000,12300,user_40,587,587,
4899,26,220000,0,user_26,587,587,
4914,27,220000,0,user_33,587,587,
4879,28,190000,0,user_13,587,587,
4893,29,190000,0,user_24,587,587,
4904,30,190000,0,user_28,587,587,
4864,31,160000,0,user_0,587,587,
4907,32,150000,0,user_30,587,587,
4875,33,120000,0,user_10,587,587,
4881,34,120000,0,user_14,587,587,
4917,35,120000,0,user_36,587,587,
4927,36,120000,0,user_45,587,587,
4883,37,110000,0,user_14,587,587,
4884,38,110000,0,user_14,587,587,
4900,39,110000,43600,user_26,587,587,
4863,40,100000,0,user_0,587,587,
4925,41,87000,0,user_44,587,587,
4919,42,85000,0,user_39,587,587,
4929,43,79000,16400,user_46,587,587,
4902,44,77000,0,user_27,587,587,
4888,45,73000,24700,user_18,587,587,
4923,46,73000,0,user_41,587,587,
4942,0,19000000,0,user_10,588,588,
4935,1,5200000,0,user_5,588,588,
4973,2,5000000,0,user_40,588,588,
4968,3,4500000,0,user_35,588,588,
4969,4,4200000,0,user_35,588,588,
4975,5,3200000,18600,user_41,588,588,
4988,6,0,0,validator_5,100,588,4975
4974,7,3200000,0,user_41,588,588,
4970,8,2100000,594000,user_36,588,588,
4989,9,0,0,validator_5,100,588,4970
4943,10,2300000,0,user_10,588,588,
4956,11,2300000,0,user_24,588,588,
4990,12,0,0,validator_5,100,588,4971
4971,13,2100000,10700,user_38,588,588,
4944,14,2100000,0,user_12,588,588,
4954,15,1900000,0,user_21,588,588,
4961,16,1600000,0,user_29,588,588,
4957,17,1500000,0,user_25,588,588,
4963,18,1500000,0,user_31,588,588,
4934,19,1400000,0,user_4,588,588,
4991,20,0,0,validator_5,100,588,4979
4979,21,1300000,66100,user_46,588,588,
4933,22,1300000,0,user_3,588,588,
4982,23,1300000,0,user_47,588,588,
4980,24,1100000,0,user_46,588,588,
4987,25,1000000,71800,user_49,588,588,
4992,26,0,0,validator_5,100,588,4987
4953,27,970000,47700,user_20,588,588,
4993,28,0,0,validator_5,100,588,4953
4994,29,0,0,validator_5,100,588,4959
4959,30,870000,17000,user_26,588,588,
4985,31,870000,0,user_49,588,588,
4995,32,0,0,validator_5,100,588,4949
4949,33,350000,410000,user_16,588,588,
4960,34,530000,0,user_28,588,588,
4955,35,470000,0,user_23,588,588,
4966,36,460000,0,user_33,588,588,
4930,37,420000,0,user_0,588,588,
4940,38,370000,0,user_10,588,588,
4981,39,320000,0,user_47,588,588,
4950,40,310000,0,user_18,588,588,
4952,41,220000,5180,user_20,588,588,
4996,42,0,0,validator_5,100,588,4952
4997,43,0,0,validator_5,100,588,4948
4948,44,110000,100000,user_16,588,588,
4998,45,0,0,validator_5,100,588,4958
4958,46,190000,12300,user_25,588,588,
4941,47,160000,0,user_10,588,588,
4931,48,150000,0,user_2,588,588,
4932,49,150000,0,user_2,588,588,
4977,50,120000,0,user_44,588,588,
4986,51,110000,0,user_49,588,588,
4945,52,98000,0,user_12,588,588,
4936,53,87000,0,user_5,588,588,
4951,54,87000,0,user_19,588,588,
4947,55,85000,0,user_15,588,588,
4978,56,84000,0,user_44,588,588,
4984,57,70000,0,user_49,588,588,
5028,0,30000000,0,user_29,589,589,
5037,1,27000000,0,user_38,589,589,
5026,2,5000000,0,user_28,589,589,
5034,3,5000000,164000,user_34,589,589,
5036,4,2600000,0,user_36,589,589,
5004,5,1800000,0,user_5,589,589,
5023,6,1100000,0,user_25,589,589,
5001,7,1000000,0,user_3,589,589,
5005,8,970000,0,user_6,589,589,
5047,9,910000,0,user_48,589,589,
5002,10,870000,0,user_4,589,589,
5029,11,870000,7840,user_30,589,589,
5011,12,670000,0,user_13,589,589,
5035,13,670000,0,user_36,589,589,
5027,14,660000,0,user_29,589,589,
5019,15,630000,0,user_23,589,589,
5007,16,460000,0,user_9,589,589,
5048,17,370000,0,user_48,589,589,
5014,18,300000,0,user_16,589,589,
5013,19,260000,0,user_15,589,589,
5030,20,190000,0,user_30,589,589,
5025,21,170000,0,user_27,589,589,
5038,22,150000,0,user_41,589,589,
5006,23,130000,0,user_7,589,589,
5000,24,110001,0,user_2,589,589,4999
4999,25,110000,36800,user_1,589,589,
5017,26,100000,1100000,user_21,589,589,
5024,27,100000,0,user_26,589,589,
5018,28,84000,0,user_22,589,589,
5012,29,83000,0,user_15,589,589,
5016,30,82000,146000,user_19,589,589,
5003,31,70000,0,user_5,589,589,
5020,32,70000,0,user_23,589,589,
5106,0,27000000,7190000,user_42,590,590,
5114,1,19000000,0,user_46,590,590,
5091,2,5000000,0,user_33,590,590,
5093,3,4500000,0,user_35,590,590,
5077,4,3600000,18600,user_23,590,590,
5058,5,2600000,0,user_7,590,590,
5113,6,2600000,0,user_46,590,590,
5071,7,2400000,3130,user_15,590,590,
5098,8,2400000,0,user_37,590,590,
5105,9,2300000,0,user_42,590,590,
5107,10,2300000,0,user_42,590,590,
5110,11,2100000,0,user_45,590,590,
5099,12,2000000,0,user_38,590,590,
5062,13,1800000,0,user_9,590,590,
5086,14,1700000,0,user_31,590,590,
5064,15,1600000,0,user_9,590,590,
5079,16,1600000,381000,user_25,590,590,
5076,17,1400000,0,user_20,590,590,
5052,18,1300000,0,user_4,590,590,
5075,19,1300000,0,user_19,590,590,
5069,20,1200000,0,user_13,590,590,
5096,21,1200000,0,user_36,590,590,
5060,22,1000000,410000,user_8,590,590,
5068,23,660000,0,user_13,590,590,
5057,24,630000,0,user_6,590,590,
5063,25,600000,0,user_9,590,590,
5059,26,530000,0,user_7,590,590,
5109,27,530000,0,user_43,590,590,
5108,28,460000,0,user_42,590,590,
5088,29,420000,128000,user_31,590,590,
5089,30,420000,0,user_31,590,590,
5095,31,370000,0,user_36,590,590,
5073,32,360000,1100000,user_17,590,590,
5074,33,360000,67900,user_19,590,590,
5111,34,320000,0,user_46,590,590,
5087,35,190000,0,user_31,590,590,
5090,36,170000,0,user_32,590,590,
5112,37,170000,0,user_46,590,590,
5080,38,160000,0,user_26,590,590,
5103,39,160000,0,user_40,590,590,
5070,40,150000,381000,user_14,590,590,
5094,41,150000,0,user_36,590,590,
5104,42,150000,0,user_41,590,590,
5092,43,120000,0,user_34,590,590,
5097,44,120000,410000,user_36,590,590,
5115,45,110000,15700,user_47,590,590,
5065,46,87000,0,user_10,590,590,
5061,47,79000,0,user_9,590,590,
5049,48,73000,1100000,user_0,590,590,
5051,49,73000,350000,user_3,590,590,
5050,50,72999,0,user_1,590,590,5049
5156,0,1500000,17700000,user_30,591,591,
5175,1,0,0,validator_12,100,591,5156
5125,2,19000000,0,user_9,591,591,
5176,3,0,0,validator_12,100,591,5123
5123,4,4500000,6390,user_9,591,591,
5132,5,3500000,0,user_13,591,591,
5130,6,3200000,0,user_12,591,591,
5174,7,2300000,0,user_48,591,591,
5161,8,2100000,0,user_33,591,591,
5128,9,2000000,0,user_11,591,591,
5141,10,1900000,0,user_19,591,591,
5136,11,1600000,0,user_14,591,591,
5165,12,1600000,0,user_40,591,591,
5149,13,1500000,0,user_25,591,591,
5118,14,870000,0,user_3,591,591,
5177,15,0,0,validator_12,100,591,5134
5134,16,670000,73100,user_13,591,591,
5160,17,600000,0,user_33,591,591,
5148,18,470000,12300,user_23,591,591,
5178,19,0,0,validator_12,100,591,5148
5153,20,470000,0,user_27,591,591,
5121,21,420000,0,user_7,591,591,
5173,22,360000,0,user_48,591,591,
5157,23,350000,0,user_30,591,591,
5154,24,310000,0,user_29,591,591,
5139,25,300000,0,user_15,591,591,
5127,26,240000,56200,user_10,591,591,
5179,27,0,0,validator_12,100,591,5127
5150,28,220000,0,user_25,591,591,
5152,29,190000,0,user_27,591,591,
5131,30,170000,0,user_13,591,591,
5133,31,170000,0,user_13,591,591,
5167,32,170000,0,user_44,591,591,
5138,33,150000,16400,user_15,591,591,
5180,34,0,0,validator_12,100,591,5138
5159,35,160000,0,user_33,591,591,
5166,36,160000,0,user_43,591,591,
5155,37,150000,0,user_29,591,591,
5158,38,150000,0,user_31,591,591,
5181,39,0,0,validator_12,100,591,5126
5126,40,110000,19700,user_9,591,591,
5129,41,98000,31700,user_12,591,591,
5182,42,0,0,validator_12,100,591,5129
5117,43,120000,0,user_1,591,591,
5124,44,120000,0,user_9,591,591,
5135,45,120000,0,user_14,591,591,
5183,46,0,0,validator_12,100,591,5120
5120,47,82000,21800,user_7,591,591,
5142,48,87000,0,user_20,591,591,
5164,49,85000,0,user_40,591,591,
5137,50,77000,0,user_14,591,591,
5189,0,6100000,12300,user_5,592,592,
5240,1,0,0,validator_5,100,592,5189
5241,2,0,0,validator_5,100,592,5199
5199,3,5200000,42000,user_15,592,592,
5242,4,0,0,validator_5,100,592,5224
5224,5,5200000,19700,user_35,592,592,
5243,6,0,0,validator_5,100,592,5228
5228,7,5000000,73100,user_41,592,592,
5205,8,5000000,0,user_19,592,592,
5244,9,0,0,validator_5,100,592,5188
5188,10,2300000,43600,user_3,592,592,
5203,11,2000000,0,user_18,592,592,
5201,12,1900000,0,user_18,592,592,
5222,13,1800000,0,user_33,592,592,
5223,14,1800000,0,user_35,592,592,
5202,15,1500000,12800,user_18,592,592,
5245,16,0,0,validator_5,100,592,5202
5209,17,1400000,0,user_25,592,592,
5213,18,1400000,0,user_25,592,592,
5194,19,1200000,0,user_11,592,592,
5196,20,1100000,0,user_12,592,592,
5200,21,1000000,0,user_16,592,592,
5229,22,1000000,0,user_41,592,592,
5217,23,910000,43600,user_28,592,592,
5246,24,0,0,validator_5,100,592,5217
5212,25,660000,0,user_25,592,592,
5207,26,650000,0,user_22,592,592,
5204,27,460000,0,user_18,592,592,
5211,28,340000,0,user_25,592,592,
5190,29,300000,0,user_5,592,592,
5184,30,220000,42000,user_0,592,592,
5247,31,0,0,validator_5,100,592,5184
5210,32,260000,0,user_25,592,592,
5185,33,220001,0,user_1,592,592,5184
5187,34,220001,0,user_2,592,592,5184
5225,35,220000,0,user_36,592,592,
5186,36,219999,0,user_1,592,592,5184
5193,37,170000,0,user_10,592,592,
5216,38,170000,0,user_27,592,592,
5248,39,0,0,validator_5,100,592,5221
5221,40,150000,12800,user_33,592,592,
5232,41,150000,0,user_45,592,592,
5206,42,120000,0,user_20,592,592,
5249,43,0,0,validator_5,100,592,5227
5227,44,85000,32900,user_40,592,592,
5208,45,80000,35600,user_23,592,592,
5250,46,0,0,validator_5,100,592,5208
5214,47,110000,0,user_26,592,592,
5215,48,110000,0,user_26,592,592,
5233,49,87000,0,user_46,592,592,
5195,50,84000,0,user_12,592,592,
5234,51,84000,0,user_47,592,592,
5218,52,83000,0,user_28,592,592,
5192,53,73000,0,user_9,592,592,
5264,0,27000000,369000,user_6,593,593,
5268,1,6300000,0,user_9,593,593,
5263,2,6100000,0,user_5,593,593,
5270,3,5000000,0,user_12,593,593,
5279,4,3500000,0,user_25,593,593,
5262,5,2600000,14200,user_4,593,593,
5294,6,2600000,0,user_39,593,593,
5301,7,2600000,0,user_47,593,593,
5275,8,2400000,0,user_17,593,593,
5291,9,2400000,0,user_37,593,593,
5302,10,2300000,0,user_47,593,593,
5274,11,1900000,0,user_16,593,593,
5265,12,1800000,0,user_6,593,593,
5278,13,1600000,0,user_24,593,593,
5283,14,1600000,0,user_29,593,593,
5277,15,1400000,0,user_20,593,593,
5257,16,1200001,0,user_2,593,593,5251
5258,17,1200001,0,user_2,593,593,5251
5259,18,1200001,0,user_2,593,593,5251
5251,19,1200000,322000,user_0,593,593,
5252,20,1199999,0,user_0,593,593,5251
5256,21,1199999,0,user_2,593,593,5251
5293,22,1000000,779000,user_38,593,593,
5261,23,910000,0,user_4,593,593,
5290,24,670000,0,user_36,593,593,
5281,25,470000,0,user_27,593,593,
5280,26,460000,33100,user_26,593,593,
5266,27,370000,0,user_8,593,593,
5297,28,350000,0,user_42,593,593,
5292,29,310000,164000,user_37,593,593,
5300,30,260000,0,user_47,593,593,
5267,31,120000,0,user_8,593,593,
5272,32,120000,0,user_14,593,593,
5295,33,120000,594000,user_40,593,593,
5296,34,120000,0,user_41,593,593,
5273,35,85000,0,user_14,593,593,
5276,36,84000,0,user_19,593,593,
5282,37,84000,0,user_28,593,593,
5298,38,83000,0,user_42,593,593,
5269,39,70000,0,user_10,593,593,
5321,0,650000,7190000,user_15,594,594,
5351,1,0,0,validator_8,100,594,5321
5336,2,4200000,0,user_35,594,594,
5333,3,2300000,139000,user_32,594,594,
5352,4,0,0,validator_8,100,594,5333
5337,5,2300000,0,user_35,594,594,
5347,6,2100000,0,user_44,594,594,
5324,7,2000000,0,user_18,594,594,
5331,8,1500000,0,user_28,594,594,
5315,9,1400000,0,user_8,594,594,
5350,10,1400000,0,user_48,594,594,
5344,11,1000000,5640,user_40,594,594,
5353,12,0,0,validator_8,100,594,5344
5329,13,87000,410000,user_26,594,594,
5354,14,0,0,validator_8,100,594,5329
5326,15,260000,164000,user_21,594,594,
5355,16,0,0,validator_8,100,594,5326
5314,17,420000,0,user_8,594,594,
5316,18,350000,0,user_9,594,594,
5345,19,350000,0,user_41,594,594,
5305,20,310000,0,user_0,594,594,
5320,21,260000,17000,user_13,594,594,
5356,22,0,0,validator_8,100,594,5320
5307,23,260000,0,user_3,594,594,
5335,24,260000,0,user_35,594,594,
5357,25,0,0,validator_8,100,594,5319
5319,26,80000,146000,user_12,594,594,
5327,27,220000,0,user_22,594,594,
5306,28,170000,0,user_1,594,594,
5313,29,170000,0,user_7,594,594,
5308,30,160000,0,user_5,594,594,
5338,31,160000,0,user_35,594,594,
5358,32,0,0,validator_8,100,594,5318
5318,33,83000,67900,user_11,594,594,
5330,34,98000,0,user_26,594,594,
5359,35,0,0,validator_8,100,594,5334
5334,36,77000,10700,user_34,594,594,
5325,37,85000,0,user_20,594,594,
5332,38,82000,0,user_31,594,594,
5328,39,77000,0,user_24,594,594,
5322,40,70000,0,user_15,594,594,
5409,0,0,0,validator_11,100,595,5360
5360,1,4500000,322000,user_0,595,595,
5361,2,4499999,0,user_1,595,595,5360
5362,3,4499999,0,user_2,595,595,5360
5381,4,2600000,0,user_15,595,595,
5387,5,2600000,0,user_22,595,595,
5410,6,0,0,validator_11,100,595,5401
5401,7,2400000,66100,user_39,595,595,
5377,8,2300000,73100,user_14,595,595,
5411,9,0,0,validator_11,100,595,5377
5379,10,2100000,0,user_15,595,595,
5412,11,0,0,validator_11,100,595,5384
5384,12,2000000,39400,user_19,595,595,
5391,13,2000000,0,user_27,595,595,
5413,14,0,0,validator_11,100,595,5408
5408,15,1600000,108000,user_47,595,595,
5392,16,1700000,0,user_28,595,595,
5371,17,1600000,0,user_8,595,595,
5380,18,1500000,15700,user_15,595,595,
5414,19,0,0,validator_11,100,595,5380
5394,20,1500000,0,user_29,595,595,
5365,21,1400000,0,user_5,595,595,
5389,22,1400000,0,user_23,595,595,
5400,23,1000000,0,user_36,595,595,
5405,24,1000000,0,user_43,595,595,
5364,25,910000,0,user_5,595,595,
5367,26,870000,0,user_6,595,595,
5388,27,650000,181000,user_23,595,595,
5415,28,0,0,validator_11,100,595,5388
5396,29,240000,510000,user_31,595,595,
5416,30,0,0,validator_11,100,595,5396
5417,31,0,0,validator_11,100,595,5393
5393,32,360000,195000,user_29,595,595,
5390,33,530000,0,user_25,595,595,
5418,34,0,0,validator_11,100,595,5363
5363,35,420000,100000,user_3,595,595,
5395,36,470000,0,user_30,595,595,
5372,37,460000,0,user_9,595,595,
5378,38,150000,256000,user_15,595,595,
5419,39,0,0,validator_11,100,595,5378
5370,40,350000,13800,user_8,595,595,
5420,41,0,0,validator_11,100,595,5370
5397,42,360000,0,user_32,595,595,
5403,43,310000,0,user_41,595,595,
5404,44,160000,21800,user_42,595,595,
5421,45,0,0,validator_11,100,595,5404
5383,46,170000,0,user_16,595,595,
5398,47,160000,0,user_33,595,595,
5406,48,150000,0,user_46,595,595,
5422,49,0,0,validator_11,100,595,5399
5399,50,110000,11200,user_35,595,595,
5423,51,0,0,validator_11,100,595,5368
5368,52,87000,24700,user_6,595,595,
5386,53,87000,0,user_21,595,595,
5366,54,85000,0,user_5,595,595,
5374,55,84000,0,user_11,595,595,
5375,56,83000,0,user_12,595,595,
5382,57,77000,0,user_16,595,595,
5407,58,70000,0,user_46,595,595,
5450,0,4500000,410000,user_41,596,596,
5447,1,2500000,0,user_36,596,596,
5434,2,2400000,0,user_16,596,596,
5453,3,2400000,0,user_46,596,596,
5426,4,2000000,0,user_6,596,596,
5440,5,2000000,0,user_23,596,596,
5445,6,2000000,16400,user_33,596,596,
5449,7,1900000,0,user_39,596,596,
5427,8,1700000,0,user_6,596,596,
5431,9,1600000,0,user_14,596,596,
5433,10,1500000,0,user_16,596,596,
5446,11,1000000,0,user_35,596,596,
5438,12,970000,0,user_21,596,596,
5448,13,970000,0,user_36,596,596,
5435,14,910000,14200,user_17,596,596,
5442,15,310000,0,user_26,596,596,
5429,16,260000,0,user_13,596,596,
5443,17,220000,31700,user_28,596,596,
5439,18,170000,0,user_21,596,596,
5452,19,170000,779000,user_44,596,596,
5444,20,150000,0,user_30,596,596,
5437,21,120000,0,user_19,596,596,
5451,22,110000,0,user_43,596,596,
5436,23,85000,0,user_18,596,596,
5430,24,73000,0,user_13,596,596,
5494,0,43000000,0,user_32,597,597,
5479,1,19000000,510000,user_16,597,597,
5517,2,0,0,validator_6,100,597,5479
5458,3,6300000,0,user_1,597,597,
5518,4,0,0,validator_6,100,597,5516
5516,5,5200000,31700,user_47,597,597,
5506,6,4200000,0,user_42,597,597,
5514,7,3600000,0,user_46,597,597,
5519,8,0,0,validator_6,100,597,5498
5498,9,3200000,283000,user_35,597,597,
5456,10,3200000,0,user_1,597,597,
5513,11,3200000,0,user_46,597,597,
5455,12,2500000,0,user_0,597,597,
5466,13,2500000,0,user_6,597,597,
5492,14,2300000,0,user_30,597,597,
5495,15,2300000,0,user_33,597,597,
5509,16,2300000,0,user_42,597,597,
5467,17,2000000,0,user_6,597,597,
5468,18,2000000,0,user_6,597,597,
5469,19,1900000,0,user_9,597,597,
5486,20,1800000,0,user_24,597,597,
5459,21,1700000,0,user_2,597,597,
5487,22,1700000,0,user_27,597,597,
5488,23,1600000,75000,user_28,597,597,
5520,24,0,0,validator_6,100,597,5488
5463,25,1600000,0,user_3,597,597,
5484,26,1600000,0,user_19,597,597,
5470,27,1500000,71800,user_10,597,597,
5521,28,0,0,validator_6,100,597,5470
5508,29,1500000,13900,user_42,597,597,
5522,30,0,0,validator_6,100,597,5508
5462,31,1400000,0,user_3,597,597,
5507,32,1100000,0,user_42,597,597,
5490,33,1000000,0,user_29,597,597,
5515,34,1000000,0,user_47,597,597,
5473,35,870000,0,user_11,597,597,
5471,36,600000,0,user_11,597,597,
5478,37,460000,0,user_16,597,597,
5491,38,460000,0,user_30,597,597,
5480,39,350000,14200,user_16,597,597,
5523,40,0,0,validator_6,100,597,5480
5475,41,340000,0,user_13,597,597,
5457,42,320000,0,user_1,597,597,
5493,43,310000,0,user_30,597,597,
5512,44,310000,0,user_45,597,597,
5472,45,240000,47700,user_11,597,597,
5524,46,0,0,validator_6,100,597,5472
5476,47,170000,108000,user_15,597,597,
5525,48,0,0,validator_6,100,597,5476
5526,49,0,0,validator_6,100,597,5499
5499,50,160000,66100,user_37,597,597,
5510,51,77000,146000,user_42,597,597,
5527,52,0,0,validator_6,100,597,5510
5460,53,220000,0,user_2,597,597,
5511,54,120000,75000,user_43,597,597,
5528,55,0,0,validator_6,100,597,5511
5461,56,170000,0,user_3,597,597,
5464,57,150000,0,user_3,597,597,
5483,58,150000,0,user_18,597,597,
5485,59,150000,0,user_20,597,597,
5489,60,150000,0,user_28,597,597,
5477,61,120000,0,user_16,597,597,
5481,62,120000,0,user_16,597,597,
5496,63,120000,0,user_33,597,597,
5474,64,98000,0,user_13,597,597,
5482,65,98000,0,user_17,597,597,
5568,0,30000000,0,user_42,598,598,
5547,1,5200000,108000,user_20,598,598,
5575,2,0,0,validator_4,100,598,5547
5545,3,5000000,0,user_18,598,598,
5570,4,4200000,0,user_45,598,598,
5576,5,0,0,validator_4,100,598,5565
5565,6,3500000,15700,user_40,598,598,
5546,7,3500000,0,user_18,598,598,
5577,8,0,0,validator_4,100,598,5542
5542,9,3200000,30200,user_14,598,598,
5538,10,2500000,0,user_8,598,598,
5539,11,2000000,0,user_10,598,598,
5548,12,1800000,0,user_22,598,598,
5563,13,1600000,0,user_36,598,598,
5578,14,0,0,validator_4,100,598,5543
5543,15,1500000,42000,user_15,598,598,
5566,16,1400000,0,user_41,598,598,
5567,17,1400000,0,user_41,598,598,
5529,18,1200000,0,user_1,598,598,
5554,19,1100000,0,user_27,598,598,
5551,20,970000,0,user_23,598,598,
5564,21,530000,0,user_37,598,598,
5544,22,460000,39400,user_18,598,598,
5579,23,0,0,validator_4,100,598,5544
5580,24,0,0,validator_4,100,598,5532
5532,25,420000,75000,user_2,598,598,
5558,26,460000,0,user_30,598,598,
5533,27,419999,0,user_2,598,598,5532
5534,28,419999,0,user_2,598,598,5532
5553,29,370000,0,user_26,598,598,
5560,30,350000,0,user_32,598,598,
5530,31,310000,0,user_2,598,598,
5552,32,310000,0,user_24,598,598,
5541,33,300000,0,user_13,598,598,
5540,34,260000,0,user_13,598,598,
5559,35,260000,0,user_30,598,598,
5549,36,190000,0,user_23,598,598,
5550,37,170000,0,user_23,598,598,
5569,38,170000,0,user_43,598,598,
5557,39,150000,0,user_30,598,598,
5573,40,150000,0,user_46,598,598,
5561,41,120000,0,user_32,598,598,
5574,42,120000,0,user_48,598,598,
5555,43,98000,0,user_29,598,598,
5572,44,98000,0,user_46,598,598,
5556,45,83000,0,user_29,598,598,
5562,46,80000,0,user_35,598,598,
5531,47,79000,0,user_2,598,598,
5571,48,73000,0,user_45,598,598,
5615,0,2300000,0,user_35,599,599,
5628,1,0,0,validator_5,100,599,5586
5586,2,1600000,410000,user_6,599,599,
5589,3,2000000,0,user_9,599,599,
5622,4,2000000,0,user_44,599,599,
5629,5,0,0,validator_5,100,599,5627
5627,6,1600000,7840,user_49,599,599,
5590,7,1500000,0,user_9,599,599,
5592,8,1400000,0,user_11,599,599,
5602,9,1400000,0,user_20,599,599,
5630,10,0,0,validator_5,100,599,5600
5600,11,630000,769000,user_18,599,599,
5614,12,1300000,0,user_33,599,599,
5606,13,870000,350000,user_24,599,599,
5631,14,0,0,validator_5,100,599,5606
5584,15,870000,0,user_5,599,599,
5596,16,660000,0,user_12,599,599,
5595,17,650000,0,user_12,599,599,
5583,18,600000,0,user_3,599,599,
5605,19,470000,5180,user_22,599,599,
5632,20,0,0,validator_5,100,599,5605
5618,21,370000,0,user_38,599,599,
5620,22,350000,0,user_41,599,599,
5607,23,340000,0,user_26,599,599,
5625,24,340000,0,user_47,599,599,
5610,25,310000,0,user_29,599,599,
5616,26,310000,0,user_35,599,599,
5617,27,300000,0,user_37,599,599,
5603,28,240000,0,user_21,599,599,
5581,29,220000,0,user_1,599,599,
5611,30,220000,0,user_29,599,599,
5593,31,190000,0,user_12,599,599,
5585,32,150000,0,user_6,599,599,
5598,33,150000,0,user_15,599,599,
5604,34,150000,0,user_21,599,599,
5594,35,70000,71800,user_12,599,599,
5633,36,0,0,validator_5,100,599,5594
5608,37,120000,5640,user_27,599,599,
5634,38,0,0,validator_5,100,599,5608
5591,39,120000,0,user_10,599,599,
5599,40,120000,0,user_17,599,599,
5624,41,120000,0,user_46,599,599,
5601,42,110000,0,user_19,599,599,
5609,43,110000,0,user_28,599,599,
5582,44,100000,0,user_2,599,599,
5623,45,84000,0,user_45,599,599,
5678,0,43000000,0,user_49,600,600,
5650,1,30000000,73100,user_17,600,600,
5658,2,5200000,0,user_24,600,600,
5642,3,5000000,108000,user_7,600,600,
5664,4,2500000,14200,user_32,600,600,
5639,5,2000000,0,user_4,600,600,
5660,6,2000000,231000,user_27,600,600,
5648,7,1800000,66100,user_16,600,600,
5662,8,1800000,0,user_30,600,600,
5637,9,1400000,0,user_2,600,600,
5673,10,1100000,0,user_45,600,600,
5661,11,1000000,0,user_28,600,600,
5668,12,1000000,0,user_39,600,600,
5646,13,530000,0,user_13,600,600,
5665,14,530000,0,user_33,600,600,
5652,15,310000,0,user_18,600,600,
5636,16,260000,0,user_2,600,600,
5635,17,240000,0,user_0,600,600,
5671,18,220000,0,user_44,600,600,
5638,19,170000,0,user_4,600,600,
5643,20,170000,0,user_7,600,600,
5657,21,130000,0,user_20,600,600,
5669,22,120000,0,user_40,600,600,
5670,23,120000,769000,user_43,600,600,
5672,24,110000,0,user_44,600,600,
5647,25,98000,0,user_14,600,600,
5645,26,83000,30200,user_9,600,600,
5649,27,79000,32900,user_16,600,600,
5651,28,70000,0,user_18,600,600,
5693,0,19000000,13900,user_8,601,601,
5742,1,0,0,validator_8,100,601,5693
5692,2,5200000,0,user_8,601,601,
5724,3,5200000,0,user_35,601,601,
5720,4,5000000,0,user_32,601,601,
5743,5,0,0,validator_8,100,601,5708
5708,6,4200000,15700,user_23,601,601,
5688,7,3600000,0,user_4,601,601,
5699,8,3600000,0,user_14,601,601,
5744,9,0,0,validator_8,100,601,5721
5721,10,3500000,35600,user_33,601,601,
5745,11,0,0,validator_8,100,601,5705
5705,12,3200000,5630,user_18,601,601,
5685,13,3200000,0,user_3,601,601,
5679,14,2300000,0,user_0,601,601,
5712,15,2000000,0,user_26,601,601,
5741,16,2000000,0,user_49,601,601,
5746,17,0,0,validator_8,100,601,5711
5711,18,1600000,35600,user_25,601,601,
5716,19,1500000,0,user_30,601,601,
5713,20,1300000,155000,user_26,601,601,
5747,21,0,0,validator_8,100,601,5713
5701,22,1400000,0,user_15,601,601,
5714,23,1100000,0,user_27,601,601,
5748,24,0,0,validator_8,100,601,5696
5696,25,1000000,42000,user_11,601,601,
5719,26,1000000,0,user_32,601,601,
5687,27,870000,0,user_4,601,601,
5689,28,460000,0,user_5,601,601,
5697,29,460000,0,user_12,601,601,
5726,30,120000,296000,user_35,601,601,
5749,31,0,0,validator_8,100,601,5726
5750,32,0,0,validator_8,100,601,5680
5680,33,350000,21800,user_0,601,601,
5698,34,360000,0,user_13,601,601,
5717,35,360000,0,user_31,601,601,
5683,36,350001,0,user_0,601,601,5680
5681,37,349999,0,user_0,601,601,5680
5682,38,349999,0,user_0,601,601,5680
5751,39,0,0,validator_8,100,601,5722
5722,40,310000,34700,user_34,601,601,
5684,41,320000,0,user_3,601,601,
5694,42,300000,0,user_9,601,601,
5718,43,170000,0,user_32,601,601,
5710,44,160000,0,user_23,601,601,
5737,45,160000,0,user_40,601,601,
5709,46,110000,47700,user_23,601,601,
5752,47,0,0,validator_8,100,601,5709
5740,48,150000,0,user_48,601,601,
5686,49,120000,0,user_4,601,601,
5727,50,120000,0,user_35,601,601,
5723,51,110000,0,user_35,601,601,
5725,52,110000,0,user_35,601,601,
5704,53,87000,0,user_18,601,601,
5715,54,82000,0,user_29,601,601,
5700,55,70000,0,user_15,601,601,
5799,0,43000000,0,user_48,602,602,
5802,1,0,0,validator_1,100,602,5771
5771,2,27000000,33100,user_24,602,602,
5790,3,27000000,0,user_43,602,602,
5768,4,19000000,0,user_19,602,602,
5782,5,6100000,121000,user_33,602,602,
5803,6,0,0,validator_1,100,602,5782
5796,7,4500000,0,user_47,602,602,
5760,8,2500000,0,user_5,602,602,
5761,9,2400000,0,user_5,602,602,
5777,10,2400000,0,user_29,602,602,
5769,11,2100000,0,user_20,602,602,
5762,12,2000000,0,user_5,602,602,
5765,13,2000000,0,user_16,602,602,
5767,14,2000000,0,user_19,602,602,
5793,15,2000000,0,user_45,602,602,
5800,16,2000000,0,user_48,602,602,
5753,17,1500000,11200,user_0,602,602,
5804,18,0,0,validator_1,100,602,5753
5758,19,1300000,0,user_4,602,602,
5788,20,1100000,0,user_42,602,602,
5794,21,970000,0,user_46,602,602,
5797,22,470000,410000,user_47,602,602,
5805,23,0,0,validator_1,100,602,5797
5766,24,870000,0,user_18,602,602,
5764,25,660000,0,user_15,602,602,
5773,26,660000,0,user_26,602,602,
5776,27,660000,0,user_28,602,602,
5781,28,420000,0,user_33,602,602,
5787,29,420000,0,user_41,602,602,
5806,30,0,0,validator_1,100,602,5783
5783,31,240000,121000,user_33,602,602,
5786,32,300000,0,user_40,602,602,
5807,33,0,0,validator_1,100,602,5780
5780,34,120000,161000,user_33,602,602,
5778,35,260000,0,user_31,602,602,
5792,36,220000,0,user_45,602,602,
5795,37,220000,0,user_46,602,602,
5779,38,150000,0,user_33,602,602,
5798,39,150000,0,user_47,602,602,
5789,40,120000,0,user_43,602,602,
5801,41,120000,0,user_49,602,602,
5763,42,98000,0,user_10,602,602,
5775,43,85000,0,user_28,602,602,
5784,44,84000,0,user_34,602,602,
5772,45,80000,0,user_25,602,602,
5774,46,77000,0,user_27,602,602,
5759,47,70000,0,user_5,602,602,
5841,0,43000000,0,user_26,603,603,
5809,1,19000000,0,user_2,603,603,
5848,2,6300000,0,user_30,603,603,
5823,3,6100000,779000,user_12,603,603,
5826,4,5000000,0,user_13,603,603,
5829,5,4500000,0,user_14,603,603,
5844,6,3200000,0,user_28,603,603,
5842,7,2600000,100000,user_26,603,603,
5815,8,2500000,0,user_6,603,603,
5853,9,2400000,0,user_34,603,603,
5827,10,2300000,0,user_14,603,603,
5839,11,2100000,0,user_24,603,603,
5822,12,2000000,0,user_12,603,603,
5852,13,2000000,0,user_33,603,603,
5820,14,1600000,0,user_11,603,603,
5824,15,1500000,0,user_12,603,603,
5851,16,1300000,0,user_33,603,603,
5861,17,1300000,0,user_42,603,603,
5859,18,1100000,0,user_39,603,603,
5828,19,1000000,0,user_14,603,603,
5830,20,1000000,0,user_14,603,603,
5857,21,910000,0,user_38,603,603,
5867,22,870000,0,user_47,603,603,
5812,23,670000,0,user_5,603,603,
5860,24,670000,0,user_40,603,603,
5810,25,660000,0,user_3,603,603,
5825,26,660000,0,user_12,603,603,
5843,27,660000,12800,user_28,603,603,
5858,28,650000,0,user_39,603,603,
5854,29,460000,16400,user_34,603,603,
5864,30,460000,39400,user_45,603,603,
5833,31,420000,36800,user_19,603,603,
5847,32,260000,0,user_30,603,603,
5849,33,260000,0,user_30,603,603,
5863,34,240000,0,user_44,603,603,
5817,35,220000,0,user_6,603,603,
5846,36,220000,0,user_30,603,603,
5850,37,220000,0,user_31,603,603,
5856,38,220000,0,user_37,603,603,
5816,39,170000,31700,user_6,603,603,
5818,40,170000,0,user_7,603,603,
5836,41,170000,128000,user_22,603,603,
5821,42,150000,0,user_12,603,603,
5837,43,150000,959000,user_22,603,603,
5813,44,130000,0,user_6,603,603,
5811,45,120000,161000,user_4,603,603,
5835,46,120000,0,user_21,603,603,
5808,47,100000,0,user_1,603,603,
5834,48,83000,0,user_20,603,603,
5838,49,80000,0,user_23,603,603,
5814,50,79000,0,user_6,603,603,
5903,0,27000000,0,user_28,604,604,
5913,1,6300000,0,user_39,604,604,
5874,2,6100000,0,user_5,604,604,
5882,3,5000000,0,user_9,604,604,
5884,4,4500000,0,user_11,604,604,
5875,5,4200000,13900,user_6,604,604,
5892,6,3200000,0,user_18,604,604,
5896,7,3200000,0,user_20,604,604,
5902,8,2000000,0,user_27,604,604,
5885,9,1600000,0,user_12,604,604,
5893,10,1600000,0,user_19,604,604,
5894,11,1500000,0,user_20,604,604,
5904,12,1500000,0,user_29,604,604,
5891,13,1400000,0,user_17,604,604,
5910,14,1000000,0,user_37,604,604,
5915,15,670000,0,user_42,604,604,
5888,16,660000,0,user_17,604,604,
5901,17,630000,0,user_24,604,604,
5912,18,630000,0,user_38,604,604,
5897,19,600000,0,user_20,604,604,
5886,20,530000,0,user_15,604,604,
5921,21,360000,5630,user_49,604,604,
5883,22,340000,0,user_10,604,604,
5911,23,340000,16400,user_38,604,604,
5869,24,309999,0,user_2,604,604,5868
5899,25,260000,5630,user_22,604,604,
5914,26,260000,0,user_41,604,604,
5889,27,170000,5630,user_17,604,604,
5905,28,170000,0,user_30,604,604,
5887,29,160000,0,user_16,604,604,
5918,30,150000,60700,user_45,604,604,
5919,31,150000,0,user_46,604,604,
5876,32,120000,0,user_6,604,604,
5890,33,120000,0,user_17,604,604,
5916,34,85000,0,user_43,604,604,
5909,35,83000,0,user_36,604,604,
5922,36,83000,510000,user_49,604,604,
5881,37,79000,0,user_8,604,604,
5895,38,77000,0,user_20,604,604,
5898,39,77000,0,user_21,604,604,
5920,40,73000,0,user_47,604,604,
5940,0,43000000,12800,user_19,605,605,
5950,1,19000000,0,user_29,605,605,
5923,2,6100000,0,user_0,605,605,
5953,3,5200000,0,user_32,605,605,
5933,4,4200000,56200,user_9,605,605,
5937,5,3600000,0,user_15,605,605,
5954,6,2100000,0,user_35,605,605,
5929,7,2000000,0,user_4,605,605,
5932,8,2000000,0,user_7,605,605,
5934,9,2000000,33300,user_9,605,605,
5957,10,1800000,0,user_38,605,605,
5964,11,1500000,0,user_46,605,605,
5962,12,1400000,0,user_44,605,605,
5941,13,1000000,0,user_21,605,605,
5945,14,1000000,0,user_22,605,605,
5936,15,910000,1100000,user_13,605,605,
5939,16,670000,0,user_18,605,605,
5963,17,660000,0,user_45,605,605,
5928,18,600000,0,user_4,605,605,
5960,19,600000,68100,user_42,605,605,
5961,20,460000,0,user_43,605,605,
5944,21,420000,0,user_22,605,605,
5924,22,310000,139000,user_1,605,605,
5956,23,310000,0,user_38,605,605,
5943,24,300000,0,user_22,605,605,
5955,25,300000,0,user_38,605,605,
5942,26,170000,0,user_22,605,605,
5927,27,160000,0,user_3,605,605,
5952,28,160000,0,user_31,605,605,
5931,29,120000,0,user_6,605,605,
5947,30,110000,30200,user_26,605,605,
5959,31,82000,0,user_42,605,605,
5938,32,73000,0,user_17,605,605,
5976,0,43000000,0,user_10,606,606,
5984,1,30000000,0,user_20,606,606,
5975,2,27000000,0,user_9,606,606,
5997,3,27000000,0,user_34,606,606,
5972,4,2300000,4320000,user_6,606,606,
6018,5,0,0,validator_2,100,606,5972
6004,6,6100000,71800,user_40,606,606,
6019,7,0,0,validator_2,100,606,6004
5973,8,6100000,0,user_7,606,606,
6017,9,4500000,0,user_49,606,606,
6020,10,0,0,validator_2,100,606,6005
6005,11,4200000,5640,user_40,606,606,
6015,12,3600000,0,user_45,606,606,
5982,13,3200000,0,user_18,606,606,
6016,14,3200000,0,user_46,606,606,
6002,15,2600000,0,user_38,606,606,
5998,16,2300000,0,user_35,606,606,
5977,17,2100000,0,user_11,606,606,
5985,18,2100000,0,user_21,606,606,
6006,19,1900000,5640,user_41,606,606,
6021,20,0,0,validator_2,100,606,6006
6013,21,1600000,215000,user_44,606,606,
6022,22,0,0,validator_2,100,606,6013
5978,23,1600000,0,user_12,606,606,
6000,24,1500000,0,user_35,606,606,
6001,25,1500000,0,user_35,606,606,
6010,26,1000000,3130,user_41,606,606,
6023,27,0,0,validator_2,100,606,6010
5971,28,910000,0,user_3,606,606,
5986,29,660000,0,user_21,606,606,
6009,30,470000,0,user_41,606,606,
6003,31,260000,0,user_38,606,606,
6014,32,220000,0,user_45,606,606,
5970,33,219999,0,user_2,606,606,5965
6024,34,0,0,validator_2,100,606,5992
5992,35,160000,33100,user_27,606,606,
5996,36,160000,24700,user_32,606,606,
6025,37,0,0,validator_2,100,606,5996
6026,38,0,0,validator_2,100,606,5995
5995,39,170000,3130,user_31,606,606,
5994,40,170000,0,user_30,606,606,
5993,41,160000,0,user_27,606,606,
6007,42,150000,0,user_41,606,606,
5991,43,120000,0,user_26,606,606,
6011,44,120000,0,user_42,606,606,
5987,45,110000,0,user_21,606,606,
5980,46,98000,0,user_14,606,606,
5988,47,98000,0,user_22,606,606,
5999,48,85000,0,user_35,606,606,
6008,49,85000,0,user_41,606,606,
5979,50,73000,0,user_12,606,606,
6070,0,43000000,35600,user_29,607,607,
6087,1,0,0,validator_8,100,607,6070
6035,2,19000000,0,user_5,607,607,
6040,3,6300000,0,user_11,607,607,
6059,4,3500000,0,user_24,607,607,
6034,5,2600000,0,user_4,607,607,
6084,6,2600000,0,user_47,607,607,
6078,7,2300000,0,user_39,607,607,
6033,8,2000000,8520,user_3,607,607,
6088,9,0,0,validator_8,100,607,6033
6080,10,2000000,0,user_44,607,607,
6066,11,1600000,0,user_29,607,607,
6027,12,1500000,0,user_1,607,607,
6086,13,1500000,0,user_49,607,607,
6089,14,0,0,validator_8,100,607,6060
6060,15,1100000,350000,user_24,607,607,
6054,16,1400000,0,user_22,607,607,
6079,17,1400000,0,user_42,607,607,
6063,18,1100000,0,user_25,607,607,
6053,19,970000,0,user_21,607,607,
6090,20,0,0,validator_8,100,607,6037
6037,21,660000,12800,user_8,607,607,
6041,22,670000,0,user_11,607,607,
6055,23,650000,0,user_22,607,607,
6046,24,630000,0,user_14,607,607,
6091,25,0,0,validator_8,100,607,6061
6061,26,120000,510000,user_24,607,607,
6044,27,600000,0,user_12,607,607,
6042,28,530000,0,user_11,607,607,
6071,29,460000,0,user_30,607,607,
6092,30,0,0,validator_8,100,607,6067
6067,31,310000,56200,user_29,607,607,
6050,32,300000,64600,user_18,607,607,
6093,33,0,0,validator_8,100,607,6050
6065,34,350000,0,user_28,607,607,
6094,35,0,0,validator_8,100,607,6028
6028,36,340000,7840,user_1,607,607,
6029,37,340001,0,user_1,607,607,6028
6030,38,339999,0,user_1,607,607,6028
6031,39,339999,0,user_1,607,607,6028
6081,40,310000,0,user_44,607,607,
6062,41,120000,155000,user_25,607,607,
6095,42,0,0,validator_8,100,607,6062
6049,43,260000,0,user_18,607,607,
6068,44,260000,0,user_29,607,607,
6085,45,260000,0,user_48,607,607,
6058,46,110000,73100,user_24,607,607,
6096,47,0,0,validator_8,100,607,6058
6039,48,160000,0,user_11,607,607,
6097,49,0,0,validator_8,100,607,6045
6045,50,130000,21800,user_13,607,607,
6073,51,150000,0,user_33,607,607,
6064,52,120000,0,user_26,607,607,
6072,53,120000,0,user_33,607,607,
6047,54,110000,0,user_15,607,607,
6057,55,110000,0,user_24,607,607,
6098,56,0,0,validator_8,100,607,6052
6052,57,83000,6390,user_20,607,607,
6043,58,85000,0,user_12,607,607,
6074,59,85000,0,user_35,607,607,
6056,60,83000,0,user_23,607,607,
6069,61,77000,0,user_29,607,607,
6114,0,6100000,73100,user_17,608,608,
6147,1,0,0,validator_2,100,608,6114
6106,2,5200000,0,user_9,608,608,
6123,3,87000,4320000,user_23,608,608,
6148,4,0,0,validator_2,100,608,6123
6104,5,3200000,0,user_6,608,608,
6132,6,3200000,0,user_27,608,608,
6133,7,2500000,0,user_28,608,608,
6100,8,2400001,0,user_2,608,608,6099
6124,9,2000000,0,user_23,608,608,
6136,10,2000000,0,user_34,608,608,
6102,11,1900000,0,user_4,608,608,
6129,12,1900000,0,user_25,608,608,
6121,13,1500000,0,user_23,608,608,
6142,14,1400000,0,user_41,608,608,
6143,15,1400000,0,user_42,608,608,
6103,16,1300000,0,user_5,608,608,
6130,17,83000,959000,user_26,608,608,
6149,18,0,0,validator_2,100,608,6130
6146,19,630000,0,user_48,608,608,
6141,20,460000,0,user_39,608,608,
6108,21,420000,0,user_12,608,608,
6101,22,370000,0,user_4,608,608,
6110,23,370000,0,user_16,608,608,
6125,24,370000,0,user_23,608,608,
6131,25,370000,0,user_26,608,608,
6120,26,360000,0,user_22,608,608,
6150,27,0,0,validator_2,100,608,6115
6115,28,220000,71800,user_18,608,608,
6151,29,0,0,validator_2,100,608,6134
6134,30,83000,164000,user_31,608,608,
6118,31,150000,43600,user_21,608,608,
6152,32,0,0,validator_2,100,608,6118
6119,33,170000,0,user_21,608,608,
6117,34,160000,0,user_20,608,608,
6122,35,150000,0,user_23,608,608,
6135,36,130000,0,user_33,608,608,
6107,37,120000,0,user_11,608,608,
6111,38,110000,0,user_16,608,608,
6140,39,110000,0,user_38,608,608,
6112,40,79000,0,user_16,608,608,
6113,41,77000,0,user_16,608,608,
6144,42,73000,0,user_46,608,608,
6197,0,27000000,0,user_31,609,609,
6205,1,4500000,0,user_39,609,609,
6168,2,4200000,0,user_13,609,609,
6211,3,3600000,0,user_45,609,609,
6216,4,3500000,0,user_47,609,609,
6206,5,2500000,0,user_40,609,609,
6153,6,2300000,0,user_1,609,609,
6207,7,2300000,0,user_42,609,609,
6215,8,2300000,0,user_47,609,609,
6157,9,2000000,5640,user_4,609,609,
6166,10,1900000,0,user_11,609,609,
6187,11,1900000,0,user_24,609,609,
6185,12,1700000,0,user_22,609,609,
6182,13,1500000,0,user_20,609,609,
6178,14,1400000,0,user_19,609,609,
6203,15,1400000,0,user_37,609,609,
6210,16,1400000,0,user_44,609,609,
6220,17,1400000,0,user_49,609,609,
6214,18,1300000,0,user_47,609,609,
6184,19,1000000,0,user_22,609,609,
6195,20,1000000,7840,user_28,609,609,
6167,21,670000,0,user_12,609,609,
6189,22,670000,155000,user_26,609,609,
6186,23,660000,10700,user_23,609,609,
6181,24,630000,545000,user_20,609,609,
6200,25,630000,0,user_34,609,609,
6165,26,530000,0,user_10,609,609,
6204,27,350000,0,user_38,609,609,
6213,28,350000,0,user_47,609,609,
6161,29,340000,0,user_8,609,609,
6177,30,300000,0,user_19,609,609,
6194,31,260000,0,user_28,609,609,
6155,32,220001,0,user_2,609,609,6154
6154,33,220000,215000,user_2,609,609,
6160,34,220000,0,user_7,609,609,
6183,35,220000,0,user_20,609,609,
6217,36,190000,0,user_47,609,609,
6158,37,150000,0,user_5,609,609,
6179,38,150000,410000,user_19,609,609,
6202,39,150000,15700,user_36,609,609,
6219,40,120000,0,user_49,609,609,
6159,41,98000,0,user_5,609,609,
6180,42,98000,0,user_20,609,609,
6156,43,87000,0,user_3,609,609,
6218,44,80000,0,user_48,609,609,
6164,45,77000,0,user_10,609,609,
6257,0,30000000,0,user_47,610,610,
6228,1,4200000,0,user_10,610,610,
6248,2,3200000,0,user_38,610,610,
6259,3,0,0,validator_9,100,610,6253
6253,4,2000000,510000,user_43,610,610,
6225,5,2500000,0,user_6,610,610,
6230,6,1600000,17000,user_14,610,610,
6260,7,0,0,validator_9,100,610,6230
6251,8,1500000,0,user_40,610,610,
6254,9,1000000,0,user_43,610,610,
6241,10,970000,0,user_30,610,610,
6245,11,650000,0,user_36,610,610,
6261,12,0,0,validator_9,100,610,6238
6238,13,87000,283000,user_23,610,610,
6250,14,120000,181000,user_39,610,610,
6262,15,0,0,validator_9,100,610,6250
6263,16,0,0,validator_9,100,610,6233
6233,17,98000,195000,user_16,610,610,
6226,18,260000,0,user_7,610,610,
6236,19,160000,0,user_18,610,610,
6264,20,0,0,validator_9,100,610,6242
6242,21,150000,7840,user_32,610,610,
6244,22,150000,0,user_34,610,610,
6249,23,150000,0,user_38,610,610,
6252,24,150000,0,user_41,610,610,
6258,25,80000,49100,user_49,610,610,
6265,26,0,0,validator_9,100,610,6258
6221,27,120000,0,user_0,610,610,
6229,28,120000,0,user_13,610,610,
6246,29,85000,0,user_36,610,610,
6243,30,84000,0,user_34,610,610,
6227,31,83000,0,user_8,610,610,
6239,32,77000,0,user_24,610,610,
6307,0,27000000,13900,user_41,611,611,
6267,1,5200000,256000,user_2,611,611,
6293,2,5000000,0,user_28,611,611,
6310,3,4500000,0,user_45,611,611,
6273,4,3600000,71800,user_6,611,611,
6276,5,3200000,0,user_10,611,611,
6291,6,2600000,0,user_26,611,611,
6295,7,2600000,0,user_32,611,611,
6305,8,2300000,0,user_36,611,611,
6268,9,2100000,0,user_3,611,611,
6292,10,2000000,0,user_27,611,611,
6272,11,1600000,71800,user_6,611,611,
6277,12,1600000,30200,user_10,611,611,
6285,13,1600000,0,user_17,611,611,
6311,14,1600000,0,user_46,611,611,
6279,15,1400000,0,user_12,611,611,
6281,16,1400000,0,user_14,611,611,
6313,17,1300000,7190000,user_49,611,611,
6296,18,1200000,0,user_33,611,611,
6303,19,1000000,0,user_36,611,611,
6304,20,970000,0,user_36,611,611,
6278,21,460000,0,user_11,611,611,
6297,22,460000,0,user_33,611,611,
6308,23,460000,0,user_43,611,611,
6288,24,370000,0,user_20,611,611,
6266,25,340000,0,user_1,611,611,
6312,26,320000,0,user_46,611,611,
6274,27,310000,0,user_6,611,611,
6298,28,260000,0,user_34,611,611,
6269,29,220000,0,user_3,611,611,
6283,30,150000,0,user_15,611,611,
6286,31,120000,0,user_18,611,611,
6280,32,110000,0,user_13,611,611,
6306,33,110000,0,user_40,611,611,
6284,34,87000,0,user_16,611,611,
6309,35,84000,0,user_45,611,611,
6282,36,73000,0,user_15,611,611,
4283,0,30000000,0,user_18,612,612,
4297,1,5000000,0,user_26,612,612,
4314,2,5000000,0,user_46,612,612,
4272,3,3500000,43600,user_1,612,612,
4282,4,2600000,0,user_13,612,612,
4291,5,2100000,959000,user_22,612,612,
4289,6,2000000,5630,user_21,612,612,
4301,7,2000000,0,user_31,612,612,
4276,8,1700000,0,user_6,612,612,
4299,9,1200000,0,user_28,612,612,
4310,10,1200000,0,user_40,612,612,
4280,11,1100000,0,user_10,612,612,
4300,12,1100000,0,user_29,612,612,
4278,13,1000000,0,user_8,612,612,
4311,14,910000,0,user_41,612,612,
4279,15,870000,0,user_9,612,612,
4293,16,600000,0,user_25,612,612,
4308,17,600000,0,user_37,612,612,
4309,18,460000,594000,user_39,612,612,
4284,19,340000,959000,user_19,612,612,
4305,20,340000,0,user_35,612,612,
4285,21,310000,215000,user_20,612,612,
4304,22,310000,0,user_34,612,612,
4281,23,260000,0,user_11,612,612,
4313,24,260000,0,user_46,612,612,
4287,25,220000,155000,user_20,612,612,
4303,26,220000,46500,user_33,612,612,
4290,27,190000,0,user_22,612,612,
4288,28,170000,0,user_20,612,612,
4296,29,170000,0,user_26,612,612,
4274,30,160000,0,user_3,612,612,
4307,31,160000,0,user_36,612,612,
4292,32,150000,16400,user_25,612,612,
4306,33,150000,0,user_35,612,612,
4295,34,120000,0,user_25,612,612,
4277,35,110000,84800,user_7,612,612,
4286,36,110000,3130,user_20,612,612,
4294,37,100000,146000,user_25,612,612,
4312,38,87000,0,user_43,612,612,
4354,0,43000000,0,user_35,613,613,
4371,1,0,0,validator_13,100,613,4351
4351,2,150000,7190000,user_34,613,613,
4316,3,6100000,0,user_1,613,613,
4327,4,5000000,0,user_13,613,613,
4319,5,4500000,0,user_4,613,613,
4350,6,83000,4320000,user_33,613,613,
4372,7,0,0,validator_13,100,613,4350
4342,8,3500000,0,user_30,613,613,
4346,9,3500000,0,user_30,613,613,
4362,10,3500000,0,user_45,613,613,
4340,11,3200000,0,user_27,613,613,
4366,12,2100000,0,user_46,613,613,
4338,13,2000000,0,user_25,613,613,
4352,14,2000000,0,user_34,613,613,
4367,15,2000000,0,user_47,613,613,
4356,16,1300000,0,user_38,613,613,
4361,17,1100000,0,user_43,613,613,
4330,18,1000000,0,user_15,613,613,
4355,19,970000,0,user_37,613,613,
4363,20,670000,0,user_46,613,613,
4349,21,660000,0,user_33,613,613,
4373,22,0,0,validator_13,100,613,4344
4344,23,310000,68100,user_30,613,613,
4374,24,0,0,validator_13,100,613,4321
4321,25,350000,15100,user_7,613,613,
4343,26,320000,36800,user_30,613,613,
4375,27,0,0,validator_13,100,613,4343
4333,28,340000,3130,user_19,613,613,
4376,29,0,0,validator_13,100,613,4333
4317,30,340000,0,user_2,613,613,
4377,31,0,0,validator_13,100,613,4329
4329,32,260000,64600,user_14,613,613,
4337,33,300000,0,user_25,613,613,
4328,34,260000,0,user_14,613,613,
4378,35,0,0,validator_13,100,613,4364
4364,36,220000,16400,user_46,613,613,
4379,37,0,0,validator_13,100,613,4365
4365,38,170000,35600,user_46,613,613,
4331,39,160000,0,user_17,613,613,
4323,40,150000,0,user_10,613,613,
4325,41,150000,0,user_12,613,613,
4332,42,150000,0,user_18,613,613,
4341,43,150000,0,user_28,613,613,
4369,44,150000,0,user_48,613,613,
4370,45,120000,0,user_48,613,613,
4380,46,0,0,validator_13,100,613,4326
4326,47,98000,13900,user_13,613,613,
4347,48,110000,0,user_31,613,613,
4357,49,110000,0,user_39,613,613,
4318,50,98000,0,user_4,613,613,
4353,51,82000,0,user_35,613,613,
4339,52,79000,0,user_26,613,613,
4348,53,77000,0,user_32,613,613,
4368,54,77000,0,user_47,613,613,
4345,55,73000,0,user_30,613,613,
4411,0,43000000,0,user_27,614,614,
4396,1,19000000,0,user_15,614,614,
4420,2,5200000,0,user_34,614,614,
4385,3,5000000,0,user_1,614,614,
4421,4,3600000,0,user_36,614,614,
4392,5,3500000,0,user_12,614,614,
4430,6,2500000,128000,user_40,614,614,
4413,7,2100000,43600,user_28,614,614,
4389,8,2000000,0,user_6,614,614,
4432,9,1900000,12300,user_42,614,614,
4423,10,1600000,0,user_36,614,614,
4435,11,1500000,0,user_46,614,614,
4400,12,1400000,381000,user_17,614,614,
4390,13,1300000,0,user_7,614,614,
4401,14,1100000,0,user_17,614,614,
4391,15,1000000,0,user_9,614,614,
4402,16,1000000,0,user_18,614,614,
4426,17,910000,15100,user_37,614,614,
4409,18,470000,0,user_24,614,614,
4386,19,460000,0,user_1,614,614,
4419,20,350000,0,user_34,614,614,
4384,21,310000,0,user_1,614,614,
4431,22,260000,0,user_41,614,614,
4381,23,220000,0,user_0,614,614,
4399,24,220000,0,user_17,614,614,
4394,25,170000,0,user_14,614,614,
4429,26,170000,215000,user_39,614,614,
4393,27,150000,67900,user_14,614,614,
4422,28,150000,0,user_36,614,614,
4424,29,150000,108000,user_36,614,614,
4433,30,150000,0,user_43,614,614,
4387,31,130000,0,user_4,614,614,
4398,32,130000,0,user_15,614,614,
4410,33,130000,0,user_26,614,614,
4408,34,120000,0,user_24,614,614,
4412,35,120000,0,user_27,614,614,
4418,36,120000,0,user_33,614,614,
4425,37,120000,0,user_36,614,614,
4383,38,110000,0,user_1,614,614,
4417,39,110000,0,user_33,614,614,
4434,40,110000,0,user_43,614,614,
4397,41,100000,0,user_15,614,614,
4416,42,98000,0,user_32,614,614,
4406,43,87000,0,user_22,614,614,
4382,44,82000,0,user_1,614,614,
4395,45,73000,0,user_14,614,614,
4446,0,27000000,0,user_6,615,615,
4475,1,27000000,0,user_37,615,615,
4443,2,19000000,0,user_4,615,615,
4472,3,6100000,35100,user_34,615,615,
4465,4,4200000,285000,user_29,615,615,
4473,5,3600000,0,user_35,615,615,
4454,6,2500000,0,user_15,615,615,
4470,7,2500000,0,user_33,615,615,
4469,8,2400000,0,user_32,615,615,
4478,9,2100000,181000,user_38,615,615,
4461,10,1800000,43600,user_23,615,615,
4483,11,1700000,410000,user_40,615,615,
4456,12,1600000,0,user_17,615,615,
4481,13,1600000,0,user_38,615,615,
4457,14,1500000,0,user_20,615,615,
4477,15,1500000,0,user_37,615,615,
4471,16,1400000,0,user_33,615,615,
4442,17,1000000,0,user_4,615,615,
4453,18,1000000,0,user_13,615,615,
4487,19,1000000,7190000,user_48,615,615,
4486,20,660000,0,user_44,615,615,
4449,21,650000,0,user_8,615,615,
4480,22,600000,0,user_38,615,615,
4467,23,460000,0,user_31,615,615,
4437,24,340000,0,user_0,615,615,
4438,25,260000,49100,user_1,615,615,
4468,26,220000,46500,user_32,615,615,
4474,27,170000,0,user_37,615,615,
4484,28,170000,0,user_42,615,615,
4448,29,160000,0,user_7,615,615,
4458,30,160000,0,user_21,615,615,
4459,31,160000,0,user_21,615,615,
4460,32,150000,0,user_22,615,615,
4479,33,150000,0,user_38,615,615,
4476,34,98000,0,user_37,615,615,
4447,35,85000,0,user_7,615,615,
4485,36,84000,31700,user_42,615,615,
4441,37,79000,0,user_3,615,615,
4506,0,30000000,0,user_14,616,616,
4515,1,30000000,0,user_25,616,616,
4539,2,5200000,0,user_48,616,616,
4537,3,5000000,67500,user_45,616,616,
4523,4,3600000,296000,user_34,616,616,
4512,5,2600000,21800,user_22,616,616,
4499,6,2300000,15300,user_8,616,616,
4493,7,2000000,0,user_5,616,616,
4534,8,1900000,231000,user_43,616,616,
4520,9,1600000,0,user_30,616,616,
4517,10,1500000,0,user_28,616,616,
4496,11,1000000,0,user_6,616,616,
4535,12,970000,769000,user_44,616,616,
4494,13,910000,0,user_5,616,616,
4511,14,910000,0,user_21,616,616,
4522,15,910000,369000,user_34,616,616,
4513,16,670000,161000,user_23,616,616,
4532,17,670000,0,user_40,616,616,
4507,18,630000,0,user_16,616,616,
4526,19,470000,0,user_37,616,616,
4529,20,460000,0,user_39,616,616,
4509,21,420000,0,user_19,616,616,
4510,22,420000,3130,user_21,616,616,
4540,23,370000,0,user_48,616,616,
4528,24,360000,146000,user_39,616,616,
4502,25,340000,0,user_11,616,616,
4508,26,340000,68100,user_17,616,616,
4519,27,340000,10700,user_29,616,616,
4497,28,260000,0,user_7,616,616,
4536,29,260000,0,user_45,616,616,
4516,30,220000,0,user_26,616,616,
4524,31,170000,15700,user_35,616,616,
4525,32,170000,769000,user_36,616,616,
4530,33,160000,0,user_39,616,616,
4518,34,150000,0,user_28,616,616,
4498,35,130000,0,user_7,616,616,
4500,36,120000,0,user_8,616,616,
4505,37,120000,0,user_13,616,616,
4527,38,120000,369000,user_39,616,616,
4531,39,120000,84800,user_39,616,616,
4495,40,110000,0,user_6,616,616,
4533,41,110000,0,user_42,616,616,
4538,42,85000,0,user_46,616,616,
4501,43,84000,0,user_10,616,616,
4514,44,82000,0,user_25,616,616,
4572,0,43000000,0,user_21,617,617,
4594,1,30000000,0,user_39,617,617,
4571,2,150000,17700000,user_20,617,617,
4613,3,0,0,validator_1,100,617,4571
4595,4,6300000,0,user_40,617,617,
4547,5,5200000,0,user_5,617,617,
4556,6,5000000,0,user_11,617,617,
4582,7,5000000,0,user_29,617,617,
4609,8,4200000,0,user_49,617,617,
4561,9,3600000,0,user_12,617,617,
4607,10,3500000,0,user_48,617,617,
4601,11,3200000,0,user_46,617,617,
4590,12,2600000,0,user_36,617,617,
4569,13,2400000,0,user_18,617,617,
4614,14,0,0,validator_1,100,617,4551
4551,15,1900000,15300,user_8,617,617,
4560,16,1800000,0,user_12,617,617,
4558,17,1700000,0,user_12,617,617,
4570,18,1400000,256000,user_19,617,617,
4615,19,0,0,validator_1,100,617,4570
4616,20,0,0,validator_1,100,617,4578
4578,21,1600000,13800,user_27,617,617,
4554,22,1600000,0,user_10,617,617,
4617,23,0,0,validator_1,100,617,4579
4579,24,1400000,195000,user_28,617,617,
4546,25,1500000,0,user_5,617,617,
4606,26,1500000,0,user_48,617,617,
4592,27,1300000,0,user_38,617,617,
4597,28,1300000,0,user_42,617,617,
4542,29,1000000,0,user_0,617,617,
4599,30,1000000,0,user_45,617,617,
4587,31,870000,0,user_34,617,617,
4618,32,0,0,validator_1,100,617,4555
4555,33,87000,594000,user_10,617,617,
4563,34,660000,0,user_13,617,617,
4604,35,660000,0,user_47,617,617,
4541,36,630000,0,user_0,617,617,
4580,37,600000,0,user_28,617,617,
4602,38,530000,0,user_47,617,617,
4603,39,470000,0,user_47,617,617,
4553,40,460000,0,user_9,617,617,
4559,41,420000,0,user_12,617,617,
4550,42,350000,0,user_7,617,617,
4577,43,350000,0,user_25,617,617,
4605,44,350000,0,user_47,617,617,
4608,45,320000,21800,user_49,617,617,
4619,46,0,0,validator_1,100,617,4608
4562,47,340000,0,user_12,617,617,
4586,48,340000,0,user_33,617,617,
4567,49,320000,0,user_15,617,617,
4557,50,310000,0,user_11,617,617,
4610,51,300000,0,user_49,617,617,
4574,52,260000,0,user_23,617,617,
4583,53,260000,0,user_31,617,617,
4593,54,260000,0,user_38,617,617,
4612,55,170000,84800,user_49,617,617,
4620,56,0,0,validator_1,100,617,4612
4611,57,190000,0,user_49,617,617,
4565,58,100000,60700,user_13,617,617,
4621,59,0,0,validator_1,100,617,4565
4552,60,160000,0,user_9,617,617,
4585,61,160000,0,user_32,617,617,
4584,62,110000,49100,user_31,617,617,
4622,63,0,0,validator_1,100,617,4584
4589,64,120000,0,user_36,617,617,
4600,65,120000,0,user_46,617,617,
4575,66,110000,0,user_23,617,617,
4576,67,110000,0,user_24,617,617,
4581,68,100000,0,user_28,617,617,
4564,69,83000,0,user_13,617,617,
4596,70,82000,0,user_41,617,617,
4625,0,6100001,0,user_2,618,618,4623
4626,1,6100001,0,user_2,618,618,4623
4623,2,6100000,769000,user_0,618,618,
4624,3,6099999,0,user_1,618,618,4623
4627,4,6099999,0,user_2,618,618,4623
4664,5,5200000,0,user_38,618,618,
4672,6,5200000,73100,user_42,618,618,
4670,7,3500000,11200,user_40,618,618,
4663,8,3200000,195000,user_36,618,618,
4628,9,2500000,0,user_3,618,618,
4662,10,2400000,0,user_36,618,618,
4666,11,2300000,0,user_39,618,618,
4676,12,2100000,0,user_48,618,618,
4629,13,2000000,73100,user_4,618,618,
4639,14,2000000,0,user_8,618,618,
4641,15,2000000,0,user_12,618,618,
4630,16,1900000,0,user_4,618,618,
4677,17,1900000,0,user_49,618,618,
4652,18,1600000,17700000,user_26,618,618,
4640,19,1400000,769000,user_10,618,618,
4660,20,1100000,0,user_34,618,618,
4643,21,1000000,0,user_13,618,618,
4636,22,670000,0,user_7,618,618,
4667,23,530000,11200,user_39,618,618,
4633,24,370000,0,user_5,618,618,
4644,25,260000,0,user_13,618,618,
4668,26,260000,0,user_39,618,618,
4642,27,240000,0,user_12,618,618,
4674,28,190000,0,user_44,618,618,
4645,29,170000,0,user_14,618,618,
4635,30,160000,0,user_7,618,618,
4637,31,160000,0,user_7,618,618,
4656,32,160000,0,user_28,618,618,
4649,33,150000,0,user_19,618,618,
4638,34,120000,67500,user_7,618,618,
4653,35,110000,0,user_26,618,618,
4634,36,85000,7840,user_6,618,618,
4631,37,84000,39400,user_4,618,618,
4669,38,84000,0,user_40,618,618,
4675,39,83000,0,user_47,618,618,
4659,40,80000,0,user_33,618,618,
4665,41,80000,100000,user_39,618,618,
4632,42,79000,12800,user_5,618,618,
4650,43,79000,0,user_24,618,618,
4734,0,43000000,0,user_41,619,619,
4730,1,19000000,13900,user_37,619,619,
4690,2,6300000,5180,user_10,619,619,
4678,3,6100000,0,user_0,619,619,
4686,4,6100000,15700,user_8,619,619,
4723,5,5000000,47700,user_29,619,619,
4731,6,3200000,0,user_37,619,619,
4721,7,2400000,0,user_29,619,619,
4736,8,1800000,35100,user_45,619,619,
4709,9,1700000,0,user_23,619,619,
4728,10,1600000,21800,user_35,619,619,
4691,11,1500000,0,user_10,619,619,
4733,12,1300000,0,user_40,619,619,
4699,13,1100000,0,user_13,619,619,
4708,14,970000,0,user_23,619,619,
4681,15,910000,5630,user_3,619,619,
4698,16,660000,0,user_13,619,619,
4693,17,650000,0,user_11,619,619,
4726,18,630000,0,user_34,619,619,
4722,19,600000,0,user_29,619,619,
4711,20,420000,0,user_23,619,619,
4727,21,420000,0,user_34,619,619,
4689,22,340000,67900,user_10,619,619,
4685,23,310000,0,user_8,619,619,
4702,24,240000,0,user_17,619,619,
4712,25,240000,0,user_23,619,619,
4735,26,240000,0,user_42,619,619,
4737,27,240000,0,user_46,619,619,
4725,28,220000,0,user_33,619,619,
4704,29,170000,67900,user_19,619,619,
4683,30,150000,0,user_6,619,619,
4705,31,150000,0,user_20,619,619,
4706,32,150000,0,user_20,619,619,
4684,33,120000,84800,user_7,619,619,
4692,34,110000,68100,user_10,619,619,
4715,35,110000,0,user_26,619,619,
4738,36,98000,0,user_47,619,619,
4707,37,87000,0,user_21,619,619,
4687,38,84000,0,user_9,619,619,
4688,39,79000,0,user_9,619,619,
4710,40,77000,0,user_23,619,619,
4703,41,73000,0,user_18,619,619,
4729,42,70000,0,user_35,619,619,
4740,0,6100000,0,user_1,620,620,
4788,1,0,0,validator_3,100,620,4742
4742,2,5000000,16400,user_2,620,620,
4783,3,4500000,0,user_44,620,620,
4789,4,0,0,validator_3,100,620,4767
4767,5,3600000,146000,user_24,620,620,
4790,6,0,0,validator_3,100,620,4766
4766,7,3600000,16400,user_23,620,620,
4758,8,3600000,0,user_19,620,620,
4784,9,3500000,0,user_46,620,620,
4773,10,2500000,0,user_33,620,620,
4775,11,2300000,0,user_35,620,620,
4739,12,2000000,0,user_0,620,620,
4770,13,2000000,0,user_29,620,620,
4751,14,1600000,0,user_9,620,620,
4768,15,1500000,0,user_26,620,620,
4756,16,1400000,0,user_14,620,620,
4746,17,1300000,0,user_5,620,620,
4777,18,1100000,139000,user_40,620,620,
4791,19,0,0,validator_3,100,620,4777
4778,20,1000000,0,user_41,620,620,
4792,21,0,0,validator_3,100,620,4779
4779,22,320000,381000,user_42,620,620,
4793,23,0,0,validator_3,100,620,4752
4752,24,150000,410000,user_10,620,620,
4794,25,0,0,validator_3,100,620,4782
4782,26,310000,164000,user_44,620,620,
4781,27,470000,0,user_44,620,620,
4795,28,0,0,validator_3,100,620,4749
4749,29,420000,47700,user_7,620,620,
4744,30,420000,0,user_4,620,620,
4785,31,340000,0,user_47,620,620,
4769,32,320000,0,user_28,620,620,
4750,33,260000,0,user_8,620,620,
4780,34,260000,0,user_43,620,620,
4764,35,240000,0,user_21,620,620,
4741,36,220000,0,user_2,620,620,
4757,37,220000,0,user_18,620,620,
4745,38,120000,0,user_5,620,620,
4753,39,120000,0,user_12,620,620,
4755,40,120000,0,user_14,620,620,
4759,41,120000,0,user_19,620,620,
4772,42,120000,0,user_32,620,620,
4774,43,120000,0,user_35,620,620,
4776,44,120000,0,user_36,620,620,
4765,45,87000,0,user_22,620,620,
4747,46,85000,0,user_7,620,620,
4748,47,79000,0,user_7,620,620,
4754,48,79000,0,user_13,620,620,
4807,0,30000000,0,user_9,621,621,
4801,1,27000000,0,user_5,621,621,
4816,2,27000000,0,user_21,621,621,
4818,3,27000000,0,user_24,621,621,
4820,4,6300000,0,user_29,621,621,
4821,5,4200000,0,user_30,621,621,
4805,6,2100000,0,user_7,621,621,
4832,7,2100000,0,user_47,621,621,
4806,8,1500000,0,user_8,621,621,
4796,9,1400000,0,user_1,621,621,
4813,10,1400000,0,user_19,621,621,
4830,11,1300000,0,user_46,621,621,
4831,12,1200000,0,user_47,621,621,
4839,13,0,0,validator_1,100,621,4808
4808,14,1000000,100000,user_10,621,621,
4834,15,1100000,0,user_48,621,621,
4835,16,1000000,0,user_48,621,621,
4814,17,910000,0,user_21,621,621,
4817,18,650000,21800,user_23,621,621,
4840,19,0,0,validator_1,100,621,4817
4802,20,370000,0,user_5,621,621,
4825,21,360000,0,user_34,621,621,
4822,22,320000,0,user_31,621,621,
4810,23,310000,0,user_13,621,621,
4823,24,300000,0,user_33,621,621,
4837,25,220000,0,user_48,621,621,
4815,26,160000,0,user_21,621,621,
4819,27,160000,0,user_27,621,621,
4829,28,120000,0,user_46,621,621,
4809,29,100000,0,user_11,621,621,
4836,30,98000,0,user_48,621,621,
4833,31,87000,0,user_48,621,621,
4838,32,82000,0,user_49,621,621,
4824,33,70000,0,user_33,621,621,
4876,0,30000000,0,user_30,622,622,
4902,1,0,0,validator_10,100,622,4887
4887,2,5200000,66100,user_38,622,622,
4870,3,5000000,0,user_25,622,622,
4903,4,0,0,validator_10,100,622,4869
4869,5,4500000,17000,user_24,622,622,
4881,6,3500000,0,user_33,622,622,
4904,7,0,0,validator_10,100,622,4894
4894,8,3200000,16400,user_44,622,622,
4899,9,3200000,0,user_47,622,622,
4859,10,2300000,0,user_13,622,622,
4884,11,2000000,0,user_35,622,622,
4900,12,1600000,0,user_47,622,622,
4862,13,1400000,0,user_16,622,622,
4864,14,1300000,0,user_17,622,622,
4867,15,1300000,0,user_21,622,622,
4883,16,1300000,0,user_35,622,622,
4886,17,1200000,0,user_36,622,622,
4888,18,1200000,0,user_38,622,622,
4860,19,1100000,18600,user_13,622,622,
4905,20,0,0,validator_10,100,622,4860
4850,21,1100000,11200,user_7,622,622,
4906,22,0,0,validator_10,100,622,4850
4877,23,1100000,0,user_30,622,622,
4880,24,1100000,0,user_32,622,622,
4891,25,1000000,15300,user_40,622,622,
4907,26,0,0,validator_10,100,622,4891
4857,27,1000000,0,user_11,622,622,
4893,28,1000000,0,user_43,622,622,
4866,29,660000,0,user_20,622,622,
4882,30,470000,0,user_34,622,622,
4856,31,460000,0,user_11,622,622,
4908,32,0,0,validator_10,100,622,4897
4897,33,220000,231000,user_47,622,622,
4849,34,420000,0,user_5,622,622,
4872,35,350000,42000,user_27,622,622,
4909,36,0,0,validator_10,100,622,4872
4842,37,340000,0,user_1,622,622,
4865,38,320000,0,user_19,622,622,
4845,39,220000,0,user_3,622,622,
4878,40,160000,49100,user_31,622,622,
4910,41,0,0,validator_10,100,622,4878
4889,42,190000,0,user_39,622,622,
4851,43,170000,0,user_7,622,622,
4863,44,170000,0,user_17,622,622,
4911,45,0,0,validator_10,100,622,4843
4843,46,150000,19700,user_2,622,622,
4885,47,160000,0,user_36,622,622,
4898,48,160000,0,user_47,622,622,
4892,49,150000,6390,user_41,622,622,
4912,50,0,0,validator_10,100,622,4892
4848,51,150000,0,user_5,622,622,
4861,52,150000,0,user_14,622,622,
4868,53,150000,0,user_23,622,622,
4890,54,150000,0,user_39,622,622,
4901,55,150000,0,user_48,622,622,
4844,56,149999,0,user_2,622,622,4843
4853,57,120000,0,user_8,622,622,
4879,58,120000,0,user_31,622,622,
4852,59,110000,0,user_7,622,622,
4858,60,110000,0,user_12,622,622,
4895,61,100000,0,user_45,622,622,
4841,62,83000,0,user_1,622,622,
4871,63,83000,0,user_27,622,622,
4927,0,27000000,0,user_14,623,623,
4953,1,19000000,195000,user_33,623,623,
4929,2,6300000,322000,user_16,623,623,
4925,3,5200000,0,user_13,623,623,
4966,4,5200000,10700,user_39,623,623,
4924,5,5000000,13900,user_12,623,623,
4943,6,5000000,0,user_24,623,623,
4968,7,5000000,231000,user_39,623,623,
4930,8,4500000,0,user_16,623,623,
4947,9,4200000,0,user_30,623,623,
4955,10,4200000,0,user_33,623,623,
4965,11,4200000,0,user_39,623,623,
4922,12,3600000,369000,user_10,623,623,
4935,13,3600000,0,user_20,623,623,
4917,14,3200000,0,user_3,623,623,
4931,15,3200000,0,user_17,623,623,
4954,16,2000000,0,user_33,623,623,
4969,17,2000000,0,user_40,623,623,
4933,18,1500000,0,user_18,623,623,
4916,19,1400000,0,user_2,623,623,
4926,20,1400000,0,user_13,623,623,
4970,21,1300000,0,user_41,623,623,
4946,22,1200000,0,user_28,623,623,
4981,23,1200000,0,user_49,623,623,
4978,24,1000000,0,user_48,623,623,
4923,25,630000,0,user_11,623,623,
4951,26,630000,56200,user_33,623,623,
4928,27,470000,0,user_16,623,623,
4915,28,420000,0,user_1,623,623,
4960,29,420000,0,user_36,623,623,
4937,30,360000,0,user_22,623,623,
4939,31,340000,0,user_22,623,623,
4972,32,340000,0,user_42,623,623,
4979,33,300000,12300,user_48,623,623,
4956,34,220000,0,user_34,623,623,
4971,35,220000,0,user_41,623,623,
4950,36,190000,0,user_32,623,623,
4961,37,190000,0,user_36,623,623,
4952,38,170000,11200,user_33,623,623,
4918,39,150000,0,user_4,623,623,
4975,40,150000,0,user_46,623,623,
4913,41,120000,0,user_0,623,623,
4932,42,120000,0,user_18,623,623,
4938,43,120000,0,user_22,623,623,
4974,44,120000,0,user_44,623,623,
4940,45,110000,0,user_22,623,623,
4941,46,110000,0,user_22,623,623,
4957,47,110000,43600,user_34,623,623,
4973,48,110000,0,user_43,623,623,
4914,49,80000,0,user_1,623,623,
4921,50,79000,0,user_9,623,623,
4962,51,79000,0,user_37,623,623,
4967,52,79000,0,user_39,623,623,
4945,53,73000,24700,user_26,623,623,
4980,54,73000,0,user_49,623,623,
4963,55,70000,0,user_37,623,623,
4988,0,27000000,0,user_3,624,624,
4989,1,19000000,0,user_4,624,624,
5041,2,6100000,0,user_48,624,624,
4990,3,5000000,0,user_5,624,624,
5020,4,5000000,0,user_34,624,624,
5035,5,5000000,0,user_44,624,624,
5042,6,0,0,validator_2,100,624,5030
5030,7,4500000,33300,user_42,624,624,
5015,8,4500000,0,user_29,624,624,
5016,9,4200000,0,user_29,624,624,
5043,10,0,0,validator_2,100,624,5022
5022,11,3200000,18600,user_35,624,624,
5021,12,3200000,0,user_35,624,624,
5044,13,0,0,validator_2,100,624,5017
5017,14,2100000,594000,user_30,624,624,
5045,15,0,0,validator_2,100,624,5012
5012,16,2400000,35100,user_26,624,624,
5003,17,2300000,0,user_18,624,624,
5046,18,0,0,validator_2,100,624,5018
5018,19,2100000,10700,user_32,624,624,
4991,20,2100000,0,user_6,624,624,
5036,21,1800000,0,user_44,624,624,
5008,22,1600000,0,user_23,624,624,
5010,23,1500000,0,user_25,624,624,
5047,24,0,0,validator_2,100,624,5026
5026,25,1300000,66100,user_40,624,624,
5029,26,1300000,0,user_41,624,624,
5039,27,1300000,0,user_46,624,624,
5027,28,1100000,0,user_40,624,624,
5000,29,970000,47700,user_14,624,624,
5048,30,0,0,validator_2,100,624,5000
5006,31,870000,17000,user_20,624,624,
5049,32,0,0,validator_2,100,624,5006
4996,33,350000,410000,user_10,624,624,
5050,34,0,0,validator_2,100,624,4996
5051,35,0,0,validator_2,100,624,5014
5014,36,260000,322000,user_28,624,624,
5007,37,530000,0,user_22,624,624,
5002,38,470000,0,user_17,624,624,
5013,39,460000,0,user_27,624,624,
5028,40,320000,0,user_41,624,624,
4997,41,310000,0,user_12,624,624,
5019,42,300000,0,user_33,624,624,
5038,43,260000,0,user_44,624,624,
5052,44,0,0,validator_2,100,624,4999
4999,45,220000,5180,user_14,624,624,
4986,46,220001,0,user_2,624,624,4982
4983,47,219999,0,user_2,624,624,4982
4984,48,219999,0,user_2,624,624,4982
4985,49,219999,0,user_2,624,624,4982
4987,50,219999,0,user_2,624,624,4982
5053,51,0,0,validator_2,100,624,4995
4995,52,110000,100000,user_10,624,624,
5011,53,150000,0,user_26,624,624,
5024,54,120000,0,user_38,624,624,
5037,55,77000,33300,user_44,624,624,
5054,56,0,0,validator_2,100,624,5037
4992,57,98000,0,user_6,624,624,
4994,58,85000,0,user_9,624,624,
5025,59,84000,0,user_38,624,624,
5081,0,30000000,0,user_25,625,625,
5090,1,27000000,0,user_34,625,625,
5084,2,5200000,0,user_27,625,625,
5106,3,0,0,validator_7,100,625,5087
5087,4,5000000,164000,user_30,625,625,
5079,5,5000000,0,user_24,625,625,
5107,6,0,0,validator_7,100,625,5085
5085,7,4200000,11200,user_27,625,625,
5089,8,2600000,0,user_32,625,625,
5102,9,2000000,13800,user_47,625,625,
5108,10,0,0,validator_7,100,625,5102
5062,11,2000000,0,user_7,625,625,
5057,12,1800000,0,user_1,625,625,
5070,13,100000,1100000,user_17,625,625,
5109,14,0,0,validator_7,100,625,5070
5110,15,0,0,validator_7,100,625,5061
5061,16,1000000,68100,user_7,625,625,
5058,17,970000,0,user_2,625,625,
5100,18,910000,0,user_44,625,625,
5111,19,0,0,validator_7,100,625,5082
5082,20,870000,7840,user_26,625,625,
5055,21,870000,0,user_0,625,625,
5064,22,670000,0,user_9,625,625,
5088,23,670000,0,user_32,625,625,
5099,24,630000,39400,user_43,625,625,
5112,25,0,0,validator_7,100,625,5099
5080,26,660000,0,user_25,625,625,
5072,27,630000,0,user_19,625,625,
5060,28,460000,0,user_5,625,625,
5101,29,370000,0,user_44,625,625,
5103,30,340000,0,user_47,625,625,
5092,31,310000,0,user_40,625,625,
5105,32,310000,0,user_49,625,625,
5067,33,300000,0,user_12,625,625,
5069,34,82000,146000,user_15,625,625,
5113,35,0,0,validator_7,100,625,5069
5083,36,190000,0,user_26,625,625,
5078,37,170000,0,user_23,625,625,
5104,38,120000,33300,user_48,625,625,
5114,39,0,0,validator_7,100,625,5104
5063,40,150000,0,user_8,625,625,
5091,41,150000,0,user_37,625,625,
5059,42,130000,0,user_3,625,625,
5077,43,100000,0,user_22,625,625,
5071,44,84000,0,user_18,625,625,
5056,45,70000,0,user_1,625,625,
5073,46,70000,0,user_19,625,625,
5093,47,70000,0,user_40,625,625,
5166,0,27000000,7190000,user_37,626,626,
5182,1,0,0,validator_7,100,626,5166
5178,2,30000000,0,user_48,626,626,
5174,3,19000000,0,user_41,626,626,
5123,4,5000000,0,user_4,626,626,
5145,5,5000000,0,user_25,626,626,
5151,6,5000000,0,user_28,626,626,
5160,7,5000000,0,user_34,626,626,
5153,8,4500000,0,user_30,626,626,
5142,9,4200000,0,user_25,626,626,
5183,10,0,0,validator_7,100,626,5137
5137,11,3600000,18600,user_18,626,626,
5118,12,2600000,0,user_0,626,626,
5173,13,2600000,0,user_41,626,626,
5184,14,0,0,validator_7,100,626,5131
5131,15,2400000,3130,user_10,626,626,
5158,16,2400000,0,user_32,626,626,
5165,17,2300000,0,user_37,626,626,
5167,18,2300000,0,user_37,626,626,
5119,19,2100000,0,user_1,626,626,
5170,20,2100000,0,user_40,626,626,
5185,21,0,0,validator_7,100,626,5126
5126,22,2000000,15300,user_7,626,626,
5162,23,2000000,0,user_34,626,626,
5146,24,1700000,0,user_26,626,626,
5122,25,1500000,0,user_4,626,626,
5186,26,0,0,validator_7,100,626,5133
5133,27,360000,1100000,user_12,626,626,
5136,28,1400000,0,user_15,626,626,
5129,29,1200000,0,user_8,626,626,
5143,30,1200000,0,user_25,626,626,
5156,31,1200000,0,user_31,626,626,
5179,32,1100000,0,user_48,626,626,
5128,33,660000,0,user_8,626,626,
5161,34,660000,0,user_34,626,626,
5148,35,420000,128000,user_26,626,626,
5187,36,0,0,validator_7,100,626,5148
5130,37,150000,381000,user_9,626,626,
5188,38,0,0,validator_7,100,626,5130
5189,39,0,0,validator_7,100,626,5157
5157,40,120000,410000,user_31,626,626,
5169,41,530000,0,user_38,626,626,
5127,42,350000,139000,user_7,626,626,
5190,43,0,0,validator_7,100,626,5127
5168,44,460000,0,user_37,626,626,
5149,45,420000,0,user_26,626,626,
5155,46,370000,0,user_31,626,626,
5171,47,320000,0,user_41,626,626,
5191,48,0,0,validator_7,100,626,5180
5180,49,98000,215000,user_48,626,626,
5177,50,300000,0,user_47,626,626,
5138,51,240000,0,user_19,626,626,
5147,52,190000,0,user_26,626,626,
5116,53,170000,0,user_0,626,626,
5144,54,170000,0,user_25,626,626,
5150,55,170000,0,user_27,626,626,
5172,56,170000,0,user_41,626,626,
5115,57,160000,0,user_0,626,626,
5120,58,160000,0,user_2,626,626,
5163,59,160000,0,user_35,626,626,
5181,60,160000,0,user_48,626,626,
5154,61,150000,0,user_31,626,626,
5164,62,150000,0,user_36,626,626,
5124,63,120000,0,user_5,626,626,
5192,64,0,0,validator_7,100,626,5176
5176,65,83000,30200,user_44,626,626,
5125,66,87000,0,user_5,626,626,
5141,67,80000,0,user_23,626,626,
5121,68,79000,0,user_3,626,626,
5117,69,70000,0,user_0,626,626,
5221,0,1500000,17700000,user_21,627,627,
5249,1,0,0,validator_2,100,627,5221
5227,2,6100000,0,user_29,627,627,
5216,3,5000000,0,user_17,627,627,
5197,4,3500000,0,user_4,627,627,
5195,5,3200000,0,user_3,627,627,
5209,6,2400000,0,user_12,627,627,
5239,7,2300000,0,user_39,627,627,
5243,8,2300000,0,user_45,627,627,
5206,9,1900000,0,user_10,627,627,
5201,10,1600000,0,user_5,627,627,
5230,11,1600000,0,user_31,627,627,
5208,12,1500000,0,user_12,627,627,
5214,13,1500000,0,user_16,627,627,
5236,14,1500000,0,user_38,627,627,
5237,15,1500000,0,user_38,627,627,
5211,16,1300000,0,user_12,627,627,
5250,17,0,0,validator_2,100,627,5199
5199,18,670000,73100,user_4,627,627,
5247,19,670000,0,user_48,627,627,
5213,20,470000,12300,user_14,627,627,
5251,21,0,0,validator_2,100,627,5213
5218,22,470000,0,user_18,627,627,
5233,23,360000,0,user_38,627,627,
5238,24,360000,0,user_39,627,627,
5222,25,350000,0,user_21,627,627,
5234,26,340000,0,user_38,627,627,
5219,27,310000,0,user_20,627,627,
5204,28,300000,0,user_6,627,627,
5246,29,240000,0,user_48,627,627,
5215,30,220000,0,user_16,627,627,
5217,31,190000,0,user_18,627,627,
5196,32,170000,0,user_4,627,627,
5198,33,170000,0,user_4,627,627,
5232,34,170000,0,user_35,627,627,
5252,35,0,0,validator_2,100,627,5203
5203,36,150000,16400,user_6,627,627,
5205,37,160000,0,user_9,627,627,
5210,38,160000,0,user_12,627,627,
5231,39,160000,0,user_34,627,627,
5240,40,160000,0,user_42,627,627,
5248,41,160000,0,user_49,627,627,
5212,42,150000,0,user_12,627,627,
5220,43,150000,0,user_20,627,627,
5223,44,150000,0,user_22,627,627,
5194,45,98000,31700,user_3,627,627,
5253,46,0,0,validator_2,100,627,5194
5200,47,120000,0,user_5,627,627,
5207,48,87000,0,user_11,627,627,
5229,49,85000,0,user_31,627,627,
5202,50,77000,0,user_5,627,627,
5228,51,73000,0,user_29,627,627,
5235,52,73000,0,user_38,627,627,
5304,0,19000000,0,user_44,628,628,
5266,1,5200000,42000,user_11,628,628,
5291,2,5200000,19700,user_31,628,628,
5272,3,5000000,0,user_15,628,628,
5295,4,5000000,73100,user_37,628,628,
5255,5,3500000,0,user_1,628,628,
5270,6,2000000,0,user_14,628,628,
5268,7,1900000,0,user_14,628,628,
5289,8,1800000,0,user_29,628,628,
5290,9,1800000,0,user_31,628,628,
5269,10,1500000,12800,user_14,628,628,
5276,11,1400000,0,user_21,628,628,
5280,12,1400000,0,user_21,628,628,
5261,13,1200000,0,user_7,628,628,
5263,14,1100000,0,user_8,628,628,
5296,15,1000000,0,user_37,628,628,
5264,16,870000,0,user_9,628,628,
5279,17,660000,0,user_21,628,628,
5274,18,650000,0,user_18,628,628,
5271,19,460000,0,user_14,628,628,
5309,20,460000,0,user_47,628,628,
5254,21,420000,0,user_1,628,628,
5305,22,420000,42000,user_44,628,628,
5286,23,360000,7840,user_26,628,628,
5265,24,340000,60700,user_10,628,628,
5278,25,340000,0,user_21,628,628,
5308,26,340000,0,user_47,628,628,
5277,27,260000,0,user_21,628,628,
5292,28,220000,0,user_32,628,628,
5260,29,170000,0,user_6,628,628,
5283,30,170000,0,user_23,628,628,
5303,31,170000,0,user_44,628,628,
5307,32,160000,31700,user_46,628,628,
5310,33,160000,0,user_48,628,628,
5288,34,150000,12800,user_29,628,628,
5293,35,150000,0,user_35,628,628,
5299,36,150000,0,user_41,628,628,
5302,37,120000,0,user_44,628,628,
5306,38,120000,0,user_44,628,628,
5281,39,110000,0,user_22,628,628,
5282,40,110000,0,user_22,628,628,
5300,41,87000,0,user_42,628,628,
5294,42,85000,32900,user_36,628,628,
5262,43,84000,0,user_8,628,628,
5301,44,84000,0,user_43,628,628,
5275,45,80000,35600,user_19,628,628,
5328,0,19000000,545000,user_17,629,629,
5342,1,3500000,0,user_36,629,629,
5319,2,2600000,0,user_5,629,629,
5346,3,2400000,0,user_40,629,629,
5345,4,1900000,0,user_39,629,629,
5336,5,1800000,0,user_29,629,629,
5349,6,1600000,0,user_47,629,629,
5320,7,1500000,0,user_6,629,629,
5330,8,1500000,108000,user_22,629,629,
5348,9,1400000,0,user_43,629,629,
5332,10,1300000,0,user_25,629,629,
5315,11,970001,0,user_2,629,629,5314
5316,12,970001,0,user_2,629,629,5314
5314,13,970000,17700000,user_2,629,629,
5333,14,910000,0,user_25,629,629,
5331,15,530000,0,user_25,629,629,
5322,16,470000,0,user_6,629,629,
5326,17,460000,0,user_15,629,629,
5351,18,460000,33100,user_49,629,629,
5318,19,190000,0,user_4,629,629,
5321,20,160000,0,user_6,629,629,
5327,21,160000,0,user_16,629,629,
5335,22,160000,0,user_27,629,629,
5312,23,150000,0,user_0,629,629,
5334,24,130000,13800,user_26,629,629,
5343,25,120000,0,user_37,629,629,
5344,26,85000,0,user_37,629,629,
5329,27,84000,0,user_21,629,629,
5347,28,84000,0,user_42,629,629,
5325,29,80000,0,user_10,629,629,
5323,30,79000,12800,user_6,629,629,
5390,0,30000000,0,user_28,630,630,
5362,1,19000000,0,user_9,630,630,
5375,2,19000000,0,user_16,630,630,
5394,3,650000,7190000,user_33,630,630,
5406,4,0,0,validator_2,100,630,5394
5363,5,5200000,0,user_9,630,630,
5376,6,3200000,0,user_17,630,630,
5364,7,2000000,0,user_10,630,630,
5365,8,2000000,0,user_10,630,630,
5366,9,2000000,0,user_12,630,630,
5404,10,1500000,0,user_46,630,630,
5388,11,1400000,0,user_26,630,630,
5396,12,970000,0,user_35,630,630,
5355,13,910000,0,user_6,630,630,
5407,14,0,0,validator_2,100,630,5402
5402,15,87000,410000,user_44,630,630,
5377,16,470000,0,user_17,630,630,
5408,17,0,0,validator_2,100,630,5356
5356,18,110000,322000,user_6,630,630,
5409,19,0,0,validator_2,100,630,5399
5399,20,260000,164000,user_39,630,630,
5387,21,420000,0,user_26,630,630,
5389,22,350000,0,user_27,630,630,
5378,23,310000,0,user_18,630,630,
5410,24,0,0,validator_2,100,630,5393
5393,25,260000,17000,user_31,630,630,
5360,26,260000,0,user_9,630,630,
5380,27,260000,0,user_21,630,630,
5361,28,240000,0,user_9,630,630,
5411,29,0,0,validator_2,100,630,5392
5392,30,80000,146000,user_30,630,630,
5357,31,220000,0,user_7,630,630,
5400,32,220000,0,user_40,630,630,
5370,33,170000,0,user_14,630,630,
5386,34,170000,0,user_25,630,630,
5381,35,160000,0,user_23,630,630,
5391,36,83000,67900,user_29,630,630,
5412,37,0,0,validator_2,100,630,5391
5354,38,120000,23500,user_5,630,630,
5413,39,0,0,validator_2,100,630,5354
5359,40,120000,0,user_9,630,630,
5369,41,120000,0,user_14,630,630,
5367,42,110000,0,user_12,630,630,
5403,43,98000,0,user_44,630,630,
5353,44,85000,0,user_4,630,630,
5398,45,85000,0,user_38,630,630,
5405,46,82000,0,user_49,630,630,
5401,47,77000,0,user_42,630,630,
5395,48,70000,0,user_33,630,630,
5436,0,19000000,0,user_14,631,631,
5472,1,0,0,validator_11,100,631,5415
5415,2,6300000,17000,user_1,631,631,
5416,3,6300001,0,user_1,631,631,5415
5417,4,6300001,0,user_1,631,631,5415
5418,5,6299999,0,user_1,631,631,5415
5419,6,6299999,0,user_2,631,631,5415
5427,7,6100000,0,user_8,631,631,
5420,8,4200000,0,user_3,631,631,
5448,9,2600000,0,user_22,631,631,
5454,10,2600000,0,user_29,631,631,
5473,11,0,0,validator_11,100,631,5468
5468,12,2400000,66100,user_46,631,631,
5444,13,2300000,73100,user_21,631,631,
5474,14,0,0,validator_11,100,631,5444
5446,15,2100000,0,user_22,631,631,
5475,16,0,0,validator_11,100,631,5451
5451,17,2000000,39400,user_26,631,631,
5423,18,2000000,0,user_5,631,631,
5458,19,2000000,0,user_34,631,631,
5459,20,1700000,0,user_35,631,631,
5438,21,1600000,0,user_15,631,631,
5476,22,0,0,validator_11,100,631,5447
5447,23,1500000,15700,user_22,631,631,
5461,24,1500000,0,user_36,631,631,
5456,25,1400000,0,user_30,631,631,
5428,26,1200000,0,user_8,631,631,
5414,27,1000000,0,user_0,631,631,
5440,28,1000000,0,user_17,631,631,
5467,29,1000000,0,user_43,631,631,
5455,30,650000,181000,user_30,631,631,
5477,31,0,0,validator_11,100,631,5455
5478,32,0,0,validator_11,100,631,5463
5463,33,240000,510000,user_38,631,631,
5460,34,360000,195000,user_36,631,631,
5479,35,0,0,validator_11,100,631,5460
5457,36,530000,0,user_32,631,631,
5462,37,470000,0,user_37,631,631,
5439,38,460000,0,user_16,631,631,
5480,39,0,0,validator_11,100,631,5469
5469,40,420000,33300,user_47,631,631,
5421,41,420000,0,user_4,631,631,
5481,42,0,0,validator_11,100,631,5445
5445,43,150000,256000,user_22,631,631,
5437,44,350000,13800,user_15,631,631,
5482,45,0,0,validator_11,100,631,5437
5464,46,360000,0,user_39,631,631,
5470,47,310000,0,user_48,631,631,
5483,48,0,0,validator_11,100,631,5424
5424,49,77000,215000,user_6,631,631,
5422,50,260000,0,user_4,631,631,
5484,51,0,0,validator_11,100,631,5471
5471,52,160000,21800,user_49,631,631,
5450,53,170000,0,user_23,631,631,
5466,54,110000,11200,user_42,631,631,
5485,55,0,0,validator_11,100,631,5466
5429,56,120000,0,user_9,631,631,
5452,57,98000,0,user_27,631,631,
5453,58,87000,0,user_28,631,631,
5433,59,85000,0,user_12,631,631,
5441,60,84000,0,user_18,631,631,
5442,61,83000,0,user_19,631,631,
5449,62,77000,0,user_23,631,631,
5522,0,0,0,validator_3,100,632,5487
5487,1,1400000,1100000,user_1,632,632,
5513,2,2500000,0,user_34,632,632,
5500,3,2400000,0,user_14,632,632,
5519,4,2400000,0,user_44,632,632,
5523,5,0,0,validator_3,100,632,5511
5511,6,2000000,16400,user_31,632,632,
5492,7,2000000,0,user_4,632,632,
5506,8,2000000,0,user_21,632,632,
5515,9,1900000,0,user_37,632,632,
5493,10,1700000,0,user_4,632,632,
5497,11,1600000,0,user_12,632,632,
5499,12,1500000,0,user_14,632,632,
5488,13,1400001,0,user_1,632,632,5487
5489,14,1399999,0,user_2,632,632,5487
5490,15,1399999,0,user_2,632,632,5487
5512,16,1000000,0,user_33,632,632,
5504,17,970000,0,user_19,632,632,
5514,18,970000,0,user_34,632,632,
5518,19,170000,779000,user_42,632,632,
5524,20,0,0,validator_3,100,632,5518
5501,21,910000,14200,user_15,632,632,
5525,22,0,0,validator_3,100,632,5501
5508,23,310000,0,user_24,632,632,
5495,24,260000,0,user_11,632,632,
5526,25,0,0,validator_3,100,632,5509
5509,26,220000,31700,user_26,632,632,
5505,27,170000,0,user_19,632,632,
5486,28,160000,0,user_0,632,632,
5510,29,150000,0,user_28,632,632,
5494,30,120000,0,user_10,632,632,
5503,31,120000,0,user_17,632,632,
5517,32,110000,0,user_41,632,632,
5498,33,100000,0,user_13,632,632,
5520,34,98000,0,user_47,632,632,
5507,35,87000,0,user_22,632,632,
5502,36,85000,0,user_16,632,632,
5496,37,73000,0,user_11,632,632,
5558,0,43000000,0,user_35,633,633,
5543,1,19000000,510000,user_19,633,633,
5579,2,0,0,validator_10,100,633,5543
5570,3,4200000,0,user_45,633,633,
5580,4,0,0,validator_10,100,633,5564
5564,5,3600000,381000,user_43,633,633,
5578,6,3600000,0,user_49,633,633,
5562,7,3200000,283000,user_38,633,633,
5581,8,0,0,validator_10,100,633,5562
5531,9,3200000,0,user_11,633,633,
5577,10,3200000,0,user_49,633,633,
5556,11,2300000,0,user_33,633,633,
5559,12,2300000,0,user_36,633,633,
5573,13,2300000,0,user_45,633,633,
5567,14,2000000,0,user_44,633,633,
5533,15,1900000,0,user_12,633,633,
5550,16,1800000,0,user_27,633,633,
5551,17,1700000,0,user_30,633,633,
5552,18,1600000,75000,user_31,633,633,
5582,19,0,0,validator_10,100,633,5552
5583,20,0,0,validator_10,100,633,5529
5529,21,1600000,6390,user_7,633,633,
5548,22,1600000,0,user_22,633,633,
5584,23,0,0,validator_10,100,633,5534
5534,24,1500000,71800,user_13,633,633,
5572,25,1500000,13900,user_45,633,633,
5585,26,0,0,validator_10,100,633,5572
5568,27,1300000,0,user_44,633,633,
5571,28,1100000,0,user_45,633,633,
5554,29,1000000,0,user_32,633,633,
5569,30,970000,0,user_44,633,633,
5537,31,870000,0,user_14,633,633,
5535,32,600000,0,user_14,633,633,
5542,33,460000,0,user_19,633,633,
5555,34,460000,0,user_33,633,633,
5544,35,350000,14200,user_19,633,633,
5586,36,0,0,validator_10,100,633,5544
5539,37,340000,0,user_16,633,633,
5557,38,310000,0,user_33,633,633,
5576,39,310000,0,user_48,633,633,
5536,40,240000,47700,user_14,633,633,
5587,41,0,0,validator_10,100,633,5536
5563,42,160000,66100,user_40,633,633,
5588,43,0,0,validator_10,100,633,5563
5574,44,77000,146000,user_45,633,633,
5589,45,0,0,validator_10,100,633,5574
5561,46,190000,0,user_37,633,633,
5527,47,170000,0,user_0,633,633,
5532,48,160000,0,user_11,633,633,
5528,49,150000,0,user_7,633,633,
5547,50,150000,0,user_21,633,633,
5549,51,150000,0,user_23,633,633,
5553,52,150000,0,user_31,633,633,
5541,53,120000,0,user_19,633,633,
5545,54,120000,0,user_19,633,633,
5560,55,120000,0,user_36,633,633,
5566,56,120000,0,user_44,633,633,
5565,57,110000,0,user_44,633,633,
5538,58,98000,0,user_16,633,633,
5546,59,98000,0,user_20,633,633,
5630,0,30000000,0,user_41,634,634,
5609,1,5200000,108000,user_19,634,634,
5639,2,0,0,validator_5,100,634,5609
5607,3,5000000,0,user_17,634,634,
5637,4,5000000,0,user_49,634,634,
5632,5,4200000,0,user_44,634,634,
5599,6,3500000,0,user_6,634,634,
5608,7,3500000,0,user_17,634,634,
5601,8,2000000,0,user_9,634,634,
5610,9,1800000,0,user_21,634,634,
5625,10,1600000,0,user_35,634,634,
5628,11,1400000,0,user_40,634,634,
5629,12,1400000,0,user_40,634,634,
5616,13,1100000,0,user_26,634,634,
5613,14,970000,0,user_22,634,634,
5591,15,660000,0,user_1,634,634,
5626,16,530000,0,user_36,634,634,
5640,17,0,0,validator_5,100,634,5606
5606,18,460000,39400,user_17,634,634,
5620,19,460000,0,user_29,634,634,
5597,20,370000,0,user_3,634,634,
5615,21,370000,0,user_25,634,634,
5622,22,350000,0,user_31,634,634,
5641,23,0,0,validator_5,100,634,5593
5593,24,320000,21800,user_1,634,634,
5595,25,320001,0,user_1,634,634,5593
5596,26,320001,0,user_2,634,634,5593
5594,27,319999,0,user_1,634,634,5593
5614,28,310000,0,user_23,634,634,
5603,29,300000,0,user_12,634,634,
5602,30,260000,0,user_12,634,634,
5621,31,260000,0,user_29,634,634,
5611,32,190000,0,user_22,634,634,
5612,33,170000,0,user_22,634,634,
5631,34,170000,0,user_42,634,634,
5619,35,150000,0,user_29,634,634,
5635,36,150000,0,user_45,634,634,
5598,37,130000,0,user_6,634,634,
5623,38,120000,0,user_31,634,634,
5636,39,120000,0,user_47,634,634,
5590,40,100000,0,user_0,634,634,
5617,41,98000,0,user_28,634,634,
5634,42,98000,0,user_45,634,634,
5618,43,83000,0,user_28,634,634,
5592,44,79000,0,user_1,634,634,
5633,45,73000,0,user_44,634,634,
5638,46,70000,0,user_49,634,634,
5674,0,3500000,0,user_33,635,635,
5688,1,0,0,validator_2,100,635,5649
5649,2,2300000,71800,user_9,635,635,
5647,3,1600000,410000,user_7,635,635,
5689,4,0,0,validator_2,100,635,5647
5650,5,2000000,0,user_10,635,635,
5683,6,2000000,0,user_45,635,635,
5673,7,1600000,0,user_33,635,635,
5651,8,1500000,0,user_10,635,635,
5653,9,1400000,0,user_12,635,635,
5663,10,1400000,0,user_21,635,635,
5675,11,1300000,0,user_34,635,635,
5690,12,0,0,validator_2,100,635,5667
5667,13,870000,350000,user_25,635,635,
5680,14,1100000,0,user_40,635,635,
5645,15,870000,0,user_6,635,635,
5687,16,650000,0,user_49,635,635,
5644,17,600000,0,user_4,635,635,
5691,18,0,0,validator_2,100,635,5666
5666,19,470000,5180,user_23,635,635,
5682,20,460000,0,user_44,635,635,
5679,21,370000,0,user_39,635,635,
5681,22,350000,0,user_42,635,635,
5668,23,340000,0,user_27,635,635,
5686,24,340000,0,user_48,635,635,
5671,25,310000,0,user_30,635,635,
5678,26,300000,0,user_38,635,635,
5664,27,240000,0,user_22,635,635,
5672,28,220000,0,user_30,635,635,
5646,29,150000,0,user_7,635,635,
5659,30,150000,0,user_16,635,635,
5665,31,150000,0,user_22,635,635,
5692,32,0,0,validator_2,100,635,5669
5669,33,120000,5640,user_28,635,635,
5652,34,120000,0,user_11,635,635,
5660,35,120000,0,user_18,635,635,
5662,36,110000,0,user_20,635,635,
5670,37,110000,0,user_29,635,635,
5684,38,84000,0,user_46,635,635,
5734,0,0,0,validator_7,100,636,5711
5711,1,30000000,73100,user_22,636,636,
5703,2,5000000,108000,user_12,636,636,
5735,3,0,0,validator_7,100,636,5703
5693,4,3200000,0,user_0,636,636,
5725,5,2500000,14200,user_37,636,636,
5736,6,0,0,validator_7,100,636,5725
5737,7,0,0,validator_7,100,636,5715
5715,8,2300000,47700,user_24,636,636,
5721,9,2000000,231000,user_32,636,636,
5738,10,0,0,validator_7,100,636,5721
5700,11,2000000,0,user_9,636,636,
5723,12,1800000,0,user_35,636,636,
5701,13,1600000,0,user_10,636,636,
5698,14,1400000,0,user_7,636,636,
5696,15,1300000,0,user_4,636,636,
5727,16,1100000,0,user_40,636,636,
5714,17,1000000,0,user_24,636,636,
5729,18,1000000,0,user_44,636,636,
5731,19,120000,769000,user_48,636,636,
5739,20,0,0,validator_7,100,636,5731
5720,21,630000,34700,user_30,636,636,
5740,22,0,0,validator_7,100,636,5720
5702,23,650000,0,user_10,636,636,
5707,24,530000,0,user_18,636,636,
5726,25,530000,0,user_38,636,636,
5724,26,370000,0,user_36,636,636,
5694,27,360000,0,user_2,636,636,
5717,28,320000,0,user_24,636,636,
5713,29,310000,0,user_23,636,636,
5705,30,300000,0,user_13,636,636,
5697,31,260000,0,user_7,636,636,
5732,32,220000,0,user_49,636,636,
5699,33,170000,0,user_9,636,636,
5704,34,170000,0,user_12,636,636,
5695,35,150000,0,user_3,636,636,
5718,36,130000,0,user_25,636,636,
5716,37,120000,0,user_24,636,636,
5730,38,120000,0,user_45,636,636,
5728,39,110000,0,user_40,636,636,
5733,40,110000,0,user_49,636,636,
5708,41,98000,0,user_19,636,636,
5712,42,70000,0,user_23,636,636,
5757,0,19000000,13900,user_10,637,637,
5804,1,0,0,validator_5,100,637,5757
5756,2,5200000,0,user_10,637,637,
5788,3,5200000,0,user_37,637,637,
5803,4,5200000,0,user_47,637,637,
5805,5,0,0,validator_5,100,637,5772
5772,6,4200000,15700,user_25,637,637,
5752,7,3600000,0,user_6,637,637,
5763,8,3600000,0,user_16,637,637,
5785,9,3500000,35600,user_35,637,637,
5806,10,0,0,validator_5,100,637,5785
5769,11,3200000,5630,user_20,637,637,
5807,12,0,0,validator_5,100,637,5769
5749,13,3200000,0,user_5,637,637,
5767,14,2600000,100000,user_19,637,637,
5808,15,0,0,validator_5,100,637,5767
5800,16,2500000,0,user_40,637,637,
5743,17,2300000,0,user_2,637,637,
5776,18,2000000,0,user_28,637,637,
5794,19,2000000,0,user_38,637,637,
5809,20,0,0,validator_5,100,637,5775
5775,21,1600000,35600,user_27,637,637,
5759,22,1500000,0,user_12,637,637,
5810,23,0,0,validator_5,100,637,5777
5777,24,1300000,155000,user_28,637,637,
5765,25,1400000,0,user_17,637,637,
5778,26,1100000,0,user_29,637,637,
5751,27,870000,0,user_6,637,637,
5770,28,460000,0,user_21,637,637,
5811,29,0,0,validator_5,100,637,5790
5790,30,120000,296000,user_37,637,637,
5812,31,0,0,validator_5,100,637,5771
5771,32,370000,11200,user_21,637,637,
5744,33,350000,21800,user_2,637,637,
5813,34,0,0,validator_5,100,637,5744
5762,35,360000,0,user_15,637,637,
5781,36,360000,0,user_33,637,637,
5747,37,350001,0,user_2,637,637,5744
5745,38,349999,0,user_2,637,637,5744
5746,39,349999,0,user_2,637,637,5744
5814,40,0,0,validator_5,100,637,5786
5786,41,310000,34700,user_36,637,637,
5748,42,320000,0,user_5,637,637,
5741,43,310000,0,user_0,637,637,
5793,44,310000,0,user_38,637,637,
5802,45,310000,0,user_47,637,637,
5758,46,300000,0,user_11,637,637,
5799,47,240000,0,user_40,637,637,
5796,48,170000,0,user_40,637,637,
5742,49,160000,0,user_1,637,637,
5774,50,160000,0,user_25,637,637,
5801,51,160000,0,user_42,637,637,
5773,52,110000,47700,user_25,637,637,
5815,53,0,0,validator_5,100,637,5773
5816,54,0,0,validator_5,100,637,5766
5766,55,77000,49100,user_19,637,637,
5750,56,120000,0,user_6,637,637,
5791,57,120000,0,user_37,637,637,
5787,58,110000,0,user_37,637,637,
5789,59,110000,0,user_37,637,637,
5798,60,100000,0,user_40,637,637,
5768,61,87000,0,user_20,637,637,
5779,62,82000,0,user_31,637,637,
5792,63,79000,0,user_38,637,637,
5797,64,73000,0,user_40,637,637,
5764,65,70000,0,user_17,637,637,
5840,0,27000000,33100,user_28,638,638,
5859,1,27000000,0,user_47,638,638,
5851,2,6100000,121000,user_37,638,638,
5829,3,2500000,0,user_9,638,638,
5830,4,2400000,0,user_9,638,638,
5838,5,2100000,0,user_24,638,638,
5831,6,2000000,0,user_9,638,638,
5834,7,2000000,0,user_20,638,638,
5862,8,2000000,0,user_49,638,638,
5827,9,1300000,0,user_8,638,638,
5857,10,1100000,0,user_46,638,638,
5854,11,970000,0,user_41,638,638,
5835,12,870000,0,user_22,638,638,
5821,13,670000,18600,user_4,638,638,
5833,14,660000,0,user_19,638,638,
5842,15,660000,0,user_30,638,638,
5819,16,470000,0,user_2,638,638,
5850,17,420000,0,user_37,638,638,
5856,18,420000,0,user_45,638,638,
5839,19,320000,0,user_26,638,638,
5852,20,240000,121000,user_37,638,638,
5861,21,220000,0,user_49,638,638,
5817,22,150000,0,user_0,638,638,
5848,23,150000,0,user_37,638,638,
5849,24,120000,161000,user_37,638,638,
5858,25,120000,0,user_47,638,638,
5832,26,98000,0,user_14,638,638,
5853,27,84000,0,user_38,638,638,
5822,28,83000,24700,user_6,638,638,
5823,29,80000,215000,user_6,638,638,
5841,30,80000,0,user_29,638,638,
5828,31,70000,0,user_9,638,638,
5904,0,43000000,0,user_32,639,639,
5872,1,19000000,0,user_8,639,639,
5926,2,0,0,validator_6,100,639,5886
5886,3,6100000,779000,user_18,639,639,
5889,4,5000000,0,user_19,639,639,
5892,5,4500000,0,user_20,639,639,
5927,6,0,0,validator_6,100,639,5905
5905,7,2600000,100000,user_32,639,639,
5868,8,2500000,0,user_3,639,639,
5878,9,2500000,0,user_12,639,639,
5890,10,2300000,0,user_20,639,639,
5902,11,2100000,0,user_30,639,639,
5908,12,2100000,0,user_35,639,639,
5864,13,2000000,0,user_1,639,639,
5885,14,2000000,0,user_18,639,639,
5915,15,2000000,0,user_39,639,639,
5883,16,1600000,0,user_17,639,639,
5887,17,1500000,0,user_18,639,639,
5903,18,1500000,0,user_31,639,639,
5866,19,1300000,0,user_2,639,639,
5914,20,1300000,0,user_39,639,639,
5924,21,1300000,0,user_48,639,639,
5928,22,0,0,validator_6,100,639,5900
5900,23,150000,959000,user_28,639,639,
5922,24,1100000,0,user_45,639,639,
5929,25,0,0,validator_6,100,639,5869
5869,26,1000000,75000,user_4,639,639,
5891,27,1000000,0,user_20,639,639,
5893,28,1000000,0,user_20,639,639,
5920,29,910000,0,user_44,639,639,
5875,30,670000,0,user_11,639,639,
5923,31,670000,0,user_46,639,639,
5873,32,660000,0,user_9,639,639,
5888,33,660000,0,user_18,639,639,
5921,34,650000,0,user_45,639,639,
5865,35,630000,0,user_2,639,639,
5896,36,420000,36800,user_25,639,639,
5930,37,0,0,validator_6,100,639,5896
5882,38,370000,0,user_15,639,639,
5899,39,170000,128000,user_28,639,639,
5931,40,0,0,validator_6,100,639,5899
5932,41,0,0,validator_6,100,639,5874
5874,42,120000,161000,user_10,639,639,
5880,43,220000,0,user_12,639,639,
5913,44,220000,0,user_37,639,639,
5919,45,220000,0,user_43,639,639,
5879,46,170000,31700,user_12,639,639,
5933,47,0,0,validator_6,100,639,5879
5881,48,170000,0,user_13,639,639,
5863,49,150000,0,user_0,639,639,
5884,50,150000,0,user_18,639,639,
5876,51,130000,0,user_12,639,639,
5898,52,120000,0,user_27,639,639,
5867,53,110000,0,user_2,639,639,
5871,54,100000,0,user_7,639,639,
5901,55,80000,0,user_29,639,639,
5877,56,79000,0,user_12,639,639,
5942,0,30000000,0,user_13,640,640,
5968,1,27000000,0,user_34,640,640,
5973,2,19000000,0,user_39,640,640,
5978,3,6300000,0,user_45,640,640,
5947,4,5000000,0,user_15,640,640,
5957,5,3200000,0,user_24,640,640,
5961,6,3200000,0,user_26,640,640,
5982,7,0,0,validator_1,100,640,5934
5934,8,2000000,33300,user_0,640,640,
5967,9,2000000,0,user_33,640,640,
5935,10,1999999,0,user_1,640,640,5934
5950,11,1600000,0,user_18,640,640,
5958,12,1600000,0,user_25,640,640,
5945,13,1500000,0,user_13,640,640,
5959,14,1500000,0,user_26,640,640,
5956,15,1400000,0,user_23,640,640,
5975,16,1000000,0,user_43,640,640,
5980,17,670000,0,user_48,640,640,
5953,18,660000,0,user_23,640,640,
5939,19,650000,0,user_9,640,640,
5966,20,630000,0,user_30,640,640,
5962,21,600000,0,user_26,640,640,
5951,22,530000,0,user_21,640,640,
5944,23,460000,5180,user_13,640,640,
5983,24,0,0,validator_1,100,640,5944
5965,25,360000,0,user_29,640,640,
5948,26,340000,0,user_16,640,640,
5984,27,0,0,validator_1,100,640,5964
5964,28,260000,5630,user_28,640,640,
5979,29,260000,0,user_47,640,640,
5985,30,0,0,validator_1,100,640,5954
5954,31,170000,5630,user_23,640,640,
5938,32,170000,0,user_5,640,640,
5970,33,170000,0,user_36,640,640,
5940,34,160000,0,user_10,640,640,
5943,35,130000,0,user_13,640,640,
5937,36,120000,5640,user_4,640,640,
5986,37,0,0,validator_1,100,640,5937
5941,38,120000,0,user_12,640,640,
5955,39,120000,0,user_23,640,640,
5972,40,120000,0,user_38,640,640,
5981,41,85000,0,user_49,640,640,
5974,42,83000,0,user_42,640,640,
5960,43,77000,0,user_26,640,640,
5963,44,77000,0,user_27,640,640,
6037,0,0,0,validator_5,100,641,6014
6014,1,43000000,12800,user_24,641,641,
5990,2,6100000,0,user_5,641,641,
6004,3,6100000,0,user_16,641,641,
6038,4,0,0,validator_5,100,641,6025
6025,5,5200000,35100,user_35,641,641,
6027,6,5200000,0,user_37,641,641,
5988,7,5000000,8520,user_2,641,641,
6039,8,0,0,validator_5,100,641,5988
5999,9,3600000,0,user_11,641,641,
6011,10,3600000,0,user_20,641,641,
6028,11,2100000,0,user_40,641,641,
6040,12,0,0,validator_5,100,641,6010
6010,13,910000,1100000,user_18,641,641,
6006,14,1900000,0,user_17,641,641,
6009,15,1700000,0,user_17,641,641,
5998,16,1600000,0,user_11,641,641,
6008,17,1600000,0,user_17,641,641,
6036,18,1400000,0,user_49,641,641,
6015,19,1000000,0,user_26,641,641,
6019,20,1000000,0,user_27,641,641,
6013,21,670000,0,user_23,641,641,
6020,22,670000,0,user_29,641,641,
6041,23,0,0,validator_5,100,641,6034
6034,24,600000,68100,user_47,641,641,
6007,25,660000,0,user_17,641,641,
6003,26,530000,16400,user_15,641,641,
6042,27,0,0,validator_5,100,641,6003
6043,28,0,0,validator_5,100,641,5991
5991,29,310000,139000,user_6,641,641,
6018,30,420000,0,user_27,641,641,
5989,31,360000,0,user_4,641,641,
6005,32,320000,0,user_17,641,641,
6023,33,320000,0,user_33,641,641,
6017,34,300000,0,user_27,641,641,
6032,35,240000,0,user_44,641,641,
5987,36,170000,0,user_0,641,641,
6016,37,170000,0,user_27,641,641,
6000,38,160000,0,user_12,641,641,
6026,39,160000,0,user_36,641,641,
6021,40,110000,30200,user_31,641,641,
6044,41,0,0,validator_5,100,641,6021
6033,42,82000,0,user_47,641,641,
6012,43,73000,0,user_22,641,641,
6065,0,43000000,0,user_22,642,642,
6073,1,30000000,0,user_32,642,642,
6086,2,27000000,0,user_46,642,642,
6057,3,19000000,0,user_9,642,642,
6061,4,2300000,4320000,user_18,642,642,
6091,5,0,0,validator_0,100,642,6061
6062,6,6100000,0,user_19,642,642,
6050,7,2600000,0,user_5,642,642,
6087,8,2300000,0,user_47,642,642,
6054,9,2100000,0,user_7,642,642,
6066,10,2100000,0,user_23,642,642,
6074,11,2100000,0,user_33,642,642,
6070,12,2000000,0,user_27,642,642,
6072,13,2000000,0,user_31,642,642,
6052,14,1900000,5180,user_6,642,642,
6092,15,0,0,validator_0,100,642,6052
6067,16,1600000,0,user_24,642,642,
6089,17,1500000,0,user_47,642,642,
6090,18,1500000,0,user_47,642,642,
6063,19,870000,43600,user_20,642,642,
6093,20,0,0,validator_0,100,642,6063
6060,21,910000,0,user_15,642,642,
6075,22,660000,0,user_33,642,642,
6051,23,320000,146000,user_6,642,642,
6094,24,0,0,validator_0,100,642,6051
6056,25,420000,0,user_9,642,642,
6047,26,419999,0,user_2,642,642,6046
6045,27,310000,0,user_0,642,642,
6058,28,260000,0,user_9,642,642,
6095,29,0,0,validator_0,100,642,6053
6053,30,220000,21800,user_7,642,642,
6096,31,0,0,validator_0,100,642,6085
6085,32,160000,24700,user_44,642,642,
6097,33,0,0,validator_0,100,642,6084
6084,34,170000,3130,user_43,642,642,
6055,35,170000,0,user_8,642,642,
6083,36,170000,0,user_42,642,642,
6048,37,150000,0,user_3,642,642,
6080,38,120000,0,user_38,642,642,
6076,39,110000,0,user_33,642,642,
6088,40,85000,0,user_47,642,642,
6068,41,73000,0,user_24,642,642,
6101,0,19000000,0,user_4,643,643,
6126,1,19000000,0,user_34,643,643,
6131,2,6300000,0,user_40,643,643,
6098,3,6100000,0,user_1,643,643,
6106,4,3600000,0,user_8,643,643,
6121,5,2500000,0,user_25,643,643,
6144,6,0,0,validator_7,100,643,6124
6124,7,2000000,8520,user_32,643,643,
6118,8,2000000,0,user_22,643,643,
6129,9,2000000,0,user_39,643,643,
6099,10,1500000,0,user_2,643,643,
6114,11,1500000,0,user_18,643,643,
6145,12,0,0,validator_7,100,643,6117
6117,13,1000000,30200,user_22,643,643,
6146,14,0,0,validator_7,100,643,6128
6128,15,660000,12800,user_37,643,643,
6132,16,670000,0,user_40,643,643,
6137,17,630000,0,user_43,643,643,
6135,18,600000,0,user_41,643,643,
6133,19,530000,0,user_40,643,643,
6103,20,150000,350000,user_6,643,643,
6147,21,0,0,validator_7,100,643,6103
6148,22,0,0,validator_7,100,643,6141
6141,23,300000,64600,user_47,643,643,
6120,24,360000,0,user_24,643,643,
6122,25,350000,0,user_27,643,643,
6149,26,0,0,validator_7,100,643,6115
6115,27,340000,7840,user_18,643,643,
6107,28,310000,0,user_8,643,643,
6140,29,260000,0,user_47,643,643,
6119,30,240000,0,user_23,643,643,
6150,31,0,0,validator_7,100,643,6142
6142,32,70000,161000,user_48,643,643,
6127,33,190000,0,user_35,643,643,
6104,34,160000,0,user_7,643,643,
6130,35,160000,0,user_40,643,643,
6108,36,150000,0,user_8,643,643,
6109,37,150000,0,user_9,643,643,
6105,38,110000,31700,user_8,643,643,
6151,39,0,0,validator_7,100,643,6105
6139,40,120000,0,user_46,643,643,
6113,41,110000,0,user_17,643,643,
6138,42,110000,0,user_44,643,643,
6102,43,98000,0,user_5,643,643,
6152,44,0,0,validator_7,100,643,6143
6143,45,83000,6390,user_49,643,643,
6100,46,87000,0,user_3,643,643,
6134,47,85000,0,user_41,643,643,
6192,0,0,0,validator_9,100,644,6173
6173,1,6100000,155000,user_31,644,644,
6165,2,5000000,0,user_21,644,644,
6189,3,3600000,0,user_47,644,644,
6178,4,3500000,0,user_34,644,644,
6193,5,0,0,validator_9,100,644,6181
6181,6,2400000,594000,user_38,644,644,
6163,7,2600000,0,user_20,644,644,
6171,8,2500000,0,user_30,644,644,
6179,9,2000000,0,user_35,644,644,
6182,10,1800000,0,user_39,644,644,
6159,11,1400000,0,user_10,644,644,
6172,12,1400000,0,user_30,644,644,
6166,13,1000000,0,user_23,644,644,
6185,14,870000,0,user_42,644,644,
6157,15,650000,0,user_7,644,644,
6169,16,600000,0,user_26,644,644,
6186,17,460000,0,user_42,644,644,
6175,18,300000,0,user_31,644,644,
6156,19,260000,0,user_5,644,644,
6153,20,220000,0,user_0,644,644,
6174,21,220000,0,user_31,644,644,
6184,22,220000,0,user_41,644,644,
6194,23,0,0,validator_9,100,644,6183
6183,24,150000,43600,user_40,644,644,
6180,25,170000,0,user_36,644,644,
6164,26,160000,0,user_20,644,644,
6162,27,150000,0,user_16,644,644,
6167,28,150000,0,user_24,644,644,
6191,29,150000,0,user_49,644,644,
6195,30,0,0,validator_9,100,644,6188
6188,31,120000,12800,user_45,644,644,
6161,32,120000,0,user_16,644,644,
6176,33,110000,0,user_31,644,644,
6170,34,100000,0,user_28,644,644,
6261,0,43000000,0,user_35,645,645,
6284,1,0,0,validator_13,100,645,6237
6237,2,30000000,23500,user_18,645,645,
6205,3,30000000,0,user_5,645,645,
6245,4,1700000,4320000,user_25,645,645,
6285,5,0,0,validator_13,100,645,6245
6223,6,5200000,0,user_13,645,645,
6279,7,5200000,0,user_46,645,645,
6255,8,4200000,0,user_32,645,645,
6229,9,3500000,0,user_15,645,645,
6236,10,3500000,0,user_18,645,645,
6238,11,3500000,0,user_18,645,645,
6210,12,2600000,0,user_7,645,645,
6286,13,0,0,validator_13,100,645,6231
6231,14,2500000,18600,user_15,645,645,
6287,15,0,0,validator_13,100,645,6241
6241,16,1900000,545000,user_19,645,645,
6239,17,2300000,0,user_18,645,645,
6216,18,1900000,0,user_10,645,645,
6224,19,1900000,0,user_13,645,645,
6253,20,1900000,0,user_30,645,645,
6274,21,1900000,0,user_43,645,645,
6226,22,1600000,155000,user_14,645,645,
6288,23,0,0,validator_13,100,645,6226
6213,24,1700000,0,user_10,645,645,
6260,25,1700000,0,user_35,645,645,
6272,26,1700000,0,user_41,645,645,
6219,27,1500000,0,user_12,645,645,
6269,28,1500000,0,user_39,645,645,
6275,29,1500000,0,user_44,645,645,
6280,30,1500000,0,user_46,645,645,
6196,31,1400000,0,user_1,645,645,
6198,32,1400000,0,user_2,645,645,
6265,33,1400000,0,user_38,645,645,
6227,34,1300000,0,user_14,645,645,
6222,35,1200000,0,user_13,645,645,
6268,36,630000,545000,user_39,645,645,
6289,37,0,0,validator_13,100,645,6268
6246,38,1100000,30200,user_26,645,645,
6290,39,0,0,validator_13,100,645,6246
6209,40,1100000,13900,user_7,645,645,
6291,41,0,0,validator_13,100,645,6209
6204,42,1100000,0,user_4,645,645,
6199,43,660000,410000,user_2,645,645,
6292,44,0,0,validator_13,100,645,6199
6203,45,1000000,30200,user_4,645,645,
6293,46,0,0,validator_13,100,645,6203
6294,47,0,0,validator_13,100,645,6282
6282,48,1000000,7840,user_47,645,645,
6271,49,1000000,0,user_41,645,645,
6278,50,1000000,0,user_46,645,645,
6257,51,220000,779000,user_35,645,645,
6295,52,0,0,validator_13,100,645,6257
6276,53,670000,155000,user_45,645,645,
6296,54,0,0,validator_13,100,645,6276
6215,55,670000,0,user_10,645,645,
6221,56,670000,0,user_13,645,645,
6254,57,670000,0,user_31,645,645,
6201,58,660001,0,user_2,645,645,6199
6225,59,660000,0,user_14,645,645,
6200,60,659999,0,user_2,645,645,6199
6202,61,659999,0,user_2,645,645,6199
6234,62,650000,0,user_17,645,645,
6258,63,650000,0,user_35,645,645,
6297,64,0,0,validator_13,100,645,6247
6247,65,240000,369000,user_27,645,645,
6298,66,0,0,validator_13,100,645,6266
6266,67,150000,410000,user_38,645,645,
6252,68,530000,0,user_29,645,645,
6256,69,530000,0,user_34,645,645,
6277,70,420000,33100,user_46,645,645,
6299,71,0,0,validator_13,100,645,6277
6300,72,0,0,validator_13,100,645,6240
6240,73,220000,215000,user_19,645,645,
6232,74,420000,0,user_15,645,645,
6230,75,360000,0,user_15,645,645,
6244,76,350000,0,user_24,645,645,
6283,77,350000,0,user_48,645,645,
6248,78,340000,0,user_27,645,645,
6264,79,300000,0,user_38,645,645,
6249,80,260000,0,user_28,645,645,
6281,81,260000,0,user_47,645,645,
6270,82,220000,0,user_39,645,645,
6207,83,120000,71800,user_7,645,645,
6301,84,0,0,validator_13,100,645,6207
6262,85,160000,0,user_36,645,645,
6220,86,150000,0,user_13,645,645,
6214,87,110000,32900,user_10,645,645,
6302,88,0,0,validator_13,100,645,6214
6303,89,0,0,validator_13,100,645,6263
6263,90,79000,42000,user_37,645,645,
6228,91,120000,0,user_15,645,645,
6250,92,120000,0,user_28,645,645,
6259,93,120000,0,user_35,645,645,
6218,94,110000,0,user_12,645,645,
6267,95,98000,0,user_39,645,645,
6208,96,87000,0,user_7,645,645,
6197,97,84000,0,user_1,645,645,
6211,98,84000,0,user_8,645,645,
6251,99,77000,0,user_29,645,645,
6321,0,4200000,0,user_27,646,646,
6318,1,2500000,0,user_23,646,646,
6308,2,2400000,71800,user_5,646,646,
6336,3,0,0,validator_10,100,646,6308
6316,4,1800000,0,user_21,646,646,
6323,5,1600000,17000,user_31,646,646,
6337,6,0,0,validator_10,100,646,6323
6313,7,1500000,67900,user_14,646,646,
6338,8,0,0,validator_10,100,646,6313
6328,9,1500000,0,user_34,646,646,
6334,10,970000,0,user_47,646,646,
6305,11,870000,0,user_1,646,646,
6330,12,660000,0,user_36,646,646,
6306,13,650000,0,user_2,646,646,
6324,14,120000,410000,user_32,646,646,
6339,15,0,0,validator_10,100,646,6324
6333,16,460000,0,user_42,646,646,
6314,17,370000,0,user_16,646,646,
6331,18,87000,283000,user_40,646,646,
6340,19,0,0,validator_10,100,646,6331
6325,20,340000,0,user_32,646,646,
6304,21,310000,0,user_0,646,646,
6341,22,0,0,validator_10,100,646,6326
6326,23,98000,195000,user_33,646,646,
6319,24,260000,0,user_24,646,646,
6315,25,160000,0,user_17,646,646,
6329,26,160000,0,user_35,646,646,
6342,27,0,0,validator_10,100,646,6335
6335,28,150000,7840,user_49,646,646,
6322,29,120000,0,user_30,646,646,
6327,30,100000,0,user_34,646,646,
6317,31,98000,0,user_21,646,646,
6320,32,83000,0,user_25,646,646,
6332,33,77000,0,user_41,646,646,
6382,0,27000000,0,user_41,647,647,
6387,1,27000000,0,user_45,647,647,
6394,2,0,0,validator_1,100,647,6355
6355,3,5200000,256000,user_12,647,647,
6352,4,5200000,0,user_9,647,647,
6381,5,5000000,0,user_38,647,647,
6395,6,0,0,validator_1,100,647,6361
6361,7,3600000,71800,user_16,647,647,
6364,8,3200000,0,user_20,647,647,
6363,9,2600000,0,user_18,647,647,
6379,10,2600000,0,user_36,647,647,
6383,11,2600000,0,user_42,647,647,
6393,12,2300000,0,user_46,647,647,
6356,13,2100000,0,user_13,647,647,
6396,14,0,0,validator_1,100,647,6360
6360,15,1600000,71800,user_16,647,647,
6397,16,0,0,validator_1,100,647,6365
6365,17,1600000,30200,user_20,647,647,
6373,18,1600000,0,user_27,647,647,
6377,19,1600000,0,user_33,647,647,
6348,20,1500000,0,user_8,647,647,
6353,21,1500000,0,user_9,647,647,
6369,22,1400000,0,user_24,647,647,
6358,23,320000,959000,user_15,647,647,
6398,24,0,0,validator_1,100,647,6358
6384,25,1200000,0,user_43,647,647,
6391,26,1000000,0,user_46,647,647,
6392,27,970000,0,user_46,647,647,
6375,28,600000,0,user_29,647,647,
6399,29,0,0,validator_1,100,647,6343
6343,30,530000,23500,user_1,647,647,
6366,31,460000,0,user_21,647,647,
6385,32,460000,0,user_43,647,647,
6349,33,370000,0,user_9,647,647,
6376,34,370000,0,user_30,647,647,
6351,35,340000,0,user_9,647,647,
6354,36,340000,0,user_11,647,647,
6390,37,340000,0,user_45,647,647,
6362,38,310000,0,user_16,647,647,
6388,39,240000,0,user_45,647,647,
6357,40,220000,0,user_13,647,647,
6371,41,150000,0,user_25,647,647,
6374,42,120000,0,user_28,647,647,
6389,43,120000,0,user_45,647,647,
6368,44,110000,0,user_23,647,647,
6372,45,87000,0,user_26,647,647,
6350,46,82000,0,user_9,647,647,
6359,47,73000,0,user_15,647,647,
6370,48,73000,0,user_25,647,647,
4185,0,43000000,0,user_3,648,648,
4213,1,30000000,0,user_36,648,648,
4189,2,5200000,0,user_8,648,648,
4227,3,5000000,0,user_44,648,648,
4228,4,5000000,0,user_45,648,648,
4198,5,3500000,43600,user_19,648,648,
4212,6,2600000,0,user_31,648,648,
4221,7,2100000,959000,user_40,648,648,
4190,8,2000000,0,user_8,648,648,
4191,9,2000000,0,user_9,648,648,
4192,10,2000000,0,user_11,648,648,
4200,11,2000000,0,user_21,648,648,
4219,12,2000000,5630,user_39,648,648,
4205,13,1900000,0,user_23,648,648,
4196,14,1500000,21800,user_17,648,648,
4229,15,1200000,0,user_46,648,648,
4188,16,1100000,0,user_7,648,648,
4210,17,1100000,0,user_28,648,648,
4230,18,1100000,0,user_47,648,648,
4208,19,1000000,0,user_26,648,648,
4187,20,600000,0,user_5,648,648,
4223,21,600000,0,user_43,648,648,
4181,22,460000,0,user_1,648,648,
4214,23,340000,959000,user_37,648,648,
4215,24,310000,215000,user_38,648,648,
4211,25,260000,0,user_29,648,648,
4194,26,220000,0,user_14,648,648,
4217,27,220000,155000,user_38,648,648,
4220,28,190000,0,user_40,648,648,
4184,29,170000,0,user_3,648,648,
4218,30,170000,0,user_38,648,648,
4226,31,170000,0,user_44,648,648,
4182,32,150000,0,user_1,648,648,
4199,33,150000,0,user_20,648,648,
4222,34,150000,16400,user_43,648,648,
4193,35,120000,0,user_13,648,648,
4195,36,120000,0,user_16,648,648,
4197,37,120000,0,user_18,648,648,
4203,38,120000,0,user_22,648,648,
4204,39,120000,6390,user_23,648,648,
4225,40,120000,0,user_43,648,648,
4207,41,110000,84800,user_25,648,648,
4216,42,110000,3130,user_38,648,648,
4224,43,100000,146000,user_43,648,648,
4202,44,98000,15100,user_22,648,648,
4201,45,80000,0,user_21,648,648,
4286,0,43000000,0,user_47,649,649,
4234,1,27000000,0,user_2,649,649,
4235,2,27000000,0,user_3,649,649,
4288,3,0,0,validator_10,100,649,4239
4239,4,160000,17700000,user_6,649,649,
4259,5,5000000,0,user_25,649,649,
4289,6,0,0,validator_10,100,649,4244
4244,7,4500000,36800,user_11,649,649,
4251,8,4500000,0,user_16,649,649,
4290,9,0,0,validator_10,100,649,4282
4282,10,83000,4320000,user_45,649,649,
4245,11,4200000,75000,user_12,649,649,
4291,12,0,0,validator_10,100,649,4245
4274,13,3500000,0,user_42,649,649,
4278,14,3500000,0,user_42,649,649,
4272,15,3200000,0,user_39,649,649,
4236,16,2000000,0,user_3,649,649,
4237,17,2000000,0,user_3,649,649,
4270,18,2000000,0,user_37,649,649,
4292,19,0,0,validator_10,100,649,4240
4240,20,1100000,594000,user_7,649,649,
4256,21,1100000,0,user_23,649,649,
4262,22,1000000,0,user_27,649,649,
4287,23,970000,0,user_49,649,649,
4293,24,0,0,validator_10,100,649,4267
4267,25,460000,322000,user_34,649,649,
4241,26,650000,60700,user_8,649,649,
4294,27,0,0,validator_10,100,649,4241
4281,28,660000,0,user_45,649,649,
4295,29,0,0,validator_10,100,649,4247
4247,30,80000,510000,user_13,649,649,
4246,31,150000,296000,user_13,649,649,
4296,32,0,0,validator_10,100,649,4246
4276,33,310000,68100,user_42,649,649,
4297,34,0,0,validator_10,100,649,4276
4298,35,0,0,validator_10,100,649,4253
4253,36,350000,15100,user_19,649,649,
4299,37,0,0,validator_10,100,649,4275
4275,38,320000,36800,user_42,649,649,
4265,39,340000,3130,user_31,649,649,
4300,40,0,0,validator_10,100,649,4265
4266,41,320000,0,user_34,649,649,
4269,42,300000,0,user_37,649,649,
4268,43,260000,0,user_35,649,649,
4238,44,170000,0,user_3,649,649,
4255,45,150000,0,user_22,649,649,
4257,46,150000,0,user_24,649,649,
4264,47,150000,0,user_30,649,649,
4273,48,150000,0,user_40,649,649,
4232,49,120000,0,user_0,649,649,
4254,50,120000,0,user_21,649,649,
4258,51,98000,13900,user_25,649,649,
4301,52,0,0,validator_10,100,649,4258
4279,53,110000,0,user_43,649,649,
4248,54,100000,0,user_14,649,649,
4250,55,98000,0,user_16,649,649,
4249,56,83000,0,user_15,649,649,
4285,57,82000,0,user_47,649,649,
4271,58,79000,0,user_38,649,649,
4280,59,77000,0,user_44,649,649,
4277,60,73000,0,user_42,649,649,
4233,61,70000,0,user_1,649,649,
4346,0,43000000,0,user_40,650,650,
4323,1,27000000,0,user_18,650,650,
4350,2,6100000,0,user_44,650,650,
4355,3,5200000,0,user_47,650,650,
4320,4,5000000,0,user_14,650,650,
4327,5,3500000,0,user_25,650,650,
4314,6,2400000,0,user_11,650,650,
4340,7,2100000,0,user_34,650,650,
4348,8,2100000,43600,user_41,650,650,
4324,9,2000000,0,user_19,650,650,
4306,10,1800000,0,user_4,650,650,
4308,11,1300000,4320000,user_6,650,650,
4325,12,1300000,0,user_20,650,650,
4305,13,1100000,0,user_3,650,650,
4312,14,1100000,0,user_10,650,650,
4326,15,1000000,0,user_22,650,650,
4337,16,1000000,0,user_31,650,650,
4338,17,470000,0,user_32,650,650,
4344,18,470000,0,user_37,650,650,
4321,19,460000,0,user_14,650,650,
4349,20,360000,0,user_42,650,650,
4354,21,350000,0,user_47,650,650,
4319,22,310000,0,user_14,650,650,
4309,23,300000,0,user_8,650,650,
4316,24,220000,0,user_13,650,650,
4322,25,130000,0,user_17,650,650,
4343,26,120000,0,user_37,650,650,
4347,27,120000,0,user_40,650,650,
4353,28,120000,0,user_46,650,650,
4310,29,110000,0,user_9,650,650,
4318,30,110000,0,user_14,650,650,
4339,31,110000,56200,user_32,650,650,
4352,32,110000,0,user_46,650,650,
4351,33,98000,0,user_45,650,650,
4341,34,87000,0,user_35,650,650,
4342,35,87000,0,user_36,650,650,
4311,36,83000,0,user_9,650,650,
4302,37,82000,0,user_1,650,650,
4317,38,82000,0,user_14,650,650,
4313,39,79000,0,user_11,650,650,
4380,0,19000000,0,user_28,651,651,
4400,1,0,0,validator_3,100,651,4388
4388,2,2100000,4320000,user_36,651,651,
4376,3,6100000,0,user_25,651,651,
4378,4,2400000,0,user_26,651,651,
4364,5,2100000,0,user_6,651,651,
4398,6,1800000,43600,user_47,651,651,
4401,7,0,0,validator_3,100,651,4398
4393,8,1600000,0,user_41,651,651,
4394,9,1500000,0,user_44,651,651,
4366,10,1200000,0,user_10,651,651,
4379,11,1000000,0,user_28,651,651,
4390,12,1000000,0,user_37,651,651,
4365,13,650000,0,user_8,651,651,
4386,14,650000,0,user_32,651,651,
4377,15,630000,0,user_26,651,651,
4402,16,0,0,validator_3,100,651,4389
4389,17,530000,16400,user_36,651,651,
4370,18,470000,0,user_18,651,651,
4367,19,460000,0,user_12,651,651,
4363,20,340000,0,user_5,651,651,
4403,21,0,0,validator_3,100,651,4373
4373,22,260000,49100,user_21,651,651,
4381,23,160000,128000,user_29,651,651,
4404,24,0,0,validator_3,100,651,4381
4368,25,220000,0,user_14,651,651,
4382,26,170000,0,user_29,651,651,
4375,27,160000,0,user_22,651,651,
4385,28,160000,0,user_31,651,651,
4392,29,160000,0,user_40,651,651,
4387,30,150000,0,user_36,651,651,
4397,31,150000,0,user_46,651,651,
4369,32,130000,0,user_16,651,651,
4361,33,110000,0,user_2,651,651,
4405,34,0,0,validator_3,100,651,4374
4374,35,84000,14200,user_22,651,651,
4371,36,87000,0,user_19,651,651,
4384,37,85000,0,user_31,651,651,
4443,0,30000000,0,user_32,652,652,
4452,1,30000000,0,user_43,652,652,
4420,2,1600000,0,user_9,652,652,
4421,3,1600000,0,user_11,652,652,
4457,4,1600000,0,user_48,652,652,
4454,5,1500000,0,user_46,652,652,
4427,6,1400000,0,user_20,652,652,
4426,7,1000000,0,user_18,652,652,
4433,8,1000000,0,user_24,652,652,
4448,9,910000,0,user_39,652,652,
4458,10,0,0,validator_6,100,652,4441
4441,11,220000,381000,user_30,652,652,
4440,12,530000,0,user_30,652,652,
4406,13,420000,46500,user_0,652,652,
4459,14,0,0,validator_6,100,652,4406
4460,15,0,0,validator_6,100,652,4447
4447,16,420000,3130,user_39,652,652,
4407,17,420001,0,user_1,652,652,4406
4408,18,420001,0,user_1,652,652,4406
4409,19,420001,0,user_2,652,652,4406
4425,20,420000,0,user_18,652,652,
4446,21,420000,0,user_37,652,652,
4445,22,340000,68100,user_35,652,652,
4461,23,0,0,validator_6,100,652,4445
4462,24,0,0,validator_6,100,652,4414
4414,25,73000,322000,user_8,652,652,
4415,26,370000,0,user_8,652,652,
4456,27,340000,10700,user_47,652,652,
4463,28,0,0,validator_6,100,652,4456
4411,29,350000,0,user_7,652,652,
4439,30,340000,0,user_29,652,652,
4419,31,320000,0,user_9,652,652,
4417,32,310000,0,user_9,652,652,
4434,33,260000,0,user_25,652,652,
4453,34,220000,0,user_44,652,652,
4410,35,160000,0,user_3,652,652,
4422,36,150000,0,user_13,652,652,
4455,37,150000,0,user_46,652,652,
4435,38,130000,0,user_25,652,652,
4464,39,0,0,validator_6,100,652,4416
4416,40,110000,15100,user_9,652,652,
4413,41,120000,0,user_8,652,652,
4424,42,120000,0,user_16,652,652,
4442,43,120000,0,user_31,652,652,
4432,44,110000,0,user_24,652,652,
4418,45,98000,0,user_9,652,652,
4412,46,85000,0,user_8,652,652,
4438,47,84000,0,user_28,652,652,
4451,48,82000,0,user_43,652,652,
4423,49,77000,0,user_15,652,652,
4472,0,43000000,0,user_9,653,653,
4507,1,43000000,0,user_34,653,653,
4496,2,3600000,0,user_25,653,653,
4525,3,2600000,0,user_49,653,653,
4503,4,2500000,0,user_30,653,653,
4466,5,2400000,5640,user_1,653,653,
4467,6,2399999,0,user_2,653,653,4466
4486,7,1900000,15300,user_21,653,653,
4495,8,1800000,0,user_25,653,653,
4479,9,1700000,33300,user_15,653,653,
4493,10,1700000,0,user_25,653,653,
4489,11,1600000,0,user_23,653,653,
4473,12,1500000,0,user_10,653,653,
4505,13,1400000,256000,user_32,653,653,
4514,14,1400000,195000,user_41,653,653,
4470,15,1300000,100000,user_9,653,653,
4468,16,1000000,0,user_9,653,653,
4523,17,910000,0,user_48,653,653,
4498,18,660000,0,user_26,653,653,
4515,19,600000,0,user_41,653,653,
4488,20,460000,0,user_22,653,653,
4471,21,420000,0,user_9,653,653,
4494,22,420000,0,user_25,653,653,
4485,23,350000,0,user_20,653,653,
4512,24,350000,0,user_38,653,653,
4497,25,340000,0,user_25,653,653,
4502,26,320000,0,user_28,653,653,
4509,27,260000,0,user_36,653,653,
4487,28,160000,0,user_22,653,653,
4508,29,160000,0,user_35,653,653,
4478,30,150000,0,user_15,653,653,
4484,31,150000,0,user_19,653,653,
4465,32,120000,0,user_1,653,653,
4524,33,120000,0,user_49,653,653,
4480,34,110000,0,user_16,653,653,
4510,35,110000,0,user_36,653,653,
4511,36,110000,0,user_37,653,653,
4500,37,100000,60700,user_26,653,653,
4516,38,100000,0,user_41,653,653,
4490,39,87000,594000,user_23,653,653,
4483,40,84000,0,user_19,653,653,
4501,41,84000,0,user_27,653,653,
4499,42,83000,0,user_26,653,653,
4469,43,73000,0,user_9,653,653,
4581,0,0,0,validator_8,100,654,4550
4550,1,6100000,769000,user_22,654,654,
4558,2,6100000,0,user_29,654,654,
4526,3,4500000,0,user_1,654,654,
4535,4,3500000,0,user_8,654,654,
4552,5,3500000,0,user_22,654,654,
4530,6,3200000,0,user_7,654,654,
4541,7,3200000,0,user_15,654,654,
4555,8,3200000,0,user_23,654,654,
4582,9,0,0,validator_8,100,654,4562
4562,10,2300000,296000,user_33,654,654,
4560,11,2500000,0,user_31,654,654,
4539,12,2100000,0,user_12,654,654,
4583,13,0,0,validator_8,100,654,4565
4565,14,2000000,73100,user_40,654,654,
4575,15,2000000,0,user_44,654,654,
4577,16,2000000,0,user_48,654,654,
4566,17,1900000,0,user_40,654,654,
4533,18,1600000,0,user_8,654,654,
4559,19,1400000,42000,user_29,654,654,
4584,20,0,0,validator_8,100,654,4559
4579,21,1000000,0,user_49,654,654,
4549,22,970000,0,user_21,654,654,
4556,23,970000,0,user_24,654,654,
4554,24,670000,0,user_23,654,654,
4561,25,460000,0,user_33,654,654,
4534,26,420000,0,user_8,654,654,
4569,27,370000,0,user_41,654,654,
4531,28,360000,0,user_7,654,654,
4563,29,340000,0,user_35,654,654,
4557,30,310000,0,user_26,654,654,
4543,31,260000,0,user_18,654,654,
4580,32,260000,0,user_49,654,654,
4578,33,240000,0,user_48,654,654,
4553,34,220000,0,user_22,654,654,
4540,35,170000,36800,user_13,654,654,
4585,36,0,0,validator_8,100,654,4540
4586,37,0,0,validator_8,100,654,4551
4551,38,190000,6390,user_22,654,654,
4532,39,150000,0,user_7,654,654,
4537,40,150000,0,user_8,654,654,
4587,41,0,0,validator_8,100,654,4567
4567,42,84000,39400,user_40,654,654,
4536,43,120000,0,user_8,654,654,
4528,44,110000,0,user_3,654,654,
4529,45,100000,0,user_5,654,654,
4588,46,0,0,validator_8,100,654,4570
4570,47,85000,7840,user_42,654,654,
4568,48,79000,12800,user_41,654,654,
4589,49,0,0,validator_8,100,654,4568
4538,50,70000,0,user_9,654,654,
4624,0,43000000,0,user_22,655,655,
4639,1,27000000,0,user_33,655,655,
4633,2,5000000,0,user_27,655,655,
4660,3,5000000,0,user_49,655,655,
4664,4,0,0,validator_2,100,655,4630
4630,5,3200000,510000,user_25,655,655,
4615,6,2600000,0,user_20,655,655,
4602,7,2400000,0,user_9,655,655,
4665,8,0,0,validator_2,100,655,4596
4596,9,2000000,128000,user_7,655,655,
4612,10,2100000,0,user_17,655,655,
4657,11,2000000,0,user_45,655,655,
4608,12,1900000,0,user_14,655,655,
4652,13,1700000,0,user_44,655,655,
4594,14,1600000,0,user_4,655,655,
4595,15,1600000,0,user_6,655,655,
4640,16,1500000,33100,user_33,655,655,
4666,17,0,0,validator_2,100,655,4640
4635,18,1500000,0,user_29,655,655,
4656,19,1500000,0,user_45,655,655,
4593,20,1400000,0,user_3,655,655,
4620,21,1300000,0,user_22,655,655,
4603,22,1100000,0,user_9,655,655,
4642,23,1100000,0,user_34,655,655,
4634,24,1000000,0,user_28,655,655,
4662,25,1000000,0,user_49,655,655,
4651,26,970000,0,user_44,655,655,
4659,27,870000,0,user_48,655,655,
4616,28,660000,42000,user_21,655,655,
4667,29,0,0,validator_2,100,655,4616
4621,30,670000,0,user_22,655,655,
4641,31,660000,0,user_34,655,655,
4668,32,0,0,validator_2,100,655,4636
4636,33,460000,121000,user_30,655,655,
4669,34,0,0,validator_2,100,655,4617
4617,35,470000,31700,user_21,655,655,
4626,36,420000,0,user_23,655,655,
4654,37,420000,0,user_44,655,655,
4631,38,350000,0,user_26,655,655,
4607,39,310000,0,user_14,655,655,
4619,40,310000,0,user_21,655,655,
4623,41,260000,0,user_22,655,655,
4609,42,240000,0,user_14,655,655,
4645,43,240000,0,user_38,655,655,
4655,44,240000,0,user_44,655,655,
4647,45,170000,67900,user_40,655,655,
4670,46,0,0,validator_2,100,655,4647
4638,47,190000,39400,user_33,655,655,
4671,48,0,0,validator_2,100,655,4638
4611,49,220000,0,user_14,655,655,
4663,50,170000,33300,user_49,655,655,
4672,51,0,0,validator_2,100,655,4663
4618,52,170000,0,user_21,655,655,
4661,53,160000,0,user_49,655,655,
4625,54,150000,0,user_23,655,655,
4648,55,150000,0,user_41,655,655,
4649,56,150000,0,user_41,655,655,
4605,57,120000,10700,user_12,655,655,
4673,58,0,0,validator_2,100,655,4605
4604,59,120000,0,user_10,655,655,
4610,60,110000,0,user_14,655,655,
4627,61,110000,0,user_23,655,655,
4674,62,0,0,validator_2,100,655,4622
4622,63,83000,7840,user_22,655,655,
4650,64,87000,0,user_42,655,655,
4592,65,84000,0,user_3,655,655,
4637,66,82000,0,user_33,655,655,
4632,67,79000,0,user_27,655,655,
4653,68,77000,0,user_44,655,655,
4646,69,73000,0,user_39,655,655,
4683,0,19000000,0,user_8,656,656,
4690,1,6100000,0,user_18,656,656,
4686,2,4200000,0,user_13,656,656,
4723,3,0,0,validator_9,100,656,4717
4717,4,3600000,146000,user_41,656,656,
4716,5,3600000,16400,user_40,656,656,
4724,6,0,0,validator_9,100,656,4716
4708,7,3600000,0,user_36,656,656,
4678,8,2000000,32900,user_3,656,656,
4725,9,0,0,validator_9,100,656,4678
4720,10,2000000,0,user_46,656,656,
4701,11,1600000,0,user_26,656,656,
4718,12,1500000,0,user_43,656,656,
4726,13,0,0,validator_9,100,656,4681
4681,14,1400000,34700,user_6,656,656,
4706,15,1400000,0,user_31,656,656,
4684,16,970000,0,user_8,656,656,
4685,17,970000,0,user_11,656,656,
4693,18,970000,0,user_20,656,656,
4675,19,660000,0,user_0,656,656,
4699,20,420000,47700,user_24,656,656,
4727,21,0,0,validator_9,100,656,4699
4677,22,420000,0,user_2,656,656,
4694,23,420000,0,user_21,656,656,
4687,24,350000,0,user_14,656,656,
4719,25,320000,0,user_45,656,656,
4714,26,240000,0,user_38,656,656,
4721,27,240000,0,user_47,656,656,
4679,28,220000,0,user_5,656,656,
4707,29,220000,0,user_35,656,656,
4728,30,0,0,validator_9,100,656,4680
4680,31,160000,13800,user_6,656,656,
4689,32,120000,0,user_16,656,656,
4703,33,120000,0,user_29,656,656,
4705,34,120000,0,user_31,656,656,
4709,35,120000,0,user_36,656,656,
4722,36,120000,0,user_49,656,656,
4715,37,87000,0,user_39,656,656,
4697,38,85000,0,user_24,656,656,
4682,39,83000,0,user_7,656,656,
4698,40,79000,0,user_24,656,656,
4704,41,79000,0,user_30,656,656,
4756,0,30000000,0,user_24,657,657,
4759,1,30000000,0,user_27,657,657,
4768,2,27000000,0,user_39,657,657,
4770,3,27000000,0,user_42,657,657,
4739,4,5000000,5180,user_11,657,657,
4773,5,4200000,0,user_48,657,657,
4740,6,2000000,0,user_11,657,657,
4741,7,2000000,0,user_12,657,657,
4755,8,1900000,0,user_24,657,657,
4743,9,1700000,0,user_14,657,657,
4751,10,1600000,43600,user_20,657,657,
4734,11,1500000,23500,user_6,657,657,
4758,12,1500000,0,user_26,657,657,
4745,13,1400000,108000,user_17,657,657,
4747,14,1400000,0,user_18,657,657,
4765,15,1400000,0,user_37,657,657,
4735,16,1300000,0,user_7,657,657,
4731,17,1200000,0,user_3,657,657,
4742,18,1000000,0,user_13,657,657,
4760,19,1000000,100000,user_28,657,657,
4763,20,1000000,0,user_32,657,657,
4766,21,910000,0,user_39,657,657,
4769,22,650000,21800,user_41,657,657,
4729,23,460000,0,user_0,657,657,
4730,24,420000,0,user_1,657,657,
4744,25,370000,0,user_15,657,657,
4774,26,320000,0,user_49,657,657,
4746,27,220000,139000,user_18,657,657,
4767,28,160000,0,user_39,657,657,
4771,29,160000,0,user_45,657,657,
4736,30,120000,0,user_7,657,657,
4732,31,79000,0,user_4,657,657,
4737,32,70000,0,user_7,657,657,
4787,0,30000000,0,user_14,658,658,
4786,1,6300000,0,user_13,658,658,
4821,2,5000000,0,user_45,658,658,
4820,3,4500000,17000,user_44,658,658,
4795,4,3600000,0,user_21,658,658,
4796,5,3600000,0,user_21,658,658,
4797,6,3500000,0,user_22,658,658,
4799,7,2600000,0,user_23,658,658,
4810,8,2300000,0,user_33,658,658,
4789,9,2000000,5630,user_15,658,658,
4784,10,1700000,0,user_11,658,658,
4813,11,1400000,0,user_36,658,658,
4825,12,1400000,0,user_48,658,658,
4815,13,1300000,0,user_37,658,658,
4818,14,1300000,0,user_41,658,658,
4811,15,1100000,18600,user_33,658,658,
4798,16,1000000,0,user_22,658,658,
4808,17,1000000,0,user_31,658,658,
4824,18,970000,0,user_48,658,658,
4785,19,870000,0,user_11,658,658,
4817,20,660000,0,user_40,658,658,
4781,21,460000,13800,user_7,658,658,
4807,22,460000,0,user_31,658,658,
4823,23,350000,42000,user_47,658,658,
4791,24,340000,0,user_18,658,658,
4782,25,260000,39400,user_7,658,658,
4793,26,240000,0,user_19,658,658,
4788,27,190000,0,user_14,658,658,
4814,28,170000,0,user_37,658,658,
4794,29,160000,17000,user_20,658,658,
4775,30,150000,13800,user_0,658,658,
4792,31,150000,19700,user_19,658,658,
4812,32,150000,0,user_34,658,658,
4819,33,150000,0,user_43,658,658,
4776,34,149999,0,user_0,658,658,4775
4777,35,149999,0,user_1,658,658,4775
4783,36,120000,0,user_11,658,658,
4780,37,110000,12800,user_6,658,658,
4809,38,110000,0,user_32,658,658,
4790,39,83000,0,user_18,658,658,
4822,40,83000,0,user_47,658,658,
4778,41,77000,23500,user_3,658,658,
4805,42,77000,0,user_29,658,658,
4831,0,43000000,0,user_7,659,659,
4842,1,27000000,0,user_24,659,659,
4871,2,27000000,0,user_46,659,659,
4869,3,5200000,0,user_45,659,659,
4876,4,0,0,validator_9,100,659,4866
4866,5,3600000,369000,user_42,659,659,
4861,6,3200000,0,user_35,659,659,
4875,7,3200000,0,user_49,659,659,
4877,8,0,0,validator_9,100,659,4840
4840,9,1500000,959000,user_21,659,659,
4855,10,1900000,0,user_30,659,659,
4863,11,1600000,0,user_40,659,659,
4860,12,1400000,0,user_34,659,659,
4870,13,1400000,0,user_45,659,659,
4845,14,1000000,0,user_26,659,659,
4828,15,670000,0,user_2,659,659,
4867,16,630000,0,user_43,659,659,
4838,17,460000,0,user_16,659,659,
4856,18,460000,0,user_31,659,659,
4844,19,420000,0,user_26,659,659,
4851,20,350000,0,user_28,659,659,
4853,21,350000,0,user_29,659,659,
4854,22,310000,0,user_30,659,659,
4878,23,0,0,validator_9,100,659,4836
4836,24,220000,16400,user_13,659,659,
4852,25,220000,0,user_29,659,659,
4834,26,190000,0,user_12,659,659,
4841,27,150000,0,user_23,659,659,
4862,28,150000,0,user_36,659,659,
4830,29,120000,0,user_6,659,659,
4857,30,120000,0,user_32,659,659,
4835,31,110000,0,user_12,659,659,
4864,32,100000,0,user_40,659,659,
4827,33,79000,0,user_0,659,659,
4865,34,79000,0,user_41,659,659,
4833,35,73000,0,user_11,659,659,
4927,0,43000000,5640,user_39,660,660,
4942,1,0,0,validator_7,100,660,4927
4902,2,43000000,0,user_24,660,660,
4914,3,27000000,0,user_30,660,660,
4911,4,19000000,0,user_27,660,660,
4940,5,19000000,0,user_49,660,660,
4887,6,6300000,0,user_10,660,660,
4933,7,5200000,0,user_44,660,660,
4937,8,3600000,0,user_47,660,660,
4943,9,0,0,validator_7,100,660,4912
4912,10,3200000,350000,user_27,660,660,
4915,11,3200000,0,user_30,660,660,
4941,12,2300000,0,user_49,660,660,
4895,13,2000000,0,user_19,660,660,
4894,14,1500000,0,user_18,660,660,
4905,15,1400000,0,user_25,660,660,
4910,16,1400000,0,user_26,660,660,
4932,17,1400000,0,user_43,660,660,
4886,18,1300000,0,user_10,660,660,
4889,19,1000000,0,user_12,660,660,
4935,20,1000000,0,user_46,660,660,
4879,21,910000,0,user_1,660,660,
4919,22,910000,0,user_35,660,660,
4904,23,870000,13900,user_24,660,660,
4944,24,0,0,validator_7,100,660,4904
4907,25,870000,0,user_26,660,660,
4913,26,670000,0,user_28,660,660,
4884,27,630000,0,user_7,660,660,
4918,28,630000,0,user_34,660,660,
4882,29,600000,0,user_6,660,660,
4890,30,600000,0,user_12,660,660,
4883,31,530000,0,user_7,660,660,
4936,32,460000,0,user_47,660,660,
4909,33,420000,0,user_26,660,660,
4928,34,420000,0,user_39,660,660,
4938,35,370000,0,user_49,660,660,
4900,36,73000,283000,user_24,660,660,
4945,37,0,0,validator_7,100,660,4900
4881,38,310000,3130,user_5,660,660,
4946,39,0,0,validator_7,100,660,4881
4899,40,160000,146000,user_22,660,660,
4947,41,0,0,validator_7,100,660,4899
4922,42,300000,0,user_38,660,660,
4921,43,220000,16400,user_37,660,660,
4948,44,0,0,validator_7,100,660,4921
4901,45,150000,43600,user_24,660,660,
4949,46,0,0,validator_7,100,660,4901
4908,47,190000,0,user_26,660,660,
4893,48,170000,0,user_17,660,660,
4880,49,160000,0,user_2,660,660,
4885,50,160000,0,user_9,660,660,
4926,51,160000,0,user_38,660,660,
4939,52,160000,0,user_49,660,660,
4920,53,150000,0,user_36,660,660,
4924,54,150000,0,user_38,660,660,
4929,55,150000,0,user_41,660,660,
4930,56,150000,0,user_41,660,660,
4903,57,120000,0,user_24,660,660,
4934,58,87000,0,user_44,660,660,
4923,59,84000,0,user_38,660,660,
4925,60,80000,0,user_38,660,660,
4906,61,70000,0,user_26,660,660,
4916,62,70000,0,user_32,660,660,
4953,0,43000000,0,user_6,661,661,
4989,1,19000000,0,user_23,661,661,
4987,2,5000000,0,user_20,661,661,
4981,3,4500000,0,user_18,661,661,
5017,4,0,0,validator_4,100,661,4988
4988,5,4200000,67500,user_21,661,661,
4983,6,3500000,0,user_18,661,661,
4999,7,3200000,0,user_33,661,661,
4979,8,2300000,0,user_17,661,661,
4986,9,2300000,0,user_20,661,661,
5010,10,2000000,0,user_42,661,661,
4971,11,1800000,0,user_15,661,661,
5005,12,1800000,0,user_36,661,661,
4963,13,1500000,0,user_10,661,661,
4994,14,1500000,0,user_27,661,661,
4997,15,1400000,67500,user_30,661,661,
5018,16,0,0,validator_4,100,661,4997
4959,17,1400000,0,user_8,661,661,
4996,18,1400000,0,user_29,661,661,
4980,19,1300000,0,user_18,661,661,
5019,20,0,0,validator_4,100,661,5009
5009,21,1000000,68100,user_42,661,661,
4957,22,1000000,0,user_8,661,661,
4975,23,1000000,0,user_16,661,661,
5002,24,1000000,0,user_34,661,661,
4978,25,970000,0,user_17,661,661,
4991,26,970000,0,user_24,661,661,
5006,27,970000,0,user_37,661,661,
4977,28,910000,0,user_16,661,661,
4990,29,870000,0,user_23,661,661,
5003,30,870000,0,user_35,661,661,
4992,31,670000,0,user_25,661,661,
5012,32,670000,0,user_44,661,661,
4962,33,650000,0,user_10,661,661,
4976,34,650000,0,user_16,661,661,
4985,35,630000,0,user_19,661,661,
5001,36,420000,100000,user_33,661,661,
5020,37,0,0,validator_4,100,661,5001
4984,38,460000,0,user_18,661,661,
5008,39,460000,0,user_40,661,661,
4966,40,370000,0,user_13,661,661,
4956,41,360000,0,user_8,661,661,
4960,42,350000,0,user_8,661,661,
4970,43,340000,0,user_15,661,661,
5021,44,0,0,validator_4,100,661,5000
5000,45,300000,12300,user_33,661,661,
5015,46,300000,0,user_47,661,661,
5016,47,300000,0,user_49,661,661,
4958,48,260000,0,user_8,661,661,
5014,49,260000,0,user_46,661,661,
4969,50,170000,17000,user_14,661,661,
5022,51,0,0,validator_4,100,661,4969
4974,52,150000,0,user_15,661,661,
5011,53,150000,0,user_43,661,661,
5023,54,0,0,validator_4,100,661,4968
4968,55,120000,15700,user_14,661,661,
4998,56,120000,0,user_32,661,661,
4961,57,110000,0,user_9,661,661,
4967,58,110000,0,user_13,661,661,
4982,59,110000,0,user_18,661,661,
4993,60,110000,0,user_26,661,661,
4973,61,84000,0,user_15,661,661,
5013,62,83000,0,user_46,661,661,
4952,63,79000,0,user_5,661,661,
4972,64,73000,0,user_15,661,661,
5004,65,70000,0,user_36,661,661,
5046,0,43000000,0,user_24,662,662,
5056,1,30000000,0,user_30,662,662,
5024,2,6300000,0,user_1,662,662,
5030,3,6300000,5180,user_6,662,662,
5045,4,6300000,0,user_24,662,662,
5047,5,5000000,0,user_24,662,662,
5060,6,5000000,0,user_33,662,662,
5036,7,2400000,369000,user_10,662,662,
5042,8,2400000,139000,user_22,662,662,
5051,9,2400000,0,user_27,662,662,
5076,10,2400000,3130,user_43,662,662,
5043,11,2000000,0,user_22,662,662,
5071,12,2000000,15300,user_40,662,662,
5067,13,1800000,0,user_37,662,662,
5069,14,1600000,0,user_37,662,662,
5027,15,1500000,47700,user_3,662,662,
5048,16,1500000,0,user_24,662,662,
5055,17,1500000,0,user_30,662,662,
5052,18,1400000,0,user_27,662,662,
5077,19,1400000,0,user_44,662,662,
5081,20,1400000,0,user_48,662,662,
5074,21,1200000,0,user_41,662,662,
5044,22,1100000,0,user_22,662,662,
5065,23,1000000,410000,user_36,662,662,
5037,24,870000,0,user_11,662,662,
5054,25,660000,0,user_28,662,662,
5073,26,660000,0,user_41,662,662,
5062,27,630000,0,user_34,662,662,
5068,28,600000,0,user_37,662,662,
5038,29,460000,36800,user_13,662,662,
5039,30,420000,0,user_14,662,662,
5032,31,360000,0,user_7,662,662,
5078,32,360000,1100000,user_45,662,662,
5040,33,350000,0,user_17,662,662,
5072,34,350000,139000,user_40,662,662,
5028,35,310000,31700,user_3,662,662,
5058,36,220000,594000,user_33,662,662,
5049,37,190000,0,user_24,662,662,
5034,38,160000,0,user_9,662,662,
5061,39,160000,0,user_33,662,662,
5025,40,150000,0,user_3,662,662,
5059,41,150000,0,user_33,662,662,
5075,42,150000,381000,user_42,662,662,
5026,43,120000,0,user_3,662,662,
5053,44,110000,0,user_27,662,662,
5031,45,100000,0,user_6,662,662,
5035,46,82000,0,user_10,662,662,
5066,47,79000,0,user_37,662,662,
5050,48,73000,1100000,user_27,662,662,
5089,0,30000000,322000,user_7,663,663,
5128,1,0,0,validator_9,100,663,5089
5126,2,19000000,0,user_49,663,663,
5129,3,0,0,validator_9,100,663,5083
5083,4,3200000,4320000,user_2,663,663,
5130,5,0,0,validator_9,100,663,5124
5124,6,4500000,6390,user_49,663,663,
5087,7,3600000,0,user_5,663,663,
5111,8,3600000,0,user_30,663,663,
5094,9,3200000,350000,user_14,663,663,
5131,10,0,0,validator_9,100,663,5094
5090,11,2000000,0,user_10,663,663,
5115,12,2000000,0,user_36,663,663,
5102,13,1600000,0,user_21,663,663,
5092,14,1500000,0,user_11,663,663,
5088,15,1300000,0,user_6,663,663,
5114,16,1300000,0,user_35,663,663,
5100,17,1200000,0,user_18,663,663,
5098,18,1000000,0,user_16,663,663,
5101,19,1000000,0,user_20,663,663,
5110,20,870000,0,user_29,663,663,
5119,21,870000,0,user_43,663,663,
5120,22,650000,0,user_45,663,663,
5084,23,470000,0,user_3,663,663,
5122,24,420000,0,user_47,663,663,
5091,25,350000,0,user_11,663,663,
5132,26,0,0,validator_9,100,663,5113
5113,27,300000,39400,user_35,663,663,
5082,28,320000,0,user_0,663,663,
5086,29,320000,0,user_5,663,663,
5105,30,260000,0,user_24,663,663,
5103,31,220000,0,user_21,663,663,
5107,32,170000,0,user_26,663,663,
5112,33,170000,0,user_32,663,663,
5117,34,150000,0,user_38,663,663,
5133,35,0,0,validator_9,100,663,5127
5127,36,110000,19700,user_49,663,663,
5118,37,120000,0,user_41,663,663,
5125,38,120000,0,user_49,663,663,
5109,39,110000,0,user_28,663,663,
5121,40,82000,21800,user_47,663,663,
5134,41,0,0,validator_9,100,663,5121
5093,42,98000,0,user_13,663,663,
5085,43,85000,0,user_3,663,663,
5155,0,43000000,68100,user_24,664,664,
5189,1,0,0,validator_1,100,664,5155
5142,2,43000000,0,user_7,664,664,
5160,3,30000000,0,user_28,664,664,
5185,4,30000000,0,user_46,664,664,
5161,5,27000000,0,user_30,664,664,
5143,6,19000000,0,user_9,664,664,
5169,7,6100000,0,user_33,664,664,
5178,8,5000000,0,user_42,664,664,
5179,9,5000000,0,user_43,664,664,
5181,10,5000000,0,user_43,664,664,
5176,11,4500000,0,user_39,664,664,
5157,12,4200000,0,user_25,664,664,
5173,13,2600000,0,user_39,664,664,
5190,14,0,0,validator_1,100,664,5174
5174,15,1600000,779000,user_39,664,664,
5167,16,2300000,0,user_31,664,664,
5158,17,2000000,0,user_25,664,664,
5159,18,1600000,47700,user_26,664,664,
5191,19,0,0,validator_1,100,664,5159
5163,20,1500000,0,user_31,664,664,
5139,21,1400000,0,user_5,664,664,
5164,22,1300000,0,user_31,664,664,
5147,23,1100000,0,user_15,664,664,
5150,24,1000000,0,user_15,664,664,
5171,25,1000000,0,user_34,664,664,
5172,26,1000000,0,user_36,664,664,
5175,27,1000000,0,user_39,664,664,
5149,28,160000,510000,user_15,664,664,
5192,29,0,0,validator_1,100,664,5149
5144,30,460000,0,user_12,664,664,
5135,31,420000,0,user_0,664,664,
5187,32,350000,0,user_47,664,664,
5151,33,310000,0,user_19,664,664,
5193,34,0,0,validator_1,100,664,5165
5165,35,260000,16400,user_31,664,664,
5180,36,240000,0,user_43,664,664,
5153,37,220000,0,user_23,664,664,
5166,38,170000,0,user_31,664,664,
5140,39,150000,10700,user_5,664,664,
5194,40,0,0,validator_1,100,664,5140
5146,41,150000,0,user_15,664,664,
5148,42,150000,0,user_15,664,664,
5168,43,150000,0,user_32,664,664,
5145,44,120000,0,user_13,664,664,
5195,45,0,0,validator_1,100,664,5186
5186,46,87000,24700,user_47,664,664,
5177,47,110000,0,user_40,664,664,
5184,48,110000,0,user_45,664,664,
5183,49,100000,0,user_45,664,664,
5188,50,98000,0,user_49,664,664,
5156,51,85000,0,user_24,664,664,
5162,52,83000,0,user_30,664,664,
5154,53,79000,0,user_23,664,664,
5170,54,79000,0,user_34,664,664,
5248,0,0,0,validator_13,100,665,5242
5242,1,6100000,32900,user_43,665,665,
5215,2,6100000,0,user_17,665,665,
5231,3,3500000,0,user_35,665,665,
5210,4,2600000,0,user_13,665,665,
5249,5,0,0,validator_13,100,665,5225
5225,6,2000000,594000,user_30,665,665,
5205,7,2400000,0,user_8,665,665,
5211,8,2400000,0,user_13,665,665,
5200,9,2100000,0,user_3,665,665,
5220,10,2100000,0,user_25,665,665,
5232,11,2000000,0,user_36,665,665,
5250,12,0,0,validator_13,100,665,5227
5227,13,1600000,121000,user_31,665,665,
5213,14,1600000,0,user_15,665,665,
5251,15,0,0,validator_13,100,665,5221
5221,16,1100000,350000,user_27,665,665,
5229,17,1000000,0,user_34,665,665,
5234,18,530000,6390,user_39,665,665,
5252,19,0,0,validator_13,100,665,5234
5201,20,470000,0,user_5,665,665,
5222,21,420000,0,user_28,665,665,
5253,22,0,0,validator_13,100,665,5223
5223,23,170000,231000,user_29,665,665,
5230,24,370000,0,user_34,665,665,
5212,25,310000,0,user_14,665,665,
5246,26,310000,0,user_47,665,665,
5204,27,220000,0,user_7,665,665,
5224,28,220000,0,user_30,665,665,
5219,29,190000,0,user_24,665,665,
5244,30,190000,0,user_44,665,665,
5208,31,170000,0,user_12,665,665,
5245,32,170000,0,user_46,665,665,
5209,33,160000,0,user_13,665,665,
5228,34,160000,0,user_32,665,665,
5226,35,120000,33300,user_30,665,665,
5254,36,0,0,validator_13,100,665,5226
5235,37,150000,0,user_39,665,665,
5247,38,150000,0,user_49,665,665,
5207,39,120000,0,user_10,665,665,
5216,40,120000,0,user_21,665,665,
5237,41,120000,0,user_41,665,665,
5198,42,110001,0,user_2,665,665,5196
5199,43,110001,0,user_2,665,665,5196
5243,44,110000,0,user_43,665,665,
5197,45,109999,0,user_1,665,665,5196
5233,46,83000,0,user_38,665,665,
5283,0,43000000,0,user_25,666,666,
5301,1,30000000,350000,user_37,666,666,
5316,2,0,0,validator_4,100,666,5301
5312,3,19000000,0,user_47,666,666,
5313,4,5200000,0,user_47,666,666,
5266,5,4200000,0,user_10,666,666,
5273,6,3500000,0,user_19,666,666,
5255,7,2600000,0,user_0,666,666,
5281,8,2500000,0,user_24,666,666,
5261,9,2100000,0,user_5,666,666,
5272,10,2000000,21800,user_18,666,666,
5317,11,0,0,validator_4,100,666,5272
5308,12,2000000,0,user_46,666,666,
5314,13,2000000,0,user_48,666,666,
5315,14,2000000,0,user_48,666,666,
5294,15,1900000,0,user_33,666,666,
5300,16,1800000,0,user_36,666,666,
5277,17,1700000,0,user_21,666,666,
5279,18,1600000,0,user_22,666,666,
5260,19,1500000,0,user_4,666,666,
5270,20,1200000,0,user_16,666,666,
5297,21,1100000,0,user_34,666,666,
5305,22,910000,0,user_44,666,666,
5265,23,870000,0,user_10,666,666,
5256,24,660000,0,user_0,666,666,
5276,25,660000,0,user_21,666,666,
5274,26,600000,0,user_19,666,666,
5269,27,460000,30200,user_14,666,666,
5318,28,0,0,validator_4,100,666,5269
5298,29,470000,0,user_34,666,666,
5299,30,470000,0,user_35,666,666,
5319,31,0,0,validator_4,100,666,5306
5306,32,110000,322000,user_44,666,666,
5257,33,420000,0,user_1,666,666,
5268,34,370000,0,user_13,666,666,
5259,35,340000,0,user_4,666,666,
5284,36,300000,0,user_26,666,666,
5310,37,260000,0,user_47,666,666,
5311,38,240000,0,user_47,666,666,
5271,39,220000,0,user_18,666,666,
5307,40,220000,0,user_45,666,666,
5262,41,190000,0,user_6,666,666,
5282,42,170000,0,user_24,666,666,
5293,43,170000,0,user_32,666,666,
5280,44,150000,0,user_23,666,666,
5304,45,120000,23500,user_43,666,666,
5320,46,0,0,validator_4,100,666,5304
5309,47,120000,0,user_47,666,666,
5296,48,110000,0,user_34,666,666,
5302,49,110000,0,user_39,666,666,
5275,50,87000,0,user_19,666,666,
5278,51,85000,0,user_22,666,666,
5303,52,85000,0,user_42,666,666,
5289,53,79000,0,user_29,666,666,
5295,54,79000,0,user_33,666,666,
5290,55,73000,0,user_30,666,666,
5321,0,27000000,0,user_1,667,667,
5362,1,6300000,17000,user_46,667,667,
5366,2,0,0,validator_12,100,667,5362
5335,3,3500000,39400,user_16,667,667,
5367,4,0,0,validator_12,100,667,5335
5359,5,2600000,0,user_45,667,667,
5368,6,0,0,validator_12,100,667,5346
5346,7,2300000,36800,user_32,667,667,
5332,8,2300000,0,user_13,667,667,
5338,9,2300000,0,user_19,667,667,
5347,10,2000000,0,user_33,667,667,
5369,11,0,0,validator_12,100,667,5336
5336,12,1800000,100000,user_17,667,667,
5363,13,1600000,0,user_46,667,667,
5365,14,1400000,0,user_49,667,667,
5328,15,1300000,0,user_10,667,667,
5370,16,0,0,validator_12,100,667,5351
5351,17,1100000,146000,user_35,667,667,
5350,18,1100000,0,user_34,667,667,
5364,19,1100000,0,user_48,667,667,
5352,20,320000,779000,user_35,667,667,
5371,21,0,0,validator_12,100,667,5352
5329,22,970000,0,user_10,667,667,
5331,23,870000,0,user_10,667,667,
5326,24,420000,0,user_7,667,667,
5345,25,420000,0,user_31,667,667,
5353,26,420000,0,user_36,667,667,
5357,27,420000,0,user_43,667,667,
5323,28,170000,0,user_4,667,667,
5342,29,170000,0,user_27,667,667,
5344,30,170000,0,user_30,667,667,
5372,31,0,0,validator_12,100,667,5355
5355,32,120000,33100,user_40,667,667,
5358,33,150000,0,user_44,667,667,
5330,34,120000,0,user_10,667,667,
5322,35,110000,0,user_1,667,667,
5333,36,110000,0,user_14,667,667,
5343,37,110000,0,user_30,667,667,
5349,38,110000,0,user_34,667,667,
5360,39,110000,0,user_45,667,667,
5339,40,87000,0,user_20,667,667,
5324,41,84000,0,user_4,667,667,
5361,42,80000,0,user_46,667,667,
5348,43,79000,0,user_33,667,667,
5334,44,77000,0,user_15,667,667,
5418,0,0,0,validator_13,100,668,5403
5403,1,30000000,17700000,user_34,668,668,
5404,2,43000000,0,user_34,668,668,
5390,3,30000000,47700,user_15,668,668,
5419,4,0,0,validator_13,100,668,5390
5400,5,30000000,0,user_27,668,668,
5420,6,0,0,validator_13,100,668,5405
5405,7,27000000,13800,user_35,668,668,
5379,8,4500000,0,user_3,668,668,
5398,9,3200000,0,user_25,668,668,
5406,10,1600000,0,user_37,668,668,
5412,11,1500000,35600,user_44,668,668,
5421,12,0,0,validator_13,100,668,5412
5389,13,1500000,0,user_13,668,668,
5399,14,1400000,0,user_26,668,668,
5394,15,1000000,7840,user_19,668,668,
5422,16,0,0,validator_13,100,668,5394
5397,17,870000,0,user_24,668,668,
5411,18,660000,0,user_43,668,668,
5409,19,650000,0,user_41,668,668,
5377,20,460001,0,user_2,668,668,5373
5374,21,459999,0,user_1,668,668,5373
5375,22,459999,0,user_1,668,668,5373
5376,23,459999,0,user_1,668,668,5373
5392,24,370000,0,user_18,668,668,
5423,25,0,0,validator_13,100,668,5380
5380,26,310000,13900,user_3,668,668,
5385,27,320000,0,user_10,668,668,
5417,28,320000,0,user_49,668,668,
5388,29,260000,0,user_13,668,668,
5424,30,0,0,validator_13,100,668,5414
5414,31,110000,84800,user_46,668,668,
5413,32,160000,0,user_45,668,668,
5415,33,160000,0,user_48,668,668,
5383,34,110000,0,user_8,668,668,
5387,35,110000,0,user_12,668,668,
5382,36,83000,13900,user_7,668,668,
5425,37,0,0,validator_13,100,668,5382
5378,38,87000,0,user_3,668,668,
5407,39,87000,0,user_38,668,668,
5402,40,84000,0,user_32,668,668,
5393,41,82000,0,user_18,668,668,
5401,42,80000,0,user_31,668,668,
5416,43,79000,0,user_48,668,668,
5391,44,70000,0,user_15,668,668,
5468,0,30000000,24700,user_49,669,669,
5469,1,0,0,validator_4,100,669,5468
5466,2,5000000,0,user_47,669,669,
5470,3,0,0,validator_4,100,669,5455
5455,4,2600000,296000,user_35,669,669,
5450,5,2400000,0,user_30,669,669,
5463,6,2000000,0,user_45,669,669,
5427,7,1800000,0,user_6,669,669,
5444,8,1800000,0,user_27,669,669,
5429,9,1700000,0,user_8,669,669,
5457,10,1500000,39400,user_36,669,669,
5471,11,0,0,validator_4,100,669,5457
5430,12,1400000,0,user_9,669,669,
5435,13,1400000,0,user_13,669,669,
5440,14,1000000,0,user_23,669,669,
5446,15,1000000,0,user_29,669,669,
5438,16,670000,0,user_20,669,669,
5452,17,670000,0,user_33,669,669,
5436,18,600000,0,user_17,669,669,
5453,19,120000,410000,user_34,669,669,
5472,20,0,0,validator_4,100,669,5453
5456,21,460000,0,user_36,669,669,
5426,22,360000,0,user_5,669,669,
5464,23,350000,0,user_46,669,669,
5431,24,320000,0,user_10,669,669,
5454,25,310000,0,user_35,669,669,
5459,26,310000,0,user_41,669,669,
5442,27,300000,0,user_24,669,669,
5443,28,240000,0,user_25,669,669,
5439,29,70000,155000,user_21,669,669,
5473,30,0,0,validator_4,100,669,5439
5441,31,220000,0,user_24,669,669,
5462,32,220000,0,user_44,669,669,
5437,33,130000,0,user_18,669,669,
5460,34,120000,0,user_42,669,669,
5465,35,120000,0,user_46,669,669,
5447,36,110000,0,user_29,669,669,
5461,37,110000,0,user_43,669,669,
5467,38,98000,0,user_49,669,669,
5449,39,84000,12800,user_29,669,669,
5474,40,0,0,validator_4,100,669,5449
5448,41,87000,0,user_29,669,669,
5494,0,27000000,0,user_17,670,670,
5498,1,27000000,0,user_23,670,670,
5487,2,2000000,4320000,user_10,670,670,
5520,3,0,0,validator_4,100,670,5487
5484,4,6100000,0,user_8,670,670,
5499,5,5000000,0,user_23,670,670,
5510,6,5000000,0,user_41,670,670,
5511,7,5000000,0,user_41,670,670,
5514,8,3600000,0,user_44,670,670,
5521,9,0,0,validator_4,100,670,5517
5517,10,3200000,283000,user_47,670,670,
5522,11,0,0,validator_4,100,670,5477
5477,12,2000000,350000,user_4,670,670,
5495,13,2100000,0,user_18,670,670,
5497,14,2000000,0,user_21,670,670,
5500,15,1900000,0,user_25,670,670,
5485,16,1800000,0,user_9,670,670,
5492,17,1800000,0,user_13,670,670,
5523,18,0,0,validator_4,100,670,5478
5478,19,870000,545000,user_5,670,670,
5515,20,1400000,0,user_46,670,670,
5513,21,1300000,0,user_43,670,670,
5486,22,1200000,0,user_10,670,670,
5501,23,1100000,0,user_26,670,670,
5502,24,460000,0,user_29,670,670,
5504,25,310000,0,user_34,670,670,
5524,26,0,0,validator_4,100,670,5509
5509,27,240000,8520,user_39,670,670,
5525,28,0,0,validator_4,100,670,5508
5508,29,170000,71800,user_39,670,670,
5518,30,150000,66100,user_49,670,670,
5526,31,0,0,validator_4,100,670,5518
5493,32,160000,0,user_16,670,670,
5505,33,160000,0,user_36,670,670,
5480,34,120000,0,user_6,670,670,
5516,35,79000,24700,user_47,670,670,
5527,36,0,0,validator_4,100,670,5516
5512,37,100000,0,user_42,670,670,
5519,38,85000,0,user_49,670,670,
5506,39,84000,0,user_36,670,670,
5496,40,79000,0,user_19,670,670,
5479,41,73000,0,user_5,670,670,
5481,42,73000,0,user_6,670,670,
5530,0,19000000,0,user_1,671,671,
5546,1,19000000,0,user_14,671,671,
5552,2,19000000,0,user_20,671,671,
5563,3,19000000,0,user_29,671,671,
5567,4,6300000,0,user_32,671,671,
5565,5,6100000,0,user_31,671,671,
5589,6,4500000,64600,user_48,671,671,
5584,7,4200000,0,user_46,671,671,
5585,8,4200000,17000,user_46,671,671,
5568,9,3500000,19700,user_33,671,671,
5566,10,2400000,0,user_32,671,671,
5579,11,2400000,0,user_43,671,671,
5528,12,2300000,0,user_0,671,671,
5539,13,2300000,0,user_9,671,671,
5531,14,2100000,0,user_1,671,671,
5557,15,2100000,0,user_25,671,671,
5537,16,2000000,0,user_6,671,671,
5582,17,2000000,0,user_43,671,671,
5588,18,2000000,0,user_47,671,671,
5538,19,1800000,0,user_9,671,671,
5545,20,1700000,67500,user_14,671,671,
5541,21,1500000,49100,user_10,671,671,
5569,22,1500000,0,user_34,671,671,
5576,23,1500000,0,user_42,671,671,
5554,24,1400000,0,user_23,671,671,
5581,25,1300000,0,user_43,671,671,
5558,26,1200000,0,user_26,671,671,
5542,27,1100000,0,user_10,671,671,
5553,28,1100000,0,user_22,671,671,
5543,29,660000,13900,user_11,671,671,
5529,30,600000,0,user_0,671,671,
5580,31,470000,0,user_43,671,671,
5570,32,260000,0,user_35,671,671,
5583,33,260000,10700,user_46,671,671,
5535,34,220000,0,user_4,671,671,
5561,35,170000,16400,user_29,671,671,
5571,36,170000,769000,user_36,671,671,
5578,37,170000,19700,user_43,671,671,
5551,38,160000,0,user_17,671,671,
5556,39,160000,0,user_25,671,671,
5577,40,150000,146000,user_42,671,671,
5572,41,120000,18600,user_37,671,671,
5575,42,120000,5640,user_40,671,671,
5550,43,85000,0,user_17,671,671,
5540,44,84000,0,user_9,671,671,
5587,45,83000,0,user_47,671,671,
5534,46,73000,0,user_4,671,671,
5547,47,73000,84800,user_15,671,671,
5549,48,73000,146000,user_17,671,671,
5562,49,73000,0,user_29,671,671,
5586,50,73000,0,user_46,671,671,
5593,0,30000000,0,user_8,672,672,
5613,1,30000000,0,user_30,672,672,
5616,2,27000000,0,user_33,672,672,
5624,3,27000000,0,user_35,672,672,
5631,4,4500000,12800,user_40,672,672,
5646,5,0,0,validator_8,100,672,5631
5590,6,3500000,0,user_0,672,672,
5594,7,3500000,0,user_9,672,672,
5625,8,3200000,0,user_35,672,672,
5637,9,2600000,0,user_42,672,672,
5610,10,2000000,11200,user_25,672,672,
5647,11,0,0,validator_8,100,672,5610
5618,12,2000000,0,user_33,672,672,
5648,13,0,0,validator_8,100,672,5630
5630,14,1400000,350000,user_40,672,672,
5649,15,0,0,validator_8,100,672,5643
5643,16,1500000,164000,user_47,672,672,
5620,17,1600000,0,user_33,672,672,
5650,18,0,0,validator_8,100,672,5597
5597,19,1500000,15300,user_9,672,672,
5612,20,1500000,0,user_28,672,672,
5638,21,1400000,0,user_42,672,672,
5592,22,1100000,0,user_5,672,672,
5608,23,1000000,0,user_22,672,672,
5621,24,870000,0,user_34,672,672,
5645,25,870000,0,user_49,672,672,
5596,26,660000,0,user_9,672,672,
5614,27,350000,161000,user_30,672,672,
5651,28,0,0,validator_8,100,672,5614
5601,29,470000,13800,user_15,672,672,
5652,30,0,0,validator_8,100,672,5601
5633,31,470000,0,user_41,672,672,
5636,32,470000,0,user_41,672,672,
5602,33,420000,0,user_18,672,672,
5623,34,360000,32900,user_35,672,672,
5653,35,0,0,validator_8,100,672,5623
5591,36,320000,0,user_3,672,672,
5632,37,260000,0,user_41,672,672,
5595,38,240000,0,user_9,672,672,
5615,39,220000,0,user_31,672,672,
5617,40,220000,0,user_33,672,672,
5599,41,170000,0,user_13,672,672,
5600,42,150000,0,user_14,672,672,
5619,43,150000,0,user_33,672,672,
5635,44,150000,0,user_41,672,672,
5634,45,120000,0,user_41,672,672,
5607,46,100000,0,user_21,672,672,
5609,47,100000,0,user_22,672,672,
5622,48,79000,16400,user_35,672,672,
5654,49,0,0,validator_8,100,672,5622
5606,50,79000,0,user_21,672,672,
5644,51,79000,0,user_48,672,672,
5605,52,73000,0,user_20,672,672,
5611,53,70000,0,user_26,672,672,
5674,0,43000000,0,user_12,673,673,
5658,1,30000000,0,user_4,673,673,
5688,2,30000000,0,user_20,673,673,
5730,3,19000000,13900,user_48,673,673,
5729,4,5200000,0,user_48,673,673,
5714,5,5000000,0,user_42,673,673,
5700,6,4500000,594000,user_33,673,673,
5690,7,4200000,0,user_22,673,673,
5718,8,4200000,0,user_42,673,673,
5725,9,3600000,0,user_44,673,673,
5665,10,2500000,0,user_7,673,673,
5716,11,2500000,0,user_42,673,673,
5693,12,2400000,0,user_22,673,673,
5696,13,2300000,0,user_28,673,673,
5701,14,2300000,0,user_36,673,673,
5660,15,1500000,0,user_4,673,673,
5704,16,1500000,0,user_38,673,673,
5676,17,1400000,0,user_14,673,673,
5667,18,1300000,0,user_8,673,673,
5717,19,1300000,12800,user_42,673,673,
5694,20,1000000,0,user_22,673,673,
5724,21,870000,0,user_44,673,673,
5691,22,670000,0,user_22,673,673,
5708,23,660000,0,user_40,673,673,
5657,24,630000,0,user_4,673,673,
5673,25,600000,15700,user_10,673,673,
5661,26,530000,0,user_5,673,673,
5697,27,460000,0,user_30,673,673,
5726,28,460000,0,user_45,673,673,
5666,29,340000,959000,user_8,673,673,
5723,30,340000,10700,user_44,673,673,
5675,31,310000,0,user_13,673,673,
5703,32,310000,0,user_38,673,673,
5731,33,300000,0,user_49,673,673,
5662,34,170000,15700,user_5,673,673,
5659,35,160000,0,user_4,673,673,
5692,36,160000,0,user_22,673,673,
5698,37,160000,0,user_31,673,673,
5705,38,160000,0,user_38,673,673,
5689,39,150000,0,user_20,673,673,
5722,40,150000,0,user_44,673,673,
5670,41,130000,0,user_10,673,673,
5663,42,120000,21800,user_6,673,673,
5715,43,120000,0,user_42,673,673,
5671,44,110000,0,user_10,673,673,
5672,45,110000,0,user_10,673,673,
5699,46,110000,0,user_31,673,673,
5702,47,110000,0,user_37,673,673,
5707,48,110000,0,user_39,673,673,
5656,49,100001,0,user_2,673,673,5655
5655,50,100000,381000,user_1,673,673,
5706,51,80000,0,user_38,673,673,
5664,52,79000,161000,user_6,673,673,
5669,53,70000,0,user_10,673,673,
5721,54,70000,0,user_44,673,673,
5760,0,27000000,0,user_29,674,674,
5752,1,6300000,0,user_24,674,674,
5779,2,6300000,68100,user_45,674,674,
5770,3,5200000,0,user_38,674,674,
5746,4,3600000,0,user_18,674,674,
5756,5,3600000,0,user_26,674,674,
5757,6,2600000,15100,user_26,674,674,
5774,7,2600000,0,user_40,674,674,
5775,8,2400000,0,user_41,674,674,
5771,9,2300000,13800,user_40,674,674,
5740,10,2100000,0,user_10,674,674,
5769,11,2100000,0,user_37,674,674,
5772,12,2000000,0,user_40,674,674,
5755,13,1700000,0,user_26,674,674,
5745,14,1400000,0,user_18,674,674,
5743,15,1300000,0,user_15,674,674,
5776,16,1200000,0,user_42,674,674,
5737,17,1100000,0,user_6,674,674,
5750,18,1100000,0,user_22,674,674,
5780,19,1100000,161000,user_46,674,674,
5744,20,870000,0,user_17,674,674,
5748,21,630000,0,user_20,674,674,
5773,22,600000,0,user_40,674,674,
5768,23,530000,0,user_36,674,674,
5754,24,370000,0,user_26,674,674,
5732,25,320000,0,user_0,674,674,
5735,26,240000,0,user_4,674,674,
5749,27,170000,42000,user_21,674,674,
5759,28,130000,0,user_28,674,674,
5784,29,130000,0,user_49,674,674,
5753,30,120000,0,user_26,674,674,
5777,31,100000,0,user_43,674,674,
5747,32,98000,0,user_19,674,674,
5739,33,84000,0,user_8,674,674,
5741,34,84000,12300,user_12,674,674,
5781,35,84000,0,user_46,674,674,
5758,36,80000,0,user_27,674,674,
5736,37,79000,0,user_5,674,674,
5782,38,79000,0,user_46,674,674,
5819,0,27000000,0,user_28,675,675,
5809,1,5200000,0,user_20,675,675,
5839,2,0,0,validator_12,100,675,5788
5788,3,3500000,17000,user_4,675,675,
5801,4,3200000,35100,user_12,675,675,
5840,5,0,0,validator_12,100,675,5801
5835,6,2500000,0,user_45,675,675,
5841,7,0,0,validator_12,100,675,5825
5825,8,2400000,43600,user_36,675,675,
5842,9,0,0,validator_12,100,675,5808
5808,10,2300000,67500,user_20,675,675,
5802,11,2000000,0,user_13,675,675,
5823,12,2000000,0,user_33,675,675,
5831,13,2000000,0,user_43,675,675,
5817,14,1800000,0,user_27,675,675,
5843,15,0,0,validator_12,100,675,5804
5804,16,1500000,68100,user_14,675,675,
5833,17,1300000,0,user_44,675,675,
5844,18,0,0,validator_12,100,675,5815
5815,19,1100000,12300,user_24,675,675,
5807,20,1100000,0,user_19,675,675,
5845,21,0,0,validator_12,100,675,5836
5836,22,1000000,75000,user_46,675,675,
5822,23,660000,0,user_33,675,675,
5832,24,630000,0,user_44,675,675,
5826,25,530000,0,user_39,675,675,
5846,26,0,0,validator_12,100,675,5830
5830,27,360000,139000,user_43,675,675,
5814,28,340000,0,user_23,675,675,
5827,29,170000,15700,user_40,675,675,
5847,30,0,0,validator_12,100,675,5827
5797,31,170000,0,user_9,675,675,
5812,32,170000,0,user_22,675,675,
5787,33,150000,0,user_3,675,675,
5798,34,150000,0,user_10,675,675,
5818,35,150000,0,user_28,675,675,
5799,36,120000,0,user_11,675,675,
5803,37,120000,0,user_13,675,675,
5820,38,120000,0,user_29,675,675,
5821,39,120000,0,user_33,675,675,
5789,40,110000,0,user_4,675,675,
5810,41,110000,0,user_20,675,675,
5834,42,110000,0,user_44,675,675,
5813,43,100000,0,user_23,675,675,
5838,44,100000,0,user_49,675,675,
5824,45,98000,0,user_35,675,675,
5816,46,84000,0,user_25,675,675,
5800,47,79000,0,user_12,675,675,
5786,48,73000,0,user_1,675,675,
5892,0,43000000,0,user_39,676,676,
5870,1,27000000,0,user_21,676,676,
5902,2,0,0,validator_8,100,676,5860
5860,3,19000000,164000,user_15,676,676,
5851,4,5200000,0,user_4,676,676,
5878,5,3600000,21800,user_27,676,676,
5903,6,0,0,validator_8,100,676,5878
5862,7,1900000,410000,user_16,676,676,
5904,8,0,0,validator_8,100,676,5862
5885,9,1700000,0,user_31,676,676,
5905,10,0,0,validator_8,100,676,5896
5896,11,1500000,139000,user_44,676,676,
5859,12,1600000,0,user_13,676,676,
5848,13,1300000,0,user_0,676,676,
5876,14,1300000,0,user_25,676,676,
5884,15,1300000,0,user_31,676,676,
5906,16,0,0,validator_8,100,676,5893
5893,17,1100000,34700,user_40,676,676,
5861,18,1000000,33100,user_15,676,676,
5907,19,0,0,validator_8,100,676,5861
5882,20,870000,0,user_27,676,676,
5873,21,670000,0,user_22,676,676,
5869,22,600000,0,user_20,676,676,
5879,23,600000,0,user_27,676,676,
5880,24,350000,15300,user_27,676,676,
5908,25,0,0,validator_8,100,676,5880
5872,26,360000,0,user_22,676,676,
5909,27,0,0,validator_8,100,676,5901
5901,28,310000,30200,user_49,676,676,
5910,29,0,0,validator_8,100,676,5858
5858,30,160000,164000,user_12,676,676,
5854,31,310000,0,user_8,676,676,
5865,32,260000,0,user_18,676,676,
5877,33,170000,0,user_26,676,676,
5883,34,98000,56200,user_29,676,676,
5911,35,0,0,validator_8,100,676,5883
5881,36,150000,0,user_27,676,676,
5857,37,110000,0,user_11,676,676,
5871,38,100000,0,user_22,676,676,
5875,39,100000,0,user_25,676,676,
5874,40,70000,0,user_23,676,676,
5946,0,43000000,0,user_28,677,677,
5951,1,27000000,0,user_31,677,677,
5950,2,19000000,215000,user_31,677,677,
5961,3,5000000,8520,user_47,677,677,
5942,4,4200000,0,user_25,677,677,
5960,5,4200000,0,user_46,677,677,
5932,6,2300000,0,user_18,677,677,
5919,7,2000000,0,user_9,677,677,
5936,8,1800000,0,user_20,677,677,
5912,9,1500000,0,user_1,677,677,
5933,10,1500000,0,user_18,677,677,
5925,11,1200000,24700,user_13,677,677,
5938,12,1200000,0,user_21,677,677,
5921,13,1100000,0,user_11,677,677,
5941,14,1000000,0,user_23,677,677,
5959,15,660000,545000,user_46,677,677,
5924,16,470000,0,user_13,677,677,
5949,17,460000,67500,user_31,677,677,
5958,18,420000,0,user_44,677,677,
5918,19,340000,0,user_8,677,677,
5931,20,340000,0,user_17,677,677,
5916,21,310000,139000,user_5,677,677,
5948,22,260000,0,user_29,677,677,
5955,23,260000,0,user_38,677,677,
5956,24,260000,0,user_39,677,677,
5917,25,220000,0,user_6,677,677,
5935,26,220000,47700,user_20,677,677,
5930,27,190000,19700,user_17,677,677,
5923,28,160000,0,user_13,677,677,
5926,29,160000,23500,user_13,677,677,
5928,30,160000,0,user_14,677,677,
5934,31,160000,31700,user_20,677,677,
5947,32,150000,32900,user_29,677,677,
5920,33,130000,0,user_10,677,677,
5929,34,130000,128000,user_16,677,677,
5914,35,120000,17700000,user_3,677,677,
5937,36,120000,0,user_20,677,677,
5953,37,120000,146000,user_34,677,677,
5954,38,120000,14200,user_35,677,677,
5957,39,120000,0,user_42,677,677,
5927,40,110000,0,user_14,677,677,
5945,41,100000,0,user_28,677,677,
5943,42,84000,0,user_26,677,677,
5952,43,79000,0,user_33,677,677,
5939,44,77000,0,user_22,677,677,
5940,45,73000,0,user_22,677,677,
5987,0,5200000,0,user_20,678,678,
5994,1,5000000,0,user_26,678,678,
5985,2,4200000,0,user_20,678,678,
5988,3,4200000,0,user_21,678,678,
6003,4,2600000,0,user_32,678,678,
5991,5,2400000,0,user_26,678,678,
6024,6,2300000,42000,user_47,678,678,
6030,7,0,0,validator_9,100,678,6024
6011,8,2100000,0,user_39,678,678,
5969,9,2000000,0,user_5,678,678,
5999,10,1800000,0,user_31,678,678,
5970,11,1600000,0,user_6,678,678,
5972,12,1600000,0,user_8,678,678,
6017,13,1500000,0,user_42,678,678,
6015,14,1200000,231000,user_42,678,678,
6031,15,0,0,validator_9,100,678,6015
5967,16,1300000,0,user_2,678,678,
6025,17,1000000,0,user_47,678,678,
6028,18,1000000,0,user_49,678,678,
6032,19,0,0,validator_9,100,678,6019
6019,20,120000,779000,user_43,678,678,
6016,21,420000,381000,user_42,678,678,
6033,22,0,0,validator_9,100,678,6016
6021,23,660000,0,user_45,678,678,
6023,24,650000,0,user_46,678,678,
5971,25,460000,0,user_8,678,678,
6029,26,420000,0,user_49,678,678,
5998,27,320000,56200,user_28,678,678,
6034,28,0,0,validator_9,100,678,5998
5975,29,370000,0,user_12,678,678,
6002,30,370000,0,user_31,678,678,
5966,31,340000,0,user_2,678,678,
5977,32,340000,0,user_14,678,678,
6035,33,0,0,validator_9,100,678,6014
6014,34,220000,21800,user_42,678,678,
5992,35,240000,0,user_26,678,678,
5963,36,220000,0,user_2,678,678,
5976,37,170000,0,user_13,678,678,
6018,38,170000,0,user_43,678,678,
6027,39,170000,0,user_49,678,678,
5997,40,160000,0,user_28,678,678,
5981,41,120000,0,user_18,678,678,
5984,42,120000,0,user_20,678,678,
5986,43,120000,0,user_20,678,678,
6013,44,120000,0,user_41,678,678,
6022,45,120000,0,user_45,678,678,
5964,46,110000,0,user_2,678,678,
6012,47,84000,23500,user_40,678,678,
6036,48,0,0,validator_9,100,678,6012
5974,49,79000,12800,user_11,678,678,
6037,50,0,0,validator_9,100,678,5974
5979,51,87000,0,user_16,678,678,
5993,52,84000,0,user_26,678,678,
5965,53,83000,0,user_2,678,678,
6000,54,82000,0,user_31,678,678,
6001,55,73000,0,user_31,678,678,
6082,0,19000000,15300,user_35,679,679,
6093,1,0,0,validator_0,100,679,6082
6066,2,19000000,0,user_20,679,679,
6061,3,6100000,12800,user_17,679,679,
6094,4,0,0,validator_0,100,679,6061
6051,5,5200000,0,user_9,679,679,
6056,6,4200000,0,user_11,679,679,
6076,7,3600000,0,user_29,679,679,
6057,8,2300000,594000,user_13,679,679,
6095,9,0,0,validator_0,100,679,6057
6091,10,2500000,0,user_46,679,679,
6046,11,2400000,0,user_5,679,679,
6088,12,2000000,0,user_43,679,679,
6096,13,0,0,validator_0,100,679,6038
6038,14,1400000,67900,user_0,679,679,
6039,15,1400001,0,user_0,679,679,6038
6040,16,1400001,0,user_0,679,679,6038
6041,17,1400001,0,user_2,679,679,6038
6050,18,1400000,0,user_8,679,679,
6081,19,1400000,0,user_35,679,679,
6045,20,1300000,0,user_5,679,679,
6097,21,0,0,validator_0,100,679,6087
6087,22,1000000,30200,user_43,679,679,
6055,23,870000,0,user_11,679,679,
6064,24,670000,0,user_19,679,679,
6073,25,150000,350000,user_27,679,679,
6098,26,0,0,validator_0,100,679,6073
6062,27,190000,296000,user_18,679,679,
6099,28,0,0,validator_0,100,679,6062
6060,29,460000,0,user_17,679,679,
6042,30,420000,0,user_3,679,679,
6092,31,350000,0,user_48,679,679,
6063,32,120000,215000,user_19,679,679,
6100,33,0,0,validator_0,100,679,6063
6077,34,310000,0,user_29,679,679,
6059,35,300000,0,user_15,679,679,
6049,36,260000,0,user_8,679,679,
6101,37,0,0,validator_0,100,679,6080
6080,38,120000,139000,user_32,679,679,
6065,39,240000,0,user_20,679,679,
6089,40,240000,0,user_44,679,679,
6048,41,170000,0,user_7,679,679,
6070,42,170000,0,user_22,679,679,
6069,43,160000,0,user_22,679,679,
6078,44,150000,0,user_29,679,679,
6075,45,110000,31700,user_29,679,679,
6102,46,0,0,validator_0,100,679,6075
6043,47,120000,0,user_3,679,679,
6071,48,110000,0,user_23,679,679,
6083,49,110000,0,user_38,679,679,
6103,50,0,0,validator_0,100,679,6047
6047,51,85000,3130,user_6,679,679,
6052,52,82000,0,user_9,679,679,
6135,0,5000000,0,user_41,680,680,
6133,1,2600000,0,user_40,680,680,
6118,2,2500000,0,user_15,680,680,
6124,3,2000000,0,user_22,680,680,
6108,4,1800000,0,user_6,680,680,
6111,5,1400000,0,user_11,680,680,
6115,6,1400000,0,user_13,680,680,
6129,7,1400000,0,user_30,680,680,
6109,8,1300000,0,user_6,680,680,
6113,9,1000000,0,user_12,680,680,
6136,10,1000000,0,user_43,680,680,
6127,11,650000,0,user_27,680,680,
6139,12,600000,0,user_46,680,680,
6105,13,460000,0,user_2,680,680,
6121,14,370000,0,user_18,680,680,
6119,15,300000,0,user_16,680,680,
6120,16,220000,381000,user_17,680,680,
6104,17,160000,0,user_1,680,680,
6117,18,160000,0,user_15,680,680,
6134,19,160000,0,user_40,680,680,
6138,20,160000,146000,user_45,680,680,
6132,21,150000,0,user_36,680,680,
6137,22,150000,0,user_44,680,680,
6114,23,120000,0,user_13,680,680,
6116,24,120000,0,user_14,680,680,
6131,25,120000,0,user_36,680,680,
6106,26,110000,0,user_3,680,680,
6140,27,100000,0,user_48,680,680,
6125,28,98000,0,user_24,680,680,
6122,29,85000,1100000,user_20,680,680,
6112,30,83000,0,user_12,680,680,
6174,0,30000000,0,user_34,681,681,
6192,1,5200000,0,user_42,681,681,
6153,2,5000000,0,user_11,681,681,
6198,3,3500000,0,user_44,681,681,
6179,4,2600000,0,user_36,681,681,
6154,5,2500000,0,user_12,681,681,
6200,6,2500000,18600,user_44,681,681,
6166,7,2000000,3130,user_24,681,681,
6185,8,1900000,0,user_39,681,681,
6193,9,1900000,0,user_42,681,681,
6210,10,1900000,545000,user_48,681,681,
6172,11,1800000,0,user_32,681,681,
6182,12,1700000,0,user_39,681,681,
6167,13,1600000,0,user_24,681,681,
6195,14,1600000,155000,user_43,681,681,
6159,15,1500000,0,user_20,681,681,
6188,16,1500000,0,user_41,681,681,
6164,17,1400000,0,user_24,681,681,
6186,18,1400000,0,user_40,681,681,
6196,19,1300000,0,user_43,681,681,
6191,20,1200000,0,user_42,681,681,
6143,21,1100001,0,user_2,681,681,6142
6145,22,1100001,0,user_2,681,681,6142
6142,23,1100000,34700,user_1,681,681,
6173,24,1100000,0,user_33,681,681,
6178,25,1100000,13900,user_36,681,681,
6144,26,1099999,0,user_2,681,681,6142
6146,27,1099999,0,user_2,681,681,6142
6168,28,1000000,0,user_24,681,681,
6202,29,1000000,0,user_45,681,681,
6141,30,870000,0,user_0,681,681,
6152,31,870000,0,user_9,681,681,
6184,32,670000,0,user_39,681,681,
6190,33,670000,0,user_42,681,681,
6165,34,660000,410000,user_24,681,681,
6194,35,660000,0,user_43,681,681,
6203,36,650000,0,user_46,681,681,
6150,37,460000,0,user_7,681,681,
6201,38,420000,0,user_44,681,681,
6156,39,370000,0,user_17,681,681,
6160,40,360000,0,user_20,681,681,
6199,41,360000,0,user_44,681,681,
6155,42,240000,0,user_16,681,681,
6158,43,220000,0,user_18,681,681,
6209,44,220000,215000,user_48,681,681,
6148,45,170000,33300,user_4,681,681,
6189,46,150000,0,user_42,681,681,
6176,47,120000,71800,user_36,681,681,
6197,48,120000,0,user_44,681,681,
6157,49,110000,0,user_17,681,681,
6183,50,110000,32900,user_39,681,681,
6187,51,110000,0,user_41,681,681,
6177,52,87000,0,user_36,681,681,
6147,53,85000,0,user_3,681,681,
6180,54,84000,0,user_37,681,681,
6171,55,82000,0,user_32,681,681,
6204,56,70000,0,user_46,681,681,
6226,0,30000000,0,user_13,682,682,
6229,1,30000000,0,user_14,682,682,
6259,2,6100000,0,user_47,682,682,
6241,3,5200000,0,user_23,682,682,
6237,4,5000000,0,user_17,682,682,
6224,5,2600000,0,user_13,682,682,
6231,6,2600000,0,user_15,682,682,
6239,7,2600000,0,user_21,682,682,
6260,8,2400000,71800,user_48,682,682,
6261,9,0,0,validator_10,100,682,6260
6243,10,2400000,0,user_24,682,682,
6262,11,0,0,validator_10,100,682,6247
6247,12,2000000,108000,user_30,682,682,
6254,13,1900000,0,user_42,682,682,
6251,14,1500000,0,user_36,682,682,
6236,15,1100000,0,user_16,682,682,
6250,16,1100000,0,user_35,682,682,
6219,17,1000000,0,user_6,682,682,
6257,18,870000,0,user_44,682,682,
6255,19,310000,369000,user_43,682,682,
6263,20,0,0,validator_10,100,682,6255
6258,21,650000,0,user_45,682,682,
6215,22,600000,0,user_3,682,682,
6227,23,460000,0,user_14,682,682,
6220,24,360000,0,user_7,682,682,
6253,25,340000,0,user_39,682,682,
6244,26,320000,11200,user_27,682,682,
6264,27,0,0,validator_10,100,682,6244
6232,28,310000,0,user_16,682,682,
6235,29,310000,0,user_16,682,682,
6242,30,310000,0,user_24,682,682,
6256,31,310000,0,user_43,682,682,
6218,32,98000,155000,user_6,682,682,
6265,33,0,0,validator_10,100,682,6218
6228,34,220000,0,user_14,682,682,
6221,35,160000,0,user_8,682,682,
6225,36,160000,0,user_13,682,682,
6248,37,160000,0,user_30,682,682,
6252,38,150000,0,user_37,682,682,
6211,39,73000,68100,user_0,682,682,
6266,40,0,0,validator_10,100,682,6211
6230,41,130000,0,user_14,682,682,
6240,42,130000,0,user_21,682,682,
6249,43,120000,0,user_32,682,682,
6245,44,110000,0,user_27,682,682,
6233,45,100000,0,user_16,682,682,
6217,46,85000,0,user_5,682,682,
6234,47,80000,0,user_16,682,682,
6214,48,73001,0,user_2,682,682,6211
6212,49,72999,0,user_1,682,682,6211
6213,50,72999,0,user_1,682,682,6211
6308,0,19000000,0,user_37,683,683,
6279,1,6100000,0,user_10,683,683,
6282,2,5200000,0,user_13,683,683,
6315,3,5200000,0,user_42,683,683,
6318,4,5200000,256000,user_45,683,683,
6291,5,5000000,0,user_17,683,683,
6303,6,5000000,0,user_33,683,683,
6299,7,4200000,0,user_28,683,683,
6276,8,3600000,0,user_7,683,683,
6324,9,3600000,71800,user_49,683,683,
6287,10,2600000,0,user_14,683,683,
6307,11,2500000,0,user_36,683,683,
6283,12,2100000,779000,user_13,683,683,
6319,13,2100000,0,user_46,683,683,
6268,14,2000000,0,user_1,683,683,
6269,15,1900000,0,user_1,683,683,
6304,16,1600000,0,user_34,683,683,
6323,17,1600000,71800,user_49,683,683,
6286,18,1500000,0,user_13,683,683,
6311,19,1500000,0,user_41,683,683,
6316,20,1500000,0,user_42,683,683,
6310,21,870000,0,user_39,683,683,
6296,22,600000,0,user_24,683,683,
6281,23,370000,0,user_12,683,683,
6312,24,370000,0,user_42,683,683,
6314,25,340000,0,user_42,683,683,
6317,26,340000,0,user_44,683,683,
6321,27,320000,959000,user_48,683,683,
6309,28,310000,35100,user_39,683,683,
6325,29,310000,0,user_49,683,683,
6273,30,300000,84800,user_3,683,683,
6288,31,260000,0,user_15,683,683,
6297,32,240000,60700,user_26,683,683,
6292,33,220000,0,user_18,683,683,
6293,34,220000,0,user_18,683,683,
6320,35,220000,0,user_46,683,683,
6267,36,170000,0,user_0,683,683,
6280,37,170000,0,user_11,683,683,
6284,38,170000,13900,user_13,683,683,
6298,39,120000,0,user_27,683,683,
6289,40,100000,42000,user_16,683,683,
6285,41,84000,5630,user_13,683,683,
6275,42,82000,0,user_6,683,683,
6313,43,82000,0,user_42,683,683,
6271,44,80001,0,user_1,683,683,6270
6270,45,80000,12300,user_1,683,683,
6290,46,80000,0,user_16,683,683,
6272,47,79999,0,user_1,683,683,6270
6322,48,73000,0,user_48,683,683,
4184,0,43000000,0,user_4,684,684,
4185,1,30000000,0,user_5,684,684,
4188,2,5200000,0,user_9,684,684,
4197,3,3500000,43600,user_20,684,684,
4230,4,0,0,validator_8,100,684,4197
4220,5,2100000,959000,user_41,684,684,
4231,6,0,0,validator_8,100,684,4220
4211,7,2600000,0,user_32,684,684,
4232,8,0,0,validator_8,100,684,4218
4218,9,2000000,5630,user_40,684,684,
4189,10,2000000,0,user_9,684,684,
4191,11,2000000,0,user_12,684,684,
4199,12,2000000,0,user_22,684,684,
4204,13,1900000,0,user_24,684,684,
4205,14,1700000,0,user_25,684,684,
4195,15,1500000,21800,user_18,684,684,
4233,16,0,0,validator_8,100,684,4195
4228,17,1200000,0,user_47,684,684,
4187,18,1100000,0,user_8,684,684,
4209,19,1100000,0,user_29,684,684,
4229,20,1100000,0,user_48,684,684,
4207,21,1000000,0,user_27,684,684,
4208,22,870000,0,user_28,684,684,
4222,23,600000,0,user_44,684,684,
4234,24,0,0,validator_8,100,684,4214
4214,25,310000,215000,user_39,684,684,
4235,26,0,0,validator_8,100,684,4216
4216,27,220000,155000,user_39,684,684,
4210,28,260000,0,user_30,684,684,
4236,29,0,0,validator_8,100,684,4223
4223,30,100000,146000,user_44,684,684,
4193,31,220000,0,user_15,684,684,
4237,32,0,0,validator_8,100,684,4206
4206,33,110000,84800,user_26,684,684,
4219,34,190000,0,user_41,684,684,
4183,35,170000,0,user_4,684,684,
4217,36,170000,0,user_39,684,684,
4238,37,0,0,validator_8,100,684,4221
4221,38,150000,16400,user_44,684,684,
4198,39,150000,0,user_21,684,684,
4239,40,0,0,validator_8,100,684,4203
4203,41,120000,6390,user_24,684,684,
4192,42,120000,0,user_14,684,684,
4202,43,120000,0,user_23,684,684,
4224,44,120000,0,user_44,684,684,
4215,45,110000,3130,user_39,684,684,
4240,46,0,0,validator_8,100,684,4215
4241,47,0,0,validator_8,100,684,4201
4201,48,98000,15100,user_23,684,684,
4182,49,110000,0,user_1,684,684,
4200,50,80000,0,user_22,684,684,
4291,0,43000000,0,user_45,685,685,
4295,1,0,0,validator_1,100,685,4244
4244,2,160000,17700000,user_4,685,685,
4264,3,5000000,0,user_23,685,685,
4249,4,4500000,36800,user_9,685,685,
4296,5,0,0,validator_1,100,685,4249
4297,6,0,0,validator_1,100,685,4287
4287,7,83000,4320000,user_43,685,685,
4250,8,4200000,75000,user_10,685,685,
4298,9,0,0,validator_1,100,685,4250
4279,10,3500000,0,user_40,685,685,
4283,11,3500000,0,user_40,685,685,
4242,12,2000000,0,user_1,685,685,
4245,13,1100000,594000,user_5,685,685,
4299,14,0,0,validator_1,100,685,4245
4247,15,1600000,0,user_7,685,685,
4293,16,1300000,0,user_48,685,685,
4300,17,0,0,validator_1,100,685,4257
4257,18,1000000,285000,user_16,685,685,
4261,19,1100000,0,user_21,685,685,
4267,20,1000000,0,user_25,685,685,
4292,21,970000,0,user_47,685,685,
4301,22,0,0,validator_1,100,685,4272
4272,23,460000,322000,user_32,685,685,
4286,24,660000,0,user_43,685,685,
4252,25,80000,510000,user_11,685,685,
4302,26,0,0,validator_1,100,685,4252
4251,27,150000,296000,user_11,685,685,
4303,28,0,0,validator_1,100,685,4251
4281,29,310000,68100,user_40,685,685,
4304,30,0,0,validator_1,100,685,4281
4305,31,0,0,validator_1,100,685,4280
4280,32,320000,36800,user_40,685,685,
4270,33,340000,3130,user_29,685,685,
4306,34,0,0,validator_1,100,685,4270
4266,35,260000,64600,user_24,685,685,
4307,36,0,0,validator_1,100,685,4266
4271,37,320000,0,user_32,685,685,
4265,38,260000,0,user_24,685,685,
4273,39,260000,0,user_33,685,685,
4268,40,160000,0,user_27,685,685,
4260,41,150000,0,user_20,685,685,
4269,42,150000,0,user_28,685,685,
4278,43,150000,0,user_38,685,685,
4248,44,120000,0,user_7,685,685,
4259,45,120000,0,user_19,685,685,
4263,46,98000,13900,user_23,685,685,
4308,47,0,0,validator_1,100,685,4263
4284,48,110000,0,user_41,685,685,
4294,49,110000,0,user_49,685,685,
4253,50,100000,0,user_12,685,685,
4254,51,83000,0,user_13,685,685,
4290,52,82000,0,user_45,685,685,
4276,53,79000,0,user_36,685,685,
4285,54,77000,0,user_42,685,685,
4282,55,73000,0,user_40,685,685,
4322,0,27000000,0,user_10,686,686,
4330,1,19000000,0,user_20,686,686,
4349,2,6100000,0,user_36,686,686,
4354,3,5200000,0,user_39,686,686,
4319,4,5000000,0,user_6,686,686,
4355,5,3600000,0,user_41,686,686,
4326,6,3500000,0,user_17,686,686,
4364,7,2500000,128000,user_45,686,686,
4339,8,2100000,0,user_26,686,686,
4323,9,2000000,0,user_11,686,686,
4366,10,1900000,12300,user_47,686,686,
4357,11,1600000,0,user_41,686,686,
4362,12,1600000,161000,user_43,686,686,
4310,13,1500001,0,user_2,686,686,4309
4311,14,1500001,0,user_2,686,686,4309
4309,15,1500000,75000,user_0,686,686,
4314,16,1400000,0,user_4,686,686,
4334,17,1400000,381000,user_22,686,686,
4324,18,1300000,0,user_12,686,686,
4335,19,1100000,0,user_22,686,686,
4361,20,1100000,0,user_43,686,686,
4325,21,1000000,0,user_14,686,686,
4360,22,910000,15100,user_42,686,686,
4337,23,470000,0,user_24,686,686,
4343,24,470000,0,user_29,686,686,
4320,25,460000,0,user_6,686,686,
4353,26,350000,0,user_39,686,686,
4318,27,310000,0,user_6,686,686,
4365,28,260000,0,user_46,686,686,
4315,29,220000,0,user_5,686,686,
4333,30,220000,0,user_22,686,686,
4328,31,170000,0,user_19,686,686,
4327,32,150000,67900,user_19,686,686,
4356,33,150000,0,user_41,686,686,
4358,34,150000,108000,user_41,686,686,
4321,35,130000,0,user_9,686,686,
4332,36,130000,0,user_20,686,686,
4342,37,120000,0,user_29,686,686,
4352,38,120000,0,user_38,686,686,
4359,39,120000,0,user_41,686,686,
4317,40,110000,0,user_6,686,686,
4338,41,110000,56200,user_24,686,686,
4351,42,110000,0,user_38,686,686,
4331,43,100000,0,user_20,686,686,
4350,44,98000,0,user_37,686,686,
4340,45,87000,0,user_27,686,686,
4341,46,87000,0,user_28,686,686,
4316,47,82000,0,user_6,686,686,
4329,48,73000,0,user_19,686,686,
4383,0,27000000,0,user_14,687,687,
4412,1,27000000,0,user_45,687,687,
4380,2,19000000,0,user_12,687,687,
4403,3,19000000,0,user_38,687,687,
4388,4,2100000,4320000,user_20,687,687,
4421,5,0,0,validator_10,100,687,4388
4409,6,6100000,35100,user_42,687,687,
4422,7,0,0,validator_10,100,687,4409
4423,8,0,0,validator_10,100,687,4402
4402,9,4200000,285000,user_37,687,687,
4410,10,3600000,0,user_43,687,687,
4391,11,2500000,0,user_23,687,687,
4407,12,2500000,0,user_41,687,687,
4406,13,2400000,0,user_40,687,687,
4424,14,0,0,validator_10,100,687,4420
4420,15,1700000,410000,user_48,687,687,
4425,16,0,0,validator_10,100,687,4398
4398,17,1800000,43600,user_31,687,687,
4393,18,1600000,0,user_25,687,687,
4414,19,1500000,0,user_45,687,687,
4399,20,1400000,0,user_32,687,687,
4408,21,1400000,0,user_41,687,687,
4400,22,1100000,0,user_35,687,687,
4379,23,1000000,0,user_12,687,687,
4390,24,1000000,0,user_21,687,687,
4401,25,970000,0,user_36,687,687,
4386,26,650000,0,user_16,687,687,
4389,27,530000,16400,user_20,687,687,
4426,28,0,0,validator_10,100,687,4389
4370,29,470000,0,user_2,687,687,
4404,30,460000,0,user_39,687,687,
4419,31,420000,7840,user_47,687,687,
4427,32,0,0,validator_10,100,687,4419
4373,33,260000,49100,user_5,687,687,
4428,34,0,0,validator_10,100,687,4373
4381,35,160000,128000,user_13,687,687,
4429,36,0,0,validator_10,100,687,4381
4430,37,0,0,validator_10,100,687,4405
4405,38,220000,46500,user_40,687,687,
4382,39,170000,0,user_13,687,687,
4411,40,170000,0,user_45,687,687,
4375,41,160000,0,user_6,687,687,
4385,42,160000,0,user_15,687,687,
4392,43,160000,0,user_24,687,687,
4387,44,150000,0,user_20,687,687,
4397,45,150000,0,user_30,687,687,
4369,46,130000,0,user_0,687,687,
4431,47,0,0,validator_10,100,687,4374
4374,48,84000,14200,user_6,687,687,
4413,49,98000,0,user_45,687,687,
4371,50,87000,0,user_3,687,687,
4384,51,85000,0,user_15,687,687,
4450,0,30000000,0,user_15,688,688,
4459,1,30000000,0,user_26,688,688,
4483,2,5200000,0,user_49,688,688,
4485,3,0,0,validator_13,100,688,4481
4481,4,5000000,67500,user_46,688,688,
4486,5,0,0,validator_13,100,688,4467
4467,6,3600000,296000,user_35,688,688,
4478,7,1900000,231000,user_44,688,688,
4487,8,0,0,validator_13,100,688,4478
4465,9,1800000,0,user_33,688,688,
4488,10,0,0,validator_13,100,688,4479
4479,11,970000,769000,user_45,688,688,
4464,12,1600000,0,user_31,688,688,
4461,13,1500000,0,user_29,688,688,
4434,14,1400000,0,user_3,688,688,
4466,15,910000,369000,user_35,688,688,
4489,16,0,0,validator_13,100,688,4466
4433,17,1000000,0,user_1,688,688,
4440,18,1000000,0,user_7,688,688,
4490,19,0,0,validator_13,100,688,4469
4469,20,170000,769000,user_37,688,688,
4457,21,670000,161000,user_24,688,688,
4491,22,0,0,validator_13,100,688,4457
4476,23,670000,0,user_41,688,688,
4451,24,630000,0,user_17,688,688,
4492,25,0,0,validator_13,100,688,4448
4448,26,220000,381000,user_13,688,688,
4447,27,530000,0,user_13,688,688,
4493,28,0,0,validator_13,100,688,4435
4435,29,460000,47700,user_5,688,688,
4470,30,470000,0,user_38,688,688,
4432,31,420000,0,user_1,688,688,
4452,32,340000,68100,user_18,688,688,
4494,33,0,0,validator_13,100,688,4452
4484,34,370000,0,user_49,688,688,
4495,35,0,0,validator_13,100,688,4463
4463,36,340000,10700,user_30,688,688,
4446,37,340000,0,user_12,688,688,
4441,38,260000,0,user_8,688,688,
4480,39,260000,0,user_46,688,688,
4460,40,220000,0,user_27,688,688,
4496,41,0,0,validator_13,100,688,4468
4468,42,170000,15700,user_36,688,688,
4462,43,150000,0,user_29,688,688,
4442,44,130000,0,user_8,688,688,
4436,45,120000,0,user_5,688,688,
4449,46,120000,0,user_14,688,688,
4439,47,110000,0,user_7,688,688,
4477,48,110000,0,user_43,688,688,
4482,49,85000,0,user_47,688,688,
4458,50,82000,0,user_26,688,688,
4499,0,30000000,0,user_2,689,689,
4544,1,30000000,0,user_36,689,689,
4564,2,0,0,validator_12,100,689,4521
4521,3,150000,17700000,user_17,689,689,
4545,4,6300000,0,user_37,689,689,
4559,5,4200000,0,user_46,689,689,
4511,6,3600000,0,user_9,689,689,
4557,7,3500000,0,user_45,689,689,
4551,8,3200000,0,user_43,689,689,
4540,9,2600000,0,user_33,689,689,
4518,10,2500000,0,user_14,689,689,
4519,11,2400000,0,user_15,689,689,
4510,12,1800000,0,user_9,689,689,
4508,13,1700000,0,user_9,689,689,
4565,14,0,0,validator_12,100,689,4520
4520,15,1400000,256000,user_16,689,689,
4566,16,0,0,validator_12,100,689,4528
4528,17,1600000,13800,user_24,689,689,
4504,18,1600000,0,user_7,689,689,
4529,19,1400000,195000,user_25,689,689,
4567,20,0,0,validator_12,100,689,4529
4556,21,1500000,0,user_45,689,689,
4542,22,1300000,0,user_35,689,689,
4547,23,1300000,0,user_39,689,689,
4538,24,910000,0,user_32,689,689,
4537,25,870000,0,user_31,689,689,
4505,26,87000,594000,user_7,689,689,
4568,27,0,0,validator_12,100,689,4505
4513,28,660000,0,user_10,689,689,
4554,29,660000,0,user_44,689,689,
4530,30,600000,0,user_25,689,689,
4552,31,530000,0,user_44,689,689,
4553,32,470000,0,user_44,689,689,
4509,33,420000,0,user_9,689,689,
4498,34,350000,0,user_1,689,689,
4500,35,350000,0,user_4,689,689,
4527,36,350000,0,user_22,689,689,
4555,37,350000,0,user_44,689,689,
4558,38,320000,21800,user_46,689,689,
4569,39,0,0,validator_12,100,689,4558
4512,40,340000,0,user_9,689,689,
4536,41,340000,0,user_30,689,689,
4517,42,320000,0,user_12,689,689,
4560,43,300000,0,user_46,689,689,
4524,44,260000,0,user_20,689,689,
4533,45,260000,0,user_28,689,689,
4543,46,260000,0,user_35,689,689,
4562,47,170000,84800,user_46,689,689,
4570,48,0,0,validator_12,100,689,4562
4561,49,190000,0,user_46,689,689,
4571,50,0,0,validator_12,100,689,4515
4515,51,100000,60700,user_10,689,689,
4523,52,160000,0,user_19,689,689,
4535,53,160000,0,user_29,689,689,
4534,54,110000,49100,user_28,689,689,
4572,55,0,0,validator_12,100,689,4534
4539,56,120000,0,user_33,689,689,
4550,57,120000,0,user_43,689,689,
4563,58,120000,0,user_49,689,689,
4525,59,110000,0,user_20,689,689,
4531,60,100000,0,user_25,689,689,
4541,61,98000,0,user_34,689,689,
4516,62,84000,0,user_11,689,689,
4514,63,83000,0,user_10,689,689,
4603,0,43000000,0,user_26,690,690,
4578,1,6100000,0,user_3,690,690,
4620,2,5200000,0,user_48,690,690,
4619,3,3200000,195000,user_46,690,690,
4580,4,2500000,0,user_5,690,690,
4611,5,2500000,0,user_37,690,690,
4618,6,2400000,0,user_46,690,690,
4582,7,2300000,296000,user_7,690,690,
4585,8,2000000,73100,user_14,690,690,
4595,9,2000000,0,user_18,690,690,
4597,10,2000000,0,user_22,690,690,
4586,11,1900000,0,user_14,690,690,
4608,12,1600000,17700000,user_36,690,690,
4614,13,1500000,100000,user_42,690,690,
4579,14,1400000,42000,user_3,690,690,
4596,15,1400000,769000,user_20,690,690,
4610,16,1100000,3130,user_37,690,690,
4616,17,1100000,0,user_44,690,690,
4599,18,1000000,0,user_23,690,690,
4574,19,970000,0,user_1,690,690,
4592,20,670000,0,user_17,690,690,
4575,21,650000,0,user_1,690,690,
4581,22,460000,0,user_7,690,690,
4576,23,370000,0,user_1,690,690,
4583,24,340000,0,user_9,690,690,
4602,25,310000,0,user_26,690,690,
4600,26,260000,0,user_23,690,690,
4598,27,240000,0,user_22,690,690,
4604,28,170000,0,user_28,690,690,
4591,29,160000,0,user_17,690,690,
4593,30,160000,0,user_17,690,690,
4612,31,160000,0,user_38,690,690,
4605,32,150000,0,user_29,690,690,
4607,33,150000,0,user_35,690,690,
4594,34,120000,67500,user_17,690,690,
4609,35,110000,0,user_36,690,690,
4590,36,85000,7840,user_16,690,690,
4587,37,84000,39400,user_14,690,690,
4613,38,84000,0,user_39,690,690,
4615,39,80000,0,user_43,690,690,
4606,40,79000,0,user_34,690,690,
4617,41,73000,0,user_45,690,690,
4638,0,43000000,0,user_8,691,691,
4653,1,27000000,0,user_19,691,691,
4687,2,19000000,13900,user_44,691,691,
4693,3,0,0,validator_3,100,691,4687
4694,4,0,0,validator_3,100,691,4680
4680,5,5000000,47700,user_36,691,691,
4647,6,5000000,0,user_13,691,691,
4674,7,5000000,0,user_35,691,691,
4695,8,0,0,validator_3,100,691,4644
4644,9,3200000,510000,user_11,691,691,
4696,10,0,0,validator_3,100,691,4627
4627,11,2600000,959000,user_5,691,691,
4681,12,3200000,0,user_37,691,691,
4688,13,3200000,0,user_44,691,691,
4629,14,2600000,0,user_6,691,691,
4678,15,2400000,0,user_36,691,691,
4671,16,2000000,0,user_31,691,691,
4685,17,1600000,21800,user_42,691,691,
4697,18,0,0,validator_3,100,691,4685
4654,19,1500000,33100,user_19,691,691,
4698,20,0,0,validator_3,100,691,4654
4649,21,1500000,0,user_15,691,691,
4658,22,1500000,0,user_23,691,691,
4670,23,1500000,0,user_31,691,691,
4628,24,1400000,0,user_5,691,691,
4634,25,1300000,0,user_8,691,691,
4690,26,1300000,0,user_47,691,691,
4648,27,1000000,0,user_14,691,691,
4676,28,1000000,0,user_35,691,691,
4643,29,970000,0,user_10,691,691,
4673,30,870000,0,user_34,691,691,
4699,31,0,0,validator_3,100,691,4630
4630,32,660000,42000,user_7,691,691,
4635,33,670000,0,user_8,691,691,
4683,34,630000,0,user_41,691,691,
4679,35,600000,0,user_36,691,691,
4650,36,460000,121000,user_16,691,691,
4700,37,0,0,validator_3,100,691,4650
4701,38,0,0,validator_3,100,691,4631
4631,39,470000,31700,user_7,691,691,
4640,40,420000,0,user_9,691,691,
4684,41,420000,0,user_41,691,691,
4645,42,350000,0,user_12,691,691,
4633,43,310000,0,user_7,691,691,
4637,44,260000,0,user_8,691,691,
4659,45,240000,0,user_24,691,691,
4661,46,170000,67900,user_26,691,691,
4702,47,0,0,validator_3,100,691,4661
4652,48,190000,39400,user_19,691,691,
4703,49,0,0,validator_3,100,691,4652
4625,50,220000,0,user_0,691,691,
4682,51,220000,0,user_40,691,691,
4677,52,170000,33300,user_35,691,691,
4704,53,0,0,validator_3,100,691,4677
4632,54,170000,0,user_7,691,691,
4657,55,170000,0,user_23,691,691,
4675,56,160000,0,user_35,691,691,
4639,57,150000,0,user_9,691,691,
4662,58,150000,0,user_27,691,691,
4663,59,150000,0,user_27,691,691,
4642,60,120000,0,user_10,691,691,
4641,61,110000,0,user_9,691,691,
4672,62,110000,0,user_33,691,691,
4636,63,83000,7840,user_8,691,691,
4705,64,0,0,validator_3,100,691,4636
4664,65,87000,0,user_28,691,691,
4689,66,87000,0,user_46,691,691,
4651,67,82000,0,user_19,691,691,
4646,68,79000,0,user_13,691,691,
4660,69,73000,0,user_25,691,691,
4686,70,70000,0,user_42,691,691,
4754,0,6100000,14200,user_47,692,692,
4708,1,4999999,0,user_1,692,692,4707
4745,2,4500000,0,user_40,692,692,
4756,3,4500000,0,user_48,692,692,
4751,4,4200000,0,user_47,692,692,
4728,5,3600000,16400,user_19,692,692,
4729,6,3600000,146000,user_20,692,692,
4746,7,3500000,0,user_42,692,692,
4735,8,2500000,0,user_29,692,692,
4737,9,2300000,0,user_31,692,692,
4732,10,2000000,0,user_25,692,692,
4713,11,1600000,0,user_5,692,692,
4723,12,1600000,0,user_16,692,692,
4730,13,1500000,0,user_22,692,692,
4718,14,1400000,0,user_10,692,692,
4739,15,1100000,139000,user_36,692,692,
4740,16,1000000,0,user_37,692,692,
4743,17,470000,0,user_40,692,692,
4722,18,460000,0,user_16,692,692,
4711,19,420000,47700,user_3,692,692,
4750,20,350000,381000,user_46,692,692,
4747,21,340000,0,user_43,692,692,
4752,22,340000,0,user_47,692,692,
4741,23,320000,381000,user_38,692,692,
4744,24,310000,164000,user_40,692,692,
4742,25,260000,0,user_39,692,692,
4726,26,240000,0,user_17,692,692,
4733,27,240000,0,user_26,692,692,
4749,28,240000,108000,user_45,692,692,
4719,29,220000,0,user_14,692,692,
4755,30,170000,0,user_47,692,692,
4725,31,160000,0,user_16,692,692,
4753,32,160000,13900,user_47,692,692,
4757,33,160000,0,user_48,692,692,
4714,34,150000,410000,user_6,692,692,
4715,35,120000,0,user_8,692,692,
4717,36,120000,0,user_10,692,692,
4734,37,120000,0,user_28,692,692,
4736,38,120000,0,user_31,692,692,
4748,39,100000,0,user_44,692,692,
4724,40,98000,0,user_16,692,692,
4727,41,87000,0,user_18,692,692,
4709,42,85000,0,user_3,692,692,
4710,43,79000,0,user_3,692,692,
4716,44,79000,0,user_9,692,692,
4767,0,30000000,0,user_11,693,693,
4761,1,27000000,0,user_7,693,693,
4778,2,27000000,0,user_26,693,693,
4781,3,4200000,0,user_32,693,693,
4765,4,2100000,0,user_9,693,693,
4792,5,2100000,0,user_49,693,693,
4766,6,1500000,0,user_10,693,693,
4790,7,1300000,0,user_48,693,693,
4791,8,1200000,0,user_49,693,693,
4768,9,1000000,100000,user_12,693,693,
4771,10,1000000,0,user_16,693,693,
4762,11,370000,0,user_7,693,693,
4785,12,360000,0,user_36,693,693,
4782,13,320000,0,user_33,693,693,
4760,14,310000,0,user_4,693,693,
4770,15,310000,0,user_15,693,693,
4759,16,150000,350000,user_2,693,693,
4786,17,150000,15100,user_37,693,693,
4787,18,130000,0,user_39,693,693,
4788,19,130000,30200,user_46,693,693,
4789,20,120000,0,user_48,693,693,
4769,21,100000,0,user_13,693,693,
4797,0,30000000,0,user_3,694,694,
4837,1,30000000,0,user_39,694,694,
4796,2,6300000,0,user_2,694,694,
4848,3,5200000,66100,user_47,694,694,
4853,4,0,0,validator_11,100,694,4848
4831,5,5000000,0,user_34,694,694,
4854,6,0,0,validator_11,100,694,4830
4830,7,4500000,17000,user_33,694,694,
4807,8,3500000,0,user_11,694,694,
4842,9,3500000,0,user_42,694,694,
4809,10,2600000,0,user_12,694,694,
4820,11,2300000,0,user_22,694,694,
4799,12,2000000,5630,user_4,694,694,
4855,13,0,0,validator_11,100,694,4799
4845,14,2000000,0,user_44,694,694,
4794,15,1700000,0,user_0,694,694,
4823,16,1400000,0,user_25,694,694,
4835,17,1400000,0,user_37,694,694,
4825,18,1300000,0,user_26,694,694,
4828,19,1300000,0,user_30,694,694,
4836,20,1300000,0,user_38,694,694,
4844,21,1300000,0,user_44,694,694,
4847,22,1200000,0,user_45,694,694,
4849,23,1200000,0,user_47,694,694,
4856,24,0,0,validator_11,100,694,4821
4821,25,1100000,18600,user_22,694,694,
4857,26,0,0,validator_11,100,694,4811
4811,27,1100000,11200,user_16,694,694,
4838,28,1100000,0,user_39,694,694,
4841,29,1100000,0,user_41,694,694,
4852,30,1000000,15300,user_49,694,694,
4858,31,0,0,validator_11,100,694,4852
4808,32,1000000,0,user_11,694,694,
4834,33,970000,0,user_37,694,694,
4795,34,870000,0,user_0,694,694,
4827,35,660000,0,user_29,694,694,
4816,36,600000,0,user_19,694,694,
4843,37,470000,0,user_43,694,694,
4859,38,0,0,validator_11,100,694,4833
4833,39,350000,42000,user_36,694,694,
4826,40,320000,0,user_28,694,694,
4803,41,240000,0,user_8,694,694,
4798,42,190000,0,user_3,694,694,
4850,43,190000,0,user_48,694,694,
4860,44,0,0,validator_11,100,694,4804
4804,45,160000,17000,user_9,694,694,
4812,46,170000,0,user_16,694,694,
4824,47,170000,0,user_26,694,694,
4802,48,150000,19700,user_8,694,694,
4861,49,0,0,validator_11,100,694,4802
4846,50,160000,0,user_45,694,694,
4822,51,150000,0,user_23,694,694,
4829,52,150000,0,user_32,694,694,
4851,53,150000,0,user_48,694,694,
4793,54,120000,0,user_0,694,694,
4814,55,120000,0,user_17,694,694,
4813,56,110000,0,user_16,694,694,
4819,57,110000,0,user_21,694,694,
4832,58,83000,0,user_36,694,694,
4815,59,77000,0,user_18,694,694,
4862,0,27000000,0,user_0,695,695,
4891,1,27000000,0,user_22,695,695,
4917,2,19000000,195000,user_41,695,695,
4936,3,0,0,validator_8,100,695,4917
4937,4,0,0,validator_8,100,695,4893
4893,5,6300000,322000,user_24,695,695,
4932,6,5000000,231000,user_47,695,695,
4938,7,0,0,validator_8,100,695,4932
4939,8,0,0,validator_8,100,695,4930
4930,9,5200000,10700,user_47,695,695,
4889,10,5200000,0,user_21,695,695,
4888,11,5000000,13900,user_20,695,695,
4940,12,0,0,validator_8,100,695,4888
4906,13,5000000,0,user_31,695,695,
4907,14,5000000,0,user_32,695,695,
4894,15,4500000,0,user_24,695,695,
4919,16,4200000,0,user_41,695,695,
4929,17,4200000,0,user_47,695,695,
4886,18,3600000,369000,user_18,695,695,
4941,19,0,0,validator_8,100,695,4886
4899,20,3600000,0,user_28,695,695,
4868,21,3500000,0,user_3,695,695,
4881,22,3200000,0,user_11,695,695,
4895,23,3200000,0,user_25,695,695,
4918,24,2000000,0,user_41,695,695,
4933,25,2000000,0,user_48,695,695,
4883,26,1600000,0,user_16,695,695,
4897,27,1500000,0,user_26,695,695,
4890,28,1400000,0,user_21,695,695,
4934,29,1300000,0,user_49,695,695,
4942,30,0,0,validator_8,100,695,4912
4912,31,460000,769000,user_39,695,695,
4866,32,1100000,108000,user_3,695,695,
4943,33,0,0,validator_8,100,695,4866
4869,34,1100000,0,user_3,695,695,
4898,35,1000000,21800,user_27,695,695,
4944,36,0,0,validator_8,100,695,4898
4915,37,630000,56200,user_41,695,695,
4945,38,0,0,validator_8,100,695,4915
4913,39,650000,0,user_39,695,695,
4892,40,470000,0,user_24,695,695,
4876,41,460000,0,user_7,695,695,
4879,42,420000,0,user_9,695,695,
4924,43,420000,0,user_44,695,695,
4901,44,360000,0,user_30,695,695,
4871,45,350000,0,user_4,695,695,
4873,46,350000,0,user_5,695,695,
4903,47,340000,0,user_30,695,695,
4908,48,300000,0,user_33,695,695,
4872,49,220000,0,user_5,695,695,
4920,50,220000,0,user_42,695,695,
4935,51,220000,0,user_49,695,695,
4900,52,190000,0,user_29,695,695,
4914,53,190000,0,user_40,695,695,
4925,54,190000,0,user_44,695,695,
4916,55,170000,11200,user_41,695,695,
4946,56,0,0,validator_8,100,695,4916
4870,57,170000,0,user_3,695,695,
4921,58,110000,43600,user_42,695,695,
4947,59,0,0,validator_8,100,695,4921
4867,60,150000,0,user_3,695,695,
4882,61,150000,0,user_12,695,695,
4877,62,120000,0,user_8,695,695,
4896,63,120000,0,user_26,695,695,
4902,64,120000,0,user_30,695,695,
4863,65,110000,0,user_1,695,695,
4904,66,110000,0,user_30,695,695,
4905,67,110000,0,user_30,695,695,
4884,68,100000,0,user_16,695,695,
4909,69,73000,24700,user_34,695,695,
4948,70,0,0,validator_8,100,695,4909
4878,71,80000,0,user_9,695,695,
4931,72,79000,0,user_47,695,695,
4959,0,43000000,5640,user_7,696,696,
4972,1,19000000,0,user_17,696,696,
5003,2,5000000,0,user_47,696,696,
4998,3,4500000,0,user_42,696,696,
4999,4,4200000,0,user_42,696,696,
5004,5,3200000,0,user_48,696,696,
5005,6,3200000,18600,user_48,696,696,
4995,7,2400000,35100,user_39,696,696,
4973,8,2300000,0,user_17,696,696,
4986,9,2300000,0,user_31,696,696,
4992,10,2300000,0,user_37,696,696,
4974,11,2100000,0,user_19,696,696,
5000,12,2100000,594000,user_43,696,696,
5001,13,2100000,10700,user_45,696,696,
4984,14,1900000,0,user_28,696,696,
4991,15,1600000,0,user_36,696,696,
4993,16,1500000,0,user_38,696,696,
4964,17,1400000,0,user_11,696,696,
4963,18,1300000,0,user_10,696,696,
4967,19,1000000,0,user_14,696,696,
4989,20,870000,17000,user_33,696,696,
4990,21,530000,0,user_35,696,696,
4985,22,470000,0,user_30,696,696,
4996,23,460000,0,user_40,696,696,
4960,24,420000,0,user_7,696,696,
4970,25,370000,0,user_17,696,696,
4979,26,350000,410000,user_23,696,696,
4980,27,310000,0,user_25,696,696,
4954,28,300000,0,user_6,696,696,
5002,29,300000,0,user_46,696,696,
4976,30,260000,0,user_21,696,696,
4997,31,260000,322000,user_41,696,696,
4953,32,220000,16400,user_5,696,696,
4958,33,160000,0,user_6,696,696,
4971,34,160000,0,user_17,696,696,
4956,35,150000,0,user_6,696,696,
4961,36,150000,0,user_9,696,696,
4962,37,150000,0,user_9,696,696,
4994,38,150000,0,user_39,696,696,
4950,39,120000,0,user_1,696,696,
4978,40,110000,100000,user_23,696,696,
4975,41,98000,0,user_19,696,696,
4981,42,87000,0,user_26,696,696,
4977,43,85000,0,user_22,696,696,
4955,44,84000,0,user_6,696,696,
4957,45,80000,0,user_6,696,696,
5053,0,30000000,0,user_43,697,697,
5013,1,19000000,0,user_6,697,697,
5059,2,5000000,164000,user_48,697,697,
5060,3,0,0,validator_0,100,697,5059
5051,4,5000000,0,user_42,697,697,
5006,5,4500000,0,user_0,697,697,
5023,6,3200000,0,user_16,697,697,
5029,7,1800000,0,user_19,697,697,
5061,8,0,0,validator_0,100,697,5008
5008,9,1600000,42000,user_3,697,697,
5021,10,1400000,67500,user_13,697,697,
5062,11,0,0,validator_0,100,697,5021
5020,12,1400000,0,user_12,697,697,
5042,13,100000,1100000,user_35,697,697,
5063,14,0,0,validator_0,100,697,5042
5019,15,1000000,0,user_11,697,697,
5026,16,1000000,0,user_17,697,697,
5015,17,970000,0,user_7,697,697,
5030,18,970000,0,user_20,697,697,
5054,19,870000,7840,user_44,697,697,
5064,20,0,0,validator_0,100,697,5054
5014,21,870000,0,user_6,697,697,
5027,22,870000,0,user_18,697,697,
5016,23,670000,0,user_8,697,697,
5036,24,670000,0,user_27,697,697,
5052,25,660000,0,user_43,697,697,
5044,26,630000,0,user_37,697,697,
5011,27,530000,0,user_5,697,697,
5025,28,420000,100000,user_16,697,697,
5065,29,0,0,validator_0,100,697,5025
5012,30,460000,0,user_5,697,697,
5032,31,460000,0,user_23,697,697,
5024,32,300000,12300,user_16,697,697,
5066,33,0,0,validator_0,100,697,5024
5058,34,310000,0,user_47,697,697,
5040,35,300000,0,user_32,697,697,
5038,36,260000,0,user_29,697,697,
5046,37,260000,0,user_38,697,697,
5067,38,0,0,validator_0,100,697,5041
5041,39,82000,146000,user_33,697,697,
5055,40,190000,0,user_44,697,697,
5022,41,120000,0,user_15,697,697,
5017,42,110000,0,user_9,697,697,
5049,43,100000,0,user_40,697,697,
5037,44,83000,0,user_29,697,697,
5047,45,77000,0,user_38,697,697,
5028,46,70000,0,user_19,697,697,
5045,47,70000,0,user_37,697,697,
5073,0,43000000,0,user_5,698,698,
5083,1,30000000,0,user_11,698,698,
5072,2,6300000,0,user_5,698,698,
5074,3,5000000,0,user_5,698,698,
5087,4,5000000,0,user_14,698,698,
5117,5,5000000,0,user_39,698,698,
5123,6,5000000,0,user_42,698,698,
5132,7,5000000,0,user_48,698,698,
5125,8,4500000,0,user_44,698,698,
5114,9,4200000,0,user_39,698,698,
5136,10,0,0,validator_10,100,698,5109
5109,11,3600000,18600,user_32,698,698,
5090,12,2600000,0,user_16,698,698,
5069,13,2400000,139000,user_3,698,698,
5137,14,0,0,validator_10,100,698,5069
5103,15,2400000,3130,user_24,698,698,
5138,16,0,0,validator_10,100,698,5103
5078,17,2400000,0,user_8,698,698,
5139,18,0,0,validator_10,100,698,5098
5098,19,2000000,15300,user_21,698,698,
5070,20,2000000,0,user_3,698,698,
5131,21,2000000,0,user_47,698,698,
5134,22,2000000,0,user_48,698,698,
5140,23,0,0,validator_10,100,698,5111
5111,24,1600000,381000,user_34,698,698,
5118,25,1700000,0,user_40,698,698,
5075,26,1500000,0,user_5,698,698,
5082,27,1500000,0,user_11,698,698,
5141,28,0,0,validator_10,100,698,5092
5092,29,1000000,410000,user_17,698,698,
5079,30,1400000,0,user_8,698,698,
5104,31,1400000,0,user_25,698,698,
5101,32,1200000,0,user_22,698,698,
5115,33,1200000,0,user_39,698,698,
5128,34,1200000,0,user_45,698,698,
5077,35,73000,1100000,user_8,698,698,
5142,36,0,0,validator_10,100,698,5077
5071,37,1100000,0,user_3,698,698,
5143,38,0,0,validator_10,100,698,5084
5084,39,1000000,66100,user_12,698,698,
5144,40,0,0,validator_10,100,698,5085
5085,41,220000,594000,user_14,698,698,
5100,42,660000,0,user_22,698,698,
5133,43,660000,0,user_48,698,698,
5089,44,630000,0,user_15,698,698,
5145,45,0,0,validator_10,100,698,5120
5120,46,420000,128000,user_40,698,698,
5146,47,0,0,validator_10,100,698,5102
5102,48,150000,381000,user_23,698,698,
5091,49,530000,0,user_16,698,698,
5129,50,120000,410000,user_45,698,698,
5147,51,0,0,validator_10,100,698,5129
5099,52,350000,139000,user_21,698,698,
5148,53,0,0,validator_10,100,698,5099
5121,54,420000,0,user_40,698,698,
5127,55,370000,0,user_45,698,698,
5110,56,240000,0,user_33,698,698,
5076,57,190000,0,user_5,698,698,
5119,58,190000,0,user_40,698,698,
5116,59,170000,0,user_39,698,698,
5122,60,170000,0,user_41,698,698,
5088,61,160000,0,user_14,698,698,
5112,62,160000,0,user_35,698,698,
5135,63,160000,0,user_49,698,698,
5086,64,150000,0,user_14,698,698,
5126,65,150000,0,user_45,698,698,
5068,66,98000,34700,user_0,698,698,
5149,67,0,0,validator_10,100,698,5068
5124,68,120000,0,user_43,698,698,
5080,69,110000,0,user_8,698,698,
5097,70,87000,0,user_19,698,698,
5113,71,80000,0,user_37,698,698,
5165,0,19000000,0,user_18,699,699,
5202,1,6100000,0,user_47,699,699,
5191,2,5000000,0,user_35,699,699,
5163,3,4500000,6390,user_18,699,699,
5172,4,3500000,0,user_22,699,699,
5170,5,3200000,0,user_21,699,699,
5201,6,2100000,0,user_42,699,699,
5168,7,2000000,0,user_20,699,699,
5155,8,1900000,0,user_6,699,699,
5176,9,1600000,0,user_23,699,699,
5189,10,1500000,0,user_34,699,699,
5153,11,1300000,0,user_4,699,699,
5174,12,670000,73100,user_22,699,699,
5159,13,650000,0,user_14,699,699,
5200,14,600000,0,user_42,699,699,
5188,15,470000,12300,user_32,699,699,
5193,16,470000,0,user_36,699,699,
5162,17,310000,0,user_17,699,699,
5194,18,310000,0,user_38,699,699,
5152,19,300000,39400,user_4,699,699,
5150,20,260000,0,user_1,699,699,
5167,21,240000,56200,user_19,699,699,
5190,22,220000,0,user_34,699,699,
5192,23,190000,0,user_36,699,699,
5171,24,170000,0,user_22,699,699,
5173,25,170000,0,user_22,699,699,
5199,26,160000,0,user_42,699,699,
5156,27,150000,0,user_7,699,699,
5195,28,150000,0,user_38,699,699,
5198,29,150000,0,user_40,699,699,
5157,30,120000,0,user_10,699,699,
5164,31,120000,0,user_18,699,699,
5175,32,120000,0,user_23,699,699,
5166,33,110000,19700,user_18,699,699,
5169,34,98000,31700,user_21,699,699,
5182,35,87000,0,user_29,699,699,
5177,36,77000,0,user_23,699,699,
5203,37,73000,0,user_47,699,699,
5228,0,43000000,19700,user_20,700,700,
5264,1,0,0,validator_0,100,700,5228
5240,2,5200000,42000,user_31,700,700,
5265,3,0,0,validator_0,100,700,5240
5215,4,5000000,0,user_11,700,700,
5217,5,5000000,0,user_11,700,700,
5246,6,5000000,0,user_35,700,700,
5212,7,4500000,0,user_7,700,700,
5206,8,4200000,0,user_0,700,700,
5227,9,3500000,0,user_19,700,700,
5209,10,2600000,0,user_7,700,700,
5266,11,0,0,validator_0,100,700,5210
5210,12,1600000,779000,user_7,700,700,
5263,13,1800000,0,user_49,700,700,
5229,14,1500000,0,user_20,700,700,
5261,15,1400000,0,user_48,700,700,
5235,16,1200000,0,user_27,700,700,
5207,17,1000000,0,user_2,700,700,
5211,18,1000000,0,user_7,700,700,
5225,19,1000000,0,user_18,700,700,
5241,20,1000000,0,user_32,700,700,
5267,21,0,0,validator_0,100,700,5258
5258,22,910000,43600,user_44,700,700,
5238,23,870000,0,user_29,700,700,
5232,24,660000,0,user_23,700,700,
5248,25,650000,0,user_38,700,700,
5268,26,0,0,validator_0,100,700,5230
5230,27,350000,283000,user_20,700,700,
5226,28,420000,0,user_19,700,700,
5260,29,360000,7840,user_46,700,700,
5269,30,0,0,validator_0,100,700,5260
5223,31,350000,0,user_15,700,700,
5270,32,0,0,validator_0,100,700,5218
5218,33,220000,42000,user_12,700,700,
5216,34,240000,0,user_11,700,700,
5257,35,170000,0,user_43,700,700,
5271,36,0,0,validator_0,100,700,5262
5262,37,150000,12800,user_49,700,700,
5272,38,0,0,validator_0,100,700,5222
5222,39,87000,24700,user_15,700,700,
5213,40,110000,0,user_8,700,700,
5220,41,110000,0,user_13,700,700,
5255,42,110000,0,user_42,700,700,
5256,43,110000,0,user_42,700,700,
5219,44,100000,0,user_13,700,700,
5224,45,98000,0,user_17,700,700,
5259,46,83000,0,user_44,700,700,
5292,0,43000000,39400,user_19,701,701,
5318,1,0,0,validator_0,100,701,5292
5287,2,27000000,0,user_15,701,701,
5305,3,19000000,545000,user_33,701,701,
5319,4,0,0,validator_0,100,701,5305
5320,5,0,0,validator_0,100,701,5285
5285,6,970000,17700000,user_15,701,701,
5316,7,6300000,0,user_48,701,701,
5278,8,6100000,32900,user_7,701,701,
5321,9,0,0,validator_0,100,701,5278
5288,10,5000000,0,user_16,701,701,
5301,11,2000000,24700,user_23,701,701,
5322,12,0,0,validator_0,100,701,5301
5276,13,2000000,0,user_3,701,701,
5307,14,1500000,108000,user_38,701,701,
5323,15,0,0,validator_0,100,701,5307
5297,16,1500000,0,user_22,701,701,
5293,17,670000,0,user_20,701,701,
5274,18,530000,6390,user_2,701,701,
5324,19,0,0,validator_0,100,701,5274
5275,20,529999,0,user_2,701,701,5274
5299,21,470000,0,user_22,701,701,
5303,22,460000,0,user_31,701,701,
5294,23,220000,164000,user_20,701,701,
5325,24,0,0,validator_0,100,701,5294
5314,25,370000,0,user_47,701,701,
5282,26,310000,0,user_11,701,701,
5280,27,190000,0,user_8,701,701,
5295,28,190000,0,user_20,701,701,
5298,29,160000,0,user_22,701,701,
5304,30,160000,0,user_32,701,701,
5312,31,160000,0,user_43,701,701,
5283,32,150000,0,user_13,701,701,
5289,33,150000,0,user_17,701,701,
5326,34,0,0,validator_0,100,701,5311
5311,35,130000,13800,user_42,701,701,
5286,36,120000,3130,user_15,701,701,
5327,37,0,0,validator_0,100,701,5286
5290,38,120000,0,user_18,701,701,
5315,39,120000,0,user_47,701,701,
5279,40,110000,0,user_7,701,701,
5291,41,110000,0,user_18,701,701,
5328,42,0,0,validator_0,100,701,5300
5300,43,79000,12800,user_22,701,701,
5306,44,84000,0,user_37,701,701,
5277,45,77000,0,user_3,701,701,
5317,46,70000,0,user_49,701,701,
5385,0,0,0,validator_2,100,702,5334
5334,1,30000000,350000,user_5,702,702,
5373,2,30000000,0,user_34,702,702,
5358,3,19000000,0,user_22,702,702,
5386,4,0,0,validator_2,100,702,5377
5377,5,650000,7190000,user_39,702,702,
5387,6,0,0,validator_2,100,702,5333
5333,7,170000,7190000,user_5,702,702,
5367,8,5000000,0,user_30,702,702,
5368,9,5000000,0,user_30,702,702,
5356,10,4200000,0,user_21,702,702,
5359,11,3200000,0,user_23,702,702,
5388,12,0,0,validator_2,100,702,5365
5365,13,2000000,8520,user_30,702,702,
5341,14,2000000,0,user_14,702,702,
5347,15,2000000,0,user_16,702,702,
5348,16,2000000,0,user_16,702,702,
5349,17,2000000,0,user_18,702,702,
5355,18,2000000,0,user_21,702,702,
5380,19,2000000,0,user_42,702,702,
5366,20,1500000,410000,user_30,702,702,
5389,21,0,0,validator_2,100,702,5366
5357,22,1900000,0,user_21,702,702,
5371,23,1400000,0,user_32,702,702,
5332,24,1200000,0,user_4,702,702,
5379,25,970000,0,user_41,702,702,
5338,26,910000,0,user_12,702,702,
5360,27,470000,0,user_23,702,702,
5390,28,0,0,validator_2,100,702,5339
5339,29,110000,322000,user_12,702,702,
5391,30,0,0,validator_2,100,702,5382
5382,31,260000,164000,user_45,702,702,
5370,32,420000,0,user_32,702,702,
5372,33,350000,0,user_33,702,702,
5354,34,260000,0,user_21,702,702,
5363,35,260000,0,user_27,702,702,
5383,36,220000,0,user_46,702,702,
5353,37,170000,0,user_20,702,702,
5362,38,170000,0,user_25,702,702,
5369,39,170000,0,user_31,702,702,
5331,40,160000,6390,user_3,702,702,
5392,41,0,0,validator_2,100,702,5331
5364,42,160000,0,user_29,702,702,
5374,43,83000,67900,user_35,702,702,
5393,44,0,0,validator_2,100,702,5374
5337,45,120000,23500,user_11,702,702,
5394,46,0,0,validator_2,100,702,5337
5352,47,120000,0,user_20,702,702,
5335,48,110000,0,user_7,702,702,
5350,49,110000,0,user_18,702,702,
5336,50,85000,0,user_10,702,702,
5381,51,85000,0,user_44,702,702,
5384,52,77000,0,user_48,702,702,
5378,53,70000,0,user_39,702,702,
5428,0,19000000,0,user_30,703,703,
5398,1,2600000,0,user_3,703,703,
5440,2,2600000,0,user_38,703,703,
5446,3,2600000,0,user_45,703,703,
5412,4,2500000,17700000,user_17,703,703,
5436,5,2300000,73100,user_37,703,703,
5438,6,2100000,0,user_38,703,703,
5415,7,2000000,0,user_21,703,703,
5443,8,2000000,39400,user_42,703,703,
5430,9,1600000,0,user_31,703,703,
5409,10,1500000,0,user_14,703,703,
5418,11,1500000,0,user_23,703,703,
5439,12,1500000,15700,user_38,703,703,
5404,13,1400000,0,user_7,703,703,
5448,14,1400000,0,user_46,703,703,
5403,15,1100000,0,user_6,703,703,
5432,16,1000000,0,user_33,703,703,
5424,17,910000,0,user_26,703,703,
5426,18,870000,0,user_29,703,703,
5447,19,650000,181000,user_46,703,703,
5449,20,530000,0,user_48,703,703,
5396,21,420000,0,user_1,703,703,
5413,22,420000,0,user_20,703,703,
5429,23,350000,13800,user_31,703,703,
5414,24,260000,0,user_20,703,703,
5442,25,170000,0,user_39,703,703,
5405,26,160000,17700000,user_8,703,703,
5406,27,160000,0,user_9,703,703,
5422,28,150000,0,user_26,703,703,
5437,29,150000,256000,user_38,703,703,
5417,30,120000,64600,user_23,703,703,
5421,31,120000,0,user_25,703,703,
5435,32,120000,0,user_36,703,703,
5399,33,110000,0,user_3,703,703,
5444,34,98000,0,user_43,703,703,
5427,35,87000,24700,user_29,703,703,
5445,36,87000,0,user_44,703,703,
5425,37,85000,0,user_28,703,703,
5408,38,84000,0,user_14,703,703,
5433,39,84000,0,user_34,703,703,
5434,40,83000,0,user_35,703,703,
5423,41,80000,7190000,user_26,703,703,
5416,42,77000,215000,user_22,703,703,
5441,43,77000,0,user_39,703,703,
5411,44,70000,0,user_16,703,703,
5450,0,27000000,13800,user_0,704,704,
5495,1,0,0,validator_6,100,704,5450
5451,2,27000001,0,user_2,704,704,5450
5466,3,5000000,0,user_17,704,704,
5455,4,4500000,0,user_6,704,704,
5496,5,0,0,validator_6,100,704,5473
5473,6,1400000,1100000,user_24,704,704,
5479,7,2000000,0,user_31,704,704,
5493,8,2000000,0,user_48,704,704,
5475,9,1800000,0,user_25,704,704,
5480,10,1700000,0,user_31,704,704,
5484,11,1600000,0,user_39,704,704,
5457,12,1500000,35600,user_8,704,704,
5497,13,0,0,validator_6,100,704,5457
5498,14,0,0,validator_6,100,704,5477
5477,15,1400000,67500,user_25,704,704,
5499,16,0,0,validator_6,100,704,5464
5464,17,1100000,84800,user_15,704,704,
5491,18,970000,0,user_46,704,704,
5500,19,0,0,validator_6,100,704,5488
5488,20,910000,14200,user_42,704,704,
5501,21,0,0,validator_6,100,704,5476
5476,22,120000,545000,user_25,704,704,
5456,23,660000,0,user_7,704,704,
5468,24,530000,0,user_19,704,704,
5470,25,420000,0,user_21,704,704,
5478,26,420000,0,user_29,704,704,
5469,27,370000,0,user_20,704,704,
5462,28,320000,0,user_13,704,704,
5482,29,260000,0,user_38,704,704,
5452,30,220000,0,user_3,704,704,
5459,31,110000,84800,user_10,704,704,
5502,32,0,0,validator_6,100,704,5459
5463,33,160000,13900,user_14,704,704,
5503,34,0,0,validator_6,100,704,5463
5492,35,170000,0,user_46,704,704,
5458,36,160000,0,user_9,704,704,
5460,37,160000,0,user_12,704,704,
5481,38,120000,0,user_37,704,704,
5490,39,120000,0,user_44,704,704,
5453,40,110000,0,user_4,704,704,
5489,41,85000,0,user_43,704,704,
5474,42,82000,0,user_24,704,704,
5467,43,80000,0,user_18,704,704,
5461,44,79000,0,user_12,704,704,
5465,45,79000,0,user_16,704,704,
5483,46,73000,0,user_38,704,704,
5555,0,43000000,0,user_44,705,705,
5513,1,30000000,24700,user_8,705,705,
5561,2,0,0,validator_11,100,705,5513
5540,3,19000000,510000,user_28,705,705,
5562,4,0,0,validator_11,100,705,5540
5511,5,5000000,0,user_6,705,705,
5563,6,0,0,validator_11,100,705,5526
5526,7,3500000,43600,user_17,705,705,
5559,8,3200000,283000,user_47,705,705,
5564,9,0,0,validator_11,100,705,5559
5516,10,2500000,0,user_12,705,705,
5527,11,2500000,0,user_18,705,705,
5553,12,2300000,0,user_42,705,705,
5556,13,2300000,0,user_45,705,705,
5508,14,2000000,0,user_4,705,705,
5528,15,2000000,0,user_18,705,705,
5529,16,2000000,0,user_18,705,705,
5530,17,1900000,0,user_21,705,705,
5547,18,1800000,0,user_36,705,705,
5520,19,1700000,0,user_14,705,705,
5548,20,1700000,0,user_39,705,705,
5524,21,1600000,0,user_15,705,705,
5545,22,1600000,0,user_31,705,705,
5565,23,0,0,validator_11,100,705,5531
5531,24,1500000,71800,user_22,705,705,
5523,25,1400000,0,user_15,705,705,
5551,26,1000000,0,user_41,705,705,
5515,27,910000,0,user_11,705,705,
5534,28,870000,0,user_23,705,705,
5532,29,600000,0,user_23,705,705,
5539,30,460000,0,user_28,705,705,
5552,31,460000,0,user_42,705,705,
5541,32,350000,14200,user_28,705,705,
5566,33,0,0,validator_11,100,705,5541
5509,34,350000,0,user_5,705,705,
5536,35,340000,0,user_25,705,705,
5504,36,310000,0,user_0,705,705,
5554,37,310000,0,user_42,705,705,
5533,38,240000,47700,user_23,705,705,
5567,39,0,0,validator_11,100,705,5533
5537,40,170000,108000,user_27,705,705,
5568,41,0,0,validator_11,100,705,5537
5560,42,160000,66100,user_49,705,705,
5569,43,0,0,validator_11,100,705,5560
5507,44,220000,0,user_3,705,705,
5521,45,220000,0,user_14,705,705,
5558,46,190000,0,user_46,705,705,
5522,47,170000,0,user_15,705,705,
5525,48,150000,0,user_15,705,705,
5544,49,150000,0,user_30,705,705,
5546,50,150000,0,user_32,705,705,
5505,51,120000,0,user_1,705,705,
5510,52,120000,0,user_5,705,705,
5538,53,120000,0,user_28,705,705,
5542,54,120000,0,user_28,705,705,
5557,55,120000,0,user_45,705,705,
5506,56,110000,0,user_2,705,705,
5512,57,98000,0,user_8,705,705,
5535,58,98000,0,user_25,705,705,
5543,59,98000,0,user_29,705,705,
5615,0,0,0,validator_10,100,706,5605
5605,1,5200000,108000,user_40,706,706,
5570,2,5000000,0,user_0,706,706,
5603,3,5000000,0,user_38,706,706,
5595,4,3500000,0,user_27,706,706,
5604,5,3500000,0,user_38,706,706,
5616,6,0,0,validator_10,100,706,5600
5600,7,3200000,30200,user_34,706,706,
5580,8,2100000,0,user_16,706,706,
5588,9,2000000,0,user_21,706,706,
5597,10,2000000,0,user_30,706,706,
5606,11,1800000,0,user_42,706,706,
5617,12,0,0,validator_10,100,706,5601
5601,13,1500000,42000,user_35,706,706,
5586,14,1200000,0,user_20,706,706,
5612,15,1100000,0,user_47,706,706,
5609,16,970000,0,user_43,706,706,
5571,17,670000,68100,user_3,706,706,
5618,18,0,0,validator_10,100,706,5571
5619,19,0,0,validator_10,100,706,5602
5602,20,460000,39400,user_38,706,706,
5620,21,0,0,validator_10,100,706,5585
5585,22,420000,75000,user_20,706,706,
5593,23,370000,0,user_24,706,706,
5577,24,350000,0,user_11,706,706,
5583,25,310000,0,user_20,706,706,
5610,26,310000,0,user_44,706,706,
5599,27,300000,0,user_33,706,706,
5589,28,220000,68100,user_22,706,706,
5621,29,0,0,validator_10,100,706,5589
5587,30,260000,0,user_20,706,706,
5598,31,260000,0,user_33,706,706,
5590,32,120000,121000,user_22,706,706,
5622,33,0,0,validator_10,100,706,5590
5623,34,0,0,validator_10,100,706,5579
5579,35,220000,5180,user_14,706,706,
5607,36,190000,0,user_43,706,706,
5574,37,170000,0,user_7,706,706,
5608,38,170000,0,user_43,706,706,
5594,39,130000,0,user_27,706,706,
5624,40,0,0,validator_10,100,706,5592
5592,41,100000,21800,user_23,706,706,
5575,42,120000,0,user_8,706,706,
5578,43,100000,0,user_13,706,706,
5613,44,98000,0,user_49,706,706,
5614,45,83000,0,user_49,706,706,
5584,46,79000,0,user_20,706,706,
5591,47,77000,0,user_22,706,706,
5573,48,73000,0,user_5,706,706,
5666,0,3500000,0,user_37,707,707,
5632,1,3200000,0,user_4,707,707,
5676,2,0,0,validator_12,100,707,5641
5641,3,2300000,71800,user_13,707,707,
5668,4,2300000,0,user_40,707,707,
5639,5,1600000,410000,user_11,707,707,
5677,6,0,0,validator_12,100,707,5639
5642,7,2000000,0,user_14,707,707,
5675,8,2000000,0,user_49,707,707,
5650,9,1900000,0,user_19,707,707,
5665,10,1600000,0,user_37,707,707,
5643,11,1500000,0,user_14,707,707,
5645,12,1400000,0,user_16,707,707,
5655,13,1400000,0,user_25,707,707,
5653,14,630000,769000,user_23,707,707,
5678,15,0,0,validator_12,100,707,5653
5679,16,0,0,validator_12,100,707,5659
5659,17,870000,350000,user_29,707,707,
5672,18,1100000,0,user_44,707,707,
5637,19,870000,0,user_10,707,707,
5649,20,660000,0,user_17,707,707,
5648,21,650000,0,user_17,707,707,
5658,22,470000,5180,user_27,707,707,
5680,23,0,0,validator_12,100,707,5658
5674,24,460000,0,user_48,707,707,
5671,25,370000,0,user_43,707,707,
5673,26,350000,0,user_46,707,707,
5660,27,340000,0,user_31,707,707,
5663,28,310000,0,user_34,707,707,
5669,29,310000,0,user_40,707,707,
5625,30,260000,10700,user_1,707,707,
5681,31,0,0,validator_12,100,707,5625
5627,32,260001,0,user_1,707,707,5625
5629,33,260001,0,user_2,707,707,5625
5626,34,259999,0,user_1,707,707,5625
5628,35,259999,0,user_1,707,707,5625
5630,36,259999,0,user_2,707,707,5625
5664,37,220000,0,user_34,707,707,
5631,38,190000,0,user_3,707,707,
5646,39,190000,0,user_17,707,707,
5640,40,160000,0,user_12,707,707,
5638,41,150000,0,user_11,707,707,
5651,42,150000,0,user_20,707,707,
5682,43,0,0,validator_12,100,707,5647
5647,44,70000,71800,user_17,707,707,
5661,45,120000,5640,user_32,707,707,
5683,46,0,0,validator_12,100,707,5661
5644,47,120000,0,user_15,707,707,
5652,48,120000,0,user_22,707,707,
5654,49,110000,0,user_24,707,707,
5662,50,110000,0,user_33,707,707,
5635,51,100000,0,user_7,707,707,
5633,52,77000,0,user_4,707,707,
5709,0,5200000,0,user_28,708,708,
5693,1,5000000,108000,user_11,708,708,
5715,2,2500000,14200,user_36,708,708,
5699,3,1800000,66100,user_20,708,708,
5713,4,1800000,0,user_34,708,708,
5691,5,1600000,0,user_9,708,708,
5688,6,1400000,0,user_6,708,708,
5717,7,1100000,0,user_39,708,708,
5724,8,1100000,0,user_49,708,708,
5712,9,1000000,0,user_32,708,708,
5719,10,1000000,0,user_43,708,708,
5692,11,650000,0,user_9,708,708,
5697,12,530000,0,user_17,708,708,
5716,13,530000,0,user_37,708,708,
5703,14,310000,0,user_22,708,708,
5695,15,300000,0,user_12,708,708,
5687,16,260000,0,user_6,708,708,
5722,17,220000,0,user_48,708,708,
5694,18,170000,0,user_11,708,708,
5686,19,150001,0,user_2,708,708,5685
5685,20,150000,17000,user_1,708,708,
5708,21,130000,0,user_24,708,708,
5720,22,120000,0,user_44,708,708,
5718,23,110000,0,user_39,708,708,
5723,24,110000,0,user_48,708,708,
5698,25,98000,0,user_18,708,708,
5696,26,83000,30200,user_13,708,708,
5684,27,79000,0,user_0,708,708,
5700,28,79000,32900,user_20,708,708,
5702,29,70000,0,user_22,708,708,
5754,0,19000000,13900,user_14,709,709,
5799,1,0,0,validator_13,100,709,5754
5753,2,5200000,0,user_14,709,709,
5785,3,5200000,0,user_41,709,709,
5738,4,5000000,0,user_8,709,709,
5781,5,5000000,0,user_38,709,709,
5769,6,4200000,15700,user_29,709,709,
5800,7,0,0,validator_13,100,709,5769
5742,8,4200000,0,user_8,709,709,
5733,9,3600000,0,user_7,709,709,
5749,10,3600000,0,user_10,709,709,
5782,11,3500000,35600,user_39,709,709,
5801,12,0,0,validator_13,100,709,5782
5766,13,3200000,5630,user_24,709,709,
5802,14,0,0,validator_13,100,709,5766
5740,15,2500000,0,user_8,709,709,
5797,16,2500000,0,user_44,709,709,
5725,17,2300000,0,user_2,709,709,
5773,18,2000000,0,user_32,709,709,
5736,19,1800000,0,user_7,709,709,
5772,20,1600000,35600,user_31,709,709,
5803,21,0,0,validator_13,100,709,5772
5728,22,1500000,0,user_4,709,709,
5777,23,1500000,0,user_36,709,709,
5774,24,1300000,155000,user_32,709,709,
5804,25,0,0,validator_13,100,709,5774
5762,26,1400000,0,user_21,709,709,
5805,27,0,0,validator_13,100,709,5741
5741,28,1300000,12800,user_8,709,709,
5775,29,1100000,0,user_33,709,709,
5757,30,1000000,42000,user_17,709,709,
5806,31,0,0,validator_13,100,709,5757
5780,32,1000000,0,user_38,709,709,
5748,33,870000,0,user_10,709,709,
5758,34,460000,0,user_18,709,709,
5767,35,460000,0,user_25,709,709,
5787,36,120000,296000,user_41,709,709,
5807,37,0,0,validator_13,100,709,5787
5768,38,370000,11200,user_25,709,709,
5808,39,0,0,validator_13,100,709,5768
5759,40,360000,0,user_19,709,709,
5778,41,360000,0,user_37,709,709,
5809,42,0,0,validator_13,100,709,5747
5747,43,340000,10700,user_10,709,709,
5727,44,310000,0,user_4,709,709,
5755,45,300000,0,user_15,709,709,
5796,46,240000,0,user_44,709,709,
5792,47,220000,0,user_43,709,709,
5810,48,0,0,validator_13,100,709,5751
5751,49,150000,30200,user_12,709,709,
5779,50,170000,0,user_38,709,709,
5793,51,170000,0,user_44,709,709,
5729,52,160000,0,user_4,709,709,
5752,53,160000,0,user_12,709,709,
5771,54,160000,0,user_29,709,709,
5798,55,160000,0,user_46,709,709,
5811,56,0,0,validator_13,100,709,5770
5770,57,110000,47700,user_29,709,709,
5746,58,150000,0,user_10,709,709,
5734,59,130000,0,user_7,709,709,
5737,60,130000,0,user_7,709,709,
5812,61,0,0,validator_13,100,709,5735
5735,62,110000,14200,user_7,709,709,
5739,63,120000,0,user_8,709,709,
5788,64,120000,0,user_41,709,709,
5726,65,110000,0,user_3,709,709,
5731,66,110000,0,user_5,709,709,
5784,67,110000,0,user_41,709,709,
5786,68,110000,0,user_41,709,709,
5795,69,100000,0,user_44,709,709,
5765,70,87000,0,user_24,709,709,
5776,71,82000,0,user_35,709,709,
5730,72,80000,0,user_4,709,709,
5794,73,73000,0,user_44,709,709,
5745,74,70000,0,user_10,709,709,
5761,75,70000,0,user_21,709,709,
5834,0,19000000,0,user_28,710,710,
5826,1,2500000,0,user_14,710,710,
5827,2,2400000,0,user_14,710,710,
5843,3,2400000,0,user_38,710,710,
5835,4,2100000,0,user_29,710,710,
5828,5,2000000,0,user_14,710,710,
5831,6,2000000,0,user_25,710,710,
5833,7,2000000,0,user_28,710,710,
5824,8,1300000,0,user_13,710,710,
5832,9,870000,0,user_27,710,710,
5818,10,670000,18600,user_9,710,710,
5839,11,660000,0,user_35,710,710,
5842,12,660000,0,user_37,710,710,
5816,13,470000,0,user_7,710,710,
5817,14,470000,0,user_8,710,710,
5852,15,300000,0,user_49,710,710,
5814,16,150000,0,user_5,710,710,
5815,17,130000,0,user_6,710,710,
5829,18,98000,0,user_19,710,710,
5841,19,85000,0,user_37,710,710,
5813,20,84000,0,user_1,710,710,
5850,21,84000,0,user_43,710,710,
5838,22,80000,0,user_34,710,710,
5840,23,77000,0,user_36,710,710,
5825,24,70000,0,user_14,710,710,
5899,0,43000000,0,user_38,711,711,
5867,1,19000000,0,user_14,711,711,
5915,2,0,0,validator_9,100,711,5881
5881,3,6100000,779000,user_24,711,711,
5906,4,6300000,0,user_42,711,711,
5857,5,5000000,39400,user_6,711,711,
5916,6,0,0,validator_9,100,711,5857
5887,7,4500000,0,user_26,711,711,
5902,8,3200000,0,user_40,711,711,
5900,9,2600000,100000,user_38,711,711,
5917,10,0,0,validator_9,100,711,5900
5873,11,2500000,0,user_18,711,711,
5918,12,0,0,validator_9,100,711,5853
5853,13,2400000,43600,user_0,711,711,
5911,14,2400000,0,user_46,711,711,
5885,15,2300000,0,user_26,711,711,
5897,16,2100000,0,user_36,711,711,
5903,17,2100000,0,user_41,711,711,
5859,18,2000000,0,user_7,711,711,
5880,19,2000000,0,user_24,711,711,
5910,20,2000000,0,user_45,711,711,
5878,21,1600000,0,user_23,711,711,
5882,22,1500000,0,user_24,711,711,
5861,23,1300000,0,user_8,711,711,
5909,24,1300000,0,user_45,711,711,
5895,25,150000,959000,user_34,711,711,
5919,26,0,0,validator_9,100,711,5895
5864,27,1000000,75000,user_10,711,711,
5920,28,0,0,validator_9,100,711,5864
5886,29,1000000,0,user_26,711,711,
5888,30,1000000,0,user_26,711,711,
5890,31,870000,0,user_29,711,711,
5921,32,0,0,validator_9,100,711,5901
5901,33,660000,12800,user_40,711,711,
5883,34,660000,0,user_24,711,711,
5860,35,630000,0,user_8,711,711,
5854,36,530000,0,user_3,711,711,
5922,37,0,0,validator_9,100,711,5858
5858,38,360000,139000,user_7,711,711,
5912,39,460000,16400,user_46,711,711,
5923,40,0,0,validator_9,100,711,5912
5891,41,420000,36800,user_31,711,711,
5924,42,0,0,validator_9,100,711,5891
5877,43,370000,0,user_21,711,711,
5913,44,310000,0,user_47,711,711,
5925,45,0,0,validator_9,100,711,5894
5894,46,170000,128000,user_34,711,711,
5926,47,0,0,validator_9,100,711,5869
5869,48,120000,161000,user_16,711,711,
5905,49,260000,0,user_42,711,711,
5907,50,260000,0,user_42,711,711,
5875,51,220000,0,user_18,711,711,
5904,52,220000,0,user_42,711,711,
5908,53,220000,0,user_43,711,711,
5914,54,220000,0,user_49,711,711,
5927,55,0,0,validator_9,100,711,5874
5874,56,170000,31700,user_18,711,711,
5928,57,0,0,validator_9,100,711,5865
5865,58,160000,39400,user_11,711,711,
5929,59,0,0,validator_9,100,711,5856
5856,60,110000,66100,user_5,711,711,
5879,61,150000,0,user_24,711,711,
5871,62,130000,0,user_18,711,711,
5862,63,110000,0,user_8,711,711,
5866,64,100000,0,user_13,711,711,
5892,65,83000,0,user_32,711,711,
5896,66,80000,0,user_35,711,711,
5872,67,79000,0,user_18,711,711,
5889,68,70000,0,user_28,711,711,
5940,0,30000000,0,user_20,712,712,
5966,1,27000000,0,user_41,712,712,
5971,2,19000000,0,user_46,712,712,
5947,3,4500000,0,user_24,712,712,
5930,4,3600000,19700,user_1,712,712,
5973,5,0,0,validator_1,100,712,5930
5955,6,3200000,0,user_31,712,712,
5959,7,3200000,0,user_33,712,712,
5965,8,2000000,0,user_40,712,712,
5948,9,1600000,0,user_25,712,712,
5956,10,1600000,0,user_32,712,712,
5943,11,1500000,0,user_20,712,712,
5957,12,1500000,0,user_33,712,712,
5967,13,1500000,0,user_42,712,712,
5954,14,1400000,0,user_30,712,712,
5951,15,660000,0,user_30,712,712,
5937,16,650000,0,user_16,712,712,
5960,17,600000,0,user_33,712,712,
5949,18,530000,0,user_28,712,712,
5974,19,0,0,validator_1,100,712,5942
5942,20,460000,5180,user_20,712,712,
5933,21,460000,0,user_8,712,712,
5963,22,360000,0,user_36,712,712,
5975,23,0,0,validator_1,100,712,5932
5932,24,310000,30200,user_7,712,712,
5946,25,340000,0,user_23,712,712,
5976,26,0,0,validator_1,100,712,5952
5952,27,170000,5630,user_30,712,712,
5936,28,170000,0,user_12,712,712,
5968,29,170000,0,user_43,712,712,
5950,30,160000,0,user_29,712,712,
5941,31,130000,0,user_20,712,712,
5977,32,0,0,validator_1,100,712,5935
5935,33,120000,5640,user_11,712,712,
5934,34,120000,0,user_10,712,712,
5939,35,120000,0,user_19,712,712,
5953,36,120000,0,user_30,712,712,
5970,37,120000,0,user_45,712,712,
5972,38,83000,0,user_49,712,712,
5944,39,79000,0,user_21,712,712,
5958,40,77000,0,user_33,712,712,
5961,41,77000,0,user_34,712,712,
6025,0,0,0,validator_7,100,713,6010
6010,1,43000000,12800,user_32,713,713,
5986,2,6100000,0,user_13,713,713,
6000,3,6100000,0,user_24,713,713,
6021,4,5200000,35100,user_43,713,713,
6026,5,0,0,validator_7,100,713,6021
6023,6,5200000,0,user_45,713,713,
5984,7,5000000,8520,user_10,713,713,
6027,8,0,0,validator_7,100,713,5984
5983,9,4200000,0,user_9,713,713,
5995,10,3600000,0,user_19,713,713,
6007,11,3600000,0,user_28,713,713,
6028,12,0,0,validator_7,100,713,5988
5988,13,2000000,164000,user_15,713,713,
6024,14,2100000,0,user_48,713,713,
6006,15,910000,1100000,user_26,713,713,
6029,16,0,0,validator_7,100,713,6006
6002,17,1900000,0,user_25,713,713,
6005,18,1700000,0,user_25,713,713,
5994,19,1600000,0,user_19,713,713,
6004,20,1600000,0,user_25,713,713,
5982,21,660000,545000,user_9,713,713,
6030,22,0,0,validator_7,100,713,5982
6031,23,0,0,validator_7,100,713,5998
5998,24,1000000,164000,user_22,713,713,
6011,25,1000000,0,user_34,713,713,
6015,26,1000000,0,user_35,713,713,
6009,27,670000,0,user_31,713,713,
6016,28,670000,0,user_37,713,713,
6003,29,660000,0,user_25,713,713,
6032,30,0,0,validator_7,100,713,5999
5999,31,530000,16400,user_23,713,713,
5981,32,420000,0,user_7,713,713,
6014,33,420000,0,user_35,713,713,
5985,34,360000,0,user_12,713,713,
6001,35,320000,0,user_25,713,713,
6019,36,320000,0,user_41,713,713,
6013,37,300000,0,user_35,713,713,
6033,38,0,0,validator_7,100,713,5978
5978,39,120000,146000,user_1,713,713,
5989,40,170000,0,user_15,713,713,
6012,41,170000,0,user_35,713,713,
6022,42,160000,0,user_44,713,713,
6017,43,110000,30200,user_39,713,713,
6034,44,0,0,validator_7,100,713,6017
5979,45,120001,0,user_2,713,713,5978
5980,46,120000,0,user_5,713,713,
6018,47,80000,0,user_40,713,713,
6008,48,73000,0,user_30,713,713,
6060,0,43000000,0,user_29,714,714,
6068,1,30000000,0,user_39,714,714,
6059,2,27000000,0,user_28,714,714,
6079,3,0,0,validator_12,100,714,6056
6056,4,2300000,4320000,user_25,714,714,
6066,5,3200000,0,user_37,714,714,
6080,6,0,0,validator_12,100,714,6048
6048,7,2300000,42000,user_10,714,714,
6035,8,2100000,0,user_2,714,714,
6061,9,2100000,0,user_30,714,714,
6069,10,2100000,0,user_40,714,714,
6065,11,2000000,0,user_34,714,714,
6062,12,1600000,0,user_31,714,714,
6073,13,1500000,0,user_43,714,714,
6049,14,1000000,0,user_10,714,714,
6052,15,1000000,0,user_12,714,714,
6081,16,0,0,validator_12,100,714,6058
6058,17,870000,43600,user_27,714,714,
6055,18,910000,0,user_22,714,714,
6054,19,670000,0,user_17,714,714,
6070,20,660000,0,user_40,714,714,
6047,21,650000,0,user_9,714,714,
6053,22,420000,0,user_12,714,714,
6050,23,310000,0,user_11,714,714,
6076,24,160000,33100,user_46,714,714,
6082,25,0,0,validator_12,100,714,6076
6044,26,170000,0,user_7,714,714,
6051,27,170000,0,user_12,714,714,
6078,28,170000,0,user_49,714,714,
6077,29,160000,0,user_46,714,714,
6037,30,120000,0,user_4,714,714,
6075,31,120000,0,user_45,714,714,
6071,32,110000,0,user_40,714,714,
6036,33,84000,23500,user_3,714,714,
6083,34,0,0,validator_12,100,714,6036
6064,35,98000,0,user_33,714,714,
6074,36,84000,0,user_43,714,714,
6063,37,73000,0,user_31,714,714,
6091,0,19000000,0,user_5,715,715,
6121,1,19000000,0,user_40,715,715,
6126,2,6300000,0,user_46,715,715,
6086,3,6100000,12800,user_2,715,715,
6133,4,0,0,validator_3,100,715,6086
6101,5,3600000,0,user_14,715,715,
6116,6,2500000,0,user_31,715,715,
6134,7,0,0,validator_3,100,715,6119
6119,8,2000000,8520,user_38,715,715,
6113,9,2000000,0,user_28,715,715,
6118,10,1600000,0,user_35,715,715,
6109,11,1500000,0,user_24,715,715,
6112,12,1000000,30200,user_28,715,715,
6135,13,0,0,validator_3,100,715,6112
6123,14,660000,12800,user_43,715,715,
6136,15,0,0,validator_3,100,715,6123
6089,16,670000,0,user_4,715,715,
6127,17,670000,0,user_46,715,715,
6130,18,600000,0,user_47,715,715,
6128,19,530000,0,user_46,715,715,
6093,20,470000,30200,user_6,715,715,
6137,21,0,0,validator_3,100,715,6093
6098,22,150000,350000,user_12,715,715,
6138,23,0,0,validator_3,100,715,6098
6085,24,460000,0,user_2,715,715,
6117,25,350000,0,user_33,715,715,
6139,26,0,0,validator_3,100,715,6110
6110,27,340000,7840,user_24,715,715,
6088,28,120000,215000,user_4,715,715,
6140,29,0,0,validator_3,100,715,6088
6102,30,310000,0,user_14,715,715,
6084,31,300000,0,user_0,715,715,
6141,32,0,0,validator_3,100,715,6105
6105,33,120000,139000,user_17,715,715,
6090,34,240000,0,user_5,715,715,
6114,35,240000,0,user_29,715,715,
6122,36,190000,0,user_41,715,715,
6095,37,170000,0,user_7,715,715,
6094,38,160000,0,user_7,715,715,
6099,39,160000,0,user_13,715,715,
6125,40,160000,0,user_46,715,715,
6092,41,150000,0,user_6,715,715,
6103,42,150000,0,user_14,715,715,
6104,43,150000,0,user_15,715,715,
6100,44,110000,31700,user_14,715,715,
6142,45,0,0,validator_3,100,715,6100
6096,46,110000,0,user_8,715,715,
6108,47,110000,0,user_23,715,715,
6097,48,98000,0,user_11,715,715,
6129,49,85000,0,user_47,715,715,
6111,50,80000,0,user_26,715,715,
6171,0,6100000,155000,user_39,716,716,
6176,1,3500000,0,user_42,716,716,
6161,2,2600000,0,user_28,716,716,
6146,3,2500000,0,user_3,716,716,
6169,4,2500000,0,user_38,716,716,
6152,5,2000000,0,user_10,716,716,
6180,6,1800000,0,user_47,716,716,
6143,7,1400000,0,user_0,716,716,
6170,8,1400000,0,user_38,716,716,
6164,9,1000000,0,user_31,716,716,
6158,10,670000,36800,user_23,716,716,
6167,11,600000,0,user_34,716,716,
6149,12,370000,0,user_6,716,716,
6147,13,300000,0,user_4,716,716,
6173,14,300000,0,user_39,716,716,
6154,15,260000,0,user_13,716,716,
6148,16,220000,381000,user_5,716,716,
6172,17,220000,0,user_39,716,716,
6182,18,220000,0,user_49,716,716,
6178,19,170000,0,user_44,716,716,
6145,20,160000,0,user_3,716,716,
6162,21,160000,0,user_28,716,716,
6166,22,160000,146000,user_33,716,716,
6160,23,150000,0,user_24,716,716,
6181,24,150000,43600,user_48,716,716,
6144,25,120000,0,user_2,716,716,
6159,26,120000,0,user_24,716,716,
6174,27,110000,0,user_39,716,716,
6168,28,100000,0,user_36,716,716,
6153,29,98000,0,user_12,716,716,
6150,30,85000,1100000,user_8,716,716,
6251,0,0,0,validator_1,100,717,6239
6239,1,30000000,23500,user_40,717,717,
6207,2,30000000,0,user_27,717,717,
6252,3,0,0,validator_1,100,717,6247
6247,4,1700000,4320000,user_47,717,717,
6186,5,5000000,0,user_4,717,717,
6238,6,3500000,0,user_40,717,717,
6240,7,3500000,0,user_40,717,717,
6212,8,2600000,0,user_29,717,717,
6187,9,2500000,0,user_5,717,717,
6253,10,0,0,validator_1,100,717,6243
6243,11,1900000,545000,user_41,717,717,
6241,12,2300000,0,user_40,717,717,
6218,13,1900000,0,user_32,717,717,
6205,14,1800000,0,user_25,717,717,
6228,15,1600000,155000,user_36,717,717,
6254,16,0,0,validator_1,100,717,6228
6215,17,1700000,0,user_32,717,717,
6192,18,1500000,0,user_13,717,717,
6221,19,1500000,0,user_34,717,717,
6195,20,1400000,0,user_16,717,717,
6219,21,1400000,0,user_33,717,717,
6229,22,1300000,0,user_36,717,717,
6255,23,0,0,validator_1,100,717,6248
6248,24,1100000,30200,user_48,717,717,
6256,25,0,0,validator_1,100,717,6211
6211,26,1100000,13900,user_29,717,717,
6203,27,1100000,0,user_24,717,717,
6206,28,1100000,0,user_26,717,717,
6235,29,1000000,0,user_38,717,717,
6217,30,670000,0,user_32,717,717,
6227,31,660000,0,user_36,717,717,
6236,32,650000,0,user_39,717,717,
6257,33,0,0,validator_1,100,717,6249
6249,34,240000,369000,user_49,717,717,
6183,35,460000,0,user_0,717,717,
6242,36,220000,215000,user_41,717,717,
6258,37,0,0,validator_1,100,717,6242
6214,38,320000,75000,user_31,717,717,
6259,39,0,0,validator_1,100,717,6214
6189,40,370000,0,user_10,717,717,
6193,41,360000,0,user_13,717,717,
6246,42,350000,0,user_46,717,717,
6250,43,340000,0,user_49,717,717,
6208,44,300000,13900,user_28,717,717,
6260,45,0,0,validator_1,100,717,6208
6188,46,240000,0,user_9,717,717,
6191,47,220000,0,user_11,717,717,
6261,48,0,0,validator_1,100,717,6209
6209,49,120000,71800,user_29,717,717,
6216,50,110000,32900,user_32,717,717,
6262,51,0,0,validator_1,100,717,6216
6184,52,110000,0,user_1,717,717,
6190,53,110000,0,user_10,717,717,
6220,54,110000,0,user_34,717,717,
6210,55,87000,0,user_29,717,717,
6245,56,87000,0,user_45,717,717,
6196,57,84000,0,user_16,717,717,
6213,58,84000,0,user_30,717,717,
6204,59,82000,0,user_25,717,717,
6237,60,70000,0,user_39,717,717,
6269,0,30000000,0,user_7,718,718,
6272,1,30000000,0,user_8,718,718,
6307,2,6300000,0,user_47,718,718,
6284,3,5200000,0,user_17,718,718,
6280,4,5000000,0,user_11,718,718,
6267,5,2600000,0,user_7,718,718,
6274,6,2600000,0,user_9,718,718,
6282,7,2600000,0,user_15,718,718,
6303,8,2400000,71800,user_42,718,718,
6308,9,0,0,validator_6,100,718,6303
6286,10,2400000,0,user_18,718,718,
6309,11,0,0,validator_6,100,718,6290
6290,12,2000000,108000,user_24,718,718,
6281,13,1600000,0,user_12,718,718,
6294,14,1500000,0,user_30,718,718,
6279,15,1100000,0,user_10,718,718,
6293,16,1100000,0,user_29,718,718,
6300,17,870000,0,user_38,718,718,
6298,18,310000,369000,user_37,718,718,
6310,19,0,0,validator_6,100,718,6298
6301,20,650000,0,user_39,718,718,
6270,21,460000,0,user_8,718,718,
6311,22,0,0,validator_6,100,718,6266
6266,23,340000,32900,user_4,718,718,
6296,24,340000,0,user_33,718,718,
6287,25,320000,11200,user_21,718,718,
6312,26,0,0,validator_6,100,718,6287
6275,27,310000,0,user_10,718,718,
6278,28,310000,0,user_10,718,718,
6285,29,310000,0,user_18,718,718,
6299,30,310000,0,user_37,718,718,
6304,31,260000,0,user_46,718,718,
6271,32,220000,0,user_8,718,718,
6264,33,160000,0,user_2,718,718,
6268,34,160000,0,user_7,718,718,
6291,35,160000,0,user_24,718,718,
6306,36,160000,0,user_47,718,718,
6295,37,150000,0,user_31,718,718,
6273,38,130000,0,user_8,718,718,
6283,39,130000,0,user_15,718,718,
6265,40,120000,0,user_3,718,718,
6263,41,110000,0,user_0,718,718,
6288,42,110000,0,user_21,718,718,
6276,43,100000,0,user_10,718,718,
6305,44,85000,0,user_46,718,718,
6277,45,80000,0,user_10,718,718,
6315,0,98000,7190000,user_4,719,719,
6365,1,0,0,validator_6,100,719,6315
6325,2,6100000,0,user_14,719,719,
6328,3,5200000,0,user_17,719,719,
6361,4,5200000,0,user_46,719,719,
6320,5,5000000,0,user_9,719,719,
6337,6,5000000,0,user_21,719,719,
6349,7,5000000,0,user_37,719,719,
6345,8,4200000,0,user_32,719,719,
6322,9,3600000,0,user_11,719,719,
6329,10,2100000,779000,user_17,719,719,
6366,11,0,0,validator_6,100,719,6329
6333,12,2600000,0,user_18,719,719,
6367,13,0,0,validator_6,100,719,6313
6313,14,2000000,24700,user_0,719,719,
6340,15,1700000,0,user_25,719,719,
6350,16,1600000,0,user_38,719,719,
6332,17,1500000,0,user_17,719,719,
6341,18,1500000,0,user_27,719,719,
6357,19,1500000,0,user_45,719,719,
6362,20,1500000,0,user_46,719,719,
6356,21,870000,0,user_43,719,719,
6318,22,600000,0,user_6,719,719,
6342,23,600000,0,user_28,719,719,
6351,24,530000,67900,user_39,719,719,
6368,25,0,0,validator_6,100,719,6351
6346,26,470000,0,user_33,719,719,
6369,27,0,0,validator_6,100,719,6319
6319,28,300000,84800,user_7,719,719,
6327,29,370000,0,user_16,719,719,
6358,30,370000,0,user_46,719,719,
6324,31,360000,0,user_12,719,719,
6355,32,310000,35100,user_43,719,719,
6370,33,0,0,validator_6,100,719,6355
6360,34,340000,0,user_46,719,719,
6363,35,340000,0,user_48,719,719,
6371,36,0,0,validator_6,100,719,6347
6347,37,150000,164000,user_35,719,719,
6323,38,310000,0,user_12,719,719,
6343,39,240000,60700,user_30,719,719,
6372,40,0,0,validator_6,100,719,6343
6334,41,260000,0,user_19,719,719,
6373,42,0,0,validator_6,100,719,6330
6330,43,170000,13900,user_17,719,719,
6326,44,170000,0,user_15,719,719,
6314,45,160000,0,user_3,719,719,
6374,46,0,0,validator_6,100,719,6335
6335,47,100000,42000,user_20,719,719,
6344,48,120000,0,user_31,719,719,
6331,49,84000,5630,user_17,719,719,
6375,50,0,0,validator_6,100,719,6331
6352,51,83000,0,user_39,719,719,
6321,52,82000,0,user_10,719,719,
6359,53,82000,0,user_46,719,719,
6336,54,80000,0,user_20,719,719,
6348,55,73000,5640,user_35,719,719,
6376,56,0,0,validator_6,100,719,6348
4237,0,30000000,0,user_32,720,720,
4213,1,5200000,0,user_4,720,720,
4251,2,5000000,0,user_40,720,720,
4252,3,5000000,0,user_41,720,720,
4261,4,0,0,validator_4,100,720,4222
4222,5,3500000,43600,user_15,720,720,
4245,6,2100000,959000,user_36,720,720,
4262,7,0,0,validator_4,100,720,4245
4236,8,2600000,0,user_27,720,720,
4263,9,0,0,validator_4,100,720,4243
4243,10,2000000,5630,user_35,720,720,
4214,11,2000000,0,user_4,720,720,
4215,12,2000000,0,user_5,720,720,
4224,13,2000000,0,user_17,720,720,
4255,14,2000000,0,user_45,720,720,
4229,15,1900000,0,user_19,720,720,
4230,16,1700000,0,user_20,720,720,
4220,17,1500000,21800,user_13,720,720,
4264,18,0,0,validator_4,100,720,4220
4265,19,0,0,validator_4,100,720,4238
4238,20,340000,959000,user_33,720,720,
4253,21,1200000,0,user_42,720,720,
4234,22,1100000,0,user_24,720,720,
4254,23,1100000,0,user_43,720,720,
4232,24,1000000,0,user_22,720,720,
4233,25,870000,0,user_23,720,720,
4256,26,660000,0,user_46,720,720,
4247,27,600000,0,user_39,720,720,
4266,28,0,0,validator_4,100,720,4239
4239,29,310000,215000,user_34,720,720,
4241,30,220000,155000,user_34,720,720,
4267,31,0,0,validator_4,100,720,4241
4259,32,340000,0,user_49,720,720,
4258,33,310000,0,user_48,720,720,
4212,34,260000,16400,user_1,720,720,
4268,35,0,0,validator_4,100,720,4212
4257,36,220000,46500,user_47,720,720,
4269,37,0,0,validator_4,100,720,4257
4235,38,260000,0,user_25,720,720,
4270,39,0,0,validator_4,100,720,4248
4248,40,100000,146000,user_39,720,720,
4218,41,220000,0,user_10,720,720,
4231,42,110000,84800,user_21,720,720,
4271,43,0,0,validator_4,100,720,4231
4244,44,190000,0,user_36,720,720,
4242,45,170000,0,user_34,720,720,
4250,46,170000,0,user_40,720,720,
4246,47,150000,16400,user_39,720,720,
4272,48,0,0,validator_4,100,720,4246
4223,49,150000,0,user_16,720,720,
4260,50,150000,0,user_49,720,720,
4228,51,120000,6390,user_19,720,720,
4273,52,0,0,validator_4,100,720,4228
4211,53,120000,0,user_0,720,720,
4217,54,120000,0,user_9,720,720,
4221,55,120000,0,user_14,720,720,
4227,56,120000,0,user_18,720,720,
4249,57,120000,0,user_39,720,720,
4274,58,0,0,validator_4,100,720,4240
4240,59,110000,3130,user_34,720,720,
4226,60,98000,15100,user_18,720,720,
4275,61,0,0,validator_4,100,720,4226
4225,62,80000,0,user_17,720,720,
4314,0,43000000,0,user_34,721,721,
4287,1,5000000,0,user_12,721,721,
4278,2,4500001,0,user_2,721,721,4276
4276,3,4500000,36800,user_0,721,721,
4277,4,4499999,0,user_1,721,721,4276
4322,5,3500000,0,user_44,721,721,
4300,6,3200000,0,user_26,721,721,
4326,7,2100000,0,user_45,721,721,
4298,8,2000000,0,user_24,721,721,
4312,9,2000000,0,user_33,721,721,
4327,10,2000000,0,user_46,721,721,
4316,11,1300000,0,user_37,721,721,
4284,12,1100000,0,user_10,721,721,
4321,13,1100000,0,user_42,721,721,
4290,14,1000000,0,user_14,721,721,
4315,15,970000,0,user_36,721,721,
4323,16,670000,0,user_45,721,721,
4309,17,660000,0,user_32,721,721,
4281,18,350000,15100,user_6,721,721,
4320,19,350000,0,user_41,721,721,
4293,20,340000,3130,user_18,721,721,
4318,21,310000,0,user_39,721,721,
4297,22,300000,0,user_24,721,721,
4288,23,260000,0,user_13,721,721,
4289,24,260000,64600,user_13,721,721,
4296,25,260000,0,user_22,721,721,
4324,26,220000,16400,user_45,721,721,
4325,27,170000,35600,user_45,721,721,
4279,28,160000,0,user_4,721,721,
4291,29,160000,0,user_16,721,721,
4283,30,150000,0,user_9,721,721,
4285,31,150000,0,user_11,721,721,
4292,32,150000,0,user_17,721,721,
4301,33,150000,0,user_27,721,721,
4311,34,150000,7190000,user_33,721,721,
4307,35,110000,0,user_30,721,721,
4319,36,100000,296000,user_41,721,721,
4286,37,98000,13900,user_12,721,721,
4310,38,83000,4320000,user_32,721,721,
4313,39,82000,0,user_34,721,721,
4328,40,77000,0,user_46,721,721,
4366,0,43000000,0,user_32,722,722,
4343,1,27000000,0,user_10,722,722,
4351,2,19000000,0,user_20,722,722,
4370,3,6100000,0,user_36,722,722,
4375,4,5200000,0,user_39,722,722,
4340,5,5000000,0,user_6,722,722,
4376,6,3600000,0,user_41,722,722,
4385,7,2500000,128000,user_45,722,722,
4390,8,0,0,validator_9,100,722,4385
4334,9,2400000,0,user_3,722,722,
4360,10,2100000,0,user_26,722,722,
4344,11,2000000,0,user_11,722,722,
4391,12,0,0,validator_9,100,722,4387
4387,13,1900000,12300,user_47,722,722,
4392,14,0,0,validator_9,100,722,4383
4383,15,1600000,161000,user_43,722,722,
4378,16,1600000,0,user_41,722,722,
4345,17,1300000,0,user_12,722,722,
4332,18,1100000,0,user_2,722,722,
4382,19,1100000,0,user_43,722,722,
4346,20,1000000,0,user_14,722,722,
4357,21,1000000,0,user_23,722,722,
4381,22,910000,15100,user_42,722,722,
4393,23,0,0,validator_9,100,722,4381
4358,24,470000,0,user_24,722,722,
4364,25,470000,0,user_29,722,722,
4341,26,460000,0,user_6,722,722,
4369,27,360000,0,user_34,722,722,
4374,28,350000,0,user_39,722,722,
4339,29,310000,0,user_6,722,722,
4386,30,260000,0,user_46,722,722,
4379,31,150000,108000,user_41,722,722,
4394,32,0,0,validator_9,100,722,4379
4336,33,220000,0,user_5,722,722,
4395,34,0,0,validator_9,100,722,4359
4359,35,110000,56200,user_24,722,722,
4377,36,150000,0,user_41,722,722,
4353,37,130000,0,user_20,722,722,
4365,38,130000,0,user_31,722,722,
4363,39,120000,0,user_29,722,722,
4367,40,120000,0,user_32,722,722,
4373,41,120000,0,user_38,722,722,
4380,42,120000,0,user_41,722,722,
4338,43,110000,0,user_6,722,722,
4372,44,110000,0,user_38,722,722,
4352,45,100000,0,user_20,722,722,
4362,46,87000,0,user_28,722,722,
4337,47,82000,0,user_6,722,722,
4333,48,79000,0,user_3,722,722,
4405,0,27000000,0,user_9,723,723,
4434,1,27000000,0,user_40,723,723,
4425,2,19000000,0,user_33,723,723,
4410,3,2100000,4320000,user_15,723,723,
4446,4,0,0,validator_4,100,723,4410
4447,5,0,0,validator_4,100,723,4431
4431,6,6100000,35100,user_37,723,723,
4398,7,6100000,0,user_4,723,723,
4448,8,0,0,validator_4,100,723,4424
4424,9,4200000,285000,user_32,723,723,
4413,10,2500000,0,user_18,723,723,
4429,11,2500000,0,user_36,723,723,
4400,12,2400000,0,user_5,723,723,
4428,13,2400000,0,user_35,723,723,
4437,14,2100000,181000,user_41,723,723,
4449,15,0,0,validator_4,100,723,4437
4442,16,1700000,410000,user_43,723,723,
4450,17,0,0,validator_4,100,723,4442
4420,18,1800000,43600,user_26,723,723,
4451,19,0,0,validator_4,100,723,4420
4415,20,1600000,0,user_20,723,723,
4440,21,1600000,0,user_41,723,723,
4416,22,1500000,0,user_23,723,723,
4436,23,1500000,0,user_40,723,723,
4421,24,1400000,0,user_27,723,723,
4430,25,1400000,0,user_36,723,723,
4422,26,1100000,0,user_30,723,723,
4412,27,1000000,0,user_16,723,723,
4445,28,660000,0,user_47,723,723,
4399,29,630000,0,user_5,723,723,
4439,30,600000,0,user_41,723,723,
4452,31,0,0,validator_4,100,723,4411
4411,32,530000,16400,user_15,723,723,
4426,33,460000,0,user_34,723,723,
4453,34,0,0,validator_4,100,723,4441
4441,35,420000,7840,user_42,723,723,
4403,36,160000,128000,user_8,723,723,
4454,37,0,0,validator_4,100,723,4403
4455,38,0,0,validator_4,100,723,4427
4427,39,220000,46500,user_35,723,723,
4404,40,170000,0,user_8,723,723,
4433,41,170000,0,user_40,723,723,
4443,42,170000,0,user_45,723,723,
4397,43,160000,0,user_1,723,723,
4407,44,160000,0,user_10,723,723,
4414,45,160000,0,user_19,723,723,
4417,46,160000,0,user_24,723,723,
4418,47,160000,0,user_24,723,723,
4409,48,150000,0,user_15,723,723,
4419,49,150000,0,user_25,723,723,
4438,50,150000,0,user_41,723,723,
4444,51,84000,31700,user_45,723,723,
4456,52,0,0,validator_4,100,723,4444
4435,53,98000,0,user_40,723,723,
4406,54,85000,0,user_10,723,723,
4396,55,73000,0,user_0,723,723,
4463,0,30000000,0,user_4,724,724,
4472,1,30000000,0,user_15,724,724,
4507,2,0,0,validator_12,100,724,4494
4494,3,5000000,67500,user_35,724,724,
4508,4,0,0,validator_12,100,724,4480
4480,5,3600000,296000,user_24,724,724,
4505,6,3200000,0,user_48,724,724,
4509,7,0,0,validator_12,100,724,4469
4469,8,2600000,21800,user_12,724,724,
4491,9,1900000,231000,user_33,724,724,
4510,10,0,0,validator_12,100,724,4491
4478,11,1800000,0,user_22,724,724,
4511,12,0,0,validator_12,100,724,4492
4492,13,970000,769000,user_34,724,724,
4477,14,1600000,0,user_20,724,724,
4506,15,1600000,0,user_48,724,724,
4512,16,0,0,validator_12,100,724,4479
4479,17,910000,369000,user_24,724,724,
4468,18,910000,0,user_11,724,724,
4513,19,0,0,validator_12,100,724,4470
4470,20,670000,161000,user_13,724,724,
4489,21,670000,0,user_30,724,724,
4514,22,0,0,validator_12,100,724,4485
4485,23,360000,146000,user_29,724,724,
4484,24,120000,369000,user_29,724,724,
4515,25,0,0,validator_12,100,724,4484
4483,26,470000,0,user_27,724,724,
4460,27,460001,0,user_2,724,724,4457
4461,28,460001,0,user_2,724,724,4457
4486,29,460000,0,user_29,724,724,
4459,30,459999,0,user_1,724,724,4457
4516,31,0,0,validator_12,100,724,4467
4467,32,420000,3130,user_11,724,724,
4466,33,420000,0,user_9,724,724,
4517,34,0,0,validator_12,100,724,4465
4465,35,340000,68100,user_7,724,724,
4518,36,0,0,validator_12,100,724,4476
4476,37,340000,10700,user_19,724,724,
4493,38,260000,0,user_35,724,724,
4473,39,220000,0,user_16,724,724,
4488,40,120000,84800,user_29,724,724,
4519,41,0,0,validator_12,100,724,4488
4520,42,0,0,validator_12,100,724,4481
4481,43,170000,15700,user_25,724,724,
4503,44,170000,0,user_46,724,724,
4487,45,160000,0,user_29,724,724,
4521,46,0,0,validator_12,100,724,4502
4502,47,120000,15700,user_43,724,724,
4462,48,120000,0,user_3,724,724,
4498,49,120000,0,user_40,724,724,
4490,50,110000,0,user_32,724,724,
4495,51,85000,0,user_36,724,724,
4471,52,82000,0,user_15,724,724,
4586,0,0,0,validator_0,100,725,4537
4537,1,150000,17700000,user_9,725,725,
4561,2,6300000,0,user_29,725,725,
4522,3,5000000,0,user_0,725,725,
4548,4,5000000,0,user_18,725,725,
4584,5,5000000,0,user_48,725,725,
4575,6,4200000,0,user_38,725,725,
4573,7,3500000,0,user_37,725,725,
4567,8,3200000,0,user_35,725,725,
4534,9,2500000,0,user_6,725,725,
4535,10,2400000,0,user_7,725,725,
4536,11,1400000,256000,user_8,725,725,
4587,12,0,0,validator_0,100,725,4536
4544,13,1600000,13800,user_16,725,725,
4588,14,0,0,validator_0,100,725,4544
4589,15,0,0,validator_0,100,725,4545
4545,16,1400000,195000,user_17,725,725,
4572,17,1500000,0,user_37,725,725,
4580,18,1500000,0,user_43,725,725,
4558,19,1300000,0,user_27,725,725,
4563,20,1300000,0,user_31,725,725,
4554,21,910000,0,user_24,725,725,
4553,22,870000,0,user_23,725,725,
4529,23,660000,0,user_2,725,725,
4546,24,600000,0,user_17,725,725,
4581,25,600000,0,user_44,725,725,
4583,26,460000,0,user_46,725,725,
4590,27,0,0,validator_0,100,725,4574
4574,28,320000,21800,user_38,725,725,
4552,29,340000,0,user_22,725,725,
4523,30,310000,0,user_0,725,725,
4576,31,300000,0,user_38,725,725,
4540,32,260000,0,user_12,725,725,
4549,33,260000,0,user_20,725,725,
4559,34,260000,0,user_27,725,725,
4578,35,170000,84800,user_38,725,725,
4591,36,0,0,validator_0,100,725,4578
4564,37,190000,0,user_33,725,725,
4577,38,190000,0,user_38,725,725,
4592,39,0,0,validator_0,100,725,4531
4531,40,100000,60700,user_2,725,725,
4539,41,160000,0,user_11,725,725,
4593,42,0,0,validator_0,100,725,4550
4550,43,110000,49100,user_20,725,725,
4566,44,120000,0,user_35,725,725,
4541,45,110000,0,user_12,725,725,
4542,46,110000,0,user_13,725,725,
4547,47,100000,0,user_17,725,725,
4532,48,84000,0,user_3,725,725,
4530,49,83000,0,user_2,725,725,
4582,50,80000,0,user_46,725,725,
4585,51,70000,0,user_48,725,725,
4616,0,43000000,0,user_20,726,726,
4594,1,6100000,0,user_0,726,726,
4635,2,2300000,0,user_43,726,726,
4598,3,2000000,73100,user_8,726,726,
4610,4,2000000,0,user_16,726,726,
4599,5,1900000,0,user_8,726,726,
4621,6,1600000,17700000,user_30,726,726,
4627,7,1500000,100000,user_36,726,726,
4596,8,1400001,0,user_2,726,726,4595
4595,9,1400000,42000,user_0,726,726,
4609,10,1400000,769000,user_14,726,726,
4629,11,1100000,0,user_38,726,726,
4612,12,1000000,0,user_17,726,726,
4636,13,530000,11200,user_43,726,726,
4602,14,370000,0,user_9,726,726,
4615,15,310000,0,user_20,726,726,
4613,16,260000,0,user_17,726,726,
4637,17,260000,0,user_43,726,726,
4611,18,240000,0,user_16,726,726,
4643,19,190000,0,user_48,726,726,
4617,20,170000,0,user_22,726,726,
4625,21,160000,0,user_32,726,726,
4618,22,150000,0,user_23,726,726,
4620,23,150000,0,user_29,726,726,
4597,24,110000,17700000,user_6,726,726,
4622,25,110000,0,user_30,726,726,
4603,26,85000,7840,user_10,726,726,
4600,27,84000,39400,user_8,726,726,
4628,28,80000,0,user_37,726,726,
4634,29,80000,100000,user_43,726,726,
4601,30,79000,12800,user_9,726,726,
4619,31,79000,0,user_28,726,726,
4630,32,73000,0,user_39,726,726,
4701,0,43000000,0,user_42,727,727,
4663,1,27000000,0,user_13,727,727,
4706,2,0,0,validator_1,100,727,4697
4697,3,19000000,13900,user_38,727,727,
4657,4,6300000,5180,user_11,727,727,
4707,5,0,0,validator_1,100,727,4657
4653,6,6100000,15700,user_9,727,727,
4708,7,0,0,validator_1,100,727,4653
4690,8,5000000,47700,user_30,727,727,
4709,9,0,0,validator_1,100,727,4690
4684,10,5000000,0,user_29,727,727,
4691,11,3200000,0,user_31,727,727,
4698,12,3200000,0,user_38,727,727,
4688,13,2400000,0,user_30,727,727,
4681,14,2000000,0,user_25,727,727,
4703,15,1800000,35100,user_46,727,727,
4710,16,0,0,validator_1,100,727,4703
4676,17,1700000,0,user_24,727,727,
4695,18,1600000,21800,user_36,727,727,
4711,19,0,0,validator_1,100,727,4695
4664,20,1500000,33100,user_13,727,727,
4712,21,0,0,validator_1,100,727,4664
4658,22,1500000,0,user_11,727,727,
4680,23,1500000,0,user_25,727,727,
4700,24,1300000,0,user_41,727,727,
4686,25,1000000,0,user_29,727,727,
4675,26,970000,0,user_24,727,727,
4713,27,0,0,validator_1,100,727,4648
4648,28,910000,5630,user_4,727,727,
4683,29,870000,0,user_28,727,727,
4714,30,0,0,validator_1,100,727,4644
4644,31,660000,42000,user_0,727,727,
4645,32,659999,0,user_1,727,727,4644
4660,33,650000,0,user_12,727,727,
4689,34,600000,0,user_30,727,727,
4678,35,420000,0,user_24,727,727,
4715,36,0,0,validator_1,100,727,4656
4656,37,340000,67900,user_11,727,727,
4652,38,310000,0,user_9,727,727,
4669,39,240000,0,user_18,727,727,
4679,40,240000,0,user_24,727,727,
4702,41,240000,0,user_43,727,727,
4704,42,240000,0,user_47,727,727,
4716,43,0,0,validator_1,100,727,4671
4671,44,170000,67900,user_20,727,727,
4717,45,0,0,validator_1,100,727,4662
4662,46,190000,39400,user_13,727,727,
4692,47,220000,0,user_34,727,727,
4651,48,120000,84800,user_8,727,727,
4718,49,0,0,validator_1,100,727,4651
4687,50,170000,33300,user_29,727,727,
4719,51,0,0,validator_1,100,727,4687
4659,52,110000,68100,user_11,727,727,
4720,53,0,0,validator_1,100,727,4659
4685,54,160000,0,user_29,727,727,
4650,55,150000,0,user_7,727,727,
4672,56,150000,0,user_21,727,727,
4673,57,150000,0,user_21,727,727,
4682,58,110000,0,user_27,727,727,
4705,59,98000,0,user_48,727,727,
4699,60,87000,0,user_40,727,727,
4654,61,84000,0,user_10,727,727,
4661,62,82000,0,user_13,727,727,
4655,63,79000,0,user_10,727,727,
4677,64,77000,0,user_24,727,727,
4670,65,73000,0,user_19,727,727,
4696,66,70000,0,user_36,727,727,
4758,0,4500000,0,user_37,728,728,
4741,1,3600000,16400,user_16,728,728,
4742,2,3600000,146000,user_17,728,728,
4759,3,3500000,0,user_39,728,728,
4748,4,2500000,0,user_26,728,728,
4725,5,2400000,0,user_6,728,728,
4750,6,2300000,0,user_28,728,728,
4745,7,2000000,0,user_22,728,728,
4724,8,1600000,0,user_6,728,728,
4736,9,1600000,0,user_13,728,728,
4743,10,1500000,0,user_19,728,728,
4730,11,1400000,0,user_9,728,728,
4731,12,1400000,0,user_9,728,728,
4753,13,1000000,0,user_34,728,728,
4772,14,870000,67900,user_48,728,728,
4756,15,470000,0,user_37,728,728,
4735,16,460000,0,user_13,728,728,
4729,17,360000,0,user_8,728,728,
4763,18,350000,381000,user_43,728,728,
4744,19,320000,0,user_21,728,728,
4754,20,320000,381000,user_35,728,728,
4757,21,310000,164000,user_37,728,728,
4755,22,260000,0,user_36,728,728,
4739,23,240000,0,user_14,728,728,
4746,24,240000,0,user_23,728,728,
4721,25,170000,0,user_0,728,728,
4723,26,170000,0,user_4,728,728,
4726,27,160000,0,user_6,728,728,
4738,28,160000,0,user_13,728,728,
4747,29,120000,0,user_25,728,728,
4749,30,120000,0,user_28,728,728,
4751,31,120000,0,user_29,728,728,
4761,32,100000,0,user_41,728,728,
4737,33,98000,0,user_13,728,728,
4740,34,87000,0,user_15,728,728,
4722,35,85000,0,user_1,728,728,
4727,36,84000,0,user_6,728,728,
4728,37,84000,0,user_7,728,728,
4777,0,30000000,0,user_5,729,729,
4780,1,30000000,0,user_8,729,729,
4785,2,27000000,0,user_16,729,729,
4789,3,27000000,0,user_20,729,729,
4791,4,27000000,0,user_23,729,729,
4794,5,4200000,0,user_29,729,729,
4812,6,3600000,0,user_49,729,729,
4778,7,2100000,0,user_6,729,729,
4805,8,2100000,0,user_46,729,729,
4776,9,1900000,0,user_5,729,729,
4779,10,1500000,0,user_7,729,729,
4786,11,1400000,0,user_18,729,729,
4804,12,1200000,0,user_46,729,729,
4781,13,1000000,100000,user_9,729,729,
4813,14,0,0,validator_0,100,729,4781
4807,15,1100000,0,user_47,729,729,
4784,16,1000000,0,user_13,729,729,
4808,17,1000000,0,user_47,729,729,
4787,18,910000,0,user_20,729,729,
4790,19,650000,21800,user_22,729,729,
4814,20,0,0,validator_0,100,729,4790
4798,21,360000,0,user_33,729,729,
4783,22,310000,0,user_12,729,729,
4796,23,300000,0,user_32,729,729,
4810,24,220000,0,user_47,729,729,
4801,25,130000,30200,user_43,729,729,
4815,26,0,0,validator_0,100,729,4801
4788,27,160000,0,user_20,729,729,
4809,28,98000,0,user_47,729,729,
4806,29,87000,0,user_47,729,729,
4811,30,82000,0,user_48,729,729,
4797,31,70000,0,user_32,729,729,
4873,0,6100000,0,user_47,730,730,
4857,1,5200000,66100,user_35,730,730,
4840,2,5000000,0,user_22,730,730,
4839,3,4500000,17000,user_21,730,730,
4851,4,3500000,0,user_30,730,730,
4864,5,3200000,16400,user_41,730,730,
4869,6,3200000,0,user_44,730,730,
4829,7,2300000,0,user_10,730,730,
4870,8,1600000,0,user_44,730,730,
4832,9,1400000,0,user_13,730,730,
4844,10,1400000,0,user_25,730,730,
4834,11,1300000,0,user_14,730,730,
4837,12,1300000,0,user_18,730,730,
4845,13,1300000,0,user_26,730,730,
4856,14,1200000,0,user_33,730,730,
4858,15,1200000,0,user_35,730,730,
4830,16,1100000,18600,user_10,730,730,
4850,17,1100000,0,user_29,730,730,
4827,18,1000000,0,user_8,730,730,
4861,19,1000000,15300,user_37,730,730,
4863,20,1000000,0,user_40,730,730,
4866,21,1000000,0,user_43,730,730,
4872,22,1000000,0,user_47,730,730,
4843,23,970000,0,user_25,730,730,
4836,24,660000,0,user_17,730,730,
4825,25,600000,0,user_7,730,730,
4874,26,600000,0,user_47,730,730,
4852,27,470000,0,user_31,730,730,
4826,28,460000,0,user_8,730,730,
4835,29,320000,0,user_16,730,730,
4867,30,220000,231000,user_44,730,730,
4859,31,190000,0,user_36,730,730,
4833,32,170000,0,user_14,730,730,
4848,33,160000,49100,user_28,730,730,
4855,34,160000,0,user_33,730,730,
4868,35,160000,0,user_44,730,730,
4817,36,150000,19700,user_1,730,730,
4831,37,150000,0,user_11,730,730,
4838,38,150000,0,user_20,730,730,
4860,39,150000,0,user_36,730,730,
4862,40,150000,6390,user_38,730,730,
4871,41,150000,0,user_45,730,730,
4818,42,149999,0,user_1,730,730,4817
4823,43,120000,0,user_5,730,730,
4849,44,120000,0,user_28,730,730,
4875,45,120000,0,user_48,730,730,
4828,46,110000,0,user_9,730,730,
4865,47,100000,0,user_42,730,730,
4824,48,77000,0,user_6,730,730,
4892,0,27000000,0,user_16,731,731,
4894,1,6300000,322000,user_18,731,731,
4943,2,0,0,validator_1,100,731,4894
4933,3,5000000,231000,user_41,731,731,
4944,4,0,0,validator_1,100,731,4933
4945,5,0,0,validator_1,100,731,4931
4931,6,5200000,10700,user_41,731,731,
4890,7,5200000,0,user_15,731,731,
4907,8,5000000,0,user_25,731,731,
4908,9,5000000,0,user_26,731,731,
4895,10,4500000,0,user_18,731,731,
4912,11,4200000,0,user_32,731,731,
4930,12,4200000,0,user_41,731,731,
4887,13,3600000,369000,user_12,731,731,
4946,14,0,0,validator_1,100,731,4887
4882,15,3200000,0,user_5,731,731,
4896,16,3200000,0,user_19,731,731,
4934,17,2000000,0,user_42,731,731,
4876,18,1900000,0,user_0,731,731,
4884,19,1600000,0,user_10,731,731,
4942,20,1600000,0,user_49,731,731,
4898,21,1500000,0,user_20,731,731,
4881,22,1400000,0,user_4,731,731,
4891,23,1400000,0,user_15,731,731,
4935,24,1300000,0,user_43,731,731,
4913,25,460000,769000,user_33,731,731,
4947,26,0,0,validator_1,100,731,4913
4911,27,1200000,0,user_30,731,731,
4899,28,1000000,21800,user_21,731,731,
4948,29,0,0,validator_1,100,731,4899
4914,30,650000,0,user_33,731,731,
4888,31,630000,0,user_13,731,731,
4949,32,0,0,validator_1,100,731,4878
4878,33,310000,215000,user_1,731,731,
4893,34,470000,0,user_18,731,731,
4877,35,460000,0,user_0,731,731,
4925,36,420000,0,user_38,731,731,
4902,37,360000,0,user_24,731,731,
4904,38,340000,0,user_24,731,731,
4909,39,300000,0,user_27,731,731,
4921,40,220000,0,user_36,731,731,
4936,41,220000,0,user_43,731,731,
4901,42,190000,0,user_23,731,731,
4915,43,190000,0,user_34,731,731,
4926,44,190000,0,user_38,731,731,
4922,45,110000,43600,user_36,731,731,
4950,46,0,0,validator_1,100,731,4922
4929,47,150000,0,user_40,731,731,
4940,48,150000,0,user_48,731,731,
4897,49,120000,0,user_20,731,731,
4903,50,120000,0,user_24,731,731,
4939,51,120000,0,user_46,731,731,
4905,52,110000,0,user_24,731,731,
4906,53,110000,0,user_24,731,731,
4938,54,110000,0,user_45,731,731,
4885,55,100000,0,user_10,731,731,
4910,56,73000,24700,user_28,731,731,
4951,57,0,0,validator_1,100,731,4910
4941,58,85000,0,user_49,731,731,
4886,59,79000,0,user_11,731,731,
4927,60,79000,0,user_39,731,731,
4932,61,79000,0,user_41,731,731,
4928,62,70000,0,user_39,731,731,
4967,0,19000000,0,user_14,732,732,
4952,1,6300000,0,user_0,732,732,
4998,2,5000000,0,user_44,732,732,
4993,3,4500000,0,user_39,732,732,
4994,4,4200000,0,user_39,732,732,
4964,5,3600000,0,user_12,732,732,
4958,6,3500000,0,user_5,732,732,
4999,7,3200000,0,user_45,732,732,
5000,8,3200000,18600,user_45,732,732,
4990,9,2400000,35100,user_36,732,732,
4968,10,2300000,0,user_14,732,732,
4981,11,2300000,0,user_28,732,732,
4987,12,2300000,0,user_34,732,732,
4995,13,2100000,594000,user_40,732,732,
4996,14,2100000,10700,user_42,732,732,
5001,15,2100000,0,user_47,732,732,
4986,16,1600000,0,user_33,732,732,
4954,17,1500000,0,user_2,732,732,
4956,18,1100000,0,user_4,732,732,
4962,19,1000000,0,user_11,732,732,
4978,20,970000,47700,user_24,732,732,
4984,21,870000,17000,user_30,732,732,
4963,22,460000,0,user_12,732,732,
4991,23,460000,0,user_37,732,732,
4965,24,370000,0,user_14,732,732,
4974,25,350000,410000,user_20,732,732,
4959,26,310000,285000,user_6,732,732,
4975,27,310000,0,user_22,732,732,
4992,28,260000,322000,user_38,732,732,
4977,29,220000,5180,user_24,732,732,
4955,30,190000,0,user_3,732,732,
4966,31,160000,0,user_14,732,732,
4957,32,150000,0,user_4,732,732,
4989,33,150000,0,user_36,732,732,
5002,34,120000,0,user_48,732,732,
4973,35,110000,100000,user_20,732,732,
4976,36,87000,0,user_23,732,732,
4972,37,85000,0,user_19,732,732,
5003,38,84000,0,user_48,732,732,
4953,39,80000,0,user_1,732,732,
5042,0,30000000,0,user_35,733,733,
5051,1,27000000,0,user_44,733,733,
5045,2,5200000,0,user_37,733,733,
5040,3,5000000,0,user_34,733,733,
5048,4,5000000,164000,user_40,733,733,
5046,5,4200000,11200,user_37,733,733,
5012,6,3200000,0,user_8,733,733,
5050,7,2600000,0,user_42,733,733,
5023,8,2000000,0,user_17,733,733,
5018,9,1800000,0,user_11,733,733,
5005,10,1600001,0,user_1,733,733,5004
5006,11,1600001,0,user_1,733,733,5004
5004,12,1600000,42000,user_0,733,733,
5009,13,1400000,0,user_4,733,733,
5037,14,1100000,0,user_31,733,733,
5008,15,1000000,0,user_3,733,733,
5015,16,1000000,0,user_9,733,733,
5022,17,1000000,68100,user_17,733,733,
5016,18,870000,0,user_10,733,733,
5043,19,870000,7840,user_36,733,733,
5025,20,670000,0,user_19,733,733,
5049,21,670000,0,user_42,733,733,
5041,22,660000,0,user_35,733,733,
5033,23,630000,0,user_29,733,733,
5021,24,460000,0,user_15,733,733,
5014,25,420000,100000,user_8,733,733,
5013,26,300000,12300,user_8,733,733,
5028,27,300000,0,user_22,733,733,
5027,28,260000,0,user_21,733,733,
5044,29,190000,0,user_36,733,733,
5039,30,170000,0,user_33,733,733,
5024,31,150000,0,user_18,733,733,
5052,32,150000,0,user_47,733,733,
5020,33,130000,0,user_13,733,733,
5011,34,120000,0,user_7,733,733,
5038,35,100000,0,user_32,733,733,
5026,36,83000,0,user_21,733,733,
5030,37,82000,146000,user_25,733,733,
5017,38,70000,0,user_11,733,733,
5034,39,70000,0,user_29,733,733,
5056,0,43000000,0,user_3,734,734,
5066,1,30000000,0,user_9,734,734,
5121,2,27000000,7190000,user_49,734,734,
5055,3,6300000,0,user_3,734,734,
5057,4,5000000,0,user_3,734,734,
5070,5,5000000,0,user_12,734,734,
5100,6,5000000,0,user_37,734,734,
5106,7,5000000,0,user_40,734,734,
5115,8,5000000,0,user_46,734,734,
5108,9,4500000,0,user_42,734,734,
5097,10,4200000,0,user_37,734,734,
5092,11,3600000,18600,user_30,734,734,
5073,12,2600000,0,user_14,734,734,
5053,13,2400000,0,user_0,734,734,
5061,14,2400000,0,user_6,734,734,
5086,15,2400000,3130,user_22,734,734,
5113,16,2400000,0,user_44,734,734,
5120,17,2300000,0,user_49,734,734,
5122,18,2300000,0,user_49,734,734,
5114,19,2000000,0,user_45,734,734,
5117,20,2000000,0,user_46,734,734,
5077,21,1800000,0,user_16,734,734,
5079,22,1600000,0,user_16,734,734,
5094,23,1600000,381000,user_32,734,734,
5058,24,1500000,0,user_3,734,734,
5065,25,1500000,0,user_9,734,734,
5062,26,1400000,0,user_6,734,734,
5091,27,1400000,0,user_27,734,734,
5090,28,1300000,0,user_26,734,734,
5084,29,1200000,0,user_20,734,734,
5098,30,1200000,0,user_37,734,734,
5111,31,1200000,0,user_43,734,734,
5054,32,1100000,0,user_1,734,734,
5067,33,1000000,66100,user_10,734,734,
5075,34,1000000,410000,user_15,734,734,
5064,35,660000,0,user_7,734,734,
5083,36,660000,0,user_20,734,734,
5116,37,660000,0,user_46,734,734,
5072,38,630000,0,user_13,734,734,
5078,39,600000,0,user_16,734,734,
5074,40,530000,0,user_14,734,734,
5123,41,460000,0,user_49,734,734,
5110,42,370000,0,user_43,734,734,
5088,43,360000,1100000,user_24,734,734,
5089,44,360000,67900,user_26,734,734,
5068,45,220000,594000,user_12,734,734,
5059,46,190000,0,user_3,734,734,
5099,47,170000,0,user_37,734,734,
5105,48,170000,0,user_39,734,734,
5071,49,160000,0,user_12,734,734,
5095,50,160000,0,user_33,734,734,
5069,51,150000,0,user_12,734,734,
5109,52,150000,0,user_43,734,734,
5119,53,150000,0,user_48,734,734,
5107,54,120000,0,user_41,734,734,
5112,55,120000,410000,user_43,734,734,
5063,56,110000,0,user_6,734,734,
5080,57,87000,0,user_17,734,734,
5076,58,79000,0,user_16,734,734,
5060,59,73000,1100000,user_6,734,734,
5178,0,0,0,validator_0,100,735,5172
5172,1,1500000,17700000,user_42,735,735,
5167,2,5000000,0,user_38,735,735,
5126,3,3600000,0,user_2,735,735,
5146,4,3200000,0,user_24,735,735,
5160,5,2400000,0,user_33,735,735,
5130,6,2000000,0,user_8,735,735,
5144,7,2000000,0,user_23,735,735,
5131,8,1900000,0,user_9,735,735,
5157,9,1900000,0,user_31,735,735,
5159,10,1500000,0,user_33,735,735,
5165,11,1500000,0,user_37,735,735,
5129,12,1300000,0,user_7,735,735,
5162,13,1300000,0,user_33,735,735,
5134,14,870000,0,user_15,735,735,
5135,15,650000,0,user_17,735,735,
5164,16,470000,12300,user_35,735,735,
5179,17,0,0,validator_0,100,735,5164
5137,18,420000,0,user_19,735,735,
5173,19,350000,0,user_42,735,735,
5128,20,300000,39400,user_7,735,735,
5180,21,0,0,validator_0,100,735,5128
5138,22,310000,0,user_20,735,735,
5155,23,300000,0,user_27,735,735,
5143,24,240000,56200,user_22,735,735,
5181,25,0,0,validator_0,100,735,5143
5166,26,220000,0,user_37,735,735,
5154,27,150000,16400,user_27,735,735,
5182,28,0,0,validator_0,100,735,5154
5161,29,160000,0,user_33,735,735,
5163,30,150000,0,user_33,735,735,
5174,31,150000,0,user_43,735,735,
5183,32,0,0,validator_0,100,735,5145
5145,33,98000,31700,user_24,735,735,
5133,34,120000,0,user_13,735,735,
5124,35,110000,0,user_0,735,735,
5136,36,82000,21800,user_19,735,735,
5184,37,0,0,validator_0,100,735,5136
5158,38,87000,0,user_32,735,735,
5206,0,43000000,19700,user_18,736,736,
5218,1,5200000,42000,user_29,736,736,
5192,2,5000000,0,user_8,736,736,
5193,3,5000000,0,user_9,736,736,
5195,4,5000000,0,user_9,736,736,
5224,5,5000000,0,user_33,736,736,
5190,6,4500000,0,user_5,736,736,
5205,7,3500000,0,user_17,736,736,
5187,8,2600000,0,user_5,736,736,
5241,9,1800000,0,user_47,736,736,
5188,10,1600000,779000,user_5,736,736,
5207,11,1500000,0,user_18,736,736,
5228,12,1400000,0,user_39,736,736,
5232,13,1400000,0,user_39,736,736,
5239,14,1400000,0,user_46,736,736,
5213,15,1200000,0,user_25,736,736,
5215,16,1100000,0,user_26,736,736,
5189,17,1000000,0,user_5,736,736,
5203,18,1000000,0,user_16,736,736,
5219,19,1000000,0,user_30,736,736,
5236,20,910000,43600,user_42,736,736,
5210,21,660000,0,user_21,736,736,
5231,22,660000,0,user_39,736,736,
5226,23,650000,0,user_36,736,736,
5204,24,420000,0,user_17,736,736,
5238,25,360000,7840,user_44,736,736,
5201,26,350000,0,user_13,736,736,
5208,27,350000,283000,user_18,736,736,
5217,28,340000,60700,user_28,736,736,
5230,29,340000,0,user_39,736,736,
5209,30,300000,0,user_19,736,736,
5229,31,260000,0,user_39,736,736,
5194,32,240000,0,user_9,736,736,
5196,33,220000,42000,user_10,736,736,
5235,34,170000,0,user_41,736,736,
5240,35,150000,12800,user_47,736,736,
5225,36,120000,0,user_34,736,736,
5191,37,110000,0,user_6,736,736,
5198,38,110000,0,user_11,736,736,
5233,39,110000,0,user_40,736,736,
5234,40,110000,0,user_40,736,736,
5197,41,100000,0,user_11,736,736,
5200,42,87000,24700,user_13,736,736,
5214,43,84000,0,user_26,736,736,
5237,44,83000,0,user_42,736,736,
5227,45,80000,35600,user_37,736,736,
5211,46,73000,0,user_23,736,736,
5271,0,43000000,39400,user_19,737,737,
5297,1,0,0,validator_5,100,737,5271
5266,2,27000000,0,user_15,737,737,
5284,3,19000000,545000,user_33,737,737,
5298,4,0,0,validator_5,100,737,5284
5256,5,19000000,0,user_6,737,737,
5299,6,0,0,validator_5,100,737,5264
5264,7,970000,17700000,user_15,737,737,
5254,8,6300000,322000,user_6,737,737,
5300,9,0,0,validator_5,100,737,5254
5267,10,5000000,0,user_16,737,737,
5245,11,3500000,0,user_0,737,737,
5275,12,2600000,0,user_21,737,737,
5280,13,2000000,24700,user_23,737,737,
5301,14,0,0,validator_5,100,737,5280
5292,15,1800000,0,user_45,737,737,
5286,16,1500000,108000,user_38,737,737,
5302,17,0,0,validator_5,100,737,5286
5276,18,1500000,0,user_22,737,737,
5288,19,1300000,0,user_41,737,737,
5289,20,910000,0,user_41,737,737,
5272,21,670000,0,user_20,737,737,
5253,22,630000,0,user_6,737,737,
5249,23,530000,6390,user_3,737,737,
5303,24,0,0,validator_5,100,737,5249
5287,25,530000,0,user_41,737,737,
5278,26,470000,0,user_22,737,737,
5282,27,460000,0,user_31,737,737,
5273,28,220000,164000,user_20,737,737,
5304,29,0,0,validator_5,100,737,5273
5293,30,370000,0,user_47,737,737,
5261,31,310000,0,user_11,737,737,
5274,32,190000,0,user_20,737,737,
5260,33,170000,0,user_10,737,737,
5246,34,160000,0,user_0,737,737,
5277,35,160000,0,user_22,737,737,
5244,36,150000,0,user_0,737,737,
5250,37,150000,0,user_3,737,737,
5268,38,150000,0,user_17,737,737,
5305,39,0,0,validator_5,100,737,5290
5290,40,130000,13800,user_42,737,737,
5265,41,120000,3130,user_15,737,737,
5306,42,0,0,validator_5,100,737,5265
5251,43,120000,0,user_4,737,737,
5252,44,120000,0,user_5,737,737,
5269,45,120000,0,user_18,737,737,
5294,46,120000,0,user_47,737,737,
5270,47,110000,0,user_18,737,737,
5247,48,100000,0,user_0,737,737,
5307,49,0,0,validator_5,100,737,5279
5279,50,79000,12800,user_22,737,737,
5285,51,84000,0,user_37,737,737,
5248,52,83000,0,user_2,737,737,
5255,53,80000,0,user_6,737,737,
5281,54,80000,0,user_26,737,737,
5296,55,70000,0,user_49,737,737,
5364,0,0,0,validator_2,100,738,5313
5313,1,30000000,350000,user_5,738,738,
5352,2,30000000,0,user_34,738,738,
5337,3,19000000,0,user_22,738,738,
5365,4,0,0,validator_2,100,738,5356
5356,5,650000,7190000,user_39,738,738,
5366,6,0,0,validator_2,100,738,5312
5312,7,170000,7190000,user_5,738,738,
5346,8,5000000,0,user_30,738,738,
5347,9,5000000,0,user_30,738,738,
5335,10,4200000,0,user_21,738,738,
5338,11,3200000,0,user_23,738,738,
5367,12,0,0,validator_2,100,738,5344
5344,13,2000000,8520,user_30,738,738,
5320,14,2000000,0,user_14,738,738,
5326,15,2000000,0,user_16,738,738,
5327,16,2000000,0,user_16,738,738,
5328,17,2000000,0,user_18,738,738,
5334,18,2000000,0,user_21,738,738,
5359,19,2000000,0,user_42,738,738,
5345,20,1500000,410000,user_30,738,738,
5368,21,0,0,validator_2,100,738,5345
5336,22,1900000,0,user_21,738,738,
5350,23,1400000,0,user_32,738,738,
5311,24,1200000,0,user_4,738,738,
5358,25,970000,0,user_41,738,738,
5317,26,910000,0,user_12,738,738,
5339,27,470000,0,user_23,738,738,
5369,28,0,0,validator_2,100,738,5318
5318,29,110000,322000,user_12,738,738,
5370,30,0,0,validator_2,100,738,5361
5361,31,260000,164000,user_45,738,738,
5349,32,420000,0,user_32,738,738,
5351,33,350000,0,user_33,738,738,
5333,34,260000,0,user_21,738,738,
5342,35,260000,0,user_27,738,738,
5362,36,220000,0,user_46,738,738,
5332,37,170000,0,user_20,738,738,
5341,38,170000,0,user_25,738,738,
5348,39,170000,0,user_31,738,738,
5310,40,160000,6390,user_3,738,738,
5371,41,0,0,validator_2,100,738,5310
5343,42,160000,0,user_29,738,738,
5353,43,83000,67900,user_35,738,738,
5372,44,0,0,validator_2,100,738,5353
5316,45,120000,23500,user_11,738,738,
5373,46,0,0,validator_2,100,738,5316
5331,47,120000,0,user_20,738,738,
5314,48,110000,0,user_7,738,738,
5329,49,110000,0,user_18,738,738,
5315,50,85000,0,user_10,738,738,
5360,51,85000,0,user_44,738,738,
5363,52,77000,0,user_48,738,738,
5357,53,70000,0,user_39,738,738,
5429,0,0,0,validator_0,100,739,5391
5391,1,2500000,17700000,user_17,739,739,
5384,2,160000,17700000,user_8,739,739,
5430,3,0,0,validator_0,100,739,5384
5398,4,6100000,0,user_24,739,739,
5377,5,2600000,0,user_3,739,739,
5419,6,2600000,0,user_38,739,739,
5431,7,0,0,validator_0,100,739,5415
5415,8,2300000,73100,user_37,739,739,
5417,9,2100000,0,user_38,739,739,
5422,10,2000000,39400,user_42,739,739,
5432,11,0,0,validator_0,100,739,5422
5409,12,1600000,0,user_31,739,739,
5433,13,0,0,validator_0,100,739,5418
5418,14,1500000,15700,user_38,739,739,
5397,15,1500000,0,user_23,739,739,
5383,16,1400000,0,user_7,739,739,
5427,17,1400000,0,user_46,739,739,
5399,18,1200000,0,user_24,739,739,
5382,19,1100000,0,user_6,739,739,
5411,20,1000000,0,user_33,739,739,
5405,21,870000,0,user_29,739,739,
5426,22,650000,181000,user_46,739,739,
5434,23,0,0,validator_0,100,739,5426
5428,24,530000,0,user_48,739,739,
5389,25,100000,410000,user_15,739,739,
5435,26,0,0,validator_0,100,739,5389
5410,27,460000,0,user_32,739,739,
5392,28,420000,0,user_20,739,739,
5436,29,0,0,validator_0,100,739,5416
5416,30,150000,256000,user_38,739,739,
5437,31,0,0,validator_0,100,739,5408
5408,32,350000,13800,user_31,739,739,
5438,33,0,0,validator_0,100,739,5395
5395,34,77000,215000,user_22,739,739,
5393,35,260000,0,user_20,739,739,
5396,36,120000,64600,user_23,739,739,
5439,37,0,0,validator_0,100,739,5396
5386,38,160000,5640,user_12,739,739,
5440,39,0,0,validator_0,100,739,5386
5385,40,160000,0,user_9,739,739,
5376,41,150000,0,user_2,739,739,
5406,42,87000,24700,user_29,739,739,
5441,43,0,0,validator_0,100,739,5406
5378,44,110000,0,user_3,739,739,
5423,45,98000,0,user_43,739,739,
5374,46,87000,0,user_0,739,739,
5424,47,87000,0,user_44,739,739,
5413,48,83000,0,user_35,739,739,
5390,49,70000,0,user_16,739,739,
5456,0,1400000,1100000,user_14,740,740,
5482,1,0,0,validator_4,100,740,5456
5481,2,2000000,16400,user_48,740,740,
5483,3,0,0,validator_4,100,740,5481
5462,4,2000000,0,user_21,740,740,
5458,5,1800000,0,user_15,740,740,
5463,6,1700000,0,user_21,740,740,
5467,7,1600000,0,user_29,740,740,
5443,8,1500000,35600,user_1,740,740,
5484,9,0,0,validator_4,100,740,5443
5444,10,1499999,0,user_2,740,740,5443
5460,11,1400000,67500,user_15,740,740,
5485,12,0,0,validator_4,100,740,5460
5486,13,0,0,validator_4,100,740,5447
5447,14,1100000,84800,user_5,740,740,
5474,15,970000,0,user_36,740,740,
5471,16,910000,14200,user_32,740,740,
5487,17,0,0,validator_4,100,740,5471
5459,18,120000,545000,user_15,740,740,
5488,19,0,0,validator_4,100,740,5459
5442,20,660000,0,user_0,740,740,
5451,21,530000,0,user_9,740,740,
5461,22,420000,0,user_19,740,740,
5452,23,370000,0,user_10,740,740,
5478,24,310000,0,user_41,740,740,
5489,25,0,0,validator_4,100,740,5479
5479,26,220000,31700,user_43,740,740,
5490,27,0,0,validator_4,100,740,5446
5446,28,160000,13900,user_4,740,740,
5475,29,170000,0,user_36,740,740,
5455,30,160000,0,user_13,740,740,
5454,31,150000,0,user_13,740,740,
5480,32,150000,0,user_45,740,740,
5464,33,120000,0,user_27,740,740,
5473,34,120000,0,user_34,740,740,
5468,35,100000,0,user_30,740,740,
5477,36,87000,0,user_39,740,740,
5472,37,85000,0,user_33,740,740,
5457,38,82000,0,user_14,740,740,
5450,39,80000,0,user_8,740,740,
5448,40,79000,0,user_6,740,740,
5537,0,43000000,0,user_39,741,741,
5554,1,0,0,validator_6,100,741,5495
5495,2,30000000,24700,user_3,741,741,
5501,3,6300000,0,user_8,741,741,
5493,4,5000000,0,user_1,741,741,
5543,5,3600000,381000,user_47,741,741,
5555,6,0,0,validator_6,100,741,5543
5556,7,0,0,validator_6,100,741,5508
5508,8,3500000,43600,user_12,741,741,
5541,9,3200000,283000,user_42,741,741,
5557,10,0,0,validator_6,100,741,5541
5499,11,3200000,0,user_8,741,741,
5498,12,2500000,0,user_7,741,741,
5509,13,2500000,0,user_13,741,741,
5535,14,2300000,0,user_37,741,741,
5510,15,2000000,0,user_13,741,741,
5511,16,2000000,0,user_13,741,741,
5546,17,2000000,0,user_48,741,741,
5512,18,1900000,0,user_16,741,741,
5529,19,1800000,0,user_31,741,741,
5502,20,1700000,0,user_9,741,741,
5531,21,1600000,75000,user_35,741,741,
5558,22,0,0,validator_6,100,741,5531
5506,23,1600000,0,user_10,741,741,
5559,24,0,0,validator_6,100,741,5513
5513,25,1500000,71800,user_17,741,741,
5505,26,1400000,0,user_10,741,741,
5547,27,1300000,0,user_48,741,741,
5548,28,970000,0,user_48,741,741,
5497,29,910000,0,user_6,741,741,
5516,30,870000,0,user_18,741,741,
5514,31,600000,0,user_18,741,741,
5534,32,460000,0,user_37,741,741,
5491,33,350000,0,user_0,741,741,
5518,34,340000,0,user_20,741,741,
5500,35,320000,0,user_8,741,741,
5536,36,310000,0,user_37,741,741,
5515,37,240000,47700,user_18,741,741,
5560,38,0,0,validator_6,100,741,5515
5542,39,160000,66100,user_44,741,741,
5561,40,0,0,validator_6,100,741,5542
5503,41,220000,0,user_9,741,741,
5504,42,170000,0,user_10,741,741,
5507,43,150000,0,user_10,741,741,
5526,44,150000,0,user_25,741,741,
5528,45,150000,0,user_27,741,741,
5532,46,150000,0,user_35,741,741,
5492,47,120000,0,user_0,741,741,
5545,48,120000,0,user_48,741,741,
5544,49,110000,0,user_48,741,741,
5494,50,98000,0,user_3,741,741,
5517,51,98000,0,user_20,741,741,
5525,52,98000,0,user_24,741,741,
5608,0,30000000,0,user_48,742,742,
5587,1,5200000,108000,user_26,742,742,
5585,2,5000000,0,user_24,742,742,
5577,3,3500000,0,user_13,742,742,
5586,4,3500000,0,user_24,742,742,
5582,5,3200000,30200,user_20,742,742,
5578,6,2500000,0,user_14,742,742,
5570,7,2000000,0,user_7,742,742,
5588,8,1800000,0,user_28,742,742,
5603,9,1600000,0,user_42,742,742,
5583,10,1500000,42000,user_21,742,742,
5606,11,1400000,0,user_47,742,742,
5607,12,1400000,0,user_47,742,742,
5568,13,1300000,0,user_5,742,742,
5594,14,1100000,0,user_33,742,742,
5584,15,460000,39400,user_24,742,742,
5598,16,460000,0,user_36,742,742,
5575,17,370000,0,user_10,742,742,
5564,18,360001,0,user_2,742,742,5562
5562,19,360000,12800,user_0,742,742,
5563,20,359999,0,user_1,742,742,5562
5600,21,350000,0,user_38,742,742,
5566,22,310000,0,user_4,742,742,
5592,23,310000,0,user_30,742,742,
5581,24,300000,0,user_19,742,742,
5569,25,260000,0,user_6,742,742,
5580,26,260000,0,user_19,742,742,
5599,27,260000,0,user_36,742,742,
5571,28,220000,68100,user_8,742,742,
5609,29,170000,0,user_49,742,742,
5597,30,150000,0,user_36,742,742,
5576,31,130000,0,user_13,742,742,
5572,32,120000,121000,user_8,742,742,
5601,33,120000,0,user_38,742,742,
5565,34,79000,0,user_3,742,742,
5567,35,79000,0,user_4,742,742,
5573,36,77000,0,user_8,742,742,
5617,0,19000000,0,user_3,743,743,
5613,1,3600000,0,user_2,743,743,
5620,2,3200000,0,user_4,743,743,
5656,3,2300000,0,user_40,743,743,
5664,4,0,0,validator_2,100,743,5627
5627,5,1600000,410000,user_11,743,743,
5630,6,2000000,0,user_14,743,743,
5663,7,2000000,0,user_49,743,743,
5619,8,1500000,0,user_4,743,743,
5631,9,1500000,0,user_14,743,743,
5633,10,1400000,0,user_16,743,743,
5643,11,1400000,0,user_25,743,743,
5641,12,630000,769000,user_23,743,743,
5665,13,0,0,validator_2,100,743,5641
5655,14,1300000,0,user_38,743,743,
5647,15,870000,350000,user_29,743,743,
5666,16,0,0,validator_2,100,743,5647
5660,17,1100000,0,user_44,743,743,
5625,18,870000,0,user_10,743,743,
5667,19,0,0,validator_2,100,743,5618
5618,20,670000,73100,user_4,743,743,
5637,21,660000,0,user_17,743,743,
5636,22,650000,0,user_17,743,743,
5646,23,470000,5180,user_27,743,743,
5668,24,0,0,validator_2,100,743,5646
5662,25,460000,0,user_48,743,743,
5661,26,350000,0,user_46,743,743,
5648,27,340000,0,user_31,743,743,
5651,28,310000,0,user_34,743,743,
5657,29,310000,0,user_40,743,743,
5612,30,300000,0,user_2,743,743,
5658,31,300000,0,user_42,743,743,
5644,32,240000,0,user_26,743,743,
5615,33,220000,0,user_2,743,743,
5622,34,220000,0,user_6,743,743,
5652,35,220000,0,user_34,743,743,
5634,36,190000,0,user_17,743,743,
5628,37,160000,0,user_12,743,743,
5616,38,150000,0,user_2,743,743,
5626,39,150000,0,user_11,743,743,
5639,40,150000,0,user_20,743,743,
5645,41,150000,0,user_26,743,743,
5635,42,70000,71800,user_17,743,743,
5669,43,0,0,validator_2,100,743,5635
5670,44,0,0,validator_2,100,743,5649
5649,45,120000,5640,user_32,743,743,
5640,46,120000,0,user_22,743,743,
5650,47,110000,0,user_33,743,743,
5623,48,100000,0,user_7,743,743,
5614,49,77000,0,user_2,743,743,
5621,50,77000,0,user_4,743,743,
5692,0,30000000,73100,user_23,744,744,
5713,1,0,0,validator_7,100,744,5692
5672,2,6100000,0,user_1,744,744,
5675,3,5200000,0,user_4,744,744,
5700,4,5200000,0,user_30,744,744,
5684,5,5000000,108000,user_13,744,744,
5714,6,0,0,validator_7,100,744,5684
5706,7,2500000,14200,user_38,744,744,
5715,8,0,0,validator_7,100,744,5706
5716,9,0,0,validator_7,100,744,5696
5696,10,2300000,47700,user_25,744,744,
5681,11,2000000,0,user_10,744,744,
5690,12,1800000,66100,user_22,744,744,
5717,13,0,0,validator_7,100,744,5690
5704,14,1800000,0,user_36,744,744,
5674,15,1600000,0,user_3,744,744,
5679,16,1400000,0,user_8,744,744,
5677,17,1300000,0,user_5,744,744,
5708,18,1100000,0,user_41,744,744,
5695,19,1000000,0,user_25,744,744,
5703,20,1000000,0,user_34,744,744,
5710,21,1000000,0,user_45,744,744,
5712,22,120000,769000,user_49,744,744,
5718,23,0,0,validator_7,100,744,5712
5719,24,0,0,validator_7,100,744,5701
5701,25,630000,34700,user_31,744,744,
5673,26,600000,0,user_2,744,744,
5688,27,530000,0,user_19,744,744,
5707,28,530000,0,user_39,744,744,
5705,29,370000,0,user_37,744,744,
5698,30,320000,0,user_25,744,744,
5694,31,310000,0,user_24,744,744,
5678,32,260000,0,user_8,744,744,
5680,33,170000,0,user_10,744,744,
5685,34,170000,0,user_13,744,744,
5676,35,150000,0,user_4,744,744,
5699,36,130000,0,user_26,744,744,
5671,37,120000,0,user_0,744,744,
5697,38,120000,0,user_25,744,744,
5711,39,120000,0,user_46,744,744,
5687,40,83000,30200,user_15,744,744,
5720,41,0,0,validator_7,100,744,5687
5691,42,79000,32900,user_22,744,744,
5721,43,0,0,validator_7,100,744,5691
5709,44,110000,0,user_41,744,744,
5693,45,70000,0,user_24,744,744,
5749,0,19000000,13900,user_10,745,745,
5748,1,5200000,0,user_10,745,745,
5780,2,5200000,0,user_37,745,745,
5795,3,5200000,0,user_47,745,745,
5776,4,5000000,0,user_34,745,745,
5764,5,4200000,15700,user_25,745,745,
5728,6,3600000,0,user_3,745,745,
5744,7,3600000,0,user_6,745,745,
5755,8,3600000,0,user_16,745,745,
5777,9,3500000,35600,user_35,745,745,
5761,10,3200000,5630,user_20,745,745,
5759,11,2600000,100000,user_19,745,745,
5792,12,2500000,0,user_40,745,745,
5768,13,2000000,0,user_28,745,745,
5786,14,2000000,0,user_38,745,745,
5731,15,1800000,0,user_3,745,745,
5757,16,1400000,0,user_17,745,745,
5769,17,1300000,155000,user_28,745,745,
5770,18,1100000,0,user_29,745,745,
5738,19,1000000,0,user_5,745,745,
5752,20,1000000,42000,user_13,745,745,
5775,21,1000000,0,user_34,745,745,
5743,22,870000,0,user_6,745,745,
5745,23,460000,0,user_7,745,745,
5753,24,460000,0,user_14,745,745,
5762,25,460000,0,user_21,745,745,
5763,26,370000,11200,user_21,745,745,
5773,27,360000,0,user_33,745,745,
5742,28,340000,10700,user_6,745,745,
5778,29,310000,34700,user_36,745,745,
5785,30,310000,0,user_38,745,745,
5794,31,310000,0,user_47,745,745,
5739,32,300000,0,user_5,745,745,
5750,33,300000,0,user_11,745,745,
5791,34,240000,0,user_40,745,745,
5787,35,220000,0,user_39,745,745,
5774,36,170000,0,user_34,745,745,
5788,37,170000,0,user_40,745,745,
5747,38,160000,0,user_8,745,745,
5766,39,160000,0,user_25,745,745,
5793,40,160000,0,user_42,745,745,
5741,41,150000,0,user_6,745,745,
5746,42,150000,30200,user_8,745,745,
5729,43,130000,0,user_3,745,745,
5732,44,130000,0,user_3,745,745,
5782,45,120000,296000,user_37,745,745,
5783,46,120000,0,user_37,745,745,
5726,47,110000,0,user_1,745,745,
5730,48,110000,14200,user_3,745,745,
5765,49,110000,47700,user_25,745,745,
5779,50,110000,0,user_37,745,745,
5781,51,110000,0,user_37,745,745,
5790,52,100000,0,user_40,745,745,
5760,53,87000,0,user_20,745,745,
5771,54,82000,0,user_31,745,745,
5784,55,79000,0,user_38,745,745,
5758,56,77000,49100,user_19,745,745,
5789,57,73000,0,user_40,745,745,
5740,58,70000,0,user_6,745,745,
5756,59,70000,0,user_17,745,745,
5823,0,27000000,33100,user_36,746,746,
5838,1,0,0,validator_5,100,746,5823
5820,2,19000000,0,user_31,746,746,
5839,3,0,0,validator_5,100,746,5834
5834,4,6100000,121000,user_45,746,746,
5812,5,2500000,0,user_17,746,746,
5813,6,2400000,0,user_17,746,746,
5829,7,2400000,0,user_41,746,746,
5814,8,2000000,0,user_17,746,746,
5817,9,2000000,0,user_28,746,746,
5819,10,2000000,0,user_31,746,746,
5808,11,1400000,231000,user_15,746,746,
5840,12,0,0,validator_5,100,746,5808
5841,13,0,0,validator_5,100,746,5809
5809,14,1500000,43600,user_15,746,746,
5810,15,1300000,0,user_16,746,746,
5837,16,970000,0,user_49,746,746,
5804,17,670000,18600,user_12,746,746,
5842,18,0,0,validator_5,100,746,5804
5816,19,660000,0,user_27,746,746,
5825,20,660000,0,user_38,746,746,
5828,21,660000,0,user_40,746,746,
5802,22,470000,0,user_10,746,746,
5803,23,470000,0,user_11,746,746,
5833,24,420000,0,user_45,746,746,
5835,25,240000,121000,user_45,746,746,
5843,26,0,0,validator_5,100,746,5835
5832,27,120000,161000,user_45,746,746,
5844,28,0,0,validator_5,100,746,5832
5807,29,220000,0,user_15,746,746,
5831,30,150000,0,user_45,746,746,
5801,31,130000,0,user_9,746,746,
5797,32,83000,36800,user_1,746,746,
5845,33,0,0,validator_5,100,746,5797
5796,34,100000,0,user_0,746,746,
5815,35,98000,0,user_22,746,746,
5827,36,85000,0,user_40,746,746,
5799,37,84000,0,user_4,746,746,
5836,38,84000,0,user_46,746,746,
5798,39,83001,0,user_2,746,746,5797
5824,40,80000,0,user_37,746,746,
5811,41,70000,0,user_17,746,746,
5891,0,43000000,0,user_36,747,747,
5859,1,19000000,0,user_12,747,747,
5910,2,0,0,validator_13,100,747,5849
5849,3,5000000,39400,user_4,747,747,
5879,4,4500000,0,user_24,747,747,
5894,5,3200000,0,user_38,747,747,
5892,6,2600000,100000,user_36,747,747,
5911,7,0,0,validator_13,100,747,5892
5855,8,2500000,0,user_7,747,747,
5903,9,2400000,0,user_44,747,747,
5877,10,2300000,0,user_24,747,747,
5889,11,2100000,0,user_34,747,747,
5895,12,2100000,0,user_39,747,747,
5851,13,2000000,0,user_5,747,747,
5902,14,2000000,0,user_43,747,747,
5870,15,1600000,0,user_21,747,747,
5890,16,1500000,0,user_35,747,747,
5901,17,1300000,0,user_43,747,747,
5887,18,150000,959000,user_32,747,747,
5912,19,0,0,validator_13,100,747,5887
5909,20,1100000,0,user_49,747,747,
5913,21,0,0,validator_13,100,747,5856
5856,22,1000000,75000,user_8,747,747,
5878,23,1000000,0,user_24,747,747,
5880,24,1000000,0,user_24,747,747,
5907,25,910000,0,user_48,747,747,
5882,26,870000,0,user_27,747,747,
5914,27,0,0,validator_13,100,747,5893
5893,28,660000,12800,user_38,747,747,
5862,29,670000,0,user_15,747,747,
5860,30,660000,0,user_13,747,747,
5908,31,650000,0,user_49,747,747,
5846,32,530000,0,user_1,747,747,
5850,33,360000,139000,user_5,747,747,
5915,34,0,0,validator_13,100,747,5850
5904,35,460000,16400,user_44,747,747,
5916,36,0,0,validator_13,100,747,5904
5917,37,0,0,validator_13,100,747,5883
5883,38,420000,36800,user_29,747,747,
5869,39,370000,0,user_19,747,747,
5905,40,310000,0,user_45,747,747,
5918,41,0,0,validator_13,100,747,5886
5886,42,170000,128000,user_32,747,747,
5919,43,0,0,validator_13,100,747,5861
5861,44,120000,161000,user_14,747,747,
5900,45,220000,0,user_41,747,747,
5906,46,220000,0,user_47,747,747,
5920,47,0,0,validator_13,100,747,5847
5847,48,170000,15700,user_2,747,747,
5921,49,0,0,validator_13,100,747,5848
5848,50,110000,66100,user_3,747,747,
5868,51,170000,0,user_17,747,747,
5885,52,120000,0,user_31,747,747,
5884,53,83000,0,user_30,747,747,
5888,54,80000,0,user_33,747,747,
5881,55,70000,0,user_26,747,747,
5932,0,30000000,0,user_20,748,748,
5958,1,27000000,0,user_41,748,748,
5937,2,5000000,0,user_22,748,748,
5922,3,3600000,19700,user_1,748,748,
5940,4,1600000,0,user_25,748,748,
5948,5,1600000,0,user_32,748,748,
5923,6,1500000,0,user_3,748,748,
5935,7,1500000,0,user_20,748,748,
5946,8,1400000,0,user_30,748,748,
5943,9,660000,0,user_30,748,748,
5929,10,650000,0,user_16,748,748,
5956,11,630000,0,user_37,748,748,
5941,12,530000,0,user_28,748,748,
5925,13,460000,0,user_8,748,748,
5934,14,460000,5180,user_20,748,748,
5955,15,360000,0,user_36,748,748,
5938,16,340000,0,user_23,748,748,
5924,17,310000,30200,user_7,748,748,
5954,18,260000,5630,user_35,748,748,
5944,19,170000,5630,user_30,748,748,
5960,20,170000,0,user_43,748,748,
5930,21,160000,0,user_17,748,748,
5942,22,160000,0,user_29,748,748,
5933,23,130000,0,user_20,748,748,
5926,24,120000,0,user_10,748,748,
5931,25,120000,0,user_19,748,748,
5945,26,120000,0,user_30,748,748,
5964,27,83000,0,user_49,748,748,
5936,28,79000,0,user_21,748,748,
5953,29,77000,0,user_34,748,748,
6000,0,43000000,12800,user_37,749,749,
6010,1,19000000,0,user_47,749,749,
5976,2,6100000,0,user_18,749,749,
5990,3,6100000,0,user_29,749,749,
6011,4,5200000,35100,user_48,749,749,
5974,5,5000000,8520,user_15,749,749,
5973,6,4200000,0,user_14,749,749,
5997,7,3600000,0,user_33,749,749,
5987,8,2100000,0,user_26,749,749,
5978,9,2000000,164000,user_20,749,749,
5980,10,2000000,35100,user_21,749,749,
6005,11,1000000,0,user_40,749,749,
5996,12,910000,1100000,user_31,749,749,
5999,13,670000,0,user_36,749,749,
6006,14,670000,0,user_42,749,749,
5972,15,660000,545000,user_14,749,749,
6004,16,420000,0,user_40,749,749,
5982,17,370000,0,user_21,749,749,
5975,18,360000,0,user_17,749,749,
6009,19,320000,0,user_46,749,749,
5977,20,310000,139000,user_19,749,749,
6003,21,300000,0,user_40,749,749,
5968,22,260000,0,user_6,749,749,
5969,23,260000,0,user_7,749,749,
5979,24,170000,0,user_20,749,749,
6002,25,170000,0,user_40,749,749,
5986,26,160000,0,user_25,749,749,
5967,27,120000,14200,user_3,749,749,
5970,28,120000,0,user_10,749,749,
6007,29,110000,30200,user_44,749,749,
5981,30,98000,0,user_21,749,749,
5983,31,84000,0,user_21,749,749,
6008,32,80000,0,user_45,749,749,
5965,33,79000,0,user_1,749,749,
5998,34,73000,0,user_35,749,749,
6047,0,43000000,0,user_40,750,750,
6043,1,2300000,4320000,user_36,750,750,
6055,2,0,0,validator_3,100,750,6043
6044,3,6100000,0,user_37,750,750,
6013,4,2400000,0,user_0,750,750,
6056,5,0,0,validator_3,100,750,6035
6035,6,2300000,42000,user_21,750,750,
6022,7,2100000,0,user_13,750,750,
6048,8,2100000,0,user_41,750,750,
6017,9,1800000,0,user_5,750,750,
6049,10,1600000,0,user_42,750,750,
6018,11,1500000,0,user_7,750,750,
6028,12,1500000,0,user_16,750,750,
6057,13,0,0,validator_3,100,750,6026
6026,14,1200000,231000,user_16,750,750,
6019,15,1400000,0,user_8,750,750,
6016,16,1000000,0,user_5,750,750,
6036,17,1000000,0,user_21,750,750,
6039,18,1000000,0,user_23,750,750,
6020,19,970000,0,user_11,750,750,
6045,20,870000,43600,user_38,750,750,
6058,21,0,0,validator_3,100,750,6045
6042,22,910000,0,user_33,750,750,
6030,23,120000,779000,user_17,750,750,
6059,24,0,0,validator_3,100,750,6030
6060,25,0,0,validator_3,100,750,6027
6027,26,420000,381000,user_16,750,750,
6041,27,670000,0,user_28,750,750,
6032,28,660000,0,user_19,750,750,
6040,29,420000,0,user_23,750,750,
6037,30,310000,0,user_22,750,750,
6025,31,220000,21800,user_16,750,750,
6061,32,0,0,validator_3,100,750,6025
6029,33,170000,0,user_17,750,750,
6031,34,170000,0,user_18,750,750,
6038,35,170000,0,user_23,750,750,
6021,36,150000,0,user_11,750,750,
6024,37,120000,0,user_15,750,750,
6033,38,120000,0,user_19,750,750,
6023,39,84000,23500,user_14,750,750,
6062,40,0,0,validator_3,100,750,6023
6051,41,98000,0,user_44,750,750,
6014,42,84000,0,user_2,750,750,
6050,43,73000,0,user_42,750,750,
6079,0,19000000,0,user_15,751,751,
6109,1,0,0,validator_5,100,751,6074
6074,2,6100000,12800,user_12,751,751,
6069,3,4200000,0,user_6,751,751,
6066,4,3600000,0,user_3,751,751,
6089,5,3600000,0,user_24,751,751,
6108,6,2600000,0,user_49,751,751,
6104,7,2500000,0,user_41,751,751,
6064,8,2400000,0,user_0,751,751,
6101,9,2000000,0,user_38,751,751,
6065,10,1700000,0,user_1,751,751,
6106,11,1600000,0,user_45,751,751,
6067,12,1500000,0,user_4,751,751,
6100,13,1000000,30200,user_38,751,751,
6110,14,0,0,validator_5,100,751,6100
6111,15,0,0,validator_5,100,751,6081
6081,16,470000,30200,user_16,751,751,
6112,17,0,0,validator_5,100,751,6086
6086,18,150000,350000,user_22,751,751,
6073,19,460000,0,user_12,751,751,
6063,20,360000,0,user_0,751,751,
6103,21,360000,0,user_40,751,751,
6090,22,310000,0,user_24,751,751,
6072,23,300000,0,user_10,751,751,
6113,24,0,0,validator_5,100,751,6093
6093,25,120000,139000,user_27,751,751,
6078,26,240000,0,user_15,751,751,
6070,27,220000,12800,user_6,751,751,
6114,28,0,0,validator_5,100,751,6070
6083,29,170000,0,user_17,751,751,
6082,30,160000,0,user_17,751,751,
6087,31,160000,0,user_23,751,751,
6080,32,150000,0,user_16,751,751,
6091,33,150000,0,user_24,751,751,
6092,34,150000,0,user_25,751,751,
6115,35,0,0,validator_5,100,751,6088
6088,36,110000,31700,user_24,751,751,
6084,37,110000,0,user_18,751,751,
6096,38,110000,0,user_33,751,751,
6085,39,98000,0,user_21,751,751,
6116,40,0,0,validator_5,100,751,6068
6068,41,83000,12800,user_5,751,751,
6099,42,80000,0,user_36,751,751,
6117,0,30000000,0,user_0,752,752,
6135,1,27000000,11200,user_21,752,752,
6153,2,0,0,validator_6,100,752,6135
6122,3,27000000,0,user_8,752,752,
6140,4,27000000,0,user_29,752,752,
6130,5,2500000,0,user_15,752,752,
6118,6,2000000,33100,user_1,752,752,
6154,7,0,0,validator_6,100,752,6118
6120,8,1800000,0,user_6,752,752,
6123,9,1400000,0,user_11,752,752,
6127,10,1400000,0,user_13,752,752,
6141,11,1400000,0,user_30,752,752,
6121,12,1300000,0,user_6,752,752,
6134,13,85000,1100000,user_20,752,752,
6155,14,0,0,validator_6,100,752,6134
6125,15,1000000,0,user_12,752,752,
6148,16,1000000,0,user_43,752,752,
6156,17,0,0,validator_6,100,752,6142
6142,18,670000,36800,user_35,752,752,
6139,19,650000,0,user_27,752,752,
6157,20,0,0,validator_6,100,752,6132
6132,21,220000,381000,user_17,752,752,
6151,22,600000,0,user_46,752,752,
6133,23,370000,0,user_18,752,752,
6150,24,160000,146000,user_45,752,752,
6158,25,0,0,validator_6,100,752,6150
6131,26,300000,0,user_16,752,752,
6138,27,260000,0,user_25,752,752,
6129,28,160000,0,user_15,752,752,
6149,29,150000,0,user_44,752,752,
6126,30,120000,0,user_13,752,752,
6128,31,120000,0,user_14,752,752,
6152,32,100000,0,user_48,752,752,
6137,33,98000,0,user_24,752,752,
6124,34,83000,0,user_12,752,752,
6161,0,43000000,0,user_4,753,753,
6208,1,5200000,0,user_46,753,753,
6169,2,5000000,0,user_15,753,753,
6214,3,3500000,0,user_48,753,753,
6177,4,3200000,0,user_25,753,753,
6195,5,2600000,0,user_40,753,753,
6216,6,2500000,18600,user_48,753,753,
6219,7,0,0,validator_12,100,753,6216
6165,8,2500000,0,user_9,753,753,
6170,9,2500000,0,user_16,753,753,
6182,10,2000000,3130,user_28,753,753,
6220,11,0,0,validator_12,100,753,6182
6201,12,1900000,0,user_43,753,753,
6209,13,1900000,0,user_46,753,753,
6188,14,1800000,0,user_36,753,753,
6198,15,1700000,0,user_43,753,753,
6183,16,1600000,0,user_28,753,753,
6185,17,1500000,33300,user_33,753,753,
6221,18,0,0,validator_12,100,753,6185
6175,19,1500000,0,user_24,753,753,
6204,20,1500000,0,user_45,753,753,
6178,21,1400000,0,user_27,753,753,
6180,22,1400000,0,user_28,753,753,
6202,23,1400000,0,user_44,753,753,
6207,24,1200000,0,user_46,753,753,
6222,25,0,0,validator_12,100,753,6194
6194,26,1100000,13900,user_40,753,753,
6186,27,1100000,0,user_35,753,753,
6189,28,1100000,0,user_37,753,753,
6223,29,0,0,validator_12,100,753,6181
6181,30,660000,410000,user_28,753,753,
6184,31,1000000,0,user_28,753,753,
6218,32,1000000,0,user_49,753,753,
6168,33,870000,0,user_13,753,753,
6200,34,670000,0,user_43,753,753,
6206,35,670000,0,user_46,753,753,
6166,36,460000,0,user_11,753,753,
6217,37,420000,0,user_48,753,753,
6176,38,360000,0,user_24,753,753,
6215,39,360000,0,user_48,753,753,
6191,40,300000,13900,user_39,753,753,
6224,41,0,0,validator_12,100,753,6191
6171,42,240000,0,user_20,753,753,
6174,43,220000,0,user_22,753,753,
6225,44,0,0,validator_12,100,753,6192
6192,45,120000,71800,user_40,753,753,
6160,46,160000,0,user_1,753,753,
6205,47,150000,0,user_46,753,753,
6199,48,110000,32900,user_43,753,753,
6226,49,0,0,validator_12,100,753,6199
6213,50,120000,0,user_48,753,753,
6167,51,110000,0,user_12,753,753,
6203,52,110000,0,user_45,753,753,
6193,53,87000,0,user_40,753,753,
6179,54,84000,0,user_27,753,753,
6187,55,82000,0,user_36,753,753,
6250,0,30000000,0,user_24,754,754,
6238,1,19000000,0,user_12,754,754,
6234,2,6300000,0,user_7,754,754,
6265,3,5200000,0,user_34,754,754,
6261,4,5000000,0,user_28,754,754,
6228,5,3500000,0,user_2,754,754,
6248,6,2600000,0,user_24,754,754,
6255,7,2600000,0,user_26,754,754,
6263,8,2600000,0,user_32,754,754,
6271,9,2000000,108000,user_41,754,754,
6230,10,1800000,0,user_3,754,754,
6233,11,1400000,0,user_6,754,754,
6260,12,1100000,0,user_27,754,754,
6274,13,1100000,0,user_46,754,754,
6243,14,1000000,0,user_17,754,754,
6236,15,670000,155000,user_9,754,754,
6229,16,460000,0,user_3,754,754,
6244,17,360000,0,user_18,754,754,
6256,18,310000,0,user_27,754,754,
6259,19,310000,0,user_27,754,754,
6237,20,170000,0,user_11,754,754,
6240,21,160000,5630,user_15,754,754,
6249,22,160000,0,user_24,754,754,
6272,23,160000,0,user_41,754,754,
6276,24,150000,0,user_48,754,754,
6264,25,130000,0,user_32,754,754,
6231,26,120000,0,user_4,754,754,
6246,27,120000,0,user_20,754,754,
6273,28,120000,0,user_43,754,754,
6239,29,110000,0,user_13,754,754,
6257,30,100000,0,user_27,754,754,
6242,31,98000,155000,user_17,754,754,
6241,32,85000,0,user_16,754,754,
6270,33,83000,0,user_39,754,754,
6235,34,82000,33300,user_7,754,754,
6227,35,80000,0,user_1,754,754,
6258,36,80000,0,user_27,754,754,
6285,0,6100000,0,user_4,755,755,
6305,1,6100000,0,user_26,755,755,
6308,2,5200000,0,user_29,755,755,
6300,3,5000000,0,user_21,755,755,
6329,4,5000000,0,user_49,755,755,
6277,5,4500000,0,user_0,755,755,
6280,6,4500000,0,user_3,755,755,
6302,7,3600000,0,user_23,755,755,
6313,8,2600000,0,user_30,755,755,
6309,9,2100000,779000,user_29,755,755,
6278,10,2000000,0,user_2,755,755,
6295,11,2000000,12300,user_15,755,755,
6292,12,1800000,0,user_13,755,755,
6320,13,1700000,0,user_37,755,755,
6312,14,1500000,0,user_29,755,755,
6321,15,1500000,0,user_39,755,755,
6284,16,1400000,0,user_4,755,755,
6294,17,1400000,0,user_14,755,755,
6283,18,1300000,215000,user_4,755,755,
6293,19,1000000,0,user_14,755,755,
6296,20,1000000,0,user_16,755,755,
6279,21,910000,0,user_2,755,755,
6307,22,370000,0,user_28,755,755,
6286,23,310000,0,user_5,755,755,
6299,24,300000,84800,user_19,755,755,
6282,25,260000,0,user_4,755,755,
6318,26,220000,0,user_34,755,755,
6319,27,220000,0,user_34,755,755,
6306,28,170000,0,user_27,755,755,
6310,29,170000,13900,user_29,755,755,
6297,30,160000,0,user_17,755,755,
6281,31,150000,0,user_3,755,755,
6287,32,150000,0,user_7,755,755,
6324,33,120000,0,user_43,755,755,
6315,34,100000,42000,user_32,755,755,
6288,35,84000,0,user_9,755,755,
6311,36,84000,5630,user_29,755,755,
6301,37,82000,0,user_22,755,755,
6316,38,80000,0,user_32,755,755,
6385,0,43000000,0,user_45,756,756,
6394,1,0,0,validator_7,100,756,6373
6373,2,27000000,231000,user_37,756,756,
6362,3,27000000,0,user_27,756,756,
6391,4,5000000,4320000,user_49,756,756,
6395,5,0,0,validator_7,100,756,6391
6358,6,5000000,0,user_19,756,756,
6388,7,3500000,0,user_48,756,756,
6349,8,2300000,0,user_7,756,756,
6354,9,2000000,0,user_15,756,756,
6364,10,2000000,0,user_28,756,756,
6363,11,1700000,0,user_27,756,756,
6386,12,1600000,0,user_46,756,756,
6389,13,1600000,0,user_49,756,756,
6351,14,1500000,0,user_12,756,756,
6352,15,1500000,0,user_13,756,756,
6396,16,0,0,validator_7,100,756,6376
6376,17,1200000,43600,user_40,756,756,
6353,18,1100000,13900,user_13,756,756,
6397,19,0,0,validator_7,100,756,6353
6369,20,1100000,0,user_32,756,756,
6356,21,1000000,0,user_18,756,756,
6384,22,1000000,0,user_44,756,756,
6382,23,670000,0,user_43,756,756,
6343,24,650000,0,user_0,756,756,
6344,25,600000,0,user_0,756,756,
6398,26,0,0,validator_7,100,756,6360
6360,27,170000,369000,user_23,756,756,
6357,28,460000,0,user_19,756,756,
6375,29,420000,0,user_38,756,756,
6348,30,300000,0,user_7,756,756,
6377,31,260000,0,user_40,756,756,
6368,32,220000,0,user_31,756,756,
6393,33,220000,0,user_49,756,756,
6372,34,190000,0,user_36,756,756,
6399,35,0,0,validator_7,100,756,6370
6370,36,120000,66100,user_34,756,756,
6345,37,98000,75000,user_0,756,756,
6400,38,0,0,validator_7,100,756,6345
6374,39,110000,60700,user_38,756,756,
6401,40,0,0,validator_7,100,756,6374
6355,41,170000,0,user_17,756,756,
6365,42,170000,0,user_28,756,756,
6392,43,170000,0,user_49,756,756,
6371,44,150000,0,user_35,756,756,
6378,45,150000,0,user_41,756,756,
6381,46,150000,0,user_43,756,756,
6390,47,150000,0,user_49,756,756,
6367,48,120000,0,user_30,756,756,
6346,49,97999,0,user_1,756,756,6345
6383,50,80000,12800,user_43,756,756,
6402,51,0,0,validator_7,100,756,6383
6361,52,87000,0,user_27,756,756,
6387,53,80000,0,user_47,756,756,
6347,54,73000,5180,user_5,756,756,
6403,55,0,0,validator_7,100,756,6347
6441,0,19000000,0,user_27,757,757,
6461,1,0,0,validator_13,100,757,6426
6426,2,79000,7190000,user_18,757,757,
6444,3,6300000,0,user_31,757,757,
6452,4,4500000,0,user_41,757,757,
6462,5,0,0,validator_13,100,757,6414
6414,6,2300000,381000,user_7,757,757,
6463,7,0,0,validator_13,100,757,6408
6408,8,2100000,381000,user_1,757,757,
6419,9,2300000,0,user_12,757,757,
6409,10,2100001,0,user_2,757,757,6408
6448,11,2000000,11200,user_35,757,757,
6464,12,0,0,validator_13,100,757,6448
6456,13,2000000,0,user_45,757,757,
6421,14,1500000,296000,user_12,757,757,
6465,15,0,0,validator_13,100,757,6421
6413,16,1600000,64600,user_7,757,757,
6466,17,0,0,validator_13,100,757,6413
6455,18,1600000,0,user_44,757,757,
6425,19,1400000,0,user_17,757,757,
6428,20,1400000,0,user_19,757,757,
6422,21,1100000,0,user_13,757,757,
6449,22,1000000,0,user_36,757,757,
6459,23,1000000,0,user_48,757,757,
6446,24,870000,0,user_34,757,757,
6423,25,660000,36800,user_14,757,757,
6467,26,0,0,validator_13,100,757,6423
6410,27,650000,0,user_3,757,757,
6445,28,310000,231000,user_33,757,757,
6468,29,0,0,validator_13,100,757,6445
6420,30,530000,0,user_12,757,757,
6439,31,420000,0,user_25,757,757,
6460,32,170000,146000,user_49,757,757,
6469,33,0,0,validator_13,100,757,6460
6416,34,120000,195000,user_10,757,757,
6470,35,0,0,validator_13,100,757,6416
6430,36,310000,0,user_21,757,757,
6442,37,310000,0,user_28,757,757,
6447,38,310000,0,user_35,757,757,
6438,39,260000,0,user_25,757,757,
6471,40,0,0,validator_13,100,757,6450
6450,41,220000,13900,user_38,757,757,
6415,42,220000,0,user_8,757,757,
6411,43,170000,0,user_5,757,757,
6440,44,150000,0,user_26,757,757,
6472,45,0,0,validator_13,100,757,6451
6451,46,110000,36800,user_39,757,757,
6406,47,120000,0,user_1,757,757,
6407,48,110000,0,user_1,757,757,
6427,49,110000,0,user_18,757,757,
6458,50,110000,0,user_46,757,757,
6457,51,85000,0,user_46,757,757,
6454,52,84000,0,user_44,757,757,
6443,53,83000,0,user_30,757,757,
6431,54,79000,0,user_21,757,757,
6482,0,43000000,0,user_8,758,758,
6509,1,5000000,0,user_33,758,758,
6473,2,3500000,0,user_0,758,758,
6520,3,3500000,0,user_43,758,758,
6479,4,2600000,0,user_6,758,758,
6518,5,2600000,0,user_41,758,758,
6522,6,2400000,0,user_46,758,758,
6489,7,2300000,0,user_11,758,758,
6519,8,2000000,0,user_43,758,758,
6485,9,1700000,56200,user_9,758,758,
6510,10,1600000,0,user_34,758,758,
6481,11,1500000,0,user_7,758,758,
6498,12,1500000,21800,user_22,758,758,
6499,13,1500000,0,user_23,758,758,
6515,14,1500000,73100,user_37,758,758,
6492,15,1200000,0,user_13,758,758,
6511,16,1200000,13900,user_34,758,758,
6493,17,1100000,3130,user_14,758,758,
6496,18,1100000,0,user_20,758,758,
6474,19,970000,0,user_1,758,758,
6494,20,660000,0,user_18,758,758,
6523,21,650000,0,user_48,758,758,
6500,22,630000,146000,user_25,758,758,
6502,23,630000,0,user_26,758,758,
6478,24,600000,13900,user_4,758,758,
6501,25,530000,13800,user_25,758,758,
6513,26,530000,0,user_36,758,758,
6477,27,460000,0,user_3,758,758,
6516,28,460000,0,user_37,758,758,
6521,29,420000,0,user_45,758,758,
6484,30,370000,0,user_9,758,758,
6486,31,300000,0,user_9,758,758,
6504,32,260000,155000,user_29,758,758,
6495,33,240000,0,user_19,758,758,
6480,34,220000,17000,user_7,758,758,
6487,35,160000,0,user_11,758,758,
6497,36,150000,0,user_22,758,758,
6475,37,120000,5180,user_1,758,758,
6512,38,120000,0,user_34,758,758,
6517,39,110000,0,user_40,758,758,
6483,40,87000,0,user_9,758,758,
6514,41,84000,18600,user_37,758,758,
6508,42,82000,0,user_31,758,758,
6488,43,77000,0,user_11,758,758,
6556,0,43000000,0,user_39,759,759,
6568,1,0,0,validator_1,100,759,6562
6562,2,6100000,181000,user_46,759,759,
6559,3,5000000,0,user_43,759,759,
6558,4,4200000,0,user_42,759,759,
6532,5,3600000,0,user_7,759,759,
6548,6,2100000,0,user_30,759,759,
6545,7,2000000,0,user_27,759,759,
6555,8,1700000,0,user_38,759,759,
6544,9,1600000,0,user_26,759,759,
6557,10,1500000,0,user_41,759,759,
6537,11,1200000,0,user_16,759,759,
6535,12,1100000,0,user_11,759,759,
6569,13,0,0,validator_1,100,759,6564
6564,14,1000000,34700,user_47,759,759,
6539,15,1000000,0,user_18,759,759,
6540,16,1000000,0,user_19,759,759,
6536,17,970000,0,user_12,759,759,
6551,18,660000,0,user_34,759,759,
6550,19,600000,0,user_32,759,759,
6570,20,0,0,validator_1,100,759,6546
6546,21,460000,16400,user_29,759,759,
6565,22,460000,0,user_48,759,759,
6566,23,460000,0,user_49,759,759,
6547,24,420000,0,user_30,759,759,
6571,25,0,0,validator_1,100,759,6527
6527,26,360000,23500,user_5,759,759,
6549,27,220000,0,user_31,759,759,
6533,28,170000,0,user_8,759,759,
6567,29,170000,0,user_49,759,759,
6526,30,160000,0,user_1,759,759,
6572,31,0,0,validator_1,100,759,6554
6554,32,120000,24700,user_38,759,759,
6534,33,110000,0,user_10,759,759,
6563,34,110000,0,user_47,759,759,
6525,35,100000,0,user_1,759,759,
6561,36,98000,0,user_45,759,759,
6541,37,79000,0,user_21,759,759,
6543,38,77000,0,user_23,759,759,
6590,0,19000000,0,user_13,760,760,
6595,1,6100000,0,user_18,760,760,
6618,2,6100000,0,user_37,760,760,
6601,3,5000000,0,user_21,760,760,
6629,4,3600000,0,user_45,760,760,
6599,5,2600000,0,user_19,760,760,
6634,6,2600000,0,user_49,760,760,
6616,7,2100000,0,user_36,760,760,
6635,8,0,0,validator_13,100,760,6596
6596,9,2000000,16400,user_18,760,760,
6573,10,2000000,0,user_2,760,760,
6597,11,1600000,0,user_18,760,760,
6574,12,1500000,0,user_3,760,760,
6575,13,1500000,0,user_4,760,760,
6576,14,1500000,0,user_5,760,760,
6614,15,1500000,0,user_34,760,760,
6615,16,1300000,0,user_36,760,760,
6582,17,1100000,0,user_10,760,760,
6612,18,1100000,0,user_32,760,760,
6619,19,1100000,0,user_38,760,760,
6578,20,1000000,0,user_7,760,760,
6609,21,320000,381000,user_28,760,760,
6636,22,0,0,validator_13,100,760,6609
6637,23,0,0,validator_13,100,760,6606
6606,24,670000,3130,user_25,760,760,
6605,25,670000,0,user_25,760,760,
6632,26,630000,0,user_46,760,760,
6587,27,530000,0,user_12,760,760,
6638,28,0,0,validator_13,100,760,6631
6631,29,220000,256000,user_46,760,760,
6633,30,470000,0,user_48,760,760,
6639,31,0,0,validator_13,100,760,6627
6627,32,460000,5640,user_43,760,760,
6640,33,0,0,validator_13,100,760,6594
6594,34,320000,68100,user_18,760,760,
6622,35,350000,0,user_39,760,760,
6628,36,340000,0,user_44,760,760,
6588,37,320000,0,user_13,760,760,
6604,38,300000,0,user_24,760,760,
6608,39,160000,139000,user_28,760,760,
6641,40,0,0,validator_13,100,760,6608
6617,41,220000,0,user_37,760,760,
6621,42,220000,0,user_39,760,760,
6642,43,0,0,validator_13,100,760,6589
6589,44,170000,11200,user_13,760,760,
6613,45,170000,0,user_33,760,760,
6620,46,150000,0,user_38,760,760,
6643,47,0,0,validator_13,100,760,6607
6607,48,120000,3130,user_27,760,760,
6593,49,120000,0,user_17,760,760,
6611,50,100000,0,user_31,760,760,
6598,51,98000,0,user_18,760,760,
6579,52,87000,0,user_8,760,760,
6630,53,80000,0,user_46,760,760,
6591,54,79000,0,user_15,760,760,
6610,55,70000,0,user_29,760,760,
6700,0,0,0,validator_12,100,761,6661
6661,1,310000,7190000,user_16,761,761,
6671,2,6300000,0,user_25,761,761,
6680,3,6300000,0,user_34,761,761,
6667,4,2000000,0,user_22,761,761,
6666,5,1700000,0,user_22,761,761,
6660,6,1600000,0,user_15,761,761,
6693,7,1600000,0,user_43,761,761,
6701,8,0,0,validator_12,100,761,6684
6684,9,1500000,16400,user_37,761,761,
6651,10,1500000,0,user_9,761,761,
6658,11,1500000,0,user_13,761,761,
6688,12,1200000,0,user_39,761,761,
6674,13,1100000,0,user_27,761,761,
6681,14,1100000,0,user_34,761,761,
6645,15,1000000,0,user_1,761,761,
6654,16,1000000,0,user_12,761,761,
6698,17,970000,5630,user_45,761,761,
6702,18,0,0,validator_12,100,761,6698
6656,19,870000,0,user_12,761,761,
6703,20,0,0,validator_12,100,761,6670
6670,21,660000,31700,user_24,761,761,
6694,22,650000,0,user_44,761,761,
6650,23,630000,0,user_9,761,761,
6652,24,120000,381000,user_10,761,761,
6704,25,0,0,validator_12,100,761,6652
6705,26,0,0,validator_12,100,761,6659
6659,27,340000,35600,user_14,761,761,
6668,28,350000,0,user_23,761,761,
6673,29,320000,21800,user_27,761,761,
6706,30,0,0,validator_12,100,761,6673
6646,31,320000,0,user_4,761,761,
6682,32,320000,0,user_35,761,761,
6657,33,310000,0,user_12,761,761,
6699,34,310000,0,user_48,761,761,
6653,35,260000,0,user_12,761,761,
6649,36,220000,0,user_9,761,761,
6678,37,160000,30200,user_32,761,761,
6707,38,0,0,validator_12,100,761,6678
6708,39,0,0,validator_12,100,761,6696
6696,40,150000,33300,user_45,761,761,
6687,41,160000,0,user_39,761,761,
6689,42,160000,0,user_40,761,761,
6655,43,150000,0,user_12,761,761,
6676,44,150000,0,user_30,761,761,
6679,45,120000,0,user_32,761,761,
6695,46,120000,0,user_45,761,761,
6697,47,120000,0,user_45,761,761,
6669,48,110000,0,user_24,761,761,
6683,49,110000,0,user_36,761,761,
6675,50,82000,24700,user_29,761,761,
6709,51,0,0,validator_12,100,761,6675
6710,52,0,0,validator_12,100,761,6648
6648,53,82000,23500,user_7,761,761,
6677,54,98000,0,user_30,761,761,
6662,55,77000,0,user_16,761,761,
6686,56,77000,0,user_39,761,761,
6735,0,6300000,0,user_23,762,762,
6744,1,6300000,0,user_34,762,762,
6716,2,4500000,0,user_6,762,762,
6725,3,3500000,0,user_13,762,762,
6715,4,2600000,0,user_5,762,762,
6728,5,2500000,0,user_17,762,762,
6742,6,2000000,0,user_31,762,762,
6713,7,1900000,0,user_3,762,762,
6746,8,1800000,0,user_38,762,762,
6737,9,1700000,12800,user_27,762,762,
6753,10,0,0,validator_10,100,762,6737
6743,11,1400000,0,user_32,762,762,
6734,12,1300000,0,user_23,762,762,
6714,13,1200000,0,user_5,762,762,
6748,14,1200000,0,user_40,762,762,
6750,15,1200000,0,user_42,762,762,
6754,16,0,0,validator_10,100,762,6712
6712,17,1100000,15700,user_0,762,762,
6732,18,1100000,0,user_20,762,762,
6747,19,1100000,0,user_39,762,762,
6711,20,650000,0,user_0,762,762,
6733,21,420000,0,user_22,762,762,
6724,22,350000,0,user_12,762,762,
6718,23,310000,0,user_7,762,762,
6727,24,310000,0,user_14,762,762,
6738,25,310000,0,user_27,762,762,
6719,26,220000,0,user_8,762,762,
6749,27,220000,0,user_41,762,762,
6730,28,130000,75000,user_19,762,762,
6755,29,0,0,validator_10,100,762,6730
6731,30,170000,8520,user_19,762,762,
6756,31,0,0,validator_10,100,762,6731
6726,32,120000,0,user_13,762,762,
6736,33,120000,0,user_23,762,762,
6751,34,120000,0,user_43,762,762,
6717,35,84000,0,user_7,762,762,
6745,36,83000,0,user_35,762,762,
6814,0,0,0,validator_5,100,763,6808
6808,1,43000000,128000,user_42,763,763,
6758,2,19000000,0,user_4,763,763,
6767,3,630000,17700000,user_12,763,763,
6815,4,0,0,validator_5,100,763,6767
6774,5,5200000,0,user_19,763,763,
6783,6,5200000,0,user_26,763,763,
6786,7,5200000,0,user_26,763,763,
6779,8,5000000,0,user_23,763,763,
6757,9,4200000,139000,user_0,763,763,
6816,10,0,0,validator_5,100,763,6757
6769,11,3200000,0,user_16,763,763,
6795,12,3200000,0,user_31,763,763,
6761,13,2100000,0,user_6,763,763,
6811,14,2000000,10700,user_46,763,763,
6817,15,0,0,validator_5,100,763,6811
6775,16,1900000,0,user_20,763,763,
6782,17,1900000,0,user_23,763,763,
6766,18,1700000,0,user_10,763,763,
6796,19,1600000,0,user_31,763,763,
6778,20,1500000,0,user_22,763,763,
6759,21,1400000,0,user_4,763,763,
6812,22,1200000,0,user_47,763,763,
6818,23,0,0,validator_5,100,763,6776
6776,24,1100000,47700,user_21,763,763,
6760,25,1100000,0,user_5,763,763,
6807,26,650000,0,user_40,763,763,
6809,27,460000,0,user_42,763,763,
6773,28,370000,0,user_19,763,763,
6787,29,370000,0,user_27,763,763,
6781,30,360000,0,user_23,763,763,
6784,31,360000,0,user_26,763,763,
6791,32,350000,0,user_28,763,763,
6772,33,300000,47700,user_18,763,763,
6819,34,0,0,validator_5,100,763,6772
6820,35,0,0,validator_5,100,763,6801
6801,36,320000,16400,user_35,763,763,
6802,37,310000,0,user_36,763,763,
6793,38,300000,0,user_29,763,763,
6790,39,220000,43600,user_28,763,763,
6821,40,0,0,validator_5,100,763,6790
6792,41,260000,0,user_29,763,763,
6810,42,260000,0,user_44,763,763,
6788,43,240000,0,user_28,763,763,
6789,44,240000,0,user_28,763,763,
6765,45,160000,0,user_9,763,763,
6804,46,160000,0,user_38,763,763,
6780,47,150000,0,user_23,763,763,
6799,48,150000,0,user_33,763,763,
6777,49,120000,0,user_22,763,763,
6785,50,110000,0,user_26,763,763,
6803,51,82000,16400,user_37,763,763,
6822,52,0,0,validator_5,100,763,6803
6771,53,84000,0,user_17,763,763,
6798,54,73000,0,user_33,763,763,
6770,55,70000,0,user_17,763,763,
6831,0,30000000,0,user_6,764,764,
6827,1,27000000,0,user_3,764,764,
6874,2,19000000,0,user_48,764,764,
6876,3,0,0,validator_10,100,764,6861
6861,4,5000000,108000,user_34,764,764,
6840,5,5000000,0,user_13,764,764,
6870,6,5000000,0,user_41,764,764,
6842,7,4200000,769000,user_16,764,764,
6877,8,0,0,validator_10,100,764,6842
6871,9,4500000,0,user_42,764,764,
6873,10,3500000,0,user_47,764,764,
6860,11,2600000,0,user_33,764,764,
6826,12,2400000,0,user_3,764,764,
6832,13,2400000,0,user_7,764,764,
6863,14,2100000,0,user_37,764,764,
6838,15,2000000,0,user_11,764,764,
6834,16,1800000,15300,user_7,764,764,
6878,17,0,0,validator_10,100,764,6834
6866,18,1700000,0,user_38,764,764,
6851,19,1600000,0,user_27,764,764,
6823,20,1500000,0,user_1,764,764,
6848,21,1500000,0,user_24,764,764,
6847,22,1100000,0,user_23,764,764,
6867,23,1100000,0,user_39,764,764,
6824,24,1000000,0,user_1,764,764,
6849,25,1000000,0,user_25,764,764,
6858,26,1000000,0,user_31,764,764,
6862,27,870000,0,user_35,764,764,
6869,28,670000,0,user_40,764,764,
6872,29,530000,0,user_43,764,764,
6857,30,470000,0,user_31,764,764,
6841,31,460000,0,user_14,764,764,
6855,32,420000,0,user_31,764,764,
6864,33,360000,0,user_38,764,764,
6850,34,350000,0,user_27,764,764,
6854,35,340000,0,user_30,764,764,
6875,36,320000,0,user_49,764,764,
6865,37,150000,161000,user_38,764,764,
6879,38,0,0,validator_10,100,764,6865
6880,39,0,0,validator_10,100,764,6839
6839,40,220000,73100,user_12,764,764,
6843,41,84000,195000,user_17,764,764,
6881,42,0,0,validator_10,100,764,6843
6837,43,170000,67900,user_11,764,764,
6882,44,0,0,validator_10,100,764,6837
6833,45,220000,0,user_7,764,764,
6853,46,220000,0,user_30,764,764,
6883,47,0,0,validator_10,100,764,6844
6844,48,160000,16400,user_20,764,764,
6846,49,170000,0,user_22,764,764,
6825,50,130000,0,user_2,764,764,
6868,51,120000,0,user_40,764,764,
6830,52,110000,0,user_5,764,764,
6845,53,110000,0,user_21,764,764,
6835,54,98000,0,user_7,764,764,
6856,55,87000,0,user_31,764,764,
6859,56,83000,0,user_31,764,764,
6923,0,6100000,0,user_45,765,765,
6898,1,5000000,56200,user_16,765,765,
6900,2,5000000,0,user_20,765,765,
6922,3,5000000,10700,user_45,765,765,
6921,4,1900000,36800,user_45,765,765,
6916,5,1500000,0,user_38,765,765,
6926,6,1500000,0,user_49,765,765,
6885,7,1100000,35100,user_0,765,765,
6888,8,1099999,0,user_2,765,765,6885
6925,9,1000000,0,user_45,765,765,
6904,10,630000,0,user_25,765,765,
6890,11,530000,46500,user_6,765,765,
6915,12,530000,0,user_37,765,765,
6902,13,460000,0,user_24,765,765,
6906,14,460000,0,user_30,765,765,
6896,15,370000,0,user_14,765,765,
6893,16,260000,0,user_12,765,765,
6917,17,240000,0,user_39,765,765,
6919,18,220000,959000,user_41,765,765,
6899,19,170000,0,user_19,765,765,
6918,20,170000,296000,user_40,765,765,
6889,21,160000,33300,user_4,765,765,
6924,22,150000,0,user_45,765,765,
6884,23,120000,0,user_0,765,765,
6901,24,120000,0,user_22,765,765,
6892,25,110000,0,user_11,765,765,
6903,26,110000,0,user_25,765,765,
6894,27,87000,0,user_12,765,765,
6897,28,87000,0,user_15,765,765,
6905,29,83000,0,user_29,765,765,
6942,0,27000000,67900,user_13,766,766,
6980,1,0,0,validator_12,100,766,6942
6971,2,6100000,0,user_40,766,766,
6950,3,5000000,0,user_17,766,766,
6958,4,5000000,0,user_27,766,766,
6961,5,4200000,0,user_32,766,766,
6945,6,3600000,231000,user_13,766,766,
6981,7,0,0,validator_12,100,766,6945
6940,8,2000000,0,user_12,766,766,
6954,9,1900000,0,user_20,766,766,
6949,10,1500000,0,user_16,766,766,
6944,11,1400000,0,user_13,766,766,
6975,12,1000000,0,user_44,766,766,
6962,13,970000,0,user_32,766,766,
6977,14,970000,0,user_45,766,766,
6941,15,910000,0,user_12,766,766,
6982,16,0,0,validator_12,100,766,6968
6968,17,350000,381000,user_37,766,766,
6929,18,160000,545000,user_3,766,766,
6983,19,0,0,validator_12,100,766,6929
6984,20,0,0,validator_12,100,766,6959
6959,21,160000,545000,user_28,766,766,
6966,22,670000,0,user_35,766,766,
6953,23,600000,0,user_19,766,766,
6957,24,460000,0,user_25,766,766,
6964,25,460000,0,user_32,766,766,
6930,26,370000,13900,user_4,766,766,
6985,27,0,0,validator_12,100,766,6930
6939,28,310000,68100,user_10,766,766,
6986,29,0,0,validator_12,100,766,6939
6948,30,320000,0,user_15,766,766,
6947,31,220000,0,user_14,766,766,
6965,32,220000,0,user_34,766,766,
6972,33,220000,0,user_40,766,766,
6987,34,0,0,validator_12,100,766,6960
6960,35,160000,46500,user_30,766,766,
6963,36,160000,0,user_32,766,766,
6937,37,150000,0,user_7,766,766,
6978,38,150000,0,user_46,766,766,
6928,39,130000,0,user_1,766,766,
6946,40,110000,0,user_13,766,766,
6976,41,110000,0,user_45,766,766,
6943,42,82000,13800,user_13,766,766,
6988,43,0,0,validator_12,100,766,6943
6967,44,73000,0,user_37,766,766,
7045,0,0,0,validator_5,100,767,7006
7006,1,670000,7190000,user_9,767,767,
7046,2,0,0,validator_5,100,767,7042
7042,3,6300000,231000,user_47,767,767,
7047,4,0,0,validator_5,100,767,7015
7015,5,6300000,11200,user_16,767,767,
7020,6,6300000,0,user_23,767,767,
7048,7,0,0,validator_5,100,767,7019
7019,8,2600000,31700,user_22,767,767,
7004,9,2400000,0,user_9,767,767,
7017,10,2300000,13800,user_20,767,767,
7049,11,0,0,validator_5,100,767,7017
6989,12,2000000,0,user_1,767,767,
7005,13,2000000,0,user_9,767,767,
7014,14,2000000,0,user_15,767,767,
7034,15,1800000,0,user_42,767,767,
6991,16,1100000,0,user_2,767,767,
6999,17,1000000,0,user_6,767,767,
7007,18,1000000,0,user_9,767,767,
7016,19,1000000,0,user_17,767,767,
7023,20,1000000,0,user_31,767,767,
7027,21,1000000,0,user_35,767,767,
7041,22,1000000,0,user_46,767,767,
7008,23,970000,0,user_11,767,767,
7050,24,0,0,validator_5,100,767,7044
7044,25,650000,35100,user_49,767,767,
7010,26,660000,0,user_12,767,767,
7051,27,0,0,validator_5,100,767,7003
7003,28,530000,100000,user_9,767,767,
7009,29,600000,0,user_11,767,767,
6998,30,530000,15100,user_5,767,767,
7052,31,0,0,validator_5,100,767,6998
7053,32,0,0,validator_5,100,767,7040
7040,33,150000,381000,user_45,767,767,
7032,34,460000,0,user_40,767,767,
7035,35,420000,0,user_42,767,767,
7036,36,370000,0,user_42,767,767,
7029,37,350000,0,user_37,767,767,
6997,38,340000,0,user_4,767,767,
7043,39,340000,0,user_47,767,767,
7011,40,310000,0,user_12,767,767,
7038,41,300000,0,user_42,767,767,
7018,42,260000,0,user_22,767,767,
7033,43,220000,0,user_41,767,767,
7028,44,170000,0,user_36,767,767,
7000,45,150000,0,user_6,767,767,
6990,46,120000,0,user_1,767,767,
6992,47,120000,0,user_3,767,767,
6995,48,120000,0,user_3,767,767,
6996,49,120000,0,user_3,767,767,
7037,50,120000,0,user_42,767,767,
7025,51,110000,0,user_33,767,767,
7054,52,0,0,validator_5,100,767,6993
6993,53,100000,5630,user_3,767,767,
7021,54,84000,0,user_26,767,767,
7022,55,79000,0,user_29,767,767,
6994,56,70000,0,user_3,767,767,
7039,57,70000,0,user_45,767,767,
7063,0,43000000,0,user_8,768,768,
7076,1,27000000,0,user_22,768,768,
7066,2,19000000,0,user_8,768,768,
7062,3,3500000,46500,user_7,768,768,
7105,4,0,0,validator_10,100,768,7062
7058,5,2600000,0,user_6,768,768,
7085,6,2500000,0,user_30,768,768,
7088,7,2500000,0,user_30,768,768,
7059,8,2100000,0,user_7,768,768,
7055,9,1900000,30200,user_0,768,768,
7106,10,0,0,validator_10,100,768,7055
7107,11,0,0,validator_10,100,768,7070
7070,12,1700000,35600,user_15,768,768,
7068,13,1600000,0,user_14,768,768,
7075,14,1600000,0,user_20,768,768,
7099,15,1300000,0,user_37,768,768,
7104,16,670000,350000,user_49,768,768,
7108,17,0,0,validator_10,100,768,7104
7102,18,1000000,0,user_44,768,768,
7071,19,970000,0,user_16,768,768,
7087,20,870000,0,user_30,768,768,
7109,21,0,0,validator_10,100,768,7095
7095,22,630000,139000,user_34,768,768,
7086,23,630000,31700,user_30,768,768,
7110,24,0,0,validator_10,100,768,7086
7067,25,660000,0,user_12,768,768,
7101,26,600000,0,user_43,768,768,
7094,27,470000,0,user_34,768,768,
7111,28,0,0,validator_10,100,768,7092
7092,29,220000,161000,user_32,768,768,
7061,30,350000,0,user_7,768,768,
7091,31,300000,11200,user_32,768,768,
7112,32,0,0,validator_10,100,768,7091
7090,33,310000,0,user_31,768,768,
7057,34,190000,68100,user_6,768,768,
7113,35,0,0,validator_10,100,768,7057
7073,36,240000,0,user_17,768,768,
7065,37,170000,0,user_8,768,768,
7072,38,170000,0,user_17,768,768,
7096,39,170000,0,user_35,768,768,
7098,40,160000,0,user_36,768,768,
7100,41,160000,0,user_41,768,768,
7060,42,150000,0,user_7,768,768,
7064,43,150000,0,user_8,768,768,
7093,44,110000,32900,user_33,768,768,
7114,45,0,0,validator_10,100,768,7093
7097,46,130000,0,user_35,768,768,
7074,47,120000,0,user_19,768,768,
7069,48,82000,17000,user_14,768,768,
7115,49,0,0,validator_10,100,768,7069
7089,50,85000,0,user_30,768,768,
7171,0,0,0,validator_9,100,769,7167
7167,1,43000000,21800,user_45,769,769,
7142,2,6300000,0,user_21,769,769,
7172,3,0,0,validator_9,100,769,7170
7170,4,3500000,68100,user_49,769,769,
7165,5,3200000,0,user_42,769,769,
7158,6,2600000,0,user_35,769,769,
7161,7,2500000,0,user_40,769,769,
7134,8,2300000,0,user_16,769,769,
7151,9,2000000,0,user_28,769,769,
7163,10,2000000,0,user_41,769,769,
7123,11,1800000,0,user_7,769,769,
7138,12,1700000,0,user_18,769,769,
7132,13,1500000,0,user_14,769,769,
7127,14,1400000,0,user_12,769,769,
7154,15,120000,1100000,user_32,769,769,
7173,16,0,0,validator_9,100,769,7154
7168,17,1100000,0,user_45,769,769,
7174,18,0,0,validator_9,100,769,7135
7135,19,1000000,16400,user_16,769,769,
7153,20,1000000,0,user_30,769,769,
7160,21,910000,34700,user_38,769,769,
7175,22,0,0,validator_9,100,769,7160
7166,23,670000,0,user_45,769,769,
7169,24,670000,0,user_46,769,769,
7116,25,600000,21800,user_0,769,769,
7176,26,0,0,validator_9,100,769,7116
7117,27,600001,0,user_0,769,769,7116
7118,28,600001,0,user_0,769,769,7116
7119,29,599999,0,user_0,769,769,7116
7120,30,599999,0,user_2,769,769,7116
7124,31,470000,0,user_8,769,769,
7157,32,470000,0,user_35,769,769,
7139,33,370000,0,user_18,769,769,
7130,34,350000,0,user_12,769,769,
7140,35,310000,0,user_18,769,769,
7131,36,260000,0,user_12,769,769,
7148,37,220000,32900,user_26,769,769,
7177,38,0,0,validator_9,100,769,7148
7155,39,190000,0,user_32,769,769,
7159,40,190000,0,user_36,769,769,
7126,41,170000,0,user_11,769,769,
7164,42,160000,0,user_41,769,769,
7146,43,150000,0,user_24,769,769,
7149,44,130000,0,user_26,769,769,
7129,45,120000,0,user_12,769,769,
7178,46,0,0,validator_9,100,769,7152
7152,47,84000,32900,user_30,769,769,
7143,48,110000,0,user_21,769,769,
7137,49,87000,16400,user_18,769,769,
7179,50,0,0,validator_9,100,769,7137
7145,51,83000,12300,user_24,769,769,
7180,52,0,0,validator_9,100,769,7145
7162,53,82000,0,user_41,769,769,
7128,54,77000,0,user_12,769,769,
7203,0,30000000,0,user_19,770,770,
7216,1,27000000,0,user_30,770,770,
7233,2,27000000,67500,user_45,770,770,
7228,3,19000000,35100,user_40,770,770,
7235,4,6100000,0,user_47,770,770,
7239,5,5200000,0,user_48,770,770,
7196,6,2600000,0,user_13,770,770,
7217,7,2400000,13900,user_31,770,770,
7229,8,2300000,0,user_41,770,770,
7220,9,2100000,0,user_33,770,770,
7232,10,2100000,0,user_44,770,770,
7184,11,2000000,0,user_3,770,770,
7193,12,2000000,12800,user_13,770,770,
7204,13,2000000,43600,user_19,770,770,
7238,14,2000000,0,user_47,770,770,
7227,15,1900000,0,user_35,770,770,
7200,16,1600000,0,user_17,770,770,
7211,17,1400000,0,user_25,770,770,
7234,18,1200000,510000,user_45,770,770,
7214,19,1100000,4320000,user_29,770,770,
7198,20,1000000,0,user_16,770,770,
7226,21,910000,0,user_35,770,770,
7237,22,910000,0,user_47,770,770,
7223,23,670000,0,user_33,770,770,
7225,24,660000,0,user_34,770,770,
7188,25,650000,0,user_8,770,770,
7205,26,530000,36800,user_20,770,770,
7194,27,470000,0,user_13,770,770,
7202,28,470000,0,user_17,770,770,
7199,29,460000,0,user_16,770,770,
7207,30,460000,0,user_23,770,770,
7213,31,420000,0,user_28,770,770,
7195,32,340000,5630,user_13,770,770,
7192,33,220000,0,user_13,770,770,
7215,34,170000,0,user_30,770,770,
7222,35,170000,0,user_33,770,770,
7206,36,160000,0,user_22,770,770,
7231,37,160000,0,user_43,770,770,
7201,38,120000,0,user_17,770,770,
7219,39,120000,231000,user_33,770,770,
7187,40,110000,100000,user_7,770,770,
7189,41,110000,0,user_11,770,770,
7210,42,110000,0,user_25,770,770,
7212,43,110000,0,user_28,770,770,
7236,44,110000,21800,user_47,770,770,
7186,45,87000,0,user_6,770,770,
7224,46,85000,0,user_34,770,770,
7230,47,85000,0,user_43,770,770,
7221,48,80000,0,user_33,770,770,
7245,0,6100000,0,user_4,771,771,
7282,1,6100000,0,user_39,771,771,
7265,2,3200000,0,user_22,771,771,
7247,3,2600000,0,user_6,771,771,
7267,4,2600000,0,user_22,771,771,
7244,5,2500000,32900,user_3,771,771,
7290,6,0,0,validator_2,100,771,7244
7263,7,2300000,0,user_21,771,771,
7281,8,2300000,0,user_39,771,771,
7249,9,2000000,0,user_7,771,771,
7272,10,2000000,0,user_27,771,771,
7280,11,2000000,0,user_38,771,771,
7283,12,2000000,0,user_40,771,771,
7251,13,1900000,0,user_7,771,771,
7289,14,1700000,0,user_49,771,771,
7286,15,1500000,0,user_46,771,771,
7250,16,1400000,0,user_7,771,771,
7287,17,1100000,0,user_46,771,771,
7246,18,1000000,0,user_4,771,771,
7275,19,1000000,0,user_33,771,771,
7255,20,970000,8520,user_10,771,771,
7291,21,0,0,validator_2,100,771,7255
7269,22,970000,0,user_23,771,771,
7261,23,670000,0,user_20,771,771,
7276,24,600000,33300,user_34,771,771,
7292,25,0,0,validator_2,100,771,7276
7253,26,460000,0,user_9,771,771,
7268,27,460000,0,user_22,771,771,
7248,28,370000,0,user_7,771,771,
7274,29,340000,0,user_32,771,771,
7259,30,300000,0,user_17,771,771,
7264,31,84000,100000,user_21,771,771,
7293,32,0,0,validator_2,100,771,7264
7258,33,170000,0,user_16,771,771,
7266,34,170000,0,user_22,771,771,
7284,35,160000,0,user_41,771,771,
7273,36,110000,0,user_32,771,771,
7243,37,109999,0,user_2,771,771,7241
7262,38,85000,19700,user_20,771,771,
7294,39,0,0,validator_2,100,771,7262
7254,40,100000,0,user_9,771,771,
7346,0,43000000,0,user_47,772,772,
7350,1,0,0,validator_0,100,772,7297
7297,2,19000000,779000,user_3,772,772,
7329,3,6100000,84800,user_29,772,772,
7351,4,0,0,validator_0,100,772,7329
7306,5,4500000,0,user_13,772,772,
7320,6,4500000,0,user_18,772,772,
7322,7,4500000,0,user_19,772,772,
7352,8,0,0,validator_0,100,772,7339
7339,9,2300000,67900,user_38,772,772,
7353,10,0,0,validator_0,100,772,7347
7347,11,2100000,56200,user_48,772,772,
7305,12,2000000,0,user_13,772,772,
7313,13,1100000,510000,user_17,772,772,
7354,14,0,0,validator_0,100,772,7313
7345,15,1600000,0,user_46,772,772,
7295,16,1200000,0,user_0,772,772,
7296,17,650000,0,user_3,772,772,
7348,18,600000,0,user_49,772,772,
7312,19,530000,0,user_16,772,772,
7333,20,530000,0,user_31,772,772,
7303,21,470000,0,user_11,772,772,
7315,22,460000,0,user_17,772,772,
7355,23,0,0,validator_0,100,772,7349
7349,24,420000,12300,user_49,772,772,
7356,25,0,0,validator_0,100,772,7298
7298,26,160000,256000,user_6,772,772,
7299,27,150000,215000,user_8,772,772,
7357,28,0,0,validator_0,100,772,7299
7323,29,360000,0,user_20,772,772,
7319,30,350000,0,user_18,772,772,
7334,31,300000,0,user_32,772,772,
7341,32,260000,0,user_40,772,772,
7300,33,220000,0,user_9,772,772,
7307,34,220000,0,user_13,772,772,
7332,35,220000,0,user_31,772,772,
7335,36,220000,0,user_35,772,772,
7318,37,170000,0,user_18,772,772,
7337,38,170000,0,user_37,772,772,
7304,39,110000,0,user_13,772,772,
7314,40,110000,0,user_17,772,772,
7316,41,110000,0,user_17,772,772,
7325,42,110000,0,user_23,772,772,
7338,43,110000,0,user_37,772,772,
7331,44,100000,0,user_31,772,772,
7344,45,85000,0,user_42,772,772,
7321,46,79000,0,user_19,772,772,
7317,47,70000,0,user_17,772,772,
7387,0,27000000,0,user_32,773,773,
7397,1,3600000,0,user_40,773,773,
7372,2,3200000,0,user_17,773,773,
7401,3,2300000,0,user_42,773,773,
7382,4,2100000,0,user_27,773,773,
7373,5,2000000,0,user_17,773,773,
7374,6,1900000,0,user_19,773,773,
7399,7,1600000,0,user_42,773,773,
7379,8,1500000,0,user_24,773,773,
7384,9,1500000,0,user_29,773,773,
7385,10,1500000,0,user_31,773,773,
7370,11,1300000,0,user_15,773,773,
7365,12,1100000,0,user_8,773,773,
7362,13,910000,0,user_3,773,773,
7378,14,910000,0,user_23,773,773,
7400,15,910000,0,user_42,773,773,
7368,16,670000,0,user_12,773,773,
7359,17,650000,0,user_0,773,773,
7394,18,470000,0,user_38,773,773,
7366,19,360000,7840,user_9,773,773,
7410,20,0,0,validator_0,100,773,7366
7409,21,170000,181000,user_49,773,773,
7411,22,0,0,validator_0,100,773,7409
7358,23,300000,0,user_0,773,773,
7412,24,0,0,validator_0,100,773,7367
7367,25,240000,49100,user_12,773,773,
7396,26,260000,0,user_40,773,773,
7402,27,260000,0,user_43,773,773,
7371,28,190000,0,user_16,773,773,
7403,29,150000,0,user_44,773,773,
7364,30,130000,0,user_6,773,773,
7375,31,110000,0,user_20,773,773,
7407,32,110000,0,user_47,773,773,
7408,33,98000,0,user_48,773,773,
7413,34,0,0,validator_0,100,773,7381
7381,35,83000,5630,user_27,773,773,
7386,36,80000,0,user_32,773,773,
7388,37,80000,0,user_32,773,773,
7445,0,43000000,0,user_41,774,774,
7443,1,30000000,0,user_36,774,774,
7447,2,19000000,0,user_43,774,774,
7456,3,0,0,validator_10,100,774,7430
7430,4,5000000,15100,user_15,774,774,
7428,5,5000000,0,user_13,774,774,
7423,6,4500000,5180,user_6,774,774,
7457,7,0,0,validator_10,100,774,7423
7421,8,4500000,0,user_5,774,774,
7440,9,4500000,0,user_30,774,774,
7433,10,4200000,0,user_21,774,774,
7453,11,4200000,0,user_47,774,774,
7458,12,0,0,validator_10,100,774,7418
7418,13,1600000,959000,user_3,774,774,
7442,14,2000000,47700,user_35,774,774,
7459,15,0,0,validator_10,100,774,7442
7415,16,2000000,0,user_0,774,774,
7435,17,2000000,0,user_25,774,774,
7451,18,2000000,0,user_45,774,774,
7434,19,1400000,0,user_23,774,774,
7460,20,0,0,validator_10,100,774,7455
7455,21,1100000,285000,user_49,774,774,
7416,22,670000,0,user_1,774,774,
7441,23,660000,0,user_33,774,774,
7448,24,460000,0,user_43,774,774,
7417,25,420000,0,user_2,774,774,
7444,26,420000,0,user_37,774,774,
7449,27,350000,0,user_44,774,774,
7426,28,170000,121000,user_8,774,774,
7461,29,0,0,validator_10,100,774,7426
7424,30,220000,0,user_6,774,774,
7437,31,160000,0,user_27,774,774,
7427,32,150000,0,user_11,774,774,
7454,33,120000,0,user_48,774,774,
7422,34,110000,0,user_5,774,774,
7425,35,110000,0,user_7,774,774,
7446,36,83000,0,user_42,774,774,
7414,37,77000,0,user_0,774,774,
7429,38,70000,0,user_14,774,774,
7450,39,70000,0,user_45,774,774,
7492,0,30000000,84800,user_27,775,775,
7521,1,0,0,validator_8,100,775,7492
7511,2,27000000,0,user_44,775,775,
7470,3,19000000,0,user_11,775,775,
7488,4,6100000,0,user_22,775,775,
7481,5,5200000,0,user_18,775,775,
7483,6,4500000,0,user_21,775,775,
7496,7,2500000,0,user_30,775,775,
7462,8,2400000,0,user_0,775,775,
7477,9,2000000,0,user_15,775,775,
7497,10,2000000,0,user_30,775,775,
7506,11,2000000,0,user_40,775,775,
7478,12,1600000,0,user_16,775,775,
7482,13,1600000,0,user_20,775,775,
7498,14,1500000,0,user_31,775,775,
7476,15,1400000,0,user_13,775,775,
7489,16,1300000,13900,user_23,775,775,
7522,17,0,0,validator_8,100,775,7489
7494,18,1000000,146000,user_29,775,775,
7523,19,0,0,validator_8,100,775,7494
7502,20,1100000,30200,user_34,775,775,
7524,21,0,0,validator_8,100,775,7502
7473,22,1000000,0,user_12,775,775,
7486,23,1000000,0,user_21,775,775,
7509,24,1000000,0,user_42,775,775,
7501,25,870000,0,user_34,775,775,
7525,26,0,0,validator_8,100,775,7504
7504,27,600000,139000,user_35,775,775,
7493,28,670000,0,user_28,775,775,
7495,29,660000,0,user_29,775,775,
7464,30,630000,0,user_5,775,775,
7517,31,360000,0,user_47,775,775,
7475,32,310000,0,user_12,775,775,
7518,33,310000,0,user_47,775,775,
7526,34,0,0,validator_8,100,775,7463
7463,35,100000,139000,user_4,775,775,
7472,36,220000,0,user_12,775,775,
7500,37,170000,0,user_33,775,775,
7471,38,150000,0,user_12,775,775,
7503,39,150000,0,user_35,775,775,
7474,40,120000,0,user_12,775,775,
7484,41,120000,0,user_21,775,775,
7516,42,120000,0,user_47,775,775,
7465,43,110000,0,user_9,775,775,
7487,44,110000,0,user_21,775,775,
7520,45,110000,0,user_49,775,775,
7527,46,0,0,validator_8,100,775,7519
7519,47,100000,5640,user_48,775,775,
7507,48,83000,18600,user_41,775,775,
7528,49,0,0,validator_8,100,775,7507
7514,50,100000,0,user_47,775,775,
7499,51,82000,0,user_32,775,775,
7485,52,80000,0,user_21,775,775,
7490,53,79000,0,user_24,775,775,
7515,54,79000,0,user_47,775,775,
7491,55,77000,0,user_26,775,775,
7508,56,73000,0,user_42,775,775,
7562,0,43000000,0,user_34,776,776,
7573,1,43000000,0,user_43,776,776,
7579,2,0,0,validator_7,100,776,7565
7565,3,27000000,12800,user_36,776,776,
7557,4,6100000,0,user_28,776,776,
7569,5,5200000,0,user_39,776,776,
7576,6,5000000,0,user_45,776,776,
7531,7,4500000,0,user_3,776,776,
7571,8,4200000,0,user_41,776,776,
7558,9,3500000,0,user_31,776,776,
7536,10,2600000,0,user_9,776,776,
7552,11,2000000,0,user_22,776,776,
7560,12,1200000,779000,user_32,776,776,
7580,13,0,0,validator_7,100,776,7560
7553,14,1900000,0,user_24,776,776,
7550,15,1400000,0,user_18,776,776,
7561,16,1400000,0,user_34,776,776,
7567,17,1100000,13900,user_37,776,776,
7581,18,0,0,validator_7,100,776,7567
7563,19,1100000,0,user_35,776,776,
7548,20,1000000,0,user_18,776,776,
7534,21,910000,0,user_8,776,776,
7554,22,460000,0,user_25,776,776,
7537,23,370000,0,user_9,776,776,
7543,24,360000,0,user_12,776,776,
7582,25,0,0,validator_7,100,776,7575
7575,26,80000,164000,user_45,776,776,
7568,27,160000,68100,user_38,776,776,
7583,28,0,0,validator_7,100,776,7568
7535,29,160000,67500,user_9,776,776,
7584,30,0,0,validator_7,100,776,7535
7570,31,220000,0,user_40,776,776,
7578,32,220000,0,user_47,776,776,
7533,33,170000,31700,user_6,776,776,
7585,34,0,0,validator_7,100,776,7533
7545,35,120000,64600,user_15,776,776,
7586,36,0,0,validator_7,100,776,7545
7532,37,170000,0,user_4,776,776,
7547,38,170000,0,user_18,776,776,
7564,39,170000,0,user_36,776,776,
7574,40,170000,0,user_44,776,776,
7587,41,0,0,validator_7,100,776,7538
7538,42,160000,5180,user_9,776,776,
7529,43,160000,0,user_1,776,776,
7549,44,160000,0,user_18,776,776,
7555,45,130000,0,user_27,776,776,
7540,46,73000,47700,user_10,776,776,
7588,47,0,0,validator_7,100,776,7540
7539,48,120000,0,user_10,776,776,
7556,49,120000,0,user_28,776,776,
7566,50,84000,35100,user_36,776,776,
7589,51,0,0,validator_7,100,776,7566
7541,52,110000,0,user_10,776,776,
7577,53,87000,0,user_47,776,776,
7530,54,79000,0,user_2,776,776,
7559,55,70000,0,user_31,776,776,
7612,0,5200000,0,user_18,777,777,
7637,1,5000000,0,user_44,777,777,
7603,2,4200000,0,user_12,777,777,
7645,3,0,0,validator_11,100,777,7611
7611,4,3600000,181000,user_17,777,777,
7591,5,3500000,0,user_0,777,777,
7627,6,2500000,0,user_31,777,777,
7606,7,2300000,0,user_14,777,777,
7609,8,2300000,0,user_16,777,777,
7634,9,2000000,164000,user_41,777,777,
7646,10,0,0,validator_11,100,777,7634
7604,11,2100000,0,user_12,777,777,
7647,12,0,0,validator_11,100,777,7625
7625,13,2000000,36800,user_30,777,777,
7648,14,0,0,validator_11,100,777,7600
7600,15,1300000,594000,user_12,777,777,
7595,16,1800000,0,user_4,777,777,
7640,17,1700000,0,user_47,777,777,
7619,18,1500000,0,user_25,777,777,
7623,19,1500000,0,user_28,777,777,
7636,20,1400000,0,user_42,777,777,
7632,21,1100000,0,user_39,777,777,
7622,22,1000000,0,user_28,777,777,
7602,23,970000,0,user_12,777,777,
7620,24,660000,0,user_26,777,777,
7596,25,650000,0,user_6,777,777,
7599,26,650000,0,user_9,777,777,
7597,27,600000,12300,user_6,777,777,
7649,28,0,0,validator_11,100,777,7597
7650,29,0,0,validator_11,100,777,7635
7635,30,310000,164000,user_42,777,777,
7592,31,460000,0,user_1,777,777,
7641,32,460000,0,user_47,777,777,
7608,33,420000,0,user_15,777,777,
7613,34,420000,0,user_18,777,777,
7638,35,360000,0,user_45,777,777,
7643,36,340000,0,user_47,777,777,
7590,37,310000,0,user_0,777,777,
7628,38,310000,0,user_32,777,777,
7618,39,300000,0,user_23,777,777,
7607,40,260000,0,user_14,777,777,
7617,41,260000,0,user_22,777,777,
7630,42,260000,0,user_35,777,777,
7601,43,240000,0,user_12,777,777,
7621,44,240000,0,user_27,777,777,
7624,45,220000,0,user_29,777,777,
7629,46,220000,0,user_34,777,777,
7610,47,170000,0,user_17,777,777,
7593,48,150000,0,user_2,777,777,
7639,49,84000,46500,user_47,777,777,
7651,50,0,0,validator_11,100,777,7639
7644,51,120000,0,user_49,777,777,
7652,52,0,0,validator_11,100,777,7614
7614,53,98000,13800,user_19,777,777,
7633,54,110000,0,user_41,777,777,
7626,55,100000,0,user_31,777,777,
7598,56,87000,0,user_8,777,777,
7631,57,85000,0,user_37,777,777,
7642,58,80000,0,user_47,777,777,
7616,59,77000,0,user_22,777,777,
7594,60,73000,0,user_2,777,777,
7684,0,30000000,0,user_36,778,778,
7694,1,0,0,validator_4,100,778,7668
7668,2,120000,17700000,user_15,778,778,
7695,3,0,0,validator_4,100,778,7660
7660,4,1400000,7190000,user_8,778,778,
7661,5,370000,7190000,user_8,778,778,
7696,6,0,0,validator_4,100,778,7661
7680,7,4500000,0,user_33,778,778,
7658,8,2100000,0,user_6,778,778,
7692,9,2000000,0,user_48,778,778,
7675,10,1700000,155000,user_22,778,778,
7697,11,0,0,validator_4,100,778,7675
7657,12,1000000,49100,user_6,778,778,
7698,13,0,0,validator_4,100,778,7657
7691,14,1000000,33100,user_44,778,778,
7699,15,0,0,validator_4,100,778,7691
7682,16,1000000,0,user_35,778,778,
7693,17,910000,0,user_49,778,778,
7673,18,870000,0,user_22,778,778,
7681,19,870000,0,user_34,778,778,
7669,20,660000,0,user_16,778,778,
7677,21,630000,0,user_29,778,778,
7672,22,470000,0,user_22,778,778,
7688,23,360000,0,user_40,778,778,
7667,24,310000,0,user_14,778,778,
7683,25,310000,0,user_36,778,778,
7690,26,220000,0,user_43,778,778,
7653,27,190000,0,user_0,778,778,
7671,28,150000,0,user_22,778,778,
7687,29,150000,0,user_39,778,778,
7670,30,120000,0,user_21,778,778,
7655,31,110000,0,user_4,778,778,
7656,32,87000,0,user_4,778,778,
7674,33,84000,0,user_22,778,778,
7678,34,82000,0,user_29,778,778,
7689,35,82000,0,user_41,778,778,
7659,36,73000,0,user_8,778,778,
7666,37,73000,0,user_13,778,778,
7700,0,43000000,146000,user_1,779,779,
7728,1,19000000,0,user_25,779,779,
7721,2,6300000,0,user_19,779,779,
7732,3,6300000,0,user_28,779,779,
7742,4,6300000,0,user_34,779,779,
7725,5,4500000,0,user_23,779,779,
7745,6,3600000,959000,user_37,779,779,
7751,7,3500000,24700,user_44,779,779,
7749,8,2100000,0,user_41,779,779,
7756,9,1800000,0,user_48,779,779,
7734,10,1700000,34700,user_28,779,779,
7739,11,1600000,0,user_33,779,779,
7753,12,1500000,67500,user_46,779,779,
7746,13,1400000,195000,user_39,779,779,
7747,14,1400000,0,user_39,779,779,
7717,15,1100000,0,user_14,779,779,
7705,16,1000000,17000,user_5,779,779,
7748,17,970000,0,user_40,779,779,
7713,18,650000,0,user_11,779,779,
7741,19,530000,0,user_34,779,779,
7720,20,460000,0,user_16,779,779,
7711,21,420000,0,user_10,779,779,
7740,22,360000,0,user_34,779,779,
7743,23,340000,0,user_34,779,779,
7708,24,310000,0,user_7,779,779,
7709,25,310000,0,user_8,779,779,
7716,26,310000,0,user_14,779,779,
7712,27,300000,285000,user_11,779,779,
7706,28,260000,0,user_6,779,779,
7707,29,260000,0,user_7,779,779,
7735,30,240000,0,user_30,779,779,
7715,31,220000,67500,user_13,779,779,
7710,32,170000,0,user_8,779,779,
7731,33,160000,17700000,user_28,779,779,
7722,34,150000,0,user_19,779,779,
7724,35,150000,0,user_21,779,779,
7752,36,150000,146000,user_45,779,779,
7723,37,130000,0,user_20,779,779,
7733,38,98000,0,user_28,779,779,
7754,39,85000,0,user_47,779,779,
7750,40,84000,0,user_42,779,779,
7729,41,79000,0,user_26,779,779,
7730,42,77000,0,user_28,779,779,
7744,43,77000,19700,user_36,779,779,
7755,44,70000,0,user_48,779,779,
7768,0,30000000,164000,user_7,780,780,
7805,1,0,0,validator_3,100,780,7768
7802,2,27000000,146000,user_46,780,780,
7806,3,0,0,validator_3,100,780,7802
7807,4,0,0,validator_3,100,780,7775
7775,5,19000000,10700,user_18,780,780,
7790,6,6100000,0,user_38,780,780,
7789,7,5200000,0,user_37,780,780,
7781,8,4500000,0,user_23,780,780,
7774,9,3500000,73100,user_17,780,780,
7808,10,0,0,validator_3,100,780,7774
7783,11,2600000,0,user_24,780,780,
7771,12,2500000,0,user_12,780,780,
7809,13,0,0,validator_3,100,780,7795
7795,14,1900000,84800,user_42,780,780,
7810,15,0,0,validator_3,100,780,7769
7769,16,1900000,34700,user_8,780,780,
7779,17,1200000,0,user_21,780,780,
7793,18,910000,0,user_41,780,780,
7800,19,870000,0,user_46,780,780,
7811,20,0,0,validator_3,100,780,7770
7770,21,130000,545000,user_9,780,780,
7776,22,650000,0,user_18,780,780,
7782,23,530000,0,user_23,780,780,
7780,24,260000,256000,user_22,780,780,
7812,25,0,0,validator_3,100,780,7780
7772,26,120000,283000,user_14,780,780,
7813,27,0,0,validator_3,100,780,7772
7784,28,310000,0,user_26,780,780,
7773,29,260000,0,user_16,780,780,
7796,30,170000,0,user_43,780,780,
7758,31,150000,11200,user_0,780,780,
7814,32,0,0,validator_3,100,780,7758
7815,33,0,0,validator_3,100,780,7801
7801,34,120000,31700,user_46,780,780,
7761,35,150001,0,user_1,780,780,7758
7762,36,150001,0,user_2,780,780,7758
7763,37,150001,0,user_2,780,780,7758
7767,38,150000,0,user_4,780,780,
7759,39,149999,0,user_0,780,780,7758
7760,40,149999,0,user_1,780,780,7758
7788,41,120000,0,user_33,780,780,
7794,42,120000,0,user_42,780,780,
7797,43,120000,0,user_43,780,780,
7766,44,110000,0,user_4,780,780,
7787,45,110000,0,user_31,780,780,
7785,46,70000,0,user_28,780,780,
7851,0,27000000,0,user_40,781,781,
7821,1,5200000,769000,user_10,781,781,
7830,2,5200000,0,user_21,781,781,
7825,3,4200000,0,user_15,781,781,
7843,4,3500000,0,user_36,781,781,
7855,5,2500000,0,user_42,781,781,
7835,6,2300000,0,user_30,781,781,
7824,7,2100000,0,user_14,781,781,
7833,8,2000000,0,user_29,781,781,
7820,9,1600000,0,user_9,781,781,
7846,10,1600000,0,user_38,781,781,
7832,11,1400000,0,user_26,781,781,
7834,12,1400000,0,user_29,781,781,
7858,13,1000000,0,user_46,781,781,
7836,14,970000,0,user_30,781,781,
7822,15,670000,0,user_11,781,781,
7829,16,460000,0,user_20,781,781,
7826,17,320000,296000,user_16,781,781,
7828,18,320000,0,user_19,781,781,
7827,19,310000,0,user_17,781,781,
7845,20,310000,0,user_37,781,781,
7849,21,300000,215000,user_39,781,781,
7816,22,240000,155000,user_0,781,781,
7817,23,239999,0,user_2,781,781,7816
7860,24,220000,0,user_49,781,781,
7850,25,170000,0,user_40,781,781,
7854,26,170000,15700,user_40,781,781,
7844,27,160000,0,user_36,781,781,
7848,28,160000,0,user_39,781,781,
7852,29,160000,21800,user_40,781,781,
7818,30,150000,0,user_5,781,781,
7847,31,120000,0,user_38,781,781,
7859,32,98000,0,user_49,781,781,
7853,33,79000,0,user_40,781,781,
7874,0,5000000,0,user_14,782,782,
7898,1,3500000,16400,user_39,782,782,
7882,2,2600000,0,user_21,782,782,
7863,3,2500000,0,user_3,782,782,
7870,4,2000000,0,user_11,782,782,
7890,5,2000000,0,user_29,782,782,
7897,6,1600000,0,user_38,782,782,
7881,7,1500000,0,user_20,782,782,
7884,8,1400000,16400,user_22,782,782,
7887,9,1200000,0,user_23,782,782,
7893,10,1200000,0,user_31,782,782,
7903,11,870000,0,user_44,782,782,
7861,12,650000,0,user_1,782,782,
7895,13,600000,0,user_35,782,782,
7877,14,460000,0,user_17,782,782,
7896,15,310000,0,user_37,782,782,
7904,16,240000,0,user_45,782,782,
7886,17,220000,0,user_22,782,782,
7892,18,220000,769000,user_31,782,782,
7869,19,170000,1100000,user_10,782,782,
7873,20,170000,0,user_13,782,782,
7879,21,170000,0,user_19,782,782,
7866,22,160000,0,user_7,782,782,
7880,23,150000,0,user_20,782,782,
7901,24,150000,0,user_43,782,782,
7865,25,130000,0,user_6,782,782,
7889,26,130000,0,user_25,782,782,
7883,27,120000,0,user_21,782,782,
7885,28,120000,0,user_22,782,782,
7900,29,120000,68100,user_42,782,782,
7867,30,110000,0,user_8,782,782,
7876,31,110000,0,user_16,782,782,
7902,32,110000,0,user_43,782,782,
7905,33,110000,0,user_48,782,782,
7906,34,110000,0,user_48,782,782,
7891,35,85000,381000,user_30,782,782,
7868,36,84000,0,user_9,782,782,
7864,37,83000,769000,user_6,782,782,
7878,38,79000,43600,user_18,782,782,
7899,39,70000,23500,user_40,782,782,
7971,0,0,0,validator_13,100,783,7925
7925,1,30000000,14200,user_12,783,783,
7919,2,27000000,0,user_8,783,783,
7951,3,27000000,0,user_34,783,783,
7957,4,27000000,0,user_39,783,783,
7942,5,19000000,0,user_29,783,783,
7972,6,0,0,validator_13,100,783,7955
7955,7,2000000,7190000,user_37,783,783,
7927,8,6100000,0,user_14,783,783,
7923,9,5200000,0,user_12,783,783,
7910,10,3500000,0,user_5,783,783,
7909,11,2400000,0,user_4,783,783,
7973,12,0,0,validator_13,100,783,7916
7916,13,2000000,139000,user_7,783,783,
7921,14,2100000,0,user_10,783,783,
7961,15,1900000,0,user_43,783,783,
7914,16,1600000,0,user_5,783,783,
7946,17,1400000,0,user_31,783,783,
7969,18,1400000,0,user_47,783,783,
7974,19,0,0,validator_13,100,783,7950
7950,20,120000,1100000,user_33,783,783,
7967,21,1100000,0,user_46,783,783,
7943,22,970000,0,user_29,783,783,
7913,23,910000,0,user_5,783,783,
7949,24,77000,769000,user_33,783,783,
7975,25,0,0,validator_13,100,783,7949
7917,26,420000,410000,user_7,783,783,
7976,27,0,0,validator_13,100,783,7917
7908,28,160000,510000,user_3,783,783,
7977,29,0,0,validator_13,100,783,7908
7928,30,670000,0,user_15,783,783,
7954,31,670000,0,user_36,783,783,
7978,32,0,0,validator_13,100,783,7953
7953,33,660000,8520,user_36,783,783,
7956,34,660000,0,user_38,783,783,
7940,35,470000,0,user_26,783,783,
7939,36,360000,0,user_25,783,783,
7947,37,360000,0,user_31,783,783,
7965,38,320000,0,user_46,783,783,
7911,39,310000,0,user_5,783,783,
7952,40,310000,0,user_34,783,783,
7966,41,300000,0,user_46,783,783,
7979,42,0,0,validator_13,100,783,7938
7938,43,190000,84800,user_24,783,783,
7931,44,220000,0,user_21,783,783,
7945,45,220000,0,user_31,783,783,
7907,46,170000,5180,user_1,783,783,
7980,47,0,0,validator_13,100,783,7907
7941,48,160000,11200,user_27,783,783,
7981,49,0,0,validator_13,100,783,7941
7962,50,150000,0,user_44,783,783,
7930,51,110000,30200,user_19,783,783,
7982,52,0,0,validator_13,100,783,7930
7948,53,120000,0,user_31,783,783,
7924,54,110000,0,user_12,783,783,
7944,55,110000,0,user_30,783,783,
7970,56,110000,0,user_48,783,783,
7963,57,98000,0,user_45,783,783,
7912,58,85000,0,user_5,783,783,
7926,59,84000,0,user_12,783,783,
7968,60,82000,0,user_46,783,783,
7918,61,77000,0,user_8,783,783,
7964,62,73000,0,user_45,783,783,
8024,0,27000000,0,user_34,784,784,
7984,1,5000000,0,user_0,784,784,
7993,2,5000000,0,user_12,784,784,
8004,3,5000000,0,user_19,784,784,
8013,4,4500000,0,user_26,784,784,
7989,5,1500000,0,user_5,784,784,
8040,6,1400000,0,user_48,784,784,
8037,7,1300000,0,user_47,784,784,
8038,8,1200000,0,user_48,784,784,
8044,9,0,0,validator_7,100,784,8042
8042,10,98000,1100000,user_49,784,784,
8031,11,970000,0,user_40,784,784,
8036,12,110000,779000,user_44,784,784,
8045,13,0,0,validator_7,100,784,8036
8046,14,0,0,validator_7,100,784,8027
8027,15,660000,64600,user_35,784,784,
8047,16,0,0,validator_7,100,784,8010
8010,17,160000,545000,user_23,784,784,
7985,18,630000,0,user_1,784,784,
8001,19,630000,0,user_15,784,784,
8033,20,630000,0,user_44,784,784,
8048,21,0,0,validator_7,100,784,8011
8011,22,350000,13900,user_24,784,784,
8003,23,340000,0,user_17,784,784,
8016,24,310000,0,user_27,784,784,
8026,25,310000,0,user_35,784,784,
8043,26,310000,0,user_49,784,784,
8034,27,300000,0,user_44,784,784,
8039,28,300000,0,user_48,784,784,
8000,29,220000,0,user_15,784,784,
7988,30,160000,36800,user_4,784,784,
8049,31,0,0,validator_7,100,784,7988
8050,32,0,0,validator_7,100,784,8017
8017,33,170000,21800,user_28,784,784,
7983,34,190000,0,user_0,784,784,
8021,35,190000,0,user_32,784,784,
7992,36,160000,0,user_10,784,784,
8014,37,160000,0,user_26,784,784,
8019,38,160000,0,user_31,784,784,
7987,39,150000,0,user_3,784,784,
7991,40,150000,0,user_8,784,784,
7998,41,150000,0,user_15,784,784,
8020,42,120000,23500,user_31,784,784,
8051,43,0,0,validator_7,100,784,8020
8052,44,0,0,validator_7,100,784,7999
7999,45,83000,46500,user_15,784,784,
7986,46,120000,0,user_2,784,784,
8012,47,120000,0,user_24,784,784,
8015,48,120000,0,user_27,784,784,
8025,49,120000,0,user_35,784,784,
8029,50,120000,0,user_37,784,784,
8041,51,120000,0,user_49,784,784,
8032,52,110000,0,user_44,784,784,
8035,53,100000,0,user_44,784,784,
7990,54,87000,0,user_6,784,784,
8009,55,87000,0,user_23,784,784,
8028,56,87000,0,user_37,784,784,
8008,57,85000,0,user_23,784,784,
8030,58,83000,0,user_38,784,784,
8056,0,43000000,0,user_5,785,785,
8060,1,30000000,0,user_8,785,785,
8099,2,0,0,validator_11,100,785,8085
8085,3,5000000,350000,user_39,785,785,
8054,4,4200000,0,user_4,785,785,
8074,5,4200000,0,user_24,785,785,
8066,6,3500000,0,user_18,785,785,
8097,7,3500000,0,user_48,785,785,
8070,8,2000000,0,user_22,785,785,
8079,9,1600000,0,user_31,785,785,
8100,10,0,0,validator_11,100,785,8093
8093,11,1500000,47700,user_44,785,785,
8077,12,1500000,0,user_28,785,785,
8101,13,0,0,validator_11,100,785,8071
8071,14,1400000,84800,user_22,785,785,
8090,15,1400000,0,user_42,785,785,
8091,16,1400000,0,user_43,785,785,
8080,17,1200000,0,user_31,785,785,
8081,18,1100000,0,user_32,785,785,
8057,19,970000,0,user_6,785,785,
8102,20,0,0,validator_11,100,785,8073
8073,21,910000,46500,user_24,785,785,
8082,22,870000,0,user_34,785,785,
8075,23,670000,0,user_25,785,785,
8103,24,0,0,validator_11,100,785,8095
8095,25,630000,21800,user_46,785,785,
8083,26,600000,0,user_36,785,785,
8053,27,530000,0,user_2,785,785,
8096,28,460000,0,user_47,785,785,
8104,29,0,0,validator_11,100,785,8061
8061,30,420000,15300,user_9,785,785,
8062,31,420000,0,user_11,785,785,
8098,32,190000,108000,user_49,785,785,
8105,33,0,0,validator_11,100,785,8098
8106,34,0,0,validator_11,100,785,8094
8094,35,77000,215000,user_45,785,785,
8084,36,260000,0,user_38,785,785,
8107,37,0,0,validator_11,100,785,8065
8065,38,110000,139000,user_17,785,785,
8055,39,240000,0,user_4,785,785,
8086,40,240000,0,user_39,785,785,
8072,41,220000,0,user_23,785,785,
8092,42,220000,0,user_44,785,785,
8108,43,0,0,validator_11,100,785,8069
8069,44,87000,33300,user_21,785,785,
8067,45,120000,0,user_19,785,785,
8064,46,110000,0,user_15,785,785,
8076,47,110000,0,user_26,785,785,
8089,48,110000,0,user_41,785,785,
8078,49,84000,0,user_29,785,785,
8119,0,30000000,0,user_12,786,786,
8115,1,5000000,0,user_10,786,786,
8113,2,4500000,0,user_7,786,786,
8149,3,4200000,0,user_41,786,786,
8162,4,0,0,validator_3,100,786,8112
8112,5,3600000,56200,user_6,786,786,
8132,6,2600000,0,user_21,786,786,
8163,7,0,0,validator_3,100,786,8143
8143,8,2300000,283000,user_33,786,786,
8127,9,2300000,0,user_16,786,786,
8134,10,2100000,0,user_27,786,786,
8144,11,2100000,0,user_33,786,786,
8164,12,0,0,validator_3,100,786,8121
8121,13,2000000,21800,user_12,786,786,
8165,14,0,0,validator_3,100,786,8109
8109,15,2000000,18600,user_0,786,786,
8110,16,1999999,0,user_1,786,786,8109
8122,17,1600000,0,user_14,786,786,
8124,18,1600000,0,user_14,786,786,
8150,19,1500000,16400,user_42,786,786,
8166,20,0,0,validator_3,100,786,8150
8141,21,1400000,0,user_32,786,786,
8167,22,0,0,validator_3,100,786,8145
8145,23,1300000,6390,user_34,786,786,
8154,24,120000,1100000,user_46,786,786,
8168,25,0,0,validator_3,100,786,8154
8129,26,1100000,0,user_18,786,786,
8169,27,0,0,validator_3,100,786,8126
8126,28,110000,959000,user_15,786,786,
8157,29,1000000,0,user_47,786,786,
8170,30,0,0,validator_3,100,786,8125
8125,31,870000,64600,user_14,786,786,
8171,32,0,0,validator_3,100,786,8130
8130,33,150000,545000,user_19,786,786,
8117,34,470000,33300,user_12,786,786,
8172,35,0,0,validator_3,100,786,8117
8155,36,420000,0,user_46,786,786,
8151,37,320000,0,user_42,786,786,
8120,38,310000,0,user_12,786,786,
8140,39,310000,0,user_31,786,786,
8114,40,260000,0,user_9,786,786,
8173,41,0,0,validator_3,100,786,8156
8156,42,190000,67900,user_46,786,786,
8142,43,220000,0,user_33,786,786,
8116,44,190000,0,user_11,786,786,
8174,45,0,0,validator_3,100,786,8147
8147,46,120000,60700,user_38,786,786,
8146,47,170000,0,user_35,786,786,
8175,48,0,0,validator_3,100,786,8152
8152,49,110000,30200,user_44,786,786,
8128,50,120000,0,user_17,786,786,
8118,51,110000,0,user_12,786,786,
8123,52,98000,0,user_14,786,786,
8133,53,77000,0,user_23,786,786,
8188,0,43000000,322000,user_10,787,787,
8236,1,0,0,validator_7,100,787,8188
8234,2,43000000,0,user_48,787,787,
8229,3,19000000,0,user_45,787,787,
8227,4,6300000,0,user_44,787,787,
8187,5,5200000,0,user_9,787,787,
8225,6,5000000,10700,user_44,787,787,
8237,7,0,0,validator_7,100,787,8225
8176,8,4500000,0,user_0,787,787,
8216,9,2000000,0,user_34,787,787,
8233,10,2000000,0,user_48,787,787,
8211,11,1800000,0,user_31,787,787,
8184,12,1700000,0,user_6,787,787,
8195,13,1500000,0,user_19,787,787,
8191,14,1100000,0,user_13,787,787,
8185,15,1000000,0,user_6,787,787,
8213,16,1000000,0,user_31,787,787,
8235,17,1000000,0,user_49,787,787,
8238,18,0,0,validator_7,100,787,8219
8219,19,630000,100000,user_37,787,787,
8183,20,660000,0,user_6,787,787,
8209,21,530000,0,user_28,787,787,
8226,22,300000,181000,user_44,787,787,
8239,23,0,0,validator_7,100,787,8226
8212,24,470000,0,user_31,787,787,
8214,25,470000,0,user_31,787,787,
8231,26,360000,0,user_46,787,787,
8218,27,340000,0,user_36,787,787,
8217,28,320000,0,user_35,787,787,
8240,29,0,0,validator_7,100,787,8177
8177,30,220000,67900,user_0,787,787,
8181,31,240000,0,user_3,787,787,
8230,32,220000,0,user_46,787,787,
8178,33,219999,0,user_1,787,787,8177
8179,34,219999,0,user_1,787,787,8177
8180,35,219999,0,user_2,787,787,8177
8194,36,190000,0,user_17,787,787,
8241,37,0,0,validator_7,100,787,8220
8220,38,160000,12800,user_40,787,787,
8182,39,160000,0,user_6,787,787,
8208,40,150000,0,user_26,787,787,
8224,41,150000,0,user_44,787,787,
8205,42,100000,0,user_22,787,787,
8221,43,100000,0,user_40,787,787,
8228,44,98000,0,user_44,787,787,
8232,45,98000,0,user_47,787,787,
8223,46,80000,13800,user_43,787,787,
8242,47,0,0,validator_7,100,787,8223
8206,48,84000,0,user_22,787,787,
8207,49,83000,0,user_24,787,787,
8186,50,79000,0,user_7,787,787,
8255,0,27000000,0,user_12,788,788,
8292,1,19000000,84800,user_48,788,788,
8295,2,0,0,validator_2,100,788,8292
8272,3,19000000,0,user_31,788,788,
8296,4,0,0,validator_2,100,788,8293
8293,5,6300000,60700,user_48,788,788,
8271,6,5000000,0,user_30,788,788,
8273,7,5000000,0,user_32,788,788,
8276,8,3600000,0,user_34,788,788,
8279,9,3500000,0,user_38,788,788,
8281,10,3200000,35600,user_41,788,788,
8297,11,0,0,validator_2,100,788,8281
8253,12,3200000,0,user_11,788,788,
8247,13,2500000,0,user_6,788,788,
8266,14,2000000,0,user_23,788,788,
8251,15,1600000,0,user_10,788,788,
8269,16,1500000,0,user_28,788,788,
8262,17,1300000,0,user_20,788,788,
8275,18,1300000,0,user_34,788,788,
8282,19,1200000,0,user_42,788,788,
8280,20,1100000,0,user_40,788,788,
8259,21,1000000,0,user_16,788,788,
8270,22,970000,0,user_29,788,788,
8274,23,530000,0,user_33,788,788,
8267,24,460000,0,user_25,788,788,
8268,25,420000,0,user_27,788,788,
8254,26,320000,0,user_11,788,788,
8250,27,120000,181000,user_9,788,788,
8298,28,0,0,validator_2,100,788,8250
8299,29,0,0,validator_2,100,788,8260
8260,30,260000,19700,user_18,788,788,
8264,31,260000,0,user_22,788,788,
8289,32,260000,0,user_45,788,788,
8244,33,240000,0,user_2,788,788,
8252,34,220000,0,user_11,788,788,
8288,35,170000,0,user_44,788,788,
8245,36,120000,0,user_3,788,788,
8290,37,120000,0,user_46,788,788,
8294,38,120000,0,user_49,788,788,
8265,39,110000,0,user_22,788,788,
8257,40,98000,0,user_14,788,788,
8246,41,80000,0,user_3,788,788,
8263,42,80000,0,user_21,788,788,
8248,43,79000,0,user_6,788,788,
8358,0,0,0,validator_5,100,789,8314
8314,1,43000000,33100,user_12,789,789,
8348,2,43000000,0,user_42,789,789,
8340,3,27000000,0,user_35,789,789,
8359,4,0,0,validator_5,100,789,8350
8350,5,4500000,959000,user_44,789,789,
8328,6,5200000,0,user_22,789,789,
8360,7,0,0,validator_5,100,789,8330
8330,8,5000000,66100,user_23,789,789,
8361,9,0,0,validator_5,100,789,8356
8356,10,5000000,15700,user_47,789,789,
8303,11,4200000,0,user_2,789,789,
8342,12,3600000,21800,user_37,789,789,
8362,13,0,0,validator_5,100,789,8342
8323,14,3600000,0,user_18,789,789,
8321,15,3500000,0,user_15,789,789,
8347,16,3200000,0,user_41,789,789,
8318,17,1600000,0,user_15,789,789,
8363,18,0,0,validator_5,100,789,8325
8325,19,1500000,68100,user_18,789,789,
8324,20,1500000,0,user_18,789,789,
8335,21,1500000,0,user_28,789,789,
8319,22,1400000,5640,user_15,789,789,
8364,23,0,0,validator_5,100,789,8319
8320,24,1400000,0,user_15,789,789,
8322,25,1400000,0,user_16,789,789,
8326,26,1100000,0,user_18,789,789,
8351,27,1100000,0,user_44,789,789,
8302,28,1000000,0,user_2,789,789,
8344,29,870000,0,user_37,789,789,
8352,30,660000,0,user_44,789,789,
8334,31,650000,0,user_27,789,789,
8365,32,0,0,validator_5,100,789,8329
8329,33,220000,322000,user_22,789,789,
8333,34,470000,0,user_26,789,789,
8357,35,460000,0,user_49,789,789,
8366,36,0,0,validator_5,100,789,8332
8332,37,300000,100000,user_24,789,789,
8312,38,340000,0,user_11,789,789,
8341,39,340000,0,user_36,789,789,
8313,40,300000,0,user_12,789,789,
8339,41,85000,215000,user_33,789,789,
8367,42,0,0,validator_5,100,789,8339
8304,43,260000,0,user_5,789,789,
8310,44,220000,0,user_9,789,789,
8336,45,220000,0,user_29,789,789,
8311,46,170000,15700,user_10,789,789,
8368,47,0,0,validator_5,100,789,8311
8338,48,170000,0,user_31,789,789,
8349,49,170000,0,user_44,789,789,
8369,50,0,0,validator_5,100,789,8327
8327,51,120000,42000,user_19,789,789,
8353,52,85000,67500,user_45,789,789,
8370,53,0,0,validator_5,100,789,8353
8345,54,150000,0,user_40,789,789,
8301,55,120000,0,user_1,789,789,
8331,56,120000,0,user_23,789,789,
8354,57,120000,0,user_45,789,789,
8300,58,110000,0,user_0,789,789,
8346,59,110000,0,user_40,789,789,
8343,60,100000,0,user_37,789,789,
8355,61,82000,0,user_46,789,789,
8305,62,77000,0,user_5,789,789,
8412,0,27000000,256000,user_31,790,790,
8429,1,0,0,validator_11,100,790,8412
8425,2,19000000,0,user_44,790,790,
8430,3,0,0,validator_11,100,790,8383
8383,4,220000,7190000,user_8,790,790,
8431,5,0,0,validator_11,100,790,8376
8376,6,1500000,4320000,user_5,790,790,
8388,7,4200000,0,user_11,790,790,
8380,8,3600000,0,user_6,790,790,
8373,9,3200000,0,user_1,790,790,
8371,10,2600000,0,user_1,790,790,
8414,11,2600000,0,user_33,790,790,
8378,12,2100000,0,user_6,790,790,
8393,13,2000000,0,user_14,790,790,
8387,14,1900000,0,user_11,790,790,
8394,15,1800000,0,user_15,790,790,
8379,16,1700000,0,user_6,790,790,
8381,17,660000,959000,user_8,790,790,
8432,18,0,0,validator_11,100,790,8381
8419,19,1500000,0,user_38,790,790,
8427,20,1500000,0,user_46,790,790,
8410,21,1100000,0,user_29,790,790,
8416,22,1100000,0,user_36,790,790,
8423,23,1100000,0,user_43,790,790,
8433,24,0,0,validator_11,100,790,8418
8418,25,1000000,84800,user_37,790,790,
8409,26,910000,0,user_28,790,790,
8406,27,670000,0,user_23,790,790,
8392,28,660000,0,user_14,790,790,
8372,29,370000,0,user_1,790,790,
8428,30,360000,0,user_47,790,790,
8382,31,310000,0,user_8,790,790,
8395,32,310000,0,user_15,790,790,
8385,33,260000,12800,user_8,790,790,
8434,34,0,0,validator_11,100,790,8385
8375,35,240000,0,user_4,790,790,
8417,36,240000,0,user_36,790,790,
8426,37,240000,0,user_44,790,790,
8400,38,220000,0,user_19,790,790,
8403,39,220000,0,user_21,790,790,
8420,40,220000,0,user_41,790,790,
8398,41,170000,5640,user_16,790,790,
8435,42,0,0,validator_11,100,790,8398
8399,43,160000,0,user_18,790,790,
8424,44,160000,0,user_44,790,790,
8386,45,150000,0,user_9,790,790,
8390,46,150000,0,user_14,790,790,
8384,47,120000,15300,user_8,790,790,
8436,48,0,0,validator_11,100,790,8384
8377,49,120000,0,user_6,790,790,
8421,50,120000,0,user_42,790,790,
8411,51,100000,11200,user_30,790,790,
8437,52,0,0,validator_11,100,790,8411
8396,53,110000,0,user_15,790,790,
8422,54,100000,0,user_42,790,790,
8438,55,0,0,validator_11,100,790,8405
8405,56,82000,12300,user_23,790,790,
8415,57,87000,0,user_34,790,790,
8402,58,84000,0,user_21,790,790,
8404,59,84000,0,user_23,790,790,
8407,60,83000,0,user_26,790,790,
8374,61,82000,0,user_3,790,790,
8408,62,82000,0,user_27,790,790,
8391,63,79000,0,user_14,790,790,
8413,64,79000,0,user_32,790,790,
8397,65,73000,0,user_15,790,790,
8454,0,5000000,0,user_18,791,791,
8464,1,3600000,0,user_27,791,791,
8483,2,3200000,215000,user_41,791,791,
8491,3,0,0,validator_13,100,791,8483
8453,4,2600000,0,user_18,791,791,
8441,5,2400000,0,user_4,791,791,
8490,6,2400000,0,user_49,791,791,
8442,7,2000000,0,user_5,791,791,
8463,8,1900000,0,user_27,791,791,
8492,9,0,0,validator_13,100,791,8462
8462,10,1600000,13900,user_26,791,791,
8471,11,1600000,0,user_31,791,791,
8466,12,1500000,0,user_27,791,791,
8485,13,1500000,0,user_43,791,791,
8469,14,1100000,0,user_30,791,791,
8447,15,1000000,0,user_12,791,791,
8476,16,910000,0,user_36,791,791,
8444,17,870000,7840,user_8,791,791,
8493,18,0,0,validator_13,100,791,8444
8473,19,870000,0,user_32,791,791,
8479,20,630000,0,user_39,791,791,
8467,21,600000,0,user_28,791,791,
8488,22,460000,0,user_47,791,791,
8472,23,420000,0,user_32,791,791,
8494,24,0,0,validator_13,100,791,8457
8457,25,110000,296000,user_21,791,791,
8465,26,370000,0,user_27,791,791,
8477,27,370000,0,user_38,791,791,
8484,28,340000,0,user_43,791,791,
8468,29,310000,0,user_30,791,791,
8481,30,310000,0,user_39,791,791,
8495,31,0,0,validator_13,100,791,8445
8445,32,150000,155000,user_10,791,791,
8475,33,260000,0,user_35,791,791,
8478,34,260000,0,user_38,791,791,
8461,35,220000,0,user_25,791,791,
8486,36,220000,0,user_45,791,791,
8489,37,220000,0,user_48,791,791,
8496,38,0,0,validator_13,100,791,8450
8450,39,150000,32900,user_13,791,791,
8443,40,150000,0,user_7,791,791,
8480,41,150000,0,user_39,791,791,
8487,42,150000,0,user_47,791,791,
8448,43,120000,0,user_12,791,791,
8455,44,120000,0,user_19,791,791,
8474,45,120000,0,user_34,791,791,
8440,46,100000,0,user_3,791,791,
8449,47,79000,0,user_12,791,791,
8470,48,79000,0,user_30,791,791,
6414,0,27000000,231000,user_38,792,792,
6430,1,0,0,validator_10,100,792,6414
6386,2,5200000,0,user_0,792,792,
6399,3,5000000,0,user_20,792,792,
6429,4,3500000,0,user_49,792,792,
6390,5,2300000,0,user_8,792,792,
6395,6,2000000,0,user_16,792,792,
6427,7,1600000,0,user_47,792,792,
6392,8,1500000,0,user_13,792,792,
6393,9,1500000,0,user_14,792,792,
6417,10,1200000,43600,user_41,792,792,
6431,11,0,0,validator_10,100,792,6417
6432,12,0,0,validator_10,100,792,6394
6394,13,1100000,13900,user_14,792,792,
6410,14,1100000,0,user_33,792,792,
6397,15,1000000,0,user_19,792,792,
6407,16,1000000,0,user_30,792,792,
6425,17,1000000,0,user_45,792,792,
6423,18,670000,0,user_44,792,792,
6433,19,0,0,validator_10,100,792,6401
6401,20,170000,369000,user_24,792,792,
6398,21,460000,0,user_20,792,792,
6416,22,420000,0,user_39,792,792,
6434,23,0,0,validator_10,100,792,6421
6421,24,260000,67900,user_43,792,792,
6389,25,300000,0,user_8,792,792,
6418,26,260000,0,user_41,792,792,
6420,27,260000,0,user_43,792,792,
6409,28,220000,0,user_32,792,792,
6413,29,190000,0,user_37,792,792,
6411,30,120000,66100,user_35,792,792,
6435,31,0,0,validator_10,100,792,6411
6436,32,0,0,validator_10,100,792,6415
6415,33,110000,60700,user_39,792,792,
6391,34,150000,0,user_12,792,792,
6412,35,150000,0,user_36,792,792,
6419,36,150000,0,user_42,792,792,
6422,37,150000,0,user_44,792,792,
6400,38,110000,21800,user_21,792,792,
6437,39,0,0,validator_10,100,792,6400
6408,40,120000,0,user_31,792,792,
6438,41,0,0,validator_10,100,792,6424
6424,42,80000,12800,user_44,792,792,
6385,43,87000,0,user_0,792,792,
6428,44,80000,0,user_48,792,792,
6388,45,73000,5180,user_6,792,792,
6439,46,0,0,validator_10,100,792,6388
6474,0,19000000,0,user_27,793,793,
6451,1,5000000,0,user_11,793,793,
6485,2,4500000,0,user_41,793,793,
6452,3,2300000,0,user_12,793,793,
6486,4,2100000,0,user_42,793,793,
6489,5,2000000,0,user_45,793,793,
6466,6,1600000,0,user_22,793,793,
6469,7,1600000,0,user_22,793,793,
6454,8,1500000,296000,user_12,793,793,
6458,9,1400000,0,user_17,793,793,
6461,10,1400000,0,user_19,793,793,
6468,11,1100000,0,user_22,793,793,
6482,12,1000000,0,user_36,793,793,
6456,13,660000,36800,user_14,793,793,
6442,14,630001,0,user_2,793,793,6440
6440,15,630000,18600,user_0,793,793,
6453,16,530000,0,user_12,793,793,
6472,17,420000,0,user_25,793,793,
6463,18,310000,0,user_21,793,793,
6475,19,310000,0,user_28,793,793,
6462,20,260000,0,user_20,793,793,
6471,21,260000,0,user_25,793,793,
6448,22,220000,0,user_8,793,793,
6483,23,220000,13900,user_38,793,793,
6450,24,190000,0,user_11,793,793,
6444,25,170000,0,user_5,793,793,
6493,26,170000,146000,user_49,793,793,
6467,27,160000,0,user_22,793,793,
6473,28,150000,0,user_26,793,793,
6449,29,120000,195000,user_10,793,793,
6460,30,110000,0,user_18,793,793,
6465,31,110000,296000,user_22,793,793,
6484,32,110000,36800,user_39,793,793,
6491,33,110000,0,user_46,793,793,
6490,34,85000,0,user_46,793,793,
6476,35,83000,0,user_30,793,793,
6459,36,79000,7190000,user_18,793,793,
6464,37,79000,0,user_21,793,793,
6445,38,70000,35100,user_6,793,793,
6457,39,70000,0,user_16,793,793,
6510,0,43000000,0,user_17,794,794,
6537,1,5000000,0,user_42,794,794,
6546,2,0,0,validator_5,100,794,6497
6497,3,3600000,19700,user_3,794,794,
6507,4,2600000,0,user_15,794,794,
6517,5,2300000,0,user_20,794,794,
6513,6,1700000,56200,user_18,794,794,
6547,7,0,0,validator_5,100,794,6513
6543,8,1500000,73100,user_46,794,794,
6548,9,0,0,validator_5,100,794,6543
6526,10,1500000,21800,user_31,794,794,
6549,11,0,0,validator_5,100,794,6526
6509,12,1500000,0,user_16,794,794,
6495,13,1300000,0,user_1,794,794,
6520,14,1200000,0,user_22,794,794,
6521,15,1100000,3130,user_23,794,794,
6550,16,0,0,validator_5,100,794,6521
6524,17,1100000,0,user_29,794,794,
6500,18,970000,0,user_6,794,794,
6496,19,910000,13800,user_2,794,794,
6551,20,0,0,validator_5,100,794,6496
6494,21,660000,0,user_0,794,794,
6522,22,660000,0,user_27,794,794,
6530,23,630000,0,user_35,794,794,
6518,24,530000,0,user_21,794,794,
6541,25,530000,0,user_45,794,794,
6505,26,460000,68100,user_11,794,794,
6552,27,0,0,validator_5,100,794,6505
6544,28,460000,0,user_46,794,794,
6532,29,260000,155000,user_38,794,794,
6553,30,0,0,validator_5,100,794,6532
6512,31,370000,0,user_18,794,794,
6498,32,310000,0,user_6,794,794,
6514,33,300000,0,user_18,794,794,
6523,34,240000,0,user_28,794,794,
6508,35,220000,17000,user_16,794,794,
6554,36,0,0,validator_5,100,794,6508
6531,37,220000,0,user_36,794,794,
6499,38,190000,0,user_6,794,794,
6515,39,160000,0,user_20,794,794,
6525,40,150000,0,user_31,794,794,
6504,41,120000,0,user_10,794,794,
6519,42,120000,0,user_21,794,794,
6545,43,110000,0,user_49,794,794,
6555,44,0,0,validator_5,100,794,6542
6542,45,84000,18600,user_46,794,794,
6503,46,98000,0,user_9,794,794,
6511,47,87000,0,user_18,794,794,
6536,48,82000,0,user_40,794,794,
6516,49,77000,0,user_20,794,794,
6588,0,43000000,0,user_37,795,795,
6594,1,6100000,181000,user_44,795,795,
6591,2,5000000,0,user_41,795,795,
6590,3,4200000,0,user_40,795,795,
6564,4,3600000,0,user_5,795,795,
6558,5,3599999,0,user_1,795,795,6557
6585,6,3200000,256000,user_35,795,795,
6580,7,2100000,0,user_28,795,795,
6577,8,2000000,0,user_25,795,795,
6587,9,1700000,0,user_36,795,795,
6589,10,1500000,0,user_39,795,795,
6569,11,1200000,0,user_14,795,795,
6567,12,1100000,0,user_9,795,795,
6571,13,1000000,0,user_16,795,795,
6572,14,1000000,0,user_17,795,795,
6574,15,1000000,15700,user_20,795,795,
6596,16,1000000,34700,user_45,795,795,
6568,17,970000,0,user_10,795,795,
6582,18,600000,0,user_30,795,795,
6597,19,460000,0,user_46,795,795,
6598,20,460000,0,user_47,795,795,
6579,21,420000,0,user_28,795,795,
6559,22,360000,23500,user_3,795,795,
6600,23,260000,0,user_48,795,795,
6581,24,220000,0,user_29,795,795,
6565,25,170000,0,user_6,795,795,
6592,26,170000,0,user_42,795,795,
6599,27,170000,0,user_47,795,795,
6586,28,120000,24700,user_36,795,795,
6566,29,110000,0,user_8,795,795,
6595,30,110000,0,user_45,795,795,
6593,31,98000,0,user_43,795,795,
6584,32,83000,0,user_35,795,795,
6573,33,79000,0,user_19,795,795,
6575,34,77000,0,user_21,795,795,
6620,0,19000000,0,user_12,796,796,
6625,1,6100000,0,user_17,796,796,
6648,2,6100000,0,user_36,796,796,
6631,3,5000000,0,user_20,796,796,
6659,4,3600000,0,user_44,796,796,
6664,5,2600000,0,user_48,796,796,
6646,6,2100000,0,user_35,796,796,
6666,7,0,0,validator_12,100,796,6626
6626,8,2000000,16400,user_17,796,796,
6667,9,0,0,validator_12,100,796,6630
6630,10,910000,1100000,user_19,796,796,
6603,11,2000000,0,user_1,796,796,
6627,12,1600000,0,user_17,796,796,
6604,13,1500000,0,user_2,796,796,
6605,14,1500000,0,user_3,796,796,
6606,15,1500000,0,user_4,796,796,
6644,16,1500000,0,user_33,796,796,
6645,17,1300000,0,user_35,796,796,
6612,18,1100000,0,user_9,796,796,
6642,19,1100000,0,user_31,796,796,
6649,20,1100000,0,user_37,796,796,
6668,21,0,0,validator_12,100,796,6639
6639,22,320000,381000,user_27,796,796,
6636,23,670000,3130,user_24,796,796,
6669,24,0,0,validator_12,100,796,6636
6635,25,670000,0,user_24,796,796,
6662,26,630000,0,user_45,796,796,
6617,27,530000,0,user_11,796,796,
6670,28,0,0,validator_12,100,796,6661
6661,29,220000,256000,user_45,796,796,
6614,30,460000,0,user_10,796,796,
6615,31,460000,0,user_10,796,796,
6653,32,460000,0,user_39,796,796,
6671,33,0,0,validator_12,100,796,6665
6665,34,420000,7840,user_49,796,796,
6654,35,420000,0,user_39,796,796,
6624,36,320000,68100,user_17,796,796,
6672,37,0,0,validator_12,100,796,6624
6658,38,340000,0,user_43,796,796,
6618,39,320000,0,user_12,796,796,
6634,40,300000,0,user_23,796,796,
6638,41,160000,139000,user_27,796,796,
6673,42,0,0,validator_12,100,796,6638
6616,43,260000,0,user_10,796,796,
6647,44,220000,0,user_36,796,796,
6613,45,190000,0,user_10,796,796,
6674,46,0,0,validator_12,100,796,6619
6619,47,170000,11200,user_12,796,796,
6622,48,170000,0,user_15,796,796,
6643,49,170000,0,user_32,796,796,
6650,50,150000,0,user_37,796,796,
6623,51,120000,0,user_16,796,796,
6656,52,120000,0,user_39,796,796,
6641,53,100000,0,user_30,796,796,
6628,54,98000,0,user_17,796,796,
6609,55,87000,0,user_7,796,796,
6655,56,85000,0,user_39,796,796,
6660,57,80000,0,user_45,796,796,
6621,58,79000,0,user_14,796,796,
6640,59,70000,0,user_28,796,796,
6734,0,43000000,283000,user_46,797,797,
6736,1,0,0,validator_9,100,797,6734
6720,2,43000000,0,user_30,797,797,
6698,3,6300000,0,user_13,797,797,
6710,4,3600000,0,user_21,797,797,
6708,5,3500000,0,user_20,797,797,
6737,6,0,0,validator_9,100,797,6719
6719,7,1600000,16400,user_30,797,797,
6738,8,0,0,validator_9,100,797,6677
6677,9,1100000,510000,user_0,797,797,
6702,10,1500000,16400,user_16,797,797,
6739,11,0,0,validator_9,100,797,6702
6690,12,1500000,0,user_5,797,797,
6706,13,1200000,0,user_18,797,797,
6679,14,1100001,0,user_0,797,797,6677
6692,15,1100000,0,user_6,797,797,
6699,16,1100000,0,user_13,797,797,
6678,17,1099999,0,user_0,797,797,6677
6682,18,1099999,0,user_2,797,797,6677
6716,19,970000,5630,user_24,797,797,
6740,20,0,0,validator_9,100,797,6716
6741,21,0,0,validator_9,100,797,6724
6724,22,630000,121000,user_32,797,797,
6726,23,650000,100000,user_35,797,797,
6742,24,0,0,validator_9,100,797,6726
6712,25,650000,0,user_23,797,797,
6683,26,630000,0,user_3,797,797,
6691,27,320000,21800,user_6,797,797,
6743,28,0,0,validator_9,100,797,6691
6700,29,320000,0,user_14,797,797,
6721,30,300000,0,user_31,797,797,
6730,31,260000,0,user_38,797,797,
6723,32,240000,0,user_32,797,797,
6732,33,220000,0,user_42,797,797,
6696,34,160000,30200,user_11,797,797,
6744,35,0,0,validator_9,100,797,6696
6745,36,0,0,validator_9,100,797,6714
6714,37,150000,33300,user_24,797,797,
6709,38,170000,0,user_21,797,797,
6675,39,160000,0,user_0,797,797,
6705,40,160000,0,user_18,797,797,
6676,41,150000,0,user_0,797,797,
6735,42,130000,0,user_47,797,797,
6697,43,120000,0,user_11,797,797,
6713,44,120000,0,user_24,797,797,
6715,45,120000,0,user_24,797,797,
6722,46,120000,0,user_32,797,797,
6729,47,110000,0,user_38,797,797,
6731,48,85000,21800,user_39,797,797,
6746,49,0,0,validator_9,100,797,6731
6693,50,82000,24700,user_8,797,797,
6747,51,0,0,validator_9,100,797,6693
6689,52,79000,0,user_5,797,797,
6704,53,77000,0,user_18,797,797,
6718,54,77000,0,user_30,797,797,
6725,55,70000,0,user_32,797,797,
6750,0,6300000,0,user_1,798,798,
6759,1,6300000,0,user_12,798,798,
6775,2,6100000,0,user_34,798,798,
6783,3,6100000,0,user_40,798,798,
6769,4,5000000,0,user_30,798,798,
6782,5,4500000,0,user_39,798,798,
6788,6,4500000,0,user_44,798,798,
6774,7,3500000,283000,user_34,798,798,
6779,8,3500000,0,user_39,798,798,
6770,9,1800000,0,user_30,798,798,
6752,10,1700000,12800,user_5,798,798,
6780,11,1700000,36800,user_39,798,798,
6791,12,1500000,0,user_47,798,798,
6758,13,1400000,0,user_10,798,798,
6749,14,1300000,0,user_1,798,798,
6765,15,1200000,0,user_20,798,798,
6778,16,1000000,0,user_38,798,798,
6755,17,670000,36800,user_7,798,798,
6777,18,650000,0,user_38,798,798,
6754,19,630000,15100,user_6,798,798,
6787,20,470000,0,user_44,798,798,
6748,21,420000,0,user_0,798,798,
6772,22,360000,0,user_33,798,798,
6781,23,360000,181000,user_39,798,798,
6785,24,360000,0,user_42,798,798,
6786,25,350000,0,user_42,798,798,
6753,26,310000,0,user_5,798,798,
6764,27,220000,0,user_19,798,798,
6756,28,170000,0,user_7,798,798,
6792,29,160000,0,user_49,798,798,
6771,30,130000,369000,user_33,798,798,
6751,31,120000,0,user_1,798,798,
6766,32,120000,0,user_21,798,798,
6767,33,120000,0,user_24,798,798,
6790,34,120000,0,user_47,798,798,
6760,35,83000,0,user_13,798,798,
6773,36,83000,0,user_34,798,798,
6853,0,0,0,validator_7,100,799,6825
6825,1,43000000,128000,user_22,799,799,
6831,2,6300000,0,user_30,799,799,
6800,3,5200000,0,user_6,799,799,
6803,4,5200000,0,user_6,799,799,
6796,5,5000000,0,user_3,799,799,
6822,6,3600000,0,user_19,799,799,
6854,7,0,0,validator_7,100,799,6828
6828,8,2000000,10700,user_26,799,799,
6832,9,2000000,0,user_30,799,799,
6799,10,1900000,0,user_3,799,799,
6795,11,1500000,0,user_2,799,799,
6829,12,1200000,0,user_27,799,799,
6814,13,1100000,0,user_12,799,799,
6841,14,970000,0,user_40,799,799,
6793,15,670000,0,user_0,799,799,
6834,16,660000,0,user_32,799,799,
6843,17,630000,0,user_41,799,799,
6826,18,460000,0,user_22,799,799,
6804,19,370000,0,user_7,799,799,
6837,20,370000,0,user_36,799,799,
6798,21,360000,0,user_3,799,799,
6801,22,360000,0,user_6,799,799,
6840,23,360000,0,user_39,799,799,
6847,24,360000,0,user_45,799,799,
6808,25,350000,0,user_8,799,799,
6835,26,350000,0,user_32,799,799,
6855,27,0,0,validator_7,100,799,6818
6818,28,320000,16400,user_15,799,799,
6794,29,320000,0,user_1,799,799,
6849,30,320000,0,user_46,799,799,
6810,31,300000,0,user_9,799,799,
6856,32,0,0,validator_7,100,799,6823
6823,33,79000,195000,user_19,799,799,
6857,34,0,0,validator_7,100,799,6807
6807,35,220000,43600,user_8,799,799,
6809,36,260000,0,user_9,799,799,
6827,37,260000,0,user_24,799,799,
6846,38,260000,0,user_44,799,799,
6805,39,240000,0,user_8,799,799,
6806,40,240000,0,user_8,799,799,
6848,41,160000,31700,user_45,799,799,
6858,42,0,0,validator_7,100,799,6848
6811,43,170000,0,user_10,799,799,
6839,44,170000,0,user_39,799,799,
6821,45,160000,0,user_18,799,799,
6797,46,150000,0,user_3,799,799,
6816,47,150000,0,user_13,799,799,
6830,48,150000,0,user_28,799,799,
6833,49,120000,0,user_31,799,799,
6850,50,120000,0,user_46,799,799,
6851,51,120000,0,user_48,799,799,
6802,52,110000,0,user_6,799,799,
6820,53,82000,16400,user_17,799,799,
6859,54,0,0,validator_7,100,799,6820
6845,55,87000,0,user_43,799,799,
6842,56,84000,0,user_40,799,799,
6838,57,83000,0,user_38,799,799,
6852,58,83000,0,user_49,799,799,
6815,59,73000,0,user_13,799,799,
6890,0,19000000,0,user_31,800,800,
6908,1,0,0,validator_2,100,800,6877
6877,2,5000000,108000,user_17,800,800,
6887,3,4500000,0,user_25,800,800,
6899,4,4500000,0,user_41,800,800,
6861,5,4199999,0,user_2,800,800,6860
6889,6,3500000,0,user_30,800,800,
6876,7,2600000,0,user_16,800,800,
6892,8,2500000,0,user_33,800,800,
6879,9,2100000,0,user_20,800,800,
6898,10,1900000,0,user_39,800,800,
6882,11,1700000,0,user_21,800,800,
6867,12,1600000,0,user_10,800,800,
6864,13,1500000,0,user_7,800,800,
6863,14,1100000,0,user_6,800,800,
6883,15,1100000,0,user_22,800,800,
6874,16,1000000,0,user_14,800,800,
6878,17,870000,0,user_18,800,800,
6885,18,670000,0,user_23,800,800,
6909,19,0,0,validator_2,100,800,6906
6906,20,650000,5640,user_49,800,800,
6888,21,530000,0,user_26,800,800,
6910,22,0,0,validator_2,100,800,6903
6903,23,160000,322000,user_44,800,800,
6873,24,470000,0,user_14,800,800,
6871,25,420000,0,user_14,800,800,
6902,26,420000,0,user_44,800,800,
6880,27,360000,0,user_21,800,800,
6866,28,350000,0,user_10,800,800,
6891,29,320000,0,user_32,800,800,
6881,30,150000,161000,user_21,800,800,
6911,31,0,0,validator_2,100,800,6881
6901,32,120000,108000,user_44,800,800,
6912,33,0,0,validator_2,100,800,6901
6862,34,170000,0,user_5,800,800,
6893,35,170000,0,user_34,800,800,
6900,36,160000,0,user_42,800,800,
6913,37,0,0,validator_2,100,800,6868
6868,38,120000,36800,user_11,800,800,
6904,39,150000,0,user_46,800,800,
6884,40,120000,0,user_23,800,800,
6872,41,87000,0,user_14,800,800,
6875,42,83000,0,user_14,800,800,
6907,43,83000,0,user_49,800,800,
6961,0,0,0,validator_3,100,801,6959
6959,1,30000000,21800,user_47,801,801,
6937,2,6100000,0,user_23,801,801,
6936,3,5000000,10700,user_23,801,801,
6962,4,0,0,validator_3,100,801,6936
6963,5,0,0,validator_3,100,801,6941
6941,6,4500000,155000,user_32,801,801,
6928,7,2000000,0,user_13,801,801,
6964,8,0,0,validator_3,100,801,6935
6935,9,1900000,36800,user_23,801,801,
6958,10,1600000,0,user_46,801,801,
6926,11,1500000,0,user_12,801,801,
6930,12,1500000,0,user_16,801,801,
6940,13,1500000,0,user_27,801,801,
6955,14,1500000,0,user_42,801,801,
6965,15,0,0,validator_3,100,801,6933
6933,16,220000,959000,user_19,801,801,
6946,17,1100000,0,user_37,801,801,
6922,18,1000000,67900,user_10,801,801,
6966,19,0,0,validator_3,100,801,6922
6939,20,1000000,0,user_23,801,801,
6943,21,1000000,0,user_34,801,801,
6923,22,530000,0,user_11,801,801,
6929,23,530000,0,user_15,801,801,
6942,24,530000,0,user_33,801,801,
6967,25,0,0,validator_3,100,801,6932
6932,26,170000,296000,user_18,801,801,
6920,27,460000,0,user_8,801,801,
6925,28,460000,0,user_12,801,801,
6968,29,0,0,validator_3,100,801,6914
6914,30,150000,195000,user_0,801,801,
6931,31,240000,0,user_17,801,801,
6934,32,240000,0,user_22,801,801,
6927,33,220000,0,user_13,801,801,
6947,34,170000,0,user_38,801,801,
6915,35,150001,0,user_1,801,801,6914
6917,36,150001,0,user_2,801,801,6914
6938,37,150000,0,user_23,801,801,
6944,38,150000,0,user_34,801,801,
6916,39,149999,0,user_2,801,801,6914
6921,40,120000,0,user_9,801,801,
6956,41,110000,0,user_43,801,801,
6924,42,87000,0,user_11,801,801,
6945,43,84000,0,user_34,801,801,
6953,44,84000,0,user_40,801,801,
6919,45,83000,0,user_7,801,801,
6954,46,73000,0,user_41,801,801,
6970,0,30000000,0,user_0,802,802,
7016,1,30000000,0,user_42,802,802,
7014,2,27000000,33300,user_41,802,802,
7021,3,0,0,validator_1,100,802,7014
6996,4,19000000,0,user_23,802,802,
6983,5,6100000,0,user_12,802,802,
7005,6,5200000,42000,user_33,802,802,
7022,7,0,0,validator_1,100,802,7005
7003,8,5000000,0,user_32,802,802,
6986,9,3200000,0,user_13,802,802,
7015,10,2400000,0,user_42,802,802,
7000,11,1700000,0,user_31,802,802,
6985,12,1100000,510000,user_13,802,802,
7023,13,0,0,validator_1,100,802,6985
7024,14,0,0,validator_1,100,802,6972
6972,15,1400000,5640,user_0,802,802,
6974,16,1400001,0,user_1,802,802,6972
7012,17,1400000,0,user_38,802,802,
6973,18,1399999,0,user_0,802,802,6972
6981,19,1000000,0,user_10,802,802,
6987,20,1000000,0,user_16,802,802,
7018,21,870000,0,user_46,802,802,
7025,22,0,0,validator_1,100,802,6980
6980,23,350000,381000,user_9,802,802,
6978,24,670000,0,user_7,802,802,
7020,25,420000,164000,user_49,802,802,
7026,26,0,0,validator_1,100,802,7020
6991,27,340000,0,user_19,802,802,
6999,28,310000,0,user_28,802,802,
7006,29,300000,0,user_34,802,802,
6984,30,220000,0,user_12,802,802,
7013,31,220000,0,user_40,802,802,
7004,32,190000,0,user_33,802,802,
6969,33,170000,0,user_0,802,802,
7011,34,170000,0,user_38,802,802,
6982,35,150000,0,user_10,802,802,
6990,36,150000,0,user_18,802,802,
6998,37,150000,0,user_26,802,802,
7001,38,150000,0,user_31,802,802,
7002,39,150000,0,user_32,802,802,
6971,40,110000,0,user_0,802,802,
7008,41,110000,0,user_36,802,802,
7017,42,83000,0,user_43,802,802,
7019,43,80000,0,user_47,802,802,
6997,44,77000,0,user_24,802,802,
6979,45,73000,0,user_9,802,802,
7078,0,910000,17700000,user_44,803,803,
7085,1,0,0,validator_0,100,803,7078
7053,2,6300000,231000,user_18,803,803,
7086,3,0,0,validator_0,100,803,7053
7036,4,6300000,0,user_6,803,803,
7063,5,6100000,0,user_31,803,803,
7087,6,0,0,validator_0,100,803,7038
7038,7,5000000,17000,user_7,803,803,
7028,8,4500000,0,user_0,803,803,
7058,9,4500000,0,user_24,803,803,
7035,10,3500000,296000,user_5,803,803,
7088,11,0,0,validator_0,100,803,7035
7033,12,3600000,0,user_3,803,803,
7089,13,0,0,validator_0,100,803,7031
7031,14,2600000,31700,user_0,803,803,
7065,15,2000000,0,user_33,803,803,
7045,16,1800000,0,user_13,803,803,
7068,17,910000,381000,user_35,803,803,
7090,18,0,0,validator_0,100,803,7068
7057,19,1100000,0,user_23,803,803,
7082,20,970000,67900,user_48,803,803,
7091,21,0,0,validator_0,100,803,7082
7052,22,1000000,0,user_17,803,803,
7083,23,1000000,0,user_48,803,803,
7092,24,0,0,validator_0,100,803,7055
7055,25,650000,35100,user_20,803,803,
7037,26,660000,21800,user_7,803,803,
7093,27,0,0,validator_0,100,803,7037
7029,28,660000,0,user_0,803,803,
7084,29,660000,0,user_49,803,803,
7094,30,0,0,validator_0,100,803,7051
7051,31,150000,381000,user_16,803,803,
7030,32,460000,0,user_0,803,803,
7043,33,460000,0,user_11,803,803,
7061,34,460000,0,user_27,803,803,
7066,35,460000,0,user_33,803,803,
7076,36,460000,0,user_42,803,803,
7077,37,460000,0,user_42,803,803,
7046,38,420000,0,user_13,803,803,
7047,39,370000,0,user_13,803,803,
7040,40,350000,0,user_8,803,803,
7054,41,340000,0,user_18,803,803,
7049,42,300000,0,user_13,803,803,
7044,43,220000,0,user_12,803,803,
7095,44,0,0,validator_0,100,803,7056
7056,45,120000,60700,user_22,803,803,
7027,46,170000,0,user_0,803,803,
7039,47,170000,0,user_7,803,803,
7064,48,150000,0,user_31,803,803,
7048,49,120000,0,user_13,803,803,
7072,50,98000,0,user_38,803,803,
7074,51,98000,0,user_40,803,803,
7081,52,77000,0,user_46,803,803,
7050,53,70000,0,user_16,803,803,
7071,54,70000,0,user_37,803,803,
7140,0,43000000,0,user_47,804,804,
7137,1,19000000,100000,user_44,804,804,
7130,2,2000000,0,user_38,804,804,
7125,3,1600000,3130,user_32,804,804,
7109,4,1500000,0,user_18,804,804,
7120,5,1500000,0,user_29,804,804,
7141,6,1500000,0,user_48,804,804,
7128,7,1400000,0,user_37,804,804,
7136,8,1300000,11200,user_44,804,804,
7129,9,1100000,0,user_37,804,804,
7108,10,670000,350000,user_17,804,804,
7113,11,650000,0,user_23,804,804,
7105,12,600000,0,user_11,804,804,
7132,13,600000,0,user_38,804,804,
7133,14,600000,35100,user_40,804,804,
7135,15,530000,0,user_43,804,804,
7107,16,470000,0,user_14,804,804,
7127,17,460000,0,user_36,804,804,
7110,18,360000,0,user_19,804,804,
7134,19,360000,0,user_41,804,804,
7111,20,320000,0,user_20,804,804,
7131,21,310000,0,user_38,804,804,
7124,22,220000,128000,user_31,804,804,
7100,23,170000,0,user_3,804,804,
7102,24,160000,0,user_4,804,804,
7104,25,160000,0,user_9,804,804,
7101,26,130000,0,user_3,804,804,
7115,27,120000,0,user_26,804,804,
7126,28,120000,0,user_33,804,804,
7139,29,120000,21800,user_47,804,804,
7119,30,83000,0,user_29,804,804,
7096,31,82000,6390,user_0,804,804,
7112,32,82000,0,user_22,804,804,
7097,33,81999,0,user_0,804,804,7096
7138,34,70000,35100,user_44,804,804,
7168,0,43000000,21800,user_23,805,805,
7195,1,0,0,validator_10,100,805,7168
7180,2,5200000,0,user_31,805,805,
7194,3,5000000,0,user_48,805,805,
7143,4,4200000,0,user_0,805,805,
7196,5,0,0,validator_10,100,805,7171
7171,6,3500000,68100,user_27,805,805,
7166,7,3200000,0,user_20,805,805,
7159,8,2600000,0,user_13,805,805,
7147,9,2500000,0,user_3,805,805,
7197,10,0,0,validator_10,100,805,7144
7144,11,2100000,164000,user_0,805,805,
7146,12,2100001,0,user_2,805,805,7144
7145,13,2099999,0,user_1,805,805,7144
7152,14,2000000,0,user_6,805,805,
7164,15,2000000,0,user_19,805,805,
7184,16,1700000,0,user_35,805,805,
7187,17,1500000,0,user_39,805,805,
7169,18,1100000,0,user_23,805,805,
7154,19,1000000,0,user_8,805,805,
7186,20,970000,0,user_38,805,805,
7198,21,0,0,validator_10,100,805,7161
7161,22,910000,34700,user_16,805,805,
7148,23,670000,0,user_3,805,805,
7167,24,670000,0,user_23,805,805,
7170,25,670000,0,user_24,805,805,
7178,26,630000,0,user_30,805,805,
7158,27,470000,0,user_13,805,805,
7181,28,460000,0,user_33,805,805,
7188,29,370000,0,user_40,805,805,
7182,30,320000,0,user_33,805,805,
7151,31,240000,0,user_5,805,805,
7199,32,0,0,validator_10,100,805,7192
7192,33,160000,43600,user_47,805,805,
7160,34,190000,0,user_14,805,805,
7189,35,170000,0,user_42,805,805,
7165,36,160000,0,user_19,805,805,
7191,37,150000,0,user_45,805,805,
7179,38,120000,0,user_31,805,805,
7193,39,120000,0,user_47,805,805,
7200,40,0,0,validator_10,100,805,7153
7153,41,84000,32900,user_8,805,805,
7183,42,98000,0,user_34,805,805,
7157,43,83000,0,user_11,805,805,
7163,44,82000,0,user_19,805,805,
7185,45,77000,0,user_37,805,805,
7190,46,77000,0,user_44,805,805,
7260,0,43000000,0,user_48,806,806,
7219,1,27000000,67500,user_15,806,806,
7263,2,0,0,validator_13,100,806,7219
7214,3,19000000,35100,user_10,806,806,
7264,4,0,0,validator_13,100,806,7214
7233,5,360000,7190000,user_27,806,806,
7265,6,0,0,validator_13,100,806,7233
7221,7,6100000,0,user_17,806,806,
7236,8,6100000,0,user_28,806,806,
7225,9,5200000,0,user_18,806,806,
7207,10,5000001,0,user_2,806,806,7202
7208,11,5000001,0,user_2,806,806,7202
7205,12,4999999,0,user_1,806,806,7202
7206,13,4999999,0,user_2,806,806,7202
7209,14,4999999,0,user_2,806,806,7202
7241,15,3600000,0,user_31,806,806,
7242,16,2500000,0,user_32,806,806,
7235,17,2300000,21800,user_28,806,806,
7266,18,0,0,validator_13,100,806,7235
7218,19,2100000,0,user_14,806,806,
7224,20,2000000,0,user_17,806,806,
7213,21,1900000,0,user_5,806,806,
7248,22,1800000,0,user_33,806,806,
7267,23,0,0,validator_13,100,806,7220
7220,24,1200000,510000,user_15,806,806,
7246,25,1500000,0,user_32,806,806,
7231,26,1200000,0,user_21,806,806,
7239,27,1000000,0,user_30,806,806,
7258,28,1000000,0,user_44,806,806,
7212,29,910000,0,user_5,806,806,
7223,30,910000,0,user_17,806,806,
7211,31,660000,0,user_4,806,806,
7244,32,530000,0,user_32,806,806,
7268,33,0,0,validator_13,100,806,7237
7237,34,340000,181000,user_28,806,806,
7240,35,460000,0,user_30,806,806,
7261,36,460000,0,user_48,806,806,
7234,37,420000,0,user_28,806,806,
7269,38,0,0,validator_13,100,806,7250
7250,39,310000,108000,user_35,806,806,
7270,40,0,0,validator_13,100,806,7247
7247,41,100000,256000,user_33,806,806,
7238,42,310000,0,user_29,806,806,
7253,43,300000,0,user_38,806,806,
7255,44,300000,0,user_41,806,806,
7262,45,260000,0,user_49,806,806,
7271,46,0,0,validator_13,100,806,7249
7249,47,70000,155000,user_34,806,806,
7243,48,220000,0,user_32,806,806,
7252,49,170000,0,user_37,806,806,
7217,50,160000,0,user_13,806,806,
7251,51,150000,0,user_36,806,806,
7222,52,110000,21800,user_17,806,806,
7272,53,0,0,validator_13,100,806,7222
7259,54,120000,0,user_45,806,806,
7232,55,110000,0,user_26,806,806,
7257,56,110000,0,user_43,806,806,
7210,57,85000,0,user_4,806,806,
7216,58,85000,0,user_13,806,806,
7245,59,85000,0,user_32,806,806,
7286,0,43000000,0,user_14,807,807,
7307,1,43000000,296000,user_40,807,807,
7277,2,30000000,21800,user_4,807,807,
7310,3,30000000,0,user_48,807,807,
7290,4,6300000,0,user_22,807,807,
7280,5,6100000,0,user_6,807,807,
7303,6,5200000,0,user_34,807,807,
7289,7,3200000,0,user_21,807,807,
7306,8,3200000,0,user_39,807,807,
7279,9,2300000,0,user_6,807,807,
7291,10,2100000,0,user_23,807,807,
7278,11,2000000,0,user_5,807,807,
7281,12,2000000,0,user_7,807,807,
7275,13,1500000,13900,user_3,807,807,
7284,14,1500000,0,user_13,807,807,
7311,15,1500000,0,user_48,807,807,
7285,16,1100000,0,user_13,807,807,
7273,17,1000000,0,user_0,807,807,
7305,18,870000,49100,user_39,807,807,
7274,19,600000,33300,user_1,807,807,
7312,20,470000,0,user_49,807,807,
7296,21,420000,0,user_28,807,807,
7295,22,310000,0,user_28,807,807,
7299,23,240000,0,user_31,807,807,
7283,24,220000,71800,user_10,807,807,
7302,25,220000,0,user_34,807,807,
7282,26,160000,0,user_8,807,807,
7308,27,160000,0,user_42,807,807,
7294,28,150000,0,user_28,807,807,
7292,29,120000,0,user_24,807,807,
7304,30,110000,0,user_38,807,807,
7298,31,84000,6390,user_30,807,807,
7276,32,80000,0,user_4,807,807,
7359,0,0,0,validator_12,100,808,7352
7352,1,43000000,42000,user_40,808,808,
7339,2,43000000,0,user_29,808,808,
7360,3,0,0,validator_12,100,808,7322
7322,4,6100000,84800,user_11,808,808,
7358,5,5200000,0,user_49,808,808,
7319,6,4500000,56200,user_7,808,808,
7361,7,0,0,validator_12,100,808,7319
7315,8,4500000,0,user_1,808,808,
7350,9,2400000,0,user_40,808,808,
7332,10,2300000,67900,user_20,808,808,
7362,11,0,0,validator_12,100,808,7332
7340,12,2100000,56200,user_30,808,808,
7363,13,0,0,validator_12,100,808,7340
7351,14,2000000,0,user_40,808,808,
7349,15,1800000,0,user_40,808,808,
7364,16,0,0,validator_12,100,808,7346
7346,17,1500000,121000,user_34,808,808,
7338,18,1600000,0,user_28,808,808,
7347,19,1500000,0,user_36,808,808,
7357,20,1500000,0,user_48,808,808,
7355,21,970000,0,user_45,808,808,
7365,22,0,0,validator_12,100,808,7343
7343,23,910000,12800,user_32,808,808,
7345,24,630000,0,user_34,808,808,
7341,25,600000,0,user_31,808,808,
7326,26,530000,0,user_13,808,808,
7366,27,0,0,validator_12,100,808,7342
7342,28,420000,12300,user_31,808,808,
7320,29,370000,0,user_7,808,808,
7316,30,360000,0,user_2,808,808,
7327,31,300000,0,user_14,808,808,
7334,32,260000,0,user_22,808,808,
7325,33,220000,0,user_13,808,808,
7328,34,220000,0,user_17,808,808,
7367,35,0,0,validator_12,100,808,7336
7336,36,170000,14200,user_23,808,808,
7330,37,170000,0,user_19,808,808,
7317,38,130000,0,user_3,808,808,
7354,39,130000,0,user_45,808,808,
7335,40,120000,0,user_23,808,808,
7331,41,110000,0,user_19,808,808,
7353,42,110000,0,user_45,808,808,
7323,43,100000,0,user_12,808,808,
7324,44,100000,0,user_13,808,808,
7337,45,85000,0,user_24,808,808,
7344,46,85000,0,user_32,808,808,
7356,47,83000,0,user_45,808,808,
7348,48,80000,0,user_39,808,808,
7314,49,79000,0,user_1,808,808,
7405,0,30000000,283000,user_34,809,809,
7425,1,0,0,validator_9,100,809,7405
7379,2,27000000,0,user_12,809,809,
7381,3,19000000,0,user_14,809,809,
7426,4,0,0,validator_9,100,809,7390
7390,5,6300000,56200,user_21,809,809,
7414,6,4200000,0,user_40,809,809,
7389,7,3600000,0,user_20,809,809,
7374,8,2100000,0,user_7,809,809,
7416,9,1700000,0,user_42,809,809,
7377,10,1500000,0,user_11,809,809,
7415,11,1400000,0,user_41,809,809,
7372,12,1300000,0,user_6,809,809,
7421,13,970000,49100,user_45,809,809,
7427,14,0,0,validator_9,100,809,7421
7375,15,1000000,0,user_8,809,809,
7370,16,910000,0,user_3,809,809,
7417,17,670000,0,user_43,809,809,
7419,18,650000,0,user_43,809,809,
7406,19,630000,0,user_35,809,809,
7408,20,630000,0,user_36,809,809,
7384,21,530000,0,user_14,809,809,
7386,22,470000,0,user_18,809,809,
7428,23,0,0,validator_9,100,809,7412
7412,24,170000,285000,user_38,809,809,
7385,25,420000,0,user_14,809,809,
7407,26,420000,0,user_35,809,809,
7429,27,0,0,validator_9,100,809,7401
7401,28,170000,181000,user_29,809,809,
7382,29,310000,0,user_14,809,809,
7418,30,310000,0,user_43,809,809,
7388,31,260000,0,user_20,809,809,
7394,32,260000,0,user_23,809,809,
7423,33,240000,0,user_47,809,809,
7368,34,160000,23500,user_0,809,809,
7430,35,0,0,validator_9,100,809,7368
7369,36,160001,0,user_0,809,809,7368
7383,37,160000,0,user_14,809,809,
7395,38,150000,0,user_24,809,809,
7413,39,130000,0,user_39,809,809,
7402,40,120000,0,user_31,809,809,
7403,41,120000,0,user_32,809,809,
7424,42,120000,0,user_49,809,809,
7422,43,110000,0,user_46,809,809,
7400,44,98000,0,user_28,809,809,
7431,45,0,0,validator_9,100,809,7373
7373,46,83000,5630,user_7,809,809,
7378,47,80000,0,user_12,809,809,
7380,48,80000,0,user_12,809,809,
7435,0,30000000,0,user_7,810,810,
7439,1,19000000,0,user_14,810,810,
7472,2,19000000,0,user_41,810,810,
7445,3,4200000,0,user_18,810,810,
7463,4,3500000,64600,user_35,810,810,
7444,5,2400000,0,user_17,810,810,
7473,6,2400000,0,user_42,810,810,
7476,7,2400000,13800,user_44,810,810,
7434,8,2000000,47700,user_6,810,810,
7474,9,1800000,0,user_43,810,810,
7475,10,1700000,0,user_43,810,810,
7448,11,1500000,84800,user_23,810,810,
7458,12,1500000,146000,user_29,810,810,
7477,13,1200000,0,user_46,810,810,
7447,14,1100000,285000,user_20,810,810,
7460,15,1100000,0,user_31,810,810,
7461,16,1100000,0,user_32,810,810,
7433,17,660000,0,user_4,810,810,
7480,18,660000,0,user_48,810,810,
7459,19,600000,0,user_31,810,810,
7440,20,460000,0,user_14,810,810,
7464,21,460000,0,user_37,810,810,
7436,22,420000,0,user_8,810,810,
7462,23,420000,0,user_33,810,810,
7441,24,350000,0,user_15,810,810,
7432,25,150000,769000,user_0,810,810,
7465,26,150000,0,user_38,810,810,
7479,27,150000,0,user_47,810,810,
7454,28,130000,0,user_25,810,810,
7446,29,120000,0,user_19,810,810,
7456,30,120000,64600,user_26,810,810,
7478,31,87000,0,user_47,810,810,
7455,32,84000,0,user_26,810,810,
7438,33,83000,0,user_13,810,810,
7466,34,82000,0,user_38,810,810,
7501,0,27000000,0,user_21,811,811,
7535,1,19000000,34700,user_46,811,811,
7543,2,0,0,validator_11,100,811,7535
7537,3,19000000,0,user_47,811,811,
7518,4,6100000,0,user_33,811,811,
7519,5,5000000,322000,user_33,811,811,
7544,6,0,0,validator_11,100,811,7519
7532,7,4200000,0,user_45,811,811,
7495,8,3600000,0,user_14,811,811,
7531,9,3500000,0,user_45,811,811,
7542,10,3200000,0,user_49,811,811,
7524,11,2600000,0,user_39,811,811,
7540,12,2400000,0,user_47,811,811,
7486,13,2300000,33300,user_3,811,811,
7545,14,0,0,validator_11,100,811,7486
7496,15,2000000,0,user_17,811,811,
7523,16,2000000,0,user_39,811,811,
7488,17,1500000,0,user_8,811,811,
7546,18,0,0,validator_11,100,811,7528
7528,19,1300000,195000,user_42,811,811,
7485,20,1400000,0,user_2,811,811,
7492,21,1100000,30200,user_11,811,811,
7547,22,0,0,validator_11,100,811,7492
7538,23,1000000,64600,user_47,811,811,
7548,24,0,0,validator_11,100,811,7538
7499,25,1000000,0,user_19,811,811,
7516,26,1000000,0,user_32,811,811,
7484,27,970000,0,user_1,811,811,
7491,28,870000,0,user_11,811,811,
7549,29,0,0,validator_11,100,811,7494
7494,30,600000,139000,user_12,811,811,
7522,31,660000,0,user_38,811,811,
7511,32,650000,0,user_27,811,811,
7534,33,630000,17000,user_45,811,811,
7550,34,0,0,validator_11,100,811,7534
7529,35,630000,0,user_43,811,811,
7513,36,460000,0,user_29,811,811,
7487,37,360000,0,user_4,811,811,
7507,38,360000,0,user_24,811,811,
7508,39,310000,0,user_24,811,811,
7512,40,300000,0,user_27,811,811,
7517,41,220000,0,user_33,811,811,
7530,42,220000,0,user_45,811,811,
7515,43,170000,0,user_32,811,811,
7539,44,160000,0,user_47,811,811,
7493,45,150000,0,user_12,811,811,
7551,46,0,0,validator_11,100,811,7502
7502,47,130000,14200,user_22,811,811,
7527,48,98000,43600,user_41,811,811,
7552,49,0,0,validator_11,100,811,7527
7514,50,130000,0,user_31,811,811,
7483,51,120000,0,user_0,811,811,
7503,52,120000,0,user_23,811,811,
7506,53,120000,0,user_24,811,811,
7520,54,120000,0,user_33,811,811,
7536,55,120000,0,user_47,811,811,
7510,56,110000,0,user_26,811,811,
7521,57,110000,0,user_38,811,811,
7533,58,110000,0,user_45,811,811,
7553,59,0,0,validator_11,100,811,7509
7509,60,100000,5640,user_25,811,811,
7497,61,83000,18600,user_18,811,811,
7554,62,0,0,validator_11,100,811,7497
7504,63,100000,0,user_24,811,811,
7489,64,82000,0,user_9,811,811,
7505,65,79000,0,user_24,811,811,
7498,66,73000,0,user_19,811,811,
7541,67,73000,0,user_48,811,811,
7556,0,43000000,0,user_0,812,812,
7560,1,27000001,0,user_2,812,812,7559
7559,2,27000000,12800,user_2,812,812,
7589,3,19000000,0,user_42,812,812,
7581,4,6100000,0,user_32,812,812,
7562,5,5200000,0,user_4,812,812,
7569,6,5000000,0,user_10,812,812,
7564,7,4200000,0,user_6,812,812,
7590,8,4200000,18600,user_43,812,812,
7555,9,1400000,0,user_0,812,812,
7586,10,1200000,5640,user_37,812,812,
7557,11,1100000,0,user_1,812,812,
7591,12,660000,0,user_44,812,812,
7572,13,600000,0,user_15,812,812,
7585,14,600000,67500,user_36,812,812,
7593,15,320000,0,user_48,812,812,
7571,16,220000,0,user_12,812,812,
7576,17,220000,0,user_22,812,812,
7558,18,170000,0,user_2,812,812,
7567,19,170000,0,user_9,812,812,
7582,20,170000,0,user_34,812,812,
7561,21,160000,68100,user_3,812,812,
7579,22,160000,0,user_28,812,812,
7592,23,160000,84800,user_44,812,812,
7573,24,120000,0,user_16,812,812,
7570,25,87000,0,user_12,812,812,
7588,26,83000,0,user_39,812,812,
7565,27,82000,7840,user_7,812,812,
7568,28,80000,164000,user_10,812,812,
7594,29,79000,67500,user_49,812,812,
7644,0,0,0,validator_12,100,813,7628
7628,1,43000000,8520,user_31,813,813,
7631,2,6300000,0,user_33,813,813,
7645,3,0,0,validator_12,100,813,7627
7627,4,5200000,13900,user_30,813,813,
7618,5,5000000,0,user_24,813,813,
7632,6,2600000,0,user_35,813,813,
7608,7,2500000,0,user_11,813,813,
7642,8,2100000,0,user_48,813,813,
7646,9,0,0,validator_12,100,813,7606
7606,10,2000000,36800,user_10,813,813,
7634,11,2000000,0,user_37,813,813,
7643,12,2000000,0,user_49,813,813,
7647,13,0,0,validator_12,100,813,7641
7641,14,1900000,15700,user_46,813,813,
7621,15,1700000,0,user_27,813,813,
7617,16,1400000,0,user_22,813,813,
7633,17,1400000,0,user_36,813,813,
7613,18,1100000,0,user_19,813,813,
7630,19,910000,0,user_33,813,813,
7626,20,660000,0,user_30,813,813,
7616,21,310000,164000,user_22,813,813,
7648,22,0,0,validator_12,100,813,7616
7622,23,460000,0,user_27,813,813,
7619,24,360000,0,user_25,813,813,
7624,25,340000,0,user_27,813,813,
7609,26,310000,0,user_12,813,813,
7599,27,300000,0,user_3,813,813,
7598,28,260000,0,user_2,813,813,
7611,29,260000,0,user_15,813,813,
7602,30,240000,0,user_7,813,813,
7605,31,220000,0,user_9,813,813,
7610,32,220000,0,user_14,813,813,
7637,33,170000,0,user_39,813,813,
7638,34,150000,0,user_39,813,813,
7649,35,0,0,validator_12,100,813,7620
7620,36,84000,46500,user_27,813,813,
7625,37,120000,0,user_29,813,813,
7607,38,100000,0,user_11,813,813,
7639,39,100000,0,user_39,813,813,
7629,40,87000,0,user_32,813,813,
7612,41,85000,0,user_17,813,813,
7596,42,83000,0,user_1,813,813,
7623,43,80000,0,user_27,813,813,
7597,44,77000,0,user_2,813,813,
7687,0,43000000,296000,user_43,814,814,
7693,1,0,0,validator_9,100,814,7687
7664,2,30000000,0,user_16,814,814,
7694,3,0,0,validator_9,100,814,7656
7656,4,5000000,17000,user_8,814,814,
7660,5,4500000,0,user_13,814,814,
7692,6,3200000,0,user_49,814,814,
7677,7,2100000,0,user_36,814,814,
7682,8,2000000,13900,user_40,814,814,
7695,9,0,0,validator_9,100,814,7682
7672,10,2000000,0,user_28,814,814,
7655,11,1700000,155000,user_2,814,814,
7696,12,0,0,validator_9,100,814,7655
7683,13,1500000,0,user_40,814,814,
7676,14,1400000,0,user_35,814,814,
7665,15,1100000,0,user_18,814,814,
7697,16,0,0,validator_9,100,814,7671
7671,17,1000000,33100,user_24,814,814,
7666,18,1000000,0,user_18,814,814,
7673,19,910000,0,user_29,814,814,
7653,20,870000,0,user_2,814,814,
7661,21,870000,0,user_14,814,814,
7685,22,650000,0,user_43,814,814,
7652,23,470000,0,user_2,814,814,
7686,24,420000,0,user_43,814,814,
7668,25,360000,0,user_20,814,814,
7681,26,360000,0,user_39,814,814,
7663,27,310000,0,user_16,814,814,
7675,28,260000,0,user_32,814,814,
7670,29,220000,0,user_23,814,814,
7659,30,190000,0,user_11,814,814,
7651,31,150000,0,user_2,814,814,
7674,32,150000,0,user_31,814,814,
7654,33,84000,0,user_2,814,814,
7689,34,83000,0,user_47,814,814,
7669,35,82000,0,user_21,814,814,
7684,36,77000,0,user_41,814,814,
7678,37,70000,0,user_36,814,814,
7701,0,43000000,0,user_3,815,815,
7710,1,19000000,0,user_13,815,815,
7703,2,6300000,0,user_7,815,815,
7714,3,6300000,0,user_16,815,815,
7724,4,6300000,0,user_22,815,815,
7707,5,4500000,0,user_11,815,815,
7727,6,3600000,959000,user_25,815,815,
7741,7,2400000,18600,user_39,815,815,
7731,8,2100000,0,user_29,815,815,
7738,9,1800000,0,user_36,815,815,
7743,10,1800000,0,user_41,815,815,
7716,11,1700000,34700,user_16,815,815,
7718,12,1600000,0,user_20,815,815,
7721,13,1600000,0,user_21,815,815,
7739,14,1600000,161000,user_37,815,815,
7735,15,1500000,67500,user_34,815,815,
7745,16,1300000,0,user_44,815,815,
7700,17,1000000,0,user_3,815,815,
7730,18,970000,0,user_28,815,815,
7723,19,530000,0,user_22,815,815,
7720,20,360000,0,user_20,815,815,
7722,21,360000,0,user_22,815,815,
7725,22,340000,0,user_22,815,815,
7717,23,240000,0,user_18,815,815,
7744,24,220000,0,user_43,815,815,
7713,25,160000,17700000,user_16,815,815,
7742,26,160000,0,user_39,815,815,
7704,27,150000,0,user_7,815,815,
7706,28,150000,0,user_9,815,815,
7734,29,150000,146000,user_33,815,815,
7740,30,150000,0,user_38,815,815,
7705,31,130000,0,user_8,815,815,
7746,32,120000,0,user_45,815,815,
7715,33,98000,0,user_16,815,815,
7736,34,85000,0,user_35,815,815,
7732,35,84000,0,user_30,815,815,
7711,36,79000,0,user_14,815,815,
7712,37,77000,0,user_16,815,815,
7719,38,77000,1100000,user_20,815,815,
7737,39,70000,0,user_36,815,815,
7784,0,27000000,146000,user_40,816,816,
7792,1,19000000,0,user_48,816,816,
7772,2,6100000,0,user_32,816,816,
7786,3,6100000,64600,user_43,816,816,
7771,4,5200000,0,user_31,816,816,
7774,5,5200000,0,user_33,816,816,
7763,6,4500000,0,user_17,816,816,
7756,7,3500000,73100,user_11,816,816,
7765,8,2600000,0,user_18,816,816,
7753,9,2500000,0,user_6,816,816,
7759,10,2500000,0,user_14,816,816,
7777,11,1900000,84800,user_36,816,816,
7761,12,1200000,0,user_15,816,816,
7775,13,910000,0,user_35,816,816,
7782,14,870000,0,user_40,816,816,
7788,15,630000,0,user_44,816,816,
7764,16,530000,0,user_17,816,816,
7791,17,530000,0,user_47,816,816,
7766,18,310000,0,user_20,816,816,
7755,19,260000,0,user_10,816,816,
7787,20,220000,0,user_44,816,816,
7773,21,190000,0,user_33,816,816,
7752,22,170000,0,user_4,816,816,
7778,23,170000,0,user_37,816,816,
7751,24,160000,350000,user_3,816,816,
7790,25,150000,0,user_46,816,816,
7754,26,120000,283000,user_8,816,816,
7776,27,120000,0,user_36,816,816,
7779,28,120000,0,user_37,816,816,
7783,29,120000,31700,user_40,816,816,
7789,30,120000,0,user_46,816,816,
7769,31,110000,0,user_25,816,816,
7785,32,100000,0,user_42,816,816,
7760,33,87000,0,user_14,816,816,
7748,34,80000,350000,user_1,816,816,
7747,35,79000,0,user_0,816,816,
7767,36,70000,0,user_22,816,816,
7833,0,27000000,0,user_43,817,817,
7823,1,19000000,6390,user_37,817,817,
7841,2,0,0,validator_3,100,817,7823
7842,3,0,0,validator_3,100,817,7803
7803,4,5200000,769000,user_13,817,817,
7812,5,5200000,0,user_24,817,817,
7807,6,4200000,0,user_18,817,817,
7817,7,2300000,0,user_33,817,817,
7822,8,2300000,0,user_37,817,817,
7806,9,2100000,0,user_17,817,817,
7815,10,2000000,0,user_32,817,817,
7799,11,1800000,0,user_5,817,817,
7820,12,1700000,0,user_36,817,817,
7796,13,1600000,0,user_4,817,817,
7802,14,1600000,0,user_12,817,817,
7828,15,1600000,0,user_41,817,817,
7814,16,1400000,0,user_29,817,817,
7816,17,1400000,0,user_32,817,817,
7813,18,1100000,0,user_26,817,817,
7818,19,970000,0,user_33,817,817,
7843,20,0,0,validator_3,100,817,7797
7797,21,460000,322000,user_5,817,817,
7804,22,670000,0,user_14,817,817,
7839,23,630000,0,user_47,817,817,
7808,24,320000,296000,user_19,817,817,
7844,25,0,0,validator_3,100,817,7808
7845,26,0,0,validator_3,100,817,7831
7831,27,300000,215000,user_42,817,817,
7793,28,470000,0,user_0,817,817,
7811,29,460000,0,user_23,817,817,
7846,30,0,0,validator_3,100,817,7794
7794,31,240000,155000,user_1,817,817,
7801,32,320000,0,user_10,817,817,
7810,33,320000,0,user_22,817,817,
7819,34,310000,0,user_35,817,817,
7827,35,310000,0,user_40,817,817,
7798,36,240000,0,user_5,817,817,
7847,37,0,0,validator_3,100,817,7836
7836,38,170000,15700,user_43,817,817,
7848,39,0,0,validator_3,100,817,7834
7834,40,160000,21800,user_43,817,817,
7832,41,170000,0,user_43,817,817,
7830,42,160000,0,user_42,817,817,
7800,43,150000,0,user_8,817,817,
7805,44,120000,0,user_16,817,817,
7821,45,120000,0,user_37,817,817,
7824,46,120000,0,user_37,817,817,
7829,47,120000,0,user_41,817,817,
7838,48,82000,0,user_47,817,817,
7835,49,79000,0,user_43,817,817,
7894,0,30000000,0,user_49,818,818,
7861,1,5000000,0,user_12,818,818,
7858,2,3600000,19700,user_10,818,818,
7895,3,0,0,validator_5,100,818,7858
7885,4,3500000,16400,user_37,818,818,
7896,5,0,0,validator_5,100,818,7885
7869,6,2600000,0,user_19,818,818,
7850,7,2500000,0,user_1,818,818,
7859,8,2500000,0,user_10,818,818,
7857,9,2000000,0,user_9,818,818,
7877,10,2000000,0,user_27,818,818,
7884,11,1600000,0,user_36,818,818,
7868,12,1500000,0,user_18,818,818,
7897,13,0,0,validator_5,100,818,7871
7871,14,1400000,16400,user_20,818,818,
7874,15,1200000,0,user_21,818,818,
7880,16,1200000,0,user_29,818,818,
7879,17,220000,769000,user_29,818,818,
7898,18,0,0,validator_5,100,818,7879
7890,19,870000,0,user_42,818,818,
7899,20,0,0,validator_5,100,818,7851
7851,21,83000,769000,user_4,818,818,
7882,22,600000,0,user_33,818,818,
7878,23,85000,381000,user_28,818,818,
7900,24,0,0,validator_5,100,818,7878
7864,25,460000,0,user_15,818,818,
7849,26,340000,0,user_0,818,818,
7883,27,310000,0,user_35,818,818,
7873,28,220000,0,user_20,818,818,
7901,29,0,0,validator_5,100,818,7887
7887,30,120000,68100,user_40,818,818,
7860,31,170000,0,user_11,818,818,
7866,32,170000,0,user_17,818,818,
7853,33,160000,0,user_5,818,818,
7902,34,0,0,validator_5,100,818,7875
7875,35,84000,67500,user_22,818,818,
7867,36,150000,0,user_18,818,818,
7888,37,150000,0,user_41,818,818,
7852,38,130000,0,user_4,818,818,
7876,39,130000,0,user_23,818,818,
7865,40,79000,43600,user_16,818,818,
7903,41,0,0,validator_5,100,818,7865
7870,42,120000,0,user_19,818,818,
7872,43,120000,0,user_20,818,818,
7854,44,110000,0,user_6,818,818,
7889,45,110000,0,user_41,818,818,
7892,46,110000,0,user_46,818,818,
7893,47,110000,0,user_46,818,818,
7886,48,70000,23500,user_38,818,818,
7904,49,0,0,validator_5,100,818,7886
7908,0,30000000,0,user_1,819,819,
7943,1,27000000,0,user_30,819,819,
7949,2,27000000,0,user_35,819,819,
7934,3,19000000,0,user_25,819,819,
7947,4,2000000,7190000,user_33,819,819,
7965,5,0,0,validator_12,100,819,7947
7950,6,6300000,0,user_36,819,819,
7929,7,6100000,195000,user_19,819,819,
7966,8,0,0,validator_12,100,819,7929
7919,9,6100000,0,user_10,819,819,
7964,10,5000000,0,user_49,819,819,
7907,11,2600000,0,user_1,819,819,
7909,12,2400000,0,user_2,819,819,
7953,13,1900000,0,user_39,819,819,
7906,14,1600000,0,user_1,819,819,
7912,15,1500000,0,user_4,819,819,
7938,16,1400000,0,user_27,819,819,
7961,17,1400000,0,user_43,819,819,
7967,18,0,0,validator_12,100,819,7942
7942,19,120000,1100000,user_29,819,819,
7935,20,970000,0,user_25,819,819,
7905,21,910000,0,user_1,819,819,
7963,22,870000,0,user_48,819,819,
7968,23,0,0,validator_12,100,819,7941
7941,24,77000,769000,user_29,819,819,
7920,25,670000,0,user_11,819,819,
7946,26,670000,0,user_32,819,819,
7945,27,660000,8520,user_32,819,819,
7969,28,0,0,validator_12,100,819,7945
7948,29,660000,0,user_34,819,819,
7932,30,470000,0,user_22,819,819,
7939,31,360000,0,user_27,819,819,
7944,32,310000,0,user_30,819,819,
7930,33,190000,84800,user_20,819,819,
7970,34,0,0,validator_12,100,819,7930
7911,35,260000,0,user_3,819,819,
7923,36,220000,0,user_17,819,819,
7937,37,220000,0,user_27,819,819,
7914,38,190000,0,user_7,819,819,
7933,39,160000,11200,user_23,819,819,
7971,40,0,0,validator_12,100,819,7933
7910,41,160000,0,user_2,819,819,
7954,42,150000,0,user_40,819,819,
7972,43,0,0,validator_12,100,819,7922
7922,44,110000,30200,user_15,819,819,
7973,45,0,0,validator_12,100,819,7921
7921,46,110000,12800,user_12,819,819,
7940,47,120000,0,user_27,819,819,
7962,48,110000,0,user_44,819,819,
8013,0,27000000,0,user_34,820,820,
7994,1,5200000,108000,user_20,820,820,
7982,2,5000000,0,user_12,820,820,
8002,3,4500000,0,user_26,820,820,
7984,4,4200000,16400,user_14,820,820,
7995,5,3200000,0,user_20,820,820,
8012,6,2500000,0,user_33,820,820,
7983,7,1600000,0,user_14,820,820,
8029,8,1400000,0,user_48,820,820,
8027,9,1200000,0,user_48,820,820,
8020,10,970000,0,user_40,820,820,
7974,11,630000,0,user_1,820,820,
7990,12,630000,0,user_15,820,820,
8022,13,630000,0,user_44,820,820,
8000,14,350000,13900,user_24,820,820,
7992,15,340000,0,user_17,820,820,
8005,16,310000,0,user_27,820,820,
8032,17,310000,0,user_49,820,820,
8023,18,300000,0,user_44,820,820,
8028,19,300000,0,user_48,820,820,
7989,20,220000,0,user_15,820,820,
8010,21,190000,0,user_32,820,820,
8006,22,170000,21800,user_28,820,820,
7977,23,160000,36800,user_4,820,820,
7981,24,160000,0,user_10,820,820,
8003,25,160000,0,user_26,820,820,
7976,26,150000,0,user_3,820,820,
7987,27,150000,0,user_15,820,820,
7991,28,150000,100000,user_16,820,820,
7975,29,120000,0,user_2,820,820,
7985,30,120000,0,user_14,820,820,
7986,31,120000,0,user_14,820,820,
8001,32,120000,0,user_24,820,820,
8004,33,120000,0,user_27,820,820,
8018,34,120000,0,user_37,820,820,
8030,35,120000,0,user_49,820,820,
8021,36,110000,0,user_44,820,820,
8025,37,110000,779000,user_44,820,820,
8024,38,100000,0,user_44,820,820,
8031,39,98000,1100000,user_49,820,820,
7979,40,87000,0,user_6,820,820,
8017,41,87000,0,user_37,820,820,
7988,42,83000,46500,user_15,820,820,
8011,43,83000,0,user_33,820,820,
8044,0,30000000,0,user_11,821,821,
8080,1,0,0,validator_5,100,821,8069
8069,2,5000000,350000,user_42,821,821,
8058,3,4200000,0,user_27,821,821,
8050,4,3500000,0,user_21,821,821,
8043,5,2600000,0,user_10,821,821,
8054,6,2000000,0,user_25,821,821,
8077,7,1500000,47700,user_47,821,821,
8081,8,0,0,validator_5,100,821,8077
8061,9,1500000,0,user_31,821,821,
8082,10,0,0,validator_5,100,821,8055
8055,11,1400000,84800,user_25,821,821,
8036,12,1400000,0,user_4,821,821,
8074,13,1400000,0,user_45,821,821,
8075,14,1400000,0,user_46,821,821,
8035,15,1300000,0,user_4,821,821,
8065,16,1100000,0,user_35,821,821,
8041,17,970000,0,user_9,821,821,
8083,18,0,0,validator_5,100,821,8057
8057,19,910000,46500,user_27,821,821,
8066,20,870000,0,user_37,821,821,
8059,21,670000,0,user_28,821,821,
8084,22,0,0,validator_5,100,821,8079
8079,23,630000,21800,user_49,821,821,
8047,24,630000,0,user_16,821,821,
8033,25,530000,0,user_0,821,821,
8037,26,530000,0,user_5,821,821,
8085,27,0,0,validator_5,100,821,8045
8045,28,420000,15300,user_12,821,821,
8034,29,420000,0,user_1,821,821,
8068,30,260000,0,user_41,821,821,
8086,31,0,0,validator_5,100,821,8049
8049,32,110000,139000,user_20,821,821,
8070,33,240000,0,user_42,821,821,
8056,34,220000,0,user_26,821,821,
8076,35,220000,0,user_47,821,821,
8087,36,0,0,validator_5,100,821,8052
8052,37,110000,42000,user_23,821,821,
8088,38,0,0,validator_5,100,821,8042
8042,39,120000,5180,user_10,821,821,
8089,40,0,0,validator_5,100,821,8053
8053,41,87000,33300,user_24,821,821,
8051,42,120000,0,user_22,821,821,
8048,43,110000,0,user_18,821,821,
8060,44,110000,0,user_29,821,821,
8073,45,110000,0,user_44,821,821,
8093,0,30000000,0,user_3,822,822,
8099,1,5000000,0,user_12,822,822,
8097,2,4500000,0,user_9,822,822,
8133,3,4200000,0,user_43,822,822,
8096,4,3600000,56200,user_8,822,822,
8142,5,0,0,validator_7,100,822,8096
8116,6,2600000,0,user_23,822,822,
8127,7,2300000,283000,user_35,822,822,
8143,8,0,0,validator_7,100,822,8127
8111,9,2300000,0,user_18,822,822,
8128,10,2100000,0,user_35,822,822,
8092,11,2000000,18600,user_3,822,822,
8144,12,0,0,validator_7,100,822,8092
8120,13,1900000,0,user_32,822,822,
8145,14,0,0,validator_7,100,822,8134
8134,15,1500000,16400,user_44,822,822,
8121,16,1500000,0,user_32,822,822,
8122,17,1500000,0,user_32,822,822,
8125,18,1400000,0,user_34,822,822,
8137,19,1400000,0,user_47,822,822,
8129,20,1300000,6390,user_36,822,822,
8146,21,0,0,validator_7,100,822,8129
8138,22,120000,1100000,user_48,822,822,
8147,23,0,0,validator_7,100,822,8138
8148,24,0,0,validator_7,100,822,8110
8110,25,110000,959000,user_17,822,822,
8119,26,1000000,0,user_32,822,822,
8141,27,1000000,0,user_49,822,822,
8115,28,970000,0,user_22,822,822,
8149,29,0,0,validator_7,100,822,8095
8095,30,170000,779000,user_5,822,822,
8123,31,600000,0,user_32,822,822,
8139,32,420000,0,user_48,822,822,
8150,33,0,0,validator_7,100,822,8091
8091,34,110000,256000,user_1,822,822,
8135,35,320000,0,user_44,822,822,
8132,36,310000,0,user_41,822,822,
8094,37,260000,0,user_3,822,822,
8151,38,0,0,validator_7,100,822,8140
8140,39,190000,67900,user_48,822,822,
8126,40,220000,0,user_35,822,822,
8100,41,190000,0,user_13,822,822,
8152,42,0,0,validator_7,100,822,8131
8131,43,120000,60700,user_40,822,822,
8130,44,170000,0,user_37,822,822,
8153,45,0,0,validator_7,100,822,8136
8136,46,110000,30200,user_46,822,822,
8112,47,120000,0,user_19,822,822,
8090,48,77000,0,user_0,822,822,
8117,49,77000,0,user_25,822,822,
8157,0,43000000,0,user_6,823,823,
8177,1,43000000,322000,user_29,823,823,
8178,2,6100000,510000,user_30,823,823,
8176,3,5200000,0,user_28,823,823,
8199,4,4500000,0,user_48,823,823,
8169,5,3600000,0,user_20,823,823,
8162,6,2100000,0,user_10,823,823,
8158,7,1900000,0,user_6,823,823,
8173,8,1700000,0,user_25,823,823,
8184,9,1500000,0,user_38,823,823,
8186,10,1500000,0,user_39,823,823,
8180,11,1100000,0,user_32,823,823,
8174,12,1000000,0,user_25,823,823,
8179,13,870000,0,user_30,823,823,
8172,14,660000,0,user_25,823,823,
8168,15,470000,0,user_17,823,823,
8154,16,370000,0,user_0,823,823,
8160,17,340000,0,user_8,823,823,
8159,18,220000,0,user_7,823,823,
8166,19,220000,0,user_13,823,823,
8185,20,220000,0,user_39,823,823,
8183,21,190000,0,user_36,823,823,
8167,22,170000,0,user_16,823,823,
8155,23,160000,0,user_1,823,823,
8171,24,160000,0,user_25,823,823,
8188,25,160000,0,user_39,823,823,
8161,26,150000,0,user_9,823,823,
8170,27,150000,0,user_21,823,823,
8156,28,120000,0,user_3,823,823,
8194,29,100000,0,user_41,823,823,
8163,30,85000,0,user_10,823,823,
8195,31,84000,0,user_41,823,823,
8196,32,83000,0,user_43,823,823,
8175,33,79000,0,user_26,823,823,
8187,34,73000,17000,user_39,823,823,
8239,0,27000000,0,user_33,824,824,
8221,1,19000000,0,user_17,824,824,
8201,2,6100000,0,user_0,824,824,
8204,3,3600000,0,user_3,824,824,
8218,4,3200000,0,user_17,824,824,
8220,5,3200000,0,user_17,824,824,
8237,6,3200000,0,user_32,824,824,
8231,7,2500000,0,user_27,824,824,
8250,8,2000000,0,user_44,824,824,
8205,9,1600000,0,user_4,824,824,
8253,10,1500000,0,user_49,824,824,
8213,11,1400000,32900,user_9,824,824,
8246,12,1300000,0,user_41,824,824,
8202,13,1100000,0,user_1,824,824,
8217,14,1100000,0,user_16,824,824,
8222,15,1000000,0,user_17,824,824,
8243,16,1000000,0,user_37,824,824,
8251,17,460000,0,user_46,824,824,
8252,18,420000,0,user_48,824,824,
8200,19,320000,0,user_0,824,824,
8238,20,320000,0,user_32,824,824,
8225,21,300000,35600,user_20,824,824,
8244,22,260000,19700,user_39,824,824,
8248,23,260000,0,user_43,824,824,
8215,24,220000,0,user_12,824,824,
8236,25,220000,0,user_32,824,824,
8242,26,190000,0,user_36,824,824,
8240,27,170000,0,user_34,824,824,
8245,28,170000,5640,user_40,824,824,
8229,29,120000,0,user_24,824,824,
8234,30,120000,181000,user_30,824,824,
8203,31,110000,0,user_2,824,824,
8249,32,110000,0,user_43,824,824,
8223,33,98000,0,user_18,824,824,
8219,34,82000,0,user_17,824,824,
8211,35,80000,0,user_6,824,824,
8230,36,80000,0,user_24,824,824,
8247,37,80000,0,user_42,824,824,
8232,38,79000,0,user_27,824,824,
8214,39,73000,0,user_11,824,824,
8216,40,70000,0,user_13,824,824,
8319,0,0,0,validator_1,100,825,8295
8295,1,43000000,33100,user_31,825,825,
8297,2,5200000,0,user_33,825,825,
8309,3,5200000,0,user_41,825,825,
8320,4,0,0,validator_1,100,825,8311
8311,5,5000000,66100,user_42,825,825,
8321,6,0,0,validator_1,100,825,8289
8289,7,4500000,161000,user_27,825,825,
8280,8,4500000,5630,user_19,825,825,
8322,9,0,0,validator_1,100,825,8280
8279,10,4200000,0,user_19,825,825,
8302,11,3500000,0,user_34,825,825,
8265,12,2600000,0,user_7,825,825,
8323,13,0,0,validator_1,100,825,8268
8268,14,2400000,12300,user_7,825,825,
8275,15,2300000,0,user_15,825,825,
8271,16,2000000,0,user_9,825,825,
8267,17,1900000,0,user_7,825,825,
8318,18,1600000,296000,user_49,825,825,
8324,19,0,0,validator_1,100,825,8318
8299,20,1600000,0,user_34,825,825,
8316,21,1500000,0,user_47,825,825,
8325,22,0,0,validator_1,100,825,8300
8300,23,1400000,5640,user_34,825,825,
8301,24,1400000,0,user_34,825,825,
8272,25,1300000,0,user_10,825,825,
8255,26,1000000,0,user_0,825,825,
8287,27,1000000,0,user_26,825,825,
8290,28,870000,0,user_27,825,825,
8288,29,650000,8520,user_26,825,825,
8326,30,0,0,validator_1,100,825,8288
8282,31,650000,0,user_21,825,825,
8315,32,650000,0,user_46,825,825,
8257,33,630000,0,user_0,825,825,
8327,34,0,0,validator_1,100,825,8310
8310,35,220000,322000,user_41,825,825,
8314,36,470000,0,user_45,825,825,
8273,37,460000,0,user_11,825,825,
8313,38,300000,100000,user_43,825,825,
8328,39,0,0,validator_1,100,825,8313
8293,40,340000,0,user_30,825,825,
8294,41,300000,0,user_31,825,825,
8285,42,260000,0,user_24,825,825,
8291,43,220000,0,user_28,825,825,
8317,44,220000,0,user_48,825,825,
8329,45,0,0,validator_1,100,825,8298
8298,46,170000,21800,user_33,825,825,
8292,47,170000,15700,user_29,825,825,
8330,48,0,0,validator_1,100,825,8292
8276,49,170000,0,user_15,825,825,
8296,50,170000,0,user_32,825,825,
8331,51,0,0,validator_1,100,825,8308
8308,52,120000,42000,user_38,825,825,
8263,53,160000,0,user_4,825,825,
8266,54,160000,0,user_7,825,825,
8269,55,120000,39400,user_8,825,825,
8332,56,0,0,validator_1,100,825,8269
8284,57,150000,0,user_23,825,825,
8277,58,82000,67500,user_16,825,825,
8333,59,0,0,validator_1,100,825,8277
8334,60,0,0,validator_1,100,825,8264
8264,61,110000,35100,user_5,825,825,
8312,62,120000,0,user_42,825,825,
8254,63,110000,0,user_0,825,825,
8256,64,85000,0,user_0,825,825,
8281,65,82000,0,user_20,825,825,
8274,66,80000,0,user_13,825,825,
8270,67,77000,0,user_9,825,825,
8286,68,77000,0,user_24,825,825,
8361,0,30000000,0,user_24,826,826,
8374,1,19000000,0,user_34,826,826,
8354,2,6100000,0,user_18,826,826,
8373,3,4200000,0,user_32,826,826,
8372,4,1900000,0,user_32,826,826,
8379,5,1800000,0,user_36,826,826,
8351,6,1700000,66100,user_16,826,826,
8348,7,1600000,779000,user_14,826,826,
8336,8,1500001,0,user_1,826,826,8335
8335,9,1500000,959000,user_0,826,826,
8356,10,1500000,0,user_18,826,826,
8337,11,1499999,0,user_2,826,826,8335
8363,12,1200000,0,user_26,826,826,
8352,13,970000,0,user_16,826,826,
8394,14,910000,0,user_49,826,826,
8338,15,670000,0,user_3,826,826,
8391,16,670000,0,user_44,826,826,
8357,17,660000,0,user_18,826,826,
8349,18,630000,0,user_15,826,826,
8364,19,630000,0,user_28,826,826,
8355,20,470000,0,user_18,826,826,
8339,21,420000,231000,user_4,826,826,
8345,22,420000,15300,user_10,826,826,
8386,23,320000,0,user_41,826,826,
8365,24,310000,0,user_28,826,826,
8380,25,310000,0,user_36,826,826,
8385,26,220000,0,user_40,826,826,
8388,27,220000,0,user_42,826,826,
8358,28,170000,0,user_20,826,826,
8383,29,170000,5640,user_37,826,826,
8350,30,160000,0,user_16,826,826,
8384,31,160000,0,user_39,826,826,
8353,32,150000,0,user_17,826,826,
8371,33,150000,0,user_30,826,826,
8360,34,120000,0,user_22,826,826,
8381,35,110000,0,user_36,826,826,
8387,36,84000,0,user_42,826,826,
8389,37,84000,0,user_44,826,826,
8344,38,82000,13900,user_7,826,826,
8347,39,82000,0,user_12,826,826,
8390,40,82000,12300,user_44,826,826,
8393,41,82000,0,user_48,826,826,
8382,42,73000,0,user_36,826,826,
8346,43,70000,0,user_11,826,826,
8432,0,5000000,0,user_37,827,827,
8436,1,4500000,0,user_41,827,827,
8409,2,3600000,0,user_12,827,827,
8411,3,3600000,0,user_16,827,827,
8442,4,3600000,0,user_46,827,827,
8424,5,2600000,16400,user_30,827,827,
8431,6,2600000,0,user_37,827,827,
8415,7,2000000,0,user_16,827,827,
8420,8,2000000,0,user_24,827,827,
8441,9,1900000,0,user_46,827,827,
8413,10,1800000,7840,user_16,827,827,
8417,11,1600000,0,user_19,827,827,
8440,12,1600000,13900,user_45,827,827,
8444,13,1500000,0,user_46,827,827,
8395,14,1100000,0,user_0,827,827,
8447,15,1100000,0,user_49,827,827,
8422,16,870000,7840,user_27,827,827,
8438,17,600000,0,user_42,827,827,
8445,18,600000,0,user_47,827,827,
8434,19,460000,0,user_39,827,827,
8407,20,420000,0,user_9,827,827,
8443,21,370000,0,user_46,827,827,
8446,22,310000,0,user_49,827,827,
8408,23,170000,0,user_10,827,827,
8405,24,160000,779000,user_8,827,827,
8396,25,150000,410000,user_0,827,827,
8404,26,150000,0,user_8,827,827,
8421,27,150000,0,user_26,827,827,
8423,28,150000,155000,user_29,827,827,
8406,29,120000,0,user_8,827,827,
8433,30,120000,0,user_38,827,827,
8398,31,110000,0,user_4,827,827,
8414,32,110000,0,user_16,827,827,
8435,33,110000,296000,user_40,827,827,
8418,34,100000,0,user_22,827,827,
8412,35,85000,0,user_16,827,827,
8399,36,79000,0,user_5,827,827,
8448,37,79000,0,user_49,827,827,
8416,38,77000,769000,user_17,827,827,
8437,39,70000,35600,user_41,827,827,
6356,0,43000000,0,user_46,828,828,
6344,1,27000000,231000,user_38,828,828,
6360,2,0,0,validator_11,100,828,6344
6333,3,27000000,0,user_28,828,828,
6359,4,3500000,0,user_49,828,828,
6320,5,2300000,0,user_8,828,828,
6325,6,2000000,0,user_16,828,828,
6335,7,2000000,0,user_29,828,828,
6334,8,1700000,0,user_28,828,828,
6357,9,1600000,0,user_47,828,828,
6323,10,1500000,0,user_14,828,828,
6347,11,1200000,43600,user_41,828,828,
6361,12,0,0,validator_11,100,828,6347
6362,13,0,0,validator_11,100,828,6324
6324,14,1100000,13900,user_14,828,828,
6340,15,1100000,0,user_33,828,828,
6327,16,1000000,0,user_19,828,828,
6337,17,1000000,0,user_30,828,828,
6355,18,1000000,0,user_45,828,828,
6353,19,670000,0,user_44,828,828,
6363,20,0,0,validator_11,100,828,6331
6331,21,170000,369000,user_24,828,828,
6346,22,420000,0,user_39,828,828,
6364,23,0,0,validator_11,100,828,6351
6351,24,260000,67900,user_43,828,828,
6319,25,300000,0,user_8,828,828,
6348,26,260000,0,user_41,828,828,
6350,27,260000,0,user_43,828,828,
6339,28,220000,0,user_32,828,828,
6343,29,190000,0,user_37,828,828,
6341,30,120000,66100,user_35,828,828,
6365,31,0,0,validator_11,100,828,6341
6366,32,0,0,validator_11,100,828,6345
6345,33,110000,60700,user_39,828,828,
6326,34,170000,0,user_18,828,828,
6336,35,170000,0,user_29,828,828,
6317,36,150000,0,user_4,828,828,
6321,37,150000,0,user_12,828,828,
6342,38,150000,0,user_36,828,828,
6349,39,150000,0,user_42,828,828,
6352,40,150000,0,user_44,828,828,
6330,41,110000,21800,user_21,828,828,
6367,42,0,0,validator_11,100,828,6330
6315,43,120000,0,user_1,828,828,
6338,44,120000,0,user_31,828,828,
6314,45,98000,0,user_0,828,828,
6368,46,0,0,validator_11,100,828,6354
6354,47,80000,12800,user_44,828,828,
6332,48,87000,0,user_28,828,828,
6316,49,85000,0,user_2,828,828,
6358,50,80000,0,user_48,828,828,
6318,51,73000,5180,user_6,828,828,
6369,52,0,0,validator_11,100,828,6318
6404,0,19000000,0,user_27,829,829,
6424,1,0,0,validator_7,100,829,6389
6389,2,79000,7190000,user_18,829,829,
6407,3,6300000,0,user_31,829,829,
6415,4,4500000,0,user_41,829,829,
6425,5,0,0,validator_7,100,829,6377
6377,6,2300000,381000,user_7,829,829,
6382,7,2300000,0,user_12,829,829,
6426,8,0,0,validator_7,100,829,6411
6411,9,2000000,11200,user_35,829,829,
6419,10,2000000,0,user_45,829,829,
6384,11,1500000,296000,user_12,829,829,
6427,12,0,0,validator_7,100,829,6384
6376,13,1600000,64600,user_7,829,829,
6428,14,0,0,validator_7,100,829,6376
6396,15,1600000,0,user_22,829,829,
6399,16,1600000,0,user_22,829,829,
6418,17,1600000,0,user_44,829,829,
6388,18,1400000,0,user_17,829,829,
6391,19,1400000,0,user_19,829,829,
6385,20,1100000,0,user_13,829,829,
6398,21,1100000,0,user_22,829,829,
6412,22,1000000,0,user_36,829,829,
6422,23,1000000,0,user_48,829,829,
6409,24,870000,0,user_34,829,829,
6373,25,650000,0,user_3,829,829,
6370,26,630000,18600,user_0,829,829,
6429,27,0,0,validator_7,100,829,6370
6371,28,630001,0,user_1,829,829,6370
6372,29,630001,0,user_2,829,829,6370
6383,30,530000,0,user_12,829,829,
6402,31,420000,0,user_25,829,829,
6395,32,110000,296000,user_22,829,829,
6430,33,0,0,validator_7,100,829,6395
6400,34,300000,75000,user_23,829,829,
6431,35,0,0,validator_7,100,829,6400
6423,36,170000,146000,user_49,829,829,
6432,37,0,0,validator_7,100,829,6423
6379,38,120000,195000,user_10,829,829,
6433,39,0,0,validator_7,100,829,6379
6405,40,310000,0,user_28,829,829,
6410,41,310000,0,user_35,829,829,
6401,42,260000,0,user_25,829,829,
6434,43,0,0,validator_7,100,829,6413
6413,44,220000,13900,user_38,829,829,
6378,45,220000,0,user_8,829,829,
6374,46,170000,0,user_5,829,829,
6397,47,160000,0,user_22,829,829,
6403,48,150000,0,user_26,829,829,
6435,49,0,0,validator_7,100,829,6414
6414,50,110000,36800,user_39,829,829,
6390,51,110000,0,user_18,829,829,
6421,52,110000,0,user_46,829,829,
6436,53,0,0,validator_7,100,829,6375
6375,54,70000,35100,user_6,829,829,
6420,55,85000,0,user_46,829,829,
6417,56,84000,0,user_44,829,829,
6406,57,83000,0,user_30,829,829,
6444,0,43000000,0,user_7,830,830,
6482,1,3500000,0,user_42,830,830,
6441,2,2600000,0,user_5,830,830,
6480,3,2600000,0,user_40,830,830,
6484,4,2400000,0,user_45,830,830,
6451,5,2300000,0,user_10,830,830,
6481,6,2000000,0,user_42,830,830,
6447,7,1700000,56200,user_8,830,830,
6472,8,1600000,0,user_33,830,830,
6443,9,1500000,0,user_6,830,830,
6460,10,1500000,21800,user_21,830,830,
6461,11,1500000,0,user_22,830,830,
6477,12,1500000,73100,user_36,830,830,
6454,13,1200000,0,user_12,830,830,
6473,14,1200000,13900,user_33,830,830,
6455,15,1100000,3130,user_13,830,830,
6458,16,1100000,0,user_19,830,830,
6488,17,1000000,12800,user_49,830,830,
6485,18,650000,0,user_47,830,830,
6462,19,630000,146000,user_24,830,830,
6440,20,600000,13900,user_3,830,830,
6452,21,530000,0,user_11,830,830,
6463,22,530000,13800,user_24,830,830,
6478,23,460000,0,user_36,830,830,
6483,24,420000,0,user_44,830,830,
6446,25,370000,0,user_8,830,830,
6486,26,310000,0,user_48,830,830,
6448,27,300000,0,user_8,830,830,
6466,28,260000,155000,user_28,830,830,
6442,29,220000,17000,user_6,830,830,
6465,30,220000,0,user_26,830,830,
6449,31,160000,0,user_10,830,830,
6459,32,150000,0,user_21,830,830,
6487,33,130000,0,user_49,830,830,
6438,34,120001,0,user_1,830,830,6437
6437,35,120000,5180,user_0,830,830,
6453,36,120000,0,user_11,830,830,
6474,37,120000,0,user_33,830,830,
6439,38,119999,0,user_2,830,830,6437
6479,39,110000,0,user_39,830,830,
6445,40,87000,0,user_8,830,830,
6476,41,84000,18600,user_36,830,830,
6470,42,82000,0,user_30,830,830,
6450,43,77000,0,user_10,830,830,
6519,0,43000000,0,user_38,831,831,
6532,1,0,0,validator_7,100,831,6525
6525,2,6100000,181000,user_45,831,831,
6533,3,0,0,validator_7,100,831,6493
6493,4,4500000,30200,user_5,831,831,
6521,5,4200000,0,user_41,831,831,
6495,6,3600000,0,user_6,831,831,
6494,7,3500000,0,user_5,831,831,
6534,8,0,0,validator_7,100,831,6516
6516,9,3200000,256000,user_36,831,831,
6508,10,2000000,0,user_26,831,831,
6491,11,1700000,0,user_5,831,831,
6518,12,1700000,0,user_37,831,831,
6507,13,1600000,0,user_25,831,831,
6520,14,1500000,0,user_40,831,831,
6500,15,1200000,0,user_15,831,831,
6498,16,1100000,0,user_10,831,831,
6535,17,0,0,validator_7,100,831,6527
6527,18,1000000,34700,user_46,831,831,
6502,19,1000000,0,user_17,831,831,
6503,20,1000000,0,user_18,831,831,
6513,21,600000,0,user_31,831,831,
6509,22,460000,16400,user_28,831,831,
6536,23,0,0,validator_7,100,831,6509
6528,24,460000,0,user_47,831,831,
6529,25,460000,0,user_48,831,831,
6537,26,0,0,validator_7,100,831,6490
6490,27,360000,23500,user_4,831,831,
6489,28,260000,0,user_0,831,831,
6531,29,260000,0,user_49,831,831,
6512,30,220000,0,user_30,831,831,
6496,31,170000,0,user_7,831,831,
6523,32,170000,0,user_43,831,831,
6530,33,170000,0,user_48,831,831,
6538,34,0,0,validator_7,100,831,6517
6517,35,120000,24700,user_37,831,831,
6497,36,110000,0,user_9,831,831,
6526,37,110000,0,user_46,831,831,
6524,38,98000,0,user_44,831,831,
6515,39,83000,0,user_36,831,831,
6506,40,77000,0,user_22,831,831,
6492,41,73000,0,user_5,831,831,
6569,0,30000000,0,user_20,832,832,
6556,1,19000000,0,user_11,832,832,
6561,2,6100000,0,user_16,832,832,
6584,3,6100000,0,user_35,832,832,
6603,4,0,0,validator_2,100,832,6546
6546,5,2000000,779000,user_7,832,832,
6565,6,2600000,0,user_17,832,832,
6582,7,2100000,0,user_34,832,832,
6562,8,2000000,16400,user_16,832,832,
6604,9,0,0,validator_2,100,832,6562
6605,10,0,0,validator_2,100,832,6566
6566,11,910000,1100000,user_18,832,832,
6563,12,1600000,0,user_16,832,832,
6541,13,1500000,0,user_2,832,832,
6542,14,1500000,0,user_3,832,832,
6580,15,1500000,0,user_32,832,832,
6606,16,0,0,validator_2,100,832,6568
6568,17,1400000,3130,user_20,832,832,
6581,18,1300000,0,user_34,832,832,
6578,19,1100000,0,user_30,832,832,
6544,20,1000000,0,user_5,832,832,
6575,21,320000,381000,user_26,832,832,
6607,22,0,0,validator_2,100,832,6575
6572,23,670000,3130,user_23,832,832,
6608,24,0,0,validator_2,100,832,6572
6571,25,670000,0,user_23,832,832,
6598,26,630000,0,user_44,832,832,
6553,27,530000,0,user_10,832,832,
6609,28,0,0,validator_2,100,832,6597
6597,29,220000,256000,user_44,832,832,
6547,30,470000,0,user_7,832,832,
6599,31,470000,0,user_46,832,832,
6593,32,460000,5640,user_41,832,832,
6610,33,0,0,validator_2,100,832,6593
6550,34,460000,0,user_9,832,832,
6551,35,460000,0,user_9,832,832,
6589,36,460000,0,user_38,832,832,
6611,37,0,0,validator_2,100,832,6601
6601,38,420000,7840,user_48,832,832,
6590,39,420000,0,user_38,832,832,
6560,40,320000,68100,user_16,832,832,
6612,41,0,0,validator_2,100,832,6560
6594,42,340000,0,user_42,832,832,
6554,43,320000,0,user_11,832,832,
6570,44,300000,0,user_22,832,832,
6574,45,160000,139000,user_26,832,832,
6613,46,0,0,validator_2,100,832,6574
6543,47,100000,164000,user_4,832,832,
6614,48,0,0,validator_2,100,832,6543
6552,49,260000,0,user_9,832,832,
6602,50,240000,0,user_49,832,832,
6583,51,220000,0,user_35,832,832,
6549,52,190000,0,user_9,832,832,
6615,53,0,0,validator_2,100,832,6555
6555,54,170000,11200,user_11,832,832,
6558,55,170000,0,user_14,832,832,
6579,56,170000,0,user_31,832,832,
6573,57,120000,3130,user_25,832,832,
6616,58,0,0,validator_2,100,832,6573
6592,59,120000,0,user_38,832,832,
6577,60,100000,0,user_29,832,832,
6564,61,98000,0,user_16,832,832,
6545,62,87000,0,user_6,832,832,
6591,63,85000,0,user_38,832,832,
6596,64,80000,0,user_44,832,832,
6576,65,70000,0,user_27,832,832,
6671,0,43000000,0,user_43,833,833,
6678,1,0,0,validator_4,100,833,6630
6630,2,310000,7190000,user_8,833,833,
6633,3,6300000,0,user_13,833,833,
6640,4,6300000,0,user_17,833,833,
6649,5,6300000,0,user_26,833,833,
6634,6,3600000,0,user_13,833,833,
6661,7,3600000,0,user_34,833,833,
6659,8,3500000,0,user_33,833,833,
6636,9,2000000,0,user_14,833,833,
6635,10,1700000,0,user_14,833,833,
6670,11,1600000,16400,user_43,833,833,
6679,12,0,0,validator_4,100,833,6670
6654,13,1600000,0,user_30,833,833,
6662,14,1600000,0,user_35,833,833,
6653,15,1500000,16400,user_29,833,833,
6680,16,0,0,validator_4,100,833,6653
6627,17,1500000,0,user_5,833,833,
6641,18,1500000,0,user_18,833,833,
6643,19,1100000,0,user_19,833,833,
6650,20,1100000,0,user_26,833,833,
6623,21,1000000,0,user_4,833,833,
6667,22,970000,5630,user_37,833,833,
6681,23,0,0,validator_4,100,833,6667
6625,24,870000,0,user_4,833,833,
6675,25,630000,121000,user_45,833,833,
6682,26,0,0,validator_4,100,833,6675
6683,27,0,0,validator_4,100,833,6677
6677,28,650000,100000,user_48,833,833,
6684,29,0,0,validator_4,100,833,6639
6639,30,660000,31700,user_16,833,833,
6663,31,650000,0,user_36,833,833,
6628,32,340000,35600,user_6,833,833,
6685,33,0,0,validator_4,100,833,6628
6637,34,350000,0,user_15,833,833,
6642,35,320000,21800,user_19,833,833,
6686,36,0,0,validator_4,100,833,6642
6651,37,320000,0,user_27,833,833,
6626,38,310000,0,user_4,833,833,
6668,39,310000,0,user_40,833,833,
6672,40,300000,0,user_44,833,833,
6622,41,260000,0,user_4,833,833,
6674,42,240000,0,user_45,833,833,
6618,43,220000,0,user_1,833,833,
6687,44,0,0,validator_4,100,833,6647
6647,45,160000,30200,user_24,833,833,
6665,46,150000,33300,user_37,833,833,
6688,47,0,0,validator_4,100,833,6665
6660,48,170000,0,user_34,833,833,
6658,49,160000,0,user_32,833,833,
6620,50,82000,75000,user_2,833,833,
6689,51,0,0,validator_4,100,833,6620
6624,52,150000,0,user_4,833,833,
6645,53,150000,0,user_22,833,833,
6648,54,120000,0,user_24,833,833,
6664,55,120000,0,user_37,833,833,
6666,56,120000,0,user_37,833,833,
6673,57,120000,0,user_45,833,833,
6638,58,110000,0,user_16,833,833,
6644,59,82000,24700,user_21,833,833,
6690,60,0,0,validator_4,100,833,6644
6617,61,100000,0,user_0,833,833,
6646,62,98000,0,user_22,833,833,
6619,63,85000,0,user_2,833,833,
6631,64,77000,0,user_8,833,833,
6632,65,77000,0,user_10,833,833,
6669,66,77000,0,user_43,833,833,
6676,67,70000,0,user_45,833,833,
6704,0,6300000,0,user_14,834,834,
6713,1,6300000,0,user_25,834,834,
6723,2,5000000,0,user_43,834,834,
6694,3,3500000,0,user_4,834,834,
6691,4,2500000,23500,user_1,834,834,
6731,5,0,0,validator_12,100,834,6691
6711,6,2000000,0,user_22,834,834,
6715,7,1800000,0,user_29,834,834,
6724,8,1800000,0,user_43,834,834,
6712,9,1400000,0,user_23,834,834,
6703,10,1300000,0,user_14,834,834,
6717,11,1200000,0,user_31,834,834,
6719,12,1200000,0,user_33,834,834,
6701,13,1100000,0,user_11,834,834,
6716,14,1100000,0,user_30,834,834,
6709,15,670000,36800,user_20,834,834,
6732,16,0,0,validator_12,100,834,6709
6708,17,630000,15100,user_19,834,834,
6733,18,0,0,validator_12,100,834,6708
6734,19,0,0,validator_12,100,834,6725
6725,20,130000,369000,user_46,834,834,
6702,21,420000,0,user_13,834,834,
6726,22,360000,0,user_46,834,834,
6730,23,310000,0,user_48,834,834,
6693,24,300000,0,user_4,834,834,
6718,25,220000,0,user_32,834,834,
6735,26,0,0,validator_12,100,834,6699
6699,27,130000,75000,user_10,834,834,
6736,28,0,0,validator_12,100,834,6700
6700,29,170000,8520,user_10,834,834,
6698,30,170000,7840,user_9,834,834,
6737,31,0,0,validator_12,100,834,6698
6710,32,170000,0,user_20,834,834,
6705,33,120000,0,user_14,834,834,
6720,34,120000,0,user_34,834,834,
6721,35,120000,0,user_37,834,834,
6692,36,79000,0,user_3,834,834,
6776,0,43000000,128000,user_29,835,835,
6782,1,6300000,0,user_37,835,835,
6742,2,5200000,0,user_6,835,835,
6747,3,5000000,0,user_10,835,835,
6773,4,3600000,0,user_26,835,835,
6763,5,3200000,0,user_18,835,835,
6787,6,2600000,0,user_40,835,835,
6741,7,2000000,0,user_5,835,835,
6783,8,2000000,0,user_37,835,835,
6750,9,1900000,0,user_10,835,835,
6764,10,1600000,0,user_18,835,835,
6746,11,1500000,0,user_9,835,835,
6765,12,1100000,0,user_19,835,835,
6792,13,970000,0,user_47,835,835,
6785,14,660000,0,user_39,835,835,
6775,15,650000,0,user_27,835,835,
6739,16,630001,0,user_2,835,835,6738
6777,17,460000,0,user_29,835,835,
6755,18,370000,0,user_14,835,835,
6788,19,370000,0,user_43,835,835,
6749,20,360000,0,user_10,835,835,
6791,21,360000,0,user_46,835,835,
6759,22,350000,0,user_15,835,835,
6786,23,350000,0,user_39,835,835,
6745,24,320000,0,user_8,835,835,
6769,25,320000,16400,user_22,835,835,
6761,26,300000,0,user_16,835,835,
6760,27,260000,0,user_16,835,835,
6756,28,240000,0,user_15,835,835,
6757,29,240000,0,user_15,835,835,
6758,30,220000,43600,user_15,835,835,
6762,31,170000,0,user_17,835,835,
6790,32,170000,0,user_46,835,835,
6768,33,160000,0,user_21,835,835,
6772,34,160000,0,user_25,835,835,
6748,35,150000,0,user_10,835,835,
6767,36,150000,0,user_20,835,835,
6784,37,120000,0,user_38,835,835,
6743,38,110000,350000,user_6,835,835,
6793,39,84000,0,user_47,835,835,
6789,40,83000,0,user_45,835,835,
6771,41,82000,16400,user_24,835,835,
6774,42,79000,195000,user_26,835,835,
6766,43,73000,0,user_20,835,835,
6795,44,70000,0,user_49,835,835,
6835,0,19000000,0,user_40,836,836,
6844,1,0,0,validator_3,100,836,6822
6822,2,5000000,108000,user_26,836,836,
6831,3,5000000,0,user_33,836,836,
6845,4,0,0,validator_3,100,836,6803
6803,5,4200000,769000,user_8,836,836,
6832,6,4500000,0,user_34,836,836,
6821,7,2600000,0,user_25,836,836,
6837,8,2500000,0,user_42,836,836,
6797,9,2400000,0,user_2,836,836,
6824,10,2100000,0,user_29,836,836,
6799,11,1800000,15300,user_2,836,836,
6846,12,0,0,validator_3,100,836,6799
6800,13,1800001,0,user_2,836,836,6799
6812,14,1600000,0,user_19,836,836,
6809,15,1500000,0,user_16,836,836,
6808,16,1100000,0,user_15,836,836,
6828,17,1100000,0,user_31,836,836,
6810,18,1000000,0,user_17,836,836,
6819,19,1000000,0,user_23,836,836,
6823,20,870000,0,user_27,836,836,
6830,21,670000,0,user_32,836,836,
6833,22,530000,0,user_35,836,836,
6818,23,470000,0,user_23,836,836,
6802,24,460000,0,user_6,836,836,
6816,25,420000,0,user_23,836,836,
6801,26,370000,0,user_4,836,836,
6811,27,350000,0,user_19,836,836,
6815,28,340000,0,user_22,836,836,
6836,29,320000,0,user_41,836,836,
6847,30,0,0,validator_3,100,836,6804
6804,31,84000,195000,user_9,836,836,
6798,32,220000,0,user_2,836,836,
6814,33,220000,0,user_22,836,836,
6805,34,160000,16400,user_12,836,836,
6848,35,0,0,validator_3,100,836,6805
6807,36,170000,0,user_14,836,836,
6838,37,170000,0,user_43,836,836,
6796,38,120000,0,user_0,836,836,
6829,39,120000,0,user_32,836,836,
6806,40,110000,0,user_13,836,836,
6841,41,110000,0,user_46,836,836,
6817,42,87000,0,user_23,836,836,
6840,43,84000,0,user_46,836,836,
6820,44,83000,0,user_23,836,836,
6842,45,79000,0,user_46,836,836,
6884,0,6100000,0,user_44,837,837,
6859,1,5000000,56200,user_15,837,837,
6888,2,0,0,validator_7,100,837,6859
6883,3,5000000,10700,user_44,837,837,
6889,4,0,0,validator_7,100,837,6883
6861,5,5000000,0,user_19,837,837,
6875,6,2000000,0,user_34,837,837,
6890,7,0,0,validator_7,100,837,6882
6882,8,1900000,36800,user_44,837,837,
6877,9,1500000,0,user_37,837,837,
6887,10,1500000,0,user_48,837,837,
6891,11,0,0,validator_7,100,837,6880
6880,12,220000,959000,user_40,837,837,
6869,13,1000000,67900,user_31,837,837,
6892,14,0,0,validator_7,100,837,6869
6886,15,1000000,0,user_44,837,837,
6865,16,630000,0,user_24,837,837,
6893,17,0,0,validator_7,100,837,6851
6851,18,530000,46500,user_5,837,837,
6870,19,530000,0,user_32,837,837,
6876,20,530000,0,user_36,837,837,
6852,21,470000,0,user_6,837,837,
6894,22,0,0,validator_7,100,837,6879
6879,23,170000,296000,user_39,837,837,
6863,24,460000,0,user_23,837,837,
6857,25,370000,0,user_13,837,837,
6878,26,240000,0,user_38,837,837,
6881,27,240000,0,user_43,837,837,
6874,28,220000,0,user_34,837,837,
6850,29,160000,33300,user_3,837,837,
6895,30,0,0,validator_7,100,837,6850
6860,31,170000,0,user_18,837,837,
6885,32,150000,0,user_44,837,837,
6868,33,120000,0,user_30,837,837,
6853,34,110000,0,user_10,837,837,
6856,35,110000,0,user_12,837,837,
6864,36,110000,0,user_24,837,837,
6871,37,87000,0,user_32,837,837,
6849,38,85000,0,user_2,837,837,
6866,39,83000,0,user_28,837,837,
6917,0,30000000,0,user_14,838,838,
6901,1,27000000,15700,user_2,838,838,
6951,2,0,0,validator_9,100,838,6901
6949,3,19000000,0,user_47,838,838,
6948,4,6300000,0,user_46,838,838,
6936,5,6100000,0,user_36,838,838,
6915,6,5000000,0,user_13,838,838,
6923,7,5000000,0,user_23,838,838,
6900,8,4500000,0,user_2,838,838,
6926,9,4200000,0,user_28,838,838,
6898,10,2600000,0,user_2,838,838,
6905,11,2000000,0,user_8,838,838,
6919,12,1900000,0,user_16,838,838,
6914,13,1500000,0,user_12,838,838,
6899,14,1300000,0,user_2,838,838,
6947,15,1100000,0,user_46,838,838,
6896,16,1000000,0,user_0,838,838,
6934,17,1000000,0,user_34,838,838,
6940,18,1000000,0,user_40,838,838,
6927,19,970000,0,user_28,838,838,
6942,20,970000,0,user_41,838,838,
6906,21,910000,0,user_8,838,838,
6924,22,160000,545000,user_24,838,838,
6952,23,0,0,validator_9,100,838,6924
6931,24,670000,0,user_31,838,838,
6897,25,660000,0,user_2,838,838,
6922,26,460000,0,user_21,838,838,
6929,27,460000,0,user_28,838,838,
6953,28,0,0,validator_9,100,838,6904
6904,29,310000,68100,user_6,838,838,
6944,30,340000,0,user_43,838,838,
6913,31,320000,0,user_11,838,838,
6912,32,220000,0,user_10,838,838,
6930,33,220000,0,user_30,838,838,
6937,34,220000,0,user_36,838,838,
6954,35,0,0,validator_9,100,838,6925
6925,36,160000,46500,user_26,838,838,
6916,37,170000,0,user_14,838,838,
6928,38,160000,0,user_28,838,838,
6902,39,150000,0,user_3,838,838,
6935,40,150000,0,user_34,838,838,
6943,41,150000,0,user_42,838,838,
6945,42,150000,0,user_46,838,838,
6941,43,110000,0,user_41,838,838,
6946,44,87000,0,user_46,838,838,
7005,0,0,0,validator_3,100,839,6966
6966,1,670000,7190000,user_9,839,839,
7006,2,0,0,validator_3,100,839,7002
7002,3,6300000,231000,user_47,839,839,
7007,4,0,0,validator_3,100,839,6975
6975,5,6300000,11200,user_16,839,839,
6980,6,6300000,0,user_23,839,839,
7008,7,0,0,validator_3,100,839,6986
6986,8,5000000,68100,user_34,839,839,
6979,9,2600000,31700,user_22,839,839,
7009,10,0,0,validator_3,100,839,6979
6964,11,2400000,0,user_9,839,839,
6965,12,2000000,0,user_9,839,839,
6972,13,2000000,0,user_13,839,839,
6974,14,2000000,0,user_15,839,839,
6994,15,1800000,0,user_42,839,839,
6984,16,1500000,0,user_32,839,839,
6959,17,1000000,0,user_6,839,839,
6967,18,1000000,0,user_9,839,839,
6976,19,1000000,0,user_17,839,839,
6983,20,1000000,0,user_31,839,839,
6987,21,1000000,0,user_35,839,839,
7001,22,1000000,0,user_46,839,839,
6968,23,970000,0,user_11,839,839,
6970,24,660000,0,user_12,839,839,
7010,25,0,0,validator_3,100,839,6963
6963,26,530000,100000,user_9,839,839,
6969,27,600000,0,user_11,839,839,
7011,28,0,0,validator_3,100,839,6958
6958,29,530000,15100,user_5,839,839,
6992,30,460000,0,user_40,839,839,
6973,31,420000,0,user_14,839,839,
6995,32,420000,0,user_42,839,839,
6996,33,370000,0,user_42,839,839,
6956,34,150000,215000,user_2,839,839,
7012,35,0,0,validator_3,100,839,6956
6961,36,350000,0,user_7,839,839,
6989,37,350000,0,user_37,839,839,
6957,38,340000,0,user_4,839,839,
7003,39,340000,0,user_47,839,839,
6971,40,310000,0,user_12,839,839,
6998,41,300000,0,user_42,839,839,
6978,42,260000,0,user_22,839,839,
6993,43,220000,0,user_41,839,839,
6988,44,170000,0,user_36,839,839,
6960,45,150000,0,user_6,839,839,
7013,46,0,0,validator_3,100,839,6962
6962,47,120000,11200,user_8,839,839,
6997,48,120000,0,user_42,839,839,
6985,49,110000,0,user_33,839,839,
6981,50,84000,0,user_26,839,839,
6982,51,79000,0,user_29,839,839,
6955,52,70000,0,user_1,839,839,
7021,0,43000000,0,user_6,840,840,
7033,1,27000000,0,user_22,840,840,
7023,2,19000000,0,user_8,840,840,
7035,3,6100000,0,user_26,840,840,
7042,4,2500000,0,user_30,840,840,
7045,5,2500000,0,user_30,840,840,
7034,6,2000000,0,user_26,840,840,
7025,7,1600000,0,user_14,840,840,
7032,8,1600000,0,user_20,840,840,
7056,9,1300000,0,user_37,840,840,
7059,10,1000000,0,user_44,840,840,
7028,11,970000,0,user_16,840,840,
7044,12,870000,0,user_30,840,840,
7016,13,660001,0,user_1,840,840,7015
7043,14,630000,31700,user_30,840,840,
7052,15,630000,139000,user_34,840,840,
7058,16,600000,0,user_43,840,840,
7051,17,470000,0,user_34,840,840,
7060,18,470000,0,user_46,840,840,
7039,19,420000,0,user_29,840,840,
7047,20,310000,0,user_31,840,840,
7036,21,300000,369000,user_26,840,840,
7030,22,240000,0,user_17,840,840,
7041,23,240000,0,user_29,840,840,
7038,24,190000,0,user_29,840,840,
7029,25,170000,0,user_17,840,840,
7053,26,170000,0,user_35,840,840,
7055,27,160000,0,user_36,840,840,
7057,28,160000,0,user_41,840,840,
7022,29,150000,0,user_7,840,840,
7054,30,130000,0,user_35,840,840,
7019,31,120000,0,user_5,840,840,
7031,32,120000,0,user_19,840,840,
7040,33,120000,0,user_29,840,840,
7050,34,110000,32900,user_33,840,840,
7046,35,85000,0,user_30,840,840,
7026,36,82000,17000,user_14,840,840,
7037,37,82000,6390,user_29,840,840,
7020,38,77000,0,user_5,840,840,
7083,0,27000000,10700,user_12,841,841,
7127,1,0,0,validator_7,100,841,7083
7095,2,84000,17700000,user_23,841,841,
7128,3,0,0,validator_7,100,841,7095
7071,4,4200000,0,user_5,841,841,
7120,5,2600000,0,user_43,841,841,
7123,6,2500000,0,user_48,841,841,
7096,7,2300000,0,user_24,841,841,
7113,8,2000000,0,user_36,841,841,
7125,9,2000000,0,user_49,841,841,
7085,10,1800000,0,user_15,841,841,
7075,11,1600000,181000,user_7,841,841,
7129,12,0,0,validator_7,100,841,7075
7100,13,1700000,0,user_26,841,841,
7094,14,1500000,0,user_22,841,841,
7130,15,0,0,validator_7,100,841,7078
7078,16,1400000,39400,user_10,841,841,
7116,17,120000,1100000,user_40,841,841,
7131,18,0,0,validator_7,100,841,7116
7097,19,1000000,16400,user_24,841,841,
7132,20,0,0,validator_7,100,841,7097
7115,21,1000000,0,user_38,841,841,
7069,22,970000,0,user_4,841,841,
7133,23,0,0,validator_7,100,841,7122
7122,24,910000,34700,user_46,841,841,
7074,25,120000,769000,user_5,841,841,
7134,26,0,0,validator_7,100,841,7074
7079,27,870000,0,user_10,841,841,
7106,28,660000,0,user_30,841,841,
7073,29,630000,0,user_5,841,841,
7135,30,0,0,validator_7,100,841,7065
7065,31,600000,21800,user_3,841,841,
7067,32,130000,381000,user_3,841,841,
7136,33,0,0,validator_7,100,841,7067
7119,34,470000,0,user_43,841,841,
7068,35,300000,108000,user_3,841,841,
7137,36,0,0,validator_7,100,841,7068
7063,37,120000,256000,user_1,841,841,
7138,38,0,0,validator_7,100,841,7063
7101,39,370000,0,user_26,841,841,
7072,40,310000,0,user_5,841,841,
7102,41,310000,0,user_26,841,841,
7062,42,300000,0,user_0,841,841,
7110,43,220000,32900,user_34,841,841,
7139,44,0,0,validator_7,100,841,7110
7112,45,240000,0,user_35,841,841,
7066,46,220000,0,user_3,841,841,
7076,47,120000,75000,user_8,841,841,
7140,48,0,0,validator_7,100,841,7076
7117,49,190000,0,user_40,841,841,
7121,50,190000,0,user_44,841,841,
7080,51,170000,0,user_10,841,841,
7088,52,170000,0,user_19,841,841,
7126,53,160000,0,user_49,841,841,
7084,54,150000,0,user_12,841,841,
7108,55,150000,0,user_32,841,841,
7141,56,0,0,validator_7,100,841,7070
7070,57,120000,12800,user_4,841,841,
7111,58,130000,0,user_34,841,841,
7087,59,120000,0,user_17,841,841,
7064,60,119999,0,user_2,841,841,7063
7142,61,0,0,validator_7,100,841,7114
7114,62,84000,32900,user_38,841,841,
7143,63,0,0,validator_7,100,841,7077
7077,64,85000,21800,user_10,841,841,
7099,65,87000,16400,user_26,841,841,
7144,66,0,0,validator_7,100,841,7099
7145,67,0,0,validator_7,100,841,7107
7107,68,83000,12300,user_32,841,841,
7118,69,83000,0,user_41,841,841,
7124,70,82000,0,user_49,841,841,
7103,71,73000,0,user_27,841,841,
7098,72,70000,0,user_25,841,841,
7173,0,30000000,0,user_21,842,842,
7209,1,0,0,validator_13,100,842,7203
7203,2,27000000,67500,user_47,842,842,
7186,3,27000000,0,user_32,842,842,
7205,4,6100000,0,user_49,842,842,
7184,5,1100000,4320000,user_31,842,842,
7210,6,0,0,validator_13,100,842,7184
7166,7,2600000,0,user_15,842,842,
7187,8,2400000,13900,user_33,842,842,
7211,9,0,0,validator_13,100,842,7187
7199,10,2300000,0,user_43,842,842,
7190,11,2100000,0,user_35,842,842,
7202,12,2100000,0,user_46,842,842,
7212,13,0,0,validator_13,100,842,7174
7174,14,2000000,43600,user_21,842,842,
7163,15,2000000,12800,user_15,842,842,
7213,16,0,0,validator_13,100,842,7163
7154,17,2000000,0,user_5,842,842,
7208,18,2000000,0,user_49,842,842,
7161,19,1900000,0,user_14,842,842,
7197,20,1900000,0,user_37,842,842,
7214,21,0,0,validator_13,100,842,7204
7204,22,1200000,510000,user_47,842,842,
7149,23,1500000,100000,user_2,842,842,
7215,24,0,0,validator_13,100,842,7149
7170,25,1600000,0,user_19,842,842,
7150,26,1499999,0,user_2,842,842,7149
7181,27,1400000,0,user_27,842,842,
7151,28,1000000,0,user_4,842,842,
7168,29,1000000,0,user_18,842,842,
7160,30,970000,0,user_14,842,842,
7196,31,910000,0,user_37,842,842,
7207,32,910000,0,user_49,842,842,
7153,33,870000,0,user_5,842,842,
7193,34,670000,0,user_35,842,842,
7195,35,660000,0,user_36,842,842,
7158,36,650000,0,user_10,842,842,
7167,37,600000,0,user_17,842,842,
7164,38,470000,0,user_15,842,842,
7172,39,470000,0,user_19,842,842,
7148,40,460000,0,user_2,842,842,
7169,41,460000,0,user_18,842,842,
7177,42,460000,0,user_25,842,842,
7178,43,420000,0,user_26,842,842,
7183,44,420000,0,user_30,842,842,
7216,45,0,0,validator_13,100,842,7189
7189,46,120000,231000,user_35,842,842,
7165,47,340000,5630,user_15,842,842,
7217,48,0,0,validator_13,100,842,7165
7152,49,310000,5640,user_4,842,842,
7218,50,0,0,validator_13,100,842,7152
7162,51,220000,0,user_15,842,842,
7188,52,220000,0,user_34,842,842,
7185,53,170000,0,user_32,842,842,
7192,54,170000,0,user_35,842,842,
7176,55,160000,0,user_24,842,842,
7201,56,160000,0,user_45,842,842,
7147,57,150000,0,user_1,842,842,
7206,58,110000,21800,user_49,842,842,
7219,59,0,0,validator_13,100,842,7206
7171,60,120000,0,user_19,842,842,
7159,61,110000,0,user_13,842,842,
7180,62,110000,0,user_27,842,842,
7182,63,110000,0,user_30,842,842,
7156,64,87000,0,user_8,842,842,
7179,65,85000,0,user_26,842,842,
7194,66,85000,0,user_36,842,842,
7200,67,85000,0,user_45,842,842,
7191,68,80000,0,user_35,842,842,
7269,0,43000000,0,user_48,843,843,
7270,1,0,0,validator_7,100,843,7260
7260,2,30000000,21800,user_38,843,843,
7263,3,6100000,0,user_40,843,843,
7222,4,3600000,15100,user_2,843,843,
7271,5,0,0,validator_7,100,843,7222
7251,6,3500000,18600,user_25,843,843,
7272,7,0,0,validator_7,100,843,7251
7246,8,3200000,0,user_23,843,843,
7228,9,2600000,0,user_7,843,843,
7248,10,2600000,0,user_23,843,843,
7225,11,2500000,32900,user_4,843,843,
7273,12,0,0,validator_7,100,843,7225
7244,13,2300000,0,user_22,843,843,
7262,14,2300000,0,user_40,843,843,
7230,15,2000000,0,user_8,843,843,
7253,16,2000000,0,user_28,843,843,
7261,17,2000000,0,user_39,843,843,
7264,18,2000000,0,user_41,843,843,
7232,19,1900000,0,user_8,843,843,
7258,20,1500000,13900,user_37,843,843,
7274,21,0,0,validator_7,100,843,7258
7267,22,1500000,0,user_47,843,843,
7231,23,1400000,0,user_8,843,843,
7268,24,1100000,0,user_47,843,843,
7227,25,1000000,0,user_5,843,843,
7256,26,1000000,0,user_34,843,843,
7250,27,970000,0,user_24,843,843,
7257,28,600000,33300,user_35,843,843,
7275,29,0,0,validator_7,100,843,7257
7221,30,530000,0,user_1,843,843,
7226,31,460000,30200,user_4,843,843,
7276,32,0,0,validator_7,100,843,7226
7234,33,460000,0,user_10,843,843,
7249,34,460000,0,user_23,843,843,
7252,35,420000,0,user_25,843,843,
7229,36,370000,0,user_8,843,843,
7220,37,350000,0,user_0,843,843,
7224,38,310000,0,user_4,843,843,
7240,39,300000,0,user_18,843,843,
7266,40,220000,71800,user_44,843,843,
7277,41,0,0,validator_7,100,843,7266
7278,42,0,0,validator_7,100,843,7245
7245,43,84000,100000,user_22,843,843,
7239,44,170000,0,user_17,843,843,
7247,45,170000,0,user_23,843,843,
7233,46,160000,0,user_9,843,843,
7235,47,100000,0,user_10,843,843,
7259,48,80000,0,user_38,843,843,
7223,49,73000,0,user_3,843,843,
7329,0,43000000,0,user_46,844,844,
7312,1,6100000,84800,user_28,844,844,
7303,2,4500000,0,user_17,844,844,
7305,3,4500000,0,user_18,844,844,
7319,4,4500000,0,user_35,844,844,
7322,5,2300000,67900,user_37,844,844,
7330,6,2100000,56200,user_47,844,844,
7285,7,2000000,0,user_9,844,844,
7294,8,1900000,0,user_13,844,844,
7328,9,1600000,0,user_45,844,844,
7284,10,1500000,0,user_9,844,844,
7296,11,1100000,510000,user_16,844,844,
7291,12,1000000,0,user_13,844,844,
7292,13,670000,0,user_13,844,844,
7331,14,600000,0,user_48,844,844,
7316,15,530000,0,user_30,844,844,
7323,16,530000,0,user_38,844,844,
7286,17,470000,0,user_10,844,844,
7298,18,460000,0,user_16,844,844,
7332,19,420000,12300,user_48,844,844,
7306,20,360000,0,user_19,844,844,
7302,21,350000,0,user_17,844,844,
7293,22,310000,0,user_13,844,844,
7317,23,300000,0,user_31,844,844,
7324,24,260000,0,user_39,844,844,
7283,25,220000,0,user_8,844,844,
7311,26,220000,0,user_25,844,844,
7315,27,220000,0,user_30,844,844,
7318,28,220000,0,user_34,844,844,
7301,29,170000,0,user_17,844,844,
7320,30,170000,0,user_36,844,844,
7326,31,170000,14200,user_40,844,844,
7281,32,160000,256000,user_5,844,844,
7282,33,150000,215000,user_7,844,844,
7307,34,130000,0,user_20,844,844,
7325,35,120000,0,user_40,844,844,
7297,36,110000,0,user_16,844,844,
7299,37,110000,0,user_16,844,844,
7308,38,110000,0,user_22,844,844,
7321,39,110000,0,user_36,844,844,
7313,40,100000,0,user_29,844,844,
7314,41,100000,0,user_30,844,844,
7327,42,85000,0,user_41,844,844,
7304,43,79000,0,user_18,844,844,
7300,44,70000,0,user_16,844,844,
7364,0,27000000,0,user_28,845,845,
7366,1,19000000,0,user_30,845,845,
7390,2,0,0,validator_13,100,845,7375
7375,3,6300000,56200,user_37,845,845,
7391,4,0,0,validator_13,100,845,7338
7338,5,340000,4320000,user_3,845,845,
7374,6,3600000,0,user_36,845,845,
7349,7,3200000,0,user_13,845,845,
7378,8,2300000,0,user_38,845,845,
7350,9,2000000,0,user_13,845,845,
7351,10,1900000,0,user_15,845,845,
7339,11,1600000,0,user_3,845,845,
7376,12,1600000,0,user_38,845,845,
7361,13,1500000,0,user_25,845,845,
7362,14,1500000,0,user_27,845,845,
7382,15,1500000,0,user_41,845,845,
7342,16,1100000,0,user_4,845,845,
7360,17,1000000,0,user_24,845,845,
7355,18,910000,0,user_19,845,845,
7377,19,910000,0,user_38,845,845,
7345,20,670000,0,user_8,845,845,
7369,21,530000,0,user_30,845,845,
7392,22,0,0,validator_13,100,845,7381
7381,23,460000,14200,user_41,845,845,
7353,24,470000,0,user_17,845,845,
7371,25,470000,0,user_34,845,845,
7393,26,0,0,validator_13,100,845,7346
7346,27,98000,350000,user_10,845,845,
7370,28,420000,0,user_30,845,845,
7343,29,360000,7840,user_5,845,845,
7394,30,0,0,validator_13,100,845,7343
7386,31,170000,181000,user_45,845,845,
7395,32,0,0,validator_13,100,845,7386
7367,33,310000,0,user_30,845,845,
7337,34,300001,0,user_2,845,845,7335
7336,35,299999,0,user_1,845,845,7335
7396,36,0,0,validator_13,100,845,7344
7344,37,240000,49100,user_8,845,845,
7373,38,260000,0,user_36,845,845,
7379,39,260000,0,user_39,845,845,
7348,40,190000,0,user_12,845,845,
7368,41,160000,0,user_30,845,845,
7354,42,150000,0,user_17,845,845,
7383,43,150000,0,user_41,845,845,
7340,44,120000,0,user_3,845,845,
7387,45,120000,0,user_47,845,845,
7388,46,120000,0,user_48,845,845,
7384,47,110000,0,user_43,845,845,
7341,48,100000,0,user_4,845,845,
7385,49,98000,0,user_44,845,845,
7372,50,82000,0,user_35,845,845,
7363,51,80000,0,user_28,845,845,
7365,52,80000,0,user_28,845,845,
7389,53,79000,0,user_49,845,845,
7422,0,43000000,0,user_38,846,846,
7408,1,30000000,0,user_15,846,846,
7420,2,30000000,0,user_33,846,846,
7424,3,19000000,0,user_40,846,846,
7407,4,5000000,15100,user_12,846,846,
7434,5,0,0,validator_10,100,846,7407
7435,6,0,0,validator_10,100,846,7400
7400,7,4500000,5180,user_3,846,846,
7398,8,4500000,0,user_2,846,846,
7417,9,4500000,0,user_27,846,846,
7430,10,4200000,0,user_44,846,846,
7415,11,3200000,0,user_25,846,846,
7429,12,2400000,0,user_43,846,846,
7419,13,2000000,47700,user_32,846,846,
7436,14,0,0,validator_10,100,846,7419
7412,15,2000000,0,user_22,846,846,
7428,16,2000000,0,user_42,846,846,
7413,17,1600000,0,user_23,846,846,
7433,18,1500000,84800,user_49,846,846,
7437,19,0,0,validator_10,100,846,7433
7411,20,1400000,0,user_20,846,846,
7418,21,660000,0,user_30,846,846,
7425,22,460000,0,user_40,846,846,
7421,23,420000,0,user_34,846,846,
7426,24,350000,0,user_41,846,846,
7403,25,170000,121000,user_5,846,846,
7438,26,0,0,validator_10,100,846,7403
7401,27,220000,0,user_3,846,846,
7397,28,160000,0,user_0,846,846,
7414,29,160000,0,user_24,846,846,
7404,30,150000,0,user_8,846,846,
7431,31,120000,0,user_45,846,846,
7399,32,110000,0,user_2,846,846,
7409,33,110000,0,user_15,846,846,
7423,34,83000,0,user_39,846,846,
7406,35,70000,0,user_11,846,846,
7427,36,70000,0,user_42,846,846,
7445,0,43000000,0,user_3,847,847,
7469,1,30000000,84800,user_20,847,847,
7488,2,27000000,0,user_37,847,847,
7458,3,5200000,0,user_11,847,847,
7460,4,4500000,0,user_14,847,847,
7457,5,4200000,0,user_10,847,847,
7456,6,3600000,36800,user_10,847,847,
7482,7,3600000,0,user_30,847,847,
7473,8,2500000,0,user_23,847,847,
7454,9,2000000,0,user_8,847,847,
7474,10,2000000,0,user_23,847,847,
7483,11,2000000,0,user_33,847,847,
7443,12,1700000,13900,user_3,847,847,
7455,13,1600000,0,user_9,847,847,
7459,14,1600000,0,user_13,847,847,
7453,15,1400000,0,user_6,847,847,
7466,16,1300000,13900,user_16,847,847,
7450,17,1000000,0,user_5,847,847,
7463,18,1000000,0,user_14,847,847,
7471,19,1000000,146000,user_22,847,847,
7486,20,1000000,0,user_35,847,847,
7503,21,1000000,0,user_48,847,847,
7470,22,670000,0,user_21,847,847,
7472,23,660000,0,user_22,847,847,
7498,24,650000,0,user_43,847,847,
7481,25,600000,139000,user_28,847,847,
7500,26,460000,0,user_45,847,847,
7494,27,360000,0,user_40,847,847,
7444,28,340000,0,user_3,847,847,
7452,29,310000,0,user_5,847,847,
7495,30,310000,0,user_40,847,847,
7499,31,300000,0,user_43,847,847,
7449,32,220000,0,user_5,847,847,
7446,33,170000,0,user_3,847,847,
7477,34,170000,0,user_26,847,847,
7502,35,170000,0,user_48,847,847,
7487,36,160000,0,user_36,847,847,
7448,37,150000,0,user_5,847,847,
7480,38,150000,0,user_28,847,847,
7489,39,130000,14200,user_38,847,847,
7501,40,130000,0,user_47,847,847,
7451,41,120000,0,user_5,847,847,
7461,42,120000,0,user_14,847,847,
7490,43,120000,0,user_39,847,847,
7493,44,120000,0,user_40,847,847,
7464,45,110000,0,user_14,847,847,
7497,46,110000,0,user_42,847,847,
7441,47,100000,139000,user_1,847,847,
7491,48,100000,0,user_40,847,847,
7496,49,100000,5640,user_41,847,847,
7484,50,83000,18600,user_34,847,847,
7476,51,82000,0,user_25,847,847,
7462,52,80000,0,user_14,847,847,
7467,53,79000,0,user_17,847,847,
7492,54,79000,0,user_40,847,847,
7468,55,77000,0,user_19,847,847,
7485,56,73000,0,user_35,847,847,
7530,0,43000000,0,user_22,848,848,
7533,1,27000000,12800,user_24,848,848,
7515,2,19000000,0,user_4,848,848,
7525,3,6100000,0,user_16,848,848,
7537,4,5200000,0,user_27,848,848,
7539,5,4200000,0,user_29,848,848,
7516,6,3600000,0,user_4,848,848,
7526,7,3500000,0,user_19,848,848,
7520,8,2000000,0,user_10,848,848,
7521,9,1900000,0,user_12,848,848,
7517,10,1500000,0,user_5,848,848,
7518,11,1400000,0,user_6,848,848,
7529,12,1400000,0,user_22,848,848,
7528,13,1200000,779000,user_20,848,848,
7535,14,1100000,13900,user_25,848,848,
7509,15,910000,0,user_2,848,848,
7547,16,600000,0,user_38,848,848,
7552,17,470000,0,user_46,848,848,
7538,18,220000,0,user_28,848,848,
7551,19,220000,0,user_45,848,848,
7532,20,170000,0,user_24,848,848,
7511,21,160001,0,user_2,848,848,7510
7513,22,160001,0,user_2,848,848,7510
7510,23,160000,67500,user_2,848,848,
7536,24,160000,68100,user_26,848,848,
7512,25,159999,0,user_2,848,848,7510
7523,26,130000,0,user_15,848,848,
7524,27,120000,0,user_16,848,848,
7548,28,120000,0,user_39,848,848,
7519,29,100000,0,user_9,848,848,
7534,30,84000,35100,user_24,848,848,
7540,31,82000,7840,user_30,848,848,
7527,32,70000,0,user_19,848,848,
7606,0,43000000,8520,user_47,849,849,
7610,1,0,0,validator_0,100,849,7606
7609,2,6300000,0,user_49,849,849,
7605,3,5200000,13900,user_46,849,849,
7611,4,0,0,validator_0,100,849,7605
7596,5,5000000,0,user_40,849,849,
7562,6,4200000,0,user_8,849,849,
7570,7,3600000,181000,user_13,849,849,
7612,8,0,0,validator_0,100,849,7570
7586,9,2500000,0,user_27,849,849,
7568,10,2300000,0,user_12,849,849,
7593,11,2000000,164000,user_37,849,849,
7613,12,0,0,validator_0,100,849,7593
7563,13,2100000,0,user_8,849,849,
7614,14,0,0,validator_0,100,849,7559
7559,15,1300000,594000,user_8,849,849,
7554,16,1800000,0,user_0,849,849,
7599,17,1700000,0,user_43,849,849,
7582,18,1500000,0,user_24,849,849,
7595,19,1400000,0,user_38,849,849,
7591,20,1100000,0,user_35,849,849,
7581,21,1000000,0,user_24,849,849,
7561,22,970000,0,user_8,849,849,
7608,23,910000,0,user_49,849,849,
7579,24,660000,0,user_22,849,849,
7604,25,660000,0,user_46,849,849,
7555,26,650000,0,user_2,849,849,
7558,27,650000,0,user_5,849,849,
7556,28,600000,12300,user_2,849,849,
7615,29,0,0,validator_0,100,849,7556
7616,30,0,0,validator_0,100,849,7594
7594,31,310000,164000,user_38,849,849,
7600,32,460000,0,user_43,849,849,
7567,33,420000,0,user_11,849,849,
7602,34,340000,0,user_43,849,849,
7577,35,300000,0,user_19,849,849,
7576,36,260000,0,user_18,849,849,
7589,37,260000,0,user_31,849,849,
7560,38,240000,0,user_8,849,849,
7580,39,240000,0,user_23,849,849,
7569,40,170000,0,user_13,849,849,
7574,41,150000,0,user_16,849,849,
7598,42,84000,46500,user_43,849,849,
7617,43,0,0,validator_0,100,849,7598
7573,44,98000,13800,user_15,849,849,
7618,45,0,0,validator_0,100,849,7573
7592,46,110000,0,user_37,849,849,
7585,47,100000,0,user_27,849,849,
7607,48,87000,0,user_48,849,849,
7590,49,85000,0,user_33,849,849,
7564,50,82000,0,user_9,849,849,
7601,51,80000,0,user_43,849,849,
7575,52,77000,0,user_18,849,849,
7637,0,4500000,0,user_22,850,850,
7654,1,2100000,0,user_45,850,850,
7649,2,2000000,0,user_37,850,850,
7659,3,2000000,13900,user_49,850,850,
7632,4,1700000,155000,user_11,850,850,
7660,5,1500000,0,user_49,850,850,
7620,6,1400000,7190000,user_1,850,850,
7653,7,1400000,0,user_44,850,850,
7621,8,1399999,0,user_1,850,850,7620
7639,9,1000000,0,user_24,850,850,
7648,10,1000000,33100,user_33,850,850,
7625,11,970000,121000,user_5,850,850,
7650,12,910000,0,user_38,850,850,
7630,13,870000,0,user_11,850,850,
7638,14,870000,0,user_23,850,850,
7629,15,470000,0,user_11,850,850,
7626,16,420000,0,user_6,850,850,
7658,17,360000,0,user_48,850,850,
7624,18,260000,0,user_4,850,850,
7622,19,190000,0,user_3,850,850,
7636,20,190000,0,user_20,850,850,
7628,21,150000,0,user_11,850,850,
7644,22,150000,0,user_28,850,850,
7651,23,150000,0,user_40,850,850,
7627,24,120000,0,user_10,850,850,
7631,25,84000,0,user_11,850,850,
7646,26,82000,0,user_30,850,850,
7619,27,73000,0,user_1,850,850,
7623,28,73000,0,user_3,850,850,
7655,29,70000,0,user_45,850,850,
7666,0,43000000,0,user_4,851,851,
7661,1,30000000,594000,user_1,851,851,
7712,2,0,0,validator_8,100,851,7661
7675,3,19000000,0,user_14,851,851,
7668,4,6300000,0,user_8,851,851,
7689,5,6300000,0,user_23,851,851,
7713,6,0,0,validator_8,100,851,7692
7692,7,3600000,959000,user_26,851,851,
7672,8,4500000,0,user_12,851,851,
7698,9,3500000,24700,user_33,851,851,
7714,10,0,0,validator_8,100,851,7698
7706,11,2400000,18600,user_40,851,851,
7715,12,0,0,validator_8,100,851,7706
7696,13,2100000,0,user_30,851,851,
7708,14,1800000,0,user_42,851,851,
7683,15,1600000,0,user_21,851,851,
7686,16,1600000,0,user_22,851,851,
7693,17,1400000,195000,user_28,851,851,
7716,18,0,0,validator_8,100,851,7693
7717,19,0,0,validator_8,100,851,7700
7700,20,1500000,67500,user_35,851,851,
7694,21,1400000,0,user_28,851,851,
7684,22,77000,1100000,user_21,851,851,
7718,23,0,0,validator_8,100,851,7684
7665,24,1000000,0,user_4,851,851,
7695,25,970000,0,user_29,851,851,
7688,26,530000,0,user_23,851,851,
7667,27,460000,0,user_5,851,851,
7685,28,360000,0,user_21,851,851,
7687,29,360000,0,user_23,851,851,
7690,30,340000,0,user_23,851,851,
7719,31,0,0,validator_8,100,851,7699
7699,32,150000,146000,user_34,851,851,
7674,33,240000,8520,user_13,851,851,
7720,34,0,0,validator_8,100,851,7674
7709,35,220000,0,user_44,851,851,
7707,36,160000,0,user_40,851,851,
7669,37,150000,0,user_8,851,851,
7705,38,150000,0,user_39,851,851,
7670,39,130000,0,user_9,851,851,
7691,40,77000,19700,user_25,851,851,
7721,41,0,0,validator_8,100,851,7691
7697,42,84000,0,user_31,851,851,
7673,43,83000,0,user_13,851,851,
7676,44,79000,0,user_15,851,851,
7757,0,27000000,146000,user_41,852,852,
7730,1,19000000,10700,user_13,852,852,
7745,2,6100000,0,user_33,852,852,
7759,3,6100000,64600,user_44,852,852,
7747,4,5200000,0,user_34,852,852,
7736,5,4500000,0,user_18,852,852,
7738,6,2600000,0,user_19,852,852,
7726,7,2500000,0,user_7,852,852,
7724,8,1900000,34700,user_3,852,852,
7750,9,1900000,84800,user_37,852,852,
7754,10,1400000,0,user_40,852,852,
7734,11,1200000,0,user_16,852,852,
7748,12,910000,0,user_36,852,852,
7755,13,870000,0,user_41,852,852,
7731,14,650000,0,user_13,852,852,
7761,15,630000,0,user_45,852,852,
7737,16,530000,0,user_18,852,852,
7764,17,530000,0,user_48,852,852,
7739,18,310000,0,user_21,852,852,
7728,19,260000,0,user_11,852,852,
7735,20,260000,256000,user_17,852,852,
7760,21,220000,0,user_45,852,852,
7746,22,190000,0,user_34,852,852,
7751,23,170000,0,user_38,852,852,
7741,24,160000,0,user_25,852,852,
7763,25,150000,0,user_47,852,852,
7727,26,120000,283000,user_9,852,852,
7743,27,120000,0,user_28,852,852,
7749,28,120000,0,user_37,852,852,
7752,29,120000,0,user_38,852,852,
7756,30,120000,31700,user_41,852,852,
7762,31,120000,0,user_47,852,852,
7742,32,110000,0,user_26,852,852,
7758,33,100000,0,user_43,852,852,
7753,34,98000,0,user_40,852,852,
7740,35,70000,0,user_23,852,852,
7768,0,27000000,0,user_4,853,853,
7806,1,27000000,0,user_44,853,853,
7813,2,0,0,validator_5,100,853,7796
7796,3,19000000,6390,user_38,853,853,
7785,4,5200000,0,user_25,853,853,
7780,5,4200000,0,user_19,853,853,
7798,6,3500000,0,user_40,853,853,
7810,7,2500000,0,user_46,853,853,
7795,8,2300000,0,user_38,853,853,
7779,9,2100000,0,user_18,853,853,
7788,10,2000000,0,user_33,853,853,
7772,11,1800000,0,user_6,853,853,
7793,12,1700000,0,user_37,853,853,
7769,13,1600000,0,user_5,853,853,
7801,14,1600000,0,user_42,853,853,
7789,15,1400000,0,user_33,853,853,
7786,16,1100000,0,user_27,853,853,
7770,17,460000,322000,user_6,853,853,
7814,18,0,0,validator_5,100,853,7770
7777,19,670000,0,user_15,853,853,
7815,20,0,0,validator_5,100,853,7781
7781,21,320000,296000,user_20,853,853,
7766,22,470000,0,user_1,853,853,
7784,23,460000,0,user_24,853,853,
7816,24,0,0,validator_5,100,853,7767
7767,25,240000,155000,user_2,853,853,
7774,26,320000,0,user_11,853,853,
7783,27,320000,0,user_23,853,853,
7782,28,310000,0,user_21,853,853,
7792,29,310000,0,user_36,853,853,
7800,30,310000,0,user_41,853,853,
7771,31,240000,0,user_6,853,853,
7809,32,170000,15700,user_44,853,853,
7817,33,0,0,validator_5,100,853,7809
7818,34,0,0,validator_5,100,853,7807
7807,35,160000,21800,user_44,853,853,
7805,36,170000,0,user_44,853,853,
7799,37,160000,0,user_40,853,853,
7773,38,150000,0,user_9,853,853,
7778,39,120000,0,user_17,853,853,
7794,40,120000,0,user_38,853,853,
7797,41,120000,0,user_38,853,853,
7802,42,120000,0,user_42,853,853,
7808,43,79000,0,user_44,853,853,
7832,0,5000000,0,user_13,854,854,
7856,1,3500000,16400,user_38,854,854,
7865,2,0,0,validator_7,100,854,7856
7821,3,2500000,0,user_2,854,854,
7852,4,2100000,0,user_31,854,854,
7828,5,2000000,0,user_10,854,854,
7848,6,2000000,0,user_28,854,854,
7855,7,1600000,0,user_37,854,854,
7839,8,1500000,0,user_19,854,854,
7866,9,0,0,validator_7,100,854,7827
7827,10,170000,1100000,user_9,854,854,
7845,11,1200000,0,user_22,854,854,
7851,12,1200000,0,user_30,854,854,
7850,13,220000,769000,user_30,854,854,
7867,14,0,0,validator_7,100,854,7850
7861,15,870000,0,user_43,854,854,
7822,16,83000,769000,user_5,854,854,
7868,17,0,0,validator_7,100,854,7822
7819,18,650000,0,user_0,854,854,
7853,19,600000,0,user_34,854,854,
7820,20,340000,0,user_1,854,854,
7854,21,310000,0,user_36,854,854,
7862,22,240000,0,user_44,854,854,
7869,23,0,0,validator_7,100,854,7858
7858,24,120000,68100,user_41,854,854,
7831,25,170000,0,user_12,854,854,
7837,26,170000,0,user_18,854,854,
7824,27,160000,0,user_6,854,854,
7846,28,84000,67500,user_23,854,854,
7870,29,0,0,validator_7,100,854,7846
7838,30,150000,0,user_19,854,854,
7823,31,130000,0,user_5,854,854,
7847,32,130000,0,user_24,854,854,
7871,33,0,0,validator_7,100,854,7836
7836,34,79000,43600,user_17,854,854,
7825,35,110000,0,user_7,854,854,
7834,36,110000,0,user_15,854,854,
7863,37,110000,0,user_47,854,854,
7864,38,110000,0,user_47,854,854,
7857,39,70000,23500,user_39,854,854,
7872,40,0,0,validator_7,100,854,7857
7826,41,84000,0,user_8,854,854,
7878,0,30000000,0,user_3,855,855,
7913,1,27000000,0,user_32,855,855,
7919,2,27000000,0,user_37,855,855,
7904,3,19000000,0,user_27,855,855,
7933,4,0,0,validator_10,100,855,7917
7917,5,2000000,7190000,user_35,855,855,
7920,6,6300000,0,user_38,855,855,
7934,7,0,0,validator_10,100,855,7899
7899,8,6100000,195000,user_21,855,855,
7889,9,6100000,0,user_12,855,855,
7935,10,0,0,validator_10,100,855,7895
7895,11,5200000,13900,user_20,855,855,
7921,12,3600000,0,user_40,855,855,
7877,13,2600000,0,user_3,855,855,
7883,14,2300000,0,user_7,855,855,
7922,15,2300000,0,user_40,855,855,
7923,16,1900000,0,user_41,855,855,
7876,17,1600000,0,user_3,855,855,
7898,18,1600000,0,user_20,855,855,
7882,19,1500000,0,user_6,855,855,
7931,20,1400000,0,user_45,855,855,
7936,21,0,0,validator_10,100,855,7897
7897,22,1200000,33300,user_20,855,855,
7912,23,120000,1100000,user_31,855,855,
7937,24,0,0,validator_10,100,855,7912
7929,25,1100000,0,user_44,855,855,
7905,26,970000,0,user_27,855,855,
7875,27,910000,0,user_3,855,855,
7911,28,77000,769000,user_31,855,855,
7938,29,0,0,validator_10,100,855,7911
7890,30,670000,0,user_13,855,855,
7916,31,670000,0,user_34,855,855,
7915,32,660000,8520,user_34,855,855,
7939,33,0,0,validator_10,100,855,7915
7918,34,660000,0,user_36,855,855,
7902,35,470000,0,user_24,855,855,
7901,36,360000,0,user_23,855,855,
7894,37,350000,0,user_20,855,855,
7927,38,320000,0,user_44,855,855,
7874,39,310000,0,user_2,855,855,
7914,40,310000,0,user_32,855,855,
7928,41,300000,0,user_44,855,855,
7940,42,0,0,validator_10,100,855,7900
7900,43,190000,84800,user_22,855,855,
7881,44,260000,0,user_5,855,855,
7893,45,220000,0,user_19,855,855,
7941,46,0,0,validator_10,100,855,7896
7896,47,160000,12800,user_20,855,855,
7903,48,160000,11200,user_25,855,855,
7942,49,0,0,validator_10,100,855,7903
7924,50,150000,0,user_42,855,855,
7892,51,110000,30200,user_17,855,855,
7943,52,0,0,validator_10,100,855,7892
7891,53,110000,12800,user_14,855,855,
7944,54,0,0,validator_10,100,855,7891
7925,55,98000,0,user_43,855,855,
7930,56,82000,0,user_44,855,855,
7873,57,80000,0,user_0,855,855,
7926,58,73000,0,user_43,855,855,
7986,0,27000000,0,user_34,856,856,
7980,1,19000000,0,user_29,856,856,
7967,2,5200000,108000,user_20,856,856,
7966,3,5000000,0,user_19,856,856,
7969,4,4500000,0,user_21,856,856,
7975,5,4500000,0,user_26,856,856,
7957,6,4200000,16400,user_14,856,856,
7968,7,3200000,0,user_20,856,856,
7985,8,2500000,0,user_33,856,856,
7956,9,1600000,0,user_14,856,856,
7951,10,1500000,0,user_5,856,856,
8002,11,1400000,0,user_48,856,856,
7999,12,1300000,0,user_47,856,856,
8000,13,1200000,0,user_48,856,856,
7993,14,970000,0,user_40,856,856,
7989,15,660000,64600,user_35,856,856,
7947,16,630000,0,user_1,856,856,
7995,17,630000,0,user_44,856,856,
7965,18,340000,0,user_17,856,856,
7988,19,310000,0,user_35,856,856,
7996,20,300000,0,user_44,856,856,
8001,21,300000,0,user_48,856,856,
7979,22,170000,21800,user_28,856,856,
7954,23,160000,0,user_10,856,856,
7972,24,160000,545000,user_23,856,856,
7976,25,160000,0,user_26,856,856,
7981,26,160000,0,user_31,856,856,
7949,27,150000,0,user_3,856,856,
7953,28,150000,0,user_8,856,856,
7964,29,150000,100000,user_16,856,856,
7958,30,120000,0,user_14,856,856,
7959,31,120000,0,user_14,856,856,
7982,32,120000,23500,user_31,856,856,
7987,33,120000,0,user_35,856,856,
7991,34,120000,0,user_37,856,856,
7994,35,110000,0,user_44,856,856,
7998,36,110000,779000,user_44,856,856,
7997,37,100000,0,user_44,856,856,
7952,38,87000,0,user_6,856,856,
7971,39,87000,0,user_23,856,856,
7990,40,87000,0,user_37,856,856,
7970,41,85000,0,user_23,856,856,
7984,42,83000,0,user_33,856,856,
7992,43,83000,0,user_38,856,856,
8013,0,43000000,0,user_8,857,857,
8017,1,30000000,0,user_11,857,857,
8053,2,0,0,validator_11,100,857,8042
8042,3,5000000,350000,user_42,857,857,
8031,4,4200000,0,user_27,857,857,
8023,5,3500000,0,user_21,857,857,
8027,6,2000000,0,user_25,857,857,
8045,7,1900000,0,user_43,857,857,
8036,8,1600000,0,user_34,857,857,
8050,9,1500000,47700,user_47,857,857,
8054,10,0,0,validator_11,100,857,8050
8034,11,1500000,0,user_31,857,857,
8055,12,0,0,validator_11,100,857,8028
8028,13,1400000,84800,user_25,857,857,
8009,14,1400000,0,user_4,857,857,
8047,15,1400000,0,user_45,857,857,
8048,16,1400000,0,user_46,857,857,
8008,17,1300000,0,user_4,857,857,
8037,18,1200000,0,user_34,857,857,
8038,19,1100000,0,user_35,857,857,
8014,20,970000,0,user_9,857,857,
8056,21,0,0,validator_11,100,857,8030
8030,22,910000,46500,user_27,857,857,
8039,23,870000,0,user_37,857,857,
8032,24,670000,0,user_28,857,857,
8057,25,0,0,validator_11,100,857,8052
8052,26,630000,21800,user_49,857,857,
8020,27,630000,0,user_16,857,857,
8040,28,600000,0,user_39,857,857,
8006,29,530000,0,user_0,857,857,
8010,30,530000,0,user_5,857,857,
8058,31,0,0,validator_11,100,857,8018
8018,32,420000,15300,user_12,857,857,
8007,33,420000,0,user_1,857,857,
8019,34,420000,0,user_14,857,857,
8059,35,0,0,validator_11,100,857,8051
8051,36,77000,215000,user_48,857,857,
8041,37,260000,0,user_41,857,857,
8043,38,240000,0,user_42,857,857,
8029,39,220000,0,user_26,857,857,
8049,40,220000,0,user_47,857,857,
8060,41,0,0,validator_11,100,857,8025
8025,42,110000,42000,user_23,857,857,
8061,43,0,0,validator_11,100,857,8026
8026,44,87000,33300,user_24,857,857,
8024,45,120000,0,user_22,857,857,
8044,46,120000,0,user_43,857,857,
8021,47,110000,0,user_18,857,857,
8033,48,110000,0,user_29,857,857,
8046,49,110000,0,user_44,857,857,
8035,50,84000,0,user_32,857,857,
8076,0,30000000,0,user_18,858,858,
8072,1,5000000,0,user_16,858,858,
8070,2,4500000,0,user_13,858,858,
8106,3,4200000,0,user_47,858,858,
8069,4,3600000,56200,user_12,858,858,
8109,5,0,0,validator_3,100,858,8069
8064,6,2600000,0,user_2,858,858,
8089,7,2600000,0,user_27,858,858,
8084,8,2300000,0,user_22,858,858,
8091,9,2100000,0,user_33,858,858,
8110,10,0,0,validator_3,100,858,8078
8078,11,2000000,21800,user_18,858,858,
8111,12,0,0,validator_3,100,858,8066
8066,13,2000000,18600,user_5,858,858,
8093,14,1900000,0,user_36,858,858,
8067,15,1700000,0,user_6,858,858,
8094,16,1500000,0,user_36,858,858,
8095,17,1500000,0,user_36,858,858,
8065,18,1400000,0,user_4,858,858,
8098,19,1400000,0,user_38,858,858,
8112,20,0,0,validator_3,100,858,8102
8102,21,1300000,6390,user_40,858,858,
8086,22,1100000,0,user_24,858,858,
8083,23,110000,959000,user_21,858,858,
8113,24,0,0,validator_3,100,858,8083
8092,25,1000000,0,user_36,858,858,
8088,26,970000,0,user_26,858,858,
8114,27,0,0,validator_3,100,858,8068
8068,28,170000,779000,user_9,858,858,
8115,29,0,0,validator_3,100,858,8087
8087,30,150000,545000,user_25,858,858,
8096,31,600000,0,user_36,858,858,
8116,32,0,0,validator_3,100,858,8074
8074,33,470000,33300,user_18,858,858,
8063,34,420000,0,user_1,858,858,
8077,35,310000,0,user_18,858,858,
8097,36,310000,0,user_37,858,858,
8071,37,260000,0,user_15,858,858,
8073,38,190000,0,user_17,858,858,
8104,39,120000,60700,user_44,858,858,
8117,40,0,0,validator_3,100,858,8104
8103,41,170000,0,user_41,858,858,
8085,42,120000,0,user_23,858,858,
8075,43,110000,0,user_18,858,858,
8062,44,79000,0,user_0,858,858,
8090,45,77000,0,user_29,858,858,
8147,0,43000000,322000,user_29,859,859,
8170,1,0,0,validator_13,100,859,8147
8171,2,0,0,validator_13,100,859,8148
8148,3,6100000,510000,user_30,859,859,
8125,4,6300000,0,user_2,859,859,
8146,5,5200000,0,user_28,859,859,
8169,6,4500000,0,user_48,859,859,
8132,7,2100000,0,user_10,859,859,
8119,8,2000000,0,user_1,859,859,
8143,9,1700000,0,user_25,859,859,
8123,10,1500000,0,user_1,859,859,
8154,11,1500000,0,user_38,859,859,
8156,12,1500000,0,user_39,859,859,
8150,13,1100000,0,user_32,859,859,
8144,14,1000000,0,user_25,859,859,
8149,15,870000,0,user_30,859,859,
8172,16,0,0,validator_13,100,859,8152
8152,17,660000,35100,user_33,859,859,
8142,18,660000,0,user_25,859,859,
8168,19,530000,0,user_47,859,859,
8138,20,470000,0,user_17,859,859,
8151,21,420000,0,user_33,859,859,
8130,22,340000,0,user_8,859,859,
8124,23,310000,0,user_2,859,859,
8120,24,220000,0,user_1,859,859,
8121,25,220000,0,user_1,859,859,
8129,26,220000,0,user_7,859,859,
8135,27,220000,0,user_12,859,859,
8136,28,220000,0,user_13,859,859,
8155,29,220000,0,user_39,859,859,
8153,30,190000,0,user_36,859,859,
8141,31,160000,0,user_25,859,859,
8158,32,160000,0,user_39,859,859,
8140,33,150000,0,user_21,859,859,
8167,34,150000,0,user_45,859,859,
8126,35,120000,0,user_3,859,859,
8122,36,110000,0,user_1,859,859,
8164,37,100000,0,user_41,859,859,
8173,38,0,0,validator_13,100,859,8157
8157,39,73000,17000,user_39,859,859,
8133,40,85000,0,user_10,859,859,
8165,41,84000,0,user_41,859,859,
8166,42,83000,0,user_43,859,859,
8145,43,79000,0,user_26,859,859,
8209,0,27000000,0,user_31,860,860,
8191,1,19000000,0,user_15,860,860,
8180,2,5000000,0,user_3,860,860,
8225,3,5000000,0,user_49,860,860,
8174,4,3600000,0,user_1,860,860,
8188,5,3200000,0,user_15,860,860,
8190,6,3200000,0,user_15,860,860,
8201,7,2500000,0,user_25,860,860,
8197,8,2000000,0,user_21,860,860,
8220,9,2000000,0,user_42,860,860,
8175,10,1600000,0,user_2,860,860,
8205,11,1600000,0,user_29,860,860,
8223,12,1500000,0,user_47,860,860,
8192,13,1000000,0,user_15,860,860,
8194,14,1000000,0,user_17,860,860,
8213,15,1000000,0,user_35,860,860,
8226,16,0,0,validator_5,100,860,8178
8178,17,870000,24700,user_3,860,860,
8176,18,670000,0,user_3,860,860,
8221,19,460000,0,user_44,860,860,
8222,20,420000,0,user_46,860,860,
8196,21,350000,11200,user_19,860,860,
8227,22,0,0,validator_5,100,860,8196
8228,23,0,0,validator_5,100,860,8195
8195,24,300000,35600,user_18,860,860,
8204,25,120000,181000,user_28,860,860,
8229,26,0,0,validator_5,100,860,8204
8230,27,0,0,validator_5,100,860,8214
8214,28,260000,19700,user_37,860,860,
8218,29,260000,0,user_41,860,860,
8198,30,240000,0,user_21,860,860,
8182,31,220000,0,user_6,860,860,
8185,32,220000,0,user_10,860,860,
8203,33,190000,0,user_27,860,860,
8231,34,0,0,validator_5,100,860,8215
8215,35,170000,5640,user_38,860,860,
8177,36,150000,0,user_3,860,860,
8199,37,120000,0,user_22,860,860,
8219,38,110000,0,user_41,860,860,
8193,39,98000,0,user_16,860,860,
8211,40,98000,0,user_33,860,860,
8179,41,82000,0,user_3,860,860,
8189,42,82000,0,user_15,860,860,
8181,43,80000,0,user_4,860,860,
8200,44,80000,0,user_22,860,860,
8217,45,80000,0,user_40,860,860,
8202,46,79000,0,user_25,860,860,
8184,47,73000,0,user_9,860,860,
8186,48,70000,0,user_11,860,860,
8268,0,43000000,33100,user_28,861,861,
8294,1,0,0,validator_8,100,861,8268
8270,2,5200000,0,user_30,861,861,
8295,3,0,0,validator_8,100,861,8284
8284,4,5000000,66100,user_39,861,861,
8262,5,4500000,161000,user_24,861,861,
8296,6,0,0,validator_8,100,861,8262
8297,7,0,0,validator_8,100,861,8253
8253,8,4500000,5630,user_16,861,861,
8252,9,4200000,0,user_16,861,861,
8277,10,3600000,0,user_34,861,861,
8275,11,3500000,0,user_31,861,861,
8238,12,2600000,0,user_4,861,861,
8241,13,2400000,12300,user_4,861,861,
8298,14,0,0,validator_8,100,861,8241
8248,15,2300000,0,user_12,861,861,
8240,16,1900000,0,user_4,861,861,
8272,17,1600000,0,user_31,861,861,
8299,18,0,0,validator_8,100,861,8279
8279,19,1500000,68100,user_34,861,861,
8232,20,1500000,0,user_1,861,861,
8278,21,1500000,0,user_34,861,861,
8289,22,1500000,0,user_44,861,861,
8273,23,1400000,5640,user_31,861,861,
8300,24,0,0,validator_8,100,861,8273
8274,25,1400000,0,user_31,861,861,
8276,26,1400000,0,user_32,861,861,
8245,27,1300000,0,user_7,861,861,
8280,28,1100000,0,user_34,861,861,
8260,29,1000000,0,user_23,861,861,
8263,30,870000,0,user_24,861,861,
8301,31,0,0,validator_8,100,861,8261
8261,32,650000,8520,user_23,861,861,
8255,33,650000,0,user_18,861,861,
8287,34,470000,0,user_42,861,861,
8246,35,460000,0,user_8,861,861,
8286,36,300000,100000,user_40,861,861,
8302,37,0,0,validator_8,100,861,8286
8266,38,340000,0,user_27,861,861,
8251,39,260000,46500,user_14,861,861,
8303,40,0,0,validator_8,100,861,8251
8267,41,300000,0,user_28,861,861,
8304,42,0,0,validator_8,100,861,8293
8293,43,85000,215000,user_49,861,861,
8258,44,260000,0,user_21,861,861,
8264,45,220000,0,user_25,861,861,
8271,46,170000,21800,user_30,861,861,
8305,47,0,0,validator_8,100,861,8271
8265,48,170000,15700,user_26,861,861,
8306,49,0,0,validator_8,100,861,8265
8249,50,170000,0,user_12,861,861,
8269,51,170000,0,user_29,861,861,
8292,52,170000,0,user_47,861,861,
8307,53,0,0,validator_8,100,861,8281
8281,54,120000,42000,user_35,861,861,
8239,55,160000,0,user_4,861,861,
8242,56,120000,39400,user_5,861,861,
8308,57,0,0,validator_8,100,861,8242
8257,58,150000,0,user_20,861,861,
8250,59,82000,67500,user_13,861,861,
8309,60,0,0,validator_8,100,861,8250
8285,61,120000,0,user_39,861,861,
8259,62,77000,0,user_21,861,861,
8348,0,19000000,0,user_33,862,862,
8342,1,220000,7190000,user_28,862,862,
8370,2,0,0,validator_13,100,862,8342
8328,3,6100000,0,user_17,862,862,
8317,4,5000000,0,user_4,862,862,
8347,5,4200000,0,user_31,862,862,
8322,6,1600000,779000,user_13,862,862,
8371,7,0,0,validator_13,100,862,8322
8352,8,2000000,0,user_34,862,862,
8346,9,1900000,0,user_31,862,862,
8353,10,1800000,0,user_35,862,862,
8372,11,0,0,validator_13,100,862,8325
8325,12,1700000,66100,user_15,862,862,
8340,13,660000,959000,user_28,862,862,
8373,14,0,0,validator_13,100,862,8340
8330,15,1500000,0,user_17,862,862,
8337,16,1200000,0,user_25,862,862,
8369,17,1100000,0,user_49,862,862,
8326,18,970000,0,user_15,862,862,
8336,19,910000,0,user_24,862,862,
8368,20,910000,0,user_48,862,862,
8312,21,670000,0,user_2,862,862,
8365,22,670000,0,user_43,862,862,
8331,23,660000,0,user_17,862,862,
8351,24,660000,0,user_34,862,862,
8374,25,0,0,validator_13,100,862,8313
8313,26,420000,231000,user_3,862,862,
8323,27,630000,0,user_14,862,862,
8338,28,630000,0,user_27,862,862,
8329,29,470000,0,user_17,862,862,
8314,30,460000,0,user_4,862,862,
8315,31,420000,0,user_4,862,862,
8339,32,310000,0,user_27,862,862,
8341,33,310000,0,user_28,862,862,
8354,34,310000,0,user_35,862,862,
8344,35,260000,12800,user_28,862,862,
8375,36,0,0,validator_13,100,862,8344
8316,37,260000,0,user_4,862,862,
8359,38,220000,0,user_39,862,862,
8362,39,220000,0,user_41,862,862,
8357,40,170000,5640,user_36,862,862,
8376,41,0,0,validator_13,100,862,8357
8332,42,170000,0,user_19,862,862,
8324,43,160000,0,user_15,862,862,
8358,44,160000,0,user_38,862,862,
8311,45,150000,0,user_1,862,862,
8345,46,150000,0,user_29,862,862,
8349,47,150000,0,user_34,862,862,
8343,48,120000,15300,user_28,862,862,
8377,49,0,0,validator_13,100,862,8343
8334,50,120000,0,user_21,862,862,
8355,51,110000,0,user_35,862,862,
8378,52,0,0,validator_13,100,862,8364
8364,53,82000,12300,user_43,862,862,
8361,54,84000,0,user_41,862,862,
8363,55,84000,0,user_43,862,862,
8366,56,83000,0,user_46,862,862,
8367,57,82000,0,user_47,862,862,
8350,58,79000,0,user_34,862,862,
8356,59,73000,0,user_35,862,862,
8320,60,70000,0,user_10,862,862,
8432,0,0,0,validator_11,100,863,8385
8385,1,30000000,108000,user_6,863,863,
8414,2,5000000,0,user_36,863,863,
8391,3,3600000,0,user_11,863,863,
8393,4,3600000,0,user_15,863,863,
8424,5,3600000,0,user_45,863,863,
8433,6,0,0,validator_11,100,863,8406
8406,7,2600000,16400,user_29,863,863,
8413,8,2600000,0,user_36,863,863,
8401,9,2400000,0,user_22,863,863,
8379,10,2000000,73100,user_0,863,863,
8434,11,0,0,validator_11,100,863,8379
8397,12,2000000,0,user_15,863,863,
8402,13,2000000,0,user_23,863,863,
8423,14,1900000,0,user_45,863,863,
8395,15,1800000,7840,user_15,863,863,
8435,16,0,0,validator_11,100,863,8395
8422,17,1600000,13900,user_44,863,863,
8436,18,0,0,validator_11,100,863,8422
8399,19,1600000,0,user_18,863,863,
8431,20,1600000,0,user_49,863,863,
8392,21,1500000,0,user_12,863,863,
8411,22,1500000,0,user_34,863,863,
8426,23,1500000,0,user_45,863,863,
8383,24,1400000,0,user_6,863,863,
8429,25,1100000,0,user_48,863,863,
8407,26,1000000,0,user_30,863,863,
8437,27,0,0,validator_11,100,863,8404
8404,28,870000,7840,user_26,863,863,
8398,29,77000,769000,user_16,863,863,
8438,30,0,0,validator_11,100,863,8398
8420,31,600000,0,user_41,863,863,
8427,32,600000,0,user_46,863,863,
8382,33,460000,0,user_6,863,863,
8416,34,460000,0,user_38,863,863,
8389,35,420000,0,user_8,863,863,
8439,36,0,0,validator_11,100,863,8417
8417,37,110000,296000,user_39,863,863,
8425,38,370000,0,user_45,863,863,
8384,39,320000,0,user_6,863,863,
8428,40,310000,0,user_48,863,863,
8405,41,150000,155000,user_28,863,863,
8440,42,0,0,validator_11,100,863,8405
8421,43,220000,0,user_43,863,863,
8441,44,0,0,validator_11,100,863,8410
8410,45,150000,32900,user_31,863,863,
8390,46,170000,0,user_9,863,863,
8412,47,170000,0,user_34,863,863,
8403,48,150000,0,user_25,863,863,
8408,49,120000,0,user_30,863,863,
8415,50,120000,0,user_37,863,863,
8380,51,110000,0,user_3,863,863,
8396,52,110000,0,user_15,863,863,
8400,53,100000,0,user_21,863,863,
8394,54,85000,0,user_15,863,863,
8381,55,79000,0,user_4,863,863,
8409,56,79000,0,user_30,863,863,
8430,57,79000,0,user_48,863,863,
6332,0,19000000,0,user_1,864,864,
6348,1,4200000,0,user_14,864,864,
6367,2,4200000,0,user_29,864,864,
6344,3,2500000,0,user_11,864,864,
6356,4,2400000,75000,user_20,864,864,
6366,5,2400000,146000,user_28,864,864,
6376,6,2400000,0,user_42,864,864,
6342,7,2100000,0,user_11,864,864,
6386,8,2000000,0,user_47,864,864,
6337,9,1800000,0,user_7,864,864,
6372,10,1800000,0,user_35,864,864,
6339,11,1600000,594000,user_9,864,864,
6358,12,1500000,0,user_22,864,864,
6351,13,1400000,21800,user_16,864,864,
6350,14,1300000,410000,user_16,864,864,
6373,15,1300000,779000,user_38,864,864,
6341,16,1200000,181000,user_11,864,864,
6336,17,1100000,0,user_6,864,864,
6353,18,1000000,296000,user_18,864,864,
6363,19,1000000,0,user_26,864,864,
6347,20,970000,0,user_14,864,864,
6381,21,870000,0,user_45,864,864,
6383,22,660000,0,user_46,864,864,
6333,23,530000,0,user_1,864,864,
6340,24,460000,0,user_9,864,864,
6355,25,460000,0,user_19,864,864,
6354,26,350000,0,user_19,864,864,
6388,27,350000,0,user_47,864,864,
6370,28,320000,0,user_31,864,864,
6352,29,260000,0,user_17,864,864,
6374,30,260000,0,user_41,864,864,
6382,31,260000,285000,user_45,864,864,
6371,32,240000,0,user_33,864,864,
6368,33,220000,0,user_30,864,864,
6380,34,190000,0,user_45,864,864,
6362,35,150000,0,user_25,864,864,
6385,36,150000,155000,user_47,864,864,
6338,37,120000,0,user_7,864,864,
6375,38,120000,0,user_42,864,864,
6377,39,120000,0,user_43,864,864,
6379,40,120000,0,user_45,864,864,
6384,41,120000,0,user_47,864,864,
6357,42,110000,0,user_22,864,864,
6369,43,110000,0,user_30,864,864,
6378,44,110000,0,user_44,864,864,
6343,45,87000,0,user_11,864,864,
6364,46,82000,0,user_26,864,864,
6387,47,77000,0,user_47,864,864,
6361,48,73000,0,user_25,864,864,
6434,0,30000000,0,user_35,865,865,
6414,1,6300000,0,user_18,865,865,
6411,2,5200000,0,user_16,865,865,
6397,3,5000000,0,user_8,865,865,
6422,4,5000000,0,user_23,865,865,
6454,5,4200000,33300,user_48,865,865,
6456,6,0,0,validator_0,100,865,6454
6410,7,4200000,0,user_15,865,865,
6448,8,4200000,0,user_44,865,865,
6412,9,2500000,0,user_17,865,865,
6453,10,2100000,381000,user_47,865,865,
6457,11,0,0,validator_0,100,865,6453
6458,12,0,0,validator_0,100,865,6398
6398,13,1400000,21800,user_9,865,865,
6450,14,1400000,0,user_46,865,865,
6433,15,1100000,0,user_35,865,865,
6415,16,670000,146000,user_19,865,865,
6459,17,0,0,validator_0,100,865,6415
6432,18,670000,0,user_33,865,865,
6455,19,650000,0,user_49,865,865,
6460,20,0,0,validator_0,100,865,6446
6446,21,630000,18600,user_44,865,865,
6416,22,470000,0,user_20,865,865,
6393,23,460000,0,user_3,865,865,
6401,24,420000,0,user_11,865,865,
6461,25,0,0,validator_0,100,865,6424
6424,26,120000,296000,user_27,865,865,
6404,27,370000,0,user_13,865,865,
6462,28,0,0,validator_0,100,865,6430
6430,29,130000,215000,user_32,865,865,
6396,30,310000,0,user_7,865,865,
6417,31,300000,0,user_20,865,865,
6413,32,260000,0,user_17,865,865,
6463,33,0,0,validator_0,100,865,6425
6425,34,190000,36800,user_27,865,865,
6464,35,0,0,validator_0,100,865,6394
6394,36,100000,121000,user_5,865,865,
6420,37,220000,0,user_22,865,865,
6426,38,220000,0,user_27,865,865,
6429,39,160000,0,user_31,865,865,
6403,40,150000,0,user_12,865,865,
6447,41,150000,0,user_44,865,865,
6465,42,0,0,validator_0,100,865,6435
6435,43,120000,18600,user_35,865,865,
6395,44,130000,0,user_6,865,865,
6391,45,120001,0,user_2,865,865,6390
6392,46,120001,0,user_2,865,865,6390
6402,47,120000,0,user_11,865,865,
6445,48,120000,0,user_43,865,865,
6451,49,120000,0,user_47,865,865,
6444,50,110000,0,user_42,865,865,
6452,51,110000,0,user_47,865,865,
6437,52,84000,0,user_37,865,865,
6421,53,82000,0,user_22,865,865,
6418,54,79000,0,user_20,865,865,
6431,55,70000,0,user_33,865,865,
6497,0,43000000,0,user_32,866,866,
6493,1,27000000,0,user_29,866,866,
6518,2,0,0,validator_6,100,866,6514
6514,3,3600000,19700,user_46,866,866,
6496,4,3600000,0,user_32,866,866,
6502,5,3600000,0,user_35,866,866,
6473,6,3200000,0,user_8,866,866,
6495,7,2300000,0,user_31,866,866,
6492,8,1500000,0,user_27,866,866,
6494,9,1500000,0,user_30,866,866,
6470,10,1400000,0,user_2,866,866,
6481,11,1400000,0,user_16,866,866,
6486,12,1400000,0,user_21,866,866,
6487,13,1300000,0,user_21,866,866,
6512,14,1300000,0,user_44,866,866,
6466,15,1000000,0,user_0,866,866,
6469,16,1000000,0,user_1,866,866,
6468,17,970000,0,user_1,866,866,
6505,18,970000,0,user_38,866,866,
6519,19,0,0,validator_6,100,866,6513
6513,20,910000,13800,user_45,866,866,
6520,21,0,0,validator_6,100,866,6475
6475,22,120000,779000,user_10,866,866,
6508,23,670000,0,user_39,866,866,
6511,24,660000,0,user_43,866,866,
6478,25,600000,0,user_13,866,866,
6501,26,600000,0,user_35,866,866,
6467,27,460000,0,user_1,866,866,
6480,28,420000,0,user_15,866,866,
6521,29,0,0,validator_6,100,866,6472
6472,30,350000,35100,user_4,866,866,
6485,31,360000,0,user_20,866,866,
6510,32,340000,0,user_42,866,866,
6471,33,320000,0,user_3,866,866,
6504,34,320000,0,user_38,866,866,
6522,35,0,0,validator_6,100,866,6483
6483,36,110000,155000,user_19,866,866,
6523,37,0,0,validator_6,100,866,6498
6498,38,220000,12800,user_33,866,866,
6484,39,220000,0,user_19,866,866,
6507,40,220000,0,user_38,866,866,
6482,41,190000,0,user_17,866,866,
6524,42,0,0,validator_6,100,866,6506
6506,43,160000,21800,user_38,866,866,
6477,44,170000,0,user_12,866,866,
6476,45,160000,0,user_10,866,866,
6525,46,0,0,validator_6,100,866,6474
6474,47,84000,7840,user_9,866,866,
6479,48,82000,0,user_14,866,866,
6539,0,43000000,0,user_8,867,867,
6575,1,30000000,0,user_48,867,867,
6533,2,27000000,181000,user_5,867,867,
6578,3,0,0,validator_10,100,867,6533
6528,4,6100000,0,user_0,867,867,
6558,5,5200000,0,user_31,867,867,
6563,6,5200000,0,user_36,867,867,
6573,7,3600000,30200,user_47,867,867,
6579,8,0,0,validator_10,100,867,6573
6568,9,3600000,0,user_41,867,867,
6545,10,3200000,0,user_13,867,867,
6526,11,2400000,0,user_0,867,867,
6561,12,2400000,0,user_33,867,867,
6537,13,2100000,0,user_8,867,867,
6580,14,0,0,validator_10,100,867,6557
6557,15,1500000,510000,user_30,867,867,
6540,16,1500000,0,user_8,867,867,
6559,17,1500000,0,user_32,867,867,
6547,18,970000,161000,user_16,867,867,
6581,19,0,0,validator_10,100,867,6547
6565,20,1100000,0,user_39,867,867,
6551,21,1000000,0,user_24,867,867,
6569,22,1000000,0,user_43,867,867,
6536,23,870000,0,user_8,867,867,
6538,24,870000,0,user_8,867,867,
6582,25,0,0,validator_10,100,867,6543
6543,26,670000,64600,user_11,867,867,
6527,27,460000,0,user_0,867,867,
6574,28,460000,0,user_47,867,867,
6583,29,0,0,validator_10,100,867,6530
6530,30,360000,67900,user_1,867,867,
6535,31,420000,0,user_7,867,867,
6584,32,0,0,validator_10,100,867,6546
6546,33,370000,24700,user_15,867,867,
6531,34,360001,0,user_2,867,867,6530
6553,35,350000,0,user_27,867,867,
6529,36,320000,0,user_1,867,867,
6548,37,260000,0,user_17,867,867,
6562,38,260000,0,user_34,867,867,
6552,39,79000,155000,user_25,867,867,
6585,40,0,0,validator_10,100,867,6552
6570,41,170000,0,user_43,867,867,
6550,42,160000,0,user_21,867,867,
6577,43,160000,0,user_49,867,867,
6560,44,150000,0,user_33,867,867,
6564,45,150000,0,user_37,867,867,
6544,46,120000,0,user_12,867,867,
6532,47,100000,0,user_5,867,867,
6566,48,100000,0,user_40,867,867,
6576,49,100000,0,user_49,867,867,
6567,50,84000,0,user_40,867,867,
6534,51,83000,0,user_6,867,867,
6643,0,19000000,0,user_41,868,868,
6596,1,6100000,0,user_6,868,868,
6654,2,5000000,0,user_49,868,868,
6611,3,3500000,0,user_15,868,868,
6592,4,3200000,0,user_5,868,868,
6614,5,2000000,0,user_17,868,868,
6626,6,2000000,0,user_30,868,868,
6633,7,2000000,779000,user_37,868,868,
6613,8,1700000,0,user_17,868,868,
6624,9,1600000,0,user_27,868,868,
6595,10,1500000,0,user_6,868,868,
6628,11,1500000,0,user_32,868,868,
6593,12,1400000,0,user_6,868,868,
6612,13,1100000,0,user_16,868,868,
6635,14,1100000,0,user_38,868,868,
6631,15,1000000,0,user_35,868,868,
6619,16,910000,0,user_19,868,868,
6653,17,910000,1100000,user_48,868,868,
6607,18,870000,0,user_13,868,868,
6600,19,650000,0,user_8,868,868,
6634,20,470000,0,user_37,868,868,
6602,21,460000,0,user_9,868,868,
6637,22,460000,0,user_39,868,868,
6638,23,460000,0,user_39,868,868,
6589,24,420000,0,user_3,868,868,
6599,25,420000,296000,user_8,868,868,
6617,26,420000,0,user_17,868,868,
6608,27,370000,0,user_13,868,868,
6598,28,360000,24700,user_7,868,868,
6623,29,320000,0,user_25,868,868,
6641,30,320000,0,user_41,868,868,
6604,31,310000,0,user_13,868,868,
6639,32,260000,0,user_39,868,868,
6588,33,220001,0,user_1,868,868,6587
6587,34,220000,155000,user_1,868,868,
6605,35,190000,0,user_13,868,868,
6636,36,190000,0,user_39,868,868,
6590,37,170000,0,user_3,868,868,
6642,38,170000,11200,user_41,868,868,
6620,39,160000,0,user_22,868,868,
6610,40,130000,0,user_14,868,868,
6586,41,120000,0,user_0,868,868,
6597,42,120000,0,user_7,868,868,
6625,43,120000,0,user_28,868,868,
6603,44,110000,0,user_10,868,868,
6616,45,110000,0,user_17,868,868,
6630,46,100000,164000,user_34,868,868,
6632,47,87000,0,user_36,868,868,
6601,48,83000,0,user_8,868,868,
6609,49,82000,594000,user_14,868,868,
6615,50,82000,0,user_17,868,868,
6644,51,79000,0,user_43,868,868,
6594,52,77000,1100000,user_6,868,868,
6591,53,73000,410000,user_4,868,868,
6606,54,73000,0,user_13,868,868,
6655,0,6300000,0,user_1,869,869,
6666,1,6300000,0,user_10,869,869,
6670,2,4500000,18600,user_15,869,869,
6661,3,2300000,0,user_6,869,869,
6672,4,1800000,31700,user_16,869,869,
6663,5,1700000,0,user_6,869,869,
6684,6,1700000,7190000,user_26,869,869,
6662,7,1500000,0,user_6,869,869,
6690,8,1500000,0,user_34,869,869,
6697,9,1500000,0,user_41,869,869,
6704,10,1500000,0,user_45,869,869,
6669,11,1400000,0,user_14,869,869,
6676,12,1000000,12300,user_22,869,869,
6700,13,1000000,0,user_44,869,869,
6665,14,910000,0,user_7,869,869,
6702,15,870000,0,user_44,869,869,
6696,16,630000,0,user_41,869,869,
6689,17,530000,0,user_32,869,869,
6673,18,420000,0,user_17,869,869,
6664,19,370000,0,user_6,869,869,
6659,20,350000,285000,user_4,869,869,
6671,21,340000,0,user_15,869,869,
6705,22,340000,35600,user_46,869,869,
6692,23,320000,0,user_36,869,869,
6677,24,310000,0,user_22,869,869,
6703,25,310000,0,user_44,869,869,
6707,26,310000,7190000,user_48,869,869,
6678,27,300000,0,user_22,869,869,
6688,28,260000,0,user_30,869,869,
6699,29,260000,0,user_44,869,869,
6695,30,220000,0,user_41,869,869,
6668,31,190000,0,user_13,869,869,
6682,32,170000,67500,user_24,869,869,
6679,33,160000,0,user_22,869,869,
6674,34,150000,0,user_18,869,869,
6685,35,150000,16400,user_26,869,869,
6701,36,150000,0,user_44,869,869,
6680,37,120000,4320000,user_22,869,869,
6693,38,120000,0,user_37,869,869,
6698,39,120000,381000,user_42,869,869,
6686,40,110000,0,user_28,869,869,
6658,41,98000,0,user_4,869,869,
6657,42,87000,0,user_3,869,869,
6667,43,87000,0,user_13,869,869,
6694,44,82000,23500,user_39,869,869,
6708,45,77000,0,user_48,869,869,
6656,46,73000,0,user_2,869,869,
6691,47,73000,0,user_34,869,869,
6720,0,43000000,0,user_10,870,870,
6724,1,30000000,0,user_14,870,870,
6713,2,19000000,0,user_3,870,870,
6757,3,4500000,0,user_49,870,870,
6712,4,4200001,0,user_2,870,870,6711
6711,5,4200000,161000,user_2,870,870,
6710,6,2000000,0,user_1,870,870,
6750,7,1900000,0,user_43,870,870,
6716,8,1500000,0,user_7,870,870,
6736,9,1100000,0,user_29,870,870,
6719,10,1000000,0,user_10,870,870,
6729,11,1000000,381000,user_22,870,870,
6725,12,910000,0,user_16,870,870,
6715,13,660000,146000,user_5,870,870,
6738,14,600000,0,user_30,870,870,
6730,15,530000,0,user_23,870,870,
6728,16,470000,0,user_19,870,870,
6714,17,420000,60700,user_3,870,870,
6743,18,420000,0,user_35,870,870,
6744,19,370000,0,user_36,870,870,
6723,20,360000,0,user_14,870,870,
6722,21,340000,0,user_13,870,870,
6756,22,220000,0,user_48,870,870,
6718,23,160000,0,user_9,870,870,
6737,24,160000,0,user_30,870,870,
6726,25,150000,0,user_17,870,870,
6732,26,150000,0,user_25,870,870,
6735,27,150000,0,user_29,870,870,
6741,28,150000,0,user_32,870,870,
6717,29,130000,0,user_9,870,870,
6734,30,120000,0,user_28,870,870,
6759,31,120000,0,user_49,870,870,
6733,32,87000,0,user_27,870,870,
6758,33,77000,0,user_49,870,870,
6709,34,70000,0,user_0,870,870,
6775,0,43000000,0,user_15,871,871,
6791,1,43000000,0,user_28,871,871,
6793,2,43000000,47700,user_32,871,871,
6762,3,30000000,0,user_4,871,871,
6766,4,30000000,0,user_6,871,871,
6795,5,19000000,0,user_37,871,871,
6800,6,19000000,0,user_41,871,871,
6801,7,19000000,0,user_41,871,871,
6782,8,5000000,0,user_22,871,871,
6789,9,3600000,0,user_25,871,871,
6806,10,3200000,0,user_49,871,871,
6792,11,2600000,0,user_29,871,871,
6798,12,2100000,0,user_39,871,871,
6765,13,2000000,0,user_6,871,871,
6790,14,2000000,18600,user_26,871,871,
6774,15,1900000,0,user_14,871,871,
6781,16,1900000,18600,user_20,871,871,
6785,17,1900000,0,user_22,871,871,
6803,18,1700000,0,user_43,871,871,
6777,19,1500000,0,user_17,871,871,
6779,20,1400000,0,user_17,871,871,
6796,21,1400000,0,user_37,871,871,
6797,22,1100000,0,user_38,871,871,
6761,23,1000000,0,user_2,871,871,
6784,24,1000000,0,user_22,871,871,
6776,25,670000,33100,user_16,871,871,
6763,26,650000,164000,user_4,871,871,
6767,27,630000,0,user_7,871,871,
6783,28,630000,0,user_22,871,871,
6768,29,530000,0,user_9,871,871,
6760,30,340000,0,user_2,871,871,
6770,31,150000,0,user_10,871,871,
6780,32,120000,0,user_17,871,871,
6764,33,100000,0,user_5,871,871,
6787,34,83000,0,user_23,871,871,
6769,35,80000,0,user_9,871,871,
6773,36,79000,0,user_13,871,871,
6786,37,77000,0,user_22,871,871,
6778,38,70000,0,user_17,871,871,
6833,0,30000000,0,user_25,872,872,
6843,1,27000000,0,user_37,872,872,
6835,2,19000000,0,user_31,872,872,
6836,3,6300000,594000,user_33,872,872,
6858,4,0,0,validator_11,100,872,6836
6817,5,5000000,0,user_8,872,872,
6856,6,5000000,0,user_47,872,872,
6814,7,3500000,0,user_3,872,872,
6848,8,2400000,0,user_41,872,872,
6815,9,2300000,0,user_5,872,872,
6821,10,2000000,0,user_12,872,872,
6854,11,2000000,0,user_45,872,872,
6859,12,0,0,validator_11,100,872,6850
6850,13,1800000,15300,user_41,872,872,
6824,14,1700000,0,user_15,872,872,
6860,15,0,0,validator_11,100,872,6830
6830,16,1500000,33300,user_21,872,872,
6834,17,1500000,0,user_27,872,872,
6807,18,1200000,0,user_0,872,872,
6840,19,1100000,15100,user_36,872,872,
6861,20,0,0,validator_11,100,872,6840
6827,21,1100000,0,user_18,872,872,
6862,22,0,0,validator_11,100,872,6839
6839,23,630000,161000,user_35,872,872,
6808,24,660000,84800,user_0,872,872,
6863,25,0,0,validator_11,100,872,6808
6811,26,660001,0,user_0,872,872,6808
6809,27,659999,0,user_0,872,872,6808
6810,28,659999,0,user_0,872,872,6808
6812,29,659999,0,user_1,872,872,6808
6813,30,659999,0,user_2,872,872,6808
6828,31,650000,0,user_21,872,872,
6816,32,530000,0,user_6,872,872,
6832,33,530000,0,user_23,872,872,
6818,34,340000,181000,user_9,872,872,
6864,35,0,0,validator_11,100,872,6818
6857,36,460000,0,user_48,872,872,
6831,37,350000,0,user_22,872,872,
6844,38,350000,0,user_38,872,872,
6865,39,0,0,validator_11,100,872,6855
6855,40,220000,73100,user_46,872,872,
6820,41,260000,0,user_12,872,872,
6853,42,170000,67900,user_45,872,872,
6866,43,0,0,validator_11,100,872,6853
6822,44,220000,0,user_14,872,872,
6849,45,220000,0,user_41,872,872,
6838,46,150000,0,user_35,872,872,
6841,47,130000,0,user_36,872,872,
6823,48,120000,0,user_15,872,872,
6829,49,120000,0,user_21,872,872,
6837,50,110000,0,user_34,872,872,
6846,51,110000,0,user_39,872,872,
6842,52,73000,32900,user_36,872,872,
6867,53,0,0,validator_11,100,872,6842
6825,54,100000,0,user_16,872,872,
6851,55,98000,0,user_41,872,872,
6852,56,98000,0,user_44,872,872,
6826,57,83000,0,user_18,872,872,
6845,58,73000,0,user_38,872,872,
6870,0,27000000,0,user_3,873,873,
6912,1,0,0,validator_9,100,873,6900
6900,2,5200000,1100000,user_32,873,873,
6872,3,6100000,0,user_5,873,873,
6913,4,0,0,validator_9,100,873,6897
6897,5,5200000,181000,user_29,873,873,
6891,6,5000000,10700,user_23,873,873,
6914,7,0,0,validator_9,100,873,6891
6885,8,2500000,0,user_18,873,873,
6905,9,2300000,0,user_38,873,873,
6873,10,2000000,0,user_5,873,873,
6915,11,0,0,validator_9,100,873,6887
6887,12,1800000,7840,user_20,873,873,
6903,13,1700000,0,user_35,873,873,
6874,14,1600000,0,user_6,873,873,
6888,15,1500000,0,user_21,873,873,
6889,16,1500000,0,user_21,873,873,
6896,17,1500000,0,user_28,873,873,
6877,18,1000000,0,user_11,873,873,
6880,19,1000000,0,user_14,873,873,
6898,20,1000000,0,user_30,873,873,
6894,21,910000,0,user_26,873,873,
6904,22,670000,0,user_36,873,873,
6910,23,470000,0,user_45,873,873,
6875,24,310000,0,user_7,873,873,
6906,25,260000,0,user_40,873,873,
6879,26,220000,0,user_14,873,873,
6908,27,160000,33300,user_42,873,873,
6916,28,0,0,validator_9,100,873,6908
6878,29,170000,0,user_13,873,873,
6883,30,160000,0,user_16,873,873,
6902,31,150000,0,user_34,873,873,
6876,32,120000,0,user_7,873,873,
6892,33,120000,0,user_24,873,873,
6911,34,110000,0,user_49,873,873,
6907,35,85000,0,user_41,873,873,
6899,36,80000,0,user_32,873,873,
6959,0,30000000,0,user_39,874,874,
6967,1,0,0,validator_12,100,874,6949
6949,2,27000000,67900,user_34,874,874,
6968,3,0,0,validator_12,100,874,6943
6943,4,27000000,15700,user_27,874,874,
6935,5,27000000,0,user_23,874,874,
6969,6,0,0,validator_12,100,874,6932
6932,7,5000000,769000,user_20,874,874,
6965,8,5000000,0,user_48,874,874,
6942,9,4500000,0,user_27,874,874,
6952,10,3600000,231000,user_34,874,874,
6970,11,0,0,validator_12,100,874,6952
6929,12,3600000,0,user_13,874,874,
6923,13,3500000,0,user_3,874,874,
6940,14,2600000,0,user_27,874,874,
6920,15,2400001,0,user_1,874,874,6917
6921,16,2400001,0,user_1,874,874,6917
6922,17,2400001,0,user_2,874,874,6917
6947,18,2000000,0,user_33,874,874,
6956,19,1500000,0,user_37,874,874,
6951,20,1400000,0,user_34,874,874,
6941,21,1300000,0,user_27,874,874,
6948,22,910000,0,user_33,874,874,
6971,23,0,0,validator_12,100,874,6936
6936,24,160000,545000,user_24,874,874,
6972,25,0,0,validator_12,100,874,6966
6966,26,160000,545000,user_49,874,874,
6939,27,660000,0,user_27,874,874,
6960,28,600000,0,user_40,874,874,
6924,29,530000,0,user_4,874,874,
6930,30,460000,0,user_15,874,874,
6964,31,460000,0,user_46,874,874,
6926,32,420000,0,user_7,874,874,
6973,33,0,0,validator_12,100,874,6937
6937,34,370000,13900,user_25,874,874,
6946,35,310000,68100,user_31,874,874,
6974,36,0,0,validator_12,100,874,6946
6955,37,320000,0,user_36,874,874,
6975,38,0,0,validator_12,100,874,6927
6927,39,310000,3130,user_7,874,874,
6928,40,260000,0,user_9,874,874,
6945,41,260000,0,user_29,874,874,
6954,42,220000,0,user_35,874,874,
6958,43,170000,0,user_39,874,874,
6934,44,160000,0,user_22,874,874,
6944,45,150000,0,user_28,874,874,
6953,46,110000,0,user_34,874,874,
6976,47,0,0,validator_12,100,874,6950
6950,48,82000,13800,user_34,874,874,
7020,0,6300000,11200,user_35,875,875,
7028,1,0,0,validator_0,100,875,7020
7025,2,6300000,0,user_42,875,875,
6978,3,4999999,0,user_2,875,875,6977
6979,4,4999999,0,user_2,875,875,6977
6985,5,4200000,0,user_9,875,875,
6994,6,2000000,0,user_20,875,875,
7017,7,2000000,0,user_32,875,875,
7015,8,660000,0,user_31,875,875,
6982,9,600000,0,user_5,875,875,
7029,10,0,0,validator_0,100,875,7003
7003,11,530000,15100,user_24,875,875,
6993,12,460000,0,user_17,875,875,
7018,13,420000,0,user_33,875,875,
7002,14,340000,0,user_23,875,875,
7016,15,310000,0,user_31,875,875,
6980,16,240000,0,user_3,875,875,
6984,17,160000,0,user_8,875,875,
7030,18,0,0,validator_0,100,875,7007
7007,19,120000,11200,user_27,875,875,
6983,20,120000,0,user_5,875,875,
6991,21,120000,0,user_15,875,875,
6995,22,120000,0,user_20,875,875,
6997,23,120000,0,user_22,875,875,
7000,24,120000,0,user_22,875,875,
7001,25,120000,0,user_22,875,875,
7031,26,0,0,validator_0,100,875,6998
6998,27,100000,5630,user_22,875,875,
7032,28,0,0,validator_0,100,875,6988
6988,29,77000,11200,user_13,875,875,
7033,30,0,0,validator_0,100,875,6992
6992,31,79000,6390,user_16,875,875,
6987,32,82000,0,user_11,875,875,
7027,33,79000,0,user_48,875,875,
6999,34,70000,0,user_22,875,875,
7063,0,43000000,0,user_30,876,876,
7076,1,27000000,0,user_44,876,876,
7066,2,19000000,0,user_30,876,876,
7055,3,6100000,0,user_23,876,876,
7078,4,6100000,0,user_48,876,876,
7045,5,4500000,0,user_10,876,876,
7039,6,4200000,0,user_5,876,876,
7058,7,2600000,0,user_28,876,876,
7043,8,2400000,34700,user_8,876,876,
7080,9,0,0,validator_7,100,876,7043
7040,10,2000000,0,user_6,876,876,
7077,11,2000000,0,user_48,876,876,
7081,12,0,0,validator_7,100,876,7070
7070,13,1700000,35600,user_37,876,876,
7068,14,1600000,0,user_36,876,876,
7082,15,0,0,validator_7,100,876,7036
7036,16,1500000,5180,user_2,876,876,
7035,17,1100000,0,user_1,876,876,
7047,18,1100000,0,user_13,876,876,
7041,19,1000000,0,user_7,876,876,
7048,20,1000000,0,user_15,876,876,
7071,21,970000,0,user_38,876,876,
7054,22,660000,16400,user_23,876,876,
7083,23,0,0,validator_7,100,876,7054
7079,24,300000,369000,user_48,876,876,
7084,25,0,0,validator_7,100,876,7079
7067,26,660000,0,user_34,876,876,
7034,27,600000,0,user_0,876,876,
7044,28,340000,19700,user_9,876,876,
7085,29,0,0,validator_7,100,876,7044
7049,30,260000,0,user_17,876,876,
7086,31,0,0,validator_7,100,876,7057
7057,32,190000,68100,user_28,876,876,
7073,33,240000,0,user_39,876,876,
7042,34,160000,16400,user_7,876,876,
7087,35,0,0,validator_7,100,876,7042
7065,36,170000,0,user_30,876,876,
7072,37,170000,0,user_39,876,876,
7050,38,160000,0,user_18,876,876,
7064,39,150000,0,user_30,876,876,
7037,40,120000,0,user_3,876,876,
7074,41,120000,0,user_41,876,876,
7088,42,0,0,validator_7,100,876,7069
7069,43,82000,17000,user_36,876,876,
7038,44,83000,0,user_4,876,876,
7053,45,83000,0,user_22,876,876,
7056,46,80000,0,user_26,876,876,
7100,0,43000000,0,user_6,877,877,
7151,1,0,0,validator_7,100,877,7118
7118,2,27000000,10700,user_23,877,877,
7152,3,0,0,validator_7,100,877,7130
7130,4,84000,17700000,user_34,877,877,
7139,5,6300000,0,user_40,877,877,
7109,6,4500000,0,user_17,877,877,
7107,7,3600000,0,user_13,877,877,
7131,8,2300000,0,user_35,877,877,
7148,9,2000000,0,user_47,877,877,
7153,10,0,0,validator_7,100,877,7091
7091,11,1800000,49100,user_1,877,877,
7092,12,1800001,0,user_1,877,877,7091
7095,13,1800001,0,user_2,877,877,7091
7096,14,1800001,0,user_2,877,877,7091
7097,15,1800001,0,user_2,877,877,7091
7120,16,1800000,0,user_26,877,877,
7093,17,1799999,0,user_2,877,877,7091
7094,18,1799999,0,user_2,877,877,7091
7110,19,1600000,181000,user_18,877,877,
7154,20,0,0,validator_7,100,877,7110
7135,21,1700000,0,user_37,877,877,
7101,22,1400000,0,user_8,877,877,
7124,23,1400000,0,user_31,877,877,
7132,24,1000000,16400,user_35,877,877,
7155,25,0,0,validator_7,100,877,7132
7102,26,1000000,0,user_8,877,877,
7150,27,1000000,0,user_49,877,877,
7116,28,870000,0,user_22,877,877,
7144,29,670000,0,user_44,877,877,
7141,30,660000,0,user_41,877,877,
7156,31,0,0,validator_7,100,877,7099
7099,32,420000,155000,user_5,877,877,
7104,33,130000,381000,user_10,877,877,
7157,34,0,0,validator_7,100,877,7104
7121,35,470000,0,user_27,877,877,
7158,36,0,0,validator_7,100,877,7105
7105,37,360000,49100,user_12,877,877,
7136,38,370000,0,user_37,877,877,
7127,39,350000,0,user_31,877,877,
7090,40,310000,0,user_0,877,877,
7103,41,310000,0,user_9,877,877,
7137,42,310000,0,user_37,877,877,
7089,43,260000,0,user_0,877,877,
7128,44,260000,0,user_31,877,877,
7145,45,220000,32900,user_45,877,877,
7159,46,0,0,validator_7,100,877,7145
7147,47,240000,0,user_46,877,877,
7160,48,0,0,validator_7,100,877,7111
7111,49,120000,75000,user_19,877,877,
7123,50,170000,0,user_30,877,877,
7108,51,150000,0,user_15,877,877,
7119,52,150000,0,user_23,877,877,
7143,53,150000,0,user_43,877,877,
7161,54,0,0,validator_7,100,877,7106
7106,55,120000,12800,user_13,877,877,
7146,56,130000,0,user_45,877,877,
7122,57,120000,0,user_28,877,877,
7126,58,120000,0,user_31,877,877,
7162,59,0,0,validator_7,100,877,7149
7149,60,84000,32900,user_49,877,877,
7140,61,110000,0,user_40,877,877,
7134,62,87000,16400,user_37,877,877,
7163,63,0,0,validator_7,100,877,7134
7142,64,83000,12300,user_43,877,877,
7164,65,0,0,validator_7,100,877,7142
7117,66,82000,0,user_22,877,877,
7098,67,77000,0,user_3,877,877,
7125,68,77000,0,user_31,877,877,
7138,69,73000,0,user_38,877,877,
7133,70,70000,0,user_36,877,877,
7211,0,30000000,0,user_37,878,878,
7224,1,27000000,0,user_48,878,878,
7191,2,5000000,108000,user_20,878,878,
7225,3,2400000,13900,user_49,878,878,
7177,4,2300000,0,user_10,878,878,
7182,5,2100000,0,user_14,878,878,
7166,6,2000000,0,user_1,878,878,
7180,7,2000000,0,user_13,878,878,
7212,8,2000000,43600,user_37,878,878,
7193,9,1900000,0,user_22,878,878,
7199,10,1900000,0,user_30,878,878,
7167,11,1500000,0,user_1,878,878,
7185,12,1500000,100000,user_16,878,878,
7219,13,1400000,0,user_43,878,878,
7189,14,1000000,0,user_20,878,878,
7206,15,1000000,0,user_34,878,878,
7198,16,970000,0,user_30,878,878,
7188,17,650000,0,user_20,878,878,
7196,18,650000,0,user_26,878,878,
7176,19,600000,0,user_7,878,878,
7205,20,600000,0,user_33,878,878,
7170,21,460000,0,user_3,878,878,
7175,22,460000,0,user_7,878,878,
7184,23,460000,0,user_16,878,878,
7207,24,460000,0,user_34,878,878,
7215,25,460000,0,user_41,878,878,
7216,26,420000,0,user_42,878,878,
7221,27,420000,0,user_46,878,878,
7173,28,360000,0,user_6,878,878,
7179,29,350000,231000,user_13,878,878,
7168,30,320000,0,user_1,878,878,
7186,31,320000,0,user_16,878,878,
7190,32,310000,5640,user_20,878,878,
7169,33,260000,0,user_1,878,878,
7172,34,260000,0,user_4,878,878,
7223,35,170000,0,user_48,878,878,
7214,36,160000,0,user_40,878,878,
7165,37,150000,0,user_1,878,878,
7183,38,150000,0,user_15,878,878,
7171,39,110000,0,user_3,878,878,
7174,40,110000,0,user_6,878,878,
7218,41,110000,0,user_43,878,878,
7220,42,110000,0,user_46,878,878,
7194,43,87000,0,user_24,878,878,
7181,44,85000,215000,user_14,878,878,
7217,45,85000,0,user_42,878,878,
7178,46,77000,0,user_12,878,878,
7232,0,5200000,0,user_6,879,879,
7250,1,3600000,15100,user_31,879,879,
7270,2,0,0,validator_2,100,879,7250
7253,3,2500000,32900,user_33,879,879,
7271,4,0,0,validator_2,100,879,7253
7243,5,2400000,0,user_25,879,879,
7246,6,2300000,0,user_27,879,879,
7269,7,2100000,0,user_49,879,879,
7272,8,0,0,validator_2,100,879,7231
7231,9,1200000,510000,user_5,879,879,
7230,10,1500000,0,user_4,879,879,
7247,11,1500000,0,user_28,879,879,
7266,12,1500000,0,user_45,879,879,
7255,13,1000000,0,user_34,879,879,
7273,14,0,0,validator_2,100,879,7264
7264,15,970000,8520,user_40,879,879,
7238,16,150000,769000,user_17,879,879,
7274,17,0,0,validator_2,100,879,7238
7275,18,0,0,validator_2,100,879,7244
7244,19,110000,594000,user_25,879,879,
7249,20,530000,0,user_30,879,879,
7254,21,460000,30200,user_33,879,879,
7276,22,0,0,validator_2,100,879,7254
7245,23,460000,17000,user_26,879,879,
7277,24,0,0,validator_2,100,879,7245
7262,25,460000,0,user_39,879,879,
7278,26,0,0,validator_2,100,879,7237
7237,27,310000,49100,user_16,879,879,
7248,28,350000,0,user_29,879,879,
7252,29,310000,0,user_33,879,879,
7233,30,220000,0,user_6,879,879,
7241,31,190000,0,user_23,879,879,
7239,32,170000,0,user_18,879,879,
7267,33,170000,0,user_46,879,879,
7261,34,160000,0,user_38,879,879,
7263,35,100000,0,user_39,879,879,
7251,36,73000,0,user_32,879,879,
7304,0,19000000,779000,user_29,880,880,
7333,1,0,0,validator_4,100,880,7304
7313,2,4500000,0,user_39,880,880,
7327,3,4500000,0,user_44,880,880,
7329,4,4500000,0,user_45,880,880,
7334,5,0,0,validator_4,100,880,7301
7301,6,3600000,73100,user_25,880,880,
7288,7,3200000,0,user_10,880,880,
7335,8,0,0,validator_4,100,880,7291
7291,9,2100000,84800,user_14,880,880,
7309,10,2000000,0,user_36,880,880,
7312,11,2000000,0,user_39,880,880,
7318,12,1900000,0,user_40,880,880,
7320,13,1100000,510000,user_43,880,880,
7336,14,0,0,validator_4,100,880,7320
7287,15,1500000,0,user_9,880,880,
7308,16,1500000,0,user_36,880,880,
7279,17,1300000,0,user_0,880,880,
7297,18,1200000,0,user_21,880,880,
7298,19,1200000,0,user_22,880,880,
7302,20,1200000,0,user_26,880,880,
7315,21,1000000,0,user_40,880,880,
7316,22,670000,0,user_40,880,880,
7293,23,650000,0,user_16,880,880,
7303,24,650000,0,user_29,880,880,
7319,25,530000,0,user_42,880,880,
7337,26,0,0,validator_4,100,880,7280
7280,27,320000,195000,user_0,880,880,
7294,28,470000,0,user_17,880,880,
7310,29,470000,0,user_37,880,880,
7322,30,460000,0,user_43,880,880,
7296,31,420000,0,user_20,880,880,
7305,32,160000,256000,user_32,880,880,
7338,33,0,0,validator_4,100,880,7305
7306,34,150000,215000,user_34,880,880,
7339,35,0,0,validator_4,100,880,7306
7330,36,360000,0,user_46,880,880,
7326,37,350000,0,user_44,880,880,
7281,38,319999,0,user_1,880,880,7280
7317,39,310000,0,user_40,880,880,
7300,40,220000,0,user_23,880,880,
7307,41,220000,0,user_35,880,880,
7314,42,220000,0,user_39,880,880,
7340,43,0,0,validator_4,100,880,7299
7299,44,170000,5640,user_22,880,880,
7286,45,170000,0,user_8,880,880,
7325,46,170000,0,user_44,880,880,
7282,47,160000,0,user_6,880,880,
7331,48,130000,0,user_47,880,880,
7295,49,120000,0,user_19,880,880,
7311,50,110000,0,user_39,880,880,
7321,51,110000,0,user_43,880,880,
7323,52,110000,0,user_43,880,880,
7332,53,110000,0,user_49,880,880,
7292,54,87000,0,user_15,880,880,
7328,55,79000,0,user_45,880,880,
7324,56,70000,0,user_43,880,880,
7345,0,6100000,0,user_4,881,881,
7382,1,3200000,0,user_40,881,881,
7346,2,2100000,0,user_5,881,881,
7355,3,2000000,0,user_10,881,881,
7383,4,2000000,0,user_40,881,881,
7384,5,1900000,0,user_42,881,881,
7366,6,1300000,0,user_21,881,881,
7380,7,1300000,0,user_38,881,881,
7390,8,1300000,0,user_49,881,881,
7375,9,1100000,0,user_31,881,881,
7391,10,0,0,validator_2,100,881,7342
7342,11,650000,283000,user_2,881,881,
7372,12,910000,0,user_26,881,881,
7388,13,910000,0,user_46,881,881,
7344,14,420000,322000,user_4,881,881,
7392,15,0,0,validator_2,100,881,7344
7378,16,670000,0,user_35,881,881,
7356,17,660000,0,user_11,881,881,
7369,18,650000,0,user_23,881,881,
7393,19,0,0,validator_2,100,881,7363
7363,20,120000,510000,user_17,881,881,
7351,21,470000,0,user_7,881,881,
7359,22,470000,0,user_14,881,881,
7386,23,470000,0,user_44,881,881,
7394,24,0,0,validator_2,100,881,7376
7376,25,360000,7840,user_32,881,881,
7357,26,300000,0,user_12,881,881,
7368,27,300000,0,user_23,881,881,
7377,28,240000,49100,user_35,881,881,
7395,29,0,0,validator_2,100,881,7377
7343,30,220000,0,user_3,881,881,
7354,31,220000,0,user_9,881,881,
7362,32,220000,0,user_16,881,881,
7381,33,190000,0,user_39,881,881,
7349,34,170000,0,user_7,881,881,
7367,35,170000,0,user_22,881,881,
7347,36,150000,0,user_5,881,881,
7387,37,150000,0,user_44,881,881,
7374,38,130000,0,user_29,881,881,
7348,39,120000,0,user_6,881,881,
7373,40,98000,0,user_27,881,881,
7350,41,87000,0,user_7,881,881,
7365,42,82000,0,user_20,881,881,
7438,0,5000000,15100,user_41,882,882,
7443,1,0,0,validator_1,100,882,7438
7400,2,5000000,0,user_7,882,882,
7402,3,5000000,0,user_9,882,882,
7436,4,5000000,0,user_39,882,882,
7431,5,4500000,5180,user_32,882,882,
7444,6,0,0,validator_1,100,882,7431
7429,7,4500000,0,user_31,882,882,
7441,8,4200000,0,user_47,882,882,
7426,9,1600000,959000,user_29,882,882,
7445,10,0,0,validator_1,100,882,7426
7405,11,2000000,0,user_11,882,882,
7411,12,1700000,0,user_13,882,882,
7446,13,0,0,validator_1,100,882,7419
7419,14,1600000,15100,user_20,882,882,
7399,15,1600000,0,user_5,882,882,
7442,16,1400000,0,user_49,882,882,
7404,17,1000000,285000,user_10,882,882,
7447,18,0,0,validator_1,100,882,7404
7409,19,1100000,0,user_13,882,882,
7420,20,970000,0,user_21,882,882,
7397,21,910000,0,user_0,882,882,
7424,22,670000,0,user_27,882,882,
7401,23,660000,0,user_8,882,882,
7406,24,600000,0,user_11,882,882,
7418,25,600000,0,user_19,882,882,
7428,26,600000,0,user_30,882,882,
7403,27,470000,0,user_9,882,882,
7415,28,470000,0,user_15,882,882,
7410,29,460000,0,user_13,882,882,
7425,30,420000,0,user_28,882,882,
7398,31,300000,0,user_1,882,882,
7416,32,300000,0,user_16,882,882,
7434,33,170000,121000,user_34,882,882,
7448,34,0,0,validator_1,100,882,7434
7396,35,220000,0,user_0,882,882,
7432,36,220000,0,user_32,882,882,
7449,37,0,0,validator_1,100,882,7412
7412,38,160000,16400,user_13,882,882,
7407,39,150000,0,user_12,882,882,
7427,40,130000,0,user_30,882,882,
7423,41,70000,46500,user_23,882,882,
7450,42,0,0,validator_1,100,882,7423
7413,43,110000,0,user_13,882,882,
7430,44,110000,0,user_31,882,882,
7433,45,110000,0,user_33,882,882,
7408,46,73000,0,user_12,882,882,
7437,47,70000,0,user_40,882,882,
7480,0,43000000,0,user_29,883,883,
7504,1,30000000,84800,user_46,883,883,
7510,2,0,0,validator_5,100,883,7504
7500,3,6100000,0,user_41,883,883,
7457,4,5200000,0,user_5,883,883,
7493,5,5200000,0,user_37,883,883,
7495,6,4500000,0,user_40,883,883,
7511,7,0,0,validator_5,100,883,7455
7455,8,4200000,60700,user_5,883,883,
7467,9,4200000,0,user_10,883,883,
7492,10,4200000,0,user_36,883,883,
7512,11,0,0,validator_5,100,883,7491
7491,12,3600000,36800,user_36,883,883,
7460,13,3500000,0,user_6,883,883,
7508,14,2500000,0,user_49,883,883,
7474,15,2400000,0,user_19,883,883,
7509,16,2000000,0,user_49,883,883,
7466,17,1900000,0,user_10,883,883,
7478,18,1700000,13900,user_29,883,883,
7513,19,0,0,validator_5,100,883,7478
7490,20,1600000,0,user_35,883,883,
7451,21,1500000,0,user_0,883,883,
7454,22,1400000,0,user_5,883,883,
7501,23,1300000,13900,user_42,883,883,
7514,24,0,0,validator_5,100,883,7501
7485,25,1000000,0,user_31,883,883,
7498,26,1000000,0,user_40,883,883,
7505,27,670000,0,user_47,883,883,
7476,28,630000,0,user_24,883,883,
7461,29,470000,0,user_6,883,883,
7515,30,0,0,validator_5,100,883,7465
7465,31,130000,296000,user_10,883,883,
7456,32,340000,0,user_5,883,883,
7479,33,340000,0,user_29,883,883,
7487,34,310000,0,user_31,883,883,
7468,35,260000,0,user_10,883,883,
7516,36,0,0,validator_5,100,883,7458
7458,37,220000,33100,user_6,883,883,
7472,38,240000,0,user_15,883,883,
7475,39,100000,139000,user_23,883,883,
7517,40,0,0,validator_5,100,883,7475
7484,41,220000,0,user_31,883,883,
7518,42,0,0,validator_5,100,883,7463
7463,43,160000,18600,user_9,883,883,
7481,44,170000,0,user_29,883,883,
7464,45,150000,0,user_10,883,883,
7483,46,150000,0,user_31,883,883,
7452,47,120000,0,user_0,883,883,
7453,48,120000,0,user_3,883,883,
7473,49,120000,0,user_18,883,883,
7486,50,120000,0,user_31,883,883,
7496,51,120000,0,user_40,883,883,
7477,52,110000,0,user_28,883,883,
7499,53,110000,0,user_40,883,883,
7459,54,85000,0,user_6,883,883,
7469,55,82000,0,user_11,883,883,
7497,56,80000,0,user_40,883,883,
7503,57,77000,0,user_45,883,883,
7529,0,19000000,0,user_7,884,884,
7567,1,6100000,0,user_48,884,884,
7532,2,4200000,0,user_10,884,884,
7546,3,2600000,0,user_29,884,884,
7527,4,1900000,285000,user_5,884,884,
7568,5,0,0,validator_13,100,884,7527
7526,6,2100000,0,user_4,884,884,
7530,7,2100000,0,user_8,884,884,
7519,8,2000000,0,user_1,884,884,
7563,9,1900000,0,user_44,884,884,
7556,10,1400000,0,user_36,884,884,
7560,11,1400000,0,user_38,884,884,
7525,12,1000000,0,user_4,884,884,
7535,13,1000000,0,user_17,884,884,
7558,14,1000000,0,user_38,884,884,
7544,15,910000,0,user_28,884,884,
7554,16,660000,0,user_34,884,884,
7564,17,460000,0,user_45,884,884,
7533,18,420000,0,user_13,884,884,
7536,19,420000,0,user_18,884,884,
7547,20,370000,0,user_29,884,884,
7553,21,360000,0,user_32,884,884,
7534,22,320000,0,user_14,884,884,
7522,23,87000,146000,user_1,884,884,
7569,24,0,0,validator_13,100,884,7522
7545,25,160000,67500,user_29,884,884,
7570,26,0,0,validator_13,100,884,7545
7543,27,170000,31700,user_26,884,884,
7571,28,0,0,validator_13,100,884,7543
7572,29,0,0,validator_13,100,884,7555
7555,30,120000,64600,user_35,884,884,
7542,31,170000,0,user_24,884,884,
7557,32,170000,0,user_38,884,884,
7548,33,160000,5180,user_29,884,884,
7573,34,0,0,validator_13,100,884,7548
7539,35,160000,0,user_21,884,884,
7559,36,160000,0,user_38,884,884,
7521,37,150000,0,user_1,884,884,
7565,38,130000,0,user_47,884,884,
7550,39,73000,47700,user_30,884,884,
7574,40,0,0,validator_13,100,884,7550
7520,41,120000,0,user_1,884,884,
7524,42,120000,0,user_3,884,884,
7537,43,120000,0,user_18,884,884,
7549,44,120000,0,user_30,884,884,
7566,45,120000,0,user_48,884,884,
7551,46,110000,0,user_30,884,884,
7552,47,110000,0,user_31,884,884,
7561,48,100000,0,user_41,884,884,
7523,49,86999,0,user_2,884,884,7522
7595,0,6300000,0,user_23,885,885,
7618,1,5200000,0,user_45,885,885,
7609,2,4200000,0,user_39,885,885,
7624,3,0,0,validator_4,100,885,7617
7617,4,3600000,181000,user_44,885,885,
7597,5,3500000,0,user_27,885,885,
7593,6,2600000,0,user_20,885,885,
7577,7,2500000,0,user_4,885,885,
7590,8,2400000,0,user_17,885,885,
7612,9,2300000,0,user_41,885,885,
7615,10,2300000,0,user_43,885,885,
7610,11,2100000,0,user_39,885,885,
7606,12,1300000,594000,user_39,885,885,
7625,13,0,0,validator_4,100,885,7606
7594,14,1600000,0,user_22,885,885,
7596,15,83000,959000,user_26,885,885,
7626,16,0,0,validator_4,100,885,7596
7608,17,970000,0,user_39,885,885,
7582,18,150000,510000,user_8,885,885,
7627,19,0,0,validator_4,100,885,7582
7602,20,650000,0,user_33,885,885,
7605,21,650000,0,user_36,885,885,
7603,22,600000,12300,user_33,885,885,
7628,23,0,0,validator_4,100,885,7603
7584,24,600000,0,user_10,885,885,
7614,25,420000,0,user_42,885,885,
7619,26,420000,0,user_45,885,885,
7579,27,350000,0,user_6,885,885,
7613,28,260000,0,user_41,885,885,
7623,29,260000,0,user_49,885,885,
7607,30,240000,0,user_39,885,885,
7575,31,220000,5630,user_0,885,885,
7629,32,0,0,validator_4,100,885,7575
7591,33,220000,0,user_18,885,885,
7592,34,220000,0,user_18,885,885,
7616,35,170000,0,user_44,885,885,
7599,36,150000,0,user_29,885,885,
7621,37,150000,0,user_47,885,885,
7583,38,130000,0,user_9,885,885,
7630,39,0,0,validator_4,100,885,7589
7589,40,120000,5630,user_13,885,885,
7620,41,98000,13800,user_46,885,885,
7631,42,0,0,validator_4,100,885,7620
7604,43,87000,0,user_35,885,885,
7611,44,82000,0,user_40,885,885,
7622,45,77000,0,user_49,885,885,
7578,46,73000,0,user_4,885,885,
7600,47,73000,0,user_29,885,885,
7662,0,30000000,0,user_34,886,886,
7668,1,1400000,7190000,user_39,886,886,
7678,2,0,0,validator_8,100,886,7668
7679,3,0,0,validator_8,100,886,7669
7669,4,370000,7190000,user_39,886,886,
7634,5,4200000,0,user_4,886,886,
7655,6,2500000,0,user_25,886,886,
7649,7,2100000,0,user_21,886,886,
7650,8,2000000,0,user_21,886,886,
7657,9,2000000,0,user_27,886,886,
7647,10,1900000,0,user_21,886,886,
7637,11,1500000,0,user_8,886,886,
7660,12,1500000,0,user_31,886,886,
7670,13,1500000,0,user_42,886,886,
7656,14,1100000,0,user_26,886,886,
7640,15,1000000,0,user_12,886,886,
7636,16,910000,0,user_7,886,886,
7658,17,910000,0,user_29,886,886,
7671,18,870000,0,user_42,886,886,
7653,19,670000,0,user_23,886,886,
7651,20,660000,0,user_21,886,886,
7677,21,660000,0,user_47,886,886,
7643,22,420000,0,user_18,886,886,
7661,23,420000,0,user_32,886,886,
7659,24,220000,0,user_31,886,886,
7648,25,170000,0,user_21,886,886,
7641,26,150000,0,user_16,886,886,
7639,27,120000,13900,user_11,886,886,
7680,28,0,0,validator_8,100,886,7639
7632,29,120000,0,user_0,886,886,
7654,30,120000,0,user_25,886,886,
7663,31,110000,0,user_35,886,886,
7652,32,82000,21800,user_23,886,886,
7681,33,0,0,validator_8,100,886,7652
7664,34,87000,0,user_35,886,886,
7667,35,73000,0,user_39,886,886,
7674,36,73000,0,user_44,886,886,
7735,0,43000000,0,user_42,887,887,
7737,1,6300000,0,user_46,887,887,
7689,2,5000000,0,user_5,887,887,
7708,3,5000000,0,user_16,887,887,
7692,4,2400000,0,user_7,887,887,
7700,5,2100000,0,user_11,887,887,
7741,6,0,0,validator_9,100,887,7716
7716,7,1500000,545000,user_28,887,887,
7687,8,2000000,0,user_5,887,887,
7717,9,2000000,0,user_29,887,887,
7742,10,0,0,validator_9,100,887,7693
7693,11,1600000,12300,user_8,887,887,
7691,12,1500000,15100,user_6,887,887,
7743,13,0,0,validator_9,100,887,7691
7719,14,1500000,0,user_31,887,887,
7733,15,1100000,0,user_41,887,887,
7744,16,0,0,validator_9,100,887,7721
7721,17,1000000,17000,user_32,887,887,
7704,18,1000000,0,user_14,887,887,
7734,19,1000000,0,user_42,887,887,
7688,20,970000,0,user_5,887,887,
7701,21,670000,0,user_12,887,887,
7729,22,650000,0,user_38,887,887,
7745,23,0,0,validator_9,100,887,7703
7703,24,300000,285000,user_14,887,887,
7728,25,300000,285000,user_38,887,887,
7746,26,0,0,validator_9,100,887,7728
7715,27,460000,0,user_26,887,887,
7736,28,460000,0,user_43,887,887,
7702,29,420000,0,user_14,887,887,
7709,30,360000,6390,user_18,887,887,
7747,31,0,0,validator_9,100,887,7709
7690,32,360000,0,user_5,887,887,
7730,33,360000,0,user_39,887,887,
7705,34,170000,181000,user_14,887,887,
7748,35,0,0,validator_9,100,887,7705
7718,36,320000,0,user_31,887,887,
7698,37,310000,0,user_10,887,887,
7720,38,310000,0,user_31,887,887,
7724,39,310000,0,user_34,887,887,
7725,40,310000,0,user_35,887,887,
7732,41,310000,0,user_41,887,887,
7731,42,220000,67500,user_40,887,887,
7749,43,0,0,validator_9,100,887,7731
7723,44,260000,0,user_34,887,887,
7713,45,87000,108000,user_23,887,887,
7750,46,0,0,validator_9,100,887,7713
7726,47,170000,0,user_35,887,887,
7684,48,160000,0,user_3,887,887,
7699,49,150000,0,user_11,887,887,
7738,50,150000,0,user_46,887,887,
7751,51,0,0,validator_9,100,887,7707
7707,52,82000,56200,user_16,887,887,
7739,53,130000,0,user_47,887,887,
7712,54,120000,0,user_23,887,887,
7686,55,83000,0,user_5,887,887,
7683,56,77000,0,user_2,887,887,
7762,0,27000000,0,user_11,888,888,
7770,1,19000000,0,user_21,888,888,
7771,2,6300000,0,user_22,888,888,
7777,3,5000000,0,user_27,888,888,
7776,4,4500000,0,user_26,888,888,
7795,5,0,0,validator_3,100,888,7783
7783,6,170000,4320000,user_36,888,888,
7780,7,3500000,0,user_31,888,888,
7781,8,3500000,0,user_32,888,888,
7769,9,3200000,0,user_19,888,888,
7759,10,1900000,0,user_6,888,888,
7779,11,1400000,0,user_29,888,888,
7789,12,1300000,0,user_44,888,888,
7796,13,0,0,validator_3,100,888,7768
7768,14,460000,510000,user_18,888,888,
7752,15,910000,0,user_0,888,888,
7785,16,910000,0,user_38,888,888,
7787,17,910000,0,user_40,888,888,
7797,18,0,0,validator_3,100,888,7757
7757,19,630000,8520,user_4,888,888,
7774,20,630000,0,user_25,888,888,
7790,21,530000,0,user_44,888,888,
7784,22,460000,30200,user_37,888,888,
7798,23,0,0,validator_3,100,888,7784
7772,24,70000,369000,user_23,888,888,
7799,25,0,0,validator_3,100,888,7772
7800,26,0,0,validator_3,100,888,7788
7788,27,80000,350000,user_43,888,888,
7775,28,370000,0,user_26,888,888,
7754,29,320000,0,user_2,888,888,
7766,30,120000,181000,user_17,888,888,
7801,31,0,0,validator_3,100,888,7766
7758,32,240000,35600,user_4,888,888,
7802,33,0,0,validator_3,100,888,7758
7773,34,220000,0,user_24,888,888,
7778,35,150000,11200,user_29,888,888,
7803,36,0,0,validator_3,100,888,7778
7767,37,160000,0,user_17,888,888,
7782,38,150000,0,user_32,888,888,
7763,39,130000,0,user_11,888,888,
7753,40,120000,0,user_2,888,888,
7761,41,120000,0,user_10,888,888,
7786,42,120000,0,user_38,888,888,
7765,43,110000,0,user_15,888,888,
7760,44,80000,0,user_7,888,888,
7764,45,70000,0,user_14,888,888,
7806,0,30000000,0,user_3,889,889,
7831,1,27000000,0,user_31,889,889,
7843,2,27000000,0,user_45,889,889,
7822,3,6300000,0,user_18,889,889,
7830,4,3600000,0,user_28,889,889,
7848,5,0,0,validator_11,100,889,7827
7827,6,2600000,5630,user_26,889,889,
7840,7,2400000,0,user_41,889,889,
7820,8,2300000,0,user_16,889,889,
7825,9,2000000,0,user_22,889,889,
7829,10,2000000,0,user_27,889,889,
7847,11,1800000,0,user_47,889,889,
7804,12,1700000,0,user_1,889,889,
7808,13,1600000,0,user_5,889,889,
7844,14,1600000,0,user_46,889,889,
7826,15,1500000,0,user_24,889,889,
7819,16,1400000,0,user_15,889,889,
7821,17,1400000,0,user_17,889,889,
7809,18,910000,0,user_6,889,889,
7849,19,0,0,validator_11,100,889,7828
7828,20,83000,769000,user_27,889,889,
7845,21,460000,322000,user_47,889,889,
7850,22,0,0,validator_11,100,889,7845
7836,23,660000,0,user_39,889,889,
7834,24,530000,0,user_36,889,889,
7841,25,470000,0,user_42,889,889,
7851,26,0,0,validator_11,100,889,7842
7842,27,240000,155000,user_43,889,889,
7833,28,310000,0,user_33,889,889,
7846,29,240000,0,user_47,889,889,
7852,30,0,0,validator_11,100,889,7813
7813,31,220000,17000,user_9,889,889,
7835,32,220000,0,user_38,889,889,
7823,33,190000,0,user_21,889,889,
7824,34,170000,0,user_21,889,889,
7832,35,130000,0,user_32,889,889,
7818,36,110000,0,user_14,889,889,
7807,37,82000,0,user_4,889,889,
7805,38,73000,0,user_2,889,889,
7889,0,19000000,0,user_29,890,890,
7865,1,5000000,128000,user_8,890,890,
7907,2,5000000,0,user_48,890,890,
7866,3,4200000,0,user_9,890,890,
7896,4,2500000,0,user_37,890,890,
7876,5,1800000,8520,user_22,890,890,
7856,6,1500000,0,user_3,890,890,
7886,7,1500000,0,user_27,890,890,
7853,8,1300000,66100,user_1,890,890,
7854,9,1299999,0,user_1,890,890,7853
7855,10,1299999,0,user_2,890,890,7853
7871,11,1000000,161000,user_16,890,890,
7875,12,1000000,0,user_21,890,890,
7878,13,1000000,60700,user_22,890,890,
7859,14,870000,0,user_4,890,890,
7885,15,660000,0,user_26,890,890,
7894,16,650000,0,user_35,890,890,
7861,17,460000,0,user_4,890,890,
7877,18,350000,0,user_22,890,890,
7862,19,340000,0,user_5,890,890,
7868,20,340000,0,user_10,890,890,
7895,21,340000,0,user_36,890,890,
7864,22,220000,0,user_7,890,890,
7884,23,220000,369000,user_26,890,890,
7863,24,170000,0,user_5,890,890,
7893,25,170000,0,user_34,890,890,
7870,26,160000,0,user_16,890,890,
7874,27,160000,0,user_20,890,890,
7899,28,160000,0,user_41,890,890,
7888,29,150000,164000,user_29,890,890,
7891,30,150000,0,user_32,890,890,
7857,31,120000,0,user_4,890,890,
7858,32,120000,0,user_4,890,890,
7872,33,120000,0,user_17,890,890,
7887,34,120000,0,user_28,890,890,
7867,35,110000,0,user_9,890,890,
7869,36,110000,0,user_15,890,890,
7890,37,110000,0,user_30,890,890,
7908,38,110000,0,user_49,890,890,
7901,39,84000,0,user_43,890,890,
7860,40,79000,0,user_4,890,890,
7962,0,30000000,14200,user_38,891,891,
7956,1,27000000,0,user_34,891,891,
7964,2,6100000,0,user_40,891,891,
7960,3,5200000,0,user_38,891,891,
7970,4,5200000,13900,user_48,891,891,
7928,5,5000000,0,user_21,891,891,
7932,6,5000000,0,user_23,891,891,
7957,7,3600000,0,user_35,891,891,
7947,8,3500000,0,user_31,891,891,
7939,9,2400000,16400,user_26,891,891,
7946,10,2400000,0,user_30,891,891,
7958,11,2100000,0,user_36,891,891,
7926,12,2000000,0,user_18,891,891,
7953,13,2000000,139000,user_33,891,891,
7951,14,1600000,0,user_31,891,891,
7973,15,1600000,0,user_48,891,891,
7913,16,1500000,0,user_5,891,891,
7922,17,1500000,0,user_14,891,891,
7934,18,1300000,0,user_23,891,891,
7972,19,1200000,33300,user_48,891,891,
7917,20,1100000,0,user_10,891,891,
7912,21,1000000,0,user_5,891,891,
7921,22,1000000,0,user_14,891,891,
7924,23,1000000,0,user_16,891,891,
7938,24,1000000,0,user_26,891,891,
7950,25,910000,0,user_31,891,891,
7925,26,870000,0,user_17,891,891,
7965,27,670000,0,user_41,891,891,
7919,28,600000,12800,user_10,891,891,
7940,29,460000,0,user_26,891,891,
7942,30,460000,0,user_26,891,891,
7935,31,420000,0,user_23,891,891,
7954,32,420000,410000,user_33,891,891,
7920,33,370000,0,user_13,891,891,
7933,34,370000,0,user_23,891,891,
7941,35,350000,56200,user_26,891,891,
7969,36,350000,0,user_48,891,891,
7948,37,310000,0,user_31,891,891,
7916,38,220000,0,user_10,891,891,
7968,39,220000,0,user_47,891,891,
7959,40,190000,0,user_37,891,891,
7918,41,170000,195000,user_10,891,891,
7914,42,160000,100000,user_6,891,891,
7929,43,160000,410000,user_22,891,891,
7931,44,160000,8520,user_23,891,891,
7945,45,160000,510000,user_29,891,891,
7971,46,160000,12800,user_48,891,891,
7915,47,150000,0,user_7,891,891,
7930,48,150000,0,user_22,891,891,
7927,49,130000,0,user_19,891,891,
7961,50,110000,0,user_38,891,891,
7966,51,110000,12800,user_42,891,891,
7967,52,110000,30200,user_45,891,891,
7949,53,85000,0,user_31,891,891,
7963,54,84000,0,user_38,891,891,
7910,55,83000,0,user_3,891,891,
7937,56,79000,0,user_25,891,891,
7955,57,77000,0,user_34,891,891,
7991,0,43000000,0,user_17,892,892,
8000,1,5000000,0,user_28,892,892,
7980,2,4200000,0,user_7,892,892,
8003,3,2400000,0,user_30,892,892,
8001,4,2300000,0,user_28,892,892,
7978,5,2000000,0,user_6,892,892,
7981,6,1600000,0,user_7,892,892,
7985,7,1500000,0,user_12,892,892,
8018,8,1500000,0,user_46,892,892,
8007,9,1300000,0,user_33,892,892,
7987,10,1200000,0,user_14,892,892,
7979,11,1000000,0,user_6,892,892,
7983,12,1000000,0,user_10,892,892,
7996,13,650000,0,user_24,892,892,
8014,14,630000,0,user_42,892,892,
7997,15,530000,0,user_27,892,892,
8009,16,530000,0,user_36,892,892,
7975,17,420000,0,user_0,892,892,
7988,18,420000,0,user_15,892,892,
7992,19,340000,0,user_18,892,892,
7998,20,340000,0,user_28,892,892,
7986,21,220000,108000,user_13,892,892,
7989,22,170000,0,user_15,892,892,
7976,23,160000,155000,user_4,892,892,
8017,24,160000,36800,user_45,892,892,
7984,25,150000,0,user_11,892,892,
8016,26,150000,0,user_44,892,892,
8020,27,150000,0,user_49,892,892,
8006,28,120000,0,user_33,892,892,
8013,29,120000,0,user_40,892,892,
8015,30,120000,0,user_43,892,892,
7990,31,98000,0,user_16,892,892,
8012,32,85000,0,user_39,892,892,
7982,33,83000,0,user_9,892,892,
7999,34,73000,49100,user_28,892,892,
8010,35,73000,0,user_37,892,892,
7993,36,70000,68100,user_20,892,892,
8086,0,30000000,0,user_45,893,893,
8073,1,27000000,0,user_33,893,893,
8029,2,19000000,0,user_10,893,893,
8047,3,19000000,0,user_19,893,893,
8056,4,3200000,0,user_23,893,893,
8085,5,2600000,0,user_44,893,893,
8055,6,2300000,0,user_23,893,893,
8046,7,2100000,0,user_19,893,893,
8049,8,2000000,0,user_20,893,893,
8022,9,1800000,0,user_2,893,893,
8052,10,1600000,0,user_22,893,893,
8058,11,1500000,0,user_24,893,893,
8038,12,1400000,0,user_15,893,893,
8089,13,0,0,validator_12,100,893,8072
8072,14,870000,510000,user_32,893,893,
8041,15,1200000,0,user_16,893,893,
8050,16,1000000,0,user_20,893,893,
8074,17,1000000,0,user_33,893,893,
8083,18,970000,0,user_43,893,893,
8031,19,670000,0,user_10,893,893,
8059,20,650000,0,user_24,893,893,
8030,21,630000,0,user_10,893,893,
8075,22,530000,0,user_34,893,893,
8079,23,530000,0,user_39,893,893,
8033,24,350000,161000,user_12,893,893,
8090,25,0,0,validator_12,100,893,8033
8024,26,470000,0,user_3,893,893,
8036,27,460000,0,user_14,893,893,
8037,28,460000,0,user_14,893,893,
8048,29,460000,0,user_19,893,893,
8087,30,420000,15300,user_46,893,893,
8091,31,0,0,validator_12,100,893,8087
8076,32,420000,0,user_35,893,893,
8088,33,420000,0,user_48,893,893,
8092,34,0,0,validator_12,100,893,8070
8070,35,370000,49100,user_31,893,893,
8093,36,0,0,validator_12,100,893,8045
8045,37,310000,60700,user_19,893,893,
8094,38,0,0,validator_12,100,893,8034
8034,39,170000,146000,user_14,893,893,
8060,40,300000,0,user_24,893,893,
8068,41,220000,0,user_28,893,893,
8095,42,0,0,validator_12,100,893,8054
8054,43,170000,47700,user_23,893,893,
8069,44,160000,0,user_30,893,893,
8032,45,150000,0,user_11,893,893,
8053,46,150000,0,user_22,893,893,
8084,47,120000,5180,user_44,893,893,
8096,48,0,0,validator_12,100,893,8084
8035,49,120000,0,user_14,893,893,
8040,50,120000,0,user_16,893,893,
8042,51,120000,0,user_17,893,893,
8023,52,110000,0,user_2,893,893,
8028,53,110000,0,user_10,893,893,
8062,54,100000,0,user_25,893,893,
8039,55,85000,0,user_15,893,893,
8021,56,82000,0,user_1,893,893,
8057,57,80000,0,user_24,893,893,
8061,58,79000,0,user_25,893,893,
8071,59,70000,0,user_32,893,893,
8118,0,27000000,0,user_26,894,894,
8126,1,5200000,7840,user_36,894,894,
8122,2,4500000,1100000,user_27,894,894,
8114,3,4200000,0,user_20,894,894,
8132,4,2600000,0,user_41,894,894,
8128,5,2500000,0,user_37,894,894,
8106,6,2300000,4320000,user_6,894,894,
8113,7,2000000,0,user_20,894,894,
8127,8,1700000,0,user_36,894,894,
8102,9,1500000,0,user_4,894,894,
8105,10,1500000,0,user_6,894,894,
8109,11,1500000,10700,user_15,894,894,
8121,12,1500000,0,user_26,894,894,
8104,13,1400000,0,user_5,894,894,
8133,14,1400000,0,user_43,894,894,
8115,15,1200000,0,user_21,894,894,
8117,16,1200000,0,user_25,894,894,
8120,17,970000,0,user_26,894,894,
8100,18,910000,49100,user_4,894,894,
8107,19,910000,0,user_9,894,894,
8103,20,650000,0,user_4,894,894,
8116,21,460000,0,user_22,894,894,
8119,22,360000,0,user_26,894,894,
8099,23,350000,0,user_3,894,894,
8098,24,310001,0,user_1,894,894,8097
8097,25,310000,7840,user_0,894,894,
8136,26,170000,779000,user_48,894,894,
8110,27,150000,0,user_16,894,894,
8108,28,120000,0,user_14,894,894,
8111,29,120000,0,user_17,894,894,
8129,30,120000,108000,user_38,894,894,
8123,31,82000,0,user_29,894,894,
8101,32,79000,0,user_4,894,894,
8130,33,79000,0,user_39,894,894,
8157,0,43000000,0,user_16,895,895,
8178,1,30000000,0,user_46,895,895,
8169,2,70000,17700000,user_33,895,895,
8187,3,0,0,validator_5,100,895,8169
8172,4,6300000,0,user_36,895,895,
8144,5,5200000,0,user_6,895,895,
8163,6,5200000,0,user_22,895,895,
8188,7,0,0,validator_5,100,895,8177
8177,8,2600000,11200,user_45,895,895,
8164,9,2400000,0,user_24,895,895,
8149,10,2000000,0,user_11,895,895,
8174,11,2000000,0,user_38,895,895,
8179,12,2000000,0,user_47,895,895,
8146,13,1600000,0,user_10,895,895,
8171,14,1600000,0,user_36,895,895,
8183,15,1500000,0,user_47,895,895,
8189,16,0,0,validator_5,100,895,8137
8137,17,670000,7840,user_0,895,895,
8190,18,0,0,validator_5,100,895,8166
8166,19,660000,12800,user_27,895,895,
8138,20,670001,0,user_1,895,895,8137
8139,21,670001,0,user_2,895,895,8137
8175,22,670000,0,user_40,895,895,
8140,23,650000,0,user_3,895,895,
8145,24,600000,0,user_9,895,895,
8191,25,0,0,validator_5,100,895,8165
8165,26,370000,21800,user_25,895,895,
8143,27,360000,0,user_6,895,895,
8156,28,310000,0,user_15,895,895,
8142,29,300000,0,user_4,895,895,
8173,30,240000,0,user_37,895,895,
8147,31,220000,0,user_10,895,895,
8180,32,220000,0,user_47,895,895,
8181,33,220000,0,user_47,895,895,
8192,34,0,0,validator_5,100,895,8158
8158,35,98000,46500,user_17,895,895,
8160,36,120000,0,user_20,895,895,
8161,37,120000,0,user_20,895,895,
8186,38,120000,0,user_49,895,895,
8182,39,110000,0,user_47,895,895,
8159,40,84000,0,user_19,895,895,
8148,41,79000,0,user_11,895,895,
8162,42,77000,0,user_21,895,895,
8141,43,73000,0,user_4,895,895,
8219,0,19000000,0,user_27,896,896,
8193,1,5000000,0,user_0,896,896,
8221,2,5000000,0,user_28,896,896,
8235,3,5000000,0,user_43,896,896,
8198,4,4500000,0,user_5,896,896,
8204,5,4200000,0,user_11,896,896,
8229,6,3600000,0,user_41,896,896,
8213,7,2000000,0,user_18,896,896,
8230,8,1600000,0,user_42,896,896,
8214,9,1500000,0,user_20,896,896,
8238,10,1400000,32900,user_47,896,896,
8218,11,1300000,0,user_26,896,896,
8220,12,1000000,296000,user_27,896,896,
8202,13,870000,0,user_8,896,896,
8233,14,870000,24700,user_43,896,896,
8231,15,670000,0,user_43,896,896,
8209,16,630000,0,user_18,896,896,
8205,17,460000,0,user_12,896,896,
8207,18,420000,959000,user_14,896,896,
8216,19,420000,0,user_22,896,896,
8215,20,300000,0,user_21,896,896,
8226,21,260000,30200,user_37,896,896,
8210,22,220000,0,user_18,896,896,
8212,23,220000,0,user_18,896,896,
8237,24,220000,0,user_46,896,896,
8195,25,170001,0,user_2,896,896,8194
8197,26,150000,0,user_4,896,896,
8232,27,150000,0,user_43,896,896,
8228,28,110000,0,user_40,896,896,
8199,29,100000,0,user_6,896,896,
8211,30,98000,0,user_18,896,896,
8227,31,83000,0,user_37,896,896,
8234,32,82000,0,user_43,896,896,
8203,33,80000,0,user_10,896,896,
8225,34,77000,0,user_36,896,896,
8239,35,73000,0,user_49,896,896,
8208,36,70000,0,user_15,896,896,
8254,0,19000000,0,user_18,897,897,
8245,1,6100000,0,user_5,897,897,
8250,2,4500000,0,user_15,897,897,
8269,3,3500000,0,user_35,897,897,
8261,4,1900000,0,user_29,897,897,
8267,5,1700000,0,user_35,897,897,
8274,6,1500000,0,user_37,897,897,
8242,7,1100000,0,user_2,897,897,
8253,8,1000000,0,user_17,897,897,
8290,9,0,0,validator_5,100,897,8260
8260,10,530000,161000,user_27,897,897,
8277,11,630000,0,user_41,897,897,
8247,12,530000,0,user_10,897,897,
8291,13,0,0,validator_5,100,897,8259
8259,14,85000,410000,user_27,897,897,
8275,15,420000,0,user_37,897,897,
8244,16,370000,0,user_4,897,897,
8273,17,350000,0,user_37,897,897,
8252,18,340000,0,user_16,897,897,
8268,19,340000,0,user_35,897,897,
8292,20,0,0,validator_5,100,897,8249
8249,21,190000,128000,user_12,897,897,
8241,22,310000,0,user_1,897,897,
8272,23,310000,0,user_37,897,897,
8293,24,0,0,validator_5,100,897,8256
8256,25,220000,35100,user_20,897,897,
8258,26,160000,0,user_26,897,897,
8262,27,160000,0,user_29,897,897,
8283,28,160000,0,user_45,897,897,
8294,29,0,0,validator_5,100,897,8289
8289,30,120000,39400,user_49,897,897,
8248,31,150000,0,user_11,897,897,
8295,32,0,0,validator_5,100,897,8284
8284,33,110000,35100,user_46,897,897,
8240,34,130000,0,user_1,897,897,
8270,35,87000,35600,user_35,897,897,
8296,36,0,0,validator_5,100,897,8270
8251,37,120000,0,user_16,897,897,
8255,38,120000,0,user_18,897,897,
8264,39,120000,0,user_31,897,897,
8257,40,110000,0,user_23,897,897,
8243,41,83000,0,user_3,897,897,
8271,42,82000,0,user_37,897,897,
8326,0,30000000,0,user_22,898,898,
8330,1,27000000,195000,user_27,898,898,
8354,2,0,0,validator_2,100,898,8330
8352,3,5000000,0,user_46,898,898,
8303,4,3500000,0,user_7,898,898,
8333,5,3200000,0,user_31,898,898,
8355,6,0,0,validator_2,100,898,8309
8309,7,2500000,256000,user_9,898,898,
8299,8,2600001,0,user_2,898,898,8298
8328,9,2600000,0,user_23,898,898,
8356,10,0,0,validator_2,100,898,8342
8342,11,1500000,959000,user_40,898,898,
8300,12,2300000,0,user_3,898,898,
8334,13,2000000,0,user_32,898,898,
8336,14,1700000,0,user_33,898,898,
8306,15,1500000,0,user_7,898,898,
8323,16,1500000,0,user_20,898,898,
8317,17,1000000,0,user_17,898,898,
8347,18,670000,0,user_44,898,898,
8339,19,660000,0,user_39,898,898,
8348,20,420000,231000,user_45,898,898,
8357,21,0,0,validator_2,100,898,8348
8310,22,460000,0,user_10,898,898,
8349,23,460000,0,user_46,898,898,
8338,24,420000,0,user_38,898,898,
8340,25,420000,0,user_40,898,898,
8350,26,420000,0,user_46,898,898,
8341,27,320000,0,user_40,898,898,
8346,28,110000,181000,user_44,898,898,
8358,29,0,0,validator_2,100,898,8346
8335,30,260000,0,user_33,898,898,
8351,31,260000,0,user_46,898,898,
8344,32,240000,0,user_42,898,898,
8359,33,0,0,validator_2,100,898,8314
8314,34,150000,30200,user_14,898,898,
8305,35,160000,0,user_7,898,898,
8316,36,150000,0,user_16,898,898,
8301,37,120000,0,user_5,898,898,
8302,38,120000,0,user_6,898,898,
8304,39,120000,0,user_7,898,898,
8322,40,120000,0,user_20,898,898,
8327,41,120000,0,user_22,898,898,
8331,42,110000,0,user_28,898,898,
8353,43,82000,13900,user_48,898,898,
8360,44,0,0,validator_2,100,898,8353
8312,45,87000,0,user_12,898,898,
8325,46,84000,0,user_21,898,898,
8324,47,82000,0,user_20,898,898,
8332,48,73000,0,user_30,898,898,
8308,49,70000,0,user_9,898,898,
8311,50,70000,0,user_11,898,898,
8313,51,70000,0,user_12,898,898,
8343,52,70000,0,user_41,898,898,
8382,0,43000000,0,user_13,899,899,
8422,1,0,0,validator_4,100,899,8417
8417,2,30000000,108000,user_47,899,899,
8423,3,0,0,validator_4,100,899,8392
8392,4,6300000,30200,user_20,899,899,
8377,5,6300000,0,user_9,899,899,
8405,6,5000000,0,user_32,899,899,
8393,7,4500000,0,user_21,899,899,
8375,8,3600000,0,user_9,899,899,
8390,9,2500000,0,user_18,899,899,
8407,10,1300000,959000,user_36,899,899,
8424,11,0,0,validator_4,100,899,8407
8425,12,0,0,validator_4,100,899,8411
8411,13,2000000,73100,user_41,899,899,
8367,14,2000000,0,user_4,899,899,
8388,15,1900000,0,user_17,899,899,
8400,16,1900000,0,user_25,899,899,
8363,17,1800000,0,user_1,899,899,
8378,18,1500000,0,user_9,899,899,
8386,19,1400000,68100,user_16,899,899,
8426,20,0,0,validator_4,100,899,8386
8415,21,1400000,0,user_47,899,899,
8376,22,1100000,0,user_9,899,899,
8408,23,1100000,0,user_37,899,899,
8369,24,1000000,0,user_4,899,899,
8398,25,970000,0,user_23,899,899,
8419,26,160000,779000,user_48,899,899,
8427,27,0,0,validator_4,100,899,8419
8362,28,910000,0,user_0,899,899,
8403,29,660000,0,user_30,899,899,
8379,30,650000,0,user_10,899,899,
8364,31,600000,0,user_2,899,899,
8401,32,600000,0,user_27,899,899,
8409,33,150000,410000,user_37,899,899,
8428,34,0,0,validator_4,100,899,8409
8394,35,530000,0,user_21,899,899,
8414,36,460000,0,user_47,899,899,
8429,37,0,0,validator_4,100,899,8396
8396,38,160000,285000,user_21,899,899,
8395,39,420000,0,user_21,899,899,
8421,40,420000,0,user_49,899,899,
8374,41,360000,0,user_9,899,899,
8383,42,360000,0,user_14,899,899,
8399,43,360000,0,user_23,899,899,
8416,44,320000,0,user_47,899,899,
8384,45,310000,0,user_14,899,899,
8406,46,260000,0,user_33,899,899,
8380,47,240000,0,user_10,899,899,
8385,48,240000,0,user_15,899,899,
8368,49,190000,0,user_4,899,899,
8371,50,160000,0,user_4,899,899,
8387,51,160000,0,user_17,899,899,
8418,52,150000,0,user_48,899,899,
8391,53,120000,0,user_20,899,899,
8420,54,120000,0,user_48,899,899,
8412,55,110000,0,user_44,899,899,
8370,56,84000,0,user_4,899,899,
8372,57,84000,0,user_5,899,899,
8397,58,80000,0,user_21,899,899,
8389,59,79000,0,user_18,899,899,
8402,60,79000,0,user_29,899,899,
8413,61,79000,0,user_45,899,899,
8361,62,77000,0,user_0,899,899,
6391,0,2400000,0,user_19,900,900,
6382,1,2300000,0,user_4,900,900,
6417,2,2300000,0,user_39,900,900,
6388,3,1300000,779000,user_15,900,900,
6424,4,0,0,validator_12,100,900,6388
6401,5,2000000,0,user_24,900,900,
6387,6,1800000,0,user_12,900,900,
6419,7,1500000,0,user_44,900,900,
6420,8,1500000,0,user_45,900,900,
6425,9,0,0,validator_12,100,900,6421
6421,10,1100000,13900,user_45,900,900,
6396,11,870000,0,user_22,900,900,
6398,12,660000,0,user_23,900,900,
6408,13,650000,0,user_30,900,900,
6409,14,600000,0,user_30,900,900,
6397,15,260000,285000,user_22,900,900,
6426,16,0,0,validator_12,100,900,6397
6379,17,420001,0,user_2,900,900,6377
6405,18,420000,0,user_27,900,900,
6378,19,419999,0,user_1,900,900,6377
6380,20,419999,0,user_2,900,900,6377
6427,21,0,0,validator_12,100,900,6407
6407,22,350000,14200,user_28,900,900,
6403,23,350000,0,user_24,900,900,
6428,24,0,0,validator_12,100,900,6400
6400,25,150000,155000,user_24,900,900,
6416,26,300000,0,user_39,900,900,
6386,27,240000,0,user_10,900,900,
6395,28,190000,0,user_22,900,900,
6410,29,98000,75000,user_30,900,900,
6429,30,0,0,validator_12,100,900,6410
6423,31,170000,0,user_49,900,900,
6430,32,0,0,validator_12,100,900,6381
6381,33,120000,32900,user_4,900,900,
6414,34,150000,0,user_35,900,900,
6418,35,150000,0,user_43,900,900,
6390,36,120000,0,user_19,900,900,
6392,37,120000,0,user_20,900,900,
6394,38,120000,0,user_22,900,900,
6399,39,120000,0,user_24,900,900,
6412,40,120000,0,user_32,900,900,
6384,41,110000,0,user_7,900,900,
6411,42,98000,0,user_31,900,900,
6413,43,85000,0,user_33,900,900,
6406,44,84000,0,user_27,900,900,
6415,45,73000,5180,user_37,900,900,
6431,46,0,0,validator_12,100,900,6415
6402,47,77000,0,user_24,900,900,
6461,0,43000000,0,user_26,901,901,
6459,1,27000000,0,user_24,901,901,
6494,2,0,0,validator_11,100,901,6492
6492,3,79000,7190000,user_49,901,901,
6435,4,6300000,0,user_3,901,901,
6432,5,5200000,0,user_1,901,901,
6440,6,5000000,0,user_6,901,901,
6443,7,5000000,0,user_8,901,901,
6444,8,5000000,0,user_11,901,901,
6484,9,5000000,0,user_42,901,901,
6475,10,4200000,33300,user_33,901,901,
6495,11,0,0,validator_11,100,901,6475
6469,12,4200000,0,user_29,901,901,
6480,13,2300000,381000,user_38,901,901,
6496,14,0,0,validator_11,100,901,6480
6433,15,2500000,0,user_2,901,901,
6474,16,2100000,381000,user_32,901,901,
6497,17,0,0,validator_11,100,901,6474
6485,18,2300000,0,user_43,901,901,
6498,19,0,0,validator_11,100,901,6487
6487,20,1500000,296000,user_43,901,901,
6479,21,1600000,64600,user_38,901,901,
6499,22,0,0,validator_11,100,901,6479
6460,23,1600000,0,user_24,901,901,
6471,24,1400000,0,user_31,901,901,
6491,25,1400000,0,user_48,901,901,
6488,26,1100000,0,user_44,901,901,
6457,27,1000000,0,user_21,901,901,
6436,28,670000,146000,user_4,901,901,
6500,29,0,0,validator_11,100,901,6436
6501,30,0,0,validator_11,100,901,6489
6489,31,660000,36800,user_45,901,901,
6453,32,670000,0,user_18,901,901,
6476,33,650000,0,user_34,901,901,
6467,34,630000,18600,user_29,901,901,
6502,35,0,0,validator_11,100,901,6467
6486,36,530000,0,user_43,901,901,
6437,37,470000,0,user_5,901,901,
6470,38,460000,0,user_30,901,901,
6503,39,0,0,validator_11,100,901,6445
6445,40,120000,296000,user_12,901,901,
6464,41,350000,0,user_26,901,901,
6451,42,130000,215000,user_17,901,901,
6504,43,0,0,validator_11,100,901,6451
6482,44,120000,195000,user_41,901,901,
6505,45,0,0,validator_11,100,901,6482
6438,46,300000,0,user_5,901,901,
6434,47,260000,0,user_2,901,901,
6446,48,190000,36800,user_12,901,901,
6506,49,0,0,validator_11,100,901,6446
6447,50,220000,0,user_12,901,901,
6481,51,220000,0,user_39,901,901,
6483,52,190000,0,user_42,901,901,
6477,53,170000,0,user_36,901,901,
6450,54,160000,0,user_16,901,901,
6468,55,150000,0,user_29,901,901,
6462,56,120000,15100,user_26,901,901,
6507,57,0,0,validator_11,100,901,6462
6466,58,120000,0,user_28,901,901,
6472,59,120000,0,user_32,901,901,
6463,60,110000,0,user_26,901,901,
6465,61,110000,0,user_27,901,901,
6473,62,110000,0,user_32,901,901,
6493,63,110000,0,user_49,901,901,
6508,64,0,0,validator_11,100,901,6478
6478,65,70000,35100,user_37,901,901,
6458,66,84000,0,user_22,901,901,
6439,67,79000,0,user_5,901,901,
6452,68,70000,0,user_18,901,901,
6490,69,70000,0,user_47,901,901,
6519,0,43000000,0,user_11,902,902,
6549,1,43000000,0,user_39,902,902,
6515,2,27000000,0,user_8,902,902,
6562,3,0,0,validator_6,100,902,6536
6536,4,3600000,19700,user_25,902,902,
6518,5,3600000,0,user_11,902,902,
6521,6,3600000,0,user_13,902,902,
6524,7,3600000,0,user_14,902,902,
6546,8,2600000,0,user_37,902,902,
6517,9,2300000,0,user_10,902,902,
6556,10,2300000,0,user_42,902,902,
6563,11,0,0,validator_6,100,902,6541
6541,12,1700000,33300,user_30,902,902,
6514,13,1500000,0,user_6,902,902,
6516,14,1500000,0,user_9,902,902,
6548,15,1500000,0,user_38,902,902,
6559,16,1200000,0,user_44,902,902,
6560,17,1100000,3130,user_45,902,902,
6564,18,0,0,validator_6,100,902,6560
6540,19,1000000,5180,user_29,902,902,
6565,20,0,0,validator_6,100,902,6540
6527,21,970000,0,user_17,902,902,
6539,22,970000,0,user_28,902,902,
6566,23,0,0,validator_6,100,902,6535
6535,24,910000,13800,user_24,902,902,
6530,25,670000,0,user_18,902,902,
6567,26,0,0,validator_6,100,902,6545
6545,27,600000,13900,user_35,902,902,
6523,28,600000,0,user_14,902,902,
6557,29,530000,0,user_43,902,902,
6568,30,0,0,validator_6,100,902,6544
6544,31,460000,68100,user_33,902,902,
6509,32,460000,0,user_0,902,902,
6532,33,340000,0,user_21,902,902,
6526,34,320000,0,user_17,902,902,
6537,35,310000,0,user_28,902,902,
6522,36,220000,32900,user_13,902,902,
6569,37,0,0,validator_6,100,902,6522
6525,38,240000,0,user_15,902,902,
6570,39,0,0,validator_6,100,902,6547
6547,40,220000,17000,user_38,902,902,
6571,41,0,0,validator_6,100,902,6520
6520,42,220000,12800,user_12,902,902,
6529,43,220000,0,user_17,902,902,
6572,44,0,0,validator_6,100,902,6531
6531,45,170000,46500,user_20,902,902,
6538,46,190000,0,user_28,902,902,
6528,47,160000,21800,user_17,902,902,
6573,48,0,0,validator_6,100,902,6528
6554,49,160000,0,user_42,902,902,
6543,50,120000,0,user_32,902,902,
6558,51,120000,0,user_43,902,902,
6542,52,98000,0,user_31,902,902,
6555,53,77000,0,user_42,902,902,
6599,0,30000000,0,user_30,903,903,
6582,1,5200000,0,user_13,903,903,
6616,2,0,0,validator_12,100,903,6605
6605,3,4500000,30200,user_36,903,903,
6597,4,3600000,30200,user_29,903,903,
6617,5,0,0,validator_12,100,903,6597
6592,6,3600000,0,user_23,903,903,
6607,7,3600000,0,user_37,903,903,
6606,8,3500000,0,user_36,903,903,
6585,9,2400000,0,user_15,903,903,
6581,10,1500000,510000,user_12,903,903,
6618,11,0,0,validator_12,100,903,6581
6596,12,2000000,0,user_28,903,903,
6603,13,1700000,0,user_36,903,903,
6583,14,1500000,0,user_14,903,903,
6612,15,1200000,0,user_46,903,903,
6593,16,1000000,0,user_25,903,903,
6614,17,1000000,0,user_48,903,903,
6615,18,1000000,0,user_49,903,903,
6619,19,0,0,validator_12,100,903,6579
6579,20,910000,24700,user_10,903,903,
6580,21,650000,0,user_11,903,903,
6598,22,460000,0,user_29,903,903,
6620,23,0,0,validator_12,100,903,6602
6602,24,360000,23500,user_35,903,903,
6577,25,350000,0,user_9,903,903,
6586,26,260000,0,user_16,903,903,
6621,27,0,0,validator_12,100,903,6576
6576,28,79000,155000,user_7,903,903,
6622,29,0,0,validator_12,100,903,6578
6578,30,73000,146000,user_10,903,903,
6594,31,170000,0,user_25,903,903,
6595,32,170000,0,user_28,903,903,
6574,33,160000,0,user_3,903,903,
6601,34,160000,0,user_31,903,903,
6584,35,150000,0,user_15,903,903,
6588,36,150000,0,user_19,903,903,
6609,37,110000,0,user_40,903,903,
6590,38,100000,0,user_22,903,903,
6600,39,100000,0,user_31,903,903,
6591,40,84000,0,user_22,903,903,
6604,41,73000,0,user_36,903,903,
6627,0,43000000,56200,user_5,904,904,
6688,1,0,0,validator_11,100,904,6627
6683,2,30000000,0,user_44,904,904,
6670,3,19000000,0,user_35,904,904,
6629,4,6100000,0,user_5,904,904,
6681,5,5000000,0,user_43,904,904,
6638,6,3500000,0,user_9,904,904,
6689,7,0,0,validator_11,100,904,6660
6660,8,2000000,779000,user_31,904,904,
6679,9,2600000,0,user_41,904,904,
6690,10,0,0,validator_11,100,904,6680
6680,11,910000,1100000,user_42,904,904,
6641,12,2000000,0,user_11,904,904,
6653,13,2000000,0,user_24,904,904,
6640,14,1700000,0,user_11,904,904,
6624,15,1600000,0,user_1,904,904,
6651,16,1600000,0,user_21,904,904,
6654,17,1500000,0,user_25,904,904,
6655,18,1500000,0,user_26,904,904,
6656,19,1500000,0,user_27,904,904,
6691,20,0,0,validator_11,100,904,6682
6682,21,1400000,3130,user_44,904,904,
6631,22,1400000,0,user_5,904,904,
6662,23,1100000,0,user_32,904,904,
6649,24,1000000,0,user_18,904,904,
6658,25,1000000,0,user_29,904,904,
6626,26,420000,296000,user_3,904,904,
6692,27,0,0,validator_11,100,904,6626
6636,28,82000,594000,user_8,904,904,
6693,29,0,0,validator_11,100,904,6636
6686,30,670000,3130,user_47,904,904,
6694,31,0,0,validator_11,100,904,6686
6623,32,670000,0,user_0,904,904,
6685,33,670000,0,user_47,904,904,
6630,34,600000,0,user_5,904,904,
6648,35,600000,0,user_18,904,904,
6667,36,530000,0,user_34,904,904,
6661,37,470000,0,user_31,904,904,
6628,38,460000,0,user_5,904,904,
6664,39,460000,0,user_33,904,904,
6665,40,460000,0,user_33,904,904,
6644,41,420000,0,user_11,904,904,
6650,42,320000,0,user_19,904,904,
6668,43,320000,0,user_35,904,904,
6632,44,310000,0,user_6,904,904,
6684,45,300000,0,user_46,904,904,
6695,46,0,0,validator_11,100,904,6657
6657,47,100000,164000,user_28,904,904,
6666,48,260000,0,user_33,904,904,
6633,49,190000,0,user_6,904,904,
6663,50,190000,0,user_33,904,904,
6669,51,170000,11200,user_35,904,904,
6696,52,0,0,validator_11,100,904,6669
6672,53,170000,0,user_38,904,904,
6647,54,160000,0,user_16,904,904,
6637,55,130000,0,user_8,904,904,
6697,56,0,0,validator_11,100,904,6687
6687,57,120000,3130,user_49,904,904,
6652,58,120000,0,user_22,904,904,
6673,59,120000,0,user_39,904,904,
6643,60,110000,0,user_11,904,904,
6659,61,87000,0,user_30,904,904,
6642,62,82000,0,user_11,904,904,
6625,63,80000,0,user_2,904,904,
6671,64,79000,0,user_37,904,904,
6645,65,70000,0,user_12,904,904,
6715,0,19000000,0,user_15,905,905,
6698,1,6300000,0,user_0,905,905,
6742,2,6300000,0,user_43,905,905,
6743,3,3600000,0,user_43,905,905,
6745,4,2000000,0,user_44,905,905,
6704,5,1800000,31700,user_6,905,905,
6716,6,1700000,7190000,user_16,905,905,
6744,7,1700000,0,user_44,905,905,
6738,8,1600000,0,user_37,905,905,
6713,9,1500000,0,user_13,905,905,
6722,10,1500000,0,user_24,905,905,
6750,11,1500000,0,user_48,905,905,
6701,12,1400000,0,user_4,905,905,
6752,13,1100000,0,user_49,905,905,
6708,14,1000000,12300,user_12,905,905,
6732,15,1000000,0,user_34,905,905,
6734,16,870000,0,user_34,905,905,
6748,17,660000,31700,user_46,905,905,
6721,18,530000,0,user_22,905,905,
6705,19,420000,0,user_7,905,905,
6746,20,350000,0,user_45,905,905,
6737,21,340000,35600,user_36,905,905,
6724,22,320000,0,user_26,905,905,
6751,23,320000,21800,user_49,905,905,
6709,24,310000,0,user_12,905,905,
6735,25,310000,0,user_34,905,905,
6710,26,300000,0,user_12,905,905,
6720,27,260000,0,user_20,905,905,
6731,28,260000,0,user_34,905,905,
6700,29,190000,0,user_3,905,905,
6714,30,170000,67500,user_14,905,905,
6711,31,160000,0,user_12,905,905,
6717,32,150000,16400,user_16,905,905,
6733,33,150000,0,user_34,905,905,
6707,34,120000,0,user_9,905,905,
6712,35,120000,4320000,user_12,905,905,
6725,36,120000,0,user_27,905,905,
6730,37,120000,381000,user_32,905,905,
6718,38,110000,0,user_18,905,905,
6747,39,110000,0,user_46,905,905,
6699,40,87000,0,user_3,905,905,
6741,41,77000,0,user_40,905,905,
6723,42,73000,0,user_24,905,905,
6756,0,43000000,0,user_3,906,906,
6760,1,30000000,0,user_6,906,906,
6753,2,19000000,0,user_0,906,906,
6762,3,5200000,0,user_7,906,906,
6790,4,4500000,0,user_35,906,906,
6794,5,4500000,0,user_38,906,906,
6761,6,3500000,0,user_6,906,906,
6789,7,2600000,0,user_34,906,906,
6802,8,2500000,0,user_46,906,906,
6758,9,2000000,283000,user_4,906,906,
6807,10,0,0,validator_7,100,906,6758
6763,11,1500000,545000,user_7,906,906,
6808,12,0,0,validator_7,100,906,6763
6754,13,2000000,0,user_1,906,906,
6787,14,1900000,0,user_32,906,906,
6788,15,1200000,0,user_34,906,906,
6773,16,1100000,0,user_18,906,906,
6806,17,1100000,0,user_49,906,906,
6809,18,0,0,validator_7,100,906,6765
6765,19,1000000,13900,user_7,906,906,
6757,20,1000000,0,user_3,906,906,
6775,21,600000,0,user_19,906,906,
6767,22,530000,0,user_12,906,906,
6759,23,460000,0,user_5,906,906,
6780,24,420000,0,user_24,906,906,
6781,25,370000,0,user_25,906,906,
6755,26,360000,0,user_2,906,906,
6798,27,350000,0,user_41,906,906,
6792,28,310000,0,user_36,906,906,
6801,29,310000,0,user_43,906,906,
6764,30,240000,0,user_7,906,906,
6779,31,220000,0,user_22,906,906,
6793,32,220000,0,user_37,906,906,
6810,33,0,0,validator_7,100,906,6804
6804,34,130000,75000,user_48,906,906,
6805,35,170000,8520,user_48,906,906,
6811,36,0,0,validator_7,100,906,6805
6812,37,0,0,validator_7,100,906,6803
6803,38,170000,7840,user_47,906,906,
6774,39,160000,0,user_19,906,906,
6772,40,150000,0,user_18,906,906,
6797,41,110000,18600,user_39,906,906,
6813,42,0,0,validator_7,100,906,6797
6771,43,120000,0,user_17,906,906,
6796,44,120000,0,user_38,906,906,
6768,45,110000,0,user_13,906,906,
6791,46,84000,0,user_36,906,906,
6795,47,77000,0,user_38,906,906,
6831,0,43000000,0,user_16,907,907,
6835,1,19000000,0,user_25,907,907,
6840,2,19000000,0,user_29,907,907,
6841,3,19000000,0,user_29,907,907,
6844,4,630000,17700000,user_33,907,907,
6869,5,0,0,validator_3,100,907,6844
6870,6,0,0,validator_3,100,907,6814
6814,7,6100000,56200,user_1,907,907,
6851,8,5200000,0,user_40,907,907,
6860,9,5200000,0,user_47,907,907,
6863,10,5200000,0,user_47,907,907,
6822,11,5000000,0,user_10,907,907,
6856,12,5000000,0,user_44,907,907,
6834,13,4200000,139000,user_21,907,907,
6871,14,0,0,validator_3,100,907,6834
6829,15,3600000,0,user_13,907,907,
6846,16,3200000,0,user_37,907,907,
6832,17,2600000,0,user_17,907,907,
6838,18,2100000,0,user_27,907,907,
6872,19,0,0,validator_3,100,907,6830
6830,20,2000000,18600,user_14,907,907,
6821,21,1900000,18600,user_8,907,907,
6873,22,0,0,validator_3,100,907,6821
6825,23,1900000,0,user_10,907,907,
6845,24,1900000,0,user_34,907,907,
6852,25,1900000,0,user_41,907,907,
6859,26,1900000,0,user_44,907,907,
6843,27,1700000,0,user_31,907,907,
6817,28,1500000,0,user_5,907,907,
6855,29,1500000,0,user_43,907,907,
6819,30,1400000,0,user_5,907,907,
6836,31,1400000,0,user_25,907,907,
6853,32,1100000,47700,user_42,907,907,
6874,33,0,0,validator_3,100,907,6853
6837,34,1100000,0,user_26,907,907,
6824,35,1000000,0,user_10,907,907,
6816,36,670000,33100,user_4,907,907,
6875,37,0,0,validator_3,100,907,6816
6828,38,660000,18600,user_12,907,907,
6876,39,0,0,validator_3,100,907,6828
6823,40,630000,0,user_10,907,907,
6839,41,460000,0,user_28,907,907,
6850,42,370000,0,user_40,907,907,
6858,43,360000,0,user_44,907,907,
6861,44,360000,0,user_47,907,907,
6857,45,150000,0,user_44,907,907,
6820,46,120000,0,user_5,907,907,
6854,47,120000,0,user_43,907,907,
6862,48,110000,0,user_47,907,907,
6848,49,84000,0,user_38,907,907,
6827,50,83000,0,user_11,907,907,
6826,51,77000,0,user_10,907,907,
6818,52,70000,0,user_5,907,907,
6847,53,70000,0,user_38,907,907,
6882,0,30000000,0,user_4,908,908,
6888,1,30000000,0,user_10,908,908,
6898,2,27000000,0,user_22,908,908,
6877,3,19000000,195000,user_0,908,908,
6890,4,19000000,0,user_16,908,908,
6878,5,18999999,0,user_2,908,908,6877
6879,6,18999999,0,user_2,908,908,6877
6891,7,6300000,594000,user_18,908,908,
6911,8,5000000,0,user_32,908,908,
6903,9,2400000,0,user_26,908,908,
6909,10,2000000,0,user_30,908,908,
6905,11,1800000,15300,user_26,908,908,
6922,12,1600000,0,user_46,908,908,
6885,13,1500000,33300,user_6,908,908,
6889,14,1500000,0,user_12,908,908,
6919,15,1500000,0,user_43,908,908,
6880,16,1400000,0,user_3,908,908,
6918,17,1100000,0,user_42,908,908,
6920,18,1000000,0,user_44,908,908,
6883,19,650000,0,user_6,908,908,
6894,20,630000,161000,user_20,908,908,
6912,21,460000,0,user_33,908,908,
6886,22,350000,0,user_7,908,908,
6921,23,350000,0,user_46,908,908,
6925,24,340000,0,user_49,908,908,
6881,25,310000,0,user_4,908,908,
6904,26,220000,0,user_26,908,908,
6924,27,220000,0,user_49,908,908,
6908,28,170000,67900,user_30,908,908,
6917,29,170000,0,user_41,908,908,
6915,30,160000,16400,user_39,908,908,
6893,31,150000,0,user_20,908,908,
6884,32,120000,0,user_6,908,908,
6901,33,110000,0,user_24,908,908,
6916,34,110000,0,user_40,908,908,
6906,35,98000,0,user_26,908,908,
6914,36,84000,195000,user_36,908,908,
6945,0,43000000,0,user_19,909,909,
6936,1,27000000,0,user_11,909,909,
6969,2,0,0,validator_10,100,909,6950
6950,3,5200000,1100000,user_24,909,909,
6947,4,5200000,181000,user_21,909,909,
6970,5,0,0,validator_10,100,909,6947
6941,6,5000000,10700,user_15,909,909,
6971,7,0,0,validator_10,100,909,6941
6951,8,2300000,0,user_25,909,909,
6955,9,2300000,0,user_30,909,909,
6937,10,1800000,7840,user_12,909,909,
6972,11,0,0,validator_10,100,909,6937
6953,12,1700000,0,user_27,909,909,
6938,13,1500000,0,user_13,909,909,
6939,14,1500000,0,user_13,909,909,
6946,15,1500000,0,user_20,909,909,
6927,16,1000000,0,user_3,909,909,
6930,17,1000000,0,user_6,909,909,
6948,18,1000000,0,user_22,909,909,
6973,19,0,0,validator_10,100,909,6940
6940,20,470000,283000,user_14,909,909,
6974,21,0,0,validator_10,100,909,6959
6959,22,530000,46500,user_36,909,909,
6960,23,470000,0,user_37,909,909,
6965,24,370000,0,user_44,909,909,
6926,25,340000,0,user_0,909,909,
6932,26,340000,0,user_7,909,909,
6931,27,260000,0,user_7,909,909,
6956,28,260000,0,user_32,909,909,
6962,29,260000,0,user_42,909,909,
6929,30,220000,0,user_6,909,909,
6943,31,220000,0,user_17,909,909,
6975,32,0,0,validator_10,100,909,6958
6958,33,160000,33300,user_34,909,909,
6928,34,170000,0,user_5,909,909,
6968,35,170000,0,user_49,909,909,
6933,36,160000,0,user_8,909,909,
6942,37,120000,0,user_16,909,909,
6961,38,110000,0,user_41,909,909,
6964,39,110000,0,user_43,909,909,
6963,40,87000,0,user_42,909,909,
6966,41,87000,0,user_45,909,909,
6957,42,85000,0,user_33,909,909,
6949,43,80000,0,user_24,909,909,
7022,0,0,0,validator_6,100,910,7000
7000,1,27000000,15700,user_29,910,910,
6992,2,27000000,0,user_25,910,910,
6999,3,4500000,0,user_29,910,910,
6986,4,3600000,0,user_15,910,910,
7023,5,0,0,validator_6,100,910,6980
6980,6,2400000,215000,user_3,910,910,
6997,7,2600000,0,user_29,910,910,
6995,8,2500000,0,user_28,910,910,
7024,9,0,0,validator_6,100,910,7020
7020,10,2100000,46500,user_44,910,910,
6982,11,2000000,0,user_7,910,910,
7004,12,2000000,0,user_35,910,910,
7018,13,1900000,0,user_43,910,910,
6976,14,1500000,0,user_0,910,910,
7013,15,1500000,0,user_39,910,910,
6998,16,1300000,0,user_29,910,910,
7025,17,0,0,validator_6,100,910,6988
6988,18,310000,769000,user_20,910,910,
7026,19,0,0,validator_6,100,910,6978
6978,20,530000,381000,user_1,910,910,
7005,21,910000,0,user_35,910,910,
6996,22,660000,0,user_29,910,910,
7017,23,600000,0,user_42,910,910,
6979,24,530001,0,user_2,910,910,6978
6981,25,530000,0,user_6,910,910,
6987,26,460000,0,user_17,910,910,
7021,27,460000,0,user_48,910,910,
6983,28,420000,0,user_9,910,910,
7027,29,0,0,validator_6,100,910,6994
6994,30,370000,13900,user_27,910,910,
7028,31,0,0,validator_6,100,910,7003
7003,32,310000,68100,user_33,910,910,
7012,33,320000,0,user_38,910,910,
6984,34,310000,3130,user_9,910,910,
7029,35,0,0,validator_6,100,910,6984
6977,36,300000,0,user_1,910,910,
7019,37,300000,0,user_44,910,910,
6985,38,260000,0,user_11,910,910,
7002,39,260000,0,user_31,910,910,
7011,40,220000,0,user_37,910,910,
6991,41,160000,0,user_24,910,910,
7001,42,150000,0,user_30,910,910,
7082,0,0,0,validator_5,100,911,7064
7064,1,670000,7190000,user_27,911,911,
7078,2,6300000,0,user_41,911,911,
7034,3,3500000,0,user_3,911,911,
7083,4,0,0,validator_5,100,911,7077
7077,5,2600000,31700,user_40,911,911,
7062,6,2400000,0,user_27,911,911,
7084,7,0,0,validator_5,100,911,7075
7075,8,2300000,13800,user_38,911,911,
7047,9,2000000,0,user_19,911,911,
7063,10,2000000,0,user_27,911,911,
7070,11,2000000,0,user_31,911,911,
7072,12,2000000,0,user_33,911,911,
7049,13,1100000,0,user_20,911,911,
7057,14,1000000,0,user_24,911,911,
7065,15,1000000,0,user_27,911,911,
7074,16,1000000,0,user_35,911,911,
7081,17,1000000,0,user_49,911,911,
7066,18,970000,0,user_29,911,911,
7085,19,0,0,validator_5,100,911,7061
7061,20,530000,100000,user_27,911,911,
7035,21,600000,0,user_4,911,911,
7067,22,600000,0,user_29,911,911,
7086,23,0,0,validator_5,100,911,7056
7056,24,530000,15100,user_23,911,911,
7046,25,460000,0,user_16,911,911,
7059,26,350000,0,user_25,911,911,
7055,27,340000,0,user_22,911,911,
7076,28,260000,0,user_40,911,911,
7058,29,150000,0,user_24,911,911,
7087,30,0,0,validator_5,100,911,7060
7060,31,120000,11200,user_26,911,911,
7088,32,0,0,validator_5,100,911,7030
7030,33,120000,7840,user_0,911,911,
7033,34,120001,0,user_2,911,911,7030
7036,35,120000,0,user_4,911,911,
7048,36,120000,0,user_19,911,911,
7050,37,120000,0,user_21,911,911,
7053,38,120000,0,user_21,911,911,
7054,39,120000,0,user_21,911,911,
7031,40,119999,0,user_1,911,911,7030
7032,41,119999,0,user_1,911,911,7030
7039,42,110000,0,user_9,911,911,
7089,43,0,0,validator_5,100,911,7051
7051,44,100000,5630,user_21,911,911,
7090,45,0,0,validator_5,100,911,7041
7041,46,77000,11200,user_12,911,911,
7045,47,79000,6390,user_15,911,911,
7091,48,0,0,validator_5,100,911,7045
7079,49,84000,0,user_44,911,911,
7040,50,82000,0,user_10,911,911,
7080,51,79000,0,user_47,911,911,
7052,52,70000,0,user_21,911,911,
7100,0,43000000,0,user_7,912,912,
7117,1,43000000,0,user_26,912,912,
7130,2,27000000,0,user_40,912,912,
7120,3,19000000,0,user_26,912,912,
7109,4,6100000,0,user_19,912,912,
7132,5,6100000,0,user_44,912,912,
7099,6,4500000,0,user_6,912,912,
7093,7,4200000,0,user_1,912,912,
7116,8,3500000,46500,user_25,912,912,
7145,9,0,0,validator_3,100,912,7116
7112,10,2600000,0,user_24,912,912,
7146,11,0,0,validator_3,100,912,7097
7097,12,2400000,34700,user_4,912,912,
7113,13,2100000,0,user_25,912,912,
7094,14,2000000,0,user_2,912,912,
7131,15,2000000,0,user_44,912,912,
7147,16,0,0,validator_3,100,912,7124
7124,17,1700000,35600,user_33,912,912,
7122,18,1600000,0,user_32,912,912,
7129,19,1600000,0,user_38,912,912,
7101,20,1100000,0,user_9,912,912,
7102,21,1000000,0,user_11,912,912,
7125,22,970000,0,user_34,912,912,
7108,23,660000,16400,user_19,912,912,
7148,24,0,0,validator_3,100,912,7108
7133,25,300000,369000,user_44,912,912,
7149,26,0,0,validator_3,100,912,7133
7136,27,420000,0,user_47,912,912,
7150,28,0,0,validator_3,100,912,7098
7098,29,340000,19700,user_5,912,912,
7115,30,350000,0,user_25,912,912,
7103,31,260000,0,user_13,912,912,
7151,32,0,0,validator_3,100,912,7111
7111,33,190000,68100,user_24,912,912,
7127,34,240000,0,user_35,912,912,
7138,35,240000,0,user_47,912,912,
7105,36,190000,0,user_16,912,912,
7135,37,190000,0,user_47,912,912,
7119,38,170000,0,user_26,912,912,
7126,39,170000,0,user_35,912,912,
7104,40,160000,0,user_14,912,912,
7106,41,150000,0,user_17,912,912,
7114,42,150000,0,user_25,912,912,
7118,43,150000,0,user_26,912,912,
7128,44,120000,0,user_37,912,912,
7137,45,120000,0,user_47,912,912,
7152,46,0,0,validator_3,100,912,7123
7123,47,82000,17000,user_32,912,912,
7134,48,82000,6390,user_47,912,912,
7153,49,0,0,validator_3,100,912,7134
7092,50,83000,0,user_0,912,912,
7107,51,83000,0,user_18,912,912,
7110,52,80000,0,user_22,912,912,
7168,0,43000000,0,user_20,913,913,
7186,1,27000000,10700,user_37,913,913,
7175,2,3600000,0,user_27,913,913,
7199,3,2300000,0,user_49,913,913,
7178,4,1600000,181000,user_32,913,913,
7169,5,1400000,0,user_22,913,913,
7181,6,1400000,39400,user_35,913,913,
7159,7,1200000,0,user_7,913,913,
7170,8,1000000,0,user_22,913,913,
7200,9,1000000,16400,user_49,913,913,
7182,10,870000,0,user_35,913,913,
7184,11,870000,0,user_36,913,913,
7155,12,650000,0,user_2,913,913,
7189,13,470000,0,user_41,913,913,
7167,14,420000,155000,user_19,913,913,
7162,15,360000,181000,user_16,913,913,
7173,16,360000,49100,user_26,913,913,
7154,17,340000,0,user_0,913,913,
7163,18,310000,17700000,user_16,913,913,
7171,19,310000,0,user_23,913,913,
7158,20,300000,0,user_6,913,913,
7164,21,300000,0,user_16,913,913,
7183,22,170000,0,user_35,913,913,
7157,23,160000,0,user_4,913,913,
7161,24,150000,12800,user_14,913,913,
7176,25,150000,0,user_29,913,913,
7187,26,150000,0,user_37,913,913,
7165,27,120000,256000,user_17,913,913,
7174,28,120000,12800,user_27,913,913,
7180,29,85000,21800,user_35,913,913,
7198,30,84000,17700000,user_48,913,913,
7185,31,82000,0,user_36,913,913,
7156,32,79000,0,user_2,913,913,
7255,0,0,0,validator_13,100,914,7218
7218,1,110000,17700000,user_17,914,914,
7207,2,6300000,0,user_7,914,914,
7222,3,6300000,0,user_21,914,914,
7249,4,5000000,108000,user_41,914,914,
7256,5,0,0,validator_13,100,914,7249
7211,6,2400000,0,user_8,914,914,
7235,7,2300000,0,user_31,914,914,
7240,8,2100000,0,user_35,914,914,
7204,9,2000000,0,user_4,914,914,
7238,10,2000000,0,user_34,914,914,
7208,11,1900000,0,user_7,914,914,
7251,12,1900000,0,user_43,914,914,
7257,13,0,0,validator_13,100,914,7243
7243,14,1500000,100000,user_37,914,914,
7247,15,1000000,0,user_41,914,914,
7246,16,650000,0,user_41,914,914,
7254,17,650000,0,user_47,914,914,
7234,18,600000,0,user_28,914,914,
7258,19,0,0,validator_13,100,914,7237
7237,20,350000,231000,user_34,914,914,
7228,21,460000,0,user_24,914,914,
7233,22,460000,0,user_28,914,914,
7242,23,460000,0,user_37,914,914,
7203,24,420000,0,user_1,914,914,
7216,25,340000,36800,user_12,914,914,
7259,26,0,0,validator_13,100,914,7216
7219,27,360000,0,user_18,914,914,
7231,28,360000,0,user_27,914,914,
7210,29,350000,0,user_7,914,914,
7202,30,320000,0,user_1,914,914,
7244,31,320000,0,user_37,914,914,
7260,32,0,0,validator_13,100,914,7248
7248,33,310000,5640,user_41,914,914,
7239,34,85000,215000,user_35,914,914,
7261,35,0,0,validator_13,100,914,7239
7262,36,0,0,validator_13,100,914,7217
7217,37,120000,155000,user_15,914,914,
7230,38,260000,0,user_25,914,914,
7263,39,0,0,validator_13,100,914,7253
7253,40,110000,100000,user_46,914,914,
7241,41,150000,0,user_36,914,914,
7229,42,110000,0,user_24,914,914,
7232,43,110000,0,user_27,914,914,
7264,44,0,0,validator_13,100,914,7220
7220,45,77000,13900,user_18,914,914,
7252,46,87000,0,user_45,914,914,
7209,47,77000,0,user_7,914,914,
7236,48,77000,0,user_33,914,914,
7272,0,43000000,0,user_11,915,915,
7280,1,30000000,0,user_17,915,915,
7286,2,27000000,0,user_18,915,915,
7279,3,2600000,7190000,user_16,915,915,
7317,4,0,0,validator_6,100,915,7279
7284,5,6300000,0,user_17,915,915,
7318,6,0,0,validator_6,100,915,7312
7312,7,3600000,15100,user_47,915,915,
7308,8,2300000,0,user_43,915,915,
7277,9,2000000,0,user_14,915,915,
7293,10,1200000,510000,user_21,915,915,
7319,11,0,0,validator_6,100,915,7293
7276,12,1700000,0,user_13,915,915,
7283,13,1600000,0,user_17,915,915,
7265,14,1500000,0,user_1,915,915,
7292,15,1500000,0,user_20,915,915,
7309,16,1500000,0,user_44,915,915,
7291,17,1400000,0,user_19,915,915,
7278,18,1000000,256000,user_15,915,915,
7320,19,0,0,validator_6,100,915,7278
7300,20,150000,769000,user_33,915,915,
7321,21,0,0,validator_6,100,915,7300
7267,22,660000,0,user_7,915,915,
7296,23,660000,0,user_24,915,915,
7298,24,530000,0,user_31,915,915,
7311,25,530000,0,user_46,915,915,
7270,26,350000,128000,user_10,915,915,
7322,27,0,0,validator_6,100,915,7270
7307,28,460000,17000,user_42,915,915,
7323,29,0,0,validator_6,100,915,7307
7268,30,420000,0,user_8,915,915,
7275,31,360000,0,user_11,915,915,
7299,32,310000,49100,user_32,915,915,
7324,33,0,0,validator_6,100,915,7299
7269,34,350000,0,user_9,915,915,
7310,35,350000,0,user_45,915,915,
7285,36,300000,49100,user_18,915,915,
7325,37,0,0,validator_6,100,915,7285
7282,38,310000,0,user_17,915,915,
7287,39,220000,0,user_18,915,915,
7302,40,190000,0,user_35,915,915,
7303,41,190000,0,user_39,915,915,
7281,42,170000,0,user_17,915,915,
7288,43,170000,0,user_18,915,915,
7297,44,160000,0,user_29,915,915,
7290,45,150000,0,user_19,915,915,
7266,46,120000,0,user_1,915,915,
7274,47,120000,0,user_11,915,915,
7271,48,98000,0,user_10,915,915,
7289,49,80000,0,user_18,915,915,
7273,50,73000,0,user_11,915,915,
7313,51,73000,0,user_48,915,915,
7374,0,0,0,validator_7,100,916,7370
7370,1,19000000,779000,user_43,916,916,
7331,2,6100000,0,user_6,916,916,
7327,3,5000000,0,user_4,916,916,
7367,4,3600000,73100,user_39,916,916,
7375,5,0,0,validator_7,100,916,7367
7354,6,3200000,0,user_24,916,916,
7344,7,2600000,0,user_15,916,916,
7357,8,2100000,84800,user_28,916,916,
7376,9,0,0,validator_7,100,916,7357
7356,10,2100000,0,user_26,916,916,
7353,11,1500000,0,user_23,916,916,
7355,12,1500000,0,user_25,916,916,
7363,13,1200000,0,user_35,916,916,
7364,14,1200000,0,user_36,916,916,
7368,15,1200000,0,user_40,916,916,
7329,16,1000000,0,user_5,916,916,
7377,17,0,0,validator_7,100,916,7330
7330,18,420000,410000,user_5,916,916,
7340,19,670000,0,user_12,916,916,
7332,20,650000,0,user_7,916,916,
7359,21,650000,0,user_30,916,916,
7369,22,650000,0,user_43,916,916,
7335,23,630000,0,user_7,916,916,
7333,24,530000,0,user_7,916,916,
7360,25,470000,0,user_31,916,916,
7339,26,420000,0,user_9,916,916,
7362,27,420000,0,user_34,916,916,
7371,28,160000,256000,user_46,916,916,
7378,29,0,0,validator_7,100,916,7371
7341,30,320000,75000,user_13,916,916,
7379,31,0,0,validator_7,100,916,7341
7334,32,310000,60700,user_7,916,916,
7380,33,0,0,validator_7,100,916,7334
7381,34,0,0,validator_7,100,916,7372
7372,35,150000,215000,user_48,916,916,
7328,36,340000,0,user_5,916,916,
7347,37,300000,0,user_17,916,916,
7336,38,220000,0,user_7,916,916,
7366,39,220000,0,user_37,916,916,
7373,40,220000,0,user_49,916,916,
7365,41,170000,5640,user_36,916,916,
7382,42,0,0,validator_7,100,916,7365
7352,43,170000,0,user_22,916,916,
7342,44,110000,0,user_13,916,916,
7338,45,83000,0,user_8,916,916,
7326,46,80000,0,user_1,916,916,
7337,47,77000,0,user_8,916,916,
7390,0,30000000,0,user_8,917,917,
7397,1,30000000,0,user_13,917,917,
7383,2,6300000,0,user_1,917,917,
7407,3,6100000,0,user_20,917,917,
7439,4,0,0,validator_8,100,917,7433
7433,5,5200000,64600,user_40,917,917,
7394,6,5000000,0,user_11,917,917,
7399,7,3200000,0,user_16,917,917,
7408,8,2100000,0,user_21,917,917,
7417,9,2000000,0,user_26,917,917,
7420,10,2000000,0,user_29,917,917,
7400,11,1500000,0,user_16,917,917,
7402,12,1500000,0,user_16,917,917,
7437,13,1100000,0,user_47,917,917,
7385,14,1000000,0,user_3,917,917,
7401,15,1000000,0,user_16,917,917,
7404,16,650000,283000,user_18,917,917,
7440,17,0,0,validator_8,100,917,7404
7396,18,910000,0,user_11,917,917,
7434,19,910000,0,user_42,917,917,
7406,20,420000,322000,user_20,917,917,
7441,21,0,0,validator_8,100,917,7406
7418,22,660000,0,user_27,917,917,
7431,23,650000,0,user_39,917,917,
7425,24,120000,510000,user_33,917,917,
7442,25,0,0,validator_8,100,917,7425
7388,26,530000,0,user_7,917,917,
7413,27,470000,0,user_23,917,917,
7421,28,470000,0,user_30,917,917,
7422,29,460000,0,user_31,917,917,
7443,30,0,0,validator_8,100,917,7426
7426,31,300000,139000,user_35,917,917,
7432,32,420000,0,user_40,917,917,
7386,33,370000,0,user_5,917,917,
7444,34,0,0,validator_8,100,917,7438
7438,35,360000,7840,user_48,917,917,
7389,36,360000,0,user_8,917,917,
7393,37,320000,5640,user_11,917,917,
7445,38,0,0,validator_8,100,917,7393
7419,39,300000,0,user_28,917,917,
7430,40,300000,0,user_39,917,917,
7416,41,220000,0,user_25,917,917,
7424,42,220000,0,user_32,917,917,
7446,43,0,0,validator_8,100,917,7395
7395,44,120000,67900,user_11,917,917,
7411,45,170000,0,user_23,917,917,
7409,46,150000,0,user_21,917,917,
7415,47,150000,0,user_24,917,917,
7410,48,120000,0,user_22,917,917,
7398,49,110000,0,user_14,917,917,
7412,50,87000,0,user_23,917,917,
7414,51,83000,0,user_24,917,917,
7423,52,70000,0,user_31,917,917,
7460,0,5000000,0,user_22,918,918,
7462,1,5000000,0,user_24,918,918,
7491,2,4500000,5180,user_47,918,918,
7495,3,0,0,validator_5,100,918,7491
7489,4,4500000,0,user_46,918,918,
7496,5,0,0,validator_5,100,918,7486
7486,6,1600000,959000,user_44,918,918,
7474,7,2100000,71800,user_29,918,918,
7497,8,0,0,validator_5,100,918,7474
7465,9,2000000,0,user_26,918,918,
7471,10,1700000,0,user_28,918,918,
7498,11,0,0,validator_5,100,918,7479
7479,12,1600000,15100,user_35,918,918,
7459,13,1600000,0,user_20,918,918,
7499,14,0,0,validator_5,100,918,7464
7464,15,1000000,285000,user_25,918,918,
7447,16,1100000,67500,user_1,918,918,
7500,17,0,0,validator_5,100,918,7447
7448,18,1100001,0,user_2,918,918,7447
7469,19,1100000,0,user_28,918,918,
7480,20,970000,0,user_36,918,918,
7457,21,910000,0,user_15,918,918,
7484,22,670000,0,user_42,918,918,
7461,23,660000,0,user_23,918,918,
7466,24,600000,0,user_26,918,918,
7488,25,600000,0,user_45,918,918,
7452,26,470000,0,user_10,918,918,
7463,27,470000,0,user_24,918,918,
7470,28,460000,0,user_28,918,918,
7458,29,300000,0,user_16,918,918,
7476,30,300000,0,user_31,918,918,
7501,31,0,0,validator_5,100,918,7494
7494,32,170000,121000,user_49,918,918,
7492,33,220000,0,user_47,918,918,
7502,34,0,0,validator_5,100,918,7472
7472,35,160000,16400,user_28,918,918,
7503,36,0,0,validator_5,100,918,7481
7481,37,160000,14200,user_37,918,918,
7451,38,160000,0,user_10,918,918,
7453,39,150000,0,user_11,918,918,
7467,40,150000,0,user_27,918,918,
7487,41,130000,0,user_45,918,918,
7483,42,70000,46500,user_38,918,918,
7504,43,0,0,validator_5,100,918,7483
7473,44,110000,0,user_28,918,918,
7490,45,110000,0,user_46,918,918,
7449,46,70000,12300,user_3,918,918,
7505,47,0,0,validator_5,100,918,7449
7482,48,82000,0,user_37,918,918,
7468,49,73000,0,user_27,918,918,
7541,0,43000000,0,user_34,919,919,
7543,1,19000000,0,user_35,919,919,
7561,2,6100000,0,user_46,919,919,
7554,3,5200000,0,user_42,919,919,
7556,4,4500000,0,user_45,919,919,
7528,5,4200000,0,user_15,919,919,
7553,6,4200000,0,user_41,919,919,
7552,7,3600000,36800,user_41,919,919,
7564,8,0,0,validator_11,100,919,7552
7521,9,3500000,0,user_11,919,919,
7535,10,2400000,0,user_24,919,919,
7550,11,2000000,0,user_39,919,919,
7527,12,1900000,0,user_15,919,919,
7531,13,1900000,0,user_18,919,919,
7510,14,1800000,0,user_3,919,919,
7565,15,0,0,validator_11,100,919,7539
7539,16,1700000,13900,user_34,919,919,
7555,17,1600000,0,user_44,919,919,
7512,18,1500000,0,user_5,919,919,
7549,19,1400000,0,user_37,919,919,
7562,20,1300000,13900,user_47,919,919,
7566,21,0,0,validator_11,100,919,7562
7507,22,1300000,0,user_0,919,919,
7511,23,1100000,0,user_4,919,919,
7546,24,1000000,0,user_36,919,919,
7559,25,1000000,0,user_45,919,919,
7532,26,630000,0,user_18,919,919,
7537,27,630000,0,user_29,919,919,
7522,28,470000,0,user_11,919,919,
7526,29,130000,296000,user_15,919,919,
7567,30,0,0,validator_11,100,919,7526
7540,31,340000,0,user_34,919,919,
7548,32,310000,0,user_36,919,919,
7529,33,260000,0,user_15,919,919,
7568,34,0,0,validator_11,100,919,7519
7519,35,220000,33100,user_11,919,919,
7508,36,240000,0,user_1,919,919,
7569,37,0,0,validator_11,100,919,7536
7536,38,100000,139000,user_28,919,919,
7506,39,220000,0,user_0,919,919,
7545,40,220000,0,user_36,919,919,
7570,41,0,0,validator_11,100,919,7524
7524,42,160000,18600,user_14,919,919,
7542,43,170000,0,user_34,919,919,
7525,44,150000,0,user_15,919,919,
7544,45,150000,0,user_36,919,919,
7513,46,120000,0,user_5,919,919,
7514,47,120000,0,user_8,919,919,
7534,48,120000,0,user_23,919,919,
7547,49,120000,0,user_36,919,919,
7557,50,120000,0,user_45,919,919,
7509,51,110000,0,user_2,919,919,
7538,52,110000,0,user_33,919,919,
7560,53,110000,0,user_45,919,919,
7520,54,85000,0,user_11,919,919,
7530,55,82000,0,user_16,919,919,
7558,56,80000,0,user_45,919,919,
7563,57,79000,0,user_48,919,919,
7590,0,43000000,0,user_17,920,920,
7591,1,19000000,0,user_18,920,920,
7577,2,6300000,0,user_7,920,920,
7575,3,3500000,0,user_6,920,920,
7608,4,2600000,0,user_40,920,920,
7582,5,2300000,0,user_12,920,920,
7623,6,0,0,validator_0,100,920,7589
7589,7,1900000,285000,user_16,920,920,
7588,8,2100000,0,user_15,920,920,
7592,9,2100000,0,user_19,920,920,
7581,10,2000000,0,user_11,920,920,
7572,11,1900000,0,user_3,920,920,
7618,12,1400000,0,user_47,920,920,
7622,13,1400000,0,user_49,920,920,
7574,14,1000000,0,user_5,920,920,
7587,15,1000000,0,user_15,920,920,
7620,16,1000000,0,user_49,920,920,
7584,17,470000,0,user_12,920,920,
7576,18,420000,0,user_6,920,920,
7595,19,420000,0,user_24,920,920,
7598,20,420000,0,user_29,920,920,
7609,21,370000,0,user_40,920,920,
7615,22,360000,0,user_43,920,920,
7607,23,160000,67500,user_40,920,920,
7624,24,0,0,validator_0,100,920,7607
7605,25,170000,31700,user_37,920,920,
7625,26,0,0,validator_0,100,920,7605
7626,27,0,0,validator_0,100,920,7617
7617,28,120000,64600,user_46,920,920,
7604,29,170000,0,user_35,920,920,
7619,30,170000,0,user_49,920,920,
7610,31,160000,5180,user_40,920,920,
7627,32,0,0,validator_0,100,920,7610
7601,33,160000,0,user_32,920,920,
7621,34,160000,0,user_49,920,920,
7580,35,150000,0,user_11,920,920,
7593,36,150000,0,user_20,920,920,
7600,37,130000,0,user_31,920,920,
7571,38,120000,0,user_3,920,920,
7599,39,120000,0,user_29,920,920,
7614,40,110000,0,user_42,920,920,
7583,41,85000,0,user_12,920,920,
7585,42,80000,0,user_13,920,920,
7602,43,79000,0,user_33,920,920,
7647,0,27000000,0,user_23,921,921,
7657,1,6300000,0,user_35,921,921,
7633,2,4500000,139000,user_7,921,921,
7668,3,0,0,validator_2,100,921,7633
7659,4,3500000,0,user_39,921,921,
7655,5,2600000,0,user_32,921,921,
7639,6,2500000,0,user_16,921,921,
7652,7,2400000,0,user_29,921,921,
7636,8,2000000,0,user_10,921,921,
7656,9,1600000,0,user_34,921,921,
7632,10,1400000,0,user_6,921,921,
7629,11,1100000,0,user_2,921,921,
7669,12,0,0,validator_2,100,921,7658
7658,13,83000,959000,user_38,921,921,
7630,14,670000,0,user_3,921,921,
7670,15,0,0,validator_2,100,921,7644
7644,16,150000,510000,user_20,921,921,
7664,17,650000,0,user_45,921,921,
7667,18,650000,0,user_48,921,921,
7671,19,0,0,validator_2,100,921,7665
7665,20,600000,12300,user_45,921,921,
7646,21,600000,0,user_22,921,921,
7631,22,470000,0,user_5,921,921,
7660,23,460000,0,user_40,921,921,
7641,24,350000,0,user_18,921,921,
7637,25,220000,5630,user_12,921,921,
7672,26,0,0,validator_2,100,921,7637
7653,27,220000,0,user_30,921,921,
7654,28,220000,0,user_30,921,921,
7661,29,150000,0,user_41,921,921,
7645,30,130000,0,user_21,921,921,
7673,31,0,0,validator_2,100,921,7651
7651,32,120000,5630,user_25,921,921,
7635,33,110000,0,user_9,921,921,
7640,34,73000,0,user_16,921,921,
7662,35,73000,0,user_41,921,921,
7648,36,70000,0,user_23,921,921,
7718,0,30000000,0,user_43,922,922,
7726,1,0,0,validator_4,100,922,7687
7687,2,27000000,34700,user_14,922,922,
7724,3,1400000,7190000,user_48,922,922,
7727,4,0,0,validator_4,100,922,7724
7728,5,0,0,validator_4,100,922,7725
7725,6,370000,7190000,user_48,922,922,
7686,7,2600000,36800,user_13,922,922,
7729,8,0,0,validator_4,100,922,7686
7711,9,2500000,0,user_34,922,922,
7705,10,2100000,0,user_30,922,922,
7722,11,2100000,0,user_46,922,922,
7730,12,0,0,validator_4,100,922,7679
7679,13,2000000,12800,user_8,922,922,
7706,14,2000000,0,user_30,922,922,
7713,15,2000000,0,user_36,922,922,
7703,16,1900000,0,user_30,922,922,
7716,17,1500000,0,user_40,922,922,
7681,18,240000,1100000,user_9,922,922,
7731,19,0,0,validator_4,100,922,7681
7732,20,0,0,validator_4,100,922,7690
7690,21,1100000,21800,user_18,922,922,
7682,22,1100000,0,user_10,922,922,
7712,23,1100000,0,user_35,922,922,
7721,24,1000000,49100,user_46,922,922,
7733,25,0,0,validator_4,100,922,7721
7734,26,0,0,validator_4,100,922,7689
7689,27,970000,31700,user_18,922,922,
7696,28,1000000,0,user_21,922,922,
7691,29,910000,0,user_18,922,922,
7735,30,0,0,validator_4,100,922,7692
7692,31,670000,64600,user_18,922,922,
7693,32,670000,0,user_18,922,922,
7709,33,670000,0,user_32,922,922,
7707,34,660000,0,user_30,922,922,
7677,35,600000,0,user_4,922,922,
7698,36,460000,0,user_26,922,922,
7699,37,420000,0,user_27,922,922,
7717,38,420000,0,user_41,922,922,
7736,39,0,0,validator_4,100,922,7674
7674,40,190000,35100,user_0,922,922,
7715,41,220000,0,user_40,922,922,
7675,42,189999,0,user_2,922,922,7674
7688,43,170000,0,user_16,922,922,
7694,44,170000,0,user_19,922,922,
7704,45,170000,0,user_30,922,922,
7697,46,150000,0,user_25,922,922,
7737,47,0,0,validator_4,100,922,7678
7678,48,73000,67900,user_5,922,922,
7695,49,120000,13900,user_20,922,922,
7738,50,0,0,validator_4,100,922,7695
7680,51,120000,0,user_9,922,922,
7710,52,120000,0,user_34,922,922,
7719,53,110000,0,user_44,922,922,
7708,54,82000,21800,user_32,922,922,
7739,55,0,0,validator_4,100,922,7708
7720,56,87000,0,user_44,922,922,
7723,57,73000,0,user_48,922,922,
7794,0,43000000,0,user_42,923,923,
7796,1,6300000,0,user_46,923,923,
7748,2,5000000,0,user_5,923,923,
7767,3,5000000,0,user_16,923,923,
7755,4,2600000,0,user_9,923,923,
7751,5,2400000,0,user_7,923,923,
7759,6,2100000,0,user_11,923,923,
7746,7,2000000,0,user_5,923,923,
7776,8,2000000,0,user_29,923,923,
7800,9,0,0,validator_0,100,923,7752
7752,10,1600000,12300,user_8,923,923,
7801,11,0,0,validator_0,100,923,7750
7750,12,1500000,15100,user_6,923,923,
7778,13,1500000,0,user_31,923,923,
7780,14,1000000,17000,user_32,923,923,
7802,15,0,0,validator_0,100,923,7780
7754,16,1000000,0,user_9,923,923,
7793,17,1000000,0,user_42,923,923,
7747,18,970000,0,user_5,923,923,
7760,19,670000,0,user_12,923,923,
7788,20,650000,0,user_38,923,923,
7803,21,0,0,validator_0,100,923,7787
7787,22,300000,285000,user_38,923,923,
7795,23,460000,0,user_43,923,923,
7786,24,420000,0,user_37,923,923,
7804,25,0,0,validator_0,100,923,7768
7768,26,360000,6390,user_18,923,923,
7749,27,360000,0,user_5,923,923,
7777,28,320000,0,user_31,923,923,
7779,29,310000,0,user_31,923,923,
7784,30,310000,0,user_35,923,923,
7790,31,220000,67500,user_40,923,923,
7805,32,0,0,validator_0,100,923,7790
7781,33,260000,0,user_33,923,923,
7765,34,220000,0,user_15,923,923,
7769,35,160000,36800,user_19,923,923,
7806,36,0,0,validator_0,100,923,7769
7772,37,87000,108000,user_23,923,923,
7807,38,0,0,validator_0,100,923,7772
7740,39,170000,0,user_0,923,923,
7785,40,170000,0,user_35,923,923,
7743,41,160000,0,user_3,923,923,
7758,42,150000,0,user_11,923,923,
7797,43,150000,0,user_46,923,923,
7799,44,150000,0,user_48,923,923,
7766,45,82000,56200,user_16,923,923,
7808,46,0,0,validator_0,100,923,7766
7798,47,130000,0,user_47,923,923,
7771,48,120000,0,user_23,923,923,
7770,49,110000,0,user_19,923,923,
7756,50,79000,21800,user_9,923,923,
7809,51,0,0,validator_0,100,923,7756
7745,52,83000,0,user_5,923,923,
7742,53,77000,0,user_2,923,923,
7753,54,70000,0,user_9,923,923,
7822,0,27000000,0,user_11,924,924,
7830,1,19000000,0,user_21,924,924,
7831,2,6300000,0,user_22,924,924,
7837,3,5000000,0,user_27,924,924,
7836,4,4500000,0,user_26,924,924,
7855,5,0,0,validator_3,100,924,7843
7843,6,170000,4320000,user_36,924,924,
7840,7,3500000,0,user_31,924,924,
7841,8,3500000,0,user_32,924,924,
7829,9,3200000,0,user_19,924,924,
7810,10,2300000,0,user_0,924,924,
7819,11,1900000,0,user_6,924,924,
7812,12,1400000,0,user_2,924,924,
7839,13,1400000,0,user_29,924,924,
7849,14,1300000,0,user_44,924,924,
7856,15,0,0,validator_3,100,924,7828
7828,16,460000,510000,user_18,924,924,
7845,17,910000,0,user_38,924,924,
7847,18,910000,0,user_40,924,924,
7857,19,0,0,validator_3,100,924,7817
7817,20,630000,8520,user_4,924,924,
7834,21,630000,0,user_25,924,924,
7850,22,530000,0,user_44,924,924,
7844,23,460000,30200,user_37,924,924,
7858,24,0,0,validator_3,100,924,7844
7832,25,70000,369000,user_23,924,924,
7859,26,0,0,validator_3,100,924,7832
7860,27,0,0,validator_3,100,924,7848
7848,28,80000,350000,user_43,924,924,
7835,29,370000,0,user_26,924,924,
7814,30,320000,0,user_2,924,924,
7826,31,120000,181000,user_17,924,924,
7861,32,0,0,validator_3,100,924,7826
7818,33,240000,35600,user_4,924,924,
7862,34,0,0,validator_3,100,924,7818
7833,35,220000,0,user_24,924,924,
7838,36,150000,11200,user_29,924,924,
7863,37,0,0,validator_3,100,924,7838
7827,38,160000,0,user_17,924,924,
7811,39,150000,0,user_1,924,924,
7842,40,150000,0,user_32,924,924,
7864,41,0,0,validator_3,100,924,7816
7816,42,120000,18600,user_2,924,924,
7823,43,130000,0,user_11,924,924,
7813,44,120000,0,user_2,924,924,
7821,45,120000,0,user_10,924,924,
7846,46,120000,0,user_38,924,924,
7825,47,110000,0,user_15,924,924,
7815,48,83000,0,user_2,924,924,
7820,49,80000,0,user_7,924,924,
7824,50,70000,0,user_14,924,924,
7867,0,30000000,0,user_3,925,925,
7892,1,27000000,0,user_31,925,925,
7904,2,27000000,0,user_45,925,925,
7883,3,6300000,0,user_18,925,925,
7891,4,3600000,0,user_28,925,925,
7909,5,0,0,validator_11,100,925,7888
7888,6,2600000,5630,user_26,925,925,
7901,7,2400000,0,user_41,925,925,
7881,8,2300000,0,user_16,925,925,
7886,9,2000000,0,user_22,925,925,
7890,10,2000000,0,user_27,925,925,
7908,11,1800000,0,user_47,925,925,
7865,12,1700000,0,user_1,925,925,
7869,13,1600000,0,user_5,925,925,
7905,14,1600000,0,user_46,925,925,
7887,15,1500000,0,user_24,925,925,
7880,16,1400000,0,user_15,925,925,
7882,17,1400000,0,user_17,925,925,
7870,18,910000,0,user_6,925,925,
7910,19,0,0,validator_11,100,925,7889
7889,20,83000,769000,user_27,925,925,
7906,21,460000,322000,user_47,925,925,
7911,22,0,0,validator_11,100,925,7906
7897,23,660000,0,user_39,925,925,
7895,24,530000,0,user_36,925,925,
7902,25,470000,0,user_42,925,925,
7912,26,0,0,validator_11,100,925,7903
7903,27,240000,155000,user_43,925,925,
7894,28,310000,0,user_33,925,925,
7907,29,240000,0,user_47,925,925,
7913,30,0,0,validator_11,100,925,7874
7874,31,220000,17000,user_9,925,925,
7896,32,220000,0,user_38,925,925,
7884,33,190000,0,user_21,925,925,
7885,34,170000,0,user_21,925,925,
7893,35,130000,0,user_32,925,925,
7879,36,110000,0,user_14,925,925,
7868,37,82000,0,user_4,925,925,
7866,38,73000,0,user_2,925,925,
7950,0,19000000,0,user_29,926,926,
7926,1,5000000,128000,user_8,926,926,
7968,2,5000000,0,user_48,926,926,
7927,3,4200000,0,user_9,926,926,
7965,4,3600000,19700,user_46,926,926,
7957,5,2500000,0,user_37,926,926,
7966,6,2500000,0,user_46,926,926,
7964,7,2000000,0,user_45,926,926,
7937,8,1800000,8520,user_22,926,926,
7917,9,1500000,0,user_3,926,926,
7914,10,1300000,66100,user_1,926,926,
7915,11,1299999,0,user_1,926,926,7914
7936,12,1000000,0,user_21,926,926,
7939,13,1000000,60700,user_22,926,926,
7953,14,1000000,1100000,user_33,926,926,
7920,15,870000,0,user_4,926,926,
7946,16,660000,0,user_26,926,926,
7955,17,650000,0,user_35,926,926,
7922,18,460000,0,user_4,926,926,
7938,19,350000,0,user_22,926,926,
7929,20,340000,0,user_10,926,926,
7956,21,340000,0,user_36,926,926,
7934,22,260000,0,user_18,926,926,
7925,23,220000,0,user_7,926,926,
7945,24,220000,369000,user_26,926,926,
7954,25,170000,0,user_34,926,926,
7963,26,170000,1100000,user_44,926,926,
7967,27,170000,0,user_47,926,926,
7935,28,160000,0,user_20,926,926,
7960,29,160000,0,user_41,926,926,
7949,30,150000,164000,user_29,926,926,
7952,31,150000,0,user_32,926,926,
7959,32,130000,0,user_40,926,926,
7918,33,120000,0,user_4,926,926,
7919,34,120000,0,user_4,926,926,
7933,35,120000,0,user_17,926,926,
7928,36,110000,0,user_9,926,926,
7930,37,110000,0,user_15,926,926,
7961,38,110000,0,user_42,926,926,
7962,39,84000,0,user_43,926,926,
7958,40,83000,769000,user_40,926,926,
7921,41,79000,0,user_4,926,926,
8013,0,30000000,0,user_32,927,927,
8017,1,27000000,0,user_34,927,927,
8036,2,0,0,validator_8,100,927,8035
8035,3,6100000,195000,user_49,927,927,
8025,4,6100000,0,user_40,927,927,
8037,5,0,0,validator_8,100,927,8031
8031,6,5200000,13900,user_48,927,927,
7989,7,5000000,0,user_21,927,927,
7993,8,5000000,0,user_23,927,927,
8018,9,3600000,0,user_35,927,927,
8004,10,3500000,0,user_27,927,927,
8008,11,3500000,0,user_31,927,927,
8038,12,0,0,validator_8,100,927,8000
8000,13,2400000,16400,user_26,927,927,
8007,14,2400000,0,user_30,927,927,
8039,15,0,0,validator_8,100,927,8014
8014,16,2000000,139000,user_33,927,927,
7987,17,2000000,0,user_18,927,927,
7984,18,1500000,215000,user_15,927,927,
8040,19,0,0,validator_8,100,927,7984
7970,20,1700000,0,user_0,927,927,
8012,21,1600000,0,user_31,927,927,
8034,22,1600000,0,user_48,927,927,
7974,23,1500000,0,user_5,927,927,
7983,24,1500000,0,user_14,927,927,
7995,25,1300000,0,user_23,927,927,
8041,26,0,0,validator_8,100,927,8033
8033,27,1200000,33300,user_48,927,927,
7973,28,1000000,0,user_5,927,927,
7982,29,1000000,0,user_14,927,927,
7985,30,1000000,0,user_16,927,927,
7999,31,1000000,0,user_26,927,927,
8011,32,910000,0,user_31,927,927,
8042,33,0,0,validator_8,100,927,8015
8015,34,420000,410000,user_33,927,927,
8006,35,160000,510000,user_29,927,927,
8043,36,0,0,validator_8,100,927,8006
8026,37,670000,0,user_41,927,927,
8044,38,0,0,validator_8,100,927,7990
7990,39,160000,410000,user_22,927,927,
8001,40,460000,0,user_26,927,927,
8003,41,460000,0,user_26,927,927,
7996,42,420000,0,user_23,927,927,
8002,43,350000,56200,user_26,927,927,
8045,44,0,0,validator_8,100,927,8002
7981,45,370000,0,user_13,927,927,
7994,46,370000,0,user_23,927,927,
8030,47,350000,0,user_48,927,927,
8009,48,310000,0,user_31,927,927,
7997,49,260000,0,user_24,927,927,
8029,50,220000,0,user_47,927,927,
8005,51,170000,5180,user_27,927,927,
8046,52,0,0,validator_8,100,927,8005
8047,53,0,0,validator_8,100,927,8032
8032,54,160000,12800,user_48,927,927,
7992,55,160000,8520,user_23,927,927,
8048,56,0,0,validator_8,100,927,7992
7976,57,150000,0,user_7,927,927,
7991,58,150000,0,user_22,927,927,
8049,59,0,0,validator_8,100,927,7972
7972,60,120000,12800,user_4,927,927,
8027,61,110000,12800,user_42,927,927,
8050,62,0,0,validator_8,100,927,8027
8010,63,85000,0,user_31,927,927,
7971,64,83000,0,user_3,927,927,
7998,65,79000,0,user_25,927,927,
8016,66,77000,0,user_34,927,927,
8060,0,43000000,0,user_9,928,928,
8069,1,5000000,0,user_20,928,928,
8091,2,5000000,0,user_45,928,928,
8093,3,4200000,16400,user_47,928,928,
8101,4,0,0,validator_6,100,928,8093
8077,5,3500000,0,user_27,928,928,
8064,6,2600000,0,user_13,928,928,
8070,7,2300000,0,user_20,928,928,
8092,8,1600000,0,user_47,928,928,
8054,9,1500000,0,user_4,928,928,
8087,10,1500000,0,user_38,928,928,
8076,11,1300000,0,user_25,928,928,
8056,12,1200000,0,user_6,928,928,
8052,13,1000000,0,user_2,928,928,
8065,14,650000,0,user_16,928,928,
8099,15,630000,0,user_48,928,928,
8080,16,600000,0,user_30,928,928,
8066,17,530000,0,user_19,928,928,
8078,18,530000,0,user_28,928,928,
8057,19,420000,0,user_7,928,928,
8061,20,340000,0,user_10,928,928,
8067,21,340000,0,user_20,928,928,
8098,22,220000,0,user_48,928,928,
8102,23,0,0,validator_6,100,928,8086
8086,24,160000,36800,user_37,928,928,
8058,25,170000,0,user_7,928,928,
8090,26,160000,0,user_43,928,928,
8053,27,150000,0,user_3,928,928,
8063,28,150000,0,user_13,928,928,
8096,29,150000,0,user_48,928,928,
8103,30,0,0,validator_6,100,928,8062
8062,31,70000,68100,user_12,928,928,
8097,32,83000,46500,user_48,928,928,
8104,33,0,0,validator_6,100,928,8097
8068,34,73000,49100,user_20,928,928,
8105,35,0,0,validator_6,100,928,8068
8075,36,120000,0,user_25,928,928,
8082,37,120000,0,user_32,928,928,
8084,38,120000,0,user_35,928,928,
8094,39,120000,0,user_47,928,928,
8095,40,120000,0,user_47,928,928,
8071,41,110000,0,user_21,928,928,
8059,42,98000,0,user_8,928,928,
8088,43,87000,0,user_39,928,928,
8081,44,85000,0,user_31,928,928,
8051,45,83000,0,user_1,928,928,
8079,46,73000,0,user_29,928,928,
8150,0,43000000,0,user_27,929,929,
8154,1,30000000,0,user_30,929,929,
8141,2,27000000,0,user_18,929,929,
8115,3,19000000,0,user_4,929,929,
8148,4,4200000,0,user_26,929,929,
8168,5,4200000,0,user_46,929,929,
8160,6,3500000,0,user_40,929,929,
8124,7,3200000,0,user_8,929,929,
8153,8,2600000,0,user_29,929,929,
8123,9,2300000,0,user_8,929,929,
8114,10,2100000,0,user_4,929,929,
8117,11,2000000,0,user_5,929,929,
8132,12,1300000,322000,user_11,929,929,
8171,13,0,0,validator_1,100,929,8132
8120,14,1600000,0,user_7,929,929,
8135,15,1600000,0,user_11,929,929,
8107,16,1500000,0,user_1,929,929,
8126,17,1500000,0,user_9,929,929,
8131,18,1500000,0,user_11,929,929,
8146,19,1400000,0,user_23,929,929,
8145,20,1300000,0,user_23,929,929,
8118,21,1000000,0,user_5,929,929,
8142,22,1000000,0,user_18,929,929,
8151,23,970000,0,user_28,929,929,
8172,24,0,0,validator_1,100,929,8167
8167,25,910000,46500,user_46,929,929,
8133,26,670000,0,user_11,929,929,
8169,27,670000,0,user_47,929,929,
8127,28,650000,0,user_9,929,929,
8143,29,530000,0,user_19,929,929,
8147,30,530000,0,user_24,929,929,
8116,31,460000,0,user_4,929,929,
8173,32,0,0,validator_1,100,929,8155
8155,33,420000,15300,user_31,929,929,
8144,34,420000,0,user_20,929,929,
8156,35,420000,0,user_33,929,929,
8174,36,0,0,validator_1,100,929,8138
8138,37,370000,49100,user_16,929,929,
8113,38,310000,60700,user_4,929,929,
8175,39,0,0,validator_1,100,929,8113
8128,40,300000,0,user_9,929,929,
8176,41,0,0,validator_1,100,929,8159
8159,42,110000,139000,user_39,929,929,
8149,43,240000,0,user_26,929,929,
8106,44,220000,0,user_1,929,929,
8136,45,220000,0,user_13,929,929,
8166,46,220000,0,user_45,929,929,
8122,47,170000,47700,user_8,929,929,
8177,48,0,0,validator_1,100,929,8122
8137,49,160000,0,user_15,929,929,
8162,50,110000,42000,user_42,929,929,
8178,51,0,0,validator_1,100,929,8162
8121,52,150000,0,user_7,929,929,
8152,53,120000,5180,user_29,929,929,
8179,54,0,0,validator_1,100,929,8152
8180,55,0,0,validator_1,100,929,8163
8163,56,87000,33300,user_43,929,929,
8161,57,120000,0,user_41,929,929,
8134,58,110000,0,user_11,929,929,
8170,59,110000,0,user_48,929,929,
8130,60,100000,0,user_10,929,929,
8125,61,80000,0,user_9,929,929,
8129,62,79000,0,user_10,929,929,
8216,0,30000000,0,user_41,930,930,
8182,1,27000000,0,user_1,930,930,
8190,2,27000000,0,user_10,930,930,
8198,3,5200000,7840,user_20,930,930,
8212,4,5000000,0,user_39,930,930,
8210,5,4500000,0,user_36,930,930,
8186,6,4200000,0,user_4,930,930,
8209,7,3600000,56200,user_35,930,930,
8204,8,2600000,0,user_25,930,930,
8200,9,2500000,0,user_21,930,930,
8185,10,2000000,0,user_4,930,930,
8206,11,2000000,18600,user_28,930,930,
8218,12,2000000,21800,user_41,930,930,
8199,13,1700000,0,user_20,930,930,
8207,14,1700000,0,user_29,930,930,
8219,15,1600000,0,user_43,930,930,
8221,16,1600000,0,user_43,930,930,
8193,17,1500000,0,user_10,930,930,
8205,18,1400000,0,user_27,930,930,
8187,19,1200000,0,user_5,930,930,
8189,20,1200000,0,user_9,930,930,
8197,21,1100000,0,user_17,930,930,
8192,22,970000,0,user_10,930,930,
8228,23,970000,0,user_49,930,930,
8222,24,870000,64600,user_43,930,930,
8214,25,470000,33300,user_41,930,930,
8188,26,460000,0,user_6,930,930,
8191,27,360000,0,user_10,930,930,
8184,28,340000,0,user_2,930,930,
8217,29,310000,0,user_41,930,930,
8211,30,260000,0,user_38,930,930,
8208,31,170000,779000,user_32,930,930,
8227,32,150000,545000,user_48,930,930,
8181,33,120000,0,user_0,930,930,
8183,34,120000,0,user_1,930,930,
8201,35,120000,108000,user_22,930,930,
8215,36,110000,0,user_41,930,930,
8220,37,98000,0,user_43,930,930,
8195,38,82000,0,user_13,930,930,
8202,39,79000,0,user_23,930,930,
8196,40,77000,0,user_15,930,930,
8231,0,43000000,0,user_1,931,931,
8262,1,43000000,0,user_36,931,931,
8253,2,30000000,0,user_30,931,931,
8244,3,70000,17700000,user_17,931,931,
8274,4,0,0,validator_10,100,931,8244
8247,5,6300000,0,user_20,931,931,
8260,6,6300000,0,user_32,931,931,
8251,7,5200000,164000,user_27,931,931,
8275,8,0,0,validator_10,100,931,8251
8238,9,5200000,0,user_6,931,931,
8229,10,3600000,0,user_0,931,931,
8239,11,2400000,0,user_8,931,931,
8267,12,2100000,0,user_40,931,931,
8249,13,2000000,0,user_22,931,931,
8254,14,2000000,0,user_31,931,931,
8263,15,1900000,0,user_36,931,931,
8246,16,1600000,0,user_20,931,931,
8232,17,1500000,5630,user_1,931,931,
8276,18,0,0,validator_10,100,931,8232
8233,19,1500001,0,user_1,931,931,8232
8258,20,1500000,0,user_31,931,931,
8277,21,0,0,validator_10,100,931,8241
8241,22,660000,12800,user_11,931,931,
8250,23,670000,0,user_24,931,931,
8273,24,470000,0,user_47,931,931,
8243,25,420000,0,user_16,931,931,
8265,26,340000,0,user_38,931,931,
8242,27,310000,0,user_14,931,931,
8259,28,310000,0,user_32,931,931,
8248,29,240000,0,user_21,931,931,
8255,30,220000,0,user_31,931,931,
8256,31,220000,0,user_31,931,931,
8264,32,220000,0,user_37,931,931,
8270,33,220000,0,user_42,931,931,
8271,34,220000,0,user_43,931,931,
8266,35,150000,0,user_39,931,931,
8261,36,120000,0,user_33,931,931,
8230,37,110000,0,user_0,931,931,
8257,38,110000,0,user_31,931,931,
8269,39,100000,6390,user_41,931,931,
8278,40,0,0,validator_10,100,931,8269
8268,41,85000,0,user_40,931,931,
8234,42,84000,0,user_3,931,931,
8237,43,77000,0,user_5,931,931,
8296,0,19000000,0,user_18,932,932,
8323,1,19000000,0,user_46,932,932,
8300,2,5000000,100000,user_24,932,932,
8328,3,0,0,validator_6,100,932,8300
8298,4,5000000,0,user_19,932,932,
8281,5,4200000,0,user_2,932,932,
8306,6,3600000,0,user_32,932,932,
8320,7,3200000,0,user_46,932,932,
8322,8,3200000,0,user_46,932,932,
8329,9,0,0,validator_6,100,932,8301
8301,10,2300000,215000,user_25,932,932,
8290,11,2000000,0,user_9,932,932,
8307,12,1600000,0,user_33,932,932,
8291,13,1500000,0,user_11,932,932,
8315,14,1400000,32900,user_38,932,932,
8330,15,0,0,validator_6,100,932,8315
8295,16,1300000,0,user_17,932,932,
8331,17,0,0,validator_6,100,932,8297
8297,18,1000000,296000,user_18,932,932,
8319,19,1100000,0,user_45,932,932,
8324,20,1000000,0,user_46,932,932,
8326,21,1000000,0,user_48,932,932,
8286,22,630000,0,user_9,932,932,
8282,23,460000,0,user_3,932,932,
8293,24,420000,0,user_13,932,932,
8292,25,300000,0,user_12,932,932,
8332,26,0,0,validator_6,100,932,8303
8303,27,260000,30200,user_28,932,932,
8287,28,220000,0,user_9,932,932,
8289,29,220000,0,user_9,932,932,
8294,30,220000,0,user_14,932,932,
8314,31,220000,0,user_37,932,932,
8283,32,160000,0,user_4,932,932,
8279,33,150000,0,user_0,932,932,
8305,34,110000,0,user_31,932,932,
8288,35,98000,0,user_9,932,932,
8325,36,98000,0,user_47,932,932,
8304,37,83000,0,user_28,932,932,
8321,38,82000,0,user_46,932,932,
8280,39,80000,0,user_1,932,932,
8313,40,80000,0,user_35,932,932,
8302,41,77000,0,user_27,932,932,
8285,42,70000,0,user_6,932,932,
8318,43,70000,0,user_42,932,932,
8336,0,19000000,0,user_2,933,933,
8382,1,4500000,5630,user_44,933,933,
8381,2,4200000,0,user_44,933,933,
8351,3,3500000,0,user_19,933,933,
8377,4,2300000,0,user_40,933,933,
8373,5,2000000,0,user_34,933,933,
8343,6,1900000,0,user_13,933,933,
8349,7,1700000,0,user_19,933,933,
8356,8,1500000,0,user_21,933,933,
8335,9,1000000,0,user_1,933,933,
8358,10,1000000,0,user_23,933,933,
8342,11,530000,161000,user_11,933,933,
8375,12,460000,0,user_36,933,933,
8357,13,420000,0,user_21,933,933,
8355,14,350000,0,user_21,933,933,
8334,15,340000,0,user_0,933,933,
8350,16,340000,0,user_19,933,933,
8354,17,310000,0,user_21,933,933,
8380,18,260000,46500,user_42,933,933,
8387,19,260000,0,user_49,933,933,
8338,20,220000,35100,user_4,933,933,
8345,21,170000,0,user_14,933,933,
8378,22,170000,0,user_40,933,933,
8340,23,160000,0,user_10,933,933,
8344,24,160000,0,user_13,933,933,
8386,25,150000,0,user_48,933,933,
8333,26,120000,0,user_0,933,933,
8337,27,120000,0,user_2,933,933,
8371,28,120000,39400,user_33,933,933,
8339,29,110000,0,user_7,933,933,
8366,30,110000,35100,user_30,933,933,
8352,31,87000,35600,user_19,933,933,
8341,32,85000,410000,user_11,933,933,
8353,33,82000,0,user_21,933,933,
8383,34,82000,0,user_45,933,933,
8376,35,80000,0,user_38,933,933,
8372,36,77000,0,user_34,933,933,
8388,37,77000,0,user_49,933,933,
8385,38,70000,0,user_47,933,933,
8409,0,30000000,0,user_15,934,934,
8442,1,0,0,validator_4,100,934,8413
8413,2,27000000,195000,user_20,934,934,
8443,3,0,0,validator_4,100,934,8412
8412,4,5000000,6390,user_17,934,934,
8435,5,5000000,0,user_39,934,934,
8416,6,3200000,0,user_24,934,934,
8444,7,0,0,validator_4,100,934,8392
8392,8,2500000,256000,user_2,934,934,
8411,9,2600000,0,user_16,934,934,
8445,10,0,0,validator_4,100,934,8425
8425,11,1500000,959000,user_33,934,934,
8440,12,1600000,779000,user_48,934,934,
8446,13,0,0,validator_4,100,934,8440
8417,14,2000000,0,user_25,934,934,
8419,15,1700000,0,user_26,934,934,
8389,16,1500000,0,user_0,934,934,
8406,17,1500000,0,user_13,934,934,
8400,18,1000000,0,user_10,934,934,
8430,19,670000,0,user_37,934,934,
8422,20,660000,0,user_32,934,934,
8441,21,630000,0,user_49,934,934,
8398,22,460000,0,user_8,934,934,
8432,23,460000,0,user_39,934,934,
8447,24,0,0,validator_4,100,934,8437
8437,25,420000,15300,user_44,934,934,
8423,26,420000,0,user_33,934,934,
8433,27,420000,0,user_39,934,934,
8424,28,320000,0,user_33,934,934,
8448,29,0,0,validator_4,100,934,8429
8429,30,110000,181000,user_37,934,934,
8418,31,260000,0,user_26,934,934,
8434,32,260000,0,user_39,934,934,
8427,33,240000,0,user_35,934,934,
8420,34,160000,66100,user_29,934,934,
8449,35,0,0,validator_4,100,934,8420
8399,36,150000,0,user_9,934,934,
8405,37,120000,0,user_13,934,934,
8410,38,120000,0,user_15,934,934,
8428,39,120000,0,user_36,934,934,
8414,40,110000,0,user_21,934,934,
8436,41,82000,13900,user_41,934,934,
8450,42,0,0,validator_4,100,934,8436
8395,43,87000,0,user_5,934,934,
8408,44,84000,0,user_14,934,934,
8390,45,82000,0,user_0,934,934,
8407,46,82000,0,user_13,934,934,
8439,47,82000,0,user_46,934,934,
8415,48,73000,0,user_23,934,934,
8391,49,70000,0,user_2,934,934,
8394,50,70000,0,user_4,934,934,
8396,51,70000,0,user_5,934,934,
8426,52,70000,0,user_34,934,934,
8438,53,70000,0,user_45,934,934,
8464,0,43000000,0,user_12,935,935,
8499,1,30000000,108000,user_46,935,935,
8505,2,0,0,validator_9,100,935,8499
8459,3,6300000,0,user_8,935,935,
8487,4,5000000,0,user_31,935,935,
8475,5,4500000,0,user_20,935,935,
8457,6,3600000,0,user_8,935,935,
8506,7,0,0,validator_9,100,935,8489
8489,8,1300000,959000,user_35,935,935,
8493,9,2000000,73100,user_40,935,935,
8507,10,0,0,validator_9,100,935,8493
8451,11,2000000,67900,user_2,935,935,
8508,12,0,0,validator_9,100,935,8451
8463,13,2000000,0,user_11,935,935,
8470,14,1900000,0,user_16,935,935,
8482,15,1900000,0,user_24,935,935,
8460,16,1500000,0,user_8,935,935,
8497,17,1400000,0,user_46,935,935,
8458,18,1100000,0,user_8,935,935,
8490,19,1100000,0,user_36,935,935,
8501,20,160000,779000,user_47,935,935,
8509,21,0,0,validator_9,100,935,8501
8485,22,660000,0,user_29,935,935,
8483,23,600000,0,user_26,935,935,
8510,24,0,0,validator_9,100,935,8491
8491,25,150000,410000,user_36,935,935,
8476,26,530000,0,user_20,935,935,
8496,27,460000,0,user_46,935,935,
8478,28,160000,285000,user_20,935,935,
8511,29,0,0,validator_9,100,935,8478
8477,30,420000,0,user_20,935,935,
8456,31,360000,0,user_8,935,935,
8465,32,360000,0,user_13,935,935,
8498,33,320000,0,user_46,935,935,
8466,34,310000,0,user_13,935,935,
8488,35,260000,0,user_32,935,935,
8467,36,240000,0,user_14,935,935,
8454,37,220000,0,user_5,935,935,
8455,38,170000,0,user_6,935,935,
8504,39,170000,0,user_49,935,935,
8469,40,160000,0,user_16,935,935,
8486,41,160000,0,user_30,935,935,
8500,42,150000,0,user_47,935,935,
8502,43,120000,0,user_47,935,935,
8494,44,110000,0,user_43,935,935,
8452,45,84000,0,user_3,935,935,
8479,46,80000,0,user_20,935,935,
8484,47,79000,0,user_28,935,935,
6338,0,4200000,0,user_10,936,936,
6337,1,2400000,146000,user_9,936,936,
6347,2,2400000,0,user_23,936,936,
6373,3,2300000,0,user_43,936,936,
6357,4,2000000,0,user_28,936,936,
6343,5,1800000,0,user_16,936,936,
6329,6,1500000,0,user_3,936,936,
6375,7,1500000,0,user_48,936,936,
6376,8,1500000,0,user_49,936,936,
6344,9,1300000,779000,user_19,936,936,
6377,10,1100000,13900,user_49,936,936,
6334,11,1000000,0,user_7,936,936,
6331,12,970000,0,user_5,936,936,
6352,13,870000,0,user_26,936,936,
6354,14,660000,0,user_27,936,936,
6364,15,650000,0,user_34,936,936,
6365,16,600000,0,user_34,936,936,
6326,17,420000,7190000,user_1,936,936,
6330,18,420000,42000,user_5,936,936,
6360,19,420000,0,user_30,936,936,
6327,20,419999,0,user_2,936,936,6326
6359,21,350000,0,user_28,936,936,
6363,22,350000,14200,user_32,936,936,
6372,23,300000,0,user_43,936,936,
6345,24,260000,0,user_22,936,936,
6353,25,260000,285000,user_26,936,936,
6342,26,240000,0,user_14,936,936,
6351,27,190000,0,user_26,936,936,
6333,28,150000,0,user_6,936,936,
6356,29,150000,155000,user_28,936,936,
6370,30,150000,0,user_39,936,936,
6346,31,120000,0,user_23,936,936,
6350,32,120000,0,user_26,936,936,
6355,33,120000,0,user_28,936,936,
6368,34,120000,0,user_36,936,936,
6328,35,110000,0,user_3,936,936,
6336,36,110000,0,user_8,936,936,
6349,37,110000,0,user_25,936,936,
6366,38,98000,75000,user_34,936,936,
6367,39,98000,0,user_35,936,936,
6369,40,85000,0,user_37,936,936,
6335,41,82000,0,user_7,936,936,
6358,42,77000,0,user_28,936,936,
6332,43,73000,0,user_6,936,936,
6371,44,73000,5180,user_41,936,936,
6410,0,43000000,0,user_28,937,937,
6408,1,27000000,0,user_26,937,937,
6384,2,6300000,0,user_5,937,937,
6389,3,5000000,0,user_8,937,937,
6392,4,5000000,0,user_10,937,937,
6393,5,5000000,0,user_13,937,937,
6440,6,0,0,validator_9,100,937,6424
6424,7,4200000,33300,user_35,937,937,
6418,8,4200000,0,user_31,937,937,
6429,9,2300000,381000,user_40,937,937,
6441,10,0,0,validator_9,100,937,6429
6442,11,0,0,validator_9,100,937,6423
6423,12,2100000,381000,user_34,937,937,
6434,13,2300000,0,user_45,937,937,
6379,14,1900000,0,user_0,937,937,
6436,15,1500000,296000,user_45,937,937,
6443,16,0,0,validator_9,100,937,6436
6428,17,1600000,64600,user_40,937,937,
6444,18,0,0,validator_9,100,937,6428
6409,19,1600000,0,user_26,937,937,
6445,20,0,0,validator_9,100,937,6380
6380,21,1400000,23500,user_0,937,937,
6381,22,1399999,0,user_0,937,937,6380
6437,23,1100000,0,user_46,937,937,
6406,24,1000000,0,user_23,937,937,
6385,25,670000,146000,user_6,937,937,
6446,26,0,0,validator_9,100,937,6385
6438,27,660000,36800,user_47,937,937,
6447,28,0,0,validator_9,100,937,6438
6402,29,670000,0,user_20,937,937,
6425,30,650000,0,user_36,937,937,
6416,31,630000,18600,user_31,937,937,
6448,32,0,0,validator_9,100,937,6416
6435,33,530000,0,user_45,937,937,
6386,34,470000,0,user_7,937,937,
6419,35,460000,0,user_32,937,937,
6449,36,0,0,validator_9,100,937,6394
6394,37,120000,296000,user_14,937,937,
6413,38,350000,0,user_28,937,937,
6431,39,120000,195000,user_43,937,937,
6450,40,0,0,validator_9,100,937,6431
6387,41,300000,0,user_7,937,937,
6395,42,190000,36800,user_14,937,937,
6451,43,0,0,validator_9,100,937,6395
6396,44,220000,0,user_14,937,937,
6430,45,220000,0,user_41,937,937,
6426,46,170000,0,user_38,937,937,
6399,47,160000,0,user_18,937,937,
6417,48,150000,0,user_31,937,937,
6452,49,0,0,validator_9,100,937,6411
6411,50,120000,15100,user_28,937,937,
6378,51,120000,0,user_0,937,937,
6415,52,120000,0,user_30,937,937,
6421,53,120000,0,user_34,937,937,
6412,54,110000,0,user_28,937,937,
6414,55,110000,0,user_29,937,937,
6422,56,110000,0,user_34,937,937,
6427,57,70000,35100,user_39,937,937,
6453,58,0,0,validator_9,100,937,6427
6407,59,84000,0,user_24,937,937,
6388,60,79000,0,user_7,937,937,
6401,61,70000,0,user_20,937,937,
6439,62,70000,0,user_49,937,937,
6467,0,43000000,0,user_13,938,938,
6497,1,43000000,0,user_41,938,938,
6463,2,27000000,0,user_10,938,938,
6466,3,3600000,0,user_13,938,938,
6472,4,3600000,0,user_16,938,938,
6494,5,2600000,0,user_39,938,938,
6504,6,2300000,0,user_44,938,938,
6500,7,1700000,56200,user_42,938,938,
6462,8,1500000,0,user_8,938,938,
6464,9,1500000,0,user_11,938,938,
6496,10,1500000,0,user_40,938,938,
6482,11,1300000,0,user_25,938,938,
6507,12,1200000,0,user_46,938,938,
6508,13,1100000,3130,user_47,938,938,
6488,14,1000000,5180,user_31,938,938,
6475,15,970000,0,user_19,938,938,
6487,16,970000,0,user_30,938,938,
6483,17,910000,13800,user_26,938,938,
6478,18,670000,0,user_20,938,938,
6471,19,600000,0,user_16,938,938,
6493,20,600000,13900,user_37,938,938,
6505,21,530000,0,user_45,938,938,
6492,22,460000,68100,user_35,938,938,
6499,23,370000,0,user_42,938,938,
6455,24,360000,0,user_1,938,938,
6480,25,340000,0,user_23,938,938,
6474,26,320000,0,user_19,938,938,
6485,27,310000,0,user_30,938,938,
6501,28,300000,0,user_42,938,938,
6473,29,240000,0,user_17,938,938,
6468,30,220000,12800,user_14,938,938,
6477,31,220000,0,user_19,938,938,
6495,32,220000,17000,user_40,938,938,
6486,33,190000,0,user_30,938,938,
6460,34,170000,0,user_7,938,938,
6479,35,170000,46500,user_22,938,938,
6476,36,160000,21800,user_19,938,938,
6502,37,160000,0,user_44,938,938,
6459,38,150000,0,user_7,938,938,
6461,39,150000,0,user_7,938,938,
6491,40,120000,0,user_34,938,938,
6506,41,120000,0,user_45,938,938,
6490,42,98000,0,user_33,938,938,
6498,43,87000,0,user_42,938,938,
6458,44,83000,0,user_7,938,938,
6503,45,77000,0,user_44,938,938,
6526,0,5200000,0,user_23,939,939,
6531,1,5200000,0,user_28,939,939,
6541,2,3600000,30200,user_39,939,939,
6513,3,3200000,0,user_5,939,939,
6529,4,2400000,0,user_25,939,939,
6517,5,2000000,0,user_10,939,939,
6540,6,2000000,0,user_38,939,939,
6525,7,1500000,510000,user_22,939,939,
6519,8,1000000,0,user_16,939,939,
6537,9,1000000,0,user_35,939,939,
6515,10,970000,161000,user_8,939,939,
6523,11,910000,24700,user_20,939,939,
6511,12,670000,64600,user_3,939,939,
6524,13,650000,0,user_21,939,939,
6542,14,460000,0,user_39,939,939,
6514,15,370000,24700,user_7,939,939,
6521,16,350000,0,user_19,939,939,
6509,17,320000,0,user_0,939,939,
6516,18,260000,0,user_9,939,939,
6530,19,260000,0,user_26,939,939,
6538,20,170000,0,user_35,939,939,
6539,21,170000,0,user_38,939,939,
6552,22,170000,0,user_48,939,939,
6518,23,160000,0,user_13,939,939,
6545,24,160000,0,user_41,939,939,
6528,25,150000,0,user_25,939,939,
6532,26,150000,0,user_29,939,939,
6512,27,120000,0,user_4,939,939,
6534,28,100000,0,user_32,939,939,
6544,29,100000,0,user_41,939,939,
6535,30,84000,0,user_32,939,939,
6510,31,83000,0,user_1,939,939,
6520,32,79000,155000,user_17,939,939,
6522,33,73000,146000,user_20,939,939,
6562,0,43000000,56200,user_9,940,940,
6619,1,0,0,validator_1,100,940,6562
6618,2,30000000,0,user_48,940,940,
6605,3,19000000,0,user_39,940,940,
6564,4,6100000,0,user_9,940,940,
6616,5,5000000,0,user_47,940,940,
6573,6,3500000,0,user_13,940,940,
6614,7,2600000,0,user_45,940,940,
6615,8,910000,1100000,user_46,940,940,
6620,9,0,0,validator_1,100,940,6615
6576,10,2000000,0,user_15,940,940,
6588,11,2000000,0,user_28,940,940,
6575,12,1700000,0,user_15,940,940,
6559,13,1600000,0,user_5,940,940,
6586,14,1600000,0,user_25,940,940,
6589,15,1500000,0,user_29,940,940,
6590,16,1500000,0,user_30,940,940,
6591,17,1500000,0,user_31,940,940,
6617,18,1400000,3130,user_48,940,940,
6621,19,0,0,validator_1,100,940,6617
6566,20,1400000,0,user_9,940,940,
6597,21,1100000,0,user_36,940,940,
6593,22,1000000,0,user_33,940,940,
6569,23,870000,0,user_11,940,940,
6561,24,420000,296000,user_7,940,940,
6622,25,0,0,validator_1,100,940,6561
6571,26,82000,594000,user_12,940,940,
6623,27,0,0,validator_1,100,940,6571
6558,28,670000,0,user_4,940,940,
6565,29,600000,0,user_9,940,940,
6602,30,530000,0,user_38,940,940,
6563,31,460000,0,user_9,940,940,
6579,32,420000,0,user_15,940,940,
6624,33,0,0,validator_1,100,940,6553
6553,34,220000,155000,user_0,940,940,
6570,35,370000,0,user_11,940,940,
6585,36,320000,0,user_23,940,940,
6603,37,320000,0,user_39,940,940,
6567,38,310000,0,user_10,940,940,
6625,39,0,0,validator_1,100,940,6592
6592,40,100000,164000,user_32,940,940,
6554,41,220001,0,user_0,940,940,6553
6568,42,190000,0,user_10,940,940,
6604,43,170000,11200,user_39,940,940,
6626,44,0,0,validator_1,100,940,6604
6607,45,170000,0,user_42,940,940,
6582,46,160000,0,user_20,940,940,
6572,47,130000,0,user_12,940,940,
6587,48,120000,0,user_26,940,940,
6608,49,120000,0,user_43,940,940,
6578,50,110000,0,user_15,940,940,
6594,51,87000,0,user_34,940,940,
6577,52,82000,0,user_15,940,940,
6606,53,79000,0,user_41,940,940,
6580,54,70000,0,user_16,940,940,
6649,0,19000000,0,user_19,941,941,
6632,1,6300000,0,user_4,941,941,
6676,2,6300000,0,user_47,941,941,
6636,3,4500000,18600,user_9,941,941,
6681,4,0,0,validator_7,100,941,6636
6677,5,3600000,0,user_47,941,941,
6627,6,2300000,0,user_0,941,941,
6679,7,2000000,0,user_48,941,941,
6638,8,1800000,31700,user_10,941,941,
6682,9,0,0,validator_7,100,941,6638
6629,10,1700000,0,user_0,941,941,
6678,11,1700000,0,user_48,941,941,
6672,12,1600000,0,user_41,941,941,
6628,13,1500000,0,user_0,941,941,
6647,14,1500000,0,user_17,941,941,
6656,15,1500000,0,user_28,941,941,
6663,16,1500000,0,user_35,941,941,
6670,17,1500000,0,user_39,941,941,
6635,18,1400000,0,user_8,941,941,
6666,19,1000000,0,user_38,941,941,
6631,20,910000,0,user_1,941,941,
6668,21,870000,0,user_38,941,941,
6662,22,630000,0,user_35,941,941,
6655,23,530000,0,user_26,941,941,
6683,24,0,0,validator_7,100,941,6664
6664,25,120000,381000,user_36,941,941,
6684,26,0,0,validator_7,100,941,6671
6671,27,340000,35600,user_40,941,941,
6630,28,370000,0,user_0,941,941,
6680,29,350000,0,user_49,941,941,
6637,30,340000,0,user_9,941,941,
6658,31,320000,0,user_30,941,941,
6653,32,310000,0,user_23,941,941,
6669,33,310000,0,user_38,941,941,
6654,34,260000,0,user_24,941,941,
6665,35,260000,0,user_38,941,941,
6685,36,0,0,validator_7,100,941,6648
6648,37,170000,67500,user_18,941,941,
6661,38,220000,0,user_35,941,941,
6634,39,190000,0,user_7,941,941,
6640,40,150000,0,user_12,941,941,
6667,41,150000,0,user_38,941,941,
6641,42,120000,0,user_13,941,941,
6659,43,120000,0,user_31,941,941,
6652,44,110000,0,user_22,941,941,
6633,45,87000,0,user_7,941,941,
6675,46,77000,0,user_44,941,941,
6657,47,73000,0,user_28,941,941,
6692,0,43000000,0,user_5,942,942,
6696,1,30000000,0,user_9,942,942,
6725,2,4500000,0,user_41,942,942,
6729,3,4500000,0,user_44,942,942,
6719,4,3500000,0,user_35,942,942,
6734,5,3500000,0,user_48,942,942,
6724,6,2600000,0,user_40,942,942,
6687,7,2300000,0,user_1,942,942,
6723,8,1200000,0,user_40,942,942,
6721,9,1100000,15700,user_35,942,942,
6737,10,0,0,validator_8,100,942,6721
6708,11,1100000,0,user_24,942,942,
6691,12,1000000,0,user_5,942,942,
6697,13,910000,0,user_11,942,942,
6686,14,650000,0,user_0,942,942,
6720,15,650000,0,user_35,942,942,
6710,16,600000,0,user_25,942,942,
6702,17,530000,0,user_18,942,942,
6700,18,470000,0,user_14,942,942,
6715,19,420000,0,user_30,942,942,
6738,20,0,0,validator_8,100,942,6717
6717,21,370000,36800,user_35,942,942,
6716,22,370000,0,user_31,942,942,
6695,23,360000,0,user_9,942,942,
6718,24,360000,0,user_35,942,942,
6733,25,350000,0,user_47,942,942,
6694,26,340000,0,user_8,942,942,
6711,27,320000,0,user_26,942,942,
6727,28,310000,0,user_42,942,942,
6736,29,310000,0,user_49,942,942,
6712,30,300000,0,user_26,942,942,
6699,31,240000,0,user_13,942,942,
6714,32,220000,0,user_28,942,942,
6690,33,160000,0,user_4,942,942,
6709,34,160000,0,user_25,942,942,
6698,35,150000,0,user_12,942,942,
6704,36,150000,0,user_20,942,942,
6707,37,150000,0,user_24,942,942,
6713,38,150000,0,user_27,942,942,
6689,39,130000,0,user_4,942,942,
6706,40,120000,0,user_23,942,942,
6731,41,120000,0,user_44,942,942,
6735,42,120000,0,user_48,942,942,
6705,43,87000,0,user_22,942,942,
6726,44,84000,0,user_42,942,942,
6730,45,77000,0,user_44,942,942,
6749,0,43000000,0,user_9,943,943,
6765,1,43000000,0,user_22,943,943,
6740,2,30000000,0,user_0,943,943,
6769,3,19000000,0,user_31,943,943,
6774,4,19000000,0,user_35,943,943,
6775,5,19000000,0,user_35,943,943,
6785,6,5200000,0,user_46,943,943,
6756,7,5000000,0,user_16,943,943,
6768,8,4200000,139000,user_27,943,943,
6790,9,0,0,validator_0,100,943,6768
6763,10,3600000,0,user_19,943,943,
6780,11,3200000,0,user_43,943,943,
6766,12,2600000,0,user_23,943,943,
6772,13,2100000,0,user_33,943,943,
6791,14,0,0,validator_0,100,943,6764
6764,15,2000000,18600,user_20,943,943,
6739,16,2000000,0,user_0,943,943,
6748,17,1900000,0,user_8,943,943,
6759,18,1900000,0,user_16,943,943,
6779,19,1900000,0,user_40,943,943,
6786,20,1900000,0,user_47,943,943,
6777,21,1700000,0,user_37,943,943,
6751,22,1500000,0,user_11,943,943,
6789,23,1500000,0,user_49,943,943,
6753,24,1400000,0,user_11,943,943,
6770,25,1400000,0,user_31,943,943,
6792,26,0,0,validator_0,100,943,6787
6787,27,1100000,47700,user_48,943,943,
6746,28,1100000,0,user_5,943,943,
6771,29,1100000,0,user_32,943,943,
6758,30,1000000,0,user_16,943,943,
6793,31,0,0,validator_0,100,943,6762
6762,32,660000,18600,user_18,943,943,
6757,33,630000,0,user_16,943,943,
6742,34,530000,0,user_3,943,943,
6784,35,370000,0,user_46,943,943,
6745,36,310000,30200,user_5,943,943,
6794,37,0,0,validator_0,100,943,6745
6754,38,120000,0,user_11,943,943,
6788,39,120000,0,user_49,943,943,
6782,40,84000,0,user_44,943,943,
6761,41,83000,0,user_17,943,943,
6743,42,80000,0,user_3,943,943,
6747,43,79000,0,user_7,943,943,
6760,44,77000,0,user_16,943,943,
6752,45,70000,0,user_11,943,943,
6781,46,70000,0,user_44,943,943,
6817,0,30000000,0,user_25,944,944,
6831,1,30000000,0,user_40,944,944,
6827,2,27000000,0,user_37,944,944,
6803,3,19000000,195000,user_10,944,944,
6842,4,0,0,validator_5,100,944,6803
6819,5,19000000,0,user_31,944,944,
6843,6,0,0,validator_5,100,944,6820
6820,7,6300000,594000,user_33,944,944,
6840,8,5000000,0,user_47,944,944,
6798,9,3500000,0,user_3,944,944,
6832,10,2400000,0,user_41,944,944,
6799,11,2300000,0,user_5,944,944,
6805,12,2000000,0,user_12,944,944,
6838,13,2000000,0,user_45,944,944,
6844,14,0,0,validator_5,100,944,6834
6834,15,1800000,15300,user_41,944,944,
6808,16,1700000,0,user_15,944,944,
6814,17,1500000,33300,user_21,944,944,
6845,18,0,0,validator_5,100,944,6814
6818,19,1500000,0,user_27,944,944,
6846,20,0,0,validator_5,100,944,6824
6824,21,1100000,15100,user_36,944,944,
6811,22,1100000,0,user_18,944,944,
6823,23,630000,161000,user_35,944,944,
6847,24,0,0,validator_5,100,944,6823
6812,25,650000,0,user_21,944,944,
6795,26,600000,21800,user_0,944,944,
6848,27,0,0,validator_5,100,944,6795
6796,28,599999,0,user_1,944,944,6795
6797,29,599999,0,user_2,944,944,6795
6800,30,530000,0,user_6,944,944,
6816,31,530000,0,user_23,944,944,
6849,32,0,0,validator_5,100,944,6802
6802,33,340000,181000,user_9,944,944,
6815,34,350000,0,user_22,944,944,
6828,35,350000,0,user_38,944,944,
6839,36,220000,73100,user_46,944,944,
6850,37,0,0,validator_5,100,944,6839
6804,38,260000,0,user_12,944,944,
6837,39,170000,67900,user_45,944,944,
6851,40,0,0,validator_5,100,944,6837
6833,41,220000,0,user_41,944,944,
6822,42,150000,0,user_35,944,944,
6825,43,130000,0,user_36,944,944,
6807,44,120000,0,user_15,944,944,
6813,45,120000,0,user_21,944,944,
6826,46,73000,32900,user_36,944,944,
6852,47,0,0,validator_5,100,944,6826
6809,48,100000,0,user_16,944,944,
6835,49,98000,0,user_41,944,944,
6836,50,98000,0,user_44,944,944,
6810,51,83000,0,user_18,944,944,
6829,52,73000,0,user_38,944,944,
6877,0,43000000,0,user_24,945,945,
6868,1,27000000,0,user_16,945,945,
6879,2,5200000,181000,user_26,945,945,
6873,3,5000000,10700,user_20,945,945,
6867,4,2500000,0,user_15,945,945,
6883,5,2300000,0,user_30,945,945,
6869,6,1800000,7840,user_17,945,945,
6885,7,1700000,0,user_32,945,945,
6856,8,1600000,0,user_3,945,945,
6870,9,1500000,0,user_18,945,945,
6871,10,1500000,0,user_18,945,945,
6862,11,1000000,0,user_11,945,945,
6880,12,1000000,0,user_27,945,945,
6886,13,670000,0,user_33,945,945,
6891,14,530000,46500,user_41,945,945,
6892,15,470000,0,user_42,945,945,
6897,16,370000,0,user_49,945,945,
6864,17,340000,0,user_12,945,945,
6857,18,310000,0,user_4,945,945,
6863,19,260000,0,user_12,945,945,
6888,20,260000,0,user_37,945,945,
6853,21,240000,0,user_0,945,945,
6861,22,220000,0,user_11,945,945,
6875,23,220000,0,user_22,945,945,
6860,24,170000,0,user_10,945,945,
6865,25,160000,0,user_13,945,945,
6890,26,160000,33300,user_39,945,945,
6858,27,120000,0,user_4,945,945,
6854,28,110000,68100,user_0,945,945,
6866,29,110000,0,user_14,945,945,
6893,30,110000,0,user_46,945,945,
6896,31,110000,0,user_48,945,945,
6855,32,109999,0,user_2,945,945,6854
6949,0,30000000,0,user_49,946,946,
6933,1,27000000,15700,user_37,946,946,
6898,2,19000000,0,user_0,946,946,
6899,3,5200000,0,user_0,946,946,
6922,4,5000000,769000,user_30,946,946,
6947,5,5000000,0,user_48,946,946,
6909,6,4500000,0,user_10,946,946,
6932,7,4500000,0,user_37,946,946,
6919,8,3600000,0,user_23,946,946,
6913,9,3500000,0,user_13,946,946,
6930,10,2600000,0,user_37,946,946,
6928,11,2500000,0,user_36,946,946,
6915,12,2000000,0,user_15,946,946,
6937,13,2000000,0,user_43,946,946,
6902,14,1700000,1100000,user_1,946,946,
6906,15,1500000,0,user_6,946,946,
6931,16,1300000,0,user_37,946,946,
6908,17,970000,10700,user_8,946,946,
6938,18,910000,0,user_43,946,946,
6929,19,660000,0,user_37,946,946,
6900,20,600000,0,user_0,946,946,
6914,21,530000,0,user_14,946,946,
6907,22,460000,0,user_6,946,946,
6920,23,460000,0,user_25,946,946,
6916,24,420000,0,user_17,946,946,
6927,25,370000,13900,user_35,946,946,
6917,26,310000,3130,user_17,946,946,
6921,27,310000,769000,user_28,946,946,
6936,28,310000,68100,user_41,946,946,
6918,29,260000,0,user_19,946,946,
6935,30,260000,0,user_39,946,946,
6948,31,170000,0,user_49,946,946,
6924,32,160000,0,user_32,946,946,
6926,33,160000,545000,user_34,946,946,
6934,34,150000,0,user_38,946,946,
6904,35,120000,0,user_4,946,946,
6903,36,98000,0,user_3,946,946,
6901,37,70000,0,user_0,946,946,
6905,38,70000,0,user_6,946,946,
7011,0,0,0,validator_9,100,947,6959
6959,1,30000000,67500,user_7,947,947,
6968,2,30000000,0,user_14,947,947,
7012,3,0,0,validator_9,100,947,7000
7000,4,670000,7190000,user_40,947,947,
7013,5,0,0,validator_9,100,947,7009
7009,6,6300000,11200,user_47,947,947,
6964,7,5000000,84800,user_10,947,947,
7014,8,0,0,validator_9,100,947,6964
6974,9,4200000,0,user_21,947,947,
6970,10,3500000,0,user_16,947,947,
6951,11,2500000,0,user_0,947,947,
6960,12,2500000,0,user_7,947,947,
6998,13,2400000,0,user_40,947,947,
6983,14,2000000,0,user_32,947,947,
6999,15,2000000,0,user_40,947,947,
7008,16,2000000,0,user_46,947,947,
6965,17,1400000,0,user_11,947,947,
7001,18,1000000,0,user_40,947,947,
7002,19,970000,0,user_42,947,947,
6955,20,870000,0,user_3,947,947,
6978,21,870000,0,user_26,947,947,
7004,22,660000,0,user_43,947,947,
6997,23,530000,100000,user_40,947,947,
7015,24,0,0,validator_9,100,947,6997
6957,25,600000,0,user_5,947,947,
7003,26,600000,0,user_42,947,947,
7016,27,0,0,validator_9,100,947,6992
6992,28,530000,15100,user_36,947,947,
6950,29,470000,0,user_0,947,947,
6982,30,460000,0,user_29,947,947,
6966,31,420000,0,user_11,947,947,
7007,32,420000,0,user_45,947,947,
6995,33,350000,0,user_38,947,947,
6991,34,340000,0,user_35,947,947,
6979,35,320000,0,user_26,947,947,
7005,36,310000,0,user_43,947,947,
6967,37,160000,0,user_12,947,947,
6973,38,160000,0,user_20,947,947,
6954,39,150000,0,user_2,947,947,
7017,40,0,0,validator_9,100,947,6996
6996,41,120000,11200,user_39,947,947,
6961,42,120000,7840,user_8,947,947,
7018,43,0,0,validator_9,100,947,6961
6984,44,120000,0,user_32,947,947,
6986,45,120000,0,user_34,947,947,
6989,46,120000,0,user_34,947,947,
6990,47,120000,0,user_34,947,947,
6958,48,110000,0,user_6,947,947,
6987,49,100000,5630,user_34,947,947,
7019,50,0,0,validator_9,100,947,6987
6981,51,79000,6390,user_28,947,947,
7020,52,0,0,validator_9,100,947,6981
6976,53,82000,0,user_23,947,947,
6988,54,70000,0,user_34,947,947,
7068,0,27000000,0,user_49,948,948,
7047,1,6100000,0,user_28,948,948,
7031,2,4200000,0,user_10,948,948,
7054,3,3500000,46500,user_34,948,948,
7050,4,2600000,0,user_33,948,948,
7025,5,2400000,0,user_4,948,948,
7035,6,2400000,34700,user_13,948,948,
7051,7,2100000,0,user_34,948,948,
7032,8,2000000,0,user_11,948,948,
7062,9,1700000,35600,user_42,948,948,
7067,10,1600000,0,user_47,948,948,
7028,11,1500000,5180,user_7,948,948,
7033,12,1000000,0,user_12,948,948,
7040,13,1000000,0,user_20,948,948,
7046,14,660000,16400,user_28,948,948,
7059,15,660000,0,user_39,948,948,
7021,16,530000,0,user_0,948,948,
7022,17,530000,0,user_1,948,948,
7053,18,350000,0,user_34,948,948,
7036,19,340000,19700,user_14,948,948,
7024,20,320000,0,user_2,948,948,
7023,21,260000,0,user_2,948,948,
7041,22,260000,0,user_22,948,948,
7065,23,240000,0,user_44,948,948,
7049,24,190000,68100,user_33,948,948,
7064,25,170000,0,user_44,948,948,
7026,26,160000,0,user_4,948,948,
7034,27,160000,16400,user_12,948,948,
7042,28,160000,0,user_23,948,948,
7044,29,150000,0,user_26,948,948,
7052,30,150000,0,user_34,948,948,
7029,31,120000,0,user_8,948,948,
7027,32,98000,0,user_5,948,948,
7048,33,80000,0,user_31,948,948,
7100,0,43000000,0,user_41,949,949,
7072,1,4500000,0,user_5,949,949,
7073,2,4200000,0,user_5,949,949,
7076,3,2100000,0,user_5,949,949,
7084,4,2000000,0,user_15,949,949,
7098,5,2000000,0,user_39,949,949,
7101,6,1400000,0,user_43,949,949,
7085,7,1300000,0,user_17,949,949,
7091,8,1200000,0,user_28,949,949,
7078,9,1000000,0,user_10,949,949,
7102,10,1000000,0,user_43,949,949,
7082,11,970000,0,user_14,949,949,
7083,12,420000,0,user_14,949,949,
7099,13,420000,155000,user_40,949,949,
7094,14,360000,181000,user_37,949,949,
7105,15,360000,49100,user_47,949,949,
7086,16,340000,0,user_21,949,949,
7095,17,310000,17700000,user_37,949,949,
7090,18,300000,0,user_27,949,949,
7096,19,300000,0,user_37,949,949,
7080,20,260000,0,user_12,949,949,
7074,21,220000,0,user_5,949,949,
7075,22,170000,0,user_5,949,949,
7089,23,160000,0,user_25,949,949,
7104,24,130000,381000,user_45,949,949,
7070,25,120000,21800,user_2,949,949,
7071,26,120000,0,user_4,949,949,
7097,27,120000,256000,user_38,949,949,
7079,28,110000,0,user_12,949,949,
7077,29,84000,10700,user_9,949,949,
7151,0,6300000,0,user_47,950,950,
7150,1,5200000,0,user_46,950,950,
7132,2,4500000,0,user_29,950,950,
7141,3,3600000,0,user_35,950,950,
7126,4,3500000,0,user_23,950,950,
7133,5,2600000,0,user_29,950,950,
7143,6,2600000,0,user_35,950,950,
7140,7,2400000,0,user_34,950,950,
7134,8,2100000,0,user_29,950,950,
7110,9,2000000,14200,user_5,950,950,
7153,10,2000000,0,user_48,950,950,
7115,11,1500000,0,user_11,950,950,
7154,12,1500000,0,user_48,950,950,
7120,13,1300000,0,user_14,950,950,
7111,14,1100000,0,user_6,950,950,
7112,15,1000000,0,user_8,950,950,
7136,16,1000000,0,user_30,950,950,
7118,17,970000,0,user_14,950,950,
7142,18,910000,0,user_35,950,950,
7119,19,530000,0,user_14,950,950,
7148,20,360000,0,user_44,950,950,
7135,21,350000,0,user_29,950,950,
7139,22,350000,0,user_33,950,950,
7145,23,340000,36800,user_38,950,950,
7130,24,320000,0,user_28,950,950,
7155,25,320000,0,user_48,950,950,
7113,26,310000,0,user_9,950,950,
7156,27,260000,0,user_48,950,950,
7124,28,190000,0,user_20,950,950,
7123,29,170000,0,user_20,950,950,
7114,30,160000,0,user_10,950,950,
7117,31,150000,0,user_14,950,950,
7129,32,150000,0,user_28,950,950,
7152,33,150000,0,user_48,950,950,
7122,34,120000,0,user_18,950,950,
7146,35,120000,155000,user_41,950,950,
7121,36,110000,0,user_16,950,950,
7125,37,110000,0,user_22,950,950,
7147,38,110000,17700000,user_43,950,950,
7144,39,100000,11200,user_35,950,950,
7137,40,82000,0,user_30,950,950,
7131,41,79000,0,user_29,950,950,
7149,42,77000,13900,user_44,950,950,
7188,0,43000000,0,user_35,951,951,
7213,1,0,0,validator_12,100,951,7195
7195,2,2600000,7190000,user_40,951,951,
7175,3,6300000,0,user_20,951,951,
7180,4,6100000,0,user_24,951,951,
7210,5,5200000,0,user_46,951,951,
7171,6,5000000,0,user_15,951,951,
7172,7,3200000,0,user_16,951,951,
7178,8,2000000,0,user_22,951,951,
7209,9,1200000,510000,user_45,951,951,
7214,10,0,0,validator_12,100,951,7209
7192,11,1700000,0,user_37,951,951,
7181,12,1500000,0,user_25,951,951,
7208,13,1500000,0,user_44,951,951,
7176,14,1400000,0,user_20,951,951,
7207,15,1400000,0,user_43,951,951,
7215,16,0,0,validator_12,100,951,7194
7194,17,1000000,256000,user_39,951,951,
7216,18,0,0,validator_12,100,951,7165
7165,19,600000,296000,user_7,951,951,
7168,20,870000,0,user_10,951,951,
7179,21,870000,0,user_22,951,951,
7183,22,660000,0,user_31,951,951,
7212,23,660000,0,user_48,951,951,
7217,24,0,0,validator_12,100,951,7186
7186,25,350000,128000,user_34,951,951,
7218,26,0,0,validator_12,100,951,7164
7164,27,220000,256000,user_7,951,951,
7161,28,170000,283000,user_3,951,951,
7219,29,0,0,validator_12,100,951,7161
7184,30,420000,0,user_32,951,951,
7191,31,360000,0,user_35,951,951,
7185,32,350000,0,user_33,951,951,
7169,33,300000,0,user_11,951,951,
7211,34,220000,0,user_46,951,951,
7170,35,150000,0,user_13,951,951,
7206,36,150000,0,user_43,951,951,
7220,37,0,0,validator_12,100,951,7167
7167,38,70000,75000,user_9,951,951,
7182,39,120000,0,user_25,951,951,
7190,40,120000,0,user_35,951,951,
7158,41,109999,0,user_1,951,951,7157
7159,42,109999,0,user_1,951,951,7157
7160,43,109999,0,user_2,951,951,7157
7187,44,98000,0,user_34,951,951,
7189,45,73000,0,user_35,951,951,
7248,0,6100000,0,user_28,952,952,
7244,1,5000000,0,user_26,952,952,
7224,2,4200000,0,user_3,952,952,
7237,3,4200000,0,user_13,952,952,
7225,4,2000000,181000,user_5,952,952,
7274,5,0,0,validator_8,100,952,7225
7228,6,2100000,60700,user_8,952,952,
7275,7,0,0,validator_8,100,952,7228
7273,8,2100000,0,user_48,952,952,
7238,9,1800000,0,user_14,952,952,
7272,10,1500000,0,user_47,952,952,
7227,11,1400000,0,user_7,952,952,
7246,12,1000000,0,user_27,952,952,
7221,13,870000,0,user_1,952,952,
7276,14,0,0,validator_8,100,952,7247
7247,15,420000,410000,user_27,952,952,
7257,16,670000,0,user_34,952,952,
7249,17,650000,0,user_29,952,952,
7252,18,630000,0,user_29,952,952,
7230,19,70000,545000,user_8,952,952,
7277,20,0,0,validator_8,100,952,7230
7250,21,530000,0,user_29,952,952,
7234,22,470000,0,user_11,952,952,
7235,23,470000,0,user_12,952,952,
7231,24,420000,0,user_8,952,952,
7256,25,420000,0,user_31,952,952,
7278,26,0,0,validator_8,100,952,7258
7258,27,320000,75000,user_35,952,952,
7251,28,310000,60700,user_29,952,952,
7279,29,0,0,validator_8,100,952,7251
7245,30,340000,0,user_27,952,952,
7264,31,300000,0,user_39,952,952,
7240,32,260000,0,user_18,952,952,
7229,33,220000,0,user_8,952,952,
7253,34,220000,0,user_29,952,952,
7269,35,170000,0,user_44,952,952,
7265,36,160000,0,user_42,952,952,
7236,37,150000,0,user_13,952,952,
7280,38,0,0,validator_8,100,952,7242
7242,39,83000,42000,user_20,952,952,
7239,40,120000,0,user_15,952,952,
7223,41,110000,0,user_3,952,952,
7259,42,110000,0,user_35,952,952,
7232,43,98000,0,user_8,952,952,
7255,44,83000,0,user_30,952,952,
7243,45,80000,0,user_23,952,952,
7254,46,77000,0,user_30,952,952,
7308,0,6300000,0,user_29,953,953,
7291,1,6100000,0,user_12,953,953,
7332,2,6100000,0,user_48,953,953,
7304,3,5000000,0,user_24,953,953,
7324,4,3200000,0,user_44,953,953,
7333,5,2100000,0,user_49,953,953,
7317,6,1500000,0,user_38,953,953,
7325,7,1500000,0,user_44,953,953,
7327,8,1500000,0,user_44,953,953,
7302,9,1100000,0,user_23,953,953,
7301,10,1000000,0,user_22,953,953,
7310,11,1000000,0,user_31,953,953,
7316,12,1000000,0,user_38,953,953,
7326,13,1000000,0,user_44,953,953,
7329,14,650000,283000,user_46,953,953,
7335,15,0,0,validator_0,100,953,7329
7336,16,0,0,validator_0,100,953,7331
7331,17,420000,322000,user_48,953,953,
7286,18,660000,0,user_8,953,953,
7313,19,530000,0,user_35,953,953,
7297,20,370000,0,user_20,953,953,
7311,21,370000,0,user_33,953,953,
7285,22,300000,0,user_6,953,953,
7283,23,260000,0,user_5,953,953,
7288,24,220000,0,user_8,953,953,
7330,25,220000,0,user_47,953,953,
7289,26,120000,84800,user_8,953,953,
7337,27,0,0,validator_0,100,953,7289
7300,28,190000,0,user_22,953,953,
7287,29,150000,0,user_8,953,953,
7292,30,150000,0,user_13,953,953,
7298,31,150000,0,user_22,953,953,
7334,32,150000,0,user_49,953,953,
7296,33,120000,0,user_19,953,953,
7299,34,120000,0,user_22,953,953,
7295,35,110000,0,user_17,953,953,
7323,36,110000,0,user_42,953,953,
7303,37,98000,0,user_24,953,953,
7281,38,83000,0,user_0,953,953,
7284,39,82000,0,user_6,953,953,
7351,0,19000000,0,user_16,954,954,
7376,1,4500000,0,user_38,954,954,
7369,2,3600000,161000,user_31,954,954,
7362,3,3200000,283000,user_25,954,954,
7340,4,2500000,0,user_5,954,954,
7368,5,2500000,0,user_29,954,954,
7352,6,2400000,0,user_18,954,954,
7348,7,2300000,128000,user_11,954,954,
7361,8,2000000,46500,user_25,954,954,
7372,9,1100000,67500,user_34,954,954,
7377,10,1100000,0,user_38,954,954,
7356,11,1000000,510000,user_22,954,954,
7370,12,1000000,0,user_31,954,954,
7344,13,910000,0,user_9,954,954,
7355,14,910000,0,user_20,954,954,
7385,15,910000,0,user_47,954,954,
7339,16,870000,0,user_3,954,954,
7375,17,530000,12300,user_37,954,954,
7380,18,470000,0,user_42,954,954,
7384,19,460000,0,user_46,954,954,
7346,20,420000,0,user_10,954,954,
7353,21,370000,0,user_18,954,954,
7363,22,370000,0,user_26,954,954,
7342,23,310000,0,user_7,954,954,
7366,24,310000,139000,user_29,954,954,
7386,25,300000,0,user_48,954,954,
7354,26,220000,0,user_19,954,954,
7378,27,220000,0,user_40,954,954,
7365,28,170000,5180,user_28,954,954,
7343,29,160000,0,user_8,954,954,
7373,30,160000,0,user_35,954,954,
7379,31,160000,0,user_42,954,954,
7381,32,150000,0,user_43,954,954,
7347,33,120000,0,user_10,954,954,
7357,34,120000,0,user_23,954,954,
7358,35,120000,0,user_23,954,954,
7367,36,120000,34700,user_29,954,954,
7374,37,120000,0,user_36,954,954,
7383,38,110000,33100,user_45,954,954,
7345,39,83000,12800,user_9,954,954,
7341,40,79000,0,user_6,954,954,
7382,41,70000,0,user_45,954,954,
7397,0,6300000,0,user_17,955,955,
7403,1,5000000,0,user_22,955,955,
7415,2,4200000,410000,user_34,955,955,
7436,3,0,0,validator_7,100,955,7415
7398,4,4500000,0,user_18,955,955,
7413,5,4500000,0,user_31,955,955,
7396,6,2600000,0,user_17,955,955,
7428,7,2000000,15100,user_45,955,955,
7437,8,0,0,validator_7,100,955,7428
7402,9,2000000,0,user_22,955,955,
7432,10,1800000,0,user_47,955,955,
7438,11,0,0,validator_7,100,955,7392
7392,12,1400000,283000,user_10,955,955,
7439,13,0,0,validator_7,100,955,7417
7417,14,1500000,7840,user_36,955,955,
7391,15,1500000,0,user_9,955,955,
7422,16,1500000,0,user_44,955,955,
7434,17,1500000,0,user_49,955,955,
7423,18,1400000,0,user_44,955,955,
7424,19,1400000,0,user_44,955,955,
7420,20,1100000,0,user_41,955,955,
7433,21,1100000,0,user_48,955,955,
7407,22,1000000,0,user_26,955,955,
7419,23,1000000,0,user_38,955,955,
7429,24,650000,0,user_45,955,955,
7427,25,630000,0,user_45,955,955,
7409,26,420000,0,user_28,955,955,
7411,27,350000,35600,user_30,955,955,
7440,28,0,0,validator_7,100,955,7411
7425,29,170000,155000,user_44,955,955,
7441,30,0,0,validator_7,100,955,7425
7387,31,120000,181000,user_1,955,955,
7442,32,0,0,validator_7,100,955,7387
7418,33,260000,0,user_37,955,955,
7443,34,0,0,validator_7,100,955,7426
7426,35,240000,19700,user_45,955,955,
7430,36,240000,0,user_45,955,955,
7416,37,220000,0,user_35,955,955,
7444,38,0,0,validator_7,100,955,7389
7389,39,170000,12300,user_3,955,955,
7390,40,170000,0,user_6,955,955,
7412,41,160000,0,user_30,955,955,
7393,42,150000,0,user_13,955,955,
7435,43,120000,0,user_49,955,955,
7388,44,119999,0,user_2,955,955,7387
7405,45,110000,0,user_23,955,955,
7406,46,110000,0,user_25,955,955,
7408,47,110000,0,user_27,955,955,
7431,48,110000,0,user_46,955,955,
7404,49,77000,0,user_23,955,955,
7465,0,30000000,0,user_16,956,956,
7478,1,30000000,0,user_29,956,956,
7479,2,27000000,0,user_30,956,956,
7496,3,0,0,validator_4,100,956,7492
7492,4,6100000,66100,user_41,956,956,
7475,5,6100000,0,user_22,956,956,
7483,6,6100000,0,user_34,956,956,
7459,7,3600000,0,user_10,956,956,
7497,8,0,0,validator_4,100,956,7469
7469,9,2300000,64600,user_18,956,956,
7498,10,0,0,validator_4,100,956,7451
7451,11,2300000,56200,user_5,956,956,
7470,12,2000000,0,user_18,956,956,
7499,13,0,0,validator_4,100,956,7449
7449,14,1600000,108000,user_4,956,956,
7457,15,1600000,0,user_8,956,956,
7481,16,1600000,0,user_33,956,956,
7450,17,1400000,0,user_5,956,956,
7482,18,1400000,0,user_33,956,956,
7480,19,1100000,0,user_30,956,956,
7473,20,1000000,0,user_19,956,956,
7500,21,0,0,validator_4,100,956,7453
7453,22,630000,283000,user_6,956,956,
7466,23,660000,33100,user_16,956,956,
7501,24,0,0,validator_4,100,956,7466
7445,25,600000,0,user_1,956,956,
7484,26,600000,0,user_34,956,956,
7502,27,0,0,validator_4,100,956,7471
7471,28,220000,350000,user_18,956,956,
7485,29,460000,0,user_36,956,956,
7503,30,0,0,validator_4,100,956,7477
7477,31,420000,39400,user_29,956,956,
7458,32,420000,0,user_9,956,956,
7462,33,260000,5180,user_14,956,956,
7504,34,0,0,validator_4,100,956,7462
7495,35,220000,0,user_46,956,956,
7464,36,160000,46500,user_16,956,956,
7505,37,0,0,validator_4,100,956,7464
7506,38,0,0,validator_4,100,956,7474
7474,39,170000,33300,user_20,956,956,
7446,40,190000,0,user_2,956,956,
7452,41,170000,0,user_6,956,956,
7456,42,170000,0,user_8,956,956,
7461,43,170000,0,user_13,956,956,
7468,44,150000,0,user_17,956,956,
7493,45,130000,7840,user_44,956,956,
7507,46,0,0,validator_4,100,956,7493
7472,47,120000,0,user_19,956,956,
7467,48,110000,0,user_16,956,956,
7476,49,110000,0,user_27,956,956,
7491,50,110000,0,user_39,956,956,
7463,51,85000,0,user_16,956,956,
7494,52,79000,0,user_46,956,956,
7520,0,43000000,0,user_22,957,957,
7511,1,27000000,0,user_7,957,957,
7529,2,6300000,17700000,user_27,957,957,
7553,3,0,0,validator_7,100,957,7529
7521,4,5000000,0,user_22,957,957,
7528,5,5000000,0,user_27,957,957,
7534,6,5000000,0,user_32,957,957,
7544,7,2000000,0,user_41,957,957,
7554,8,0,0,validator_7,100,957,7524
7524,9,1800000,15100,user_25,957,957,
7555,10,0,0,validator_7,100,957,7532
7532,11,1700000,17000,user_30,957,957,
7514,12,1500000,0,user_10,957,957,
7525,13,1500000,0,user_27,957,957,
7548,14,1500000,0,user_45,957,957,
7522,15,1400000,0,user_24,957,957,
7537,16,1200000,0,user_35,957,957,
7518,17,1000000,0,user_18,957,957,
7533,18,1000000,0,user_31,957,957,
7542,19,970000,0,user_40,957,957,
7535,20,870000,0,user_32,957,957,
7536,21,670000,0,user_34,957,957,
7551,22,660000,0,user_47,957,957,
7543,23,530000,0,user_41,957,957,
7526,24,460000,0,user_27,957,957,
7547,25,360000,0,user_44,957,957,
7538,26,340000,16400,user_35,957,957,
7556,27,0,0,validator_7,100,957,7538
7557,28,0,0,validator_7,100,957,7540
7540,29,160000,161000,user_37,957,957,
7508,30,320000,0,user_1,957,957,
7510,31,260000,0,user_5,957,957,
7523,32,240000,0,user_25,957,957,
7558,33,0,0,validator_7,100,957,7546
7546,34,160000,39400,user_44,957,957,
7513,35,190000,0,user_9,957,957,
7541,36,170000,0,user_37,957,957,
7539,37,150000,0,user_36,957,957,
7512,38,130000,0,user_7,957,957,
7552,39,130000,0,user_49,957,957,
7527,40,120000,0,user_27,957,957,
7549,41,100000,0,user_46,957,957,
7516,42,80000,0,user_15,957,957,
7550,43,79000,0,user_47,957,957,
7509,44,77000,0,user_5,957,957,
7591,0,30000000,0,user_28,958,958,
7575,1,19000000,0,user_12,958,958,
7599,2,6100000,0,user_37,958,958,
7577,3,5200000,0,user_15,958,958,
7586,4,5200000,0,user_24,958,958,
7608,5,5000000,181000,user_47,958,958,
7611,6,0,0,validator_6,100,958,7608
7609,7,5000000,161000,user_48,958,958,
7612,8,0,0,validator_6,100,958,7609
7588,9,4200000,0,user_25,958,958,
7594,10,3500000,0,user_31,958,958,
7570,11,3200000,0,user_6,958,958,
7590,12,2300000,0,user_27,958,958,
7596,13,1600000,0,user_32,958,958,
7571,14,1500000,0,user_7,958,958,
7572,15,1500000,0,user_8,958,958,
7574,16,1500000,0,user_10,958,958,
7597,17,1500000,0,user_33,958,958,
7578,18,1400000,0,user_15,958,958,
7593,19,1000000,0,user_30,958,958,
7603,20,1000000,0,user_43,958,958,
7582,21,670000,0,user_20,958,958,
7613,22,0,0,validator_6,100,958,7568
7568,23,370000,121000,user_4,958,958,
7585,24,460000,0,user_24,958,958,
7567,25,420000,0,user_4,958,958,
7601,26,420000,0,user_42,958,958,
7614,27,0,0,validator_6,100,958,7566
7566,28,340000,71800,user_3,958,958,
7615,29,0,0,validator_6,100,958,7602
7602,30,300000,35600,user_42,958,958,
7579,31,310000,0,user_16,958,958,
7562,32,170000,0,user_1,958,958,
7561,33,160000,0,user_1,958,958,
7581,34,160000,0,user_19,958,958,
7595,35,160000,0,user_32,958,958,
7576,36,150000,0,user_14,958,958,
7580,37,150000,0,user_18,958,958,
7587,38,150000,0,user_24,958,958,
7559,39,120000,0,user_0,958,958,
7573,40,120000,0,user_10,958,958,
7606,41,120000,0,user_44,958,958,
7607,42,120000,0,user_46,958,958,
7605,43,110000,0,user_44,958,958,
7616,44,0,0,validator_6,100,958,7563
7563,45,84000,16400,user_2,958,958,
7564,46,84001,0,user_2,958,958,7563
7565,47,84001,0,user_2,958,958,7563
7560,48,84000,0,user_1,958,958,
7592,49,80000,0,user_29,958,958,
7604,50,79000,0,user_43,958,958,
7676,0,0,0,validator_9,100,959,7626
7626,1,30000000,369000,user_7,959,959,
7661,2,27000000,0,user_43,959,959,
7650,3,6100000,0,user_32,959,959,
7674,4,5000000,0,user_49,959,959,
7677,5,0,0,validator_9,100,959,7646
7646,6,3200000,75000,user_29,959,959,
7678,7,0,0,validator_9,100,959,7645
7645,8,2000000,1100000,user_29,959,959,
7679,9,0,0,validator_9,100,959,7653
7653,10,2400000,33100,user_34,959,959,
7649,11,2300000,0,user_31,959,959,
7667,12,2100000,0,user_46,959,959,
7638,13,2000000,0,user_23,959,959,
7672,14,2000000,0,user_49,959,959,
7654,15,1800000,0,user_38,959,959,
7680,16,0,0,validator_9,100,959,7630
7630,17,1700000,35600,user_16,959,959,
7666,18,1300000,350000,user_46,959,959,
7681,19,0,0,validator_9,100,959,7666
7664,20,1600000,0,user_46,959,959,
7641,21,1500000,0,user_26,959,959,
7663,22,1500000,0,user_45,959,959,
7637,23,1400000,0,user_23,959,959,
7634,24,1100000,0,user_20,959,959,
7624,25,1000000,0,user_6,959,959,
7656,26,970000,0,user_40,959,959,
7673,27,970000,0,user_49,959,959,
7631,28,670000,0,user_16,959,959,
7675,29,360000,0,user_49,959,959,
7617,30,300000,0,user_0,959,959,
7627,31,220000,0,user_8,959,959,
7639,32,220000,0,user_24,959,959,
7682,33,0,0,validator_9,100,959,7642
7642,34,120000,66100,user_26,959,959,
7635,35,160000,13900,user_21,959,959,
7683,36,0,0,validator_9,100,959,7635
7619,37,170001,0,user_2,959,959,7618
7665,38,170000,0,user_46,959,959,
7658,39,160000,0,user_43,959,959,
7669,40,160000,0,user_47,959,959,
7628,41,150000,0,user_10,959,959,
7647,42,130000,0,user_30,959,959,
7655,43,120000,0,user_39,959,959,
7660,44,120000,0,user_43,959,959,
7684,45,0,0,validator_9,100,959,7657
7657,46,84000,33100,user_41,959,959,
7621,47,110000,0,user_3,959,959,
7648,48,87000,0,user_30,959,959,
7644,49,84000,0,user_28,959,959,
7651,50,84000,0,user_32,959,959,
7620,51,83000,0,user_3,959,959,
7671,52,83000,0,user_49,959,959,
7659,53,80000,0,user_43,959,959,
7668,54,77000,0,user_46,959,959,
7625,55,70000,0,user_7,959,959,
7719,0,6300000,0,user_38,960,960,
7685,1,6100000,0,user_0,960,960,
7732,2,5200000,510000,user_46,960,960,
7738,3,0,0,validator_1,100,960,7732
7720,4,5200000,0,user_38,960,960,
7739,5,0,0,validator_1,100,960,7695
7695,6,3500000,100000,user_18,960,960,
7690,7,2500000,0,user_11,960,960,
7740,8,0,0,validator_1,100,960,7728
7728,9,2000000,67900,user_45,960,960,
7741,10,0,0,validator_1,100,960,7696
7696,11,2000000,31700,user_18,960,960,
7701,12,2000000,0,user_23,960,960,
7723,13,2000000,0,user_41,960,960,
7713,14,1600000,0,user_34,960,960,
7711,15,1200000,381000,user_33,960,960,
7742,16,0,0,validator_1,100,960,7711
7693,17,1500000,0,user_13,960,960,
7730,18,1100000,0,user_45,960,960,
7703,19,1000000,0,user_24,960,960,
7743,20,0,0,validator_1,100,960,7731
7731,21,910000,16400,user_46,960,960,
7744,22,0,0,validator_1,100,960,7737
7737,23,600000,146000,user_49,960,960,
7709,24,670000,0,user_31,960,960,
7736,25,530000,0,user_49,960,960,
7745,26,0,0,validator_1,100,960,7707
7707,27,160000,285000,user_28,960,960,
7746,28,0,0,validator_1,100,960,7724
7724,29,120000,322000,user_42,960,960,
7735,30,350000,0,user_48,960,960,
7692,31,340000,0,user_12,960,960,
7747,32,0,0,validator_1,100,960,7689
7689,33,160000,155000,user_9,960,960,
7708,34,260000,0,user_30,960,960,
7712,35,220000,39400,user_34,960,960,
7748,36,0,0,validator_1,100,960,7712
7714,37,240000,0,user_36,960,960,
7749,38,0,0,validator_1,100,960,7697
7697,39,150000,73100,user_20,960,960,
7729,40,150000,35600,user_45,960,960,
7750,41,0,0,validator_1,100,960,7729
7702,42,170000,0,user_24,960,960,
7727,43,170000,0,user_45,960,960,
7704,44,160000,0,user_24,960,960,
7710,45,160000,0,user_32,960,960,
7733,46,160000,0,user_47,960,960,
7691,47,150000,0,user_12,960,960,
7705,48,130000,0,user_26,960,960,
7706,49,120000,0,user_27,960,960,
7721,50,120000,0,user_40,960,960,
7722,51,120000,0,user_41,960,960,
7687,52,110000,0,user_5,960,960,
7734,53,110000,0,user_48,960,960,
7784,0,43000000,0,user_35,961,961,
7780,1,6300000,64600,user_32,961,961,
7801,2,0,0,validator_13,100,961,7780
7769,3,5200000,0,user_17,961,961,
7777,4,5000000,0,user_27,961,961,
7770,5,3600000,60700,user_18,961,961,
7802,6,0,0,validator_13,100,961,7770
7778,7,2000000,18600,user_29,961,961,
7803,8,0,0,validator_13,100,961,7778
7791,9,1700000,0,user_38,961,961,
7752,10,1600000,0,user_1,961,961,
7764,11,1500000,0,user_12,961,961,
7788,12,1500000,0,user_36,961,961,
7804,13,0,0,validator_13,100,961,7776
7776,14,1000000,31700,user_25,961,961,
7772,15,1000000,0,user_21,961,961,
7798,16,1000000,0,user_44,961,961,
7796,17,910000,0,user_43,961,961,
7786,18,870000,0,user_35,961,961,
7761,19,650000,0,user_10,961,961,
7754,20,600000,0,user_3,961,961,
7768,21,460000,0,user_17,961,961,
7757,22,300000,0,user_7,961,961,
7805,23,0,0,validator_13,100,961,7766
7766,24,240000,32900,user_14,961,961,
7782,25,240000,0,user_34,961,961,
7800,26,220000,17000,user_46,961,961,
7806,27,0,0,validator_13,100,961,7800
7765,28,220000,0,user_13,961,961,
7807,29,0,0,validator_13,100,961,7787
7787,30,170000,33100,user_35,961,961,
7785,31,190000,0,user_35,961,961,
7789,32,160000,0,user_36,961,961,
7808,33,0,0,validator_13,100,961,7756
7756,34,110000,42000,user_5,961,961,
7753,35,150000,0,user_2,961,961,
7760,36,120000,0,user_10,961,961,
7779,37,120000,0,user_30,961,961,
7797,38,120000,0,user_44,961,961,
7783,39,70000,49100,user_34,961,961,
7809,40,0,0,validator_13,100,961,7783
7758,41,110000,0,user_8,961,961,
7781,42,87000,0,user_34,961,961,
7799,43,84000,0,user_44,961,961,
7794,44,82000,0,user_41,961,961,
7755,45,77000,0,user_4,961,961,
7775,46,77000,0,user_24,961,961,
7790,47,73000,0,user_37,961,961,
7792,48,73000,0,user_39,961,961,
7851,0,5000000,128000,user_45,962,962,
7843,1,4200000,0,user_41,962,962,
7852,2,4200000,0,user_46,962,962,
7818,3,3500000,0,user_8,962,962,
7833,4,2600000,0,user_29,962,962,
7834,5,2100000,0,user_29,962,962,
7841,6,1900000,68100,user_39,962,962,
7826,7,1800000,0,user_22,962,962,
7822,8,1500000,0,user_14,962,962,
7838,9,1300000,66100,user_34,962,962,
7828,10,1100000,0,user_23,962,962,
7811,11,1000000,4320000,user_1,962,962,
7815,12,1000000,0,user_6,962,962,
7817,13,870000,108000,user_8,962,962,
7845,14,870000,0,user_42,962,962,
7824,15,600000,34700,user_17,962,962,
7837,16,470000,21800,user_31,962,962,
7847,17,340000,0,user_44,962,962,
7854,18,340000,0,user_47,962,962,
7825,19,310000,410000,user_18,962,962,
7842,20,300000,12800,user_40,962,962,
7835,21,260000,0,user_29,962,962,
7830,22,220000,0,user_25,962,962,
7850,23,220000,0,user_44,962,962,
7848,24,170000,0,user_44,962,962,
7821,25,160000,0,user_13,962,962,
7819,26,150000,0,user_9,962,962,
7827,27,150000,0,user_22,962,962,
7844,28,120000,0,user_42,962,962,
7820,29,110000,0,user_11,962,962,
7839,30,110000,146000,user_34,962,962,
7849,31,110000,0,user_44,962,962,
7853,32,110000,0,user_46,962,962,
7836,33,85000,39400,user_30,962,962,
7846,34,82000,0,user_44,962,962,
7816,35,80000,0,user_7,962,962,
7831,36,80000,0,user_26,962,962,
7840,37,79000,0,user_35,962,962,
7856,0,30000000,0,user_1,963,963,
7883,1,27000000,0,user_28,963,963,
7885,2,6300000,0,user_30,963,963,
7867,3,6100000,0,user_11,963,963,
7865,4,4200000,0,user_9,963,963,
7859,5,3200000,0,user_3,963,963,
7873,6,2000000,0,user_17,963,963,
7894,7,1700000,0,user_42,963,963,
7875,8,1500000,0,user_19,963,963,
7893,9,1500000,0,user_41,963,963,
7898,10,1500000,0,user_47,963,963,
7862,11,1400000,0,user_5,963,963,
7878,12,1200000,0,user_22,963,963,
7860,13,1000000,0,user_3,963,963,
7872,14,1000000,0,user_16,963,963,
7886,15,1000000,0,user_31,963,963,
7891,16,1000000,0,user_37,963,963,
7897,17,1000000,0,user_47,963,963,
7881,18,870000,155000,user_26,963,963,
7864,19,650000,13900,user_7,963,963,
7866,20,650000,0,user_10,963,963,
7882,21,530000,0,user_28,963,963,
7876,22,470000,0,user_21,963,963,
7869,23,460000,0,user_13,963,963,
7857,24,360000,0,user_1,963,963,
7870,25,310000,0,user_14,963,963,
7874,26,300000,0,user_18,963,963,
7887,27,300000,296000,user_33,963,963,
7890,28,300000,0,user_37,963,963,
7877,29,220000,0,user_22,963,963,
7899,30,160000,100000,user_48,963,963,
7884,31,150000,0,user_29,963,963,
7896,32,120000,12800,user_46,963,963,
7888,33,100000,0,user_34,963,963,
7889,34,84000,0,user_37,963,963,
7895,35,83000,0,user_45,963,963,
7863,36,82000,0,user_5,963,963,
7871,37,73000,0,user_16,963,963,
7892,38,73000,0,user_40,963,963,
7925,0,27000000,0,user_25,964,964,
7906,1,19000000,0,user_9,964,964,
7937,2,6100000,0,user_36,964,964,
7904,3,3500000,0,user_5,964,964,
7912,4,2600000,0,user_12,964,964,
7921,5,2000000,60700,user_21,964,964,
7948,6,0,0,validator_5,100,964,7921
7905,7,2000000,0,user_6,964,964,
7911,8,1600000,0,user_12,964,964,
7941,9,1600000,0,user_41,964,964,
7945,10,1600000,0,user_46,964,964,
7943,11,1500000,0,user_45,964,964,
7924,12,1300000,0,user_24,964,964,
7949,13,0,0,validator_5,100,964,7938
7938,14,910000,296000,user_37,964,964,
7950,15,0,0,validator_5,100,964,7909
7909,16,1000000,195000,user_10,964,964,
7916,17,1100000,0,user_17,964,964,
7917,18,1100000,0,user_18,964,964,
7930,19,1000000,0,user_33,964,964,
7908,20,910000,18600,user_10,964,964,
7951,21,0,0,validator_5,100,964,7908
7952,22,0,0,validator_5,100,964,7920
7920,23,350000,381000,user_20,964,964,
7907,24,660000,0,user_9,964,964,
7953,25,0,0,validator_5,100,964,7944
7944,26,83000,381000,user_45,964,964,
7940,27,460000,0,user_40,964,964,
7902,28,340000,0,user_3,964,964,
7923,29,320000,0,user_24,964,964,
7947,30,320000,0,user_49,964,964,
7910,31,300000,0,user_11,964,964,
7903,32,260000,0,user_4,964,964,
7918,33,220000,0,user_20,964,964,
7901,34,120000,0,user_0,964,964,
7922,35,120000,0,user_24,964,964,
7919,36,100000,0,user_20,964,964,
7927,37,98000,0,user_29,964,964,
7926,38,85000,0,user_27,964,964,
7936,39,84000,0,user_35,964,964,
7928,40,79000,0,user_31,964,964,
7915,41,77000,0,user_16,964,964,
8001,0,0,0,validator_9,100,965,7979
7979,1,19000000,11200,user_28,965,965,
7993,2,19000000,0,user_45,965,965,
7974,3,6300000,17000,user_21,965,965,
8002,4,0,0,validator_9,100,965,7974
7992,5,6100000,11200,user_45,965,965,
8003,6,0,0,validator_9,100,965,7992
7976,7,5000000,0,user_24,965,965,
7959,8,4500000,0,user_6,965,965,
7980,9,4200000,231000,user_30,965,965,
8004,10,0,0,validator_9,100,965,7980
7981,11,3600000,0,user_31,965,965,
7966,12,1400000,0,user_16,965,965,
7996,13,1200000,0,user_47,965,965,
7962,14,1100000,0,user_10,965,965,
7963,15,1100000,0,user_12,965,965,
7994,16,1100000,0,user_46,965,965,
7965,17,1000000,0,user_16,965,965,
7964,18,910000,0,user_13,965,965,
7990,19,910000,0,user_41,965,965,
7997,20,650000,0,user_47,965,965,
8005,21,0,0,validator_9,100,965,7989
7989,22,420000,146000,user_40,965,965,
7971,23,470000,0,user_18,965,965,
7973,24,340000,0,user_20,965,965,
8006,25,0,0,validator_9,100,965,7995
7995,26,160000,73100,user_47,965,965,
7998,27,220000,0,user_47,965,965,
7999,28,220000,0,user_47,965,965,
8007,29,0,0,validator_9,100,965,7955
7955,30,100000,108000,user_2,965,965,
7986,31,150000,0,user_38,965,965,
7991,32,82000,60700,user_42,965,965,
8008,33,0,0,validator_9,100,965,7991
7984,34,120000,0,user_34,965,965,
7987,35,120000,0,user_38,965,965,
7985,36,110000,0,user_35,965,965,
7988,37,82000,0,user_39,965,965,
7958,38,80000,0,user_5,965,965,
7982,39,79000,0,user_32,965,965,
7983,40,70000,0,user_34,965,965,
8037,0,43000000,0,user_34,966,966,
8020,1,19000000,381000,user_14,966,966,
8012,2,5000000,0,user_4,966,966,
8011,3,3200000,0,user_4,966,966,
8049,4,2400000,30200,user_49,966,966,
8009,5,2100000,0,user_0,966,966,
8022,6,1500000,0,user_18,966,966,
8016,7,1100000,0,user_9,966,966,
8047,8,1100000,0,user_44,966,966,
8018,9,1000000,0,user_11,966,966,
8046,10,970000,0,user_43,966,966,
8048,11,910000,0,user_45,966,966,
8028,12,630000,32900,user_22,966,966,
8042,13,530000,0,user_40,966,966,
8040,14,350000,0,user_37,966,966,
8045,15,340000,21800,user_42,966,966,
8036,16,220000,594000,user_33,966,966,
8033,17,170000,0,user_28,966,966,
8044,18,170000,0,user_41,966,966,
8017,19,160000,0,user_10,966,966,
8010,20,150000,0,user_3,966,966,
8024,21,150000,0,user_20,966,966,
8025,22,150000,0,user_20,966,966,
8031,23,120000,0,user_27,966,966,
8014,24,110000,0,user_7,966,966,
8030,25,110000,0,user_27,966,966,
8043,26,110000,0,user_41,966,966,
8019,27,82000,14200,user_12,966,966,
8021,28,82000,0,user_17,966,966,
8027,29,73000,0,user_22,966,966,
8032,30,70000,0,user_27,966,966,
8060,0,19000000,0,user_12,967,967,
8056,1,670000,7190000,user_10,967,967,
8093,2,0,0,validator_9,100,967,8056
8069,3,6300000,0,user_23,967,967,
8082,4,5000000,0,user_36,967,967,
8070,5,4200000,0,user_23,967,967,
8087,6,2600000,0,user_39,967,967,
8089,7,2400000,0,user_45,967,967,
8054,8,1600000,0,user_7,967,967,
8073,9,1400000,15700,user_26,967,967,
8094,10,0,0,validator_9,100,967,8073
8080,11,1100000,0,user_34,967,967,
8095,12,0,0,validator_9,100,967,8083
8083,13,1000000,5180,user_36,967,967,
8066,14,1000000,0,user_16,967,967,
8077,15,1000000,0,user_31,967,967,
8076,16,670000,0,user_29,967,967,
8061,17,660000,0,user_12,967,967,
8053,18,650000,0,user_6,967,967,
8078,19,320000,67900,user_32,967,967,
8096,20,0,0,validator_9,100,967,8078
8064,21,370000,0,user_14,967,967,
8063,22,350000,12800,user_13,967,967,
8097,23,0,0,validator_9,100,967,8063
8050,24,360000,0,user_0,967,967,
8098,25,0,0,validator_9,100,967,8088
8088,26,120000,195000,user_40,967,967,
8081,27,310000,0,user_35,967,967,
8062,28,300000,0,user_12,967,967,
8071,29,220000,0,user_24,967,967,
8052,30,170000,0,user_5,967,967,
8079,31,170000,0,user_34,967,967,
8057,32,150000,0,user_11,967,967,
8055,33,120000,0,user_8,967,967,
8086,34,120000,0,user_38,967,967,
8090,35,120000,0,user_47,967,967,
8059,36,98000,0,user_12,967,967,
8058,37,84000,0,user_12,967,967,
8136,0,43000000,0,user_38,968,968,
8145,1,0,0,validator_11,100,968,8104
8104,2,5000000,161000,user_6,968,968,
8105,3,5000000,0,user_8,968,968,
8141,4,3600000,0,user_39,968,968,
8140,5,2100000,0,user_39,968,968,
8116,6,1700000,0,user_21,968,968,
8132,7,1600000,0,user_35,968,968,
8111,8,1500000,0,user_14,968,968,
8127,9,1500000,0,user_30,968,968,
8139,10,1400000,0,user_39,968,968,
8122,11,1000000,0,user_24,968,968,
8146,12,0,0,validator_11,100,968,8137
8137,13,970000,12300,user_38,968,968,
8125,14,970000,0,user_26,968,968,
8147,15,0,0,validator_11,100,968,8102
8102,16,98000,779000,user_4,968,968,
8107,17,670000,0,user_11,968,968,
8108,18,420000,195000,user_12,968,968,
8148,19,0,0,validator_11,100,968,8108
8149,20,0,0,validator_11,100,968,8126
8126,21,600000,13900,user_27,968,968,
8134,22,600000,0,user_38,968,968,
8138,23,530000,0,user_38,968,968,
8115,24,470000,0,user_21,968,968,
8142,25,460000,0,user_46,968,968,
8100,26,420000,0,user_3,968,968,
8123,27,350000,0,user_24,968,968,
8133,28,350000,0,user_36,968,968,
8117,29,300000,0,user_22,968,968,
8124,30,260000,0,user_25,968,968,
8099,31,220000,0,user_0,968,968,
8103,32,220000,0,user_5,968,968,
8119,33,220000,0,user_24,968,968,
8114,34,170000,0,user_19,968,968,
8129,35,170000,0,user_33,968,968,
8130,36,170000,0,user_34,968,968,
8112,37,160000,0,user_16,968,968,
8118,38,150000,0,user_22,968,968,
8121,39,150000,0,user_24,968,968,
8101,40,98000,39400,user_3,968,968,
8150,41,0,0,validator_11,100,968,8101
8131,42,130000,0,user_34,968,968,
8113,43,110000,0,user_17,968,968,
8135,44,110000,0,user_38,968,968,
8143,45,110000,0,user_48,968,968,
8144,46,110000,0,user_49,968,968,
8120,47,84000,0,user_24,968,968,
8128,48,80000,0,user_33,968,968,
8198,0,43000000,0,user_47,969,969,
8188,1,30000000,0,user_38,969,969,
8206,2,0,0,validator_7,100,969,8179
8179,3,350000,17700000,user_30,969,969,
8156,4,6300000,0,user_6,969,969,
8194,5,6300000,0,user_43,969,969,
8207,6,0,0,validator_7,100,969,8161
8161,7,4200000,42000,user_9,969,969,
8199,8,4200000,0,user_48,969,969,
8187,9,2500000,0,user_36,969,969,
8208,10,0,0,validator_7,100,969,8203
8203,11,2100000,21800,user_49,969,969,
8153,12,2100000,0,user_3,969,969,
8151,13,2000000,0,user_0,969,969,
8185,14,2000000,0,user_35,969,969,
8186,15,1700000,0,user_35,969,969,
8202,16,1600000,0,user_49,969,969,
8155,17,1500000,0,user_5,969,969,
8160,18,1500000,0,user_9,969,969,
8162,19,1500000,0,user_9,969,969,
8178,20,1300000,0,user_30,969,969,
8167,21,1100000,0,user_18,969,969,
8181,22,1000000,0,user_32,969,969,
8192,23,1000000,0,user_40,969,969,
8201,24,1000000,0,user_49,969,969,
8157,25,420000,0,user_6,969,969,
8171,26,420000,0,user_22,969,969,
8209,27,0,0,validator_7,100,969,8197
8197,28,310000,35100,user_45,969,969,
8210,29,0,0,validator_7,100,969,8173
8173,30,240000,60700,user_24,969,969,
8176,31,130000,146000,user_28,969,969,
8211,32,0,0,validator_7,100,969,8176
8159,33,260000,0,user_9,969,969,
8200,34,260000,0,user_48,969,969,
8174,35,240000,0,user_25,969,969,
8175,36,220000,0,user_25,969,969,
8184,37,220000,0,user_34,969,969,
8152,38,190000,5640,user_0,969,969,
8212,39,0,0,validator_7,100,969,8152
8196,40,170000,0,user_44,969,969,
8191,41,150000,0,user_39,969,969,
8205,42,150000,0,user_49,969,969,
8158,43,130000,0,user_7,969,969,
8189,44,120000,0,user_39,969,969,
8190,45,120000,0,user_39,969,969,
8195,46,120000,0,user_43,969,969,
8154,47,110000,0,user_3,969,969,
8213,48,0,0,validator_7,100,969,8182
8182,49,77000,13800,user_32,969,969,
8204,50,80000,0,user_49,969,969,
8164,51,79000,0,user_15,969,969,
8180,52,73000,0,user_31,969,969,
8172,53,70000,0,user_23,969,969,
8227,0,30000000,0,user_13,970,970,
8260,1,27000000,594000,user_44,970,970,
8222,2,5000000,0,user_8,970,970,
8251,3,3500000,0,user_35,970,970,
8223,4,2500000,0,user_9,970,970,
8261,5,2400000,0,user_44,970,970,
8225,6,2100000,0,user_11,970,970,
8236,7,2100000,35100,user_19,970,970,
8253,8,1900000,0,user_37,970,970,
8241,9,1800000,0,user_22,970,970,
8244,10,1800000,0,user_26,970,970,
8265,11,1500000,0,user_48,970,970,
8237,12,1300000,0,user_19,970,970,
8220,13,870000,0,user_6,970,970,
8254,14,660000,0,user_38,970,970,
8238,15,650000,0,user_19,970,970,
8229,16,600000,0,user_14,970,970,
8256,17,460000,0,user_40,970,970,
8263,18,460000,0,user_47,970,970,
8252,19,420000,0,user_36,970,970,
8264,20,420000,0,user_48,970,970,
8232,21,350000,18600,user_16,970,970,
8246,22,310000,11200,user_28,970,970,
8216,23,300000,0,user_3,970,970,
8214,24,260000,0,user_1,970,970,
8228,25,220000,0,user_13,970,970,
8242,26,190000,84800,user_25,970,970,
8221,27,170000,0,user_7,970,970,
8233,28,160000,0,user_16,970,970,
8235,29,160000,0,user_18,970,970,
8240,30,160000,0,user_21,970,970,
8262,31,160000,32900,user_45,970,970,
8224,32,150000,33100,user_11,970,970,
8230,33,130000,0,user_14,970,970,
8239,34,130000,0,user_20,970,970,
8248,35,120000,0,user_30,970,970,
8258,36,120000,0,user_40,970,970,
8259,37,120000,0,user_40,970,970,
8219,38,110000,0,user_5,970,970,
8243,39,110000,0,user_26,970,970,
8257,40,100000,0,user_40,970,970,
8255,41,98000,0,user_39,970,970,
8234,42,87000,0,user_18,970,970,
8247,43,77000,0,user_29,970,970,
8269,0,43000000,0,user_5,971,971,
8317,1,0,0,validator_3,100,971,8315
8315,2,30000000,21800,user_47,971,971,
8276,3,5200000,0,user_13,971,971,
8302,4,5200000,0,user_38,971,971,
8318,5,0,0,validator_3,100,971,8277
8277,6,2600000,128000,user_15,971,971,
8314,7,2400000,68100,user_47,971,971,
8319,8,0,0,validator_3,100,971,8314
8282,9,2000000,0,user_22,971,971,
8287,10,1900000,0,user_27,971,971,
8305,11,1900000,0,user_42,971,971,
8272,12,1700000,0,user_11,971,971,
8293,13,1700000,0,user_31,971,971,
8275,14,1600000,14200,user_11,971,971,
8320,15,0,0,validator_3,100,971,8275
8285,16,1600000,0,user_26,971,971,
8306,17,1600000,0,user_42,971,971,
8321,18,0,0,validator_3,100,971,8280
8280,19,1400000,128000,user_18,971,971,
8267,20,1500000,0,user_0,971,971,
8312,21,1100000,0,user_47,971,971,
8289,22,870000,0,user_27,971,971,
8286,23,660000,0,user_27,971,971,
8311,24,600000,0,user_46,971,971,
8290,25,460000,7840,user_28,971,971,
8322,26,0,0,validator_3,100,971,8290
8288,27,420000,0,user_27,971,971,
8299,28,420000,0,user_35,971,971,
8300,29,420000,0,user_36,971,971,
8308,30,340000,0,user_43,971,971,
8278,31,320000,0,user_17,971,971,
8281,32,300000,0,user_21,971,971,
8309,33,300000,0,user_43,971,971,
8283,34,260000,0,user_23,971,971,
8295,35,260000,0,user_31,971,971,
8273,36,170000,0,user_11,971,971,
8297,37,170000,0,user_34,971,971,
8279,38,130000,0,user_18,971,971,
8307,39,130000,0,user_42,971,971,
8323,40,0,0,validator_3,100,971,8294
8294,41,110000,12300,user_31,971,971,
8291,42,120000,0,user_29,971,971,
8298,43,110000,0,user_34,971,971,
8313,44,110000,0,user_47,971,971,
8301,45,87000,0,user_37,971,971,
8304,46,85000,0,user_42,971,971,
8274,47,84000,0,user_11,971,971,
8296,48,84000,0,user_33,971,971,
8271,49,79000,0,user_11,971,971,
8270,50,70000,0,user_9,971,971,
8284,51,70000,0,user_25,971,971,
6446,0,43000000,0,user_47,972,972,
6449,1,0,0,validator_10,100,972,6434
6434,2,27000000,231000,user_39,972,972,
6419,3,5000000,0,user_21,972,972,
6415,4,2000000,0,user_17,972,972,
6425,5,2000000,0,user_30,972,972,
6447,6,1600000,0,user_48,972,972,
6412,7,1500000,0,user_14,972,972,
6413,8,1500000,0,user_15,972,972,
6437,9,1200000,43600,user_42,972,972,
6450,10,0,0,validator_10,100,972,6437
6414,11,1100000,13900,user_15,972,972,
6451,12,0,0,validator_10,100,972,6414
6430,13,1100000,0,user_34,972,972,
6403,14,1000000,0,user_0,972,972,
6417,15,1000000,0,user_20,972,972,
6427,16,1000000,0,user_31,972,972,
6443,17,670000,0,user_45,972,972,
6404,18,650000,0,user_0,972,972,
6421,19,170000,369000,user_25,972,972,
6452,20,0,0,validator_10,100,972,6421
6418,21,460000,0,user_21,972,972,
6436,22,420000,0,user_40,972,972,
6453,23,0,0,validator_10,100,972,6441
6441,24,260000,67900,user_44,972,972,
6401,25,310000,0,user_0,972,972,
6454,26,0,0,validator_10,100,972,6405
6405,27,84000,181000,user_1,972,972,
6438,28,260000,0,user_42,972,972,
6440,29,260000,0,user_44,972,972,
6429,30,220000,0,user_33,972,972,
6433,31,190000,0,user_38,972,972,
6455,32,0,0,validator_10,100,972,6431
6431,33,120000,66100,user_36,972,972,
6435,34,110000,60700,user_40,972,972,
6456,35,0,0,validator_10,100,972,6435
6416,36,170000,0,user_19,972,972,
6426,37,170000,0,user_30,972,972,
6407,38,150000,0,user_5,972,972,
6411,39,150000,0,user_13,972,972,
6432,40,150000,0,user_37,972,972,
6439,41,150000,0,user_43,972,972,
6442,42,150000,0,user_45,972,972,
6457,43,0,0,validator_10,100,972,6420
6420,44,110000,21800,user_22,972,972,
6402,45,130000,0,user_0,972,972,
6428,46,120000,0,user_32,972,972,
6444,47,80000,12800,user_45,972,972,
6458,48,0,0,validator_10,100,972,6444
6400,49,84000,0,user_0,972,972,
6406,50,83999,0,user_2,972,972,6405
6448,51,80000,0,user_49,972,972,
6459,52,0,0,validator_10,100,972,6408
6408,53,73000,5180,user_7,972,972,
6465,0,19000000,0,user_5,973,973,
6495,1,19000000,0,user_29,973,973,
6513,2,0,0,validator_11,100,973,6469
6469,3,970000,7190000,user_8,973,973,
6498,4,6300000,0,user_33,973,973,
6506,5,4500000,0,user_43,973,973,
6466,6,2500000,0,user_6,973,973,
6464,7,2300000,0,user_4,973,973,
6473,8,2300000,0,user_14,973,973,
6507,9,2100000,0,user_44,973,973,
6514,10,0,0,validator_11,100,973,6502
6502,11,2000000,11200,user_37,973,973,
6510,12,2000000,0,user_47,973,973,
6515,13,0,0,validator_11,100,973,6475
6475,14,1500000,296000,user_14,973,973,
6487,15,1600000,0,user_24,973,973,
6490,16,1600000,0,user_24,973,973,
6509,17,1600000,0,user_46,973,973,
6479,18,1400000,0,user_19,973,973,
6482,19,1400000,0,user_21,973,973,
6476,20,1100000,0,user_15,973,973,
6489,21,1100000,0,user_24,973,973,
6503,22,1000000,0,user_38,973,973,
6500,23,870000,0,user_36,973,973,
6516,24,0,0,validator_11,100,973,6477
6477,25,660000,36800,user_16,973,973,
6517,26,0,0,validator_11,100,973,6460
6460,27,630000,18600,user_0,973,973,
6461,28,630001,0,user_0,973,973,6460
6462,29,630001,0,user_0,973,973,6460
6518,30,0,0,validator_11,100,973,6499
6499,31,310000,231000,user_35,973,973,
6474,32,530000,0,user_14,973,973,
6493,33,420000,0,user_27,973,973,
6519,34,0,0,validator_11,100,973,6486
6486,35,110000,296000,user_24,973,973,
6520,36,0,0,validator_11,100,973,6491
6491,37,300000,75000,user_25,973,973,
6470,38,120000,195000,user_12,973,973,
6521,39,0,0,validator_11,100,973,6470
6484,40,310000,0,user_23,973,973,
6496,41,310000,0,user_30,973,973,
6501,42,310000,0,user_37,973,973,
6483,43,260000,0,user_22,973,973,
6492,44,260000,0,user_27,973,973,
6463,45,220000,0,user_3,973,973,
6488,46,160000,0,user_24,973,973,
6494,47,150000,0,user_28,973,973,
6505,48,110000,36800,user_41,973,973,
6522,49,0,0,validator_11,100,973,6505
6512,50,110000,0,user_48,973,973,
6511,51,85000,0,user_48,973,973,
6508,52,84000,0,user_46,973,973,
6497,53,83000,0,user_32,973,973,
6485,54,79000,0,user_23,973,973,
6478,55,70000,0,user_18,973,973,
6538,0,43000000,0,user_11,974,974,
6565,1,5000000,0,user_36,974,974,
6576,2,3500000,0,user_46,974,974,
6535,3,2600000,0,user_9,974,974,
6578,4,2400000,0,user_49,974,974,
6524,5,2300000,0,user_0,974,974,
6529,6,2300000,0,user_4,974,974,
6545,7,2300000,0,user_14,974,974,
6575,8,2000000,0,user_46,974,974,
6541,9,1700000,56200,user_12,974,974,
6566,10,1600000,0,user_37,974,974,
6537,11,1500000,0,user_10,974,974,
6554,12,1500000,21800,user_25,974,974,
6555,13,1500000,0,user_26,974,974,
6571,14,1500000,73100,user_40,974,974,
6548,15,1200000,0,user_16,974,974,
6567,16,1200000,13900,user_37,974,974,
6549,17,1100000,3130,user_17,974,974,
6523,18,660000,0,user_0,974,974,
6550,19,660000,0,user_21,974,974,
6556,20,630000,146000,user_28,974,974,
6558,21,630000,0,user_29,974,974,
6546,22,530000,0,user_15,974,974,
6557,23,530000,13800,user_28,974,974,
6569,24,530000,0,user_39,974,974,
6533,25,460000,0,user_6,974,974,
6572,26,460000,0,user_40,974,974,
6540,27,370000,0,user_12,974,974,
6525,28,300000,0,user_0,974,974,
6542,29,300000,0,user_12,974,974,
6551,30,240000,0,user_22,974,974,
6527,31,220000,17700000,user_2,974,974,
6536,32,220000,17000,user_10,974,974,
6559,33,220000,0,user_30,974,974,
6543,34,160000,0,user_14,974,974,
6553,35,150000,0,user_25,974,974,
6530,36,130000,296000,user_5,974,974,
6532,37,130000,121000,user_6,974,974,
6531,38,120000,0,user_6,974,974,
6547,39,120000,0,user_15,974,974,
6568,40,120000,0,user_37,974,974,
6573,41,110000,0,user_43,974,974,
6539,42,87000,0,user_12,974,974,
6570,43,84000,18600,user_40,974,974,
6544,44,77000,0,user_14,974,974,
6616,0,6100000,181000,user_47,975,975,
6620,1,0,0,validator_6,100,975,6616
6613,2,5000000,0,user_44,975,975,
6621,3,0,0,validator_6,100,975,6584
6584,4,4500000,30200,user_7,975,975,
6612,5,4200000,0,user_43,975,975,
6622,6,0,0,validator_6,100,975,6579
6579,7,3600000,30200,user_1,975,975,
6586,8,3600000,0,user_8,975,975,
6580,9,3599999,0,user_1,975,975,6579
6585,10,3500000,0,user_7,975,975,
6623,11,0,0,validator_6,100,975,6607
6607,12,3200000,256000,user_38,975,975,
6602,13,2100000,0,user_31,975,975,
6599,14,2000000,0,user_28,975,975,
6582,15,1700000,0,user_7,975,975,
6609,16,1700000,0,user_39,975,975,
6598,17,1600000,0,user_27,975,975,
6611,18,1500000,0,user_42,975,975,
6591,19,1200000,0,user_17,975,975,
6589,20,1100000,0,user_12,975,975,
6624,21,0,0,validator_6,100,975,6618
6618,22,1000000,34700,user_48,975,975,
6593,23,1000000,0,user_19,975,975,
6594,24,1000000,0,user_20,975,975,
6590,25,970000,0,user_13,975,975,
6605,26,660000,0,user_35,975,975,
6604,27,600000,0,user_33,975,975,
6625,28,0,0,validator_6,100,975,6600
6600,29,460000,16400,user_30,975,975,
6601,30,420000,0,user_31,975,975,
6581,31,360000,23500,user_6,975,975,
6626,32,0,0,validator_6,100,975,6581
6603,33,220000,0,user_32,975,975,
6587,34,170000,0,user_9,975,975,
6614,35,170000,0,user_45,975,975,
6627,36,0,0,validator_6,100,975,6608
6608,37,120000,24700,user_39,975,975,
6588,38,110000,0,user_11,975,975,
6617,39,110000,0,user_48,975,975,
6615,40,98000,0,user_46,975,975,
6592,41,84000,0,user_18,975,975,
6606,42,83000,0,user_38,975,975,
6597,43,77000,0,user_24,975,975,
6583,44,73000,0,user_7,975,975,
6645,0,19000000,0,user_12,976,976,
6650,1,6100000,0,user_17,976,976,
6673,2,6100000,0,user_36,976,976,
6656,3,5000000,0,user_20,976,976,
6684,4,3600000,0,user_44,976,976,
6654,5,2600000,0,user_18,976,976,
6689,6,2600000,0,user_48,976,976,
6628,7,2000000,0,user_1,976,976,
6651,8,2000000,16400,user_17,976,976,
6652,9,1600000,0,user_17,976,976,
6629,10,1500000,0,user_2,976,976,
6630,11,1500000,0,user_3,976,976,
6631,12,1500000,0,user_4,976,976,
6669,13,1500000,0,user_33,976,976,
6637,14,1100000,0,user_9,976,976,
6674,15,1100000,0,user_37,976,976,
6633,16,1000000,0,user_6,976,976,
6660,17,670000,0,user_24,976,976,
6661,18,670000,3130,user_24,976,976,
6687,19,630000,0,user_45,976,976,
6642,20,530000,0,user_11,976,976,
6639,21,460000,0,user_10,976,976,
6640,22,460000,0,user_10,976,976,
6678,23,460000,0,user_39,976,976,
6682,24,460000,5640,user_42,976,976,
6679,25,420000,0,user_39,976,976,
6690,26,420000,7840,user_49,976,976,
6683,27,340000,0,user_43,976,976,
6643,28,320000,0,user_12,976,976,
6649,29,320000,68100,user_17,976,976,
6664,30,320000,381000,user_27,976,976,
6641,31,260000,0,user_10,976,976,
6672,32,220000,0,user_36,976,976,
6686,33,220000,256000,user_45,976,976,
6638,34,190000,0,user_10,976,976,
6644,35,170000,11200,user_12,976,976,
6647,36,170000,0,user_15,976,976,
6668,37,170000,0,user_32,976,976,
6663,38,160000,139000,user_27,976,976,
6675,39,150000,0,user_37,976,976,
6648,40,120000,0,user_16,976,976,
6662,41,120000,3130,user_26,976,976,
6681,42,120000,0,user_39,976,976,
6666,43,100000,0,user_30,976,976,
6653,44,98000,0,user_17,976,976,
6634,45,87000,0,user_7,976,976,
6680,46,85000,0,user_39,976,976,
6685,47,80000,0,user_45,976,976,
6646,48,79000,0,user_14,976,976,
6665,49,70000,0,user_28,976,976,
6721,0,6300000,0,user_27,977,977,
6730,1,6300000,0,user_36,977,977,
6740,2,3500000,0,user_43,977,977,
6717,3,2000000,0,user_24,977,977,
6716,4,1700000,0,user_24,977,977,
6710,5,1600000,0,user_17,977,977,
6735,6,1600000,0,user_40,977,977,
6743,7,1600000,0,user_45,977,977,
6694,8,1500000,0,user_4,977,977,
6701,9,1500000,0,user_11,977,977,
6708,10,1500000,0,user_15,977,977,
6722,11,1500000,0,user_28,977,977,
6734,12,1500000,16400,user_39,977,977,
6738,13,1200000,0,user_41,977,977,
6724,14,1100000,0,user_29,977,977,
6731,15,1100000,0,user_36,977,977,
6704,16,1000000,0,user_14,977,977,
6748,17,970000,5630,user_47,977,977,
6706,18,870000,0,user_14,977,977,
6720,19,660000,31700,user_26,977,977,
6744,20,650000,0,user_46,977,977,
6700,21,630000,0,user_11,977,977,
6718,22,350000,0,user_25,977,977,
6709,23,340000,35600,user_16,977,977,
6696,24,320000,0,user_6,977,977,
6723,25,320000,21800,user_29,977,977,
6732,26,320000,0,user_37,977,977,
6707,27,310000,0,user_14,977,977,
6711,28,310000,7190000,user_18,977,977,
6703,29,260000,0,user_14,977,977,
6699,30,220000,0,user_11,977,977,
6692,31,160000,0,user_2,977,977,
6737,32,160000,0,user_41,977,977,
6739,33,160000,0,user_42,977,977,
6705,34,150000,0,user_14,977,977,
6746,35,150000,33300,user_47,977,977,
6691,36,120000,0,user_0,977,977,
6702,37,120000,381000,user_12,977,977,
6745,38,120000,0,user_47,977,977,
6747,39,120000,0,user_47,977,977,
6719,40,110000,0,user_26,977,977,
6733,41,110000,0,user_38,977,977,
6698,42,82000,23500,user_9,977,977,
6712,43,77000,0,user_18,977,977,
6713,44,77000,0,user_20,977,977,
6736,45,77000,0,user_41,977,977,
6695,46,73000,0,user_4,977,977,
6780,0,6300000,0,user_30,978,978,
6789,1,6300000,0,user_41,978,978,
6761,2,4500000,0,user_13,978,978,
6765,3,4500000,0,user_16,978,978,
6755,4,3500000,0,user_7,978,978,
6770,5,3500000,0,user_20,978,978,
6760,6,2600000,0,user_12,978,978,
6773,7,2500000,0,user_24,978,978,
6796,8,0,0,validator_8,100,978,6782
6782,9,1700000,12800,user_34,978,978,
6788,10,1400000,0,user_39,978,978,
6779,11,1300000,0,user_30,978,978,
6759,12,1200000,0,user_12,978,978,
6793,13,1200000,0,user_47,978,978,
6795,14,1200000,0,user_49,978,978,
6757,15,1100000,15700,user_7,978,978,
6797,16,0,0,validator_8,100,978,6757
6777,17,1100000,0,user_27,978,978,
6756,18,650000,0,user_7,978,978,
6784,19,630000,15100,user_35,978,978,
6798,20,0,0,validator_8,100,978,6784
6778,21,420000,0,user_29,978,978,
6753,22,370000,36800,user_7,978,978,
6799,23,0,0,validator_8,100,978,6753
6752,24,370000,0,user_3,978,978,
6754,25,360000,0,user_7,978,978,
6749,26,340000,0,user_0,978,978,
6763,27,310000,0,user_14,978,978,
6772,28,310000,0,user_21,978,978,
6783,29,310000,0,user_34,978,978,
6764,30,220000,0,user_15,978,978,
6794,31,220000,0,user_48,978,978,
6775,32,130000,75000,user_26,978,978,
6800,33,0,0,validator_8,100,978,6775
6801,34,0,0,validator_8,100,978,6776
6776,35,170000,8520,user_26,978,978,
6802,36,0,0,validator_8,100,978,6774
6774,37,170000,7840,user_25,978,978,
6750,38,150000,0,user_1,978,978,
6767,39,120000,0,user_16,978,978,
6771,40,120000,0,user_20,978,978,
6781,41,120000,0,user_30,978,978,
6762,42,84000,0,user_14,978,978,
6790,43,83000,0,user_42,978,978,
6766,44,77000,0,user_16,978,978,
6803,0,43000000,0,user_0,979,979,
6805,1,43000000,47700,user_4,979,979,
6807,2,19000000,0,user_9,979,979,
6812,3,19000000,0,user_13,979,979,
6813,4,19000000,0,user_13,979,979,
6823,5,5200000,0,user_24,979,979,
6828,6,5000000,0,user_28,979,979,
6854,7,3600000,0,user_44,979,979,
6844,8,3200000,0,user_36,979,979,
6804,9,2600000,0,user_1,979,979,
6810,10,2100000,0,user_11,979,979,
6817,11,1900000,0,user_18,979,979,
6831,12,1900000,0,user_28,979,979,
6815,13,1700000,0,user_15,979,979,
6845,14,1600000,0,user_36,979,979,
6827,15,1500000,0,user_27,979,979,
6808,16,1400000,0,user_9,979,979,
6809,17,1100000,0,user_10,979,979,
6825,18,1100000,47700,user_26,979,979,
6846,19,1100000,0,user_37,979,979,
6856,20,650000,0,user_45,979,979,
6816,21,630000,17700000,user_17,979,979,
6811,22,460000,0,user_12,979,979,
6822,23,370000,0,user_24,979,979,
6836,24,370000,0,user_32,979,979,
6830,25,360000,0,user_28,979,979,
6840,26,350000,0,user_33,979,979,
6850,27,320000,16400,user_40,979,979,
6851,28,310000,0,user_41,979,979,
6842,29,300000,0,user_34,979,979,
6841,30,260000,0,user_34,979,979,
6859,31,260000,0,user_49,979,979,
6837,32,240000,0,user_33,979,979,
6838,33,240000,0,user_33,979,979,
6839,34,220000,43600,user_33,979,979,
6814,35,160000,0,user_14,979,979,
6849,36,160000,0,user_39,979,979,
6853,37,160000,0,user_43,979,979,
6829,38,150000,0,user_28,979,979,
6826,39,120000,0,user_27,979,979,
6820,40,84000,0,user_22,979,979,
6852,41,82000,16400,user_42,979,979,
6855,42,79000,195000,user_44,979,979,
6819,43,70000,0,user_22,979,979,
6860,0,30000000,0,user_1,980,980,
6874,1,30000000,0,user_16,980,980,
6870,2,27000000,0,user_13,980,980,
6862,3,19000000,0,user_7,980,980,
6863,4,6300000,594000,user_9,980,980,
6911,5,0,0,validator_3,100,980,6863
6904,6,5000000,108000,user_44,980,980,
6912,7,0,0,validator_3,100,980,6904
6883,8,5000000,0,user_23,980,980,
6885,9,4200000,769000,user_26,980,980,
6913,10,0,0,validator_3,100,980,6885
6903,11,2600000,0,user_43,980,980,
6875,12,2400000,0,user_17,980,980,
6906,13,2100000,0,user_47,980,980,
6881,14,2000000,0,user_21,980,980,
6914,15,0,0,validator_3,100,980,6877
6877,16,1800000,15300,user_17,980,980,
6894,17,1600000,0,user_37,980,980,
6891,18,1500000,0,user_34,980,980,
6915,19,0,0,validator_3,100,980,6867
6867,20,1100000,15100,user_12,980,980,
6890,21,1100000,0,user_33,980,980,
6892,22,1000000,0,user_35,980,980,
6901,23,1000000,0,user_41,980,980,
6916,24,0,0,validator_3,100,980,6866
6866,25,630000,161000,user_11,980,980,
6900,26,470000,0,user_41,980,980,
6884,27,460000,0,user_24,980,980,
6898,28,420000,0,user_41,980,980,
6871,29,350000,0,user_14,980,980,
6893,30,350000,0,user_37,980,980,
6897,31,340000,0,user_40,980,980,
6882,32,220000,73100,user_22,980,980,
6917,33,0,0,validator_3,100,980,6882
6918,34,0,0,validator_3,100,980,6886
6886,35,84000,195000,user_27,980,980,
6880,36,170000,67900,user_21,980,980,
6919,37,0,0,validator_3,100,980,6880
6876,38,220000,0,user_17,980,980,
6896,39,220000,0,user_40,980,980,
6889,40,170000,0,user_32,980,980,
6895,41,120000,36800,user_38,980,980,
6920,42,0,0,validator_3,100,980,6895
6865,43,150000,0,user_11,980,980,
6868,44,130000,0,user_12,980,980,
6864,45,110000,0,user_10,980,980,
6873,46,110000,0,user_15,980,980,
6888,47,110000,0,user_31,980,980,
6921,48,0,0,validator_3,100,980,6869
6869,49,73000,32900,user_12,980,980,
6878,50,98000,0,user_17,980,980,
6899,51,87000,0,user_41,980,980,
6902,52,83000,0,user_41,980,980,
6872,53,73000,0,user_14,980,980,
6922,0,43000000,0,user_0,981,981,
6967,1,0,0,validator_4,100,981,6944
6944,2,5000000,56200,user_21,981,981,
6946,3,5000000,0,user_25,981,981,
6932,4,2300000,0,user_5,981,981,
6924,5,2000000,0,user_2,981,981,
6960,6,2000000,0,user_40,981,981,
6923,7,1500000,0,user_1,981,981,
6958,8,1500000,0,user_39,981,981,
6962,9,1500000,0,user_43,981,981,
6968,10,0,0,validator_4,100,981,6965
6965,11,220000,959000,user_46,981,981,
6969,12,0,0,validator_4,100,981,6954
6954,13,1000000,67900,user_37,981,981,
6950,14,630000,0,user_30,981,981,
6961,15,530000,0,user_42,981,981,
6970,16,0,0,validator_4,100,981,6964
6964,17,170000,296000,user_45,981,981,
6948,18,460000,0,user_29,981,981,
6952,19,460000,0,user_35,981,981,
6957,20,460000,0,user_39,981,981,
6942,21,370000,0,user_19,981,981,
6931,22,310000,0,user_4,981,981,
6939,23,260000,0,user_17,981,981,
6963,24,240000,0,user_44,981,981,
6966,25,240000,0,user_49,981,981,
6959,26,220000,0,user_40,981,981,
6971,27,0,0,validator_4,100,981,6935
6935,28,160000,33300,user_9,981,981,
6945,29,170000,0,user_24,981,981,
6930,30,120000,0,user_4,981,981,
6947,31,120000,0,user_27,981,981,
6953,32,120000,0,user_36,981,981,
6938,33,110000,0,user_16,981,981,
6941,34,110000,0,user_18,981,981,
6949,35,110000,0,user_30,981,981,
6940,36,87000,0,user_17,981,981,
6943,37,87000,0,user_20,981,981,
6934,38,85000,0,user_8,981,981,
6951,39,83000,0,user_34,981,981,
6998,0,30000000,0,user_18,982,982,
6982,1,27000000,15700,user_6,982,982,
6988,2,27000000,67900,user_13,982,982,
7017,3,6100000,0,user_40,982,982,
6973,4,5000000,769000,user_1,982,982,
6996,5,5000000,0,user_17,982,982,
7004,6,5000000,0,user_27,982,982,
6974,7,4999999,0,user_2,982,982,6973
6972,8,4500000,0,user_0,982,982,
6981,9,4500000,0,user_6,982,982,
7007,10,4200000,0,user_32,982,982,
6991,11,3600000,231000,user_13,982,982,
7020,12,3200000,0,user_41,982,982,
6979,13,2600000,0,user_6,982,982,
6986,14,2000000,0,user_12,982,982,
7000,15,1900000,0,user_20,982,982,
6995,16,1500000,0,user_16,982,982,
6990,17,1400000,0,user_13,982,982,
6980,18,1300000,0,user_6,982,982,
7019,19,1100000,510000,user_41,982,982,
7021,20,1000000,0,user_44,982,982,
7008,21,970000,0,user_32,982,982,
7023,22,970000,0,user_45,982,982,
6987,23,910000,0,user_12,982,982,
6978,24,660000,0,user_6,982,982,
7010,25,460000,0,user_32,982,982,
6976,26,370000,13900,user_4,982,982,
7014,27,350000,381000,user_37,982,982,
6994,28,320000,0,user_15,982,982,
6985,29,310000,68100,user_10,982,982,
6993,30,220000,0,user_14,982,982,
7011,31,220000,0,user_34,982,982,
7018,32,220000,0,user_40,982,982,
6997,33,170000,0,user_18,982,982,
6975,34,160000,545000,user_3,982,982,
7005,35,160000,545000,user_28,982,982,
7006,36,160000,46500,user_30,982,982,
7009,37,160000,0,user_32,982,982,
6983,38,150000,0,user_7,982,982,
7024,39,150000,0,user_46,982,982,
6992,40,110000,0,user_13,982,982,
7022,41,110000,0,user_45,982,982,
6989,42,82000,13800,user_13,982,982,
7013,43,73000,0,user_37,982,982,
7030,0,30000000,0,user_3,983,983,
7054,1,6300000,11200,user_18,983,983,
7059,2,6300000,0,user_25,983,983,
7065,3,5000000,68100,user_36,983,983,
7043,4,2400000,0,user_11,983,983,
7056,5,2300000,13800,user_22,983,983,
7044,6,2000000,0,user_11,983,983,
7051,7,2000000,0,user_15,983,983,
7053,8,2000000,0,user_17,983,983,
7073,9,1800000,0,user_44,983,983,
7063,10,1500000,0,user_34,983,983,
7038,11,1000000,0,user_8,983,983,
7046,12,1000000,0,user_11,983,983,
7055,13,1000000,0,user_19,983,983,
7062,14,1000000,0,user_33,983,983,
7066,15,1000000,0,user_37,983,983,
7080,16,1000000,0,user_48,983,983,
7047,17,970000,0,user_13,983,983,
7045,18,670000,7190000,user_11,983,983,
7049,19,660000,0,user_14,983,983,
7048,20,600000,0,user_13,983,983,
7037,21,530000,15100,user_7,983,983,
7042,22,530000,100000,user_11,983,983,
7071,23,460000,0,user_42,983,983,
7074,24,420000,0,user_44,983,983,
7075,25,370000,0,user_44,983,983,
7040,26,350000,0,user_9,983,983,
7036,27,340000,0,user_6,983,983,
7050,28,310000,0,user_14,983,983,
7077,29,300000,0,user_44,983,983,
7072,30,220000,0,user_43,983,983,
7067,31,170000,0,user_38,983,983,
7039,32,150000,0,user_8,983,983,
7079,33,150000,381000,user_47,983,983,
7041,34,120000,11200,user_10,983,983,
7069,35,120000,49100,user_41,983,983,
7070,36,120000,0,user_41,983,983,
7076,37,120000,0,user_44,983,983,
7064,38,110000,0,user_35,983,983,
7061,39,79000,0,user_31,983,983,
7027,40,77001,0,user_1,983,983,7026
7028,41,77001,0,user_1,983,983,7026
7026,42,77000,11200,user_0,983,983,
7078,43,70000,0,user_47,983,983,
7097,0,43000000,0,user_14,984,984,
7110,1,27000000,0,user_28,984,984,
7100,2,19000000,0,user_14,984,984,
7089,3,6100000,0,user_7,984,984,
7112,4,6100000,0,user_32,984,984,
7092,5,2600000,0,user_12,984,984,
7111,6,2000000,0,user_32,984,984,
7104,7,1700000,35600,user_21,984,984,
7136,8,0,0,validator_2,100,984,7104
7102,9,1600000,0,user_20,984,984,
7109,10,1600000,0,user_26,984,984,
7105,11,970000,0,user_22,984,984,
7137,12,0,0,validator_2,100,984,7129
7129,13,630000,139000,user_40,984,984,
7088,14,660000,16400,user_7,984,984,
7138,15,0,0,validator_2,100,984,7088
7139,16,0,0,validator_2,100,984,7113
7113,17,300000,369000,user_32,984,984,
7101,18,660000,0,user_18,984,984,
7135,19,600000,0,user_49,984,984,
7128,20,470000,0,user_40,984,984,
7116,21,420000,0,user_35,984,984,
7126,22,220000,161000,user_38,984,984,
7140,23,0,0,validator_2,100,984,7126
7141,24,0,0,validator_2,100,984,7125
7125,25,300000,11200,user_38,984,984,
7091,26,190000,68100,user_12,984,984,
7142,27,0,0,validator_2,100,984,7091
7107,28,240000,0,user_23,984,984,
7118,29,240000,0,user_35,984,984,
7085,30,190000,0,user_4,984,984,
7115,31,190000,0,user_35,984,984,
7099,32,170000,0,user_14,984,984,
7106,33,170000,0,user_23,984,984,
7130,34,170000,0,user_41,984,984,
7084,35,160000,0,user_2,984,984,
7132,36,160000,0,user_42,984,984,
7086,37,150000,0,user_5,984,984,
7098,38,150000,0,user_14,984,984,
7143,39,0,0,validator_2,100,984,7127
7127,40,110000,32900,user_39,984,984,
7131,41,130000,0,user_41,984,984,
7108,42,120000,0,user_25,984,984,
7117,43,120000,0,user_35,984,984,
7103,44,82000,17000,user_20,984,984,
7144,45,0,0,validator_2,100,984,7103
7114,46,82000,6390,user_35,984,984,
7145,47,0,0,validator_2,100,984,7114
7087,48,83000,0,user_6,984,984,
7090,49,80000,0,user_10,984,984,
7201,0,0,0,validator_5,100,985,7172
7172,1,84000,17700000,user_24,985,985,
7197,2,2600000,0,user_44,985,985,
7200,3,2500000,0,user_49,985,985,
7173,4,2300000,0,user_25,985,985,
7190,5,2000000,0,user_37,985,985,
7162,6,1800000,0,user_16,985,985,
7177,7,1700000,0,user_27,985,985,
7171,8,1500000,0,user_23,985,985,
7155,9,1400000,39400,user_11,985,985,
7202,10,0,0,validator_5,100,985,7155
7166,11,1400000,0,user_21,985,985,
7193,12,120000,1100000,user_41,985,985,
7203,13,0,0,validator_5,100,985,7193
7174,14,1000000,16400,user_25,985,985,
7204,15,0,0,validator_5,100,985,7174
7199,16,910000,34700,user_47,985,985,
7205,17,0,0,validator_5,100,985,7199
7156,18,870000,0,user_11,985,985,
7158,19,870000,0,user_12,985,985,
7183,20,660000,0,user_31,985,985,
7163,21,470000,0,user_17,985,985,
7196,22,470000,0,user_44,985,985,
7146,23,120000,256000,user_1,985,985,
7206,24,0,0,validator_5,100,985,7146
7178,25,370000,0,user_27,985,985,
7169,26,350000,0,user_21,985,985,
7179,27,310000,0,user_27,985,985,
7170,28,260000,0,user_21,985,985,
7207,29,0,0,validator_5,100,985,7187
7187,30,220000,32900,user_35,985,985,
7189,31,240000,0,user_36,985,985,
7153,32,120000,75000,user_9,985,985,
7208,33,0,0,validator_5,100,985,7153
7194,34,190000,0,user_41,985,985,
7198,35,190000,0,user_45,985,985,
7157,36,170000,0,user_11,985,985,
7165,37,170000,0,user_20,985,985,
7150,38,150000,0,user_5,985,985,
7185,39,150000,0,user_33,985,985,
7188,40,130000,0,user_35,985,985,
7148,41,120001,0,user_1,985,985,7146
7164,42,120000,0,user_18,985,985,
7168,43,120000,0,user_21,985,985,
7147,44,119999,0,user_1,985,985,7146
7149,45,119999,0,user_2,985,985,7146
7154,46,85000,21800,user_11,985,985,
7209,47,0,0,validator_5,100,985,7154
7210,48,0,0,validator_5,100,985,7176
7176,49,87000,16400,user_27,985,985,
7184,50,83000,12300,user_33,985,985,
7211,51,0,0,validator_5,100,985,7184
7195,52,83000,0,user_42,985,985,
7159,53,82000,0,user_12,985,985,
7167,54,77000,0,user_21,985,985,
7180,55,73000,0,user_28,985,985,
7175,56,70000,0,user_26,985,985,
7246,0,30000000,0,user_28,986,986,
7259,1,27000000,0,user_39,986,986,
7272,2,0,0,validator_11,100,986,7271
7271,3,19000000,35100,user_49,986,986,
7273,4,0,0,validator_11,100,986,7257
7257,5,1100000,4320000,user_38,986,986,
7226,6,5000000,108000,user_11,986,986,
7274,7,0,0,validator_11,100,986,7226
7214,8,5000000,0,user_3,986,986,
7239,9,2600000,0,user_22,986,986,
7217,10,2100000,0,user_5,986,986,
7263,11,2100000,0,user_42,986,986,
7247,12,2000000,43600,user_28,986,986,
7275,13,0,0,validator_11,100,986,7247
7276,14,0,0,validator_11,100,986,7236
7236,15,2000000,12800,user_22,986,986,
7215,16,2000000,0,user_4,986,986,
7227,17,2000000,0,user_12,986,986,
7234,18,1900000,0,user_21,986,986,
7270,19,1900000,0,user_44,986,986,
7243,20,1600000,0,user_26,986,986,
7254,21,1400000,0,user_34,986,986,
7224,22,1000000,0,user_11,986,986,
7241,23,1000000,0,user_25,986,986,
7233,24,970000,0,user_21,986,986,
7269,25,910000,0,user_44,986,986,
7266,26,670000,0,user_42,986,986,
7268,27,660000,0,user_43,986,986,
7223,28,650000,0,user_11,986,986,
7231,29,650000,0,user_17,986,986,
7240,30,600000,0,user_24,986,986,
7248,31,530000,36800,user_29,986,986,
7277,32,0,0,validator_11,100,986,7248
7237,33,470000,0,user_22,986,986,
7245,34,470000,0,user_26,986,986,
7242,35,460000,0,user_25,986,986,
7250,36,460000,0,user_32,986,986,
7251,37,420000,0,user_33,986,986,
7256,38,420000,0,user_37,986,986,
7278,39,0,0,validator_11,100,986,7262
7262,40,120000,231000,user_42,986,986,
7279,41,0,0,validator_11,100,986,7238
7238,42,340000,5630,user_22,986,986,
7225,43,310000,5640,user_11,986,986,
7280,44,0,0,validator_11,100,986,7225
7281,45,0,0,validator_11,100,986,7216
7216,46,85000,215000,user_5,986,986,
7235,47,220000,0,user_22,986,986,
7261,48,220000,0,user_41,986,986,
7212,49,150000,67500,user_0,986,986,
7282,50,0,0,validator_11,100,986,7212
7283,51,0,0,validator_11,100,986,7230
7230,52,110000,100000,user_16,986,986,
7258,53,170000,0,user_39,986,986,
7265,54,170000,0,user_42,986,986,
7249,55,160000,0,user_31,986,986,
7213,56,150001,0,user_2,986,986,7212
7218,57,150000,0,user_6,986,986,
7244,58,120000,0,user_26,986,986,
7253,59,110000,0,user_34,986,986,
7255,60,110000,0,user_37,986,986,
7229,61,87000,0,user_15,986,986,
7252,62,85000,0,user_33,986,986,
7267,63,85000,0,user_43,986,986,
7264,64,80000,0,user_42,986,986,
7334,0,6100000,0,user_48,987,987,
7336,1,0,0,validator_10,100,987,7322
7322,2,3500000,18600,user_33,987,987,
7317,3,3200000,0,user_31,987,987,
7299,4,2600000,0,user_15,987,987,
7319,5,2600000,0,user_31,987,987,
7337,6,0,0,validator_10,100,987,7296
7296,7,2500000,32900,user_12,987,987,
7289,8,2300000,0,user_6,987,987,
7315,9,2300000,0,user_30,987,987,
7333,10,2300000,0,user_48,987,987,
7301,11,2000000,0,user_16,987,987,
7324,12,2000000,0,user_36,987,987,
7332,13,2000000,0,user_47,987,987,
7335,14,2000000,0,user_49,987,987,
7303,15,1900000,0,user_16,987,987,
7338,16,0,0,validator_10,100,987,7329
7329,17,1500000,13900,user_45,987,987,
7290,18,1500000,0,user_7,987,987,
7309,19,1500000,0,user_24,987,987,
7302,20,1400000,0,user_16,987,987,
7298,21,1000000,0,user_13,987,987,
7308,22,1000000,0,user_22,987,987,
7327,23,1000000,0,user_42,987,987,
7339,24,0,0,validator_10,100,987,7307
7307,25,970000,8520,user_19,987,987,
7321,26,970000,0,user_32,987,987,
7328,27,600000,33300,user_43,987,987,
7340,28,0,0,validator_10,100,987,7328
7297,29,460000,30200,user_12,987,987,
7341,30,0,0,validator_10,100,987,7297
7342,31,0,0,validator_10,100,987,7288
7288,32,460000,17000,user_5,987,987,
7320,33,460000,0,user_31,987,987,
7323,34,420000,0,user_33,987,987,
7300,35,370000,0,user_16,987,987,
7291,36,350000,0,user_8,987,987,
7326,37,340000,0,user_41,987,987,
7295,38,310000,0,user_12,987,987,
7284,39,190000,0,user_2,987,987,
7316,40,84000,100000,user_30,987,987,
7343,41,0,0,validator_10,100,987,7316
7310,42,170000,0,user_25,987,987,
7318,43,170000,0,user_31,987,987,
7304,44,160000,0,user_17,987,987,
7285,45,110000,0,user_3,987,987,
7325,46,110000,0,user_41,987,987,
7294,47,73000,0,user_11,987,987,
7351,0,19000000,779000,user_6,988,988,
7400,1,0,0,validator_6,100,988,7351
7383,2,6100000,84800,user_32,988,988,
7401,3,0,0,validator_6,100,988,7383
7380,4,4500000,56200,user_28,988,988,
7402,5,0,0,validator_6,100,988,7380
7360,6,4500000,0,user_16,988,988,
7374,7,4500000,0,user_21,988,988,
7390,8,4500000,0,user_39,988,988,
7356,9,2000000,0,user_13,988,988,
7359,10,2000000,0,user_16,988,988,
7365,11,1900000,0,user_17,988,988,
7367,12,1100000,510000,user_20,988,988,
7403,13,0,0,validator_6,100,988,7367
7347,14,1500000,0,user_3,988,988,
7355,15,1500000,0,user_13,988,988,
7362,16,1000000,0,user_17,988,988,
7363,17,670000,0,user_17,988,988,
7350,18,650000,0,user_6,988,988,
7366,19,530000,0,user_19,988,988,
7394,20,530000,0,user_42,988,988,
7348,21,470000,0,user_4,988,988,
7357,22,470000,0,user_14,988,988,
7369,23,460000,0,user_20,988,988,
7404,24,0,0,validator_6,100,988,7352
7352,25,160000,256000,user_9,988,988,
7381,26,370000,0,user_28,988,988,
7353,27,150000,215000,user_11,988,988,
7405,28,0,0,validator_6,100,988,7353
7344,29,350000,0,user_0,988,988,
7373,30,350000,0,user_21,988,988,
7364,31,310000,0,user_17,988,988,
7388,32,300000,0,user_35,988,988,
7395,33,260000,0,user_43,988,988,
7354,34,220000,0,user_12,988,988,
7361,35,220000,0,user_16,988,988,
7382,36,220000,0,user_29,988,988,
7389,37,220000,0,user_38,988,988,
7345,38,190000,0,user_2,988,988,
7397,39,170000,14200,user_44,988,988,
7406,40,0,0,validator_6,100,988,7397
7372,41,170000,0,user_21,988,988,
7378,42,130000,0,user_24,988,988,
7346,43,120000,0,user_3,988,988,
7396,44,120000,0,user_44,988,988,
7358,45,110000,0,user_16,988,988,
7368,46,110000,0,user_20,988,988,
7370,47,110000,0,user_20,988,988,
7384,48,100000,0,user_33,988,988,
7398,49,85000,0,user_45,988,988,
7371,50,70000,0,user_20,988,988,
7441,0,27000000,0,user_40,989,989,
7443,1,19000000,0,user_42,989,989,
7453,2,0,0,validator_10,100,989,7452
7452,3,6300000,56200,user_49,989,989,
7451,4,3600000,0,user_48,989,989,
7426,5,3200000,0,user_25,989,989,
7436,6,2100000,0,user_35,989,989,
7427,7,2000000,0,user_25,989,989,
7428,8,1900000,0,user_27,989,989,
7407,9,1500000,0,user_1,989,989,
7433,10,1500000,0,user_32,989,989,
7438,11,1500000,0,user_37,989,989,
7439,12,1500000,0,user_39,989,989,
7410,13,1300000,0,user_6,989,989,
7424,14,1300000,0,user_23,989,989,
7434,15,1300000,0,user_34,989,989,
7419,16,1100000,0,user_16,989,989,
7437,17,1000000,0,user_36,989,989,
7416,18,910000,0,user_11,989,989,
7432,19,910000,0,user_31,989,989,
7422,20,670000,0,user_20,989,989,
7413,21,650000,0,user_8,989,989,
7446,22,530000,0,user_42,989,989,
7423,23,98000,350000,user_22,989,989,
7454,24,0,0,validator_10,100,989,7423
7447,25,420000,0,user_42,989,989,
7420,26,360000,7840,user_17,989,989,
7455,27,0,0,validator_10,100,989,7420
7444,28,310000,0,user_42,989,989,
7412,29,300000,0,user_8,989,989,
7421,30,240000,49100,user_20,989,989,
7456,31,0,0,validator_10,100,989,7421
7450,32,260000,0,user_48,989,989,
7457,33,0,0,validator_10,100,989,7408
7408,34,160000,33100,user_2,989,989,
7425,35,190000,0,user_24,989,989,
7411,36,170000,0,user_7,989,989,
7445,37,160000,0,user_42,989,989,
7418,38,130000,0,user_14,989,989,
7417,39,98000,0,user_12,989,989,
7458,40,0,0,validator_10,100,989,7435
7435,41,83000,5630,user_35,989,989,
7449,42,82000,0,user_47,989,989,
7440,43,80000,0,user_40,989,989,
7442,44,80000,0,user_40,989,989,
7483,0,30000000,0,user_29,990,990,
7495,1,30000000,0,user_47,990,990,
7482,2,5000000,15100,user_26,990,990,
7497,3,0,0,validator_11,100,990,7482
7480,4,5000000,0,user_24,990,990,
7475,5,4500000,5180,user_17,990,990,
7498,6,0,0,validator_11,100,990,7475
7473,7,4500000,0,user_16,990,990,
7492,8,4500000,0,user_41,990,990,
7485,9,4200000,0,user_32,990,990,
7490,10,3200000,0,user_39,990,990,
7470,11,1600000,959000,user_14,990,990,
7499,12,0,0,validator_11,100,990,7470
7500,13,0,0,validator_11,100,990,7494
7494,14,2000000,47700,user_46,990,990,
7487,15,2000000,0,user_36,990,990,
7463,16,1600000,15100,user_5,990,990,
7501,17,0,0,validator_11,100,990,7463
7488,18,1600000,0,user_37,990,990,
7486,19,1400000,0,user_34,990,990,
7464,20,970000,0,user_6,990,990,
7468,21,670000,0,user_12,990,990,
7493,22,660000,0,user_44,990,990,
7462,23,600000,0,user_4,990,990,
7472,24,600000,0,user_15,990,990,
7459,25,470000,0,user_0,990,990,
7496,26,420000,0,user_48,990,990,
7460,27,300000,0,user_1,990,990,
7478,28,170000,121000,user_19,990,990,
7502,29,0,0,validator_11,100,990,7478
7476,30,220000,0,user_17,990,990,
7489,31,160000,0,user_38,990,990,
7479,32,150000,0,user_22,990,990,
7471,33,130000,0,user_15,990,990,
7461,34,120000,0,user_2,990,990,
7503,35,0,0,validator_11,100,990,7467
7467,36,70000,46500,user_8,990,990,
7474,37,110000,0,user_16,990,990,
7477,38,110000,0,user_18,990,990,
7484,39,110000,0,user_29,990,990,
7481,40,70000,0,user_25,990,990,
7518,0,19000000,0,user_20,991,991,
7536,1,6100000,0,user_31,991,991,
7529,2,5200000,0,user_27,991,991,
7531,3,4500000,0,user_30,991,991,
7528,4,4200000,0,user_26,991,991,
7555,5,0,0,validator_2,100,991,7527
7527,6,3600000,36800,user_26,991,991,
7553,7,3600000,0,user_46,991,991,
7544,8,2500000,0,user_39,991,991,
7510,9,2400000,0,user_9,991,991,
7506,10,2000001,0,user_2,991,991,7505
7545,11,2000000,0,user_39,991,991,
7554,12,2000000,0,user_49,991,991,
7526,13,1600000,0,user_25,991,991,
7530,14,1600000,0,user_29,991,991,
7546,15,1500000,0,user_40,991,991,
7524,16,1400000,0,user_22,991,991,
7556,17,0,0,validator_2,100,991,7537
7537,18,1300000,13900,user_32,991,991,
7557,19,0,0,validator_2,100,991,7542
7542,20,1000000,146000,user_38,991,991,
7521,21,1000000,0,user_21,991,991,
7534,22,1000000,0,user_30,991,991,
7558,23,0,0,validator_2,100,991,7552
7552,24,600000,139000,user_44,991,991,
7543,25,660000,0,user_38,991,991,
7507,26,630000,0,user_3,991,991,
7512,27,630000,0,user_14,991,991,
7523,28,310000,0,user_21,991,991,
7508,29,240000,0,user_5,991,991,
7520,30,220000,0,user_21,991,991,
7548,31,170000,0,user_42,991,991,
7519,32,150000,0,user_21,991,991,
7551,33,150000,0,user_44,991,991,
7522,34,120000,0,user_21,991,991,
7532,35,120000,0,user_30,991,991,
7513,36,110000,0,user_18,991,991,
7535,37,110000,0,user_30,991,991,
7547,38,82000,0,user_41,991,991,
7533,39,80000,0,user_30,991,991,
7538,40,79000,0,user_33,991,991,
7539,41,77000,0,user_35,991,991,
7603,0,43000000,0,user_38,992,992,
7614,1,43000000,0,user_47,992,992,
7606,2,27000000,12800,user_40,992,992,
7610,3,5200000,0,user_43,992,992,
7617,4,5000000,0,user_49,992,992,
7612,5,4200000,0,user_45,992,992,
7593,6,2000000,0,user_26,992,992,
7594,7,1900000,0,user_28,992,992,
7587,8,1400000,0,user_20,992,992,
7591,9,1400000,0,user_22,992,992,
7602,10,1400000,0,user_38,992,992,
7601,11,1200000,779000,user_36,992,992,
7568,12,1100000,0,user_4,992,992,
7604,13,1100000,0,user_39,992,992,
7608,14,1100000,13900,user_41,992,992,
7589,15,1000000,0,user_22,992,992,
7575,16,910000,0,user_12,992,992,
7585,17,660000,0,user_18,992,992,
7595,18,460000,0,user_29,992,992,
7584,19,360000,0,user_16,992,992,
7571,20,340000,0,user_6,992,992,
7562,21,310001,0,user_2,992,992,7560
7570,22,220000,0,user_4,992,992,
7573,23,170000,0,user_8,992,992,
7574,24,170000,31700,user_10,992,992,
7588,25,170000,0,user_22,992,992,
7605,26,170000,0,user_40,992,992,
7590,27,160000,0,user_22,992,992,
7609,28,160000,68100,user_42,992,992,
7580,29,120000,0,user_14,992,992,
7586,30,120000,64600,user_19,992,992,
7569,31,110000,14200,user_4,992,992,
7582,32,110000,0,user_14,992,992,
7583,33,110000,0,user_15,992,992,
7559,34,100000,0,user_0,992,992,
7592,35,100000,0,user_25,992,992,
7607,36,84000,35100,user_40,992,992,
7613,37,82000,7840,user_46,992,992,
7616,38,80000,164000,user_49,992,992,
7581,39,73000,47700,user_14,992,992,
7623,0,6300000,0,user_9,993,993,
7645,1,3600000,181000,user_30,993,993,
7625,2,3500000,0,user_13,993,993,
7621,3,2600000,0,user_6,993,993,
7661,4,2500000,0,user_44,993,993,
7618,5,2400000,0,user_3,993,993,
7640,6,2300000,0,user_27,993,993,
7659,7,2000000,36800,user_43,993,993,
7629,8,1800000,0,user_17,993,993,
7657,9,1500000,0,user_41,993,993,
7656,10,1000000,0,user_41,993,993,
7654,11,660000,0,user_39,993,993,
7633,12,650000,0,user_22,993,993,
7626,13,460000,0,user_14,993,993,
7642,14,420000,0,user_28,993,993,
7662,15,310000,0,user_45,993,993,
7652,16,300000,0,user_36,993,993,
7641,17,260000,0,user_27,993,993,
7664,18,260000,0,user_48,993,993,
7655,19,240000,0,user_40,993,993,
7619,20,220000,0,user_4,993,993,
7620,21,220000,0,user_4,993,993,
7658,22,220000,0,user_42,993,993,
7644,23,170000,0,user_30,993,993,
7627,24,150000,0,user_15,993,993,
7649,25,150000,0,user_33,993,993,
7660,26,100000,0,user_44,993,993,
7648,27,98000,13800,user_32,993,993,
7624,28,83000,959000,user_12,993,993,
7639,29,82000,0,user_26,993,993,
7628,30,73000,0,user_15,993,993,
7679,0,30000000,0,user_18,994,994,
7701,1,5000000,17000,user_43,994,994,
7672,2,2500000,0,user_9,994,994,
7683,3,2100000,0,user_21,994,994,
7674,4,2000000,0,user_11,994,994,
7690,5,2000000,0,user_27,994,994,
7700,6,1700000,155000,user_37,994,994,
7677,7,1500000,0,user_15,994,994,
7687,8,1500000,0,user_26,994,994,
7673,9,1100000,0,user_10,994,994,
7682,10,1000000,49100,user_21,994,994,
7688,11,870000,0,user_26,994,994,
7698,12,870000,0,user_37,994,994,
7706,13,870000,0,user_49,994,994,
7697,14,470000,0,user_37,994,994,
7678,15,420000,0,user_16,994,994,
7692,16,310000,0,user_29,994,994,
7676,17,220000,0,user_15,994,994,
7689,18,220000,0,user_27,994,994,
7704,19,190000,0,user_46,994,994,
7665,20,170000,164000,user_0,994,994,
7696,21,150000,0,user_37,994,994,
7671,22,120000,0,user_9,994,994,
7693,23,120000,17700000,user_30,994,994,
7695,24,120000,0,user_36,994,994,
7668,25,110000,0,user_6,994,994,
7680,26,110000,0,user_19,994,994,
7681,27,87000,0,user_19,994,994,
7699,28,84000,0,user_37,994,994,
7691,29,73000,0,user_28,994,994,
7725,0,43000000,146000,user_14,995,995,
7767,1,0,0,validator_4,100,995,7725
7712,2,43000000,0,user_2,995,995,
7708,3,30000000,0,user_1,995,995,
7755,4,19000000,0,user_41,995,995,
7758,5,160000,17700000,user_44,995,995,
7768,6,0,0,validator_4,100,995,7758
7748,7,6300000,0,user_35,995,995,
7759,8,6300000,0,user_44,995,995,
7752,9,4500000,0,user_39,995,995,
7710,10,2100000,0,user_2,995,995,
7769,11,0,0,validator_4,100,995,7727
7727,12,1500000,545000,user_17,995,995,
7728,13,2000000,0,user_18,995,995,
7719,14,1900000,0,user_4,995,995,
7761,15,1700000,34700,user_44,995,995,
7770,16,0,0,validator_4,100,995,7761
7763,17,1600000,0,user_48,995,995,
7766,18,1600000,0,user_49,995,995,
7730,19,1500000,0,user_20,995,995,
7764,20,77000,1100000,user_48,995,995,
7771,21,0,0,validator_4,100,995,7764
7744,22,1100000,0,user_30,995,995,
7772,23,0,0,validator_4,100,995,7732
7732,24,1000000,17000,user_21,995,995,
7713,25,910000,0,user_2,995,995,
7740,26,650000,0,user_27,995,995,
7711,27,600000,0,user_2,995,995,
7739,28,300000,285000,user_27,995,995,
7773,29,0,0,validator_4,100,995,7739
7726,30,460000,0,user_15,995,995,
7747,31,460000,0,user_32,995,995,
7707,32,420000,0,user_0,995,995,
7738,33,420000,0,user_26,995,995,
7765,34,360000,0,user_48,995,995,
7729,35,320000,0,user_20,995,995,
7731,36,310000,0,user_20,995,995,
7735,37,310000,0,user_23,995,995,
7736,38,310000,0,user_24,995,995,
7743,39,310000,0,user_30,995,995,
7742,40,220000,67500,user_29,995,995,
7774,41,0,0,validator_4,100,995,7742
7733,42,260000,0,user_22,995,995,
7734,43,260000,0,user_23,995,995,
7775,44,0,0,validator_4,100,995,7754
7754,45,240000,8520,user_40,995,995,
7762,46,240000,0,user_46,995,995,
7776,47,0,0,validator_4,100,995,7721
7721,48,160000,36800,user_8,995,995,
7737,49,170000,0,user_24,995,995,
7709,50,150000,0,user_2,995,995,
7749,51,150000,0,user_35,995,995,
7751,52,150000,0,user_37,995,995,
7750,53,130000,0,user_36,995,995,
7722,54,110000,0,user_8,995,995,
7760,55,98000,0,user_44,995,995,
7753,56,83000,0,user_40,995,995,
7756,57,79000,0,user_42,995,995,
7757,58,77000,0,user_44,995,995,
7803,0,30000000,164000,user_32,996,996,
7819,1,0,0,validator_9,100,996,7803
7820,2,0,0,validator_9,100,996,7810
7810,3,19000000,10700,user_43,996,996,
7780,4,19000000,0,user_5,996,996,
7781,5,6300000,0,user_6,996,996,
7787,6,5000000,0,user_11,996,996,
7786,7,4500000,0,user_10,996,996,
7821,8,0,0,validator_9,100,996,7793
7793,9,170000,4320000,user_20,996,996,
7809,10,3500000,73100,user_42,996,996,
7822,11,0,0,validator_9,100,996,7809
7791,12,3500000,0,user_16,996,996,
7818,13,2600000,0,user_49,996,996,
7812,14,2500000,0,user_45,996,996,
7789,15,1400000,0,user_13,996,996,
7799,16,1300000,0,user_28,996,996,
7814,17,1200000,0,user_46,996,996,
7797,18,910000,0,user_24,996,996,
7805,19,130000,545000,user_34,996,996,
7823,20,0,0,validator_9,100,996,7805
7811,21,650000,0,user_43,996,996,
7800,22,530000,0,user_28,996,996,
7824,23,0,0,validator_9,100,996,7815
7815,24,260000,256000,user_47,996,996,
7825,25,0,0,validator_9,100,996,7794
7794,26,460000,30200,user_21,996,996,
7782,27,70000,369000,user_7,996,996,
7826,28,0,0,validator_9,100,996,7782
7807,29,120000,283000,user_39,996,996,
7827,30,0,0,validator_9,100,996,7807
7785,31,370000,0,user_10,996,996,
7808,32,260000,0,user_41,996,996,
7783,33,220000,0,user_8,996,996,
7828,34,0,0,validator_9,100,996,7788
7788,35,150000,11200,user_13,996,996,
7792,36,150000,0,user_16,996,996,
7802,37,150000,0,user_29,996,996,
7801,38,110000,0,user_29,996,996,
7777,39,98000,0,user_0,996,996,
7813,40,87000,0,user_45,996,996,
7840,0,27000000,0,user_15,997,997,
7852,1,27000000,0,user_29,997,997,
7848,2,19000000,0,user_24,997,997,
7831,3,6300000,0,user_2,997,997,
7864,4,4200000,0,user_44,997,997,
7839,5,3600000,0,user_12,997,997,
7869,6,0,0,validator_3,100,997,7836
7836,7,2600000,5630,user_10,997,997,
7849,8,2400000,0,user_25,997,997,
7829,9,2300000,0,user_0,997,997,
7863,10,2100000,0,user_43,997,997,
7834,11,2000000,0,user_6,997,997,
7838,12,2000000,0,user_11,997,997,
7856,13,1800000,0,user_31,997,997,
7859,14,1600000,0,user_38,997,997,
7835,15,1500000,0,user_8,997,997,
7830,16,1400000,0,user_1,997,997,
7837,17,83000,769000,user_11,997,997,
7870,18,0,0,validator_3,100,997,7837
7854,19,460000,322000,user_31,997,997,
7871,20,0,0,validator_3,100,997,7854
7861,21,670000,0,user_40,997,997,
7845,22,660000,0,user_23,997,997,
7850,23,470000,0,user_26,997,997,
7846,24,460000,0,user_24,997,997,
7847,25,420000,0,user_24,997,997,
7872,26,0,0,validator_3,100,997,7851
7851,27,240000,155000,user_27,997,997,
7858,28,320000,0,user_36,997,997,
7842,29,310000,0,user_17,997,997,
7866,30,310000,0,user_46,997,997,
7855,31,240000,0,user_31,997,997,
7844,32,220000,0,user_22,997,997,
7832,33,190000,0,user_5,997,997,
7833,34,170000,0,user_5,997,997,
7857,35,150000,0,user_34,997,997,
7841,36,130000,0,user_16,997,997,
7862,37,120000,0,user_42,997,997,
7893,0,19000000,0,user_14,998,998,
7874,1,5000000,128000,user_1,998,998,
7886,2,5000000,0,user_9,998,998,
7875,3,4999999,0,user_2,998,998,7874
7876,4,4999999,0,user_2,998,998,7874
7900,5,2500000,0,user_22,998,998,
7907,6,2000000,0,user_30,998,998,
7927,7,2000000,0,user_48,998,998,
7880,8,1800000,8520,user_7,998,998,
7918,9,1500000,0,user_39,998,998,
7921,10,1400000,16400,user_41,998,998,
7879,11,1000000,0,user_6,998,998,
7882,12,1000000,60700,user_7,998,998,
7885,13,1000000,0,user_9,998,998,
7887,14,650000,0,user_9,998,998,
7898,15,650000,0,user_20,998,998,
7914,16,460000,0,user_36,998,998,
7881,17,350000,0,user_7,998,998,
7899,18,340000,0,user_21,998,998,
7877,19,260000,0,user_3,998,998,
7883,20,240000,36800,user_9,998,998,
7873,21,220000,0,user_0,998,998,
7923,22,220000,0,user_41,998,998,
7897,23,170000,0,user_19,998,998,
7906,24,170000,1100000,user_29,998,998,
7910,25,170000,0,user_32,998,998,
7916,26,170000,0,user_38,998,998,
7878,27,160000,0,user_5,998,998,
7903,28,160000,0,user_26,998,998,
7892,29,150000,164000,user_14,998,998,
7895,30,150000,0,user_17,998,998,
7917,31,150000,0,user_39,998,998,
7884,32,130000,231000,user_9,998,998,
7902,33,130000,0,user_25,998,998,
7891,34,120000,0,user_13,998,998,
7922,35,120000,0,user_41,998,998,
7894,36,110000,0,user_15,998,998,
7904,37,110000,0,user_27,998,998,
7912,38,110000,0,user_34,998,998,
7913,39,110000,0,user_35,998,998,
7928,40,85000,381000,user_49,998,998,
7905,41,84000,0,user_28,998,998,
7925,42,84000,67500,user_43,998,998,
7901,43,83000,769000,user_25,998,998,
7915,44,79000,43600,user_37,998,998,
7939,0,30000000,0,user_3,999,999,
7943,1,27000000,0,user_4,999,999,
7975,2,27000000,0,user_30,999,999,
7981,3,27000000,0,user_35,999,999,
7966,4,19000000,0,user_25,999,999,
7979,5,2000000,7190000,user_33,999,999,
7997,6,0,0,validator_2,100,999,7979
7951,7,6100000,0,user_10,999,999,
7957,8,5200000,13900,user_18,999,999,
7998,9,0,0,validator_2,100,999,7957
7996,10,5000000,0,user_49,999,999,
7944,11,3600000,0,user_5,999,999,
7983,12,3600000,0,user_38,999,999,
7938,13,2600000,0,user_3,999,999,
7984,14,2300000,0,user_38,999,999,
7999,15,0,0,validator_2,100,999,7940
7940,16,2000000,139000,user_3,999,999,
7945,17,2100000,0,user_6,999,999,
7985,18,1900000,0,user_39,999,999,
7937,19,1600000,0,user_3,999,999,
7960,20,1600000,0,user_18,999,999,
7970,21,1400000,0,user_27,999,999,
8000,22,0,0,validator_2,100,999,7959
7959,23,1200000,33300,user_18,999,999,
7974,24,120000,1100000,user_29,999,999,
8001,25,0,0,validator_2,100,999,7974
7991,26,1100000,0,user_42,999,999,
7967,27,970000,0,user_25,999,999,
7995,28,870000,0,user_48,999,999,
7973,29,77000,769000,user_29,999,999,
8002,30,0,0,validator_2,100,999,7973
7941,31,420000,410000,user_3,999,999,
8003,32,0,0,validator_2,100,999,7941
7952,33,670000,0,user_11,999,999,
7978,34,670000,0,user_32,999,999,
8004,35,0,0,validator_2,100,999,7977
7977,36,660000,8520,user_32,999,999,
7980,37,660000,0,user_34,999,999,
7964,38,470000,0,user_22,999,999,
7963,39,360000,0,user_21,999,999,
7971,40,360000,0,user_27,999,999,
7956,41,350000,0,user_18,999,999,
7989,42,320000,0,user_42,999,999,
7976,43,310000,0,user_30,999,999,
7990,44,300000,0,user_42,999,999,
8005,45,0,0,validator_2,100,999,7962
7962,46,190000,84800,user_20,999,999,
7955,47,220000,0,user_17,999,999,
7969,48,220000,0,user_27,999,999,
7946,49,190000,0,user_7,999,999,
8006,50,0,0,validator_2,100,999,7958
7958,51,160000,12800,user_18,999,999,
7965,52,160000,11200,user_23,999,999,
8007,53,0,0,validator_2,100,999,7965
7986,54,150000,0,user_40,999,999,
8008,55,0,0,validator_2,100,999,7953
7953,56,110000,12800,user_12,999,999,
7972,57,120000,0,user_27,999,999,
7936,58,119999,0,user_2,999,999,7929
7968,59,110000,0,user_26,999,999,
7994,60,110000,0,user_44,999,999,
7987,61,98000,0,user_41,999,999,
7992,62,82000,0,user_42,999,999,
7942,63,77000,0,user_4,999,999,
7988,64,73000,0,user_41,999,999,
