id,fee,mev_potential,creator_id,included_pbs,included_pos,pbs_inclusion_time,pos_inclusion_time,successful_pbs,successful_pos,targeting,target_tx_id,block_created,transaction_type,inclusion_log
21175,43000019,146000,225,True,True,1.0,1.0,True,True,True,21173.0,1,b_attack,"[{'system': 'pbs', 'block_number': 1, 'success': True}, {'system': 'pos', 'block_number': 1, 'success': True}]"
23529,0,0,552,True,False,1.0,,False,False,True,21175.0,1,failed,"[{'system': 'pbs', 'block_number': 1, 'success': False}]"
21176,0,0,225,True,True,1.0,1.0,False,False,True,21173.0,1,failed,"[{'system': 'pbs', 'block_number': 1, 'success': False}, {'system': 'pos', 'block_number': 1, 'success': False}]"
21173,43000018,146000,238,True,True,1.0,1.0,True,True,True,21171.0,1,b_attack,"[{'system': 'pbs', 'block_number': 1, 'success': True}, {'system': 'pos', 'block_number': 1, 'success': True}]"
21174,0,0,238,True,True,1.0,1.0,False,False,True,21171.0,1,failed,"[{'system': 'pbs', 'block_number': 1, 'success': False}, {'system': 'pos', 'block_number': 1, 'success': False}]"
21171,43000017,146000,233,True,True,1.0,1.0,True,True,True,21169.0,1,b_attack,"[{'system': 'pbs', 'block_number': 1, 'success': True}, {'system': 'pos', 'block_number': 1, 'success': True}]"
21172,0,0,233,True,True,1.0,1.0,False,False,True,21169.0,1,failed,"[{'system': 'pbs', 'block_number': 1, 'success': False}, {'system': 'pos', 'block_number': 1, 'success': False}]"
21169,43000016,146000,240,True,True,1.0,1.0,True,True,True,21167.0,1,b_attack,"[{'system': 'pbs', 'block_number': 1, 'success': True}, {'system': 'pos', 'block_number': 1, 'success': True}]"
21170,0,0,240,True,True,1.0,1.0,False,False,True,21167.0,1,failed,"[{'system': 'pbs', 'block_number': 1, 'success': False}, {'system': 'pos', 'block_number': 1, 'success': False}]"
21167,43000015,146000,225,True,True,1.0,1.0,True,True,True,21165.0,1,b_attack,"[{'system': 'pbs', 'block_number': 1, 'success': True}, {'system': 'pos', 'block_number': 1, 'success': True}]"
21168,0,0,225,True,True,1.0,1.0,False,False,True,21165.0,1,failed,"[{'system': 'pbs', 'block_number': 1, 'success': False}, {'system': 'pos', 'block_number': 1, 'success': False}]"
21165,43000014,146000,240,True,True,1.0,1.0,True,True,True,21163.0,1,b_attack,"[{'system': 'pbs', 'block_number': 1, 'success': True}, {'system': 'pos', 'block_number': 1, 'success': True}]"
21166,0,0,240,True,True,1.0,1.0,False,False,True,21163.0,1,failed,"[{'system': 'pbs', 'block_number': 1, 'success': False}, {'system': 'pos', 'block_number': 1, 'success': False}]"
21163,43000013,146000,232,True,True,1.0,1.0,True,True,True,21161.0,1,b_attack,"[{'system': 'pbs', 'block_number': 1, 'success': True}, {'system': 'pos', 'block_number': 1, 'success': True}]"
21164,0,0,232,True,True,1.0,1.0,False,False,True,21161.0,1,failed,"[{'system': 'pbs', 'block_number': 1, 'success': False}, {'system': 'pos', 'block_number': 1, 'success': False}]"
21161,43000012,146000,240,True,True,1.0,1.0,True,True,True,21159.0,1,b_attack,"[{'system': 'pbs', 'block_number': 1, 'success': True}, {'system': 'pos', 'block_number': 1, 'success': True}]"
21162,0,0,240,True,True,1.0,1.0,False,False,True,21159.0,1,failed,"[{'system': 'pbs', 'block_number': 1, 'success': False}, {'system': 'pos', 'block_number': 1, 'success': False}]"
21159,43000011,146000,229,True,True,1.0,1.0,True,True,True,21157.0,1,b_attack,"[{'system': 'pbs', 'block_number': 1, 'success': True}, {'system': 'pos', 'block_number': 1, 'success': True}]"
21160,0,0,229,True,True,1.0,1.0,False,False,True,21157.0,1,failed,"[{'system': 'pbs', 'block_number': 1, 'success': False}, {'system': 'pos', 'block_number': 1, 'success': False}]"
21157,43000010,146000,222,True,True,1.0,1.0,True,True,True,21155.0,1,b_attack,"[{'system': 'pbs', 'block_number': 1, 'success': True}, {'system': 'pos', 'block_number': 1, 'success': True}]"
21158,0,0,222,True,True,1.0,1.0,False,False,True,21155.0,1,failed,"[{'system': 'pbs', 'block_number': 1, 'success': False}, {'system': 'pos', 'block_number': 1, 'success': False}]"
21155,43000009,146000,230,True,True,1.0,1.0,True,True,True,21153.0,1,b_attack,"[{'system': 'pbs', 'block_number': 1, 'success': True}, {'system': 'pos', 'block_number': 1, 'success': True}]"
21156,0,0,230,True,True,1.0,1.0,False,False,True,21153.0,1,failed,"[{'system': 'pbs', 'block_number': 1, 'success': False}, {'system': 'pos', 'block_number': 1, 'success': False}]"
21153,43000008,146000,230,True,True,1.0,1.0,True,True,True,21151.0,1,b_attack,"[{'system': 'pbs', 'block_number': 1, 'success': True}, {'system': 'pos', 'block_number': 1, 'success': True}]"
21154,0,0,230,True,True,1.0,1.0,False,False,True,21151.0,1,failed,"[{'system': 'pbs', 'block_number': 1, 'success': False}, {'system': 'pos', 'block_number': 1, 'success': False}]"
21151,43000007,146000,228,True,True,1.0,1.0,True,True,True,21149.0,1,b_attack,"[{'system': 'pbs', 'block_number': 1, 'success': True}, {'system': 'pos', 'block_number': 1, 'success': True}]"
21152,0,0,228,True,True,1.0,1.0,False,False,True,21149.0,1,failed,"[{'system': 'pbs', 'block_number': 1, 'success': False}, {'system': 'pos', 'block_number': 1, 'success': False}]"
21149,43000006,146000,236,True,True,1.0,1.0,True,True,True,21147.0,1,b_attack,"[{'system': 'pbs', 'block_number': 1, 'success': True}, {'system': 'pos', 'block_number': 1, 'success': True}]"
21150,0,0,236,True,True,1.0,1.0,False,False,True,21147.0,1,failed,"[{'system': 'pbs', 'block_number': 1, 'success': False}, {'system': 'pos', 'block_number': 1, 'success': False}]"
21147,43000005,146000,236,True,True,1.0,1.0,True,True,True,21145.0,1,b_attack,"[{'system': 'pbs', 'block_number': 1, 'success': True}, {'system': 'pos', 'block_number': 1, 'success': True}]"
21148,0,0,236,True,True,1.0,1.0,False,False,True,21145.0,1,failed,"[{'system': 'pbs', 'block_number': 1, 'success': False}, {'system': 'pos', 'block_number': 1, 'success': False}]"
21145,43000004,146000,230,True,True,1.0,1.0,True,True,True,21143.0,1,b_attack,"[{'system': 'pbs', 'block_number': 1, 'success': True}, {'system': 'pos', 'block_number': 1, 'success': True}]"
21146,0,0,230,True,True,1.0,1.0,False,False,True,21143.0,1,failed,"[{'system': 'pbs', 'block_number': 1, 'success': False}, {'system': 'pos', 'block_number': 1, 'success': False}]"
21143,43000003,146000,226,True,True,1.0,1.0,True,True,True,21141.0,1,b_attack,"[{'system': 'pbs', 'block_number': 1, 'success': True}, {'system': 'pos', 'block_number': 1, 'success': True}]"
21144,0,0,226,True,True,1.0,1.0,False,False,True,21141.0,1,failed,"[{'system': 'pbs', 'block_number': 1, 'success': False}, {'system': 'pos', 'block_number': 1, 'success': False}]"
21141,43000002,146000,234,True,True,1.0,1.0,True,True,True,21139.0,1,b_attack,"[{'system': 'pbs', 'block_number': 1, 'success': True}, {'system': 'pos', 'block_number': 1, 'success': True}]"
21142,0,0,234,True,True,1.0,1.0,False,False,True,21139.0,1,failed,"[{'system': 'pbs', 'block_number': 1, 'success': False}, {'system': 'pos', 'block_number': 1, 'success': False}]"
21139,43000001,146000,222,True,True,1.0,1.0,True,True,True,21137.0,1,b_attack,"[{'system': 'pbs', 'block_number': 1, 'success': True}, {'system': 'pos', 'block_number': 1, 'success': True}]"
21140,0,0,222,True,True,1.0,1.0,False,False,True,21137.0,1,failed,"[{'system': 'pbs', 'block_number': 1, 'success': False}, {'system': 'pos', 'block_number': 1, 'success': False}]"
21137,43000000,146000,233,True,True,1.0,1.0,True,True,True,21136.0,1,b_attack,"[{'system': 'pbs', 'block_number': 1, 'success': True}, {'system': 'pos', 'block_number': 1, 'success': True}]"
21138,0,0,233,True,True,1.0,1.0,False,False,True,21136.0,1,failed,"[{'system': 'pbs', 'block_number': 1, 'success': False}, {'system': 'pos', 'block_number': 1, 'success': False}]"
21136,30000000,146000,224,True,True,1.0,1.0,True,True,True,21133.0,1,b_attack,"[{'system': 'pbs', 'block_number': 1, 'success': True}, {'system': 'pos', 'block_number': 1, 'success': True}]"
21135,0,0,224,True,True,1.0,1.0,False,False,True,21133.0,1,failed,"[{'system': 'pbs', 'block_number': 1, 'success': False}, {'system': 'pos', 'block_number': 1, 'success': False}]"
21133,5000000,146000,236,True,True,1.0,1.0,True,True,True,21132.0,1,b_attack,"[{'system': 'pbs', 'block_number': 1, 'success': True}, {'system': 'pos', 'block_number': 1, 'success': True}]"
21134,0,0,236,True,True,1.0,1.0,False,False,True,21132.0,1,failed,"[{'system': 'pbs', 'block_number': 1, 'success': False}, {'system': 'pos', 'block_number': 1, 'success': False}]"
21132,630000,146000,240,True,True,1.0,1.0,True,True,True,21130.0,1,b_attack,"[{'system': 'pbs', 'block_number': 1, 'success': True}, {'system': 'pos', 'block_number': 1, 'success': True}]"
21129,470000,0,231,True,True,1.0,1.0,True,True,False,,1,normal,"[{'system': 'pbs', 'block_number': 1, 'success': True}, {'system': 'pos', 'block_number': 1, 'success': True}]"
21131,0,0,240,True,True,1.0,1.0,False,False,True,21130.0,1,failed,"[{'system': 'pbs', 'block_number': 1, 'success': False}, {'system': 'pos', 'block_number': 1, 'success': False}]"
21130,120000,146000,231,True,True,1.0,1.0,True,True,False,,1,normal,"[{'system': 'pbs', 'block_number': 1, 'success': True}, {'system': 'pos', 'block_number': 1, 'success': True}]"
21223,43000043,146000,240,True,True,2.0,2.0,True,True,True,21221.0,2,b_attack,"[{'system': 'pbs', 'block_number': 2, 'success': True}, {'system': 'pos', 'block_number': 2, 'success': True}]"
23530,0,0,555,True,False,2.0,,False,False,True,21223.0,2,failed,"[{'system': 'pbs', 'block_number': 2, 'success': False}]"
21224,0,0,240,True,True,2.0,2.0,False,False,True,21221.0,2,failed,"[{'system': 'pbs', 'block_number': 2, 'success': False}, {'system': 'pos', 'block_number': 2, 'success': False}]"
21221,43000042,146000,239,True,True,2.0,2.0,True,True,True,21219.0,2,b_attack,"[{'system': 'pbs', 'block_number': 2, 'success': True}, {'system': 'pos', 'block_number': 2, 'success': True}]"
21222,0,0,239,True,True,2.0,2.0,False,False,True,21219.0,2,failed,"[{'system': 'pbs', 'block_number': 2, 'success': False}, {'system': 'pos', 'block_number': 2, 'success': False}]"
21219,43000041,146000,226,True,True,2.0,2.0,True,True,True,21217.0,2,b_attack,"[{'system': 'pbs', 'block_number': 2, 'success': True}, {'system': 'pos', 'block_number': 2, 'success': True}]"
21220,0,0,226,True,True,2.0,2.0,False,False,True,21217.0,2,failed,"[{'system': 'pbs', 'block_number': 2, 'success': False}, {'system': 'pos', 'block_number': 2, 'success': False}]"
21217,43000040,146000,223,True,True,2.0,2.0,True,True,True,21215.0,2,b_attack,"[{'system': 'pbs', 'block_number': 2, 'success': True}, {'system': 'pos', 'block_number': 2, 'success': True}]"
21218,0,0,223,True,True,2.0,2.0,False,False,True,21215.0,2,failed,"[{'system': 'pbs', 'block_number': 2, 'success': False}, {'system': 'pos', 'block_number': 2, 'success': False}]"
21215,43000039,146000,235,True,True,2.0,2.0,True,True,True,21213.0,2,b_attack,"[{'system': 'pbs', 'block_number': 2, 'success': True}, {'system': 'pos', 'block_number': 2, 'success': True}]"
21216,0,0,235,True,True,2.0,2.0,False,False,True,21213.0,2,failed,"[{'system': 'pbs', 'block_number': 2, 'success': False}, {'system': 'pos', 'block_number': 2, 'success': False}]"
21213,43000038,146000,238,True,True,2.0,2.0,True,True,True,21211.0,2,b_attack,"[{'system': 'pbs', 'block_number': 2, 'success': True}, {'system': 'pos', 'block_number': 2, 'success': True}]"
21214,0,0,238,True,True,2.0,2.0,False,False,True,21211.0,2,failed,"[{'system': 'pbs', 'block_number': 2, 'success': False}, {'system': 'pos', 'block_number': 2, 'success': False}]"
21211,43000037,146000,222,True,True,2.0,2.0,True,True,True,21209.0,2,b_attack,"[{'system': 'pbs', 'block_number': 2, 'success': True}, {'system': 'pos', 'block_number': 2, 'success': True}]"
21212,0,0,222,True,True,2.0,2.0,False,False,True,21209.0,2,failed,"[{'system': 'pbs', 'block_number': 2, 'success': False}, {'system': 'pos', 'block_number': 2, 'success': False}]"
21209,43000036,146000,236,True,True,2.0,2.0,True,True,True,21207.0,2,b_attack,"[{'system': 'pbs', 'block_number': 2, 'success': True}, {'system': 'pos', 'block_number': 2, 'success': True}]"
21210,0,0,236,True,True,2.0,2.0,False,False,True,21207.0,2,failed,"[{'system': 'pbs', 'block_number': 2, 'success': False}, {'system': 'pos', 'block_number': 2, 'success': False}]"
21207,43000035,146000,228,True,True,2.0,2.0,True,True,True,21205.0,2,b_attack,"[{'system': 'pbs', 'block_number': 2, 'success': True}, {'system': 'pos', 'block_number': 2, 'success': True}]"
21208,0,0,228,True,True,2.0,2.0,False,False,True,21205.0,2,failed,"[{'system': 'pbs', 'block_number': 2, 'success': False}, {'system': 'pos', 'block_number': 2, 'success': False}]"
21205,43000034,146000,238,True,True,2.0,2.0,True,True,True,21203.0,2,b_attack,"[{'system': 'pbs', 'block_number': 2, 'success': True}, {'system': 'pos', 'block_number': 2, 'success': True}]"
21206,0,0,238,True,True,2.0,2.0,False,False,True,21203.0,2,failed,"[{'system': 'pbs', 'block_number': 2, 'success': False}, {'system': 'pos', 'block_number': 2, 'success': False}]"
21203,43000033,146000,227,True,True,2.0,2.0,True,True,True,21201.0,2,b_attack,"[{'system': 'pbs', 'block_number': 2, 'success': True}, {'system': 'pos', 'block_number': 2, 'success': True}]"
21204,0,0,227,True,True,2.0,2.0,False,False,True,21201.0,2,failed,"[{'system': 'pbs', 'block_number': 2, 'success': False}, {'system': 'pos', 'block_number': 2, 'success': False}]"
21201,43000032,146000,233,True,True,2.0,2.0,True,True,True,21199.0,2,b_attack,"[{'system': 'pbs', 'block_number': 2, 'success': True}, {'system': 'pos', 'block_number': 2, 'success': True}]"
21202,0,0,233,True,True,2.0,2.0,False,False,True,21199.0,2,failed,"[{'system': 'pbs', 'block_number': 2, 'success': False}, {'system': 'pos', 'block_number': 2, 'success': False}]"
21199,43000031,146000,227,True,True,2.0,2.0,True,True,True,21197.0,2,b_attack,"[{'system': 'pbs', 'block_number': 2, 'success': True}, {'system': 'pos', 'block_number': 2, 'success': True}]"
21200,0,0,227,True,True,2.0,2.0,False,False,True,21197.0,2,failed,"[{'system': 'pbs', 'block_number': 2, 'success': False}, {'system': 'pos', 'block_number': 2, 'success': False}]"
21197,43000030,146000,236,True,True,2.0,2.0,True,True,True,21195.0,2,b_attack,"[{'system': 'pbs', 'block_number': 2, 'success': True}, {'system': 'pos', 'block_number': 2, 'success': True}]"
21198,0,0,236,True,True,2.0,2.0,False,False,True,21195.0,2,failed,"[{'system': 'pbs', 'block_number': 2, 'success': False}, {'system': 'pos', 'block_number': 2, 'success': False}]"
21195,43000029,146000,237,True,True,2.0,2.0,True,True,True,21193.0,2,b_attack,"[{'system': 'pbs', 'block_number': 2, 'success': True}, {'system': 'pos', 'block_number': 2, 'success': True}]"
21196,0,0,237,True,True,2.0,2.0,False,False,True,21193.0,2,failed,"[{'system': 'pbs', 'block_number': 2, 'success': False}, {'system': 'pos', 'block_number': 2, 'success': False}]"
21193,43000028,146000,238,True,True,2.0,2.0,True,True,True,21191.0,2,b_attack,"[{'system': 'pbs', 'block_number': 2, 'success': True}, {'system': 'pos', 'block_number': 2, 'success': True}]"
21194,0,0,238,True,True,2.0,2.0,False,False,True,21191.0,2,failed,"[{'system': 'pbs', 'block_number': 2, 'success': False}, {'system': 'pos', 'block_number': 2, 'success': False}]"
21191,43000027,146000,222,True,True,2.0,2.0,True,True,True,21189.0,2,b_attack,"[{'system': 'pbs', 'block_number': 2, 'success': True}, {'system': 'pos', 'block_number': 2, 'success': True}]"
21192,0,0,222,True,True,2.0,2.0,False,False,True,21189.0,2,failed,"[{'system': 'pbs', 'block_number': 2, 'success': False}, {'system': 'pos', 'block_number': 2, 'success': False}]"
21189,43000026,146000,237,True,True,2.0,2.0,True,True,True,21187.0,2,b_attack,"[{'system': 'pbs', 'block_number': 2, 'success': True}, {'system': 'pos', 'block_number': 2, 'success': True}]"
21190,0,0,237,True,True,2.0,2.0,False,False,True,21187.0,2,failed,"[{'system': 'pbs', 'block_number': 2, 'success': False}, {'system': 'pos', 'block_number': 2, 'success': False}]"
21187,43000025,146000,233,True,True,2.0,2.0,True,True,True,21185.0,2,b_attack,"[{'system': 'pbs', 'block_number': 2, 'success': True}, {'system': 'pos', 'block_number': 2, 'success': True}]"
21188,0,0,233,True,True,2.0,2.0,False,False,True,21185.0,2,failed,"[{'system': 'pbs', 'block_number': 2, 'success': False}, {'system': 'pos', 'block_number': 2, 'success': False}]"
21185,43000024,146000,233,True,True,2.0,2.0,True,True,True,21183.0,2,b_attack,"[{'system': 'pbs', 'block_number': 2, 'success': True}, {'system': 'pos', 'block_number': 2, 'success': True}]"
21186,0,0,233,True,True,2.0,2.0,False,False,True,21183.0,2,failed,"[{'system': 'pbs', 'block_number': 2, 'success': False}, {'system': 'pos', 'block_number': 2, 'success': False}]"
21183,43000023,146000,233,True,True,2.0,2.0,True,True,True,21181.0,2,b_attack,"[{'system': 'pbs', 'block_number': 2, 'success': True}, {'system': 'pos', 'block_number': 2, 'success': True}]"
21184,0,0,233,True,True,2.0,2.0,False,False,True,21181.0,2,failed,"[{'system': 'pbs', 'block_number': 2, 'success': False}, {'system': 'pos', 'block_number': 2, 'success': False}]"
21181,43000022,146000,240,True,True,2.0,2.0,True,True,True,21179.0,2,b_attack,"[{'system': 'pbs', 'block_number': 2, 'success': True}, {'system': 'pos', 'block_number': 2, 'success': True}]"
21182,0,0,240,True,True,2.0,2.0,False,False,True,21179.0,2,failed,"[{'system': 'pbs', 'block_number': 2, 'success': False}, {'system': 'pos', 'block_number': 2, 'success': False}]"
21179,43000021,146000,222,True,True,2.0,2.0,True,True,True,21177.0,2,b_attack,"[{'system': 'pbs', 'block_number': 2, 'success': True}, {'system': 'pos', 'block_number': 2, 'success': True}]"
21180,0,0,222,True,True,2.0,2.0,False,False,True,21177.0,2,failed,"[{'system': 'pbs', 'block_number': 2, 'success': False}, {'system': 'pos', 'block_number': 2, 'success': False}]"
21177,0,0,240,True,True,2.0,2.0,False,True,True,21175.0,2,failed,"[{'system': 'pbs', 'block_number': 2, 'success': False}, {'system': 'pos', 'block_number': 2, 'success': True}]"
21178,0,0,240,True,True,2.0,2.0,False,False,True,21175.0,2,failed,"[{'system': 'pbs', 'block_number': 2, 'success': False}, {'system': 'pos', 'block_number': 2, 'success': False}]"
21271,43000067,146000,233,True,True,3.0,3.0,True,True,True,21269.0,3,b_attack,"[{'system': 'pbs', 'block_number': 3, 'success': True}, {'system': 'pos', 'block_number': 3, 'success': True}]"
23531,0,0,558,True,False,3.0,,False,False,True,21271.0,3,failed,"[{'system': 'pbs', 'block_number': 3, 'success': False}]"
21272,0,0,233,True,True,3.0,3.0,False,False,True,21269.0,3,failed,"[{'system': 'pbs', 'block_number': 3, 'success': False}, {'system': 'pos', 'block_number': 3, 'success': False}]"
21269,43000066,146000,234,True,True,3.0,3.0,True,True,True,21267.0,3,b_attack,"[{'system': 'pbs', 'block_number': 3, 'success': True}, {'system': 'pos', 'block_number': 3, 'success': True}]"
21270,0,0,234,True,True,3.0,3.0,False,False,True,21267.0,3,failed,"[{'system': 'pbs', 'block_number': 3, 'success': False}, {'system': 'pos', 'block_number': 3, 'success': False}]"
21267,43000065,146000,238,True,True,3.0,3.0,True,True,True,21265.0,3,b_attack,"[{'system': 'pbs', 'block_number': 3, 'success': True}, {'system': 'pos', 'block_number': 3, 'success': True}]"
21268,0,0,238,True,True,3.0,3.0,False,False,True,21265.0,3,failed,"[{'system': 'pbs', 'block_number': 3, 'success': False}, {'system': 'pos', 'block_number': 3, 'success': False}]"
21265,43000064,146000,238,True,True,3.0,3.0,True,True,True,21263.0,3,b_attack,"[{'system': 'pbs', 'block_number': 3, 'success': True}, {'system': 'pos', 'block_number': 3, 'success': True}]"
21266,0,0,238,True,True,3.0,3.0,False,False,True,21263.0,3,failed,"[{'system': 'pbs', 'block_number': 3, 'success': False}, {'system': 'pos', 'block_number': 3, 'success': False}]"
21263,43000063,146000,237,True,True,3.0,3.0,True,True,True,21261.0,3,b_attack,"[{'system': 'pbs', 'block_number': 3, 'success': True}, {'system': 'pos', 'block_number': 3, 'success': True}]"
21264,0,0,237,True,True,3.0,3.0,False,False,True,21261.0,3,failed,"[{'system': 'pbs', 'block_number': 3, 'success': False}, {'system': 'pos', 'block_number': 3, 'success': False}]"
21261,43000062,146000,225,True,True,3.0,3.0,True,True,True,21259.0,3,b_attack,"[{'system': 'pbs', 'block_number': 3, 'success': True}, {'system': 'pos', 'block_number': 3, 'success': True}]"
21262,0,0,225,True,True,3.0,3.0,False,False,True,21259.0,3,failed,"[{'system': 'pbs', 'block_number': 3, 'success': False}, {'system': 'pos', 'block_number': 3, 'success': False}]"
21259,43000061,146000,223,True,True,3.0,3.0,True,True,True,21257.0,3,b_attack,"[{'system': 'pbs', 'block_number': 3, 'success': True}, {'system': 'pos', 'block_number': 3, 'success': True}]"
21260,0,0,223,True,True,3.0,3.0,False,False,True,21257.0,3,failed,"[{'system': 'pbs', 'block_number': 3, 'success': False}, {'system': 'pos', 'block_number': 3, 'success': False}]"
21257,43000060,146000,239,True,True,3.0,3.0,True,True,True,21255.0,3,b_attack,"[{'system': 'pbs', 'block_number': 3, 'success': True}, {'system': 'pos', 'block_number': 3, 'success': True}]"
21258,0,0,239,True,True,3.0,3.0,False,False,True,21255.0,3,failed,"[{'system': 'pbs', 'block_number': 3, 'success': False}, {'system': 'pos', 'block_number': 3, 'success': False}]"
21255,43000059,146000,229,True,True,3.0,3.0,True,True,True,21253.0,3,b_attack,"[{'system': 'pbs', 'block_number': 3, 'success': True}, {'system': 'pos', 'block_number': 3, 'success': True}]"
21256,0,0,229,True,True,3.0,3.0,False,False,True,21253.0,3,failed,"[{'system': 'pbs', 'block_number': 3, 'success': False}, {'system': 'pos', 'block_number': 3, 'success': False}]"
21253,43000058,146000,235,True,True,3.0,3.0,True,True,True,21251.0,3,b_attack,"[{'system': 'pbs', 'block_number': 3, 'success': True}, {'system': 'pos', 'block_number': 3, 'success': True}]"
21254,0,0,235,True,True,3.0,3.0,False,False,True,21251.0,3,failed,"[{'system': 'pbs', 'block_number': 3, 'success': False}, {'system': 'pos', 'block_number': 3, 'success': False}]"
21251,43000057,146000,229,True,True,3.0,3.0,True,True,True,21249.0,3,b_attack,"[{'system': 'pbs', 'block_number': 3, 'success': True}, {'system': 'pos', 'block_number': 3, 'success': True}]"
21252,0,0,229,True,True,3.0,3.0,False,False,True,21249.0,3,failed,"[{'system': 'pbs', 'block_number': 3, 'success': False}, {'system': 'pos', 'block_number': 3, 'success': False}]"
21249,43000056,146000,237,True,True,3.0,3.0,True,True,True,21247.0,3,b_attack,"[{'system': 'pbs', 'block_number': 3, 'success': True}, {'system': 'pos', 'block_number': 3, 'success': True}]"
21250,0,0,237,True,True,3.0,3.0,False,False,True,21247.0,3,failed,"[{'system': 'pbs', 'block_number': 3, 'success': False}, {'system': 'pos', 'block_number': 3, 'success': False}]"
21247,43000055,146000,226,True,True,3.0,3.0,True,True,True,21245.0,3,b_attack,"[{'system': 'pbs', 'block_number': 3, 'success': True}, {'system': 'pos', 'block_number': 3, 'success': True}]"
21248,0,0,226,True,True,3.0,3.0,False,False,True,21245.0,3,failed,"[{'system': 'pbs', 'block_number': 3, 'success': False}, {'system': 'pos', 'block_number': 3, 'success': False}]"
21245,43000054,146000,232,True,True,3.0,3.0,True,True,True,21243.0,3,b_attack,"[{'system': 'pbs', 'block_number': 3, 'success': True}, {'system': 'pos', 'block_number': 3, 'success': True}]"
21246,0,0,232,True,True,3.0,3.0,False,False,True,21243.0,3,failed,"[{'system': 'pbs', 'block_number': 3, 'success': False}, {'system': 'pos', 'block_number': 3, 'success': False}]"
21243,43000053,146000,236,True,True,3.0,3.0,True,True,True,21241.0,3,b_attack,"[{'system': 'pbs', 'block_number': 3, 'success': True}, {'system': 'pos', 'block_number': 3, 'success': True}]"
21244,0,0,236,True,True,3.0,3.0,False,False,True,21241.0,3,failed,"[{'system': 'pbs', 'block_number': 3, 'success': False}, {'system': 'pos', 'block_number': 3, 'success': False}]"
21241,43000052,146000,234,True,True,3.0,3.0,True,True,True,21239.0,3,b_attack,"[{'system': 'pbs', 'block_number': 3, 'success': True}, {'system': 'pos', 'block_number': 3, 'success': True}]"
21242,0,0,234,True,True,3.0,3.0,False,False,True,21239.0,3,failed,"[{'system': 'pbs', 'block_number': 3, 'success': False}, {'system': 'pos', 'block_number': 3, 'success': False}]"
21239,43000051,146000,235,True,True,3.0,3.0,True,True,True,21237.0,3,b_attack,"[{'system': 'pbs', 'block_number': 3, 'success': True}, {'system': 'pos', 'block_number': 3, 'success': True}]"
21240,0,0,235,True,True,3.0,3.0,False,False,True,21237.0,3,failed,"[{'system': 'pbs', 'block_number': 3, 'success': False}, {'system': 'pos', 'block_number': 3, 'success': False}]"
21237,43000050,146000,227,True,True,3.0,3.0,True,True,True,21235.0,3,b_attack,"[{'system': 'pbs', 'block_number': 3, 'success': True}, {'system': 'pos', 'block_number': 3, 'success': True}]"
21238,0,0,227,True,True,3.0,3.0,False,False,True,21235.0,3,failed,"[{'system': 'pbs', 'block_number': 3, 'success': False}, {'system': 'pos', 'block_number': 3, 'success': False}]"
21235,43000049,146000,227,True,True,3.0,3.0,True,True,True,21233.0,3,b_attack,"[{'system': 'pbs', 'block_number': 3, 'success': True}, {'system': 'pos', 'block_number': 3, 'success': True}]"
21236,0,0,227,True,True,3.0,3.0,False,False,True,21233.0,3,failed,"[{'system': 'pbs', 'block_number': 3, 'success': False}, {'system': 'pos', 'block_number': 3, 'success': False}]"
21233,43000048,146000,223,True,True,3.0,3.0,True,True,True,21231.0,3,b_attack,"[{'system': 'pbs', 'block_number': 3, 'success': True}, {'system': 'pos', 'block_number': 3, 'success': True}]"
21234,0,0,223,True,True,3.0,3.0,False,False,True,21231.0,3,failed,"[{'system': 'pbs', 'block_number': 3, 'success': False}, {'system': 'pos', 'block_number': 3, 'success': False}]"
21231,43000047,146000,235,True,True,3.0,3.0,True,True,True,21229.0,3,b_attack,"[{'system': 'pbs', 'block_number': 3, 'success': True}, {'system': 'pos', 'block_number': 3, 'success': True}]"
21232,0,0,235,True,True,3.0,3.0,False,False,True,21229.0,3,failed,"[{'system': 'pbs', 'block_number': 3, 'success': False}, {'system': 'pos', 'block_number': 3, 'success': False}]"
21229,43000046,146000,237,True,True,3.0,3.0,True,True,True,21227.0,3,b_attack,"[{'system': 'pbs', 'block_number': 3, 'success': True}, {'system': 'pos', 'block_number': 3, 'success': True}]"
21230,0,0,237,True,True,3.0,3.0,False,False,True,21227.0,3,failed,"[{'system': 'pbs', 'block_number': 3, 'success': False}, {'system': 'pos', 'block_number': 3, 'success': False}]"
21227,43000045,146000,225,True,True,3.0,3.0,True,True,True,21225.0,3,b_attack,"[{'system': 'pbs', 'block_number': 3, 'success': True}, {'system': 'pos', 'block_number': 3, 'success': True}]"
21228,0,0,225,True,True,3.0,3.0,False,False,True,21225.0,3,failed,"[{'system': 'pbs', 'block_number': 3, 'success': False}, {'system': 'pos', 'block_number': 3, 'success': False}]"
21225,0,0,225,True,True,3.0,3.0,False,True,True,21223.0,3,failed,"[{'system': 'pbs', 'block_number': 3, 'success': False}, {'system': 'pos', 'block_number': 3, 'success': True}]"
21226,0,0,225,True,True,3.0,3.0,False,False,True,21223.0,3,failed,"[{'system': 'pbs', 'block_number': 3, 'success': False}, {'system': 'pos', 'block_number': 3, 'success': False}]"
21319,43000091,146000,234,True,True,4.0,4.0,True,True,True,21317.0,4,b_attack,"[{'system': 'pbs', 'block_number': 4, 'success': True}, {'system': 'pos', 'block_number': 4, 'success': True}]"
23532,0,0,556,True,False,4.0,,False,False,True,21319.0,4,failed,"[{'system': 'pbs', 'block_number': 4, 'success': False}]"
21320,0,0,234,True,True,4.0,4.0,False,False,True,21317.0,4,failed,"[{'system': 'pbs', 'block_number': 4, 'success': False}, {'system': 'pos', 'block_number': 4, 'success': False}]"
21317,43000090,146000,225,True,True,4.0,4.0,True,True,True,21315.0,4,b_attack,"[{'system': 'pbs', 'block_number': 4, 'success': True}, {'system': 'pos', 'block_number': 4, 'success': True}]"
21318,0,0,225,True,True,4.0,4.0,False,False,True,21315.0,4,failed,"[{'system': 'pbs', 'block_number': 4, 'success': False}, {'system': 'pos', 'block_number': 4, 'success': False}]"
21315,43000089,146000,228,True,True,4.0,4.0,True,True,True,21313.0,4,b_attack,"[{'system': 'pbs', 'block_number': 4, 'success': True}, {'system': 'pos', 'block_number': 4, 'success': True}]"
21316,0,0,228,True,True,4.0,4.0,False,False,True,21313.0,4,failed,"[{'system': 'pbs', 'block_number': 4, 'success': False}, {'system': 'pos', 'block_number': 4, 'success': False}]"
21313,43000088,146000,238,True,True,4.0,4.0,True,True,True,21311.0,4,b_attack,"[{'system': 'pbs', 'block_number': 4, 'success': True}, {'system': 'pos', 'block_number': 4, 'success': True}]"
21314,0,0,238,True,True,4.0,4.0,False,False,True,21311.0,4,failed,"[{'system': 'pbs', 'block_number': 4, 'success': False}, {'system': 'pos', 'block_number': 4, 'success': False}]"
21311,43000087,146000,237,True,True,4.0,4.0,True,True,True,21309.0,4,b_attack,"[{'system': 'pbs', 'block_number': 4, 'success': True}, {'system': 'pos', 'block_number': 4, 'success': True}]"
21312,0,0,237,True,True,4.0,4.0,False,False,True,21309.0,4,failed,"[{'system': 'pbs', 'block_number': 4, 'success': False}, {'system': 'pos', 'block_number': 4, 'success': False}]"
21309,43000086,146000,237,True,True,4.0,4.0,True,True,True,21307.0,4,b_attack,"[{'system': 'pbs', 'block_number': 4, 'success': True}, {'system': 'pos', 'block_number': 4, 'success': True}]"
21310,0,0,237,True,True,4.0,4.0,False,False,True,21307.0,4,failed,"[{'system': 'pbs', 'block_number': 4, 'success': False}, {'system': 'pos', 'block_number': 4, 'success': False}]"
21307,43000085,146000,224,True,True,4.0,4.0,True,True,True,21305.0,4,b_attack,"[{'system': 'pbs', 'block_number': 4, 'success': True}, {'system': 'pos', 'block_number': 4, 'success': True}]"
21308,0,0,224,True,True,4.0,4.0,False,False,True,21305.0,4,failed,"[{'system': 'pbs', 'block_number': 4, 'success': False}, {'system': 'pos', 'block_number': 4, 'success': False}]"
21305,43000084,146000,239,True,True,4.0,4.0,True,True,True,21303.0,4,b_attack,"[{'system': 'pbs', 'block_number': 4, 'success': True}, {'system': 'pos', 'block_number': 4, 'success': True}]"
21306,0,0,239,True,True,4.0,4.0,False,False,True,21303.0,4,failed,"[{'system': 'pbs', 'block_number': 4, 'success': False}, {'system': 'pos', 'block_number': 4, 'success': False}]"
21303,43000083,146000,227,True,True,4.0,4.0,True,True,True,21301.0,4,b_attack,"[{'system': 'pbs', 'block_number': 4, 'success': True}, {'system': 'pos', 'block_number': 4, 'success': True}]"
21304,0,0,227,True,True,4.0,4.0,False,False,True,21301.0,4,failed,"[{'system': 'pbs', 'block_number': 4, 'success': False}, {'system': 'pos', 'block_number': 4, 'success': False}]"
21301,43000082,146000,226,True,True,4.0,4.0,True,True,True,21299.0,4,b_attack,"[{'system': 'pbs', 'block_number': 4, 'success': True}, {'system': 'pos', 'block_number': 4, 'success': True}]"
21302,0,0,226,True,True,4.0,4.0,False,False,True,21299.0,4,failed,"[{'system': 'pbs', 'block_number': 4, 'success': False}, {'system': 'pos', 'block_number': 4, 'success': False}]"
21299,43000081,146000,237,True,True,4.0,4.0,True,True,True,21297.0,4,b_attack,"[{'system': 'pbs', 'block_number': 4, 'success': True}, {'system': 'pos', 'block_number': 4, 'success': True}]"
21300,0,0,237,True,True,4.0,4.0,False,False,True,21297.0,4,failed,"[{'system': 'pbs', 'block_number': 4, 'success': False}, {'system': 'pos', 'block_number': 4, 'success': False}]"
21297,43000080,146000,222,True,True,4.0,4.0,True,True,True,21295.0,4,b_attack,"[{'system': 'pbs', 'block_number': 4, 'success': True}, {'system': 'pos', 'block_number': 4, 'success': True}]"
21298,0,0,222,True,True,4.0,4.0,False,False,True,21295.0,4,failed,"[{'system': 'pbs', 'block_number': 4, 'success': False}, {'system': 'pos', 'block_number': 4, 'success': False}]"
21295,43000079,146000,238,True,True,4.0,4.0,True,True,True,21293.0,4,b_attack,"[{'system': 'pbs', 'block_number': 4, 'success': True}, {'system': 'pos', 'block_number': 4, 'success': True}]"
21296,0,0,238,True,True,4.0,4.0,False,False,True,21293.0,4,failed,"[{'system': 'pbs', 'block_number': 4, 'success': False}, {'system': 'pos', 'block_number': 4, 'success': False}]"
21293,43000078,146000,231,True,True,4.0,4.0,True,True,True,21291.0,4,b_attack,"[{'system': 'pbs', 'block_number': 4, 'success': True}, {'system': 'pos', 'block_number': 4, 'success': True}]"
21294,0,0,231,True,True,4.0,4.0,False,False,True,21291.0,4,failed,"[{'system': 'pbs', 'block_number': 4, 'success': False}, {'system': 'pos', 'block_number': 4, 'success': False}]"
21291,43000077,146000,234,True,True,4.0,4.0,True,True,True,21289.0,4,b_attack,"[{'system': 'pbs', 'block_number': 4, 'success': True}, {'system': 'pos', 'block_number': 4, 'success': True}]"
21292,0,0,234,True,True,4.0,4.0,False,False,True,21289.0,4,failed,"[{'system': 'pbs', 'block_number': 4, 'success': False}, {'system': 'pos', 'block_number': 4, 'success': False}]"
21289,43000076,146000,234,True,True,4.0,4.0,True,True,True,21287.0,4,b_attack,"[{'system': 'pbs', 'block_number': 4, 'success': True}, {'system': 'pos', 'block_number': 4, 'success': True}]"
21290,0,0,234,True,True,4.0,4.0,False,False,True,21287.0,4,failed,"[{'system': 'pbs', 'block_number': 4, 'success': False}, {'system': 'pos', 'block_number': 4, 'success': False}]"
21287,43000075,146000,233,True,True,4.0,4.0,True,True,True,21285.0,4,b_attack,"[{'system': 'pbs', 'block_number': 4, 'success': True}, {'system': 'pos', 'block_number': 4, 'success': True}]"
21288,0,0,233,True,True,4.0,4.0,False,False,True,21285.0,4,failed,"[{'system': 'pbs', 'block_number': 4, 'success': False}, {'system': 'pos', 'block_number': 4, 'success': False}]"
21285,43000074,146000,237,True,True,4.0,4.0,True,True,True,21283.0,4,b_attack,"[{'system': 'pbs', 'block_number': 4, 'success': True}, {'system': 'pos', 'block_number': 4, 'success': True}]"
21286,0,0,237,True,True,4.0,4.0,False,False,True,21283.0,4,failed,"[{'system': 'pbs', 'block_number': 4, 'success': False}, {'system': 'pos', 'block_number': 4, 'success': False}]"
21283,43000073,146000,238,True,True,4.0,4.0,True,True,True,21281.0,4,b_attack,"[{'system': 'pbs', 'block_number': 4, 'success': True}, {'system': 'pos', 'block_number': 4, 'success': True}]"
21284,0,0,238,True,True,4.0,4.0,False,False,True,21281.0,4,failed,"[{'system': 'pbs', 'block_number': 4, 'success': False}, {'system': 'pos', 'block_number': 4, 'success': False}]"
21281,43000072,146000,222,True,True,4.0,4.0,True,True,True,21279.0,4,b_attack,"[{'system': 'pbs', 'block_number': 4, 'success': True}, {'system': 'pos', 'block_number': 4, 'success': True}]"
21282,0,0,222,True,True,4.0,4.0,False,False,True,21279.0,4,failed,"[{'system': 'pbs', 'block_number': 4, 'success': False}, {'system': 'pos', 'block_number': 4, 'success': False}]"
21279,43000071,146000,232,True,True,4.0,4.0,True,True,True,21277.0,4,b_attack,"[{'system': 'pbs', 'block_number': 4, 'success': True}, {'system': 'pos', 'block_number': 4, 'success': True}]"
21280,0,0,232,True,True,4.0,4.0,False,False,True,21277.0,4,failed,"[{'system': 'pbs', 'block_number': 4, 'success': False}, {'system': 'pos', 'block_number': 4, 'success': False}]"
21277,43000070,146000,238,True,True,4.0,4.0,True,True,True,21275.0,4,b_attack,"[{'system': 'pbs', 'block_number': 4, 'success': True}, {'system': 'pos', 'block_number': 4, 'success': True}]"
21278,0,0,238,True,True,4.0,4.0,False,False,True,21275.0,4,failed,"[{'system': 'pbs', 'block_number': 4, 'success': False}, {'system': 'pos', 'block_number': 4, 'success': False}]"
21275,43000069,146000,221,True,True,4.0,4.0,True,True,True,21273.0,4,b_attack,"[{'system': 'pbs', 'block_number': 4, 'success': True}, {'system': 'pos', 'block_number': 4, 'success': True}]"
21276,0,0,221,True,True,4.0,4.0,False,False,True,21273.0,4,failed,"[{'system': 'pbs', 'block_number': 4, 'success': False}, {'system': 'pos', 'block_number': 4, 'success': False}]"
21273,0,0,223,True,True,4.0,4.0,False,True,True,21271.0,4,failed,"[{'system': 'pbs', 'block_number': 4, 'success': False}, {'system': 'pos', 'block_number': 4, 'success': True}]"
21274,0,0,223,True,True,4.0,4.0,False,False,True,21271.0,4,failed,"[{'system': 'pbs', 'block_number': 4, 'success': False}, {'system': 'pos', 'block_number': 4, 'success': False}]"
21367,43000115,146000,236,True,True,5.0,5.0,True,True,True,21365.0,5,b_attack,"[{'system': 'pbs', 'block_number': 5, 'success': True}, {'system': 'pos', 'block_number': 5, 'success': True}]"
23533,0,0,551,True,False,5.0,,False,False,True,21367.0,5,failed,"[{'system': 'pbs', 'block_number': 5, 'success': False}]"
21368,0,0,236,True,True,5.0,5.0,False,False,True,21365.0,5,failed,"[{'system': 'pbs', 'block_number': 5, 'success': False}, {'system': 'pos', 'block_number': 5, 'success': False}]"
21365,43000114,146000,222,True,True,5.0,5.0,True,True,True,21363.0,5,b_attack,"[{'system': 'pbs', 'block_number': 5, 'success': True}, {'system': 'pos', 'block_number': 5, 'success': True}]"
21366,0,0,222,True,True,5.0,5.0,False,False,True,21363.0,5,failed,"[{'system': 'pbs', 'block_number': 5, 'success': False}, {'system': 'pos', 'block_number': 5, 'success': False}]"
21363,43000113,146000,238,True,True,5.0,5.0,True,True,True,21361.0,5,b_attack,"[{'system': 'pbs', 'block_number': 5, 'success': True}, {'system': 'pos', 'block_number': 5, 'success': True}]"
21364,0,0,238,True,True,5.0,5.0,False,False,True,21361.0,5,failed,"[{'system': 'pbs', 'block_number': 5, 'success': False}, {'system': 'pos', 'block_number': 5, 'success': False}]"
21361,43000112,146000,240,True,True,5.0,5.0,True,True,True,21359.0,5,b_attack,"[{'system': 'pbs', 'block_number': 5, 'success': True}, {'system': 'pos', 'block_number': 5, 'success': True}]"
21362,0,0,240,True,True,5.0,5.0,False,False,True,21359.0,5,failed,"[{'system': 'pbs', 'block_number': 5, 'success': False}, {'system': 'pos', 'block_number': 5, 'success': False}]"
21359,43000111,146000,228,True,True,5.0,5.0,True,True,True,21357.0,5,b_attack,"[{'system': 'pbs', 'block_number': 5, 'success': True}, {'system': 'pos', 'block_number': 5, 'success': True}]"
21360,0,0,228,True,True,5.0,5.0,False,False,True,21357.0,5,failed,"[{'system': 'pbs', 'block_number': 5, 'success': False}, {'system': 'pos', 'block_number': 5, 'success': False}]"
21357,43000110,146000,236,True,True,5.0,5.0,True,True,True,21355.0,5,b_attack,"[{'system': 'pbs', 'block_number': 5, 'success': True}, {'system': 'pos', 'block_number': 5, 'success': True}]"
21358,0,0,236,True,True,5.0,5.0,False,False,True,21355.0,5,failed,"[{'system': 'pbs', 'block_number': 5, 'success': False}, {'system': 'pos', 'block_number': 5, 'success': False}]"
21355,43000109,146000,228,True,True,5.0,5.0,True,True,True,21353.0,5,b_attack,"[{'system': 'pbs', 'block_number': 5, 'success': True}, {'system': 'pos', 'block_number': 5, 'success': True}]"
21356,0,0,228,True,True,5.0,5.0,False,False,True,21353.0,5,failed,"[{'system': 'pbs', 'block_number': 5, 'success': False}, {'system': 'pos', 'block_number': 5, 'success': False}]"
21353,43000108,146000,222,True,True,5.0,5.0,True,True,True,21351.0,5,b_attack,"[{'system': 'pbs', 'block_number': 5, 'success': True}, {'system': 'pos', 'block_number': 5, 'success': True}]"
21354,0,0,222,True,True,5.0,5.0,False,False,True,21351.0,5,failed,"[{'system': 'pbs', 'block_number': 5, 'success': False}, {'system': 'pos', 'block_number': 5, 'success': False}]"
21351,43000107,146000,226,True,True,5.0,5.0,True,True,True,21349.0,5,b_attack,"[{'system': 'pbs', 'block_number': 5, 'success': True}, {'system': 'pos', 'block_number': 5, 'success': True}]"
21352,0,0,226,True,True,5.0,5.0,False,False,True,21349.0,5,failed,"[{'system': 'pbs', 'block_number': 5, 'success': False}, {'system': 'pos', 'block_number': 5, 'success': False}]"
21349,43000106,146000,222,True,True,5.0,5.0,True,True,True,21347.0,5,b_attack,"[{'system': 'pbs', 'block_number': 5, 'success': True}, {'system': 'pos', 'block_number': 5, 'success': True}]"
21350,0,0,222,True,True,5.0,5.0,False,False,True,21347.0,5,failed,"[{'system': 'pbs', 'block_number': 5, 'success': False}, {'system': 'pos', 'block_number': 5, 'success': False}]"
21347,43000105,146000,225,True,True,5.0,5.0,True,True,True,21345.0,5,b_attack,"[{'system': 'pbs', 'block_number': 5, 'success': True}, {'system': 'pos', 'block_number': 5, 'success': True}]"
21348,0,0,225,True,True,5.0,5.0,False,False,True,21345.0,5,failed,"[{'system': 'pbs', 'block_number': 5, 'success': False}, {'system': 'pos', 'block_number': 5, 'success': False}]"
21345,43000104,146000,232,True,True,5.0,5.0,True,True,True,21343.0,5,b_attack,"[{'system': 'pbs', 'block_number': 5, 'success': True}, {'system': 'pos', 'block_number': 5, 'success': True}]"
21346,0,0,232,True,True,5.0,5.0,False,False,True,21343.0,5,failed,"[{'system': 'pbs', 'block_number': 5, 'success': False}, {'system': 'pos', 'block_number': 5, 'success': False}]"
21343,43000103,146000,237,True,True,5.0,5.0,True,True,True,21341.0,5,b_attack,"[{'system': 'pbs', 'block_number': 5, 'success': True}, {'system': 'pos', 'block_number': 5, 'success': True}]"
21344,0,0,237,True,True,5.0,5.0,False,False,True,21341.0,5,failed,"[{'system': 'pbs', 'block_number': 5, 'success': False}, {'system': 'pos', 'block_number': 5, 'success': False}]"
21341,43000102,146000,239,True,True,5.0,5.0,True,True,True,21339.0,5,b_attack,"[{'system': 'pbs', 'block_number': 5, 'success': True}, {'system': 'pos', 'block_number': 5, 'success': True}]"
21342,0,0,239,True,True,5.0,5.0,False,False,True,21339.0,5,failed,"[{'system': 'pbs', 'block_number': 5, 'success': False}, {'system': 'pos', 'block_number': 5, 'success': False}]"
21339,43000101,146000,222,True,True,5.0,5.0,True,True,True,21337.0,5,b_attack,"[{'system': 'pbs', 'block_number': 5, 'success': True}, {'system': 'pos', 'block_number': 5, 'success': True}]"
21340,0,0,222,True,True,5.0,5.0,False,False,True,21337.0,5,failed,"[{'system': 'pbs', 'block_number': 5, 'success': False}, {'system': 'pos', 'block_number': 5, 'success': False}]"
21337,43000100,146000,235,True,True,5.0,5.0,True,True,True,21335.0,5,b_attack,"[{'system': 'pbs', 'block_number': 5, 'success': True}, {'system': 'pos', 'block_number': 5, 'success': True}]"
21338,0,0,235,True,True,5.0,5.0,False,False,True,21335.0,5,failed,"[{'system': 'pbs', 'block_number': 5, 'success': False}, {'system': 'pos', 'block_number': 5, 'success': False}]"
21335,43000099,146000,225,True,True,5.0,5.0,True,True,True,21333.0,5,b_attack,"[{'system': 'pbs', 'block_number': 5, 'success': True}, {'system': 'pos', 'block_number': 5, 'success': True}]"
21336,0,0,225,True,True,5.0,5.0,False,False,True,21333.0,5,failed,"[{'system': 'pbs', 'block_number': 5, 'success': False}, {'system': 'pos', 'block_number': 5, 'success': False}]"
21333,43000098,146000,237,True,True,5.0,5.0,True,True,True,21331.0,5,b_attack,"[{'system': 'pbs', 'block_number': 5, 'success': True}, {'system': 'pos', 'block_number': 5, 'success': True}]"
21334,0,0,237,True,True,5.0,5.0,False,False,True,21331.0,5,failed,"[{'system': 'pbs', 'block_number': 5, 'success': False}, {'system': 'pos', 'block_number': 5, 'success': False}]"
21331,43000097,146000,236,True,True,5.0,5.0,True,True,True,21329.0,5,b_attack,"[{'system': 'pbs', 'block_number': 5, 'success': True}, {'system': 'pos', 'block_number': 5, 'success': True}]"
21332,0,0,236,True,True,5.0,5.0,False,False,True,21329.0,5,failed,"[{'system': 'pbs', 'block_number': 5, 'success': False}, {'system': 'pos', 'block_number': 5, 'success': False}]"
21329,43000096,146000,227,True,True,5.0,5.0,True,True,True,21327.0,5,b_attack,"[{'system': 'pbs', 'block_number': 5, 'success': True}, {'system': 'pos', 'block_number': 5, 'success': True}]"
21330,0,0,227,True,True,5.0,5.0,False,False,True,21327.0,5,failed,"[{'system': 'pbs', 'block_number': 5, 'success': False}, {'system': 'pos', 'block_number': 5, 'success': False}]"
21327,43000095,146000,222,True,True,5.0,5.0,True,True,True,21325.0,5,b_attack,"[{'system': 'pbs', 'block_number': 5, 'success': True}, {'system': 'pos', 'block_number': 5, 'success': True}]"
21328,0,0,222,True,True,5.0,5.0,False,False,True,21325.0,5,failed,"[{'system': 'pbs', 'block_number': 5, 'success': False}, {'system': 'pos', 'block_number': 5, 'success': False}]"
21325,43000094,146000,228,True,True,5.0,5.0,True,True,True,21323.0,5,b_attack,"[{'system': 'pbs', 'block_number': 5, 'success': True}, {'system': 'pos', 'block_number': 5, 'success': True}]"
21326,0,0,228,True,True,5.0,5.0,False,False,True,21323.0,5,failed,"[{'system': 'pbs', 'block_number': 5, 'success': False}, {'system': 'pos', 'block_number': 5, 'success': False}]"
21323,43000093,146000,223,True,True,5.0,5.0,True,True,True,21321.0,5,b_attack,"[{'system': 'pbs', 'block_number': 5, 'success': True}, {'system': 'pos', 'block_number': 5, 'success': True}]"
21324,0,0,223,True,True,5.0,5.0,False,False,True,21321.0,5,failed,"[{'system': 'pbs', 'block_number': 5, 'success': False}, {'system': 'pos', 'block_number': 5, 'success': False}]"
21321,0,0,239,True,True,5.0,5.0,False,True,True,21319.0,5,failed,"[{'system': 'pbs', 'block_number': 5, 'success': False}, {'system': 'pos', 'block_number': 5, 'success': True}]"
21322,0,0,239,True,True,5.0,5.0,False,False,True,21319.0,5,failed,"[{'system': 'pbs', 'block_number': 5, 'success': False}, {'system': 'pos', 'block_number': 5, 'success': False}]"
21415,43000139,146000,238,True,True,6.0,6.0,True,True,True,21413.0,6,b_attack,"[{'system': 'pbs', 'block_number': 6, 'success': True}, {'system': 'pos', 'block_number': 6, 'success': True}]"
23534,0,0,551,True,False,6.0,,False,False,True,21415.0,6,failed,"[{'system': 'pbs', 'block_number': 6, 'success': False}]"
21416,0,0,238,True,True,6.0,6.0,False,False,True,21413.0,6,failed,"[{'system': 'pbs', 'block_number': 6, 'success': False}, {'system': 'pos', 'block_number': 6, 'success': False}]"
21413,43000138,146000,239,True,True,6.0,6.0,True,True,True,21411.0,6,b_attack,"[{'system': 'pbs', 'block_number': 6, 'success': True}, {'system': 'pos', 'block_number': 6, 'success': True}]"
21414,0,0,239,True,True,6.0,6.0,False,False,True,21411.0,6,failed,"[{'system': 'pbs', 'block_number': 6, 'success': False}, {'system': 'pos', 'block_number': 6, 'success': False}]"
21411,43000137,146000,233,True,True,6.0,6.0,True,True,True,21409.0,6,b_attack,"[{'system': 'pbs', 'block_number': 6, 'success': True}, {'system': 'pos', 'block_number': 6, 'success': True}]"
21412,0,0,233,True,True,6.0,6.0,False,False,True,21409.0,6,failed,"[{'system': 'pbs', 'block_number': 6, 'success': False}, {'system': 'pos', 'block_number': 6, 'success': False}]"
21409,43000136,146000,224,True,True,6.0,6.0,True,True,True,21407.0,6,b_attack,"[{'system': 'pbs', 'block_number': 6, 'success': True}, {'system': 'pos', 'block_number': 6, 'success': True}]"
21410,0,0,224,True,True,6.0,6.0,False,False,True,21407.0,6,failed,"[{'system': 'pbs', 'block_number': 6, 'success': False}, {'system': 'pos', 'block_number': 6, 'success': False}]"
21407,43000135,146000,232,True,True,6.0,6.0,True,True,True,21405.0,6,b_attack,"[{'system': 'pbs', 'block_number': 6, 'success': True}, {'system': 'pos', 'block_number': 6, 'success': True}]"
21408,0,0,232,True,True,6.0,6.0,False,False,True,21405.0,6,failed,"[{'system': 'pbs', 'block_number': 6, 'success': False}, {'system': 'pos', 'block_number': 6, 'success': False}]"
21405,43000134,146000,229,True,True,6.0,6.0,True,True,True,21403.0,6,b_attack,"[{'system': 'pbs', 'block_number': 6, 'success': True}, {'system': 'pos', 'block_number': 6, 'success': True}]"
21406,0,0,229,True,True,6.0,6.0,False,False,True,21403.0,6,failed,"[{'system': 'pbs', 'block_number': 6, 'success': False}, {'system': 'pos', 'block_number': 6, 'success': False}]"
21403,43000133,146000,237,True,True,6.0,6.0,True,True,True,21401.0,6,b_attack,"[{'system': 'pbs', 'block_number': 6, 'success': True}, {'system': 'pos', 'block_number': 6, 'success': True}]"
21404,0,0,237,True,True,6.0,6.0,False,False,True,21401.0,6,failed,"[{'system': 'pbs', 'block_number': 6, 'success': False}, {'system': 'pos', 'block_number': 6, 'success': False}]"
21401,43000132,146000,230,True,True,6.0,6.0,True,True,True,21399.0,6,b_attack,"[{'system': 'pbs', 'block_number': 6, 'success': True}, {'system': 'pos', 'block_number': 6, 'success': True}]"
21402,0,0,230,True,True,6.0,6.0,False,False,True,21399.0,6,failed,"[{'system': 'pbs', 'block_number': 6, 'success': False}, {'system': 'pos', 'block_number': 6, 'success': False}]"
21399,43000131,146000,237,True,True,6.0,6.0,True,True,True,21397.0,6,b_attack,"[{'system': 'pbs', 'block_number': 6, 'success': True}, {'system': 'pos', 'block_number': 6, 'success': True}]"
21400,0,0,237,True,True,6.0,6.0,False,False,True,21397.0,6,failed,"[{'system': 'pbs', 'block_number': 6, 'success': False}, {'system': 'pos', 'block_number': 6, 'success': False}]"
21397,43000130,146000,227,True,True,6.0,6.0,True,True,True,21395.0,6,b_attack,"[{'system': 'pbs', 'block_number': 6, 'success': True}, {'system': 'pos', 'block_number': 6, 'success': True}]"
21398,0,0,227,True,True,6.0,6.0,False,False,True,21395.0,6,failed,"[{'system': 'pbs', 'block_number': 6, 'success': False}, {'system': 'pos', 'block_number': 6, 'success': False}]"
21395,43000129,146000,232,True,True,6.0,6.0,True,True,True,21393.0,6,b_attack,"[{'system': 'pbs', 'block_number': 6, 'success': True}, {'system': 'pos', 'block_number': 6, 'success': True}]"
21396,0,0,232,True,True,6.0,6.0,False,False,True,21393.0,6,failed,"[{'system': 'pbs', 'block_number': 6, 'success': False}, {'system': 'pos', 'block_number': 6, 'success': False}]"
21393,43000128,146000,227,True,True,6.0,6.0,True,True,True,21391.0,6,b_attack,"[{'system': 'pbs', 'block_number': 6, 'success': True}, {'system': 'pos', 'block_number': 6, 'success': True}]"
21394,0,0,227,True,True,6.0,6.0,False,False,True,21391.0,6,failed,"[{'system': 'pbs', 'block_number': 6, 'success': False}, {'system': 'pos', 'block_number': 6, 'success': False}]"
21391,43000127,146000,223,True,True,6.0,6.0,True,True,True,21389.0,6,b_attack,"[{'system': 'pbs', 'block_number': 6, 'success': True}, {'system': 'pos', 'block_number': 6, 'success': True}]"
21392,0,0,223,True,True,6.0,6.0,False,False,True,21389.0,6,failed,"[{'system': 'pbs', 'block_number': 6, 'success': False}, {'system': 'pos', 'block_number': 6, 'success': False}]"
21389,43000126,146000,234,True,True,6.0,6.0,True,True,True,21387.0,6,b_attack,"[{'system': 'pbs', 'block_number': 6, 'success': True}, {'system': 'pos', 'block_number': 6, 'success': True}]"
21390,0,0,234,True,True,6.0,6.0,False,False,True,21387.0,6,failed,"[{'system': 'pbs', 'block_number': 6, 'success': False}, {'system': 'pos', 'block_number': 6, 'success': False}]"
21387,43000125,146000,231,True,True,6.0,6.0,True,True,True,21385.0,6,b_attack,"[{'system': 'pbs', 'block_number': 6, 'success': True}, {'system': 'pos', 'block_number': 6, 'success': True}]"
21388,0,0,231,True,True,6.0,6.0,False,False,True,21385.0,6,failed,"[{'system': 'pbs', 'block_number': 6, 'success': False}, {'system': 'pos', 'block_number': 6, 'success': False}]"
21385,43000124,146000,237,True,True,6.0,6.0,True,True,True,21383.0,6,b_attack,"[{'system': 'pbs', 'block_number': 6, 'success': True}, {'system': 'pos', 'block_number': 6, 'success': True}]"
21386,0,0,237,True,True,6.0,6.0,False,False,True,21383.0,6,failed,"[{'system': 'pbs', 'block_number': 6, 'success': False}, {'system': 'pos', 'block_number': 6, 'success': False}]"
21383,43000123,146000,236,True,True,6.0,6.0,True,True,True,21381.0,6,b_attack,"[{'system': 'pbs', 'block_number': 6, 'success': True}, {'system': 'pos', 'block_number': 6, 'success': True}]"
21384,0,0,236,True,True,6.0,6.0,False,False,True,21381.0,6,failed,"[{'system': 'pbs', 'block_number': 6, 'success': False}, {'system': 'pos', 'block_number': 6, 'success': False}]"
21381,43000122,146000,226,True,True,6.0,6.0,True,True,True,21379.0,6,b_attack,"[{'system': 'pbs', 'block_number': 6, 'success': True}, {'system': 'pos', 'block_number': 6, 'success': True}]"
21382,0,0,226,True,True,6.0,6.0,False,False,True,21379.0,6,failed,"[{'system': 'pbs', 'block_number': 6, 'success': False}, {'system': 'pos', 'block_number': 6, 'success': False}]"
21379,43000121,146000,238,True,True,6.0,6.0,True,True,True,21377.0,6,b_attack,"[{'system': 'pbs', 'block_number': 6, 'success': True}, {'system': 'pos', 'block_number': 6, 'success': True}]"
21380,0,0,238,True,True,6.0,6.0,False,False,True,21377.0,6,failed,"[{'system': 'pbs', 'block_number': 6, 'success': False}, {'system': 'pos', 'block_number': 6, 'success': False}]"
21377,43000120,146000,240,True,True,6.0,6.0,True,True,True,21375.0,6,b_attack,"[{'system': 'pbs', 'block_number': 6, 'success': True}, {'system': 'pos', 'block_number': 6, 'success': True}]"
21378,0,0,240,True,True,6.0,6.0,False,False,True,21375.0,6,failed,"[{'system': 'pbs', 'block_number': 6, 'success': False}, {'system': 'pos', 'block_number': 6, 'success': False}]"
21375,43000119,146000,238,True,True,6.0,6.0,True,True,True,21373.0,6,b_attack,"[{'system': 'pbs', 'block_number': 6, 'success': True}, {'system': 'pos', 'block_number': 6, 'success': True}]"
21376,0,0,238,True,True,6.0,6.0,False,False,True,21373.0,6,failed,"[{'system': 'pbs', 'block_number': 6, 'success': False}, {'system': 'pos', 'block_number': 6, 'success': False}]"
21373,43000118,146000,232,True,True,6.0,6.0,True,True,True,21371.0,6,b_attack,"[{'system': 'pbs', 'block_number': 6, 'success': True}, {'system': 'pos', 'block_number': 6, 'success': True}]"
21374,0,0,232,True,True,6.0,6.0,False,False,True,21371.0,6,failed,"[{'system': 'pbs', 'block_number': 6, 'success': False}, {'system': 'pos', 'block_number': 6, 'success': False}]"
21371,43000117,146000,233,True,True,6.0,6.0,True,True,True,21369.0,6,b_attack,"[{'system': 'pbs', 'block_number': 6, 'success': True}, {'system': 'pos', 'block_number': 6, 'success': True}]"
21372,0,0,233,True,True,6.0,6.0,False,False,True,21369.0,6,failed,"[{'system': 'pbs', 'block_number': 6, 'success': False}, {'system': 'pos', 'block_number': 6, 'success': False}]"
21369,0,0,227,True,True,6.0,6.0,False,False,True,21367.0,6,failed,"[{'system': 'pbs', 'block_number': 6, 'success': False}, {'system': 'pos', 'block_number': 6, 'success': False}]"
21370,0,0,227,True,True,6.0,6.0,False,False,True,21367.0,6,failed,"[{'system': 'pbs', 'block_number': 6, 'success': False}, {'system': 'pos', 'block_number': 6, 'success': False}]"
21463,43000163,146000,240,True,True,7.0,7.0,True,True,True,21461.0,7,b_attack,"[{'system': 'pbs', 'block_number': 7, 'success': True}, {'system': 'pos', 'block_number': 7, 'success': True}]"
23535,0,0,555,True,False,7.0,,False,False,True,21463.0,7,failed,"[{'system': 'pbs', 'block_number': 7, 'success': False}]"
21464,0,0,240,True,True,7.0,7.0,False,False,True,21461.0,7,failed,"[{'system': 'pbs', 'block_number': 7, 'success': False}, {'system': 'pos', 'block_number': 7, 'success': False}]"
21461,43000162,146000,225,True,True,7.0,7.0,True,True,True,21459.0,7,b_attack,"[{'system': 'pbs', 'block_number': 7, 'success': True}, {'system': 'pos', 'block_number': 7, 'success': True}]"
21462,0,0,225,True,True,7.0,7.0,False,False,True,21459.0,7,failed,"[{'system': 'pbs', 'block_number': 7, 'success': False}, {'system': 'pos', 'block_number': 7, 'success': False}]"
21459,43000161,146000,233,True,True,7.0,7.0,True,True,True,21457.0,7,b_attack,"[{'system': 'pbs', 'block_number': 7, 'success': True}, {'system': 'pos', 'block_number': 7, 'success': True}]"
21460,0,0,233,True,True,7.0,7.0,False,False,True,21457.0,7,failed,"[{'system': 'pbs', 'block_number': 7, 'success': False}, {'system': 'pos', 'block_number': 7, 'success': False}]"
21457,43000160,146000,237,True,True,7.0,7.0,True,True,True,21455.0,7,b_attack,"[{'system': 'pbs', 'block_number': 7, 'success': True}, {'system': 'pos', 'block_number': 7, 'success': True}]"
21458,0,0,237,True,True,7.0,7.0,False,False,True,21455.0,7,failed,"[{'system': 'pbs', 'block_number': 7, 'success': False}, {'system': 'pos', 'block_number': 7, 'success': False}]"
21455,43000159,146000,227,True,True,7.0,7.0,True,True,True,21453.0,7,b_attack,"[{'system': 'pbs', 'block_number': 7, 'success': True}, {'system': 'pos', 'block_number': 7, 'success': True}]"
21456,0,0,227,True,True,7.0,7.0,False,False,True,21453.0,7,failed,"[{'system': 'pbs', 'block_number': 7, 'success': False}, {'system': 'pos', 'block_number': 7, 'success': False}]"
21453,43000158,146000,238,True,True,7.0,7.0,True,True,True,21451.0,7,b_attack,"[{'system': 'pbs', 'block_number': 7, 'success': True}, {'system': 'pos', 'block_number': 7, 'success': True}]"
21454,0,0,238,True,True,7.0,7.0,False,False,True,21451.0,7,failed,"[{'system': 'pbs', 'block_number': 7, 'success': False}, {'system': 'pos', 'block_number': 7, 'success': False}]"
21451,43000157,146000,232,True,True,7.0,7.0,True,True,True,21449.0,7,b_attack,"[{'system': 'pbs', 'block_number': 7, 'success': True}, {'system': 'pos', 'block_number': 7, 'success': True}]"
21452,0,0,232,True,True,7.0,7.0,False,False,True,21449.0,7,failed,"[{'system': 'pbs', 'block_number': 7, 'success': False}, {'system': 'pos', 'block_number': 7, 'success': False}]"
21449,43000156,146000,240,True,True,7.0,7.0,True,True,True,21447.0,7,b_attack,"[{'system': 'pbs', 'block_number': 7, 'success': True}, {'system': 'pos', 'block_number': 7, 'success': True}]"
21450,0,0,240,True,True,7.0,7.0,False,False,True,21447.0,7,failed,"[{'system': 'pbs', 'block_number': 7, 'success': False}, {'system': 'pos', 'block_number': 7, 'success': False}]"
21447,43000155,146000,236,True,True,7.0,7.0,True,True,True,21445.0,7,b_attack,"[{'system': 'pbs', 'block_number': 7, 'success': True}, {'system': 'pos', 'block_number': 7, 'success': True}]"
21448,0,0,236,True,True,7.0,7.0,False,False,True,21445.0,7,failed,"[{'system': 'pbs', 'block_number': 7, 'success': False}, {'system': 'pos', 'block_number': 7, 'success': False}]"
21445,43000154,146000,235,True,True,7.0,7.0,True,True,True,21443.0,7,b_attack,"[{'system': 'pbs', 'block_number': 7, 'success': True}, {'system': 'pos', 'block_number': 7, 'success': True}]"
21446,0,0,235,True,True,7.0,7.0,False,False,True,21443.0,7,failed,"[{'system': 'pbs', 'block_number': 7, 'success': False}, {'system': 'pos', 'block_number': 7, 'success': False}]"
21443,43000153,146000,224,True,True,7.0,7.0,True,True,True,21441.0,7,b_attack,"[{'system': 'pbs', 'block_number': 7, 'success': True}, {'system': 'pos', 'block_number': 7, 'success': True}]"
21444,0,0,224,True,True,7.0,7.0,False,False,True,21441.0,7,failed,"[{'system': 'pbs', 'block_number': 7, 'success': False}, {'system': 'pos', 'block_number': 7, 'success': False}]"
21441,43000152,146000,240,True,True,7.0,7.0,True,True,True,21439.0,7,b_attack,"[{'system': 'pbs', 'block_number': 7, 'success': True}, {'system': 'pos', 'block_number': 7, 'success': True}]"
21442,0,0,240,True,True,7.0,7.0,False,False,True,21439.0,7,failed,"[{'system': 'pbs', 'block_number': 7, 'success': False}, {'system': 'pos', 'block_number': 7, 'success': False}]"
21439,43000151,146000,225,True,True,7.0,7.0,True,True,True,21437.0,7,b_attack,"[{'system': 'pbs', 'block_number': 7, 'success': True}, {'system': 'pos', 'block_number': 7, 'success': True}]"
21440,0,0,225,True,True,7.0,7.0,False,False,True,21437.0,7,failed,"[{'system': 'pbs', 'block_number': 7, 'success': False}, {'system': 'pos', 'block_number': 7, 'success': False}]"
21437,43000150,146000,239,True,True,7.0,7.0,True,True,True,21435.0,7,b_attack,"[{'system': 'pbs', 'block_number': 7, 'success': True}, {'system': 'pos', 'block_number': 7, 'success': True}]"
21438,0,0,239,True,True,7.0,7.0,False,False,True,21435.0,7,failed,"[{'system': 'pbs', 'block_number': 7, 'success': False}, {'system': 'pos', 'block_number': 7, 'success': False}]"
21435,43000149,146000,233,True,True,7.0,7.0,True,True,True,21433.0,7,b_attack,"[{'system': 'pbs', 'block_number': 7, 'success': True}, {'system': 'pos', 'block_number': 7, 'success': True}]"
21436,0,0,233,True,True,7.0,7.0,False,False,True,21433.0,7,failed,"[{'system': 'pbs', 'block_number': 7, 'success': False}, {'system': 'pos', 'block_number': 7, 'success': False}]"
21433,43000148,146000,239,True,True,7.0,7.0,True,True,True,21431.0,7,b_attack,"[{'system': 'pbs', 'block_number': 7, 'success': True}, {'system': 'pos', 'block_number': 7, 'success': True}]"
21434,0,0,239,True,True,7.0,7.0,False,False,True,21431.0,7,failed,"[{'system': 'pbs', 'block_number': 7, 'success': False}, {'system': 'pos', 'block_number': 7, 'success': False}]"
21431,43000147,146000,223,True,True,7.0,7.0,True,True,True,21429.0,7,b_attack,"[{'system': 'pbs', 'block_number': 7, 'success': True}, {'system': 'pos', 'block_number': 7, 'success': True}]"
21432,0,0,223,True,True,7.0,7.0,False,False,True,21429.0,7,failed,"[{'system': 'pbs', 'block_number': 7, 'success': False}, {'system': 'pos', 'block_number': 7, 'success': False}]"
21429,43000146,146000,240,True,True,7.0,7.0,True,True,True,21427.0,7,b_attack,"[{'system': 'pbs', 'block_number': 7, 'success': True}, {'system': 'pos', 'block_number': 7, 'success': True}]"
21430,0,0,240,True,True,7.0,7.0,False,False,True,21427.0,7,failed,"[{'system': 'pbs', 'block_number': 7, 'success': False}, {'system': 'pos', 'block_number': 7, 'success': False}]"
21427,43000145,146000,224,True,True,7.0,7.0,True,True,True,21425.0,7,b_attack,"[{'system': 'pbs', 'block_number': 7, 'success': True}, {'system': 'pos', 'block_number': 7, 'success': True}]"
21428,0,0,224,True,True,7.0,7.0,False,False,True,21425.0,7,failed,"[{'system': 'pbs', 'block_number': 7, 'success': False}, {'system': 'pos', 'block_number': 7, 'success': False}]"
21425,43000144,146000,240,True,True,7.0,7.0,True,True,True,21423.0,7,b_attack,"[{'system': 'pbs', 'block_number': 7, 'success': True}, {'system': 'pos', 'block_number': 7, 'success': True}]"
21426,0,0,240,True,True,7.0,7.0,False,False,True,21423.0,7,failed,"[{'system': 'pbs', 'block_number': 7, 'success': False}, {'system': 'pos', 'block_number': 7, 'success': False}]"
21423,43000143,146000,240,True,True,7.0,7.0,True,True,True,21421.0,7,b_attack,"[{'system': 'pbs', 'block_number': 7, 'success': True}, {'system': 'pos', 'block_number': 7, 'success': True}]"
21424,0,0,240,True,True,7.0,7.0,False,False,True,21421.0,7,failed,"[{'system': 'pbs', 'block_number': 7, 'success': False}, {'system': 'pos', 'block_number': 7, 'success': False}]"
21421,43000142,146000,225,True,True,7.0,7.0,True,True,True,21419.0,7,b_attack,"[{'system': 'pbs', 'block_number': 7, 'success': True}, {'system': 'pos', 'block_number': 7, 'success': True}]"
21422,0,0,225,True,True,7.0,7.0,False,False,True,21419.0,7,failed,"[{'system': 'pbs', 'block_number': 7, 'success': False}, {'system': 'pos', 'block_number': 7, 'success': False}]"
21419,43000141,146000,232,True,True,7.0,7.0,True,True,True,21417.0,7,b_attack,"[{'system': 'pbs', 'block_number': 7, 'success': True}, {'system': 'pos', 'block_number': 7, 'success': True}]"
21420,0,0,232,True,True,7.0,7.0,False,False,True,21417.0,7,failed,"[{'system': 'pbs', 'block_number': 7, 'success': False}, {'system': 'pos', 'block_number': 7, 'success': False}]"
21417,0,0,223,True,True,7.0,7.0,False,True,True,21415.0,7,failed,"[{'system': 'pbs', 'block_number': 7, 'success': False}, {'system': 'pos', 'block_number': 7, 'success': True}]"
21418,0,0,223,True,True,7.0,7.0,False,False,True,21415.0,7,failed,"[{'system': 'pbs', 'block_number': 7, 'success': False}, {'system': 'pos', 'block_number': 7, 'success': False}]"
21511,43000187,146000,237,True,True,8.0,8.0,True,True,True,21509.0,8,b_attack,"[{'system': 'pbs', 'block_number': 8, 'success': True}, {'system': 'pos', 'block_number': 8, 'success': True}]"
23536,0,0,553,True,False,8.0,,False,False,True,21511.0,8,failed,"[{'system': 'pbs', 'block_number': 8, 'success': False}]"
21512,0,0,237,True,True,8.0,8.0,False,False,True,21509.0,8,failed,"[{'system': 'pbs', 'block_number': 8, 'success': False}, {'system': 'pos', 'block_number': 8, 'success': False}]"
21509,43000186,146000,221,True,True,8.0,8.0,True,True,True,21507.0,8,b_attack,"[{'system': 'pbs', 'block_number': 8, 'success': True}, {'system': 'pos', 'block_number': 8, 'success': True}]"
21510,0,0,221,True,True,8.0,8.0,False,False,True,21507.0,8,failed,"[{'system': 'pbs', 'block_number': 8, 'success': False}, {'system': 'pos', 'block_number': 8, 'success': False}]"
21507,43000185,146000,236,True,True,8.0,8.0,True,True,True,21505.0,8,b_attack,"[{'system': 'pbs', 'block_number': 8, 'success': True}, {'system': 'pos', 'block_number': 8, 'success': True}]"
21508,0,0,236,True,True,8.0,8.0,False,False,True,21505.0,8,failed,"[{'system': 'pbs', 'block_number': 8, 'success': False}, {'system': 'pos', 'block_number': 8, 'success': False}]"
21505,43000184,146000,221,True,True,8.0,8.0,True,True,True,21503.0,8,b_attack,"[{'system': 'pbs', 'block_number': 8, 'success': True}, {'system': 'pos', 'block_number': 8, 'success': True}]"
21506,0,0,221,True,True,8.0,8.0,False,False,True,21503.0,8,failed,"[{'system': 'pbs', 'block_number': 8, 'success': False}, {'system': 'pos', 'block_number': 8, 'success': False}]"
21503,43000183,146000,238,True,True,8.0,8.0,True,True,True,21501.0,8,b_attack,"[{'system': 'pbs', 'block_number': 8, 'success': True}, {'system': 'pos', 'block_number': 8, 'success': True}]"
21504,0,0,238,True,True,8.0,8.0,False,False,True,21501.0,8,failed,"[{'system': 'pbs', 'block_number': 8, 'success': False}, {'system': 'pos', 'block_number': 8, 'success': False}]"
21501,43000182,146000,231,True,True,8.0,8.0,True,True,True,21499.0,8,b_attack,"[{'system': 'pbs', 'block_number': 8, 'success': True}, {'system': 'pos', 'block_number': 8, 'success': True}]"
21502,0,0,231,True,True,8.0,8.0,False,False,True,21499.0,8,failed,"[{'system': 'pbs', 'block_number': 8, 'success': False}, {'system': 'pos', 'block_number': 8, 'success': False}]"
21499,43000181,146000,235,True,True,8.0,8.0,True,True,True,21497.0,8,b_attack,"[{'system': 'pbs', 'block_number': 8, 'success': True}, {'system': 'pos', 'block_number': 8, 'success': True}]"
21500,0,0,235,True,True,8.0,8.0,False,False,True,21497.0,8,failed,"[{'system': 'pbs', 'block_number': 8, 'success': False}, {'system': 'pos', 'block_number': 8, 'success': False}]"
21497,43000180,146000,239,True,True,8.0,8.0,True,True,True,21495.0,8,b_attack,"[{'system': 'pbs', 'block_number': 8, 'success': True}, {'system': 'pos', 'block_number': 8, 'success': True}]"
21498,0,0,239,True,True,8.0,8.0,False,False,True,21495.0,8,failed,"[{'system': 'pbs', 'block_number': 8, 'success': False}, {'system': 'pos', 'block_number': 8, 'success': False}]"
21495,43000179,146000,223,True,True,8.0,8.0,True,True,True,21493.0,8,b_attack,"[{'system': 'pbs', 'block_number': 8, 'success': True}, {'system': 'pos', 'block_number': 8, 'success': True}]"
21496,0,0,223,True,True,8.0,8.0,False,False,True,21493.0,8,failed,"[{'system': 'pbs', 'block_number': 8, 'success': False}, {'system': 'pos', 'block_number': 8, 'success': False}]"
21493,43000178,146000,239,True,True,8.0,8.0,True,True,True,21491.0,8,b_attack,"[{'system': 'pbs', 'block_number': 8, 'success': True}, {'system': 'pos', 'block_number': 8, 'success': True}]"
21494,0,0,239,True,True,8.0,8.0,False,False,True,21491.0,8,failed,"[{'system': 'pbs', 'block_number': 8, 'success': False}, {'system': 'pos', 'block_number': 8, 'success': False}]"
21491,43000177,146000,232,True,True,8.0,8.0,True,True,True,21489.0,8,b_attack,"[{'system': 'pbs', 'block_number': 8, 'success': True}, {'system': 'pos', 'block_number': 8, 'success': True}]"
21492,0,0,232,True,True,8.0,8.0,False,False,True,21489.0,8,failed,"[{'system': 'pbs', 'block_number': 8, 'success': False}, {'system': 'pos', 'block_number': 8, 'success': False}]"
21489,43000176,146000,225,True,True,8.0,8.0,True,True,True,21487.0,8,b_attack,"[{'system': 'pbs', 'block_number': 8, 'success': True}, {'system': 'pos', 'block_number': 8, 'success': True}]"
21490,0,0,225,True,True,8.0,8.0,False,False,True,21487.0,8,failed,"[{'system': 'pbs', 'block_number': 8, 'success': False}, {'system': 'pos', 'block_number': 8, 'success': False}]"
21487,43000175,146000,232,True,True,8.0,8.0,True,True,True,21485.0,8,b_attack,"[{'system': 'pbs', 'block_number': 8, 'success': True}, {'system': 'pos', 'block_number': 8, 'success': True}]"
21488,0,0,232,True,True,8.0,8.0,False,False,True,21485.0,8,failed,"[{'system': 'pbs', 'block_number': 8, 'success': False}, {'system': 'pos', 'block_number': 8, 'success': False}]"
21485,43000174,146000,237,True,True,8.0,8.0,True,True,True,21483.0,8,b_attack,"[{'system': 'pbs', 'block_number': 8, 'success': True}, {'system': 'pos', 'block_number': 8, 'success': True}]"
21486,0,0,237,True,True,8.0,8.0,False,False,True,21483.0,8,failed,"[{'system': 'pbs', 'block_number': 8, 'success': False}, {'system': 'pos', 'block_number': 8, 'success': False}]"
21483,43000173,146000,225,True,True,8.0,8.0,True,True,True,21481.0,8,b_attack,"[{'system': 'pbs', 'block_number': 8, 'success': True}, {'system': 'pos', 'block_number': 8, 'success': True}]"
21484,0,0,225,True,True,8.0,8.0,False,False,True,21481.0,8,failed,"[{'system': 'pbs', 'block_number': 8, 'success': False}, {'system': 'pos', 'block_number': 8, 'success': False}]"
21481,43000172,146000,233,True,True,8.0,8.0,True,True,True,21479.0,8,b_attack,"[{'system': 'pbs', 'block_number': 8, 'success': True}, {'system': 'pos', 'block_number': 8, 'success': True}]"
21482,0,0,233,True,True,8.0,8.0,False,False,True,21479.0,8,failed,"[{'system': 'pbs', 'block_number': 8, 'success': False}, {'system': 'pos', 'block_number': 8, 'success': False}]"
21479,43000171,146000,229,True,True,8.0,8.0,True,True,True,21477.0,8,b_attack,"[{'system': 'pbs', 'block_number': 8, 'success': True}, {'system': 'pos', 'block_number': 8, 'success': True}]"
21480,0,0,229,True,True,8.0,8.0,False,False,True,21477.0,8,failed,"[{'system': 'pbs', 'block_number': 8, 'success': False}, {'system': 'pos', 'block_number': 8, 'success': False}]"
21477,43000170,146000,223,True,True,8.0,8.0,True,True,True,21475.0,8,b_attack,"[{'system': 'pbs', 'block_number': 8, 'success': True}, {'system': 'pos', 'block_number': 8, 'success': True}]"
21478,0,0,223,True,True,8.0,8.0,False,False,True,21475.0,8,failed,"[{'system': 'pbs', 'block_number': 8, 'success': False}, {'system': 'pos', 'block_number': 8, 'success': False}]"
21475,43000169,146000,233,True,True,8.0,8.0,True,True,True,21473.0,8,b_attack,"[{'system': 'pbs', 'block_number': 8, 'success': True}, {'system': 'pos', 'block_number': 8, 'success': True}]"
21476,0,0,233,True,True,8.0,8.0,False,False,True,21473.0,8,failed,"[{'system': 'pbs', 'block_number': 8, 'success': False}, {'system': 'pos', 'block_number': 8, 'success': False}]"
21473,43000168,146000,232,True,True,8.0,8.0,True,True,True,21471.0,8,b_attack,"[{'system': 'pbs', 'block_number': 8, 'success': True}, {'system': 'pos', 'block_number': 8, 'success': True}]"
21474,0,0,232,True,True,8.0,8.0,False,False,True,21471.0,8,failed,"[{'system': 'pbs', 'block_number': 8, 'success': False}, {'system': 'pos', 'block_number': 8, 'success': False}]"
21471,43000167,146000,223,True,True,8.0,8.0,True,True,True,21469.0,8,b_attack,"[{'system': 'pbs', 'block_number': 8, 'success': True}, {'system': 'pos', 'block_number': 8, 'success': True}]"
21472,0,0,223,True,True,8.0,8.0,False,False,True,21469.0,8,failed,"[{'system': 'pbs', 'block_number': 8, 'success': False}, {'system': 'pos', 'block_number': 8, 'success': False}]"
21469,43000166,146000,237,True,True,8.0,8.0,True,True,True,21467.0,8,b_attack,"[{'system': 'pbs', 'block_number': 8, 'success': True}, {'system': 'pos', 'block_number': 8, 'success': True}]"
21470,0,0,237,True,True,8.0,8.0,False,False,True,21467.0,8,failed,"[{'system': 'pbs', 'block_number': 8, 'success': False}, {'system': 'pos', 'block_number': 8, 'success': False}]"
21467,43000165,146000,231,True,True,8.0,8.0,True,True,True,21465.0,8,b_attack,"[{'system': 'pbs', 'block_number': 8, 'success': True}, {'system': 'pos', 'block_number': 8, 'success': True}]"
21468,0,0,231,True,True,8.0,8.0,False,False,True,21465.0,8,failed,"[{'system': 'pbs', 'block_number': 8, 'success': False}, {'system': 'pos', 'block_number': 8, 'success': False}]"
21465,0,0,229,True,True,8.0,8.0,False,True,True,21463.0,8,failed,"[{'system': 'pbs', 'block_number': 8, 'success': False}, {'system': 'pos', 'block_number': 8, 'success': True}]"
21466,0,0,229,True,True,8.0,8.0,False,False,True,21463.0,8,failed,"[{'system': 'pbs', 'block_number': 8, 'success': False}, {'system': 'pos', 'block_number': 8, 'success': False}]"
21559,43000211,146000,227,True,True,9.0,9.0,True,True,True,21557.0,9,b_attack,"[{'system': 'pbs', 'block_number': 9, 'success': True}, {'system': 'pos', 'block_number': 9, 'success': True}]"
23537,0,0,559,True,False,9.0,,False,False,True,21559.0,9,failed,"[{'system': 'pbs', 'block_number': 9, 'success': False}]"
21560,0,0,227,True,True,9.0,9.0,False,False,True,21557.0,9,failed,"[{'system': 'pbs', 'block_number': 9, 'success': False}, {'system': 'pos', 'block_number': 9, 'success': False}]"
21557,43000210,146000,238,True,True,9.0,9.0,True,True,True,21555.0,9,b_attack,"[{'system': 'pbs', 'block_number': 9, 'success': True}, {'system': 'pos', 'block_number': 9, 'success': True}]"
21558,0,0,238,True,True,9.0,9.0,False,False,True,21555.0,9,failed,"[{'system': 'pbs', 'block_number': 9, 'success': False}, {'system': 'pos', 'block_number': 9, 'success': False}]"
21555,43000209,146000,231,True,True,9.0,9.0,True,True,True,21553.0,9,b_attack,"[{'system': 'pbs', 'block_number': 9, 'success': True}, {'system': 'pos', 'block_number': 9, 'success': True}]"
21556,0,0,231,True,True,9.0,9.0,False,False,True,21553.0,9,failed,"[{'system': 'pbs', 'block_number': 9, 'success': False}, {'system': 'pos', 'block_number': 9, 'success': False}]"
21553,43000208,146000,225,True,True,9.0,9.0,True,True,True,21551.0,9,b_attack,"[{'system': 'pbs', 'block_number': 9, 'success': True}, {'system': 'pos', 'block_number': 9, 'success': True}]"
21554,0,0,225,True,True,9.0,9.0,False,False,True,21551.0,9,failed,"[{'system': 'pbs', 'block_number': 9, 'success': False}, {'system': 'pos', 'block_number': 9, 'success': False}]"
21551,43000207,146000,228,True,True,9.0,9.0,True,True,True,21549.0,9,b_attack,"[{'system': 'pbs', 'block_number': 9, 'success': True}, {'system': 'pos', 'block_number': 9, 'success': True}]"
21552,0,0,228,True,True,9.0,9.0,False,False,True,21549.0,9,failed,"[{'system': 'pbs', 'block_number': 9, 'success': False}, {'system': 'pos', 'block_number': 9, 'success': False}]"
21549,43000206,146000,222,True,True,9.0,9.0,True,True,True,21547.0,9,b_attack,"[{'system': 'pbs', 'block_number': 9, 'success': True}, {'system': 'pos', 'block_number': 9, 'success': True}]"
21550,0,0,222,True,True,9.0,9.0,False,False,True,21547.0,9,failed,"[{'system': 'pbs', 'block_number': 9, 'success': False}, {'system': 'pos', 'block_number': 9, 'success': False}]"
21547,43000205,146000,226,True,True,9.0,9.0,True,True,True,21545.0,9,b_attack,"[{'system': 'pbs', 'block_number': 9, 'success': True}, {'system': 'pos', 'block_number': 9, 'success': True}]"
21548,0,0,226,True,True,9.0,9.0,False,False,True,21545.0,9,failed,"[{'system': 'pbs', 'block_number': 9, 'success': False}, {'system': 'pos', 'block_number': 9, 'success': False}]"
21545,43000204,146000,235,True,True,9.0,9.0,True,True,True,21543.0,9,b_attack,"[{'system': 'pbs', 'block_number': 9, 'success': True}, {'system': 'pos', 'block_number': 9, 'success': True}]"
21546,0,0,235,True,True,9.0,9.0,False,False,True,21543.0,9,failed,"[{'system': 'pbs', 'block_number': 9, 'success': False}, {'system': 'pos', 'block_number': 9, 'success': False}]"
21543,43000203,146000,222,True,True,9.0,9.0,True,True,True,21541.0,9,b_attack,"[{'system': 'pbs', 'block_number': 9, 'success': True}, {'system': 'pos', 'block_number': 9, 'success': True}]"
21544,0,0,222,True,True,9.0,9.0,False,False,True,21541.0,9,failed,"[{'system': 'pbs', 'block_number': 9, 'success': False}, {'system': 'pos', 'block_number': 9, 'success': False}]"
21541,43000202,146000,238,True,True,9.0,9.0,True,True,True,21539.0,9,b_attack,"[{'system': 'pbs', 'block_number': 9, 'success': True}, {'system': 'pos', 'block_number': 9, 'success': True}]"
21542,0,0,238,True,True,9.0,9.0,False,False,True,21539.0,9,failed,"[{'system': 'pbs', 'block_number': 9, 'success': False}, {'system': 'pos', 'block_number': 9, 'success': False}]"
21539,43000201,146000,221,True,True,9.0,9.0,True,True,True,21537.0,9,b_attack,"[{'system': 'pbs', 'block_number': 9, 'success': True}, {'system': 'pos', 'block_number': 9, 'success': True}]"
21540,0,0,221,True,True,9.0,9.0,False,False,True,21537.0,9,failed,"[{'system': 'pbs', 'block_number': 9, 'success': False}, {'system': 'pos', 'block_number': 9, 'success': False}]"
21537,43000200,146000,235,True,True,9.0,9.0,True,True,True,21535.0,9,b_attack,"[{'system': 'pbs', 'block_number': 9, 'success': True}, {'system': 'pos', 'block_number': 9, 'success': True}]"
21538,0,0,235,True,True,9.0,9.0,False,False,True,21535.0,9,failed,"[{'system': 'pbs', 'block_number': 9, 'success': False}, {'system': 'pos', 'block_number': 9, 'success': False}]"
21535,43000199,146000,232,True,True,9.0,9.0,True,True,True,21533.0,9,b_attack,"[{'system': 'pbs', 'block_number': 9, 'success': True}, {'system': 'pos', 'block_number': 9, 'success': True}]"
21536,0,0,232,True,True,9.0,9.0,False,False,True,21533.0,9,failed,"[{'system': 'pbs', 'block_number': 9, 'success': False}, {'system': 'pos', 'block_number': 9, 'success': False}]"
21533,43000198,146000,232,True,True,9.0,9.0,True,True,True,21531.0,9,b_attack,"[{'system': 'pbs', 'block_number': 9, 'success': True}, {'system': 'pos', 'block_number': 9, 'success': True}]"
21534,0,0,232,True,True,9.0,9.0,False,False,True,21531.0,9,failed,"[{'system': 'pbs', 'block_number': 9, 'success': False}, {'system': 'pos', 'block_number': 9, 'success': False}]"
21531,43000197,146000,225,True,True,9.0,9.0,True,True,True,21529.0,9,b_attack,"[{'system': 'pbs', 'block_number': 9, 'success': True}, {'system': 'pos', 'block_number': 9, 'success': True}]"
21532,0,0,225,True,True,9.0,9.0,False,False,True,21529.0,9,failed,"[{'system': 'pbs', 'block_number': 9, 'success': False}, {'system': 'pos', 'block_number': 9, 'success': False}]"
21529,43000196,146000,240,True,True,9.0,9.0,True,True,True,21527.0,9,b_attack,"[{'system': 'pbs', 'block_number': 9, 'success': True}, {'system': 'pos', 'block_number': 9, 'success': True}]"
21530,0,0,240,True,True,9.0,9.0,False,False,True,21527.0,9,failed,"[{'system': 'pbs', 'block_number': 9, 'success': False}, {'system': 'pos', 'block_number': 9, 'success': False}]"
21527,43000195,146000,234,True,True,9.0,9.0,True,True,True,21525.0,9,b_attack,"[{'system': 'pbs', 'block_number': 9, 'success': True}, {'system': 'pos', 'block_number': 9, 'success': True}]"
21528,0,0,234,True,True,9.0,9.0,False,False,True,21525.0,9,failed,"[{'system': 'pbs', 'block_number': 9, 'success': False}, {'system': 'pos', 'block_number': 9, 'success': False}]"
21525,43000194,146000,236,True,True,9.0,9.0,True,True,True,21523.0,9,b_attack,"[{'system': 'pbs', 'block_number': 9, 'success': True}, {'system': 'pos', 'block_number': 9, 'success': True}]"
21526,0,0,236,True,True,9.0,9.0,False,False,True,21523.0,9,failed,"[{'system': 'pbs', 'block_number': 9, 'success': False}, {'system': 'pos', 'block_number': 9, 'success': False}]"
21523,43000193,146000,236,True,True,9.0,9.0,True,True,True,21521.0,9,b_attack,"[{'system': 'pbs', 'block_number': 9, 'success': True}, {'system': 'pos', 'block_number': 9, 'success': True}]"
21524,0,0,236,True,True,9.0,9.0,False,False,True,21521.0,9,failed,"[{'system': 'pbs', 'block_number': 9, 'success': False}, {'system': 'pos', 'block_number': 9, 'success': False}]"
21521,43000192,146000,236,True,True,9.0,9.0,True,True,True,21519.0,9,b_attack,"[{'system': 'pbs', 'block_number': 9, 'success': True}, {'system': 'pos', 'block_number': 9, 'success': True}]"
21522,0,0,236,True,True,9.0,9.0,False,False,True,21519.0,9,failed,"[{'system': 'pbs', 'block_number': 9, 'success': False}, {'system': 'pos', 'block_number': 9, 'success': False}]"
21519,43000191,146000,235,True,True,9.0,9.0,True,True,True,21517.0,9,b_attack,"[{'system': 'pbs', 'block_number': 9, 'success': True}, {'system': 'pos', 'block_number': 9, 'success': True}]"
21520,0,0,235,True,True,9.0,9.0,False,False,True,21517.0,9,failed,"[{'system': 'pbs', 'block_number': 9, 'success': False}, {'system': 'pos', 'block_number': 9, 'success': False}]"
21517,43000190,146000,227,True,True,9.0,9.0,True,True,True,21515.0,9,b_attack,"[{'system': 'pbs', 'block_number': 9, 'success': True}, {'system': 'pos', 'block_number': 9, 'success': True}]"
21518,0,0,227,True,True,9.0,9.0,False,False,True,21515.0,9,failed,"[{'system': 'pbs', 'block_number': 9, 'success': False}, {'system': 'pos', 'block_number': 9, 'success': False}]"
21515,43000189,146000,226,True,True,9.0,9.0,True,True,True,21513.0,9,b_attack,"[{'system': 'pbs', 'block_number': 9, 'success': True}, {'system': 'pos', 'block_number': 9, 'success': True}]"
21516,0,0,226,True,True,9.0,9.0,False,False,True,21513.0,9,failed,"[{'system': 'pbs', 'block_number': 9, 'success': False}, {'system': 'pos', 'block_number': 9, 'success': False}]"
21513,0,0,237,True,True,9.0,9.0,False,True,True,21511.0,9,failed,"[{'system': 'pbs', 'block_number': 9, 'success': False}, {'system': 'pos', 'block_number': 9, 'success': True}]"
21514,0,0,237,True,True,9.0,9.0,False,False,True,21511.0,9,failed,"[{'system': 'pbs', 'block_number': 9, 'success': False}, {'system': 'pos', 'block_number': 9, 'success': False}]"
21607,43000235,146000,225,True,True,10.0,10.0,True,True,True,21605.0,10,b_attack,"[{'system': 'pbs', 'block_number': 10, 'success': True}, {'system': 'pos', 'block_number': 10, 'success': True}]"
23538,0,0,560,True,False,10.0,,False,False,True,21607.0,10,failed,"[{'system': 'pbs', 'block_number': 10, 'success': False}]"
21608,0,0,225,True,True,10.0,10.0,False,False,True,21605.0,10,failed,"[{'system': 'pbs', 'block_number': 10, 'success': False}, {'system': 'pos', 'block_number': 10, 'success': False}]"
21605,43000234,146000,231,True,True,10.0,10.0,True,True,True,21603.0,10,b_attack,"[{'system': 'pbs', 'block_number': 10, 'success': True}, {'system': 'pos', 'block_number': 10, 'success': True}]"
21606,0,0,231,True,True,10.0,10.0,False,False,True,21603.0,10,failed,"[{'system': 'pbs', 'block_number': 10, 'success': False}, {'system': 'pos', 'block_number': 10, 'success': False}]"
21603,43000233,146000,231,True,True,10.0,10.0,True,True,True,21601.0,10,b_attack,"[{'system': 'pbs', 'block_number': 10, 'success': True}, {'system': 'pos', 'block_number': 10, 'success': True}]"
21604,0,0,231,True,True,10.0,10.0,False,False,True,21601.0,10,failed,"[{'system': 'pbs', 'block_number': 10, 'success': False}, {'system': 'pos', 'block_number': 10, 'success': False}]"
21601,43000232,146000,229,True,True,10.0,10.0,True,True,True,21599.0,10,b_attack,"[{'system': 'pbs', 'block_number': 10, 'success': True}, {'system': 'pos', 'block_number': 10, 'success': True}]"
21602,0,0,229,True,True,10.0,10.0,False,False,True,21599.0,10,failed,"[{'system': 'pbs', 'block_number': 10, 'success': False}, {'system': 'pos', 'block_number': 10, 'success': False}]"
21599,43000231,146000,238,True,True,10.0,10.0,True,True,True,21597.0,10,b_attack,"[{'system': 'pbs', 'block_number': 10, 'success': True}, {'system': 'pos', 'block_number': 10, 'success': True}]"
21600,0,0,238,True,True,10.0,10.0,False,False,True,21597.0,10,failed,"[{'system': 'pbs', 'block_number': 10, 'success': False}, {'system': 'pos', 'block_number': 10, 'success': False}]"
21597,43000230,146000,232,True,True,10.0,10.0,True,True,True,21595.0,10,b_attack,"[{'system': 'pbs', 'block_number': 10, 'success': True}, {'system': 'pos', 'block_number': 10, 'success': True}]"
21598,0,0,232,True,True,10.0,10.0,False,False,True,21595.0,10,failed,"[{'system': 'pbs', 'block_number': 10, 'success': False}, {'system': 'pos', 'block_number': 10, 'success': False}]"
21595,43000229,146000,240,True,True,10.0,10.0,True,True,True,21593.0,10,b_attack,"[{'system': 'pbs', 'block_number': 10, 'success': True}, {'system': 'pos', 'block_number': 10, 'success': True}]"
21596,0,0,240,True,True,10.0,10.0,False,False,True,21593.0,10,failed,"[{'system': 'pbs', 'block_number': 10, 'success': False}, {'system': 'pos', 'block_number': 10, 'success': False}]"
21593,43000228,146000,236,True,True,10.0,10.0,True,True,True,21591.0,10,b_attack,"[{'system': 'pbs', 'block_number': 10, 'success': True}, {'system': 'pos', 'block_number': 10, 'success': True}]"
21594,0,0,236,True,True,10.0,10.0,False,False,True,21591.0,10,failed,"[{'system': 'pbs', 'block_number': 10, 'success': False}, {'system': 'pos', 'block_number': 10, 'success': False}]"
21591,43000227,146000,235,True,True,10.0,10.0,True,True,True,21589.0,10,b_attack,"[{'system': 'pbs', 'block_number': 10, 'success': True}, {'system': 'pos', 'block_number': 10, 'success': True}]"
21592,0,0,235,True,True,10.0,10.0,False,False,True,21589.0,10,failed,"[{'system': 'pbs', 'block_number': 10, 'success': False}, {'system': 'pos', 'block_number': 10, 'success': False}]"
21589,43000226,146000,230,True,True,10.0,10.0,True,True,True,21587.0,10,b_attack,"[{'system': 'pbs', 'block_number': 10, 'success': True}, {'system': 'pos', 'block_number': 10, 'success': True}]"
21590,0,0,230,True,True,10.0,10.0,False,False,True,21587.0,10,failed,"[{'system': 'pbs', 'block_number': 10, 'success': False}, {'system': 'pos', 'block_number': 10, 'success': False}]"
21587,43000225,146000,224,True,True,10.0,10.0,True,True,True,21585.0,10,b_attack,"[{'system': 'pbs', 'block_number': 10, 'success': True}, {'system': 'pos', 'block_number': 10, 'success': True}]"
21588,0,0,224,True,True,10.0,10.0,False,False,True,21585.0,10,failed,"[{'system': 'pbs', 'block_number': 10, 'success': False}, {'system': 'pos', 'block_number': 10, 'success': False}]"
21585,43000224,146000,221,True,True,10.0,10.0,True,True,True,21583.0,10,b_attack,"[{'system': 'pbs', 'block_number': 10, 'success': True}, {'system': 'pos', 'block_number': 10, 'success': True}]"
21586,0,0,221,True,True,10.0,10.0,False,False,True,21583.0,10,failed,"[{'system': 'pbs', 'block_number': 10, 'success': False}, {'system': 'pos', 'block_number': 10, 'success': False}]"
21583,43000223,146000,229,True,True,10.0,10.0,True,True,True,21581.0,10,b_attack,"[{'system': 'pbs', 'block_number': 10, 'success': True}, {'system': 'pos', 'block_number': 10, 'success': True}]"
21584,0,0,229,True,True,10.0,10.0,False,False,True,21581.0,10,failed,"[{'system': 'pbs', 'block_number': 10, 'success': False}, {'system': 'pos', 'block_number': 10, 'success': False}]"
21581,43000222,146000,225,True,True,10.0,10.0,True,True,True,21579.0,10,b_attack,"[{'system': 'pbs', 'block_number': 10, 'success': True}, {'system': 'pos', 'block_number': 10, 'success': True}]"
21582,0,0,225,True,True,10.0,10.0,False,False,True,21579.0,10,failed,"[{'system': 'pbs', 'block_number': 10, 'success': False}, {'system': 'pos', 'block_number': 10, 'success': False}]"
21579,43000221,146000,222,True,True,10.0,10.0,True,True,True,21577.0,10,b_attack,"[{'system': 'pbs', 'block_number': 10, 'success': True}, {'system': 'pos', 'block_number': 10, 'success': True}]"
21580,0,0,222,True,True,10.0,10.0,False,False,True,21577.0,10,failed,"[{'system': 'pbs', 'block_number': 10, 'success': False}, {'system': 'pos', 'block_number': 10, 'success': False}]"
21577,43000220,146000,223,True,True,10.0,10.0,True,True,True,21575.0,10,b_attack,"[{'system': 'pbs', 'block_number': 10, 'success': True}, {'system': 'pos', 'block_number': 10, 'success': True}]"
21578,0,0,223,True,True,10.0,10.0,False,False,True,21575.0,10,failed,"[{'system': 'pbs', 'block_number': 10, 'success': False}, {'system': 'pos', 'block_number': 10, 'success': False}]"
21575,43000219,146000,230,True,True,10.0,10.0,True,True,True,21573.0,10,b_attack,"[{'system': 'pbs', 'block_number': 10, 'success': True}, {'system': 'pos', 'block_number': 10, 'success': True}]"
21576,0,0,230,True,True,10.0,10.0,False,False,True,21573.0,10,failed,"[{'system': 'pbs', 'block_number': 10, 'success': False}, {'system': 'pos', 'block_number': 10, 'success': False}]"
21573,43000218,146000,224,True,True,10.0,10.0,True,True,True,21571.0,10,b_attack,"[{'system': 'pbs', 'block_number': 10, 'success': True}, {'system': 'pos', 'block_number': 10, 'success': True}]"
21574,0,0,224,True,True,10.0,10.0,False,False,True,21571.0,10,failed,"[{'system': 'pbs', 'block_number': 10, 'success': False}, {'system': 'pos', 'block_number': 10, 'success': False}]"
21571,43000217,146000,229,True,True,10.0,10.0,True,True,True,21569.0,10,b_attack,"[{'system': 'pbs', 'block_number': 10, 'success': True}, {'system': 'pos', 'block_number': 10, 'success': True}]"
21572,0,0,229,True,True,10.0,10.0,False,False,True,21569.0,10,failed,"[{'system': 'pbs', 'block_number': 10, 'success': False}, {'system': 'pos', 'block_number': 10, 'success': False}]"
21569,43000216,146000,239,True,True,10.0,10.0,True,True,True,21567.0,10,b_attack,"[{'system': 'pbs', 'block_number': 10, 'success': True}, {'system': 'pos', 'block_number': 10, 'success': True}]"
21570,0,0,239,True,True,10.0,10.0,False,False,True,21567.0,10,failed,"[{'system': 'pbs', 'block_number': 10, 'success': False}, {'system': 'pos', 'block_number': 10, 'success': False}]"
21567,43000215,146000,221,True,True,10.0,10.0,True,True,True,21565.0,10,b_attack,"[{'system': 'pbs', 'block_number': 10, 'success': True}, {'system': 'pos', 'block_number': 10, 'success': True}]"
21568,0,0,221,True,True,10.0,10.0,False,False,True,21565.0,10,failed,"[{'system': 'pbs', 'block_number': 10, 'success': False}, {'system': 'pos', 'block_number': 10, 'success': False}]"
21565,43000214,146000,226,True,True,10.0,10.0,True,True,True,21563.0,10,b_attack,"[{'system': 'pbs', 'block_number': 10, 'success': True}, {'system': 'pos', 'block_number': 10, 'success': True}]"
21566,0,0,226,True,True,10.0,10.0,False,False,True,21563.0,10,failed,"[{'system': 'pbs', 'block_number': 10, 'success': False}, {'system': 'pos', 'block_number': 10, 'success': False}]"
21563,43000213,146000,222,True,True,10.0,10.0,True,True,True,21561.0,10,b_attack,"[{'system': 'pbs', 'block_number': 10, 'success': True}, {'system': 'pos', 'block_number': 10, 'success': True}]"
21564,0,0,222,True,True,10.0,10.0,False,False,True,21561.0,10,failed,"[{'system': 'pbs', 'block_number': 10, 'success': False}, {'system': 'pos', 'block_number': 10, 'success': False}]"
21561,0,0,235,True,True,10.0,10.0,False,True,True,21559.0,10,failed,"[{'system': 'pbs', 'block_number': 10, 'success': False}, {'system': 'pos', 'block_number': 10, 'success': True}]"
21562,0,0,235,True,True,10.0,10.0,False,False,True,21559.0,10,failed,"[{'system': 'pbs', 'block_number': 10, 'success': False}, {'system': 'pos', 'block_number': 10, 'success': False}]"
21655,43000259,146000,227,True,True,11.0,11.0,True,True,True,21653.0,11,b_attack,"[{'system': 'pbs', 'block_number': 11, 'success': True}, {'system': 'pos', 'block_number': 11, 'success': True}]"
23539,0,0,559,True,False,11.0,,False,False,True,21655.0,11,failed,"[{'system': 'pbs', 'block_number': 11, 'success': False}]"
21656,0,0,227,True,True,11.0,11.0,False,False,True,21653.0,11,failed,"[{'system': 'pbs', 'block_number': 11, 'success': False}, {'system': 'pos', 'block_number': 11, 'success': False}]"
21653,43000258,146000,222,True,True,11.0,11.0,True,True,True,21651.0,11,b_attack,"[{'system': 'pbs', 'block_number': 11, 'success': True}, {'system': 'pos', 'block_number': 11, 'success': True}]"
21654,0,0,222,True,True,11.0,11.0,False,False,True,21651.0,11,failed,"[{'system': 'pbs', 'block_number': 11, 'success': False}, {'system': 'pos', 'block_number': 11, 'success': False}]"
21651,43000257,146000,235,True,True,11.0,11.0,True,True,True,21649.0,11,b_attack,"[{'system': 'pbs', 'block_number': 11, 'success': True}, {'system': 'pos', 'block_number': 11, 'success': True}]"
21652,0,0,235,True,True,11.0,11.0,False,False,True,21649.0,11,failed,"[{'system': 'pbs', 'block_number': 11, 'success': False}, {'system': 'pos', 'block_number': 11, 'success': False}]"
21649,43000256,146000,225,True,True,11.0,11.0,True,True,True,21647.0,11,b_attack,"[{'system': 'pbs', 'block_number': 11, 'success': True}, {'system': 'pos', 'block_number': 11, 'success': True}]"
21650,0,0,225,True,True,11.0,11.0,False,False,True,21647.0,11,failed,"[{'system': 'pbs', 'block_number': 11, 'success': False}, {'system': 'pos', 'block_number': 11, 'success': False}]"
21647,43000255,146000,233,True,True,11.0,11.0,True,True,True,21645.0,11,b_attack,"[{'system': 'pbs', 'block_number': 11, 'success': True}, {'system': 'pos', 'block_number': 11, 'success': True}]"
21648,0,0,233,True,True,11.0,11.0,False,False,True,21645.0,11,failed,"[{'system': 'pbs', 'block_number': 11, 'success': False}, {'system': 'pos', 'block_number': 11, 'success': False}]"
21645,43000254,146000,234,True,True,11.0,11.0,True,True,True,21643.0,11,b_attack,"[{'system': 'pbs', 'block_number': 11, 'success': True}, {'system': 'pos', 'block_number': 11, 'success': True}]"
21646,0,0,234,True,True,11.0,11.0,False,False,True,21643.0,11,failed,"[{'system': 'pbs', 'block_number': 11, 'success': False}, {'system': 'pos', 'block_number': 11, 'success': False}]"
21643,43000253,146000,239,True,True,11.0,11.0,True,True,True,21641.0,11,b_attack,"[{'system': 'pbs', 'block_number': 11, 'success': True}, {'system': 'pos', 'block_number': 11, 'success': True}]"
21644,0,0,239,True,True,11.0,11.0,False,False,True,21641.0,11,failed,"[{'system': 'pbs', 'block_number': 11, 'success': False}, {'system': 'pos', 'block_number': 11, 'success': False}]"
21641,43000252,146000,236,True,True,11.0,11.0,True,True,True,21639.0,11,b_attack,"[{'system': 'pbs', 'block_number': 11, 'success': True}, {'system': 'pos', 'block_number': 11, 'success': True}]"
21642,0,0,236,True,True,11.0,11.0,False,False,True,21639.0,11,failed,"[{'system': 'pbs', 'block_number': 11, 'success': False}, {'system': 'pos', 'block_number': 11, 'success': False}]"
21639,43000251,146000,225,True,True,11.0,11.0,True,True,True,21637.0,11,b_attack,"[{'system': 'pbs', 'block_number': 11, 'success': True}, {'system': 'pos', 'block_number': 11, 'success': True}]"
21640,0,0,225,True,True,11.0,11.0,False,False,True,21637.0,11,failed,"[{'system': 'pbs', 'block_number': 11, 'success': False}, {'system': 'pos', 'block_number': 11, 'success': False}]"
21637,43000250,146000,231,True,True,11.0,11.0,True,True,True,21635.0,11,b_attack,"[{'system': 'pbs', 'block_number': 11, 'success': True}, {'system': 'pos', 'block_number': 11, 'success': True}]"
21638,0,0,231,True,True,11.0,11.0,False,False,True,21635.0,11,failed,"[{'system': 'pbs', 'block_number': 11, 'success': False}, {'system': 'pos', 'block_number': 11, 'success': False}]"
21635,43000249,146000,238,True,True,11.0,11.0,True,True,True,21633.0,11,b_attack,"[{'system': 'pbs', 'block_number': 11, 'success': True}, {'system': 'pos', 'block_number': 11, 'success': True}]"
21636,0,0,238,True,True,11.0,11.0,False,False,True,21633.0,11,failed,"[{'system': 'pbs', 'block_number': 11, 'success': False}, {'system': 'pos', 'block_number': 11, 'success': False}]"
21633,43000248,146000,232,True,True,11.0,11.0,True,True,True,21631.0,11,b_attack,"[{'system': 'pbs', 'block_number': 11, 'success': True}, {'system': 'pos', 'block_number': 11, 'success': True}]"
21634,0,0,232,True,True,11.0,11.0,False,False,True,21631.0,11,failed,"[{'system': 'pbs', 'block_number': 11, 'success': False}, {'system': 'pos', 'block_number': 11, 'success': False}]"
21631,43000247,146000,230,True,True,11.0,11.0,True,True,True,21629.0,11,b_attack,"[{'system': 'pbs', 'block_number': 11, 'success': True}, {'system': 'pos', 'block_number': 11, 'success': True}]"
21632,0,0,230,True,True,11.0,11.0,False,False,True,21629.0,11,failed,"[{'system': 'pbs', 'block_number': 11, 'success': False}, {'system': 'pos', 'block_number': 11, 'success': False}]"
21629,43000246,146000,234,True,True,11.0,11.0,True,True,True,21627.0,11,b_attack,"[{'system': 'pbs', 'block_number': 11, 'success': True}, {'system': 'pos', 'block_number': 11, 'success': True}]"
21630,0,0,234,True,True,11.0,11.0,False,False,True,21627.0,11,failed,"[{'system': 'pbs', 'block_number': 11, 'success': False}, {'system': 'pos', 'block_number': 11, 'success': False}]"
21627,43000245,146000,238,True,True,11.0,11.0,True,True,True,21625.0,11,b_attack,"[{'system': 'pbs', 'block_number': 11, 'success': True}, {'system': 'pos', 'block_number': 11, 'success': True}]"
21628,0,0,238,True,True,11.0,11.0,False,False,True,21625.0,11,failed,"[{'system': 'pbs', 'block_number': 11, 'success': False}, {'system': 'pos', 'block_number': 11, 'success': False}]"
21625,43000244,146000,235,True,True,11.0,11.0,True,True,True,21623.0,11,b_attack,"[{'system': 'pbs', 'block_number': 11, 'success': True}, {'system': 'pos', 'block_number': 11, 'success': True}]"
21626,0,0,235,True,True,11.0,11.0,False,False,True,21623.0,11,failed,"[{'system': 'pbs', 'block_number': 11, 'success': False}, {'system': 'pos', 'block_number': 11, 'success': False}]"
21623,43000243,146000,229,True,True,11.0,11.0,True,True,True,21621.0,11,b_attack,"[{'system': 'pbs', 'block_number': 11, 'success': True}, {'system': 'pos', 'block_number': 11, 'success': True}]"
21624,0,0,229,True,True,11.0,11.0,False,False,True,21621.0,11,failed,"[{'system': 'pbs', 'block_number': 11, 'success': False}, {'system': 'pos', 'block_number': 11, 'success': False}]"
21621,43000242,146000,226,True,True,11.0,11.0,True,True,True,21619.0,11,b_attack,"[{'system': 'pbs', 'block_number': 11, 'success': True}, {'system': 'pos', 'block_number': 11, 'success': True}]"
21622,0,0,226,True,True,11.0,11.0,False,False,True,21619.0,11,failed,"[{'system': 'pbs', 'block_number': 11, 'success': False}, {'system': 'pos', 'block_number': 11, 'success': False}]"
21619,43000241,146000,229,True,True,11.0,11.0,True,True,True,21617.0,11,b_attack,"[{'system': 'pbs', 'block_number': 11, 'success': True}, {'system': 'pos', 'block_number': 11, 'success': True}]"
21620,0,0,229,True,True,11.0,11.0,False,False,True,21617.0,11,failed,"[{'system': 'pbs', 'block_number': 11, 'success': False}, {'system': 'pos', 'block_number': 11, 'success': False}]"
21617,43000240,146000,237,True,True,11.0,11.0,True,True,True,21615.0,11,b_attack,"[{'system': 'pbs', 'block_number': 11, 'success': True}, {'system': 'pos', 'block_number': 11, 'success': True}]"
21618,0,0,237,True,True,11.0,11.0,False,False,True,21615.0,11,failed,"[{'system': 'pbs', 'block_number': 11, 'success': False}, {'system': 'pos', 'block_number': 11, 'success': False}]"
21615,43000239,146000,221,True,True,11.0,11.0,True,True,True,21613.0,11,b_attack,"[{'system': 'pbs', 'block_number': 11, 'success': True}, {'system': 'pos', 'block_number': 11, 'success': True}]"
21616,0,0,221,True,True,11.0,11.0,False,False,True,21613.0,11,failed,"[{'system': 'pbs', 'block_number': 11, 'success': False}, {'system': 'pos', 'block_number': 11, 'success': False}]"
21613,43000238,146000,234,True,True,11.0,11.0,True,True,True,21611.0,11,b_attack,"[{'system': 'pbs', 'block_number': 11, 'success': True}, {'system': 'pos', 'block_number': 11, 'success': True}]"
21614,0,0,234,True,True,11.0,11.0,False,False,True,21611.0,11,failed,"[{'system': 'pbs', 'block_number': 11, 'success': False}, {'system': 'pos', 'block_number': 11, 'success': False}]"
21611,43000237,146000,228,True,True,11.0,11.0,True,True,True,21609.0,11,b_attack,"[{'system': 'pbs', 'block_number': 11, 'success': True}, {'system': 'pos', 'block_number': 11, 'success': True}]"
21612,0,0,228,True,True,11.0,11.0,False,False,True,21609.0,11,failed,"[{'system': 'pbs', 'block_number': 11, 'success': False}, {'system': 'pos', 'block_number': 11, 'success': False}]"
21609,0,0,222,True,True,11.0,11.0,False,True,True,21607.0,11,failed,"[{'system': 'pbs', 'block_number': 11, 'success': False}, {'system': 'pos', 'block_number': 11, 'success': True}]"
21610,0,0,222,True,True,11.0,11.0,False,False,True,21607.0,11,failed,"[{'system': 'pbs', 'block_number': 11, 'success': False}, {'system': 'pos', 'block_number': 11, 'success': False}]"
21703,43000283,146000,235,True,True,12.0,12.0,True,True,True,21701.0,12,b_attack,"[{'system': 'pbs', 'block_number': 12, 'success': True}, {'system': 'pos', 'block_number': 12, 'success': True}]"
23540,0,0,559,True,False,12.0,,False,False,True,21703.0,12,failed,"[{'system': 'pbs', 'block_number': 12, 'success': False}]"
21704,0,0,235,True,True,12.0,12.0,False,False,True,21701.0,12,failed,"[{'system': 'pbs', 'block_number': 12, 'success': False}, {'system': 'pos', 'block_number': 12, 'success': False}]"
21701,43000282,146000,229,True,True,12.0,12.0,True,True,True,21699.0,12,b_attack,"[{'system': 'pbs', 'block_number': 12, 'success': True}, {'system': 'pos', 'block_number': 12, 'success': True}]"
21702,0,0,229,True,True,12.0,12.0,False,False,True,21699.0,12,failed,"[{'system': 'pbs', 'block_number': 12, 'success': False}, {'system': 'pos', 'block_number': 12, 'success': False}]"
21699,43000281,146000,236,True,True,12.0,12.0,True,True,True,21697.0,12,b_attack,"[{'system': 'pbs', 'block_number': 12, 'success': True}, {'system': 'pos', 'block_number': 12, 'success': True}]"
21700,0,0,236,True,True,12.0,12.0,False,False,True,21697.0,12,failed,"[{'system': 'pbs', 'block_number': 12, 'success': False}, {'system': 'pos', 'block_number': 12, 'success': False}]"
21697,43000280,146000,223,True,True,12.0,12.0,True,True,True,21695.0,12,b_attack,"[{'system': 'pbs', 'block_number': 12, 'success': True}, {'system': 'pos', 'block_number': 12, 'success': True}]"
21698,0,0,223,True,True,12.0,12.0,False,False,True,21695.0,12,failed,"[{'system': 'pbs', 'block_number': 12, 'success': False}, {'system': 'pos', 'block_number': 12, 'success': False}]"
21695,43000279,146000,231,True,True,12.0,12.0,True,True,True,21693.0,12,b_attack,"[{'system': 'pbs', 'block_number': 12, 'success': True}, {'system': 'pos', 'block_number': 12, 'success': True}]"
21696,0,0,231,True,True,12.0,12.0,False,False,True,21693.0,12,failed,"[{'system': 'pbs', 'block_number': 12, 'success': False}, {'system': 'pos', 'block_number': 12, 'success': False}]"
21693,43000278,146000,228,True,True,12.0,12.0,True,True,True,21691.0,12,b_attack,"[{'system': 'pbs', 'block_number': 12, 'success': True}, {'system': 'pos', 'block_number': 12, 'success': True}]"
21694,0,0,228,True,True,12.0,12.0,False,False,True,21691.0,12,failed,"[{'system': 'pbs', 'block_number': 12, 'success': False}, {'system': 'pos', 'block_number': 12, 'success': False}]"
21691,43000277,146000,231,True,True,12.0,12.0,True,True,True,21689.0,12,b_attack,"[{'system': 'pbs', 'block_number': 12, 'success': True}, {'system': 'pos', 'block_number': 12, 'success': True}]"
21692,0,0,231,True,True,12.0,12.0,False,False,True,21689.0,12,failed,"[{'system': 'pbs', 'block_number': 12, 'success': False}, {'system': 'pos', 'block_number': 12, 'success': False}]"
21689,43000276,146000,223,True,True,12.0,12.0,True,True,True,21687.0,12,b_attack,"[{'system': 'pbs', 'block_number': 12, 'success': True}, {'system': 'pos', 'block_number': 12, 'success': True}]"
21690,0,0,223,True,True,12.0,12.0,False,False,True,21687.0,12,failed,"[{'system': 'pbs', 'block_number': 12, 'success': False}, {'system': 'pos', 'block_number': 12, 'success': False}]"
21687,43000275,146000,239,True,True,12.0,12.0,True,True,True,21685.0,12,b_attack,"[{'system': 'pbs', 'block_number': 12, 'success': True}, {'system': 'pos', 'block_number': 12, 'success': True}]"
21688,0,0,239,True,True,12.0,12.0,False,False,True,21685.0,12,failed,"[{'system': 'pbs', 'block_number': 12, 'success': False}, {'system': 'pos', 'block_number': 12, 'success': False}]"
21685,43000274,146000,229,True,True,12.0,12.0,True,True,True,21683.0,12,b_attack,"[{'system': 'pbs', 'block_number': 12, 'success': True}, {'system': 'pos', 'block_number': 12, 'success': True}]"
21686,0,0,229,True,True,12.0,12.0,False,False,True,21683.0,12,failed,"[{'system': 'pbs', 'block_number': 12, 'success': False}, {'system': 'pos', 'block_number': 12, 'success': False}]"
21683,43000273,146000,232,True,True,12.0,12.0,True,True,True,21681.0,12,b_attack,"[{'system': 'pbs', 'block_number': 12, 'success': True}, {'system': 'pos', 'block_number': 12, 'success': True}]"
21684,0,0,232,True,True,12.0,12.0,False,False,True,21681.0,12,failed,"[{'system': 'pbs', 'block_number': 12, 'success': False}, {'system': 'pos', 'block_number': 12, 'success': False}]"
21681,43000272,146000,224,True,True,12.0,12.0,True,True,True,21679.0,12,b_attack,"[{'system': 'pbs', 'block_number': 12, 'success': True}, {'system': 'pos', 'block_number': 12, 'success': True}]"
21682,0,0,224,True,True,12.0,12.0,False,False,True,21679.0,12,failed,"[{'system': 'pbs', 'block_number': 12, 'success': False}, {'system': 'pos', 'block_number': 12, 'success': False}]"
21679,43000271,146000,233,True,True,12.0,12.0,True,True,True,21677.0,12,b_attack,"[{'system': 'pbs', 'block_number': 12, 'success': True}, {'system': 'pos', 'block_number': 12, 'success': True}]"
21680,0,0,233,True,True,12.0,12.0,False,False,True,21677.0,12,failed,"[{'system': 'pbs', 'block_number': 12, 'success': False}, {'system': 'pos', 'block_number': 12, 'success': False}]"
21677,43000270,146000,228,True,True,12.0,12.0,True,True,True,21675.0,12,b_attack,"[{'system': 'pbs', 'block_number': 12, 'success': True}, {'system': 'pos', 'block_number': 12, 'success': True}]"
21678,0,0,228,True,True,12.0,12.0,False,False,True,21675.0,12,failed,"[{'system': 'pbs', 'block_number': 12, 'success': False}, {'system': 'pos', 'block_number': 12, 'success': False}]"
21675,43000269,146000,227,True,True,12.0,12.0,True,True,True,21673.0,12,b_attack,"[{'system': 'pbs', 'block_number': 12, 'success': True}, {'system': 'pos', 'block_number': 12, 'success': True}]"
21676,0,0,227,True,True,12.0,12.0,False,False,True,21673.0,12,failed,"[{'system': 'pbs', 'block_number': 12, 'success': False}, {'system': 'pos', 'block_number': 12, 'success': False}]"
21673,43000268,146000,231,True,True,12.0,12.0,True,True,True,21671.0,12,b_attack,"[{'system': 'pbs', 'block_number': 12, 'success': True}, {'system': 'pos', 'block_number': 12, 'success': True}]"
21674,0,0,231,True,True,12.0,12.0,False,False,True,21671.0,12,failed,"[{'system': 'pbs', 'block_number': 12, 'success': False}, {'system': 'pos', 'block_number': 12, 'success': False}]"
21671,43000267,146000,230,True,True,12.0,12.0,True,True,True,21669.0,12,b_attack,"[{'system': 'pbs', 'block_number': 12, 'success': True}, {'system': 'pos', 'block_number': 12, 'success': True}]"
21672,0,0,230,True,True,12.0,12.0,False,False,True,21669.0,12,failed,"[{'system': 'pbs', 'block_number': 12, 'success': False}, {'system': 'pos', 'block_number': 12, 'success': False}]"
21669,43000266,146000,237,True,True,12.0,12.0,True,True,True,21667.0,12,b_attack,"[{'system': 'pbs', 'block_number': 12, 'success': True}, {'system': 'pos', 'block_number': 12, 'success': True}]"
21670,0,0,237,True,True,12.0,12.0,False,False,True,21667.0,12,failed,"[{'system': 'pbs', 'block_number': 12, 'success': False}, {'system': 'pos', 'block_number': 12, 'success': False}]"
21667,43000265,146000,238,True,True,12.0,12.0,True,True,True,21665.0,12,b_attack,"[{'system': 'pbs', 'block_number': 12, 'success': True}, {'system': 'pos', 'block_number': 12, 'success': True}]"
21668,0,0,238,True,True,12.0,12.0,False,False,True,21665.0,12,failed,"[{'system': 'pbs', 'block_number': 12, 'success': False}, {'system': 'pos', 'block_number': 12, 'success': False}]"
21665,43000264,146000,234,True,True,12.0,12.0,True,True,True,21663.0,12,b_attack,"[{'system': 'pbs', 'block_number': 12, 'success': True}, {'system': 'pos', 'block_number': 12, 'success': True}]"
21666,0,0,234,True,True,12.0,12.0,False,False,True,21663.0,12,failed,"[{'system': 'pbs', 'block_number': 12, 'success': False}, {'system': 'pos', 'block_number': 12, 'success': False}]"
21663,43000263,146000,229,True,True,12.0,12.0,True,True,True,21661.0,12,b_attack,"[{'system': 'pbs', 'block_number': 12, 'success': True}, {'system': 'pos', 'block_number': 12, 'success': True}]"
21664,0,0,229,True,True,12.0,12.0,False,False,True,21661.0,12,failed,"[{'system': 'pbs', 'block_number': 12, 'success': False}, {'system': 'pos', 'block_number': 12, 'success': False}]"
21661,43000262,146000,232,True,True,12.0,12.0,True,True,True,21659.0,12,b_attack,"[{'system': 'pbs', 'block_number': 12, 'success': True}, {'system': 'pos', 'block_number': 12, 'success': True}]"
21662,0,0,232,True,True,12.0,12.0,False,False,True,21659.0,12,failed,"[{'system': 'pbs', 'block_number': 12, 'success': False}, {'system': 'pos', 'block_number': 12, 'success': False}]"
21659,43000261,146000,237,True,True,12.0,12.0,True,True,True,21657.0,12,b_attack,"[{'system': 'pbs', 'block_number': 12, 'success': True}, {'system': 'pos', 'block_number': 12, 'success': True}]"
21660,0,0,237,True,True,12.0,12.0,False,False,True,21657.0,12,failed,"[{'system': 'pbs', 'block_number': 12, 'success': False}, {'system': 'pos', 'block_number': 12, 'success': False}]"
21657,0,0,231,True,True,12.0,12.0,False,True,True,21655.0,12,failed,"[{'system': 'pbs', 'block_number': 12, 'success': False}, {'system': 'pos', 'block_number': 12, 'success': True}]"
21658,0,0,231,True,True,12.0,12.0,False,False,True,21655.0,12,failed,"[{'system': 'pbs', 'block_number': 12, 'success': False}, {'system': 'pos', 'block_number': 12, 'success': False}]"
21751,43000307,146000,236,True,True,13.0,13.0,True,True,True,21749.0,13,b_attack,"[{'system': 'pbs', 'block_number': 13, 'success': True}, {'system': 'pos', 'block_number': 13, 'success': True}]"
23541,0,0,556,True,False,13.0,,False,False,True,21751.0,13,failed,"[{'system': 'pbs', 'block_number': 13, 'success': False}]"
21752,0,0,236,True,True,13.0,13.0,False,False,True,21749.0,13,failed,"[{'system': 'pbs', 'block_number': 13, 'success': False}, {'system': 'pos', 'block_number': 13, 'success': False}]"
21749,43000306,146000,234,True,True,13.0,13.0,True,True,True,21747.0,13,b_attack,"[{'system': 'pbs', 'block_number': 13, 'success': True}, {'system': 'pos', 'block_number': 13, 'success': True}]"
21750,0,0,234,True,True,13.0,13.0,False,False,True,21747.0,13,failed,"[{'system': 'pbs', 'block_number': 13, 'success': False}, {'system': 'pos', 'block_number': 13, 'success': False}]"
21747,43000305,146000,229,True,True,13.0,13.0,True,True,True,21745.0,13,b_attack,"[{'system': 'pbs', 'block_number': 13, 'success': True}, {'system': 'pos', 'block_number': 13, 'success': True}]"
21748,0,0,229,True,True,13.0,13.0,False,False,True,21745.0,13,failed,"[{'system': 'pbs', 'block_number': 13, 'success': False}, {'system': 'pos', 'block_number': 13, 'success': False}]"
21745,43000304,146000,222,True,True,13.0,13.0,True,True,True,21743.0,13,b_attack,"[{'system': 'pbs', 'block_number': 13, 'success': True}, {'system': 'pos', 'block_number': 13, 'success': True}]"
21746,0,0,222,True,True,13.0,13.0,False,False,True,21743.0,13,failed,"[{'system': 'pbs', 'block_number': 13, 'success': False}, {'system': 'pos', 'block_number': 13, 'success': False}]"
21743,43000303,146000,240,True,True,13.0,13.0,True,True,True,21741.0,13,b_attack,"[{'system': 'pbs', 'block_number': 13, 'success': True}, {'system': 'pos', 'block_number': 13, 'success': True}]"
21744,0,0,240,True,True,13.0,13.0,False,False,True,21741.0,13,failed,"[{'system': 'pbs', 'block_number': 13, 'success': False}, {'system': 'pos', 'block_number': 13, 'success': False}]"
21741,43000302,146000,227,True,True,13.0,13.0,True,True,True,21739.0,13,b_attack,"[{'system': 'pbs', 'block_number': 13, 'success': True}, {'system': 'pos', 'block_number': 13, 'success': True}]"
21742,0,0,227,True,True,13.0,13.0,False,False,True,21739.0,13,failed,"[{'system': 'pbs', 'block_number': 13, 'success': False}, {'system': 'pos', 'block_number': 13, 'success': False}]"
21739,43000301,146000,225,True,True,13.0,13.0,True,True,True,21737.0,13,b_attack,"[{'system': 'pbs', 'block_number': 13, 'success': True}, {'system': 'pos', 'block_number': 13, 'success': True}]"
21740,0,0,225,True,True,13.0,13.0,False,False,True,21737.0,13,failed,"[{'system': 'pbs', 'block_number': 13, 'success': False}, {'system': 'pos', 'block_number': 13, 'success': False}]"
21737,43000300,146000,228,True,True,13.0,13.0,True,True,True,21735.0,13,b_attack,"[{'system': 'pbs', 'block_number': 13, 'success': True}, {'system': 'pos', 'block_number': 13, 'success': True}]"
21738,0,0,228,True,True,13.0,13.0,False,False,True,21735.0,13,failed,"[{'system': 'pbs', 'block_number': 13, 'success': False}, {'system': 'pos', 'block_number': 13, 'success': False}]"
21735,43000299,146000,236,True,True,13.0,13.0,True,True,True,21733.0,13,b_attack,"[{'system': 'pbs', 'block_number': 13, 'success': True}, {'system': 'pos', 'block_number': 13, 'success': True}]"
21736,0,0,236,True,True,13.0,13.0,False,False,True,21733.0,13,failed,"[{'system': 'pbs', 'block_number': 13, 'success': False}, {'system': 'pos', 'block_number': 13, 'success': False}]"
21733,43000298,146000,233,True,True,13.0,13.0,True,True,True,21731.0,13,b_attack,"[{'system': 'pbs', 'block_number': 13, 'success': True}, {'system': 'pos', 'block_number': 13, 'success': True}]"
21734,0,0,233,True,True,13.0,13.0,False,False,True,21731.0,13,failed,"[{'system': 'pbs', 'block_number': 13, 'success': False}, {'system': 'pos', 'block_number': 13, 'success': False}]"
21731,43000297,146000,232,True,True,13.0,13.0,True,True,True,21729.0,13,b_attack,"[{'system': 'pbs', 'block_number': 13, 'success': True}, {'system': 'pos', 'block_number': 13, 'success': True}]"
21732,0,0,232,True,True,13.0,13.0,False,False,True,21729.0,13,failed,"[{'system': 'pbs', 'block_number': 13, 'success': False}, {'system': 'pos', 'block_number': 13, 'success': False}]"
21729,43000296,146000,221,True,True,13.0,13.0,True,True,True,21727.0,13,b_attack,"[{'system': 'pbs', 'block_number': 13, 'success': True}, {'system': 'pos', 'block_number': 13, 'success': True}]"
21730,0,0,221,True,True,13.0,13.0,False,False,True,21727.0,13,failed,"[{'system': 'pbs', 'block_number': 13, 'success': False}, {'system': 'pos', 'block_number': 13, 'success': False}]"
21727,43000295,146000,229,True,True,13.0,13.0,True,True,True,21725.0,13,b_attack,"[{'system': 'pbs', 'block_number': 13, 'success': True}, {'system': 'pos', 'block_number': 13, 'success': True}]"
21728,0,0,229,True,True,13.0,13.0,False,False,True,21725.0,13,failed,"[{'system': 'pbs', 'block_number': 13, 'success': False}, {'system': 'pos', 'block_number': 13, 'success': False}]"
21725,43000294,146000,232,True,True,13.0,13.0,True,True,True,21723.0,13,b_attack,"[{'system': 'pbs', 'block_number': 13, 'success': True}, {'system': 'pos', 'block_number': 13, 'success': True}]"
21726,0,0,232,True,True,13.0,13.0,False,False,True,21723.0,13,failed,"[{'system': 'pbs', 'block_number': 13, 'success': False}, {'system': 'pos', 'block_number': 13, 'success': False}]"
21723,43000293,146000,230,True,True,13.0,13.0,True,True,True,21721.0,13,b_attack,"[{'system': 'pbs', 'block_number': 13, 'success': True}, {'system': 'pos', 'block_number': 13, 'success': True}]"
21724,0,0,230,True,True,13.0,13.0,False,False,True,21721.0,13,failed,"[{'system': 'pbs', 'block_number': 13, 'success': False}, {'system': 'pos', 'block_number': 13, 'success': False}]"
21721,43000292,146000,231,True,True,13.0,13.0,True,True,True,21719.0,13,b_attack,"[{'system': 'pbs', 'block_number': 13, 'success': True}, {'system': 'pos', 'block_number': 13, 'success': True}]"
21722,0,0,231,True,True,13.0,13.0,False,False,True,21719.0,13,failed,"[{'system': 'pbs', 'block_number': 13, 'success': False}, {'system': 'pos', 'block_number': 13, 'success': False}]"
21719,43000291,146000,240,True,True,13.0,13.0,True,True,True,21717.0,13,b_attack,"[{'system': 'pbs', 'block_number': 13, 'success': True}, {'system': 'pos', 'block_number': 13, 'success': True}]"
21720,0,0,240,True,True,13.0,13.0,False,False,True,21717.0,13,failed,"[{'system': 'pbs', 'block_number': 13, 'success': False}, {'system': 'pos', 'block_number': 13, 'success': False}]"
21717,43000290,146000,234,True,True,13.0,13.0,True,True,True,21715.0,13,b_attack,"[{'system': 'pbs', 'block_number': 13, 'success': True}, {'system': 'pos', 'block_number': 13, 'success': True}]"
21718,0,0,234,True,True,13.0,13.0,False,False,True,21715.0,13,failed,"[{'system': 'pbs', 'block_number': 13, 'success': False}, {'system': 'pos', 'block_number': 13, 'success': False}]"
21715,43000289,146000,231,True,True,13.0,13.0,True,True,True,21713.0,13,b_attack,"[{'system': 'pbs', 'block_number': 13, 'success': True}, {'system': 'pos', 'block_number': 13, 'success': True}]"
21716,0,0,231,True,True,13.0,13.0,False,False,True,21713.0,13,failed,"[{'system': 'pbs', 'block_number': 13, 'success': False}, {'system': 'pos', 'block_number': 13, 'success': False}]"
21713,43000288,146000,224,True,True,13.0,13.0,True,True,True,21711.0,13,b_attack,"[{'system': 'pbs', 'block_number': 13, 'success': True}, {'system': 'pos', 'block_number': 13, 'success': True}]"
21714,0,0,224,True,True,13.0,13.0,False,False,True,21711.0,13,failed,"[{'system': 'pbs', 'block_number': 13, 'success': False}, {'system': 'pos', 'block_number': 13, 'success': False}]"
21711,43000287,146000,237,True,True,13.0,13.0,True,True,True,21709.0,13,b_attack,"[{'system': 'pbs', 'block_number': 13, 'success': True}, {'system': 'pos', 'block_number': 13, 'success': True}]"
21712,0,0,237,True,True,13.0,13.0,False,False,True,21709.0,13,failed,"[{'system': 'pbs', 'block_number': 13, 'success': False}, {'system': 'pos', 'block_number': 13, 'success': False}]"
21709,43000286,146000,237,True,True,13.0,13.0,True,True,True,21707.0,13,b_attack,"[{'system': 'pbs', 'block_number': 13, 'success': True}, {'system': 'pos', 'block_number': 13, 'success': True}]"
21710,0,0,237,True,True,13.0,13.0,False,False,True,21707.0,13,failed,"[{'system': 'pbs', 'block_number': 13, 'success': False}, {'system': 'pos', 'block_number': 13, 'success': False}]"
21707,43000285,146000,233,True,True,13.0,13.0,True,True,True,21705.0,13,b_attack,"[{'system': 'pbs', 'block_number': 13, 'success': True}, {'system': 'pos', 'block_number': 13, 'success': True}]"
21708,0,0,233,True,True,13.0,13.0,False,False,True,21705.0,13,failed,"[{'system': 'pbs', 'block_number': 13, 'success': False}, {'system': 'pos', 'block_number': 13, 'success': False}]"
21705,0,0,233,True,True,13.0,13.0,False,True,True,21703.0,13,failed,"[{'system': 'pbs', 'block_number': 13, 'success': False}, {'system': 'pos', 'block_number': 13, 'success': True}]"
21706,0,0,233,True,True,13.0,13.0,False,False,True,21703.0,13,failed,"[{'system': 'pbs', 'block_number': 13, 'success': False}, {'system': 'pos', 'block_number': 13, 'success': False}]"
21799,43000331,146000,226,True,True,14.0,14.0,True,True,True,21797.0,14,b_attack,"[{'system': 'pbs', 'block_number': 14, 'success': True}, {'system': 'pos', 'block_number': 14, 'success': True}]"
23542,0,0,551,True,False,14.0,,False,False,True,21799.0,14,failed,"[{'system': 'pbs', 'block_number': 14, 'success': False}]"
21800,0,0,226,True,True,14.0,14.0,False,False,True,21797.0,14,failed,"[{'system': 'pbs', 'block_number': 14, 'success': False}, {'system': 'pos', 'block_number': 14, 'success': False}]"
21797,43000330,146000,222,True,True,14.0,14.0,True,True,True,21795.0,14,b_attack,"[{'system': 'pbs', 'block_number': 14, 'success': True}, {'system': 'pos', 'block_number': 14, 'success': True}]"
21798,0,0,222,True,True,14.0,14.0,False,False,True,21795.0,14,failed,"[{'system': 'pbs', 'block_number': 14, 'success': False}, {'system': 'pos', 'block_number': 14, 'success': False}]"
21795,43000329,146000,237,True,True,14.0,14.0,True,True,True,21793.0,14,b_attack,"[{'system': 'pbs', 'block_number': 14, 'success': True}, {'system': 'pos', 'block_number': 14, 'success': True}]"
21796,0,0,237,True,True,14.0,14.0,False,False,True,21793.0,14,failed,"[{'system': 'pbs', 'block_number': 14, 'success': False}, {'system': 'pos', 'block_number': 14, 'success': False}]"
21793,43000328,146000,236,True,True,14.0,14.0,True,True,True,21791.0,14,b_attack,"[{'system': 'pbs', 'block_number': 14, 'success': True}, {'system': 'pos', 'block_number': 14, 'success': True}]"
21794,0,0,236,True,True,14.0,14.0,False,False,True,21791.0,14,failed,"[{'system': 'pbs', 'block_number': 14, 'success': False}, {'system': 'pos', 'block_number': 14, 'success': False}]"
21791,43000327,146000,228,True,True,14.0,14.0,True,True,True,21789.0,14,b_attack,"[{'system': 'pbs', 'block_number': 14, 'success': True}, {'system': 'pos', 'block_number': 14, 'success': True}]"
21792,0,0,228,True,True,14.0,14.0,False,False,True,21789.0,14,failed,"[{'system': 'pbs', 'block_number': 14, 'success': False}, {'system': 'pos', 'block_number': 14, 'success': False}]"
21789,43000326,146000,221,True,True,14.0,14.0,True,True,True,21787.0,14,b_attack,"[{'system': 'pbs', 'block_number': 14, 'success': True}, {'system': 'pos', 'block_number': 14, 'success': True}]"
21790,0,0,221,True,True,14.0,14.0,False,False,True,21787.0,14,failed,"[{'system': 'pbs', 'block_number': 14, 'success': False}, {'system': 'pos', 'block_number': 14, 'success': False}]"
21787,43000325,146000,236,True,True,14.0,14.0,True,True,True,21785.0,14,b_attack,"[{'system': 'pbs', 'block_number': 14, 'success': True}, {'system': 'pos', 'block_number': 14, 'success': True}]"
21788,0,0,236,True,True,14.0,14.0,False,False,True,21785.0,14,failed,"[{'system': 'pbs', 'block_number': 14, 'success': False}, {'system': 'pos', 'block_number': 14, 'success': False}]"
21785,43000324,146000,238,True,True,14.0,14.0,True,True,True,21783.0,14,b_attack,"[{'system': 'pbs', 'block_number': 14, 'success': True}, {'system': 'pos', 'block_number': 14, 'success': True}]"
21786,0,0,238,True,True,14.0,14.0,False,False,True,21783.0,14,failed,"[{'system': 'pbs', 'block_number': 14, 'success': False}, {'system': 'pos', 'block_number': 14, 'success': False}]"
21783,43000323,146000,233,True,True,14.0,14.0,True,True,True,21781.0,14,b_attack,"[{'system': 'pbs', 'block_number': 14, 'success': True}, {'system': 'pos', 'block_number': 14, 'success': True}]"
21784,0,0,233,True,True,14.0,14.0,False,False,True,21781.0,14,failed,"[{'system': 'pbs', 'block_number': 14, 'success': False}, {'system': 'pos', 'block_number': 14, 'success': False}]"
21781,43000322,146000,229,True,True,14.0,14.0,True,True,True,21779.0,14,b_attack,"[{'system': 'pbs', 'block_number': 14, 'success': True}, {'system': 'pos', 'block_number': 14, 'success': True}]"
21782,0,0,229,True,True,14.0,14.0,False,False,True,21779.0,14,failed,"[{'system': 'pbs', 'block_number': 14, 'success': False}, {'system': 'pos', 'block_number': 14, 'success': False}]"
21779,43000321,146000,237,True,True,14.0,14.0,True,True,True,21777.0,14,b_attack,"[{'system': 'pbs', 'block_number': 14, 'success': True}, {'system': 'pos', 'block_number': 14, 'success': True}]"
21780,0,0,237,True,True,14.0,14.0,False,False,True,21777.0,14,failed,"[{'system': 'pbs', 'block_number': 14, 'success': False}, {'system': 'pos', 'block_number': 14, 'success': False}]"
21777,43000320,146000,237,True,True,14.0,14.0,True,True,True,21775.0,14,b_attack,"[{'system': 'pbs', 'block_number': 14, 'success': True}, {'system': 'pos', 'block_number': 14, 'success': True}]"
21778,0,0,237,True,True,14.0,14.0,False,False,True,21775.0,14,failed,"[{'system': 'pbs', 'block_number': 14, 'success': False}, {'system': 'pos', 'block_number': 14, 'success': False}]"
21775,43000319,146000,231,True,True,14.0,14.0,True,True,True,21773.0,14,b_attack,"[{'system': 'pbs', 'block_number': 14, 'success': True}, {'system': 'pos', 'block_number': 14, 'success': True}]"
21776,0,0,231,True,True,14.0,14.0,False,False,True,21773.0,14,failed,"[{'system': 'pbs', 'block_number': 14, 'success': False}, {'system': 'pos', 'block_number': 14, 'success': False}]"
21773,43000318,146000,238,True,True,14.0,14.0,True,True,True,21771.0,14,b_attack,"[{'system': 'pbs', 'block_number': 14, 'success': True}, {'system': 'pos', 'block_number': 14, 'success': True}]"
21774,0,0,238,True,True,14.0,14.0,False,False,True,21771.0,14,failed,"[{'system': 'pbs', 'block_number': 14, 'success': False}, {'system': 'pos', 'block_number': 14, 'success': False}]"
21771,43000317,146000,224,True,True,14.0,14.0,True,True,True,21769.0,14,b_attack,"[{'system': 'pbs', 'block_number': 14, 'success': True}, {'system': 'pos', 'block_number': 14, 'success': True}]"
21772,0,0,224,True,True,14.0,14.0,False,False,True,21769.0,14,failed,"[{'system': 'pbs', 'block_number': 14, 'success': False}, {'system': 'pos', 'block_number': 14, 'success': False}]"
21769,43000316,146000,233,True,True,14.0,14.0,True,True,True,21767.0,14,b_attack,"[{'system': 'pbs', 'block_number': 14, 'success': True}, {'system': 'pos', 'block_number': 14, 'success': True}]"
21770,0,0,233,True,True,14.0,14.0,False,False,True,21767.0,14,failed,"[{'system': 'pbs', 'block_number': 14, 'success': False}, {'system': 'pos', 'block_number': 14, 'success': False}]"
21767,43000315,146000,232,True,True,14.0,14.0,True,True,True,21765.0,14,b_attack,"[{'system': 'pbs', 'block_number': 14, 'success': True}, {'system': 'pos', 'block_number': 14, 'success': True}]"
21768,0,0,232,True,True,14.0,14.0,False,False,True,21765.0,14,failed,"[{'system': 'pbs', 'block_number': 14, 'success': False}, {'system': 'pos', 'block_number': 14, 'success': False}]"
21765,43000314,146000,230,True,True,14.0,14.0,True,True,True,21763.0,14,b_attack,"[{'system': 'pbs', 'block_number': 14, 'success': True}, {'system': 'pos', 'block_number': 14, 'success': True}]"
21766,0,0,230,True,True,14.0,14.0,False,False,True,21763.0,14,failed,"[{'system': 'pbs', 'block_number': 14, 'success': False}, {'system': 'pos', 'block_number': 14, 'success': False}]"
21763,43000313,146000,239,True,True,14.0,14.0,True,True,True,21761.0,14,b_attack,"[{'system': 'pbs', 'block_number': 14, 'success': True}, {'system': 'pos', 'block_number': 14, 'success': True}]"
21764,0,0,239,True,True,14.0,14.0,False,False,True,21761.0,14,failed,"[{'system': 'pbs', 'block_number': 14, 'success': False}, {'system': 'pos', 'block_number': 14, 'success': False}]"
21761,43000312,146000,230,True,True,14.0,14.0,True,True,True,21759.0,14,b_attack,"[{'system': 'pbs', 'block_number': 14, 'success': True}, {'system': 'pos', 'block_number': 14, 'success': True}]"
21762,0,0,230,True,True,14.0,14.0,False,False,True,21759.0,14,failed,"[{'system': 'pbs', 'block_number': 14, 'success': False}, {'system': 'pos', 'block_number': 14, 'success': False}]"
21759,43000311,146000,226,True,True,14.0,14.0,True,True,True,21757.0,14,b_attack,"[{'system': 'pbs', 'block_number': 14, 'success': True}, {'system': 'pos', 'block_number': 14, 'success': True}]"
21760,0,0,226,True,True,14.0,14.0,False,False,True,21757.0,14,failed,"[{'system': 'pbs', 'block_number': 14, 'success': False}, {'system': 'pos', 'block_number': 14, 'success': False}]"
21757,43000310,146000,232,True,True,14.0,14.0,True,True,True,21755.0,14,b_attack,"[{'system': 'pbs', 'block_number': 14, 'success': True}, {'system': 'pos', 'block_number': 14, 'success': True}]"
21758,0,0,232,True,True,14.0,14.0,False,False,True,21755.0,14,failed,"[{'system': 'pbs', 'block_number': 14, 'success': False}, {'system': 'pos', 'block_number': 14, 'success': False}]"
21755,43000309,146000,226,True,True,14.0,14.0,True,True,True,21753.0,14,b_attack,"[{'system': 'pbs', 'block_number': 14, 'success': True}, {'system': 'pos', 'block_number': 14, 'success': True}]"
21756,0,0,226,True,True,14.0,14.0,False,False,True,21753.0,14,failed,"[{'system': 'pbs', 'block_number': 14, 'success': False}, {'system': 'pos', 'block_number': 14, 'success': False}]"
21753,0,0,240,True,True,14.0,14.0,False,False,True,21751.0,14,failed,"[{'system': 'pbs', 'block_number': 14, 'success': False}, {'system': 'pos', 'block_number': 14, 'success': False}]"
21754,0,0,240,True,True,14.0,14.0,False,False,True,21751.0,14,failed,"[{'system': 'pbs', 'block_number': 14, 'success': False}, {'system': 'pos', 'block_number': 14, 'success': False}]"
21847,43000355,146000,229,True,True,15.0,15.0,True,True,True,21845.0,15,b_attack,"[{'system': 'pbs', 'block_number': 15, 'success': True}, {'system': 'pos', 'block_number': 15, 'success': True}]"
23543,0,0,554,True,False,15.0,,False,False,True,21847.0,15,failed,"[{'system': 'pbs', 'block_number': 15, 'success': False}]"
21848,0,0,229,True,True,15.0,15.0,False,False,True,21845.0,15,failed,"[{'system': 'pbs', 'block_number': 15, 'success': False}, {'system': 'pos', 'block_number': 15, 'success': False}]"
21845,43000354,146000,230,True,True,15.0,15.0,True,True,True,21843.0,15,b_attack,"[{'system': 'pbs', 'block_number': 15, 'success': True}, {'system': 'pos', 'block_number': 15, 'success': True}]"
21846,0,0,230,True,True,15.0,15.0,False,False,True,21843.0,15,failed,"[{'system': 'pbs', 'block_number': 15, 'success': False}, {'system': 'pos', 'block_number': 15, 'success': False}]"
21843,43000353,146000,221,True,True,15.0,15.0,True,True,True,21841.0,15,b_attack,"[{'system': 'pbs', 'block_number': 15, 'success': True}, {'system': 'pos', 'block_number': 15, 'success': True}]"
21844,0,0,221,True,True,15.0,15.0,False,False,True,21841.0,15,failed,"[{'system': 'pbs', 'block_number': 15, 'success': False}, {'system': 'pos', 'block_number': 15, 'success': False}]"
21841,43000352,146000,228,True,True,15.0,15.0,True,True,True,21839.0,15,b_attack,"[{'system': 'pbs', 'block_number': 15, 'success': True}, {'system': 'pos', 'block_number': 15, 'success': True}]"
21842,0,0,228,True,True,15.0,15.0,False,False,True,21839.0,15,failed,"[{'system': 'pbs', 'block_number': 15, 'success': False}, {'system': 'pos', 'block_number': 15, 'success': False}]"
21839,43000351,146000,238,True,True,15.0,15.0,True,True,True,21837.0,15,b_attack,"[{'system': 'pbs', 'block_number': 15, 'success': True}, {'system': 'pos', 'block_number': 15, 'success': True}]"
21840,0,0,238,True,True,15.0,15.0,False,False,True,21837.0,15,failed,"[{'system': 'pbs', 'block_number': 15, 'success': False}, {'system': 'pos', 'block_number': 15, 'success': False}]"
21837,43000350,146000,229,True,True,15.0,15.0,True,True,True,21835.0,15,b_attack,"[{'system': 'pbs', 'block_number': 15, 'success': True}, {'system': 'pos', 'block_number': 15, 'success': True}]"
21838,0,0,229,True,True,15.0,15.0,False,False,True,21835.0,15,failed,"[{'system': 'pbs', 'block_number': 15, 'success': False}, {'system': 'pos', 'block_number': 15, 'success': False}]"
21835,43000349,146000,233,True,True,15.0,15.0,True,True,True,21833.0,15,b_attack,"[{'system': 'pbs', 'block_number': 15, 'success': True}, {'system': 'pos', 'block_number': 15, 'success': True}]"
21836,0,0,233,True,True,15.0,15.0,False,False,True,21833.0,15,failed,"[{'system': 'pbs', 'block_number': 15, 'success': False}, {'system': 'pos', 'block_number': 15, 'success': False}]"
21833,43000348,146000,231,True,True,15.0,15.0,True,True,True,21831.0,15,b_attack,"[{'system': 'pbs', 'block_number': 15, 'success': True}, {'system': 'pos', 'block_number': 15, 'success': True}]"
21834,0,0,231,True,True,15.0,15.0,False,False,True,21831.0,15,failed,"[{'system': 'pbs', 'block_number': 15, 'success': False}, {'system': 'pos', 'block_number': 15, 'success': False}]"
21831,43000347,146000,236,True,True,15.0,15.0,True,True,True,21829.0,15,b_attack,"[{'system': 'pbs', 'block_number': 15, 'success': True}, {'system': 'pos', 'block_number': 15, 'success': True}]"
21832,0,0,236,True,True,15.0,15.0,False,False,True,21829.0,15,failed,"[{'system': 'pbs', 'block_number': 15, 'success': False}, {'system': 'pos', 'block_number': 15, 'success': False}]"
21829,43000346,146000,236,True,True,15.0,15.0,True,True,True,21827.0,15,b_attack,"[{'system': 'pbs', 'block_number': 15, 'success': True}, {'system': 'pos', 'block_number': 15, 'success': True}]"
21830,0,0,236,True,True,15.0,15.0,False,False,True,21827.0,15,failed,"[{'system': 'pbs', 'block_number': 15, 'success': False}, {'system': 'pos', 'block_number': 15, 'success': False}]"
21827,43000345,146000,238,True,True,15.0,15.0,True,True,True,21825.0,15,b_attack,"[{'system': 'pbs', 'block_number': 15, 'success': True}, {'system': 'pos', 'block_number': 15, 'success': True}]"
21828,0,0,238,True,True,15.0,15.0,False,False,True,21825.0,15,failed,"[{'system': 'pbs', 'block_number': 15, 'success': False}, {'system': 'pos', 'block_number': 15, 'success': False}]"
21825,43000344,146000,232,True,True,15.0,15.0,True,True,True,21823.0,15,b_attack,"[{'system': 'pbs', 'block_number': 15, 'success': True}, {'system': 'pos', 'block_number': 15, 'success': True}]"
21826,0,0,232,True,True,15.0,15.0,False,False,True,21823.0,15,failed,"[{'system': 'pbs', 'block_number': 15, 'success': False}, {'system': 'pos', 'block_number': 15, 'success': False}]"
21823,43000343,146000,238,True,True,15.0,15.0,True,True,True,21821.0,15,b_attack,"[{'system': 'pbs', 'block_number': 15, 'success': True}, {'system': 'pos', 'block_number': 15, 'success': True}]"
21824,0,0,238,True,True,15.0,15.0,False,False,True,21821.0,15,failed,"[{'system': 'pbs', 'block_number': 15, 'success': False}, {'system': 'pos', 'block_number': 15, 'success': False}]"
21821,43000342,146000,223,True,True,15.0,15.0,True,True,True,21819.0,15,b_attack,"[{'system': 'pbs', 'block_number': 15, 'success': True}, {'system': 'pos', 'block_number': 15, 'success': True}]"
21822,0,0,223,True,True,15.0,15.0,False,False,True,21819.0,15,failed,"[{'system': 'pbs', 'block_number': 15, 'success': False}, {'system': 'pos', 'block_number': 15, 'success': False}]"
21819,43000341,146000,226,True,True,15.0,15.0,True,True,True,21817.0,15,b_attack,"[{'system': 'pbs', 'block_number': 15, 'success': True}, {'system': 'pos', 'block_number': 15, 'success': True}]"
21820,0,0,226,True,True,15.0,15.0,False,False,True,21817.0,15,failed,"[{'system': 'pbs', 'block_number': 15, 'success': False}, {'system': 'pos', 'block_number': 15, 'success': False}]"
21817,43000340,146000,236,True,True,15.0,15.0,True,True,True,21815.0,15,b_attack,"[{'system': 'pbs', 'block_number': 15, 'success': True}, {'system': 'pos', 'block_number': 15, 'success': True}]"
21818,0,0,236,True,True,15.0,15.0,False,False,True,21815.0,15,failed,"[{'system': 'pbs', 'block_number': 15, 'success': False}, {'system': 'pos', 'block_number': 15, 'success': False}]"
21815,43000339,146000,224,True,True,15.0,15.0,True,True,True,21813.0,15,b_attack,"[{'system': 'pbs', 'block_number': 15, 'success': True}, {'system': 'pos', 'block_number': 15, 'success': True}]"
21816,0,0,224,True,True,15.0,15.0,False,False,True,21813.0,15,failed,"[{'system': 'pbs', 'block_number': 15, 'success': False}, {'system': 'pos', 'block_number': 15, 'success': False}]"
21813,43000338,146000,236,True,True,15.0,15.0,True,True,True,21811.0,15,b_attack,"[{'system': 'pbs', 'block_number': 15, 'success': True}, {'system': 'pos', 'block_number': 15, 'success': True}]"
21814,0,0,236,True,True,15.0,15.0,False,False,True,21811.0,15,failed,"[{'system': 'pbs', 'block_number': 15, 'success': False}, {'system': 'pos', 'block_number': 15, 'success': False}]"
21811,43000337,146000,222,True,True,15.0,15.0,True,True,True,21809.0,15,b_attack,"[{'system': 'pbs', 'block_number': 15, 'success': True}, {'system': 'pos', 'block_number': 15, 'success': True}]"
21812,0,0,222,True,True,15.0,15.0,False,False,True,21809.0,15,failed,"[{'system': 'pbs', 'block_number': 15, 'success': False}, {'system': 'pos', 'block_number': 15, 'success': False}]"
21809,43000336,146000,238,True,True,15.0,15.0,True,True,True,21807.0,15,b_attack,"[{'system': 'pbs', 'block_number': 15, 'success': True}, {'system': 'pos', 'block_number': 15, 'success': True}]"
21810,0,0,238,True,True,15.0,15.0,False,False,True,21807.0,15,failed,"[{'system': 'pbs', 'block_number': 15, 'success': False}, {'system': 'pos', 'block_number': 15, 'success': False}]"
21807,43000335,146000,232,True,True,15.0,15.0,True,True,True,21805.0,15,b_attack,"[{'system': 'pbs', 'block_number': 15, 'success': True}, {'system': 'pos', 'block_number': 15, 'success': True}]"
21808,0,0,232,True,True,15.0,15.0,False,False,True,21805.0,15,failed,"[{'system': 'pbs', 'block_number': 15, 'success': False}, {'system': 'pos', 'block_number': 15, 'success': False}]"
21805,43000334,146000,224,True,True,15.0,15.0,True,True,True,21803.0,15,b_attack,"[{'system': 'pbs', 'block_number': 15, 'success': True}, {'system': 'pos', 'block_number': 15, 'success': True}]"
21806,0,0,224,True,True,15.0,15.0,False,False,True,21803.0,15,failed,"[{'system': 'pbs', 'block_number': 15, 'success': False}, {'system': 'pos', 'block_number': 15, 'success': False}]"
21803,43000333,146000,228,True,True,15.0,15.0,True,True,True,21801.0,15,b_attack,"[{'system': 'pbs', 'block_number': 15, 'success': True}, {'system': 'pos', 'block_number': 15, 'success': True}]"
21804,0,0,228,True,True,15.0,15.0,False,False,True,21801.0,15,failed,"[{'system': 'pbs', 'block_number': 15, 'success': False}, {'system': 'pos', 'block_number': 15, 'success': False}]"
21801,0,0,235,True,True,15.0,15.0,False,False,True,21799.0,15,failed,"[{'system': 'pbs', 'block_number': 15, 'success': False}, {'system': 'pos', 'block_number': 15, 'success': False}]"
21802,0,0,235,True,True,15.0,15.0,False,False,True,21799.0,15,failed,"[{'system': 'pbs', 'block_number': 15, 'success': False}, {'system': 'pos', 'block_number': 15, 'success': False}]"
21895,43000379,146000,235,True,True,16.0,16.0,True,True,True,21893.0,16,b_attack,"[{'system': 'pbs', 'block_number': 16, 'success': True}, {'system': 'pos', 'block_number': 16, 'success': True}]"
23544,0,0,559,True,False,16.0,,False,False,True,21895.0,16,failed,"[{'system': 'pbs', 'block_number': 16, 'success': False}]"
21896,0,0,235,True,True,16.0,16.0,False,False,True,21893.0,16,failed,"[{'system': 'pbs', 'block_number': 16, 'success': False}, {'system': 'pos', 'block_number': 16, 'success': False}]"
21893,43000378,146000,238,True,True,16.0,16.0,True,True,True,21891.0,16,b_attack,"[{'system': 'pbs', 'block_number': 16, 'success': True}, {'system': 'pos', 'block_number': 16, 'success': True}]"
21894,0,0,238,True,True,16.0,16.0,False,False,True,21891.0,16,failed,"[{'system': 'pbs', 'block_number': 16, 'success': False}, {'system': 'pos', 'block_number': 16, 'success': False}]"
21891,43000377,146000,239,True,True,16.0,16.0,True,True,True,21889.0,16,b_attack,"[{'system': 'pbs', 'block_number': 16, 'success': True}, {'system': 'pos', 'block_number': 16, 'success': True}]"
21892,0,0,239,True,True,16.0,16.0,False,False,True,21889.0,16,failed,"[{'system': 'pbs', 'block_number': 16, 'success': False}, {'system': 'pos', 'block_number': 16, 'success': False}]"
21889,43000376,146000,222,True,True,16.0,16.0,True,True,True,21887.0,16,b_attack,"[{'system': 'pbs', 'block_number': 16, 'success': True}, {'system': 'pos', 'block_number': 16, 'success': True}]"
21890,0,0,222,True,True,16.0,16.0,False,False,True,21887.0,16,failed,"[{'system': 'pbs', 'block_number': 16, 'success': False}, {'system': 'pos', 'block_number': 16, 'success': False}]"
21887,43000375,146000,233,True,True,16.0,16.0,True,True,True,21885.0,16,b_attack,"[{'system': 'pbs', 'block_number': 16, 'success': True}, {'system': 'pos', 'block_number': 16, 'success': True}]"
21888,0,0,233,True,True,16.0,16.0,False,False,True,21885.0,16,failed,"[{'system': 'pbs', 'block_number': 16, 'success': False}, {'system': 'pos', 'block_number': 16, 'success': False}]"
21885,43000374,146000,239,True,True,16.0,16.0,True,True,True,21883.0,16,b_attack,"[{'system': 'pbs', 'block_number': 16, 'success': True}, {'system': 'pos', 'block_number': 16, 'success': True}]"
21886,0,0,239,True,True,16.0,16.0,False,False,True,21883.0,16,failed,"[{'system': 'pbs', 'block_number': 16, 'success': False}, {'system': 'pos', 'block_number': 16, 'success': False}]"
21883,43000373,146000,231,True,True,16.0,16.0,True,True,True,21881.0,16,b_attack,"[{'system': 'pbs', 'block_number': 16, 'success': True}, {'system': 'pos', 'block_number': 16, 'success': True}]"
21884,0,0,231,True,True,16.0,16.0,False,False,True,21881.0,16,failed,"[{'system': 'pbs', 'block_number': 16, 'success': False}, {'system': 'pos', 'block_number': 16, 'success': False}]"
21881,43000372,146000,240,True,True,16.0,16.0,True,True,True,21879.0,16,b_attack,"[{'system': 'pbs', 'block_number': 16, 'success': True}, {'system': 'pos', 'block_number': 16, 'success': True}]"
21882,0,0,240,True,True,16.0,16.0,False,False,True,21879.0,16,failed,"[{'system': 'pbs', 'block_number': 16, 'success': False}, {'system': 'pos', 'block_number': 16, 'success': False}]"
21879,43000371,146000,231,True,True,16.0,16.0,True,True,True,21877.0,16,b_attack,"[{'system': 'pbs', 'block_number': 16, 'success': True}, {'system': 'pos', 'block_number': 16, 'success': True}]"
21880,0,0,231,True,True,16.0,16.0,False,False,True,21877.0,16,failed,"[{'system': 'pbs', 'block_number': 16, 'success': False}, {'system': 'pos', 'block_number': 16, 'success': False}]"
21877,43000370,146000,227,True,True,16.0,16.0,True,True,True,21875.0,16,b_attack,"[{'system': 'pbs', 'block_number': 16, 'success': True}, {'system': 'pos', 'block_number': 16, 'success': True}]"
21878,0,0,227,True,True,16.0,16.0,False,False,True,21875.0,16,failed,"[{'system': 'pbs', 'block_number': 16, 'success': False}, {'system': 'pos', 'block_number': 16, 'success': False}]"
21875,43000369,146000,237,True,True,16.0,16.0,True,True,True,21873.0,16,b_attack,"[{'system': 'pbs', 'block_number': 16, 'success': True}, {'system': 'pos', 'block_number': 16, 'success': True}]"
21876,0,0,237,True,True,16.0,16.0,False,False,True,21873.0,16,failed,"[{'system': 'pbs', 'block_number': 16, 'success': False}, {'system': 'pos', 'block_number': 16, 'success': False}]"
21873,43000368,146000,227,True,True,16.0,16.0,True,True,True,21871.0,16,b_attack,"[{'system': 'pbs', 'block_number': 16, 'success': True}, {'system': 'pos', 'block_number': 16, 'success': True}]"
21874,0,0,227,True,True,16.0,16.0,False,False,True,21871.0,16,failed,"[{'system': 'pbs', 'block_number': 16, 'success': False}, {'system': 'pos', 'block_number': 16, 'success': False}]"
21871,43000367,146000,225,True,True,16.0,16.0,True,True,True,21869.0,16,b_attack,"[{'system': 'pbs', 'block_number': 16, 'success': True}, {'system': 'pos', 'block_number': 16, 'success': True}]"
21872,0,0,225,True,True,16.0,16.0,False,False,True,21869.0,16,failed,"[{'system': 'pbs', 'block_number': 16, 'success': False}, {'system': 'pos', 'block_number': 16, 'success': False}]"
21869,43000366,146000,221,True,True,16.0,16.0,True,True,True,21867.0,16,b_attack,"[{'system': 'pbs', 'block_number': 16, 'success': True}, {'system': 'pos', 'block_number': 16, 'success': True}]"
21870,0,0,221,True,True,16.0,16.0,False,False,True,21867.0,16,failed,"[{'system': 'pbs', 'block_number': 16, 'success': False}, {'system': 'pos', 'block_number': 16, 'success': False}]"
21867,43000365,146000,222,True,True,16.0,16.0,True,True,True,21865.0,16,b_attack,"[{'system': 'pbs', 'block_number': 16, 'success': True}, {'system': 'pos', 'block_number': 16, 'success': True}]"
21868,0,0,222,True,True,16.0,16.0,False,False,True,21865.0,16,failed,"[{'system': 'pbs', 'block_number': 16, 'success': False}, {'system': 'pos', 'block_number': 16, 'success': False}]"
21865,43000364,146000,228,True,True,16.0,16.0,True,True,True,21863.0,16,b_attack,"[{'system': 'pbs', 'block_number': 16, 'success': True}, {'system': 'pos', 'block_number': 16, 'success': True}]"
21866,0,0,228,True,True,16.0,16.0,False,False,True,21863.0,16,failed,"[{'system': 'pbs', 'block_number': 16, 'success': False}, {'system': 'pos', 'block_number': 16, 'success': False}]"
21863,43000363,146000,226,True,True,16.0,16.0,True,True,True,21861.0,16,b_attack,"[{'system': 'pbs', 'block_number': 16, 'success': True}, {'system': 'pos', 'block_number': 16, 'success': True}]"
21864,0,0,226,True,True,16.0,16.0,False,False,True,21861.0,16,failed,"[{'system': 'pbs', 'block_number': 16, 'success': False}, {'system': 'pos', 'block_number': 16, 'success': False}]"
21861,43000362,146000,236,True,True,16.0,16.0,True,True,True,21859.0,16,b_attack,"[{'system': 'pbs', 'block_number': 16, 'success': True}, {'system': 'pos', 'block_number': 16, 'success': True}]"
21862,0,0,236,True,True,16.0,16.0,False,False,True,21859.0,16,failed,"[{'system': 'pbs', 'block_number': 16, 'success': False}, {'system': 'pos', 'block_number': 16, 'success': False}]"
21859,43000361,146000,233,True,True,16.0,16.0,True,True,True,21857.0,16,b_attack,"[{'system': 'pbs', 'block_number': 16, 'success': True}, {'system': 'pos', 'block_number': 16, 'success': True}]"
21860,0,0,233,True,True,16.0,16.0,False,False,True,21857.0,16,failed,"[{'system': 'pbs', 'block_number': 16, 'success': False}, {'system': 'pos', 'block_number': 16, 'success': False}]"
21857,43000360,146000,226,True,True,16.0,16.0,True,True,True,21855.0,16,b_attack,"[{'system': 'pbs', 'block_number': 16, 'success': True}, {'system': 'pos', 'block_number': 16, 'success': True}]"
21858,0,0,226,True,True,16.0,16.0,False,False,True,21855.0,16,failed,"[{'system': 'pbs', 'block_number': 16, 'success': False}, {'system': 'pos', 'block_number': 16, 'success': False}]"
21855,43000359,146000,223,True,True,16.0,16.0,True,True,True,21853.0,16,b_attack,"[{'system': 'pbs', 'block_number': 16, 'success': True}, {'system': 'pos', 'block_number': 16, 'success': True}]"
21856,0,0,223,True,True,16.0,16.0,False,False,True,21853.0,16,failed,"[{'system': 'pbs', 'block_number': 16, 'success': False}, {'system': 'pos', 'block_number': 16, 'success': False}]"
21853,43000358,146000,240,True,True,16.0,16.0,True,True,True,21851.0,16,b_attack,"[{'system': 'pbs', 'block_number': 16, 'success': True}, {'system': 'pos', 'block_number': 16, 'success': True}]"
21854,0,0,240,True,True,16.0,16.0,False,False,True,21851.0,16,failed,"[{'system': 'pbs', 'block_number': 16, 'success': False}, {'system': 'pos', 'block_number': 16, 'success': False}]"
21851,43000357,146000,228,True,True,16.0,16.0,True,True,True,21849.0,16,b_attack,"[{'system': 'pbs', 'block_number': 16, 'success': True}, {'system': 'pos', 'block_number': 16, 'success': True}]"
21852,0,0,228,True,True,16.0,16.0,False,False,True,21849.0,16,failed,"[{'system': 'pbs', 'block_number': 16, 'success': False}, {'system': 'pos', 'block_number': 16, 'success': False}]"
21849,0,0,233,True,True,16.0,16.0,False,True,True,21847.0,16,failed,"[{'system': 'pbs', 'block_number': 16, 'success': False}, {'system': 'pos', 'block_number': 16, 'success': True}]"
21850,0,0,233,True,True,16.0,16.0,False,False,True,21847.0,16,failed,"[{'system': 'pbs', 'block_number': 16, 'success': False}, {'system': 'pos', 'block_number': 16, 'success': False}]"
21943,43000403,146000,234,True,True,17.0,17.0,True,True,True,21941.0,17,b_attack,"[{'system': 'pbs', 'block_number': 17, 'success': True}, {'system': 'pos', 'block_number': 17, 'success': True}]"
23545,0,0,553,True,False,17.0,,False,False,True,21943.0,17,failed,"[{'system': 'pbs', 'block_number': 17, 'success': False}]"
21944,0,0,234,True,True,17.0,17.0,False,False,True,21941.0,17,failed,"[{'system': 'pbs', 'block_number': 17, 'success': False}, {'system': 'pos', 'block_number': 17, 'success': False}]"
21941,43000402,146000,224,True,True,17.0,17.0,True,True,True,21939.0,17,b_attack,"[{'system': 'pbs', 'block_number': 17, 'success': True}, {'system': 'pos', 'block_number': 17, 'success': True}]"
21942,0,0,224,True,True,17.0,17.0,False,False,True,21939.0,17,failed,"[{'system': 'pbs', 'block_number': 17, 'success': False}, {'system': 'pos', 'block_number': 17, 'success': False}]"
21939,43000401,146000,228,True,True,17.0,17.0,True,True,True,21937.0,17,b_attack,"[{'system': 'pbs', 'block_number': 17, 'success': True}, {'system': 'pos', 'block_number': 17, 'success': True}]"
21940,0,0,228,True,True,17.0,17.0,False,False,True,21937.0,17,failed,"[{'system': 'pbs', 'block_number': 17, 'success': False}, {'system': 'pos', 'block_number': 17, 'success': False}]"
21937,43000400,146000,238,True,True,17.0,17.0,True,True,True,21935.0,17,b_attack,"[{'system': 'pbs', 'block_number': 17, 'success': True}, {'system': 'pos', 'block_number': 17, 'success': True}]"
21938,0,0,238,True,True,17.0,17.0,False,False,True,21935.0,17,failed,"[{'system': 'pbs', 'block_number': 17, 'success': False}, {'system': 'pos', 'block_number': 17, 'success': False}]"
21935,43000399,146000,226,True,True,17.0,17.0,True,True,True,21933.0,17,b_attack,"[{'system': 'pbs', 'block_number': 17, 'success': True}, {'system': 'pos', 'block_number': 17, 'success': True}]"
21936,0,0,226,True,True,17.0,17.0,False,False,True,21933.0,17,failed,"[{'system': 'pbs', 'block_number': 17, 'success': False}, {'system': 'pos', 'block_number': 17, 'success': False}]"
21933,43000398,146000,232,True,True,17.0,17.0,True,True,True,21931.0,17,b_attack,"[{'system': 'pbs', 'block_number': 17, 'success': True}, {'system': 'pos', 'block_number': 17, 'success': True}]"
21934,0,0,232,True,True,17.0,17.0,False,False,True,21931.0,17,failed,"[{'system': 'pbs', 'block_number': 17, 'success': False}, {'system': 'pos', 'block_number': 17, 'success': False}]"
21931,43000397,146000,226,True,True,17.0,17.0,True,True,True,21929.0,17,b_attack,"[{'system': 'pbs', 'block_number': 17, 'success': True}, {'system': 'pos', 'block_number': 17, 'success': True}]"
21932,0,0,226,True,True,17.0,17.0,False,False,True,21929.0,17,failed,"[{'system': 'pbs', 'block_number': 17, 'success': False}, {'system': 'pos', 'block_number': 17, 'success': False}]"
21929,43000396,146000,238,True,True,17.0,17.0,True,True,True,21927.0,17,b_attack,"[{'system': 'pbs', 'block_number': 17, 'success': True}, {'system': 'pos', 'block_number': 17, 'success': True}]"
21930,0,0,238,True,True,17.0,17.0,False,False,True,21927.0,17,failed,"[{'system': 'pbs', 'block_number': 17, 'success': False}, {'system': 'pos', 'block_number': 17, 'success': False}]"
21927,43000395,146000,221,True,True,17.0,17.0,True,True,True,21925.0,17,b_attack,"[{'system': 'pbs', 'block_number': 17, 'success': True}, {'system': 'pos', 'block_number': 17, 'success': True}]"
21928,0,0,221,True,True,17.0,17.0,False,False,True,21925.0,17,failed,"[{'system': 'pbs', 'block_number': 17, 'success': False}, {'system': 'pos', 'block_number': 17, 'success': False}]"
21925,43000394,146000,221,True,True,17.0,17.0,True,True,True,21923.0,17,b_attack,"[{'system': 'pbs', 'block_number': 17, 'success': True}, {'system': 'pos', 'block_number': 17, 'success': True}]"
21926,0,0,221,True,True,17.0,17.0,False,False,True,21923.0,17,failed,"[{'system': 'pbs', 'block_number': 17, 'success': False}, {'system': 'pos', 'block_number': 17, 'success': False}]"
21923,43000393,146000,221,True,True,17.0,17.0,True,True,True,21921.0,17,b_attack,"[{'system': 'pbs', 'block_number': 17, 'success': True}, {'system': 'pos', 'block_number': 17, 'success': True}]"
21924,0,0,221,True,True,17.0,17.0,False,False,True,21921.0,17,failed,"[{'system': 'pbs', 'block_number': 17, 'success': False}, {'system': 'pos', 'block_number': 17, 'success': False}]"
21921,43000392,146000,225,True,True,17.0,17.0,True,True,True,21919.0,17,b_attack,"[{'system': 'pbs', 'block_number': 17, 'success': True}, {'system': 'pos', 'block_number': 17, 'success': True}]"
21922,0,0,225,True,True,17.0,17.0,False,False,True,21919.0,17,failed,"[{'system': 'pbs', 'block_number': 17, 'success': False}, {'system': 'pos', 'block_number': 17, 'success': False}]"
21919,43000391,146000,233,True,True,17.0,17.0,True,True,True,21917.0,17,b_attack,"[{'system': 'pbs', 'block_number': 17, 'success': True}, {'system': 'pos', 'block_number': 17, 'success': True}]"
21920,0,0,233,True,True,17.0,17.0,False,False,True,21917.0,17,failed,"[{'system': 'pbs', 'block_number': 17, 'success': False}, {'system': 'pos', 'block_number': 17, 'success': False}]"
21917,43000390,146000,232,True,True,17.0,17.0,True,True,True,21915.0,17,b_attack,"[{'system': 'pbs', 'block_number': 17, 'success': True}, {'system': 'pos', 'block_number': 17, 'success': True}]"
21918,0,0,232,True,True,17.0,17.0,False,False,True,21915.0,17,failed,"[{'system': 'pbs', 'block_number': 17, 'success': False}, {'system': 'pos', 'block_number': 17, 'success': False}]"
21915,43000389,146000,239,True,True,17.0,17.0,True,True,True,21913.0,17,b_attack,"[{'system': 'pbs', 'block_number': 17, 'success': True}, {'system': 'pos', 'block_number': 17, 'success': True}]"
21916,0,0,239,True,True,17.0,17.0,False,False,True,21913.0,17,failed,"[{'system': 'pbs', 'block_number': 17, 'success': False}, {'system': 'pos', 'block_number': 17, 'success': False}]"
21913,43000388,146000,231,True,True,17.0,17.0,True,True,True,21911.0,17,b_attack,"[{'system': 'pbs', 'block_number': 17, 'success': True}, {'system': 'pos', 'block_number': 17, 'success': True}]"
21914,0,0,231,True,True,17.0,17.0,False,False,True,21911.0,17,failed,"[{'system': 'pbs', 'block_number': 17, 'success': False}, {'system': 'pos', 'block_number': 17, 'success': False}]"
21911,43000387,146000,222,True,True,17.0,17.0,True,True,True,21909.0,17,b_attack,"[{'system': 'pbs', 'block_number': 17, 'success': True}, {'system': 'pos', 'block_number': 17, 'success': True}]"
21912,0,0,222,True,True,17.0,17.0,False,False,True,21909.0,17,failed,"[{'system': 'pbs', 'block_number': 17, 'success': False}, {'system': 'pos', 'block_number': 17, 'success': False}]"
21909,43000386,146000,234,True,True,17.0,17.0,True,True,True,21907.0,17,b_attack,"[{'system': 'pbs', 'block_number': 17, 'success': True}, {'system': 'pos', 'block_number': 17, 'success': True}]"
21910,0,0,234,True,True,17.0,17.0,False,False,True,21907.0,17,failed,"[{'system': 'pbs', 'block_number': 17, 'success': False}, {'system': 'pos', 'block_number': 17, 'success': False}]"
21907,43000385,146000,231,True,True,17.0,17.0,True,True,True,21905.0,17,b_attack,"[{'system': 'pbs', 'block_number': 17, 'success': True}, {'system': 'pos', 'block_number': 17, 'success': True}]"
21908,0,0,231,True,True,17.0,17.0,False,False,True,21905.0,17,failed,"[{'system': 'pbs', 'block_number': 17, 'success': False}, {'system': 'pos', 'block_number': 17, 'success': False}]"
21905,43000384,146000,221,True,True,17.0,17.0,True,True,True,21903.0,17,b_attack,"[{'system': 'pbs', 'block_number': 17, 'success': True}, {'system': 'pos', 'block_number': 17, 'success': True}]"
21906,0,0,221,True,True,17.0,17.0,False,False,True,21903.0,17,failed,"[{'system': 'pbs', 'block_number': 17, 'success': False}, {'system': 'pos', 'block_number': 17, 'success': False}]"
21903,43000383,146000,234,True,True,17.0,17.0,True,True,True,21901.0,17,b_attack,"[{'system': 'pbs', 'block_number': 17, 'success': True}, {'system': 'pos', 'block_number': 17, 'success': True}]"
21904,0,0,234,True,True,17.0,17.0,False,False,True,21901.0,17,failed,"[{'system': 'pbs', 'block_number': 17, 'success': False}, {'system': 'pos', 'block_number': 17, 'success': False}]"
21901,43000382,146000,223,True,True,17.0,17.0,True,True,True,21899.0,17,b_attack,"[{'system': 'pbs', 'block_number': 17, 'success': True}, {'system': 'pos', 'block_number': 17, 'success': True}]"
21902,0,0,223,True,True,17.0,17.0,False,False,True,21899.0,17,failed,"[{'system': 'pbs', 'block_number': 17, 'success': False}, {'system': 'pos', 'block_number': 17, 'success': False}]"
21899,43000381,146000,237,True,True,17.0,17.0,True,True,True,21897.0,17,b_attack,"[{'system': 'pbs', 'block_number': 17, 'success': True}, {'system': 'pos', 'block_number': 17, 'success': True}]"
21900,0,0,237,True,True,17.0,17.0,False,False,True,21897.0,17,failed,"[{'system': 'pbs', 'block_number': 17, 'success': False}, {'system': 'pos', 'block_number': 17, 'success': False}]"
21897,0,0,226,True,True,17.0,17.0,False,False,True,21895.0,17,failed,"[{'system': 'pbs', 'block_number': 17, 'success': False}, {'system': 'pos', 'block_number': 17, 'success': False}]"
21898,0,0,226,True,True,17.0,17.0,False,False,True,21895.0,17,failed,"[{'system': 'pbs', 'block_number': 17, 'success': False}, {'system': 'pos', 'block_number': 17, 'success': False}]"
21991,43000427,146000,230,True,True,18.0,18.0,True,True,True,21989.0,18,b_attack,"[{'system': 'pbs', 'block_number': 18, 'success': True}, {'system': 'pos', 'block_number': 18, 'success': True}]"
23546,0,0,558,True,False,18.0,,False,False,True,21991.0,18,failed,"[{'system': 'pbs', 'block_number': 18, 'success': False}]"
21992,0,0,230,True,True,18.0,18.0,False,False,True,21989.0,18,failed,"[{'system': 'pbs', 'block_number': 18, 'success': False}, {'system': 'pos', 'block_number': 18, 'success': False}]"
21989,43000426,146000,226,True,True,18.0,18.0,True,True,True,21987.0,18,b_attack,"[{'system': 'pbs', 'block_number': 18, 'success': True}, {'system': 'pos', 'block_number': 18, 'success': True}]"
21990,0,0,226,True,True,18.0,18.0,False,False,True,21987.0,18,failed,"[{'system': 'pbs', 'block_number': 18, 'success': False}, {'system': 'pos', 'block_number': 18, 'success': False}]"
21987,43000425,146000,236,True,True,18.0,18.0,True,True,True,21985.0,18,b_attack,"[{'system': 'pbs', 'block_number': 18, 'success': True}, {'system': 'pos', 'block_number': 18, 'success': True}]"
21988,0,0,236,True,True,18.0,18.0,False,False,True,21985.0,18,failed,"[{'system': 'pbs', 'block_number': 18, 'success': False}, {'system': 'pos', 'block_number': 18, 'success': False}]"
21985,43000424,146000,235,True,True,18.0,18.0,True,True,True,21983.0,18,b_attack,"[{'system': 'pbs', 'block_number': 18, 'success': True}, {'system': 'pos', 'block_number': 18, 'success': True}]"
21986,0,0,235,True,True,18.0,18.0,False,False,True,21983.0,18,failed,"[{'system': 'pbs', 'block_number': 18, 'success': False}, {'system': 'pos', 'block_number': 18, 'success': False}]"
21983,43000423,146000,232,True,True,18.0,18.0,True,True,True,21981.0,18,b_attack,"[{'system': 'pbs', 'block_number': 18, 'success': True}, {'system': 'pos', 'block_number': 18, 'success': True}]"
21984,0,0,232,True,True,18.0,18.0,False,False,True,21981.0,18,failed,"[{'system': 'pbs', 'block_number': 18, 'success': False}, {'system': 'pos', 'block_number': 18, 'success': False}]"
21981,43000422,146000,237,True,True,18.0,18.0,True,True,True,21979.0,18,b_attack,"[{'system': 'pbs', 'block_number': 18, 'success': True}, {'system': 'pos', 'block_number': 18, 'success': True}]"
21982,0,0,237,True,True,18.0,18.0,False,False,True,21979.0,18,failed,"[{'system': 'pbs', 'block_number': 18, 'success': False}, {'system': 'pos', 'block_number': 18, 'success': False}]"
21979,43000421,146000,236,True,True,18.0,18.0,True,True,True,21977.0,18,b_attack,"[{'system': 'pbs', 'block_number': 18, 'success': True}, {'system': 'pos', 'block_number': 18, 'success': True}]"
21980,0,0,236,True,True,18.0,18.0,False,False,True,21977.0,18,failed,"[{'system': 'pbs', 'block_number': 18, 'success': False}, {'system': 'pos', 'block_number': 18, 'success': False}]"
21977,43000420,146000,226,True,True,18.0,18.0,True,True,True,21975.0,18,b_attack,"[{'system': 'pbs', 'block_number': 18, 'success': True}, {'system': 'pos', 'block_number': 18, 'success': True}]"
21978,0,0,226,True,True,18.0,18.0,False,False,True,21975.0,18,failed,"[{'system': 'pbs', 'block_number': 18, 'success': False}, {'system': 'pos', 'block_number': 18, 'success': False}]"
21975,43000419,146000,237,True,True,18.0,18.0,True,True,True,21973.0,18,b_attack,"[{'system': 'pbs', 'block_number': 18, 'success': True}, {'system': 'pos', 'block_number': 18, 'success': True}]"
21976,0,0,237,True,True,18.0,18.0,False,False,True,21973.0,18,failed,"[{'system': 'pbs', 'block_number': 18, 'success': False}, {'system': 'pos', 'block_number': 18, 'success': False}]"
21973,43000418,146000,223,True,True,18.0,18.0,True,True,True,21971.0,18,b_attack,"[{'system': 'pbs', 'block_number': 18, 'success': True}, {'system': 'pos', 'block_number': 18, 'success': True}]"
21974,0,0,223,True,True,18.0,18.0,False,False,True,21971.0,18,failed,"[{'system': 'pbs', 'block_number': 18, 'success': False}, {'system': 'pos', 'block_number': 18, 'success': False}]"
21971,43000417,146000,228,True,True,18.0,18.0,True,True,True,21969.0,18,b_attack,"[{'system': 'pbs', 'block_number': 18, 'success': True}, {'system': 'pos', 'block_number': 18, 'success': True}]"
21972,0,0,228,True,True,18.0,18.0,False,False,True,21969.0,18,failed,"[{'system': 'pbs', 'block_number': 18, 'success': False}, {'system': 'pos', 'block_number': 18, 'success': False}]"
21969,43000416,146000,224,True,True,18.0,18.0,True,True,True,21967.0,18,b_attack,"[{'system': 'pbs', 'block_number': 18, 'success': True}, {'system': 'pos', 'block_number': 18, 'success': True}]"
21970,0,0,224,True,True,18.0,18.0,False,False,True,21967.0,18,failed,"[{'system': 'pbs', 'block_number': 18, 'success': False}, {'system': 'pos', 'block_number': 18, 'success': False}]"
21967,43000415,146000,222,True,True,18.0,18.0,True,True,True,21965.0,18,b_attack,"[{'system': 'pbs', 'block_number': 18, 'success': True}, {'system': 'pos', 'block_number': 18, 'success': True}]"
21968,0,0,222,True,True,18.0,18.0,False,False,True,21965.0,18,failed,"[{'system': 'pbs', 'block_number': 18, 'success': False}, {'system': 'pos', 'block_number': 18, 'success': False}]"
21965,43000414,146000,238,True,True,18.0,18.0,True,True,True,21963.0,18,b_attack,"[{'system': 'pbs', 'block_number': 18, 'success': True}, {'system': 'pos', 'block_number': 18, 'success': True}]"
21966,0,0,238,True,True,18.0,18.0,False,False,True,21963.0,18,failed,"[{'system': 'pbs', 'block_number': 18, 'success': False}, {'system': 'pos', 'block_number': 18, 'success': False}]"
21963,43000413,146000,238,True,True,18.0,18.0,True,True,True,21961.0,18,b_attack,"[{'system': 'pbs', 'block_number': 18, 'success': True}, {'system': 'pos', 'block_number': 18, 'success': True}]"
21964,0,0,238,True,True,18.0,18.0,False,False,True,21961.0,18,failed,"[{'system': 'pbs', 'block_number': 18, 'success': False}, {'system': 'pos', 'block_number': 18, 'success': False}]"
21961,43000412,146000,240,True,True,18.0,18.0,True,True,True,21959.0,18,b_attack,"[{'system': 'pbs', 'block_number': 18, 'success': True}, {'system': 'pos', 'block_number': 18, 'success': True}]"
21962,0,0,240,True,True,18.0,18.0,False,False,True,21959.0,18,failed,"[{'system': 'pbs', 'block_number': 18, 'success': False}, {'system': 'pos', 'block_number': 18, 'success': False}]"
21959,43000411,146000,235,True,True,18.0,18.0,True,True,True,21957.0,18,b_attack,"[{'system': 'pbs', 'block_number': 18, 'success': True}, {'system': 'pos', 'block_number': 18, 'success': True}]"
21960,0,0,235,True,True,18.0,18.0,False,False,True,21957.0,18,failed,"[{'system': 'pbs', 'block_number': 18, 'success': False}, {'system': 'pos', 'block_number': 18, 'success': False}]"
21957,43000410,146000,223,True,True,18.0,18.0,True,True,True,21955.0,18,b_attack,"[{'system': 'pbs', 'block_number': 18, 'success': True}, {'system': 'pos', 'block_number': 18, 'success': True}]"
21958,0,0,223,True,True,18.0,18.0,False,False,True,21955.0,18,failed,"[{'system': 'pbs', 'block_number': 18, 'success': False}, {'system': 'pos', 'block_number': 18, 'success': False}]"
21955,43000409,146000,239,True,True,18.0,18.0,True,True,True,21953.0,18,b_attack,"[{'system': 'pbs', 'block_number': 18, 'success': True}, {'system': 'pos', 'block_number': 18, 'success': True}]"
21956,0,0,239,True,True,18.0,18.0,False,False,True,21953.0,18,failed,"[{'system': 'pbs', 'block_number': 18, 'success': False}, {'system': 'pos', 'block_number': 18, 'success': False}]"
21953,43000408,146000,222,True,True,18.0,18.0,True,True,True,21951.0,18,b_attack,"[{'system': 'pbs', 'block_number': 18, 'success': True}, {'system': 'pos', 'block_number': 18, 'success': True}]"
21954,0,0,222,True,True,18.0,18.0,False,False,True,21951.0,18,failed,"[{'system': 'pbs', 'block_number': 18, 'success': False}, {'system': 'pos', 'block_number': 18, 'success': False}]"
21951,43000407,146000,221,True,True,18.0,18.0,True,True,True,21949.0,18,b_attack,"[{'system': 'pbs', 'block_number': 18, 'success': True}, {'system': 'pos', 'block_number': 18, 'success': True}]"
21952,0,0,221,True,True,18.0,18.0,False,False,True,21949.0,18,failed,"[{'system': 'pbs', 'block_number': 18, 'success': False}, {'system': 'pos', 'block_number': 18, 'success': False}]"
21949,43000406,146000,228,True,True,18.0,18.0,True,True,True,21947.0,18,b_attack,"[{'system': 'pbs', 'block_number': 18, 'success': True}, {'system': 'pos', 'block_number': 18, 'success': True}]"
21950,0,0,228,True,True,18.0,18.0,False,False,True,21947.0,18,failed,"[{'system': 'pbs', 'block_number': 18, 'success': False}, {'system': 'pos', 'block_number': 18, 'success': False}]"
21947,43000405,146000,228,True,True,18.0,18.0,True,True,True,21945.0,18,b_attack,"[{'system': 'pbs', 'block_number': 18, 'success': True}, {'system': 'pos', 'block_number': 18, 'success': True}]"
21948,0,0,228,True,True,18.0,18.0,False,False,True,21945.0,18,failed,"[{'system': 'pbs', 'block_number': 18, 'success': False}, {'system': 'pos', 'block_number': 18, 'success': False}]"
21945,0,0,227,True,True,18.0,18.0,False,True,True,21943.0,18,failed,"[{'system': 'pbs', 'block_number': 18, 'success': False}, {'system': 'pos', 'block_number': 18, 'success': True}]"
21946,0,0,227,True,True,18.0,18.0,False,False,True,21943.0,18,failed,"[{'system': 'pbs', 'block_number': 18, 'success': False}, {'system': 'pos', 'block_number': 18, 'success': False}]"
22039,43000451,146000,227,True,True,19.0,19.0,True,True,True,22037.0,19,b_attack,"[{'system': 'pbs', 'block_number': 19, 'success': True}, {'system': 'pos', 'block_number': 19, 'success': True}]"
23547,0,0,556,True,False,19.0,,False,False,True,22039.0,19,failed,"[{'system': 'pbs', 'block_number': 19, 'success': False}]"
22040,0,0,227,True,True,19.0,19.0,False,False,True,22037.0,19,failed,"[{'system': 'pbs', 'block_number': 19, 'success': False}, {'system': 'pos', 'block_number': 19, 'success': False}]"
22037,43000450,146000,240,True,True,19.0,19.0,True,True,True,22035.0,19,b_attack,"[{'system': 'pbs', 'block_number': 19, 'success': True}, {'system': 'pos', 'block_number': 19, 'success': True}]"
22038,0,0,240,True,True,19.0,19.0,False,False,True,22035.0,19,failed,"[{'system': 'pbs', 'block_number': 19, 'success': False}, {'system': 'pos', 'block_number': 19, 'success': False}]"
22035,43000449,146000,235,True,True,19.0,19.0,True,True,True,22033.0,19,b_attack,"[{'system': 'pbs', 'block_number': 19, 'success': True}, {'system': 'pos', 'block_number': 19, 'success': True}]"
22036,0,0,235,True,True,19.0,19.0,False,False,True,22033.0,19,failed,"[{'system': 'pbs', 'block_number': 19, 'success': False}, {'system': 'pos', 'block_number': 19, 'success': False}]"
22033,43000448,146000,227,True,True,19.0,19.0,True,True,True,22031.0,19,b_attack,"[{'system': 'pbs', 'block_number': 19, 'success': True}, {'system': 'pos', 'block_number': 19, 'success': True}]"
22034,0,0,227,True,True,19.0,19.0,False,False,True,22031.0,19,failed,"[{'system': 'pbs', 'block_number': 19, 'success': False}, {'system': 'pos', 'block_number': 19, 'success': False}]"
22031,43000447,146000,236,True,True,19.0,19.0,True,True,True,22029.0,19,b_attack,"[{'system': 'pbs', 'block_number': 19, 'success': True}, {'system': 'pos', 'block_number': 19, 'success': True}]"
22032,0,0,236,True,True,19.0,19.0,False,False,True,22029.0,19,failed,"[{'system': 'pbs', 'block_number': 19, 'success': False}, {'system': 'pos', 'block_number': 19, 'success': False}]"
22029,43000446,146000,240,True,True,19.0,19.0,True,True,True,22027.0,19,b_attack,"[{'system': 'pbs', 'block_number': 19, 'success': True}, {'system': 'pos', 'block_number': 19, 'success': True}]"
22030,0,0,240,True,True,19.0,19.0,False,False,True,22027.0,19,failed,"[{'system': 'pbs', 'block_number': 19, 'success': False}, {'system': 'pos', 'block_number': 19, 'success': False}]"
22027,43000445,146000,234,True,True,19.0,19.0,True,True,True,22025.0,19,b_attack,"[{'system': 'pbs', 'block_number': 19, 'success': True}, {'system': 'pos', 'block_number': 19, 'success': True}]"
22028,0,0,234,True,True,19.0,19.0,False,False,True,22025.0,19,failed,"[{'system': 'pbs', 'block_number': 19, 'success': False}, {'system': 'pos', 'block_number': 19, 'success': False}]"
22025,43000444,146000,228,True,True,19.0,19.0,True,True,True,22023.0,19,b_attack,"[{'system': 'pbs', 'block_number': 19, 'success': True}, {'system': 'pos', 'block_number': 19, 'success': True}]"
22026,0,0,228,True,True,19.0,19.0,False,False,True,22023.0,19,failed,"[{'system': 'pbs', 'block_number': 19, 'success': False}, {'system': 'pos', 'block_number': 19, 'success': False}]"
22023,43000443,146000,231,True,True,19.0,19.0,True,True,True,22021.0,19,b_attack,"[{'system': 'pbs', 'block_number': 19, 'success': True}, {'system': 'pos', 'block_number': 19, 'success': True}]"
22024,0,0,231,True,True,19.0,19.0,False,False,True,22021.0,19,failed,"[{'system': 'pbs', 'block_number': 19, 'success': False}, {'system': 'pos', 'block_number': 19, 'success': False}]"
22021,43000442,146000,223,True,True,19.0,19.0,True,True,True,22019.0,19,b_attack,"[{'system': 'pbs', 'block_number': 19, 'success': True}, {'system': 'pos', 'block_number': 19, 'success': True}]"
22022,0,0,223,True,True,19.0,19.0,False,False,True,22019.0,19,failed,"[{'system': 'pbs', 'block_number': 19, 'success': False}, {'system': 'pos', 'block_number': 19, 'success': False}]"
22019,43000441,146000,229,True,True,19.0,19.0,True,True,True,22017.0,19,b_attack,"[{'system': 'pbs', 'block_number': 19, 'success': True}, {'system': 'pos', 'block_number': 19, 'success': True}]"
22020,0,0,229,True,True,19.0,19.0,False,False,True,22017.0,19,failed,"[{'system': 'pbs', 'block_number': 19, 'success': False}, {'system': 'pos', 'block_number': 19, 'success': False}]"
22017,43000440,146000,238,True,True,19.0,19.0,True,True,True,22015.0,19,b_attack,"[{'system': 'pbs', 'block_number': 19, 'success': True}, {'system': 'pos', 'block_number': 19, 'success': True}]"
22018,0,0,238,True,True,19.0,19.0,False,False,True,22015.0,19,failed,"[{'system': 'pbs', 'block_number': 19, 'success': False}, {'system': 'pos', 'block_number': 19, 'success': False}]"
22015,43000439,146000,236,True,True,19.0,19.0,True,True,True,22013.0,19,b_attack,"[{'system': 'pbs', 'block_number': 19, 'success': True}, {'system': 'pos', 'block_number': 19, 'success': True}]"
22016,0,0,236,True,True,19.0,19.0,False,False,True,22013.0,19,failed,"[{'system': 'pbs', 'block_number': 19, 'success': False}, {'system': 'pos', 'block_number': 19, 'success': False}]"
22013,43000438,146000,230,True,True,19.0,19.0,True,True,True,22011.0,19,b_attack,"[{'system': 'pbs', 'block_number': 19, 'success': True}, {'system': 'pos', 'block_number': 19, 'success': True}]"
22014,0,0,230,True,True,19.0,19.0,False,False,True,22011.0,19,failed,"[{'system': 'pbs', 'block_number': 19, 'success': False}, {'system': 'pos', 'block_number': 19, 'success': False}]"
22011,43000437,146000,233,True,True,19.0,19.0,True,True,True,22009.0,19,b_attack,"[{'system': 'pbs', 'block_number': 19, 'success': True}, {'system': 'pos', 'block_number': 19, 'success': True}]"
22012,0,0,233,True,True,19.0,19.0,False,False,True,22009.0,19,failed,"[{'system': 'pbs', 'block_number': 19, 'success': False}, {'system': 'pos', 'block_number': 19, 'success': False}]"
22009,43000436,146000,238,True,True,19.0,19.0,True,True,True,22007.0,19,b_attack,"[{'system': 'pbs', 'block_number': 19, 'success': True}, {'system': 'pos', 'block_number': 19, 'success': True}]"
22010,0,0,238,True,True,19.0,19.0,False,False,True,22007.0,19,failed,"[{'system': 'pbs', 'block_number': 19, 'success': False}, {'system': 'pos', 'block_number': 19, 'success': False}]"
22007,43000435,146000,223,True,True,19.0,19.0,True,True,True,22005.0,19,b_attack,"[{'system': 'pbs', 'block_number': 19, 'success': True}, {'system': 'pos', 'block_number': 19, 'success': True}]"
22008,0,0,223,True,True,19.0,19.0,False,False,True,22005.0,19,failed,"[{'system': 'pbs', 'block_number': 19, 'success': False}, {'system': 'pos', 'block_number': 19, 'success': False}]"
22005,43000434,146000,222,True,True,19.0,19.0,True,True,True,22003.0,19,b_attack,"[{'system': 'pbs', 'block_number': 19, 'success': True}, {'system': 'pos', 'block_number': 19, 'success': True}]"
22006,0,0,222,True,True,19.0,19.0,False,False,True,22003.0,19,failed,"[{'system': 'pbs', 'block_number': 19, 'success': False}, {'system': 'pos', 'block_number': 19, 'success': False}]"
22003,43000433,146000,221,True,True,19.0,19.0,True,True,True,22001.0,19,b_attack,"[{'system': 'pbs', 'block_number': 19, 'success': True}, {'system': 'pos', 'block_number': 19, 'success': True}]"
22004,0,0,221,True,True,19.0,19.0,False,False,True,22001.0,19,failed,"[{'system': 'pbs', 'block_number': 19, 'success': False}, {'system': 'pos', 'block_number': 19, 'success': False}]"
22001,43000432,146000,239,True,True,19.0,19.0,True,True,True,21999.0,19,b_attack,"[{'system': 'pbs', 'block_number': 19, 'success': True}, {'system': 'pos', 'block_number': 19, 'success': True}]"
22002,0,0,239,True,True,19.0,19.0,False,False,True,21999.0,19,failed,"[{'system': 'pbs', 'block_number': 19, 'success': False}, {'system': 'pos', 'block_number': 19, 'success': False}]"
21999,43000431,146000,223,True,True,19.0,19.0,True,True,True,21997.0,19,b_attack,"[{'system': 'pbs', 'block_number': 19, 'success': True}, {'system': 'pos', 'block_number': 19, 'success': True}]"
22000,0,0,223,True,True,19.0,19.0,False,False,True,21997.0,19,failed,"[{'system': 'pbs', 'block_number': 19, 'success': False}, {'system': 'pos', 'block_number': 19, 'success': False}]"
21997,43000430,146000,238,True,True,19.0,19.0,True,True,True,21995.0,19,b_attack,"[{'system': 'pbs', 'block_number': 19, 'success': True}, {'system': 'pos', 'block_number': 19, 'success': True}]"
21998,0,0,238,True,True,19.0,19.0,False,False,True,21995.0,19,failed,"[{'system': 'pbs', 'block_number': 19, 'success': False}, {'system': 'pos', 'block_number': 19, 'success': False}]"
21995,43000429,146000,225,True,True,19.0,19.0,True,True,True,21993.0,19,b_attack,"[{'system': 'pbs', 'block_number': 19, 'success': True}, {'system': 'pos', 'block_number': 19, 'success': True}]"
21996,0,0,225,True,True,19.0,19.0,False,False,True,21993.0,19,failed,"[{'system': 'pbs', 'block_number': 19, 'success': False}, {'system': 'pos', 'block_number': 19, 'success': False}]"
21993,0,0,226,True,True,19.0,19.0,False,True,True,21991.0,19,failed,"[{'system': 'pbs', 'block_number': 19, 'success': False}, {'system': 'pos', 'block_number': 19, 'success': True}]"
21994,0,0,226,True,True,19.0,19.0,False,False,True,21991.0,19,failed,"[{'system': 'pbs', 'block_number': 19, 'success': False}, {'system': 'pos', 'block_number': 19, 'success': False}]"
22087,43000475,146000,225,True,True,20.0,20.0,True,True,True,22085.0,20,b_attack,"[{'system': 'pbs', 'block_number': 20, 'success': True}, {'system': 'pos', 'block_number': 20, 'success': True}]"
23548,0,0,553,True,False,20.0,,False,False,True,22087.0,20,failed,"[{'system': 'pbs', 'block_number': 20, 'success': False}]"
22088,0,0,225,True,True,20.0,20.0,False,False,True,22085.0,20,failed,"[{'system': 'pbs', 'block_number': 20, 'success': False}, {'system': 'pos', 'block_number': 20, 'success': False}]"
22085,43000474,146000,228,True,True,20.0,20.0,True,True,True,22083.0,20,b_attack,"[{'system': 'pbs', 'block_number': 20, 'success': True}, {'system': 'pos', 'block_number': 20, 'success': True}]"
22086,0,0,228,True,True,20.0,20.0,False,False,True,22083.0,20,failed,"[{'system': 'pbs', 'block_number': 20, 'success': False}, {'system': 'pos', 'block_number': 20, 'success': False}]"
22083,43000473,146000,228,True,True,20.0,20.0,True,True,True,22081.0,20,b_attack,"[{'system': 'pbs', 'block_number': 20, 'success': True}, {'system': 'pos', 'block_number': 20, 'success': True}]"
22084,0,0,228,True,True,20.0,20.0,False,False,True,22081.0,20,failed,"[{'system': 'pbs', 'block_number': 20, 'success': False}, {'system': 'pos', 'block_number': 20, 'success': False}]"
22081,43000472,146000,237,True,True,20.0,20.0,True,True,True,22079.0,20,b_attack,"[{'system': 'pbs', 'block_number': 20, 'success': True}, {'system': 'pos', 'block_number': 20, 'success': True}]"
22082,0,0,237,True,True,20.0,20.0,False,False,True,22079.0,20,failed,"[{'system': 'pbs', 'block_number': 20, 'success': False}, {'system': 'pos', 'block_number': 20, 'success': False}]"
22079,43000471,146000,237,True,True,20.0,20.0,True,True,True,22077.0,20,b_attack,"[{'system': 'pbs', 'block_number': 20, 'success': True}, {'system': 'pos', 'block_number': 20, 'success': True}]"
22080,0,0,237,True,True,20.0,20.0,False,False,True,22077.0,20,failed,"[{'system': 'pbs', 'block_number': 20, 'success': False}, {'system': 'pos', 'block_number': 20, 'success': False}]"
22077,43000470,146000,237,True,True,20.0,20.0,True,True,True,22075.0,20,b_attack,"[{'system': 'pbs', 'block_number': 20, 'success': True}, {'system': 'pos', 'block_number': 20, 'success': True}]"
22078,0,0,237,True,True,20.0,20.0,False,False,True,22075.0,20,failed,"[{'system': 'pbs', 'block_number': 20, 'success': False}, {'system': 'pos', 'block_number': 20, 'success': False}]"
22075,43000469,146000,233,True,True,20.0,20.0,True,True,True,22073.0,20,b_attack,"[{'system': 'pbs', 'block_number': 20, 'success': True}, {'system': 'pos', 'block_number': 20, 'success': True}]"
22076,0,0,233,True,True,20.0,20.0,False,False,True,22073.0,20,failed,"[{'system': 'pbs', 'block_number': 20, 'success': False}, {'system': 'pos', 'block_number': 20, 'success': False}]"
22073,43000468,146000,230,True,True,20.0,20.0,True,True,True,22071.0,20,b_attack,"[{'system': 'pbs', 'block_number': 20, 'success': True}, {'system': 'pos', 'block_number': 20, 'success': True}]"
22074,0,0,230,True,True,20.0,20.0,False,False,True,22071.0,20,failed,"[{'system': 'pbs', 'block_number': 20, 'success': False}, {'system': 'pos', 'block_number': 20, 'success': False}]"
22071,43000467,146000,221,True,True,20.0,20.0,True,True,True,22069.0,20,b_attack,"[{'system': 'pbs', 'block_number': 20, 'success': True}, {'system': 'pos', 'block_number': 20, 'success': True}]"
22072,0,0,221,True,True,20.0,20.0,False,False,True,22069.0,20,failed,"[{'system': 'pbs', 'block_number': 20, 'success': False}, {'system': 'pos', 'block_number': 20, 'success': False}]"
22069,43000466,146000,235,True,True,20.0,20.0,True,True,True,22067.0,20,b_attack,"[{'system': 'pbs', 'block_number': 20, 'success': True}, {'system': 'pos', 'block_number': 20, 'success': True}]"
22070,0,0,235,True,True,20.0,20.0,False,False,True,22067.0,20,failed,"[{'system': 'pbs', 'block_number': 20, 'success': False}, {'system': 'pos', 'block_number': 20, 'success': False}]"
22067,43000465,146000,234,True,True,20.0,20.0,True,True,True,22065.0,20,b_attack,"[{'system': 'pbs', 'block_number': 20, 'success': True}, {'system': 'pos', 'block_number': 20, 'success': True}]"
22068,0,0,234,True,True,20.0,20.0,False,False,True,22065.0,20,failed,"[{'system': 'pbs', 'block_number': 20, 'success': False}, {'system': 'pos', 'block_number': 20, 'success': False}]"
22065,43000464,146000,238,True,True,20.0,20.0,True,True,True,22063.0,20,b_attack,"[{'system': 'pbs', 'block_number': 20, 'success': True}, {'system': 'pos', 'block_number': 20, 'success': True}]"
22066,0,0,238,True,True,20.0,20.0,False,False,True,22063.0,20,failed,"[{'system': 'pbs', 'block_number': 20, 'success': False}, {'system': 'pos', 'block_number': 20, 'success': False}]"
22063,43000463,146000,229,True,True,20.0,20.0,True,True,True,22061.0,20,b_attack,"[{'system': 'pbs', 'block_number': 20, 'success': True}, {'system': 'pos', 'block_number': 20, 'success': True}]"
22064,0,0,229,True,True,20.0,20.0,False,False,True,22061.0,20,failed,"[{'system': 'pbs', 'block_number': 20, 'success': False}, {'system': 'pos', 'block_number': 20, 'success': False}]"
22061,43000462,146000,223,True,True,20.0,20.0,True,True,True,22059.0,20,b_attack,"[{'system': 'pbs', 'block_number': 20, 'success': True}, {'system': 'pos', 'block_number': 20, 'success': True}]"
22062,0,0,223,True,True,20.0,20.0,False,False,True,22059.0,20,failed,"[{'system': 'pbs', 'block_number': 20, 'success': False}, {'system': 'pos', 'block_number': 20, 'success': False}]"
22059,43000461,146000,223,True,True,20.0,20.0,True,True,True,22057.0,20,b_attack,"[{'system': 'pbs', 'block_number': 20, 'success': True}, {'system': 'pos', 'block_number': 20, 'success': True}]"
22060,0,0,223,True,True,20.0,20.0,False,False,True,22057.0,20,failed,"[{'system': 'pbs', 'block_number': 20, 'success': False}, {'system': 'pos', 'block_number': 20, 'success': False}]"
22057,43000460,146000,228,True,True,20.0,20.0,True,True,True,22055.0,20,b_attack,"[{'system': 'pbs', 'block_number': 20, 'success': True}, {'system': 'pos', 'block_number': 20, 'success': True}]"
22058,0,0,228,True,True,20.0,20.0,False,False,True,22055.0,20,failed,"[{'system': 'pbs', 'block_number': 20, 'success': False}, {'system': 'pos', 'block_number': 20, 'success': False}]"
22055,43000459,146000,229,True,True,20.0,20.0,True,True,True,22053.0,20,b_attack,"[{'system': 'pbs', 'block_number': 20, 'success': True}, {'system': 'pos', 'block_number': 20, 'success': True}]"
22056,0,0,229,True,True,20.0,20.0,False,False,True,22053.0,20,failed,"[{'system': 'pbs', 'block_number': 20, 'success': False}, {'system': 'pos', 'block_number': 20, 'success': False}]"
22053,43000458,146000,221,True,True,20.0,20.0,True,True,True,22051.0,20,b_attack,"[{'system': 'pbs', 'block_number': 20, 'success': True}, {'system': 'pos', 'block_number': 20, 'success': True}]"
22054,0,0,221,True,True,20.0,20.0,False,False,True,22051.0,20,failed,"[{'system': 'pbs', 'block_number': 20, 'success': False}, {'system': 'pos', 'block_number': 20, 'success': False}]"
22051,43000457,146000,222,True,True,20.0,20.0,True,True,True,22049.0,20,b_attack,"[{'system': 'pbs', 'block_number': 20, 'success': True}, {'system': 'pos', 'block_number': 20, 'success': True}]"
22052,0,0,222,True,True,20.0,20.0,False,False,True,22049.0,20,failed,"[{'system': 'pbs', 'block_number': 20, 'success': False}, {'system': 'pos', 'block_number': 20, 'success': False}]"
22049,43000456,146000,238,True,True,20.0,20.0,True,True,True,22047.0,20,b_attack,"[{'system': 'pbs', 'block_number': 20, 'success': True}, {'system': 'pos', 'block_number': 20, 'success': True}]"
22050,0,0,238,True,True,20.0,20.0,False,False,True,22047.0,20,failed,"[{'system': 'pbs', 'block_number': 20, 'success': False}, {'system': 'pos', 'block_number': 20, 'success': False}]"
22047,43000455,146000,240,True,True,20.0,20.0,True,True,True,22045.0,20,b_attack,"[{'system': 'pbs', 'block_number': 20, 'success': True}, {'system': 'pos', 'block_number': 20, 'success': True}]"
22048,0,0,240,True,True,20.0,20.0,False,False,True,22045.0,20,failed,"[{'system': 'pbs', 'block_number': 20, 'success': False}, {'system': 'pos', 'block_number': 20, 'success': False}]"
22045,43000454,146000,238,True,True,20.0,20.0,True,True,True,22043.0,20,b_attack,"[{'system': 'pbs', 'block_number': 20, 'success': True}, {'system': 'pos', 'block_number': 20, 'success': True}]"
22046,0,0,238,True,True,20.0,20.0,False,False,True,22043.0,20,failed,"[{'system': 'pbs', 'block_number': 20, 'success': False}, {'system': 'pos', 'block_number': 20, 'success': False}]"
22043,43000453,146000,236,True,True,20.0,20.0,True,True,True,22041.0,20,b_attack,"[{'system': 'pbs', 'block_number': 20, 'success': True}, {'system': 'pos', 'block_number': 20, 'success': True}]"
22044,0,0,236,True,True,20.0,20.0,False,False,True,22041.0,20,failed,"[{'system': 'pbs', 'block_number': 20, 'success': False}, {'system': 'pos', 'block_number': 20, 'success': False}]"
22041,0,0,239,True,True,20.0,20.0,False,True,True,22039.0,20,failed,"[{'system': 'pbs', 'block_number': 20, 'success': False}, {'system': 'pos', 'block_number': 20, 'success': True}]"
22042,0,0,239,True,True,20.0,20.0,False,False,True,22039.0,20,failed,"[{'system': 'pbs', 'block_number': 20, 'success': False}, {'system': 'pos', 'block_number': 20, 'success': False}]"
22135,43000499,146000,231,True,True,21.0,21.0,True,True,True,22133.0,21,b_attack,"[{'system': 'pbs', 'block_number': 21, 'success': True}, {'system': 'pos', 'block_number': 21, 'success': True}]"
23549,0,0,554,True,False,21.0,,False,False,True,22135.0,21,failed,"[{'system': 'pbs', 'block_number': 21, 'success': False}]"
22136,0,0,231,True,True,21.0,21.0,False,False,True,22133.0,21,failed,"[{'system': 'pbs', 'block_number': 21, 'success': False}, {'system': 'pos', 'block_number': 21, 'success': False}]"
22133,43000498,146000,224,True,True,21.0,21.0,True,True,True,22131.0,21,b_attack,"[{'system': 'pbs', 'block_number': 21, 'success': True}, {'system': 'pos', 'block_number': 21, 'success': True}]"
22134,0,0,224,True,True,21.0,21.0,False,False,True,22131.0,21,failed,"[{'system': 'pbs', 'block_number': 21, 'success': False}, {'system': 'pos', 'block_number': 21, 'success': False}]"
22131,43000497,146000,237,True,True,21.0,21.0,True,True,True,22129.0,21,b_attack,"[{'system': 'pbs', 'block_number': 21, 'success': True}, {'system': 'pos', 'block_number': 21, 'success': True}]"
22132,0,0,237,True,True,21.0,21.0,False,False,True,22129.0,21,failed,"[{'system': 'pbs', 'block_number': 21, 'success': False}, {'system': 'pos', 'block_number': 21, 'success': False}]"
22129,43000496,146000,239,True,True,21.0,21.0,True,True,True,22127.0,21,b_attack,"[{'system': 'pbs', 'block_number': 21, 'success': True}, {'system': 'pos', 'block_number': 21, 'success': True}]"
22130,0,0,239,True,True,21.0,21.0,False,False,True,22127.0,21,failed,"[{'system': 'pbs', 'block_number': 21, 'success': False}, {'system': 'pos', 'block_number': 21, 'success': False}]"
22127,43000495,146000,226,True,True,21.0,21.0,True,True,True,22125.0,21,b_attack,"[{'system': 'pbs', 'block_number': 21, 'success': True}, {'system': 'pos', 'block_number': 21, 'success': True}]"
22128,0,0,226,True,True,21.0,21.0,False,False,True,22125.0,21,failed,"[{'system': 'pbs', 'block_number': 21, 'success': False}, {'system': 'pos', 'block_number': 21, 'success': False}]"
22125,43000494,146000,234,True,True,21.0,21.0,True,True,True,22123.0,21,b_attack,"[{'system': 'pbs', 'block_number': 21, 'success': True}, {'system': 'pos', 'block_number': 21, 'success': True}]"
22126,0,0,234,True,True,21.0,21.0,False,False,True,22123.0,21,failed,"[{'system': 'pbs', 'block_number': 21, 'success': False}, {'system': 'pos', 'block_number': 21, 'success': False}]"
22123,43000493,146000,239,True,True,21.0,21.0,True,True,True,22121.0,21,b_attack,"[{'system': 'pbs', 'block_number': 21, 'success': True}, {'system': 'pos', 'block_number': 21, 'success': True}]"
22124,0,0,239,True,True,21.0,21.0,False,False,True,22121.0,21,failed,"[{'system': 'pbs', 'block_number': 21, 'success': False}, {'system': 'pos', 'block_number': 21, 'success': False}]"
22121,43000492,146000,239,True,True,21.0,21.0,True,True,True,22119.0,21,b_attack,"[{'system': 'pbs', 'block_number': 21, 'success': True}, {'system': 'pos', 'block_number': 21, 'success': True}]"
22122,0,0,239,True,True,21.0,21.0,False,False,True,22119.0,21,failed,"[{'system': 'pbs', 'block_number': 21, 'success': False}, {'system': 'pos', 'block_number': 21, 'success': False}]"
22119,43000491,146000,230,True,True,21.0,21.0,True,True,True,22117.0,21,b_attack,"[{'system': 'pbs', 'block_number': 21, 'success': True}, {'system': 'pos', 'block_number': 21, 'success': True}]"
22120,0,0,230,True,True,21.0,21.0,False,False,True,22117.0,21,failed,"[{'system': 'pbs', 'block_number': 21, 'success': False}, {'system': 'pos', 'block_number': 21, 'success': False}]"
22117,43000490,146000,224,True,True,21.0,21.0,True,True,True,22115.0,21,b_attack,"[{'system': 'pbs', 'block_number': 21, 'success': True}, {'system': 'pos', 'block_number': 21, 'success': True}]"
22118,0,0,224,True,True,21.0,21.0,False,False,True,22115.0,21,failed,"[{'system': 'pbs', 'block_number': 21, 'success': False}, {'system': 'pos', 'block_number': 21, 'success': False}]"
22115,43000489,146000,228,True,True,21.0,21.0,True,True,True,22113.0,21,b_attack,"[{'system': 'pbs', 'block_number': 21, 'success': True}, {'system': 'pos', 'block_number': 21, 'success': True}]"
22116,0,0,228,True,True,21.0,21.0,False,False,True,22113.0,21,failed,"[{'system': 'pbs', 'block_number': 21, 'success': False}, {'system': 'pos', 'block_number': 21, 'success': False}]"
22113,43000488,146000,223,True,True,21.0,21.0,True,True,True,22111.0,21,b_attack,"[{'system': 'pbs', 'block_number': 21, 'success': True}, {'system': 'pos', 'block_number': 21, 'success': True}]"
22114,0,0,223,True,True,21.0,21.0,False,False,True,22111.0,21,failed,"[{'system': 'pbs', 'block_number': 21, 'success': False}, {'system': 'pos', 'block_number': 21, 'success': False}]"
22111,43000487,146000,229,True,True,21.0,21.0,True,True,True,22109.0,21,b_attack,"[{'system': 'pbs', 'block_number': 21, 'success': True}, {'system': 'pos', 'block_number': 21, 'success': True}]"
22112,0,0,229,True,True,21.0,21.0,False,False,True,22109.0,21,failed,"[{'system': 'pbs', 'block_number': 21, 'success': False}, {'system': 'pos', 'block_number': 21, 'success': False}]"
22109,43000486,146000,239,True,True,21.0,21.0,True,True,True,22107.0,21,b_attack,"[{'system': 'pbs', 'block_number': 21, 'success': True}, {'system': 'pos', 'block_number': 21, 'success': True}]"
22110,0,0,239,True,True,21.0,21.0,False,False,True,22107.0,21,failed,"[{'system': 'pbs', 'block_number': 21, 'success': False}, {'system': 'pos', 'block_number': 21, 'success': False}]"
22107,43000485,146000,229,True,True,21.0,21.0,True,True,True,22105.0,21,b_attack,"[{'system': 'pbs', 'block_number': 21, 'success': True}, {'system': 'pos', 'block_number': 21, 'success': True}]"
22108,0,0,229,True,True,21.0,21.0,False,False,True,22105.0,21,failed,"[{'system': 'pbs', 'block_number': 21, 'success': False}, {'system': 'pos', 'block_number': 21, 'success': False}]"
22105,43000484,146000,225,True,True,21.0,21.0,True,True,True,22103.0,21,b_attack,"[{'system': 'pbs', 'block_number': 21, 'success': True}, {'system': 'pos', 'block_number': 21, 'success': True}]"
22106,0,0,225,True,True,21.0,21.0,False,False,True,22103.0,21,failed,"[{'system': 'pbs', 'block_number': 21, 'success': False}, {'system': 'pos', 'block_number': 21, 'success': False}]"
22103,43000483,146000,231,True,True,21.0,21.0,True,True,True,22101.0,21,b_attack,"[{'system': 'pbs', 'block_number': 21, 'success': True}, {'system': 'pos', 'block_number': 21, 'success': True}]"
22104,0,0,231,True,True,21.0,21.0,False,False,True,22101.0,21,failed,"[{'system': 'pbs', 'block_number': 21, 'success': False}, {'system': 'pos', 'block_number': 21, 'success': False}]"
22101,43000482,146000,221,True,True,21.0,21.0,True,True,True,22099.0,21,b_attack,"[{'system': 'pbs', 'block_number': 21, 'success': True}, {'system': 'pos', 'block_number': 21, 'success': True}]"
22102,0,0,221,True,True,21.0,21.0,False,False,True,22099.0,21,failed,"[{'system': 'pbs', 'block_number': 21, 'success': False}, {'system': 'pos', 'block_number': 21, 'success': False}]"
22099,43000481,146000,233,True,True,21.0,21.0,True,True,True,22097.0,21,b_attack,"[{'system': 'pbs', 'block_number': 21, 'success': True}, {'system': 'pos', 'block_number': 21, 'success': True}]"
22100,0,0,233,True,True,21.0,21.0,False,False,True,22097.0,21,failed,"[{'system': 'pbs', 'block_number': 21, 'success': False}, {'system': 'pos', 'block_number': 21, 'success': False}]"
22097,43000480,146000,228,True,True,21.0,21.0,True,True,True,22095.0,21,b_attack,"[{'system': 'pbs', 'block_number': 21, 'success': True}, {'system': 'pos', 'block_number': 21, 'success': True}]"
22098,0,0,228,True,True,21.0,21.0,False,False,True,22095.0,21,failed,"[{'system': 'pbs', 'block_number': 21, 'success': False}, {'system': 'pos', 'block_number': 21, 'success': False}]"
22095,43000479,146000,232,True,True,21.0,21.0,True,True,True,22093.0,21,b_attack,"[{'system': 'pbs', 'block_number': 21, 'success': True}, {'system': 'pos', 'block_number': 21, 'success': True}]"
22096,0,0,232,True,True,21.0,21.0,False,False,True,22093.0,21,failed,"[{'system': 'pbs', 'block_number': 21, 'success': False}, {'system': 'pos', 'block_number': 21, 'success': False}]"
22093,43000478,146000,236,True,True,21.0,21.0,True,True,True,22091.0,21,b_attack,"[{'system': 'pbs', 'block_number': 21, 'success': True}, {'system': 'pos', 'block_number': 21, 'success': True}]"
22094,0,0,236,True,True,21.0,21.0,False,False,True,22091.0,21,failed,"[{'system': 'pbs', 'block_number': 21, 'success': False}, {'system': 'pos', 'block_number': 21, 'success': False}]"
22091,43000477,146000,238,True,True,21.0,21.0,True,True,True,22089.0,21,b_attack,"[{'system': 'pbs', 'block_number': 21, 'success': True}, {'system': 'pos', 'block_number': 21, 'success': True}]"
22092,0,0,238,True,True,21.0,21.0,False,False,True,22089.0,21,failed,"[{'system': 'pbs', 'block_number': 21, 'success': False}, {'system': 'pos', 'block_number': 21, 'success': False}]"
22089,0,0,230,True,True,21.0,21.0,False,True,True,22087.0,21,failed,"[{'system': 'pbs', 'block_number': 21, 'success': False}, {'system': 'pos', 'block_number': 21, 'success': True}]"
22090,0,0,230,True,True,21.0,21.0,False,False,True,22087.0,21,failed,"[{'system': 'pbs', 'block_number': 21, 'success': False}, {'system': 'pos', 'block_number': 21, 'success': False}]"
22183,43000523,146000,222,True,True,22.0,22.0,True,True,True,22181.0,22,b_attack,"[{'system': 'pbs', 'block_number': 22, 'success': True}, {'system': 'pos', 'block_number': 22, 'success': True}]"
23550,0,0,552,True,False,22.0,,False,False,True,22183.0,22,failed,"[{'system': 'pbs', 'block_number': 22, 'success': False}]"
22184,0,0,222,True,True,22.0,22.0,False,False,True,22181.0,22,failed,"[{'system': 'pbs', 'block_number': 22, 'success': False}, {'system': 'pos', 'block_number': 22, 'success': False}]"
22181,43000522,146000,237,True,True,22.0,22.0,True,True,True,22179.0,22,b_attack,"[{'system': 'pbs', 'block_number': 22, 'success': True}, {'system': 'pos', 'block_number': 22, 'success': True}]"
22182,0,0,237,True,True,22.0,22.0,False,False,True,22179.0,22,failed,"[{'system': 'pbs', 'block_number': 22, 'success': False}, {'system': 'pos', 'block_number': 22, 'success': False}]"
22179,43000521,146000,236,True,True,22.0,22.0,True,True,True,22177.0,22,b_attack,"[{'system': 'pbs', 'block_number': 22, 'success': True}, {'system': 'pos', 'block_number': 22, 'success': True}]"
22180,0,0,236,True,True,22.0,22.0,False,False,True,22177.0,22,failed,"[{'system': 'pbs', 'block_number': 22, 'success': False}, {'system': 'pos', 'block_number': 22, 'success': False}]"
22177,43000520,146000,227,True,True,22.0,22.0,True,True,True,22175.0,22,b_attack,"[{'system': 'pbs', 'block_number': 22, 'success': True}, {'system': 'pos', 'block_number': 22, 'success': True}]"
22178,0,0,227,True,True,22.0,22.0,False,False,True,22175.0,22,failed,"[{'system': 'pbs', 'block_number': 22, 'success': False}, {'system': 'pos', 'block_number': 22, 'success': False}]"
22175,43000519,146000,229,True,True,22.0,22.0,True,True,True,22173.0,22,b_attack,"[{'system': 'pbs', 'block_number': 22, 'success': True}, {'system': 'pos', 'block_number': 22, 'success': True}]"
22176,0,0,229,True,True,22.0,22.0,False,False,True,22173.0,22,failed,"[{'system': 'pbs', 'block_number': 22, 'success': False}, {'system': 'pos', 'block_number': 22, 'success': False}]"
22173,43000518,146000,236,True,True,22.0,22.0,True,True,True,22171.0,22,b_attack,"[{'system': 'pbs', 'block_number': 22, 'success': True}, {'system': 'pos', 'block_number': 22, 'success': True}]"
22174,0,0,236,True,True,22.0,22.0,False,False,True,22171.0,22,failed,"[{'system': 'pbs', 'block_number': 22, 'success': False}, {'system': 'pos', 'block_number': 22, 'success': False}]"
22171,43000517,146000,229,True,True,22.0,22.0,True,True,True,22169.0,22,b_attack,"[{'system': 'pbs', 'block_number': 22, 'success': True}, {'system': 'pos', 'block_number': 22, 'success': True}]"
22172,0,0,229,True,True,22.0,22.0,False,False,True,22169.0,22,failed,"[{'system': 'pbs', 'block_number': 22, 'success': False}, {'system': 'pos', 'block_number': 22, 'success': False}]"
22169,43000516,146000,236,True,True,22.0,22.0,True,True,True,22167.0,22,b_attack,"[{'system': 'pbs', 'block_number': 22, 'success': True}, {'system': 'pos', 'block_number': 22, 'success': True}]"
22170,0,0,236,True,True,22.0,22.0,False,False,True,22167.0,22,failed,"[{'system': 'pbs', 'block_number': 22, 'success': False}, {'system': 'pos', 'block_number': 22, 'success': False}]"
22167,43000515,146000,233,True,True,22.0,22.0,True,True,True,22165.0,22,b_attack,"[{'system': 'pbs', 'block_number': 22, 'success': True}, {'system': 'pos', 'block_number': 22, 'success': True}]"
22168,0,0,233,True,True,22.0,22.0,False,False,True,22165.0,22,failed,"[{'system': 'pbs', 'block_number': 22, 'success': False}, {'system': 'pos', 'block_number': 22, 'success': False}]"
22165,43000514,146000,223,True,True,22.0,22.0,True,True,True,22163.0,22,b_attack,"[{'system': 'pbs', 'block_number': 22, 'success': True}, {'system': 'pos', 'block_number': 22, 'success': True}]"
22166,0,0,223,True,True,22.0,22.0,False,False,True,22163.0,22,failed,"[{'system': 'pbs', 'block_number': 22, 'success': False}, {'system': 'pos', 'block_number': 22, 'success': False}]"
22163,43000513,146000,230,True,True,22.0,22.0,True,True,True,22161.0,22,b_attack,"[{'system': 'pbs', 'block_number': 22, 'success': True}, {'system': 'pos', 'block_number': 22, 'success': True}]"
22164,0,0,230,True,True,22.0,22.0,False,False,True,22161.0,22,failed,"[{'system': 'pbs', 'block_number': 22, 'success': False}, {'system': 'pos', 'block_number': 22, 'success': False}]"
22161,43000512,146000,226,True,True,22.0,22.0,True,True,True,22159.0,22,b_attack,"[{'system': 'pbs', 'block_number': 22, 'success': True}, {'system': 'pos', 'block_number': 22, 'success': True}]"
22162,0,0,226,True,True,22.0,22.0,False,False,True,22159.0,22,failed,"[{'system': 'pbs', 'block_number': 22, 'success': False}, {'system': 'pos', 'block_number': 22, 'success': False}]"
22159,43000511,146000,221,True,True,22.0,22.0,True,True,True,22157.0,22,b_attack,"[{'system': 'pbs', 'block_number': 22, 'success': True}, {'system': 'pos', 'block_number': 22, 'success': True}]"
22160,0,0,221,True,True,22.0,22.0,False,False,True,22157.0,22,failed,"[{'system': 'pbs', 'block_number': 22, 'success': False}, {'system': 'pos', 'block_number': 22, 'success': False}]"
22157,43000510,146000,229,True,True,22.0,22.0,True,True,True,22155.0,22,b_attack,"[{'system': 'pbs', 'block_number': 22, 'success': True}, {'system': 'pos', 'block_number': 22, 'success': True}]"
22158,0,0,229,True,True,22.0,22.0,False,False,True,22155.0,22,failed,"[{'system': 'pbs', 'block_number': 22, 'success': False}, {'system': 'pos', 'block_number': 22, 'success': False}]"
22155,43000509,146000,237,True,True,22.0,22.0,True,True,True,22153.0,22,b_attack,"[{'system': 'pbs', 'block_number': 22, 'success': True}, {'system': 'pos', 'block_number': 22, 'success': True}]"
22156,0,0,237,True,True,22.0,22.0,False,False,True,22153.0,22,failed,"[{'system': 'pbs', 'block_number': 22, 'success': False}, {'system': 'pos', 'block_number': 22, 'success': False}]"
22153,43000508,146000,240,True,True,22.0,22.0,True,True,True,22151.0,22,b_attack,"[{'system': 'pbs', 'block_number': 22, 'success': True}, {'system': 'pos', 'block_number': 22, 'success': True}]"
22154,0,0,240,True,True,22.0,22.0,False,False,True,22151.0,22,failed,"[{'system': 'pbs', 'block_number': 22, 'success': False}, {'system': 'pos', 'block_number': 22, 'success': False}]"
22151,43000507,146000,230,True,True,22.0,22.0,True,True,True,22149.0,22,b_attack,"[{'system': 'pbs', 'block_number': 22, 'success': True}, {'system': 'pos', 'block_number': 22, 'success': True}]"
22152,0,0,230,True,True,22.0,22.0,False,False,True,22149.0,22,failed,"[{'system': 'pbs', 'block_number': 22, 'success': False}, {'system': 'pos', 'block_number': 22, 'success': False}]"
22149,43000506,146000,238,True,True,22.0,22.0,True,True,True,22147.0,22,b_attack,"[{'system': 'pbs', 'block_number': 22, 'success': True}, {'system': 'pos', 'block_number': 22, 'success': True}]"
22150,0,0,238,True,True,22.0,22.0,False,False,True,22147.0,22,failed,"[{'system': 'pbs', 'block_number': 22, 'success': False}, {'system': 'pos', 'block_number': 22, 'success': False}]"
22147,43000505,146000,240,True,True,22.0,22.0,True,True,True,22145.0,22,b_attack,"[{'system': 'pbs', 'block_number': 22, 'success': True}, {'system': 'pos', 'block_number': 22, 'success': True}]"
22148,0,0,240,True,True,22.0,22.0,False,False,True,22145.0,22,failed,"[{'system': 'pbs', 'block_number': 22, 'success': False}, {'system': 'pos', 'block_number': 22, 'success': False}]"
22145,43000504,146000,232,True,True,22.0,22.0,True,True,True,22143.0,22,b_attack,"[{'system': 'pbs', 'block_number': 22, 'success': True}, {'system': 'pos', 'block_number': 22, 'success': True}]"
22146,0,0,232,True,True,22.0,22.0,False,False,True,22143.0,22,failed,"[{'system': 'pbs', 'block_number': 22, 'success': False}, {'system': 'pos', 'block_number': 22, 'success': False}]"
22143,43000503,146000,236,True,True,22.0,22.0,True,True,True,22141.0,22,b_attack,"[{'system': 'pbs', 'block_number': 22, 'success': True}, {'system': 'pos', 'block_number': 22, 'success': True}]"
22144,0,0,236,True,True,22.0,22.0,False,False,True,22141.0,22,failed,"[{'system': 'pbs', 'block_number': 22, 'success': False}, {'system': 'pos', 'block_number': 22, 'success': False}]"
22141,43000502,146000,240,True,True,22.0,22.0,True,True,True,22139.0,22,b_attack,"[{'system': 'pbs', 'block_number': 22, 'success': True}, {'system': 'pos', 'block_number': 22, 'success': True}]"
22142,0,0,240,True,True,22.0,22.0,False,False,True,22139.0,22,failed,"[{'system': 'pbs', 'block_number': 22, 'success': False}, {'system': 'pos', 'block_number': 22, 'success': False}]"
22139,43000501,146000,232,True,True,22.0,22.0,True,True,True,22137.0,22,b_attack,"[{'system': 'pbs', 'block_number': 22, 'success': True}, {'system': 'pos', 'block_number': 22, 'success': True}]"
22140,0,0,232,True,True,22.0,22.0,False,False,True,22137.0,22,failed,"[{'system': 'pbs', 'block_number': 22, 'success': False}, {'system': 'pos', 'block_number': 22, 'success': False}]"
22137,0,0,232,True,True,22.0,22.0,False,True,True,22135.0,22,failed,"[{'system': 'pbs', 'block_number': 22, 'success': False}, {'system': 'pos', 'block_number': 22, 'success': True}]"
22138,0,0,232,True,True,22.0,22.0,False,False,True,22135.0,22,failed,"[{'system': 'pbs', 'block_number': 22, 'success': False}, {'system': 'pos', 'block_number': 22, 'success': False}]"
22231,43000547,146000,235,True,True,23.0,23.0,True,True,True,22229.0,23,b_attack,"[{'system': 'pbs', 'block_number': 23, 'success': True}, {'system': 'pos', 'block_number': 23, 'success': True}]"
23551,0,0,554,True,False,23.0,,False,False,True,22231.0,23,failed,"[{'system': 'pbs', 'block_number': 23, 'success': False}]"
22232,0,0,235,True,True,23.0,23.0,False,False,True,22229.0,23,failed,"[{'system': 'pbs', 'block_number': 23, 'success': False}, {'system': 'pos', 'block_number': 23, 'success': False}]"
22229,43000546,146000,226,True,True,23.0,23.0,True,True,True,22227.0,23,b_attack,"[{'system': 'pbs', 'block_number': 23, 'success': True}, {'system': 'pos', 'block_number': 23, 'success': True}]"
22230,0,0,226,True,True,23.0,23.0,False,False,True,22227.0,23,failed,"[{'system': 'pbs', 'block_number': 23, 'success': False}, {'system': 'pos', 'block_number': 23, 'success': False}]"
22227,43000545,146000,231,True,True,23.0,23.0,True,True,True,22225.0,23,b_attack,"[{'system': 'pbs', 'block_number': 23, 'success': True}, {'system': 'pos', 'block_number': 23, 'success': True}]"
22228,0,0,231,True,True,23.0,23.0,False,False,True,22225.0,23,failed,"[{'system': 'pbs', 'block_number': 23, 'success': False}, {'system': 'pos', 'block_number': 23, 'success': False}]"
22225,43000544,146000,231,True,True,23.0,23.0,True,True,True,22223.0,23,b_attack,"[{'system': 'pbs', 'block_number': 23, 'success': True}, {'system': 'pos', 'block_number': 23, 'success': True}]"
22226,0,0,231,True,True,23.0,23.0,False,False,True,22223.0,23,failed,"[{'system': 'pbs', 'block_number': 23, 'success': False}, {'system': 'pos', 'block_number': 23, 'success': False}]"
22223,43000543,146000,239,True,True,23.0,23.0,True,True,True,22221.0,23,b_attack,"[{'system': 'pbs', 'block_number': 23, 'success': True}, {'system': 'pos', 'block_number': 23, 'success': True}]"
22224,0,0,239,True,True,23.0,23.0,False,False,True,22221.0,23,failed,"[{'system': 'pbs', 'block_number': 23, 'success': False}, {'system': 'pos', 'block_number': 23, 'success': False}]"
22221,43000542,146000,236,True,True,23.0,23.0,True,True,True,22219.0,23,b_attack,"[{'system': 'pbs', 'block_number': 23, 'success': True}, {'system': 'pos', 'block_number': 23, 'success': True}]"
22222,0,0,236,True,True,23.0,23.0,False,False,True,22219.0,23,failed,"[{'system': 'pbs', 'block_number': 23, 'success': False}, {'system': 'pos', 'block_number': 23, 'success': False}]"
22219,43000541,146000,224,True,True,23.0,23.0,True,True,True,22217.0,23,b_attack,"[{'system': 'pbs', 'block_number': 23, 'success': True}, {'system': 'pos', 'block_number': 23, 'success': True}]"
22220,0,0,224,True,True,23.0,23.0,False,False,True,22217.0,23,failed,"[{'system': 'pbs', 'block_number': 23, 'success': False}, {'system': 'pos', 'block_number': 23, 'success': False}]"
22217,43000540,146000,238,True,True,23.0,23.0,True,True,True,22215.0,23,b_attack,"[{'system': 'pbs', 'block_number': 23, 'success': True}, {'system': 'pos', 'block_number': 23, 'success': True}]"
22218,0,0,238,True,True,23.0,23.0,False,False,True,22215.0,23,failed,"[{'system': 'pbs', 'block_number': 23, 'success': False}, {'system': 'pos', 'block_number': 23, 'success': False}]"
22215,43000539,146000,233,True,True,23.0,23.0,True,True,True,22213.0,23,b_attack,"[{'system': 'pbs', 'block_number': 23, 'success': True}, {'system': 'pos', 'block_number': 23, 'success': True}]"
22216,0,0,233,True,True,23.0,23.0,False,False,True,22213.0,23,failed,"[{'system': 'pbs', 'block_number': 23, 'success': False}, {'system': 'pos', 'block_number': 23, 'success': False}]"
22213,43000538,146000,233,True,True,23.0,23.0,True,True,True,22211.0,23,b_attack,"[{'system': 'pbs', 'block_number': 23, 'success': True}, {'system': 'pos', 'block_number': 23, 'success': True}]"
22214,0,0,233,True,True,23.0,23.0,False,False,True,22211.0,23,failed,"[{'system': 'pbs', 'block_number': 23, 'success': False}, {'system': 'pos', 'block_number': 23, 'success': False}]"
22211,43000537,146000,237,True,True,23.0,23.0,True,True,True,22209.0,23,b_attack,"[{'system': 'pbs', 'block_number': 23, 'success': True}, {'system': 'pos', 'block_number': 23, 'success': True}]"
22212,0,0,237,True,True,23.0,23.0,False,False,True,22209.0,23,failed,"[{'system': 'pbs', 'block_number': 23, 'success': False}, {'system': 'pos', 'block_number': 23, 'success': False}]"
22209,43000536,146000,235,True,True,23.0,23.0,True,True,True,22207.0,23,b_attack,"[{'system': 'pbs', 'block_number': 23, 'success': True}, {'system': 'pos', 'block_number': 23, 'success': True}]"
22210,0,0,235,True,True,23.0,23.0,False,False,True,22207.0,23,failed,"[{'system': 'pbs', 'block_number': 23, 'success': False}, {'system': 'pos', 'block_number': 23, 'success': False}]"
22207,43000535,146000,238,True,True,23.0,23.0,True,True,True,22205.0,23,b_attack,"[{'system': 'pbs', 'block_number': 23, 'success': True}, {'system': 'pos', 'block_number': 23, 'success': True}]"
22208,0,0,238,True,True,23.0,23.0,False,False,True,22205.0,23,failed,"[{'system': 'pbs', 'block_number': 23, 'success': False}, {'system': 'pos', 'block_number': 23, 'success': False}]"
22205,43000534,146000,224,True,True,23.0,23.0,True,True,True,22203.0,23,b_attack,"[{'system': 'pbs', 'block_number': 23, 'success': True}, {'system': 'pos', 'block_number': 23, 'success': True}]"
22206,0,0,224,True,True,23.0,23.0,False,False,True,22203.0,23,failed,"[{'system': 'pbs', 'block_number': 23, 'success': False}, {'system': 'pos', 'block_number': 23, 'success': False}]"
22203,43000533,146000,229,True,True,23.0,23.0,True,True,True,22201.0,23,b_attack,"[{'system': 'pbs', 'block_number': 23, 'success': True}, {'system': 'pos', 'block_number': 23, 'success': True}]"
22204,0,0,229,True,True,23.0,23.0,False,False,True,22201.0,23,failed,"[{'system': 'pbs', 'block_number': 23, 'success': False}, {'system': 'pos', 'block_number': 23, 'success': False}]"
22201,43000532,146000,229,True,True,23.0,23.0,True,True,True,22199.0,23,b_attack,"[{'system': 'pbs', 'block_number': 23, 'success': True}, {'system': 'pos', 'block_number': 23, 'success': True}]"
22202,0,0,229,True,True,23.0,23.0,False,False,True,22199.0,23,failed,"[{'system': 'pbs', 'block_number': 23, 'success': False}, {'system': 'pos', 'block_number': 23, 'success': False}]"
22199,43000531,146000,234,True,True,23.0,23.0,True,True,True,22197.0,23,b_attack,"[{'system': 'pbs', 'block_number': 23, 'success': True}, {'system': 'pos', 'block_number': 23, 'success': True}]"
22200,0,0,234,True,True,23.0,23.0,False,False,True,22197.0,23,failed,"[{'system': 'pbs', 'block_number': 23, 'success': False}, {'system': 'pos', 'block_number': 23, 'success': False}]"
22197,43000530,146000,222,True,True,23.0,23.0,True,True,True,22195.0,23,b_attack,"[{'system': 'pbs', 'block_number': 23, 'success': True}, {'system': 'pos', 'block_number': 23, 'success': True}]"
22198,0,0,222,True,True,23.0,23.0,False,False,True,22195.0,23,failed,"[{'system': 'pbs', 'block_number': 23, 'success': False}, {'system': 'pos', 'block_number': 23, 'success': False}]"
22195,43000529,146000,231,True,True,23.0,23.0,True,True,True,22193.0,23,b_attack,"[{'system': 'pbs', 'block_number': 23, 'success': True}, {'system': 'pos', 'block_number': 23, 'success': True}]"
22196,0,0,231,True,True,23.0,23.0,False,False,True,22193.0,23,failed,"[{'system': 'pbs', 'block_number': 23, 'success': False}, {'system': 'pos', 'block_number': 23, 'success': False}]"
22193,43000528,146000,224,True,True,23.0,23.0,True,True,True,22191.0,23,b_attack,"[{'system': 'pbs', 'block_number': 23, 'success': True}, {'system': 'pos', 'block_number': 23, 'success': True}]"
22194,0,0,224,True,True,23.0,23.0,False,False,True,22191.0,23,failed,"[{'system': 'pbs', 'block_number': 23, 'success': False}, {'system': 'pos', 'block_number': 23, 'success': False}]"
22191,43000527,146000,234,True,True,23.0,23.0,True,True,True,22189.0,23,b_attack,"[{'system': 'pbs', 'block_number': 23, 'success': True}, {'system': 'pos', 'block_number': 23, 'success': True}]"
22192,0,0,234,True,True,23.0,23.0,False,False,True,22189.0,23,failed,"[{'system': 'pbs', 'block_number': 23, 'success': False}, {'system': 'pos', 'block_number': 23, 'success': False}]"
22189,43000526,146000,221,True,True,23.0,23.0,True,True,True,22187.0,23,b_attack,"[{'system': 'pbs', 'block_number': 23, 'success': True}, {'system': 'pos', 'block_number': 23, 'success': True}]"
22190,0,0,221,True,True,23.0,23.0,False,False,True,22187.0,23,failed,"[{'system': 'pbs', 'block_number': 23, 'success': False}, {'system': 'pos', 'block_number': 23, 'success': False}]"
22187,43000525,146000,228,True,True,23.0,23.0,True,True,True,22185.0,23,b_attack,"[{'system': 'pbs', 'block_number': 23, 'success': True}, {'system': 'pos', 'block_number': 23, 'success': True}]"
22188,0,0,228,True,True,23.0,23.0,False,False,True,22185.0,23,failed,"[{'system': 'pbs', 'block_number': 23, 'success': False}, {'system': 'pos', 'block_number': 23, 'success': False}]"
22185,0,0,235,True,True,23.0,23.0,False,True,True,22183.0,23,failed,"[{'system': 'pbs', 'block_number': 23, 'success': False}, {'system': 'pos', 'block_number': 23, 'success': True}]"
22186,0,0,235,True,True,23.0,23.0,False,False,True,22183.0,23,failed,"[{'system': 'pbs', 'block_number': 23, 'success': False}, {'system': 'pos', 'block_number': 23, 'success': False}]"
22279,43000571,146000,240,True,True,24.0,24.0,True,True,True,22277.0,24,b_attack,"[{'system': 'pbs', 'block_number': 24, 'success': True}, {'system': 'pos', 'block_number': 24, 'success': True}]"
23552,0,0,556,True,False,24.0,,False,False,True,22279.0,24,failed,"[{'system': 'pbs', 'block_number': 24, 'success': False}]"
22280,0,0,240,True,True,24.0,24.0,False,False,True,22277.0,24,failed,"[{'system': 'pbs', 'block_number': 24, 'success': False}, {'system': 'pos', 'block_number': 24, 'success': False}]"
22277,43000570,146000,232,True,True,24.0,24.0,True,True,True,22275.0,24,b_attack,"[{'system': 'pbs', 'block_number': 24, 'success': True}, {'system': 'pos', 'block_number': 24, 'success': True}]"
22278,0,0,232,True,True,24.0,24.0,False,False,True,22275.0,24,failed,"[{'system': 'pbs', 'block_number': 24, 'success': False}, {'system': 'pos', 'block_number': 24, 'success': False}]"
22275,43000569,146000,230,True,True,24.0,24.0,True,True,True,22273.0,24,b_attack,"[{'system': 'pbs', 'block_number': 24, 'success': True}, {'system': 'pos', 'block_number': 24, 'success': True}]"
22276,0,0,230,True,True,24.0,24.0,False,False,True,22273.0,24,failed,"[{'system': 'pbs', 'block_number': 24, 'success': False}, {'system': 'pos', 'block_number': 24, 'success': False}]"
22273,43000568,146000,240,True,True,24.0,24.0,True,True,True,22271.0,24,b_attack,"[{'system': 'pbs', 'block_number': 24, 'success': True}, {'system': 'pos', 'block_number': 24, 'success': True}]"
22274,0,0,240,True,True,24.0,24.0,False,False,True,22271.0,24,failed,"[{'system': 'pbs', 'block_number': 24, 'success': False}, {'system': 'pos', 'block_number': 24, 'success': False}]"
22271,43000567,146000,229,True,True,24.0,24.0,True,True,True,22269.0,24,b_attack,"[{'system': 'pbs', 'block_number': 24, 'success': True}, {'system': 'pos', 'block_number': 24, 'success': True}]"
22272,0,0,229,True,True,24.0,24.0,False,False,True,22269.0,24,failed,"[{'system': 'pbs', 'block_number': 24, 'success': False}, {'system': 'pos', 'block_number': 24, 'success': False}]"
22269,43000566,146000,236,True,True,24.0,24.0,True,True,True,22267.0,24,b_attack,"[{'system': 'pbs', 'block_number': 24, 'success': True}, {'system': 'pos', 'block_number': 24, 'success': True}]"
22270,0,0,236,True,True,24.0,24.0,False,False,True,22267.0,24,failed,"[{'system': 'pbs', 'block_number': 24, 'success': False}, {'system': 'pos', 'block_number': 24, 'success': False}]"
22267,43000565,146000,232,True,True,24.0,24.0,True,True,True,22265.0,24,b_attack,"[{'system': 'pbs', 'block_number': 24, 'success': True}, {'system': 'pos', 'block_number': 24, 'success': True}]"
22268,0,0,232,True,True,24.0,24.0,False,False,True,22265.0,24,failed,"[{'system': 'pbs', 'block_number': 24, 'success': False}, {'system': 'pos', 'block_number': 24, 'success': False}]"
22265,43000564,146000,238,True,True,24.0,24.0,True,True,True,22263.0,24,b_attack,"[{'system': 'pbs', 'block_number': 24, 'success': True}, {'system': 'pos', 'block_number': 24, 'success': True}]"
22266,0,0,238,True,True,24.0,24.0,False,False,True,22263.0,24,failed,"[{'system': 'pbs', 'block_number': 24, 'success': False}, {'system': 'pos', 'block_number': 24, 'success': False}]"
22263,43000563,146000,224,True,True,24.0,24.0,True,True,True,22261.0,24,b_attack,"[{'system': 'pbs', 'block_number': 24, 'success': True}, {'system': 'pos', 'block_number': 24, 'success': True}]"
22264,0,0,224,True,True,24.0,24.0,False,False,True,22261.0,24,failed,"[{'system': 'pbs', 'block_number': 24, 'success': False}, {'system': 'pos', 'block_number': 24, 'success': False}]"
22261,43000562,146000,237,True,True,24.0,24.0,True,True,True,22259.0,24,b_attack,"[{'system': 'pbs', 'block_number': 24, 'success': True}, {'system': 'pos', 'block_number': 24, 'success': True}]"
22262,0,0,237,True,True,24.0,24.0,False,False,True,22259.0,24,failed,"[{'system': 'pbs', 'block_number': 24, 'success': False}, {'system': 'pos', 'block_number': 24, 'success': False}]"
22259,43000561,146000,222,True,True,24.0,24.0,True,True,True,22257.0,24,b_attack,"[{'system': 'pbs', 'block_number': 24, 'success': True}, {'system': 'pos', 'block_number': 24, 'success': True}]"
22260,0,0,222,True,True,24.0,24.0,False,False,True,22257.0,24,failed,"[{'system': 'pbs', 'block_number': 24, 'success': False}, {'system': 'pos', 'block_number': 24, 'success': False}]"
22257,43000560,146000,229,True,True,24.0,24.0,True,True,True,22255.0,24,b_attack,"[{'system': 'pbs', 'block_number': 24, 'success': True}, {'system': 'pos', 'block_number': 24, 'success': True}]"
22258,0,0,229,True,True,24.0,24.0,False,False,True,22255.0,24,failed,"[{'system': 'pbs', 'block_number': 24, 'success': False}, {'system': 'pos', 'block_number': 24, 'success': False}]"
22255,43000559,146000,233,True,True,24.0,24.0,True,True,True,22253.0,24,b_attack,"[{'system': 'pbs', 'block_number': 24, 'success': True}, {'system': 'pos', 'block_number': 24, 'success': True}]"
22256,0,0,233,True,True,24.0,24.0,False,False,True,22253.0,24,failed,"[{'system': 'pbs', 'block_number': 24, 'success': False}, {'system': 'pos', 'block_number': 24, 'success': False}]"
22253,43000558,146000,222,True,True,24.0,24.0,True,True,True,22251.0,24,b_attack,"[{'system': 'pbs', 'block_number': 24, 'success': True}, {'system': 'pos', 'block_number': 24, 'success': True}]"
22254,0,0,222,True,True,24.0,24.0,False,False,True,22251.0,24,failed,"[{'system': 'pbs', 'block_number': 24, 'success': False}, {'system': 'pos', 'block_number': 24, 'success': False}]"
22251,43000557,146000,226,True,True,24.0,24.0,True,True,True,22249.0,24,b_attack,"[{'system': 'pbs', 'block_number': 24, 'success': True}, {'system': 'pos', 'block_number': 24, 'success': True}]"
22252,0,0,226,True,True,24.0,24.0,False,False,True,22249.0,24,failed,"[{'system': 'pbs', 'block_number': 24, 'success': False}, {'system': 'pos', 'block_number': 24, 'success': False}]"
22249,43000556,146000,227,True,True,24.0,24.0,True,True,True,22247.0,24,b_attack,"[{'system': 'pbs', 'block_number': 24, 'success': True}, {'system': 'pos', 'block_number': 24, 'success': True}]"
22250,0,0,227,True,True,24.0,24.0,False,False,True,22247.0,24,failed,"[{'system': 'pbs', 'block_number': 24, 'success': False}, {'system': 'pos', 'block_number': 24, 'success': False}]"
22247,43000555,146000,227,True,True,24.0,24.0,True,True,True,22245.0,24,b_attack,"[{'system': 'pbs', 'block_number': 24, 'success': True}, {'system': 'pos', 'block_number': 24, 'success': True}]"
22248,0,0,227,True,True,24.0,24.0,False,False,True,22245.0,24,failed,"[{'system': 'pbs', 'block_number': 24, 'success': False}, {'system': 'pos', 'block_number': 24, 'success': False}]"
22245,43000554,146000,228,True,True,24.0,24.0,True,True,True,22243.0,24,b_attack,"[{'system': 'pbs', 'block_number': 24, 'success': True}, {'system': 'pos', 'block_number': 24, 'success': True}]"
22246,0,0,228,True,True,24.0,24.0,False,False,True,22243.0,24,failed,"[{'system': 'pbs', 'block_number': 24, 'success': False}, {'system': 'pos', 'block_number': 24, 'success': False}]"
22243,43000553,146000,225,True,True,24.0,24.0,True,True,True,22241.0,24,b_attack,"[{'system': 'pbs', 'block_number': 24, 'success': True}, {'system': 'pos', 'block_number': 24, 'success': True}]"
22244,0,0,225,True,True,24.0,24.0,False,False,True,22241.0,24,failed,"[{'system': 'pbs', 'block_number': 24, 'success': False}, {'system': 'pos', 'block_number': 24, 'success': False}]"
22241,43000552,146000,230,True,True,24.0,24.0,True,True,True,22239.0,24,b_attack,"[{'system': 'pbs', 'block_number': 24, 'success': True}, {'system': 'pos', 'block_number': 24, 'success': True}]"
22242,0,0,230,True,True,24.0,24.0,False,False,True,22239.0,24,failed,"[{'system': 'pbs', 'block_number': 24, 'success': False}, {'system': 'pos', 'block_number': 24, 'success': False}]"
22239,43000551,146000,238,True,True,24.0,24.0,True,True,True,22237.0,24,b_attack,"[{'system': 'pbs', 'block_number': 24, 'success': True}, {'system': 'pos', 'block_number': 24, 'success': True}]"
22240,0,0,238,True,True,24.0,24.0,False,False,True,22237.0,24,failed,"[{'system': 'pbs', 'block_number': 24, 'success': False}, {'system': 'pos', 'block_number': 24, 'success': False}]"
22237,43000550,146000,224,True,True,24.0,24.0,True,True,True,22235.0,24,b_attack,"[{'system': 'pbs', 'block_number': 24, 'success': True}, {'system': 'pos', 'block_number': 24, 'success': True}]"
22238,0,0,224,True,True,24.0,24.0,False,False,True,22235.0,24,failed,"[{'system': 'pbs', 'block_number': 24, 'success': False}, {'system': 'pos', 'block_number': 24, 'success': False}]"
22235,43000549,146000,222,True,True,24.0,24.0,True,True,True,22233.0,24,b_attack,"[{'system': 'pbs', 'block_number': 24, 'success': True}, {'system': 'pos', 'block_number': 24, 'success': True}]"
22236,0,0,222,True,True,24.0,24.0,False,False,True,22233.0,24,failed,"[{'system': 'pbs', 'block_number': 24, 'success': False}, {'system': 'pos', 'block_number': 24, 'success': False}]"
22233,0,0,226,True,True,24.0,24.0,False,True,True,22231.0,24,failed,"[{'system': 'pbs', 'block_number': 24, 'success': False}, {'system': 'pos', 'block_number': 24, 'success': True}]"
22234,0,0,226,True,True,24.0,24.0,False,False,True,22231.0,24,failed,"[{'system': 'pbs', 'block_number': 24, 'success': False}, {'system': 'pos', 'block_number': 24, 'success': False}]"
22327,43000595,146000,238,True,True,25.0,25.0,True,True,True,22325.0,25,b_attack,"[{'system': 'pbs', 'block_number': 25, 'success': True}, {'system': 'pos', 'block_number': 25, 'success': True}]"
23553,0,0,555,True,False,25.0,,False,False,True,22327.0,25,failed,"[{'system': 'pbs', 'block_number': 25, 'success': False}]"
22328,0,0,238,True,True,25.0,25.0,False,False,True,22325.0,25,failed,"[{'system': 'pbs', 'block_number': 25, 'success': False}, {'system': 'pos', 'block_number': 25, 'success': False}]"
22325,43000594,146000,238,True,True,25.0,25.0,True,True,True,22323.0,25,b_attack,"[{'system': 'pbs', 'block_number': 25, 'success': True}, {'system': 'pos', 'block_number': 25, 'success': True}]"
22326,0,0,238,True,True,25.0,25.0,False,False,True,22323.0,25,failed,"[{'system': 'pbs', 'block_number': 25, 'success': False}, {'system': 'pos', 'block_number': 25, 'success': False}]"
22323,43000593,146000,232,True,True,25.0,25.0,True,True,True,22321.0,25,b_attack,"[{'system': 'pbs', 'block_number': 25, 'success': True}, {'system': 'pos', 'block_number': 25, 'success': True}]"
22324,0,0,232,True,True,25.0,25.0,False,False,True,22321.0,25,failed,"[{'system': 'pbs', 'block_number': 25, 'success': False}, {'system': 'pos', 'block_number': 25, 'success': False}]"
22321,43000592,146000,231,True,True,25.0,25.0,True,True,True,22319.0,25,b_attack,"[{'system': 'pbs', 'block_number': 25, 'success': True}, {'system': 'pos', 'block_number': 25, 'success': True}]"
22322,0,0,231,True,True,25.0,25.0,False,False,True,22319.0,25,failed,"[{'system': 'pbs', 'block_number': 25, 'success': False}, {'system': 'pos', 'block_number': 25, 'success': False}]"
22319,43000591,146000,227,True,True,25.0,25.0,True,True,True,22317.0,25,b_attack,"[{'system': 'pbs', 'block_number': 25, 'success': True}, {'system': 'pos', 'block_number': 25, 'success': True}]"
22320,0,0,227,True,True,25.0,25.0,False,False,True,22317.0,25,failed,"[{'system': 'pbs', 'block_number': 25, 'success': False}, {'system': 'pos', 'block_number': 25, 'success': False}]"
22317,43000590,146000,235,True,True,25.0,25.0,True,True,True,22315.0,25,b_attack,"[{'system': 'pbs', 'block_number': 25, 'success': True}, {'system': 'pos', 'block_number': 25, 'success': True}]"
22318,0,0,235,True,True,25.0,25.0,False,False,True,22315.0,25,failed,"[{'system': 'pbs', 'block_number': 25, 'success': False}, {'system': 'pos', 'block_number': 25, 'success': False}]"
22315,43000589,146000,237,True,True,25.0,25.0,True,True,True,22313.0,25,b_attack,"[{'system': 'pbs', 'block_number': 25, 'success': True}, {'system': 'pos', 'block_number': 25, 'success': True}]"
22316,0,0,237,True,True,25.0,25.0,False,False,True,22313.0,25,failed,"[{'system': 'pbs', 'block_number': 25, 'success': False}, {'system': 'pos', 'block_number': 25, 'success': False}]"
22313,43000588,146000,224,True,True,25.0,25.0,True,True,True,22311.0,25,b_attack,"[{'system': 'pbs', 'block_number': 25, 'success': True}, {'system': 'pos', 'block_number': 25, 'success': True}]"
22314,0,0,224,True,True,25.0,25.0,False,False,True,22311.0,25,failed,"[{'system': 'pbs', 'block_number': 25, 'success': False}, {'system': 'pos', 'block_number': 25, 'success': False}]"
22311,43000587,146000,229,True,True,25.0,25.0,True,True,True,22309.0,25,b_attack,"[{'system': 'pbs', 'block_number': 25, 'success': True}, {'system': 'pos', 'block_number': 25, 'success': True}]"
22312,0,0,229,True,True,25.0,25.0,False,False,True,22309.0,25,failed,"[{'system': 'pbs', 'block_number': 25, 'success': False}, {'system': 'pos', 'block_number': 25, 'success': False}]"
22309,43000586,146000,233,True,True,25.0,25.0,True,True,True,22307.0,25,b_attack,"[{'system': 'pbs', 'block_number': 25, 'success': True}, {'system': 'pos', 'block_number': 25, 'success': True}]"
22310,0,0,233,True,True,25.0,25.0,False,False,True,22307.0,25,failed,"[{'system': 'pbs', 'block_number': 25, 'success': False}, {'system': 'pos', 'block_number': 25, 'success': False}]"
22307,43000585,146000,230,True,True,25.0,25.0,True,True,True,22305.0,25,b_attack,"[{'system': 'pbs', 'block_number': 25, 'success': True}, {'system': 'pos', 'block_number': 25, 'success': True}]"
22308,0,0,230,True,True,25.0,25.0,False,False,True,22305.0,25,failed,"[{'system': 'pbs', 'block_number': 25, 'success': False}, {'system': 'pos', 'block_number': 25, 'success': False}]"
22305,43000584,146000,222,True,True,25.0,25.0,True,True,True,22303.0,25,b_attack,"[{'system': 'pbs', 'block_number': 25, 'success': True}, {'system': 'pos', 'block_number': 25, 'success': True}]"
22306,0,0,222,True,True,25.0,25.0,False,False,True,22303.0,25,failed,"[{'system': 'pbs', 'block_number': 25, 'success': False}, {'system': 'pos', 'block_number': 25, 'success': False}]"
22303,43000583,146000,232,True,True,25.0,25.0,True,True,True,22301.0,25,b_attack,"[{'system': 'pbs', 'block_number': 25, 'success': True}, {'system': 'pos', 'block_number': 25, 'success': True}]"
22304,0,0,232,True,True,25.0,25.0,False,False,True,22301.0,25,failed,"[{'system': 'pbs', 'block_number': 25, 'success': False}, {'system': 'pos', 'block_number': 25, 'success': False}]"
22301,43000582,146000,227,True,True,25.0,25.0,True,True,True,22299.0,25,b_attack,"[{'system': 'pbs', 'block_number': 25, 'success': True}, {'system': 'pos', 'block_number': 25, 'success': True}]"
22302,0,0,227,True,True,25.0,25.0,False,False,True,22299.0,25,failed,"[{'system': 'pbs', 'block_number': 25, 'success': False}, {'system': 'pos', 'block_number': 25, 'success': False}]"
22299,43000581,146000,235,True,True,25.0,25.0,True,True,True,22297.0,25,b_attack,"[{'system': 'pbs', 'block_number': 25, 'success': True}, {'system': 'pos', 'block_number': 25, 'success': True}]"
22300,0,0,235,True,True,25.0,25.0,False,False,True,22297.0,25,failed,"[{'system': 'pbs', 'block_number': 25, 'success': False}, {'system': 'pos', 'block_number': 25, 'success': False}]"
22297,43000580,146000,233,True,True,25.0,25.0,True,True,True,22295.0,25,b_attack,"[{'system': 'pbs', 'block_number': 25, 'success': True}, {'system': 'pos', 'block_number': 25, 'success': True}]"
22298,0,0,233,True,True,25.0,25.0,False,False,True,22295.0,25,failed,"[{'system': 'pbs', 'block_number': 25, 'success': False}, {'system': 'pos', 'block_number': 25, 'success': False}]"
22295,43000579,146000,222,True,True,25.0,25.0,True,True,True,22293.0,25,b_attack,"[{'system': 'pbs', 'block_number': 25, 'success': True}, {'system': 'pos', 'block_number': 25, 'success': True}]"
22296,0,0,222,True,True,25.0,25.0,False,False,True,22293.0,25,failed,"[{'system': 'pbs', 'block_number': 25, 'success': False}, {'system': 'pos', 'block_number': 25, 'success': False}]"
22293,43000578,146000,227,True,True,25.0,25.0,True,True,True,22291.0,25,b_attack,"[{'system': 'pbs', 'block_number': 25, 'success': True}, {'system': 'pos', 'block_number': 25, 'success': True}]"
22294,0,0,227,True,True,25.0,25.0,False,False,True,22291.0,25,failed,"[{'system': 'pbs', 'block_number': 25, 'success': False}, {'system': 'pos', 'block_number': 25, 'success': False}]"
22291,43000577,146000,222,True,True,25.0,25.0,True,True,True,22289.0,25,b_attack,"[{'system': 'pbs', 'block_number': 25, 'success': True}, {'system': 'pos', 'block_number': 25, 'success': True}]"
22292,0,0,222,True,True,25.0,25.0,False,False,True,22289.0,25,failed,"[{'system': 'pbs', 'block_number': 25, 'success': False}, {'system': 'pos', 'block_number': 25, 'success': False}]"
22289,43000576,146000,221,True,True,25.0,25.0,True,True,True,22287.0,25,b_attack,"[{'system': 'pbs', 'block_number': 25, 'success': True}, {'system': 'pos', 'block_number': 25, 'success': True}]"
22290,0,0,221,True,True,25.0,25.0,False,False,True,22287.0,25,failed,"[{'system': 'pbs', 'block_number': 25, 'success': False}, {'system': 'pos', 'block_number': 25, 'success': False}]"
22287,43000575,146000,233,True,True,25.0,25.0,True,True,True,22285.0,25,b_attack,"[{'system': 'pbs', 'block_number': 25, 'success': True}, {'system': 'pos', 'block_number': 25, 'success': True}]"
22288,0,0,233,True,True,25.0,25.0,False,False,True,22285.0,25,failed,"[{'system': 'pbs', 'block_number': 25, 'success': False}, {'system': 'pos', 'block_number': 25, 'success': False}]"
22285,43000574,146000,234,True,True,25.0,25.0,True,True,True,22283.0,25,b_attack,"[{'system': 'pbs', 'block_number': 25, 'success': True}, {'system': 'pos', 'block_number': 25, 'success': True}]"
22286,0,0,234,True,True,25.0,25.0,False,False,True,22283.0,25,failed,"[{'system': 'pbs', 'block_number': 25, 'success': False}, {'system': 'pos', 'block_number': 25, 'success': False}]"
22283,43000573,146000,237,True,True,25.0,25.0,True,True,True,22281.0,25,b_attack,"[{'system': 'pbs', 'block_number': 25, 'success': True}, {'system': 'pos', 'block_number': 25, 'success': True}]"
22284,0,0,237,True,True,25.0,25.0,False,False,True,22281.0,25,failed,"[{'system': 'pbs', 'block_number': 25, 'success': False}, {'system': 'pos', 'block_number': 25, 'success': False}]"
22281,0,0,224,True,True,25.0,25.0,False,True,True,22279.0,25,failed,"[{'system': 'pbs', 'block_number': 25, 'success': False}, {'system': 'pos', 'block_number': 25, 'success': True}]"
22282,0,0,224,True,True,25.0,25.0,False,False,True,22279.0,25,failed,"[{'system': 'pbs', 'block_number': 25, 'success': False}, {'system': 'pos', 'block_number': 25, 'success': False}]"
22375,43000619,146000,221,True,True,26.0,26.0,True,True,True,22373.0,26,b_attack,"[{'system': 'pbs', 'block_number': 26, 'success': True}, {'system': 'pos', 'block_number': 26, 'success': True}]"
23554,0,0,553,True,False,26.0,,False,False,True,22375.0,26,failed,"[{'system': 'pbs', 'block_number': 26, 'success': False}]"
22376,0,0,221,True,True,26.0,26.0,False,False,True,22373.0,26,failed,"[{'system': 'pbs', 'block_number': 26, 'success': False}, {'system': 'pos', 'block_number': 26, 'success': False}]"
22373,43000618,146000,225,True,True,26.0,26.0,True,True,True,22371.0,26,b_attack,"[{'system': 'pbs', 'block_number': 26, 'success': True}, {'system': 'pos', 'block_number': 26, 'success': True}]"
22374,0,0,225,True,True,26.0,26.0,False,False,True,22371.0,26,failed,"[{'system': 'pbs', 'block_number': 26, 'success': False}, {'system': 'pos', 'block_number': 26, 'success': False}]"
22371,43000617,146000,226,True,True,26.0,26.0,True,True,True,22369.0,26,b_attack,"[{'system': 'pbs', 'block_number': 26, 'success': True}, {'system': 'pos', 'block_number': 26, 'success': True}]"
22372,0,0,226,True,True,26.0,26.0,False,False,True,22369.0,26,failed,"[{'system': 'pbs', 'block_number': 26, 'success': False}, {'system': 'pos', 'block_number': 26, 'success': False}]"
22369,43000616,146000,224,True,True,26.0,26.0,True,True,True,22367.0,26,b_attack,"[{'system': 'pbs', 'block_number': 26, 'success': True}, {'system': 'pos', 'block_number': 26, 'success': True}]"
22370,0,0,224,True,True,26.0,26.0,False,False,True,22367.0,26,failed,"[{'system': 'pbs', 'block_number': 26, 'success': False}, {'system': 'pos', 'block_number': 26, 'success': False}]"
22367,43000615,146000,239,True,True,26.0,26.0,True,True,True,22365.0,26,b_attack,"[{'system': 'pbs', 'block_number': 26, 'success': True}, {'system': 'pos', 'block_number': 26, 'success': True}]"
22368,0,0,239,True,True,26.0,26.0,False,False,True,22365.0,26,failed,"[{'system': 'pbs', 'block_number': 26, 'success': False}, {'system': 'pos', 'block_number': 26, 'success': False}]"
22365,43000614,146000,238,True,True,26.0,26.0,True,True,True,22363.0,26,b_attack,"[{'system': 'pbs', 'block_number': 26, 'success': True}, {'system': 'pos', 'block_number': 26, 'success': True}]"
22366,0,0,238,True,True,26.0,26.0,False,False,True,22363.0,26,failed,"[{'system': 'pbs', 'block_number': 26, 'success': False}, {'system': 'pos', 'block_number': 26, 'success': False}]"
22363,43000613,146000,238,True,True,26.0,26.0,True,True,True,22361.0,26,b_attack,"[{'system': 'pbs', 'block_number': 26, 'success': True}, {'system': 'pos', 'block_number': 26, 'success': True}]"
22364,0,0,238,True,True,26.0,26.0,False,False,True,22361.0,26,failed,"[{'system': 'pbs', 'block_number': 26, 'success': False}, {'system': 'pos', 'block_number': 26, 'success': False}]"
22361,43000612,146000,237,True,True,26.0,26.0,True,True,True,22359.0,26,b_attack,"[{'system': 'pbs', 'block_number': 26, 'success': True}, {'system': 'pos', 'block_number': 26, 'success': True}]"
22362,0,0,237,True,True,26.0,26.0,False,False,True,22359.0,26,failed,"[{'system': 'pbs', 'block_number': 26, 'success': False}, {'system': 'pos', 'block_number': 26, 'success': False}]"
22359,43000611,146000,221,True,True,26.0,26.0,True,True,True,22357.0,26,b_attack,"[{'system': 'pbs', 'block_number': 26, 'success': True}, {'system': 'pos', 'block_number': 26, 'success': True}]"
22360,0,0,221,True,True,26.0,26.0,False,False,True,22357.0,26,failed,"[{'system': 'pbs', 'block_number': 26, 'success': False}, {'system': 'pos', 'block_number': 26, 'success': False}]"
22357,43000610,146000,223,True,True,26.0,26.0,True,True,True,22355.0,26,b_attack,"[{'system': 'pbs', 'block_number': 26, 'success': True}, {'system': 'pos', 'block_number': 26, 'success': True}]"
22358,0,0,223,True,True,26.0,26.0,False,False,True,22355.0,26,failed,"[{'system': 'pbs', 'block_number': 26, 'success': False}, {'system': 'pos', 'block_number': 26, 'success': False}]"
22355,43000609,146000,227,True,True,26.0,26.0,True,True,True,22353.0,26,b_attack,"[{'system': 'pbs', 'block_number': 26, 'success': True}, {'system': 'pos', 'block_number': 26, 'success': True}]"
22356,0,0,227,True,True,26.0,26.0,False,False,True,22353.0,26,failed,"[{'system': 'pbs', 'block_number': 26, 'success': False}, {'system': 'pos', 'block_number': 26, 'success': False}]"
22353,43000608,146000,235,True,True,26.0,26.0,True,True,True,22351.0,26,b_attack,"[{'system': 'pbs', 'block_number': 26, 'success': True}, {'system': 'pos', 'block_number': 26, 'success': True}]"
22354,0,0,235,True,True,26.0,26.0,False,False,True,22351.0,26,failed,"[{'system': 'pbs', 'block_number': 26, 'success': False}, {'system': 'pos', 'block_number': 26, 'success': False}]"
22351,43000607,146000,226,True,True,26.0,26.0,True,True,True,22349.0,26,b_attack,"[{'system': 'pbs', 'block_number': 26, 'success': True}, {'system': 'pos', 'block_number': 26, 'success': True}]"
22352,0,0,226,True,True,26.0,26.0,False,False,True,22349.0,26,failed,"[{'system': 'pbs', 'block_number': 26, 'success': False}, {'system': 'pos', 'block_number': 26, 'success': False}]"
22349,43000606,146000,224,True,True,26.0,26.0,True,True,True,22347.0,26,b_attack,"[{'system': 'pbs', 'block_number': 26, 'success': True}, {'system': 'pos', 'block_number': 26, 'success': True}]"
22350,0,0,224,True,True,26.0,26.0,False,False,True,22347.0,26,failed,"[{'system': 'pbs', 'block_number': 26, 'success': False}, {'system': 'pos', 'block_number': 26, 'success': False}]"
22347,43000605,146000,240,True,True,26.0,26.0,True,True,True,22345.0,26,b_attack,"[{'system': 'pbs', 'block_number': 26, 'success': True}, {'system': 'pos', 'block_number': 26, 'success': True}]"
22348,0,0,240,True,True,26.0,26.0,False,False,True,22345.0,26,failed,"[{'system': 'pbs', 'block_number': 26, 'success': False}, {'system': 'pos', 'block_number': 26, 'success': False}]"
22345,43000604,146000,235,True,True,26.0,26.0,True,True,True,22343.0,26,b_attack,"[{'system': 'pbs', 'block_number': 26, 'success': True}, {'system': 'pos', 'block_number': 26, 'success': True}]"
22346,0,0,235,True,True,26.0,26.0,False,False,True,22343.0,26,failed,"[{'system': 'pbs', 'block_number': 26, 'success': False}, {'system': 'pos', 'block_number': 26, 'success': False}]"
22343,43000603,146000,239,True,True,26.0,26.0,True,True,True,22341.0,26,b_attack,"[{'system': 'pbs', 'block_number': 26, 'success': True}, {'system': 'pos', 'block_number': 26, 'success': True}]"
22344,0,0,239,True,True,26.0,26.0,False,False,True,22341.0,26,failed,"[{'system': 'pbs', 'block_number': 26, 'success': False}, {'system': 'pos', 'block_number': 26, 'success': False}]"
22341,43000602,146000,224,True,True,26.0,26.0,True,True,True,22339.0,26,b_attack,"[{'system': 'pbs', 'block_number': 26, 'success': True}, {'system': 'pos', 'block_number': 26, 'success': True}]"
22342,0,0,224,True,True,26.0,26.0,False,False,True,22339.0,26,failed,"[{'system': 'pbs', 'block_number': 26, 'success': False}, {'system': 'pos', 'block_number': 26, 'success': False}]"
22339,43000601,146000,238,True,True,26.0,26.0,True,True,True,22337.0,26,b_attack,"[{'system': 'pbs', 'block_number': 26, 'success': True}, {'system': 'pos', 'block_number': 26, 'success': True}]"
22340,0,0,238,True,True,26.0,26.0,False,False,True,22337.0,26,failed,"[{'system': 'pbs', 'block_number': 26, 'success': False}, {'system': 'pos', 'block_number': 26, 'success': False}]"
22337,43000600,146000,226,True,True,26.0,26.0,True,True,True,22335.0,26,b_attack,"[{'system': 'pbs', 'block_number': 26, 'success': True}, {'system': 'pos', 'block_number': 26, 'success': True}]"
22338,0,0,226,True,True,26.0,26.0,False,False,True,22335.0,26,failed,"[{'system': 'pbs', 'block_number': 26, 'success': False}, {'system': 'pos', 'block_number': 26, 'success': False}]"
22335,43000599,146000,228,True,True,26.0,26.0,True,True,True,22333.0,26,b_attack,"[{'system': 'pbs', 'block_number': 26, 'success': True}, {'system': 'pos', 'block_number': 26, 'success': True}]"
22336,0,0,228,True,True,26.0,26.0,False,False,True,22333.0,26,failed,"[{'system': 'pbs', 'block_number': 26, 'success': False}, {'system': 'pos', 'block_number': 26, 'success': False}]"
22333,43000598,146000,228,True,True,26.0,26.0,True,True,True,22331.0,26,b_attack,"[{'system': 'pbs', 'block_number': 26, 'success': True}, {'system': 'pos', 'block_number': 26, 'success': True}]"
22334,0,0,228,True,True,26.0,26.0,False,False,True,22331.0,26,failed,"[{'system': 'pbs', 'block_number': 26, 'success': False}, {'system': 'pos', 'block_number': 26, 'success': False}]"
22331,43000597,146000,239,True,True,26.0,26.0,True,True,True,22329.0,26,b_attack,"[{'system': 'pbs', 'block_number': 26, 'success': True}, {'system': 'pos', 'block_number': 26, 'success': True}]"
22332,0,0,239,True,True,26.0,26.0,False,False,True,22329.0,26,failed,"[{'system': 'pbs', 'block_number': 26, 'success': False}, {'system': 'pos', 'block_number': 26, 'success': False}]"
22329,0,0,237,True,True,26.0,26.0,False,True,True,22327.0,26,failed,"[{'system': 'pbs', 'block_number': 26, 'success': False}, {'system': 'pos', 'block_number': 26, 'success': True}]"
22330,0,0,237,True,True,26.0,26.0,False,False,True,22327.0,26,failed,"[{'system': 'pbs', 'block_number': 26, 'success': False}, {'system': 'pos', 'block_number': 26, 'success': False}]"
22423,43000643,146000,235,True,True,27.0,27.0,True,True,True,22421.0,27,b_attack,"[{'system': 'pbs', 'block_number': 27, 'success': True}, {'system': 'pos', 'block_number': 27, 'success': True}]"
23555,0,0,554,True,False,27.0,,False,False,True,22423.0,27,failed,"[{'system': 'pbs', 'block_number': 27, 'success': False}]"
22424,0,0,235,True,True,27.0,27.0,False,False,True,22421.0,27,failed,"[{'system': 'pbs', 'block_number': 27, 'success': False}, {'system': 'pos', 'block_number': 27, 'success': False}]"
22421,43000642,146000,230,True,True,27.0,27.0,True,True,True,22419.0,27,b_attack,"[{'system': 'pbs', 'block_number': 27, 'success': True}, {'system': 'pos', 'block_number': 27, 'success': True}]"
22422,0,0,230,True,True,27.0,27.0,False,False,True,22419.0,27,failed,"[{'system': 'pbs', 'block_number': 27, 'success': False}, {'system': 'pos', 'block_number': 27, 'success': False}]"
22419,43000641,146000,229,True,True,27.0,27.0,True,True,True,22417.0,27,b_attack,"[{'system': 'pbs', 'block_number': 27, 'success': True}, {'system': 'pos', 'block_number': 27, 'success': True}]"
22420,0,0,229,True,True,27.0,27.0,False,False,True,22417.0,27,failed,"[{'system': 'pbs', 'block_number': 27, 'success': False}, {'system': 'pos', 'block_number': 27, 'success': False}]"
22417,43000640,146000,236,True,True,27.0,27.0,True,True,True,22415.0,27,b_attack,"[{'system': 'pbs', 'block_number': 27, 'success': True}, {'system': 'pos', 'block_number': 27, 'success': True}]"
22418,0,0,236,True,True,27.0,27.0,False,False,True,22415.0,27,failed,"[{'system': 'pbs', 'block_number': 27, 'success': False}, {'system': 'pos', 'block_number': 27, 'success': False}]"
22415,43000639,146000,230,True,True,27.0,27.0,True,True,True,22413.0,27,b_attack,"[{'system': 'pbs', 'block_number': 27, 'success': True}, {'system': 'pos', 'block_number': 27, 'success': True}]"
22416,0,0,230,True,True,27.0,27.0,False,False,True,22413.0,27,failed,"[{'system': 'pbs', 'block_number': 27, 'success': False}, {'system': 'pos', 'block_number': 27, 'success': False}]"
22413,43000638,146000,229,True,True,27.0,27.0,True,True,True,22411.0,27,b_attack,"[{'system': 'pbs', 'block_number': 27, 'success': True}, {'system': 'pos', 'block_number': 27, 'success': True}]"
22414,0,0,229,True,True,27.0,27.0,False,False,True,22411.0,27,failed,"[{'system': 'pbs', 'block_number': 27, 'success': False}, {'system': 'pos', 'block_number': 27, 'success': False}]"
22411,43000637,146000,237,True,True,27.0,27.0,True,True,True,22409.0,27,b_attack,"[{'system': 'pbs', 'block_number': 27, 'success': True}, {'system': 'pos', 'block_number': 27, 'success': True}]"
22412,0,0,237,True,True,27.0,27.0,False,False,True,22409.0,27,failed,"[{'system': 'pbs', 'block_number': 27, 'success': False}, {'system': 'pos', 'block_number': 27, 'success': False}]"
22409,43000636,146000,229,True,True,27.0,27.0,True,True,True,22407.0,27,b_attack,"[{'system': 'pbs', 'block_number': 27, 'success': True}, {'system': 'pos', 'block_number': 27, 'success': True}]"
22410,0,0,229,True,True,27.0,27.0,False,False,True,22407.0,27,failed,"[{'system': 'pbs', 'block_number': 27, 'success': False}, {'system': 'pos', 'block_number': 27, 'success': False}]"
22407,43000635,146000,224,True,True,27.0,27.0,True,True,True,22405.0,27,b_attack,"[{'system': 'pbs', 'block_number': 27, 'success': True}, {'system': 'pos', 'block_number': 27, 'success': True}]"
22408,0,0,224,True,True,27.0,27.0,False,False,True,22405.0,27,failed,"[{'system': 'pbs', 'block_number': 27, 'success': False}, {'system': 'pos', 'block_number': 27, 'success': False}]"
22405,43000634,146000,238,True,True,27.0,27.0,True,True,True,22403.0,27,b_attack,"[{'system': 'pbs', 'block_number': 27, 'success': True}, {'system': 'pos', 'block_number': 27, 'success': True}]"
22406,0,0,238,True,True,27.0,27.0,False,False,True,22403.0,27,failed,"[{'system': 'pbs', 'block_number': 27, 'success': False}, {'system': 'pos', 'block_number': 27, 'success': False}]"
22403,43000633,146000,228,True,True,27.0,27.0,True,True,True,22401.0,27,b_attack,"[{'system': 'pbs', 'block_number': 27, 'success': True}, {'system': 'pos', 'block_number': 27, 'success': True}]"
22404,0,0,228,True,True,27.0,27.0,False,False,True,22401.0,27,failed,"[{'system': 'pbs', 'block_number': 27, 'success': False}, {'system': 'pos', 'block_number': 27, 'success': False}]"
22401,43000632,146000,236,True,True,27.0,27.0,True,True,True,22399.0,27,b_attack,"[{'system': 'pbs', 'block_number': 27, 'success': True}, {'system': 'pos', 'block_number': 27, 'success': True}]"
22402,0,0,236,True,True,27.0,27.0,False,False,True,22399.0,27,failed,"[{'system': 'pbs', 'block_number': 27, 'success': False}, {'system': 'pos', 'block_number': 27, 'success': False}]"
22399,43000631,146000,239,True,True,27.0,27.0,True,True,True,22397.0,27,b_attack,"[{'system': 'pbs', 'block_number': 27, 'success': True}, {'system': 'pos', 'block_number': 27, 'success': True}]"
22400,0,0,239,True,True,27.0,27.0,False,False,True,22397.0,27,failed,"[{'system': 'pbs', 'block_number': 27, 'success': False}, {'system': 'pos', 'block_number': 27, 'success': False}]"
22397,43000630,146000,227,True,True,27.0,27.0,True,True,True,22395.0,27,b_attack,"[{'system': 'pbs', 'block_number': 27, 'success': True}, {'system': 'pos', 'block_number': 27, 'success': True}]"
22398,0,0,227,True,True,27.0,27.0,False,False,True,22395.0,27,failed,"[{'system': 'pbs', 'block_number': 27, 'success': False}, {'system': 'pos', 'block_number': 27, 'success': False}]"
22395,43000629,146000,223,True,True,27.0,27.0,True,True,True,22393.0,27,b_attack,"[{'system': 'pbs', 'block_number': 27, 'success': True}, {'system': 'pos', 'block_number': 27, 'success': True}]"
22396,0,0,223,True,True,27.0,27.0,False,False,True,22393.0,27,failed,"[{'system': 'pbs', 'block_number': 27, 'success': False}, {'system': 'pos', 'block_number': 27, 'success': False}]"
22393,43000628,146000,230,True,True,27.0,27.0,True,True,True,22391.0,27,b_attack,"[{'system': 'pbs', 'block_number': 27, 'success': True}, {'system': 'pos', 'block_number': 27, 'success': True}]"
22394,0,0,230,True,True,27.0,27.0,False,False,True,22391.0,27,failed,"[{'system': 'pbs', 'block_number': 27, 'success': False}, {'system': 'pos', 'block_number': 27, 'success': False}]"
22391,43000627,146000,227,True,True,27.0,27.0,True,True,True,22389.0,27,b_attack,"[{'system': 'pbs', 'block_number': 27, 'success': True}, {'system': 'pos', 'block_number': 27, 'success': True}]"
22392,0,0,227,True,True,27.0,27.0,False,False,True,22389.0,27,failed,"[{'system': 'pbs', 'block_number': 27, 'success': False}, {'system': 'pos', 'block_number': 27, 'success': False}]"
22389,43000626,146000,223,True,True,27.0,27.0,True,True,True,22387.0,27,b_attack,"[{'system': 'pbs', 'block_number': 27, 'success': True}, {'system': 'pos', 'block_number': 27, 'success': True}]"
22390,0,0,223,True,True,27.0,27.0,False,False,True,22387.0,27,failed,"[{'system': 'pbs', 'block_number': 27, 'success': False}, {'system': 'pos', 'block_number': 27, 'success': False}]"
22387,43000625,146000,238,True,True,27.0,27.0,True,True,True,22385.0,27,b_attack,"[{'system': 'pbs', 'block_number': 27, 'success': True}, {'system': 'pos', 'block_number': 27, 'success': True}]"
22388,0,0,238,True,True,27.0,27.0,False,False,True,22385.0,27,failed,"[{'system': 'pbs', 'block_number': 27, 'success': False}, {'system': 'pos', 'block_number': 27, 'success': False}]"
22385,43000624,146000,238,True,True,27.0,27.0,True,True,True,22383.0,27,b_attack,"[{'system': 'pbs', 'block_number': 27, 'success': True}, {'system': 'pos', 'block_number': 27, 'success': True}]"
22386,0,0,238,True,True,27.0,27.0,False,False,True,22383.0,27,failed,"[{'system': 'pbs', 'block_number': 27, 'success': False}, {'system': 'pos', 'block_number': 27, 'success': False}]"
22383,43000623,146000,238,True,True,27.0,27.0,True,True,True,22381.0,27,b_attack,"[{'system': 'pbs', 'block_number': 27, 'success': True}, {'system': 'pos', 'block_number': 27, 'success': True}]"
22384,0,0,238,True,True,27.0,27.0,False,False,True,22381.0,27,failed,"[{'system': 'pbs', 'block_number': 27, 'success': False}, {'system': 'pos', 'block_number': 27, 'success': False}]"
22381,43000622,146000,234,True,True,27.0,27.0,True,True,True,22379.0,27,b_attack,"[{'system': 'pbs', 'block_number': 27, 'success': True}, {'system': 'pos', 'block_number': 27, 'success': True}]"
22382,0,0,234,True,True,27.0,27.0,False,False,True,22379.0,27,failed,"[{'system': 'pbs', 'block_number': 27, 'success': False}, {'system': 'pos', 'block_number': 27, 'success': False}]"
22379,43000621,146000,238,True,True,27.0,27.0,True,True,True,22377.0,27,b_attack,"[{'system': 'pbs', 'block_number': 27, 'success': True}, {'system': 'pos', 'block_number': 27, 'success': True}]"
22380,0,0,238,True,True,27.0,27.0,False,False,True,22377.0,27,failed,"[{'system': 'pbs', 'block_number': 27, 'success': False}, {'system': 'pos', 'block_number': 27, 'success': False}]"
22377,0,0,224,True,True,27.0,27.0,False,True,True,22375.0,27,failed,"[{'system': 'pbs', 'block_number': 27, 'success': False}, {'system': 'pos', 'block_number': 27, 'success': True}]"
22378,0,0,224,True,True,27.0,27.0,False,False,True,22375.0,27,failed,"[{'system': 'pbs', 'block_number': 27, 'success': False}, {'system': 'pos', 'block_number': 27, 'success': False}]"
22471,43000667,146000,227,True,True,28.0,28.0,True,True,True,22469.0,28,b_attack,"[{'system': 'pbs', 'block_number': 28, 'success': True}, {'system': 'pos', 'block_number': 28, 'success': True}]"
23556,0,0,553,True,False,28.0,,False,False,True,22471.0,28,failed,"[{'system': 'pbs', 'block_number': 28, 'success': False}]"
22472,0,0,227,True,True,28.0,28.0,False,False,True,22469.0,28,failed,"[{'system': 'pbs', 'block_number': 28, 'success': False}, {'system': 'pos', 'block_number': 28, 'success': False}]"
22469,43000666,146000,222,True,True,28.0,28.0,True,True,True,22467.0,28,b_attack,"[{'system': 'pbs', 'block_number': 28, 'success': True}, {'system': 'pos', 'block_number': 28, 'success': True}]"
22470,0,0,222,True,True,28.0,28.0,False,False,True,22467.0,28,failed,"[{'system': 'pbs', 'block_number': 28, 'success': False}, {'system': 'pos', 'block_number': 28, 'success': False}]"
22467,43000665,146000,222,True,True,28.0,28.0,True,True,True,22465.0,28,b_attack,"[{'system': 'pbs', 'block_number': 28, 'success': True}, {'system': 'pos', 'block_number': 28, 'success': True}]"
22468,0,0,222,True,True,28.0,28.0,False,False,True,22465.0,28,failed,"[{'system': 'pbs', 'block_number': 28, 'success': False}, {'system': 'pos', 'block_number': 28, 'success': False}]"
22465,43000664,146000,224,True,True,28.0,28.0,True,True,True,22463.0,28,b_attack,"[{'system': 'pbs', 'block_number': 28, 'success': True}, {'system': 'pos', 'block_number': 28, 'success': True}]"
22466,0,0,224,True,True,28.0,28.0,False,False,True,22463.0,28,failed,"[{'system': 'pbs', 'block_number': 28, 'success': False}, {'system': 'pos', 'block_number': 28, 'success': False}]"
22463,43000663,146000,227,True,True,28.0,28.0,True,True,True,22461.0,28,b_attack,"[{'system': 'pbs', 'block_number': 28, 'success': True}, {'system': 'pos', 'block_number': 28, 'success': True}]"
22464,0,0,227,True,True,28.0,28.0,False,False,True,22461.0,28,failed,"[{'system': 'pbs', 'block_number': 28, 'success': False}, {'system': 'pos', 'block_number': 28, 'success': False}]"
22461,43000662,146000,230,True,True,28.0,28.0,True,True,True,22459.0,28,b_attack,"[{'system': 'pbs', 'block_number': 28, 'success': True}, {'system': 'pos', 'block_number': 28, 'success': True}]"
22462,0,0,230,True,True,28.0,28.0,False,False,True,22459.0,28,failed,"[{'system': 'pbs', 'block_number': 28, 'success': False}, {'system': 'pos', 'block_number': 28, 'success': False}]"
22459,43000661,146000,227,True,True,28.0,28.0,True,True,True,22457.0,28,b_attack,"[{'system': 'pbs', 'block_number': 28, 'success': True}, {'system': 'pos', 'block_number': 28, 'success': True}]"
22460,0,0,227,True,True,28.0,28.0,False,False,True,22457.0,28,failed,"[{'system': 'pbs', 'block_number': 28, 'success': False}, {'system': 'pos', 'block_number': 28, 'success': False}]"
22457,43000660,146000,233,True,True,28.0,28.0,True,True,True,22455.0,28,b_attack,"[{'system': 'pbs', 'block_number': 28, 'success': True}, {'system': 'pos', 'block_number': 28, 'success': True}]"
22458,0,0,233,True,True,28.0,28.0,False,False,True,22455.0,28,failed,"[{'system': 'pbs', 'block_number': 28, 'success': False}, {'system': 'pos', 'block_number': 28, 'success': False}]"
22455,43000659,146000,226,True,True,28.0,28.0,True,True,True,22453.0,28,b_attack,"[{'system': 'pbs', 'block_number': 28, 'success': True}, {'system': 'pos', 'block_number': 28, 'success': True}]"
22456,0,0,226,True,True,28.0,28.0,False,False,True,22453.0,28,failed,"[{'system': 'pbs', 'block_number': 28, 'success': False}, {'system': 'pos', 'block_number': 28, 'success': False}]"
22453,43000658,146000,227,True,True,28.0,28.0,True,True,True,22451.0,28,b_attack,"[{'system': 'pbs', 'block_number': 28, 'success': True}, {'system': 'pos', 'block_number': 28, 'success': True}]"
22454,0,0,227,True,True,28.0,28.0,False,False,True,22451.0,28,failed,"[{'system': 'pbs', 'block_number': 28, 'success': False}, {'system': 'pos', 'block_number': 28, 'success': False}]"
22451,43000657,146000,222,True,True,28.0,28.0,True,True,True,22449.0,28,b_attack,"[{'system': 'pbs', 'block_number': 28, 'success': True}, {'system': 'pos', 'block_number': 28, 'success': True}]"
22452,0,0,222,True,True,28.0,28.0,False,False,True,22449.0,28,failed,"[{'system': 'pbs', 'block_number': 28, 'success': False}, {'system': 'pos', 'block_number': 28, 'success': False}]"
22449,43000656,146000,237,True,True,28.0,28.0,True,True,True,22447.0,28,b_attack,"[{'system': 'pbs', 'block_number': 28, 'success': True}, {'system': 'pos', 'block_number': 28, 'success': True}]"
22450,0,0,237,True,True,28.0,28.0,False,False,True,22447.0,28,failed,"[{'system': 'pbs', 'block_number': 28, 'success': False}, {'system': 'pos', 'block_number': 28, 'success': False}]"
22447,43000655,146000,222,True,True,28.0,28.0,True,True,True,22445.0,28,b_attack,"[{'system': 'pbs', 'block_number': 28, 'success': True}, {'system': 'pos', 'block_number': 28, 'success': True}]"
22448,0,0,222,True,True,28.0,28.0,False,False,True,22445.0,28,failed,"[{'system': 'pbs', 'block_number': 28, 'success': False}, {'system': 'pos', 'block_number': 28, 'success': False}]"
22445,43000654,146000,221,True,True,28.0,28.0,True,True,True,22443.0,28,b_attack,"[{'system': 'pbs', 'block_number': 28, 'success': True}, {'system': 'pos', 'block_number': 28, 'success': True}]"
22446,0,0,221,True,True,28.0,28.0,False,False,True,22443.0,28,failed,"[{'system': 'pbs', 'block_number': 28, 'success': False}, {'system': 'pos', 'block_number': 28, 'success': False}]"
22443,43000653,146000,221,True,True,28.0,28.0,True,True,True,22441.0,28,b_attack,"[{'system': 'pbs', 'block_number': 28, 'success': True}, {'system': 'pos', 'block_number': 28, 'success': True}]"
22444,0,0,221,True,True,28.0,28.0,False,False,True,22441.0,28,failed,"[{'system': 'pbs', 'block_number': 28, 'success': False}, {'system': 'pos', 'block_number': 28, 'success': False}]"
22441,43000652,146000,240,True,True,28.0,28.0,True,True,True,22439.0,28,b_attack,"[{'system': 'pbs', 'block_number': 28, 'success': True}, {'system': 'pos', 'block_number': 28, 'success': True}]"
22442,0,0,240,True,True,28.0,28.0,False,False,True,22439.0,28,failed,"[{'system': 'pbs', 'block_number': 28, 'success': False}, {'system': 'pos', 'block_number': 28, 'success': False}]"
22439,43000651,146000,236,True,True,28.0,28.0,True,True,True,22437.0,28,b_attack,"[{'system': 'pbs', 'block_number': 28, 'success': True}, {'system': 'pos', 'block_number': 28, 'success': True}]"
22440,0,0,236,True,True,28.0,28.0,False,False,True,22437.0,28,failed,"[{'system': 'pbs', 'block_number': 28, 'success': False}, {'system': 'pos', 'block_number': 28, 'success': False}]"
22437,43000650,146000,240,True,True,28.0,28.0,True,True,True,22435.0,28,b_attack,"[{'system': 'pbs', 'block_number': 28, 'success': True}, {'system': 'pos', 'block_number': 28, 'success': True}]"
22438,0,0,240,True,True,28.0,28.0,False,False,True,22435.0,28,failed,"[{'system': 'pbs', 'block_number': 28, 'success': False}, {'system': 'pos', 'block_number': 28, 'success': False}]"
22435,43000649,146000,240,True,True,28.0,28.0,True,True,True,22433.0,28,b_attack,"[{'system': 'pbs', 'block_number': 28, 'success': True}, {'system': 'pos', 'block_number': 28, 'success': True}]"
22436,0,0,240,True,True,28.0,28.0,False,False,True,22433.0,28,failed,"[{'system': 'pbs', 'block_number': 28, 'success': False}, {'system': 'pos', 'block_number': 28, 'success': False}]"
22433,43000648,146000,240,True,True,28.0,28.0,True,True,True,22431.0,28,b_attack,"[{'system': 'pbs', 'block_number': 28, 'success': True}, {'system': 'pos', 'block_number': 28, 'success': True}]"
22434,0,0,240,True,True,28.0,28.0,False,False,True,22431.0,28,failed,"[{'system': 'pbs', 'block_number': 28, 'success': False}, {'system': 'pos', 'block_number': 28, 'success': False}]"
22431,43000647,146000,239,True,True,28.0,28.0,True,True,True,22429.0,28,b_attack,"[{'system': 'pbs', 'block_number': 28, 'success': True}, {'system': 'pos', 'block_number': 28, 'success': True}]"
22432,0,0,239,True,True,28.0,28.0,False,False,True,22429.0,28,failed,"[{'system': 'pbs', 'block_number': 28, 'success': False}, {'system': 'pos', 'block_number': 28, 'success': False}]"
22429,43000646,146000,221,True,True,28.0,28.0,True,True,True,22427.0,28,b_attack,"[{'system': 'pbs', 'block_number': 28, 'success': True}, {'system': 'pos', 'block_number': 28, 'success': True}]"
22430,0,0,221,True,True,28.0,28.0,False,False,True,22427.0,28,failed,"[{'system': 'pbs', 'block_number': 28, 'success': False}, {'system': 'pos', 'block_number': 28, 'success': False}]"
22427,43000645,146000,229,True,True,28.0,28.0,True,True,True,22425.0,28,b_attack,"[{'system': 'pbs', 'block_number': 28, 'success': True}, {'system': 'pos', 'block_number': 28, 'success': True}]"
22428,0,0,229,True,True,28.0,28.0,False,False,True,22425.0,28,failed,"[{'system': 'pbs', 'block_number': 28, 'success': False}, {'system': 'pos', 'block_number': 28, 'success': False}]"
22425,0,0,240,True,True,28.0,28.0,False,True,True,22423.0,28,failed,"[{'system': 'pbs', 'block_number': 28, 'success': False}, {'system': 'pos', 'block_number': 28, 'success': True}]"
22426,0,0,240,True,True,28.0,28.0,False,False,True,22423.0,28,failed,"[{'system': 'pbs', 'block_number': 28, 'success': False}, {'system': 'pos', 'block_number': 28, 'success': False}]"
22519,43000691,146000,239,True,True,29.0,29.0,True,True,True,22517.0,29,b_attack,"[{'system': 'pbs', 'block_number': 29, 'success': True}, {'system': 'pos', 'block_number': 29, 'success': True}]"
23557,0,0,552,True,False,29.0,,False,False,True,22519.0,29,failed,"[{'system': 'pbs', 'block_number': 29, 'success': False}]"
22520,0,0,239,True,True,29.0,29.0,False,False,True,22517.0,29,failed,"[{'system': 'pbs', 'block_number': 29, 'success': False}, {'system': 'pos', 'block_number': 29, 'success': False}]"
22517,43000690,146000,221,True,True,29.0,29.0,True,True,True,22515.0,29,b_attack,"[{'system': 'pbs', 'block_number': 29, 'success': True}, {'system': 'pos', 'block_number': 29, 'success': True}]"
22518,0,0,221,True,True,29.0,29.0,False,False,True,22515.0,29,failed,"[{'system': 'pbs', 'block_number': 29, 'success': False}, {'system': 'pos', 'block_number': 29, 'success': False}]"
22515,43000689,146000,237,True,True,29.0,29.0,True,True,True,22513.0,29,b_attack,"[{'system': 'pbs', 'block_number': 29, 'success': True}, {'system': 'pos', 'block_number': 29, 'success': True}]"
22516,0,0,237,True,True,29.0,29.0,False,False,True,22513.0,29,failed,"[{'system': 'pbs', 'block_number': 29, 'success': False}, {'system': 'pos', 'block_number': 29, 'success': False}]"
22513,43000688,146000,222,True,True,29.0,29.0,True,True,True,22511.0,29,b_attack,"[{'system': 'pbs', 'block_number': 29, 'success': True}, {'system': 'pos', 'block_number': 29, 'success': True}]"
22514,0,0,222,True,True,29.0,29.0,False,False,True,22511.0,29,failed,"[{'system': 'pbs', 'block_number': 29, 'success': False}, {'system': 'pos', 'block_number': 29, 'success': False}]"
22511,43000687,146000,225,True,True,29.0,29.0,True,True,True,22509.0,29,b_attack,"[{'system': 'pbs', 'block_number': 29, 'success': True}, {'system': 'pos', 'block_number': 29, 'success': True}]"
22512,0,0,225,True,True,29.0,29.0,False,False,True,22509.0,29,failed,"[{'system': 'pbs', 'block_number': 29, 'success': False}, {'system': 'pos', 'block_number': 29, 'success': False}]"
22509,43000686,146000,228,True,True,29.0,29.0,True,True,True,22507.0,29,b_attack,"[{'system': 'pbs', 'block_number': 29, 'success': True}, {'system': 'pos', 'block_number': 29, 'success': True}]"
22510,0,0,228,True,True,29.0,29.0,False,False,True,22507.0,29,failed,"[{'system': 'pbs', 'block_number': 29, 'success': False}, {'system': 'pos', 'block_number': 29, 'success': False}]"
22507,43000685,146000,225,True,True,29.0,29.0,True,True,True,22505.0,29,b_attack,"[{'system': 'pbs', 'block_number': 29, 'success': True}, {'system': 'pos', 'block_number': 29, 'success': True}]"
22508,0,0,225,True,True,29.0,29.0,False,False,True,22505.0,29,failed,"[{'system': 'pbs', 'block_number': 29, 'success': False}, {'system': 'pos', 'block_number': 29, 'success': False}]"
22505,43000684,146000,223,True,True,29.0,29.0,True,True,True,22503.0,29,b_attack,"[{'system': 'pbs', 'block_number': 29, 'success': True}, {'system': 'pos', 'block_number': 29, 'success': True}]"
22506,0,0,223,True,True,29.0,29.0,False,False,True,22503.0,29,failed,"[{'system': 'pbs', 'block_number': 29, 'success': False}, {'system': 'pos', 'block_number': 29, 'success': False}]"
22503,43000683,146000,230,True,True,29.0,29.0,True,True,True,22501.0,29,b_attack,"[{'system': 'pbs', 'block_number': 29, 'success': True}, {'system': 'pos', 'block_number': 29, 'success': True}]"
22504,0,0,230,True,True,29.0,29.0,False,False,True,22501.0,29,failed,"[{'system': 'pbs', 'block_number': 29, 'success': False}, {'system': 'pos', 'block_number': 29, 'success': False}]"
22501,43000682,146000,240,True,True,29.0,29.0,True,True,True,22499.0,29,b_attack,"[{'system': 'pbs', 'block_number': 29, 'success': True}, {'system': 'pos', 'block_number': 29, 'success': True}]"
22502,0,0,240,True,True,29.0,29.0,False,False,True,22499.0,29,failed,"[{'system': 'pbs', 'block_number': 29, 'success': False}, {'system': 'pos', 'block_number': 29, 'success': False}]"
22499,43000681,146000,238,True,True,29.0,29.0,True,True,True,22497.0,29,b_attack,"[{'system': 'pbs', 'block_number': 29, 'success': True}, {'system': 'pos', 'block_number': 29, 'success': True}]"
22500,0,0,238,True,True,29.0,29.0,False,False,True,22497.0,29,failed,"[{'system': 'pbs', 'block_number': 29, 'success': False}, {'system': 'pos', 'block_number': 29, 'success': False}]"
22497,43000680,146000,224,True,True,29.0,29.0,True,True,True,22495.0,29,b_attack,"[{'system': 'pbs', 'block_number': 29, 'success': True}, {'system': 'pos', 'block_number': 29, 'success': True}]"
22498,0,0,224,True,True,29.0,29.0,False,False,True,22495.0,29,failed,"[{'system': 'pbs', 'block_number': 29, 'success': False}, {'system': 'pos', 'block_number': 29, 'success': False}]"
22495,43000679,146000,238,True,True,29.0,29.0,True,True,True,22493.0,29,b_attack,"[{'system': 'pbs', 'block_number': 29, 'success': True}, {'system': 'pos', 'block_number': 29, 'success': True}]"
22496,0,0,238,True,True,29.0,29.0,False,False,True,22493.0,29,failed,"[{'system': 'pbs', 'block_number': 29, 'success': False}, {'system': 'pos', 'block_number': 29, 'success': False}]"
22493,43000678,146000,231,True,True,29.0,29.0,True,True,True,22491.0,29,b_attack,"[{'system': 'pbs', 'block_number': 29, 'success': True}, {'system': 'pos', 'block_number': 29, 'success': True}]"
22494,0,0,231,True,True,29.0,29.0,False,False,True,22491.0,29,failed,"[{'system': 'pbs', 'block_number': 29, 'success': False}, {'system': 'pos', 'block_number': 29, 'success': False}]"
22491,43000677,146000,231,True,True,29.0,29.0,True,True,True,22489.0,29,b_attack,"[{'system': 'pbs', 'block_number': 29, 'success': True}, {'system': 'pos', 'block_number': 29, 'success': True}]"
22492,0,0,231,True,True,29.0,29.0,False,False,True,22489.0,29,failed,"[{'system': 'pbs', 'block_number': 29, 'success': False}, {'system': 'pos', 'block_number': 29, 'success': False}]"
22489,43000676,146000,222,True,True,29.0,29.0,True,True,True,22487.0,29,b_attack,"[{'system': 'pbs', 'block_number': 29, 'success': True}, {'system': 'pos', 'block_number': 29, 'success': True}]"
22490,0,0,222,True,True,29.0,29.0,False,False,True,22487.0,29,failed,"[{'system': 'pbs', 'block_number': 29, 'success': False}, {'system': 'pos', 'block_number': 29, 'success': False}]"
22487,43000675,146000,238,True,True,29.0,29.0,True,True,True,22485.0,29,b_attack,"[{'system': 'pbs', 'block_number': 29, 'success': True}, {'system': 'pos', 'block_number': 29, 'success': True}]"
22488,0,0,238,True,True,29.0,29.0,False,False,True,22485.0,29,failed,"[{'system': 'pbs', 'block_number': 29, 'success': False}, {'system': 'pos', 'block_number': 29, 'success': False}]"
22485,43000674,146000,236,True,True,29.0,29.0,True,True,True,22483.0,29,b_attack,"[{'system': 'pbs', 'block_number': 29, 'success': True}, {'system': 'pos', 'block_number': 29, 'success': True}]"
22486,0,0,236,True,True,29.0,29.0,False,False,True,22483.0,29,failed,"[{'system': 'pbs', 'block_number': 29, 'success': False}, {'system': 'pos', 'block_number': 29, 'success': False}]"
22483,43000673,146000,228,True,True,29.0,29.0,True,True,True,22481.0,29,b_attack,"[{'system': 'pbs', 'block_number': 29, 'success': True}, {'system': 'pos', 'block_number': 29, 'success': True}]"
22484,0,0,228,True,True,29.0,29.0,False,False,True,22481.0,29,failed,"[{'system': 'pbs', 'block_number': 29, 'success': False}, {'system': 'pos', 'block_number': 29, 'success': False}]"
22481,43000672,146000,224,True,True,29.0,29.0,True,True,True,22479.0,29,b_attack,"[{'system': 'pbs', 'block_number': 29, 'success': True}, {'system': 'pos', 'block_number': 29, 'success': True}]"
22482,0,0,224,True,True,29.0,29.0,False,False,True,22479.0,29,failed,"[{'system': 'pbs', 'block_number': 29, 'success': False}, {'system': 'pos', 'block_number': 29, 'success': False}]"
22479,43000671,146000,234,True,True,29.0,29.0,True,True,True,22477.0,29,b_attack,"[{'system': 'pbs', 'block_number': 29, 'success': True}, {'system': 'pos', 'block_number': 29, 'success': True}]"
22480,0,0,234,True,True,29.0,29.0,False,False,True,22477.0,29,failed,"[{'system': 'pbs', 'block_number': 29, 'success': False}, {'system': 'pos', 'block_number': 29, 'success': False}]"
22477,43000670,146000,235,True,True,29.0,29.0,True,True,True,22475.0,29,b_attack,"[{'system': 'pbs', 'block_number': 29, 'success': True}, {'system': 'pos', 'block_number': 29, 'success': True}]"
22478,0,0,235,True,True,29.0,29.0,False,False,True,22475.0,29,failed,"[{'system': 'pbs', 'block_number': 29, 'success': False}, {'system': 'pos', 'block_number': 29, 'success': False}]"
22475,43000669,146000,235,True,True,29.0,29.0,True,True,True,22473.0,29,b_attack,"[{'system': 'pbs', 'block_number': 29, 'success': True}, {'system': 'pos', 'block_number': 29, 'success': True}]"
22476,0,0,235,True,True,29.0,29.0,False,False,True,22473.0,29,failed,"[{'system': 'pbs', 'block_number': 29, 'success': False}, {'system': 'pos', 'block_number': 29, 'success': False}]"
22473,0,0,227,True,True,29.0,29.0,False,True,True,22471.0,29,failed,"[{'system': 'pbs', 'block_number': 29, 'success': False}, {'system': 'pos', 'block_number': 29, 'success': True}]"
22474,0,0,227,True,True,29.0,29.0,False,False,True,22471.0,29,failed,"[{'system': 'pbs', 'block_number': 29, 'success': False}, {'system': 'pos', 'block_number': 29, 'success': False}]"
22567,43000715,146000,232,True,True,30.0,30.0,True,True,True,22565.0,30,b_attack,"[{'system': 'pbs', 'block_number': 30, 'success': True}, {'system': 'pos', 'block_number': 30, 'success': True}]"
23558,0,0,560,True,False,30.0,,False,False,True,22567.0,30,failed,"[{'system': 'pbs', 'block_number': 30, 'success': False}]"
22568,0,0,232,True,True,30.0,30.0,False,False,True,22565.0,30,failed,"[{'system': 'pbs', 'block_number': 30, 'success': False}, {'system': 'pos', 'block_number': 30, 'success': False}]"
22565,43000714,146000,234,True,True,30.0,30.0,True,True,True,22563.0,30,b_attack,"[{'system': 'pbs', 'block_number': 30, 'success': True}, {'system': 'pos', 'block_number': 30, 'success': True}]"
22566,0,0,234,True,True,30.0,30.0,False,False,True,22563.0,30,failed,"[{'system': 'pbs', 'block_number': 30, 'success': False}, {'system': 'pos', 'block_number': 30, 'success': False}]"
22563,43000713,146000,229,True,True,30.0,30.0,True,True,True,22561.0,30,b_attack,"[{'system': 'pbs', 'block_number': 30, 'success': True}, {'system': 'pos', 'block_number': 30, 'success': True}]"
22564,0,0,229,True,True,30.0,30.0,False,False,True,22561.0,30,failed,"[{'system': 'pbs', 'block_number': 30, 'success': False}, {'system': 'pos', 'block_number': 30, 'success': False}]"
22561,43000712,146000,240,True,True,30.0,30.0,True,True,True,22559.0,30,b_attack,"[{'system': 'pbs', 'block_number': 30, 'success': True}, {'system': 'pos', 'block_number': 30, 'success': True}]"
22562,0,0,240,True,True,30.0,30.0,False,False,True,22559.0,30,failed,"[{'system': 'pbs', 'block_number': 30, 'success': False}, {'system': 'pos', 'block_number': 30, 'success': False}]"
22559,43000711,146000,222,True,True,30.0,30.0,True,True,True,22557.0,30,b_attack,"[{'system': 'pbs', 'block_number': 30, 'success': True}, {'system': 'pos', 'block_number': 30, 'success': True}]"
22560,0,0,222,True,True,30.0,30.0,False,False,True,22557.0,30,failed,"[{'system': 'pbs', 'block_number': 30, 'success': False}, {'system': 'pos', 'block_number': 30, 'success': False}]"
22557,43000710,146000,221,True,True,30.0,30.0,True,True,True,22555.0,30,b_attack,"[{'system': 'pbs', 'block_number': 30, 'success': True}, {'system': 'pos', 'block_number': 30, 'success': True}]"
22558,0,0,221,True,True,30.0,30.0,False,False,True,22555.0,30,failed,"[{'system': 'pbs', 'block_number': 30, 'success': False}, {'system': 'pos', 'block_number': 30, 'success': False}]"
22555,43000709,146000,234,True,True,30.0,30.0,True,True,True,22553.0,30,b_attack,"[{'system': 'pbs', 'block_number': 30, 'success': True}, {'system': 'pos', 'block_number': 30, 'success': True}]"
22556,0,0,234,True,True,30.0,30.0,False,False,True,22553.0,30,failed,"[{'system': 'pbs', 'block_number': 30, 'success': False}, {'system': 'pos', 'block_number': 30, 'success': False}]"
22553,43000708,146000,224,True,True,30.0,30.0,True,True,True,22551.0,30,b_attack,"[{'system': 'pbs', 'block_number': 30, 'success': True}, {'system': 'pos', 'block_number': 30, 'success': True}]"
22554,0,0,224,True,True,30.0,30.0,False,False,True,22551.0,30,failed,"[{'system': 'pbs', 'block_number': 30, 'success': False}, {'system': 'pos', 'block_number': 30, 'success': False}]"
22551,43000707,146000,229,True,True,30.0,30.0,True,True,True,22549.0,30,b_attack,"[{'system': 'pbs', 'block_number': 30, 'success': True}, {'system': 'pos', 'block_number': 30, 'success': True}]"
22552,0,0,229,True,True,30.0,30.0,False,False,True,22549.0,30,failed,"[{'system': 'pbs', 'block_number': 30, 'success': False}, {'system': 'pos', 'block_number': 30, 'success': False}]"
22549,43000706,146000,226,True,True,30.0,30.0,True,True,True,22547.0,30,b_attack,"[{'system': 'pbs', 'block_number': 30, 'success': True}, {'system': 'pos', 'block_number': 30, 'success': True}]"
22550,0,0,226,True,True,30.0,30.0,False,False,True,22547.0,30,failed,"[{'system': 'pbs', 'block_number': 30, 'success': False}, {'system': 'pos', 'block_number': 30, 'success': False}]"
22547,43000705,146000,226,True,True,30.0,30.0,True,True,True,22545.0,30,b_attack,"[{'system': 'pbs', 'block_number': 30, 'success': True}, {'system': 'pos', 'block_number': 30, 'success': True}]"
22548,0,0,226,True,True,30.0,30.0,False,False,True,22545.0,30,failed,"[{'system': 'pbs', 'block_number': 30, 'success': False}, {'system': 'pos', 'block_number': 30, 'success': False}]"
22545,43000704,146000,235,True,True,30.0,30.0,True,True,True,22543.0,30,b_attack,"[{'system': 'pbs', 'block_number': 30, 'success': True}, {'system': 'pos', 'block_number': 30, 'success': True}]"
22546,0,0,235,True,True,30.0,30.0,False,False,True,22543.0,30,failed,"[{'system': 'pbs', 'block_number': 30, 'success': False}, {'system': 'pos', 'block_number': 30, 'success': False}]"
22543,43000703,146000,227,True,True,30.0,30.0,True,True,True,22541.0,30,b_attack,"[{'system': 'pbs', 'block_number': 30, 'success': True}, {'system': 'pos', 'block_number': 30, 'success': True}]"
22544,0,0,227,True,True,30.0,30.0,False,False,True,22541.0,30,failed,"[{'system': 'pbs', 'block_number': 30, 'success': False}, {'system': 'pos', 'block_number': 30, 'success': False}]"
22541,43000702,146000,222,True,True,30.0,30.0,True,True,True,22539.0,30,b_attack,"[{'system': 'pbs', 'block_number': 30, 'success': True}, {'system': 'pos', 'block_number': 30, 'success': True}]"
22542,0,0,222,True,True,30.0,30.0,False,False,True,22539.0,30,failed,"[{'system': 'pbs', 'block_number': 30, 'success': False}, {'system': 'pos', 'block_number': 30, 'success': False}]"
22539,43000701,146000,239,True,True,30.0,30.0,True,True,True,22537.0,30,b_attack,"[{'system': 'pbs', 'block_number': 30, 'success': True}, {'system': 'pos', 'block_number': 30, 'success': True}]"
22540,0,0,239,True,True,30.0,30.0,False,False,True,22537.0,30,failed,"[{'system': 'pbs', 'block_number': 30, 'success': False}, {'system': 'pos', 'block_number': 30, 'success': False}]"
22537,43000700,146000,229,True,True,30.0,30.0,True,True,True,22535.0,30,b_attack,"[{'system': 'pbs', 'block_number': 30, 'success': True}, {'system': 'pos', 'block_number': 30, 'success': True}]"
22538,0,0,229,True,True,30.0,30.0,False,False,True,22535.0,30,failed,"[{'system': 'pbs', 'block_number': 30, 'success': False}, {'system': 'pos', 'block_number': 30, 'success': False}]"
22535,43000699,146000,230,True,True,30.0,30.0,True,True,True,22533.0,30,b_attack,"[{'system': 'pbs', 'block_number': 30, 'success': True}, {'system': 'pos', 'block_number': 30, 'success': True}]"
22536,0,0,230,True,True,30.0,30.0,False,False,True,22533.0,30,failed,"[{'system': 'pbs', 'block_number': 30, 'success': False}, {'system': 'pos', 'block_number': 30, 'success': False}]"
22533,43000698,146000,235,True,True,30.0,30.0,True,True,True,22531.0,30,b_attack,"[{'system': 'pbs', 'block_number': 30, 'success': True}, {'system': 'pos', 'block_number': 30, 'success': True}]"
22534,0,0,235,True,True,30.0,30.0,False,False,True,22531.0,30,failed,"[{'system': 'pbs', 'block_number': 30, 'success': False}, {'system': 'pos', 'block_number': 30, 'success': False}]"
22531,43000697,146000,222,True,True,30.0,30.0,True,True,True,22529.0,30,b_attack,"[{'system': 'pbs', 'block_number': 30, 'success': True}, {'system': 'pos', 'block_number': 30, 'success': True}]"
22532,0,0,222,True,True,30.0,30.0,False,False,True,22529.0,30,failed,"[{'system': 'pbs', 'block_number': 30, 'success': False}, {'system': 'pos', 'block_number': 30, 'success': False}]"
22529,43000696,146000,224,True,True,30.0,30.0,True,True,True,22527.0,30,b_attack,"[{'system': 'pbs', 'block_number': 30, 'success': True}, {'system': 'pos', 'block_number': 30, 'success': True}]"
22530,0,0,224,True,True,30.0,30.0,False,False,True,22527.0,30,failed,"[{'system': 'pbs', 'block_number': 30, 'success': False}, {'system': 'pos', 'block_number': 30, 'success': False}]"
22527,43000695,146000,225,True,True,30.0,30.0,True,True,True,22525.0,30,b_attack,"[{'system': 'pbs', 'block_number': 30, 'success': True}, {'system': 'pos', 'block_number': 30, 'success': True}]"
22528,0,0,225,True,True,30.0,30.0,False,False,True,22525.0,30,failed,"[{'system': 'pbs', 'block_number': 30, 'success': False}, {'system': 'pos', 'block_number': 30, 'success': False}]"
22525,43000694,146000,229,True,True,30.0,30.0,True,True,True,22523.0,30,b_attack,"[{'system': 'pbs', 'block_number': 30, 'success': True}, {'system': 'pos', 'block_number': 30, 'success': True}]"
22526,0,0,229,True,True,30.0,30.0,False,False,True,22523.0,30,failed,"[{'system': 'pbs', 'block_number': 30, 'success': False}, {'system': 'pos', 'block_number': 30, 'success': False}]"
22523,43000693,146000,240,True,True,30.0,30.0,True,True,True,22521.0,30,b_attack,"[{'system': 'pbs', 'block_number': 30, 'success': True}, {'system': 'pos', 'block_number': 30, 'success': True}]"
22524,0,0,240,True,True,30.0,30.0,False,False,True,22521.0,30,failed,"[{'system': 'pbs', 'block_number': 30, 'success': False}, {'system': 'pos', 'block_number': 30, 'success': False}]"
22521,0,0,238,True,True,30.0,30.0,False,True,True,22519.0,30,failed,"[{'system': 'pbs', 'block_number': 30, 'success': False}, {'system': 'pos', 'block_number': 30, 'success': True}]"
22522,0,0,238,True,True,30.0,30.0,False,False,True,22519.0,30,failed,"[{'system': 'pbs', 'block_number': 30, 'success': False}, {'system': 'pos', 'block_number': 30, 'success': False}]"
22615,43000739,146000,225,True,True,31.0,31.0,True,True,True,22613.0,31,b_attack,"[{'system': 'pbs', 'block_number': 31, 'success': True}, {'system': 'pos', 'block_number': 31, 'success': True}]"
23559,0,0,559,True,False,31.0,,False,False,True,22615.0,31,failed,"[{'system': 'pbs', 'block_number': 31, 'success': False}]"
22616,0,0,225,True,True,31.0,31.0,False,False,True,22613.0,31,failed,"[{'system': 'pbs', 'block_number': 31, 'success': False}, {'system': 'pos', 'block_number': 31, 'success': False}]"
22613,43000738,146000,234,True,True,31.0,31.0,True,True,True,22611.0,31,b_attack,"[{'system': 'pbs', 'block_number': 31, 'success': True}, {'system': 'pos', 'block_number': 31, 'success': True}]"
22614,0,0,234,True,True,31.0,31.0,False,False,True,22611.0,31,failed,"[{'system': 'pbs', 'block_number': 31, 'success': False}, {'system': 'pos', 'block_number': 31, 'success': False}]"
22611,43000737,146000,239,True,True,31.0,31.0,True,True,True,22609.0,31,b_attack,"[{'system': 'pbs', 'block_number': 31, 'success': True}, {'system': 'pos', 'block_number': 31, 'success': True}]"
22612,0,0,239,True,True,31.0,31.0,False,False,True,22609.0,31,failed,"[{'system': 'pbs', 'block_number': 31, 'success': False}, {'system': 'pos', 'block_number': 31, 'success': False}]"
22609,43000736,146000,238,True,True,31.0,31.0,True,True,True,22607.0,31,b_attack,"[{'system': 'pbs', 'block_number': 31, 'success': True}, {'system': 'pos', 'block_number': 31, 'success': True}]"
22610,0,0,238,True,True,31.0,31.0,False,False,True,22607.0,31,failed,"[{'system': 'pbs', 'block_number': 31, 'success': False}, {'system': 'pos', 'block_number': 31, 'success': False}]"
22607,43000735,146000,234,True,True,31.0,31.0,True,True,True,22605.0,31,b_attack,"[{'system': 'pbs', 'block_number': 31, 'success': True}, {'system': 'pos', 'block_number': 31, 'success': True}]"
22608,0,0,234,True,True,31.0,31.0,False,False,True,22605.0,31,failed,"[{'system': 'pbs', 'block_number': 31, 'success': False}, {'system': 'pos', 'block_number': 31, 'success': False}]"
22605,43000734,146000,223,True,True,31.0,31.0,True,True,True,22603.0,31,b_attack,"[{'system': 'pbs', 'block_number': 31, 'success': True}, {'system': 'pos', 'block_number': 31, 'success': True}]"
22606,0,0,223,True,True,31.0,31.0,False,False,True,22603.0,31,failed,"[{'system': 'pbs', 'block_number': 31, 'success': False}, {'system': 'pos', 'block_number': 31, 'success': False}]"
22603,43000733,146000,223,True,True,31.0,31.0,True,True,True,22601.0,31,b_attack,"[{'system': 'pbs', 'block_number': 31, 'success': True}, {'system': 'pos', 'block_number': 31, 'success': True}]"
22604,0,0,223,True,True,31.0,31.0,False,False,True,22601.0,31,failed,"[{'system': 'pbs', 'block_number': 31, 'success': False}, {'system': 'pos', 'block_number': 31, 'success': False}]"
22601,43000732,146000,234,True,True,31.0,31.0,True,True,True,22599.0,31,b_attack,"[{'system': 'pbs', 'block_number': 31, 'success': True}, {'system': 'pos', 'block_number': 31, 'success': True}]"
22602,0,0,234,True,True,31.0,31.0,False,False,True,22599.0,31,failed,"[{'system': 'pbs', 'block_number': 31, 'success': False}, {'system': 'pos', 'block_number': 31, 'success': False}]"
22599,43000731,146000,230,True,True,31.0,31.0,True,True,True,22597.0,31,b_attack,"[{'system': 'pbs', 'block_number': 31, 'success': True}, {'system': 'pos', 'block_number': 31, 'success': True}]"
22600,0,0,230,True,True,31.0,31.0,False,False,True,22597.0,31,failed,"[{'system': 'pbs', 'block_number': 31, 'success': False}, {'system': 'pos', 'block_number': 31, 'success': False}]"
22597,43000730,146000,231,True,True,31.0,31.0,True,True,True,22595.0,31,b_attack,"[{'system': 'pbs', 'block_number': 31, 'success': True}, {'system': 'pos', 'block_number': 31, 'success': True}]"
22598,0,0,231,True,True,31.0,31.0,False,False,True,22595.0,31,failed,"[{'system': 'pbs', 'block_number': 31, 'success': False}, {'system': 'pos', 'block_number': 31, 'success': False}]"
22595,43000729,146000,233,True,True,31.0,31.0,True,True,True,22593.0,31,b_attack,"[{'system': 'pbs', 'block_number': 31, 'success': True}, {'system': 'pos', 'block_number': 31, 'success': True}]"
22596,0,0,233,True,True,31.0,31.0,False,False,True,22593.0,31,failed,"[{'system': 'pbs', 'block_number': 31, 'success': False}, {'system': 'pos', 'block_number': 31, 'success': False}]"
22593,43000728,146000,224,True,True,31.0,31.0,True,True,True,22591.0,31,b_attack,"[{'system': 'pbs', 'block_number': 31, 'success': True}, {'system': 'pos', 'block_number': 31, 'success': True}]"
22594,0,0,224,True,True,31.0,31.0,False,False,True,22591.0,31,failed,"[{'system': 'pbs', 'block_number': 31, 'success': False}, {'system': 'pos', 'block_number': 31, 'success': False}]"
22591,43000727,146000,240,True,True,31.0,31.0,True,True,True,22589.0,31,b_attack,"[{'system': 'pbs', 'block_number': 31, 'success': True}, {'system': 'pos', 'block_number': 31, 'success': True}]"
22592,0,0,240,True,True,31.0,31.0,False,False,True,22589.0,31,failed,"[{'system': 'pbs', 'block_number': 31, 'success': False}, {'system': 'pos', 'block_number': 31, 'success': False}]"
22589,43000726,146000,224,True,True,31.0,31.0,True,True,True,22587.0,31,b_attack,"[{'system': 'pbs', 'block_number': 31, 'success': True}, {'system': 'pos', 'block_number': 31, 'success': True}]"
22590,0,0,224,True,True,31.0,31.0,False,False,True,22587.0,31,failed,"[{'system': 'pbs', 'block_number': 31, 'success': False}, {'system': 'pos', 'block_number': 31, 'success': False}]"
22587,43000725,146000,234,True,True,31.0,31.0,True,True,True,22585.0,31,b_attack,"[{'system': 'pbs', 'block_number': 31, 'success': True}, {'system': 'pos', 'block_number': 31, 'success': True}]"
22588,0,0,234,True,True,31.0,31.0,False,False,True,22585.0,31,failed,"[{'system': 'pbs', 'block_number': 31, 'success': False}, {'system': 'pos', 'block_number': 31, 'success': False}]"
22585,43000724,146000,226,True,True,31.0,31.0,True,True,True,22583.0,31,b_attack,"[{'system': 'pbs', 'block_number': 31, 'success': True}, {'system': 'pos', 'block_number': 31, 'success': True}]"
22586,0,0,226,True,True,31.0,31.0,False,False,True,22583.0,31,failed,"[{'system': 'pbs', 'block_number': 31, 'success': False}, {'system': 'pos', 'block_number': 31, 'success': False}]"
22583,43000723,146000,222,True,True,31.0,31.0,True,True,True,22581.0,31,b_attack,"[{'system': 'pbs', 'block_number': 31, 'success': True}, {'system': 'pos', 'block_number': 31, 'success': True}]"
22584,0,0,222,True,True,31.0,31.0,False,False,True,22581.0,31,failed,"[{'system': 'pbs', 'block_number': 31, 'success': False}, {'system': 'pos', 'block_number': 31, 'success': False}]"
22581,43000722,146000,228,True,True,31.0,31.0,True,True,True,22579.0,31,b_attack,"[{'system': 'pbs', 'block_number': 31, 'success': True}, {'system': 'pos', 'block_number': 31, 'success': True}]"
22582,0,0,228,True,True,31.0,31.0,False,False,True,22579.0,31,failed,"[{'system': 'pbs', 'block_number': 31, 'success': False}, {'system': 'pos', 'block_number': 31, 'success': False}]"
22579,43000721,146000,233,True,True,31.0,31.0,True,True,True,22577.0,31,b_attack,"[{'system': 'pbs', 'block_number': 31, 'success': True}, {'system': 'pos', 'block_number': 31, 'success': True}]"
22580,0,0,233,True,True,31.0,31.0,False,False,True,22577.0,31,failed,"[{'system': 'pbs', 'block_number': 31, 'success': False}, {'system': 'pos', 'block_number': 31, 'success': False}]"
22577,43000720,146000,227,True,True,31.0,31.0,True,True,True,22575.0,31,b_attack,"[{'system': 'pbs', 'block_number': 31, 'success': True}, {'system': 'pos', 'block_number': 31, 'success': True}]"
22578,0,0,227,True,True,31.0,31.0,False,False,True,22575.0,31,failed,"[{'system': 'pbs', 'block_number': 31, 'success': False}, {'system': 'pos', 'block_number': 31, 'success': False}]"
22575,43000719,146000,231,True,True,31.0,31.0,True,True,True,22573.0,31,b_attack,"[{'system': 'pbs', 'block_number': 31, 'success': True}, {'system': 'pos', 'block_number': 31, 'success': True}]"
22576,0,0,231,True,True,31.0,31.0,False,False,True,22573.0,31,failed,"[{'system': 'pbs', 'block_number': 31, 'success': False}, {'system': 'pos', 'block_number': 31, 'success': False}]"
22573,43000718,146000,226,True,True,31.0,31.0,True,True,True,22571.0,31,b_attack,"[{'system': 'pbs', 'block_number': 31, 'success': True}, {'system': 'pos', 'block_number': 31, 'success': True}]"
22574,0,0,226,True,True,31.0,31.0,False,False,True,22571.0,31,failed,"[{'system': 'pbs', 'block_number': 31, 'success': False}, {'system': 'pos', 'block_number': 31, 'success': False}]"
22571,43000717,146000,233,True,True,31.0,31.0,True,True,True,22569.0,31,b_attack,"[{'system': 'pbs', 'block_number': 31, 'success': True}, {'system': 'pos', 'block_number': 31, 'success': True}]"
22572,0,0,233,True,True,31.0,31.0,False,False,True,22569.0,31,failed,"[{'system': 'pbs', 'block_number': 31, 'success': False}, {'system': 'pos', 'block_number': 31, 'success': False}]"
22569,0,0,238,True,True,31.0,31.0,False,True,True,22567.0,31,failed,"[{'system': 'pbs', 'block_number': 31, 'success': False}, {'system': 'pos', 'block_number': 31, 'success': True}]"
22570,0,0,238,True,True,31.0,31.0,False,False,True,22567.0,31,failed,"[{'system': 'pbs', 'block_number': 31, 'success': False}, {'system': 'pos', 'block_number': 31, 'success': False}]"
22663,43000763,146000,235,True,True,32.0,32.0,True,True,True,22661.0,32,b_attack,"[{'system': 'pbs', 'block_number': 32, 'success': True}, {'system': 'pos', 'block_number': 32, 'success': True}]"
23560,0,0,557,True,False,32.0,,False,False,True,22663.0,32,failed,"[{'system': 'pbs', 'block_number': 32, 'success': False}]"
22664,0,0,235,True,True,32.0,32.0,False,False,True,22661.0,32,failed,"[{'system': 'pbs', 'block_number': 32, 'success': False}, {'system': 'pos', 'block_number': 32, 'success': False}]"
22661,43000762,146000,235,True,True,32.0,32.0,True,True,True,22659.0,32,b_attack,"[{'system': 'pbs', 'block_number': 32, 'success': True}, {'system': 'pos', 'block_number': 32, 'success': True}]"
22662,0,0,235,True,True,32.0,32.0,False,False,True,22659.0,32,failed,"[{'system': 'pbs', 'block_number': 32, 'success': False}, {'system': 'pos', 'block_number': 32, 'success': False}]"
22659,43000761,146000,228,True,True,32.0,32.0,True,True,True,22657.0,32,b_attack,"[{'system': 'pbs', 'block_number': 32, 'success': True}, {'system': 'pos', 'block_number': 32, 'success': True}]"
22660,0,0,228,True,True,32.0,32.0,False,False,True,22657.0,32,failed,"[{'system': 'pbs', 'block_number': 32, 'success': False}, {'system': 'pos', 'block_number': 32, 'success': False}]"
22657,43000760,146000,233,True,True,32.0,32.0,True,True,True,22655.0,32,b_attack,"[{'system': 'pbs', 'block_number': 32, 'success': True}, {'system': 'pos', 'block_number': 32, 'success': True}]"
22658,0,0,233,True,True,32.0,32.0,False,False,True,22655.0,32,failed,"[{'system': 'pbs', 'block_number': 32, 'success': False}, {'system': 'pos', 'block_number': 32, 'success': False}]"
22655,43000759,146000,225,True,True,32.0,32.0,True,True,True,22653.0,32,b_attack,"[{'system': 'pbs', 'block_number': 32, 'success': True}, {'system': 'pos', 'block_number': 32, 'success': True}]"
22656,0,0,225,True,True,32.0,32.0,False,False,True,22653.0,32,failed,"[{'system': 'pbs', 'block_number': 32, 'success': False}, {'system': 'pos', 'block_number': 32, 'success': False}]"
22653,43000758,146000,231,True,True,32.0,32.0,True,True,True,22651.0,32,b_attack,"[{'system': 'pbs', 'block_number': 32, 'success': True}, {'system': 'pos', 'block_number': 32, 'success': True}]"
22654,0,0,231,True,True,32.0,32.0,False,False,True,22651.0,32,failed,"[{'system': 'pbs', 'block_number': 32, 'success': False}, {'system': 'pos', 'block_number': 32, 'success': False}]"
22651,43000757,146000,228,True,True,32.0,32.0,True,True,True,22649.0,32,b_attack,"[{'system': 'pbs', 'block_number': 32, 'success': True}, {'system': 'pos', 'block_number': 32, 'success': True}]"
22652,0,0,228,True,True,32.0,32.0,False,False,True,22649.0,32,failed,"[{'system': 'pbs', 'block_number': 32, 'success': False}, {'system': 'pos', 'block_number': 32, 'success': False}]"
22649,43000756,146000,231,True,True,32.0,32.0,True,True,True,22647.0,32,b_attack,"[{'system': 'pbs', 'block_number': 32, 'success': True}, {'system': 'pos', 'block_number': 32, 'success': True}]"
22650,0,0,231,True,True,32.0,32.0,False,False,True,22647.0,32,failed,"[{'system': 'pbs', 'block_number': 32, 'success': False}, {'system': 'pos', 'block_number': 32, 'success': False}]"
22647,43000755,146000,229,True,True,32.0,32.0,True,True,True,22645.0,32,b_attack,"[{'system': 'pbs', 'block_number': 32, 'success': True}, {'system': 'pos', 'block_number': 32, 'success': True}]"
22648,0,0,229,True,True,32.0,32.0,False,False,True,22645.0,32,failed,"[{'system': 'pbs', 'block_number': 32, 'success': False}, {'system': 'pos', 'block_number': 32, 'success': False}]"
22645,43000754,146000,228,True,True,32.0,32.0,True,True,True,22643.0,32,b_attack,"[{'system': 'pbs', 'block_number': 32, 'success': True}, {'system': 'pos', 'block_number': 32, 'success': True}]"
22646,0,0,228,True,True,32.0,32.0,False,False,True,22643.0,32,failed,"[{'system': 'pbs', 'block_number': 32, 'success': False}, {'system': 'pos', 'block_number': 32, 'success': False}]"
22643,43000753,146000,224,True,True,32.0,32.0,True,True,True,22641.0,32,b_attack,"[{'system': 'pbs', 'block_number': 32, 'success': True}, {'system': 'pos', 'block_number': 32, 'success': True}]"
22644,0,0,224,True,True,32.0,32.0,False,False,True,22641.0,32,failed,"[{'system': 'pbs', 'block_number': 32, 'success': False}, {'system': 'pos', 'block_number': 32, 'success': False}]"
22641,43000752,146000,229,True,True,32.0,32.0,True,True,True,22639.0,32,b_attack,"[{'system': 'pbs', 'block_number': 32, 'success': True}, {'system': 'pos', 'block_number': 32, 'success': True}]"
22642,0,0,229,True,True,32.0,32.0,False,False,True,22639.0,32,failed,"[{'system': 'pbs', 'block_number': 32, 'success': False}, {'system': 'pos', 'block_number': 32, 'success': False}]"
22639,43000751,146000,240,True,True,32.0,32.0,True,True,True,22637.0,32,b_attack,"[{'system': 'pbs', 'block_number': 32, 'success': True}, {'system': 'pos', 'block_number': 32, 'success': True}]"
22640,0,0,240,True,True,32.0,32.0,False,False,True,22637.0,32,failed,"[{'system': 'pbs', 'block_number': 32, 'success': False}, {'system': 'pos', 'block_number': 32, 'success': False}]"
22637,43000750,146000,223,True,True,32.0,32.0,True,True,True,22635.0,32,b_attack,"[{'system': 'pbs', 'block_number': 32, 'success': True}, {'system': 'pos', 'block_number': 32, 'success': True}]"
22638,0,0,223,True,True,32.0,32.0,False,False,True,22635.0,32,failed,"[{'system': 'pbs', 'block_number': 32, 'success': False}, {'system': 'pos', 'block_number': 32, 'success': False}]"
22635,43000749,146000,239,True,True,32.0,32.0,True,True,True,22633.0,32,b_attack,"[{'system': 'pbs', 'block_number': 32, 'success': True}, {'system': 'pos', 'block_number': 32, 'success': True}]"
22636,0,0,239,True,True,32.0,32.0,False,False,True,22633.0,32,failed,"[{'system': 'pbs', 'block_number': 32, 'success': False}, {'system': 'pos', 'block_number': 32, 'success': False}]"
22633,43000748,146000,233,True,True,32.0,32.0,True,True,True,22631.0,32,b_attack,"[{'system': 'pbs', 'block_number': 32, 'success': True}, {'system': 'pos', 'block_number': 32, 'success': True}]"
22634,0,0,233,True,True,32.0,32.0,False,False,True,22631.0,32,failed,"[{'system': 'pbs', 'block_number': 32, 'success': False}, {'system': 'pos', 'block_number': 32, 'success': False}]"
22631,43000747,146000,240,True,True,32.0,32.0,True,True,True,22629.0,32,b_attack,"[{'system': 'pbs', 'block_number': 32, 'success': True}, {'system': 'pos', 'block_number': 32, 'success': True}]"
22632,0,0,240,True,True,32.0,32.0,False,False,True,22629.0,32,failed,"[{'system': 'pbs', 'block_number': 32, 'success': False}, {'system': 'pos', 'block_number': 32, 'success': False}]"
22629,43000746,146000,225,True,True,32.0,32.0,True,True,True,22627.0,32,b_attack,"[{'system': 'pbs', 'block_number': 32, 'success': True}, {'system': 'pos', 'block_number': 32, 'success': True}]"
22630,0,0,225,True,True,32.0,32.0,False,False,True,22627.0,32,failed,"[{'system': 'pbs', 'block_number': 32, 'success': False}, {'system': 'pos', 'block_number': 32, 'success': False}]"
22627,43000745,146000,229,True,True,32.0,32.0,True,True,True,22625.0,32,b_attack,"[{'system': 'pbs', 'block_number': 32, 'success': True}, {'system': 'pos', 'block_number': 32, 'success': True}]"
22628,0,0,229,True,True,32.0,32.0,False,False,True,22625.0,32,failed,"[{'system': 'pbs', 'block_number': 32, 'success': False}, {'system': 'pos', 'block_number': 32, 'success': False}]"
22625,43000744,146000,230,True,True,32.0,32.0,True,True,True,22623.0,32,b_attack,"[{'system': 'pbs', 'block_number': 32, 'success': True}, {'system': 'pos', 'block_number': 32, 'success': True}]"
22626,0,0,230,True,True,32.0,32.0,False,False,True,22623.0,32,failed,"[{'system': 'pbs', 'block_number': 32, 'success': False}, {'system': 'pos', 'block_number': 32, 'success': False}]"
22623,43000743,146000,221,True,True,32.0,32.0,True,True,True,22621.0,32,b_attack,"[{'system': 'pbs', 'block_number': 32, 'success': True}, {'system': 'pos', 'block_number': 32, 'success': True}]"
22624,0,0,221,True,True,32.0,32.0,False,False,True,22621.0,32,failed,"[{'system': 'pbs', 'block_number': 32, 'success': False}, {'system': 'pos', 'block_number': 32, 'success': False}]"
22621,43000742,146000,231,True,True,32.0,32.0,True,True,True,22619.0,32,b_attack,"[{'system': 'pbs', 'block_number': 32, 'success': True}, {'system': 'pos', 'block_number': 32, 'success': True}]"
22622,0,0,231,True,True,32.0,32.0,False,False,True,22619.0,32,failed,"[{'system': 'pbs', 'block_number': 32, 'success': False}, {'system': 'pos', 'block_number': 32, 'success': False}]"
22619,43000741,146000,222,True,True,32.0,32.0,True,True,True,22617.0,32,b_attack,"[{'system': 'pbs', 'block_number': 32, 'success': True}, {'system': 'pos', 'block_number': 32, 'success': True}]"
22620,0,0,222,True,True,32.0,32.0,False,False,True,22617.0,32,failed,"[{'system': 'pbs', 'block_number': 32, 'success': False}, {'system': 'pos', 'block_number': 32, 'success': False}]"
22617,0,0,230,True,True,32.0,32.0,False,True,True,22615.0,32,failed,"[{'system': 'pbs', 'block_number': 32, 'success': False}, {'system': 'pos', 'block_number': 32, 'success': True}]"
22618,0,0,230,True,True,32.0,32.0,False,False,True,22615.0,32,failed,"[{'system': 'pbs', 'block_number': 32, 'success': False}, {'system': 'pos', 'block_number': 32, 'success': False}]"
22711,43000787,146000,240,True,True,33.0,33.0,True,True,True,22709.0,33,b_attack,"[{'system': 'pbs', 'block_number': 33, 'success': True}, {'system': 'pos', 'block_number': 33, 'success': True}]"
23561,0,0,551,True,False,33.0,,False,False,True,22711.0,33,failed,"[{'system': 'pbs', 'block_number': 33, 'success': False}]"
22712,0,0,240,True,True,33.0,33.0,False,False,True,22709.0,33,failed,"[{'system': 'pbs', 'block_number': 33, 'success': False}, {'system': 'pos', 'block_number': 33, 'success': False}]"
22709,43000786,146000,225,True,True,33.0,33.0,True,True,True,22707.0,33,b_attack,"[{'system': 'pbs', 'block_number': 33, 'success': True}, {'system': 'pos', 'block_number': 33, 'success': True}]"
22710,0,0,225,True,True,33.0,33.0,False,False,True,22707.0,33,failed,"[{'system': 'pbs', 'block_number': 33, 'success': False}, {'system': 'pos', 'block_number': 33, 'success': False}]"
22707,43000785,146000,232,True,True,33.0,33.0,True,True,True,22705.0,33,b_attack,"[{'system': 'pbs', 'block_number': 33, 'success': True}, {'system': 'pos', 'block_number': 33, 'success': True}]"
22708,0,0,232,True,True,33.0,33.0,False,False,True,22705.0,33,failed,"[{'system': 'pbs', 'block_number': 33, 'success': False}, {'system': 'pos', 'block_number': 33, 'success': False}]"
22705,43000784,146000,233,True,True,33.0,33.0,True,True,True,22703.0,33,b_attack,"[{'system': 'pbs', 'block_number': 33, 'success': True}, {'system': 'pos', 'block_number': 33, 'success': True}]"
22706,0,0,233,True,True,33.0,33.0,False,False,True,22703.0,33,failed,"[{'system': 'pbs', 'block_number': 33, 'success': False}, {'system': 'pos', 'block_number': 33, 'success': False}]"
22703,43000783,146000,221,True,True,33.0,33.0,True,True,True,22701.0,33,b_attack,"[{'system': 'pbs', 'block_number': 33, 'success': True}, {'system': 'pos', 'block_number': 33, 'success': True}]"
22704,0,0,221,True,True,33.0,33.0,False,False,True,22701.0,33,failed,"[{'system': 'pbs', 'block_number': 33, 'success': False}, {'system': 'pos', 'block_number': 33, 'success': False}]"
22701,43000782,146000,223,True,True,33.0,33.0,True,True,True,22699.0,33,b_attack,"[{'system': 'pbs', 'block_number': 33, 'success': True}, {'system': 'pos', 'block_number': 33, 'success': True}]"
22702,0,0,223,True,True,33.0,33.0,False,False,True,22699.0,33,failed,"[{'system': 'pbs', 'block_number': 33, 'success': False}, {'system': 'pos', 'block_number': 33, 'success': False}]"
22699,43000781,146000,228,True,True,33.0,33.0,True,True,True,22697.0,33,b_attack,"[{'system': 'pbs', 'block_number': 33, 'success': True}, {'system': 'pos', 'block_number': 33, 'success': True}]"
22700,0,0,228,True,True,33.0,33.0,False,False,True,22697.0,33,failed,"[{'system': 'pbs', 'block_number': 33, 'success': False}, {'system': 'pos', 'block_number': 33, 'success': False}]"
22697,43000780,146000,232,True,True,33.0,33.0,True,True,True,22695.0,33,b_attack,"[{'system': 'pbs', 'block_number': 33, 'success': True}, {'system': 'pos', 'block_number': 33, 'success': True}]"
22698,0,0,232,True,True,33.0,33.0,False,False,True,22695.0,33,failed,"[{'system': 'pbs', 'block_number': 33, 'success': False}, {'system': 'pos', 'block_number': 33, 'success': False}]"
22695,43000779,146000,221,True,True,33.0,33.0,True,True,True,22693.0,33,b_attack,"[{'system': 'pbs', 'block_number': 33, 'success': True}, {'system': 'pos', 'block_number': 33, 'success': True}]"
22696,0,0,221,True,True,33.0,33.0,False,False,True,22693.0,33,failed,"[{'system': 'pbs', 'block_number': 33, 'success': False}, {'system': 'pos', 'block_number': 33, 'success': False}]"
22693,43000778,146000,237,True,True,33.0,33.0,True,True,True,22691.0,33,b_attack,"[{'system': 'pbs', 'block_number': 33, 'success': True}, {'system': 'pos', 'block_number': 33, 'success': True}]"
22694,0,0,237,True,True,33.0,33.0,False,False,True,22691.0,33,failed,"[{'system': 'pbs', 'block_number': 33, 'success': False}, {'system': 'pos', 'block_number': 33, 'success': False}]"
22691,43000777,146000,227,True,True,33.0,33.0,True,True,True,22689.0,33,b_attack,"[{'system': 'pbs', 'block_number': 33, 'success': True}, {'system': 'pos', 'block_number': 33, 'success': True}]"
22692,0,0,227,True,True,33.0,33.0,False,False,True,22689.0,33,failed,"[{'system': 'pbs', 'block_number': 33, 'success': False}, {'system': 'pos', 'block_number': 33, 'success': False}]"
22689,43000776,146000,227,True,True,33.0,33.0,True,True,True,22687.0,33,b_attack,"[{'system': 'pbs', 'block_number': 33, 'success': True}, {'system': 'pos', 'block_number': 33, 'success': True}]"
22690,0,0,227,True,True,33.0,33.0,False,False,True,22687.0,33,failed,"[{'system': 'pbs', 'block_number': 33, 'success': False}, {'system': 'pos', 'block_number': 33, 'success': False}]"
22687,43000775,146000,233,True,True,33.0,33.0,True,True,True,22685.0,33,b_attack,"[{'system': 'pbs', 'block_number': 33, 'success': True}, {'system': 'pos', 'block_number': 33, 'success': True}]"
22688,0,0,233,True,True,33.0,33.0,False,False,True,22685.0,33,failed,"[{'system': 'pbs', 'block_number': 33, 'success': False}, {'system': 'pos', 'block_number': 33, 'success': False}]"
22685,43000774,146000,229,True,True,33.0,33.0,True,True,True,22683.0,33,b_attack,"[{'system': 'pbs', 'block_number': 33, 'success': True}, {'system': 'pos', 'block_number': 33, 'success': True}]"
22686,0,0,229,True,True,33.0,33.0,False,False,True,22683.0,33,failed,"[{'system': 'pbs', 'block_number': 33, 'success': False}, {'system': 'pos', 'block_number': 33, 'success': False}]"
22683,43000773,146000,236,True,True,33.0,33.0,True,True,True,22681.0,33,b_attack,"[{'system': 'pbs', 'block_number': 33, 'success': True}, {'system': 'pos', 'block_number': 33, 'success': True}]"
22684,0,0,236,True,True,33.0,33.0,False,False,True,22681.0,33,failed,"[{'system': 'pbs', 'block_number': 33, 'success': False}, {'system': 'pos', 'block_number': 33, 'success': False}]"
22681,43000772,146000,235,True,True,33.0,33.0,True,True,True,22679.0,33,b_attack,"[{'system': 'pbs', 'block_number': 33, 'success': True}, {'system': 'pos', 'block_number': 33, 'success': True}]"
22682,0,0,235,True,True,33.0,33.0,False,False,True,22679.0,33,failed,"[{'system': 'pbs', 'block_number': 33, 'success': False}, {'system': 'pos', 'block_number': 33, 'success': False}]"
22679,43000771,146000,223,True,True,33.0,33.0,True,True,True,22677.0,33,b_attack,"[{'system': 'pbs', 'block_number': 33, 'success': True}, {'system': 'pos', 'block_number': 33, 'success': True}]"
22680,0,0,223,True,True,33.0,33.0,False,False,True,22677.0,33,failed,"[{'system': 'pbs', 'block_number': 33, 'success': False}, {'system': 'pos', 'block_number': 33, 'success': False}]"
22677,43000770,146000,221,True,True,33.0,33.0,True,True,True,22675.0,33,b_attack,"[{'system': 'pbs', 'block_number': 33, 'success': True}, {'system': 'pos', 'block_number': 33, 'success': True}]"
22678,0,0,221,True,True,33.0,33.0,False,False,True,22675.0,33,failed,"[{'system': 'pbs', 'block_number': 33, 'success': False}, {'system': 'pos', 'block_number': 33, 'success': False}]"
22675,43000769,146000,237,True,True,33.0,33.0,True,True,True,22673.0,33,b_attack,"[{'system': 'pbs', 'block_number': 33, 'success': True}, {'system': 'pos', 'block_number': 33, 'success': True}]"
22676,0,0,237,True,True,33.0,33.0,False,False,True,22673.0,33,failed,"[{'system': 'pbs', 'block_number': 33, 'success': False}, {'system': 'pos', 'block_number': 33, 'success': False}]"
22673,43000768,146000,223,True,True,33.0,33.0,True,True,True,22671.0,33,b_attack,"[{'system': 'pbs', 'block_number': 33, 'success': True}, {'system': 'pos', 'block_number': 33, 'success': True}]"
22674,0,0,223,True,True,33.0,33.0,False,False,True,22671.0,33,failed,"[{'system': 'pbs', 'block_number': 33, 'success': False}, {'system': 'pos', 'block_number': 33, 'success': False}]"
22671,43000767,146000,236,True,True,33.0,33.0,True,True,True,22669.0,33,b_attack,"[{'system': 'pbs', 'block_number': 33, 'success': True}, {'system': 'pos', 'block_number': 33, 'success': True}]"
22672,0,0,236,True,True,33.0,33.0,False,False,True,22669.0,33,failed,"[{'system': 'pbs', 'block_number': 33, 'success': False}, {'system': 'pos', 'block_number': 33, 'success': False}]"
22669,43000766,146000,221,True,True,33.0,33.0,True,True,True,22667.0,33,b_attack,"[{'system': 'pbs', 'block_number': 33, 'success': True}, {'system': 'pos', 'block_number': 33, 'success': True}]"
22670,0,0,221,True,True,33.0,33.0,False,False,True,22667.0,33,failed,"[{'system': 'pbs', 'block_number': 33, 'success': False}, {'system': 'pos', 'block_number': 33, 'success': False}]"
22667,43000765,146000,223,True,True,33.0,33.0,True,True,True,22665.0,33,b_attack,"[{'system': 'pbs', 'block_number': 33, 'success': True}, {'system': 'pos', 'block_number': 33, 'success': True}]"
22668,0,0,223,True,True,33.0,33.0,False,False,True,22665.0,33,failed,"[{'system': 'pbs', 'block_number': 33, 'success': False}, {'system': 'pos', 'block_number': 33, 'success': False}]"
22665,0,0,233,True,True,33.0,33.0,False,True,True,22663.0,33,failed,"[{'system': 'pbs', 'block_number': 33, 'success': False}, {'system': 'pos', 'block_number': 33, 'success': True}]"
22666,0,0,233,True,True,33.0,33.0,False,False,True,22663.0,33,failed,"[{'system': 'pbs', 'block_number': 33, 'success': False}, {'system': 'pos', 'block_number': 33, 'success': False}]"
22759,43000811,146000,230,True,True,34.0,34.0,True,True,True,22757.0,34,b_attack,"[{'system': 'pbs', 'block_number': 34, 'success': True}, {'system': 'pos', 'block_number': 34, 'success': True}]"
23562,0,0,553,True,False,34.0,,False,False,True,22759.0,34,failed,"[{'system': 'pbs', 'block_number': 34, 'success': False}]"
22760,0,0,230,True,True,34.0,34.0,False,False,True,22757.0,34,failed,"[{'system': 'pbs', 'block_number': 34, 'success': False}, {'system': 'pos', 'block_number': 34, 'success': False}]"
22757,43000810,146000,226,True,True,34.0,34.0,True,True,True,22755.0,34,b_attack,"[{'system': 'pbs', 'block_number': 34, 'success': True}, {'system': 'pos', 'block_number': 34, 'success': True}]"
22758,0,0,226,True,True,34.0,34.0,False,False,True,22755.0,34,failed,"[{'system': 'pbs', 'block_number': 34, 'success': False}, {'system': 'pos', 'block_number': 34, 'success': False}]"
22755,43000809,146000,224,True,True,34.0,34.0,True,True,True,22753.0,34,b_attack,"[{'system': 'pbs', 'block_number': 34, 'success': True}, {'system': 'pos', 'block_number': 34, 'success': True}]"
22756,0,0,224,True,True,34.0,34.0,False,False,True,22753.0,34,failed,"[{'system': 'pbs', 'block_number': 34, 'success': False}, {'system': 'pos', 'block_number': 34, 'success': False}]"
22753,43000808,146000,226,True,True,34.0,34.0,True,True,True,22751.0,34,b_attack,"[{'system': 'pbs', 'block_number': 34, 'success': True}, {'system': 'pos', 'block_number': 34, 'success': True}]"
22754,0,0,226,True,True,34.0,34.0,False,False,True,22751.0,34,failed,"[{'system': 'pbs', 'block_number': 34, 'success': False}, {'system': 'pos', 'block_number': 34, 'success': False}]"
22751,43000807,146000,234,True,True,34.0,34.0,True,True,True,22749.0,34,b_attack,"[{'system': 'pbs', 'block_number': 34, 'success': True}, {'system': 'pos', 'block_number': 34, 'success': True}]"
22752,0,0,234,True,True,34.0,34.0,False,False,True,22749.0,34,failed,"[{'system': 'pbs', 'block_number': 34, 'success': False}, {'system': 'pos', 'block_number': 34, 'success': False}]"
22749,43000806,146000,225,True,True,34.0,34.0,True,True,True,22747.0,34,b_attack,"[{'system': 'pbs', 'block_number': 34, 'success': True}, {'system': 'pos', 'block_number': 34, 'success': True}]"
22750,0,0,225,True,True,34.0,34.0,False,False,True,22747.0,34,failed,"[{'system': 'pbs', 'block_number': 34, 'success': False}, {'system': 'pos', 'block_number': 34, 'success': False}]"
22747,43000805,146000,222,True,True,34.0,34.0,True,True,True,22745.0,34,b_attack,"[{'system': 'pbs', 'block_number': 34, 'success': True}, {'system': 'pos', 'block_number': 34, 'success': True}]"
22748,0,0,222,True,True,34.0,34.0,False,False,True,22745.0,34,failed,"[{'system': 'pbs', 'block_number': 34, 'success': False}, {'system': 'pos', 'block_number': 34, 'success': False}]"
22745,43000804,146000,227,True,True,34.0,34.0,True,True,True,22743.0,34,b_attack,"[{'system': 'pbs', 'block_number': 34, 'success': True}, {'system': 'pos', 'block_number': 34, 'success': True}]"
22746,0,0,227,True,True,34.0,34.0,False,False,True,22743.0,34,failed,"[{'system': 'pbs', 'block_number': 34, 'success': False}, {'system': 'pos', 'block_number': 34, 'success': False}]"
22743,43000803,146000,225,True,True,34.0,34.0,True,True,True,22741.0,34,b_attack,"[{'system': 'pbs', 'block_number': 34, 'success': True}, {'system': 'pos', 'block_number': 34, 'success': True}]"
22744,0,0,225,True,True,34.0,34.0,False,False,True,22741.0,34,failed,"[{'system': 'pbs', 'block_number': 34, 'success': False}, {'system': 'pos', 'block_number': 34, 'success': False}]"
22741,43000802,146000,237,True,True,34.0,34.0,True,True,True,22739.0,34,b_attack,"[{'system': 'pbs', 'block_number': 34, 'success': True}, {'system': 'pos', 'block_number': 34, 'success': True}]"
22742,0,0,237,True,True,34.0,34.0,False,False,True,22739.0,34,failed,"[{'system': 'pbs', 'block_number': 34, 'success': False}, {'system': 'pos', 'block_number': 34, 'success': False}]"
22739,43000801,146000,236,True,True,34.0,34.0,True,True,True,22737.0,34,b_attack,"[{'system': 'pbs', 'block_number': 34, 'success': True}, {'system': 'pos', 'block_number': 34, 'success': True}]"
22740,0,0,236,True,True,34.0,34.0,False,False,True,22737.0,34,failed,"[{'system': 'pbs', 'block_number': 34, 'success': False}, {'system': 'pos', 'block_number': 34, 'success': False}]"
22737,43000800,146000,222,True,True,34.0,34.0,True,True,True,22735.0,34,b_attack,"[{'system': 'pbs', 'block_number': 34, 'success': True}, {'system': 'pos', 'block_number': 34, 'success': True}]"
22738,0,0,222,True,True,34.0,34.0,False,False,True,22735.0,34,failed,"[{'system': 'pbs', 'block_number': 34, 'success': False}, {'system': 'pos', 'block_number': 34, 'success': False}]"
22735,43000799,146000,234,True,True,34.0,34.0,True,True,True,22733.0,34,b_attack,"[{'system': 'pbs', 'block_number': 34, 'success': True}, {'system': 'pos', 'block_number': 34, 'success': True}]"
22736,0,0,234,True,True,34.0,34.0,False,False,True,22733.0,34,failed,"[{'system': 'pbs', 'block_number': 34, 'success': False}, {'system': 'pos', 'block_number': 34, 'success': False}]"
22733,43000798,146000,226,True,True,34.0,34.0,True,True,True,22731.0,34,b_attack,"[{'system': 'pbs', 'block_number': 34, 'success': True}, {'system': 'pos', 'block_number': 34, 'success': True}]"
22734,0,0,226,True,True,34.0,34.0,False,False,True,22731.0,34,failed,"[{'system': 'pbs', 'block_number': 34, 'success': False}, {'system': 'pos', 'block_number': 34, 'success': False}]"
22731,43000797,146000,238,True,True,34.0,34.0,True,True,True,22729.0,34,b_attack,"[{'system': 'pbs', 'block_number': 34, 'success': True}, {'system': 'pos', 'block_number': 34, 'success': True}]"
22732,0,0,238,True,True,34.0,34.0,False,False,True,22729.0,34,failed,"[{'system': 'pbs', 'block_number': 34, 'success': False}, {'system': 'pos', 'block_number': 34, 'success': False}]"
22729,43000796,146000,234,True,True,34.0,34.0,True,True,True,22727.0,34,b_attack,"[{'system': 'pbs', 'block_number': 34, 'success': True}, {'system': 'pos', 'block_number': 34, 'success': True}]"
22730,0,0,234,True,True,34.0,34.0,False,False,True,22727.0,34,failed,"[{'system': 'pbs', 'block_number': 34, 'success': False}, {'system': 'pos', 'block_number': 34, 'success': False}]"
22727,43000795,146000,238,True,True,34.0,34.0,True,True,True,22725.0,34,b_attack,"[{'system': 'pbs', 'block_number': 34, 'success': True}, {'system': 'pos', 'block_number': 34, 'success': True}]"
22728,0,0,238,True,True,34.0,34.0,False,False,True,22725.0,34,failed,"[{'system': 'pbs', 'block_number': 34, 'success': False}, {'system': 'pos', 'block_number': 34, 'success': False}]"
22725,43000794,146000,229,True,True,34.0,34.0,True,True,True,22723.0,34,b_attack,"[{'system': 'pbs', 'block_number': 34, 'success': True}, {'system': 'pos', 'block_number': 34, 'success': True}]"
22726,0,0,229,True,True,34.0,34.0,False,False,True,22723.0,34,failed,"[{'system': 'pbs', 'block_number': 34, 'success': False}, {'system': 'pos', 'block_number': 34, 'success': False}]"
22723,43000793,146000,239,True,True,34.0,34.0,True,True,True,22721.0,34,b_attack,"[{'system': 'pbs', 'block_number': 34, 'success': True}, {'system': 'pos', 'block_number': 34, 'success': True}]"
22724,0,0,239,True,True,34.0,34.0,False,False,True,22721.0,34,failed,"[{'system': 'pbs', 'block_number': 34, 'success': False}, {'system': 'pos', 'block_number': 34, 'success': False}]"
22721,43000792,146000,237,True,True,34.0,34.0,True,True,True,22719.0,34,b_attack,"[{'system': 'pbs', 'block_number': 34, 'success': True}, {'system': 'pos', 'block_number': 34, 'success': True}]"
22722,0,0,237,True,True,34.0,34.0,False,False,True,22719.0,34,failed,"[{'system': 'pbs', 'block_number': 34, 'success': False}, {'system': 'pos', 'block_number': 34, 'success': False}]"
22719,43000791,146000,229,True,True,34.0,34.0,True,True,True,22717.0,34,b_attack,"[{'system': 'pbs', 'block_number': 34, 'success': True}, {'system': 'pos', 'block_number': 34, 'success': True}]"
22720,0,0,229,True,True,34.0,34.0,False,False,True,22717.0,34,failed,"[{'system': 'pbs', 'block_number': 34, 'success': False}, {'system': 'pos', 'block_number': 34, 'success': False}]"
22717,43000790,146000,232,True,True,34.0,34.0,True,True,True,22715.0,34,b_attack,"[{'system': 'pbs', 'block_number': 34, 'success': True}, {'system': 'pos', 'block_number': 34, 'success': True}]"
22718,0,0,232,True,True,34.0,34.0,False,False,True,22715.0,34,failed,"[{'system': 'pbs', 'block_number': 34, 'success': False}, {'system': 'pos', 'block_number': 34, 'success': False}]"
22715,43000789,146000,235,True,True,34.0,34.0,True,True,True,22713.0,34,b_attack,"[{'system': 'pbs', 'block_number': 34, 'success': True}, {'system': 'pos', 'block_number': 34, 'success': True}]"
22716,0,0,235,True,True,34.0,34.0,False,False,True,22713.0,34,failed,"[{'system': 'pbs', 'block_number': 34, 'success': False}, {'system': 'pos', 'block_number': 34, 'success': False}]"
22713,0,0,223,True,True,34.0,34.0,False,True,True,22711.0,34,failed,"[{'system': 'pbs', 'block_number': 34, 'success': False}, {'system': 'pos', 'block_number': 34, 'success': True}]"
22714,0,0,223,True,True,34.0,34.0,False,False,True,22711.0,34,failed,"[{'system': 'pbs', 'block_number': 34, 'success': False}, {'system': 'pos', 'block_number': 34, 'success': False}]"
22807,43000835,146000,223,True,True,35.0,35.0,True,True,True,22805.0,35,b_attack,"[{'system': 'pbs', 'block_number': 35, 'success': True}, {'system': 'pos', 'block_number': 35, 'success': True}]"
23563,0,0,558,True,False,35.0,,False,False,True,22807.0,35,failed,"[{'system': 'pbs', 'block_number': 35, 'success': False}]"
22808,0,0,223,True,True,35.0,35.0,False,False,True,22805.0,35,failed,"[{'system': 'pbs', 'block_number': 35, 'success': False}, {'system': 'pos', 'block_number': 35, 'success': False}]"
22805,43000834,146000,232,True,True,35.0,35.0,True,True,True,22803.0,35,b_attack,"[{'system': 'pbs', 'block_number': 35, 'success': True}, {'system': 'pos', 'block_number': 35, 'success': True}]"
22806,0,0,232,True,True,35.0,35.0,False,False,True,22803.0,35,failed,"[{'system': 'pbs', 'block_number': 35, 'success': False}, {'system': 'pos', 'block_number': 35, 'success': False}]"
22803,43000833,146000,239,True,True,35.0,35.0,True,True,True,22801.0,35,b_attack,"[{'system': 'pbs', 'block_number': 35, 'success': True}, {'system': 'pos', 'block_number': 35, 'success': True}]"
22804,0,0,239,True,True,35.0,35.0,False,False,True,22801.0,35,failed,"[{'system': 'pbs', 'block_number': 35, 'success': False}, {'system': 'pos', 'block_number': 35, 'success': False}]"
22801,43000832,146000,235,True,True,35.0,35.0,True,True,True,22799.0,35,b_attack,"[{'system': 'pbs', 'block_number': 35, 'success': True}, {'system': 'pos', 'block_number': 35, 'success': True}]"
22802,0,0,235,True,True,35.0,35.0,False,False,True,22799.0,35,failed,"[{'system': 'pbs', 'block_number': 35, 'success': False}, {'system': 'pos', 'block_number': 35, 'success': False}]"
22799,43000831,146000,239,True,True,35.0,35.0,True,True,True,22797.0,35,b_attack,"[{'system': 'pbs', 'block_number': 35, 'success': True}, {'system': 'pos', 'block_number': 35, 'success': True}]"
22800,0,0,239,True,True,35.0,35.0,False,False,True,22797.0,35,failed,"[{'system': 'pbs', 'block_number': 35, 'success': False}, {'system': 'pos', 'block_number': 35, 'success': False}]"
22797,43000830,146000,224,True,True,35.0,35.0,True,True,True,22795.0,35,b_attack,"[{'system': 'pbs', 'block_number': 35, 'success': True}, {'system': 'pos', 'block_number': 35, 'success': True}]"
22798,0,0,224,True,True,35.0,35.0,False,False,True,22795.0,35,failed,"[{'system': 'pbs', 'block_number': 35, 'success': False}, {'system': 'pos', 'block_number': 35, 'success': False}]"
22795,43000829,146000,230,True,True,35.0,35.0,True,True,True,22793.0,35,b_attack,"[{'system': 'pbs', 'block_number': 35, 'success': True}, {'system': 'pos', 'block_number': 35, 'success': True}]"
22796,0,0,230,True,True,35.0,35.0,False,False,True,22793.0,35,failed,"[{'system': 'pbs', 'block_number': 35, 'success': False}, {'system': 'pos', 'block_number': 35, 'success': False}]"
22793,43000828,146000,231,True,True,35.0,35.0,True,True,True,22791.0,35,b_attack,"[{'system': 'pbs', 'block_number': 35, 'success': True}, {'system': 'pos', 'block_number': 35, 'success': True}]"
22794,0,0,231,True,True,35.0,35.0,False,False,True,22791.0,35,failed,"[{'system': 'pbs', 'block_number': 35, 'success': False}, {'system': 'pos', 'block_number': 35, 'success': False}]"
22791,43000827,146000,224,True,True,35.0,35.0,True,True,True,22789.0,35,b_attack,"[{'system': 'pbs', 'block_number': 35, 'success': True}, {'system': 'pos', 'block_number': 35, 'success': True}]"
22792,0,0,224,True,True,35.0,35.0,False,False,True,22789.0,35,failed,"[{'system': 'pbs', 'block_number': 35, 'success': False}, {'system': 'pos', 'block_number': 35, 'success': False}]"
22789,43000826,146000,239,True,True,35.0,35.0,True,True,True,22787.0,35,b_attack,"[{'system': 'pbs', 'block_number': 35, 'success': True}, {'system': 'pos', 'block_number': 35, 'success': True}]"
22790,0,0,239,True,True,35.0,35.0,False,False,True,22787.0,35,failed,"[{'system': 'pbs', 'block_number': 35, 'success': False}, {'system': 'pos', 'block_number': 35, 'success': False}]"
22787,43000825,146000,236,True,True,35.0,35.0,True,True,True,22785.0,35,b_attack,"[{'system': 'pbs', 'block_number': 35, 'success': True}, {'system': 'pos', 'block_number': 35, 'success': True}]"
22788,0,0,236,True,True,35.0,35.0,False,False,True,22785.0,35,failed,"[{'system': 'pbs', 'block_number': 35, 'success': False}, {'system': 'pos', 'block_number': 35, 'success': False}]"
22785,43000824,146000,228,True,True,35.0,35.0,True,True,True,22783.0,35,b_attack,"[{'system': 'pbs', 'block_number': 35, 'success': True}, {'system': 'pos', 'block_number': 35, 'success': True}]"
22786,0,0,228,True,True,35.0,35.0,False,False,True,22783.0,35,failed,"[{'system': 'pbs', 'block_number': 35, 'success': False}, {'system': 'pos', 'block_number': 35, 'success': False}]"
22783,43000823,146000,227,True,True,35.0,35.0,True,True,True,22781.0,35,b_attack,"[{'system': 'pbs', 'block_number': 35, 'success': True}, {'system': 'pos', 'block_number': 35, 'success': True}]"
22784,0,0,227,True,True,35.0,35.0,False,False,True,22781.0,35,failed,"[{'system': 'pbs', 'block_number': 35, 'success': False}, {'system': 'pos', 'block_number': 35, 'success': False}]"
22781,43000822,146000,223,True,True,35.0,35.0,True,True,True,22779.0,35,b_attack,"[{'system': 'pbs', 'block_number': 35, 'success': True}, {'system': 'pos', 'block_number': 35, 'success': True}]"
22782,0,0,223,True,True,35.0,35.0,False,False,True,22779.0,35,failed,"[{'system': 'pbs', 'block_number': 35, 'success': False}, {'system': 'pos', 'block_number': 35, 'success': False}]"
22779,43000821,146000,236,True,True,35.0,35.0,True,True,True,22777.0,35,b_attack,"[{'system': 'pbs', 'block_number': 35, 'success': True}, {'system': 'pos', 'block_number': 35, 'success': True}]"
22780,0,0,236,True,True,35.0,35.0,False,False,True,22777.0,35,failed,"[{'system': 'pbs', 'block_number': 35, 'success': False}, {'system': 'pos', 'block_number': 35, 'success': False}]"
22777,43000820,146000,232,True,True,35.0,35.0,True,True,True,22775.0,35,b_attack,"[{'system': 'pbs', 'block_number': 35, 'success': True}, {'system': 'pos', 'block_number': 35, 'success': True}]"
22778,0,0,232,True,True,35.0,35.0,False,False,True,22775.0,35,failed,"[{'system': 'pbs', 'block_number': 35, 'success': False}, {'system': 'pos', 'block_number': 35, 'success': False}]"
22775,43000819,146000,225,True,True,35.0,35.0,True,True,True,22773.0,35,b_attack,"[{'system': 'pbs', 'block_number': 35, 'success': True}, {'system': 'pos', 'block_number': 35, 'success': True}]"
22776,0,0,225,True,True,35.0,35.0,False,False,True,22773.0,35,failed,"[{'system': 'pbs', 'block_number': 35, 'success': False}, {'system': 'pos', 'block_number': 35, 'success': False}]"
22773,43000818,146000,238,True,True,35.0,35.0,True,True,True,22771.0,35,b_attack,"[{'system': 'pbs', 'block_number': 35, 'success': True}, {'system': 'pos', 'block_number': 35, 'success': True}]"
22774,0,0,238,True,True,35.0,35.0,False,False,True,22771.0,35,failed,"[{'system': 'pbs', 'block_number': 35, 'success': False}, {'system': 'pos', 'block_number': 35, 'success': False}]"
22771,43000817,146000,235,True,True,35.0,35.0,True,True,True,22769.0,35,b_attack,"[{'system': 'pbs', 'block_number': 35, 'success': True}, {'system': 'pos', 'block_number': 35, 'success': True}]"
22772,0,0,235,True,True,35.0,35.0,False,False,True,22769.0,35,failed,"[{'system': 'pbs', 'block_number': 35, 'success': False}, {'system': 'pos', 'block_number': 35, 'success': False}]"
22769,43000816,146000,240,True,True,35.0,35.0,True,True,True,22767.0,35,b_attack,"[{'system': 'pbs', 'block_number': 35, 'success': True}, {'system': 'pos', 'block_number': 35, 'success': True}]"
22770,0,0,240,True,True,35.0,35.0,False,False,True,22767.0,35,failed,"[{'system': 'pbs', 'block_number': 35, 'success': False}, {'system': 'pos', 'block_number': 35, 'success': False}]"
22767,43000815,146000,230,True,True,35.0,35.0,True,True,True,22765.0,35,b_attack,"[{'system': 'pbs', 'block_number': 35, 'success': True}, {'system': 'pos', 'block_number': 35, 'success': True}]"
22768,0,0,230,True,True,35.0,35.0,False,False,True,22765.0,35,failed,"[{'system': 'pbs', 'block_number': 35, 'success': False}, {'system': 'pos', 'block_number': 35, 'success': False}]"
22765,43000814,146000,224,True,True,35.0,35.0,True,True,True,22763.0,35,b_attack,"[{'system': 'pbs', 'block_number': 35, 'success': True}, {'system': 'pos', 'block_number': 35, 'success': True}]"
22766,0,0,224,True,True,35.0,35.0,False,False,True,22763.0,35,failed,"[{'system': 'pbs', 'block_number': 35, 'success': False}, {'system': 'pos', 'block_number': 35, 'success': False}]"
22763,43000813,146000,240,True,True,35.0,35.0,True,True,True,22761.0,35,b_attack,"[{'system': 'pbs', 'block_number': 35, 'success': True}, {'system': 'pos', 'block_number': 35, 'success': True}]"
22764,0,0,240,True,True,35.0,35.0,False,False,True,22761.0,35,failed,"[{'system': 'pbs', 'block_number': 35, 'success': False}, {'system': 'pos', 'block_number': 35, 'success': False}]"
22761,0,0,240,True,True,35.0,35.0,False,True,True,22759.0,35,failed,"[{'system': 'pbs', 'block_number': 35, 'success': False}, {'system': 'pos', 'block_number': 35, 'success': True}]"
22762,0,0,240,True,True,35.0,35.0,False,False,True,22759.0,35,failed,"[{'system': 'pbs', 'block_number': 35, 'success': False}, {'system': 'pos', 'block_number': 35, 'success': False}]"
22855,43000859,146000,223,True,True,36.0,36.0,True,True,True,22853.0,36,b_attack,"[{'system': 'pbs', 'block_number': 36, 'success': True}, {'system': 'pos', 'block_number': 36, 'success': True}]"
23564,0,0,553,True,False,36.0,,False,False,True,22855.0,36,failed,"[{'system': 'pbs', 'block_number': 36, 'success': False}]"
22856,0,0,223,True,True,36.0,36.0,False,False,True,22853.0,36,failed,"[{'system': 'pbs', 'block_number': 36, 'success': False}, {'system': 'pos', 'block_number': 36, 'success': False}]"
22853,43000858,146000,236,True,True,36.0,36.0,True,True,True,22851.0,36,b_attack,"[{'system': 'pbs', 'block_number': 36, 'success': True}, {'system': 'pos', 'block_number': 36, 'success': True}]"
22854,0,0,236,True,True,36.0,36.0,False,False,True,22851.0,36,failed,"[{'system': 'pbs', 'block_number': 36, 'success': False}, {'system': 'pos', 'block_number': 36, 'success': False}]"
22851,43000857,146000,224,True,True,36.0,36.0,True,True,True,22849.0,36,b_attack,"[{'system': 'pbs', 'block_number': 36, 'success': True}, {'system': 'pos', 'block_number': 36, 'success': True}]"
22852,0,0,224,True,True,36.0,36.0,False,False,True,22849.0,36,failed,"[{'system': 'pbs', 'block_number': 36, 'success': False}, {'system': 'pos', 'block_number': 36, 'success': False}]"
22849,43000856,146000,240,True,True,36.0,36.0,True,True,True,22847.0,36,b_attack,"[{'system': 'pbs', 'block_number': 36, 'success': True}, {'system': 'pos', 'block_number': 36, 'success': True}]"
22850,0,0,240,True,True,36.0,36.0,False,False,True,22847.0,36,failed,"[{'system': 'pbs', 'block_number': 36, 'success': False}, {'system': 'pos', 'block_number': 36, 'success': False}]"
22847,43000855,146000,222,True,True,36.0,36.0,True,True,True,22845.0,36,b_attack,"[{'system': 'pbs', 'block_number': 36, 'success': True}, {'system': 'pos', 'block_number': 36, 'success': True}]"
22848,0,0,222,True,True,36.0,36.0,False,False,True,22845.0,36,failed,"[{'system': 'pbs', 'block_number': 36, 'success': False}, {'system': 'pos', 'block_number': 36, 'success': False}]"
22845,43000854,146000,235,True,True,36.0,36.0,True,True,True,22843.0,36,b_attack,"[{'system': 'pbs', 'block_number': 36, 'success': True}, {'system': 'pos', 'block_number': 36, 'success': True}]"
22846,0,0,235,True,True,36.0,36.0,False,False,True,22843.0,36,failed,"[{'system': 'pbs', 'block_number': 36, 'success': False}, {'system': 'pos', 'block_number': 36, 'success': False}]"
22843,43000853,146000,234,True,True,36.0,36.0,True,True,True,22841.0,36,b_attack,"[{'system': 'pbs', 'block_number': 36, 'success': True}, {'system': 'pos', 'block_number': 36, 'success': True}]"
22844,0,0,234,True,True,36.0,36.0,False,False,True,22841.0,36,failed,"[{'system': 'pbs', 'block_number': 36, 'success': False}, {'system': 'pos', 'block_number': 36, 'success': False}]"
22841,43000852,146000,236,True,True,36.0,36.0,True,True,True,22839.0,36,b_attack,"[{'system': 'pbs', 'block_number': 36, 'success': True}, {'system': 'pos', 'block_number': 36, 'success': True}]"
22842,0,0,236,True,True,36.0,36.0,False,False,True,22839.0,36,failed,"[{'system': 'pbs', 'block_number': 36, 'success': False}, {'system': 'pos', 'block_number': 36, 'success': False}]"
22839,43000851,146000,222,True,True,36.0,36.0,True,True,True,22837.0,36,b_attack,"[{'system': 'pbs', 'block_number': 36, 'success': True}, {'system': 'pos', 'block_number': 36, 'success': True}]"
22840,0,0,222,True,True,36.0,36.0,False,False,True,22837.0,36,failed,"[{'system': 'pbs', 'block_number': 36, 'success': False}, {'system': 'pos', 'block_number': 36, 'success': False}]"
22837,43000850,146000,228,True,True,36.0,36.0,True,True,True,22835.0,36,b_attack,"[{'system': 'pbs', 'block_number': 36, 'success': True}, {'system': 'pos', 'block_number': 36, 'success': True}]"
22838,0,0,228,True,True,36.0,36.0,False,False,True,22835.0,36,failed,"[{'system': 'pbs', 'block_number': 36, 'success': False}, {'system': 'pos', 'block_number': 36, 'success': False}]"
22835,43000849,146000,222,True,True,36.0,36.0,True,True,True,22833.0,36,b_attack,"[{'system': 'pbs', 'block_number': 36, 'success': True}, {'system': 'pos', 'block_number': 36, 'success': True}]"
22836,0,0,222,True,True,36.0,36.0,False,False,True,22833.0,36,failed,"[{'system': 'pbs', 'block_number': 36, 'success': False}, {'system': 'pos', 'block_number': 36, 'success': False}]"
22833,43000848,146000,227,True,True,36.0,36.0,True,True,True,22831.0,36,b_attack,"[{'system': 'pbs', 'block_number': 36, 'success': True}, {'system': 'pos', 'block_number': 36, 'success': True}]"
22834,0,0,227,True,True,36.0,36.0,False,False,True,22831.0,36,failed,"[{'system': 'pbs', 'block_number': 36, 'success': False}, {'system': 'pos', 'block_number': 36, 'success': False}]"
22831,43000847,146000,224,True,True,36.0,36.0,True,True,True,22829.0,36,b_attack,"[{'system': 'pbs', 'block_number': 36, 'success': True}, {'system': 'pos', 'block_number': 36, 'success': True}]"
22832,0,0,224,True,True,36.0,36.0,False,False,True,22829.0,36,failed,"[{'system': 'pbs', 'block_number': 36, 'success': False}, {'system': 'pos', 'block_number': 36, 'success': False}]"
22829,43000846,146000,222,True,True,36.0,36.0,True,True,True,22827.0,36,b_attack,"[{'system': 'pbs', 'block_number': 36, 'success': True}, {'system': 'pos', 'block_number': 36, 'success': True}]"
22830,0,0,222,True,True,36.0,36.0,False,False,True,22827.0,36,failed,"[{'system': 'pbs', 'block_number': 36, 'success': False}, {'system': 'pos', 'block_number': 36, 'success': False}]"
22827,43000845,146000,233,True,True,36.0,36.0,True,True,True,22825.0,36,b_attack,"[{'system': 'pbs', 'block_number': 36, 'success': True}, {'system': 'pos', 'block_number': 36, 'success': True}]"
22828,0,0,233,True,True,36.0,36.0,False,False,True,22825.0,36,failed,"[{'system': 'pbs', 'block_number': 36, 'success': False}, {'system': 'pos', 'block_number': 36, 'success': False}]"
22825,43000844,146000,223,True,True,36.0,36.0,True,True,True,22823.0,36,b_attack,"[{'system': 'pbs', 'block_number': 36, 'success': True}, {'system': 'pos', 'block_number': 36, 'success': True}]"
22826,0,0,223,True,True,36.0,36.0,False,False,True,22823.0,36,failed,"[{'system': 'pbs', 'block_number': 36, 'success': False}, {'system': 'pos', 'block_number': 36, 'success': False}]"
22823,43000843,146000,227,True,True,36.0,36.0,True,True,True,22821.0,36,b_attack,"[{'system': 'pbs', 'block_number': 36, 'success': True}, {'system': 'pos', 'block_number': 36, 'success': True}]"
22824,0,0,227,True,True,36.0,36.0,False,False,True,22821.0,36,failed,"[{'system': 'pbs', 'block_number': 36, 'success': False}, {'system': 'pos', 'block_number': 36, 'success': False}]"
22821,43000842,146000,225,True,True,36.0,36.0,True,True,True,22819.0,36,b_attack,"[{'system': 'pbs', 'block_number': 36, 'success': True}, {'system': 'pos', 'block_number': 36, 'success': True}]"
22822,0,0,225,True,True,36.0,36.0,False,False,True,22819.0,36,failed,"[{'system': 'pbs', 'block_number': 36, 'success': False}, {'system': 'pos', 'block_number': 36, 'success': False}]"
22819,43000841,146000,233,True,True,36.0,36.0,True,True,True,22817.0,36,b_attack,"[{'system': 'pbs', 'block_number': 36, 'success': True}, {'system': 'pos', 'block_number': 36, 'success': True}]"
22820,0,0,233,True,True,36.0,36.0,False,False,True,22817.0,36,failed,"[{'system': 'pbs', 'block_number': 36, 'success': False}, {'system': 'pos', 'block_number': 36, 'success': False}]"
22817,43000840,146000,231,True,True,36.0,36.0,True,True,True,22815.0,36,b_attack,"[{'system': 'pbs', 'block_number': 36, 'success': True}, {'system': 'pos', 'block_number': 36, 'success': True}]"
22818,0,0,231,True,True,36.0,36.0,False,False,True,22815.0,36,failed,"[{'system': 'pbs', 'block_number': 36, 'success': False}, {'system': 'pos', 'block_number': 36, 'success': False}]"
22815,43000839,146000,227,True,True,36.0,36.0,True,True,True,22813.0,36,b_attack,"[{'system': 'pbs', 'block_number': 36, 'success': True}, {'system': 'pos', 'block_number': 36, 'success': True}]"
22816,0,0,227,True,True,36.0,36.0,False,False,True,22813.0,36,failed,"[{'system': 'pbs', 'block_number': 36, 'success': False}, {'system': 'pos', 'block_number': 36, 'success': False}]"
22813,43000838,146000,224,True,True,36.0,36.0,True,True,True,22811.0,36,b_attack,"[{'system': 'pbs', 'block_number': 36, 'success': True}, {'system': 'pos', 'block_number': 36, 'success': True}]"
22814,0,0,224,True,True,36.0,36.0,False,False,True,22811.0,36,failed,"[{'system': 'pbs', 'block_number': 36, 'success': False}, {'system': 'pos', 'block_number': 36, 'success': False}]"
22811,43000837,146000,223,True,True,36.0,36.0,True,True,True,22809.0,36,b_attack,"[{'system': 'pbs', 'block_number': 36, 'success': True}, {'system': 'pos', 'block_number': 36, 'success': True}]"
22812,0,0,223,True,True,36.0,36.0,False,False,True,22809.0,36,failed,"[{'system': 'pbs', 'block_number': 36, 'success': False}, {'system': 'pos', 'block_number': 36, 'success': False}]"
22809,0,0,221,True,True,36.0,36.0,False,True,True,22807.0,36,failed,"[{'system': 'pbs', 'block_number': 36, 'success': False}, {'system': 'pos', 'block_number': 36, 'success': True}]"
22810,0,0,221,True,True,36.0,36.0,False,False,True,22807.0,36,failed,"[{'system': 'pbs', 'block_number': 36, 'success': False}, {'system': 'pos', 'block_number': 36, 'success': False}]"
22903,43000883,146000,238,True,True,37.0,37.0,True,True,True,22901.0,37,b_attack,"[{'system': 'pbs', 'block_number': 37, 'success': True}, {'system': 'pos', 'block_number': 37, 'success': True}]"
23565,0,0,560,True,False,37.0,,False,False,True,22903.0,37,failed,"[{'system': 'pbs', 'block_number': 37, 'success': False}]"
22904,0,0,238,True,True,37.0,37.0,False,False,True,22901.0,37,failed,"[{'system': 'pbs', 'block_number': 37, 'success': False}, {'system': 'pos', 'block_number': 37, 'success': False}]"
22901,43000882,146000,236,True,True,37.0,37.0,True,True,True,22899.0,37,b_attack,"[{'system': 'pbs', 'block_number': 37, 'success': True}, {'system': 'pos', 'block_number': 37, 'success': True}]"
22902,0,0,236,True,True,37.0,37.0,False,False,True,22899.0,37,failed,"[{'system': 'pbs', 'block_number': 37, 'success': False}, {'system': 'pos', 'block_number': 37, 'success': False}]"
22899,43000881,146000,230,True,True,37.0,37.0,True,True,True,22897.0,37,b_attack,"[{'system': 'pbs', 'block_number': 37, 'success': True}, {'system': 'pos', 'block_number': 37, 'success': True}]"
22900,0,0,230,True,True,37.0,37.0,False,False,True,22897.0,37,failed,"[{'system': 'pbs', 'block_number': 37, 'success': False}, {'system': 'pos', 'block_number': 37, 'success': False}]"
22897,43000880,146000,226,True,True,37.0,37.0,True,True,True,22895.0,37,b_attack,"[{'system': 'pbs', 'block_number': 37, 'success': True}, {'system': 'pos', 'block_number': 37, 'success': True}]"
22898,0,0,226,True,True,37.0,37.0,False,False,True,22895.0,37,failed,"[{'system': 'pbs', 'block_number': 37, 'success': False}, {'system': 'pos', 'block_number': 37, 'success': False}]"
22895,43000879,146000,222,True,True,37.0,37.0,True,True,True,22893.0,37,b_attack,"[{'system': 'pbs', 'block_number': 37, 'success': True}, {'system': 'pos', 'block_number': 37, 'success': True}]"
22896,0,0,222,True,True,37.0,37.0,False,False,True,22893.0,37,failed,"[{'system': 'pbs', 'block_number': 37, 'success': False}, {'system': 'pos', 'block_number': 37, 'success': False}]"
22893,43000878,146000,222,True,True,37.0,37.0,True,True,True,22891.0,37,b_attack,"[{'system': 'pbs', 'block_number': 37, 'success': True}, {'system': 'pos', 'block_number': 37, 'success': True}]"
22894,0,0,222,True,True,37.0,37.0,False,False,True,22891.0,37,failed,"[{'system': 'pbs', 'block_number': 37, 'success': False}, {'system': 'pos', 'block_number': 37, 'success': False}]"
22891,43000877,146000,231,True,True,37.0,37.0,True,True,True,22889.0,37,b_attack,"[{'system': 'pbs', 'block_number': 37, 'success': True}, {'system': 'pos', 'block_number': 37, 'success': True}]"
22892,0,0,231,True,True,37.0,37.0,False,False,True,22889.0,37,failed,"[{'system': 'pbs', 'block_number': 37, 'success': False}, {'system': 'pos', 'block_number': 37, 'success': False}]"
22889,43000876,146000,235,True,True,37.0,37.0,True,True,True,22887.0,37,b_attack,"[{'system': 'pbs', 'block_number': 37, 'success': True}, {'system': 'pos', 'block_number': 37, 'success': True}]"
22890,0,0,235,True,True,37.0,37.0,False,False,True,22887.0,37,failed,"[{'system': 'pbs', 'block_number': 37, 'success': False}, {'system': 'pos', 'block_number': 37, 'success': False}]"
22887,43000875,146000,222,True,True,37.0,37.0,True,True,True,22885.0,37,b_attack,"[{'system': 'pbs', 'block_number': 37, 'success': True}, {'system': 'pos', 'block_number': 37, 'success': True}]"
22888,0,0,222,True,True,37.0,37.0,False,False,True,22885.0,37,failed,"[{'system': 'pbs', 'block_number': 37, 'success': False}, {'system': 'pos', 'block_number': 37, 'success': False}]"
22885,43000874,146000,240,True,True,37.0,37.0,True,True,True,22883.0,37,b_attack,"[{'system': 'pbs', 'block_number': 37, 'success': True}, {'system': 'pos', 'block_number': 37, 'success': True}]"
22886,0,0,240,True,True,37.0,37.0,False,False,True,22883.0,37,failed,"[{'system': 'pbs', 'block_number': 37, 'success': False}, {'system': 'pos', 'block_number': 37, 'success': False}]"
22883,43000873,146000,226,True,True,37.0,37.0,True,True,True,22881.0,37,b_attack,"[{'system': 'pbs', 'block_number': 37, 'success': True}, {'system': 'pos', 'block_number': 37, 'success': True}]"
22884,0,0,226,True,True,37.0,37.0,False,False,True,22881.0,37,failed,"[{'system': 'pbs', 'block_number': 37, 'success': False}, {'system': 'pos', 'block_number': 37, 'success': False}]"
22881,43000872,146000,235,True,True,37.0,37.0,True,True,True,22879.0,37,b_attack,"[{'system': 'pbs', 'block_number': 37, 'success': True}, {'system': 'pos', 'block_number': 37, 'success': True}]"
22882,0,0,235,True,True,37.0,37.0,False,False,True,22879.0,37,failed,"[{'system': 'pbs', 'block_number': 37, 'success': False}, {'system': 'pos', 'block_number': 37, 'success': False}]"
22879,43000871,146000,223,True,True,37.0,37.0,True,True,True,22877.0,37,b_attack,"[{'system': 'pbs', 'block_number': 37, 'success': True}, {'system': 'pos', 'block_number': 37, 'success': True}]"
22880,0,0,223,True,True,37.0,37.0,False,False,True,22877.0,37,failed,"[{'system': 'pbs', 'block_number': 37, 'success': False}, {'system': 'pos', 'block_number': 37, 'success': False}]"
22877,43000870,146000,236,True,True,37.0,37.0,True,True,True,22875.0,37,b_attack,"[{'system': 'pbs', 'block_number': 37, 'success': True}, {'system': 'pos', 'block_number': 37, 'success': True}]"
22878,0,0,236,True,True,37.0,37.0,False,False,True,22875.0,37,failed,"[{'system': 'pbs', 'block_number': 37, 'success': False}, {'system': 'pos', 'block_number': 37, 'success': False}]"
22875,43000869,146000,238,True,True,37.0,37.0,True,True,True,22873.0,37,b_attack,"[{'system': 'pbs', 'block_number': 37, 'success': True}, {'system': 'pos', 'block_number': 37, 'success': True}]"
22876,0,0,238,True,True,37.0,37.0,False,False,True,22873.0,37,failed,"[{'system': 'pbs', 'block_number': 37, 'success': False}, {'system': 'pos', 'block_number': 37, 'success': False}]"
22873,43000868,146000,238,True,True,37.0,37.0,True,True,True,22871.0,37,b_attack,"[{'system': 'pbs', 'block_number': 37, 'success': True}, {'system': 'pos', 'block_number': 37, 'success': True}]"
22874,0,0,238,True,True,37.0,37.0,False,False,True,22871.0,37,failed,"[{'system': 'pbs', 'block_number': 37, 'success': False}, {'system': 'pos', 'block_number': 37, 'success': False}]"
22871,43000867,146000,239,True,True,37.0,37.0,True,True,True,22869.0,37,b_attack,"[{'system': 'pbs', 'block_number': 37, 'success': True}, {'system': 'pos', 'block_number': 37, 'success': True}]"
22872,0,0,239,True,True,37.0,37.0,False,False,True,22869.0,37,failed,"[{'system': 'pbs', 'block_number': 37, 'success': False}, {'system': 'pos', 'block_number': 37, 'success': False}]"
22869,43000866,146000,225,True,True,37.0,37.0,True,True,True,22867.0,37,b_attack,"[{'system': 'pbs', 'block_number': 37, 'success': True}, {'system': 'pos', 'block_number': 37, 'success': True}]"
22870,0,0,225,True,True,37.0,37.0,False,False,True,22867.0,37,failed,"[{'system': 'pbs', 'block_number': 37, 'success': False}, {'system': 'pos', 'block_number': 37, 'success': False}]"
22867,43000865,146000,232,True,True,37.0,37.0,True,True,True,22865.0,37,b_attack,"[{'system': 'pbs', 'block_number': 37, 'success': True}, {'system': 'pos', 'block_number': 37, 'success': True}]"
22868,0,0,232,True,True,37.0,37.0,False,False,True,22865.0,37,failed,"[{'system': 'pbs', 'block_number': 37, 'success': False}, {'system': 'pos', 'block_number': 37, 'success': False}]"
22865,43000864,146000,228,True,True,37.0,37.0,True,True,True,22863.0,37,b_attack,"[{'system': 'pbs', 'block_number': 37, 'success': True}, {'system': 'pos', 'block_number': 37, 'success': True}]"
22866,0,0,228,True,True,37.0,37.0,False,False,True,22863.0,37,failed,"[{'system': 'pbs', 'block_number': 37, 'success': False}, {'system': 'pos', 'block_number': 37, 'success': False}]"
22863,43000863,146000,228,True,True,37.0,37.0,True,True,True,22861.0,37,b_attack,"[{'system': 'pbs', 'block_number': 37, 'success': True}, {'system': 'pos', 'block_number': 37, 'success': True}]"
22864,0,0,228,True,True,37.0,37.0,False,False,True,22861.0,37,failed,"[{'system': 'pbs', 'block_number': 37, 'success': False}, {'system': 'pos', 'block_number': 37, 'success': False}]"
22861,43000862,146000,224,True,True,37.0,37.0,True,True,True,22859.0,37,b_attack,"[{'system': 'pbs', 'block_number': 37, 'success': True}, {'system': 'pos', 'block_number': 37, 'success': True}]"
22862,0,0,224,True,True,37.0,37.0,False,False,True,22859.0,37,failed,"[{'system': 'pbs', 'block_number': 37, 'success': False}, {'system': 'pos', 'block_number': 37, 'success': False}]"
22859,43000861,146000,231,True,True,37.0,37.0,True,True,True,22857.0,37,b_attack,"[{'system': 'pbs', 'block_number': 37, 'success': True}, {'system': 'pos', 'block_number': 37, 'success': True}]"
22860,0,0,231,True,True,37.0,37.0,False,False,True,22857.0,37,failed,"[{'system': 'pbs', 'block_number': 37, 'success': False}, {'system': 'pos', 'block_number': 37, 'success': False}]"
22857,0,0,233,True,True,37.0,37.0,False,True,True,22855.0,37,failed,"[{'system': 'pbs', 'block_number': 37, 'success': False}, {'system': 'pos', 'block_number': 37, 'success': True}]"
22858,0,0,233,True,True,37.0,37.0,False,False,True,22855.0,37,failed,"[{'system': 'pbs', 'block_number': 37, 'success': False}, {'system': 'pos', 'block_number': 37, 'success': False}]"
22951,43000907,146000,238,True,True,38.0,38.0,True,True,True,22949.0,38,b_attack,"[{'system': 'pbs', 'block_number': 38, 'success': True}, {'system': 'pos', 'block_number': 38, 'success': True}]"
23566,0,0,554,True,False,38.0,,False,False,True,22951.0,38,failed,"[{'system': 'pbs', 'block_number': 38, 'success': False}]"
22952,0,0,238,True,True,38.0,38.0,False,False,True,22949.0,38,failed,"[{'system': 'pbs', 'block_number': 38, 'success': False}, {'system': 'pos', 'block_number': 38, 'success': False}]"
22949,43000906,146000,224,True,True,38.0,38.0,True,True,True,22947.0,38,b_attack,"[{'system': 'pbs', 'block_number': 38, 'success': True}, {'system': 'pos', 'block_number': 38, 'success': True}]"
22950,0,0,224,True,True,38.0,38.0,False,False,True,22947.0,38,failed,"[{'system': 'pbs', 'block_number': 38, 'success': False}, {'system': 'pos', 'block_number': 38, 'success': False}]"
22947,43000905,146000,234,True,True,38.0,38.0,True,True,True,22945.0,38,b_attack,"[{'system': 'pbs', 'block_number': 38, 'success': True}, {'system': 'pos', 'block_number': 38, 'success': True}]"
22948,0,0,234,True,True,38.0,38.0,False,False,True,22945.0,38,failed,"[{'system': 'pbs', 'block_number': 38, 'success': False}, {'system': 'pos', 'block_number': 38, 'success': False}]"
22945,43000904,146000,229,True,True,38.0,38.0,True,True,True,22943.0,38,b_attack,"[{'system': 'pbs', 'block_number': 38, 'success': True}, {'system': 'pos', 'block_number': 38, 'success': True}]"
22946,0,0,229,True,True,38.0,38.0,False,False,True,22943.0,38,failed,"[{'system': 'pbs', 'block_number': 38, 'success': False}, {'system': 'pos', 'block_number': 38, 'success': False}]"
22943,43000903,146000,222,True,True,38.0,38.0,True,True,True,22941.0,38,b_attack,"[{'system': 'pbs', 'block_number': 38, 'success': True}, {'system': 'pos', 'block_number': 38, 'success': True}]"
22944,0,0,222,True,True,38.0,38.0,False,False,True,22941.0,38,failed,"[{'system': 'pbs', 'block_number': 38, 'success': False}, {'system': 'pos', 'block_number': 38, 'success': False}]"
22941,43000902,146000,224,True,True,38.0,38.0,True,True,True,22939.0,38,b_attack,"[{'system': 'pbs', 'block_number': 38, 'success': True}, {'system': 'pos', 'block_number': 38, 'success': True}]"
22942,0,0,224,True,True,38.0,38.0,False,False,True,22939.0,38,failed,"[{'system': 'pbs', 'block_number': 38, 'success': False}, {'system': 'pos', 'block_number': 38, 'success': False}]"
22939,43000901,146000,234,True,True,38.0,38.0,True,True,True,22937.0,38,b_attack,"[{'system': 'pbs', 'block_number': 38, 'success': True}, {'system': 'pos', 'block_number': 38, 'success': True}]"
22940,0,0,234,True,True,38.0,38.0,False,False,True,22937.0,38,failed,"[{'system': 'pbs', 'block_number': 38, 'success': False}, {'system': 'pos', 'block_number': 38, 'success': False}]"
22937,43000900,146000,233,True,True,38.0,38.0,True,True,True,22935.0,38,b_attack,"[{'system': 'pbs', 'block_number': 38, 'success': True}, {'system': 'pos', 'block_number': 38, 'success': True}]"
22938,0,0,233,True,True,38.0,38.0,False,False,True,22935.0,38,failed,"[{'system': 'pbs', 'block_number': 38, 'success': False}, {'system': 'pos', 'block_number': 38, 'success': False}]"
22935,43000899,146000,225,True,True,38.0,38.0,True,True,True,22933.0,38,b_attack,"[{'system': 'pbs', 'block_number': 38, 'success': True}, {'system': 'pos', 'block_number': 38, 'success': True}]"
22936,0,0,225,True,True,38.0,38.0,False,False,True,22933.0,38,failed,"[{'system': 'pbs', 'block_number': 38, 'success': False}, {'system': 'pos', 'block_number': 38, 'success': False}]"
22933,43000898,146000,225,True,True,38.0,38.0,True,True,True,22931.0,38,b_attack,"[{'system': 'pbs', 'block_number': 38, 'success': True}, {'system': 'pos', 'block_number': 38, 'success': True}]"
22934,0,0,225,True,True,38.0,38.0,False,False,True,22931.0,38,failed,"[{'system': 'pbs', 'block_number': 38, 'success': False}, {'system': 'pos', 'block_number': 38, 'success': False}]"
22931,43000897,146000,233,True,True,38.0,38.0,True,True,True,22929.0,38,b_attack,"[{'system': 'pbs', 'block_number': 38, 'success': True}, {'system': 'pos', 'block_number': 38, 'success': True}]"
22932,0,0,233,True,True,38.0,38.0,False,False,True,22929.0,38,failed,"[{'system': 'pbs', 'block_number': 38, 'success': False}, {'system': 'pos', 'block_number': 38, 'success': False}]"
22929,43000896,146000,226,True,True,38.0,38.0,True,True,True,22927.0,38,b_attack,"[{'system': 'pbs', 'block_number': 38, 'success': True}, {'system': 'pos', 'block_number': 38, 'success': True}]"
22930,0,0,226,True,True,38.0,38.0,False,False,True,22927.0,38,failed,"[{'system': 'pbs', 'block_number': 38, 'success': False}, {'system': 'pos', 'block_number': 38, 'success': False}]"
22927,43000895,146000,237,True,True,38.0,38.0,True,True,True,22925.0,38,b_attack,"[{'system': 'pbs', 'block_number': 38, 'success': True}, {'system': 'pos', 'block_number': 38, 'success': True}]"
22928,0,0,237,True,True,38.0,38.0,False,False,True,22925.0,38,failed,"[{'system': 'pbs', 'block_number': 38, 'success': False}, {'system': 'pos', 'block_number': 38, 'success': False}]"
22925,43000894,146000,233,True,True,38.0,38.0,True,True,True,22923.0,38,b_attack,"[{'system': 'pbs', 'block_number': 38, 'success': True}, {'system': 'pos', 'block_number': 38, 'success': True}]"
22926,0,0,233,True,True,38.0,38.0,False,False,True,22923.0,38,failed,"[{'system': 'pbs', 'block_number': 38, 'success': False}, {'system': 'pos', 'block_number': 38, 'success': False}]"
22923,43000893,146000,236,True,True,38.0,38.0,True,True,True,22921.0,38,b_attack,"[{'system': 'pbs', 'block_number': 38, 'success': True}, {'system': 'pos', 'block_number': 38, 'success': True}]"
22924,0,0,236,True,True,38.0,38.0,False,False,True,22921.0,38,failed,"[{'system': 'pbs', 'block_number': 38, 'success': False}, {'system': 'pos', 'block_number': 38, 'success': False}]"
22921,43000892,146000,230,True,True,38.0,38.0,True,True,True,22919.0,38,b_attack,"[{'system': 'pbs', 'block_number': 38, 'success': True}, {'system': 'pos', 'block_number': 38, 'success': True}]"
22922,0,0,230,True,True,38.0,38.0,False,False,True,22919.0,38,failed,"[{'system': 'pbs', 'block_number': 38, 'success': False}, {'system': 'pos', 'block_number': 38, 'success': False}]"
22919,43000891,146000,231,True,True,38.0,38.0,True,True,True,22917.0,38,b_attack,"[{'system': 'pbs', 'block_number': 38, 'success': True}, {'system': 'pos', 'block_number': 38, 'success': True}]"
22920,0,0,231,True,True,38.0,38.0,False,False,True,22917.0,38,failed,"[{'system': 'pbs', 'block_number': 38, 'success': False}, {'system': 'pos', 'block_number': 38, 'success': False}]"
22917,43000890,146000,231,True,True,38.0,38.0,True,True,True,22915.0,38,b_attack,"[{'system': 'pbs', 'block_number': 38, 'success': True}, {'system': 'pos', 'block_number': 38, 'success': True}]"
22918,0,0,231,True,True,38.0,38.0,False,False,True,22915.0,38,failed,"[{'system': 'pbs', 'block_number': 38, 'success': False}, {'system': 'pos', 'block_number': 38, 'success': False}]"
22915,43000889,146000,221,True,True,38.0,38.0,True,True,True,22913.0,38,b_attack,"[{'system': 'pbs', 'block_number': 38, 'success': True}, {'system': 'pos', 'block_number': 38, 'success': True}]"
22916,0,0,221,True,True,38.0,38.0,False,False,True,22913.0,38,failed,"[{'system': 'pbs', 'block_number': 38, 'success': False}, {'system': 'pos', 'block_number': 38, 'success': False}]"
22913,43000888,146000,230,True,True,38.0,38.0,True,True,True,22911.0,38,b_attack,"[{'system': 'pbs', 'block_number': 38, 'success': True}, {'system': 'pos', 'block_number': 38, 'success': True}]"
22914,0,0,230,True,True,38.0,38.0,False,False,True,22911.0,38,failed,"[{'system': 'pbs', 'block_number': 38, 'success': False}, {'system': 'pos', 'block_number': 38, 'success': False}]"
22911,43000887,146000,233,True,True,38.0,38.0,True,True,True,22909.0,38,b_attack,"[{'system': 'pbs', 'block_number': 38, 'success': True}, {'system': 'pos', 'block_number': 38, 'success': True}]"
22912,0,0,233,True,True,38.0,38.0,False,False,True,22909.0,38,failed,"[{'system': 'pbs', 'block_number': 38, 'success': False}, {'system': 'pos', 'block_number': 38, 'success': False}]"
22909,43000886,146000,230,True,True,38.0,38.0,True,True,True,22907.0,38,b_attack,"[{'system': 'pbs', 'block_number': 38, 'success': True}, {'system': 'pos', 'block_number': 38, 'success': True}]"
22910,0,0,230,True,True,38.0,38.0,False,False,True,22907.0,38,failed,"[{'system': 'pbs', 'block_number': 38, 'success': False}, {'system': 'pos', 'block_number': 38, 'success': False}]"
22907,43000885,146000,231,True,True,38.0,38.0,True,True,True,22905.0,38,b_attack,"[{'system': 'pbs', 'block_number': 38, 'success': True}, {'system': 'pos', 'block_number': 38, 'success': True}]"
22908,0,0,231,True,True,38.0,38.0,False,False,True,22905.0,38,failed,"[{'system': 'pbs', 'block_number': 38, 'success': False}, {'system': 'pos', 'block_number': 38, 'success': False}]"
22905,0,0,236,True,True,38.0,38.0,False,True,True,22903.0,38,failed,"[{'system': 'pbs', 'block_number': 38, 'success': False}, {'system': 'pos', 'block_number': 38, 'success': True}]"
22906,0,0,236,True,True,38.0,38.0,False,False,True,22903.0,38,failed,"[{'system': 'pbs', 'block_number': 38, 'success': False}, {'system': 'pos', 'block_number': 38, 'success': False}]"
22999,43000931,146000,236,True,True,39.0,39.0,True,True,True,22997.0,39,b_attack,"[{'system': 'pbs', 'block_number': 39, 'success': True}, {'system': 'pos', 'block_number': 39, 'success': True}]"
23567,0,0,551,True,False,39.0,,False,False,True,22999.0,39,failed,"[{'system': 'pbs', 'block_number': 39, 'success': False}]"
23000,0,0,236,True,True,39.0,39.0,False,False,True,22997.0,39,failed,"[{'system': 'pbs', 'block_number': 39, 'success': False}, {'system': 'pos', 'block_number': 39, 'success': False}]"
22997,43000930,146000,239,True,True,39.0,39.0,True,True,True,22995.0,39,b_attack,"[{'system': 'pbs', 'block_number': 39, 'success': True}, {'system': 'pos', 'block_number': 39, 'success': True}]"
22998,0,0,239,True,True,39.0,39.0,False,False,True,22995.0,39,failed,"[{'system': 'pbs', 'block_number': 39, 'success': False}, {'system': 'pos', 'block_number': 39, 'success': False}]"
22995,43000929,146000,231,True,True,39.0,39.0,True,True,True,22993.0,39,b_attack,"[{'system': 'pbs', 'block_number': 39, 'success': True}, {'system': 'pos', 'block_number': 39, 'success': True}]"
22996,0,0,231,True,True,39.0,39.0,False,False,True,22993.0,39,failed,"[{'system': 'pbs', 'block_number': 39, 'success': False}, {'system': 'pos', 'block_number': 39, 'success': False}]"
22993,43000928,146000,228,True,True,39.0,39.0,True,True,True,22991.0,39,b_attack,"[{'system': 'pbs', 'block_number': 39, 'success': True}, {'system': 'pos', 'block_number': 39, 'success': True}]"
22994,0,0,228,True,True,39.0,39.0,False,False,True,22991.0,39,failed,"[{'system': 'pbs', 'block_number': 39, 'success': False}, {'system': 'pos', 'block_number': 39, 'success': False}]"
22991,43000927,146000,222,True,True,39.0,39.0,True,True,True,22989.0,39,b_attack,"[{'system': 'pbs', 'block_number': 39, 'success': True}, {'system': 'pos', 'block_number': 39, 'success': True}]"
22992,0,0,222,True,True,39.0,39.0,False,False,True,22989.0,39,failed,"[{'system': 'pbs', 'block_number': 39, 'success': False}, {'system': 'pos', 'block_number': 39, 'success': False}]"
22989,43000926,146000,237,True,True,39.0,39.0,True,True,True,22987.0,39,b_attack,"[{'system': 'pbs', 'block_number': 39, 'success': True}, {'system': 'pos', 'block_number': 39, 'success': True}]"
22990,0,0,237,True,True,39.0,39.0,False,False,True,22987.0,39,failed,"[{'system': 'pbs', 'block_number': 39, 'success': False}, {'system': 'pos', 'block_number': 39, 'success': False}]"
22987,43000925,146000,235,True,True,39.0,39.0,True,True,True,22985.0,39,b_attack,"[{'system': 'pbs', 'block_number': 39, 'success': True}, {'system': 'pos', 'block_number': 39, 'success': True}]"
22988,0,0,235,True,True,39.0,39.0,False,False,True,22985.0,39,failed,"[{'system': 'pbs', 'block_number': 39, 'success': False}, {'system': 'pos', 'block_number': 39, 'success': False}]"
22985,43000924,146000,225,True,True,39.0,39.0,True,True,True,22983.0,39,b_attack,"[{'system': 'pbs', 'block_number': 39, 'success': True}, {'system': 'pos', 'block_number': 39, 'success': True}]"
22986,0,0,225,True,True,39.0,39.0,False,False,True,22983.0,39,failed,"[{'system': 'pbs', 'block_number': 39, 'success': False}, {'system': 'pos', 'block_number': 39, 'success': False}]"
22983,43000923,146000,225,True,True,39.0,39.0,True,True,True,22981.0,39,b_attack,"[{'system': 'pbs', 'block_number': 39, 'success': True}, {'system': 'pos', 'block_number': 39, 'success': True}]"
22984,0,0,225,True,True,39.0,39.0,False,False,True,22981.0,39,failed,"[{'system': 'pbs', 'block_number': 39, 'success': False}, {'system': 'pos', 'block_number': 39, 'success': False}]"
22981,43000922,146000,237,True,True,39.0,39.0,True,True,True,22979.0,39,b_attack,"[{'system': 'pbs', 'block_number': 39, 'success': True}, {'system': 'pos', 'block_number': 39, 'success': True}]"
22982,0,0,237,True,True,39.0,39.0,False,False,True,22979.0,39,failed,"[{'system': 'pbs', 'block_number': 39, 'success': False}, {'system': 'pos', 'block_number': 39, 'success': False}]"
22979,43000921,146000,225,True,True,39.0,39.0,True,True,True,22977.0,39,b_attack,"[{'system': 'pbs', 'block_number': 39, 'success': True}, {'system': 'pos', 'block_number': 39, 'success': True}]"
22980,0,0,225,True,True,39.0,39.0,False,False,True,22977.0,39,failed,"[{'system': 'pbs', 'block_number': 39, 'success': False}, {'system': 'pos', 'block_number': 39, 'success': False}]"
22977,43000920,146000,230,True,True,39.0,39.0,True,True,True,22975.0,39,b_attack,"[{'system': 'pbs', 'block_number': 39, 'success': True}, {'system': 'pos', 'block_number': 39, 'success': True}]"
22978,0,0,230,True,True,39.0,39.0,False,False,True,22975.0,39,failed,"[{'system': 'pbs', 'block_number': 39, 'success': False}, {'system': 'pos', 'block_number': 39, 'success': False}]"
22975,43000919,146000,229,True,True,39.0,39.0,True,True,True,22973.0,39,b_attack,"[{'system': 'pbs', 'block_number': 39, 'success': True}, {'system': 'pos', 'block_number': 39, 'success': True}]"
22976,0,0,229,True,True,39.0,39.0,False,False,True,22973.0,39,failed,"[{'system': 'pbs', 'block_number': 39, 'success': False}, {'system': 'pos', 'block_number': 39, 'success': False}]"
22973,43000918,146000,227,True,True,39.0,39.0,True,True,True,22971.0,39,b_attack,"[{'system': 'pbs', 'block_number': 39, 'success': True}, {'system': 'pos', 'block_number': 39, 'success': True}]"
22974,0,0,227,True,True,39.0,39.0,False,False,True,22971.0,39,failed,"[{'system': 'pbs', 'block_number': 39, 'success': False}, {'system': 'pos', 'block_number': 39, 'success': False}]"
22971,43000917,146000,228,True,True,39.0,39.0,True,True,True,22969.0,39,b_attack,"[{'system': 'pbs', 'block_number': 39, 'success': True}, {'system': 'pos', 'block_number': 39, 'success': True}]"
22972,0,0,228,True,True,39.0,39.0,False,False,True,22969.0,39,failed,"[{'system': 'pbs', 'block_number': 39, 'success': False}, {'system': 'pos', 'block_number': 39, 'success': False}]"
22969,43000916,146000,228,True,True,39.0,39.0,True,True,True,22967.0,39,b_attack,"[{'system': 'pbs', 'block_number': 39, 'success': True}, {'system': 'pos', 'block_number': 39, 'success': True}]"
22970,0,0,228,True,True,39.0,39.0,False,False,True,22967.0,39,failed,"[{'system': 'pbs', 'block_number': 39, 'success': False}, {'system': 'pos', 'block_number': 39, 'success': False}]"
22967,43000915,146000,229,True,True,39.0,39.0,True,True,True,22965.0,39,b_attack,"[{'system': 'pbs', 'block_number': 39, 'success': True}, {'system': 'pos', 'block_number': 39, 'success': True}]"
22968,0,0,229,True,True,39.0,39.0,False,False,True,22965.0,39,failed,"[{'system': 'pbs', 'block_number': 39, 'success': False}, {'system': 'pos', 'block_number': 39, 'success': False}]"
22965,43000914,146000,225,True,True,39.0,39.0,True,True,True,22963.0,39,b_attack,"[{'system': 'pbs', 'block_number': 39, 'success': True}, {'system': 'pos', 'block_number': 39, 'success': True}]"
22966,0,0,225,True,True,39.0,39.0,False,False,True,22963.0,39,failed,"[{'system': 'pbs', 'block_number': 39, 'success': False}, {'system': 'pos', 'block_number': 39, 'success': False}]"
22963,43000913,146000,230,True,True,39.0,39.0,True,True,True,22961.0,39,b_attack,"[{'system': 'pbs', 'block_number': 39, 'success': True}, {'system': 'pos', 'block_number': 39, 'success': True}]"
22964,0,0,230,True,True,39.0,39.0,False,False,True,22961.0,39,failed,"[{'system': 'pbs', 'block_number': 39, 'success': False}, {'system': 'pos', 'block_number': 39, 'success': False}]"
22961,43000912,146000,224,True,True,39.0,39.0,True,True,True,22959.0,39,b_attack,"[{'system': 'pbs', 'block_number': 39, 'success': True}, {'system': 'pos', 'block_number': 39, 'success': True}]"
22962,0,0,224,True,True,39.0,39.0,False,False,True,22959.0,39,failed,"[{'system': 'pbs', 'block_number': 39, 'success': False}, {'system': 'pos', 'block_number': 39, 'success': False}]"
22959,43000911,146000,228,True,True,39.0,39.0,True,True,True,22957.0,39,b_attack,"[{'system': 'pbs', 'block_number': 39, 'success': True}, {'system': 'pos', 'block_number': 39, 'success': True}]"
22960,0,0,228,True,True,39.0,39.0,False,False,True,22957.0,39,failed,"[{'system': 'pbs', 'block_number': 39, 'success': False}, {'system': 'pos', 'block_number': 39, 'success': False}]"
22957,43000910,146000,232,True,True,39.0,39.0,True,True,True,22955.0,39,b_attack,"[{'system': 'pbs', 'block_number': 39, 'success': True}, {'system': 'pos', 'block_number': 39, 'success': True}]"
22958,0,0,232,True,True,39.0,39.0,False,False,True,22955.0,39,failed,"[{'system': 'pbs', 'block_number': 39, 'success': False}, {'system': 'pos', 'block_number': 39, 'success': False}]"
22955,43000909,146000,232,True,True,39.0,39.0,True,True,True,22953.0,39,b_attack,"[{'system': 'pbs', 'block_number': 39, 'success': True}, {'system': 'pos', 'block_number': 39, 'success': True}]"
22956,0,0,232,True,True,39.0,39.0,False,False,True,22953.0,39,failed,"[{'system': 'pbs', 'block_number': 39, 'success': False}, {'system': 'pos', 'block_number': 39, 'success': False}]"
22953,0,0,233,True,True,39.0,39.0,False,True,True,22951.0,39,failed,"[{'system': 'pbs', 'block_number': 39, 'success': False}, {'system': 'pos', 'block_number': 39, 'success': True}]"
22954,0,0,233,True,True,39.0,39.0,False,False,True,22951.0,39,failed,"[{'system': 'pbs', 'block_number': 39, 'success': False}, {'system': 'pos', 'block_number': 39, 'success': False}]"
23047,43000955,146000,228,True,True,40.0,40.0,True,True,True,23045.0,40,b_attack,"[{'system': 'pbs', 'block_number': 40, 'success': True}, {'system': 'pos', 'block_number': 40, 'success': True}]"
23568,0,0,555,True,False,40.0,,False,False,True,23047.0,40,failed,"[{'system': 'pbs', 'block_number': 40, 'success': False}]"
23048,0,0,228,True,True,40.0,40.0,False,False,True,23045.0,40,failed,"[{'system': 'pbs', 'block_number': 40, 'success': False}, {'system': 'pos', 'block_number': 40, 'success': False}]"
23045,43000954,146000,232,True,True,40.0,40.0,True,True,True,23043.0,40,b_attack,"[{'system': 'pbs', 'block_number': 40, 'success': True}, {'system': 'pos', 'block_number': 40, 'success': True}]"
23046,0,0,232,True,True,40.0,40.0,False,False,True,23043.0,40,failed,"[{'system': 'pbs', 'block_number': 40, 'success': False}, {'system': 'pos', 'block_number': 40, 'success': False}]"
23043,43000953,146000,234,True,True,40.0,40.0,True,True,True,23041.0,40,b_attack,"[{'system': 'pbs', 'block_number': 40, 'success': True}, {'system': 'pos', 'block_number': 40, 'success': True}]"
23044,0,0,234,True,True,40.0,40.0,False,False,True,23041.0,40,failed,"[{'system': 'pbs', 'block_number': 40, 'success': False}, {'system': 'pos', 'block_number': 40, 'success': False}]"
23041,43000952,146000,222,True,True,40.0,40.0,True,True,True,23039.0,40,b_attack,"[{'system': 'pbs', 'block_number': 40, 'success': True}, {'system': 'pos', 'block_number': 40, 'success': True}]"
23042,0,0,222,True,True,40.0,40.0,False,False,True,23039.0,40,failed,"[{'system': 'pbs', 'block_number': 40, 'success': False}, {'system': 'pos', 'block_number': 40, 'success': False}]"
23039,43000951,146000,223,True,True,40.0,40.0,True,True,True,23037.0,40,b_attack,"[{'system': 'pbs', 'block_number': 40, 'success': True}, {'system': 'pos', 'block_number': 40, 'success': True}]"
23040,0,0,223,True,True,40.0,40.0,False,False,True,23037.0,40,failed,"[{'system': 'pbs', 'block_number': 40, 'success': False}, {'system': 'pos', 'block_number': 40, 'success': False}]"
23037,43000950,146000,230,True,True,40.0,40.0,True,True,True,23035.0,40,b_attack,"[{'system': 'pbs', 'block_number': 40, 'success': True}, {'system': 'pos', 'block_number': 40, 'success': True}]"
23038,0,0,230,True,True,40.0,40.0,False,False,True,23035.0,40,failed,"[{'system': 'pbs', 'block_number': 40, 'success': False}, {'system': 'pos', 'block_number': 40, 'success': False}]"
23035,43000949,146000,240,True,True,40.0,40.0,True,True,True,23033.0,40,b_attack,"[{'system': 'pbs', 'block_number': 40, 'success': True}, {'system': 'pos', 'block_number': 40, 'success': True}]"
23036,0,0,240,True,True,40.0,40.0,False,False,True,23033.0,40,failed,"[{'system': 'pbs', 'block_number': 40, 'success': False}, {'system': 'pos', 'block_number': 40, 'success': False}]"
23033,43000948,146000,230,True,True,40.0,40.0,True,True,True,23031.0,40,b_attack,"[{'system': 'pbs', 'block_number': 40, 'success': True}, {'system': 'pos', 'block_number': 40, 'success': True}]"
23034,0,0,230,True,True,40.0,40.0,False,False,True,23031.0,40,failed,"[{'system': 'pbs', 'block_number': 40, 'success': False}, {'system': 'pos', 'block_number': 40, 'success': False}]"
23031,43000947,146000,233,True,True,40.0,40.0,True,True,True,23029.0,40,b_attack,"[{'system': 'pbs', 'block_number': 40, 'success': True}, {'system': 'pos', 'block_number': 40, 'success': True}]"
23032,0,0,233,True,True,40.0,40.0,False,False,True,23029.0,40,failed,"[{'system': 'pbs', 'block_number': 40, 'success': False}, {'system': 'pos', 'block_number': 40, 'success': False}]"
23029,43000946,146000,222,True,True,40.0,40.0,True,True,True,23027.0,40,b_attack,"[{'system': 'pbs', 'block_number': 40, 'success': True}, {'system': 'pos', 'block_number': 40, 'success': True}]"
23030,0,0,222,True,True,40.0,40.0,False,False,True,23027.0,40,failed,"[{'system': 'pbs', 'block_number': 40, 'success': False}, {'system': 'pos', 'block_number': 40, 'success': False}]"
23027,43000945,146000,222,True,True,40.0,40.0,True,True,True,23025.0,40,b_attack,"[{'system': 'pbs', 'block_number': 40, 'success': True}, {'system': 'pos', 'block_number': 40, 'success': True}]"
23028,0,0,222,True,True,40.0,40.0,False,False,True,23025.0,40,failed,"[{'system': 'pbs', 'block_number': 40, 'success': False}, {'system': 'pos', 'block_number': 40, 'success': False}]"
23025,43000944,146000,239,True,True,40.0,40.0,True,True,True,23023.0,40,b_attack,"[{'system': 'pbs', 'block_number': 40, 'success': True}, {'system': 'pos', 'block_number': 40, 'success': True}]"
23026,0,0,239,True,True,40.0,40.0,False,False,True,23023.0,40,failed,"[{'system': 'pbs', 'block_number': 40, 'success': False}, {'system': 'pos', 'block_number': 40, 'success': False}]"
23023,43000943,146000,232,True,True,40.0,40.0,True,True,True,23021.0,40,b_attack,"[{'system': 'pbs', 'block_number': 40, 'success': True}, {'system': 'pos', 'block_number': 40, 'success': True}]"
23024,0,0,232,True,True,40.0,40.0,False,False,True,23021.0,40,failed,"[{'system': 'pbs', 'block_number': 40, 'success': False}, {'system': 'pos', 'block_number': 40, 'success': False}]"
23021,43000942,146000,235,True,True,40.0,40.0,True,True,True,23019.0,40,b_attack,"[{'system': 'pbs', 'block_number': 40, 'success': True}, {'system': 'pos', 'block_number': 40, 'success': True}]"
23022,0,0,235,True,True,40.0,40.0,False,False,True,23019.0,40,failed,"[{'system': 'pbs', 'block_number': 40, 'success': False}, {'system': 'pos', 'block_number': 40, 'success': False}]"
23019,43000941,146000,233,True,True,40.0,40.0,True,True,True,23017.0,40,b_attack,"[{'system': 'pbs', 'block_number': 40, 'success': True}, {'system': 'pos', 'block_number': 40, 'success': True}]"
23020,0,0,233,True,True,40.0,40.0,False,False,True,23017.0,40,failed,"[{'system': 'pbs', 'block_number': 40, 'success': False}, {'system': 'pos', 'block_number': 40, 'success': False}]"
23017,43000940,146000,228,True,True,40.0,40.0,True,True,True,23015.0,40,b_attack,"[{'system': 'pbs', 'block_number': 40, 'success': True}, {'system': 'pos', 'block_number': 40, 'success': True}]"
23018,0,0,228,True,True,40.0,40.0,False,False,True,23015.0,40,failed,"[{'system': 'pbs', 'block_number': 40, 'success': False}, {'system': 'pos', 'block_number': 40, 'success': False}]"
23015,43000939,146000,234,True,True,40.0,40.0,True,True,True,23013.0,40,b_attack,"[{'system': 'pbs', 'block_number': 40, 'success': True}, {'system': 'pos', 'block_number': 40, 'success': True}]"
23016,0,0,234,True,True,40.0,40.0,False,False,True,23013.0,40,failed,"[{'system': 'pbs', 'block_number': 40, 'success': False}, {'system': 'pos', 'block_number': 40, 'success': False}]"
23013,43000938,146000,221,True,True,40.0,40.0,True,True,True,23011.0,40,b_attack,"[{'system': 'pbs', 'block_number': 40, 'success': True}, {'system': 'pos', 'block_number': 40, 'success': True}]"
23014,0,0,221,True,True,40.0,40.0,False,False,True,23011.0,40,failed,"[{'system': 'pbs', 'block_number': 40, 'success': False}, {'system': 'pos', 'block_number': 40, 'success': False}]"
23011,43000937,146000,230,True,True,40.0,40.0,True,True,True,23009.0,40,b_attack,"[{'system': 'pbs', 'block_number': 40, 'success': True}, {'system': 'pos', 'block_number': 40, 'success': True}]"
23012,0,0,230,True,True,40.0,40.0,False,False,True,23009.0,40,failed,"[{'system': 'pbs', 'block_number': 40, 'success': False}, {'system': 'pos', 'block_number': 40, 'success': False}]"
23009,43000936,146000,228,True,True,40.0,40.0,True,True,True,23007.0,40,b_attack,"[{'system': 'pbs', 'block_number': 40, 'success': True}, {'system': 'pos', 'block_number': 40, 'success': True}]"
23010,0,0,228,True,True,40.0,40.0,False,False,True,23007.0,40,failed,"[{'system': 'pbs', 'block_number': 40, 'success': False}, {'system': 'pos', 'block_number': 40, 'success': False}]"
23007,43000935,146000,238,True,True,40.0,40.0,True,True,True,23005.0,40,b_attack,"[{'system': 'pbs', 'block_number': 40, 'success': True}, {'system': 'pos', 'block_number': 40, 'success': True}]"
23008,0,0,238,True,True,40.0,40.0,False,False,True,23005.0,40,failed,"[{'system': 'pbs', 'block_number': 40, 'success': False}, {'system': 'pos', 'block_number': 40, 'success': False}]"
23005,43000934,146000,236,True,True,40.0,40.0,True,True,True,23003.0,40,b_attack,"[{'system': 'pbs', 'block_number': 40, 'success': True}, {'system': 'pos', 'block_number': 40, 'success': True}]"
23006,0,0,236,True,True,40.0,40.0,False,False,True,23003.0,40,failed,"[{'system': 'pbs', 'block_number': 40, 'success': False}, {'system': 'pos', 'block_number': 40, 'success': False}]"
23003,43000933,146000,229,True,True,40.0,40.0,True,True,True,23001.0,40,b_attack,"[{'system': 'pbs', 'block_number': 40, 'success': True}, {'system': 'pos', 'block_number': 40, 'success': True}]"
23004,0,0,229,True,True,40.0,40.0,False,False,True,23001.0,40,failed,"[{'system': 'pbs', 'block_number': 40, 'success': False}, {'system': 'pos', 'block_number': 40, 'success': False}]"
23001,0,0,229,True,True,40.0,40.0,False,True,True,22999.0,40,failed,"[{'system': 'pbs', 'block_number': 40, 'success': False}, {'system': 'pos', 'block_number': 40, 'success': True}]"
23002,0,0,229,True,True,40.0,40.0,False,False,True,22999.0,40,failed,"[{'system': 'pbs', 'block_number': 40, 'success': False}, {'system': 'pos', 'block_number': 40, 'success': False}]"
23095,43000979,146000,235,True,True,41.0,41.0,True,True,True,23093.0,41,b_attack,"[{'system': 'pbs', 'block_number': 41, 'success': True}, {'system': 'pos', 'block_number': 41, 'success': True}]"
23569,0,0,560,True,False,41.0,,False,False,True,23095.0,41,failed,"[{'system': 'pbs', 'block_number': 41, 'success': False}]"
23096,0,0,235,True,True,41.0,41.0,False,False,True,23093.0,41,failed,"[{'system': 'pbs', 'block_number': 41, 'success': False}, {'system': 'pos', 'block_number': 41, 'success': False}]"
23093,43000978,146000,227,True,True,41.0,41.0,True,True,True,23091.0,41,b_attack,"[{'system': 'pbs', 'block_number': 41, 'success': True}, {'system': 'pos', 'block_number': 41, 'success': True}]"
23094,0,0,227,True,True,41.0,41.0,False,False,True,23091.0,41,failed,"[{'system': 'pbs', 'block_number': 41, 'success': False}, {'system': 'pos', 'block_number': 41, 'success': False}]"
23091,43000977,146000,229,True,True,41.0,41.0,True,True,True,23089.0,41,b_attack,"[{'system': 'pbs', 'block_number': 41, 'success': True}, {'system': 'pos', 'block_number': 41, 'success': True}]"
23092,0,0,229,True,True,41.0,41.0,False,False,True,23089.0,41,failed,"[{'system': 'pbs', 'block_number': 41, 'success': False}, {'system': 'pos', 'block_number': 41, 'success': False}]"
23089,43000976,146000,238,True,True,41.0,41.0,True,True,True,23087.0,41,b_attack,"[{'system': 'pbs', 'block_number': 41, 'success': True}, {'system': 'pos', 'block_number': 41, 'success': True}]"
23090,0,0,238,True,True,41.0,41.0,False,False,True,23087.0,41,failed,"[{'system': 'pbs', 'block_number': 41, 'success': False}, {'system': 'pos', 'block_number': 41, 'success': False}]"
23087,43000975,146000,224,True,True,41.0,41.0,True,True,True,23085.0,41,b_attack,"[{'system': 'pbs', 'block_number': 41, 'success': True}, {'system': 'pos', 'block_number': 41, 'success': True}]"
23088,0,0,224,True,True,41.0,41.0,False,False,True,23085.0,41,failed,"[{'system': 'pbs', 'block_number': 41, 'success': False}, {'system': 'pos', 'block_number': 41, 'success': False}]"
23085,43000974,146000,233,True,True,41.0,41.0,True,True,True,23083.0,41,b_attack,"[{'system': 'pbs', 'block_number': 41, 'success': True}, {'system': 'pos', 'block_number': 41, 'success': True}]"
23086,0,0,233,True,True,41.0,41.0,False,False,True,23083.0,41,failed,"[{'system': 'pbs', 'block_number': 41, 'success': False}, {'system': 'pos', 'block_number': 41, 'success': False}]"
23083,43000973,146000,223,True,True,41.0,41.0,True,True,True,23081.0,41,b_attack,"[{'system': 'pbs', 'block_number': 41, 'success': True}, {'system': 'pos', 'block_number': 41, 'success': True}]"
23084,0,0,223,True,True,41.0,41.0,False,False,True,23081.0,41,failed,"[{'system': 'pbs', 'block_number': 41, 'success': False}, {'system': 'pos', 'block_number': 41, 'success': False}]"
23081,43000972,146000,227,True,True,41.0,41.0,True,True,True,23079.0,41,b_attack,"[{'system': 'pbs', 'block_number': 41, 'success': True}, {'system': 'pos', 'block_number': 41, 'success': True}]"
23082,0,0,227,True,True,41.0,41.0,False,False,True,23079.0,41,failed,"[{'system': 'pbs', 'block_number': 41, 'success': False}, {'system': 'pos', 'block_number': 41, 'success': False}]"
23079,43000971,146000,235,True,True,41.0,41.0,True,True,True,23077.0,41,b_attack,"[{'system': 'pbs', 'block_number': 41, 'success': True}, {'system': 'pos', 'block_number': 41, 'success': True}]"
23080,0,0,235,True,True,41.0,41.0,False,False,True,23077.0,41,failed,"[{'system': 'pbs', 'block_number': 41, 'success': False}, {'system': 'pos', 'block_number': 41, 'success': False}]"
23077,43000970,146000,234,True,True,41.0,41.0,True,True,True,23075.0,41,b_attack,"[{'system': 'pbs', 'block_number': 41, 'success': True}, {'system': 'pos', 'block_number': 41, 'success': True}]"
23078,0,0,234,True,True,41.0,41.0,False,False,True,23075.0,41,failed,"[{'system': 'pbs', 'block_number': 41, 'success': False}, {'system': 'pos', 'block_number': 41, 'success': False}]"
23075,43000969,146000,229,True,True,41.0,41.0,True,True,True,23073.0,41,b_attack,"[{'system': 'pbs', 'block_number': 41, 'success': True}, {'system': 'pos', 'block_number': 41, 'success': True}]"
23076,0,0,229,True,True,41.0,41.0,False,False,True,23073.0,41,failed,"[{'system': 'pbs', 'block_number': 41, 'success': False}, {'system': 'pos', 'block_number': 41, 'success': False}]"
23073,43000968,146000,233,True,True,41.0,41.0,True,True,True,23071.0,41,b_attack,"[{'system': 'pbs', 'block_number': 41, 'success': True}, {'system': 'pos', 'block_number': 41, 'success': True}]"
23074,0,0,233,True,True,41.0,41.0,False,False,True,23071.0,41,failed,"[{'system': 'pbs', 'block_number': 41, 'success': False}, {'system': 'pos', 'block_number': 41, 'success': False}]"
23071,43000967,146000,223,True,True,41.0,41.0,True,True,True,23069.0,41,b_attack,"[{'system': 'pbs', 'block_number': 41, 'success': True}, {'system': 'pos', 'block_number': 41, 'success': True}]"
23072,0,0,223,True,True,41.0,41.0,False,False,True,23069.0,41,failed,"[{'system': 'pbs', 'block_number': 41, 'success': False}, {'system': 'pos', 'block_number': 41, 'success': False}]"
23069,43000966,146000,233,True,True,41.0,41.0,True,True,True,23067.0,41,b_attack,"[{'system': 'pbs', 'block_number': 41, 'success': True}, {'system': 'pos', 'block_number': 41, 'success': True}]"
23070,0,0,233,True,True,41.0,41.0,False,False,True,23067.0,41,failed,"[{'system': 'pbs', 'block_number': 41, 'success': False}, {'system': 'pos', 'block_number': 41, 'success': False}]"
23067,43000965,146000,229,True,True,41.0,41.0,True,True,True,23065.0,41,b_attack,"[{'system': 'pbs', 'block_number': 41, 'success': True}, {'system': 'pos', 'block_number': 41, 'success': True}]"
23068,0,0,229,True,True,41.0,41.0,False,False,True,23065.0,41,failed,"[{'system': 'pbs', 'block_number': 41, 'success': False}, {'system': 'pos', 'block_number': 41, 'success': False}]"
23065,43000964,146000,233,True,True,41.0,41.0,True,True,True,23063.0,41,b_attack,"[{'system': 'pbs', 'block_number': 41, 'success': True}, {'system': 'pos', 'block_number': 41, 'success': True}]"
23066,0,0,233,True,True,41.0,41.0,False,False,True,23063.0,41,failed,"[{'system': 'pbs', 'block_number': 41, 'success': False}, {'system': 'pos', 'block_number': 41, 'success': False}]"
23063,43000963,146000,226,True,True,41.0,41.0,True,True,True,23061.0,41,b_attack,"[{'system': 'pbs', 'block_number': 41, 'success': True}, {'system': 'pos', 'block_number': 41, 'success': True}]"
23064,0,0,226,True,True,41.0,41.0,False,False,True,23061.0,41,failed,"[{'system': 'pbs', 'block_number': 41, 'success': False}, {'system': 'pos', 'block_number': 41, 'success': False}]"
23061,43000962,146000,226,True,True,41.0,41.0,True,True,True,23059.0,41,b_attack,"[{'system': 'pbs', 'block_number': 41, 'success': True}, {'system': 'pos', 'block_number': 41, 'success': True}]"
23062,0,0,226,True,True,41.0,41.0,False,False,True,23059.0,41,failed,"[{'system': 'pbs', 'block_number': 41, 'success': False}, {'system': 'pos', 'block_number': 41, 'success': False}]"
23059,43000961,146000,233,True,True,41.0,41.0,True,True,True,23057.0,41,b_attack,"[{'system': 'pbs', 'block_number': 41, 'success': True}, {'system': 'pos', 'block_number': 41, 'success': True}]"
23060,0,0,233,True,True,41.0,41.0,False,False,True,23057.0,41,failed,"[{'system': 'pbs', 'block_number': 41, 'success': False}, {'system': 'pos', 'block_number': 41, 'success': False}]"
23057,43000960,146000,231,True,True,41.0,41.0,True,True,True,23055.0,41,b_attack,"[{'system': 'pbs', 'block_number': 41, 'success': True}, {'system': 'pos', 'block_number': 41, 'success': True}]"
23058,0,0,231,True,True,41.0,41.0,False,False,True,23055.0,41,failed,"[{'system': 'pbs', 'block_number': 41, 'success': False}, {'system': 'pos', 'block_number': 41, 'success': False}]"
23055,43000959,146000,231,True,True,41.0,41.0,True,True,True,23053.0,41,b_attack,"[{'system': 'pbs', 'block_number': 41, 'success': True}, {'system': 'pos', 'block_number': 41, 'success': True}]"
23056,0,0,231,True,True,41.0,41.0,False,False,True,23053.0,41,failed,"[{'system': 'pbs', 'block_number': 41, 'success': False}, {'system': 'pos', 'block_number': 41, 'success': False}]"
23053,43000958,146000,221,True,True,41.0,41.0,True,True,True,23051.0,41,b_attack,"[{'system': 'pbs', 'block_number': 41, 'success': True}, {'system': 'pos', 'block_number': 41, 'success': True}]"
23054,0,0,221,True,True,41.0,41.0,False,False,True,23051.0,41,failed,"[{'system': 'pbs', 'block_number': 41, 'success': False}, {'system': 'pos', 'block_number': 41, 'success': False}]"
23051,43000957,146000,232,True,True,41.0,41.0,True,True,True,23049.0,41,b_attack,"[{'system': 'pbs', 'block_number': 41, 'success': True}, {'system': 'pos', 'block_number': 41, 'success': True}]"
23052,0,0,232,True,True,41.0,41.0,False,False,True,23049.0,41,failed,"[{'system': 'pbs', 'block_number': 41, 'success': False}, {'system': 'pos', 'block_number': 41, 'success': False}]"
23049,0,0,221,True,True,41.0,41.0,False,False,True,23047.0,41,failed,"[{'system': 'pbs', 'block_number': 41, 'success': False}, {'system': 'pos', 'block_number': 41, 'success': False}]"
23050,0,0,221,True,True,41.0,41.0,False,False,True,23047.0,41,failed,"[{'system': 'pbs', 'block_number': 41, 'success': False}, {'system': 'pos', 'block_number': 41, 'success': False}]"
23143,43001003,146000,225,True,True,42.0,42.0,True,True,True,23141.0,42,b_attack,"[{'system': 'pbs', 'block_number': 42, 'success': True}, {'system': 'pos', 'block_number': 42, 'success': True}]"
23570,0,0,556,True,False,42.0,,False,False,True,23143.0,42,failed,"[{'system': 'pbs', 'block_number': 42, 'success': False}]"
23144,0,0,225,True,True,42.0,42.0,False,False,True,23141.0,42,failed,"[{'system': 'pbs', 'block_number': 42, 'success': False}, {'system': 'pos', 'block_number': 42, 'success': False}]"
23141,43001002,146000,230,True,True,42.0,42.0,True,True,True,23139.0,42,b_attack,"[{'system': 'pbs', 'block_number': 42, 'success': True}, {'system': 'pos', 'block_number': 42, 'success': True}]"
23142,0,0,230,True,True,42.0,42.0,False,False,True,23139.0,42,failed,"[{'system': 'pbs', 'block_number': 42, 'success': False}, {'system': 'pos', 'block_number': 42, 'success': False}]"
23139,43001001,146000,226,True,True,42.0,42.0,True,True,True,23137.0,42,b_attack,"[{'system': 'pbs', 'block_number': 42, 'success': True}, {'system': 'pos', 'block_number': 42, 'success': True}]"
23140,0,0,226,True,True,42.0,42.0,False,False,True,23137.0,42,failed,"[{'system': 'pbs', 'block_number': 42, 'success': False}, {'system': 'pos', 'block_number': 42, 'success': False}]"
23137,43001000,146000,239,True,True,42.0,42.0,True,True,True,23135.0,42,b_attack,"[{'system': 'pbs', 'block_number': 42, 'success': True}, {'system': 'pos', 'block_number': 42, 'success': True}]"
23138,0,0,239,True,True,42.0,42.0,False,False,True,23135.0,42,failed,"[{'system': 'pbs', 'block_number': 42, 'success': False}, {'system': 'pos', 'block_number': 42, 'success': False}]"
23135,43000999,146000,240,True,True,42.0,42.0,True,True,True,23133.0,42,b_attack,"[{'system': 'pbs', 'block_number': 42, 'success': True}, {'system': 'pos', 'block_number': 42, 'success': True}]"
23136,0,0,240,True,True,42.0,42.0,False,False,True,23133.0,42,failed,"[{'system': 'pbs', 'block_number': 42, 'success': False}, {'system': 'pos', 'block_number': 42, 'success': False}]"
23133,43000998,146000,230,True,True,42.0,42.0,True,True,True,23131.0,42,b_attack,"[{'system': 'pbs', 'block_number': 42, 'success': True}, {'system': 'pos', 'block_number': 42, 'success': True}]"
23134,0,0,230,True,True,42.0,42.0,False,False,True,23131.0,42,failed,"[{'system': 'pbs', 'block_number': 42, 'success': False}, {'system': 'pos', 'block_number': 42, 'success': False}]"
23131,43000997,146000,226,True,True,42.0,42.0,True,True,True,23129.0,42,b_attack,"[{'system': 'pbs', 'block_number': 42, 'success': True}, {'system': 'pos', 'block_number': 42, 'success': True}]"
23132,0,0,226,True,True,42.0,42.0,False,False,True,23129.0,42,failed,"[{'system': 'pbs', 'block_number': 42, 'success': False}, {'system': 'pos', 'block_number': 42, 'success': False}]"
23129,43000996,146000,229,True,True,42.0,42.0,True,True,True,23127.0,42,b_attack,"[{'system': 'pbs', 'block_number': 42, 'success': True}, {'system': 'pos', 'block_number': 42, 'success': True}]"
23130,0,0,229,True,True,42.0,42.0,False,False,True,23127.0,42,failed,"[{'system': 'pbs', 'block_number': 42, 'success': False}, {'system': 'pos', 'block_number': 42, 'success': False}]"
23127,43000995,146000,224,True,True,42.0,42.0,True,True,True,23125.0,42,b_attack,"[{'system': 'pbs', 'block_number': 42, 'success': True}, {'system': 'pos', 'block_number': 42, 'success': True}]"
23128,0,0,224,True,True,42.0,42.0,False,False,True,23125.0,42,failed,"[{'system': 'pbs', 'block_number': 42, 'success': False}, {'system': 'pos', 'block_number': 42, 'success': False}]"
23125,43000994,146000,236,True,True,42.0,42.0,True,True,True,23123.0,42,b_attack,"[{'system': 'pbs', 'block_number': 42, 'success': True}, {'system': 'pos', 'block_number': 42, 'success': True}]"
23126,0,0,236,True,True,42.0,42.0,False,False,True,23123.0,42,failed,"[{'system': 'pbs', 'block_number': 42, 'success': False}, {'system': 'pos', 'block_number': 42, 'success': False}]"
23123,43000993,146000,228,True,True,42.0,42.0,True,True,True,23121.0,42,b_attack,"[{'system': 'pbs', 'block_number': 42, 'success': True}, {'system': 'pos', 'block_number': 42, 'success': True}]"
23124,0,0,228,True,True,42.0,42.0,False,False,True,23121.0,42,failed,"[{'system': 'pbs', 'block_number': 42, 'success': False}, {'system': 'pos', 'block_number': 42, 'success': False}]"
23121,43000992,146000,229,True,True,42.0,42.0,True,True,True,23119.0,42,b_attack,"[{'system': 'pbs', 'block_number': 42, 'success': True}, {'system': 'pos', 'block_number': 42, 'success': True}]"
23122,0,0,229,True,True,42.0,42.0,False,False,True,23119.0,42,failed,"[{'system': 'pbs', 'block_number': 42, 'success': False}, {'system': 'pos', 'block_number': 42, 'success': False}]"
23119,43000991,146000,226,True,True,42.0,42.0,True,True,True,23117.0,42,b_attack,"[{'system': 'pbs', 'block_number': 42, 'success': True}, {'system': 'pos', 'block_number': 42, 'success': True}]"
23120,0,0,226,True,True,42.0,42.0,False,False,True,23117.0,42,failed,"[{'system': 'pbs', 'block_number': 42, 'success': False}, {'system': 'pos', 'block_number': 42, 'success': False}]"
23117,43000990,146000,224,True,True,42.0,42.0,True,True,True,23115.0,42,b_attack,"[{'system': 'pbs', 'block_number': 42, 'success': True}, {'system': 'pos', 'block_number': 42, 'success': True}]"
23118,0,0,224,True,True,42.0,42.0,False,False,True,23115.0,42,failed,"[{'system': 'pbs', 'block_number': 42, 'success': False}, {'system': 'pos', 'block_number': 42, 'success': False}]"
23115,43000989,146000,233,True,True,42.0,42.0,True,True,True,23113.0,42,b_attack,"[{'system': 'pbs', 'block_number': 42, 'success': True}, {'system': 'pos', 'block_number': 42, 'success': True}]"
23116,0,0,233,True,True,42.0,42.0,False,False,True,23113.0,42,failed,"[{'system': 'pbs', 'block_number': 42, 'success': False}, {'system': 'pos', 'block_number': 42, 'success': False}]"
23113,43000988,146000,239,True,True,42.0,42.0,True,True,True,23111.0,42,b_attack,"[{'system': 'pbs', 'block_number': 42, 'success': True}, {'system': 'pos', 'block_number': 42, 'success': True}]"
23114,0,0,239,True,True,42.0,42.0,False,False,True,23111.0,42,failed,"[{'system': 'pbs', 'block_number': 42, 'success': False}, {'system': 'pos', 'block_number': 42, 'success': False}]"
23111,43000987,146000,226,True,True,42.0,42.0,True,True,True,23109.0,42,b_attack,"[{'system': 'pbs', 'block_number': 42, 'success': True}, {'system': 'pos', 'block_number': 42, 'success': True}]"
23112,0,0,226,True,True,42.0,42.0,False,False,True,23109.0,42,failed,"[{'system': 'pbs', 'block_number': 42, 'success': False}, {'system': 'pos', 'block_number': 42, 'success': False}]"
23109,43000986,146000,240,True,True,42.0,42.0,True,True,True,23107.0,42,b_attack,"[{'system': 'pbs', 'block_number': 42, 'success': True}, {'system': 'pos', 'block_number': 42, 'success': True}]"
23110,0,0,240,True,True,42.0,42.0,False,False,True,23107.0,42,failed,"[{'system': 'pbs', 'block_number': 42, 'success': False}, {'system': 'pos', 'block_number': 42, 'success': False}]"
23107,43000985,146000,229,True,True,42.0,42.0,True,True,True,23105.0,42,b_attack,"[{'system': 'pbs', 'block_number': 42, 'success': True}, {'system': 'pos', 'block_number': 42, 'success': True}]"
23108,0,0,229,True,True,42.0,42.0,False,False,True,23105.0,42,failed,"[{'system': 'pbs', 'block_number': 42, 'success': False}, {'system': 'pos', 'block_number': 42, 'success': False}]"
23105,43000984,146000,239,True,True,42.0,42.0,True,True,True,23103.0,42,b_attack,"[{'system': 'pbs', 'block_number': 42, 'success': True}, {'system': 'pos', 'block_number': 42, 'success': True}]"
23106,0,0,239,True,True,42.0,42.0,False,False,True,23103.0,42,failed,"[{'system': 'pbs', 'block_number': 42, 'success': False}, {'system': 'pos', 'block_number': 42, 'success': False}]"
23103,43000983,146000,237,True,True,42.0,42.0,True,True,True,23101.0,42,b_attack,"[{'system': 'pbs', 'block_number': 42, 'success': True}, {'system': 'pos', 'block_number': 42, 'success': True}]"
23104,0,0,237,True,True,42.0,42.0,False,False,True,23101.0,42,failed,"[{'system': 'pbs', 'block_number': 42, 'success': False}, {'system': 'pos', 'block_number': 42, 'success': False}]"
23101,43000982,146000,234,True,True,42.0,42.0,True,True,True,23099.0,42,b_attack,"[{'system': 'pbs', 'block_number': 42, 'success': True}, {'system': 'pos', 'block_number': 42, 'success': True}]"
23102,0,0,234,True,True,42.0,42.0,False,False,True,23099.0,42,failed,"[{'system': 'pbs', 'block_number': 42, 'success': False}, {'system': 'pos', 'block_number': 42, 'success': False}]"
23099,43000981,146000,239,True,True,42.0,42.0,True,True,True,23097.0,42,b_attack,"[{'system': 'pbs', 'block_number': 42, 'success': True}, {'system': 'pos', 'block_number': 42, 'success': True}]"
23100,0,0,239,True,True,42.0,42.0,False,False,True,23097.0,42,failed,"[{'system': 'pbs', 'block_number': 42, 'success': False}, {'system': 'pos', 'block_number': 42, 'success': False}]"
23097,0,0,231,True,True,42.0,42.0,False,True,True,23095.0,42,failed,"[{'system': 'pbs', 'block_number': 42, 'success': False}, {'system': 'pos', 'block_number': 42, 'success': True}]"
23098,0,0,231,True,True,42.0,42.0,False,False,True,23095.0,42,failed,"[{'system': 'pbs', 'block_number': 42, 'success': False}, {'system': 'pos', 'block_number': 42, 'success': False}]"
23191,43001027,146000,239,True,True,43.0,43.0,True,True,True,23189.0,43,b_attack,"[{'system': 'pbs', 'block_number': 43, 'success': True}, {'system': 'pos', 'block_number': 43, 'success': True}]"
23571,0,0,551,True,False,43.0,,False,False,True,23191.0,43,failed,"[{'system': 'pbs', 'block_number': 43, 'success': False}]"
23192,0,0,239,True,True,43.0,43.0,False,False,True,23189.0,43,failed,"[{'system': 'pbs', 'block_number': 43, 'success': False}, {'system': 'pos', 'block_number': 43, 'success': False}]"
23189,43001026,146000,237,True,True,43.0,43.0,True,True,True,23187.0,43,b_attack,"[{'system': 'pbs', 'block_number': 43, 'success': True}, {'system': 'pos', 'block_number': 43, 'success': True}]"
23190,0,0,237,True,True,43.0,43.0,False,False,True,23187.0,43,failed,"[{'system': 'pbs', 'block_number': 43, 'success': False}, {'system': 'pos', 'block_number': 43, 'success': False}]"
23187,43001025,146000,223,True,True,43.0,43.0,True,True,True,23185.0,43,b_attack,"[{'system': 'pbs', 'block_number': 43, 'success': True}, {'system': 'pos', 'block_number': 43, 'success': True}]"
23188,0,0,223,True,True,43.0,43.0,False,False,True,23185.0,43,failed,"[{'system': 'pbs', 'block_number': 43, 'success': False}, {'system': 'pos', 'block_number': 43, 'success': False}]"
23185,43001024,146000,237,True,True,43.0,43.0,True,True,True,23183.0,43,b_attack,"[{'system': 'pbs', 'block_number': 43, 'success': True}, {'system': 'pos', 'block_number': 43, 'success': True}]"
23186,0,0,237,True,True,43.0,43.0,False,False,True,23183.0,43,failed,"[{'system': 'pbs', 'block_number': 43, 'success': False}, {'system': 'pos', 'block_number': 43, 'success': False}]"
23183,43001023,146000,237,True,True,43.0,43.0,True,True,True,23181.0,43,b_attack,"[{'system': 'pbs', 'block_number': 43, 'success': True}, {'system': 'pos', 'block_number': 43, 'success': True}]"
23184,0,0,237,True,True,43.0,43.0,False,False,True,23181.0,43,failed,"[{'system': 'pbs', 'block_number': 43, 'success': False}, {'system': 'pos', 'block_number': 43, 'success': False}]"
23181,43001022,146000,233,True,True,43.0,43.0,True,True,True,23179.0,43,b_attack,"[{'system': 'pbs', 'block_number': 43, 'success': True}, {'system': 'pos', 'block_number': 43, 'success': True}]"
23182,0,0,233,True,True,43.0,43.0,False,False,True,23179.0,43,failed,"[{'system': 'pbs', 'block_number': 43, 'success': False}, {'system': 'pos', 'block_number': 43, 'success': False}]"
23179,43001021,146000,237,True,True,43.0,43.0,True,True,True,23177.0,43,b_attack,"[{'system': 'pbs', 'block_number': 43, 'success': True}, {'system': 'pos', 'block_number': 43, 'success': True}]"
23180,0,0,237,True,True,43.0,43.0,False,False,True,23177.0,43,failed,"[{'system': 'pbs', 'block_number': 43, 'success': False}, {'system': 'pos', 'block_number': 43, 'success': False}]"
23177,43001020,146000,229,True,True,43.0,43.0,True,True,True,23175.0,43,b_attack,"[{'system': 'pbs', 'block_number': 43, 'success': True}, {'system': 'pos', 'block_number': 43, 'success': True}]"
23178,0,0,229,True,True,43.0,43.0,False,False,True,23175.0,43,failed,"[{'system': 'pbs', 'block_number': 43, 'success': False}, {'system': 'pos', 'block_number': 43, 'success': False}]"
23175,43001019,146000,236,True,True,43.0,43.0,True,True,True,23173.0,43,b_attack,"[{'system': 'pbs', 'block_number': 43, 'success': True}, {'system': 'pos', 'block_number': 43, 'success': True}]"
23176,0,0,236,True,True,43.0,43.0,False,False,True,23173.0,43,failed,"[{'system': 'pbs', 'block_number': 43, 'success': False}, {'system': 'pos', 'block_number': 43, 'success': False}]"
23173,43001018,146000,232,True,True,43.0,43.0,True,True,True,23171.0,43,b_attack,"[{'system': 'pbs', 'block_number': 43, 'success': True}, {'system': 'pos', 'block_number': 43, 'success': True}]"
23174,0,0,232,True,True,43.0,43.0,False,False,True,23171.0,43,failed,"[{'system': 'pbs', 'block_number': 43, 'success': False}, {'system': 'pos', 'block_number': 43, 'success': False}]"
23171,43001017,146000,226,True,True,43.0,43.0,True,True,True,23169.0,43,b_attack,"[{'system': 'pbs', 'block_number': 43, 'success': True}, {'system': 'pos', 'block_number': 43, 'success': True}]"
23172,0,0,226,True,True,43.0,43.0,False,False,True,23169.0,43,failed,"[{'system': 'pbs', 'block_number': 43, 'success': False}, {'system': 'pos', 'block_number': 43, 'success': False}]"
23169,43001016,146000,223,True,True,43.0,43.0,True,True,True,23167.0,43,b_attack,"[{'system': 'pbs', 'block_number': 43, 'success': True}, {'system': 'pos', 'block_number': 43, 'success': True}]"
23170,0,0,223,True,True,43.0,43.0,False,False,True,23167.0,43,failed,"[{'system': 'pbs', 'block_number': 43, 'success': False}, {'system': 'pos', 'block_number': 43, 'success': False}]"
23167,43001015,146000,224,True,True,43.0,43.0,True,True,True,23165.0,43,b_attack,"[{'system': 'pbs', 'block_number': 43, 'success': True}, {'system': 'pos', 'block_number': 43, 'success': True}]"
23168,0,0,224,True,True,43.0,43.0,False,False,True,23165.0,43,failed,"[{'system': 'pbs', 'block_number': 43, 'success': False}, {'system': 'pos', 'block_number': 43, 'success': False}]"
23165,43001014,146000,232,True,True,43.0,43.0,True,True,True,23163.0,43,b_attack,"[{'system': 'pbs', 'block_number': 43, 'success': True}, {'system': 'pos', 'block_number': 43, 'success': True}]"
23166,0,0,232,True,True,43.0,43.0,False,False,True,23163.0,43,failed,"[{'system': 'pbs', 'block_number': 43, 'success': False}, {'system': 'pos', 'block_number': 43, 'success': False}]"
23163,43001013,146000,238,True,True,43.0,43.0,True,True,True,23161.0,43,b_attack,"[{'system': 'pbs', 'block_number': 43, 'success': True}, {'system': 'pos', 'block_number': 43, 'success': True}]"
23164,0,0,238,True,True,43.0,43.0,False,False,True,23161.0,43,failed,"[{'system': 'pbs', 'block_number': 43, 'success': False}, {'system': 'pos', 'block_number': 43, 'success': False}]"
23161,43001012,146000,226,True,True,43.0,43.0,True,True,True,23159.0,43,b_attack,"[{'system': 'pbs', 'block_number': 43, 'success': True}, {'system': 'pos', 'block_number': 43, 'success': True}]"
23162,0,0,226,True,True,43.0,43.0,False,False,True,23159.0,43,failed,"[{'system': 'pbs', 'block_number': 43, 'success': False}, {'system': 'pos', 'block_number': 43, 'success': False}]"
23159,43001011,146000,232,True,True,43.0,43.0,True,True,True,23157.0,43,b_attack,"[{'system': 'pbs', 'block_number': 43, 'success': True}, {'system': 'pos', 'block_number': 43, 'success': True}]"
23160,0,0,232,True,True,43.0,43.0,False,False,True,23157.0,43,failed,"[{'system': 'pbs', 'block_number': 43, 'success': False}, {'system': 'pos', 'block_number': 43, 'success': False}]"
23157,43001010,146000,239,True,True,43.0,43.0,True,True,True,23155.0,43,b_attack,"[{'system': 'pbs', 'block_number': 43, 'success': True}, {'system': 'pos', 'block_number': 43, 'success': True}]"
23158,0,0,239,True,True,43.0,43.0,False,False,True,23155.0,43,failed,"[{'system': 'pbs', 'block_number': 43, 'success': False}, {'system': 'pos', 'block_number': 43, 'success': False}]"
23155,43001009,146000,222,True,True,43.0,43.0,True,True,True,23153.0,43,b_attack,"[{'system': 'pbs', 'block_number': 43, 'success': True}, {'system': 'pos', 'block_number': 43, 'success': True}]"
23156,0,0,222,True,True,43.0,43.0,False,False,True,23153.0,43,failed,"[{'system': 'pbs', 'block_number': 43, 'success': False}, {'system': 'pos', 'block_number': 43, 'success': False}]"
23153,43001008,146000,226,True,True,43.0,43.0,True,True,True,23151.0,43,b_attack,"[{'system': 'pbs', 'block_number': 43, 'success': True}, {'system': 'pos', 'block_number': 43, 'success': True}]"
23154,0,0,226,True,True,43.0,43.0,False,False,True,23151.0,43,failed,"[{'system': 'pbs', 'block_number': 43, 'success': False}, {'system': 'pos', 'block_number': 43, 'success': False}]"
23151,43001007,146000,223,True,True,43.0,43.0,True,True,True,23149.0,43,b_attack,"[{'system': 'pbs', 'block_number': 43, 'success': True}, {'system': 'pos', 'block_number': 43, 'success': True}]"
23152,0,0,223,True,True,43.0,43.0,False,False,True,23149.0,43,failed,"[{'system': 'pbs', 'block_number': 43, 'success': False}, {'system': 'pos', 'block_number': 43, 'success': False}]"
23149,43001006,146000,231,True,True,43.0,43.0,True,True,True,23147.0,43,b_attack,"[{'system': 'pbs', 'block_number': 43, 'success': True}, {'system': 'pos', 'block_number': 43, 'success': True}]"
23150,0,0,231,True,True,43.0,43.0,False,False,True,23147.0,43,failed,"[{'system': 'pbs', 'block_number': 43, 'success': False}, {'system': 'pos', 'block_number': 43, 'success': False}]"
23147,43001005,146000,239,True,True,43.0,43.0,True,True,True,23145.0,43,b_attack,"[{'system': 'pbs', 'block_number': 43, 'success': True}, {'system': 'pos', 'block_number': 43, 'success': True}]"
23148,0,0,239,True,True,43.0,43.0,False,False,True,23145.0,43,failed,"[{'system': 'pbs', 'block_number': 43, 'success': False}, {'system': 'pos', 'block_number': 43, 'success': False}]"
23145,0,0,226,True,True,43.0,43.0,False,True,True,23143.0,43,failed,"[{'system': 'pbs', 'block_number': 43, 'success': False}, {'system': 'pos', 'block_number': 43, 'success': True}]"
23146,0,0,226,True,True,43.0,43.0,False,False,True,23143.0,43,failed,"[{'system': 'pbs', 'block_number': 43, 'success': False}, {'system': 'pos', 'block_number': 43, 'success': False}]"
23239,43001051,146000,235,True,True,44.0,44.0,True,True,True,23237.0,44,b_attack,"[{'system': 'pbs', 'block_number': 44, 'success': True}, {'system': 'pos', 'block_number': 44, 'success': True}]"
23572,0,0,553,True,False,44.0,,False,False,True,23239.0,44,failed,"[{'system': 'pbs', 'block_number': 44, 'success': False}]"
23240,0,0,235,True,True,44.0,44.0,False,False,True,23237.0,44,failed,"[{'system': 'pbs', 'block_number': 44, 'success': False}, {'system': 'pos', 'block_number': 44, 'success': False}]"
23237,43001050,146000,231,True,True,44.0,44.0,True,True,True,23235.0,44,b_attack,"[{'system': 'pbs', 'block_number': 44, 'success': True}, {'system': 'pos', 'block_number': 44, 'success': True}]"
23238,0,0,231,True,True,44.0,44.0,False,False,True,23235.0,44,failed,"[{'system': 'pbs', 'block_number': 44, 'success': False}, {'system': 'pos', 'block_number': 44, 'success': False}]"
23235,43001049,146000,235,True,True,44.0,44.0,True,True,True,23233.0,44,b_attack,"[{'system': 'pbs', 'block_number': 44, 'success': True}, {'system': 'pos', 'block_number': 44, 'success': True}]"
23236,0,0,235,True,True,44.0,44.0,False,False,True,23233.0,44,failed,"[{'system': 'pbs', 'block_number': 44, 'success': False}, {'system': 'pos', 'block_number': 44, 'success': False}]"
23233,43001048,146000,234,True,True,44.0,44.0,True,True,True,23231.0,44,b_attack,"[{'system': 'pbs', 'block_number': 44, 'success': True}, {'system': 'pos', 'block_number': 44, 'success': True}]"
23234,0,0,234,True,True,44.0,44.0,False,False,True,23231.0,44,failed,"[{'system': 'pbs', 'block_number': 44, 'success': False}, {'system': 'pos', 'block_number': 44, 'success': False}]"
23231,43001047,146000,224,True,True,44.0,44.0,True,True,True,23229.0,44,b_attack,"[{'system': 'pbs', 'block_number': 44, 'success': True}, {'system': 'pos', 'block_number': 44, 'success': True}]"
23232,0,0,224,True,True,44.0,44.0,False,False,True,23229.0,44,failed,"[{'system': 'pbs', 'block_number': 44, 'success': False}, {'system': 'pos', 'block_number': 44, 'success': False}]"
23229,43001046,146000,225,True,True,44.0,44.0,True,True,True,23227.0,44,b_attack,"[{'system': 'pbs', 'block_number': 44, 'success': True}, {'system': 'pos', 'block_number': 44, 'success': True}]"
23230,0,0,225,True,True,44.0,44.0,False,False,True,23227.0,44,failed,"[{'system': 'pbs', 'block_number': 44, 'success': False}, {'system': 'pos', 'block_number': 44, 'success': False}]"
23227,43001045,146000,235,True,True,44.0,44.0,True,True,True,23225.0,44,b_attack,"[{'system': 'pbs', 'block_number': 44, 'success': True}, {'system': 'pos', 'block_number': 44, 'success': True}]"
23228,0,0,235,True,True,44.0,44.0,False,False,True,23225.0,44,failed,"[{'system': 'pbs', 'block_number': 44, 'success': False}, {'system': 'pos', 'block_number': 44, 'success': False}]"
23225,43001044,146000,236,True,True,44.0,44.0,True,True,True,23223.0,44,b_attack,"[{'system': 'pbs', 'block_number': 44, 'success': True}, {'system': 'pos', 'block_number': 44, 'success': True}]"
23226,0,0,236,True,True,44.0,44.0,False,False,True,23223.0,44,failed,"[{'system': 'pbs', 'block_number': 44, 'success': False}, {'system': 'pos', 'block_number': 44, 'success': False}]"
23223,43001043,146000,233,True,True,44.0,44.0,True,True,True,23221.0,44,b_attack,"[{'system': 'pbs', 'block_number': 44, 'success': True}, {'system': 'pos', 'block_number': 44, 'success': True}]"
23224,0,0,233,True,True,44.0,44.0,False,False,True,23221.0,44,failed,"[{'system': 'pbs', 'block_number': 44, 'success': False}, {'system': 'pos', 'block_number': 44, 'success': False}]"
23221,43001042,146000,221,True,True,44.0,44.0,True,True,True,23219.0,44,b_attack,"[{'system': 'pbs', 'block_number': 44, 'success': True}, {'system': 'pos', 'block_number': 44, 'success': True}]"
23222,0,0,221,True,True,44.0,44.0,False,False,True,23219.0,44,failed,"[{'system': 'pbs', 'block_number': 44, 'success': False}, {'system': 'pos', 'block_number': 44, 'success': False}]"
23219,43001041,146000,233,True,True,44.0,44.0,True,True,True,23217.0,44,b_attack,"[{'system': 'pbs', 'block_number': 44, 'success': True}, {'system': 'pos', 'block_number': 44, 'success': True}]"
23220,0,0,233,True,True,44.0,44.0,False,False,True,23217.0,44,failed,"[{'system': 'pbs', 'block_number': 44, 'success': False}, {'system': 'pos', 'block_number': 44, 'success': False}]"
23217,43001040,146000,221,True,True,44.0,44.0,True,True,True,23215.0,44,b_attack,"[{'system': 'pbs', 'block_number': 44, 'success': True}, {'system': 'pos', 'block_number': 44, 'success': True}]"
23218,0,0,221,True,True,44.0,44.0,False,False,True,23215.0,44,failed,"[{'system': 'pbs', 'block_number': 44, 'success': False}, {'system': 'pos', 'block_number': 44, 'success': False}]"
23215,43001039,146000,233,True,True,44.0,44.0,True,True,True,23213.0,44,b_attack,"[{'system': 'pbs', 'block_number': 44, 'success': True}, {'system': 'pos', 'block_number': 44, 'success': True}]"
23216,0,0,233,True,True,44.0,44.0,False,False,True,23213.0,44,failed,"[{'system': 'pbs', 'block_number': 44, 'success': False}, {'system': 'pos', 'block_number': 44, 'success': False}]"
23213,43001038,146000,237,True,True,44.0,44.0,True,True,True,23211.0,44,b_attack,"[{'system': 'pbs', 'block_number': 44, 'success': True}, {'system': 'pos', 'block_number': 44, 'success': True}]"
23214,0,0,237,True,True,44.0,44.0,False,False,True,23211.0,44,failed,"[{'system': 'pbs', 'block_number': 44, 'success': False}, {'system': 'pos', 'block_number': 44, 'success': False}]"
23211,43001037,146000,230,True,True,44.0,44.0,True,True,True,23209.0,44,b_attack,"[{'system': 'pbs', 'block_number': 44, 'success': True}, {'system': 'pos', 'block_number': 44, 'success': True}]"
23212,0,0,230,True,True,44.0,44.0,False,False,True,23209.0,44,failed,"[{'system': 'pbs', 'block_number': 44, 'success': False}, {'system': 'pos', 'block_number': 44, 'success': False}]"
23209,43001036,146000,225,True,True,44.0,44.0,True,True,True,23207.0,44,b_attack,"[{'system': 'pbs', 'block_number': 44, 'success': True}, {'system': 'pos', 'block_number': 44, 'success': True}]"
23210,0,0,225,True,True,44.0,44.0,False,False,True,23207.0,44,failed,"[{'system': 'pbs', 'block_number': 44, 'success': False}, {'system': 'pos', 'block_number': 44, 'success': False}]"
23207,43001035,146000,234,True,True,44.0,44.0,True,True,True,23205.0,44,b_attack,"[{'system': 'pbs', 'block_number': 44, 'success': True}, {'system': 'pos', 'block_number': 44, 'success': True}]"
23208,0,0,234,True,True,44.0,44.0,False,False,True,23205.0,44,failed,"[{'system': 'pbs', 'block_number': 44, 'success': False}, {'system': 'pos', 'block_number': 44, 'success': False}]"
23205,43001034,146000,230,True,True,44.0,44.0,True,True,True,23203.0,44,b_attack,"[{'system': 'pbs', 'block_number': 44, 'success': True}, {'system': 'pos', 'block_number': 44, 'success': True}]"
23206,0,0,230,True,True,44.0,44.0,False,False,True,23203.0,44,failed,"[{'system': 'pbs', 'block_number': 44, 'success': False}, {'system': 'pos', 'block_number': 44, 'success': False}]"
23203,43001033,146000,226,True,True,44.0,44.0,True,True,True,23201.0,44,b_attack,"[{'system': 'pbs', 'block_number': 44, 'success': True}, {'system': 'pos', 'block_number': 44, 'success': True}]"
23204,0,0,226,True,True,44.0,44.0,False,False,True,23201.0,44,failed,"[{'system': 'pbs', 'block_number': 44, 'success': False}, {'system': 'pos', 'block_number': 44, 'success': False}]"
23201,43001032,146000,224,True,True,44.0,44.0,True,True,True,23199.0,44,b_attack,"[{'system': 'pbs', 'block_number': 44, 'success': True}, {'system': 'pos', 'block_number': 44, 'success': True}]"
23202,0,0,224,True,True,44.0,44.0,False,False,True,23199.0,44,failed,"[{'system': 'pbs', 'block_number': 44, 'success': False}, {'system': 'pos', 'block_number': 44, 'success': False}]"
23199,43001031,146000,228,True,True,44.0,44.0,True,True,True,23197.0,44,b_attack,"[{'system': 'pbs', 'block_number': 44, 'success': True}, {'system': 'pos', 'block_number': 44, 'success': True}]"
23200,0,0,228,True,True,44.0,44.0,False,False,True,23197.0,44,failed,"[{'system': 'pbs', 'block_number': 44, 'success': False}, {'system': 'pos', 'block_number': 44, 'success': False}]"
23197,43001030,146000,222,True,True,44.0,44.0,True,True,True,23195.0,44,b_attack,"[{'system': 'pbs', 'block_number': 44, 'success': True}, {'system': 'pos', 'block_number': 44, 'success': True}]"
23198,0,0,222,True,True,44.0,44.0,False,False,True,23195.0,44,failed,"[{'system': 'pbs', 'block_number': 44, 'success': False}, {'system': 'pos', 'block_number': 44, 'success': False}]"
23195,43001029,146000,222,True,True,44.0,44.0,True,True,True,23193.0,44,b_attack,"[{'system': 'pbs', 'block_number': 44, 'success': True}, {'system': 'pos', 'block_number': 44, 'success': True}]"
23196,0,0,222,True,True,44.0,44.0,False,False,True,23193.0,44,failed,"[{'system': 'pbs', 'block_number': 44, 'success': False}, {'system': 'pos', 'block_number': 44, 'success': False}]"
23193,0,0,240,True,True,44.0,44.0,False,True,True,23191.0,44,failed,"[{'system': 'pbs', 'block_number': 44, 'success': False}, {'system': 'pos', 'block_number': 44, 'success': True}]"
23194,0,0,240,True,True,44.0,44.0,False,False,True,23191.0,44,failed,"[{'system': 'pbs', 'block_number': 44, 'success': False}, {'system': 'pos', 'block_number': 44, 'success': False}]"
23287,43001075,146000,225,True,True,45.0,45.0,True,True,True,23285.0,45,b_attack,"[{'system': 'pbs', 'block_number': 45, 'success': True}, {'system': 'pos', 'block_number': 45, 'success': True}]"
23573,0,0,554,True,False,45.0,,False,False,True,23287.0,45,failed,"[{'system': 'pbs', 'block_number': 45, 'success': False}]"
23288,0,0,225,True,True,45.0,45.0,False,False,True,23285.0,45,failed,"[{'system': 'pbs', 'block_number': 45, 'success': False}, {'system': 'pos', 'block_number': 45, 'success': False}]"
23285,43001074,146000,239,True,True,45.0,45.0,True,True,True,23283.0,45,b_attack,"[{'system': 'pbs', 'block_number': 45, 'success': True}, {'system': 'pos', 'block_number': 45, 'success': True}]"
23286,0,0,239,True,True,45.0,45.0,False,False,True,23283.0,45,failed,"[{'system': 'pbs', 'block_number': 45, 'success': False}, {'system': 'pos', 'block_number': 45, 'success': False}]"
23283,43001073,146000,236,True,True,45.0,45.0,True,True,True,23281.0,45,b_attack,"[{'system': 'pbs', 'block_number': 45, 'success': True}, {'system': 'pos', 'block_number': 45, 'success': True}]"
23284,0,0,236,True,True,45.0,45.0,False,False,True,23281.0,45,failed,"[{'system': 'pbs', 'block_number': 45, 'success': False}, {'system': 'pos', 'block_number': 45, 'success': False}]"
23281,43001072,146000,231,True,True,45.0,45.0,True,True,True,23279.0,45,b_attack,"[{'system': 'pbs', 'block_number': 45, 'success': True}, {'system': 'pos', 'block_number': 45, 'success': True}]"
23282,0,0,231,True,True,45.0,45.0,False,False,True,23279.0,45,failed,"[{'system': 'pbs', 'block_number': 45, 'success': False}, {'system': 'pos', 'block_number': 45, 'success': False}]"
23279,43001071,146000,240,True,True,45.0,45.0,True,True,True,23277.0,45,b_attack,"[{'system': 'pbs', 'block_number': 45, 'success': True}, {'system': 'pos', 'block_number': 45, 'success': True}]"
23280,0,0,240,True,True,45.0,45.0,False,False,True,23277.0,45,failed,"[{'system': 'pbs', 'block_number': 45, 'success': False}, {'system': 'pos', 'block_number': 45, 'success': False}]"
23277,43001070,146000,232,True,True,45.0,45.0,True,True,True,23275.0,45,b_attack,"[{'system': 'pbs', 'block_number': 45, 'success': True}, {'system': 'pos', 'block_number': 45, 'success': True}]"
23278,0,0,232,True,True,45.0,45.0,False,False,True,23275.0,45,failed,"[{'system': 'pbs', 'block_number': 45, 'success': False}, {'system': 'pos', 'block_number': 45, 'success': False}]"
23275,43001069,146000,222,True,True,45.0,45.0,True,True,True,23273.0,45,b_attack,"[{'system': 'pbs', 'block_number': 45, 'success': True}, {'system': 'pos', 'block_number': 45, 'success': True}]"
23276,0,0,222,True,True,45.0,45.0,False,False,True,23273.0,45,failed,"[{'system': 'pbs', 'block_number': 45, 'success': False}, {'system': 'pos', 'block_number': 45, 'success': False}]"
23273,43001068,146000,229,True,True,45.0,45.0,True,True,True,23271.0,45,b_attack,"[{'system': 'pbs', 'block_number': 45, 'success': True}, {'system': 'pos', 'block_number': 45, 'success': True}]"
23274,0,0,229,True,True,45.0,45.0,False,False,True,23271.0,45,failed,"[{'system': 'pbs', 'block_number': 45, 'success': False}, {'system': 'pos', 'block_number': 45, 'success': False}]"
23271,43001067,146000,221,True,True,45.0,45.0,True,True,True,23269.0,45,b_attack,"[{'system': 'pbs', 'block_number': 45, 'success': True}, {'system': 'pos', 'block_number': 45, 'success': True}]"
23272,0,0,221,True,True,45.0,45.0,False,False,True,23269.0,45,failed,"[{'system': 'pbs', 'block_number': 45, 'success': False}, {'system': 'pos', 'block_number': 45, 'success': False}]"
23269,43001066,146000,227,True,True,45.0,45.0,True,True,True,23267.0,45,b_attack,"[{'system': 'pbs', 'block_number': 45, 'success': True}, {'system': 'pos', 'block_number': 45, 'success': True}]"
23270,0,0,227,True,True,45.0,45.0,False,False,True,23267.0,45,failed,"[{'system': 'pbs', 'block_number': 45, 'success': False}, {'system': 'pos', 'block_number': 45, 'success': False}]"
23267,43001065,146000,228,True,True,45.0,45.0,True,True,True,23265.0,45,b_attack,"[{'system': 'pbs', 'block_number': 45, 'success': True}, {'system': 'pos', 'block_number': 45, 'success': True}]"
23268,0,0,228,True,True,45.0,45.0,False,False,True,23265.0,45,failed,"[{'system': 'pbs', 'block_number': 45, 'success': False}, {'system': 'pos', 'block_number': 45, 'success': False}]"
23265,43001064,146000,231,True,True,45.0,45.0,True,True,True,23263.0,45,b_attack,"[{'system': 'pbs', 'block_number': 45, 'success': True}, {'system': 'pos', 'block_number': 45, 'success': True}]"
23266,0,0,231,True,True,45.0,45.0,False,False,True,23263.0,45,failed,"[{'system': 'pbs', 'block_number': 45, 'success': False}, {'system': 'pos', 'block_number': 45, 'success': False}]"
23263,43001063,146000,222,True,True,45.0,45.0,True,True,True,23261.0,45,b_attack,"[{'system': 'pbs', 'block_number': 45, 'success': True}, {'system': 'pos', 'block_number': 45, 'success': True}]"
23264,0,0,222,True,True,45.0,45.0,False,False,True,23261.0,45,failed,"[{'system': 'pbs', 'block_number': 45, 'success': False}, {'system': 'pos', 'block_number': 45, 'success': False}]"
23261,43001062,146000,234,True,True,45.0,45.0,True,True,True,23259.0,45,b_attack,"[{'system': 'pbs', 'block_number': 45, 'success': True}, {'system': 'pos', 'block_number': 45, 'success': True}]"
23262,0,0,234,True,True,45.0,45.0,False,False,True,23259.0,45,failed,"[{'system': 'pbs', 'block_number': 45, 'success': False}, {'system': 'pos', 'block_number': 45, 'success': False}]"
23259,43001061,146000,224,True,True,45.0,45.0,True,True,True,23257.0,45,b_attack,"[{'system': 'pbs', 'block_number': 45, 'success': True}, {'system': 'pos', 'block_number': 45, 'success': True}]"
23260,0,0,224,True,True,45.0,45.0,False,False,True,23257.0,45,failed,"[{'system': 'pbs', 'block_number': 45, 'success': False}, {'system': 'pos', 'block_number': 45, 'success': False}]"
23257,43001060,146000,223,True,True,45.0,45.0,True,True,True,23255.0,45,b_attack,"[{'system': 'pbs', 'block_number': 45, 'success': True}, {'system': 'pos', 'block_number': 45, 'success': True}]"
23258,0,0,223,True,True,45.0,45.0,False,False,True,23255.0,45,failed,"[{'system': 'pbs', 'block_number': 45, 'success': False}, {'system': 'pos', 'block_number': 45, 'success': False}]"
23255,43001059,146000,224,True,True,45.0,45.0,True,True,True,23253.0,45,b_attack,"[{'system': 'pbs', 'block_number': 45, 'success': True}, {'system': 'pos', 'block_number': 45, 'success': True}]"
23256,0,0,224,True,True,45.0,45.0,False,False,True,23253.0,45,failed,"[{'system': 'pbs', 'block_number': 45, 'success': False}, {'system': 'pos', 'block_number': 45, 'success': False}]"
23253,43001058,146000,223,True,True,45.0,45.0,True,True,True,23251.0,45,b_attack,"[{'system': 'pbs', 'block_number': 45, 'success': True}, {'system': 'pos', 'block_number': 45, 'success': True}]"
23254,0,0,223,True,True,45.0,45.0,False,False,True,23251.0,45,failed,"[{'system': 'pbs', 'block_number': 45, 'success': False}, {'system': 'pos', 'block_number': 45, 'success': False}]"
23251,43001057,146000,239,True,True,45.0,45.0,True,True,True,23249.0,45,b_attack,"[{'system': 'pbs', 'block_number': 45, 'success': True}, {'system': 'pos', 'block_number': 45, 'success': True}]"
23252,0,0,239,True,True,45.0,45.0,False,False,True,23249.0,45,failed,"[{'system': 'pbs', 'block_number': 45, 'success': False}, {'system': 'pos', 'block_number': 45, 'success': False}]"
23249,43001056,146000,221,True,True,45.0,45.0,True,True,True,23247.0,45,b_attack,"[{'system': 'pbs', 'block_number': 45, 'success': True}, {'system': 'pos', 'block_number': 45, 'success': True}]"
23250,0,0,221,True,True,45.0,45.0,False,False,True,23247.0,45,failed,"[{'system': 'pbs', 'block_number': 45, 'success': False}, {'system': 'pos', 'block_number': 45, 'success': False}]"
23247,43001055,146000,236,True,True,45.0,45.0,True,True,True,23245.0,45,b_attack,"[{'system': 'pbs', 'block_number': 45, 'success': True}, {'system': 'pos', 'block_number': 45, 'success': True}]"
23248,0,0,236,True,True,45.0,45.0,False,False,True,23245.0,45,failed,"[{'system': 'pbs', 'block_number': 45, 'success': False}, {'system': 'pos', 'block_number': 45, 'success': False}]"
23245,43001054,146000,229,True,True,45.0,45.0,True,True,True,23243.0,45,b_attack,"[{'system': 'pbs', 'block_number': 45, 'success': True}, {'system': 'pos', 'block_number': 45, 'success': True}]"
23246,0,0,229,True,True,45.0,45.0,False,False,True,23243.0,45,failed,"[{'system': 'pbs', 'block_number': 45, 'success': False}, {'system': 'pos', 'block_number': 45, 'success': False}]"
23243,43001053,146000,230,True,True,45.0,45.0,True,True,True,23241.0,45,b_attack,"[{'system': 'pbs', 'block_number': 45, 'success': True}, {'system': 'pos', 'block_number': 45, 'success': True}]"
23244,0,0,230,True,True,45.0,45.0,False,False,True,23241.0,45,failed,"[{'system': 'pbs', 'block_number': 45, 'success': False}, {'system': 'pos', 'block_number': 45, 'success': False}]"
23241,0,0,230,True,True,45.0,45.0,False,False,True,23239.0,45,failed,"[{'system': 'pbs', 'block_number': 45, 'success': False}, {'system': 'pos', 'block_number': 45, 'success': False}]"
23242,0,0,230,True,True,45.0,45.0,False,False,True,23239.0,45,failed,"[{'system': 'pbs', 'block_number': 45, 'success': False}, {'system': 'pos', 'block_number': 45, 'success': False}]"
23335,43001099,146000,231,True,True,46.0,46.0,True,True,True,23333.0,46,b_attack,"[{'system': 'pbs', 'block_number': 46, 'success': True}, {'system': 'pos', 'block_number': 46, 'success': True}]"
23574,0,0,559,True,False,46.0,,False,False,True,23335.0,46,failed,"[{'system': 'pbs', 'block_number': 46, 'success': False}]"
23336,0,0,231,True,True,46.0,46.0,False,False,True,23333.0,46,failed,"[{'system': 'pbs', 'block_number': 46, 'success': False}, {'system': 'pos', 'block_number': 46, 'success': False}]"
23333,43001098,146000,221,True,True,46.0,46.0,True,True,True,23331.0,46,b_attack,"[{'system': 'pbs', 'block_number': 46, 'success': True}, {'system': 'pos', 'block_number': 46, 'success': True}]"
23334,0,0,221,True,True,46.0,46.0,False,False,True,23331.0,46,failed,"[{'system': 'pbs', 'block_number': 46, 'success': False}, {'system': 'pos', 'block_number': 46, 'success': False}]"
23331,43001097,146000,233,True,True,46.0,46.0,True,True,True,23329.0,46,b_attack,"[{'system': 'pbs', 'block_number': 46, 'success': True}, {'system': 'pos', 'block_number': 46, 'success': True}]"
23332,0,0,233,True,True,46.0,46.0,False,False,True,23329.0,46,failed,"[{'system': 'pbs', 'block_number': 46, 'success': False}, {'system': 'pos', 'block_number': 46, 'success': False}]"
23329,43001096,146000,226,True,True,46.0,46.0,True,True,True,23327.0,46,b_attack,"[{'system': 'pbs', 'block_number': 46, 'success': True}, {'system': 'pos', 'block_number': 46, 'success': True}]"
23330,0,0,226,True,True,46.0,46.0,False,False,True,23327.0,46,failed,"[{'system': 'pbs', 'block_number': 46, 'success': False}, {'system': 'pos', 'block_number': 46, 'success': False}]"
23327,43001095,146000,234,True,True,46.0,46.0,True,True,True,23325.0,46,b_attack,"[{'system': 'pbs', 'block_number': 46, 'success': True}, {'system': 'pos', 'block_number': 46, 'success': True}]"
23328,0,0,234,True,True,46.0,46.0,False,False,True,23325.0,46,failed,"[{'system': 'pbs', 'block_number': 46, 'success': False}, {'system': 'pos', 'block_number': 46, 'success': False}]"
23325,43001094,146000,240,True,True,46.0,46.0,True,True,True,23323.0,46,b_attack,"[{'system': 'pbs', 'block_number': 46, 'success': True}, {'system': 'pos', 'block_number': 46, 'success': True}]"
23326,0,0,240,True,True,46.0,46.0,False,False,True,23323.0,46,failed,"[{'system': 'pbs', 'block_number': 46, 'success': False}, {'system': 'pos', 'block_number': 46, 'success': False}]"
23323,43001093,146000,228,True,True,46.0,46.0,True,True,True,23321.0,46,b_attack,"[{'system': 'pbs', 'block_number': 46, 'success': True}, {'system': 'pos', 'block_number': 46, 'success': True}]"
23324,0,0,228,True,True,46.0,46.0,False,False,True,23321.0,46,failed,"[{'system': 'pbs', 'block_number': 46, 'success': False}, {'system': 'pos', 'block_number': 46, 'success': False}]"
23321,43001092,146000,238,True,True,46.0,46.0,True,True,True,23319.0,46,b_attack,"[{'system': 'pbs', 'block_number': 46, 'success': True}, {'system': 'pos', 'block_number': 46, 'success': True}]"
23322,0,0,238,True,True,46.0,46.0,False,False,True,23319.0,46,failed,"[{'system': 'pbs', 'block_number': 46, 'success': False}, {'system': 'pos', 'block_number': 46, 'success': False}]"
23319,43001091,146000,239,True,True,46.0,46.0,True,True,True,23317.0,46,b_attack,"[{'system': 'pbs', 'block_number': 46, 'success': True}, {'system': 'pos', 'block_number': 46, 'success': True}]"
23320,0,0,239,True,True,46.0,46.0,False,False,True,23317.0,46,failed,"[{'system': 'pbs', 'block_number': 46, 'success': False}, {'system': 'pos', 'block_number': 46, 'success': False}]"
23317,43001090,146000,232,True,True,46.0,46.0,True,True,True,23315.0,46,b_attack,"[{'system': 'pbs', 'block_number': 46, 'success': True}, {'system': 'pos', 'block_number': 46, 'success': True}]"
23318,0,0,232,True,True,46.0,46.0,False,False,True,23315.0,46,failed,"[{'system': 'pbs', 'block_number': 46, 'success': False}, {'system': 'pos', 'block_number': 46, 'success': False}]"
23315,43001089,146000,224,True,True,46.0,46.0,True,True,True,23313.0,46,b_attack,"[{'system': 'pbs', 'block_number': 46, 'success': True}, {'system': 'pos', 'block_number': 46, 'success': True}]"
23316,0,0,224,True,True,46.0,46.0,False,False,True,23313.0,46,failed,"[{'system': 'pbs', 'block_number': 46, 'success': False}, {'system': 'pos', 'block_number': 46, 'success': False}]"
23313,43001088,146000,226,True,True,46.0,46.0,True,True,True,23311.0,46,b_attack,"[{'system': 'pbs', 'block_number': 46, 'success': True}, {'system': 'pos', 'block_number': 46, 'success': True}]"
23314,0,0,226,True,True,46.0,46.0,False,False,True,23311.0,46,failed,"[{'system': 'pbs', 'block_number': 46, 'success': False}, {'system': 'pos', 'block_number': 46, 'success': False}]"
23311,43001087,146000,226,True,True,46.0,46.0,True,True,True,23309.0,46,b_attack,"[{'system': 'pbs', 'block_number': 46, 'success': True}, {'system': 'pos', 'block_number': 46, 'success': True}]"
23312,0,0,226,True,True,46.0,46.0,False,False,True,23309.0,46,failed,"[{'system': 'pbs', 'block_number': 46, 'success': False}, {'system': 'pos', 'block_number': 46, 'success': False}]"
23309,43001086,146000,221,True,True,46.0,46.0,True,True,True,23307.0,46,b_attack,"[{'system': 'pbs', 'block_number': 46, 'success': True}, {'system': 'pos', 'block_number': 46, 'success': True}]"
23310,0,0,221,True,True,46.0,46.0,False,False,True,23307.0,46,failed,"[{'system': 'pbs', 'block_number': 46, 'success': False}, {'system': 'pos', 'block_number': 46, 'success': False}]"
23307,43001085,146000,228,True,True,46.0,46.0,True,True,True,23305.0,46,b_attack,"[{'system': 'pbs', 'block_number': 46, 'success': True}, {'system': 'pos', 'block_number': 46, 'success': True}]"
23308,0,0,228,True,True,46.0,46.0,False,False,True,23305.0,46,failed,"[{'system': 'pbs', 'block_number': 46, 'success': False}, {'system': 'pos', 'block_number': 46, 'success': False}]"
23305,43001084,146000,240,True,True,46.0,46.0,True,True,True,23303.0,46,b_attack,"[{'system': 'pbs', 'block_number': 46, 'success': True}, {'system': 'pos', 'block_number': 46, 'success': True}]"
23306,0,0,240,True,True,46.0,46.0,False,False,True,23303.0,46,failed,"[{'system': 'pbs', 'block_number': 46, 'success': False}, {'system': 'pos', 'block_number': 46, 'success': False}]"
23303,43001083,146000,227,True,True,46.0,46.0,True,True,True,23301.0,46,b_attack,"[{'system': 'pbs', 'block_number': 46, 'success': True}, {'system': 'pos', 'block_number': 46, 'success': True}]"
23304,0,0,227,True,True,46.0,46.0,False,False,True,23301.0,46,failed,"[{'system': 'pbs', 'block_number': 46, 'success': False}, {'system': 'pos', 'block_number': 46, 'success': False}]"
23301,43001082,146000,235,True,True,46.0,46.0,True,True,True,23299.0,46,b_attack,"[{'system': 'pbs', 'block_number': 46, 'success': True}, {'system': 'pos', 'block_number': 46, 'success': True}]"
23302,0,0,235,True,True,46.0,46.0,False,False,True,23299.0,46,failed,"[{'system': 'pbs', 'block_number': 46, 'success': False}, {'system': 'pos', 'block_number': 46, 'success': False}]"
23299,43001081,146000,230,True,True,46.0,46.0,True,True,True,23297.0,46,b_attack,"[{'system': 'pbs', 'block_number': 46, 'success': True}, {'system': 'pos', 'block_number': 46, 'success': True}]"
23300,0,0,230,True,True,46.0,46.0,False,False,True,23297.0,46,failed,"[{'system': 'pbs', 'block_number': 46, 'success': False}, {'system': 'pos', 'block_number': 46, 'success': False}]"
23297,43001080,146000,234,True,True,46.0,46.0,True,True,True,23295.0,46,b_attack,"[{'system': 'pbs', 'block_number': 46, 'success': True}, {'system': 'pos', 'block_number': 46, 'success': True}]"
23298,0,0,234,True,True,46.0,46.0,False,False,True,23295.0,46,failed,"[{'system': 'pbs', 'block_number': 46, 'success': False}, {'system': 'pos', 'block_number': 46, 'success': False}]"
23295,43001079,146000,239,True,True,46.0,46.0,True,True,True,23293.0,46,b_attack,"[{'system': 'pbs', 'block_number': 46, 'success': True}, {'system': 'pos', 'block_number': 46, 'success': True}]"
23296,0,0,239,True,True,46.0,46.0,False,False,True,23293.0,46,failed,"[{'system': 'pbs', 'block_number': 46, 'success': False}, {'system': 'pos', 'block_number': 46, 'success': False}]"
23293,43001078,146000,227,True,True,46.0,46.0,True,True,True,23291.0,46,b_attack,"[{'system': 'pbs', 'block_number': 46, 'success': True}, {'system': 'pos', 'block_number': 46, 'success': True}]"
23294,0,0,227,True,True,46.0,46.0,False,False,True,23291.0,46,failed,"[{'system': 'pbs', 'block_number': 46, 'success': False}, {'system': 'pos', 'block_number': 46, 'success': False}]"
23291,43001077,146000,222,True,True,46.0,46.0,True,True,True,23289.0,46,b_attack,"[{'system': 'pbs', 'block_number': 46, 'success': True}, {'system': 'pos', 'block_number': 46, 'success': True}]"
23292,0,0,222,True,True,46.0,46.0,False,False,True,23289.0,46,failed,"[{'system': 'pbs', 'block_number': 46, 'success': False}, {'system': 'pos', 'block_number': 46, 'success': False}]"
23289,0,0,226,True,True,46.0,46.0,False,True,True,23287.0,46,failed,"[{'system': 'pbs', 'block_number': 46, 'success': False}, {'system': 'pos', 'block_number': 46, 'success': True}]"
23290,0,0,226,True,True,46.0,46.0,False,False,True,23287.0,46,failed,"[{'system': 'pbs', 'block_number': 46, 'success': False}, {'system': 'pos', 'block_number': 46, 'success': False}]"
23383,43001123,146000,229,True,True,47.0,47.0,True,True,True,23381.0,47,b_attack,"[{'system': 'pbs', 'block_number': 47, 'success': True}, {'system': 'pos', 'block_number': 47, 'success': True}]"
23575,0,0,554,True,False,47.0,,False,False,True,23383.0,47,failed,"[{'system': 'pbs', 'block_number': 47, 'success': False}]"
23384,0,0,229,True,True,47.0,47.0,False,False,True,23381.0,47,failed,"[{'system': 'pbs', 'block_number': 47, 'success': False}, {'system': 'pos', 'block_number': 47, 'success': False}]"
23381,43001122,146000,233,True,True,47.0,47.0,True,True,True,23379.0,47,b_attack,"[{'system': 'pbs', 'block_number': 47, 'success': True}, {'system': 'pos', 'block_number': 47, 'success': True}]"
23382,0,0,233,True,True,47.0,47.0,False,False,True,23379.0,47,failed,"[{'system': 'pbs', 'block_number': 47, 'success': False}, {'system': 'pos', 'block_number': 47, 'success': False}]"
23379,43001121,146000,235,True,True,47.0,47.0,True,True,True,23377.0,47,b_attack,"[{'system': 'pbs', 'block_number': 47, 'success': True}, {'system': 'pos', 'block_number': 47, 'success': True}]"
23380,0,0,235,True,True,47.0,47.0,False,False,True,23377.0,47,failed,"[{'system': 'pbs', 'block_number': 47, 'success': False}, {'system': 'pos', 'block_number': 47, 'success': False}]"
23377,43001120,146000,226,True,True,47.0,47.0,True,True,True,23375.0,47,b_attack,"[{'system': 'pbs', 'block_number': 47, 'success': True}, {'system': 'pos', 'block_number': 47, 'success': True}]"
23378,0,0,226,True,True,47.0,47.0,False,False,True,23375.0,47,failed,"[{'system': 'pbs', 'block_number': 47, 'success': False}, {'system': 'pos', 'block_number': 47, 'success': False}]"
23375,43001119,146000,232,True,True,47.0,47.0,True,True,True,23373.0,47,b_attack,"[{'system': 'pbs', 'block_number': 47, 'success': True}, {'system': 'pos', 'block_number': 47, 'success': True}]"
23376,0,0,232,True,True,47.0,47.0,False,False,True,23373.0,47,failed,"[{'system': 'pbs', 'block_number': 47, 'success': False}, {'system': 'pos', 'block_number': 47, 'success': False}]"
23373,43001118,146000,235,True,True,47.0,47.0,True,True,True,23371.0,47,b_attack,"[{'system': 'pbs', 'block_number': 47, 'success': True}, {'system': 'pos', 'block_number': 47, 'success': True}]"
23374,0,0,235,True,True,47.0,47.0,False,False,True,23371.0,47,failed,"[{'system': 'pbs', 'block_number': 47, 'success': False}, {'system': 'pos', 'block_number': 47, 'success': False}]"
23371,43001117,146000,230,True,True,47.0,47.0,True,True,True,23369.0,47,b_attack,"[{'system': 'pbs', 'block_number': 47, 'success': True}, {'system': 'pos', 'block_number': 47, 'success': True}]"
23372,0,0,230,True,True,47.0,47.0,False,False,True,23369.0,47,failed,"[{'system': 'pbs', 'block_number': 47, 'success': False}, {'system': 'pos', 'block_number': 47, 'success': False}]"
23369,43001116,146000,240,True,True,47.0,47.0,True,True,True,23367.0,47,b_attack,"[{'system': 'pbs', 'block_number': 47, 'success': True}, {'system': 'pos', 'block_number': 47, 'success': True}]"
23370,0,0,240,True,True,47.0,47.0,False,False,True,23367.0,47,failed,"[{'system': 'pbs', 'block_number': 47, 'success': False}, {'system': 'pos', 'block_number': 47, 'success': False}]"
23367,43001115,146000,228,True,True,47.0,47.0,True,True,True,23365.0,47,b_attack,"[{'system': 'pbs', 'block_number': 47, 'success': True}, {'system': 'pos', 'block_number': 47, 'success': True}]"
23368,0,0,228,True,True,47.0,47.0,False,False,True,23365.0,47,failed,"[{'system': 'pbs', 'block_number': 47, 'success': False}, {'system': 'pos', 'block_number': 47, 'success': False}]"
23365,43001114,146000,234,True,True,47.0,47.0,True,True,True,23363.0,47,b_attack,"[{'system': 'pbs', 'block_number': 47, 'success': True}, {'system': 'pos', 'block_number': 47, 'success': True}]"
23366,0,0,234,True,True,47.0,47.0,False,False,True,23363.0,47,failed,"[{'system': 'pbs', 'block_number': 47, 'success': False}, {'system': 'pos', 'block_number': 47, 'success': False}]"
23363,43001113,146000,230,True,True,47.0,47.0,True,True,True,23361.0,47,b_attack,"[{'system': 'pbs', 'block_number': 47, 'success': True}, {'system': 'pos', 'block_number': 47, 'success': True}]"
23364,0,0,230,True,True,47.0,47.0,False,False,True,23361.0,47,failed,"[{'system': 'pbs', 'block_number': 47, 'success': False}, {'system': 'pos', 'block_number': 47, 'success': False}]"
23361,43001112,146000,238,True,True,47.0,47.0,True,True,True,23359.0,47,b_attack,"[{'system': 'pbs', 'block_number': 47, 'success': True}, {'system': 'pos', 'block_number': 47, 'success': True}]"
23362,0,0,238,True,True,47.0,47.0,False,False,True,23359.0,47,failed,"[{'system': 'pbs', 'block_number': 47, 'success': False}, {'system': 'pos', 'block_number': 47, 'success': False}]"
23359,43001111,146000,233,True,True,47.0,47.0,True,True,True,23357.0,47,b_attack,"[{'system': 'pbs', 'block_number': 47, 'success': True}, {'system': 'pos', 'block_number': 47, 'success': True}]"
23360,0,0,233,True,True,47.0,47.0,False,False,True,23357.0,47,failed,"[{'system': 'pbs', 'block_number': 47, 'success': False}, {'system': 'pos', 'block_number': 47, 'success': False}]"
23357,43001110,146000,234,True,True,47.0,47.0,True,True,True,23355.0,47,b_attack,"[{'system': 'pbs', 'block_number': 47, 'success': True}, {'system': 'pos', 'block_number': 47, 'success': True}]"
23358,0,0,234,True,True,47.0,47.0,False,False,True,23355.0,47,failed,"[{'system': 'pbs', 'block_number': 47, 'success': False}, {'system': 'pos', 'block_number': 47, 'success': False}]"
23355,43001109,146000,224,True,True,47.0,47.0,True,True,True,23353.0,47,b_attack,"[{'system': 'pbs', 'block_number': 47, 'success': True}, {'system': 'pos', 'block_number': 47, 'success': True}]"
23356,0,0,224,True,True,47.0,47.0,False,False,True,23353.0,47,failed,"[{'system': 'pbs', 'block_number': 47, 'success': False}, {'system': 'pos', 'block_number': 47, 'success': False}]"
23353,43001108,146000,222,True,True,47.0,47.0,True,True,True,23351.0,47,b_attack,"[{'system': 'pbs', 'block_number': 47, 'success': True}, {'system': 'pos', 'block_number': 47, 'success': True}]"
23354,0,0,222,True,True,47.0,47.0,False,False,True,23351.0,47,failed,"[{'system': 'pbs', 'block_number': 47, 'success': False}, {'system': 'pos', 'block_number': 47, 'success': False}]"
23351,43001107,146000,228,True,True,47.0,47.0,True,True,True,23349.0,47,b_attack,"[{'system': 'pbs', 'block_number': 47, 'success': True}, {'system': 'pos', 'block_number': 47, 'success': True}]"
23352,0,0,228,True,True,47.0,47.0,False,False,True,23349.0,47,failed,"[{'system': 'pbs', 'block_number': 47, 'success': False}, {'system': 'pos', 'block_number': 47, 'success': False}]"
23349,43001106,146000,221,True,True,47.0,47.0,True,True,True,23347.0,47,b_attack,"[{'system': 'pbs', 'block_number': 47, 'success': True}, {'system': 'pos', 'block_number': 47, 'success': True}]"
23350,0,0,221,True,True,47.0,47.0,False,False,True,23347.0,47,failed,"[{'system': 'pbs', 'block_number': 47, 'success': False}, {'system': 'pos', 'block_number': 47, 'success': False}]"
23347,43001105,146000,229,True,True,47.0,47.0,True,True,True,23345.0,47,b_attack,"[{'system': 'pbs', 'block_number': 47, 'success': True}, {'system': 'pos', 'block_number': 47, 'success': True}]"
23348,0,0,229,True,True,47.0,47.0,False,False,True,23345.0,47,failed,"[{'system': 'pbs', 'block_number': 47, 'success': False}, {'system': 'pos', 'block_number': 47, 'success': False}]"
23345,43001104,146000,235,True,True,47.0,47.0,True,True,True,23343.0,47,b_attack,"[{'system': 'pbs', 'block_number': 47, 'success': True}, {'system': 'pos', 'block_number': 47, 'success': True}]"
23346,0,0,235,True,True,47.0,47.0,False,False,True,23343.0,47,failed,"[{'system': 'pbs', 'block_number': 47, 'success': False}, {'system': 'pos', 'block_number': 47, 'success': False}]"
23343,43001103,146000,232,True,True,47.0,47.0,True,True,True,23341.0,47,b_attack,"[{'system': 'pbs', 'block_number': 47, 'success': True}, {'system': 'pos', 'block_number': 47, 'success': True}]"
23344,0,0,232,True,True,47.0,47.0,False,False,True,23341.0,47,failed,"[{'system': 'pbs', 'block_number': 47, 'success': False}, {'system': 'pos', 'block_number': 47, 'success': False}]"
23341,43001102,146000,238,True,True,47.0,47.0,True,True,True,23339.0,47,b_attack,"[{'system': 'pbs', 'block_number': 47, 'success': True}, {'system': 'pos', 'block_number': 47, 'success': True}]"
23342,0,0,238,True,True,47.0,47.0,False,False,True,23339.0,47,failed,"[{'system': 'pbs', 'block_number': 47, 'success': False}, {'system': 'pos', 'block_number': 47, 'success': False}]"
23339,43001101,146000,223,True,True,47.0,47.0,True,True,True,23337.0,47,b_attack,"[{'system': 'pbs', 'block_number': 47, 'success': True}, {'system': 'pos', 'block_number': 47, 'success': True}]"
23340,0,0,223,True,True,47.0,47.0,False,False,True,23337.0,47,failed,"[{'system': 'pbs', 'block_number': 47, 'success': False}, {'system': 'pos', 'block_number': 47, 'success': False}]"
23337,0,0,240,True,True,47.0,47.0,False,True,True,23335.0,47,failed,"[{'system': 'pbs', 'block_number': 47, 'success': False}, {'system': 'pos', 'block_number': 47, 'success': True}]"
23338,0,0,240,True,True,47.0,47.0,False,False,True,23335.0,47,failed,"[{'system': 'pbs', 'block_number': 47, 'success': False}, {'system': 'pos', 'block_number': 47, 'success': False}]"
23431,43001147,146000,227,True,True,48.0,48.0,True,True,True,23429.0,48,b_attack,"[{'system': 'pbs', 'block_number': 48, 'success': True}, {'system': 'pos', 'block_number': 48, 'success': True}]"
23576,0,0,557,True,False,48.0,,False,False,True,23431.0,48,failed,"[{'system': 'pbs', 'block_number': 48, 'success': False}]"
23432,0,0,227,True,True,48.0,48.0,False,False,True,23429.0,48,failed,"[{'system': 'pbs', 'block_number': 48, 'success': False}, {'system': 'pos', 'block_number': 48, 'success': False}]"
23429,43001146,146000,229,True,True,48.0,48.0,True,True,True,23427.0,48,b_attack,"[{'system': 'pbs', 'block_number': 48, 'success': True}, {'system': 'pos', 'block_number': 48, 'success': True}]"
23430,0,0,229,True,True,48.0,48.0,False,False,True,23427.0,48,failed,"[{'system': 'pbs', 'block_number': 48, 'success': False}, {'system': 'pos', 'block_number': 48, 'success': False}]"
23427,43001145,146000,239,True,True,48.0,48.0,True,True,True,23425.0,48,b_attack,"[{'system': 'pbs', 'block_number': 48, 'success': True}, {'system': 'pos', 'block_number': 48, 'success': True}]"
23428,0,0,239,True,True,48.0,48.0,False,False,True,23425.0,48,failed,"[{'system': 'pbs', 'block_number': 48, 'success': False}, {'system': 'pos', 'block_number': 48, 'success': False}]"
23425,43001144,146000,223,True,True,48.0,48.0,True,True,True,23423.0,48,b_attack,"[{'system': 'pbs', 'block_number': 48, 'success': True}, {'system': 'pos', 'block_number': 48, 'success': True}]"
23426,0,0,223,True,True,48.0,48.0,False,False,True,23423.0,48,failed,"[{'system': 'pbs', 'block_number': 48, 'success': False}, {'system': 'pos', 'block_number': 48, 'success': False}]"
23423,43001143,146000,232,True,True,48.0,48.0,True,True,True,23421.0,48,b_attack,"[{'system': 'pbs', 'block_number': 48, 'success': True}, {'system': 'pos', 'block_number': 48, 'success': True}]"
23424,0,0,232,True,True,48.0,48.0,False,False,True,23421.0,48,failed,"[{'system': 'pbs', 'block_number': 48, 'success': False}, {'system': 'pos', 'block_number': 48, 'success': False}]"
23421,43001142,146000,234,True,True,48.0,48.0,True,True,True,23419.0,48,b_attack,"[{'system': 'pbs', 'block_number': 48, 'success': True}, {'system': 'pos', 'block_number': 48, 'success': True}]"
23422,0,0,234,True,True,48.0,48.0,False,False,True,23419.0,48,failed,"[{'system': 'pbs', 'block_number': 48, 'success': False}, {'system': 'pos', 'block_number': 48, 'success': False}]"
23419,43001141,146000,239,True,True,48.0,48.0,True,True,True,23417.0,48,b_attack,"[{'system': 'pbs', 'block_number': 48, 'success': True}, {'system': 'pos', 'block_number': 48, 'success': True}]"
23420,0,0,239,True,True,48.0,48.0,False,False,True,23417.0,48,failed,"[{'system': 'pbs', 'block_number': 48, 'success': False}, {'system': 'pos', 'block_number': 48, 'success': False}]"
23417,43001140,146000,238,True,True,48.0,48.0,True,True,True,23415.0,48,b_attack,"[{'system': 'pbs', 'block_number': 48, 'success': True}, {'system': 'pos', 'block_number': 48, 'success': True}]"
23418,0,0,238,True,True,48.0,48.0,False,False,True,23415.0,48,failed,"[{'system': 'pbs', 'block_number': 48, 'success': False}, {'system': 'pos', 'block_number': 48, 'success': False}]"
23415,43001139,146000,239,True,True,48.0,48.0,True,True,True,23413.0,48,b_attack,"[{'system': 'pbs', 'block_number': 48, 'success': True}, {'system': 'pos', 'block_number': 48, 'success': True}]"
23416,0,0,239,True,True,48.0,48.0,False,False,True,23413.0,48,failed,"[{'system': 'pbs', 'block_number': 48, 'success': False}, {'system': 'pos', 'block_number': 48, 'success': False}]"
23413,43001138,146000,237,True,True,48.0,48.0,True,True,True,23411.0,48,b_attack,"[{'system': 'pbs', 'block_number': 48, 'success': True}, {'system': 'pos', 'block_number': 48, 'success': True}]"
23414,0,0,237,True,True,48.0,48.0,False,False,True,23411.0,48,failed,"[{'system': 'pbs', 'block_number': 48, 'success': False}, {'system': 'pos', 'block_number': 48, 'success': False}]"
23411,43001137,146000,221,True,True,48.0,48.0,True,True,True,23409.0,48,b_attack,"[{'system': 'pbs', 'block_number': 48, 'success': True}, {'system': 'pos', 'block_number': 48, 'success': True}]"
23412,0,0,221,True,True,48.0,48.0,False,False,True,23409.0,48,failed,"[{'system': 'pbs', 'block_number': 48, 'success': False}, {'system': 'pos', 'block_number': 48, 'success': False}]"
23409,43001136,146000,238,True,True,48.0,48.0,True,True,True,23407.0,48,b_attack,"[{'system': 'pbs', 'block_number': 48, 'success': True}, {'system': 'pos', 'block_number': 48, 'success': True}]"
23410,0,0,238,True,True,48.0,48.0,False,False,True,23407.0,48,failed,"[{'system': 'pbs', 'block_number': 48, 'success': False}, {'system': 'pos', 'block_number': 48, 'success': False}]"
23407,43001135,146000,237,True,True,48.0,48.0,True,True,True,23405.0,48,b_attack,"[{'system': 'pbs', 'block_number': 48, 'success': True}, {'system': 'pos', 'block_number': 48, 'success': True}]"
23408,0,0,237,True,True,48.0,48.0,False,False,True,23405.0,48,failed,"[{'system': 'pbs', 'block_number': 48, 'success': False}, {'system': 'pos', 'block_number': 48, 'success': False}]"
23405,43001134,146000,226,True,True,48.0,48.0,True,True,True,23403.0,48,b_attack,"[{'system': 'pbs', 'block_number': 48, 'success': True}, {'system': 'pos', 'block_number': 48, 'success': True}]"
23406,0,0,226,True,True,48.0,48.0,False,False,True,23403.0,48,failed,"[{'system': 'pbs', 'block_number': 48, 'success': False}, {'system': 'pos', 'block_number': 48, 'success': False}]"
23403,43001133,146000,223,True,True,48.0,48.0,True,True,True,23401.0,48,b_attack,"[{'system': 'pbs', 'block_number': 48, 'success': True}, {'system': 'pos', 'block_number': 48, 'success': True}]"
23404,0,0,223,True,True,48.0,48.0,False,False,True,23401.0,48,failed,"[{'system': 'pbs', 'block_number': 48, 'success': False}, {'system': 'pos', 'block_number': 48, 'success': False}]"
23401,43001132,146000,235,True,True,48.0,48.0,True,True,True,23399.0,48,b_attack,"[{'system': 'pbs', 'block_number': 48, 'success': True}, {'system': 'pos', 'block_number': 48, 'success': True}]"
23402,0,0,235,True,True,48.0,48.0,False,False,True,23399.0,48,failed,"[{'system': 'pbs', 'block_number': 48, 'success': False}, {'system': 'pos', 'block_number': 48, 'success': False}]"
23399,43001131,146000,234,True,True,48.0,48.0,True,True,True,23397.0,48,b_attack,"[{'system': 'pbs', 'block_number': 48, 'success': True}, {'system': 'pos', 'block_number': 48, 'success': True}]"
23400,0,0,234,True,True,48.0,48.0,False,False,True,23397.0,48,failed,"[{'system': 'pbs', 'block_number': 48, 'success': False}, {'system': 'pos', 'block_number': 48, 'success': False}]"
23397,43001130,146000,227,True,True,48.0,48.0,True,True,True,23395.0,48,b_attack,"[{'system': 'pbs', 'block_number': 48, 'success': True}, {'system': 'pos', 'block_number': 48, 'success': True}]"
23398,0,0,227,True,True,48.0,48.0,False,False,True,23395.0,48,failed,"[{'system': 'pbs', 'block_number': 48, 'success': False}, {'system': 'pos', 'block_number': 48, 'success': False}]"
23395,43001129,146000,230,True,True,48.0,48.0,True,True,True,23393.0,48,b_attack,"[{'system': 'pbs', 'block_number': 48, 'success': True}, {'system': 'pos', 'block_number': 48, 'success': True}]"
23396,0,0,230,True,True,48.0,48.0,False,False,True,23393.0,48,failed,"[{'system': 'pbs', 'block_number': 48, 'success': False}, {'system': 'pos', 'block_number': 48, 'success': False}]"
23393,43001128,146000,231,True,True,48.0,48.0,True,True,True,23391.0,48,b_attack,"[{'system': 'pbs', 'block_number': 48, 'success': True}, {'system': 'pos', 'block_number': 48, 'success': True}]"
23394,0,0,231,True,True,48.0,48.0,False,False,True,23391.0,48,failed,"[{'system': 'pbs', 'block_number': 48, 'success': False}, {'system': 'pos', 'block_number': 48, 'success': False}]"
23391,43001127,146000,228,True,True,48.0,48.0,True,True,True,23389.0,48,b_attack,"[{'system': 'pbs', 'block_number': 48, 'success': True}, {'system': 'pos', 'block_number': 48, 'success': True}]"
23392,0,0,228,True,True,48.0,48.0,False,False,True,23389.0,48,failed,"[{'system': 'pbs', 'block_number': 48, 'success': False}, {'system': 'pos', 'block_number': 48, 'success': False}]"
23389,43001126,146000,229,True,True,48.0,48.0,True,True,True,23387.0,48,b_attack,"[{'system': 'pbs', 'block_number': 48, 'success': True}, {'system': 'pos', 'block_number': 48, 'success': True}]"
23390,0,0,229,True,True,48.0,48.0,False,False,True,23387.0,48,failed,"[{'system': 'pbs', 'block_number': 48, 'success': False}, {'system': 'pos', 'block_number': 48, 'success': False}]"
23387,43001125,146000,227,True,True,48.0,48.0,True,True,True,23385.0,48,b_attack,"[{'system': 'pbs', 'block_number': 48, 'success': True}, {'system': 'pos', 'block_number': 48, 'success': True}]"
23388,0,0,227,True,True,48.0,48.0,False,False,True,23385.0,48,failed,"[{'system': 'pbs', 'block_number': 48, 'success': False}, {'system': 'pos', 'block_number': 48, 'success': False}]"
23385,0,0,222,True,True,48.0,48.0,False,True,True,23383.0,48,failed,"[{'system': 'pbs', 'block_number': 48, 'success': False}, {'system': 'pos', 'block_number': 48, 'success': True}]"
23386,0,0,222,True,True,48.0,48.0,False,False,True,23383.0,48,failed,"[{'system': 'pbs', 'block_number': 48, 'success': False}, {'system': 'pos', 'block_number': 48, 'success': False}]"
23479,43001171,146000,236,True,True,49.0,49.0,True,True,True,23477.0,49,b_attack,"[{'system': 'pbs', 'block_number': 49, 'success': True}, {'system': 'pos', 'block_number': 49, 'success': True}]"
23577,0,0,553,True,False,49.0,,False,False,True,23479.0,49,failed,"[{'system': 'pbs', 'block_number': 49, 'success': False}]"
23480,0,0,236,True,True,49.0,49.0,False,False,True,23477.0,49,failed,"[{'system': 'pbs', 'block_number': 49, 'success': False}, {'system': 'pos', 'block_number': 49, 'success': False}]"
23477,43001170,146000,230,True,True,49.0,49.0,True,True,True,23475.0,49,b_attack,"[{'system': 'pbs', 'block_number': 49, 'success': True}, {'system': 'pos', 'block_number': 49, 'success': True}]"
23478,0,0,230,True,True,49.0,49.0,False,False,True,23475.0,49,failed,"[{'system': 'pbs', 'block_number': 49, 'success': False}, {'system': 'pos', 'block_number': 49, 'success': False}]"
23475,43001169,146000,233,True,True,49.0,49.0,True,True,True,23473.0,49,b_attack,"[{'system': 'pbs', 'block_number': 49, 'success': True}, {'system': 'pos', 'block_number': 49, 'success': True}]"
23476,0,0,233,True,True,49.0,49.0,False,False,True,23473.0,49,failed,"[{'system': 'pbs', 'block_number': 49, 'success': False}, {'system': 'pos', 'block_number': 49, 'success': False}]"
23473,43001168,146000,237,True,True,49.0,49.0,True,True,True,23471.0,49,b_attack,"[{'system': 'pbs', 'block_number': 49, 'success': True}, {'system': 'pos', 'block_number': 49, 'success': True}]"
23474,0,0,237,True,True,49.0,49.0,False,False,True,23471.0,49,failed,"[{'system': 'pbs', 'block_number': 49, 'success': False}, {'system': 'pos', 'block_number': 49, 'success': False}]"
23471,43001167,146000,223,True,True,49.0,49.0,True,True,True,23469.0,49,b_attack,"[{'system': 'pbs', 'block_number': 49, 'success': True}, {'system': 'pos', 'block_number': 49, 'success': True}]"
23472,0,0,223,True,True,49.0,49.0,False,False,True,23469.0,49,failed,"[{'system': 'pbs', 'block_number': 49, 'success': False}, {'system': 'pos', 'block_number': 49, 'success': False}]"
23469,43001166,146000,227,True,True,49.0,49.0,True,True,True,23467.0,49,b_attack,"[{'system': 'pbs', 'block_number': 49, 'success': True}, {'system': 'pos', 'block_number': 49, 'success': True}]"
23470,0,0,227,True,True,49.0,49.0,False,False,True,23467.0,49,failed,"[{'system': 'pbs', 'block_number': 49, 'success': False}, {'system': 'pos', 'block_number': 49, 'success': False}]"
23467,43001165,146000,236,True,True,49.0,49.0,True,True,True,23465.0,49,b_attack,"[{'system': 'pbs', 'block_number': 49, 'success': True}, {'system': 'pos', 'block_number': 49, 'success': True}]"
23468,0,0,236,True,True,49.0,49.0,False,False,True,23465.0,49,failed,"[{'system': 'pbs', 'block_number': 49, 'success': False}, {'system': 'pos', 'block_number': 49, 'success': False}]"
23465,43001164,146000,228,True,True,49.0,49.0,True,True,True,23463.0,49,b_attack,"[{'system': 'pbs', 'block_number': 49, 'success': True}, {'system': 'pos', 'block_number': 49, 'success': True}]"
23466,0,0,228,True,True,49.0,49.0,False,False,True,23463.0,49,failed,"[{'system': 'pbs', 'block_number': 49, 'success': False}, {'system': 'pos', 'block_number': 49, 'success': False}]"
23463,43001163,146000,226,True,True,49.0,49.0,True,True,True,23461.0,49,b_attack,"[{'system': 'pbs', 'block_number': 49, 'success': True}, {'system': 'pos', 'block_number': 49, 'success': True}]"
23464,0,0,226,True,True,49.0,49.0,False,False,True,23461.0,49,failed,"[{'system': 'pbs', 'block_number': 49, 'success': False}, {'system': 'pos', 'block_number': 49, 'success': False}]"
23461,43001162,146000,227,True,True,49.0,49.0,True,True,True,23459.0,49,b_attack,"[{'system': 'pbs', 'block_number': 49, 'success': True}, {'system': 'pos', 'block_number': 49, 'success': True}]"
23462,0,0,227,True,True,49.0,49.0,False,False,True,23459.0,49,failed,"[{'system': 'pbs', 'block_number': 49, 'success': False}, {'system': 'pos', 'block_number': 49, 'success': False}]"
23459,43001161,146000,232,True,True,49.0,49.0,True,True,True,23457.0,49,b_attack,"[{'system': 'pbs', 'block_number': 49, 'success': True}, {'system': 'pos', 'block_number': 49, 'success': True}]"
23460,0,0,232,True,True,49.0,49.0,False,False,True,23457.0,49,failed,"[{'system': 'pbs', 'block_number': 49, 'success': False}, {'system': 'pos', 'block_number': 49, 'success': False}]"
23457,43001160,146000,224,True,True,49.0,49.0,True,True,True,23455.0,49,b_attack,"[{'system': 'pbs', 'block_number': 49, 'success': True}, {'system': 'pos', 'block_number': 49, 'success': True}]"
23458,0,0,224,True,True,49.0,49.0,False,False,True,23455.0,49,failed,"[{'system': 'pbs', 'block_number': 49, 'success': False}, {'system': 'pos', 'block_number': 49, 'success': False}]"
23455,43001159,146000,234,True,True,49.0,49.0,True,True,True,23453.0,49,b_attack,"[{'system': 'pbs', 'block_number': 49, 'success': True}, {'system': 'pos', 'block_number': 49, 'success': True}]"
23456,0,0,234,True,True,49.0,49.0,False,False,True,23453.0,49,failed,"[{'system': 'pbs', 'block_number': 49, 'success': False}, {'system': 'pos', 'block_number': 49, 'success': False}]"
23453,43001158,146000,232,True,True,49.0,49.0,True,True,True,23451.0,49,b_attack,"[{'system': 'pbs', 'block_number': 49, 'success': True}, {'system': 'pos', 'block_number': 49, 'success': True}]"
23454,0,0,232,True,True,49.0,49.0,False,False,True,23451.0,49,failed,"[{'system': 'pbs', 'block_number': 49, 'success': False}, {'system': 'pos', 'block_number': 49, 'success': False}]"
23451,43001157,146000,240,True,True,49.0,49.0,True,True,True,23449.0,49,b_attack,"[{'system': 'pbs', 'block_number': 49, 'success': True}, {'system': 'pos', 'block_number': 49, 'success': True}]"
23452,0,0,240,True,True,49.0,49.0,False,False,True,23449.0,49,failed,"[{'system': 'pbs', 'block_number': 49, 'success': False}, {'system': 'pos', 'block_number': 49, 'success': False}]"
23449,43001156,146000,225,True,True,49.0,49.0,True,True,True,23447.0,49,b_attack,"[{'system': 'pbs', 'block_number': 49, 'success': True}, {'system': 'pos', 'block_number': 49, 'success': True}]"
23450,0,0,225,True,True,49.0,49.0,False,False,True,23447.0,49,failed,"[{'system': 'pbs', 'block_number': 49, 'success': False}, {'system': 'pos', 'block_number': 49, 'success': False}]"
23447,43001155,146000,232,True,True,49.0,49.0,True,True,True,23445.0,49,b_attack,"[{'system': 'pbs', 'block_number': 49, 'success': True}, {'system': 'pos', 'block_number': 49, 'success': True}]"
23448,0,0,232,True,True,49.0,49.0,False,False,True,23445.0,49,failed,"[{'system': 'pbs', 'block_number': 49, 'success': False}, {'system': 'pos', 'block_number': 49, 'success': False}]"
23445,43001154,146000,237,True,True,49.0,49.0,True,True,True,23443.0,49,b_attack,"[{'system': 'pbs', 'block_number': 49, 'success': True}, {'system': 'pos', 'block_number': 49, 'success': True}]"
23446,0,0,237,True,True,49.0,49.0,False,False,True,23443.0,49,failed,"[{'system': 'pbs', 'block_number': 49, 'success': False}, {'system': 'pos', 'block_number': 49, 'success': False}]"
23443,43001153,146000,222,True,True,49.0,49.0,True,True,True,23441.0,49,b_attack,"[{'system': 'pbs', 'block_number': 49, 'success': True}, {'system': 'pos', 'block_number': 49, 'success': True}]"
23444,0,0,222,True,True,49.0,49.0,False,False,True,23441.0,49,failed,"[{'system': 'pbs', 'block_number': 49, 'success': False}, {'system': 'pos', 'block_number': 49, 'success': False}]"
23441,43001152,146000,229,True,True,49.0,49.0,True,True,True,23439.0,49,b_attack,"[{'system': 'pbs', 'block_number': 49, 'success': True}, {'system': 'pos', 'block_number': 49, 'success': True}]"
23442,0,0,229,True,True,49.0,49.0,False,False,True,23439.0,49,failed,"[{'system': 'pbs', 'block_number': 49, 'success': False}, {'system': 'pos', 'block_number': 49, 'success': False}]"
23439,43001151,146000,233,True,True,49.0,49.0,True,True,True,23437.0,49,b_attack,"[{'system': 'pbs', 'block_number': 49, 'success': True}, {'system': 'pos', 'block_number': 49, 'success': True}]"
23440,0,0,233,True,True,49.0,49.0,False,False,True,23437.0,49,failed,"[{'system': 'pbs', 'block_number': 49, 'success': False}, {'system': 'pos', 'block_number': 49, 'success': False}]"
23437,43001150,146000,232,True,True,49.0,49.0,True,True,True,23435.0,49,b_attack,"[{'system': 'pbs', 'block_number': 49, 'success': True}, {'system': 'pos', 'block_number': 49, 'success': True}]"
23438,0,0,232,True,True,49.0,49.0,False,False,True,23435.0,49,failed,"[{'system': 'pbs', 'block_number': 49, 'success': False}, {'system': 'pos', 'block_number': 49, 'success': False}]"
23435,43001149,146000,231,True,True,49.0,49.0,True,True,True,23433.0,49,b_attack,"[{'system': 'pbs', 'block_number': 49, 'success': True}, {'system': 'pos', 'block_number': 49, 'success': True}]"
23436,0,0,231,True,True,49.0,49.0,False,False,True,23433.0,49,failed,"[{'system': 'pbs', 'block_number': 49, 'success': False}, {'system': 'pos', 'block_number': 49, 'success': False}]"
23433,0,0,236,True,True,49.0,49.0,False,True,True,23431.0,49,failed,"[{'system': 'pbs', 'block_number': 49, 'success': False}, {'system': 'pos', 'block_number': 49, 'success': True}]"
23434,0,0,236,True,True,49.0,49.0,False,False,True,23431.0,49,failed,"[{'system': 'pbs', 'block_number': 49, 'success': False}, {'system': 'pos', 'block_number': 49, 'success': False}]"
23527,43001195,146000,239,True,True,50.0,50.0,True,True,True,23525.0,50,b_attack,"[{'system': 'pbs', 'block_number': 50, 'success': True}, {'system': 'pos', 'block_number': 50, 'success': True}]"
23578,0,0,559,True,False,50.0,,False,False,True,23527.0,50,failed,"[{'system': 'pbs', 'block_number': 50, 'success': False}]"
23528,0,0,239,True,True,50.0,50.0,False,False,True,23525.0,50,failed,"[{'system': 'pbs', 'block_number': 50, 'success': False}, {'system': 'pos', 'block_number': 50, 'success': False}]"
23525,43001194,146000,227,True,True,50.0,50.0,True,True,True,23523.0,50,b_attack,"[{'system': 'pbs', 'block_number': 50, 'success': True}, {'system': 'pos', 'block_number': 50, 'success': True}]"
23526,0,0,227,True,True,50.0,50.0,False,False,True,23523.0,50,failed,"[{'system': 'pbs', 'block_number': 50, 'success': False}, {'system': 'pos', 'block_number': 50, 'success': False}]"
23523,43001193,146000,228,True,True,50.0,50.0,True,True,True,23521.0,50,b_attack,"[{'system': 'pbs', 'block_number': 50, 'success': True}, {'system': 'pos', 'block_number': 50, 'success': True}]"
23524,0,0,228,True,True,50.0,50.0,False,False,True,23521.0,50,failed,"[{'system': 'pbs', 'block_number': 50, 'success': False}, {'system': 'pos', 'block_number': 50, 'success': False}]"
23521,43001192,146000,231,True,True,50.0,50.0,True,True,True,23519.0,50,b_attack,"[{'system': 'pbs', 'block_number': 50, 'success': True}, {'system': 'pos', 'block_number': 50, 'success': True}]"
23522,0,0,231,True,True,50.0,50.0,False,False,True,23519.0,50,failed,"[{'system': 'pbs', 'block_number': 50, 'success': False}, {'system': 'pos', 'block_number': 50, 'success': False}]"
23519,43001191,146000,222,True,True,50.0,50.0,True,True,True,23517.0,50,b_attack,"[{'system': 'pbs', 'block_number': 50, 'success': True}, {'system': 'pos', 'block_number': 50, 'success': True}]"
23520,0,0,222,True,True,50.0,50.0,False,False,True,23517.0,50,failed,"[{'system': 'pbs', 'block_number': 50, 'success': False}, {'system': 'pos', 'block_number': 50, 'success': False}]"
23517,43001190,146000,237,True,True,50.0,50.0,True,True,True,23515.0,50,b_attack,"[{'system': 'pbs', 'block_number': 50, 'success': True}, {'system': 'pos', 'block_number': 50, 'success': True}]"
23518,0,0,237,True,True,50.0,50.0,False,False,True,23515.0,50,failed,"[{'system': 'pbs', 'block_number': 50, 'success': False}, {'system': 'pos', 'block_number': 50, 'success': False}]"
23515,43001189,146000,230,True,True,50.0,50.0,True,True,True,23513.0,50,b_attack,"[{'system': 'pbs', 'block_number': 50, 'success': True}, {'system': 'pos', 'block_number': 50, 'success': True}]"
23516,0,0,230,True,True,50.0,50.0,False,False,True,23513.0,50,failed,"[{'system': 'pbs', 'block_number': 50, 'success': False}, {'system': 'pos', 'block_number': 50, 'success': False}]"
23513,43001188,146000,234,True,True,50.0,50.0,True,True,True,23511.0,50,b_attack,"[{'system': 'pbs', 'block_number': 50, 'success': True}, {'system': 'pos', 'block_number': 50, 'success': True}]"
23514,0,0,234,True,True,50.0,50.0,False,False,True,23511.0,50,failed,"[{'system': 'pbs', 'block_number': 50, 'success': False}, {'system': 'pos', 'block_number': 50, 'success': False}]"
23511,43001187,146000,229,True,True,50.0,50.0,True,True,True,23509.0,50,b_attack,"[{'system': 'pbs', 'block_number': 50, 'success': True}, {'system': 'pos', 'block_number': 50, 'success': True}]"
23512,0,0,229,True,True,50.0,50.0,False,False,True,23509.0,50,failed,"[{'system': 'pbs', 'block_number': 50, 'success': False}, {'system': 'pos', 'block_number': 50, 'success': False}]"
23509,43001186,146000,228,True,True,50.0,50.0,True,True,True,23507.0,50,b_attack,"[{'system': 'pbs', 'block_number': 50, 'success': True}, {'system': 'pos', 'block_number': 50, 'success': True}]"
23510,0,0,228,True,True,50.0,50.0,False,False,True,23507.0,50,failed,"[{'system': 'pbs', 'block_number': 50, 'success': False}, {'system': 'pos', 'block_number': 50, 'success': False}]"
23507,43001185,146000,225,True,True,50.0,50.0,True,True,True,23505.0,50,b_attack,"[{'system': 'pbs', 'block_number': 50, 'success': True}, {'system': 'pos', 'block_number': 50, 'success': True}]"
23508,0,0,225,True,True,50.0,50.0,False,False,True,23505.0,50,failed,"[{'system': 'pbs', 'block_number': 50, 'success': False}, {'system': 'pos', 'block_number': 50, 'success': False}]"
23505,43001184,146000,221,True,True,50.0,50.0,True,True,True,23503.0,50,b_attack,"[{'system': 'pbs', 'block_number': 50, 'success': True}, {'system': 'pos', 'block_number': 50, 'success': True}]"
23506,0,0,221,True,True,50.0,50.0,False,False,True,23503.0,50,failed,"[{'system': 'pbs', 'block_number': 50, 'success': False}, {'system': 'pos', 'block_number': 50, 'success': False}]"
23503,43001183,146000,237,True,True,50.0,50.0,True,True,True,23501.0,50,b_attack,"[{'system': 'pbs', 'block_number': 50, 'success': True}, {'system': 'pos', 'block_number': 50, 'success': True}]"
23504,0,0,237,True,True,50.0,50.0,False,False,True,23501.0,50,failed,"[{'system': 'pbs', 'block_number': 50, 'success': False}, {'system': 'pos', 'block_number': 50, 'success': False}]"
23501,43001182,146000,236,True,True,50.0,50.0,True,True,True,23499.0,50,b_attack,"[{'system': 'pbs', 'block_number': 50, 'success': True}, {'system': 'pos', 'block_number': 50, 'success': True}]"
23502,0,0,236,True,True,50.0,50.0,False,False,True,23499.0,50,failed,"[{'system': 'pbs', 'block_number': 50, 'success': False}, {'system': 'pos', 'block_number': 50, 'success': False}]"
23499,43001181,146000,236,True,True,50.0,50.0,True,True,True,23497.0,50,b_attack,"[{'system': 'pbs', 'block_number': 50, 'success': True}, {'system': 'pos', 'block_number': 50, 'success': True}]"
23500,0,0,236,True,True,50.0,50.0,False,False,True,23497.0,50,failed,"[{'system': 'pbs', 'block_number': 50, 'success': False}, {'system': 'pos', 'block_number': 50, 'success': False}]"
23497,43001180,146000,233,True,True,50.0,50.0,True,True,True,23495.0,50,b_attack,"[{'system': 'pbs', 'block_number': 50, 'success': True}, {'system': 'pos', 'block_number': 50, 'success': True}]"
23498,0,0,233,True,True,50.0,50.0,False,False,True,23495.0,50,failed,"[{'system': 'pbs', 'block_number': 50, 'success': False}, {'system': 'pos', 'block_number': 50, 'success': False}]"
23495,43001179,146000,230,True,True,50.0,50.0,True,True,True,23493.0,50,b_attack,"[{'system': 'pbs', 'block_number': 50, 'success': True}, {'system': 'pos', 'block_number': 50, 'success': True}]"
23496,0,0,230,True,True,50.0,50.0,False,False,True,23493.0,50,failed,"[{'system': 'pbs', 'block_number': 50, 'success': False}, {'system': 'pos', 'block_number': 50, 'success': False}]"
23493,43001178,146000,225,True,True,50.0,50.0,True,True,True,23491.0,50,b_attack,"[{'system': 'pbs', 'block_number': 50, 'success': True}, {'system': 'pos', 'block_number': 50, 'success': True}]"
23494,0,0,225,True,True,50.0,50.0,False,False,True,23491.0,50,failed,"[{'system': 'pbs', 'block_number': 50, 'success': False}, {'system': 'pos', 'block_number': 50, 'success': False}]"
23491,43001177,146000,221,True,True,50.0,50.0,True,True,True,23489.0,50,b_attack,"[{'system': 'pbs', 'block_number': 50, 'success': True}, {'system': 'pos', 'block_number': 50, 'success': True}]"
23492,0,0,221,True,True,50.0,50.0,False,False,True,23489.0,50,failed,"[{'system': 'pbs', 'block_number': 50, 'success': False}, {'system': 'pos', 'block_number': 50, 'success': False}]"
23489,43001176,146000,235,True,True,50.0,50.0,True,True,True,23487.0,50,b_attack,"[{'system': 'pbs', 'block_number': 50, 'success': True}, {'system': 'pos', 'block_number': 50, 'success': True}]"
23490,0,0,235,True,True,50.0,50.0,False,False,True,23487.0,50,failed,"[{'system': 'pbs', 'block_number': 50, 'success': False}, {'system': 'pos', 'block_number': 50, 'success': False}]"
23487,43001175,146000,224,True,True,50.0,50.0,True,True,True,23485.0,50,b_attack,"[{'system': 'pbs', 'block_number': 50, 'success': True}, {'system': 'pos', 'block_number': 50, 'success': True}]"
23488,0,0,224,True,True,50.0,50.0,False,False,True,23485.0,50,failed,"[{'system': 'pbs', 'block_number': 50, 'success': False}, {'system': 'pos', 'block_number': 50, 'success': False}]"
23485,43001174,146000,226,True,True,50.0,50.0,True,True,True,23483.0,50,b_attack,"[{'system': 'pbs', 'block_number': 50, 'success': True}, {'system': 'pos', 'block_number': 50, 'success': True}]"
23486,0,0,226,True,True,50.0,50.0,False,False,True,23483.0,50,failed,"[{'system': 'pbs', 'block_number': 50, 'success': False}, {'system': 'pos', 'block_number': 50, 'success': False}]"
23483,43001173,146000,233,True,True,50.0,50.0,True,True,True,23481.0,50,b_attack,"[{'system': 'pbs', 'block_number': 50, 'success': True}, {'system': 'pos', 'block_number': 50, 'success': True}]"
23484,0,0,233,True,True,50.0,50.0,False,False,True,23481.0,50,failed,"[{'system': 'pbs', 'block_number': 50, 'success': False}, {'system': 'pos', 'block_number': 50, 'success': False}]"
23481,0,0,222,True,True,50.0,50.0,False,True,True,23479.0,50,failed,"[{'system': 'pbs', 'block_number': 50, 'success': False}, {'system': 'pos', 'block_number': 50, 'success': True}]"
23482,0,0,222,True,True,50.0,50.0,False,False,True,23479.0,50,failed,"[{'system': 'pbs', 'block_number': 50, 'success': False}, {'system': 'pos', 'block_number': 50, 'success': False}]"
21175,43000019,146000,225,True,True,1.0,1.0,True,True,True,21173.0,1,b_attack,"[{'system': 'pbs', 'block_number': 1, 'success': True}, {'system': 'pos', 'block_number': 1, 'success': True}]"
21173,43000018,146000,238,True,True,1.0,1.0,True,True,True,21171.0,1,b_attack,"[{'system': 'pbs', 'block_number': 1, 'success': True}, {'system': 'pos', 'block_number': 1, 'success': True}]"
21171,43000017,146000,233,True,True,1.0,1.0,True,True,True,21169.0,1,b_attack,"[{'system': 'pbs', 'block_number': 1, 'success': True}, {'system': 'pos', 'block_number': 1, 'success': True}]"
21169,43000016,146000,240,True,True,1.0,1.0,True,True,True,21167.0,1,b_attack,"[{'system': 'pbs', 'block_number': 1, 'success': True}, {'system': 'pos', 'block_number': 1, 'success': True}]"
21167,43000015,146000,225,True,True,1.0,1.0,True,True,True,21165.0,1,b_attack,"[{'system': 'pbs', 'block_number': 1, 'success': True}, {'system': 'pos', 'block_number': 1, 'success': True}]"
21165,43000014,146000,240,True,True,1.0,1.0,True,True,True,21163.0,1,b_attack,"[{'system': 'pbs', 'block_number': 1, 'success': True}, {'system': 'pos', 'block_number': 1, 'success': True}]"
21163,43000013,146000,232,True,True,1.0,1.0,True,True,True,21161.0,1,b_attack,"[{'system': 'pbs', 'block_number': 1, 'success': True}, {'system': 'pos', 'block_number': 1, 'success': True}]"
21161,43000012,146000,240,True,True,1.0,1.0,True,True,True,21159.0,1,b_attack,"[{'system': 'pbs', 'block_number': 1, 'success': True}, {'system': 'pos', 'block_number': 1, 'success': True}]"
21159,43000011,146000,229,True,True,1.0,1.0,True,True,True,21157.0,1,b_attack,"[{'system': 'pbs', 'block_number': 1, 'success': True}, {'system': 'pos', 'block_number': 1, 'success': True}]"
21157,43000010,146000,222,True,True,1.0,1.0,True,True,True,21155.0,1,b_attack,"[{'system': 'pbs', 'block_number': 1, 'success': True}, {'system': 'pos', 'block_number': 1, 'success': True}]"
21155,43000009,146000,230,True,True,1.0,1.0,True,True,True,21153.0,1,b_attack,"[{'system': 'pbs', 'block_number': 1, 'success': True}, {'system': 'pos', 'block_number': 1, 'success': True}]"
21153,43000008,146000,230,True,True,1.0,1.0,True,True,True,21151.0,1,b_attack,"[{'system': 'pbs', 'block_number': 1, 'success': True}, {'system': 'pos', 'block_number': 1, 'success': True}]"
21151,43000007,146000,228,True,True,1.0,1.0,True,True,True,21149.0,1,b_attack,"[{'system': 'pbs', 'block_number': 1, 'success': True}, {'system': 'pos', 'block_number': 1, 'success': True}]"
21149,43000006,146000,236,True,True,1.0,1.0,True,True,True,21147.0,1,b_attack,"[{'system': 'pbs', 'block_number': 1, 'success': True}, {'system': 'pos', 'block_number': 1, 'success': True}]"
21147,43000005,146000,236,True,True,1.0,1.0,True,True,True,21145.0,1,b_attack,"[{'system': 'pbs', 'block_number': 1, 'success': True}, {'system': 'pos', 'block_number': 1, 'success': True}]"
21145,43000004,146000,230,True,True,1.0,1.0,True,True,True,21143.0,1,b_attack,"[{'system': 'pbs', 'block_number': 1, 'success': True}, {'system': 'pos', 'block_number': 1, 'success': True}]"
21143,43000003,146000,226,True,True,1.0,1.0,True,True,True,21141.0,1,b_attack,"[{'system': 'pbs', 'block_number': 1, 'success': True}, {'system': 'pos', 'block_number': 1, 'success': True}]"
21141,43000002,146000,234,True,True,1.0,1.0,True,True,True,21139.0,1,b_attack,"[{'system': 'pbs', 'block_number': 1, 'success': True}, {'system': 'pos', 'block_number': 1, 'success': True}]"
21139,43000001,146000,222,True,True,1.0,1.0,True,True,True,21137.0,1,b_attack,"[{'system': 'pbs', 'block_number': 1, 'success': True}, {'system': 'pos', 'block_number': 1, 'success': True}]"
21137,43000000,146000,233,True,True,1.0,1.0,True,True,True,21136.0,1,b_attack,"[{'system': 'pbs', 'block_number': 1, 'success': True}, {'system': 'pos', 'block_number': 1, 'success': True}]"
21136,30000000,146000,224,True,True,1.0,1.0,True,True,True,21133.0,1,b_attack,"[{'system': 'pbs', 'block_number': 1, 'success': True}, {'system': 'pos', 'block_number': 1, 'success': True}]"
21133,5000000,146000,236,True,True,1.0,1.0,True,True,True,21132.0,1,b_attack,"[{'system': 'pbs', 'block_number': 1, 'success': True}, {'system': 'pos', 'block_number': 1, 'success': True}]"
21132,630000,146000,240,True,True,1.0,1.0,True,True,True,21130.0,1,b_attack,"[{'system': 'pbs', 'block_number': 1, 'success': True}, {'system': 'pos', 'block_number': 1, 'success': True}]"
21129,470000,0,231,True,True,1.0,1.0,True,True,False,,1,normal,"[{'system': 'pbs', 'block_number': 1, 'success': True}, {'system': 'pos', 'block_number': 1, 'success': True}]"
21130,120000,146000,231,True,True,1.0,1.0,True,True,False,,1,normal,"[{'system': 'pbs', 'block_number': 1, 'success': True}, {'system': 'pos', 'block_number': 1, 'success': True}]"
21131,0,0,240,True,True,1.0,1.0,False,False,True,21130.0,1,failed,"[{'system': 'pbs', 'block_number': 1, 'success': False}, {'system': 'pos', 'block_number': 1, 'success': False}]"
21134,0,0,236,True,True,1.0,1.0,False,False,True,21132.0,1,failed,"[{'system': 'pbs', 'block_number': 1, 'success': False}, {'system': 'pos', 'block_number': 1, 'success': False}]"
21135,0,0,224,True,True,1.0,1.0,False,False,True,21133.0,1,failed,"[{'system': 'pbs', 'block_number': 1, 'success': False}, {'system': 'pos', 'block_number': 1, 'success': False}]"
21138,0,0,233,True,True,1.0,1.0,False,False,True,21136.0,1,failed,"[{'system': 'pbs', 'block_number': 1, 'success': False}, {'system': 'pos', 'block_number': 1, 'success': False}]"
21140,0,0,222,True,True,1.0,1.0,False,False,True,21137.0,1,failed,"[{'system': 'pbs', 'block_number': 1, 'success': False}, {'system': 'pos', 'block_number': 1, 'success': False}]"
21142,0,0,234,True,True,1.0,1.0,False,False,True,21139.0,1,failed,"[{'system': 'pbs', 'block_number': 1, 'success': False}, {'system': 'pos', 'block_number': 1, 'success': False}]"
21144,0,0,226,True,True,1.0,1.0,False,False,True,21141.0,1,failed,"[{'system': 'pbs', 'block_number': 1, 'success': False}, {'system': 'pos', 'block_number': 1, 'success': False}]"
21146,0,0,230,True,True,1.0,1.0,False,False,True,21143.0,1,failed,"[{'system': 'pbs', 'block_number': 1, 'success': False}, {'system': 'pos', 'block_number': 1, 'success': False}]"
21148,0,0,236,True,True,1.0,1.0,False,False,True,21145.0,1,failed,"[{'system': 'pbs', 'block_number': 1, 'success': False}, {'system': 'pos', 'block_number': 1, 'success': False}]"
21150,0,0,236,True,True,1.0,1.0,False,False,True,21147.0,1,failed,"[{'system': 'pbs', 'block_number': 1, 'success': False}, {'system': 'pos', 'block_number': 1, 'success': False}]"
21152,0,0,228,True,True,1.0,1.0,False,False,True,21149.0,1,failed,"[{'system': 'pbs', 'block_number': 1, 'success': False}, {'system': 'pos', 'block_number': 1, 'success': False}]"
21154,0,0,230,True,True,1.0,1.0,False,False,True,21151.0,1,failed,"[{'system': 'pbs', 'block_number': 1, 'success': False}, {'system': 'pos', 'block_number': 1, 'success': False}]"
21156,0,0,230,True,True,1.0,1.0,False,False,True,21153.0,1,failed,"[{'system': 'pbs', 'block_number': 1, 'success': False}, {'system': 'pos', 'block_number': 1, 'success': False}]"
21158,0,0,222,True,True,1.0,1.0,False,False,True,21155.0,1,failed,"[{'system': 'pbs', 'block_number': 1, 'success': False}, {'system': 'pos', 'block_number': 1, 'success': False}]"
21160,0,0,229,True,True,1.0,1.0,False,False,True,21157.0,1,failed,"[{'system': 'pbs', 'block_number': 1, 'success': False}, {'system': 'pos', 'block_number': 1, 'success': False}]"
21162,0,0,240,True,True,1.0,1.0,False,False,True,21159.0,1,failed,"[{'system': 'pbs', 'block_number': 1, 'success': False}, {'system': 'pos', 'block_number': 1, 'success': False}]"
21164,0,0,232,True,True,1.0,1.0,False,False,True,21161.0,1,failed,"[{'system': 'pbs', 'block_number': 1, 'success': False}, {'system': 'pos', 'block_number': 1, 'success': False}]"
21166,0,0,240,True,True,1.0,1.0,False,False,True,21163.0,1,failed,"[{'system': 'pbs', 'block_number': 1, 'success': False}, {'system': 'pos', 'block_number': 1, 'success': False}]"
21168,0,0,225,True,True,1.0,1.0,False,False,True,21165.0,1,failed,"[{'system': 'pbs', 'block_number': 1, 'success': False}, {'system': 'pos', 'block_number': 1, 'success': False}]"
21170,0,0,240,True,True,1.0,1.0,False,False,True,21167.0,1,failed,"[{'system': 'pbs', 'block_number': 1, 'success': False}, {'system': 'pos', 'block_number': 1, 'success': False}]"
21172,0,0,233,True,True,1.0,1.0,False,False,True,21169.0,1,failed,"[{'system': 'pbs', 'block_number': 1, 'success': False}, {'system': 'pos', 'block_number': 1, 'success': False}]"
21174,0,0,238,True,True,1.0,1.0,False,False,True,21171.0,1,failed,"[{'system': 'pbs', 'block_number': 1, 'success': False}, {'system': 'pos', 'block_number': 1, 'success': False}]"
21176,0,0,225,True,True,1.0,1.0,False,False,True,21173.0,1,failed,"[{'system': 'pbs', 'block_number': 1, 'success': False}, {'system': 'pos', 'block_number': 1, 'success': False}]"
21223,43000043,146000,240,True,True,2.0,2.0,True,True,True,21221.0,2,b_attack,"[{'system': 'pbs', 'block_number': 2, 'success': True}, {'system': 'pos', 'block_number': 2, 'success': True}]"
21221,43000042,146000,239,True,True,2.0,2.0,True,True,True,21219.0,2,b_attack,"[{'system': 'pbs', 'block_number': 2, 'success': True}, {'system': 'pos', 'block_number': 2, 'success': True}]"
21219,43000041,146000,226,True,True,2.0,2.0,True,True,True,21217.0,2,b_attack,"[{'system': 'pbs', 'block_number': 2, 'success': True}, {'system': 'pos', 'block_number': 2, 'success': True}]"
21217,43000040,146000,223,True,True,2.0,2.0,True,True,True,21215.0,2,b_attack,"[{'system': 'pbs', 'block_number': 2, 'success': True}, {'system': 'pos', 'block_number': 2, 'success': True}]"
21215,43000039,146000,235,True,True,2.0,2.0,True,True,True,21213.0,2,b_attack,"[{'system': 'pbs', 'block_number': 2, 'success': True}, {'system': 'pos', 'block_number': 2, 'success': True}]"
21213,43000038,146000,238,True,True,2.0,2.0,True,True,True,21211.0,2,b_attack,"[{'system': 'pbs', 'block_number': 2, 'success': True}, {'system': 'pos', 'block_number': 2, 'success': True}]"
21211,43000037,146000,222,True,True,2.0,2.0,True,True,True,21209.0,2,b_attack,"[{'system': 'pbs', 'block_number': 2, 'success': True}, {'system': 'pos', 'block_number': 2, 'success': True}]"
21209,43000036,146000,236,True,True,2.0,2.0,True,True,True,21207.0,2,b_attack,"[{'system': 'pbs', 'block_number': 2, 'success': True}, {'system': 'pos', 'block_number': 2, 'success': True}]"
21207,43000035,146000,228,True,True,2.0,2.0,True,True,True,21205.0,2,b_attack,"[{'system': 'pbs', 'block_number': 2, 'success': True}, {'system': 'pos', 'block_number': 2, 'success': True}]"
21205,43000034,146000,238,True,True,2.0,2.0,True,True,True,21203.0,2,b_attack,"[{'system': 'pbs', 'block_number': 2, 'success': True}, {'system': 'pos', 'block_number': 2, 'success': True}]"
21203,43000033,146000,227,True,True,2.0,2.0,True,True,True,21201.0,2,b_attack,"[{'system': 'pbs', 'block_number': 2, 'success': True}, {'system': 'pos', 'block_number': 2, 'success': True}]"
21201,43000032,146000,233,True,True,2.0,2.0,True,True,True,21199.0,2,b_attack,"[{'system': 'pbs', 'block_number': 2, 'success': True}, {'system': 'pos', 'block_number': 2, 'success': True}]"
21199,43000031,146000,227,True,True,2.0,2.0,True,True,True,21197.0,2,b_attack,"[{'system': 'pbs', 'block_number': 2, 'success': True}, {'system': 'pos', 'block_number': 2, 'success': True}]"
21197,43000030,146000,236,True,True,2.0,2.0,True,True,True,21195.0,2,b_attack,"[{'system': 'pbs', 'block_number': 2, 'success': True}, {'system': 'pos', 'block_number': 2, 'success': True}]"
21195,43000029,146000,237,True,True,2.0,2.0,True,True,True,21193.0,2,b_attack,"[{'system': 'pbs', 'block_number': 2, 'success': True}, {'system': 'pos', 'block_number': 2, 'success': True}]"
21193,43000028,146000,238,True,True,2.0,2.0,True,True,True,21191.0,2,b_attack,"[{'system': 'pbs', 'block_number': 2, 'success': True}, {'system': 'pos', 'block_number': 2, 'success': True}]"
21191,43000027,146000,222,True,True,2.0,2.0,True,True,True,21189.0,2,b_attack,"[{'system': 'pbs', 'block_number': 2, 'success': True}, {'system': 'pos', 'block_number': 2, 'success': True}]"
21189,43000026,146000,237,True,True,2.0,2.0,True,True,True,21187.0,2,b_attack,"[{'system': 'pbs', 'block_number': 2, 'success': True}, {'system': 'pos', 'block_number': 2, 'success': True}]"
21187,43000025,146000,233,True,True,2.0,2.0,True,True,True,21185.0,2,b_attack,"[{'system': 'pbs', 'block_number': 2, 'success': True}, {'system': 'pos', 'block_number': 2, 'success': True}]"
21185,43000024,146000,233,True,True,2.0,2.0,True,True,True,21183.0,2,b_attack,"[{'system': 'pbs', 'block_number': 2, 'success': True}, {'system': 'pos', 'block_number': 2, 'success': True}]"
21183,43000023,146000,233,True,True,2.0,2.0,True,True,True,21181.0,2,b_attack,"[{'system': 'pbs', 'block_number': 2, 'success': True}, {'system': 'pos', 'block_number': 2, 'success': True}]"
21181,43000022,146000,240,True,True,2.0,2.0,True,True,True,21179.0,2,b_attack,"[{'system': 'pbs', 'block_number': 2, 'success': True}, {'system': 'pos', 'block_number': 2, 'success': True}]"
21179,43000021,146000,222,True,True,2.0,2.0,True,True,True,21177.0,2,b_attack,"[{'system': 'pbs', 'block_number': 2, 'success': True}, {'system': 'pos', 'block_number': 2, 'success': True}]"
21177,0,0,240,True,True,2.0,2.0,False,True,True,21175.0,2,failed,"[{'system': 'pbs', 'block_number': 2, 'success': False}, {'system': 'pos', 'block_number': 2, 'success': True}]"
21178,0,0,240,True,True,2.0,2.0,False,False,True,21175.0,2,failed,"[{'system': 'pbs', 'block_number': 2, 'success': False}, {'system': 'pos', 'block_number': 2, 'success': False}]"
21180,0,0,222,True,True,2.0,2.0,False,False,True,21177.0,2,failed,"[{'system': 'pbs', 'block_number': 2, 'success': False}, {'system': 'pos', 'block_number': 2, 'success': False}]"
21182,0,0,240,True,True,2.0,2.0,False,False,True,21179.0,2,failed,"[{'system': 'pbs', 'block_number': 2, 'success': False}, {'system': 'pos', 'block_number': 2, 'success': False}]"
21184,0,0,233,True,True,2.0,2.0,False,False,True,21181.0,2,failed,"[{'system': 'pbs', 'block_number': 2, 'success': False}, {'system': 'pos', 'block_number': 2, 'success': False}]"
21186,0,0,233,True,True,2.0,2.0,False,False,True,21183.0,2,failed,"[{'system': 'pbs', 'block_number': 2, 'success': False}, {'system': 'pos', 'block_number': 2, 'success': False}]"
21188,0,0,233,True,True,2.0,2.0,False,False,True,21185.0,2,failed,"[{'system': 'pbs', 'block_number': 2, 'success': False}, {'system': 'pos', 'block_number': 2, 'success': False}]"
21190,0,0,237,True,True,2.0,2.0,False,False,True,21187.0,2,failed,"[{'system': 'pbs', 'block_number': 2, 'success': False}, {'system': 'pos', 'block_number': 2, 'success': False}]"
21192,0,0,222,True,True,2.0,2.0,False,False,True,21189.0,2,failed,"[{'system': 'pbs', 'block_number': 2, 'success': False}, {'system': 'pos', 'block_number': 2, 'success': False}]"
21194,0,0,238,True,True,2.0,2.0,False,False,True,21191.0,2,failed,"[{'system': 'pbs', 'block_number': 2, 'success': False}, {'system': 'pos', 'block_number': 2, 'success': False}]"
21196,0,0,237,True,True,2.0,2.0,False,False,True,21193.0,2,failed,"[{'system': 'pbs', 'block_number': 2, 'success': False}, {'system': 'pos', 'block_number': 2, 'success': False}]"
21198,0,0,236,True,True,2.0,2.0,False,False,True,21195.0,2,failed,"[{'system': 'pbs', 'block_number': 2, 'success': False}, {'system': 'pos', 'block_number': 2, 'success': False}]"
21200,0,0,227,True,True,2.0,2.0,False,False,True,21197.0,2,failed,"[{'system': 'pbs', 'block_number': 2, 'success': False}, {'system': 'pos', 'block_number': 2, 'success': False}]"
21202,0,0,233,True,True,2.0,2.0,False,False,True,21199.0,2,failed,"[{'system': 'pbs', 'block_number': 2, 'success': False}, {'system': 'pos', 'block_number': 2, 'success': False}]"
21204,0,0,227,True,True,2.0,2.0,False,False,True,21201.0,2,failed,"[{'system': 'pbs', 'block_number': 2, 'success': False}, {'system': 'pos', 'block_number': 2, 'success': False}]"
21206,0,0,238,True,True,2.0,2.0,False,False,True,21203.0,2,failed,"[{'system': 'pbs', 'block_number': 2, 'success': False}, {'system': 'pos', 'block_number': 2, 'success': False}]"
21208,0,0,228,True,True,2.0,2.0,False,False,True,21205.0,2,failed,"[{'system': 'pbs', 'block_number': 2, 'success': False}, {'system': 'pos', 'block_number': 2, 'success': False}]"
21210,0,0,236,True,True,2.0,2.0,False,False,True,21207.0,2,failed,"[{'system': 'pbs', 'block_number': 2, 'success': False}, {'system': 'pos', 'block_number': 2, 'success': False}]"
21212,0,0,222,True,True,2.0,2.0,False,False,True,21209.0,2,failed,"[{'system': 'pbs', 'block_number': 2, 'success': False}, {'system': 'pos', 'block_number': 2, 'success': False}]"
21214,0,0,238,True,True,2.0,2.0,False,False,True,21211.0,2,failed,"[{'system': 'pbs', 'block_number': 2, 'success': False}, {'system': 'pos', 'block_number': 2, 'success': False}]"
21216,0,0,235,True,True,2.0,2.0,False,False,True,21213.0,2,failed,"[{'system': 'pbs', 'block_number': 2, 'success': False}, {'system': 'pos', 'block_number': 2, 'success': False}]"
21218,0,0,223,True,True,2.0,2.0,False,False,True,21215.0,2,failed,"[{'system': 'pbs', 'block_number': 2, 'success': False}, {'system': 'pos', 'block_number': 2, 'success': False}]"
21220,0,0,226,True,True,2.0,2.0,False,False,True,21217.0,2,failed,"[{'system': 'pbs', 'block_number': 2, 'success': False}, {'system': 'pos', 'block_number': 2, 'success': False}]"
21222,0,0,239,True,True,2.0,2.0,False,False,True,21219.0,2,failed,"[{'system': 'pbs', 'block_number': 2, 'success': False}, {'system': 'pos', 'block_number': 2, 'success': False}]"
21224,0,0,240,True,True,2.0,2.0,False,False,True,21221.0,2,failed,"[{'system': 'pbs', 'block_number': 2, 'success': False}, {'system': 'pos', 'block_number': 2, 'success': False}]"
21271,43000067,146000,233,True,True,3.0,3.0,True,True,True,21269.0,3,b_attack,"[{'system': 'pbs', 'block_number': 3, 'success': True}, {'system': 'pos', 'block_number': 3, 'success': True}]"
21269,43000066,146000,234,True,True,3.0,3.0,True,True,True,21267.0,3,b_attack,"[{'system': 'pbs', 'block_number': 3, 'success': True}, {'system': 'pos', 'block_number': 3, 'success': True}]"
21267,43000065,146000,238,True,True,3.0,3.0,True,True,True,21265.0,3,b_attack,"[{'system': 'pbs', 'block_number': 3, 'success': True}, {'system': 'pos', 'block_number': 3, 'success': True}]"
21265,43000064,146000,238,True,True,3.0,3.0,True,True,True,21263.0,3,b_attack,"[{'system': 'pbs', 'block_number': 3, 'success': True}, {'system': 'pos', 'block_number': 3, 'success': True}]"
21263,43000063,146000,237,True,True,3.0,3.0,True,True,True,21261.0,3,b_attack,"[{'system': 'pbs', 'block_number': 3, 'success': True}, {'system': 'pos', 'block_number': 3, 'success': True}]"
21261,43000062,146000,225,True,True,3.0,3.0,True,True,True,21259.0,3,b_attack,"[{'system': 'pbs', 'block_number': 3, 'success': True}, {'system': 'pos', 'block_number': 3, 'success': True}]"
21259,43000061,146000,223,True,True,3.0,3.0,True,True,True,21257.0,3,b_attack,"[{'system': 'pbs', 'block_number': 3, 'success': True}, {'system': 'pos', 'block_number': 3, 'success': True}]"
21257,43000060,146000,239,True,True,3.0,3.0,True,True,True,21255.0,3,b_attack,"[{'system': 'pbs', 'block_number': 3, 'success': True}, {'system': 'pos', 'block_number': 3, 'success': True}]"
21255,43000059,146000,229,True,True,3.0,3.0,True,True,True,21253.0,3,b_attack,"[{'system': 'pbs', 'block_number': 3, 'success': True}, {'system': 'pos', 'block_number': 3, 'success': True}]"
21253,43000058,146000,235,True,True,3.0,3.0,True,True,True,21251.0,3,b_attack,"[{'system': 'pbs', 'block_number': 3, 'success': True}, {'system': 'pos', 'block_number': 3, 'success': True}]"
21251,43000057,146000,229,True,True,3.0,3.0,True,True,True,21249.0,3,b_attack,"[{'system': 'pbs', 'block_number': 3, 'success': True}, {'system': 'pos', 'block_number': 3, 'success': True}]"
21249,43000056,146000,237,True,True,3.0,3.0,True,True,True,21247.0,3,b_attack,"[{'system': 'pbs', 'block_number': 3, 'success': True}, {'system': 'pos', 'block_number': 3, 'success': True}]"
21247,43000055,146000,226,True,True,3.0,3.0,True,True,True,21245.0,3,b_attack,"[{'system': 'pbs', 'block_number': 3, 'success': True}, {'system': 'pos', 'block_number': 3, 'success': True}]"
21245,43000054,146000,232,True,True,3.0,3.0,True,True,True,21243.0,3,b_attack,"[{'system': 'pbs', 'block_number': 3, 'success': True}, {'system': 'pos', 'block_number': 3, 'success': True}]"
21243,43000053,146000,236,True,True,3.0,3.0,True,True,True,21241.0,3,b_attack,"[{'system': 'pbs', 'block_number': 3, 'success': True}, {'system': 'pos', 'block_number': 3, 'success': True}]"
21241,43000052,146000,234,True,True,3.0,3.0,True,True,True,21239.0,3,b_attack,"[{'system': 'pbs', 'block_number': 3, 'success': True}, {'system': 'pos', 'block_number': 3, 'success': True}]"
21239,43000051,146000,235,True,True,3.0,3.0,True,True,True,21237.0,3,b_attack,"[{'system': 'pbs', 'block_number': 3, 'success': True}, {'system': 'pos', 'block_number': 3, 'success': True}]"
21237,43000050,146000,227,True,True,3.0,3.0,True,True,True,21235.0,3,b_attack,"[{'system': 'pbs', 'block_number': 3, 'success': True}, {'system': 'pos', 'block_number': 3, 'success': True}]"
21235,43000049,146000,227,True,True,3.0,3.0,True,True,True,21233.0,3,b_attack,"[{'system': 'pbs', 'block_number': 3, 'success': True}, {'system': 'pos', 'block_number': 3, 'success': True}]"
21233,43000048,146000,223,True,True,3.0,3.0,True,True,True,21231.0,3,b_attack,"[{'system': 'pbs', 'block_number': 3, 'success': True}, {'system': 'pos', 'block_number': 3, 'success': True}]"
21231,43000047,146000,235,True,True,3.0,3.0,True,True,True,21229.0,3,b_attack,"[{'system': 'pbs', 'block_number': 3, 'success': True}, {'system': 'pos', 'block_number': 3, 'success': True}]"
21229,43000046,146000,237,True,True,3.0,3.0,True,True,True,21227.0,3,b_attack,"[{'system': 'pbs', 'block_number': 3, 'success': True}, {'system': 'pos', 'block_number': 3, 'success': True}]"
21227,43000045,146000,225,True,True,3.0,3.0,True,True,True,21225.0,3,b_attack,"[{'system': 'pbs', 'block_number': 3, 'success': True}, {'system': 'pos', 'block_number': 3, 'success': True}]"
21225,0,0,225,True,True,3.0,3.0,False,True,True,21223.0,3,failed,"[{'system': 'pbs', 'block_number': 3, 'success': False}, {'system': 'pos', 'block_number': 3, 'success': True}]"
21226,0,0,225,True,True,3.0,3.0,False,False,True,21223.0,3,failed,"[{'system': 'pbs', 'block_number': 3, 'success': False}, {'system': 'pos', 'block_number': 3, 'success': False}]"
21228,0,0,225,True,True,3.0,3.0,False,False,True,21225.0,3,failed,"[{'system': 'pbs', 'block_number': 3, 'success': False}, {'system': 'pos', 'block_number': 3, 'success': False}]"
21230,0,0,237,True,True,3.0,3.0,False,False,True,21227.0,3,failed,"[{'system': 'pbs', 'block_number': 3, 'success': False}, {'system': 'pos', 'block_number': 3, 'success': False}]"
21232,0,0,235,True,True,3.0,3.0,False,False,True,21229.0,3,failed,"[{'system': 'pbs', 'block_number': 3, 'success': False}, {'system': 'pos', 'block_number': 3, 'success': False}]"
21234,0,0,223,True,True,3.0,3.0,False,False,True,21231.0,3,failed,"[{'system': 'pbs', 'block_number': 3, 'success': False}, {'system': 'pos', 'block_number': 3, 'success': False}]"
21236,0,0,227,True,True,3.0,3.0,False,False,True,21233.0,3,failed,"[{'system': 'pbs', 'block_number': 3, 'success': False}, {'system': 'pos', 'block_number': 3, 'success': False}]"
21238,0,0,227,True,True,3.0,3.0,False,False,True,21235.0,3,failed,"[{'system': 'pbs', 'block_number': 3, 'success': False}, {'system': 'pos', 'block_number': 3, 'success': False}]"
21240,0,0,235,True,True,3.0,3.0,False,False,True,21237.0,3,failed,"[{'system': 'pbs', 'block_number': 3, 'success': False}, {'system': 'pos', 'block_number': 3, 'success': False}]"
21242,0,0,234,True,True,3.0,3.0,False,False,True,21239.0,3,failed,"[{'system': 'pbs', 'block_number': 3, 'success': False}, {'system': 'pos', 'block_number': 3, 'success': False}]"
21244,0,0,236,True,True,3.0,3.0,False,False,True,21241.0,3,failed,"[{'system': 'pbs', 'block_number': 3, 'success': False}, {'system': 'pos', 'block_number': 3, 'success': False}]"
21246,0,0,232,True,True,3.0,3.0,False,False,True,21243.0,3,failed,"[{'system': 'pbs', 'block_number': 3, 'success': False}, {'system': 'pos', 'block_number': 3, 'success': False}]"
21248,0,0,226,True,True,3.0,3.0,False,False,True,21245.0,3,failed,"[{'system': 'pbs', 'block_number': 3, 'success': False}, {'system': 'pos', 'block_number': 3, 'success': False}]"
21250,0,0,237,True,True,3.0,3.0,False,False,True,21247.0,3,failed,"[{'system': 'pbs', 'block_number': 3, 'success': False}, {'system': 'pos', 'block_number': 3, 'success': False}]"
21252,0,0,229,True,True,3.0,3.0,False,False,True,21249.0,3,failed,"[{'system': 'pbs', 'block_number': 3, 'success': False}, {'system': 'pos', 'block_number': 3, 'success': False}]"
21254,0,0,235,True,True,3.0,3.0,False,False,True,21251.0,3,failed,"[{'system': 'pbs', 'block_number': 3, 'success': False}, {'system': 'pos', 'block_number': 3, 'success': False}]"
21256,0,0,229,True,True,3.0,3.0,False,False,True,21253.0,3,failed,"[{'system': 'pbs', 'block_number': 3, 'success': False}, {'system': 'pos', 'block_number': 3, 'success': False}]"
21258,0,0,239,True,True,3.0,3.0,False,False,True,21255.0,3,failed,"[{'system': 'pbs', 'block_number': 3, 'success': False}, {'system': 'pos', 'block_number': 3, 'success': False}]"
21260,0,0,223,True,True,3.0,3.0,False,False,True,21257.0,3,failed,"[{'system': 'pbs', 'block_number': 3, 'success': False}, {'system': 'pos', 'block_number': 3, 'success': False}]"
21262,0,0,225,True,True,3.0,3.0,False,False,True,21259.0,3,failed,"[{'system': 'pbs', 'block_number': 3, 'success': False}, {'system': 'pos', 'block_number': 3, 'success': False}]"
21264,0,0,237,True,True,3.0,3.0,False,False,True,21261.0,3,failed,"[{'system': 'pbs', 'block_number': 3, 'success': False}, {'system': 'pos', 'block_number': 3, 'success': False}]"
21266,0,0,238,True,True,3.0,3.0,False,False,True,21263.0,3,failed,"[{'system': 'pbs', 'block_number': 3, 'success': False}, {'system': 'pos', 'block_number': 3, 'success': False}]"
21268,0,0,238,True,True,3.0,3.0,False,False,True,21265.0,3,failed,"[{'system': 'pbs', 'block_number': 3, 'success': False}, {'system': 'pos', 'block_number': 3, 'success': False}]"
21270,0,0,234,True,True,3.0,3.0,False,False,True,21267.0,3,failed,"[{'system': 'pbs', 'block_number': 3, 'success': False}, {'system': 'pos', 'block_number': 3, 'success': False}]"
21272,0,0,233,True,True,3.0,3.0,False,False,True,21269.0,3,failed,"[{'system': 'pbs', 'block_number': 3, 'success': False}, {'system': 'pos', 'block_number': 3, 'success': False}]"
21319,43000091,146000,234,True,True,4.0,4.0,True,True,True,21317.0,4,b_attack,"[{'system': 'pbs', 'block_number': 4, 'success': True}, {'system': 'pos', 'block_number': 4, 'success': True}]"
21317,43000090,146000,225,True,True,4.0,4.0,True,True,True,21315.0,4,b_attack,"[{'system': 'pbs', 'block_number': 4, 'success': True}, {'system': 'pos', 'block_number': 4, 'success': True}]"
21315,43000089,146000,228,True,True,4.0,4.0,True,True,True,21313.0,4,b_attack,"[{'system': 'pbs', 'block_number': 4, 'success': True}, {'system': 'pos', 'block_number': 4, 'success': True}]"
21313,43000088,146000,238,True,True,4.0,4.0,True,True,True,21311.0,4,b_attack,"[{'system': 'pbs', 'block_number': 4, 'success': True}, {'system': 'pos', 'block_number': 4, 'success': True}]"
21311,43000087,146000,237,True,True,4.0,4.0,True,True,True,21309.0,4,b_attack,"[{'system': 'pbs', 'block_number': 4, 'success': True}, {'system': 'pos', 'block_number': 4, 'success': True}]"
21309,43000086,146000,237,True,True,4.0,4.0,True,True,True,21307.0,4,b_attack,"[{'system': 'pbs', 'block_number': 4, 'success': True}, {'system': 'pos', 'block_number': 4, 'success': True}]"
21307,43000085,146000,224,True,True,4.0,4.0,True,True,True,21305.0,4,b_attack,"[{'system': 'pbs', 'block_number': 4, 'success': True}, {'system': 'pos', 'block_number': 4, 'success': True}]"
21305,43000084,146000,239,True,True,4.0,4.0,True,True,True,21303.0,4,b_attack,"[{'system': 'pbs', 'block_number': 4, 'success': True}, {'system': 'pos', 'block_number': 4, 'success': True}]"
21303,43000083,146000,227,True,True,4.0,4.0,True,True,True,21301.0,4,b_attack,"[{'system': 'pbs', 'block_number': 4, 'success': True}, {'system': 'pos', 'block_number': 4, 'success': True}]"
21301,43000082,146000,226,True,True,4.0,4.0,True,True,True,21299.0,4,b_attack,"[{'system': 'pbs', 'block_number': 4, 'success': True}, {'system': 'pos', 'block_number': 4, 'success': True}]"
21299,43000081,146000,237,True,True,4.0,4.0,True,True,True,21297.0,4,b_attack,"[{'system': 'pbs', 'block_number': 4, 'success': True}, {'system': 'pos', 'block_number': 4, 'success': True}]"
21297,43000080,146000,222,True,True,4.0,4.0,True,True,True,21295.0,4,b_attack,"[{'system': 'pbs', 'block_number': 4, 'success': True}, {'system': 'pos', 'block_number': 4, 'success': True}]"
21295,43000079,146000,238,True,True,4.0,4.0,True,True,True,21293.0,4,b_attack,"[{'system': 'pbs', 'block_number': 4, 'success': True}, {'system': 'pos', 'block_number': 4, 'success': True}]"
21293,43000078,146000,231,True,True,4.0,4.0,True,True,True,21291.0,4,b_attack,"[{'system': 'pbs', 'block_number': 4, 'success': True}, {'system': 'pos', 'block_number': 4, 'success': True}]"
21291,43000077,146000,234,True,True,4.0,4.0,True,True,True,21289.0,4,b_attack,"[{'system': 'pbs', 'block_number': 4, 'success': True}, {'system': 'pos', 'block_number': 4, 'success': True}]"
21289,43000076,146000,234,True,True,4.0,4.0,True,True,True,21287.0,4,b_attack,"[{'system': 'pbs', 'block_number': 4, 'success': True}, {'system': 'pos', 'block_number': 4, 'success': True}]"
21287,43000075,146000,233,True,True,4.0,4.0,True,True,True,21285.0,4,b_attack,"[{'system': 'pbs', 'block_number': 4, 'success': True}, {'system': 'pos', 'block_number': 4, 'success': True}]"
21285,43000074,146000,237,True,True,4.0,4.0,True,True,True,21283.0,4,b_attack,"[{'system': 'pbs', 'block_number': 4, 'success': True}, {'system': 'pos', 'block_number': 4, 'success': True}]"
21283,43000073,146000,238,True,True,4.0,4.0,True,True,True,21281.0,4,b_attack,"[{'system': 'pbs', 'block_number': 4, 'success': True}, {'system': 'pos', 'block_number': 4, 'success': True}]"
21281,43000072,146000,222,True,True,4.0,4.0,True,True,True,21279.0,4,b_attack,"[{'system': 'pbs', 'block_number': 4, 'success': True}, {'system': 'pos', 'block_number': 4, 'success': True}]"
21279,43000071,146000,232,True,True,4.0,4.0,True,True,True,21277.0,4,b_attack,"[{'system': 'pbs', 'block_number': 4, 'success': True}, {'system': 'pos', 'block_number': 4, 'success': True}]"
21277,43000070,146000,238,True,True,4.0,4.0,True,True,True,21275.0,4,b_attack,"[{'system': 'pbs', 'block_number': 4, 'success': True}, {'system': 'pos', 'block_number': 4, 'success': True}]"
21275,43000069,146000,221,True,True,4.0,4.0,True,True,True,21273.0,4,b_attack,"[{'system': 'pbs', 'block_number': 4, 'success': True}, {'system': 'pos', 'block_number': 4, 'success': True}]"
21273,0,0,223,True,True,4.0,4.0,False,True,True,21271.0,4,failed,"[{'system': 'pbs', 'block_number': 4, 'success': False}, {'system': 'pos', 'block_number': 4, 'success': True}]"
21274,0,0,223,True,True,4.0,4.0,False,False,True,21271.0,4,failed,"[{'system': 'pbs', 'block_number': 4, 'success': False}, {'system': 'pos', 'block_number': 4, 'success': False}]"
21276,0,0,221,True,True,4.0,4.0,False,False,True,21273.0,4,failed,"[{'system': 'pbs', 'block_number': 4, 'success': False}, {'system': 'pos', 'block_number': 4, 'success': False}]"
21278,0,0,238,True,True,4.0,4.0,False,False,True,21275.0,4,failed,"[{'system': 'pbs', 'block_number': 4, 'success': False}, {'system': 'pos', 'block_number': 4, 'success': False}]"
21280,0,0,232,True,True,4.0,4.0,False,False,True,21277.0,4,failed,"[{'system': 'pbs', 'block_number': 4, 'success': False}, {'system': 'pos', 'block_number': 4, 'success': False}]"
21282,0,0,222,True,True,4.0,4.0,False,False,True,21279.0,4,failed,"[{'system': 'pbs', 'block_number': 4, 'success': False}, {'system': 'pos', 'block_number': 4, 'success': False}]"
21284,0,0,238,True,True,4.0,4.0,False,False,True,21281.0,4,failed,"[{'system': 'pbs', 'block_number': 4, 'success': False}, {'system': 'pos', 'block_number': 4, 'success': False}]"
21286,0,0,237,True,True,4.0,4.0,False,False,True,21283.0,4,failed,"[{'system': 'pbs', 'block_number': 4, 'success': False}, {'system': 'pos', 'block_number': 4, 'success': False}]"
21288,0,0,233,True,True,4.0,4.0,False,False,True,21285.0,4,failed,"[{'system': 'pbs', 'block_number': 4, 'success': False}, {'system': 'pos', 'block_number': 4, 'success': False}]"
21290,0,0,234,True,True,4.0,4.0,False,False,True,21287.0,4,failed,"[{'system': 'pbs', 'block_number': 4, 'success': False}, {'system': 'pos', 'block_number': 4, 'success': False}]"
21292,0,0,234,True,True,4.0,4.0,False,False,True,21289.0,4,failed,"[{'system': 'pbs', 'block_number': 4, 'success': False}, {'system': 'pos', 'block_number': 4, 'success': False}]"
21294,0,0,231,True,True,4.0,4.0,False,False,True,21291.0,4,failed,"[{'system': 'pbs', 'block_number': 4, 'success': False}, {'system': 'pos', 'block_number': 4, 'success': False}]"
21296,0,0,238,True,True,4.0,4.0,False,False,True,21293.0,4,failed,"[{'system': 'pbs', 'block_number': 4, 'success': False}, {'system': 'pos', 'block_number': 4, 'success': False}]"
21298,0,0,222,True,True,4.0,4.0,False,False,True,21295.0,4,failed,"[{'system': 'pbs', 'block_number': 4, 'success': False}, {'system': 'pos', 'block_number': 4, 'success': False}]"
21300,0,0,237,True,True,4.0,4.0,False,False,True,21297.0,4,failed,"[{'system': 'pbs', 'block_number': 4, 'success': False}, {'system': 'pos', 'block_number': 4, 'success': False}]"
21302,0,0,226,True,True,4.0,4.0,False,False,True,21299.0,4,failed,"[{'system': 'pbs', 'block_number': 4, 'success': False}, {'system': 'pos', 'block_number': 4, 'success': False}]"
21304,0,0,227,True,True,4.0,4.0,False,False,True,21301.0,4,failed,"[{'system': 'pbs', 'block_number': 4, 'success': False}, {'system': 'pos', 'block_number': 4, 'success': False}]"
21306,0,0,239,True,True,4.0,4.0,False,False,True,21303.0,4,failed,"[{'system': 'pbs', 'block_number': 4, 'success': False}, {'system': 'pos', 'block_number': 4, 'success': False}]"
21308,0,0,224,True,True,4.0,4.0,False,False,True,21305.0,4,failed,"[{'system': 'pbs', 'block_number': 4, 'success': False}, {'system': 'pos', 'block_number': 4, 'success': False}]"
21310,0,0,237,True,True,4.0,4.0,False,False,True,21307.0,4,failed,"[{'system': 'pbs', 'block_number': 4, 'success': False}, {'system': 'pos', 'block_number': 4, 'success': False}]"
21312,0,0,237,True,True,4.0,4.0,False,False,True,21309.0,4,failed,"[{'system': 'pbs', 'block_number': 4, 'success': False}, {'system': 'pos', 'block_number': 4, 'success': False}]"
21314,0,0,238,True,True,4.0,4.0,False,False,True,21311.0,4,failed,"[{'system': 'pbs', 'block_number': 4, 'success': False}, {'system': 'pos', 'block_number': 4, 'success': False}]"
21316,0,0,228,True,True,4.0,4.0,False,False,True,21313.0,4,failed,"[{'system': 'pbs', 'block_number': 4, 'success': False}, {'system': 'pos', 'block_number': 4, 'success': False}]"
21318,0,0,225,True,True,4.0,4.0,False,False,True,21315.0,4,failed,"[{'system': 'pbs', 'block_number': 4, 'success': False}, {'system': 'pos', 'block_number': 4, 'success': False}]"
21320,0,0,234,True,True,4.0,4.0,False,False,True,21317.0,4,failed,"[{'system': 'pbs', 'block_number': 4, 'success': False}, {'system': 'pos', 'block_number': 4, 'success': False}]"
21367,43000115,146000,236,True,True,5.0,5.0,True,True,True,21365.0,5,b_attack,"[{'system': 'pbs', 'block_number': 5, 'success': True}, {'system': 'pos', 'block_number': 5, 'success': True}]"
23579,0,0,560,False,True,,5.0,False,False,True,21367.0,5,failed,"[{'system': 'pos', 'block_number': 5, 'success': False}]"
21365,43000114,146000,222,True,True,5.0,5.0,True,True,True,21363.0,5,b_attack,"[{'system': 'pbs', 'block_number': 5, 'success': True}, {'system': 'pos', 'block_number': 5, 'success': True}]"
21363,43000113,146000,238,True,True,5.0,5.0,True,True,True,21361.0,5,b_attack,"[{'system': 'pbs', 'block_number': 5, 'success': True}, {'system': 'pos', 'block_number': 5, 'success': True}]"
21361,43000112,146000,240,True,True,5.0,5.0,True,True,True,21359.0,5,b_attack,"[{'system': 'pbs', 'block_number': 5, 'success': True}, {'system': 'pos', 'block_number': 5, 'success': True}]"
21359,43000111,146000,228,True,True,5.0,5.0,True,True,True,21357.0,5,b_attack,"[{'system': 'pbs', 'block_number': 5, 'success': True}, {'system': 'pos', 'block_number': 5, 'success': True}]"
21357,43000110,146000,236,True,True,5.0,5.0,True,True,True,21355.0,5,b_attack,"[{'system': 'pbs', 'block_number': 5, 'success': True}, {'system': 'pos', 'block_number': 5, 'success': True}]"
21355,43000109,146000,228,True,True,5.0,5.0,True,True,True,21353.0,5,b_attack,"[{'system': 'pbs', 'block_number': 5, 'success': True}, {'system': 'pos', 'block_number': 5, 'success': True}]"
21353,43000108,146000,222,True,True,5.0,5.0,True,True,True,21351.0,5,b_attack,"[{'system': 'pbs', 'block_number': 5, 'success': True}, {'system': 'pos', 'block_number': 5, 'success': True}]"
21351,43000107,146000,226,True,True,5.0,5.0,True,True,True,21349.0,5,b_attack,"[{'system': 'pbs', 'block_number': 5, 'success': True}, {'system': 'pos', 'block_number': 5, 'success': True}]"
21349,43000106,146000,222,True,True,5.0,5.0,True,True,True,21347.0,5,b_attack,"[{'system': 'pbs', 'block_number': 5, 'success': True}, {'system': 'pos', 'block_number': 5, 'success': True}]"
21347,43000105,146000,225,True,True,5.0,5.0,True,True,True,21345.0,5,b_attack,"[{'system': 'pbs', 'block_number': 5, 'success': True}, {'system': 'pos', 'block_number': 5, 'success': True}]"
21345,43000104,146000,232,True,True,5.0,5.0,True,True,True,21343.0,5,b_attack,"[{'system': 'pbs', 'block_number': 5, 'success': True}, {'system': 'pos', 'block_number': 5, 'success': True}]"
21343,43000103,146000,237,True,True,5.0,5.0,True,True,True,21341.0,5,b_attack,"[{'system': 'pbs', 'block_number': 5, 'success': True}, {'system': 'pos', 'block_number': 5, 'success': True}]"
21341,43000102,146000,239,True,True,5.0,5.0,True,True,True,21339.0,5,b_attack,"[{'system': 'pbs', 'block_number': 5, 'success': True}, {'system': 'pos', 'block_number': 5, 'success': True}]"
21339,43000101,146000,222,True,True,5.0,5.0,True,True,True,21337.0,5,b_attack,"[{'system': 'pbs', 'block_number': 5, 'success': True}, {'system': 'pos', 'block_number': 5, 'success': True}]"
21337,43000100,146000,235,True,True,5.0,5.0,True,True,True,21335.0,5,b_attack,"[{'system': 'pbs', 'block_number': 5, 'success': True}, {'system': 'pos', 'block_number': 5, 'success': True}]"
21335,43000099,146000,225,True,True,5.0,5.0,True,True,True,21333.0,5,b_attack,"[{'system': 'pbs', 'block_number': 5, 'success': True}, {'system': 'pos', 'block_number': 5, 'success': True}]"
21333,43000098,146000,237,True,True,5.0,5.0,True,True,True,21331.0,5,b_attack,"[{'system': 'pbs', 'block_number': 5, 'success': True}, {'system': 'pos', 'block_number': 5, 'success': True}]"
21331,43000097,146000,236,True,True,5.0,5.0,True,True,True,21329.0,5,b_attack,"[{'system': 'pbs', 'block_number': 5, 'success': True}, {'system': 'pos', 'block_number': 5, 'success': True}]"
21329,43000096,146000,227,True,True,5.0,5.0,True,True,True,21327.0,5,b_attack,"[{'system': 'pbs', 'block_number': 5, 'success': True}, {'system': 'pos', 'block_number': 5, 'success': True}]"
21327,43000095,146000,222,True,True,5.0,5.0,True,True,True,21325.0,5,b_attack,"[{'system': 'pbs', 'block_number': 5, 'success': True}, {'system': 'pos', 'block_number': 5, 'success': True}]"
21325,43000094,146000,228,True,True,5.0,5.0,True,True,True,21323.0,5,b_attack,"[{'system': 'pbs', 'block_number': 5, 'success': True}, {'system': 'pos', 'block_number': 5, 'success': True}]"
21323,43000093,146000,223,True,True,5.0,5.0,True,True,True,21321.0,5,b_attack,"[{'system': 'pbs', 'block_number': 5, 'success': True}, {'system': 'pos', 'block_number': 5, 'success': True}]"
21321,0,0,239,True,True,5.0,5.0,False,True,True,21319.0,5,failed,"[{'system': 'pbs', 'block_number': 5, 'success': False}, {'system': 'pos', 'block_number': 5, 'success': True}]"
21322,0,0,239,True,True,5.0,5.0,False,False,True,21319.0,5,failed,"[{'system': 'pbs', 'block_number': 5, 'success': False}, {'system': 'pos', 'block_number': 5, 'success': False}]"
21324,0,0,223,True,True,5.0,5.0,False,False,True,21321.0,5,failed,"[{'system': 'pbs', 'block_number': 5, 'success': False}, {'system': 'pos', 'block_number': 5, 'success': False}]"
21326,0,0,228,True,True,5.0,5.0,False,False,True,21323.0,5,failed,"[{'system': 'pbs', 'block_number': 5, 'success': False}, {'system': 'pos', 'block_number': 5, 'success': False}]"
21328,0,0,222,True,True,5.0,5.0,False,False,True,21325.0,5,failed,"[{'system': 'pbs', 'block_number': 5, 'success': False}, {'system': 'pos', 'block_number': 5, 'success': False}]"
21330,0,0,227,True,True,5.0,5.0,False,False,True,21327.0,5,failed,"[{'system': 'pbs', 'block_number': 5, 'success': False}, {'system': 'pos', 'block_number': 5, 'success': False}]"
21332,0,0,236,True,True,5.0,5.0,False,False,True,21329.0,5,failed,"[{'system': 'pbs', 'block_number': 5, 'success': False}, {'system': 'pos', 'block_number': 5, 'success': False}]"
21334,0,0,237,True,True,5.0,5.0,False,False,True,21331.0,5,failed,"[{'system': 'pbs', 'block_number': 5, 'success': False}, {'system': 'pos', 'block_number': 5, 'success': False}]"
21336,0,0,225,True,True,5.0,5.0,False,False,True,21333.0,5,failed,"[{'system': 'pbs', 'block_number': 5, 'success': False}, {'system': 'pos', 'block_number': 5, 'success': False}]"
21338,0,0,235,True,True,5.0,5.0,False,False,True,21335.0,5,failed,"[{'system': 'pbs', 'block_number': 5, 'success': False}, {'system': 'pos', 'block_number': 5, 'success': False}]"
21340,0,0,222,True,True,5.0,5.0,False,False,True,21337.0,5,failed,"[{'system': 'pbs', 'block_number': 5, 'success': False}, {'system': 'pos', 'block_number': 5, 'success': False}]"
21342,0,0,239,True,True,5.0,5.0,False,False,True,21339.0,5,failed,"[{'system': 'pbs', 'block_number': 5, 'success': False}, {'system': 'pos', 'block_number': 5, 'success': False}]"
21344,0,0,237,True,True,5.0,5.0,False,False,True,21341.0,5,failed,"[{'system': 'pbs', 'block_number': 5, 'success': False}, {'system': 'pos', 'block_number': 5, 'success': False}]"
21346,0,0,232,True,True,5.0,5.0,False,False,True,21343.0,5,failed,"[{'system': 'pbs', 'block_number': 5, 'success': False}, {'system': 'pos', 'block_number': 5, 'success': False}]"
21348,0,0,225,True,True,5.0,5.0,False,False,True,21345.0,5,failed,"[{'system': 'pbs', 'block_number': 5, 'success': False}, {'system': 'pos', 'block_number': 5, 'success': False}]"
21350,0,0,222,True,True,5.0,5.0,False,False,True,21347.0,5,failed,"[{'system': 'pbs', 'block_number': 5, 'success': False}, {'system': 'pos', 'block_number': 5, 'success': False}]"
21352,0,0,226,True,True,5.0,5.0,False,False,True,21349.0,5,failed,"[{'system': 'pbs', 'block_number': 5, 'success': False}, {'system': 'pos', 'block_number': 5, 'success': False}]"
21354,0,0,222,True,True,5.0,5.0,False,False,True,21351.0,5,failed,"[{'system': 'pbs', 'block_number': 5, 'success': False}, {'system': 'pos', 'block_number': 5, 'success': False}]"
21356,0,0,228,True,True,5.0,5.0,False,False,True,21353.0,5,failed,"[{'system': 'pbs', 'block_number': 5, 'success': False}, {'system': 'pos', 'block_number': 5, 'success': False}]"
21358,0,0,236,True,True,5.0,5.0,False,False,True,21355.0,5,failed,"[{'system': 'pbs', 'block_number': 5, 'success': False}, {'system': 'pos', 'block_number': 5, 'success': False}]"
21360,0,0,228,True,True,5.0,5.0,False,False,True,21357.0,5,failed,"[{'system': 'pbs', 'block_number': 5, 'success': False}, {'system': 'pos', 'block_number': 5, 'success': False}]"
21362,0,0,240,True,True,5.0,5.0,False,False,True,21359.0,5,failed,"[{'system': 'pbs', 'block_number': 5, 'success': False}, {'system': 'pos', 'block_number': 5, 'success': False}]"
21364,0,0,238,True,True,5.0,5.0,False,False,True,21361.0,5,failed,"[{'system': 'pbs', 'block_number': 5, 'success': False}, {'system': 'pos', 'block_number': 5, 'success': False}]"
21366,0,0,222,True,True,5.0,5.0,False,False,True,21363.0,5,failed,"[{'system': 'pbs', 'block_number': 5, 'success': False}, {'system': 'pos', 'block_number': 5, 'success': False}]"
21368,0,0,236,True,True,5.0,5.0,False,False,True,21365.0,5,failed,"[{'system': 'pbs', 'block_number': 5, 'success': False}, {'system': 'pos', 'block_number': 5, 'success': False}]"
21415,43000139,146000,238,True,True,6.0,6.0,True,True,True,21413.0,6,b_attack,"[{'system': 'pbs', 'block_number': 6, 'success': True}, {'system': 'pos', 'block_number': 6, 'success': True}]"
21413,43000138,146000,239,True,True,6.0,6.0,True,True,True,21411.0,6,b_attack,"[{'system': 'pbs', 'block_number': 6, 'success': True}, {'system': 'pos', 'block_number': 6, 'success': True}]"
21411,43000137,146000,233,True,True,6.0,6.0,True,True,True,21409.0,6,b_attack,"[{'system': 'pbs', 'block_number': 6, 'success': True}, {'system': 'pos', 'block_number': 6, 'success': True}]"
21409,43000136,146000,224,True,True,6.0,6.0,True,True,True,21407.0,6,b_attack,"[{'system': 'pbs', 'block_number': 6, 'success': True}, {'system': 'pos', 'block_number': 6, 'success': True}]"
21407,43000135,146000,232,True,True,6.0,6.0,True,True,True,21405.0,6,b_attack,"[{'system': 'pbs', 'block_number': 6, 'success': True}, {'system': 'pos', 'block_number': 6, 'success': True}]"
21405,43000134,146000,229,True,True,6.0,6.0,True,True,True,21403.0,6,b_attack,"[{'system': 'pbs', 'block_number': 6, 'success': True}, {'system': 'pos', 'block_number': 6, 'success': True}]"
21403,43000133,146000,237,True,True,6.0,6.0,True,True,True,21401.0,6,b_attack,"[{'system': 'pbs', 'block_number': 6, 'success': True}, {'system': 'pos', 'block_number': 6, 'success': True}]"
21401,43000132,146000,230,True,True,6.0,6.0,True,True,True,21399.0,6,b_attack,"[{'system': 'pbs', 'block_number': 6, 'success': True}, {'system': 'pos', 'block_number': 6, 'success': True}]"
21399,43000131,146000,237,True,True,6.0,6.0,True,True,True,21397.0,6,b_attack,"[{'system': 'pbs', 'block_number': 6, 'success': True}, {'system': 'pos', 'block_number': 6, 'success': True}]"
21397,43000130,146000,227,True,True,6.0,6.0,True,True,True,21395.0,6,b_attack,"[{'system': 'pbs', 'block_number': 6, 'success': True}, {'system': 'pos', 'block_number': 6, 'success': True}]"
21395,43000129,146000,232,True,True,6.0,6.0,True,True,True,21393.0,6,b_attack,"[{'system': 'pbs', 'block_number': 6, 'success': True}, {'system': 'pos', 'block_number': 6, 'success': True}]"
21393,43000128,146000,227,True,True,6.0,6.0,True,True,True,21391.0,6,b_attack,"[{'system': 'pbs', 'block_number': 6, 'success': True}, {'system': 'pos', 'block_number': 6, 'success': True}]"
21391,43000127,146000,223,True,True,6.0,6.0,True,True,True,21389.0,6,b_attack,"[{'system': 'pbs', 'block_number': 6, 'success': True}, {'system': 'pos', 'block_number': 6, 'success': True}]"
21389,43000126,146000,234,True,True,6.0,6.0,True,True,True,21387.0,6,b_attack,"[{'system': 'pbs', 'block_number': 6, 'success': True}, {'system': 'pos', 'block_number': 6, 'success': True}]"
21387,43000125,146000,231,True,True,6.0,6.0,True,True,True,21385.0,6,b_attack,"[{'system': 'pbs', 'block_number': 6, 'success': True}, {'system': 'pos', 'block_number': 6, 'success': True}]"
21385,43000124,146000,237,True,True,6.0,6.0,True,True,True,21383.0,6,b_attack,"[{'system': 'pbs', 'block_number': 6, 'success': True}, {'system': 'pos', 'block_number': 6, 'success': True}]"
21383,43000123,146000,236,True,True,6.0,6.0,True,True,True,21381.0,6,b_attack,"[{'system': 'pbs', 'block_number': 6, 'success': True}, {'system': 'pos', 'block_number': 6, 'success': True}]"
21381,43000122,146000,226,True,True,6.0,6.0,True,True,True,21379.0,6,b_attack,"[{'system': 'pbs', 'block_number': 6, 'success': True}, {'system': 'pos', 'block_number': 6, 'success': True}]"
21379,43000121,146000,238,True,True,6.0,6.0,True,True,True,21377.0,6,b_attack,"[{'system': 'pbs', 'block_number': 6, 'success': True}, {'system': 'pos', 'block_number': 6, 'success': True}]"
21377,43000120,146000,240,True,True,6.0,6.0,True,True,True,21375.0,6,b_attack,"[{'system': 'pbs', 'block_number': 6, 'success': True}, {'system': 'pos', 'block_number': 6, 'success': True}]"
21375,43000119,146000,238,True,True,6.0,6.0,True,True,True,21373.0,6,b_attack,"[{'system': 'pbs', 'block_number': 6, 'success': True}, {'system': 'pos', 'block_number': 6, 'success': True}]"
21373,43000118,146000,232,True,True,6.0,6.0,True,True,True,21371.0,6,b_attack,"[{'system': 'pbs', 'block_number': 6, 'success': True}, {'system': 'pos', 'block_number': 6, 'success': True}]"
21371,43000117,146000,233,True,True,6.0,6.0,True,True,True,21369.0,6,b_attack,"[{'system': 'pbs', 'block_number': 6, 'success': True}, {'system': 'pos', 'block_number': 6, 'success': True}]"
21369,0,0,227,True,True,6.0,6.0,False,False,True,21367.0,6,failed,"[{'system': 'pbs', 'block_number': 6, 'success': False}, {'system': 'pos', 'block_number': 6, 'success': False}]"
21370,0,0,227,True,True,6.0,6.0,False,False,True,21367.0,6,failed,"[{'system': 'pbs', 'block_number': 6, 'success': False}, {'system': 'pos', 'block_number': 6, 'success': False}]"
21372,0,0,233,True,True,6.0,6.0,False,False,True,21369.0,6,failed,"[{'system': 'pbs', 'block_number': 6, 'success': False}, {'system': 'pos', 'block_number': 6, 'success': False}]"
21374,0,0,232,True,True,6.0,6.0,False,False,True,21371.0,6,failed,"[{'system': 'pbs', 'block_number': 6, 'success': False}, {'system': 'pos', 'block_number': 6, 'success': False}]"
21376,0,0,238,True,True,6.0,6.0,False,False,True,21373.0,6,failed,"[{'system': 'pbs', 'block_number': 6, 'success': False}, {'system': 'pos', 'block_number': 6, 'success': False}]"
21378,0,0,240,True,True,6.0,6.0,False,False,True,21375.0,6,failed,"[{'system': 'pbs', 'block_number': 6, 'success': False}, {'system': 'pos', 'block_number': 6, 'success': False}]"
21380,0,0,238,True,True,6.0,6.0,False,False,True,21377.0,6,failed,"[{'system': 'pbs', 'block_number': 6, 'success': False}, {'system': 'pos', 'block_number': 6, 'success': False}]"
21382,0,0,226,True,True,6.0,6.0,False,False,True,21379.0,6,failed,"[{'system': 'pbs', 'block_number': 6, 'success': False}, {'system': 'pos', 'block_number': 6, 'success': False}]"
21384,0,0,236,True,True,6.0,6.0,False,False,True,21381.0,6,failed,"[{'system': 'pbs', 'block_number': 6, 'success': False}, {'system': 'pos', 'block_number': 6, 'success': False}]"
21386,0,0,237,True,True,6.0,6.0,False,False,True,21383.0,6,failed,"[{'system': 'pbs', 'block_number': 6, 'success': False}, {'system': 'pos', 'block_number': 6, 'success': False}]"
21388,0,0,231,True,True,6.0,6.0,False,False,True,21385.0,6,failed,"[{'system': 'pbs', 'block_number': 6, 'success': False}, {'system': 'pos', 'block_number': 6, 'success': False}]"
21390,0,0,234,True,True,6.0,6.0,False,False,True,21387.0,6,failed,"[{'system': 'pbs', 'block_number': 6, 'success': False}, {'system': 'pos', 'block_number': 6, 'success': False}]"
21392,0,0,223,True,True,6.0,6.0,False,False,True,21389.0,6,failed,"[{'system': 'pbs', 'block_number': 6, 'success': False}, {'system': 'pos', 'block_number': 6, 'success': False}]"
21394,0,0,227,True,True,6.0,6.0,False,False,True,21391.0,6,failed,"[{'system': 'pbs', 'block_number': 6, 'success': False}, {'system': 'pos', 'block_number': 6, 'success': False}]"
21396,0,0,232,True,True,6.0,6.0,False,False,True,21393.0,6,failed,"[{'system': 'pbs', 'block_number': 6, 'success': False}, {'system': 'pos', 'block_number': 6, 'success': False}]"
21398,0,0,227,True,True,6.0,6.0,False,False,True,21395.0,6,failed,"[{'system': 'pbs', 'block_number': 6, 'success': False}, {'system': 'pos', 'block_number': 6, 'success': False}]"
21400,0,0,237,True,True,6.0,6.0,False,False,True,21397.0,6,failed,"[{'system': 'pbs', 'block_number': 6, 'success': False}, {'system': 'pos', 'block_number': 6, 'success': False}]"
21402,0,0,230,True,True,6.0,6.0,False,False,True,21399.0,6,failed,"[{'system': 'pbs', 'block_number': 6, 'success': False}, {'system': 'pos', 'block_number': 6, 'success': False}]"
21404,0,0,237,True,True,6.0,6.0,False,False,True,21401.0,6,failed,"[{'system': 'pbs', 'block_number': 6, 'success': False}, {'system': 'pos', 'block_number': 6, 'success': False}]"
21406,0,0,229,True,True,6.0,6.0,False,False,True,21403.0,6,failed,"[{'system': 'pbs', 'block_number': 6, 'success': False}, {'system': 'pos', 'block_number': 6, 'success': False}]"
21408,0,0,232,True,True,6.0,6.0,False,False,True,21405.0,6,failed,"[{'system': 'pbs', 'block_number': 6, 'success': False}, {'system': 'pos', 'block_number': 6, 'success': False}]"
21410,0,0,224,True,True,6.0,6.0,False,False,True,21407.0,6,failed,"[{'system': 'pbs', 'block_number': 6, 'success': False}, {'system': 'pos', 'block_number': 6, 'success': False}]"
21412,0,0,233,True,True,6.0,6.0,False,False,True,21409.0,6,failed,"[{'system': 'pbs', 'block_number': 6, 'success': False}, {'system': 'pos', 'block_number': 6, 'success': False}]"
21414,0,0,239,True,True,6.0,6.0,False,False,True,21411.0,6,failed,"[{'system': 'pbs', 'block_number': 6, 'success': False}, {'system': 'pos', 'block_number': 6, 'success': False}]"
21416,0,0,238,True,True,6.0,6.0,False,False,True,21413.0,6,failed,"[{'system': 'pbs', 'block_number': 6, 'success': False}, {'system': 'pos', 'block_number': 6, 'success': False}]"
21463,43000163,146000,240,True,True,7.0,7.0,True,True,True,21461.0,7,b_attack,"[{'system': 'pbs', 'block_number': 7, 'success': True}, {'system': 'pos', 'block_number': 7, 'success': True}]"
21461,43000162,146000,225,True,True,7.0,7.0,True,True,True,21459.0,7,b_attack,"[{'system': 'pbs', 'block_number': 7, 'success': True}, {'system': 'pos', 'block_number': 7, 'success': True}]"
21459,43000161,146000,233,True,True,7.0,7.0,True,True,True,21457.0,7,b_attack,"[{'system': 'pbs', 'block_number': 7, 'success': True}, {'system': 'pos', 'block_number': 7, 'success': True}]"
21457,43000160,146000,237,True,True,7.0,7.0,True,True,True,21455.0,7,b_attack,"[{'system': 'pbs', 'block_number': 7, 'success': True}, {'system': 'pos', 'block_number': 7, 'success': True}]"
21455,43000159,146000,227,True,True,7.0,7.0,True,True,True,21453.0,7,b_attack,"[{'system': 'pbs', 'block_number': 7, 'success': True}, {'system': 'pos', 'block_number': 7, 'success': True}]"
21453,43000158,146000,238,True,True,7.0,7.0,True,True,True,21451.0,7,b_attack,"[{'system': 'pbs', 'block_number': 7, 'success': True}, {'system': 'pos', 'block_number': 7, 'success': True}]"
21451,43000157,146000,232,True,True,7.0,7.0,True,True,True,21449.0,7,b_attack,"[{'system': 'pbs', 'block_number': 7, 'success': True}, {'system': 'pos', 'block_number': 7, 'success': True}]"
21449,43000156,146000,240,True,True,7.0,7.0,True,True,True,21447.0,7,b_attack,"[{'system': 'pbs', 'block_number': 7, 'success': True}, {'system': 'pos', 'block_number': 7, 'success': True}]"
21447,43000155,146000,236,True,True,7.0,7.0,True,True,True,21445.0,7,b_attack,"[{'system': 'pbs', 'block_number': 7, 'success': True}, {'system': 'pos', 'block_number': 7, 'success': True}]"
21445,43000154,146000,235,True,True,7.0,7.0,True,True,True,21443.0,7,b_attack,"[{'system': 'pbs', 'block_number': 7, 'success': True}, {'system': 'pos', 'block_number': 7, 'success': True}]"
21443,43000153,146000,224,True,True,7.0,7.0,True,True,True,21441.0,7,b_attack,"[{'system': 'pbs', 'block_number': 7, 'success': True}, {'system': 'pos', 'block_number': 7, 'success': True}]"
21441,43000152,146000,240,True,True,7.0,7.0,True,True,True,21439.0,7,b_attack,"[{'system': 'pbs', 'block_number': 7, 'success': True}, {'system': 'pos', 'block_number': 7, 'success': True}]"
21439,43000151,146000,225,True,True,7.0,7.0,True,True,True,21437.0,7,b_attack,"[{'system': 'pbs', 'block_number': 7, 'success': True}, {'system': 'pos', 'block_number': 7, 'success': True}]"
21437,43000150,146000,239,True,True,7.0,7.0,True,True,True,21435.0,7,b_attack,"[{'system': 'pbs', 'block_number': 7, 'success': True}, {'system': 'pos', 'block_number': 7, 'success': True}]"
21435,43000149,146000,233,True,True,7.0,7.0,True,True,True,21433.0,7,b_attack,"[{'system': 'pbs', 'block_number': 7, 'success': True}, {'system': 'pos', 'block_number': 7, 'success': True}]"
21433,43000148,146000,239,True,True,7.0,7.0,True,True,True,21431.0,7,b_attack,"[{'system': 'pbs', 'block_number': 7, 'success': True}, {'system': 'pos', 'block_number': 7, 'success': True}]"
21431,43000147,146000,223,True,True,7.0,7.0,True,True,True,21429.0,7,b_attack,"[{'system': 'pbs', 'block_number': 7, 'success': True}, {'system': 'pos', 'block_number': 7, 'success': True}]"
21429,43000146,146000,240,True,True,7.0,7.0,True,True,True,21427.0,7,b_attack,"[{'system': 'pbs', 'block_number': 7, 'success': True}, {'system': 'pos', 'block_number': 7, 'success': True}]"
21427,43000145,146000,224,True,True,7.0,7.0,True,True,True,21425.0,7,b_attack,"[{'system': 'pbs', 'block_number': 7, 'success': True}, {'system': 'pos', 'block_number': 7, 'success': True}]"
21425,43000144,146000,240,True,True,7.0,7.0,True,True,True,21423.0,7,b_attack,"[{'system': 'pbs', 'block_number': 7, 'success': True}, {'system': 'pos', 'block_number': 7, 'success': True}]"
21423,43000143,146000,240,True,True,7.0,7.0,True,True,True,21421.0,7,b_attack,"[{'system': 'pbs', 'block_number': 7, 'success': True}, {'system': 'pos', 'block_number': 7, 'success': True}]"
21421,43000142,146000,225,True,True,7.0,7.0,True,True,True,21419.0,7,b_attack,"[{'system': 'pbs', 'block_number': 7, 'success': True}, {'system': 'pos', 'block_number': 7, 'success': True}]"
21419,43000141,146000,232,True,True,7.0,7.0,True,True,True,21417.0,7,b_attack,"[{'system': 'pbs', 'block_number': 7, 'success': True}, {'system': 'pos', 'block_number': 7, 'success': True}]"
21417,0,0,223,True,True,7.0,7.0,False,True,True,21415.0,7,failed,"[{'system': 'pbs', 'block_number': 7, 'success': False}, {'system': 'pos', 'block_number': 7, 'success': True}]"
21418,0,0,223,True,True,7.0,7.0,False,False,True,21415.0,7,failed,"[{'system': 'pbs', 'block_number': 7, 'success': False}, {'system': 'pos', 'block_number': 7, 'success': False}]"
21420,0,0,232,True,True,7.0,7.0,False,False,True,21417.0,7,failed,"[{'system': 'pbs', 'block_number': 7, 'success': False}, {'system': 'pos', 'block_number': 7, 'success': False}]"
21422,0,0,225,True,True,7.0,7.0,False,False,True,21419.0,7,failed,"[{'system': 'pbs', 'block_number': 7, 'success': False}, {'system': 'pos', 'block_number': 7, 'success': False}]"
21424,0,0,240,True,True,7.0,7.0,False,False,True,21421.0,7,failed,"[{'system': 'pbs', 'block_number': 7, 'success': False}, {'system': 'pos', 'block_number': 7, 'success': False}]"
21426,0,0,240,True,True,7.0,7.0,False,False,True,21423.0,7,failed,"[{'system': 'pbs', 'block_number': 7, 'success': False}, {'system': 'pos', 'block_number': 7, 'success': False}]"
21428,0,0,224,True,True,7.0,7.0,False,False,True,21425.0,7,failed,"[{'system': 'pbs', 'block_number': 7, 'success': False}, {'system': 'pos', 'block_number': 7, 'success': False}]"
21430,0,0,240,True,True,7.0,7.0,False,False,True,21427.0,7,failed,"[{'system': 'pbs', 'block_number': 7, 'success': False}, {'system': 'pos', 'block_number': 7, 'success': False}]"
21432,0,0,223,True,True,7.0,7.0,False,False,True,21429.0,7,failed,"[{'system': 'pbs', 'block_number': 7, 'success': False}, {'system': 'pos', 'block_number': 7, 'success': False}]"
21434,0,0,239,True,True,7.0,7.0,False,False,True,21431.0,7,failed,"[{'system': 'pbs', 'block_number': 7, 'success': False}, {'system': 'pos', 'block_number': 7, 'success': False}]"
21436,0,0,233,True,True,7.0,7.0,False,False,True,21433.0,7,failed,"[{'system': 'pbs', 'block_number': 7, 'success': False}, {'system': 'pos', 'block_number': 7, 'success': False}]"
21438,0,0,239,True,True,7.0,7.0,False,False,True,21435.0,7,failed,"[{'system': 'pbs', 'block_number': 7, 'success': False}, {'system': 'pos', 'block_number': 7, 'success': False}]"
21440,0,0,225,True,True,7.0,7.0,False,False,True,21437.0,7,failed,"[{'system': 'pbs', 'block_number': 7, 'success': False}, {'system': 'pos', 'block_number': 7, 'success': False}]"
21442,0,0,240,True,True,7.0,7.0,False,False,True,21439.0,7,failed,"[{'system': 'pbs', 'block_number': 7, 'success': False}, {'system': 'pos', 'block_number': 7, 'success': False}]"
21444,0,0,224,True,True,7.0,7.0,False,False,True,21441.0,7,failed,"[{'system': 'pbs', 'block_number': 7, 'success': False}, {'system': 'pos', 'block_number': 7, 'success': False}]"
21446,0,0,235,True,True,7.0,7.0,False,False,True,21443.0,7,failed,"[{'system': 'pbs', 'block_number': 7, 'success': False}, {'system': 'pos', 'block_number': 7, 'success': False}]"
21448,0,0,236,True,True,7.0,7.0,False,False,True,21445.0,7,failed,"[{'system': 'pbs', 'block_number': 7, 'success': False}, {'system': 'pos', 'block_number': 7, 'success': False}]"
21450,0,0,240,True,True,7.0,7.0,False,False,True,21447.0,7,failed,"[{'system': 'pbs', 'block_number': 7, 'success': False}, {'system': 'pos', 'block_number': 7, 'success': False}]"
21452,0,0,232,True,True,7.0,7.0,False,False,True,21449.0,7,failed,"[{'system': 'pbs', 'block_number': 7, 'success': False}, {'system': 'pos', 'block_number': 7, 'success': False}]"
21454,0,0,238,True,True,7.0,7.0,False,False,True,21451.0,7,failed,"[{'system': 'pbs', 'block_number': 7, 'success': False}, {'system': 'pos', 'block_number': 7, 'success': False}]"
21456,0,0,227,True,True,7.0,7.0,False,False,True,21453.0,7,failed,"[{'system': 'pbs', 'block_number': 7, 'success': False}, {'system': 'pos', 'block_number': 7, 'success': False}]"
21458,0,0,237,True,True,7.0,7.0,False,False,True,21455.0,7,failed,"[{'system': 'pbs', 'block_number': 7, 'success': False}, {'system': 'pos', 'block_number': 7, 'success': False}]"
21460,0,0,233,True,True,7.0,7.0,False,False,True,21457.0,7,failed,"[{'system': 'pbs', 'block_number': 7, 'success': False}, {'system': 'pos', 'block_number': 7, 'success': False}]"
21462,0,0,225,True,True,7.0,7.0,False,False,True,21459.0,7,failed,"[{'system': 'pbs', 'block_number': 7, 'success': False}, {'system': 'pos', 'block_number': 7, 'success': False}]"
21464,0,0,240,True,True,7.0,7.0,False,False,True,21461.0,7,failed,"[{'system': 'pbs', 'block_number': 7, 'success': False}, {'system': 'pos', 'block_number': 7, 'success': False}]"
21511,43000187,146000,237,True,True,8.0,8.0,True,True,True,21509.0,8,b_attack,"[{'system': 'pbs', 'block_number': 8, 'success': True}, {'system': 'pos', 'block_number': 8, 'success': True}]"
21509,43000186,146000,221,True,True,8.0,8.0,True,True,True,21507.0,8,b_attack,"[{'system': 'pbs', 'block_number': 8, 'success': True}, {'system': 'pos', 'block_number': 8, 'success': True}]"
21507,43000185,146000,236,True,True,8.0,8.0,True,True,True,21505.0,8,b_attack,"[{'system': 'pbs', 'block_number': 8, 'success': True}, {'system': 'pos', 'block_number': 8, 'success': True}]"
21505,43000184,146000,221,True,True,8.0,8.0,True,True,True,21503.0,8,b_attack,"[{'system': 'pbs', 'block_number': 8, 'success': True}, {'system': 'pos', 'block_number': 8, 'success': True}]"
21503,43000183,146000,238,True,True,8.0,8.0,True,True,True,21501.0,8,b_attack,"[{'system': 'pbs', 'block_number': 8, 'success': True}, {'system': 'pos', 'block_number': 8, 'success': True}]"
21501,43000182,146000,231,True,True,8.0,8.0,True,True,True,21499.0,8,b_attack,"[{'system': 'pbs', 'block_number': 8, 'success': True}, {'system': 'pos', 'block_number': 8, 'success': True}]"
21499,43000181,146000,235,True,True,8.0,8.0,True,True,True,21497.0,8,b_attack,"[{'system': 'pbs', 'block_number': 8, 'success': True}, {'system': 'pos', 'block_number': 8, 'success': True}]"
21497,43000180,146000,239,True,True,8.0,8.0,True,True,True,21495.0,8,b_attack,"[{'system': 'pbs', 'block_number': 8, 'success': True}, {'system': 'pos', 'block_number': 8, 'success': True}]"
21495,43000179,146000,223,True,True,8.0,8.0,True,True,True,21493.0,8,b_attack,"[{'system': 'pbs', 'block_number': 8, 'success': True}, {'system': 'pos', 'block_number': 8, 'success': True}]"
21493,43000178,146000,239,True,True,8.0,8.0,True,True,True,21491.0,8,b_attack,"[{'system': 'pbs', 'block_number': 8, 'success': True}, {'system': 'pos', 'block_number': 8, 'success': True}]"
21491,43000177,146000,232,True,True,8.0,8.0,True,True,True,21489.0,8,b_attack,"[{'system': 'pbs', 'block_number': 8, 'success': True}, {'system': 'pos', 'block_number': 8, 'success': True}]"
21489,43000176,146000,225,True,True,8.0,8.0,True,True,True,21487.0,8,b_attack,"[{'system': 'pbs', 'block_number': 8, 'success': True}, {'system': 'pos', 'block_number': 8, 'success': True}]"
21487,43000175,146000,232,True,True,8.0,8.0,True,True,True,21485.0,8,b_attack,"[{'system': 'pbs', 'block_number': 8, 'success': True}, {'system': 'pos', 'block_number': 8, 'success': True}]"
21485,43000174,146000,237,True,True,8.0,8.0,True,True,True,21483.0,8,b_attack,"[{'system': 'pbs', 'block_number': 8, 'success': True}, {'system': 'pos', 'block_number': 8, 'success': True}]"
21483,43000173,146000,225,True,True,8.0,8.0,True,True,True,21481.0,8,b_attack,"[{'system': 'pbs', 'block_number': 8, 'success': True}, {'system': 'pos', 'block_number': 8, 'success': True}]"
21481,43000172,146000,233,True,True,8.0,8.0,True,True,True,21479.0,8,b_attack,"[{'system': 'pbs', 'block_number': 8, 'success': True}, {'system': 'pos', 'block_number': 8, 'success': True}]"
21479,43000171,146000,229,True,True,8.0,8.0,True,True,True,21477.0,8,b_attack,"[{'system': 'pbs', 'block_number': 8, 'success': True}, {'system': 'pos', 'block_number': 8, 'success': True}]"
21477,43000170,146000,223,True,True,8.0,8.0,True,True,True,21475.0,8,b_attack,"[{'system': 'pbs', 'block_number': 8, 'success': True}, {'system': 'pos', 'block_number': 8, 'success': True}]"
21475,43000169,146000,233,True,True,8.0,8.0,True,True,True,21473.0,8,b_attack,"[{'system': 'pbs', 'block_number': 8, 'success': True}, {'system': 'pos', 'block_number': 8, 'success': True}]"
21473,43000168,146000,232,True,True,8.0,8.0,True,True,True,21471.0,8,b_attack,"[{'system': 'pbs', 'block_number': 8, 'success': True}, {'system': 'pos', 'block_number': 8, 'success': True}]"
21471,43000167,146000,223,True,True,8.0,8.0,True,True,True,21469.0,8,b_attack,"[{'system': 'pbs', 'block_number': 8, 'success': True}, {'system': 'pos', 'block_number': 8, 'success': True}]"
21469,43000166,146000,237,True,True,8.0,8.0,True,True,True,21467.0,8,b_attack,"[{'system': 'pbs', 'block_number': 8, 'success': True}, {'system': 'pos', 'block_number': 8, 'success': True}]"
21467,43000165,146000,231,True,True,8.0,8.0,True,True,True,21465.0,8,b_attack,"[{'system': 'pbs', 'block_number': 8, 'success': True}, {'system': 'pos', 'block_number': 8, 'success': True}]"
21465,0,0,229,True,True,8.0,8.0,False,True,True,21463.0,8,failed,"[{'system': 'pbs', 'block_number': 8, 'success': False}, {'system': 'pos', 'block_number': 8, 'success': True}]"
21466,0,0,229,True,True,8.0,8.0,False,False,True,21463.0,8,failed,"[{'system': 'pbs', 'block_number': 8, 'success': False}, {'system': 'pos', 'block_number': 8, 'success': False}]"
21468,0,0,231,True,True,8.0,8.0,False,False,True,21465.0,8,failed,"[{'system': 'pbs', 'block_number': 8, 'success': False}, {'system': 'pos', 'block_number': 8, 'success': False}]"
21470,0,0,237,True,True,8.0,8.0,False,False,True,21467.0,8,failed,"[{'system': 'pbs', 'block_number': 8, 'success': False}, {'system': 'pos', 'block_number': 8, 'success': False}]"
21472,0,0,223,True,True,8.0,8.0,False,False,True,21469.0,8,failed,"[{'system': 'pbs', 'block_number': 8, 'success': False}, {'system': 'pos', 'block_number': 8, 'success': False}]"
21474,0,0,232,True,True,8.0,8.0,False,False,True,21471.0,8,failed,"[{'system': 'pbs', 'block_number': 8, 'success': False}, {'system': 'pos', 'block_number': 8, 'success': False}]"
21476,0,0,233,True,True,8.0,8.0,False,False,True,21473.0,8,failed,"[{'system': 'pbs', 'block_number': 8, 'success': False}, {'system': 'pos', 'block_number': 8, 'success': False}]"
21478,0,0,223,True,True,8.0,8.0,False,False,True,21475.0,8,failed,"[{'system': 'pbs', 'block_number': 8, 'success': False}, {'system': 'pos', 'block_number': 8, 'success': False}]"
21480,0,0,229,True,True,8.0,8.0,False,False,True,21477.0,8,failed,"[{'system': 'pbs', 'block_number': 8, 'success': False}, {'system': 'pos', 'block_number': 8, 'success': False}]"
21482,0,0,233,True,True,8.0,8.0,False,False,True,21479.0,8,failed,"[{'system': 'pbs', 'block_number': 8, 'success': False}, {'system': 'pos', 'block_number': 8, 'success': False}]"
21484,0,0,225,True,True,8.0,8.0,False,False,True,21481.0,8,failed,"[{'system': 'pbs', 'block_number': 8, 'success': False}, {'system': 'pos', 'block_number': 8, 'success': False}]"
21486,0,0,237,True,True,8.0,8.0,False,False,True,21483.0,8,failed,"[{'system': 'pbs', 'block_number': 8, 'success': False}, {'system': 'pos', 'block_number': 8, 'success': False}]"
21488,0,0,232,True,True,8.0,8.0,False,False,True,21485.0,8,failed,"[{'system': 'pbs', 'block_number': 8, 'success': False}, {'system': 'pos', 'block_number': 8, 'success': False}]"
21490,0,0,225,True,True,8.0,8.0,False,False,True,21487.0,8,failed,"[{'system': 'pbs', 'block_number': 8, 'success': False}, {'system': 'pos', 'block_number': 8, 'success': False}]"
21492,0,0,232,True,True,8.0,8.0,False,False,True,21489.0,8,failed,"[{'system': 'pbs', 'block_number': 8, 'success': False}, {'system': 'pos', 'block_number': 8, 'success': False}]"
21494,0,0,239,True,True,8.0,8.0,False,False,True,21491.0,8,failed,"[{'system': 'pbs', 'block_number': 8, 'success': False}, {'system': 'pos', 'block_number': 8, 'success': False}]"
21496,0,0,223,True,True,8.0,8.0,False,False,True,21493.0,8,failed,"[{'system': 'pbs', 'block_number': 8, 'success': False}, {'system': 'pos', 'block_number': 8, 'success': False}]"
21498,0,0,239,True,True,8.0,8.0,False,False,True,21495.0,8,failed,"[{'system': 'pbs', 'block_number': 8, 'success': False}, {'system': 'pos', 'block_number': 8, 'success': False}]"
21500,0,0,235,True,True,8.0,8.0,False,False,True,21497.0,8,failed,"[{'system': 'pbs', 'block_number': 8, 'success': False}, {'system': 'pos', 'block_number': 8, 'success': False}]"
21502,0,0,231,True,True,8.0,8.0,False,False,True,21499.0,8,failed,"[{'system': 'pbs', 'block_number': 8, 'success': False}, {'system': 'pos', 'block_number': 8, 'success': False}]"
21504,0,0,238,True,True,8.0,8.0,False,False,True,21501.0,8,failed,"[{'system': 'pbs', 'block_number': 8, 'success': False}, {'system': 'pos', 'block_number': 8, 'success': False}]"
21506,0,0,221,True,True,8.0,8.0,False,False,True,21503.0,8,failed,"[{'system': 'pbs', 'block_number': 8, 'success': False}, {'system': 'pos', 'block_number': 8, 'success': False}]"
21508,0,0,236,True,True,8.0,8.0,False,False,True,21505.0,8,failed,"[{'system': 'pbs', 'block_number': 8, 'success': False}, {'system': 'pos', 'block_number': 8, 'success': False}]"
21510,0,0,221,True,True,8.0,8.0,False,False,True,21507.0,8,failed,"[{'system': 'pbs', 'block_number': 8, 'success': False}, {'system': 'pos', 'block_number': 8, 'success': False}]"
21512,0,0,237,True,True,8.0,8.0,False,False,True,21509.0,8,failed,"[{'system': 'pbs', 'block_number': 8, 'success': False}, {'system': 'pos', 'block_number': 8, 'success': False}]"
21559,43000211,146000,227,True,True,9.0,9.0,True,True,True,21557.0,9,b_attack,"[{'system': 'pbs', 'block_number': 9, 'success': True}, {'system': 'pos', 'block_number': 9, 'success': True}]"
21557,43000210,146000,238,True,True,9.0,9.0,True,True,True,21555.0,9,b_attack,"[{'system': 'pbs', 'block_number': 9, 'success': True}, {'system': 'pos', 'block_number': 9, 'success': True}]"
21555,43000209,146000,231,True,True,9.0,9.0,True,True,True,21553.0,9,b_attack,"[{'system': 'pbs', 'block_number': 9, 'success': True}, {'system': 'pos', 'block_number': 9, 'success': True}]"
21553,43000208,146000,225,True,True,9.0,9.0,True,True,True,21551.0,9,b_attack,"[{'system': 'pbs', 'block_number': 9, 'success': True}, {'system': 'pos', 'block_number': 9, 'success': True}]"
21551,43000207,146000,228,True,True,9.0,9.0,True,True,True,21549.0,9,b_attack,"[{'system': 'pbs', 'block_number': 9, 'success': True}, {'system': 'pos', 'block_number': 9, 'success': True}]"
21549,43000206,146000,222,True,True,9.0,9.0,True,True,True,21547.0,9,b_attack,"[{'system': 'pbs', 'block_number': 9, 'success': True}, {'system': 'pos', 'block_number': 9, 'success': True}]"
21547,43000205,146000,226,True,True,9.0,9.0,True,True,True,21545.0,9,b_attack,"[{'system': 'pbs', 'block_number': 9, 'success': True}, {'system': 'pos', 'block_number': 9, 'success': True}]"
21545,43000204,146000,235,True,True,9.0,9.0,True,True,True,21543.0,9,b_attack,"[{'system': 'pbs', 'block_number': 9, 'success': True}, {'system': 'pos', 'block_number': 9, 'success': True}]"
21543,43000203,146000,222,True,True,9.0,9.0,True,True,True,21541.0,9,b_attack,"[{'system': 'pbs', 'block_number': 9, 'success': True}, {'system': 'pos', 'block_number': 9, 'success': True}]"
21541,43000202,146000,238,True,True,9.0,9.0,True,True,True,21539.0,9,b_attack,"[{'system': 'pbs', 'block_number': 9, 'success': True}, {'system': 'pos', 'block_number': 9, 'success': True}]"
21539,43000201,146000,221,True,True,9.0,9.0,True,True,True,21537.0,9,b_attack,"[{'system': 'pbs', 'block_number': 9, 'success': True}, {'system': 'pos', 'block_number': 9, 'success': True}]"
21537,43000200,146000,235,True,True,9.0,9.0,True,True,True,21535.0,9,b_attack,"[{'system': 'pbs', 'block_number': 9, 'success': True}, {'system': 'pos', 'block_number': 9, 'success': True}]"
21535,43000199,146000,232,True,True,9.0,9.0,True,True,True,21533.0,9,b_attack,"[{'system': 'pbs', 'block_number': 9, 'success': True}, {'system': 'pos', 'block_number': 9, 'success': True}]"
21533,43000198,146000,232,True,True,9.0,9.0,True,True,True,21531.0,9,b_attack,"[{'system': 'pbs', 'block_number': 9, 'success': True}, {'system': 'pos', 'block_number': 9, 'success': True}]"
21531,43000197,146000,225,True,True,9.0,9.0,True,True,True,21529.0,9,b_attack,"[{'system': 'pbs', 'block_number': 9, 'success': True}, {'system': 'pos', 'block_number': 9, 'success': True}]"
21529,43000196,146000,240,True,True,9.0,9.0,True,True,True,21527.0,9,b_attack,"[{'system': 'pbs', 'block_number': 9, 'success': True}, {'system': 'pos', 'block_number': 9, 'success': True}]"
21527,43000195,146000,234,True,True,9.0,9.0,True,True,True,21525.0,9,b_attack,"[{'system': 'pbs', 'block_number': 9, 'success': True}, {'system': 'pos', 'block_number': 9, 'success': True}]"
21525,43000194,146000,236,True,True,9.0,9.0,True,True,True,21523.0,9,b_attack,"[{'system': 'pbs', 'block_number': 9, 'success': True}, {'system': 'pos', 'block_number': 9, 'success': True}]"
21523,43000193,146000,236,True,True,9.0,9.0,True,True,True,21521.0,9,b_attack,"[{'system': 'pbs', 'block_number': 9, 'success': True}, {'system': 'pos', 'block_number': 9, 'success': True}]"
21521,43000192,146000,236,True,True,9.0,9.0,True,True,True,21519.0,9,b_attack,"[{'system': 'pbs', 'block_number': 9, 'success': True}, {'system': 'pos', 'block_number': 9, 'success': True}]"
21519,43000191,146000,235,True,True,9.0,9.0,True,True,True,21517.0,9,b_attack,"[{'system': 'pbs', 'block_number': 9, 'success': True}, {'system': 'pos', 'block_number': 9, 'success': True}]"
21517,43000190,146000,227,True,True,9.0,9.0,True,True,True,21515.0,9,b_attack,"[{'system': 'pbs', 'block_number': 9, 'success': True}, {'system': 'pos', 'block_number': 9, 'success': True}]"
21515,43000189,146000,226,True,True,9.0,9.0,True,True,True,21513.0,9,b_attack,"[{'system': 'pbs', 'block_number': 9, 'success': True}, {'system': 'pos', 'block_number': 9, 'success': True}]"
21513,0,0,237,True,True,9.0,9.0,False,True,True,21511.0,9,failed,"[{'system': 'pbs', 'block_number': 9, 'success': False}, {'system': 'pos', 'block_number': 9, 'success': True}]"
21514,0,0,237,True,True,9.0,9.0,False,False,True,21511.0,9,failed,"[{'system': 'pbs', 'block_number': 9, 'success': False}, {'system': 'pos', 'block_number': 9, 'success': False}]"
21516,0,0,226,True,True,9.0,9.0,False,False,True,21513.0,9,failed,"[{'system': 'pbs', 'block_number': 9, 'success': False}, {'system': 'pos', 'block_number': 9, 'success': False}]"
21518,0,0,227,True,True,9.0,9.0,False,False,True,21515.0,9,failed,"[{'system': 'pbs', 'block_number': 9, 'success': False}, {'system': 'pos', 'block_number': 9, 'success': False}]"
21520,0,0,235,True,True,9.0,9.0,False,False,True,21517.0,9,failed,"[{'system': 'pbs', 'block_number': 9, 'success': False}, {'system': 'pos', 'block_number': 9, 'success': False}]"
21522,0,0,236,True,True,9.0,9.0,False,False,True,21519.0,9,failed,"[{'system': 'pbs', 'block_number': 9, 'success': False}, {'system': 'pos', 'block_number': 9, 'success': False}]"
21524,0,0,236,True,True,9.0,9.0,False,False,True,21521.0,9,failed,"[{'system': 'pbs', 'block_number': 9, 'success': False}, {'system': 'pos', 'block_number': 9, 'success': False}]"
21526,0,0,236,True,True,9.0,9.0,False,False,True,21523.0,9,failed,"[{'system': 'pbs', 'block_number': 9, 'success': False}, {'system': 'pos', 'block_number': 9, 'success': False}]"
21528,0,0,234,True,True,9.0,9.0,False,False,True,21525.0,9,failed,"[{'system': 'pbs', 'block_number': 9, 'success': False}, {'system': 'pos', 'block_number': 9, 'success': False}]"
21530,0,0,240,True,True,9.0,9.0,False,False,True,21527.0,9,failed,"[{'system': 'pbs', 'block_number': 9, 'success': False}, {'system': 'pos', 'block_number': 9, 'success': False}]"
21532,0,0,225,True,True,9.0,9.0,False,False,True,21529.0,9,failed,"[{'system': 'pbs', 'block_number': 9, 'success': False}, {'system': 'pos', 'block_number': 9, 'success': False}]"
21534,0,0,232,True,True,9.0,9.0,False,False,True,21531.0,9,failed,"[{'system': 'pbs', 'block_number': 9, 'success': False}, {'system': 'pos', 'block_number': 9, 'success': False}]"
21536,0,0,232,True,True,9.0,9.0,False,False,True,21533.0,9,failed,"[{'system': 'pbs', 'block_number': 9, 'success': False}, {'system': 'pos', 'block_number': 9, 'success': False}]"
21538,0,0,235,True,True,9.0,9.0,False,False,True,21535.0,9,failed,"[{'system': 'pbs', 'block_number': 9, 'success': False}, {'system': 'pos', 'block_number': 9, 'success': False}]"
21540,0,0,221,True,True,9.0,9.0,False,False,True,21537.0,9,failed,"[{'system': 'pbs', 'block_number': 9, 'success': False}, {'system': 'pos', 'block_number': 9, 'success': False}]"
21542,0,0,238,True,True,9.0,9.0,False,False,True,21539.0,9,failed,"[{'system': 'pbs', 'block_number': 9, 'success': False}, {'system': 'pos', 'block_number': 9, 'success': False}]"
21544,0,0,222,True,True,9.0,9.0,False,False,True,21541.0,9,failed,"[{'system': 'pbs', 'block_number': 9, 'success': False}, {'system': 'pos', 'block_number': 9, 'success': False}]"
21546,0,0,235,True,True,9.0,9.0,False,False,True,21543.0,9,failed,"[{'system': 'pbs', 'block_number': 9, 'success': False}, {'system': 'pos', 'block_number': 9, 'success': False}]"
21548,0,0,226,True,True,9.0,9.0,False,False,True,21545.0,9,failed,"[{'system': 'pbs', 'block_number': 9, 'success': False}, {'system': 'pos', 'block_number': 9, 'success': False}]"
21550,0,0,222,True,True,9.0,9.0,False,False,True,21547.0,9,failed,"[{'system': 'pbs', 'block_number': 9, 'success': False}, {'system': 'pos', 'block_number': 9, 'success': False}]"
21552,0,0,228,True,True,9.0,9.0,False,False,True,21549.0,9,failed,"[{'system': 'pbs', 'block_number': 9, 'success': False}, {'system': 'pos', 'block_number': 9, 'success': False}]"
21554,0,0,225,True,True,9.0,9.0,False,False,True,21551.0,9,failed,"[{'system': 'pbs', 'block_number': 9, 'success': False}, {'system': 'pos', 'block_number': 9, 'success': False}]"
21556,0,0,231,True,True,9.0,9.0,False,False,True,21553.0,9,failed,"[{'system': 'pbs', 'block_number': 9, 'success': False}, {'system': 'pos', 'block_number': 9, 'success': False}]"
21558,0,0,238,True,True,9.0,9.0,False,False,True,21555.0,9,failed,"[{'system': 'pbs', 'block_number': 9, 'success': False}, {'system': 'pos', 'block_number': 9, 'success': False}]"
21560,0,0,227,True,True,9.0,9.0,False,False,True,21557.0,9,failed,"[{'system': 'pbs', 'block_number': 9, 'success': False}, {'system': 'pos', 'block_number': 9, 'success': False}]"
21607,43000235,146000,225,True,True,10.0,10.0,True,True,True,21605.0,10,b_attack,"[{'system': 'pbs', 'block_number': 10, 'success': True}, {'system': 'pos', 'block_number': 10, 'success': True}]"
21605,43000234,146000,231,True,True,10.0,10.0,True,True,True,21603.0,10,b_attack,"[{'system': 'pbs', 'block_number': 10, 'success': True}, {'system': 'pos', 'block_number': 10, 'success': True}]"
21603,43000233,146000,231,True,True,10.0,10.0,True,True,True,21601.0,10,b_attack,"[{'system': 'pbs', 'block_number': 10, 'success': True}, {'system': 'pos', 'block_number': 10, 'success': True}]"
21601,43000232,146000,229,True,True,10.0,10.0,True,True,True,21599.0,10,b_attack,"[{'system': 'pbs', 'block_number': 10, 'success': True}, {'system': 'pos', 'block_number': 10, 'success': True}]"
21599,43000231,146000,238,True,True,10.0,10.0,True,True,True,21597.0,10,b_attack,"[{'system': 'pbs', 'block_number': 10, 'success': True}, {'system': 'pos', 'block_number': 10, 'success': True}]"
21597,43000230,146000,232,True,True,10.0,10.0,True,True,True,21595.0,10,b_attack,"[{'system': 'pbs', 'block_number': 10, 'success': True}, {'system': 'pos', 'block_number': 10, 'success': True}]"
21595,43000229,146000,240,True,True,10.0,10.0,True,True,True,21593.0,10,b_attack,"[{'system': 'pbs', 'block_number': 10, 'success': True}, {'system': 'pos', 'block_number': 10, 'success': True}]"
21593,43000228,146000,236,True,True,10.0,10.0,True,True,True,21591.0,10,b_attack,"[{'system': 'pbs', 'block_number': 10, 'success': True}, {'system': 'pos', 'block_number': 10, 'success': True}]"
21591,43000227,146000,235,True,True,10.0,10.0,True,True,True,21589.0,10,b_attack,"[{'system': 'pbs', 'block_number': 10, 'success': True}, {'system': 'pos', 'block_number': 10, 'success': True}]"
21589,43000226,146000,230,True,True,10.0,10.0,True,True,True,21587.0,10,b_attack,"[{'system': 'pbs', 'block_number': 10, 'success': True}, {'system': 'pos', 'block_number': 10, 'success': True}]"
21587,43000225,146000,224,True,True,10.0,10.0,True,True,True,21585.0,10,b_attack,"[{'system': 'pbs', 'block_number': 10, 'success': True}, {'system': 'pos', 'block_number': 10, 'success': True}]"
21585,43000224,146000,221,True,True,10.0,10.0,True,True,True,21583.0,10,b_attack,"[{'system': 'pbs', 'block_number': 10, 'success': True}, {'system': 'pos', 'block_number': 10, 'success': True}]"
21583,43000223,146000,229,True,True,10.0,10.0,True,True,True,21581.0,10,b_attack,"[{'system': 'pbs', 'block_number': 10, 'success': True}, {'system': 'pos', 'block_number': 10, 'success': True}]"
21581,43000222,146000,225,True,True,10.0,10.0,True,True,True,21579.0,10,b_attack,"[{'system': 'pbs', 'block_number': 10, 'success': True}, {'system': 'pos', 'block_number': 10, 'success': True}]"
21579,43000221,146000,222,True,True,10.0,10.0,True,True,True,21577.0,10,b_attack,"[{'system': 'pbs', 'block_number': 10, 'success': True}, {'system': 'pos', 'block_number': 10, 'success': True}]"
21577,43000220,146000,223,True,True,10.0,10.0,True,True,True,21575.0,10,b_attack,"[{'system': 'pbs', 'block_number': 10, 'success': True}, {'system': 'pos', 'block_number': 10, 'success': True}]"
21575,43000219,146000,230,True,True,10.0,10.0,True,True,True,21573.0,10,b_attack,"[{'system': 'pbs', 'block_number': 10, 'success': True}, {'system': 'pos', 'block_number': 10, 'success': True}]"
21573,43000218,146000,224,True,True,10.0,10.0,True,True,True,21571.0,10,b_attack,"[{'system': 'pbs', 'block_number': 10, 'success': True}, {'system': 'pos', 'block_number': 10, 'success': True}]"
21571,43000217,146000,229,True,True,10.0,10.0,True,True,True,21569.0,10,b_attack,"[{'system': 'pbs', 'block_number': 10, 'success': True}, {'system': 'pos', 'block_number': 10, 'success': True}]"
21569,43000216,146000,239,True,True,10.0,10.0,True,True,True,21567.0,10,b_attack,"[{'system': 'pbs', 'block_number': 10, 'success': True}, {'system': 'pos', 'block_number': 10, 'success': True}]"
21567,43000215,146000,221,True,True,10.0,10.0,True,True,True,21565.0,10,b_attack,"[{'system': 'pbs', 'block_number': 10, 'success': True}, {'system': 'pos', 'block_number': 10, 'success': True}]"
21565,43000214,146000,226,True,True,10.0,10.0,True,True,True,21563.0,10,b_attack,"[{'system': 'pbs', 'block_number': 10, 'success': True}, {'system': 'pos', 'block_number': 10, 'success': True}]"
21563,43000213,146000,222,True,True,10.0,10.0,True,True,True,21561.0,10,b_attack,"[{'system': 'pbs', 'block_number': 10, 'success': True}, {'system': 'pos', 'block_number': 10, 'success': True}]"
21561,0,0,235,True,True,10.0,10.0,False,True,True,21559.0,10,failed,"[{'system': 'pbs', 'block_number': 10, 'success': False}, {'system': 'pos', 'block_number': 10, 'success': True}]"
21562,0,0,235,True,True,10.0,10.0,False,False,True,21559.0,10,failed,"[{'system': 'pbs', 'block_number': 10, 'success': False}, {'system': 'pos', 'block_number': 10, 'success': False}]"
21564,0,0,222,True,True,10.0,10.0,False,False,True,21561.0,10,failed,"[{'system': 'pbs', 'block_number': 10, 'success': False}, {'system': 'pos', 'block_number': 10, 'success': False}]"
21566,0,0,226,True,True,10.0,10.0,False,False,True,21563.0,10,failed,"[{'system': 'pbs', 'block_number': 10, 'success': False}, {'system': 'pos', 'block_number': 10, 'success': False}]"
21568,0,0,221,True,True,10.0,10.0,False,False,True,21565.0,10,failed,"[{'system': 'pbs', 'block_number': 10, 'success': False}, {'system': 'pos', 'block_number': 10, 'success': False}]"
21570,0,0,239,True,True,10.0,10.0,False,False,True,21567.0,10,failed,"[{'system': 'pbs', 'block_number': 10, 'success': False}, {'system': 'pos', 'block_number': 10, 'success': False}]"
21572,0,0,229,True,True,10.0,10.0,False,False,True,21569.0,10,failed,"[{'system': 'pbs', 'block_number': 10, 'success': False}, {'system': 'pos', 'block_number': 10, 'success': False}]"
21574,0,0,224,True,True,10.0,10.0,False,False,True,21571.0,10,failed,"[{'system': 'pbs', 'block_number': 10, 'success': False}, {'system': 'pos', 'block_number': 10, 'success': False}]"
21576,0,0,230,True,True,10.0,10.0,False,False,True,21573.0,10,failed,"[{'system': 'pbs', 'block_number': 10, 'success': False}, {'system': 'pos', 'block_number': 10, 'success': False}]"
21578,0,0,223,True,True,10.0,10.0,False,False,True,21575.0,10,failed,"[{'system': 'pbs', 'block_number': 10, 'success': False}, {'system': 'pos', 'block_number': 10, 'success': False}]"
21580,0,0,222,True,True,10.0,10.0,False,False,True,21577.0,10,failed,"[{'system': 'pbs', 'block_number': 10, 'success': False}, {'system': 'pos', 'block_number': 10, 'success': False}]"
21582,0,0,225,True,True,10.0,10.0,False,False,True,21579.0,10,failed,"[{'system': 'pbs', 'block_number': 10, 'success': False}, {'system': 'pos', 'block_number': 10, 'success': False}]"
21584,0,0,229,True,True,10.0,10.0,False,False,True,21581.0,10,failed,"[{'system': 'pbs', 'block_number': 10, 'success': False}, {'system': 'pos', 'block_number': 10, 'success': False}]"
21586,0,0,221,True,True,10.0,10.0,False,False,True,21583.0,10,failed,"[{'system': 'pbs', 'block_number': 10, 'success': False}, {'system': 'pos', 'block_number': 10, 'success': False}]"
21588,0,0,224,True,True,10.0,10.0,False,False,True,21585.0,10,failed,"[{'system': 'pbs', 'block_number': 10, 'success': False}, {'system': 'pos', 'block_number': 10, 'success': False}]"
21590,0,0,230,True,True,10.0,10.0,False,False,True,21587.0,10,failed,"[{'system': 'pbs', 'block_number': 10, 'success': False}, {'system': 'pos', 'block_number': 10, 'success': False}]"
21592,0,0,235,True,True,10.0,10.0,False,False,True,21589.0,10,failed,"[{'system': 'pbs', 'block_number': 10, 'success': False}, {'system': 'pos', 'block_number': 10, 'success': False}]"
21594,0,0,236,True,True,10.0,10.0,False,False,True,21591.0,10,failed,"[{'system': 'pbs', 'block_number': 10, 'success': False}, {'system': 'pos', 'block_number': 10, 'success': False}]"
21596,0,0,240,True,True,10.0,10.0,False,False,True,21593.0,10,failed,"[{'system': 'pbs', 'block_number': 10, 'success': False}, {'system': 'pos', 'block_number': 10, 'success': False}]"
21598,0,0,232,True,True,10.0,10.0,False,False,True,21595.0,10,failed,"[{'system': 'pbs', 'block_number': 10, 'success': False}, {'system': 'pos', 'block_number': 10, 'success': False}]"
21600,0,0,238,True,True,10.0,10.0,False,False,True,21597.0,10,failed,"[{'system': 'pbs', 'block_number': 10, 'success': False}, {'system': 'pos', 'block_number': 10, 'success': False}]"
21602,0,0,229,True,True,10.0,10.0,False,False,True,21599.0,10,failed,"[{'system': 'pbs', 'block_number': 10, 'success': False}, {'system': 'pos', 'block_number': 10, 'success': False}]"
21604,0,0,231,True,True,10.0,10.0,False,False,True,21601.0,10,failed,"[{'system': 'pbs', 'block_number': 10, 'success': False}, {'system': 'pos', 'block_number': 10, 'success': False}]"
21606,0,0,231,True,True,10.0,10.0,False,False,True,21603.0,10,failed,"[{'system': 'pbs', 'block_number': 10, 'success': False}, {'system': 'pos', 'block_number': 10, 'success': False}]"
21608,0,0,225,True,True,10.0,10.0,False,False,True,21605.0,10,failed,"[{'system': 'pbs', 'block_number': 10, 'success': False}, {'system': 'pos', 'block_number': 10, 'success': False}]"
21655,43000259,146000,227,True,True,11.0,11.0,True,True,True,21653.0,11,b_attack,"[{'system': 'pbs', 'block_number': 11, 'success': True}, {'system': 'pos', 'block_number': 11, 'success': True}]"
21653,43000258,146000,222,True,True,11.0,11.0,True,True,True,21651.0,11,b_attack,"[{'system': 'pbs', 'block_number': 11, 'success': True}, {'system': 'pos', 'block_number': 11, 'success': True}]"
21651,43000257,146000,235,True,True,11.0,11.0,True,True,True,21649.0,11,b_attack,"[{'system': 'pbs', 'block_number': 11, 'success': True}, {'system': 'pos', 'block_number': 11, 'success': True}]"
21649,43000256,146000,225,True,True,11.0,11.0,True,True,True,21647.0,11,b_attack,"[{'system': 'pbs', 'block_number': 11, 'success': True}, {'system': 'pos', 'block_number': 11, 'success': True}]"
21647,43000255,146000,233,True,True,11.0,11.0,True,True,True,21645.0,11,b_attack,"[{'system': 'pbs', 'block_number': 11, 'success': True}, {'system': 'pos', 'block_number': 11, 'success': True}]"
21645,43000254,146000,234,True,True,11.0,11.0,True,True,True,21643.0,11,b_attack,"[{'system': 'pbs', 'block_number': 11, 'success': True}, {'system': 'pos', 'block_number': 11, 'success': True}]"
21643,43000253,146000,239,True,True,11.0,11.0,True,True,True,21641.0,11,b_attack,"[{'system': 'pbs', 'block_number': 11, 'success': True}, {'system': 'pos', 'block_number': 11, 'success': True}]"
21641,43000252,146000,236,True,True,11.0,11.0,True,True,True,21639.0,11,b_attack,"[{'system': 'pbs', 'block_number': 11, 'success': True}, {'system': 'pos', 'block_number': 11, 'success': True}]"
21639,43000251,146000,225,True,True,11.0,11.0,True,True,True,21637.0,11,b_attack,"[{'system': 'pbs', 'block_number': 11, 'success': True}, {'system': 'pos', 'block_number': 11, 'success': True}]"
21637,43000250,146000,231,True,True,11.0,11.0,True,True,True,21635.0,11,b_attack,"[{'system': 'pbs', 'block_number': 11, 'success': True}, {'system': 'pos', 'block_number': 11, 'success': True}]"
21635,43000249,146000,238,True,True,11.0,11.0,True,True,True,21633.0,11,b_attack,"[{'system': 'pbs', 'block_number': 11, 'success': True}, {'system': 'pos', 'block_number': 11, 'success': True}]"
21633,43000248,146000,232,True,True,11.0,11.0,True,True,True,21631.0,11,b_attack,"[{'system': 'pbs', 'block_number': 11, 'success': True}, {'system': 'pos', 'block_number': 11, 'success': True}]"
21631,43000247,146000,230,True,True,11.0,11.0,True,True,True,21629.0,11,b_attack,"[{'system': 'pbs', 'block_number': 11, 'success': True}, {'system': 'pos', 'block_number': 11, 'success': True}]"
21629,43000246,146000,234,True,True,11.0,11.0,True,True,True,21627.0,11,b_attack,"[{'system': 'pbs', 'block_number': 11, 'success': True}, {'system': 'pos', 'block_number': 11, 'success': True}]"
21627,43000245,146000,238,True,True,11.0,11.0,True,True,True,21625.0,11,b_attack,"[{'system': 'pbs', 'block_number': 11, 'success': True}, {'system': 'pos', 'block_number': 11, 'success': True}]"
21625,43000244,146000,235,True,True,11.0,11.0,True,True,True,21623.0,11,b_attack,"[{'system': 'pbs', 'block_number': 11, 'success': True}, {'system': 'pos', 'block_number': 11, 'success': True}]"
21623,43000243,146000,229,True,True,11.0,11.0,True,True,True,21621.0,11,b_attack,"[{'system': 'pbs', 'block_number': 11, 'success': True}, {'system': 'pos', 'block_number': 11, 'success': True}]"
21621,43000242,146000,226,True,True,11.0,11.0,True,True,True,21619.0,11,b_attack,"[{'system': 'pbs', 'block_number': 11, 'success': True}, {'system': 'pos', 'block_number': 11, 'success': True}]"
21619,43000241,146000,229,True,True,11.0,11.0,True,True,True,21617.0,11,b_attack,"[{'system': 'pbs', 'block_number': 11, 'success': True}, {'system': 'pos', 'block_number': 11, 'success': True}]"
21617,43000240,146000,237,True,True,11.0,11.0,True,True,True,21615.0,11,b_attack,"[{'system': 'pbs', 'block_number': 11, 'success': True}, {'system': 'pos', 'block_number': 11, 'success': True}]"
21615,43000239,146000,221,True,True,11.0,11.0,True,True,True,21613.0,11,b_attack,"[{'system': 'pbs', 'block_number': 11, 'success': True}, {'system': 'pos', 'block_number': 11, 'success': True}]"
21613,43000238,146000,234,True,True,11.0,11.0,True,True,True,21611.0,11,b_attack,"[{'system': 'pbs', 'block_number': 11, 'success': True}, {'system': 'pos', 'block_number': 11, 'success': True}]"
21611,43000237,146000,228,True,True,11.0,11.0,True,True,True,21609.0,11,b_attack,"[{'system': 'pbs', 'block_number': 11, 'success': True}, {'system': 'pos', 'block_number': 11, 'success': True}]"
21609,0,0,222,True,True,11.0,11.0,False,True,True,21607.0,11,failed,"[{'system': 'pbs', 'block_number': 11, 'success': False}, {'system': 'pos', 'block_number': 11, 'success': True}]"
21610,0,0,222,True,True,11.0,11.0,False,False,True,21607.0,11,failed,"[{'system': 'pbs', 'block_number': 11, 'success': False}, {'system': 'pos', 'block_number': 11, 'success': False}]"
21612,0,0,228,True,True,11.0,11.0,False,False,True,21609.0,11,failed,"[{'system': 'pbs', 'block_number': 11, 'success': False}, {'system': 'pos', 'block_number': 11, 'success': False}]"
21614,0,0,234,True,True,11.0,11.0,False,False,True,21611.0,11,failed,"[{'system': 'pbs', 'block_number': 11, 'success': False}, {'system': 'pos', 'block_number': 11, 'success': False}]"
21616,0,0,221,True,True,11.0,11.0,False,False,True,21613.0,11,failed,"[{'system': 'pbs', 'block_number': 11, 'success': False}, {'system': 'pos', 'block_number': 11, 'success': False}]"
21618,0,0,237,True,True,11.0,11.0,False,False,True,21615.0,11,failed,"[{'system': 'pbs', 'block_number': 11, 'success': False}, {'system': 'pos', 'block_number': 11, 'success': False}]"
21620,0,0,229,True,True,11.0,11.0,False,False,True,21617.0,11,failed,"[{'system': 'pbs', 'block_number': 11, 'success': False}, {'system': 'pos', 'block_number': 11, 'success': False}]"
21622,0,0,226,True,True,11.0,11.0,False,False,True,21619.0,11,failed,"[{'system': 'pbs', 'block_number': 11, 'success': False}, {'system': 'pos', 'block_number': 11, 'success': False}]"
21624,0,0,229,True,True,11.0,11.0,False,False,True,21621.0,11,failed,"[{'system': 'pbs', 'block_number': 11, 'success': False}, {'system': 'pos', 'block_number': 11, 'success': False}]"
21626,0,0,235,True,True,11.0,11.0,False,False,True,21623.0,11,failed,"[{'system': 'pbs', 'block_number': 11, 'success': False}, {'system': 'pos', 'block_number': 11, 'success': False}]"
21628,0,0,238,True,True,11.0,11.0,False,False,True,21625.0,11,failed,"[{'system': 'pbs', 'block_number': 11, 'success': False}, {'system': 'pos', 'block_number': 11, 'success': False}]"
21630,0,0,234,True,True,11.0,11.0,False,False,True,21627.0,11,failed,"[{'system': 'pbs', 'block_number': 11, 'success': False}, {'system': 'pos', 'block_number': 11, 'success': False}]"
21632,0,0,230,True,True,11.0,11.0,False,False,True,21629.0,11,failed,"[{'system': 'pbs', 'block_number': 11, 'success': False}, {'system': 'pos', 'block_number': 11, 'success': False}]"
21634,0,0,232,True,True,11.0,11.0,False,False,True,21631.0,11,failed,"[{'system': 'pbs', 'block_number': 11, 'success': False}, {'system': 'pos', 'block_number': 11, 'success': False}]"
21636,0,0,238,True,True,11.0,11.0,False,False,True,21633.0,11,failed,"[{'system': 'pbs', 'block_number': 11, 'success': False}, {'system': 'pos', 'block_number': 11, 'success': False}]"
21638,0,0,231,True,True,11.0,11.0,False,False,True,21635.0,11,failed,"[{'system': 'pbs', 'block_number': 11, 'success': False}, {'system': 'pos', 'block_number': 11, 'success': False}]"
21640,0,0,225,True,True,11.0,11.0,False,False,True,21637.0,11,failed,"[{'system': 'pbs', 'block_number': 11, 'success': False}, {'system': 'pos', 'block_number': 11, 'success': False}]"
21642,0,0,236,True,True,11.0,11.0,False,False,True,21639.0,11,failed,"[{'system': 'pbs', 'block_number': 11, 'success': False}, {'system': 'pos', 'block_number': 11, 'success': False}]"
21644,0,0,239,True,True,11.0,11.0,False,False,True,21641.0,11,failed,"[{'system': 'pbs', 'block_number': 11, 'success': False}, {'system': 'pos', 'block_number': 11, 'success': False}]"
21646,0,0,234,True,True,11.0,11.0,False,False,True,21643.0,11,failed,"[{'system': 'pbs', 'block_number': 11, 'success': False}, {'system': 'pos', 'block_number': 11, 'success': False}]"
21648,0,0,233,True,True,11.0,11.0,False,False,True,21645.0,11,failed,"[{'system': 'pbs', 'block_number': 11, 'success': False}, {'system': 'pos', 'block_number': 11, 'success': False}]"
21650,0,0,225,True,True,11.0,11.0,False,False,True,21647.0,11,failed,"[{'system': 'pbs', 'block_number': 11, 'success': False}, {'system': 'pos', 'block_number': 11, 'success': False}]"
21652,0,0,235,True,True,11.0,11.0,False,False,True,21649.0,11,failed,"[{'system': 'pbs', 'block_number': 11, 'success': False}, {'system': 'pos', 'block_number': 11, 'success': False}]"
21654,0,0,222,True,True,11.0,11.0,False,False,True,21651.0,11,failed,"[{'system': 'pbs', 'block_number': 11, 'success': False}, {'system': 'pos', 'block_number': 11, 'success': False}]"
21656,0,0,227,True,True,11.0,11.0,False,False,True,21653.0,11,failed,"[{'system': 'pbs', 'block_number': 11, 'success': False}, {'system': 'pos', 'block_number': 11, 'success': False}]"
21703,43000283,146000,235,True,True,12.0,12.0,True,True,True,21701.0,12,b_attack,"[{'system': 'pbs', 'block_number': 12, 'success': True}, {'system': 'pos', 'block_number': 12, 'success': True}]"
21701,43000282,146000,229,True,True,12.0,12.0,True,True,True,21699.0,12,b_attack,"[{'system': 'pbs', 'block_number': 12, 'success': True}, {'system': 'pos', 'block_number': 12, 'success': True}]"
21699,43000281,146000,236,True,True,12.0,12.0,True,True,True,21697.0,12,b_attack,"[{'system': 'pbs', 'block_number': 12, 'success': True}, {'system': 'pos', 'block_number': 12, 'success': True}]"
21697,43000280,146000,223,True,True,12.0,12.0,True,True,True,21695.0,12,b_attack,"[{'system': 'pbs', 'block_number': 12, 'success': True}, {'system': 'pos', 'block_number': 12, 'success': True}]"
21695,43000279,146000,231,True,True,12.0,12.0,True,True,True,21693.0,12,b_attack,"[{'system': 'pbs', 'block_number': 12, 'success': True}, {'system': 'pos', 'block_number': 12, 'success': True}]"
21693,43000278,146000,228,True,True,12.0,12.0,True,True,True,21691.0,12,b_attack,"[{'system': 'pbs', 'block_number': 12, 'success': True}, {'system': 'pos', 'block_number': 12, 'success': True}]"
21691,43000277,146000,231,True,True,12.0,12.0,True,True,True,21689.0,12,b_attack,"[{'system': 'pbs', 'block_number': 12, 'success': True}, {'system': 'pos', 'block_number': 12, 'success': True}]"
21689,43000276,146000,223,True,True,12.0,12.0,True,True,True,21687.0,12,b_attack,"[{'system': 'pbs', 'block_number': 12, 'success': True}, {'system': 'pos', 'block_number': 12, 'success': True}]"
21687,43000275,146000,239,True,True,12.0,12.0,True,True,True,21685.0,12,b_attack,"[{'system': 'pbs', 'block_number': 12, 'success': True}, {'system': 'pos', 'block_number': 12, 'success': True}]"
21685,43000274,146000,229,True,True,12.0,12.0,True,True,True,21683.0,12,b_attack,"[{'system': 'pbs', 'block_number': 12, 'success': True}, {'system': 'pos', 'block_number': 12, 'success': True}]"
21683,43000273,146000,232,True,True,12.0,12.0,True,True,True,21681.0,12,b_attack,"[{'system': 'pbs', 'block_number': 12, 'success': True}, {'system': 'pos', 'block_number': 12, 'success': True}]"
21681,43000272,146000,224,True,True,12.0,12.0,True,True,True,21679.0,12,b_attack,"[{'system': 'pbs', 'block_number': 12, 'success': True}, {'system': 'pos', 'block_number': 12, 'success': True}]"
21679,43000271,146000,233,True,True,12.0,12.0,True,True,True,21677.0,12,b_attack,"[{'system': 'pbs', 'block_number': 12, 'success': True}, {'system': 'pos', 'block_number': 12, 'success': True}]"
21677,43000270,146000,228,True,True,12.0,12.0,True,True,True,21675.0,12,b_attack,"[{'system': 'pbs', 'block_number': 12, 'success': True}, {'system': 'pos', 'block_number': 12, 'success': True}]"
21675,43000269,146000,227,True,True,12.0,12.0,True,True,True,21673.0,12,b_attack,"[{'system': 'pbs', 'block_number': 12, 'success': True}, {'system': 'pos', 'block_number': 12, 'success': True}]"
21673,43000268,146000,231,True,True,12.0,12.0,True,True,True,21671.0,12,b_attack,"[{'system': 'pbs', 'block_number': 12, 'success': True}, {'system': 'pos', 'block_number': 12, 'success': True}]"
21671,43000267,146000,230,True,True,12.0,12.0,True,True,True,21669.0,12,b_attack,"[{'system': 'pbs', 'block_number': 12, 'success': True}, {'system': 'pos', 'block_number': 12, 'success': True}]"
21669,43000266,146000,237,True,True,12.0,12.0,True,True,True,21667.0,12,b_attack,"[{'system': 'pbs', 'block_number': 12, 'success': True}, {'system': 'pos', 'block_number': 12, 'success': True}]"
21667,43000265,146000,238,True,True,12.0,12.0,True,True,True,21665.0,12,b_attack,"[{'system': 'pbs', 'block_number': 12, 'success': True}, {'system': 'pos', 'block_number': 12, 'success': True}]"
21665,43000264,146000,234,True,True,12.0,12.0,True,True,True,21663.0,12,b_attack,"[{'system': 'pbs', 'block_number': 12, 'success': True}, {'system': 'pos', 'block_number': 12, 'success': True}]"
21663,43000263,146000,229,True,True,12.0,12.0,True,True,True,21661.0,12,b_attack,"[{'system': 'pbs', 'block_number': 12, 'success': True}, {'system': 'pos', 'block_number': 12, 'success': True}]"
21661,43000262,146000,232,True,True,12.0,12.0,True,True,True,21659.0,12,b_attack,"[{'system': 'pbs', 'block_number': 12, 'success': True}, {'system': 'pos', 'block_number': 12, 'success': True}]"
21659,43000261,146000,237,True,True,12.0,12.0,True,True,True,21657.0,12,b_attack,"[{'system': 'pbs', 'block_number': 12, 'success': True}, {'system': 'pos', 'block_number': 12, 'success': True}]"
21657,0,0,231,True,True,12.0,12.0,False,True,True,21655.0,12,failed,"[{'system': 'pbs', 'block_number': 12, 'success': False}, {'system': 'pos', 'block_number': 12, 'success': True}]"
21658,0,0,231,True,True,12.0,12.0,False,False,True,21655.0,12,failed,"[{'system': 'pbs', 'block_number': 12, 'success': False}, {'system': 'pos', 'block_number': 12, 'success': False}]"
21660,0,0,237,True,True,12.0,12.0,False,False,True,21657.0,12,failed,"[{'system': 'pbs', 'block_number': 12, 'success': False}, {'system': 'pos', 'block_number': 12, 'success': False}]"
21662,0,0,232,True,True,12.0,12.0,False,False,True,21659.0,12,failed,"[{'system': 'pbs', 'block_number': 12, 'success': False}, {'system': 'pos', 'block_number': 12, 'success': False}]"
21664,0,0,229,True,True,12.0,12.0,False,False,True,21661.0,12,failed,"[{'system': 'pbs', 'block_number': 12, 'success': False}, {'system': 'pos', 'block_number': 12, 'success': False}]"
21666,0,0,234,True,True,12.0,12.0,False,False,True,21663.0,12,failed,"[{'system': 'pbs', 'block_number': 12, 'success': False}, {'system': 'pos', 'block_number': 12, 'success': False}]"
21668,0,0,238,True,True,12.0,12.0,False,False,True,21665.0,12,failed,"[{'system': 'pbs', 'block_number': 12, 'success': False}, {'system': 'pos', 'block_number': 12, 'success': False}]"
21670,0,0,237,True,True,12.0,12.0,False,False,True,21667.0,12,failed,"[{'system': 'pbs', 'block_number': 12, 'success': False}, {'system': 'pos', 'block_number': 12, 'success': False}]"
21672,0,0,230,True,True,12.0,12.0,False,False,True,21669.0,12,failed,"[{'system': 'pbs', 'block_number': 12, 'success': False}, {'system': 'pos', 'block_number': 12, 'success': False}]"
21674,0,0,231,True,True,12.0,12.0,False,False,True,21671.0,12,failed,"[{'system': 'pbs', 'block_number': 12, 'success': False}, {'system': 'pos', 'block_number': 12, 'success': False}]"
21676,0,0,227,True,True,12.0,12.0,False,False,True,21673.0,12,failed,"[{'system': 'pbs', 'block_number': 12, 'success': False}, {'system': 'pos', 'block_number': 12, 'success': False}]"
21678,0,0,228,True,True,12.0,12.0,False,False,True,21675.0,12,failed,"[{'system': 'pbs', 'block_number': 12, 'success': False}, {'system': 'pos', 'block_number': 12, 'success': False}]"
21680,0,0,233,True,True,12.0,12.0,False,False,True,21677.0,12,failed,"[{'system': 'pbs', 'block_number': 12, 'success': False}, {'system': 'pos', 'block_number': 12, 'success': False}]"
21682,0,0,224,True,True,12.0,12.0,False,False,True,21679.0,12,failed,"[{'system': 'pbs', 'block_number': 12, 'success': False}, {'system': 'pos', 'block_number': 12, 'success': False}]"
21684,0,0,232,True,True,12.0,12.0,False,False,True,21681.0,12,failed,"[{'system': 'pbs', 'block_number': 12, 'success': False}, {'system': 'pos', 'block_number': 12, 'success': False}]"
21686,0,0,229,True,True,12.0,12.0,False,False,True,21683.0,12,failed,"[{'system': 'pbs', 'block_number': 12, 'success': False}, {'system': 'pos', 'block_number': 12, 'success': False}]"
21688,0,0,239,True,True,12.0,12.0,False,False,True,21685.0,12,failed,"[{'system': 'pbs', 'block_number': 12, 'success': False}, {'system': 'pos', 'block_number': 12, 'success': False}]"
21690,0,0,223,True,True,12.0,12.0,False,False,True,21687.0,12,failed,"[{'system': 'pbs', 'block_number': 12, 'success': False}, {'system': 'pos', 'block_number': 12, 'success': False}]"
21692,0,0,231,True,True,12.0,12.0,False,False,True,21689.0,12,failed,"[{'system': 'pbs', 'block_number': 12, 'success': False}, {'system': 'pos', 'block_number': 12, 'success': False}]"
21694,0,0,228,True,True,12.0,12.0,False,False,True,21691.0,12,failed,"[{'system': 'pbs', 'block_number': 12, 'success': False}, {'system': 'pos', 'block_number': 12, 'success': False}]"
21696,0,0,231,True,True,12.0,12.0,False,False,True,21693.0,12,failed,"[{'system': 'pbs', 'block_number': 12, 'success': False}, {'system': 'pos', 'block_number': 12, 'success': False}]"
21698,0,0,223,True,True,12.0,12.0,False,False,True,21695.0,12,failed,"[{'system': 'pbs', 'block_number': 12, 'success': False}, {'system': 'pos', 'block_number': 12, 'success': False}]"
21700,0,0,236,True,True,12.0,12.0,False,False,True,21697.0,12,failed,"[{'system': 'pbs', 'block_number': 12, 'success': False}, {'system': 'pos', 'block_number': 12, 'success': False}]"
21702,0,0,229,True,True,12.0,12.0,False,False,True,21699.0,12,failed,"[{'system': 'pbs', 'block_number': 12, 'success': False}, {'system': 'pos', 'block_number': 12, 'success': False}]"
21704,0,0,235,True,True,12.0,12.0,False,False,True,21701.0,12,failed,"[{'system': 'pbs', 'block_number': 12, 'success': False}, {'system': 'pos', 'block_number': 12, 'success': False}]"
21751,43000307,146000,236,True,True,13.0,13.0,True,True,True,21749.0,13,b_attack,"[{'system': 'pbs', 'block_number': 13, 'success': True}, {'system': 'pos', 'block_number': 13, 'success': True}]"
23580,0,0,560,False,True,,13.0,False,False,True,21751.0,13,failed,"[{'system': 'pos', 'block_number': 13, 'success': False}]"
21749,43000306,146000,234,True,True,13.0,13.0,True,True,True,21747.0,13,b_attack,"[{'system': 'pbs', 'block_number': 13, 'success': True}, {'system': 'pos', 'block_number': 13, 'success': True}]"
21747,43000305,146000,229,True,True,13.0,13.0,True,True,True,21745.0,13,b_attack,"[{'system': 'pbs', 'block_number': 13, 'success': True}, {'system': 'pos', 'block_number': 13, 'success': True}]"
21745,43000304,146000,222,True,True,13.0,13.0,True,True,True,21743.0,13,b_attack,"[{'system': 'pbs', 'block_number': 13, 'success': True}, {'system': 'pos', 'block_number': 13, 'success': True}]"
21743,43000303,146000,240,True,True,13.0,13.0,True,True,True,21741.0,13,b_attack,"[{'system': 'pbs', 'block_number': 13, 'success': True}, {'system': 'pos', 'block_number': 13, 'success': True}]"
21741,43000302,146000,227,True,True,13.0,13.0,True,True,True,21739.0,13,b_attack,"[{'system': 'pbs', 'block_number': 13, 'success': True}, {'system': 'pos', 'block_number': 13, 'success': True}]"
21739,43000301,146000,225,True,True,13.0,13.0,True,True,True,21737.0,13,b_attack,"[{'system': 'pbs', 'block_number': 13, 'success': True}, {'system': 'pos', 'block_number': 13, 'success': True}]"
21737,43000300,146000,228,True,True,13.0,13.0,True,True,True,21735.0,13,b_attack,"[{'system': 'pbs', 'block_number': 13, 'success': True}, {'system': 'pos', 'block_number': 13, 'success': True}]"
21735,43000299,146000,236,True,True,13.0,13.0,True,True,True,21733.0,13,b_attack,"[{'system': 'pbs', 'block_number': 13, 'success': True}, {'system': 'pos', 'block_number': 13, 'success': True}]"
21733,43000298,146000,233,True,True,13.0,13.0,True,True,True,21731.0,13,b_attack,"[{'system': 'pbs', 'block_number': 13, 'success': True}, {'system': 'pos', 'block_number': 13, 'success': True}]"
21731,43000297,146000,232,True,True,13.0,13.0,True,True,True,21729.0,13,b_attack,"[{'system': 'pbs', 'block_number': 13, 'success': True}, {'system': 'pos', 'block_number': 13, 'success': True}]"
21729,43000296,146000,221,True,True,13.0,13.0,True,True,True,21727.0,13,b_attack,"[{'system': 'pbs', 'block_number': 13, 'success': True}, {'system': 'pos', 'block_number': 13, 'success': True}]"
21727,43000295,146000,229,True,True,13.0,13.0,True,True,True,21725.0,13,b_attack,"[{'system': 'pbs', 'block_number': 13, 'success': True}, {'system': 'pos', 'block_number': 13, 'success': True}]"
21725,43000294,146000,232,True,True,13.0,13.0,True,True,True,21723.0,13,b_attack,"[{'system': 'pbs', 'block_number': 13, 'success': True}, {'system': 'pos', 'block_number': 13, 'success': True}]"
21723,43000293,146000,230,True,True,13.0,13.0,True,True,True,21721.0,13,b_attack,"[{'system': 'pbs', 'block_number': 13, 'success': True}, {'system': 'pos', 'block_number': 13, 'success': True}]"
21721,43000292,146000,231,True,True,13.0,13.0,True,True,True,21719.0,13,b_attack,"[{'system': 'pbs', 'block_number': 13, 'success': True}, {'system': 'pos', 'block_number': 13, 'success': True}]"
21719,43000291,146000,240,True,True,13.0,13.0,True,True,True,21717.0,13,b_attack,"[{'system': 'pbs', 'block_number': 13, 'success': True}, {'system': 'pos', 'block_number': 13, 'success': True}]"
21717,43000290,146000,234,True,True,13.0,13.0,True,True,True,21715.0,13,b_attack,"[{'system': 'pbs', 'block_number': 13, 'success': True}, {'system': 'pos', 'block_number': 13, 'success': True}]"
21715,43000289,146000,231,True,True,13.0,13.0,True,True,True,21713.0,13,b_attack,"[{'system': 'pbs', 'block_number': 13, 'success': True}, {'system': 'pos', 'block_number': 13, 'success': True}]"
21713,43000288,146000,224,True,True,13.0,13.0,True,True,True,21711.0,13,b_attack,"[{'system': 'pbs', 'block_number': 13, 'success': True}, {'system': 'pos', 'block_number': 13, 'success': True}]"
21711,43000287,146000,237,True,True,13.0,13.0,True,True,True,21709.0,13,b_attack,"[{'system': 'pbs', 'block_number': 13, 'success': True}, {'system': 'pos', 'block_number': 13, 'success': True}]"
21709,43000286,146000,237,True,True,13.0,13.0,True,True,True,21707.0,13,b_attack,"[{'system': 'pbs', 'block_number': 13, 'success': True}, {'system': 'pos', 'block_number': 13, 'success': True}]"
21707,43000285,146000,233,True,True,13.0,13.0,True,True,True,21705.0,13,b_attack,"[{'system': 'pbs', 'block_number': 13, 'success': True}, {'system': 'pos', 'block_number': 13, 'success': True}]"
21705,0,0,233,True,True,13.0,13.0,False,True,True,21703.0,13,failed,"[{'system': 'pbs', 'block_number': 13, 'success': False}, {'system': 'pos', 'block_number': 13, 'success': True}]"
21706,0,0,233,True,True,13.0,13.0,False,False,True,21703.0,13,failed,"[{'system': 'pbs', 'block_number': 13, 'success': False}, {'system': 'pos', 'block_number': 13, 'success': False}]"
21708,0,0,233,True,True,13.0,13.0,False,False,True,21705.0,13,failed,"[{'system': 'pbs', 'block_number': 13, 'success': False}, {'system': 'pos', 'block_number': 13, 'success': False}]"
21710,0,0,237,True,True,13.0,13.0,False,False,True,21707.0,13,failed,"[{'system': 'pbs', 'block_number': 13, 'success': False}, {'system': 'pos', 'block_number': 13, 'success': False}]"
21712,0,0,237,True,True,13.0,13.0,False,False,True,21709.0,13,failed,"[{'system': 'pbs', 'block_number': 13, 'success': False}, {'system': 'pos', 'block_number': 13, 'success': False}]"
21714,0,0,224,True,True,13.0,13.0,False,False,True,21711.0,13,failed,"[{'system': 'pbs', 'block_number': 13, 'success': False}, {'system': 'pos', 'block_number': 13, 'success': False}]"
21716,0,0,231,True,True,13.0,13.0,False,False,True,21713.0,13,failed,"[{'system': 'pbs', 'block_number': 13, 'success': False}, {'system': 'pos', 'block_number': 13, 'success': False}]"
21718,0,0,234,True,True,13.0,13.0,False,False,True,21715.0,13,failed,"[{'system': 'pbs', 'block_number': 13, 'success': False}, {'system': 'pos', 'block_number': 13, 'success': False}]"
21720,0,0,240,True,True,13.0,13.0,False,False,True,21717.0,13,failed,"[{'system': 'pbs', 'block_number': 13, 'success': False}, {'system': 'pos', 'block_number': 13, 'success': False}]"
21722,0,0,231,True,True,13.0,13.0,False,False,True,21719.0,13,failed,"[{'system': 'pbs', 'block_number': 13, 'success': False}, {'system': 'pos', 'block_number': 13, 'success': False}]"
21724,0,0,230,True,True,13.0,13.0,False,False,True,21721.0,13,failed,"[{'system': 'pbs', 'block_number': 13, 'success': False}, {'system': 'pos', 'block_number': 13, 'success': False}]"
21726,0,0,232,True,True,13.0,13.0,False,False,True,21723.0,13,failed,"[{'system': 'pbs', 'block_number': 13, 'success': False}, {'system': 'pos', 'block_number': 13, 'success': False}]"
21728,0,0,229,True,True,13.0,13.0,False,False,True,21725.0,13,failed,"[{'system': 'pbs', 'block_number': 13, 'success': False}, {'system': 'pos', 'block_number': 13, 'success': False}]"
21730,0,0,221,True,True,13.0,13.0,False,False,True,21727.0,13,failed,"[{'system': 'pbs', 'block_number': 13, 'success': False}, {'system': 'pos', 'block_number': 13, 'success': False}]"
21732,0,0,232,True,True,13.0,13.0,False,False,True,21729.0,13,failed,"[{'system': 'pbs', 'block_number': 13, 'success': False}, {'system': 'pos', 'block_number': 13, 'success': False}]"
21734,0,0,233,True,True,13.0,13.0,False,False,True,21731.0,13,failed,"[{'system': 'pbs', 'block_number': 13, 'success': False}, {'system': 'pos', 'block_number': 13, 'success': False}]"
21736,0,0,236,True,True,13.0,13.0,False,False,True,21733.0,13,failed,"[{'system': 'pbs', 'block_number': 13, 'success': False}, {'system': 'pos', 'block_number': 13, 'success': False}]"
21738,0,0,228,True,True,13.0,13.0,False,False,True,21735.0,13,failed,"[{'system': 'pbs', 'block_number': 13, 'success': False}, {'system': 'pos', 'block_number': 13, 'success': False}]"
21740,0,0,225,True,True,13.0,13.0,False,False,True,21737.0,13,failed,"[{'system': 'pbs', 'block_number': 13, 'success': False}, {'system': 'pos', 'block_number': 13, 'success': False}]"
21742,0,0,227,True,True,13.0,13.0,False,False,True,21739.0,13,failed,"[{'system': 'pbs', 'block_number': 13, 'success': False}, {'system': 'pos', 'block_number': 13, 'success': False}]"
21744,0,0,240,True,True,13.0,13.0,False,False,True,21741.0,13,failed,"[{'system': 'pbs', 'block_number': 13, 'success': False}, {'system': 'pos', 'block_number': 13, 'success': False}]"
21746,0,0,222,True,True,13.0,13.0,False,False,True,21743.0,13,failed,"[{'system': 'pbs', 'block_number': 13, 'success': False}, {'system': 'pos', 'block_number': 13, 'success': False}]"
21748,0,0,229,True,True,13.0,13.0,False,False,True,21745.0,13,failed,"[{'system': 'pbs', 'block_number': 13, 'success': False}, {'system': 'pos', 'block_number': 13, 'success': False}]"
21750,0,0,234,True,True,13.0,13.0,False,False,True,21747.0,13,failed,"[{'system': 'pbs', 'block_number': 13, 'success': False}, {'system': 'pos', 'block_number': 13, 'success': False}]"
21752,0,0,236,True,True,13.0,13.0,False,False,True,21749.0,13,failed,"[{'system': 'pbs', 'block_number': 13, 'success': False}, {'system': 'pos', 'block_number': 13, 'success': False}]"
21799,43000331,146000,226,True,True,14.0,14.0,True,True,True,21797.0,14,b_attack,"[{'system': 'pbs', 'block_number': 14, 'success': True}, {'system': 'pos', 'block_number': 14, 'success': True}]"
23581,0,0,555,False,True,,14.0,False,False,True,21799.0,14,failed,"[{'system': 'pos', 'block_number': 14, 'success': False}]"
21797,43000330,146000,222,True,True,14.0,14.0,True,True,True,21795.0,14,b_attack,"[{'system': 'pbs', 'block_number': 14, 'success': True}, {'system': 'pos', 'block_number': 14, 'success': True}]"
21795,43000329,146000,237,True,True,14.0,14.0,True,True,True,21793.0,14,b_attack,"[{'system': 'pbs', 'block_number': 14, 'success': True}, {'system': 'pos', 'block_number': 14, 'success': True}]"
21793,43000328,146000,236,True,True,14.0,14.0,True,True,True,21791.0,14,b_attack,"[{'system': 'pbs', 'block_number': 14, 'success': True}, {'system': 'pos', 'block_number': 14, 'success': True}]"
21791,43000327,146000,228,True,True,14.0,14.0,True,True,True,21789.0,14,b_attack,"[{'system': 'pbs', 'block_number': 14, 'success': True}, {'system': 'pos', 'block_number': 14, 'success': True}]"
21789,43000326,146000,221,True,True,14.0,14.0,True,True,True,21787.0,14,b_attack,"[{'system': 'pbs', 'block_number': 14, 'success': True}, {'system': 'pos', 'block_number': 14, 'success': True}]"
21787,43000325,146000,236,True,True,14.0,14.0,True,True,True,21785.0,14,b_attack,"[{'system': 'pbs', 'block_number': 14, 'success': True}, {'system': 'pos', 'block_number': 14, 'success': True}]"
21785,43000324,146000,238,True,True,14.0,14.0,True,True,True,21783.0,14,b_attack,"[{'system': 'pbs', 'block_number': 14, 'success': True}, {'system': 'pos', 'block_number': 14, 'success': True}]"
21783,43000323,146000,233,True,True,14.0,14.0,True,True,True,21781.0,14,b_attack,"[{'system': 'pbs', 'block_number': 14, 'success': True}, {'system': 'pos', 'block_number': 14, 'success': True}]"
21781,43000322,146000,229,True,True,14.0,14.0,True,True,True,21779.0,14,b_attack,"[{'system': 'pbs', 'block_number': 14, 'success': True}, {'system': 'pos', 'block_number': 14, 'success': True}]"
21779,43000321,146000,237,True,True,14.0,14.0,True,True,True,21777.0,14,b_attack,"[{'system': 'pbs', 'block_number': 14, 'success': True}, {'system': 'pos', 'block_number': 14, 'success': True}]"
21777,43000320,146000,237,True,True,14.0,14.0,True,True,True,21775.0,14,b_attack,"[{'system': 'pbs', 'block_number': 14, 'success': True}, {'system': 'pos', 'block_number': 14, 'success': True}]"
21775,43000319,146000,231,True,True,14.0,14.0,True,True,True,21773.0,14,b_attack,"[{'system': 'pbs', 'block_number': 14, 'success': True}, {'system': 'pos', 'block_number': 14, 'success': True}]"
21773,43000318,146000,238,True,True,14.0,14.0,True,True,True,21771.0,14,b_attack,"[{'system': 'pbs', 'block_number': 14, 'success': True}, {'system': 'pos', 'block_number': 14, 'success': True}]"
21771,43000317,146000,224,True,True,14.0,14.0,True,True,True,21769.0,14,b_attack,"[{'system': 'pbs', 'block_number': 14, 'success': True}, {'system': 'pos', 'block_number': 14, 'success': True}]"
21769,43000316,146000,233,True,True,14.0,14.0,True,True,True,21767.0,14,b_attack,"[{'system': 'pbs', 'block_number': 14, 'success': True}, {'system': 'pos', 'block_number': 14, 'success': True}]"
21767,43000315,146000,232,True,True,14.0,14.0,True,True,True,21765.0,14,b_attack,"[{'system': 'pbs', 'block_number': 14, 'success': True}, {'system': 'pos', 'block_number': 14, 'success': True}]"
21765,43000314,146000,230,True,True,14.0,14.0,True,True,True,21763.0,14,b_attack,"[{'system': 'pbs', 'block_number': 14, 'success': True}, {'system': 'pos', 'block_number': 14, 'success': True}]"
21763,43000313,146000,239,True,True,14.0,14.0,True,True,True,21761.0,14,b_attack,"[{'system': 'pbs', 'block_number': 14, 'success': True}, {'system': 'pos', 'block_number': 14, 'success': True}]"
21761,43000312,146000,230,True,True,14.0,14.0,True,True,True,21759.0,14,b_attack,"[{'system': 'pbs', 'block_number': 14, 'success': True}, {'system': 'pos', 'block_number': 14, 'success': True}]"
21759,43000311,146000,226,True,True,14.0,14.0,True,True,True,21757.0,14,b_attack,"[{'system': 'pbs', 'block_number': 14, 'success': True}, {'system': 'pos', 'block_number': 14, 'success': True}]"
21757,43000310,146000,232,True,True,14.0,14.0,True,True,True,21755.0,14,b_attack,"[{'system': 'pbs', 'block_number': 14, 'success': True}, {'system': 'pos', 'block_number': 14, 'success': True}]"
21755,43000309,146000,226,True,True,14.0,14.0,True,True,True,21753.0,14,b_attack,"[{'system': 'pbs', 'block_number': 14, 'success': True}, {'system': 'pos', 'block_number': 14, 'success': True}]"
21753,0,0,240,True,True,14.0,14.0,False,False,True,21751.0,14,failed,"[{'system': 'pbs', 'block_number': 14, 'success': False}, {'system': 'pos', 'block_number': 14, 'success': False}]"
21754,0,0,240,True,True,14.0,14.0,False,False,True,21751.0,14,failed,"[{'system': 'pbs', 'block_number': 14, 'success': False}, {'system': 'pos', 'block_number': 14, 'success': False}]"
21756,0,0,226,True,True,14.0,14.0,False,False,True,21753.0,14,failed,"[{'system': 'pbs', 'block_number': 14, 'success': False}, {'system': 'pos', 'block_number': 14, 'success': False}]"
21758,0,0,232,True,True,14.0,14.0,False,False,True,21755.0,14,failed,"[{'system': 'pbs', 'block_number': 14, 'success': False}, {'system': 'pos', 'block_number': 14, 'success': False}]"
21760,0,0,226,True,True,14.0,14.0,False,False,True,21757.0,14,failed,"[{'system': 'pbs', 'block_number': 14, 'success': False}, {'system': 'pos', 'block_number': 14, 'success': False}]"
21762,0,0,230,True,True,14.0,14.0,False,False,True,21759.0,14,failed,"[{'system': 'pbs', 'block_number': 14, 'success': False}, {'system': 'pos', 'block_number': 14, 'success': False}]"
21764,0,0,239,True,True,14.0,14.0,False,False,True,21761.0,14,failed,"[{'system': 'pbs', 'block_number': 14, 'success': False}, {'system': 'pos', 'block_number': 14, 'success': False}]"
21766,0,0,230,True,True,14.0,14.0,False,False,True,21763.0,14,failed,"[{'system': 'pbs', 'block_number': 14, 'success': False}, {'system': 'pos', 'block_number': 14, 'success': False}]"
21768,0,0,232,True,True,14.0,14.0,False,False,True,21765.0,14,failed,"[{'system': 'pbs', 'block_number': 14, 'success': False}, {'system': 'pos', 'block_number': 14, 'success': False}]"
21770,0,0,233,True,True,14.0,14.0,False,False,True,21767.0,14,failed,"[{'system': 'pbs', 'block_number': 14, 'success': False}, {'system': 'pos', 'block_number': 14, 'success': False}]"
21772,0,0,224,True,True,14.0,14.0,False,False,True,21769.0,14,failed,"[{'system': 'pbs', 'block_number': 14, 'success': False}, {'system': 'pos', 'block_number': 14, 'success': False}]"
21774,0,0,238,True,True,14.0,14.0,False,False,True,21771.0,14,failed,"[{'system': 'pbs', 'block_number': 14, 'success': False}, {'system': 'pos', 'block_number': 14, 'success': False}]"
21776,0,0,231,True,True,14.0,14.0,False,False,True,21773.0,14,failed,"[{'system': 'pbs', 'block_number': 14, 'success': False}, {'system': 'pos', 'block_number': 14, 'success': False}]"
21778,0,0,237,True,True,14.0,14.0,False,False,True,21775.0,14,failed,"[{'system': 'pbs', 'block_number': 14, 'success': False}, {'system': 'pos', 'block_number': 14, 'success': False}]"
21780,0,0,237,True,True,14.0,14.0,False,False,True,21777.0,14,failed,"[{'system': 'pbs', 'block_number': 14, 'success': False}, {'system': 'pos', 'block_number': 14, 'success': False}]"
21782,0,0,229,True,True,14.0,14.0,False,False,True,21779.0,14,failed,"[{'system': 'pbs', 'block_number': 14, 'success': False}, {'system': 'pos', 'block_number': 14, 'success': False}]"
21784,0,0,233,True,True,14.0,14.0,False,False,True,21781.0,14,failed,"[{'system': 'pbs', 'block_number': 14, 'success': False}, {'system': 'pos', 'block_number': 14, 'success': False}]"
21786,0,0,238,True,True,14.0,14.0,False,False,True,21783.0,14,failed,"[{'system': 'pbs', 'block_number': 14, 'success': False}, {'system': 'pos', 'block_number': 14, 'success': False}]"
21788,0,0,236,True,True,14.0,14.0,False,False,True,21785.0,14,failed,"[{'system': 'pbs', 'block_number': 14, 'success': False}, {'system': 'pos', 'block_number': 14, 'success': False}]"
21790,0,0,221,True,True,14.0,14.0,False,False,True,21787.0,14,failed,"[{'system': 'pbs', 'block_number': 14, 'success': False}, {'system': 'pos', 'block_number': 14, 'success': False}]"
21792,0,0,228,True,True,14.0,14.0,False,False,True,21789.0,14,failed,"[{'system': 'pbs', 'block_number': 14, 'success': False}, {'system': 'pos', 'block_number': 14, 'success': False}]"
21794,0,0,236,True,True,14.0,14.0,False,False,True,21791.0,14,failed,"[{'system': 'pbs', 'block_number': 14, 'success': False}, {'system': 'pos', 'block_number': 14, 'success': False}]"
21796,0,0,237,True,True,14.0,14.0,False,False,True,21793.0,14,failed,"[{'system': 'pbs', 'block_number': 14, 'success': False}, {'system': 'pos', 'block_number': 14, 'success': False}]"
21798,0,0,222,True,True,14.0,14.0,False,False,True,21795.0,14,failed,"[{'system': 'pbs', 'block_number': 14, 'success': False}, {'system': 'pos', 'block_number': 14, 'success': False}]"
21800,0,0,226,True,True,14.0,14.0,False,False,True,21797.0,14,failed,"[{'system': 'pbs', 'block_number': 14, 'success': False}, {'system': 'pos', 'block_number': 14, 'success': False}]"
21847,43000355,146000,229,True,True,15.0,15.0,True,True,True,21845.0,15,b_attack,"[{'system': 'pbs', 'block_number': 15, 'success': True}, {'system': 'pos', 'block_number': 15, 'success': True}]"
21845,43000354,146000,230,True,True,15.0,15.0,True,True,True,21843.0,15,b_attack,"[{'system': 'pbs', 'block_number': 15, 'success': True}, {'system': 'pos', 'block_number': 15, 'success': True}]"
21843,43000353,146000,221,True,True,15.0,15.0,True,True,True,21841.0,15,b_attack,"[{'system': 'pbs', 'block_number': 15, 'success': True}, {'system': 'pos', 'block_number': 15, 'success': True}]"
21841,43000352,146000,228,True,True,15.0,15.0,True,True,True,21839.0,15,b_attack,"[{'system': 'pbs', 'block_number': 15, 'success': True}, {'system': 'pos', 'block_number': 15, 'success': True}]"
21839,43000351,146000,238,True,True,15.0,15.0,True,True,True,21837.0,15,b_attack,"[{'system': 'pbs', 'block_number': 15, 'success': True}, {'system': 'pos', 'block_number': 15, 'success': True}]"
21837,43000350,146000,229,True,True,15.0,15.0,True,True,True,21835.0,15,b_attack,"[{'system': 'pbs', 'block_number': 15, 'success': True}, {'system': 'pos', 'block_number': 15, 'success': True}]"
21835,43000349,146000,233,True,True,15.0,15.0,True,True,True,21833.0,15,b_attack,"[{'system': 'pbs', 'block_number': 15, 'success': True}, {'system': 'pos', 'block_number': 15, 'success': True}]"
21833,43000348,146000,231,True,True,15.0,15.0,True,True,True,21831.0,15,b_attack,"[{'system': 'pbs', 'block_number': 15, 'success': True}, {'system': 'pos', 'block_number': 15, 'success': True}]"
21831,43000347,146000,236,True,True,15.0,15.0,True,True,True,21829.0,15,b_attack,"[{'system': 'pbs', 'block_number': 15, 'success': True}, {'system': 'pos', 'block_number': 15, 'success': True}]"
21829,43000346,146000,236,True,True,15.0,15.0,True,True,True,21827.0,15,b_attack,"[{'system': 'pbs', 'block_number': 15, 'success': True}, {'system': 'pos', 'block_number': 15, 'success': True}]"
21827,43000345,146000,238,True,True,15.0,15.0,True,True,True,21825.0,15,b_attack,"[{'system': 'pbs', 'block_number': 15, 'success': True}, {'system': 'pos', 'block_number': 15, 'success': True}]"
21825,43000344,146000,232,True,True,15.0,15.0,True,True,True,21823.0,15,b_attack,"[{'system': 'pbs', 'block_number': 15, 'success': True}, {'system': 'pos', 'block_number': 15, 'success': True}]"
21823,43000343,146000,238,True,True,15.0,15.0,True,True,True,21821.0,15,b_attack,"[{'system': 'pbs', 'block_number': 15, 'success': True}, {'system': 'pos', 'block_number': 15, 'success': True}]"
21821,43000342,146000,223,True,True,15.0,15.0,True,True,True,21819.0,15,b_attack,"[{'system': 'pbs', 'block_number': 15, 'success': True}, {'system': 'pos', 'block_number': 15, 'success': True}]"
21819,43000341,146000,226,True,True,15.0,15.0,True,True,True,21817.0,15,b_attack,"[{'system': 'pbs', 'block_number': 15, 'success': True}, {'system': 'pos', 'block_number': 15, 'success': True}]"
21817,43000340,146000,236,True,True,15.0,15.0,True,True,True,21815.0,15,b_attack,"[{'system': 'pbs', 'block_number': 15, 'success': True}, {'system': 'pos', 'block_number': 15, 'success': True}]"
21815,43000339,146000,224,True,True,15.0,15.0,True,True,True,21813.0,15,b_attack,"[{'system': 'pbs', 'block_number': 15, 'success': True}, {'system': 'pos', 'block_number': 15, 'success': True}]"
21813,43000338,146000,236,True,True,15.0,15.0,True,True,True,21811.0,15,b_attack,"[{'system': 'pbs', 'block_number': 15, 'success': True}, {'system': 'pos', 'block_number': 15, 'success': True}]"
21811,43000337,146000,222,True,True,15.0,15.0,True,True,True,21809.0,15,b_attack,"[{'system': 'pbs', 'block_number': 15, 'success': True}, {'system': 'pos', 'block_number': 15, 'success': True}]"
21809,43000336,146000,238,True,True,15.0,15.0,True,True,True,21807.0,15,b_attack,"[{'system': 'pbs', 'block_number': 15, 'success': True}, {'system': 'pos', 'block_number': 15, 'success': True}]"
21807,43000335,146000,232,True,True,15.0,15.0,True,True,True,21805.0,15,b_attack,"[{'system': 'pbs', 'block_number': 15, 'success': True}, {'system': 'pos', 'block_number': 15, 'success': True}]"
21805,43000334,146000,224,True,True,15.0,15.0,True,True,True,21803.0,15,b_attack,"[{'system': 'pbs', 'block_number': 15, 'success': True}, {'system': 'pos', 'block_number': 15, 'success': True}]"
21803,43000333,146000,228,True,True,15.0,15.0,True,True,True,21801.0,15,b_attack,"[{'system': 'pbs', 'block_number': 15, 'success': True}, {'system': 'pos', 'block_number': 15, 'success': True}]"
21801,0,0,235,True,True,15.0,15.0,False,False,True,21799.0,15,failed,"[{'system': 'pbs', 'block_number': 15, 'success': False}, {'system': 'pos', 'block_number': 15, 'success': False}]"
21802,0,0,235,True,True,15.0,15.0,False,False,True,21799.0,15,failed,"[{'system': 'pbs', 'block_number': 15, 'success': False}, {'system': 'pos', 'block_number': 15, 'success': False}]"
21804,0,0,228,True,True,15.0,15.0,False,False,True,21801.0,15,failed,"[{'system': 'pbs', 'block_number': 15, 'success': False}, {'system': 'pos', 'block_number': 15, 'success': False}]"
21806,0,0,224,True,True,15.0,15.0,False,False,True,21803.0,15,failed,"[{'system': 'pbs', 'block_number': 15, 'success': False}, {'system': 'pos', 'block_number': 15, 'success': False}]"
21808,0,0,232,True,True,15.0,15.0,False,False,True,21805.0,15,failed,"[{'system': 'pbs', 'block_number': 15, 'success': False}, {'system': 'pos', 'block_number': 15, 'success': False}]"
21810,0,0,238,True,True,15.0,15.0,False,False,True,21807.0,15,failed,"[{'system': 'pbs', 'block_number': 15, 'success': False}, {'system': 'pos', 'block_number': 15, 'success': False}]"
21812,0,0,222,True,True,15.0,15.0,False,False,True,21809.0,15,failed,"[{'system': 'pbs', 'block_number': 15, 'success': False}, {'system': 'pos', 'block_number': 15, 'success': False}]"
21814,0,0,236,True,True,15.0,15.0,False,False,True,21811.0,15,failed,"[{'system': 'pbs', 'block_number': 15, 'success': False}, {'system': 'pos', 'block_number': 15, 'success': False}]"
21816,0,0,224,True,True,15.0,15.0,False,False,True,21813.0,15,failed,"[{'system': 'pbs', 'block_number': 15, 'success': False}, {'system': 'pos', 'block_number': 15, 'success': False}]"
21818,0,0,236,True,True,15.0,15.0,False,False,True,21815.0,15,failed,"[{'system': 'pbs', 'block_number': 15, 'success': False}, {'system': 'pos', 'block_number': 15, 'success': False}]"
21820,0,0,226,True,True,15.0,15.0,False,False,True,21817.0,15,failed,"[{'system': 'pbs', 'block_number': 15, 'success': False}, {'system': 'pos', 'block_number': 15, 'success': False}]"
21822,0,0,223,True,True,15.0,15.0,False,False,True,21819.0,15,failed,"[{'system': 'pbs', 'block_number': 15, 'success': False}, {'system': 'pos', 'block_number': 15, 'success': False}]"
21824,0,0,238,True,True,15.0,15.0,False,False,True,21821.0,15,failed,"[{'system': 'pbs', 'block_number': 15, 'success': False}, {'system': 'pos', 'block_number': 15, 'success': False}]"
21826,0,0,232,True,True,15.0,15.0,False,False,True,21823.0,15,failed,"[{'system': 'pbs', 'block_number': 15, 'success': False}, {'system': 'pos', 'block_number': 15, 'success': False}]"
21828,0,0,238,True,True,15.0,15.0,False,False,True,21825.0,15,failed,"[{'system': 'pbs', 'block_number': 15, 'success': False}, {'system': 'pos', 'block_number': 15, 'success': False}]"
21830,0,0,236,True,True,15.0,15.0,False,False,True,21827.0,15,failed,"[{'system': 'pbs', 'block_number': 15, 'success': False}, {'system': 'pos', 'block_number': 15, 'success': False}]"
21832,0,0,236,True,True,15.0,15.0,False,False,True,21829.0,15,failed,"[{'system': 'pbs', 'block_number': 15, 'success': False}, {'system': 'pos', 'block_number': 15, 'success': False}]"
21834,0,0,231,True,True,15.0,15.0,False,False,True,21831.0,15,failed,"[{'system': 'pbs', 'block_number': 15, 'success': False}, {'system': 'pos', 'block_number': 15, 'success': False}]"
21836,0,0,233,True,True,15.0,15.0,False,False,True,21833.0,15,failed,"[{'system': 'pbs', 'block_number': 15, 'success': False}, {'system': 'pos', 'block_number': 15, 'success': False}]"
21838,0,0,229,True,True,15.0,15.0,False,False,True,21835.0,15,failed,"[{'system': 'pbs', 'block_number': 15, 'success': False}, {'system': 'pos', 'block_number': 15, 'success': False}]"
21840,0,0,238,True,True,15.0,15.0,False,False,True,21837.0,15,failed,"[{'system': 'pbs', 'block_number': 15, 'success': False}, {'system': 'pos', 'block_number': 15, 'success': False}]"
21842,0,0,228,True,True,15.0,15.0,False,False,True,21839.0,15,failed,"[{'system': 'pbs', 'block_number': 15, 'success': False}, {'system': 'pos', 'block_number': 15, 'success': False}]"
21844,0,0,221,True,True,15.0,15.0,False,False,True,21841.0,15,failed,"[{'system': 'pbs', 'block_number': 15, 'success': False}, {'system': 'pos', 'block_number': 15, 'success': False}]"
21846,0,0,230,True,True,15.0,15.0,False,False,True,21843.0,15,failed,"[{'system': 'pbs', 'block_number': 15, 'success': False}, {'system': 'pos', 'block_number': 15, 'success': False}]"
21848,0,0,229,True,True,15.0,15.0,False,False,True,21845.0,15,failed,"[{'system': 'pbs', 'block_number': 15, 'success': False}, {'system': 'pos', 'block_number': 15, 'success': False}]"
21895,43000379,146000,235,True,True,16.0,16.0,True,True,True,21893.0,16,b_attack,"[{'system': 'pbs', 'block_number': 16, 'success': True}, {'system': 'pos', 'block_number': 16, 'success': True}]"
23582,0,0,559,False,True,,16.0,False,False,True,21895.0,16,failed,"[{'system': 'pos', 'block_number': 16, 'success': False}]"
21893,43000378,146000,238,True,True,16.0,16.0,True,True,True,21891.0,16,b_attack,"[{'system': 'pbs', 'block_number': 16, 'success': True}, {'system': 'pos', 'block_number': 16, 'success': True}]"
21891,43000377,146000,239,True,True,16.0,16.0,True,True,True,21889.0,16,b_attack,"[{'system': 'pbs', 'block_number': 16, 'success': True}, {'system': 'pos', 'block_number': 16, 'success': True}]"
21889,43000376,146000,222,True,True,16.0,16.0,True,True,True,21887.0,16,b_attack,"[{'system': 'pbs', 'block_number': 16, 'success': True}, {'system': 'pos', 'block_number': 16, 'success': True}]"
21887,43000375,146000,233,True,True,16.0,16.0,True,True,True,21885.0,16,b_attack,"[{'system': 'pbs', 'block_number': 16, 'success': True}, {'system': 'pos', 'block_number': 16, 'success': True}]"
21885,43000374,146000,239,True,True,16.0,16.0,True,True,True,21883.0,16,b_attack,"[{'system': 'pbs', 'block_number': 16, 'success': True}, {'system': 'pos', 'block_number': 16, 'success': True}]"
21883,43000373,146000,231,True,True,16.0,16.0,True,True,True,21881.0,16,b_attack,"[{'system': 'pbs', 'block_number': 16, 'success': True}, {'system': 'pos', 'block_number': 16, 'success': True}]"
21881,43000372,146000,240,True,True,16.0,16.0,True,True,True,21879.0,16,b_attack,"[{'system': 'pbs', 'block_number': 16, 'success': True}, {'system': 'pos', 'block_number': 16, 'success': True}]"
21879,43000371,146000,231,True,True,16.0,16.0,True,True,True,21877.0,16,b_attack,"[{'system': 'pbs', 'block_number': 16, 'success': True}, {'system': 'pos', 'block_number': 16, 'success': True}]"
21877,43000370,146000,227,True,True,16.0,16.0,True,True,True,21875.0,16,b_attack,"[{'system': 'pbs', 'block_number': 16, 'success': True}, {'system': 'pos', 'block_number': 16, 'success': True}]"
21875,43000369,146000,237,True,True,16.0,16.0,True,True,True,21873.0,16,b_attack,"[{'system': 'pbs', 'block_number': 16, 'success': True}, {'system': 'pos', 'block_number': 16, 'success': True}]"
21873,43000368,146000,227,True,True,16.0,16.0,True,True,True,21871.0,16,b_attack,"[{'system': 'pbs', 'block_number': 16, 'success': True}, {'system': 'pos', 'block_number': 16, 'success': True}]"
21871,43000367,146000,225,True,True,16.0,16.0,True,True,True,21869.0,16,b_attack,"[{'system': 'pbs', 'block_number': 16, 'success': True}, {'system': 'pos', 'block_number': 16, 'success': True}]"
21869,43000366,146000,221,True,True,16.0,16.0,True,True,True,21867.0,16,b_attack,"[{'system': 'pbs', 'block_number': 16, 'success': True}, {'system': 'pos', 'block_number': 16, 'success': True}]"
21867,43000365,146000,222,True,True,16.0,16.0,True,True,True,21865.0,16,b_attack,"[{'system': 'pbs', 'block_number': 16, 'success': True}, {'system': 'pos', 'block_number': 16, 'success': True}]"
21865,43000364,146000,228,True,True,16.0,16.0,True,True,True,21863.0,16,b_attack,"[{'system': 'pbs', 'block_number': 16, 'success': True}, {'system': 'pos', 'block_number': 16, 'success': True}]"
21863,43000363,146000,226,True,True,16.0,16.0,True,True,True,21861.0,16,b_attack,"[{'system': 'pbs', 'block_number': 16, 'success': True}, {'system': 'pos', 'block_number': 16, 'success': True}]"
21861,43000362,146000,236,True,True,16.0,16.0,True,True,True,21859.0,16,b_attack,"[{'system': 'pbs', 'block_number': 16, 'success': True}, {'system': 'pos', 'block_number': 16, 'success': True}]"
21859,43000361,146000,233,True,True,16.0,16.0,True,True,True,21857.0,16,b_attack,"[{'system': 'pbs', 'block_number': 16, 'success': True}, {'system': 'pos', 'block_number': 16, 'success': True}]"
21857,43000360,146000,226,True,True,16.0,16.0,True,True,True,21855.0,16,b_attack,"[{'system': 'pbs', 'block_number': 16, 'success': True}, {'system': 'pos', 'block_number': 16, 'success': True}]"
21855,43000359,146000,223,True,True,16.0,16.0,True,True,True,21853.0,16,b_attack,"[{'system': 'pbs', 'block_number': 16, 'success': True}, {'system': 'pos', 'block_number': 16, 'success': True}]"
21853,43000358,146000,240,True,True,16.0,16.0,True,True,True,21851.0,16,b_attack,"[{'system': 'pbs', 'block_number': 16, 'success': True}, {'system': 'pos', 'block_number': 16, 'success': True}]"
21851,43000357,146000,228,True,True,16.0,16.0,True,True,True,21849.0,16,b_attack,"[{'system': 'pbs', 'block_number': 16, 'success': True}, {'system': 'pos', 'block_number': 16, 'success': True}]"
21849,0,0,233,True,True,16.0,16.0,False,True,True,21847.0,16,failed,"[{'system': 'pbs', 'block_number': 16, 'success': False}, {'system': 'pos', 'block_number': 16, 'success': True}]"
21850,0,0,233,True,True,16.0,16.0,False,False,True,21847.0,16,failed,"[{'system': 'pbs', 'block_number': 16, 'success': False}, {'system': 'pos', 'block_number': 16, 'success': False}]"
21852,0,0,228,True,True,16.0,16.0,False,False,True,21849.0,16,failed,"[{'system': 'pbs', 'block_number': 16, 'success': False}, {'system': 'pos', 'block_number': 16, 'success': False}]"
21854,0,0,240,True,True,16.0,16.0,False,False,True,21851.0,16,failed,"[{'system': 'pbs', 'block_number': 16, 'success': False}, {'system': 'pos', 'block_number': 16, 'success': False}]"
21856,0,0,223,True,True,16.0,16.0,False,False,True,21853.0,16,failed,"[{'system': 'pbs', 'block_number': 16, 'success': False}, {'system': 'pos', 'block_number': 16, 'success': False}]"
21858,0,0,226,True,True,16.0,16.0,False,False,True,21855.0,16,failed,"[{'system': 'pbs', 'block_number': 16, 'success': False}, {'system': 'pos', 'block_number': 16, 'success': False}]"
21860,0,0,233,True,True,16.0,16.0,False,False,True,21857.0,16,failed,"[{'system': 'pbs', 'block_number': 16, 'success': False}, {'system': 'pos', 'block_number': 16, 'success': False}]"
21862,0,0,236,True,True,16.0,16.0,False,False,True,21859.0,16,failed,"[{'system': 'pbs', 'block_number': 16, 'success': False}, {'system': 'pos', 'block_number': 16, 'success': False}]"
21864,0,0,226,True,True,16.0,16.0,False,False,True,21861.0,16,failed,"[{'system': 'pbs', 'block_number': 16, 'success': False}, {'system': 'pos', 'block_number': 16, 'success': False}]"
21866,0,0,228,True,True,16.0,16.0,False,False,True,21863.0,16,failed,"[{'system': 'pbs', 'block_number': 16, 'success': False}, {'system': 'pos', 'block_number': 16, 'success': False}]"
21868,0,0,222,True,True,16.0,16.0,False,False,True,21865.0,16,failed,"[{'system': 'pbs', 'block_number': 16, 'success': False}, {'system': 'pos', 'block_number': 16, 'success': False}]"
21870,0,0,221,True,True,16.0,16.0,False,False,True,21867.0,16,failed,"[{'system': 'pbs', 'block_number': 16, 'success': False}, {'system': 'pos', 'block_number': 16, 'success': False}]"
21872,0,0,225,True,True,16.0,16.0,False,False,True,21869.0,16,failed,"[{'system': 'pbs', 'block_number': 16, 'success': False}, {'system': 'pos', 'block_number': 16, 'success': False}]"
21874,0,0,227,True,True,16.0,16.0,False,False,True,21871.0,16,failed,"[{'system': 'pbs', 'block_number': 16, 'success': False}, {'system': 'pos', 'block_number': 16, 'success': False}]"
21876,0,0,237,True,True,16.0,16.0,False,False,True,21873.0,16,failed,"[{'system': 'pbs', 'block_number': 16, 'success': False}, {'system': 'pos', 'block_number': 16, 'success': False}]"
21878,0,0,227,True,True,16.0,16.0,False,False,True,21875.0,16,failed,"[{'system': 'pbs', 'block_number': 16, 'success': False}, {'system': 'pos', 'block_number': 16, 'success': False}]"
21880,0,0,231,True,True,16.0,16.0,False,False,True,21877.0,16,failed,"[{'system': 'pbs', 'block_number': 16, 'success': False}, {'system': 'pos', 'block_number': 16, 'success': False}]"
21882,0,0,240,True,True,16.0,16.0,False,False,True,21879.0,16,failed,"[{'system': 'pbs', 'block_number': 16, 'success': False}, {'system': 'pos', 'block_number': 16, 'success': False}]"
21884,0,0,231,True,True,16.0,16.0,False,False,True,21881.0,16,failed,"[{'system': 'pbs', 'block_number': 16, 'success': False}, {'system': 'pos', 'block_number': 16, 'success': False}]"
21886,0,0,239,True,True,16.0,16.0,False,False,True,21883.0,16,failed,"[{'system': 'pbs', 'block_number': 16, 'success': False}, {'system': 'pos', 'block_number': 16, 'success': False}]"
21888,0,0,233,True,True,16.0,16.0,False,False,True,21885.0,16,failed,"[{'system': 'pbs', 'block_number': 16, 'success': False}, {'system': 'pos', 'block_number': 16, 'success': False}]"
21890,0,0,222,True,True,16.0,16.0,False,False,True,21887.0,16,failed,"[{'system': 'pbs', 'block_number': 16, 'success': False}, {'system': 'pos', 'block_number': 16, 'success': False}]"
21892,0,0,239,True,True,16.0,16.0,False,False,True,21889.0,16,failed,"[{'system': 'pbs', 'block_number': 16, 'success': False}, {'system': 'pos', 'block_number': 16, 'success': False}]"
21894,0,0,238,True,True,16.0,16.0,False,False,True,21891.0,16,failed,"[{'system': 'pbs', 'block_number': 16, 'success': False}, {'system': 'pos', 'block_number': 16, 'success': False}]"
21896,0,0,235,True,True,16.0,16.0,False,False,True,21893.0,16,failed,"[{'system': 'pbs', 'block_number': 16, 'success': False}, {'system': 'pos', 'block_number': 16, 'success': False}]"
21943,43000403,146000,234,True,True,17.0,17.0,True,True,True,21941.0,17,b_attack,"[{'system': 'pbs', 'block_number': 17, 'success': True}, {'system': 'pos', 'block_number': 17, 'success': True}]"
21941,43000402,146000,224,True,True,17.0,17.0,True,True,True,21939.0,17,b_attack,"[{'system': 'pbs', 'block_number': 17, 'success': True}, {'system': 'pos', 'block_number': 17, 'success': True}]"
21939,43000401,146000,228,True,True,17.0,17.0,True,True,True,21937.0,17,b_attack,"[{'system': 'pbs', 'block_number': 17, 'success': True}, {'system': 'pos', 'block_number': 17, 'success': True}]"
21937,43000400,146000,238,True,True,17.0,17.0,True,True,True,21935.0,17,b_attack,"[{'system': 'pbs', 'block_number': 17, 'success': True}, {'system': 'pos', 'block_number': 17, 'success': True}]"
21935,43000399,146000,226,True,True,17.0,17.0,True,True,True,21933.0,17,b_attack,"[{'system': 'pbs', 'block_number': 17, 'success': True}, {'system': 'pos', 'block_number': 17, 'success': True}]"
21933,43000398,146000,232,True,True,17.0,17.0,True,True,True,21931.0,17,b_attack,"[{'system': 'pbs', 'block_number': 17, 'success': True}, {'system': 'pos', 'block_number': 17, 'success': True}]"
21931,43000397,146000,226,True,True,17.0,17.0,True,True,True,21929.0,17,b_attack,"[{'system': 'pbs', 'block_number': 17, 'success': True}, {'system': 'pos', 'block_number': 17, 'success': True}]"
21929,43000396,146000,238,True,True,17.0,17.0,True,True,True,21927.0,17,b_attack,"[{'system': 'pbs', 'block_number': 17, 'success': True}, {'system': 'pos', 'block_number': 17, 'success': True}]"
21927,43000395,146000,221,True,True,17.0,17.0,True,True,True,21925.0,17,b_attack,"[{'system': 'pbs', 'block_number': 17, 'success': True}, {'system': 'pos', 'block_number': 17, 'success': True}]"
21925,43000394,146000,221,True,True,17.0,17.0,True,True,True,21923.0,17,b_attack,"[{'system': 'pbs', 'block_number': 17, 'success': True}, {'system': 'pos', 'block_number': 17, 'success': True}]"
21923,43000393,146000,221,True,True,17.0,17.0,True,True,True,21921.0,17,b_attack,"[{'system': 'pbs', 'block_number': 17, 'success': True}, {'system': 'pos', 'block_number': 17, 'success': True}]"
21921,43000392,146000,225,True,True,17.0,17.0,True,True,True,21919.0,17,b_attack,"[{'system': 'pbs', 'block_number': 17, 'success': True}, {'system': 'pos', 'block_number': 17, 'success': True}]"
21919,43000391,146000,233,True,True,17.0,17.0,True,True,True,21917.0,17,b_attack,"[{'system': 'pbs', 'block_number': 17, 'success': True}, {'system': 'pos', 'block_number': 17, 'success': True}]"
21917,43000390,146000,232,True,True,17.0,17.0,True,True,True,21915.0,17,b_attack,"[{'system': 'pbs', 'block_number': 17, 'success': True}, {'system': 'pos', 'block_number': 17, 'success': True}]"
21915,43000389,146000,239,True,True,17.0,17.0,True,True,True,21913.0,17,b_attack,"[{'system': 'pbs', 'block_number': 17, 'success': True}, {'system': 'pos', 'block_number': 17, 'success': True}]"
21913,43000388,146000,231,True,True,17.0,17.0,True,True,True,21911.0,17,b_attack,"[{'system': 'pbs', 'block_number': 17, 'success': True}, {'system': 'pos', 'block_number': 17, 'success': True}]"
21911,43000387,146000,222,True,True,17.0,17.0,True,True,True,21909.0,17,b_attack,"[{'system': 'pbs', 'block_number': 17, 'success': True}, {'system': 'pos', 'block_number': 17, 'success': True}]"
21909,43000386,146000,234,True,True,17.0,17.0,True,True,True,21907.0,17,b_attack,"[{'system': 'pbs', 'block_number': 17, 'success': True}, {'system': 'pos', 'block_number': 17, 'success': True}]"
21907,43000385,146000,231,True,True,17.0,17.0,True,True,True,21905.0,17,b_attack,"[{'system': 'pbs', 'block_number': 17, 'success': True}, {'system': 'pos', 'block_number': 17, 'success': True}]"
21905,43000384,146000,221,True,True,17.0,17.0,True,True,True,21903.0,17,b_attack,"[{'system': 'pbs', 'block_number': 17, 'success': True}, {'system': 'pos', 'block_number': 17, 'success': True}]"
21903,43000383,146000,234,True,True,17.0,17.0,True,True,True,21901.0,17,b_attack,"[{'system': 'pbs', 'block_number': 17, 'success': True}, {'system': 'pos', 'block_number': 17, 'success': True}]"
21901,43000382,146000,223,True,True,17.0,17.0,True,True,True,21899.0,17,b_attack,"[{'system': 'pbs', 'block_number': 17, 'success': True}, {'system': 'pos', 'block_number': 17, 'success': True}]"
21899,43000381,146000,237,True,True,17.0,17.0,True,True,True,21897.0,17,b_attack,"[{'system': 'pbs', 'block_number': 17, 'success': True}, {'system': 'pos', 'block_number': 17, 'success': True}]"
21897,0,0,226,True,True,17.0,17.0,False,False,True,21895.0,17,failed,"[{'system': 'pbs', 'block_number': 17, 'success': False}, {'system': 'pos', 'block_number': 17, 'success': False}]"
21898,0,0,226,True,True,17.0,17.0,False,False,True,21895.0,17,failed,"[{'system': 'pbs', 'block_number': 17, 'success': False}, {'system': 'pos', 'block_number': 17, 'success': False}]"
21900,0,0,237,True,True,17.0,17.0,False,False,True,21897.0,17,failed,"[{'system': 'pbs', 'block_number': 17, 'success': False}, {'system': 'pos', 'block_number': 17, 'success': False}]"
21902,0,0,223,True,True,17.0,17.0,False,False,True,21899.0,17,failed,"[{'system': 'pbs', 'block_number': 17, 'success': False}, {'system': 'pos', 'block_number': 17, 'success': False}]"
21904,0,0,234,True,True,17.0,17.0,False,False,True,21901.0,17,failed,"[{'system': 'pbs', 'block_number': 17, 'success': False}, {'system': 'pos', 'block_number': 17, 'success': False}]"
21906,0,0,221,True,True,17.0,17.0,False,False,True,21903.0,17,failed,"[{'system': 'pbs', 'block_number': 17, 'success': False}, {'system': 'pos', 'block_number': 17, 'success': False}]"
21908,0,0,231,True,True,17.0,17.0,False,False,True,21905.0,17,failed,"[{'system': 'pbs', 'block_number': 17, 'success': False}, {'system': 'pos', 'block_number': 17, 'success': False}]"
21910,0,0,234,True,True,17.0,17.0,False,False,True,21907.0,17,failed,"[{'system': 'pbs', 'block_number': 17, 'success': False}, {'system': 'pos', 'block_number': 17, 'success': False}]"
21912,0,0,222,True,True,17.0,17.0,False,False,True,21909.0,17,failed,"[{'system': 'pbs', 'block_number': 17, 'success': False}, {'system': 'pos', 'block_number': 17, 'success': False}]"
21914,0,0,231,True,True,17.0,17.0,False,False,True,21911.0,17,failed,"[{'system': 'pbs', 'block_number': 17, 'success': False}, {'system': 'pos', 'block_number': 17, 'success': False}]"
21916,0,0,239,True,True,17.0,17.0,False,False,True,21913.0,17,failed,"[{'system': 'pbs', 'block_number': 17, 'success': False}, {'system': 'pos', 'block_number': 17, 'success': False}]"
21918,0,0,232,True,True,17.0,17.0,False,False,True,21915.0,17,failed,"[{'system': 'pbs', 'block_number': 17, 'success': False}, {'system': 'pos', 'block_number': 17, 'success': False}]"
21920,0,0,233,True,True,17.0,17.0,False,False,True,21917.0,17,failed,"[{'system': 'pbs', 'block_number': 17, 'success': False}, {'system': 'pos', 'block_number': 17, 'success': False}]"
21922,0,0,225,True,True,17.0,17.0,False,False,True,21919.0,17,failed,"[{'system': 'pbs', 'block_number': 17, 'success': False}, {'system': 'pos', 'block_number': 17, 'success': False}]"
21924,0,0,221,True,True,17.0,17.0,False,False,True,21921.0,17,failed,"[{'system': 'pbs', 'block_number': 17, 'success': False}, {'system': 'pos', 'block_number': 17, 'success': False}]"
21926,0,0,221,True,True,17.0,17.0,False,False,True,21923.0,17,failed,"[{'system': 'pbs', 'block_number': 17, 'success': False}, {'system': 'pos', 'block_number': 17, 'success': False}]"
21928,0,0,221,True,True,17.0,17.0,False,False,True,21925.0,17,failed,"[{'system': 'pbs', 'block_number': 17, 'success': False}, {'system': 'pos', 'block_number': 17, 'success': False}]"
21930,0,0,238,True,True,17.0,17.0,False,False,True,21927.0,17,failed,"[{'system': 'pbs', 'block_number': 17, 'success': False}, {'system': 'pos', 'block_number': 17, 'success': False}]"
21932,0,0,226,True,True,17.0,17.0,False,False,True,21929.0,17,failed,"[{'system': 'pbs', 'block_number': 17, 'success': False}, {'system': 'pos', 'block_number': 17, 'success': False}]"
21934,0,0,232,True,True,17.0,17.0,False,False,True,21931.0,17,failed,"[{'system': 'pbs', 'block_number': 17, 'success': False}, {'system': 'pos', 'block_number': 17, 'success': False}]"
21936,0,0,226,True,True,17.0,17.0,False,False,True,21933.0,17,failed,"[{'system': 'pbs', 'block_number': 17, 'success': False}, {'system': 'pos', 'block_number': 17, 'success': False}]"
21938,0,0,238,True,True,17.0,17.0,False,False,True,21935.0,17,failed,"[{'system': 'pbs', 'block_number': 17, 'success': False}, {'system': 'pos', 'block_number': 17, 'success': False}]"
21940,0,0,228,True,True,17.0,17.0,False,False,True,21937.0,17,failed,"[{'system': 'pbs', 'block_number': 17, 'success': False}, {'system': 'pos', 'block_number': 17, 'success': False}]"
21942,0,0,224,True,True,17.0,17.0,False,False,True,21939.0,17,failed,"[{'system': 'pbs', 'block_number': 17, 'success': False}, {'system': 'pos', 'block_number': 17, 'success': False}]"
21944,0,0,234,True,True,17.0,17.0,False,False,True,21941.0,17,failed,"[{'system': 'pbs', 'block_number': 17, 'success': False}, {'system': 'pos', 'block_number': 17, 'success': False}]"
21991,43000427,146000,230,True,True,18.0,18.0,True,True,True,21989.0,18,b_attack,"[{'system': 'pbs', 'block_number': 18, 'success': True}, {'system': 'pos', 'block_number': 18, 'success': True}]"
21989,43000426,146000,226,True,True,18.0,18.0,True,True,True,21987.0,18,b_attack,"[{'system': 'pbs', 'block_number': 18, 'success': True}, {'system': 'pos', 'block_number': 18, 'success': True}]"
21987,43000425,146000,236,True,True,18.0,18.0,True,True,True,21985.0,18,b_attack,"[{'system': 'pbs', 'block_number': 18, 'success': True}, {'system': 'pos', 'block_number': 18, 'success': True}]"
21985,43000424,146000,235,True,True,18.0,18.0,True,True,True,21983.0,18,b_attack,"[{'system': 'pbs', 'block_number': 18, 'success': True}, {'system': 'pos', 'block_number': 18, 'success': True}]"
21983,43000423,146000,232,True,True,18.0,18.0,True,True,True,21981.0,18,b_attack,"[{'system': 'pbs', 'block_number': 18, 'success': True}, {'system': 'pos', 'block_number': 18, 'success': True}]"
21981,43000422,146000,237,True,True,18.0,18.0,True,True,True,21979.0,18,b_attack,"[{'system': 'pbs', 'block_number': 18, 'success': True}, {'system': 'pos', 'block_number': 18, 'success': True}]"
21979,43000421,146000,236,True,True,18.0,18.0,True,True,True,21977.0,18,b_attack,"[{'system': 'pbs', 'block_number': 18, 'success': True}, {'system': 'pos', 'block_number': 18, 'success': True}]"
21977,43000420,146000,226,True,True,18.0,18.0,True,True,True,21975.0,18,b_attack,"[{'system': 'pbs', 'block_number': 18, 'success': True}, {'system': 'pos', 'block_number': 18, 'success': True}]"
21975,43000419,146000,237,True,True,18.0,18.0,True,True,True,21973.0,18,b_attack,"[{'system': 'pbs', 'block_number': 18, 'success': True}, {'system': 'pos', 'block_number': 18, 'success': True}]"
21973,43000418,146000,223,True,True,18.0,18.0,True,True,True,21971.0,18,b_attack,"[{'system': 'pbs', 'block_number': 18, 'success': True}, {'system': 'pos', 'block_number': 18, 'success': True}]"
21971,43000417,146000,228,True,True,18.0,18.0,True,True,True,21969.0,18,b_attack,"[{'system': 'pbs', 'block_number': 18, 'success': True}, {'system': 'pos', 'block_number': 18, 'success': True}]"
21969,43000416,146000,224,True,True,18.0,18.0,True,True,True,21967.0,18,b_attack,"[{'system': 'pbs', 'block_number': 18, 'success': True}, {'system': 'pos', 'block_number': 18, 'success': True}]"
21967,43000415,146000,222,True,True,18.0,18.0,True,True,True,21965.0,18,b_attack,"[{'system': 'pbs', 'block_number': 18, 'success': True}, {'system': 'pos', 'block_number': 18, 'success': True}]"
21965,43000414,146000,238,True,True,18.0,18.0,True,True,True,21963.0,18,b_attack,"[{'system': 'pbs', 'block_number': 18, 'success': True}, {'system': 'pos', 'block_number': 18, 'success': True}]"
21963,43000413,146000,238,True,True,18.0,18.0,True,True,True,21961.0,18,b_attack,"[{'system': 'pbs', 'block_number': 18, 'success': True}, {'system': 'pos', 'block_number': 18, 'success': True}]"
21961,43000412,146000,240,True,True,18.0,18.0,True,True,True,21959.0,18,b_attack,"[{'system': 'pbs', 'block_number': 18, 'success': True}, {'system': 'pos', 'block_number': 18, 'success': True}]"
21959,43000411,146000,235,True,True,18.0,18.0,True,True,True,21957.0,18,b_attack,"[{'system': 'pbs', 'block_number': 18, 'success': True}, {'system': 'pos', 'block_number': 18, 'success': True}]"
21957,43000410,146000,223,True,True,18.0,18.0,True,True,True,21955.0,18,b_attack,"[{'system': 'pbs', 'block_number': 18, 'success': True}, {'system': 'pos', 'block_number': 18, 'success': True}]"
21955,43000409,146000,239,True,True,18.0,18.0,True,True,True,21953.0,18,b_attack,"[{'system': 'pbs', 'block_number': 18, 'success': True}, {'system': 'pos', 'block_number': 18, 'success': True}]"
21953,43000408,146000,222,True,True,18.0,18.0,True,True,True,21951.0,18,b_attack,"[{'system': 'pbs', 'block_number': 18, 'success': True}, {'system': 'pos', 'block_number': 18, 'success': True}]"
21951,43000407,146000,221,True,True,18.0,18.0,True,True,True,21949.0,18,b_attack,"[{'system': 'pbs', 'block_number': 18, 'success': True}, {'system': 'pos', 'block_number': 18, 'success': True}]"
21949,43000406,146000,228,True,True,18.0,18.0,True,True,True,21947.0,18,b_attack,"[{'system': 'pbs', 'block_number': 18, 'success': True}, {'system': 'pos', 'block_number': 18, 'success': True}]"
21947,43000405,146000,228,True,True,18.0,18.0,True,True,True,21945.0,18,b_attack,"[{'system': 'pbs', 'block_number': 18, 'success': True}, {'system': 'pos', 'block_number': 18, 'success': True}]"
21945,0,0,227,True,True,18.0,18.0,False,True,True,21943.0,18,failed,"[{'system': 'pbs', 'block_number': 18, 'success': False}, {'system': 'pos', 'block_number': 18, 'success': True}]"
21946,0,0,227,True,True,18.0,18.0,False,False,True,21943.0,18,failed,"[{'system': 'pbs', 'block_number': 18, 'success': False}, {'system': 'pos', 'block_number': 18, 'success': False}]"
21948,0,0,228,True,True,18.0,18.0,False,False,True,21945.0,18,failed,"[{'system': 'pbs', 'block_number': 18, 'success': False}, {'system': 'pos', 'block_number': 18, 'success': False}]"
21950,0,0,228,True,True,18.0,18.0,False,False,True,21947.0,18,failed,"[{'system': 'pbs', 'block_number': 18, 'success': False}, {'system': 'pos', 'block_number': 18, 'success': False}]"
21952,0,0,221,True,True,18.0,18.0,False,False,True,21949.0,18,failed,"[{'system': 'pbs', 'block_number': 18, 'success': False}, {'system': 'pos', 'block_number': 18, 'success': False}]"
21954,0,0,222,True,True,18.0,18.0,False,False,True,21951.0,18,failed,"[{'system': 'pbs', 'block_number': 18, 'success': False}, {'system': 'pos', 'block_number': 18, 'success': False}]"
21956,0,0,239,True,True,18.0,18.0,False,False,True,21953.0,18,failed,"[{'system': 'pbs', 'block_number': 18, 'success': False}, {'system': 'pos', 'block_number': 18, 'success': False}]"
21958,0,0,223,True,True,18.0,18.0,False,False,True,21955.0,18,failed,"[{'system': 'pbs', 'block_number': 18, 'success': False}, {'system': 'pos', 'block_number': 18, 'success': False}]"
21960,0,0,235,True,True,18.0,18.0,False,False,True,21957.0,18,failed,"[{'system': 'pbs', 'block_number': 18, 'success': False}, {'system': 'pos', 'block_number': 18, 'success': False}]"
21962,0,0,240,True,True,18.0,18.0,False,False,True,21959.0,18,failed,"[{'system': 'pbs', 'block_number': 18, 'success': False}, {'system': 'pos', 'block_number': 18, 'success': False}]"
21964,0,0,238,True,True,18.0,18.0,False,False,True,21961.0,18,failed,"[{'system': 'pbs', 'block_number': 18, 'success': False}, {'system': 'pos', 'block_number': 18, 'success': False}]"
21966,0,0,238,True,True,18.0,18.0,False,False,True,21963.0,18,failed,"[{'system': 'pbs', 'block_number': 18, 'success': False}, {'system': 'pos', 'block_number': 18, 'success': False}]"
21968,0,0,222,True,True,18.0,18.0,False,False,True,21965.0,18,failed,"[{'system': 'pbs', 'block_number': 18, 'success': False}, {'system': 'pos', 'block_number': 18, 'success': False}]"
21970,0,0,224,True,True,18.0,18.0,False,False,True,21967.0,18,failed,"[{'system': 'pbs', 'block_number': 18, 'success': False}, {'system': 'pos', 'block_number': 18, 'success': False}]"
21972,0,0,228,True,True,18.0,18.0,False,False,True,21969.0,18,failed,"[{'system': 'pbs', 'block_number': 18, 'success': False}, {'system': 'pos', 'block_number': 18, 'success': False}]"
21974,0,0,223,True,True,18.0,18.0,False,False,True,21971.0,18,failed,"[{'system': 'pbs', 'block_number': 18, 'success': False}, {'system': 'pos', 'block_number': 18, 'success': False}]"
21976,0,0,237,True,True,18.0,18.0,False,False,True,21973.0,18,failed,"[{'system': 'pbs', 'block_number': 18, 'success': False}, {'system': 'pos', 'block_number': 18, 'success': False}]"
21978,0,0,226,True,True,18.0,18.0,False,False,True,21975.0,18,failed,"[{'system': 'pbs', 'block_number': 18, 'success': False}, {'system': 'pos', 'block_number': 18, 'success': False}]"
21980,0,0,236,True,True,18.0,18.0,False,False,True,21977.0,18,failed,"[{'system': 'pbs', 'block_number': 18, 'success': False}, {'system': 'pos', 'block_number': 18, 'success': False}]"
21982,0,0,237,True,True,18.0,18.0,False,False,True,21979.0,18,failed,"[{'system': 'pbs', 'block_number': 18, 'success': False}, {'system': 'pos', 'block_number': 18, 'success': False}]"
21984,0,0,232,True,True,18.0,18.0,False,False,True,21981.0,18,failed,"[{'system': 'pbs', 'block_number': 18, 'success': False}, {'system': 'pos', 'block_number': 18, 'success': False}]"
21986,0,0,235,True,True,18.0,18.0,False,False,True,21983.0,18,failed,"[{'system': 'pbs', 'block_number': 18, 'success': False}, {'system': 'pos', 'block_number': 18, 'success': False}]"
21988,0,0,236,True,True,18.0,18.0,False,False,True,21985.0,18,failed,"[{'system': 'pbs', 'block_number': 18, 'success': False}, {'system': 'pos', 'block_number': 18, 'success': False}]"
21990,0,0,226,True,True,18.0,18.0,False,False,True,21987.0,18,failed,"[{'system': 'pbs', 'block_number': 18, 'success': False}, {'system': 'pos', 'block_number': 18, 'success': False}]"
21992,0,0,230,True,True,18.0,18.0,False,False,True,21989.0,18,failed,"[{'system': 'pbs', 'block_number': 18, 'success': False}, {'system': 'pos', 'block_number': 18, 'success': False}]"
22039,43000451,146000,227,True,True,19.0,19.0,True,True,True,22037.0,19,b_attack,"[{'system': 'pbs', 'block_number': 19, 'success': True}, {'system': 'pos', 'block_number': 19, 'success': True}]"
22037,43000450,146000,240,True,True,19.0,19.0,True,True,True,22035.0,19,b_attack,"[{'system': 'pbs', 'block_number': 19, 'success': True}, {'system': 'pos', 'block_number': 19, 'success': True}]"
22035,43000449,146000,235,True,True,19.0,19.0,True,True,True,22033.0,19,b_attack,"[{'system': 'pbs', 'block_number': 19, 'success': True}, {'system': 'pos', 'block_number': 19, 'success': True}]"
22033,43000448,146000,227,True,True,19.0,19.0,True,True,True,22031.0,19,b_attack,"[{'system': 'pbs', 'block_number': 19, 'success': True}, {'system': 'pos', 'block_number': 19, 'success': True}]"
22031,43000447,146000,236,True,True,19.0,19.0,True,True,True,22029.0,19,b_attack,"[{'system': 'pbs', 'block_number': 19, 'success': True}, {'system': 'pos', 'block_number': 19, 'success': True}]"
22029,43000446,146000,240,True,True,19.0,19.0,True,True,True,22027.0,19,b_attack,"[{'system': 'pbs', 'block_number': 19, 'success': True}, {'system': 'pos', 'block_number': 19, 'success': True}]"
22027,43000445,146000,234,True,True,19.0,19.0,True,True,True,22025.0,19,b_attack,"[{'system': 'pbs', 'block_number': 19, 'success': True}, {'system': 'pos', 'block_number': 19, 'success': True}]"
22025,43000444,146000,228,True,True,19.0,19.0,True,True,True,22023.0,19,b_attack,"[{'system': 'pbs', 'block_number': 19, 'success': True}, {'system': 'pos', 'block_number': 19, 'success': True}]"
22023,43000443,146000,231,True,True,19.0,19.0,True,True,True,22021.0,19,b_attack,"[{'system': 'pbs', 'block_number': 19, 'success': True}, {'system': 'pos', 'block_number': 19, 'success': True}]"
22021,43000442,146000,223,True,True,19.0,19.0,True,True,True,22019.0,19,b_attack,"[{'system': 'pbs', 'block_number': 19, 'success': True}, {'system': 'pos', 'block_number': 19, 'success': True}]"
22019,43000441,146000,229,True,True,19.0,19.0,True,True,True,22017.0,19,b_attack,"[{'system': 'pbs', 'block_number': 19, 'success': True}, {'system': 'pos', 'block_number': 19, 'success': True}]"
22017,43000440,146000,238,True,True,19.0,19.0,True,True,True,22015.0,19,b_attack,"[{'system': 'pbs', 'block_number': 19, 'success': True}, {'system': 'pos', 'block_number': 19, 'success': True}]"
22015,43000439,146000,236,True,True,19.0,19.0,True,True,True,22013.0,19,b_attack,"[{'system': 'pbs', 'block_number': 19, 'success': True}, {'system': 'pos', 'block_number': 19, 'success': True}]"
22013,43000438,146000,230,True,True,19.0,19.0,True,True,True,22011.0,19,b_attack,"[{'system': 'pbs', 'block_number': 19, 'success': True}, {'system': 'pos', 'block_number': 19, 'success': True}]"
22011,43000437,146000,233,True,True,19.0,19.0,True,True,True,22009.0,19,b_attack,"[{'system': 'pbs', 'block_number': 19, 'success': True}, {'system': 'pos', 'block_number': 19, 'success': True}]"
22009,43000436,146000,238,True,True,19.0,19.0,True,True,True,22007.0,19,b_attack,"[{'system': 'pbs', 'block_number': 19, 'success': True}, {'system': 'pos', 'block_number': 19, 'success': True}]"
22007,43000435,146000,223,True,True,19.0,19.0,True,True,True,22005.0,19,b_attack,"[{'system': 'pbs', 'block_number': 19, 'success': True}, {'system': 'pos', 'block_number': 19, 'success': True}]"
22005,43000434,146000,222,True,True,19.0,19.0,True,True,True,22003.0,19,b_attack,"[{'system': 'pbs', 'block_number': 19, 'success': True}, {'system': 'pos', 'block_number': 19, 'success': True}]"
22003,43000433,146000,221,True,True,19.0,19.0,True,True,True,22001.0,19,b_attack,"[{'system': 'pbs', 'block_number': 19, 'success': True}, {'system': 'pos', 'block_number': 19, 'success': True}]"
22001,43000432,146000,239,True,True,19.0,19.0,True,True,True,21999.0,19,b_attack,"[{'system': 'pbs', 'block_number': 19, 'success': True}, {'system': 'pos', 'block_number': 19, 'success': True}]"
21999,43000431,146000,223,True,True,19.0,19.0,True,True,True,21997.0,19,b_attack,"[{'system': 'pbs', 'block_number': 19, 'success': True}, {'system': 'pos', 'block_number': 19, 'success': True}]"
21997,43000430,146000,238,True,True,19.0,19.0,True,True,True,21995.0,19,b_attack,"[{'system': 'pbs', 'block_number': 19, 'success': True}, {'system': 'pos', 'block_number': 19, 'success': True}]"
21995,43000429,146000,225,True,True,19.0,19.0,True,True,True,21993.0,19,b_attack,"[{'system': 'pbs', 'block_number': 19, 'success': True}, {'system': 'pos', 'block_number': 19, 'success': True}]"
21993,0,0,226,True,True,19.0,19.0,False,True,True,21991.0,19,failed,"[{'system': 'pbs', 'block_number': 19, 'success': False}, {'system': 'pos', 'block_number': 19, 'success': True}]"
21994,0,0,226,True,True,19.0,19.0,False,False,True,21991.0,19,failed,"[{'system': 'pbs', 'block_number': 19, 'success': False}, {'system': 'pos', 'block_number': 19, 'success': False}]"
21996,0,0,225,True,True,19.0,19.0,False,False,True,21993.0,19,failed,"[{'system': 'pbs', 'block_number': 19, 'success': False}, {'system': 'pos', 'block_number': 19, 'success': False}]"
21998,0,0,238,True,True,19.0,19.0,False,False,True,21995.0,19,failed,"[{'system': 'pbs', 'block_number': 19, 'success': False}, {'system': 'pos', 'block_number': 19, 'success': False}]"
22000,0,0,223,True,True,19.0,19.0,False,False,True,21997.0,19,failed,"[{'system': 'pbs', 'block_number': 19, 'success': False}, {'system': 'pos', 'block_number': 19, 'success': False}]"
22002,0,0,239,True,True,19.0,19.0,False,False,True,21999.0,19,failed,"[{'system': 'pbs', 'block_number': 19, 'success': False}, {'system': 'pos', 'block_number': 19, 'success': False}]"
22004,0,0,221,True,True,19.0,19.0,False,False,True,22001.0,19,failed,"[{'system': 'pbs', 'block_number': 19, 'success': False}, {'system': 'pos', 'block_number': 19, 'success': False}]"
22006,0,0,222,True,True,19.0,19.0,False,False,True,22003.0,19,failed,"[{'system': 'pbs', 'block_number': 19, 'success': False}, {'system': 'pos', 'block_number': 19, 'success': False}]"
22008,0,0,223,True,True,19.0,19.0,False,False,True,22005.0,19,failed,"[{'system': 'pbs', 'block_number': 19, 'success': False}, {'system': 'pos', 'block_number': 19, 'success': False}]"
22010,0,0,238,True,True,19.0,19.0,False,False,True,22007.0,19,failed,"[{'system': 'pbs', 'block_number': 19, 'success': False}, {'system': 'pos', 'block_number': 19, 'success': False}]"
22012,0,0,233,True,True,19.0,19.0,False,False,True,22009.0,19,failed,"[{'system': 'pbs', 'block_number': 19, 'success': False}, {'system': 'pos', 'block_number': 19, 'success': False}]"
22014,0,0,230,True,True,19.0,19.0,False,False,True,22011.0,19,failed,"[{'system': 'pbs', 'block_number': 19, 'success': False}, {'system': 'pos', 'block_number': 19, 'success': False}]"
22016,0,0,236,True,True,19.0,19.0,False,False,True,22013.0,19,failed,"[{'system': 'pbs', 'block_number': 19, 'success': False}, {'system': 'pos', 'block_number': 19, 'success': False}]"
22018,0,0,238,True,True,19.0,19.0,False,False,True,22015.0,19,failed,"[{'system': 'pbs', 'block_number': 19, 'success': False}, {'system': 'pos', 'block_number': 19, 'success': False}]"
22020,0,0,229,True,True,19.0,19.0,False,False,True,22017.0,19,failed,"[{'system': 'pbs', 'block_number': 19, 'success': False}, {'system': 'pos', 'block_number': 19, 'success': False}]"
22022,0,0,223,True,True,19.0,19.0,False,False,True,22019.0,19,failed,"[{'system': 'pbs', 'block_number': 19, 'success': False}, {'system': 'pos', 'block_number': 19, 'success': False}]"
22024,0,0,231,True,True,19.0,19.0,False,False,True,22021.0,19,failed,"[{'system': 'pbs', 'block_number': 19, 'success': False}, {'system': 'pos', 'block_number': 19, 'success': False}]"
22026,0,0,228,True,True,19.0,19.0,False,False,True,22023.0,19,failed,"[{'system': 'pbs', 'block_number': 19, 'success': False}, {'system': 'pos', 'block_number': 19, 'success': False}]"
22028,0,0,234,True,True,19.0,19.0,False,False,True,22025.0,19,failed,"[{'system': 'pbs', 'block_number': 19, 'success': False}, {'system': 'pos', 'block_number': 19, 'success': False}]"
22030,0,0,240,True,True,19.0,19.0,False,False,True,22027.0,19,failed,"[{'system': 'pbs', 'block_number': 19, 'success': False}, {'system': 'pos', 'block_number': 19, 'success': False}]"
22032,0,0,236,True,True,19.0,19.0,False,False,True,22029.0,19,failed,"[{'system': 'pbs', 'block_number': 19, 'success': False}, {'system': 'pos', 'block_number': 19, 'success': False}]"
22034,0,0,227,True,True,19.0,19.0,False,False,True,22031.0,19,failed,"[{'system': 'pbs', 'block_number': 19, 'success': False}, {'system': 'pos', 'block_number': 19, 'success': False}]"
22036,0,0,235,True,True,19.0,19.0,False,False,True,22033.0,19,failed,"[{'system': 'pbs', 'block_number': 19, 'success': False}, {'system': 'pos', 'block_number': 19, 'success': False}]"
22038,0,0,240,True,True,19.0,19.0,False,False,True,22035.0,19,failed,"[{'system': 'pbs', 'block_number': 19, 'success': False}, {'system': 'pos', 'block_number': 19, 'success': False}]"
22040,0,0,227,True,True,19.0,19.0,False,False,True,22037.0,19,failed,"[{'system': 'pbs', 'block_number': 19, 'success': False}, {'system': 'pos', 'block_number': 19, 'success': False}]"
22087,43000475,146000,225,True,True,20.0,20.0,True,True,True,22085.0,20,b_attack,"[{'system': 'pbs', 'block_number': 20, 'success': True}, {'system': 'pos', 'block_number': 20, 'success': True}]"
22085,43000474,146000,228,True,True,20.0,20.0,True,True,True,22083.0,20,b_attack,"[{'system': 'pbs', 'block_number': 20, 'success': True}, {'system': 'pos', 'block_number': 20, 'success': True}]"
22083,43000473,146000,228,True,True,20.0,20.0,True,True,True,22081.0,20,b_attack,"[{'system': 'pbs', 'block_number': 20, 'success': True}, {'system': 'pos', 'block_number': 20, 'success': True}]"
22081,43000472,146000,237,True,True,20.0,20.0,True,True,True,22079.0,20,b_attack,"[{'system': 'pbs', 'block_number': 20, 'success': True}, {'system': 'pos', 'block_number': 20, 'success': True}]"
22079,43000471,146000,237,True,True,20.0,20.0,True,True,True,22077.0,20,b_attack,"[{'system': 'pbs', 'block_number': 20, 'success': True}, {'system': 'pos', 'block_number': 20, 'success': True}]"
22077,43000470,146000,237,True,True,20.0,20.0,True,True,True,22075.0,20,b_attack,"[{'system': 'pbs', 'block_number': 20, 'success': True}, {'system': 'pos', 'block_number': 20, 'success': True}]"
22075,43000469,146000,233,True,True,20.0,20.0,True,True,True,22073.0,20,b_attack,"[{'system': 'pbs', 'block_number': 20, 'success': True}, {'system': 'pos', 'block_number': 20, 'success': True}]"
22073,43000468,146000,230,True,True,20.0,20.0,True,True,True,22071.0,20,b_attack,"[{'system': 'pbs', 'block_number': 20, 'success': True}, {'system': 'pos', 'block_number': 20, 'success': True}]"
22071,43000467,146000,221,True,True,20.0,20.0,True,True,True,22069.0,20,b_attack,"[{'system': 'pbs', 'block_number': 20, 'success': True}, {'system': 'pos', 'block_number': 20, 'success': True}]"
22069,43000466,146000,235,True,True,20.0,20.0,True,True,True,22067.0,20,b_attack,"[{'system': 'pbs', 'block_number': 20, 'success': True}, {'system': 'pos', 'block_number': 20, 'success': True}]"
22067,43000465,146000,234,True,True,20.0,20.0,True,True,True,22065.0,20,b_attack,"[{'system': 'pbs', 'block_number': 20, 'success': True}, {'system': 'pos', 'block_number': 20, 'success': True}]"
22065,43000464,146000,238,True,True,20.0,20.0,True,True,True,22063.0,20,b_attack,"[{'system': 'pbs', 'block_number': 20, 'success': True}, {'system': 'pos', 'block_number': 20, 'success': True}]"
22063,43000463,146000,229,True,True,20.0,20.0,True,True,True,22061.0,20,b_attack,"[{'system': 'pbs', 'block_number': 20, 'success': True}, {'system': 'pos', 'block_number': 20, 'success': True}]"
22061,43000462,146000,223,True,True,20.0,20.0,True,True,True,22059.0,20,b_attack,"[{'system': 'pbs', 'block_number': 20, 'success': True}, {'system': 'pos', 'block_number': 20, 'success': True}]"
22059,43000461,146000,223,True,True,20.0,20.0,True,True,True,22057.0,20,b_attack,"[{'system': 'pbs', 'block_number': 20, 'success': True}, {'system': 'pos', 'block_number': 20, 'success': True}]"
22057,43000460,146000,228,True,True,20.0,20.0,True,True,True,22055.0,20,b_attack,"[{'system': 'pbs', 'block_number': 20, 'success': True}, {'system': 'pos', 'block_number': 20, 'success': True}]"
22055,43000459,146000,229,True,True,20.0,20.0,True,True,True,22053.0,20,b_attack,"[{'system': 'pbs', 'block_number': 20, 'success': True}, {'system': 'pos', 'block_number': 20, 'success': True}]"
22053,43000458,146000,221,True,True,20.0,20.0,True,True,True,22051.0,20,b_attack,"[{'system': 'pbs', 'block_number': 20, 'success': True}, {'system': 'pos', 'block_number': 20, 'success': True}]"
22051,43000457,146000,222,True,True,20.0,20.0,True,True,True,22049.0,20,b_attack,"[{'system': 'pbs', 'block_number': 20, 'success': True}, {'system': 'pos', 'block_number': 20, 'success': True}]"
22049,43000456,146000,238,True,True,20.0,20.0,True,True,True,22047.0,20,b_attack,"[{'system': 'pbs', 'block_number': 20, 'success': True}, {'system': 'pos', 'block_number': 20, 'success': True}]"
22047,43000455,146000,240,True,True,20.0,20.0,True,True,True,22045.0,20,b_attack,"[{'system': 'pbs', 'block_number': 20, 'success': True}, {'system': 'pos', 'block_number': 20, 'success': True}]"
22045,43000454,146000,238,True,True,20.0,20.0,True,True,True,22043.0,20,b_attack,"[{'system': 'pbs', 'block_number': 20, 'success': True}, {'system': 'pos', 'block_number': 20, 'success': True}]"
22043,43000453,146000,236,True,True,20.0,20.0,True,True,True,22041.0,20,b_attack,"[{'system': 'pbs', 'block_number': 20, 'success': True}, {'system': 'pos', 'block_number': 20, 'success': True}]"
22041,0,0,239,True,True,20.0,20.0,False,True,True,22039.0,20,failed,"[{'system': 'pbs', 'block_number': 20, 'success': False}, {'system': 'pos', 'block_number': 20, 'success': True}]"
22042,0,0,239,True,True,20.0,20.0,False,False,True,22039.0,20,failed,"[{'system': 'pbs', 'block_number': 20, 'success': False}, {'system': 'pos', 'block_number': 20, 'success': False}]"
22044,0,0,236,True,True,20.0,20.0,False,False,True,22041.0,20,failed,"[{'system': 'pbs', 'block_number': 20, 'success': False}, {'system': 'pos', 'block_number': 20, 'success': False}]"
22046,0,0,238,True,True,20.0,20.0,False,False,True,22043.0,20,failed,"[{'system': 'pbs', 'block_number': 20, 'success': False}, {'system': 'pos', 'block_number': 20, 'success': False}]"
22048,0,0,240,True,True,20.0,20.0,False,False,True,22045.0,20,failed,"[{'system': 'pbs', 'block_number': 20, 'success': False}, {'system': 'pos', 'block_number': 20, 'success': False}]"
22050,0,0,238,True,True,20.0,20.0,False,False,True,22047.0,20,failed,"[{'system': 'pbs', 'block_number': 20, 'success': False}, {'system': 'pos', 'block_number': 20, 'success': False}]"
22052,0,0,222,True,True,20.0,20.0,False,False,True,22049.0,20,failed,"[{'system': 'pbs', 'block_number': 20, 'success': False}, {'system': 'pos', 'block_number': 20, 'success': False}]"
22054,0,0,221,True,True,20.0,20.0,False,False,True,22051.0,20,failed,"[{'system': 'pbs', 'block_number': 20, 'success': False}, {'system': 'pos', 'block_number': 20, 'success': False}]"
22056,0,0,229,True,True,20.0,20.0,False,False,True,22053.0,20,failed,"[{'system': 'pbs', 'block_number': 20, 'success': False}, {'system': 'pos', 'block_number': 20, 'success': False}]"
22058,0,0,228,True,True,20.0,20.0,False,False,True,22055.0,20,failed,"[{'system': 'pbs', 'block_number': 20, 'success': False}, {'system': 'pos', 'block_number': 20, 'success': False}]"
22060,0,0,223,True,True,20.0,20.0,False,False,True,22057.0,20,failed,"[{'system': 'pbs', 'block_number': 20, 'success': False}, {'system': 'pos', 'block_number': 20, 'success': False}]"
22062,0,0,223,True,True,20.0,20.0,False,False,True,22059.0,20,failed,"[{'system': 'pbs', 'block_number': 20, 'success': False}, {'system': 'pos', 'block_number': 20, 'success': False}]"
22064,0,0,229,True,True,20.0,20.0,False,False,True,22061.0,20,failed,"[{'system': 'pbs', 'block_number': 20, 'success': False}, {'system': 'pos', 'block_number': 20, 'success': False}]"
22066,0,0,238,True,True,20.0,20.0,False,False,True,22063.0,20,failed,"[{'system': 'pbs', 'block_number': 20, 'success': False}, {'system': 'pos', 'block_number': 20, 'success': False}]"
22068,0,0,234,True,True,20.0,20.0,False,False,True,22065.0,20,failed,"[{'system': 'pbs', 'block_number': 20, 'success': False}, {'system': 'pos', 'block_number': 20, 'success': False}]"
22070,0,0,235,True,True,20.0,20.0,False,False,True,22067.0,20,failed,"[{'system': 'pbs', 'block_number': 20, 'success': False}, {'system': 'pos', 'block_number': 20, 'success': False}]"
22072,0,0,221,True,True,20.0,20.0,False,False,True,22069.0,20,failed,"[{'system': 'pbs', 'block_number': 20, 'success': False}, {'system': 'pos', 'block_number': 20, 'success': False}]"
22074,0,0,230,True,True,20.0,20.0,False,False,True,22071.0,20,failed,"[{'system': 'pbs', 'block_number': 20, 'success': False}, {'system': 'pos', 'block_number': 20, 'success': False}]"
22076,0,0,233,True,True,20.0,20.0,False,False,True,22073.0,20,failed,"[{'system': 'pbs', 'block_number': 20, 'success': False}, {'system': 'pos', 'block_number': 20, 'success': False}]"
22078,0,0,237,True,True,20.0,20.0,False,False,True,22075.0,20,failed,"[{'system': 'pbs', 'block_number': 20, 'success': False}, {'system': 'pos', 'block_number': 20, 'success': False}]"
22080,0,0,237,True,True,20.0,20.0,False,False,True,22077.0,20,failed,"[{'system': 'pbs', 'block_number': 20, 'success': False}, {'system': 'pos', 'block_number': 20, 'success': False}]"
22082,0,0,237,True,True,20.0,20.0,False,False,True,22079.0,20,failed,"[{'system': 'pbs', 'block_number': 20, 'success': False}, {'system': 'pos', 'block_number': 20, 'success': False}]"
22084,0,0,228,True,True,20.0,20.0,False,False,True,22081.0,20,failed,"[{'system': 'pbs', 'block_number': 20, 'success': False}, {'system': 'pos', 'block_number': 20, 'success': False}]"
22086,0,0,228,True,True,20.0,20.0,False,False,True,22083.0,20,failed,"[{'system': 'pbs', 'block_number': 20, 'success': False}, {'system': 'pos', 'block_number': 20, 'success': False}]"
22088,0,0,225,True,True,20.0,20.0,False,False,True,22085.0,20,failed,"[{'system': 'pbs', 'block_number': 20, 'success': False}, {'system': 'pos', 'block_number': 20, 'success': False}]"
22135,43000499,146000,231,True,True,21.0,21.0,True,True,True,22133.0,21,b_attack,"[{'system': 'pbs', 'block_number': 21, 'success': True}, {'system': 'pos', 'block_number': 21, 'success': True}]"
22133,43000498,146000,224,True,True,21.0,21.0,True,True,True,22131.0,21,b_attack,"[{'system': 'pbs', 'block_number': 21, 'success': True}, {'system': 'pos', 'block_number': 21, 'success': True}]"
22131,43000497,146000,237,True,True,21.0,21.0,True,True,True,22129.0,21,b_attack,"[{'system': 'pbs', 'block_number': 21, 'success': True}, {'system': 'pos', 'block_number': 21, 'success': True}]"
22129,43000496,146000,239,True,True,21.0,21.0,True,True,True,22127.0,21,b_attack,"[{'system': 'pbs', 'block_number': 21, 'success': True}, {'system': 'pos', 'block_number': 21, 'success': True}]"
22127,43000495,146000,226,True,True,21.0,21.0,True,True,True,22125.0,21,b_attack,"[{'system': 'pbs', 'block_number': 21, 'success': True}, {'system': 'pos', 'block_number': 21, 'success': True}]"
22125,43000494,146000,234,True,True,21.0,21.0,True,True,True,22123.0,21,b_attack,"[{'system': 'pbs', 'block_number': 21, 'success': True}, {'system': 'pos', 'block_number': 21, 'success': True}]"
22123,43000493,146000,239,True,True,21.0,21.0,True,True,True,22121.0,21,b_attack,"[{'system': 'pbs', 'block_number': 21, 'success': True}, {'system': 'pos', 'block_number': 21, 'success': True}]"
22121,43000492,146000,239,True,True,21.0,21.0,True,True,True,22119.0,21,b_attack,"[{'system': 'pbs', 'block_number': 21, 'success': True}, {'system': 'pos', 'block_number': 21, 'success': True}]"
22119,43000491,146000,230,True,True,21.0,21.0,True,True,True,22117.0,21,b_attack,"[{'system': 'pbs', 'block_number': 21, 'success': True}, {'system': 'pos', 'block_number': 21, 'success': True}]"
22117,43000490,146000,224,True,True,21.0,21.0,True,True,True,22115.0,21,b_attack,"[{'system': 'pbs', 'block_number': 21, 'success': True}, {'system': 'pos', 'block_number': 21, 'success': True}]"
22115,43000489,146000,228,True,True,21.0,21.0,True,True,True,22113.0,21,b_attack,"[{'system': 'pbs', 'block_number': 21, 'success': True}, {'system': 'pos', 'block_number': 21, 'success': True}]"
22113,43000488,146000,223,True,True,21.0,21.0,True,True,True,22111.0,21,b_attack,"[{'system': 'pbs', 'block_number': 21, 'success': True}, {'system': 'pos', 'block_number': 21, 'success': True}]"
22111,43000487,146000,229,True,True,21.0,21.0,True,True,True,22109.0,21,b_attack,"[{'system': 'pbs', 'block_number': 21, 'success': True}, {'system': 'pos', 'block_number': 21, 'success': True}]"
22109,43000486,146000,239,True,True,21.0,21.0,True,True,True,22107.0,21,b_attack,"[{'system': 'pbs', 'block_number': 21, 'success': True}, {'system': 'pos', 'block_number': 21, 'success': True}]"
22107,43000485,146000,229,True,True,21.0,21.0,True,True,True,22105.0,21,b_attack,"[{'system': 'pbs', 'block_number': 21, 'success': True}, {'system': 'pos', 'block_number': 21, 'success': True}]"
22105,43000484,146000,225,True,True,21.0,21.0,True,True,True,22103.0,21,b_attack,"[{'system': 'pbs', 'block_number': 21, 'success': True}, {'system': 'pos', 'block_number': 21, 'success': True}]"
22103,43000483,146000,231,True,True,21.0,21.0,True,True,True,22101.0,21,b_attack,"[{'system': 'pbs', 'block_number': 21, 'success': True}, {'system': 'pos', 'block_number': 21, 'success': True}]"
22101,43000482,146000,221,True,True,21.0,21.0,True,True,True,22099.0,21,b_attack,"[{'system': 'pbs', 'block_number': 21, 'success': True}, {'system': 'pos', 'block_number': 21, 'success': True}]"
22099,43000481,146000,233,True,True,21.0,21.0,True,True,True,22097.0,21,b_attack,"[{'system': 'pbs', 'block_number': 21, 'success': True}, {'system': 'pos', 'block_number': 21, 'success': True}]"
22097,43000480,146000,228,True,True,21.0,21.0,True,True,True,22095.0,21,b_attack,"[{'system': 'pbs', 'block_number': 21, 'success': True}, {'system': 'pos', 'block_number': 21, 'success': True}]"
22095,43000479,146000,232,True,True,21.0,21.0,True,True,True,22093.0,21,b_attack,"[{'system': 'pbs', 'block_number': 21, 'success': True}, {'system': 'pos', 'block_number': 21, 'success': True}]"
22093,43000478,146000,236,True,True,21.0,21.0,True,True,True,22091.0,21,b_attack,"[{'system': 'pbs', 'block_number': 21, 'success': True}, {'system': 'pos', 'block_number': 21, 'success': True}]"
22091,43000477,146000,238,True,True,21.0,21.0,True,True,True,22089.0,21,b_attack,"[{'system': 'pbs', 'block_number': 21, 'success': True}, {'system': 'pos', 'block_number': 21, 'success': True}]"
22089,0,0,230,True,True,21.0,21.0,False,True,True,22087.0,21,failed,"[{'system': 'pbs', 'block_number': 21, 'success': False}, {'system': 'pos', 'block_number': 21, 'success': True}]"
22090,0,0,230,True,True,21.0,21.0,False,False,True,22087.0,21,failed,"[{'system': 'pbs', 'block_number': 21, 'success': False}, {'system': 'pos', 'block_number': 21, 'success': False}]"
22092,0,0,238,True,True,21.0,21.0,False,False,True,22089.0,21,failed,"[{'system': 'pbs', 'block_number': 21, 'success': False}, {'system': 'pos', 'block_number': 21, 'success': False}]"
22094,0,0,236,True,True,21.0,21.0,False,False,True,22091.0,21,failed,"[{'system': 'pbs', 'block_number': 21, 'success': False}, {'system': 'pos', 'block_number': 21, 'success': False}]"
22096,0,0,232,True,True,21.0,21.0,False,False,True,22093.0,21,failed,"[{'system': 'pbs', 'block_number': 21, 'success': False}, {'system': 'pos', 'block_number': 21, 'success': False}]"
22098,0,0,228,True,True,21.0,21.0,False,False,True,22095.0,21,failed,"[{'system': 'pbs', 'block_number': 21, 'success': False}, {'system': 'pos', 'block_number': 21, 'success': False}]"
22100,0,0,233,True,True,21.0,21.0,False,False,True,22097.0,21,failed,"[{'system': 'pbs', 'block_number': 21, 'success': False}, {'system': 'pos', 'block_number': 21, 'success': False}]"
22102,0,0,221,True,True,21.0,21.0,False,False,True,22099.0,21,failed,"[{'system': 'pbs', 'block_number': 21, 'success': False}, {'system': 'pos', 'block_number': 21, 'success': False}]"
22104,0,0,231,True,True,21.0,21.0,False,False,True,22101.0,21,failed,"[{'system': 'pbs', 'block_number': 21, 'success': False}, {'system': 'pos', 'block_number': 21, 'success': False}]"
22106,0,0,225,True,True,21.0,21.0,False,False,True,22103.0,21,failed,"[{'system': 'pbs', 'block_number': 21, 'success': False}, {'system': 'pos', 'block_number': 21, 'success': False}]"
22108,0,0,229,True,True,21.0,21.0,False,False,True,22105.0,21,failed,"[{'system': 'pbs', 'block_number': 21, 'success': False}, {'system': 'pos', 'block_number': 21, 'success': False}]"
22110,0,0,239,True,True,21.0,21.0,False,False,True,22107.0,21,failed,"[{'system': 'pbs', 'block_number': 21, 'success': False}, {'system': 'pos', 'block_number': 21, 'success': False}]"
22112,0,0,229,True,True,21.0,21.0,False,False,True,22109.0,21,failed,"[{'system': 'pbs', 'block_number': 21, 'success': False}, {'system': 'pos', 'block_number': 21, 'success': False}]"
22114,0,0,223,True,True,21.0,21.0,False,False,True,22111.0,21,failed,"[{'system': 'pbs', 'block_number': 21, 'success': False}, {'system': 'pos', 'block_number': 21, 'success': False}]"
22116,0,0,228,True,True,21.0,21.0,False,False,True,22113.0,21,failed,"[{'system': 'pbs', 'block_number': 21, 'success': False}, {'system': 'pos', 'block_number': 21, 'success': False}]"
22118,0,0,224,True,True,21.0,21.0,False,False,True,22115.0,21,failed,"[{'system': 'pbs', 'block_number': 21, 'success': False}, {'system': 'pos', 'block_number': 21, 'success': False}]"
22120,0,0,230,True,True,21.0,21.0,False,False,True,22117.0,21,failed,"[{'system': 'pbs', 'block_number': 21, 'success': False}, {'system': 'pos', 'block_number': 21, 'success': False}]"
22122,0,0,239,True,True,21.0,21.0,False,False,True,22119.0,21,failed,"[{'system': 'pbs', 'block_number': 21, 'success': False}, {'system': 'pos', 'block_number': 21, 'success': False}]"
22124,0,0,239,True,True,21.0,21.0,False,False,True,22121.0,21,failed,"[{'system': 'pbs', 'block_number': 21, 'success': False}, {'system': 'pos', 'block_number': 21, 'success': False}]"
22126,0,0,234,True,True,21.0,21.0,False,False,True,22123.0,21,failed,"[{'system': 'pbs', 'block_number': 21, 'success': False}, {'system': 'pos', 'block_number': 21, 'success': False}]"
22128,0,0,226,True,True,21.0,21.0,False,False,True,22125.0,21,failed,"[{'system': 'pbs', 'block_number': 21, 'success': False}, {'system': 'pos', 'block_number': 21, 'success': False}]"
22130,0,0,239,True,True,21.0,21.0,False,False,True,22127.0,21,failed,"[{'system': 'pbs', 'block_number': 21, 'success': False}, {'system': 'pos', 'block_number': 21, 'success': False}]"
22132,0,0,237,True,True,21.0,21.0,False,False,True,22129.0,21,failed,"[{'system': 'pbs', 'block_number': 21, 'success': False}, {'system': 'pos', 'block_number': 21, 'success': False}]"
22134,0,0,224,True,True,21.0,21.0,False,False,True,22131.0,21,failed,"[{'system': 'pbs', 'block_number': 21, 'success': False}, {'system': 'pos', 'block_number': 21, 'success': False}]"
22136,0,0,231,True,True,21.0,21.0,False,False,True,22133.0,21,failed,"[{'system': 'pbs', 'block_number': 21, 'success': False}, {'system': 'pos', 'block_number': 21, 'success': False}]"
22183,43000523,146000,222,True,True,22.0,22.0,True,True,True,22181.0,22,b_attack,"[{'system': 'pbs', 'block_number': 22, 'success': True}, {'system': 'pos', 'block_number': 22, 'success': True}]"
22181,43000522,146000,237,True,True,22.0,22.0,True,True,True,22179.0,22,b_attack,"[{'system': 'pbs', 'block_number': 22, 'success': True}, {'system': 'pos', 'block_number': 22, 'success': True}]"
22179,43000521,146000,236,True,True,22.0,22.0,True,True,True,22177.0,22,b_attack,"[{'system': 'pbs', 'block_number': 22, 'success': True}, {'system': 'pos', 'block_number': 22, 'success': True}]"
22177,43000520,146000,227,True,True,22.0,22.0,True,True,True,22175.0,22,b_attack,"[{'system': 'pbs', 'block_number': 22, 'success': True}, {'system': 'pos', 'block_number': 22, 'success': True}]"
22175,43000519,146000,229,True,True,22.0,22.0,True,True,True,22173.0,22,b_attack,"[{'system': 'pbs', 'block_number': 22, 'success': True}, {'system': 'pos', 'block_number': 22, 'success': True}]"
22173,43000518,146000,236,True,True,22.0,22.0,True,True,True,22171.0,22,b_attack,"[{'system': 'pbs', 'block_number': 22, 'success': True}, {'system': 'pos', 'block_number': 22, 'success': True}]"
22171,43000517,146000,229,True,True,22.0,22.0,True,True,True,22169.0,22,b_attack,"[{'system': 'pbs', 'block_number': 22, 'success': True}, {'system': 'pos', 'block_number': 22, 'success': True}]"
22169,43000516,146000,236,True,True,22.0,22.0,True,True,True,22167.0,22,b_attack,"[{'system': 'pbs', 'block_number': 22, 'success': True}, {'system': 'pos', 'block_number': 22, 'success': True}]"
22167,43000515,146000,233,True,True,22.0,22.0,True,True,True,22165.0,22,b_attack,"[{'system': 'pbs', 'block_number': 22, 'success': True}, {'system': 'pos', 'block_number': 22, 'success': True}]"
22165,43000514,146000,223,True,True,22.0,22.0,True,True,True,22163.0,22,b_attack,"[{'system': 'pbs', 'block_number': 22, 'success': True}, {'system': 'pos', 'block_number': 22, 'success': True}]"
22163,43000513,146000,230,True,True,22.0,22.0,True,True,True,22161.0,22,b_attack,"[{'system': 'pbs', 'block_number': 22, 'success': True}, {'system': 'pos', 'block_number': 22, 'success': True}]"
22161,43000512,146000,226,True,True,22.0,22.0,True,True,True,22159.0,22,b_attack,"[{'system': 'pbs', 'block_number': 22, 'success': True}, {'system': 'pos', 'block_number': 22, 'success': True}]"
22159,43000511,146000,221,True,True,22.0,22.0,True,True,True,22157.0,22,b_attack,"[{'system': 'pbs', 'block_number': 22, 'success': True}, {'system': 'pos', 'block_number': 22, 'success': True}]"
22157,43000510,146000,229,True,True,22.0,22.0,True,True,True,22155.0,22,b_attack,"[{'system': 'pbs', 'block_number': 22, 'success': True}, {'system': 'pos', 'block_number': 22, 'success': True}]"
22155,43000509,146000,237,True,True,22.0,22.0,True,True,True,22153.0,22,b_attack,"[{'system': 'pbs', 'block_number': 22, 'success': True}, {'system': 'pos', 'block_number': 22, 'success': True}]"
22153,43000508,146000,240,True,True,22.0,22.0,True,True,True,22151.0,22,b_attack,"[{'system': 'pbs', 'block_number': 22, 'success': True}, {'system': 'pos', 'block_number': 22, 'success': True}]"
22151,43000507,146000,230,True,True,22.0,22.0,True,True,True,22149.0,22,b_attack,"[{'system': 'pbs', 'block_number': 22, 'success': True}, {'system': 'pos', 'block_number': 22, 'success': True}]"
22149,43000506,146000,238,True,True,22.0,22.0,True,True,True,22147.0,22,b_attack,"[{'system': 'pbs', 'block_number': 22, 'success': True}, {'system': 'pos', 'block_number': 22, 'success': True}]"
22147,43000505,146000,240,True,True,22.0,22.0,True,True,True,22145.0,22,b_attack,"[{'system': 'pbs', 'block_number': 22, 'success': True}, {'system': 'pos', 'block_number': 22, 'success': True}]"
22145,43000504,146000,232,True,True,22.0,22.0,True,True,True,22143.0,22,b_attack,"[{'system': 'pbs', 'block_number': 22, 'success': True}, {'system': 'pos', 'block_number': 22, 'success': True}]"
22143,43000503,146000,236,True,True,22.0,22.0,True,True,True,22141.0,22,b_attack,"[{'system': 'pbs', 'block_number': 22, 'success': True}, {'system': 'pos', 'block_number': 22, 'success': True}]"
22141,43000502,146000,240,True,True,22.0,22.0,True,True,True,22139.0,22,b_attack,"[{'system': 'pbs', 'block_number': 22, 'success': True}, {'system': 'pos', 'block_number': 22, 'success': True}]"
22139,43000501,146000,232,True,True,22.0,22.0,True,True,True,22137.0,22,b_attack,"[{'system': 'pbs', 'block_number': 22, 'success': True}, {'system': 'pos', 'block_number': 22, 'success': True}]"
22137,0,0,232,True,True,22.0,22.0,False,True,True,22135.0,22,failed,"[{'system': 'pbs', 'block_number': 22, 'success': False}, {'system': 'pos', 'block_number': 22, 'success': True}]"
22138,0,0,232,True,True,22.0,22.0,False,False,True,22135.0,22,failed,"[{'system': 'pbs', 'block_number': 22, 'success': False}, {'system': 'pos', 'block_number': 22, 'success': False}]"
22140,0,0,232,True,True,22.0,22.0,False,False,True,22137.0,22,failed,"[{'system': 'pbs', 'block_number': 22, 'success': False}, {'system': 'pos', 'block_number': 22, 'success': False}]"
22142,0,0,240,True,True,22.0,22.0,False,False,True,22139.0,22,failed,"[{'system': 'pbs', 'block_number': 22, 'success': False}, {'system': 'pos', 'block_number': 22, 'success': False}]"
22144,0,0,236,True,True,22.0,22.0,False,False,True,22141.0,22,failed,"[{'system': 'pbs', 'block_number': 22, 'success': False}, {'system': 'pos', 'block_number': 22, 'success': False}]"
22146,0,0,232,True,True,22.0,22.0,False,False,True,22143.0,22,failed,"[{'system': 'pbs', 'block_number': 22, 'success': False}, {'system': 'pos', 'block_number': 22, 'success': False}]"
22148,0,0,240,True,True,22.0,22.0,False,False,True,22145.0,22,failed,"[{'system': 'pbs', 'block_number': 22, 'success': False}, {'system': 'pos', 'block_number': 22, 'success': False}]"
22150,0,0,238,True,True,22.0,22.0,False,False,True,22147.0,22,failed,"[{'system': 'pbs', 'block_number': 22, 'success': False}, {'system': 'pos', 'block_number': 22, 'success': False}]"
22152,0,0,230,True,True,22.0,22.0,False,False,True,22149.0,22,failed,"[{'system': 'pbs', 'block_number': 22, 'success': False}, {'system': 'pos', 'block_number': 22, 'success': False}]"
22154,0,0,240,True,True,22.0,22.0,False,False,True,22151.0,22,failed,"[{'system': 'pbs', 'block_number': 22, 'success': False}, {'system': 'pos', 'block_number': 22, 'success': False}]"
22156,0,0,237,True,True,22.0,22.0,False,False,True,22153.0,22,failed,"[{'system': 'pbs', 'block_number': 22, 'success': False}, {'system': 'pos', 'block_number': 22, 'success': False}]"
22158,0,0,229,True,True,22.0,22.0,False,False,True,22155.0,22,failed,"[{'system': 'pbs', 'block_number': 22, 'success': False}, {'system': 'pos', 'block_number': 22, 'success': False}]"
22160,0,0,221,True,True,22.0,22.0,False,False,True,22157.0,22,failed,"[{'system': 'pbs', 'block_number': 22, 'success': False}, {'system': 'pos', 'block_number': 22, 'success': False}]"
22162,0,0,226,True,True,22.0,22.0,False,False,True,22159.0,22,failed,"[{'system': 'pbs', 'block_number': 22, 'success': False}, {'system': 'pos', 'block_number': 22, 'success': False}]"
22164,0,0,230,True,True,22.0,22.0,False,False,True,22161.0,22,failed,"[{'system': 'pbs', 'block_number': 22, 'success': False}, {'system': 'pos', 'block_number': 22, 'success': False}]"
22166,0,0,223,True,True,22.0,22.0,False,False,True,22163.0,22,failed,"[{'system': 'pbs', 'block_number': 22, 'success': False}, {'system': 'pos', 'block_number': 22, 'success': False}]"
22168,0,0,233,True,True,22.0,22.0,False,False,True,22165.0,22,failed,"[{'system': 'pbs', 'block_number': 22, 'success': False}, {'system': 'pos', 'block_number': 22, 'success': False}]"
22170,0,0,236,True,True,22.0,22.0,False,False,True,22167.0,22,failed,"[{'system': 'pbs', 'block_number': 22, 'success': False}, {'system': 'pos', 'block_number': 22, 'success': False}]"
22172,0,0,229,True,True,22.0,22.0,False,False,True,22169.0,22,failed,"[{'system': 'pbs', 'block_number': 22, 'success': False}, {'system': 'pos', 'block_number': 22, 'success': False}]"
22174,0,0,236,True,True,22.0,22.0,False,False,True,22171.0,22,failed,"[{'system': 'pbs', 'block_number': 22, 'success': False}, {'system': 'pos', 'block_number': 22, 'success': False}]"
22176,0,0,229,True,True,22.0,22.0,False,False,True,22173.0,22,failed,"[{'system': 'pbs', 'block_number': 22, 'success': False}, {'system': 'pos', 'block_number': 22, 'success': False}]"
22178,0,0,227,True,True,22.0,22.0,False,False,True,22175.0,22,failed,"[{'system': 'pbs', 'block_number': 22, 'success': False}, {'system': 'pos', 'block_number': 22, 'success': False}]"
22180,0,0,236,True,True,22.0,22.0,False,False,True,22177.0,22,failed,"[{'system': 'pbs', 'block_number': 22, 'success': False}, {'system': 'pos', 'block_number': 22, 'success': False}]"
22182,0,0,237,True,True,22.0,22.0,False,False,True,22179.0,22,failed,"[{'system': 'pbs', 'block_number': 22, 'success': False}, {'system': 'pos', 'block_number': 22, 'success': False}]"
22184,0,0,222,True,True,22.0,22.0,False,False,True,22181.0,22,failed,"[{'system': 'pbs', 'block_number': 22, 'success': False}, {'system': 'pos', 'block_number': 22, 'success': False}]"
22231,43000547,146000,235,True,True,23.0,23.0,True,True,True,22229.0,23,b_attack,"[{'system': 'pbs', 'block_number': 23, 'success': True}, {'system': 'pos', 'block_number': 23, 'success': True}]"
22229,43000546,146000,226,True,True,23.0,23.0,True,True,True,22227.0,23,b_attack,"[{'system': 'pbs', 'block_number': 23, 'success': True}, {'system': 'pos', 'block_number': 23, 'success': True}]"
22227,43000545,146000,231,True,True,23.0,23.0,True,True,True,22225.0,23,b_attack,"[{'system': 'pbs', 'block_number': 23, 'success': True}, {'system': 'pos', 'block_number': 23, 'success': True}]"
22225,43000544,146000,231,True,True,23.0,23.0,True,True,True,22223.0,23,b_attack,"[{'system': 'pbs', 'block_number': 23, 'success': True}, {'system': 'pos', 'block_number': 23, 'success': True}]"
22223,43000543,146000,239,True,True,23.0,23.0,True,True,True,22221.0,23,b_attack,"[{'system': 'pbs', 'block_number': 23, 'success': True}, {'system': 'pos', 'block_number': 23, 'success': True}]"
22221,43000542,146000,236,True,True,23.0,23.0,True,True,True,22219.0,23,b_attack,"[{'system': 'pbs', 'block_number': 23, 'success': True}, {'system': 'pos', 'block_number': 23, 'success': True}]"
22219,43000541,146000,224,True,True,23.0,23.0,True,True,True,22217.0,23,b_attack,"[{'system': 'pbs', 'block_number': 23, 'success': True}, {'system': 'pos', 'block_number': 23, 'success': True}]"
22217,43000540,146000,238,True,True,23.0,23.0,True,True,True,22215.0,23,b_attack,"[{'system': 'pbs', 'block_number': 23, 'success': True}, {'system': 'pos', 'block_number': 23, 'success': True}]"
22215,43000539,146000,233,True,True,23.0,23.0,True,True,True,22213.0,23,b_attack,"[{'system': 'pbs', 'block_number': 23, 'success': True}, {'system': 'pos', 'block_number': 23, 'success': True}]"
22213,43000538,146000,233,True,True,23.0,23.0,True,True,True,22211.0,23,b_attack,"[{'system': 'pbs', 'block_number': 23, 'success': True}, {'system': 'pos', 'block_number': 23, 'success': True}]"
22211,43000537,146000,237,True,True,23.0,23.0,True,True,True,22209.0,23,b_attack,"[{'system': 'pbs', 'block_number': 23, 'success': True}, {'system': 'pos', 'block_number': 23, 'success': True}]"
22209,43000536,146000,235,True,True,23.0,23.0,True,True,True,22207.0,23,b_attack,"[{'system': 'pbs', 'block_number': 23, 'success': True}, {'system': 'pos', 'block_number': 23, 'success': True}]"
22207,43000535,146000,238,True,True,23.0,23.0,True,True,True,22205.0,23,b_attack,"[{'system': 'pbs', 'block_number': 23, 'success': True}, {'system': 'pos', 'block_number': 23, 'success': True}]"
22205,43000534,146000,224,True,True,23.0,23.0,True,True,True,22203.0,23,b_attack,"[{'system': 'pbs', 'block_number': 23, 'success': True}, {'system': 'pos', 'block_number': 23, 'success': True}]"
22203,43000533,146000,229,True,True,23.0,23.0,True,True,True,22201.0,23,b_attack,"[{'system': 'pbs', 'block_number': 23, 'success': True}, {'system': 'pos', 'block_number': 23, 'success': True}]"
22201,43000532,146000,229,True,True,23.0,23.0,True,True,True,22199.0,23,b_attack,"[{'system': 'pbs', 'block_number': 23, 'success': True}, {'system': 'pos', 'block_number': 23, 'success': True}]"
22199,43000531,146000,234,True,True,23.0,23.0,True,True,True,22197.0,23,b_attack,"[{'system': 'pbs', 'block_number': 23, 'success': True}, {'system': 'pos', 'block_number': 23, 'success': True}]"
22197,43000530,146000,222,True,True,23.0,23.0,True,True,True,22195.0,23,b_attack,"[{'system': 'pbs', 'block_number': 23, 'success': True}, {'system': 'pos', 'block_number': 23, 'success': True}]"
22195,43000529,146000,231,True,True,23.0,23.0,True,True,True,22193.0,23,b_attack,"[{'system': 'pbs', 'block_number': 23, 'success': True}, {'system': 'pos', 'block_number': 23, 'success': True}]"
22193,43000528,146000,224,True,True,23.0,23.0,True,True,True,22191.0,23,b_attack,"[{'system': 'pbs', 'block_number': 23, 'success': True}, {'system': 'pos', 'block_number': 23, 'success': True}]"
22191,43000527,146000,234,True,True,23.0,23.0,True,True,True,22189.0,23,b_attack,"[{'system': 'pbs', 'block_number': 23, 'success': True}, {'system': 'pos', 'block_number': 23, 'success': True}]"
22189,43000526,146000,221,True,True,23.0,23.0,True,True,True,22187.0,23,b_attack,"[{'system': 'pbs', 'block_number': 23, 'success': True}, {'system': 'pos', 'block_number': 23, 'success': True}]"
22187,43000525,146000,228,True,True,23.0,23.0,True,True,True,22185.0,23,b_attack,"[{'system': 'pbs', 'block_number': 23, 'success': True}, {'system': 'pos', 'block_number': 23, 'success': True}]"
22185,0,0,235,True,True,23.0,23.0,False,True,True,22183.0,23,failed,"[{'system': 'pbs', 'block_number': 23, 'success': False}, {'system': 'pos', 'block_number': 23, 'success': True}]"
22186,0,0,235,True,True,23.0,23.0,False,False,True,22183.0,23,failed,"[{'system': 'pbs', 'block_number': 23, 'success': False}, {'system': 'pos', 'block_number': 23, 'success': False}]"
22188,0,0,228,True,True,23.0,23.0,False,False,True,22185.0,23,failed,"[{'system': 'pbs', 'block_number': 23, 'success': False}, {'system': 'pos', 'block_number': 23, 'success': False}]"
22190,0,0,221,True,True,23.0,23.0,False,False,True,22187.0,23,failed,"[{'system': 'pbs', 'block_number': 23, 'success': False}, {'system': 'pos', 'block_number': 23, 'success': False}]"
22192,0,0,234,True,True,23.0,23.0,False,False,True,22189.0,23,failed,"[{'system': 'pbs', 'block_number': 23, 'success': False}, {'system': 'pos', 'block_number': 23, 'success': False}]"
22194,0,0,224,True,True,23.0,23.0,False,False,True,22191.0,23,failed,"[{'system': 'pbs', 'block_number': 23, 'success': False}, {'system': 'pos', 'block_number': 23, 'success': False}]"
22196,0,0,231,True,True,23.0,23.0,False,False,True,22193.0,23,failed,"[{'system': 'pbs', 'block_number': 23, 'success': False}, {'system': 'pos', 'block_number': 23, 'success': False}]"
22198,0,0,222,True,True,23.0,23.0,False,False,True,22195.0,23,failed,"[{'system': 'pbs', 'block_number': 23, 'success': False}, {'system': 'pos', 'block_number': 23, 'success': False}]"
22200,0,0,234,True,True,23.0,23.0,False,False,True,22197.0,23,failed,"[{'system': 'pbs', 'block_number': 23, 'success': False}, {'system': 'pos', 'block_number': 23, 'success': False}]"
22202,0,0,229,True,True,23.0,23.0,False,False,True,22199.0,23,failed,"[{'system': 'pbs', 'block_number': 23, 'success': False}, {'system': 'pos', 'block_number': 23, 'success': False}]"
22204,0,0,229,True,True,23.0,23.0,False,False,True,22201.0,23,failed,"[{'system': 'pbs', 'block_number': 23, 'success': False}, {'system': 'pos', 'block_number': 23, 'success': False}]"
22206,0,0,224,True,True,23.0,23.0,False,False,True,22203.0,23,failed,"[{'system': 'pbs', 'block_number': 23, 'success': False}, {'system': 'pos', 'block_number': 23, 'success': False}]"
22208,0,0,238,True,True,23.0,23.0,False,False,True,22205.0,23,failed,"[{'system': 'pbs', 'block_number': 23, 'success': False}, {'system': 'pos', 'block_number': 23, 'success': False}]"
22210,0,0,235,True,True,23.0,23.0,False,False,True,22207.0,23,failed,"[{'system': 'pbs', 'block_number': 23, 'success': False}, {'system': 'pos', 'block_number': 23, 'success': False}]"
22212,0,0,237,True,True,23.0,23.0,False,False,True,22209.0,23,failed,"[{'system': 'pbs', 'block_number': 23, 'success': False}, {'system': 'pos', 'block_number': 23, 'success': False}]"
22214,0,0,233,True,True,23.0,23.0,False,False,True,22211.0,23,failed,"[{'system': 'pbs', 'block_number': 23, 'success': False}, {'system': 'pos', 'block_number': 23, 'success': False}]"
22216,0,0,233,True,True,23.0,23.0,False,False,True,22213.0,23,failed,"[{'system': 'pbs', 'block_number': 23, 'success': False}, {'system': 'pos', 'block_number': 23, 'success': False}]"
22218,0,0,238,True,True,23.0,23.0,False,False,True,22215.0,23,failed,"[{'system': 'pbs', 'block_number': 23, 'success': False}, {'system': 'pos', 'block_number': 23, 'success': False}]"
22220,0,0,224,True,True,23.0,23.0,False,False,True,22217.0,23,failed,"[{'system': 'pbs', 'block_number': 23, 'success': False}, {'system': 'pos', 'block_number': 23, 'success': False}]"
22222,0,0,236,True,True,23.0,23.0,False,False,True,22219.0,23,failed,"[{'system': 'pbs', 'block_number': 23, 'success': False}, {'system': 'pos', 'block_number': 23, 'success': False}]"
22224,0,0,239,True,True,23.0,23.0,False,False,True,22221.0,23,failed,"[{'system': 'pbs', 'block_number': 23, 'success': False}, {'system': 'pos', 'block_number': 23, 'success': False}]"
22226,0,0,231,True,True,23.0,23.0,False,False,True,22223.0,23,failed,"[{'system': 'pbs', 'block_number': 23, 'success': False}, {'system': 'pos', 'block_number': 23, 'success': False}]"
22228,0,0,231,True,True,23.0,23.0,False,False,True,22225.0,23,failed,"[{'system': 'pbs', 'block_number': 23, 'success': False}, {'system': 'pos', 'block_number': 23, 'success': False}]"
22230,0,0,226,True,True,23.0,23.0,False,False,True,22227.0,23,failed,"[{'system': 'pbs', 'block_number': 23, 'success': False}, {'system': 'pos', 'block_number': 23, 'success': False}]"
22232,0,0,235,True,True,23.0,23.0,False,False,True,22229.0,23,failed,"[{'system': 'pbs', 'block_number': 23, 'success': False}, {'system': 'pos', 'block_number': 23, 'success': False}]"
22279,43000571,146000,240,True,True,24.0,24.0,True,True,True,22277.0,24,b_attack,"[{'system': 'pbs', 'block_number': 24, 'success': True}, {'system': 'pos', 'block_number': 24, 'success': True}]"
22277,43000570,146000,232,True,True,24.0,24.0,True,True,True,22275.0,24,b_attack,"[{'system': 'pbs', 'block_number': 24, 'success': True}, {'system': 'pos', 'block_number': 24, 'success': True}]"
22275,43000569,146000,230,True,True,24.0,24.0,True,True,True,22273.0,24,b_attack,"[{'system': 'pbs', 'block_number': 24, 'success': True}, {'system': 'pos', 'block_number': 24, 'success': True}]"
22273,43000568,146000,240,True,True,24.0,24.0,True,True,True,22271.0,24,b_attack,"[{'system': 'pbs', 'block_number': 24, 'success': True}, {'system': 'pos', 'block_number': 24, 'success': True}]"
22271,43000567,146000,229,True,True,24.0,24.0,True,True,True,22269.0,24,b_attack,"[{'system': 'pbs', 'block_number': 24, 'success': True}, {'system': 'pos', 'block_number': 24, 'success': True}]"
22269,43000566,146000,236,True,True,24.0,24.0,True,True,True,22267.0,24,b_attack,"[{'system': 'pbs', 'block_number': 24, 'success': True}, {'system': 'pos', 'block_number': 24, 'success': True}]"
22267,43000565,146000,232,True,True,24.0,24.0,True,True,True,22265.0,24,b_attack,"[{'system': 'pbs', 'block_number': 24, 'success': True}, {'system': 'pos', 'block_number': 24, 'success': True}]"
22265,43000564,146000,238,True,True,24.0,24.0,True,True,True,22263.0,24,b_attack,"[{'system': 'pbs', 'block_number': 24, 'success': True}, {'system': 'pos', 'block_number': 24, 'success': True}]"
22263,43000563,146000,224,True,True,24.0,24.0,True,True,True,22261.0,24,b_attack,"[{'system': 'pbs', 'block_number': 24, 'success': True}, {'system': 'pos', 'block_number': 24, 'success': True}]"
22261,43000562,146000,237,True,True,24.0,24.0,True,True,True,22259.0,24,b_attack,"[{'system': 'pbs', 'block_number': 24, 'success': True}, {'system': 'pos', 'block_number': 24, 'success': True}]"
22259,43000561,146000,222,True,True,24.0,24.0,True,True,True,22257.0,24,b_attack,"[{'system': 'pbs', 'block_number': 24, 'success': True}, {'system': 'pos', 'block_number': 24, 'success': True}]"
22257,43000560,146000,229,True,True,24.0,24.0,True,True,True,22255.0,24,b_attack,"[{'system': 'pbs', 'block_number': 24, 'success': True}, {'system': 'pos', 'block_number': 24, 'success': True}]"
22255,43000559,146000,233,True,True,24.0,24.0,True,True,True,22253.0,24,b_attack,"[{'system': 'pbs', 'block_number': 24, 'success': True}, {'system': 'pos', 'block_number': 24, 'success': True}]"
22253,43000558,146000,222,True,True,24.0,24.0,True,True,True,22251.0,24,b_attack,"[{'system': 'pbs', 'block_number': 24, 'success': True}, {'system': 'pos', 'block_number': 24, 'success': True}]"
22251,43000557,146000,226,True,True,24.0,24.0,True,True,True,22249.0,24,b_attack,"[{'system': 'pbs', 'block_number': 24, 'success': True}, {'system': 'pos', 'block_number': 24, 'success': True}]"
22249,43000556,146000,227,True,True,24.0,24.0,True,True,True,22247.0,24,b_attack,"[{'system': 'pbs', 'block_number': 24, 'success': True}, {'system': 'pos', 'block_number': 24, 'success': True}]"
22247,43000555,146000,227,True,True,24.0,24.0,True,True,True,22245.0,24,b_attack,"[{'system': 'pbs', 'block_number': 24, 'success': True}, {'system': 'pos', 'block_number': 24, 'success': True}]"
22245,43000554,146000,228,True,True,24.0,24.0,True,True,True,22243.0,24,b_attack,"[{'system': 'pbs', 'block_number': 24, 'success': True}, {'system': 'pos', 'block_number': 24, 'success': True}]"
22243,43000553,146000,225,True,True,24.0,24.0,True,True,True,22241.0,24,b_attack,"[{'system': 'pbs', 'block_number': 24, 'success': True}, {'system': 'pos', 'block_number': 24, 'success': True}]"
22241,43000552,146000,230,True,True,24.0,24.0,True,True,True,22239.0,24,b_attack,"[{'system': 'pbs', 'block_number': 24, 'success': True}, {'system': 'pos', 'block_number': 24, 'success': True}]"
22239,43000551,146000,238,True,True,24.0,24.0,True,True,True,22237.0,24,b_attack,"[{'system': 'pbs', 'block_number': 24, 'success': True}, {'system': 'pos', 'block_number': 24, 'success': True}]"
22237,43000550,146000,224,True,True,24.0,24.0,True,True,True,22235.0,24,b_attack,"[{'system': 'pbs', 'block_number': 24, 'success': True}, {'system': 'pos', 'block_number': 24, 'success': True}]"
22235,43000549,146000,222,True,True,24.0,24.0,True,True,True,22233.0,24,b_attack,"[{'system': 'pbs', 'block_number': 24, 'success': True}, {'system': 'pos', 'block_number': 24, 'success': True}]"
22233,0,0,226,True,True,24.0,24.0,False,True,True,22231.0,24,failed,"[{'system': 'pbs', 'block_number': 24, 'success': False}, {'system': 'pos', 'block_number': 24, 'success': True}]"
22234,0,0,226,True,True,24.0,24.0,False,False,True,22231.0,24,failed,"[{'system': 'pbs', 'block_number': 24, 'success': False}, {'system': 'pos', 'block_number': 24, 'success': False}]"
22236,0,0,222,True,True,24.0,24.0,False,False,True,22233.0,24,failed,"[{'system': 'pbs', 'block_number': 24, 'success': False}, {'system': 'pos', 'block_number': 24, 'success': False}]"
22238,0,0,224,True,True,24.0,24.0,False,False,True,22235.0,24,failed,"[{'system': 'pbs', 'block_number': 24, 'success': False}, {'system': 'pos', 'block_number': 24, 'success': False}]"
22240,0,0,238,True,True,24.0,24.0,False,False,True,22237.0,24,failed,"[{'system': 'pbs', 'block_number': 24, 'success': False}, {'system': 'pos', 'block_number': 24, 'success': False}]"
22242,0,0,230,True,True,24.0,24.0,False,False,True,22239.0,24,failed,"[{'system': 'pbs', 'block_number': 24, 'success': False}, {'system': 'pos', 'block_number': 24, 'success': False}]"
22244,0,0,225,True,True,24.0,24.0,False,False,True,22241.0,24,failed,"[{'system': 'pbs', 'block_number': 24, 'success': False}, {'system': 'pos', 'block_number': 24, 'success': False}]"
22246,0,0,228,True,True,24.0,24.0,False,False,True,22243.0,24,failed,"[{'system': 'pbs', 'block_number': 24, 'success': False}, {'system': 'pos', 'block_number': 24, 'success': False}]"
22248,0,0,227,True,True,24.0,24.0,False,False,True,22245.0,24,failed,"[{'system': 'pbs', 'block_number': 24, 'success': False}, {'system': 'pos', 'block_number': 24, 'success': False}]"
22250,0,0,227,True,True,24.0,24.0,False,False,True,22247.0,24,failed,"[{'system': 'pbs', 'block_number': 24, 'success': False}, {'system': 'pos', 'block_number': 24, 'success': False}]"
22252,0,0,226,True,True,24.0,24.0,False,False,True,22249.0,24,failed,"[{'system': 'pbs', 'block_number': 24, 'success': False}, {'system': 'pos', 'block_number': 24, 'success': False}]"
22254,0,0,222,True,True,24.0,24.0,False,False,True,22251.0,24,failed,"[{'system': 'pbs', 'block_number': 24, 'success': False}, {'system': 'pos', 'block_number': 24, 'success': False}]"
22256,0,0,233,True,True,24.0,24.0,False,False,True,22253.0,24,failed,"[{'system': 'pbs', 'block_number': 24, 'success': False}, {'system': 'pos', 'block_number': 24, 'success': False}]"
22258,0,0,229,True,True,24.0,24.0,False,False,True,22255.0,24,failed,"[{'system': 'pbs', 'block_number': 24, 'success': False}, {'system': 'pos', 'block_number': 24, 'success': False}]"
22260,0,0,222,True,True,24.0,24.0,False,False,True,22257.0,24,failed,"[{'system': 'pbs', 'block_number': 24, 'success': False}, {'system': 'pos', 'block_number': 24, 'success': False}]"
22262,0,0,237,True,True,24.0,24.0,False,False,True,22259.0,24,failed,"[{'system': 'pbs', 'block_number': 24, 'success': False}, {'system': 'pos', 'block_number': 24, 'success': False}]"
22264,0,0,224,True,True,24.0,24.0,False,False,True,22261.0,24,failed,"[{'system': 'pbs', 'block_number': 24, 'success': False}, {'system': 'pos', 'block_number': 24, 'success': False}]"
22266,0,0,238,True,True,24.0,24.0,False,False,True,22263.0,24,failed,"[{'system': 'pbs', 'block_number': 24, 'success': False}, {'system': 'pos', 'block_number': 24, 'success': False}]"
22268,0,0,232,True,True,24.0,24.0,False,False,True,22265.0,24,failed,"[{'system': 'pbs', 'block_number': 24, 'success': False}, {'system': 'pos', 'block_number': 24, 'success': False}]"
22270,0,0,236,True,True,24.0,24.0,False,False,True,22267.0,24,failed,"[{'system': 'pbs', 'block_number': 24, 'success': False}, {'system': 'pos', 'block_number': 24, 'success': False}]"
22272,0,0,229,True,True,24.0,24.0,False,False,True,22269.0,24,failed,"[{'system': 'pbs', 'block_number': 24, 'success': False}, {'system': 'pos', 'block_number': 24, 'success': False}]"
22274,0,0,240,True,True,24.0,24.0,False,False,True,22271.0,24,failed,"[{'system': 'pbs', 'block_number': 24, 'success': False}, {'system': 'pos', 'block_number': 24, 'success': False}]"
22276,0,0,230,True,True,24.0,24.0,False,False,True,22273.0,24,failed,"[{'system': 'pbs', 'block_number': 24, 'success': False}, {'system': 'pos', 'block_number': 24, 'success': False}]"
22278,0,0,232,True,True,24.0,24.0,False,False,True,22275.0,24,failed,"[{'system': 'pbs', 'block_number': 24, 'success': False}, {'system': 'pos', 'block_number': 24, 'success': False}]"
22280,0,0,240,True,True,24.0,24.0,False,False,True,22277.0,24,failed,"[{'system': 'pbs', 'block_number': 24, 'success': False}, {'system': 'pos', 'block_number': 24, 'success': False}]"
22327,43000595,146000,238,True,True,25.0,25.0,True,True,True,22325.0,25,b_attack,"[{'system': 'pbs', 'block_number': 25, 'success': True}, {'system': 'pos', 'block_number': 25, 'success': True}]"
22325,43000594,146000,238,True,True,25.0,25.0,True,True,True,22323.0,25,b_attack,"[{'system': 'pbs', 'block_number': 25, 'success': True}, {'system': 'pos', 'block_number': 25, 'success': True}]"
22323,43000593,146000,232,True,True,25.0,25.0,True,True,True,22321.0,25,b_attack,"[{'system': 'pbs', 'block_number': 25, 'success': True}, {'system': 'pos', 'block_number': 25, 'success': True}]"
22321,43000592,146000,231,True,True,25.0,25.0,True,True,True,22319.0,25,b_attack,"[{'system': 'pbs', 'block_number': 25, 'success': True}, {'system': 'pos', 'block_number': 25, 'success': True}]"
22319,43000591,146000,227,True,True,25.0,25.0,True,True,True,22317.0,25,b_attack,"[{'system': 'pbs', 'block_number': 25, 'success': True}, {'system': 'pos', 'block_number': 25, 'success': True}]"
22317,43000590,146000,235,True,True,25.0,25.0,True,True,True,22315.0,25,b_attack,"[{'system': 'pbs', 'block_number': 25, 'success': True}, {'system': 'pos', 'block_number': 25, 'success': True}]"
22315,43000589,146000,237,True,True,25.0,25.0,True,True,True,22313.0,25,b_attack,"[{'system': 'pbs', 'block_number': 25, 'success': True}, {'system': 'pos', 'block_number': 25, 'success': True}]"
22313,43000588,146000,224,True,True,25.0,25.0,True,True,True,22311.0,25,b_attack,"[{'system': 'pbs', 'block_number': 25, 'success': True}, {'system': 'pos', 'block_number': 25, 'success': True}]"
22311,43000587,146000,229,True,True,25.0,25.0,True,True,True,22309.0,25,b_attack,"[{'system': 'pbs', 'block_number': 25, 'success': True}, {'system': 'pos', 'block_number': 25, 'success': True}]"
22309,43000586,146000,233,True,True,25.0,25.0,True,True,True,22307.0,25,b_attack,"[{'system': 'pbs', 'block_number': 25, 'success': True}, {'system': 'pos', 'block_number': 25, 'success': True}]"
22307,43000585,146000,230,True,True,25.0,25.0,True,True,True,22305.0,25,b_attack,"[{'system': 'pbs', 'block_number': 25, 'success': True}, {'system': 'pos', 'block_number': 25, 'success': True}]"
22305,43000584,146000,222,True,True,25.0,25.0,True,True,True,22303.0,25,b_attack,"[{'system': 'pbs', 'block_number': 25, 'success': True}, {'system': 'pos', 'block_number': 25, 'success': True}]"
22303,43000583,146000,232,True,True,25.0,25.0,True,True,True,22301.0,25,b_attack,"[{'system': 'pbs', 'block_number': 25, 'success': True}, {'system': 'pos', 'block_number': 25, 'success': True}]"
22301,43000582,146000,227,True,True,25.0,25.0,True,True,True,22299.0,25,b_attack,"[{'system': 'pbs', 'block_number': 25, 'success': True}, {'system': 'pos', 'block_number': 25, 'success': True}]"
22299,43000581,146000,235,True,True,25.0,25.0,True,True,True,22297.0,25,b_attack,"[{'system': 'pbs', 'block_number': 25, 'success': True}, {'system': 'pos', 'block_number': 25, 'success': True}]"
22297,43000580,146000,233,True,True,25.0,25.0,True,True,True,22295.0,25,b_attack,"[{'system': 'pbs', 'block_number': 25, 'success': True}, {'system': 'pos', 'block_number': 25, 'success': True}]"
22295,43000579,146000,222,True,True,25.0,25.0,True,True,True,22293.0,25,b_attack,"[{'system': 'pbs', 'block_number': 25, 'success': True}, {'system': 'pos', 'block_number': 25, 'success': True}]"
22293,43000578,146000,227,True,True,25.0,25.0,True,True,True,22291.0,25,b_attack,"[{'system': 'pbs', 'block_number': 25, 'success': True}, {'system': 'pos', 'block_number': 25, 'success': True}]"
22291,43000577,146000,222,True,True,25.0,25.0,True,True,True,22289.0,25,b_attack,"[{'system': 'pbs', 'block_number': 25, 'success': True}, {'system': 'pos', 'block_number': 25, 'success': True}]"
22289,43000576,146000,221,True,True,25.0,25.0,True,True,True,22287.0,25,b_attack,"[{'system': 'pbs', 'block_number': 25, 'success': True}, {'system': 'pos', 'block_number': 25, 'success': True}]"
22287,43000575,146000,233,True,True,25.0,25.0,True,True,True,22285.0,25,b_attack,"[{'system': 'pbs', 'block_number': 25, 'success': True}, {'system': 'pos', 'block_number': 25, 'success': True}]"
22285,43000574,146000,234,True,True,25.0,25.0,True,True,True,22283.0,25,b_attack,"[{'system': 'pbs', 'block_number': 25, 'success': True}, {'system': 'pos', 'block_number': 25, 'success': True}]"
22283,43000573,146000,237,True,True,25.0,25.0,True,True,True,22281.0,25,b_attack,"[{'system': 'pbs', 'block_number': 25, 'success': True}, {'system': 'pos', 'block_number': 25, 'success': True}]"
22281,0,0,224,True,True,25.0,25.0,False,True,True,22279.0,25,failed,"[{'system': 'pbs', 'block_number': 25, 'success': False}, {'system': 'pos', 'block_number': 25, 'success': True}]"
22282,0,0,224,True,True,25.0,25.0,False,False,True,22279.0,25,failed,"[{'system': 'pbs', 'block_number': 25, 'success': False}, {'system': 'pos', 'block_number': 25, 'success': False}]"
22284,0,0,237,True,True,25.0,25.0,False,False,True,22281.0,25,failed,"[{'system': 'pbs', 'block_number': 25, 'success': False}, {'system': 'pos', 'block_number': 25, 'success': False}]"
22286,0,0,234,True,True,25.0,25.0,False,False,True,22283.0,25,failed,"[{'system': 'pbs', 'block_number': 25, 'success': False}, {'system': 'pos', 'block_number': 25, 'success': False}]"
22288,0,0,233,True,True,25.0,25.0,False,False,True,22285.0,25,failed,"[{'system': 'pbs', 'block_number': 25, 'success': False}, {'system': 'pos', 'block_number': 25, 'success': False}]"
22290,0,0,221,True,True,25.0,25.0,False,False,True,22287.0,25,failed,"[{'system': 'pbs', 'block_number': 25, 'success': False}, {'system': 'pos', 'block_number': 25, 'success': False}]"
22292,0,0,222,True,True,25.0,25.0,False,False,True,22289.0,25,failed,"[{'system': 'pbs', 'block_number': 25, 'success': False}, {'system': 'pos', 'block_number': 25, 'success': False}]"
22294,0,0,227,True,True,25.0,25.0,False,False,True,22291.0,25,failed,"[{'system': 'pbs', 'block_number': 25, 'success': False}, {'system': 'pos', 'block_number': 25, 'success': False}]"
22296,0,0,222,True,True,25.0,25.0,False,False,True,22293.0,25,failed,"[{'system': 'pbs', 'block_number': 25, 'success': False}, {'system': 'pos', 'block_number': 25, 'success': False}]"
22298,0,0,233,True,True,25.0,25.0,False,False,True,22295.0,25,failed,"[{'system': 'pbs', 'block_number': 25, 'success': False}, {'system': 'pos', 'block_number': 25, 'success': False}]"
22300,0,0,235,True,True,25.0,25.0,False,False,True,22297.0,25,failed,"[{'system': 'pbs', 'block_number': 25, 'success': False}, {'system': 'pos', 'block_number': 25, 'success': False}]"
22302,0,0,227,True,True,25.0,25.0,False,False,True,22299.0,25,failed,"[{'system': 'pbs', 'block_number': 25, 'success': False}, {'system': 'pos', 'block_number': 25, 'success': False}]"
22304,0,0,232,True,True,25.0,25.0,False,False,True,22301.0,25,failed,"[{'system': 'pbs', 'block_number': 25, 'success': False}, {'system': 'pos', 'block_number': 25, 'success': False}]"
22306,0,0,222,True,True,25.0,25.0,False,False,True,22303.0,25,failed,"[{'system': 'pbs', 'block_number': 25, 'success': False}, {'system': 'pos', 'block_number': 25, 'success': False}]"
22308,0,0,230,True,True,25.0,25.0,False,False,True,22305.0,25,failed,"[{'system': 'pbs', 'block_number': 25, 'success': False}, {'system': 'pos', 'block_number': 25, 'success': False}]"
22310,0,0,233,True,True,25.0,25.0,False,False,True,22307.0,25,failed,"[{'system': 'pbs', 'block_number': 25, 'success': False}, {'system': 'pos', 'block_number': 25, 'success': False}]"
22312,0,0,229,True,True,25.0,25.0,False,False,True,22309.0,25,failed,"[{'system': 'pbs', 'block_number': 25, 'success': False}, {'system': 'pos', 'block_number': 25, 'success': False}]"
22314,0,0,224,True,True,25.0,25.0,False,False,True,22311.0,25,failed,"[{'system': 'pbs', 'block_number': 25, 'success': False}, {'system': 'pos', 'block_number': 25, 'success': False}]"
22316,0,0,237,True,True,25.0,25.0,False,False,True,22313.0,25,failed,"[{'system': 'pbs', 'block_number': 25, 'success': False}, {'system': 'pos', 'block_number': 25, 'success': False}]"
22318,0,0,235,True,True,25.0,25.0,False,False,True,22315.0,25,failed,"[{'system': 'pbs', 'block_number': 25, 'success': False}, {'system': 'pos', 'block_number': 25, 'success': False}]"
22320,0,0,227,True,True,25.0,25.0,False,False,True,22317.0,25,failed,"[{'system': 'pbs', 'block_number': 25, 'success': False}, {'system': 'pos', 'block_number': 25, 'success': False}]"
22322,0,0,231,True,True,25.0,25.0,False,False,True,22319.0,25,failed,"[{'system': 'pbs', 'block_number': 25, 'success': False}, {'system': 'pos', 'block_number': 25, 'success': False}]"
22324,0,0,232,True,True,25.0,25.0,False,False,True,22321.0,25,failed,"[{'system': 'pbs', 'block_number': 25, 'success': False}, {'system': 'pos', 'block_number': 25, 'success': False}]"
22326,0,0,238,True,True,25.0,25.0,False,False,True,22323.0,25,failed,"[{'system': 'pbs', 'block_number': 25, 'success': False}, {'system': 'pos', 'block_number': 25, 'success': False}]"
22328,0,0,238,True,True,25.0,25.0,False,False,True,22325.0,25,failed,"[{'system': 'pbs', 'block_number': 25, 'success': False}, {'system': 'pos', 'block_number': 25, 'success': False}]"
22375,43000619,146000,221,True,True,26.0,26.0,True,True,True,22373.0,26,b_attack,"[{'system': 'pbs', 'block_number': 26, 'success': True}, {'system': 'pos', 'block_number': 26, 'success': True}]"
22373,43000618,146000,225,True,True,26.0,26.0,True,True,True,22371.0,26,b_attack,"[{'system': 'pbs', 'block_number': 26, 'success': True}, {'system': 'pos', 'block_number': 26, 'success': True}]"
22371,43000617,146000,226,True,True,26.0,26.0,True,True,True,22369.0,26,b_attack,"[{'system': 'pbs', 'block_number': 26, 'success': True}, {'system': 'pos', 'block_number': 26, 'success': True}]"
22369,43000616,146000,224,True,True,26.0,26.0,True,True,True,22367.0,26,b_attack,"[{'system': 'pbs', 'block_number': 26, 'success': True}, {'system': 'pos', 'block_number': 26, 'success': True}]"
22367,43000615,146000,239,True,True,26.0,26.0,True,True,True,22365.0,26,b_attack,"[{'system': 'pbs', 'block_number': 26, 'success': True}, {'system': 'pos', 'block_number': 26, 'success': True}]"
22365,43000614,146000,238,True,True,26.0,26.0,True,True,True,22363.0,26,b_attack,"[{'system': 'pbs', 'block_number': 26, 'success': True}, {'system': 'pos', 'block_number': 26, 'success': True}]"
22363,43000613,146000,238,True,True,26.0,26.0,True,True,True,22361.0,26,b_attack,"[{'system': 'pbs', 'block_number': 26, 'success': True}, {'system': 'pos', 'block_number': 26, 'success': True}]"
22361,43000612,146000,237,True,True,26.0,26.0,True,True,True,22359.0,26,b_attack,"[{'system': 'pbs', 'block_number': 26, 'success': True}, {'system': 'pos', 'block_number': 26, 'success': True}]"
22359,43000611,146000,221,True,True,26.0,26.0,True,True,True,22357.0,26,b_attack,"[{'system': 'pbs', 'block_number': 26, 'success': True}, {'system': 'pos', 'block_number': 26, 'success': True}]"
22357,43000610,146000,223,True,True,26.0,26.0,True,True,True,22355.0,26,b_attack,"[{'system': 'pbs', 'block_number': 26, 'success': True}, {'system': 'pos', 'block_number': 26, 'success': True}]"
22355,43000609,146000,227,True,True,26.0,26.0,True,True,True,22353.0,26,b_attack,"[{'system': 'pbs', 'block_number': 26, 'success': True}, {'system': 'pos', 'block_number': 26, 'success': True}]"
22353,43000608,146000,235,True,True,26.0,26.0,True,True,True,22351.0,26,b_attack,"[{'system': 'pbs', 'block_number': 26, 'success': True}, {'system': 'pos', 'block_number': 26, 'success': True}]"
22351,43000607,146000,226,True,True,26.0,26.0,True,True,True,22349.0,26,b_attack,"[{'system': 'pbs', 'block_number': 26, 'success': True}, {'system': 'pos', 'block_number': 26, 'success': True}]"
22349,43000606,146000,224,True,True,26.0,26.0,True,True,True,22347.0,26,b_attack,"[{'system': 'pbs', 'block_number': 26, 'success': True}, {'system': 'pos', 'block_number': 26, 'success': True}]"
22347,43000605,146000,240,True,True,26.0,26.0,True,True,True,22345.0,26,b_attack,"[{'system': 'pbs', 'block_number': 26, 'success': True}, {'system': 'pos', 'block_number': 26, 'success': True}]"
22345,43000604,146000,235,True,True,26.0,26.0,True,True,True,22343.0,26,b_attack,"[{'system': 'pbs', 'block_number': 26, 'success': True}, {'system': 'pos', 'block_number': 26, 'success': True}]"
22343,43000603,146000,239,True,True,26.0,26.0,True,True,True,22341.0,26,b_attack,"[{'system': 'pbs', 'block_number': 26, 'success': True}, {'system': 'pos', 'block_number': 26, 'success': True}]"
22341,43000602,146000,224,True,True,26.0,26.0,True,True,True,22339.0,26,b_attack,"[{'system': 'pbs', 'block_number': 26, 'success': True}, {'system': 'pos', 'block_number': 26, 'success': True}]"
22339,43000601,146000,238,True,True,26.0,26.0,True,True,True,22337.0,26,b_attack,"[{'system': 'pbs', 'block_number': 26, 'success': True}, {'system': 'pos', 'block_number': 26, 'success': True}]"
22337,43000600,146000,226,True,True,26.0,26.0,True,True,True,22335.0,26,b_attack,"[{'system': 'pbs', 'block_number': 26, 'success': True}, {'system': 'pos', 'block_number': 26, 'success': True}]"
22335,43000599,146000,228,True,True,26.0,26.0,True,True,True,22333.0,26,b_attack,"[{'system': 'pbs', 'block_number': 26, 'success': True}, {'system': 'pos', 'block_number': 26, 'success': True}]"
22333,43000598,146000,228,True,True,26.0,26.0,True,True,True,22331.0,26,b_attack,"[{'system': 'pbs', 'block_number': 26, 'success': True}, {'system': 'pos', 'block_number': 26, 'success': True}]"
22331,43000597,146000,239,True,True,26.0,26.0,True,True,True,22329.0,26,b_attack,"[{'system': 'pbs', 'block_number': 26, 'success': True}, {'system': 'pos', 'block_number': 26, 'success': True}]"
22329,0,0,237,True,True,26.0,26.0,False,True,True,22327.0,26,failed,"[{'system': 'pbs', 'block_number': 26, 'success': False}, {'system': 'pos', 'block_number': 26, 'success': True}]"
22330,0,0,237,True,True,26.0,26.0,False,False,True,22327.0,26,failed,"[{'system': 'pbs', 'block_number': 26, 'success': False}, {'system': 'pos', 'block_number': 26, 'success': False}]"
22332,0,0,239,True,True,26.0,26.0,False,False,True,22329.0,26,failed,"[{'system': 'pbs', 'block_number': 26, 'success': False}, {'system': 'pos', 'block_number': 26, 'success': False}]"
22334,0,0,228,True,True,26.0,26.0,False,False,True,22331.0,26,failed,"[{'system': 'pbs', 'block_number': 26, 'success': False}, {'system': 'pos', 'block_number': 26, 'success': False}]"
22336,0,0,228,True,True,26.0,26.0,False,False,True,22333.0,26,failed,"[{'system': 'pbs', 'block_number': 26, 'success': False}, {'system': 'pos', 'block_number': 26, 'success': False}]"
22338,0,0,226,True,True,26.0,26.0,False,False,True,22335.0,26,failed,"[{'system': 'pbs', 'block_number': 26, 'success': False}, {'system': 'pos', 'block_number': 26, 'success': False}]"
22340,0,0,238,True,True,26.0,26.0,False,False,True,22337.0,26,failed,"[{'system': 'pbs', 'block_number': 26, 'success': False}, {'system': 'pos', 'block_number': 26, 'success': False}]"
22342,0,0,224,True,True,26.0,26.0,False,False,True,22339.0,26,failed,"[{'system': 'pbs', 'block_number': 26, 'success': False}, {'system': 'pos', 'block_number': 26, 'success': False}]"
22344,0,0,239,True,True,26.0,26.0,False,False,True,22341.0,26,failed,"[{'system': 'pbs', 'block_number': 26, 'success': False}, {'system': 'pos', 'block_number': 26, 'success': False}]"
22346,0,0,235,True,True,26.0,26.0,False,False,True,22343.0,26,failed,"[{'system': 'pbs', 'block_number': 26, 'success': False}, {'system': 'pos', 'block_number': 26, 'success': False}]"
22348,0,0,240,True,True,26.0,26.0,False,False,True,22345.0,26,failed,"[{'system': 'pbs', 'block_number': 26, 'success': False}, {'system': 'pos', 'block_number': 26, 'success': False}]"
22350,0,0,224,True,True,26.0,26.0,False,False,True,22347.0,26,failed,"[{'system': 'pbs', 'block_number': 26, 'success': False}, {'system': 'pos', 'block_number': 26, 'success': False}]"
22352,0,0,226,True,True,26.0,26.0,False,False,True,22349.0,26,failed,"[{'system': 'pbs', 'block_number': 26, 'success': False}, {'system': 'pos', 'block_number': 26, 'success': False}]"
22354,0,0,235,True,True,26.0,26.0,False,False,True,22351.0,26,failed,"[{'system': 'pbs', 'block_number': 26, 'success': False}, {'system': 'pos', 'block_number': 26, 'success': False}]"
22356,0,0,227,True,True,26.0,26.0,False,False,True,22353.0,26,failed,"[{'system': 'pbs', 'block_number': 26, 'success': False}, {'system': 'pos', 'block_number': 26, 'success': False}]"
22358,0,0,223,True,True,26.0,26.0,False,False,True,22355.0,26,failed,"[{'system': 'pbs', 'block_number': 26, 'success': False}, {'system': 'pos', 'block_number': 26, 'success': False}]"
22360,0,0,221,True,True,26.0,26.0,False,False,True,22357.0,26,failed,"[{'system': 'pbs', 'block_number': 26, 'success': False}, {'system': 'pos', 'block_number': 26, 'success': False}]"
22362,0,0,237,True,True,26.0,26.0,False,False,True,22359.0,26,failed,"[{'system': 'pbs', 'block_number': 26, 'success': False}, {'system': 'pos', 'block_number': 26, 'success': False}]"
22364,0,0,238,True,True,26.0,26.0,False,False,True,22361.0,26,failed,"[{'system': 'pbs', 'block_number': 26, 'success': False}, {'system': 'pos', 'block_number': 26, 'success': False}]"
22366,0,0,238,True,True,26.0,26.0,False,False,True,22363.0,26,failed,"[{'system': 'pbs', 'block_number': 26, 'success': False}, {'system': 'pos', 'block_number': 26, 'success': False}]"
22368,0,0,239,True,True,26.0,26.0,False,False,True,22365.0,26,failed,"[{'system': 'pbs', 'block_number': 26, 'success': False}, {'system': 'pos', 'block_number': 26, 'success': False}]"
22370,0,0,224,True,True,26.0,26.0,False,False,True,22367.0,26,failed,"[{'system': 'pbs', 'block_number': 26, 'success': False}, {'system': 'pos', 'block_number': 26, 'success': False}]"
22372,0,0,226,True,True,26.0,26.0,False,False,True,22369.0,26,failed,"[{'system': 'pbs', 'block_number': 26, 'success': False}, {'system': 'pos', 'block_number': 26, 'success': False}]"
22374,0,0,225,True,True,26.0,26.0,False,False,True,22371.0,26,failed,"[{'system': 'pbs', 'block_number': 26, 'success': False}, {'system': 'pos', 'block_number': 26, 'success': False}]"
22376,0,0,221,True,True,26.0,26.0,False,False,True,22373.0,26,failed,"[{'system': 'pbs', 'block_number': 26, 'success': False}, {'system': 'pos', 'block_number': 26, 'success': False}]"
22423,43000643,146000,235,True,True,27.0,27.0,True,True,True,22421.0,27,b_attack,"[{'system': 'pbs', 'block_number': 27, 'success': True}, {'system': 'pos', 'block_number': 27, 'success': True}]"
22421,43000642,146000,230,True,True,27.0,27.0,True,True,True,22419.0,27,b_attack,"[{'system': 'pbs', 'block_number': 27, 'success': True}, {'system': 'pos', 'block_number': 27, 'success': True}]"
22419,43000641,146000,229,True,True,27.0,27.0,True,True,True,22417.0,27,b_attack,"[{'system': 'pbs', 'block_number': 27, 'success': True}, {'system': 'pos', 'block_number': 27, 'success': True}]"
22417,43000640,146000,236,True,True,27.0,27.0,True,True,True,22415.0,27,b_attack,"[{'system': 'pbs', 'block_number': 27, 'success': True}, {'system': 'pos', 'block_number': 27, 'success': True}]"
22415,43000639,146000,230,True,True,27.0,27.0,True,True,True,22413.0,27,b_attack,"[{'system': 'pbs', 'block_number': 27, 'success': True}, {'system': 'pos', 'block_number': 27, 'success': True}]"
22413,43000638,146000,229,True,True,27.0,27.0,True,True,True,22411.0,27,b_attack,"[{'system': 'pbs', 'block_number': 27, 'success': True}, {'system': 'pos', 'block_number': 27, 'success': True}]"
22411,43000637,146000,237,True,True,27.0,27.0,True,True,True,22409.0,27,b_attack,"[{'system': 'pbs', 'block_number': 27, 'success': True}, {'system': 'pos', 'block_number': 27, 'success': True}]"
22409,43000636,146000,229,True,True,27.0,27.0,True,True,True,22407.0,27,b_attack,"[{'system': 'pbs', 'block_number': 27, 'success': True}, {'system': 'pos', 'block_number': 27, 'success': True}]"
22407,43000635,146000,224,True,True,27.0,27.0,True,True,True,22405.0,27,b_attack,"[{'system': 'pbs', 'block_number': 27, 'success': True}, {'system': 'pos', 'block_number': 27, 'success': True}]"
22405,43000634,146000,238,True,True,27.0,27.0,True,True,True,22403.0,27,b_attack,"[{'system': 'pbs', 'block_number': 27, 'success': True}, {'system': 'pos', 'block_number': 27, 'success': True}]"
22403,43000633,146000,228,True,True,27.0,27.0,True,True,True,22401.0,27,b_attack,"[{'system': 'pbs', 'block_number': 27, 'success': True}, {'system': 'pos', 'block_number': 27, 'success': True}]"
22401,43000632,146000,236,True,True,27.0,27.0,True,True,True,22399.0,27,b_attack,"[{'system': 'pbs', 'block_number': 27, 'success': True}, {'system': 'pos', 'block_number': 27, 'success': True}]"
22399,43000631,146000,239,True,True,27.0,27.0,True,True,True,22397.0,27,b_attack,"[{'system': 'pbs', 'block_number': 27, 'success': True}, {'system': 'pos', 'block_number': 27, 'success': True}]"
22397,43000630,146000,227,True,True,27.0,27.0,True,True,True,22395.0,27,b_attack,"[{'system': 'pbs', 'block_number': 27, 'success': True}, {'system': 'pos', 'block_number': 27, 'success': True}]"
22395,43000629,146000,223,True,True,27.0,27.0,True,True,True,22393.0,27,b_attack,"[{'system': 'pbs', 'block_number': 27, 'success': True}, {'system': 'pos', 'block_number': 27, 'success': True}]"
22393,43000628,146000,230,True,True,27.0,27.0,True,True,True,22391.0,27,b_attack,"[{'system': 'pbs', 'block_number': 27, 'success': True}, {'system': 'pos', 'block_number': 27, 'success': True}]"
22391,43000627,146000,227,True,True,27.0,27.0,True,True,True,22389.0,27,b_attack,"[{'system': 'pbs', 'block_number': 27, 'success': True}, {'system': 'pos', 'block_number': 27, 'success': True}]"
22389,43000626,146000,223,True,True,27.0,27.0,True,True,True,22387.0,27,b_attack,"[{'system': 'pbs', 'block_number': 27, 'success': True}, {'system': 'pos', 'block_number': 27, 'success': True}]"
22387,43000625,146000,238,True,True,27.0,27.0,True,True,True,22385.0,27,b_attack,"[{'system': 'pbs', 'block_number': 27, 'success': True}, {'system': 'pos', 'block_number': 27, 'success': True}]"
22385,43000624,146000,238,True,True,27.0,27.0,True,True,True,22383.0,27,b_attack,"[{'system': 'pbs', 'block_number': 27, 'success': True}, {'system': 'pos', 'block_number': 27, 'success': True}]"
22383,43000623,146000,238,True,True,27.0,27.0,True,True,True,22381.0,27,b_attack,"[{'system': 'pbs', 'block_number': 27, 'success': True}, {'system': 'pos', 'block_number': 27, 'success': True}]"
22381,43000622,146000,234,True,True,27.0,27.0,True,True,True,22379.0,27,b_attack,"[{'system': 'pbs', 'block_number': 27, 'success': True}, {'system': 'pos', 'block_number': 27, 'success': True}]"
22379,43000621,146000,238,True,True,27.0,27.0,True,True,True,22377.0,27,b_attack,"[{'system': 'pbs', 'block_number': 27, 'success': True}, {'system': 'pos', 'block_number': 27, 'success': True}]"
22377,0,0,224,True,True,27.0,27.0,False,True,True,22375.0,27,failed,"[{'system': 'pbs', 'block_number': 27, 'success': False}, {'system': 'pos', 'block_number': 27, 'success': True}]"
22378,0,0,224,True,True,27.0,27.0,False,False,True,22375.0,27,failed,"[{'system': 'pbs', 'block_number': 27, 'success': False}, {'system': 'pos', 'block_number': 27, 'success': False}]"
22380,0,0,238,True,True,27.0,27.0,False,False,True,22377.0,27,failed,"[{'system': 'pbs', 'block_number': 27, 'success': False}, {'system': 'pos', 'block_number': 27, 'success': False}]"
22382,0,0,234,True,True,27.0,27.0,False,False,True,22379.0,27,failed,"[{'system': 'pbs', 'block_number': 27, 'success': False}, {'system': 'pos', 'block_number': 27, 'success': False}]"
22384,0,0,238,True,True,27.0,27.0,False,False,True,22381.0,27,failed,"[{'system': 'pbs', 'block_number': 27, 'success': False}, {'system': 'pos', 'block_number': 27, 'success': False}]"
22386,0,0,238,True,True,27.0,27.0,False,False,True,22383.0,27,failed,"[{'system': 'pbs', 'block_number': 27, 'success': False}, {'system': 'pos', 'block_number': 27, 'success': False}]"
22388,0,0,238,True,True,27.0,27.0,False,False,True,22385.0,27,failed,"[{'system': 'pbs', 'block_number': 27, 'success': False}, {'system': 'pos', 'block_number': 27, 'success': False}]"
22390,0,0,223,True,True,27.0,27.0,False,False,True,22387.0,27,failed,"[{'system': 'pbs', 'block_number': 27, 'success': False}, {'system': 'pos', 'block_number': 27, 'success': False}]"
22392,0,0,227,True,True,27.0,27.0,False,False,True,22389.0,27,failed,"[{'system': 'pbs', 'block_number': 27, 'success': False}, {'system': 'pos', 'block_number': 27, 'success': False}]"
22394,0,0,230,True,True,27.0,27.0,False,False,True,22391.0,27,failed,"[{'system': 'pbs', 'block_number': 27, 'success': False}, {'system': 'pos', 'block_number': 27, 'success': False}]"
22396,0,0,223,True,True,27.0,27.0,False,False,True,22393.0,27,failed,"[{'system': 'pbs', 'block_number': 27, 'success': False}, {'system': 'pos', 'block_number': 27, 'success': False}]"
22398,0,0,227,True,True,27.0,27.0,False,False,True,22395.0,27,failed,"[{'system': 'pbs', 'block_number': 27, 'success': False}, {'system': 'pos', 'block_number': 27, 'success': False}]"
22400,0,0,239,True,True,27.0,27.0,False,False,True,22397.0,27,failed,"[{'system': 'pbs', 'block_number': 27, 'success': False}, {'system': 'pos', 'block_number': 27, 'success': False}]"
22402,0,0,236,True,True,27.0,27.0,False,False,True,22399.0,27,failed,"[{'system': 'pbs', 'block_number': 27, 'success': False}, {'system': 'pos', 'block_number': 27, 'success': False}]"
22404,0,0,228,True,True,27.0,27.0,False,False,True,22401.0,27,failed,"[{'system': 'pbs', 'block_number': 27, 'success': False}, {'system': 'pos', 'block_number': 27, 'success': False}]"
22406,0,0,238,True,True,27.0,27.0,False,False,True,22403.0,27,failed,"[{'system': 'pbs', 'block_number': 27, 'success': False}, {'system': 'pos', 'block_number': 27, 'success': False}]"
22408,0,0,224,True,True,27.0,27.0,False,False,True,22405.0,27,failed,"[{'system': 'pbs', 'block_number': 27, 'success': False}, {'system': 'pos', 'block_number': 27, 'success': False}]"
22410,0,0,229,True,True,27.0,27.0,False,False,True,22407.0,27,failed,"[{'system': 'pbs', 'block_number': 27, 'success': False}, {'system': 'pos', 'block_number': 27, 'success': False}]"
22412,0,0,237,True,True,27.0,27.0,False,False,True,22409.0,27,failed,"[{'system': 'pbs', 'block_number': 27, 'success': False}, {'system': 'pos', 'block_number': 27, 'success': False}]"
22414,0,0,229,True,True,27.0,27.0,False,False,True,22411.0,27,failed,"[{'system': 'pbs', 'block_number': 27, 'success': False}, {'system': 'pos', 'block_number': 27, 'success': False}]"
22416,0,0,230,True,True,27.0,27.0,False,False,True,22413.0,27,failed,"[{'system': 'pbs', 'block_number': 27, 'success': False}, {'system': 'pos', 'block_number': 27, 'success': False}]"
22418,0,0,236,True,True,27.0,27.0,False,False,True,22415.0,27,failed,"[{'system': 'pbs', 'block_number': 27, 'success': False}, {'system': 'pos', 'block_number': 27, 'success': False}]"
22420,0,0,229,True,True,27.0,27.0,False,False,True,22417.0,27,failed,"[{'system': 'pbs', 'block_number': 27, 'success': False}, {'system': 'pos', 'block_number': 27, 'success': False}]"
22422,0,0,230,True,True,27.0,27.0,False,False,True,22419.0,27,failed,"[{'system': 'pbs', 'block_number': 27, 'success': False}, {'system': 'pos', 'block_number': 27, 'success': False}]"
22424,0,0,235,True,True,27.0,27.0,False,False,True,22421.0,27,failed,"[{'system': 'pbs', 'block_number': 27, 'success': False}, {'system': 'pos', 'block_number': 27, 'success': False}]"
22471,43000667,146000,227,True,True,28.0,28.0,True,True,True,22469.0,28,b_attack,"[{'system': 'pbs', 'block_number': 28, 'success': True}, {'system': 'pos', 'block_number': 28, 'success': True}]"
22469,43000666,146000,222,True,True,28.0,28.0,True,True,True,22467.0,28,b_attack,"[{'system': 'pbs', 'block_number': 28, 'success': True}, {'system': 'pos', 'block_number': 28, 'success': True}]"
22467,43000665,146000,222,True,True,28.0,28.0,True,True,True,22465.0,28,b_attack,"[{'system': 'pbs', 'block_number': 28, 'success': True}, {'system': 'pos', 'block_number': 28, 'success': True}]"
22465,43000664,146000,224,True,True,28.0,28.0,True,True,True,22463.0,28,b_attack,"[{'system': 'pbs', 'block_number': 28, 'success': True}, {'system': 'pos', 'block_number': 28, 'success': True}]"
22463,43000663,146000,227,True,True,28.0,28.0,True,True,True,22461.0,28,b_attack,"[{'system': 'pbs', 'block_number': 28, 'success': True}, {'system': 'pos', 'block_number': 28, 'success': True}]"
22461,43000662,146000,230,True,True,28.0,28.0,True,True,True,22459.0,28,b_attack,"[{'system': 'pbs', 'block_number': 28, 'success': True}, {'system': 'pos', 'block_number': 28, 'success': True}]"
22459,43000661,146000,227,True,True,28.0,28.0,True,True,True,22457.0,28,b_attack,"[{'system': 'pbs', 'block_number': 28, 'success': True}, {'system': 'pos', 'block_number': 28, 'success': True}]"
22457,43000660,146000,233,True,True,28.0,28.0,True,True,True,22455.0,28,b_attack,"[{'system': 'pbs', 'block_number': 28, 'success': True}, {'system': 'pos', 'block_number': 28, 'success': True}]"
22455,43000659,146000,226,True,True,28.0,28.0,True,True,True,22453.0,28,b_attack,"[{'system': 'pbs', 'block_number': 28, 'success': True}, {'system': 'pos', 'block_number': 28, 'success': True}]"
22453,43000658,146000,227,True,True,28.0,28.0,True,True,True,22451.0,28,b_attack,"[{'system': 'pbs', 'block_number': 28, 'success': True}, {'system': 'pos', 'block_number': 28, 'success': True}]"
22451,43000657,146000,222,True,True,28.0,28.0,True,True,True,22449.0,28,b_attack,"[{'system': 'pbs', 'block_number': 28, 'success': True}, {'system': 'pos', 'block_number': 28, 'success': True}]"
22449,43000656,146000,237,True,True,28.0,28.0,True,True,True,22447.0,28,b_attack,"[{'system': 'pbs', 'block_number': 28, 'success': True}, {'system': 'pos', 'block_number': 28, 'success': True}]"
22447,43000655,146000,222,True,True,28.0,28.0,True,True,True,22445.0,28,b_attack,"[{'system': 'pbs', 'block_number': 28, 'success': True}, {'system': 'pos', 'block_number': 28, 'success': True}]"
22445,43000654,146000,221,True,True,28.0,28.0,True,True,True,22443.0,28,b_attack,"[{'system': 'pbs', 'block_number': 28, 'success': True}, {'system': 'pos', 'block_number': 28, 'success': True}]"
22443,43000653,146000,221,True,True,28.0,28.0,True,True,True,22441.0,28,b_attack,"[{'system': 'pbs', 'block_number': 28, 'success': True}, {'system': 'pos', 'block_number': 28, 'success': True}]"
22441,43000652,146000,240,True,True,28.0,28.0,True,True,True,22439.0,28,b_attack,"[{'system': 'pbs', 'block_number': 28, 'success': True}, {'system': 'pos', 'block_number': 28, 'success': True}]"
22439,43000651,146000,236,True,True,28.0,28.0,True,True,True,22437.0,28,b_attack,"[{'system': 'pbs', 'block_number': 28, 'success': True}, {'system': 'pos', 'block_number': 28, 'success': True}]"
22437,43000650,146000,240,True,True,28.0,28.0,True,True,True,22435.0,28,b_attack,"[{'system': 'pbs', 'block_number': 28, 'success': True}, {'system': 'pos', 'block_number': 28, 'success': True}]"
22435,43000649,146000,240,True,True,28.0,28.0,True,True,True,22433.0,28,b_attack,"[{'system': 'pbs', 'block_number': 28, 'success': True}, {'system': 'pos', 'block_number': 28, 'success': True}]"
22433,43000648,146000,240,True,True,28.0,28.0,True,True,True,22431.0,28,b_attack,"[{'system': 'pbs', 'block_number': 28, 'success': True}, {'system': 'pos', 'block_number': 28, 'success': True}]"
22431,43000647,146000,239,True,True,28.0,28.0,True,True,True,22429.0,28,b_attack,"[{'system': 'pbs', 'block_number': 28, 'success': True}, {'system': 'pos', 'block_number': 28, 'success': True}]"
22429,43000646,146000,221,True,True,28.0,28.0,True,True,True,22427.0,28,b_attack,"[{'system': 'pbs', 'block_number': 28, 'success': True}, {'system': 'pos', 'block_number': 28, 'success': True}]"
22427,43000645,146000,229,True,True,28.0,28.0,True,True,True,22425.0,28,b_attack,"[{'system': 'pbs', 'block_number': 28, 'success': True}, {'system': 'pos', 'block_number': 28, 'success': True}]"
22425,0,0,240,True,True,28.0,28.0,False,True,True,22423.0,28,failed,"[{'system': 'pbs', 'block_number': 28, 'success': False}, {'system': 'pos', 'block_number': 28, 'success': True}]"
22426,0,0,240,True,True,28.0,28.0,False,False,True,22423.0,28,failed,"[{'system': 'pbs', 'block_number': 28, 'success': False}, {'system': 'pos', 'block_number': 28, 'success': False}]"
22428,0,0,229,True,True,28.0,28.0,False,False,True,22425.0,28,failed,"[{'system': 'pbs', 'block_number': 28, 'success': False}, {'system': 'pos', 'block_number': 28, 'success': False}]"
22430,0,0,221,True,True,28.0,28.0,False,False,True,22427.0,28,failed,"[{'system': 'pbs', 'block_number': 28, 'success': False}, {'system': 'pos', 'block_number': 28, 'success': False}]"
22432,0,0,239,True,True,28.0,28.0,False,False,True,22429.0,28,failed,"[{'system': 'pbs', 'block_number': 28, 'success': False}, {'system': 'pos', 'block_number': 28, 'success': False}]"
22434,0,0,240,True,True,28.0,28.0,False,False,True,22431.0,28,failed,"[{'system': 'pbs', 'block_number': 28, 'success': False}, {'system': 'pos', 'block_number': 28, 'success': False}]"
22436,0,0,240,True,True,28.0,28.0,False,False,True,22433.0,28,failed,"[{'system': 'pbs', 'block_number': 28, 'success': False}, {'system': 'pos', 'block_number': 28, 'success': False}]"
22438,0,0,240,True,True,28.0,28.0,False,False,True,22435.0,28,failed,"[{'system': 'pbs', 'block_number': 28, 'success': False}, {'system': 'pos', 'block_number': 28, 'success': False}]"
22440,0,0,236,True,True,28.0,28.0,False,False,True,22437.0,28,failed,"[{'system': 'pbs', 'block_number': 28, 'success': False}, {'system': 'pos', 'block_number': 28, 'success': False}]"
22442,0,0,240,True,True,28.0,28.0,False,False,True,22439.0,28,failed,"[{'system': 'pbs', 'block_number': 28, 'success': False}, {'system': 'pos', 'block_number': 28, 'success': False}]"
22444,0,0,221,True,True,28.0,28.0,False,False,True,22441.0,28,failed,"[{'system': 'pbs', 'block_number': 28, 'success': False}, {'system': 'pos', 'block_number': 28, 'success': False}]"
22446,0,0,221,True,True,28.0,28.0,False,False,True,22443.0,28,failed,"[{'system': 'pbs', 'block_number': 28, 'success': False}, {'system': 'pos', 'block_number': 28, 'success': False}]"
22448,0,0,222,True,True,28.0,28.0,False,False,True,22445.0,28,failed,"[{'system': 'pbs', 'block_number': 28, 'success': False}, {'system': 'pos', 'block_number': 28, 'success': False}]"
22450,0,0,237,True,True,28.0,28.0,False,False,True,22447.0,28,failed,"[{'system': 'pbs', 'block_number': 28, 'success': False}, {'system': 'pos', 'block_number': 28, 'success': False}]"
22452,0,0,222,True,True,28.0,28.0,False,False,True,22449.0,28,failed,"[{'system': 'pbs', 'block_number': 28, 'success': False}, {'system': 'pos', 'block_number': 28, 'success': False}]"
22454,0,0,227,True,True,28.0,28.0,False,False,True,22451.0,28,failed,"[{'system': 'pbs', 'block_number': 28, 'success': False}, {'system': 'pos', 'block_number': 28, 'success': False}]"
22456,0,0,226,True,True,28.0,28.0,False,False,True,22453.0,28,failed,"[{'system': 'pbs', 'block_number': 28, 'success': False}, {'system': 'pos', 'block_number': 28, 'success': False}]"
22458,0,0,233,True,True,28.0,28.0,False,False,True,22455.0,28,failed,"[{'system': 'pbs', 'block_number': 28, 'success': False}, {'system': 'pos', 'block_number': 28, 'success': False}]"
22460,0,0,227,True,True,28.0,28.0,False,False,True,22457.0,28,failed,"[{'system': 'pbs', 'block_number': 28, 'success': False}, {'system': 'pos', 'block_number': 28, 'success': False}]"
22462,0,0,230,True,True,28.0,28.0,False,False,True,22459.0,28,failed,"[{'system': 'pbs', 'block_number': 28, 'success': False}, {'system': 'pos', 'block_number': 28, 'success': False}]"
22464,0,0,227,True,True,28.0,28.0,False,False,True,22461.0,28,failed,"[{'system': 'pbs', 'block_number': 28, 'success': False}, {'system': 'pos', 'block_number': 28, 'success': False}]"
22466,0,0,224,True,True,28.0,28.0,False,False,True,22463.0,28,failed,"[{'system': 'pbs', 'block_number': 28, 'success': False}, {'system': 'pos', 'block_number': 28, 'success': False}]"
22468,0,0,222,True,True,28.0,28.0,False,False,True,22465.0,28,failed,"[{'system': 'pbs', 'block_number': 28, 'success': False}, {'system': 'pos', 'block_number': 28, 'success': False}]"
22470,0,0,222,True,True,28.0,28.0,False,False,True,22467.0,28,failed,"[{'system': 'pbs', 'block_number': 28, 'success': False}, {'system': 'pos', 'block_number': 28, 'success': False}]"
22472,0,0,227,True,True,28.0,28.0,False,False,True,22469.0,28,failed,"[{'system': 'pbs', 'block_number': 28, 'success': False}, {'system': 'pos', 'block_number': 28, 'success': False}]"
22519,43000691,146000,239,True,True,29.0,29.0,True,True,True,22517.0,29,b_attack,"[{'system': 'pbs', 'block_number': 29, 'success': True}, {'system': 'pos', 'block_number': 29, 'success': True}]"
22517,43000690,146000,221,True,True,29.0,29.0,True,True,True,22515.0,29,b_attack,"[{'system': 'pbs', 'block_number': 29, 'success': True}, {'system': 'pos', 'block_number': 29, 'success': True}]"
22515,43000689,146000,237,True,True,29.0,29.0,True,True,True,22513.0,29,b_attack,"[{'system': 'pbs', 'block_number': 29, 'success': True}, {'system': 'pos', 'block_number': 29, 'success': True}]"
22513,43000688,146000,222,True,True,29.0,29.0,True,True,True,22511.0,29,b_attack,"[{'system': 'pbs', 'block_number': 29, 'success': True}, {'system': 'pos', 'block_number': 29, 'success': True}]"
22511,43000687,146000,225,True,True,29.0,29.0,True,True,True,22509.0,29,b_attack,"[{'system': 'pbs', 'block_number': 29, 'success': True}, {'system': 'pos', 'block_number': 29, 'success': True}]"
22509,43000686,146000,228,True,True,29.0,29.0,True,True,True,22507.0,29,b_attack,"[{'system': 'pbs', 'block_number': 29, 'success': True}, {'system': 'pos', 'block_number': 29, 'success': True}]"
22507,43000685,146000,225,True,True,29.0,29.0,True,True,True,22505.0,29,b_attack,"[{'system': 'pbs', 'block_number': 29, 'success': True}, {'system': 'pos', 'block_number': 29, 'success': True}]"
22505,43000684,146000,223,True,True,29.0,29.0,True,True,True,22503.0,29,b_attack,"[{'system': 'pbs', 'block_number': 29, 'success': True}, {'system': 'pos', 'block_number': 29, 'success': True}]"
22503,43000683,146000,230,True,True,29.0,29.0,True,True,True,22501.0,29,b_attack,"[{'system': 'pbs', 'block_number': 29, 'success': True}, {'system': 'pos', 'block_number': 29, 'success': True}]"
22501,43000682,146000,240,True,True,29.0,29.0,True,True,True,22499.0,29,b_attack,"[{'system': 'pbs', 'block_number': 29, 'success': True}, {'system': 'pos', 'block_number': 29, 'success': True}]"
22499,43000681,146000,238,True,True,29.0,29.0,True,True,True,22497.0,29,b_attack,"[{'system': 'pbs', 'block_number': 29, 'success': True}, {'system': 'pos', 'block_number': 29, 'success': True}]"
22497,43000680,146000,224,True,True,29.0,29.0,True,True,True,22495.0,29,b_attack,"[{'system': 'pbs', 'block_number': 29, 'success': True}, {'system': 'pos', 'block_number': 29, 'success': True}]"
22495,43000679,146000,238,True,True,29.0,29.0,True,True,True,22493.0,29,b_attack,"[{'system': 'pbs', 'block_number': 29, 'success': True}, {'system': 'pos', 'block_number': 29, 'success': True}]"
22493,43000678,146000,231,True,True,29.0,29.0,True,True,True,22491.0,29,b_attack,"[{'system': 'pbs', 'block_number': 29, 'success': True}, {'system': 'pos', 'block_number': 29, 'success': True}]"
22491,43000677,146000,231,True,True,29.0,29.0,True,True,True,22489.0,29,b_attack,"[{'system': 'pbs', 'block_number': 29, 'success': True}, {'system': 'pos', 'block_number': 29, 'success': True}]"
22489,43000676,146000,222,True,True,29.0,29.0,True,True,True,22487.0,29,b_attack,"[{'system': 'pbs', 'block_number': 29, 'success': True}, {'system': 'pos', 'block_number': 29, 'success': True}]"
22487,43000675,146000,238,True,True,29.0,29.0,True,True,True,22485.0,29,b_attack,"[{'system': 'pbs', 'block_number': 29, 'success': True}, {'system': 'pos', 'block_number': 29, 'success': True}]"
22485,43000674,146000,236,True,True,29.0,29.0,True,True,True,22483.0,29,b_attack,"[{'system': 'pbs', 'block_number': 29, 'success': True}, {'system': 'pos', 'block_number': 29, 'success': True}]"
22483,43000673,146000,228,True,True,29.0,29.0,True,True,True,22481.0,29,b_attack,"[{'system': 'pbs', 'block_number': 29, 'success': True}, {'system': 'pos', 'block_number': 29, 'success': True}]"
22481,43000672,146000,224,True,True,29.0,29.0,True,True,True,22479.0,29,b_attack,"[{'system': 'pbs', 'block_number': 29, 'success': True}, {'system': 'pos', 'block_number': 29, 'success': True}]"
22479,43000671,146000,234,True,True,29.0,29.0,True,True,True,22477.0,29,b_attack,"[{'system': 'pbs', 'block_number': 29, 'success': True}, {'system': 'pos', 'block_number': 29, 'success': True}]"
22477,43000670,146000,235,True,True,29.0,29.0,True,True,True,22475.0,29,b_attack,"[{'system': 'pbs', 'block_number': 29, 'success': True}, {'system': 'pos', 'block_number': 29, 'success': True}]"
22475,43000669,146000,235,True,True,29.0,29.0,True,True,True,22473.0,29,b_attack,"[{'system': 'pbs', 'block_number': 29, 'success': True}, {'system': 'pos', 'block_number': 29, 'success': True}]"
22473,0,0,227,True,True,29.0,29.0,False,True,True,22471.0,29,failed,"[{'system': 'pbs', 'block_number': 29, 'success': False}, {'system': 'pos', 'block_number': 29, 'success': True}]"
22474,0,0,227,True,True,29.0,29.0,False,False,True,22471.0,29,failed,"[{'system': 'pbs', 'block_number': 29, 'success': False}, {'system': 'pos', 'block_number': 29, 'success': False}]"
22476,0,0,235,True,True,29.0,29.0,False,False,True,22473.0,29,failed,"[{'system': 'pbs', 'block_number': 29, 'success': False}, {'system': 'pos', 'block_number': 29, 'success': False}]"
22478,0,0,235,True,True,29.0,29.0,False,False,True,22475.0,29,failed,"[{'system': 'pbs', 'block_number': 29, 'success': False}, {'system': 'pos', 'block_number': 29, 'success': False}]"
22480,0,0,234,True,True,29.0,29.0,False,False,True,22477.0,29,failed,"[{'system': 'pbs', 'block_number': 29, 'success': False}, {'system': 'pos', 'block_number': 29, 'success': False}]"
22482,0,0,224,True,True,29.0,29.0,False,False,True,22479.0,29,failed,"[{'system': 'pbs', 'block_number': 29, 'success': False}, {'system': 'pos', 'block_number': 29, 'success': False}]"
22484,0,0,228,True,True,29.0,29.0,False,False,True,22481.0,29,failed,"[{'system': 'pbs', 'block_number': 29, 'success': False}, {'system': 'pos', 'block_number': 29, 'success': False}]"
22486,0,0,236,True,True,29.0,29.0,False,False,True,22483.0,29,failed,"[{'system': 'pbs', 'block_number': 29, 'success': False}, {'system': 'pos', 'block_number': 29, 'success': False}]"
22488,0,0,238,True,True,29.0,29.0,False,False,True,22485.0,29,failed,"[{'system': 'pbs', 'block_number': 29, 'success': False}, {'system': 'pos', 'block_number': 29, 'success': False}]"
22490,0,0,222,True,True,29.0,29.0,False,False,True,22487.0,29,failed,"[{'system': 'pbs', 'block_number': 29, 'success': False}, {'system': 'pos', 'block_number': 29, 'success': False}]"
22492,0,0,231,True,True,29.0,29.0,False,False,True,22489.0,29,failed,"[{'system': 'pbs', 'block_number': 29, 'success': False}, {'system': 'pos', 'block_number': 29, 'success': False}]"
22494,0,0,231,True,True,29.0,29.0,False,False,True,22491.0,29,failed,"[{'system': 'pbs', 'block_number': 29, 'success': False}, {'system': 'pos', 'block_number': 29, 'success': False}]"
22496,0,0,238,True,True,29.0,29.0,False,False,True,22493.0,29,failed,"[{'system': 'pbs', 'block_number': 29, 'success': False}, {'system': 'pos', 'block_number': 29, 'success': False}]"
22498,0,0,224,True,True,29.0,29.0,False,False,True,22495.0,29,failed,"[{'system': 'pbs', 'block_number': 29, 'success': False}, {'system': 'pos', 'block_number': 29, 'success': False}]"
22500,0,0,238,True,True,29.0,29.0,False,False,True,22497.0,29,failed,"[{'system': 'pbs', 'block_number': 29, 'success': False}, {'system': 'pos', 'block_number': 29, 'success': False}]"
22502,0,0,240,True,True,29.0,29.0,False,False,True,22499.0,29,failed,"[{'system': 'pbs', 'block_number': 29, 'success': False}, {'system': 'pos', 'block_number': 29, 'success': False}]"
22504,0,0,230,True,True,29.0,29.0,False,False,True,22501.0,29,failed,"[{'system': 'pbs', 'block_number': 29, 'success': False}, {'system': 'pos', 'block_number': 29, 'success': False}]"
22506,0,0,223,True,True,29.0,29.0,False,False,True,22503.0,29,failed,"[{'system': 'pbs', 'block_number': 29, 'success': False}, {'system': 'pos', 'block_number': 29, 'success': False}]"
22508,0,0,225,True,True,29.0,29.0,False,False,True,22505.0,29,failed,"[{'system': 'pbs', 'block_number': 29, 'success': False}, {'system': 'pos', 'block_number': 29, 'success': False}]"
22510,0,0,228,True,True,29.0,29.0,False,False,True,22507.0,29,failed,"[{'system': 'pbs', 'block_number': 29, 'success': False}, {'system': 'pos', 'block_number': 29, 'success': False}]"
22512,0,0,225,True,True,29.0,29.0,False,False,True,22509.0,29,failed,"[{'system': 'pbs', 'block_number': 29, 'success': False}, {'system': 'pos', 'block_number': 29, 'success': False}]"
22514,0,0,222,True,True,29.0,29.0,False,False,True,22511.0,29,failed,"[{'system': 'pbs', 'block_number': 29, 'success': False}, {'system': 'pos', 'block_number': 29, 'success': False}]"
22516,0,0,237,True,True,29.0,29.0,False,False,True,22513.0,29,failed,"[{'system': 'pbs', 'block_number': 29, 'success': False}, {'system': 'pos', 'block_number': 29, 'success': False}]"
22518,0,0,221,True,True,29.0,29.0,False,False,True,22515.0,29,failed,"[{'system': 'pbs', 'block_number': 29, 'success': False}, {'system': 'pos', 'block_number': 29, 'success': False}]"
22520,0,0,239,True,True,29.0,29.0,False,False,True,22517.0,29,failed,"[{'system': 'pbs', 'block_number': 29, 'success': False}, {'system': 'pos', 'block_number': 29, 'success': False}]"
22567,43000715,146000,232,True,True,30.0,30.0,True,True,True,22565.0,30,b_attack,"[{'system': 'pbs', 'block_number': 30, 'success': True}, {'system': 'pos', 'block_number': 30, 'success': True}]"
22565,43000714,146000,234,True,True,30.0,30.0,True,True,True,22563.0,30,b_attack,"[{'system': 'pbs', 'block_number': 30, 'success': True}, {'system': 'pos', 'block_number': 30, 'success': True}]"
22563,43000713,146000,229,True,True,30.0,30.0,True,True,True,22561.0,30,b_attack,"[{'system': 'pbs', 'block_number': 30, 'success': True}, {'system': 'pos', 'block_number': 30, 'success': True}]"
22561,43000712,146000,240,True,True,30.0,30.0,True,True,True,22559.0,30,b_attack,"[{'system': 'pbs', 'block_number': 30, 'success': True}, {'system': 'pos', 'block_number': 30, 'success': True}]"
22559,43000711,146000,222,True,True,30.0,30.0,True,True,True,22557.0,30,b_attack,"[{'system': 'pbs', 'block_number': 30, 'success': True}, {'system': 'pos', 'block_number': 30, 'success': True}]"
22557,43000710,146000,221,True,True,30.0,30.0,True,True,True,22555.0,30,b_attack,"[{'system': 'pbs', 'block_number': 30, 'success': True}, {'system': 'pos', 'block_number': 30, 'success': True}]"
22555,43000709,146000,234,True,True,30.0,30.0,True,True,True,22553.0,30,b_attack,"[{'system': 'pbs', 'block_number': 30, 'success': True}, {'system': 'pos', 'block_number': 30, 'success': True}]"
22553,43000708,146000,224,True,True,30.0,30.0,True,True,True,22551.0,30,b_attack,"[{'system': 'pbs', 'block_number': 30, 'success': True}, {'system': 'pos', 'block_number': 30, 'success': True}]"
22551,43000707,146000,229,True,True,30.0,30.0,True,True,True,22549.0,30,b_attack,"[{'system': 'pbs', 'block_number': 30, 'success': True}, {'system': 'pos', 'block_number': 30, 'success': True}]"
22549,43000706,146000,226,True,True,30.0,30.0,True,True,True,22547.0,30,b_attack,"[{'system': 'pbs', 'block_number': 30, 'success': True}, {'system': 'pos', 'block_number': 30, 'success': True}]"
22547,43000705,146000,226,True,True,30.0,30.0,True,True,True,22545.0,30,b_attack,"[{'system': 'pbs', 'block_number': 30, 'success': True}, {'system': 'pos', 'block_number': 30, 'success': True}]"
22545,43000704,146000,235,True,True,30.0,30.0,True,True,True,22543.0,30,b_attack,"[{'system': 'pbs', 'block_number': 30, 'success': True}, {'system': 'pos', 'block_number': 30, 'success': True}]"
22543,43000703,146000,227,True,True,30.0,30.0,True,True,True,22541.0,30,b_attack,"[{'system': 'pbs', 'block_number': 30, 'success': True}, {'system': 'pos', 'block_number': 30, 'success': True}]"
22541,43000702,146000,222,True,True,30.0,30.0,True,True,True,22539.0,30,b_attack,"[{'system': 'pbs', 'block_number': 30, 'success': True}, {'system': 'pos', 'block_number': 30, 'success': True}]"
22539,43000701,146000,239,True,True,30.0,30.0,True,True,True,22537.0,30,b_attack,"[{'system': 'pbs', 'block_number': 30, 'success': True}, {'system': 'pos', 'block_number': 30, 'success': True}]"
22537,43000700,146000,229,True,True,30.0,30.0,True,True,True,22535.0,30,b_attack,"[{'system': 'pbs', 'block_number': 30, 'success': True}, {'system': 'pos', 'block_number': 30, 'success': True}]"
22535,43000699,146000,230,True,True,30.0,30.0,True,True,True,22533.0,30,b_attack,"[{'system': 'pbs', 'block_number': 30, 'success': True}, {'system': 'pos', 'block_number': 30, 'success': True}]"
22533,43000698,146000,235,True,True,30.0,30.0,True,True,True,22531.0,30,b_attack,"[{'system': 'pbs', 'block_number': 30, 'success': True}, {'system': 'pos', 'block_number': 30, 'success': True}]"
22531,43000697,146000,222,True,True,30.0,30.0,True,True,True,22529.0,30,b_attack,"[{'system': 'pbs', 'block_number': 30, 'success': True}, {'system': 'pos', 'block_number': 30, 'success': True}]"
22529,43000696,146000,224,True,True,30.0,30.0,True,True,True,22527.0,30,b_attack,"[{'system': 'pbs', 'block_number': 30, 'success': True}, {'system': 'pos', 'block_number': 30, 'success': True}]"
22527,43000695,146000,225,True,True,30.0,30.0,True,True,True,22525.0,30,b_attack,"[{'system': 'pbs', 'block_number': 30, 'success': True}, {'system': 'pos', 'block_number': 30, 'success': True}]"
22525,43000694,146000,229,True,True,30.0,30.0,True,True,True,22523.0,30,b_attack,"[{'system': 'pbs', 'block_number': 30, 'success': True}, {'system': 'pos', 'block_number': 30, 'success': True}]"
22523,43000693,146000,240,True,True,30.0,30.0,True,True,True,22521.0,30,b_attack,"[{'system': 'pbs', 'block_number': 30, 'success': True}, {'system': 'pos', 'block_number': 30, 'success': True}]"
22521,0,0,238,True,True,30.0,30.0,False,True,True,22519.0,30,failed,"[{'system': 'pbs', 'block_number': 30, 'success': False}, {'system': 'pos', 'block_number': 30, 'success': True}]"
22522,0,0,238,True,True,30.0,30.0,False,False,True,22519.0,30,failed,"[{'system': 'pbs', 'block_number': 30, 'success': False}, {'system': 'pos', 'block_number': 30, 'success': False}]"
22524,0,0,240,True,True,30.0,30.0,False,False,True,22521.0,30,failed,"[{'system': 'pbs', 'block_number': 30, 'success': False}, {'system': 'pos', 'block_number': 30, 'success': False}]"
22526,0,0,229,True,True,30.0,30.0,False,False,True,22523.0,30,failed,"[{'system': 'pbs', 'block_number': 30, 'success': False}, {'system': 'pos', 'block_number': 30, 'success': False}]"
22528,0,0,225,True,True,30.0,30.0,False,False,True,22525.0,30,failed,"[{'system': 'pbs', 'block_number': 30, 'success': False}, {'system': 'pos', 'block_number': 30, 'success': False}]"
22530,0,0,224,True,True,30.0,30.0,False,False,True,22527.0,30,failed,"[{'system': 'pbs', 'block_number': 30, 'success': False}, {'system': 'pos', 'block_number': 30, 'success': False}]"
22532,0,0,222,True,True,30.0,30.0,False,False,True,22529.0,30,failed,"[{'system': 'pbs', 'block_number': 30, 'success': False}, {'system': 'pos', 'block_number': 30, 'success': False}]"
22534,0,0,235,True,True,30.0,30.0,False,False,True,22531.0,30,failed,"[{'system': 'pbs', 'block_number': 30, 'success': False}, {'system': 'pos', 'block_number': 30, 'success': False}]"
22536,0,0,230,True,True,30.0,30.0,False,False,True,22533.0,30,failed,"[{'system': 'pbs', 'block_number': 30, 'success': False}, {'system': 'pos', 'block_number': 30, 'success': False}]"
22538,0,0,229,True,True,30.0,30.0,False,False,True,22535.0,30,failed,"[{'system': 'pbs', 'block_number': 30, 'success': False}, {'system': 'pos', 'block_number': 30, 'success': False}]"
22540,0,0,239,True,True,30.0,30.0,False,False,True,22537.0,30,failed,"[{'system': 'pbs', 'block_number': 30, 'success': False}, {'system': 'pos', 'block_number': 30, 'success': False}]"
22542,0,0,222,True,True,30.0,30.0,False,False,True,22539.0,30,failed,"[{'system': 'pbs', 'block_number': 30, 'success': False}, {'system': 'pos', 'block_number': 30, 'success': False}]"
22544,0,0,227,True,True,30.0,30.0,False,False,True,22541.0,30,failed,"[{'system': 'pbs', 'block_number': 30, 'success': False}, {'system': 'pos', 'block_number': 30, 'success': False}]"
22546,0,0,235,True,True,30.0,30.0,False,False,True,22543.0,30,failed,"[{'system': 'pbs', 'block_number': 30, 'success': False}, {'system': 'pos', 'block_number': 30, 'success': False}]"
22548,0,0,226,True,True,30.0,30.0,False,False,True,22545.0,30,failed,"[{'system': 'pbs', 'block_number': 30, 'success': False}, {'system': 'pos', 'block_number': 30, 'success': False}]"
22550,0,0,226,True,True,30.0,30.0,False,False,True,22547.0,30,failed,"[{'system': 'pbs', 'block_number': 30, 'success': False}, {'system': 'pos', 'block_number': 30, 'success': False}]"
22552,0,0,229,True,True,30.0,30.0,False,False,True,22549.0,30,failed,"[{'system': 'pbs', 'block_number': 30, 'success': False}, {'system': 'pos', 'block_number': 30, 'success': False}]"
22554,0,0,224,True,True,30.0,30.0,False,False,True,22551.0,30,failed,"[{'system': 'pbs', 'block_number': 30, 'success': False}, {'system': 'pos', 'block_number': 30, 'success': False}]"
22556,0,0,234,True,True,30.0,30.0,False,False,True,22553.0,30,failed,"[{'system': 'pbs', 'block_number': 30, 'success': False}, {'system': 'pos', 'block_number': 30, 'success': False}]"
22558,0,0,221,True,True,30.0,30.0,False,False,True,22555.0,30,failed,"[{'system': 'pbs', 'block_number': 30, 'success': False}, {'system': 'pos', 'block_number': 30, 'success': False}]"
22560,0,0,222,True,True,30.0,30.0,False,False,True,22557.0,30,failed,"[{'system': 'pbs', 'block_number': 30, 'success': False}, {'system': 'pos', 'block_number': 30, 'success': False}]"
22562,0,0,240,True,True,30.0,30.0,False,False,True,22559.0,30,failed,"[{'system': 'pbs', 'block_number': 30, 'success': False}, {'system': 'pos', 'block_number': 30, 'success': False}]"
22564,0,0,229,True,True,30.0,30.0,False,False,True,22561.0,30,failed,"[{'system': 'pbs', 'block_number': 30, 'success': False}, {'system': 'pos', 'block_number': 30, 'success': False}]"
22566,0,0,234,True,True,30.0,30.0,False,False,True,22563.0,30,failed,"[{'system': 'pbs', 'block_number': 30, 'success': False}, {'system': 'pos', 'block_number': 30, 'success': False}]"
22568,0,0,232,True,True,30.0,30.0,False,False,True,22565.0,30,failed,"[{'system': 'pbs', 'block_number': 30, 'success': False}, {'system': 'pos', 'block_number': 30, 'success': False}]"
22615,43000739,146000,225,True,True,31.0,31.0,True,True,True,22613.0,31,b_attack,"[{'system': 'pbs', 'block_number': 31, 'success': True}, {'system': 'pos', 'block_number': 31, 'success': True}]"
22613,43000738,146000,234,True,True,31.0,31.0,True,True,True,22611.0,31,b_attack,"[{'system': 'pbs', 'block_number': 31, 'success': True}, {'system': 'pos', 'block_number': 31, 'success': True}]"
22611,43000737,146000,239,True,True,31.0,31.0,True,True,True,22609.0,31,b_attack,"[{'system': 'pbs', 'block_number': 31, 'success': True}, {'system': 'pos', 'block_number': 31, 'success': True}]"
22609,43000736,146000,238,True,True,31.0,31.0,True,True,True,22607.0,31,b_attack,"[{'system': 'pbs', 'block_number': 31, 'success': True}, {'system': 'pos', 'block_number': 31, 'success': True}]"
22607,43000735,146000,234,True,True,31.0,31.0,True,True,True,22605.0,31,b_attack,"[{'system': 'pbs', 'block_number': 31, 'success': True}, {'system': 'pos', 'block_number': 31, 'success': True}]"
22605,43000734,146000,223,True,True,31.0,31.0,True,True,True,22603.0,31,b_attack,"[{'system': 'pbs', 'block_number': 31, 'success': True}, {'system': 'pos', 'block_number': 31, 'success': True}]"
22603,43000733,146000,223,True,True,31.0,31.0,True,True,True,22601.0,31,b_attack,"[{'system': 'pbs', 'block_number': 31, 'success': True}, {'system': 'pos', 'block_number': 31, 'success': True}]"
22601,43000732,146000,234,True,True,31.0,31.0,True,True,True,22599.0,31,b_attack,"[{'system': 'pbs', 'block_number': 31, 'success': True}, {'system': 'pos', 'block_number': 31, 'success': True}]"
22599,43000731,146000,230,True,True,31.0,31.0,True,True,True,22597.0,31,b_attack,"[{'system': 'pbs', 'block_number': 31, 'success': True}, {'system': 'pos', 'block_number': 31, 'success': True}]"
22597,43000730,146000,231,True,True,31.0,31.0,True,True,True,22595.0,31,b_attack,"[{'system': 'pbs', 'block_number': 31, 'success': True}, {'system': 'pos', 'block_number': 31, 'success': True}]"
22595,43000729,146000,233,True,True,31.0,31.0,True,True,True,22593.0,31,b_attack,"[{'system': 'pbs', 'block_number': 31, 'success': True}, {'system': 'pos', 'block_number': 31, 'success': True}]"
22593,43000728,146000,224,True,True,31.0,31.0,True,True,True,22591.0,31,b_attack,"[{'system': 'pbs', 'block_number': 31, 'success': True}, {'system': 'pos', 'block_number': 31, 'success': True}]"
22591,43000727,146000,240,True,True,31.0,31.0,True,True,True,22589.0,31,b_attack,"[{'system': 'pbs', 'block_number': 31, 'success': True}, {'system': 'pos', 'block_number': 31, 'success': True}]"
22589,43000726,146000,224,True,True,31.0,31.0,True,True,True,22587.0,31,b_attack,"[{'system': 'pbs', 'block_number': 31, 'success': True}, {'system': 'pos', 'block_number': 31, 'success': True}]"
22587,43000725,146000,234,True,True,31.0,31.0,True,True,True,22585.0,31,b_attack,"[{'system': 'pbs', 'block_number': 31, 'success': True}, {'system': 'pos', 'block_number': 31, 'success': True}]"
22585,43000724,146000,226,True,True,31.0,31.0,True,True,True,22583.0,31,b_attack,"[{'system': 'pbs', 'block_number': 31, 'success': True}, {'system': 'pos', 'block_number': 31, 'success': True}]"
22583,43000723,146000,222,True,True,31.0,31.0,True,True,True,22581.0,31,b_attack,"[{'system': 'pbs', 'block_number': 31, 'success': True}, {'system': 'pos', 'block_number': 31, 'success': True}]"
22581,43000722,146000,228,True,True,31.0,31.0,True,True,True,22579.0,31,b_attack,"[{'system': 'pbs', 'block_number': 31, 'success': True}, {'system': 'pos', 'block_number': 31, 'success': True}]"
22579,43000721,146000,233,True,True,31.0,31.0,True,True,True,22577.0,31,b_attack,"[{'system': 'pbs', 'block_number': 31, 'success': True}, {'system': 'pos', 'block_number': 31, 'success': True}]"
22577,43000720,146000,227,True,True,31.0,31.0,True,True,True,22575.0,31,b_attack,"[{'system': 'pbs', 'block_number': 31, 'success': True}, {'system': 'pos', 'block_number': 31, 'success': True}]"
22575,43000719,146000,231,True,True,31.0,31.0,True,True,True,22573.0,31,b_attack,"[{'system': 'pbs', 'block_number': 31, 'success': True}, {'system': 'pos', 'block_number': 31, 'success': True}]"
22573,43000718,146000,226,True,True,31.0,31.0,True,True,True,22571.0,31,b_attack,"[{'system': 'pbs', 'block_number': 31, 'success': True}, {'system': 'pos', 'block_number': 31, 'success': True}]"
22571,43000717,146000,233,True,True,31.0,31.0,True,True,True,22569.0,31,b_attack,"[{'system': 'pbs', 'block_number': 31, 'success': True}, {'system': 'pos', 'block_number': 31, 'success': True}]"
22569,0,0,238,True,True,31.0,31.0,False,True,True,22567.0,31,failed,"[{'system': 'pbs', 'block_number': 31, 'success': False}, {'system': 'pos', 'block_number': 31, 'success': True}]"
22570,0,0,238,True,True,31.0,31.0,False,False,True,22567.0,31,failed,"[{'system': 'pbs', 'block_number': 31, 'success': False}, {'system': 'pos', 'block_number': 31, 'success': False}]"
22572,0,0,233,True,True,31.0,31.0,False,False,True,22569.0,31,failed,"[{'system': 'pbs', 'block_number': 31, 'success': False}, {'system': 'pos', 'block_number': 31, 'success': False}]"
22574,0,0,226,True,True,31.0,31.0,False,False,True,22571.0,31,failed,"[{'system': 'pbs', 'block_number': 31, 'success': False}, {'system': 'pos', 'block_number': 31, 'success': False}]"
22576,0,0,231,True,True,31.0,31.0,False,False,True,22573.0,31,failed,"[{'system': 'pbs', 'block_number': 31, 'success': False}, {'system': 'pos', 'block_number': 31, 'success': False}]"
22578,0,0,227,True,True,31.0,31.0,False,False,True,22575.0,31,failed,"[{'system': 'pbs', 'block_number': 31, 'success': False}, {'system': 'pos', 'block_number': 31, 'success': False}]"
22580,0,0,233,True,True,31.0,31.0,False,False,True,22577.0,31,failed,"[{'system': 'pbs', 'block_number': 31, 'success': False}, {'system': 'pos', 'block_number': 31, 'success': False}]"
22582,0,0,228,True,True,31.0,31.0,False,False,True,22579.0,31,failed,"[{'system': 'pbs', 'block_number': 31, 'success': False}, {'system': 'pos', 'block_number': 31, 'success': False}]"
22584,0,0,222,True,True,31.0,31.0,False,False,True,22581.0,31,failed,"[{'system': 'pbs', 'block_number': 31, 'success': False}, {'system': 'pos', 'block_number': 31, 'success': False}]"
22586,0,0,226,True,True,31.0,31.0,False,False,True,22583.0,31,failed,"[{'system': 'pbs', 'block_number': 31, 'success': False}, {'system': 'pos', 'block_number': 31, 'success': False}]"
22588,0,0,234,True,True,31.0,31.0,False,False,True,22585.0,31,failed,"[{'system': 'pbs', 'block_number': 31, 'success': False}, {'system': 'pos', 'block_number': 31, 'success': False}]"
22590,0,0,224,True,True,31.0,31.0,False,False,True,22587.0,31,failed,"[{'system': 'pbs', 'block_number': 31, 'success': False}, {'system': 'pos', 'block_number': 31, 'success': False}]"
22592,0,0,240,True,True,31.0,31.0,False,False,True,22589.0,31,failed,"[{'system': 'pbs', 'block_number': 31, 'success': False}, {'system': 'pos', 'block_number': 31, 'success': False}]"
22594,0,0,224,True,True,31.0,31.0,False,False,True,22591.0,31,failed,"[{'system': 'pbs', 'block_number': 31, 'success': False}, {'system': 'pos', 'block_number': 31, 'success': False}]"
22596,0,0,233,True,True,31.0,31.0,False,False,True,22593.0,31,failed,"[{'system': 'pbs', 'block_number': 31, 'success': False}, {'system': 'pos', 'block_number': 31, 'success': False}]"
22598,0,0,231,True,True,31.0,31.0,False,False,True,22595.0,31,failed,"[{'system': 'pbs', 'block_number': 31, 'success': False}, {'system': 'pos', 'block_number': 31, 'success': False}]"
22600,0,0,230,True,True,31.0,31.0,False,False,True,22597.0,31,failed,"[{'system': 'pbs', 'block_number': 31, 'success': False}, {'system': 'pos', 'block_number': 31, 'success': False}]"
22602,0,0,234,True,True,31.0,31.0,False,False,True,22599.0,31,failed,"[{'system': 'pbs', 'block_number': 31, 'success': False}, {'system': 'pos', 'block_number': 31, 'success': False}]"
22604,0,0,223,True,True,31.0,31.0,False,False,True,22601.0,31,failed,"[{'system': 'pbs', 'block_number': 31, 'success': False}, {'system': 'pos', 'block_number': 31, 'success': False}]"
22606,0,0,223,True,True,31.0,31.0,False,False,True,22603.0,31,failed,"[{'system': 'pbs', 'block_number': 31, 'success': False}, {'system': 'pos', 'block_number': 31, 'success': False}]"
22608,0,0,234,True,True,31.0,31.0,False,False,True,22605.0,31,failed,"[{'system': 'pbs', 'block_number': 31, 'success': False}, {'system': 'pos', 'block_number': 31, 'success': False}]"
22610,0,0,238,True,True,31.0,31.0,False,False,True,22607.0,31,failed,"[{'system': 'pbs', 'block_number': 31, 'success': False}, {'system': 'pos', 'block_number': 31, 'success': False}]"
22612,0,0,239,True,True,31.0,31.0,False,False,True,22609.0,31,failed,"[{'system': 'pbs', 'block_number': 31, 'success': False}, {'system': 'pos', 'block_number': 31, 'success': False}]"
22614,0,0,234,True,True,31.0,31.0,False,False,True,22611.0,31,failed,"[{'system': 'pbs', 'block_number': 31, 'success': False}, {'system': 'pos', 'block_number': 31, 'success': False}]"
22616,0,0,225,True,True,31.0,31.0,False,False,True,22613.0,31,failed,"[{'system': 'pbs', 'block_number': 31, 'success': False}, {'system': 'pos', 'block_number': 31, 'success': False}]"
22663,43000763,146000,235,True,True,32.0,32.0,True,True,True,22661.0,32,b_attack,"[{'system': 'pbs', 'block_number': 32, 'success': True}, {'system': 'pos', 'block_number': 32, 'success': True}]"
22661,43000762,146000,235,True,True,32.0,32.0,True,True,True,22659.0,32,b_attack,"[{'system': 'pbs', 'block_number': 32, 'success': True}, {'system': 'pos', 'block_number': 32, 'success': True}]"
22659,43000761,146000,228,True,True,32.0,32.0,True,True,True,22657.0,32,b_attack,"[{'system': 'pbs', 'block_number': 32, 'success': True}, {'system': 'pos', 'block_number': 32, 'success': True}]"
22657,43000760,146000,233,True,True,32.0,32.0,True,True,True,22655.0,32,b_attack,"[{'system': 'pbs', 'block_number': 32, 'success': True}, {'system': 'pos', 'block_number': 32, 'success': True}]"
22655,43000759,146000,225,True,True,32.0,32.0,True,True,True,22653.0,32,b_attack,"[{'system': 'pbs', 'block_number': 32, 'success': True}, {'system': 'pos', 'block_number': 32, 'success': True}]"
22653,43000758,146000,231,True,True,32.0,32.0,True,True,True,22651.0,32,b_attack,"[{'system': 'pbs', 'block_number': 32, 'success': True}, {'system': 'pos', 'block_number': 32, 'success': True}]"
22651,43000757,146000,228,True,True,32.0,32.0,True,True,True,22649.0,32,b_attack,"[{'system': 'pbs', 'block_number': 32, 'success': True}, {'system': 'pos', 'block_number': 32, 'success': True}]"
22649,43000756,146000,231,True,True,32.0,32.0,True,True,True,22647.0,32,b_attack,"[{'system': 'pbs', 'block_number': 32, 'success': True}, {'system': 'pos', 'block_number': 32, 'success': True}]"
22647,43000755,146000,229,True,True,32.0,32.0,True,True,True,22645.0,32,b_attack,"[{'system': 'pbs', 'block_number': 32, 'success': True}, {'system': 'pos', 'block_number': 32, 'success': True}]"
22645,43000754,146000,228,True,True,32.0,32.0,True,True,True,22643.0,32,b_attack,"[{'system': 'pbs', 'block_number': 32, 'success': True}, {'system': 'pos', 'block_number': 32, 'success': True}]"
22643,43000753,146000,224,True,True,32.0,32.0,True,True,True,22641.0,32,b_attack,"[{'system': 'pbs', 'block_number': 32, 'success': True}, {'system': 'pos', 'block_number': 32, 'success': True}]"
22641,43000752,146000,229,True,True,32.0,32.0,True,True,True,22639.0,32,b_attack,"[{'system': 'pbs', 'block_number': 32, 'success': True}, {'system': 'pos', 'block_number': 32, 'success': True}]"
22639,43000751,146000,240,True,True,32.0,32.0,True,True,True,22637.0,32,b_attack,"[{'system': 'pbs', 'block_number': 32, 'success': True}, {'system': 'pos', 'block_number': 32, 'success': True}]"
22637,43000750,146000,223,True,True,32.0,32.0,True,True,True,22635.0,32,b_attack,"[{'system': 'pbs', 'block_number': 32, 'success': True}, {'system': 'pos', 'block_number': 32, 'success': True}]"
22635,43000749,146000,239,True,True,32.0,32.0,True,True,True,22633.0,32,b_attack,"[{'system': 'pbs', 'block_number': 32, 'success': True}, {'system': 'pos', 'block_number': 32, 'success': True}]"
22633,43000748,146000,233,True,True,32.0,32.0,True,True,True,22631.0,32,b_attack,"[{'system': 'pbs', 'block_number': 32, 'success': True}, {'system': 'pos', 'block_number': 32, 'success': True}]"
22631,43000747,146000,240,True,True,32.0,32.0,True,True,True,22629.0,32,b_attack,"[{'system': 'pbs', 'block_number': 32, 'success': True}, {'system': 'pos', 'block_number': 32, 'success': True}]"
22629,43000746,146000,225,True,True,32.0,32.0,True,True,True,22627.0,32,b_attack,"[{'system': 'pbs', 'block_number': 32, 'success': True}, {'system': 'pos', 'block_number': 32, 'success': True}]"
22627,43000745,146000,229,True,True,32.0,32.0,True,True,True,22625.0,32,b_attack,"[{'system': 'pbs', 'block_number': 32, 'success': True}, {'system': 'pos', 'block_number': 32, 'success': True}]"
22625,43000744,146000,230,True,True,32.0,32.0,True,True,True,22623.0,32,b_attack,"[{'system': 'pbs', 'block_number': 32, 'success': True}, {'system': 'pos', 'block_number': 32, 'success': True}]"
22623,43000743,146000,221,True,True,32.0,32.0,True,True,True,22621.0,32,b_attack,"[{'system': 'pbs', 'block_number': 32, 'success': True}, {'system': 'pos', 'block_number': 32, 'success': True}]"
22621,43000742,146000,231,True,True,32.0,32.0,True,True,True,22619.0,32,b_attack,"[{'system': 'pbs', 'block_number': 32, 'success': True}, {'system': 'pos', 'block_number': 32, 'success': True}]"
22619,43000741,146000,222,True,True,32.0,32.0,True,True,True,22617.0,32,b_attack,"[{'system': 'pbs', 'block_number': 32, 'success': True}, {'system': 'pos', 'block_number': 32, 'success': True}]"
22617,0,0,230,True,True,32.0,32.0,False,True,True,22615.0,32,failed,"[{'system': 'pbs', 'block_number': 32, 'success': False}, {'system': 'pos', 'block_number': 32, 'success': True}]"
22618,0,0,230,True,True,32.0,32.0,False,False,True,22615.0,32,failed,"[{'system': 'pbs', 'block_number': 32, 'success': False}, {'system': 'pos', 'block_number': 32, 'success': False}]"
22620,0,0,222,True,True,32.0,32.0,False,False,True,22617.0,32,failed,"[{'system': 'pbs', 'block_number': 32, 'success': False}, {'system': 'pos', 'block_number': 32, 'success': False}]"
22622,0,0,231,True,True,32.0,32.0,False,False,True,22619.0,32,failed,"[{'system': 'pbs', 'block_number': 32, 'success': False}, {'system': 'pos', 'block_number': 32, 'success': False}]"
22624,0,0,221,True,True,32.0,32.0,False,False,True,22621.0,32,failed,"[{'system': 'pbs', 'block_number': 32, 'success': False}, {'system': 'pos', 'block_number': 32, 'success': False}]"
22626,0,0,230,True,True,32.0,32.0,False,False,True,22623.0,32,failed,"[{'system': 'pbs', 'block_number': 32, 'success': False}, {'system': 'pos', 'block_number': 32, 'success': False}]"
22628,0,0,229,True,True,32.0,32.0,False,False,True,22625.0,32,failed,"[{'system': 'pbs', 'block_number': 32, 'success': False}, {'system': 'pos', 'block_number': 32, 'success': False}]"
22630,0,0,225,True,True,32.0,32.0,False,False,True,22627.0,32,failed,"[{'system': 'pbs', 'block_number': 32, 'success': False}, {'system': 'pos', 'block_number': 32, 'success': False}]"
22632,0,0,240,True,True,32.0,32.0,False,False,True,22629.0,32,failed,"[{'system': 'pbs', 'block_number': 32, 'success': False}, {'system': 'pos', 'block_number': 32, 'success': False}]"
22634,0,0,233,True,True,32.0,32.0,False,False,True,22631.0,32,failed,"[{'system': 'pbs', 'block_number': 32, 'success': False}, {'system': 'pos', 'block_number': 32, 'success': False}]"
22636,0,0,239,True,True,32.0,32.0,False,False,True,22633.0,32,failed,"[{'system': 'pbs', 'block_number': 32, 'success': False}, {'system': 'pos', 'block_number': 32, 'success': False}]"
22638,0,0,223,True,True,32.0,32.0,False,False,True,22635.0,32,failed,"[{'system': 'pbs', 'block_number': 32, 'success': False}, {'system': 'pos', 'block_number': 32, 'success': False}]"
22640,0,0,240,True,True,32.0,32.0,False,False,True,22637.0,32,failed,"[{'system': 'pbs', 'block_number': 32, 'success': False}, {'system': 'pos', 'block_number': 32, 'success': False}]"
22642,0,0,229,True,True,32.0,32.0,False,False,True,22639.0,32,failed,"[{'system': 'pbs', 'block_number': 32, 'success': False}, {'system': 'pos', 'block_number': 32, 'success': False}]"
22644,0,0,224,True,True,32.0,32.0,False,False,True,22641.0,32,failed,"[{'system': 'pbs', 'block_number': 32, 'success': False}, {'system': 'pos', 'block_number': 32, 'success': False}]"
22646,0,0,228,True,True,32.0,32.0,False,False,True,22643.0,32,failed,"[{'system': 'pbs', 'block_number': 32, 'success': False}, {'system': 'pos', 'block_number': 32, 'success': False}]"
22648,0,0,229,True,True,32.0,32.0,False,False,True,22645.0,32,failed,"[{'system': 'pbs', 'block_number': 32, 'success': False}, {'system': 'pos', 'block_number': 32, 'success': False}]"
22650,0,0,231,True,True,32.0,32.0,False,False,True,22647.0,32,failed,"[{'system': 'pbs', 'block_number': 32, 'success': False}, {'system': 'pos', 'block_number': 32, 'success': False}]"
22652,0,0,228,True,True,32.0,32.0,False,False,True,22649.0,32,failed,"[{'system': 'pbs', 'block_number': 32, 'success': False}, {'system': 'pos', 'block_number': 32, 'success': False}]"
22654,0,0,231,True,True,32.0,32.0,False,False,True,22651.0,32,failed,"[{'system': 'pbs', 'block_number': 32, 'success': False}, {'system': 'pos', 'block_number': 32, 'success': False}]"
22656,0,0,225,True,True,32.0,32.0,False,False,True,22653.0,32,failed,"[{'system': 'pbs', 'block_number': 32, 'success': False}, {'system': 'pos', 'block_number': 32, 'success': False}]"
22658,0,0,233,True,True,32.0,32.0,False,False,True,22655.0,32,failed,"[{'system': 'pbs', 'block_number': 32, 'success': False}, {'system': 'pos', 'block_number': 32, 'success': False}]"
22660,0,0,228,True,True,32.0,32.0,False,False,True,22657.0,32,failed,"[{'system': 'pbs', 'block_number': 32, 'success': False}, {'system': 'pos', 'block_number': 32, 'success': False}]"
22662,0,0,235,True,True,32.0,32.0,False,False,True,22659.0,32,failed,"[{'system': 'pbs', 'block_number': 32, 'success': False}, {'system': 'pos', 'block_number': 32, 'success': False}]"
22664,0,0,235,True,True,32.0,32.0,False,False,True,22661.0,32,failed,"[{'system': 'pbs', 'block_number': 32, 'success': False}, {'system': 'pos', 'block_number': 32, 'success': False}]"
22711,43000787,146000,240,True,True,33.0,33.0,True,True,True,22709.0,33,b_attack,"[{'system': 'pbs', 'block_number': 33, 'success': True}, {'system': 'pos', 'block_number': 33, 'success': True}]"
22709,43000786,146000,225,True,True,33.0,33.0,True,True,True,22707.0,33,b_attack,"[{'system': 'pbs', 'block_number': 33, 'success': True}, {'system': 'pos', 'block_number': 33, 'success': True}]"
22707,43000785,146000,232,True,True,33.0,33.0,True,True,True,22705.0,33,b_attack,"[{'system': 'pbs', 'block_number': 33, 'success': True}, {'system': 'pos', 'block_number': 33, 'success': True}]"
22705,43000784,146000,233,True,True,33.0,33.0,True,True,True,22703.0,33,b_attack,"[{'system': 'pbs', 'block_number': 33, 'success': True}, {'system': 'pos', 'block_number': 33, 'success': True}]"
22703,43000783,146000,221,True,True,33.0,33.0,True,True,True,22701.0,33,b_attack,"[{'system': 'pbs', 'block_number': 33, 'success': True}, {'system': 'pos', 'block_number': 33, 'success': True}]"
22701,43000782,146000,223,True,True,33.0,33.0,True,True,True,22699.0,33,b_attack,"[{'system': 'pbs', 'block_number': 33, 'success': True}, {'system': 'pos', 'block_number': 33, 'success': True}]"
22699,43000781,146000,228,True,True,33.0,33.0,True,True,True,22697.0,33,b_attack,"[{'system': 'pbs', 'block_number': 33, 'success': True}, {'system': 'pos', 'block_number': 33, 'success': True}]"
22697,43000780,146000,232,True,True,33.0,33.0,True,True,True,22695.0,33,b_attack,"[{'system': 'pbs', 'block_number': 33, 'success': True}, {'system': 'pos', 'block_number': 33, 'success': True}]"
22695,43000779,146000,221,True,True,33.0,33.0,True,True,True,22693.0,33,b_attack,"[{'system': 'pbs', 'block_number': 33, 'success': True}, {'system': 'pos', 'block_number': 33, 'success': True}]"
22693,43000778,146000,237,True,True,33.0,33.0,True,True,True,22691.0,33,b_attack,"[{'system': 'pbs', 'block_number': 33, 'success': True}, {'system': 'pos', 'block_number': 33, 'success': True}]"
22691,43000777,146000,227,True,True,33.0,33.0,True,True,True,22689.0,33,b_attack,"[{'system': 'pbs', 'block_number': 33, 'success': True}, {'system': 'pos', 'block_number': 33, 'success': True}]"
22689,43000776,146000,227,True,True,33.0,33.0,True,True,True,22687.0,33,b_attack,"[{'system': 'pbs', 'block_number': 33, 'success': True}, {'system': 'pos', 'block_number': 33, 'success': True}]"
22687,43000775,146000,233,True,True,33.0,33.0,True,True,True,22685.0,33,b_attack,"[{'system': 'pbs', 'block_number': 33, 'success': True}, {'system': 'pos', 'block_number': 33, 'success': True}]"
22685,43000774,146000,229,True,True,33.0,33.0,True,True,True,22683.0,33,b_attack,"[{'system': 'pbs', 'block_number': 33, 'success': True}, {'system': 'pos', 'block_number': 33, 'success': True}]"
22683,43000773,146000,236,True,True,33.0,33.0,True,True,True,22681.0,33,b_attack,"[{'system': 'pbs', 'block_number': 33, 'success': True}, {'system': 'pos', 'block_number': 33, 'success': True}]"
22681,43000772,146000,235,True,True,33.0,33.0,True,True,True,22679.0,33,b_attack,"[{'system': 'pbs', 'block_number': 33, 'success': True}, {'system': 'pos', 'block_number': 33, 'success': True}]"
22679,43000771,146000,223,True,True,33.0,33.0,True,True,True,22677.0,33,b_attack,"[{'system': 'pbs', 'block_number': 33, 'success': True}, {'system': 'pos', 'block_number': 33, 'success': True}]"
22677,43000770,146000,221,True,True,33.0,33.0,True,True,True,22675.0,33,b_attack,"[{'system': 'pbs', 'block_number': 33, 'success': True}, {'system': 'pos', 'block_number': 33, 'success': True}]"
22675,43000769,146000,237,True,True,33.0,33.0,True,True,True,22673.0,33,b_attack,"[{'system': 'pbs', 'block_number': 33, 'success': True}, {'system': 'pos', 'block_number': 33, 'success': True}]"
22673,43000768,146000,223,True,True,33.0,33.0,True,True,True,22671.0,33,b_attack,"[{'system': 'pbs', 'block_number': 33, 'success': True}, {'system': 'pos', 'block_number': 33, 'success': True}]"
22671,43000767,146000,236,True,True,33.0,33.0,True,True,True,22669.0,33,b_attack,"[{'system': 'pbs', 'block_number': 33, 'success': True}, {'system': 'pos', 'block_number': 33, 'success': True}]"
22669,43000766,146000,221,True,True,33.0,33.0,True,True,True,22667.0,33,b_attack,"[{'system': 'pbs', 'block_number': 33, 'success': True}, {'system': 'pos', 'block_number': 33, 'success': True}]"
22667,43000765,146000,223,True,True,33.0,33.0,True,True,True,22665.0,33,b_attack,"[{'system': 'pbs', 'block_number': 33, 'success': True}, {'system': 'pos', 'block_number': 33, 'success': True}]"
22665,0,0,233,True,True,33.0,33.0,False,True,True,22663.0,33,failed,"[{'system': 'pbs', 'block_number': 33, 'success': False}, {'system': 'pos', 'block_number': 33, 'success': True}]"
22666,0,0,233,True,True,33.0,33.0,False,False,True,22663.0,33,failed,"[{'system': 'pbs', 'block_number': 33, 'success': False}, {'system': 'pos', 'block_number': 33, 'success': False}]"
22668,0,0,223,True,True,33.0,33.0,False,False,True,22665.0,33,failed,"[{'system': 'pbs', 'block_number': 33, 'success': False}, {'system': 'pos', 'block_number': 33, 'success': False}]"
22670,0,0,221,True,True,33.0,33.0,False,False,True,22667.0,33,failed,"[{'system': 'pbs', 'block_number': 33, 'success': False}, {'system': 'pos', 'block_number': 33, 'success': False}]"
22672,0,0,236,True,True,33.0,33.0,False,False,True,22669.0,33,failed,"[{'system': 'pbs', 'block_number': 33, 'success': False}, {'system': 'pos', 'block_number': 33, 'success': False}]"
22674,0,0,223,True,True,33.0,33.0,False,False,True,22671.0,33,failed,"[{'system': 'pbs', 'block_number': 33, 'success': False}, {'system': 'pos', 'block_number': 33, 'success': False}]"
22676,0,0,237,True,True,33.0,33.0,False,False,True,22673.0,33,failed,"[{'system': 'pbs', 'block_number': 33, 'success': False}, {'system': 'pos', 'block_number': 33, 'success': False}]"
22678,0,0,221,True,True,33.0,33.0,False,False,True,22675.0,33,failed,"[{'system': 'pbs', 'block_number': 33, 'success': False}, {'system': 'pos', 'block_number': 33, 'success': False}]"
22680,0,0,223,True,True,33.0,33.0,False,False,True,22677.0,33,failed,"[{'system': 'pbs', 'block_number': 33, 'success': False}, {'system': 'pos', 'block_number': 33, 'success': False}]"
22682,0,0,235,True,True,33.0,33.0,False,False,True,22679.0,33,failed,"[{'system': 'pbs', 'block_number': 33, 'success': False}, {'system': 'pos', 'block_number': 33, 'success': False}]"
22684,0,0,236,True,True,33.0,33.0,False,False,True,22681.0,33,failed,"[{'system': 'pbs', 'block_number': 33, 'success': False}, {'system': 'pos', 'block_number': 33, 'success': False}]"
22686,0,0,229,True,True,33.0,33.0,False,False,True,22683.0,33,failed,"[{'system': 'pbs', 'block_number': 33, 'success': False}, {'system': 'pos', 'block_number': 33, 'success': False}]"
22688,0,0,233,True,True,33.0,33.0,False,False,True,22685.0,33,failed,"[{'system': 'pbs', 'block_number': 33, 'success': False}, {'system': 'pos', 'block_number': 33, 'success': False}]"
22690,0,0,227,True,True,33.0,33.0,False,False,True,22687.0,33,failed,"[{'system': 'pbs', 'block_number': 33, 'success': False}, {'system': 'pos', 'block_number': 33, 'success': False}]"
22692,0,0,227,True,True,33.0,33.0,False,False,True,22689.0,33,failed,"[{'system': 'pbs', 'block_number': 33, 'success': False}, {'system': 'pos', 'block_number': 33, 'success': False}]"
22694,0,0,237,True,True,33.0,33.0,False,False,True,22691.0,33,failed,"[{'system': 'pbs', 'block_number': 33, 'success': False}, {'system': 'pos', 'block_number': 33, 'success': False}]"
22696,0,0,221,True,True,33.0,33.0,False,False,True,22693.0,33,failed,"[{'system': 'pbs', 'block_number': 33, 'success': False}, {'system': 'pos', 'block_number': 33, 'success': False}]"
22698,0,0,232,True,True,33.0,33.0,False,False,True,22695.0,33,failed,"[{'system': 'pbs', 'block_number': 33, 'success': False}, {'system': 'pos', 'block_number': 33, 'success': False}]"
22700,0,0,228,True,True,33.0,33.0,False,False,True,22697.0,33,failed,"[{'system': 'pbs', 'block_number': 33, 'success': False}, {'system': 'pos', 'block_number': 33, 'success': False}]"
22702,0,0,223,True,True,33.0,33.0,False,False,True,22699.0,33,failed,"[{'system': 'pbs', 'block_number': 33, 'success': False}, {'system': 'pos', 'block_number': 33, 'success': False}]"
22704,0,0,221,True,True,33.0,33.0,False,False,True,22701.0,33,failed,"[{'system': 'pbs', 'block_number': 33, 'success': False}, {'system': 'pos', 'block_number': 33, 'success': False}]"
22706,0,0,233,True,True,33.0,33.0,False,False,True,22703.0,33,failed,"[{'system': 'pbs', 'block_number': 33, 'success': False}, {'system': 'pos', 'block_number': 33, 'success': False}]"
22708,0,0,232,True,True,33.0,33.0,False,False,True,22705.0,33,failed,"[{'system': 'pbs', 'block_number': 33, 'success': False}, {'system': 'pos', 'block_number': 33, 'success': False}]"
22710,0,0,225,True,True,33.0,33.0,False,False,True,22707.0,33,failed,"[{'system': 'pbs', 'block_number': 33, 'success': False}, {'system': 'pos', 'block_number': 33, 'success': False}]"
22712,0,0,240,True,True,33.0,33.0,False,False,True,22709.0,33,failed,"[{'system': 'pbs', 'block_number': 33, 'success': False}, {'system': 'pos', 'block_number': 33, 'success': False}]"
22759,43000811,146000,230,True,True,34.0,34.0,True,True,True,22757.0,34,b_attack,"[{'system': 'pbs', 'block_number': 34, 'success': True}, {'system': 'pos', 'block_number': 34, 'success': True}]"
22757,43000810,146000,226,True,True,34.0,34.0,True,True,True,22755.0,34,b_attack,"[{'system': 'pbs', 'block_number': 34, 'success': True}, {'system': 'pos', 'block_number': 34, 'success': True}]"
22755,43000809,146000,224,True,True,34.0,34.0,True,True,True,22753.0,34,b_attack,"[{'system': 'pbs', 'block_number': 34, 'success': True}, {'system': 'pos', 'block_number': 34, 'success': True}]"
22753,43000808,146000,226,True,True,34.0,34.0,True,True,True,22751.0,34,b_attack,"[{'system': 'pbs', 'block_number': 34, 'success': True}, {'system': 'pos', 'block_number': 34, 'success': True}]"
22751,43000807,146000,234,True,True,34.0,34.0,True,True,True,22749.0,34,b_attack,"[{'system': 'pbs', 'block_number': 34, 'success': True}, {'system': 'pos', 'block_number': 34, 'success': True}]"
22749,43000806,146000,225,True,True,34.0,34.0,True,True,True,22747.0,34,b_attack,"[{'system': 'pbs', 'block_number': 34, 'success': True}, {'system': 'pos', 'block_number': 34, 'success': True}]"
22747,43000805,146000,222,True,True,34.0,34.0,True,True,True,22745.0,34,b_attack,"[{'system': 'pbs', 'block_number': 34, 'success': True}, {'system': 'pos', 'block_number': 34, 'success': True}]"
22745,43000804,146000,227,True,True,34.0,34.0,True,True,True,22743.0,34,b_attack,"[{'system': 'pbs', 'block_number': 34, 'success': True}, {'system': 'pos', 'block_number': 34, 'success': True}]"
22743,43000803,146000,225,True,True,34.0,34.0,True,True,True,22741.0,34,b_attack,"[{'system': 'pbs', 'block_number': 34, 'success': True}, {'system': 'pos', 'block_number': 34, 'success': True}]"
22741,43000802,146000,237,True,True,34.0,34.0,True,True,True,22739.0,34,b_attack,"[{'system': 'pbs', 'block_number': 34, 'success': True}, {'system': 'pos', 'block_number': 34, 'success': True}]"
22739,43000801,146000,236,True,True,34.0,34.0,True,True,True,22737.0,34,b_attack,"[{'system': 'pbs', 'block_number': 34, 'success': True}, {'system': 'pos', 'block_number': 34, 'success': True}]"
22737,43000800,146000,222,True,True,34.0,34.0,True,True,True,22735.0,34,b_attack,"[{'system': 'pbs', 'block_number': 34, 'success': True}, {'system': 'pos', 'block_number': 34, 'success': True}]"
22735,43000799,146000,234,True,True,34.0,34.0,True,True,True,22733.0,34,b_attack,"[{'system': 'pbs', 'block_number': 34, 'success': True}, {'system': 'pos', 'block_number': 34, 'success': True}]"
22733,43000798,146000,226,True,True,34.0,34.0,True,True,True,22731.0,34,b_attack,"[{'system': 'pbs', 'block_number': 34, 'success': True}, {'system': 'pos', 'block_number': 34, 'success': True}]"
22731,43000797,146000,238,True,True,34.0,34.0,True,True,True,22729.0,34,b_attack,"[{'system': 'pbs', 'block_number': 34, 'success': True}, {'system': 'pos', 'block_number': 34, 'success': True}]"
22729,43000796,146000,234,True,True,34.0,34.0,True,True,True,22727.0,34,b_attack,"[{'system': 'pbs', 'block_number': 34, 'success': True}, {'system': 'pos', 'block_number': 34, 'success': True}]"
22727,43000795,146000,238,True,True,34.0,34.0,True,True,True,22725.0,34,b_attack,"[{'system': 'pbs', 'block_number': 34, 'success': True}, {'system': 'pos', 'block_number': 34, 'success': True}]"
22725,43000794,146000,229,True,True,34.0,34.0,True,True,True,22723.0,34,b_attack,"[{'system': 'pbs', 'block_number': 34, 'success': True}, {'system': 'pos', 'block_number': 34, 'success': True}]"
22723,43000793,146000,239,True,True,34.0,34.0,True,True,True,22721.0,34,b_attack,"[{'system': 'pbs', 'block_number': 34, 'success': True}, {'system': 'pos', 'block_number': 34, 'success': True}]"
22721,43000792,146000,237,True,True,34.0,34.0,True,True,True,22719.0,34,b_attack,"[{'system': 'pbs', 'block_number': 34, 'success': True}, {'system': 'pos', 'block_number': 34, 'success': True}]"
22719,43000791,146000,229,True,True,34.0,34.0,True,True,True,22717.0,34,b_attack,"[{'system': 'pbs', 'block_number': 34, 'success': True}, {'system': 'pos', 'block_number': 34, 'success': True}]"
22717,43000790,146000,232,True,True,34.0,34.0,True,True,True,22715.0,34,b_attack,"[{'system': 'pbs', 'block_number': 34, 'success': True}, {'system': 'pos', 'block_number': 34, 'success': True}]"
22715,43000789,146000,235,True,True,34.0,34.0,True,True,True,22713.0,34,b_attack,"[{'system': 'pbs', 'block_number': 34, 'success': True}, {'system': 'pos', 'block_number': 34, 'success': True}]"
22713,0,0,223,True,True,34.0,34.0,False,True,True,22711.0,34,failed,"[{'system': 'pbs', 'block_number': 34, 'success': False}, {'system': 'pos', 'block_number': 34, 'success': True}]"
22714,0,0,223,True,True,34.0,34.0,False,False,True,22711.0,34,failed,"[{'system': 'pbs', 'block_number': 34, 'success': False}, {'system': 'pos', 'block_number': 34, 'success': False}]"
22716,0,0,235,True,True,34.0,34.0,False,False,True,22713.0,34,failed,"[{'system': 'pbs', 'block_number': 34, 'success': False}, {'system': 'pos', 'block_number': 34, 'success': False}]"
22718,0,0,232,True,True,34.0,34.0,False,False,True,22715.0,34,failed,"[{'system': 'pbs', 'block_number': 34, 'success': False}, {'system': 'pos', 'block_number': 34, 'success': False}]"
22720,0,0,229,True,True,34.0,34.0,False,False,True,22717.0,34,failed,"[{'system': 'pbs', 'block_number': 34, 'success': False}, {'system': 'pos', 'block_number': 34, 'success': False}]"
22722,0,0,237,True,True,34.0,34.0,False,False,True,22719.0,34,failed,"[{'system': 'pbs', 'block_number': 34, 'success': False}, {'system': 'pos', 'block_number': 34, 'success': False}]"
22724,0,0,239,True,True,34.0,34.0,False,False,True,22721.0,34,failed,"[{'system': 'pbs', 'block_number': 34, 'success': False}, {'system': 'pos', 'block_number': 34, 'success': False}]"
22726,0,0,229,True,True,34.0,34.0,False,False,True,22723.0,34,failed,"[{'system': 'pbs', 'block_number': 34, 'success': False}, {'system': 'pos', 'block_number': 34, 'success': False}]"
22728,0,0,238,True,True,34.0,34.0,False,False,True,22725.0,34,failed,"[{'system': 'pbs', 'block_number': 34, 'success': False}, {'system': 'pos', 'block_number': 34, 'success': False}]"
22730,0,0,234,True,True,34.0,34.0,False,False,True,22727.0,34,failed,"[{'system': 'pbs', 'block_number': 34, 'success': False}, {'system': 'pos', 'block_number': 34, 'success': False}]"
22732,0,0,238,True,True,34.0,34.0,False,False,True,22729.0,34,failed,"[{'system': 'pbs', 'block_number': 34, 'success': False}, {'system': 'pos', 'block_number': 34, 'success': False}]"
22734,0,0,226,True,True,34.0,34.0,False,False,True,22731.0,34,failed,"[{'system': 'pbs', 'block_number': 34, 'success': False}, {'system': 'pos', 'block_number': 34, 'success': False}]"
22736,0,0,234,True,True,34.0,34.0,False,False,True,22733.0,34,failed,"[{'system': 'pbs', 'block_number': 34, 'success': False}, {'system': 'pos', 'block_number': 34, 'success': False}]"
22738,0,0,222,True,True,34.0,34.0,False,False,True,22735.0,34,failed,"[{'system': 'pbs', 'block_number': 34, 'success': False}, {'system': 'pos', 'block_number': 34, 'success': False}]"
22740,0,0,236,True,True,34.0,34.0,False,False,True,22737.0,34,failed,"[{'system': 'pbs', 'block_number': 34, 'success': False}, {'system': 'pos', 'block_number': 34, 'success': False}]"
22742,0,0,237,True,True,34.0,34.0,False,False,True,22739.0,34,failed,"[{'system': 'pbs', 'block_number': 34, 'success': False}, {'system': 'pos', 'block_number': 34, 'success': False}]"
22744,0,0,225,True,True,34.0,34.0,False,False,True,22741.0,34,failed,"[{'system': 'pbs', 'block_number': 34, 'success': False}, {'system': 'pos', 'block_number': 34, 'success': False}]"
22746,0,0,227,True,True,34.0,34.0,False,False,True,22743.0,34,failed,"[{'system': 'pbs', 'block_number': 34, 'success': False}, {'system': 'pos', 'block_number': 34, 'success': False}]"
22748,0,0,222,True,True,34.0,34.0,False,False,True,22745.0,34,failed,"[{'system': 'pbs', 'block_number': 34, 'success': False}, {'system': 'pos', 'block_number': 34, 'success': False}]"
22750,0,0,225,True,True,34.0,34.0,False,False,True,22747.0,34,failed,"[{'system': 'pbs', 'block_number': 34, 'success': False}, {'system': 'pos', 'block_number': 34, 'success': False}]"
22752,0,0,234,True,True,34.0,34.0,False,False,True,22749.0,34,failed,"[{'system': 'pbs', 'block_number': 34, 'success': False}, {'system': 'pos', 'block_number': 34, 'success': False}]"
22754,0,0,226,True,True,34.0,34.0,False,False,True,22751.0,34,failed,"[{'system': 'pbs', 'block_number': 34, 'success': False}, {'system': 'pos', 'block_number': 34, 'success': False}]"
22756,0,0,224,True,True,34.0,34.0,False,False,True,22753.0,34,failed,"[{'system': 'pbs', 'block_number': 34, 'success': False}, {'system': 'pos', 'block_number': 34, 'success': False}]"
22758,0,0,226,True,True,34.0,34.0,False,False,True,22755.0,34,failed,"[{'system': 'pbs', 'block_number': 34, 'success': False}, {'system': 'pos', 'block_number': 34, 'success': False}]"
22760,0,0,230,True,True,34.0,34.0,False,False,True,22757.0,34,failed,"[{'system': 'pbs', 'block_number': 34, 'success': False}, {'system': 'pos', 'block_number': 34, 'success': False}]"
22807,43000835,146000,223,True,True,35.0,35.0,True,True,True,22805.0,35,b_attack,"[{'system': 'pbs', 'block_number': 35, 'success': True}, {'system': 'pos', 'block_number': 35, 'success': True}]"
22805,43000834,146000,232,True,True,35.0,35.0,True,True,True,22803.0,35,b_attack,"[{'system': 'pbs', 'block_number': 35, 'success': True}, {'system': 'pos', 'block_number': 35, 'success': True}]"
22803,43000833,146000,239,True,True,35.0,35.0,True,True,True,22801.0,35,b_attack,"[{'system': 'pbs', 'block_number': 35, 'success': True}, {'system': 'pos', 'block_number': 35, 'success': True}]"
22801,43000832,146000,235,True,True,35.0,35.0,True,True,True,22799.0,35,b_attack,"[{'system': 'pbs', 'block_number': 35, 'success': True}, {'system': 'pos', 'block_number': 35, 'success': True}]"
22799,43000831,146000,239,True,True,35.0,35.0,True,True,True,22797.0,35,b_attack,"[{'system': 'pbs', 'block_number': 35, 'success': True}, {'system': 'pos', 'block_number': 35, 'success': True}]"
22797,43000830,146000,224,True,True,35.0,35.0,True,True,True,22795.0,35,b_attack,"[{'system': 'pbs', 'block_number': 35, 'success': True}, {'system': 'pos', 'block_number': 35, 'success': True}]"
22795,43000829,146000,230,True,True,35.0,35.0,True,True,True,22793.0,35,b_attack,"[{'system': 'pbs', 'block_number': 35, 'success': True}, {'system': 'pos', 'block_number': 35, 'success': True}]"
22793,43000828,146000,231,True,True,35.0,35.0,True,True,True,22791.0,35,b_attack,"[{'system': 'pbs', 'block_number': 35, 'success': True}, {'system': 'pos', 'block_number': 35, 'success': True}]"
22791,43000827,146000,224,True,True,35.0,35.0,True,True,True,22789.0,35,b_attack,"[{'system': 'pbs', 'block_number': 35, 'success': True}, {'system': 'pos', 'block_number': 35, 'success': True}]"
22789,43000826,146000,239,True,True,35.0,35.0,True,True,True,22787.0,35,b_attack,"[{'system': 'pbs', 'block_number': 35, 'success': True}, {'system': 'pos', 'block_number': 35, 'success': True}]"
22787,43000825,146000,236,True,True,35.0,35.0,True,True,True,22785.0,35,b_attack,"[{'system': 'pbs', 'block_number': 35, 'success': True}, {'system': 'pos', 'block_number': 35, 'success': True}]"
22785,43000824,146000,228,True,True,35.0,35.0,True,True,True,22783.0,35,b_attack,"[{'system': 'pbs', 'block_number': 35, 'success': True}, {'system': 'pos', 'block_number': 35, 'success': True}]"
22783,43000823,146000,227,True,True,35.0,35.0,True,True,True,22781.0,35,b_attack,"[{'system': 'pbs', 'block_number': 35, 'success': True}, {'system': 'pos', 'block_number': 35, 'success': True}]"
22781,43000822,146000,223,True,True,35.0,35.0,True,True,True,22779.0,35,b_attack,"[{'system': 'pbs', 'block_number': 35, 'success': True}, {'system': 'pos', 'block_number': 35, 'success': True}]"
22779,43000821,146000,236,True,True,35.0,35.0,True,True,True,22777.0,35,b_attack,"[{'system': 'pbs', 'block_number': 35, 'success': True}, {'system': 'pos', 'block_number': 35, 'success': True}]"
22777,43000820,146000,232,True,True,35.0,35.0,True,True,True,22775.0,35,b_attack,"[{'system': 'pbs', 'block_number': 35, 'success': True}, {'system': 'pos', 'block_number': 35, 'success': True}]"
22775,43000819,146000,225,True,True,35.0,35.0,True,True,True,22773.0,35,b_attack,"[{'system': 'pbs', 'block_number': 35, 'success': True}, {'system': 'pos', 'block_number': 35, 'success': True}]"
22773,43000818,146000,238,True,True,35.0,35.0,True,True,True,22771.0,35,b_attack,"[{'system': 'pbs', 'block_number': 35, 'success': True}, {'system': 'pos', 'block_number': 35, 'success': True}]"
22771,43000817,146000,235,True,True,35.0,35.0,True,True,True,22769.0,35,b_attack,"[{'system': 'pbs', 'block_number': 35, 'success': True}, {'system': 'pos', 'block_number': 35, 'success': True}]"
22769,43000816,146000,240,True,True,35.0,35.0,True,True,True,22767.0,35,b_attack,"[{'system': 'pbs', 'block_number': 35, 'success': True}, {'system': 'pos', 'block_number': 35, 'success': True}]"
22767,43000815,146000,230,True,True,35.0,35.0,True,True,True,22765.0,35,b_attack,"[{'system': 'pbs', 'block_number': 35, 'success': True}, {'system': 'pos', 'block_number': 35, 'success': True}]"
22765,43000814,146000,224,True,True,35.0,35.0,True,True,True,22763.0,35,b_attack,"[{'system': 'pbs', 'block_number': 35, 'success': True}, {'system': 'pos', 'block_number': 35, 'success': True}]"
22763,43000813,146000,240,True,True,35.0,35.0,True,True,True,22761.0,35,b_attack,"[{'system': 'pbs', 'block_number': 35, 'success': True}, {'system': 'pos', 'block_number': 35, 'success': True}]"
22761,0,0,240,True,True,35.0,35.0,False,True,True,22759.0,35,failed,"[{'system': 'pbs', 'block_number': 35, 'success': False}, {'system': 'pos', 'block_number': 35, 'success': True}]"
22762,0,0,240,True,True,35.0,35.0,False,False,True,22759.0,35,failed,"[{'system': 'pbs', 'block_number': 35, 'success': False}, {'system': 'pos', 'block_number': 35, 'success': False}]"
22764,0,0,240,True,True,35.0,35.0,False,False,True,22761.0,35,failed,"[{'system': 'pbs', 'block_number': 35, 'success': False}, {'system': 'pos', 'block_number': 35, 'success': False}]"
22766,0,0,224,True,True,35.0,35.0,False,False,True,22763.0,35,failed,"[{'system': 'pbs', 'block_number': 35, 'success': False}, {'system': 'pos', 'block_number': 35, 'success': False}]"
22768,0,0,230,True,True,35.0,35.0,False,False,True,22765.0,35,failed,"[{'system': 'pbs', 'block_number': 35, 'success': False}, {'system': 'pos', 'block_number': 35, 'success': False}]"
22770,0,0,240,True,True,35.0,35.0,False,False,True,22767.0,35,failed,"[{'system': 'pbs', 'block_number': 35, 'success': False}, {'system': 'pos', 'block_number': 35, 'success': False}]"
22772,0,0,235,True,True,35.0,35.0,False,False,True,22769.0,35,failed,"[{'system': 'pbs', 'block_number': 35, 'success': False}, {'system': 'pos', 'block_number': 35, 'success': False}]"
22774,0,0,238,True,True,35.0,35.0,False,False,True,22771.0,35,failed,"[{'system': 'pbs', 'block_number': 35, 'success': False}, {'system': 'pos', 'block_number': 35, 'success': False}]"
22776,0,0,225,True,True,35.0,35.0,False,False,True,22773.0,35,failed,"[{'system': 'pbs', 'block_number': 35, 'success': False}, {'system': 'pos', 'block_number': 35, 'success': False}]"
22778,0,0,232,True,True,35.0,35.0,False,False,True,22775.0,35,failed,"[{'system': 'pbs', 'block_number': 35, 'success': False}, {'system': 'pos', 'block_number': 35, 'success': False}]"
22780,0,0,236,True,True,35.0,35.0,False,False,True,22777.0,35,failed,"[{'system': 'pbs', 'block_number': 35, 'success': False}, {'system': 'pos', 'block_number': 35, 'success': False}]"
22782,0,0,223,True,True,35.0,35.0,False,False,True,22779.0,35,failed,"[{'system': 'pbs', 'block_number': 35, 'success': False}, {'system': 'pos', 'block_number': 35, 'success': False}]"
22784,0,0,227,True,True,35.0,35.0,False,False,True,22781.0,35,failed,"[{'system': 'pbs', 'block_number': 35, 'success': False}, {'system': 'pos', 'block_number': 35, 'success': False}]"
22786,0,0,228,True,True,35.0,35.0,False,False,True,22783.0,35,failed,"[{'system': 'pbs', 'block_number': 35, 'success': False}, {'system': 'pos', 'block_number': 35, 'success': False}]"
22788,0,0,236,True,True,35.0,35.0,False,False,True,22785.0,35,failed,"[{'system': 'pbs', 'block_number': 35, 'success': False}, {'system': 'pos', 'block_number': 35, 'success': False}]"
22790,0,0,239,True,True,35.0,35.0,False,False,True,22787.0,35,failed,"[{'system': 'pbs', 'block_number': 35, 'success': False}, {'system': 'pos', 'block_number': 35, 'success': False}]"
22792,0,0,224,True,True,35.0,35.0,False,False,True,22789.0,35,failed,"[{'system': 'pbs', 'block_number': 35, 'success': False}, {'system': 'pos', 'block_number': 35, 'success': False}]"
22794,0,0,231,True,True,35.0,35.0,False,False,True,22791.0,35,failed,"[{'system': 'pbs', 'block_number': 35, 'success': False}, {'system': 'pos', 'block_number': 35, 'success': False}]"
22796,0,0,230,True,True,35.0,35.0,False,False,True,22793.0,35,failed,"[{'system': 'pbs', 'block_number': 35, 'success': False}, {'system': 'pos', 'block_number': 35, 'success': False}]"
22798,0,0,224,True,True,35.0,35.0,False,False,True,22795.0,35,failed,"[{'system': 'pbs', 'block_number': 35, 'success': False}, {'system': 'pos', 'block_number': 35, 'success': False}]"
22800,0,0,239,True,True,35.0,35.0,False,False,True,22797.0,35,failed,"[{'system': 'pbs', 'block_number': 35, 'success': False}, {'system': 'pos', 'block_number': 35, 'success': False}]"
22802,0,0,235,True,True,35.0,35.0,False,False,True,22799.0,35,failed,"[{'system': 'pbs', 'block_number': 35, 'success': False}, {'system': 'pos', 'block_number': 35, 'success': False}]"
22804,0,0,239,True,True,35.0,35.0,False,False,True,22801.0,35,failed,"[{'system': 'pbs', 'block_number': 35, 'success': False}, {'system': 'pos', 'block_number': 35, 'success': False}]"
22806,0,0,232,True,True,35.0,35.0,False,False,True,22803.0,35,failed,"[{'system': 'pbs', 'block_number': 35, 'success': False}, {'system': 'pos', 'block_number': 35, 'success': False}]"
22808,0,0,223,True,True,35.0,35.0,False,False,True,22805.0,35,failed,"[{'system': 'pbs', 'block_number': 35, 'success': False}, {'system': 'pos', 'block_number': 35, 'success': False}]"
22855,43000859,146000,223,True,True,36.0,36.0,True,True,True,22853.0,36,b_attack,"[{'system': 'pbs', 'block_number': 36, 'success': True}, {'system': 'pos', 'block_number': 36, 'success': True}]"
22853,43000858,146000,236,True,True,36.0,36.0,True,True,True,22851.0,36,b_attack,"[{'system': 'pbs', 'block_number': 36, 'success': True}, {'system': 'pos', 'block_number': 36, 'success': True}]"
22851,43000857,146000,224,True,True,36.0,36.0,True,True,True,22849.0,36,b_attack,"[{'system': 'pbs', 'block_number': 36, 'success': True}, {'system': 'pos', 'block_number': 36, 'success': True}]"
22849,43000856,146000,240,True,True,36.0,36.0,True,True,True,22847.0,36,b_attack,"[{'system': 'pbs', 'block_number': 36, 'success': True}, {'system': 'pos', 'block_number': 36, 'success': True}]"
22847,43000855,146000,222,True,True,36.0,36.0,True,True,True,22845.0,36,b_attack,"[{'system': 'pbs', 'block_number': 36, 'success': True}, {'system': 'pos', 'block_number': 36, 'success': True}]"
22845,43000854,146000,235,True,True,36.0,36.0,True,True,True,22843.0,36,b_attack,"[{'system': 'pbs', 'block_number': 36, 'success': True}, {'system': 'pos', 'block_number': 36, 'success': True}]"
22843,43000853,146000,234,True,True,36.0,36.0,True,True,True,22841.0,36,b_attack,"[{'system': 'pbs', 'block_number': 36, 'success': True}, {'system': 'pos', 'block_number': 36, 'success': True}]"
22841,43000852,146000,236,True,True,36.0,36.0,True,True,True,22839.0,36,b_attack,"[{'system': 'pbs', 'block_number': 36, 'success': True}, {'system': 'pos', 'block_number': 36, 'success': True}]"
22839,43000851,146000,222,True,True,36.0,36.0,True,True,True,22837.0,36,b_attack,"[{'system': 'pbs', 'block_number': 36, 'success': True}, {'system': 'pos', 'block_number': 36, 'success': True}]"
22837,43000850,146000,228,True,True,36.0,36.0,True,True,True,22835.0,36,b_attack,"[{'system': 'pbs', 'block_number': 36, 'success': True}, {'system': 'pos', 'block_number': 36, 'success': True}]"
22835,43000849,146000,222,True,True,36.0,36.0,True,True,True,22833.0,36,b_attack,"[{'system': 'pbs', 'block_number': 36, 'success': True}, {'system': 'pos', 'block_number': 36, 'success': True}]"
22833,43000848,146000,227,True,True,36.0,36.0,True,True,True,22831.0,36,b_attack,"[{'system': 'pbs', 'block_number': 36, 'success': True}, {'system': 'pos', 'block_number': 36, 'success': True}]"
22831,43000847,146000,224,True,True,36.0,36.0,True,True,True,22829.0,36,b_attack,"[{'system': 'pbs', 'block_number': 36, 'success': True}, {'system': 'pos', 'block_number': 36, 'success': True}]"
22829,43000846,146000,222,True,True,36.0,36.0,True,True,True,22827.0,36,b_attack,"[{'system': 'pbs', 'block_number': 36, 'success': True}, {'system': 'pos', 'block_number': 36, 'success': True}]"
22827,43000845,146000,233,True,True,36.0,36.0,True,True,True,22825.0,36,b_attack,"[{'system': 'pbs', 'block_number': 36, 'success': True}, {'system': 'pos', 'block_number': 36, 'success': True}]"
22825,43000844,146000,223,True,True,36.0,36.0,True,True,True,22823.0,36,b_attack,"[{'system': 'pbs', 'block_number': 36, 'success': True}, {'system': 'pos', 'block_number': 36, 'success': True}]"
22823,43000843,146000,227,True,True,36.0,36.0,True,True,True,22821.0,36,b_attack,"[{'system': 'pbs', 'block_number': 36, 'success': True}, {'system': 'pos', 'block_number': 36, 'success': True}]"
22821,43000842,146000,225,True,True,36.0,36.0,True,True,True,22819.0,36,b_attack,"[{'system': 'pbs', 'block_number': 36, 'success': True}, {'system': 'pos', 'block_number': 36, 'success': True}]"
22819,43000841,146000,233,True,True,36.0,36.0,True,True,True,22817.0,36,b_attack,"[{'system': 'pbs', 'block_number': 36, 'success': True}, {'system': 'pos', 'block_number': 36, 'success': True}]"
22817,43000840,146000,231,True,True,36.0,36.0,True,True,True,22815.0,36,b_attack,"[{'system': 'pbs', 'block_number': 36, 'success': True}, {'system': 'pos', 'block_number': 36, 'success': True}]"
22815,43000839,146000,227,True,True,36.0,36.0,True,True,True,22813.0,36,b_attack,"[{'system': 'pbs', 'block_number': 36, 'success': True}, {'system': 'pos', 'block_number': 36, 'success': True}]"
22813,43000838,146000,224,True,True,36.0,36.0,True,True,True,22811.0,36,b_attack,"[{'system': 'pbs', 'block_number': 36, 'success': True}, {'system': 'pos', 'block_number': 36, 'success': True}]"
22811,43000837,146000,223,True,True,36.0,36.0,True,True,True,22809.0,36,b_attack,"[{'system': 'pbs', 'block_number': 36, 'success': True}, {'system': 'pos', 'block_number': 36, 'success': True}]"
22809,0,0,221,True,True,36.0,36.0,False,True,True,22807.0,36,failed,"[{'system': 'pbs', 'block_number': 36, 'success': False}, {'system': 'pos', 'block_number': 36, 'success': True}]"
22810,0,0,221,True,True,36.0,36.0,False,False,True,22807.0,36,failed,"[{'system': 'pbs', 'block_number': 36, 'success': False}, {'system': 'pos', 'block_number': 36, 'success': False}]"
22812,0,0,223,True,True,36.0,36.0,False,False,True,22809.0,36,failed,"[{'system': 'pbs', 'block_number': 36, 'success': False}, {'system': 'pos', 'block_number': 36, 'success': False}]"
22814,0,0,224,True,True,36.0,36.0,False,False,True,22811.0,36,failed,"[{'system': 'pbs', 'block_number': 36, 'success': False}, {'system': 'pos', 'block_number': 36, 'success': False}]"
22816,0,0,227,True,True,36.0,36.0,False,False,True,22813.0,36,failed,"[{'system': 'pbs', 'block_number': 36, 'success': False}, {'system': 'pos', 'block_number': 36, 'success': False}]"
22818,0,0,231,True,True,36.0,36.0,False,False,True,22815.0,36,failed,"[{'system': 'pbs', 'block_number': 36, 'success': False}, {'system': 'pos', 'block_number': 36, 'success': False}]"
22820,0,0,233,True,True,36.0,36.0,False,False,True,22817.0,36,failed,"[{'system': 'pbs', 'block_number': 36, 'success': False}, {'system': 'pos', 'block_number': 36, 'success': False}]"
22822,0,0,225,True,True,36.0,36.0,False,False,True,22819.0,36,failed,"[{'system': 'pbs', 'block_number': 36, 'success': False}, {'system': 'pos', 'block_number': 36, 'success': False}]"
22824,0,0,227,True,True,36.0,36.0,False,False,True,22821.0,36,failed,"[{'system': 'pbs', 'block_number': 36, 'success': False}, {'system': 'pos', 'block_number': 36, 'success': False}]"
22826,0,0,223,True,True,36.0,36.0,False,False,True,22823.0,36,failed,"[{'system': 'pbs', 'block_number': 36, 'success': False}, {'system': 'pos', 'block_number': 36, 'success': False}]"
22828,0,0,233,True,True,36.0,36.0,False,False,True,22825.0,36,failed,"[{'system': 'pbs', 'block_number': 36, 'success': False}, {'system': 'pos', 'block_number': 36, 'success': False}]"
22830,0,0,222,True,True,36.0,36.0,False,False,True,22827.0,36,failed,"[{'system': 'pbs', 'block_number': 36, 'success': False}, {'system': 'pos', 'block_number': 36, 'success': False}]"
22832,0,0,224,True,True,36.0,36.0,False,False,True,22829.0,36,failed,"[{'system': 'pbs', 'block_number': 36, 'success': False}, {'system': 'pos', 'block_number': 36, 'success': False}]"
22834,0,0,227,True,True,36.0,36.0,False,False,True,22831.0,36,failed,"[{'system': 'pbs', 'block_number': 36, 'success': False}, {'system': 'pos', 'block_number': 36, 'success': False}]"
22836,0,0,222,True,True,36.0,36.0,False,False,True,22833.0,36,failed,"[{'system': 'pbs', 'block_number': 36, 'success': False}, {'system': 'pos', 'block_number': 36, 'success': False}]"
22838,0,0,228,True,True,36.0,36.0,False,False,True,22835.0,36,failed,"[{'system': 'pbs', 'block_number': 36, 'success': False}, {'system': 'pos', 'block_number': 36, 'success': False}]"
22840,0,0,222,True,True,36.0,36.0,False,False,True,22837.0,36,failed,"[{'system': 'pbs', 'block_number': 36, 'success': False}, {'system': 'pos', 'block_number': 36, 'success': False}]"
22842,0,0,236,True,True,36.0,36.0,False,False,True,22839.0,36,failed,"[{'system': 'pbs', 'block_number': 36, 'success': False}, {'system': 'pos', 'block_number': 36, 'success': False}]"
22844,0,0,234,True,True,36.0,36.0,False,False,True,22841.0,36,failed,"[{'system': 'pbs', 'block_number': 36, 'success': False}, {'system': 'pos', 'block_number': 36, 'success': False}]"
22846,0,0,235,True,True,36.0,36.0,False,False,True,22843.0,36,failed,"[{'system': 'pbs', 'block_number': 36, 'success': False}, {'system': 'pos', 'block_number': 36, 'success': False}]"
22848,0,0,222,True,True,36.0,36.0,False,False,True,22845.0,36,failed,"[{'system': 'pbs', 'block_number': 36, 'success': False}, {'system': 'pos', 'block_number': 36, 'success': False}]"
22850,0,0,240,True,True,36.0,36.0,False,False,True,22847.0,36,failed,"[{'system': 'pbs', 'block_number': 36, 'success': False}, {'system': 'pos', 'block_number': 36, 'success': False}]"
22852,0,0,224,True,True,36.0,36.0,False,False,True,22849.0,36,failed,"[{'system': 'pbs', 'block_number': 36, 'success': False}, {'system': 'pos', 'block_number': 36, 'success': False}]"
22854,0,0,236,True,True,36.0,36.0,False,False,True,22851.0,36,failed,"[{'system': 'pbs', 'block_number': 36, 'success': False}, {'system': 'pos', 'block_number': 36, 'success': False}]"
22856,0,0,223,True,True,36.0,36.0,False,False,True,22853.0,36,failed,"[{'system': 'pbs', 'block_number': 36, 'success': False}, {'system': 'pos', 'block_number': 36, 'success': False}]"
22903,43000883,146000,238,True,True,37.0,37.0,True,True,True,22901.0,37,b_attack,"[{'system': 'pbs', 'block_number': 37, 'success': True}, {'system': 'pos', 'block_number': 37, 'success': True}]"
22901,43000882,146000,236,True,True,37.0,37.0,True,True,True,22899.0,37,b_attack,"[{'system': 'pbs', 'block_number': 37, 'success': True}, {'system': 'pos', 'block_number': 37, 'success': True}]"
22899,43000881,146000,230,True,True,37.0,37.0,True,True,True,22897.0,37,b_attack,"[{'system': 'pbs', 'block_number': 37, 'success': True}, {'system': 'pos', 'block_number': 37, 'success': True}]"
22897,43000880,146000,226,True,True,37.0,37.0,True,True,True,22895.0,37,b_attack,"[{'system': 'pbs', 'block_number': 37, 'success': True}, {'system': 'pos', 'block_number': 37, 'success': True}]"
22895,43000879,146000,222,True,True,37.0,37.0,True,True,True,22893.0,37,b_attack,"[{'system': 'pbs', 'block_number': 37, 'success': True}, {'system': 'pos', 'block_number': 37, 'success': True}]"
22893,43000878,146000,222,True,True,37.0,37.0,True,True,True,22891.0,37,b_attack,"[{'system': 'pbs', 'block_number': 37, 'success': True}, {'system': 'pos', 'block_number': 37, 'success': True}]"
22891,43000877,146000,231,True,True,37.0,37.0,True,True,True,22889.0,37,b_attack,"[{'system': 'pbs', 'block_number': 37, 'success': True}, {'system': 'pos', 'block_number': 37, 'success': True}]"
22889,43000876,146000,235,True,True,37.0,37.0,True,True,True,22887.0,37,b_attack,"[{'system': 'pbs', 'block_number': 37, 'success': True}, {'system': 'pos', 'block_number': 37, 'success': True}]"
22887,43000875,146000,222,True,True,37.0,37.0,True,True,True,22885.0,37,b_attack,"[{'system': 'pbs', 'block_number': 37, 'success': True}, {'system': 'pos', 'block_number': 37, 'success': True}]"
22885,43000874,146000,240,True,True,37.0,37.0,True,True,True,22883.0,37,b_attack,"[{'system': 'pbs', 'block_number': 37, 'success': True}, {'system': 'pos', 'block_number': 37, 'success': True}]"
22883,43000873,146000,226,True,True,37.0,37.0,True,True,True,22881.0,37,b_attack,"[{'system': 'pbs', 'block_number': 37, 'success': True}, {'system': 'pos', 'block_number': 37, 'success': True}]"
22881,43000872,146000,235,True,True,37.0,37.0,True,True,True,22879.0,37,b_attack,"[{'system': 'pbs', 'block_number': 37, 'success': True}, {'system': 'pos', 'block_number': 37, 'success': True}]"
22879,43000871,146000,223,True,True,37.0,37.0,True,True,True,22877.0,37,b_attack,"[{'system': 'pbs', 'block_number': 37, 'success': True}, {'system': 'pos', 'block_number': 37, 'success': True}]"
22877,43000870,146000,236,True,True,37.0,37.0,True,True,True,22875.0,37,b_attack,"[{'system': 'pbs', 'block_number': 37, 'success': True}, {'system': 'pos', 'block_number': 37, 'success': True}]"
22875,43000869,146000,238,True,True,37.0,37.0,True,True,True,22873.0,37,b_attack,"[{'system': 'pbs', 'block_number': 37, 'success': True}, {'system': 'pos', 'block_number': 37, 'success': True}]"
22873,43000868,146000,238,True,True,37.0,37.0,True,True,True,22871.0,37,b_attack,"[{'system': 'pbs', 'block_number': 37, 'success': True}, {'system': 'pos', 'block_number': 37, 'success': True}]"
22871,43000867,146000,239,True,True,37.0,37.0,True,True,True,22869.0,37,b_attack,"[{'system': 'pbs', 'block_number': 37, 'success': True}, {'system': 'pos', 'block_number': 37, 'success': True}]"
22869,43000866,146000,225,True,True,37.0,37.0,True,True,True,22867.0,37,b_attack,"[{'system': 'pbs', 'block_number': 37, 'success': True}, {'system': 'pos', 'block_number': 37, 'success': True}]"
22867,43000865,146000,232,True,True,37.0,37.0,True,True,True,22865.0,37,b_attack,"[{'system': 'pbs', 'block_number': 37, 'success': True}, {'system': 'pos', 'block_number': 37, 'success': True}]"
22865,43000864,146000,228,True,True,37.0,37.0,True,True,True,22863.0,37,b_attack,"[{'system': 'pbs', 'block_number': 37, 'success': True}, {'system': 'pos', 'block_number': 37, 'success': True}]"
22863,43000863,146000,228,True,True,37.0,37.0,True,True,True,22861.0,37,b_attack,"[{'system': 'pbs', 'block_number': 37, 'success': True}, {'system': 'pos', 'block_number': 37, 'success': True}]"
22861,43000862,146000,224,True,True,37.0,37.0,True,True,True,22859.0,37,b_attack,"[{'system': 'pbs', 'block_number': 37, 'success': True}, {'system': 'pos', 'block_number': 37, 'success': True}]"
22859,43000861,146000,231,True,True,37.0,37.0,True,True,True,22857.0,37,b_attack,"[{'system': 'pbs', 'block_number': 37, 'success': True}, {'system': 'pos', 'block_number': 37, 'success': True}]"
22857,0,0,233,True,True,37.0,37.0,False,True,True,22855.0,37,failed,"[{'system': 'pbs', 'block_number': 37, 'success': False}, {'system': 'pos', 'block_number': 37, 'success': True}]"
22858,0,0,233,True,True,37.0,37.0,False,False,True,22855.0,37,failed,"[{'system': 'pbs', 'block_number': 37, 'success': False}, {'system': 'pos', 'block_number': 37, 'success': False}]"
22860,0,0,231,True,True,37.0,37.0,False,False,True,22857.0,37,failed,"[{'system': 'pbs', 'block_number': 37, 'success': False}, {'system': 'pos', 'block_number': 37, 'success': False}]"
22862,0,0,224,True,True,37.0,37.0,False,False,True,22859.0,37,failed,"[{'system': 'pbs', 'block_number': 37, 'success': False}, {'system': 'pos', 'block_number': 37, 'success': False}]"
22864,0,0,228,True,True,37.0,37.0,False,False,True,22861.0,37,failed,"[{'system': 'pbs', 'block_number': 37, 'success': False}, {'system': 'pos', 'block_number': 37, 'success': False}]"
22866,0,0,228,True,True,37.0,37.0,False,False,True,22863.0,37,failed,"[{'system': 'pbs', 'block_number': 37, 'success': False}, {'system': 'pos', 'block_number': 37, 'success': False}]"
22868,0,0,232,True,True,37.0,37.0,False,False,True,22865.0,37,failed,"[{'system': 'pbs', 'block_number': 37, 'success': False}, {'system': 'pos', 'block_number': 37, 'success': False}]"
22870,0,0,225,True,True,37.0,37.0,False,False,True,22867.0,37,failed,"[{'system': 'pbs', 'block_number': 37, 'success': False}, {'system': 'pos', 'block_number': 37, 'success': False}]"
22872,0,0,239,True,True,37.0,37.0,False,False,True,22869.0,37,failed,"[{'system': 'pbs', 'block_number': 37, 'success': False}, {'system': 'pos', 'block_number': 37, 'success': False}]"
22874,0,0,238,True,True,37.0,37.0,False,False,True,22871.0,37,failed,"[{'system': 'pbs', 'block_number': 37, 'success': False}, {'system': 'pos', 'block_number': 37, 'success': False}]"
22876,0,0,238,True,True,37.0,37.0,False,False,True,22873.0,37,failed,"[{'system': 'pbs', 'block_number': 37, 'success': False}, {'system': 'pos', 'block_number': 37, 'success': False}]"
22878,0,0,236,True,True,37.0,37.0,False,False,True,22875.0,37,failed,"[{'system': 'pbs', 'block_number': 37, 'success': False}, {'system': 'pos', 'block_number': 37, 'success': False}]"
22880,0,0,223,True,True,37.0,37.0,False,False,True,22877.0,37,failed,"[{'system': 'pbs', 'block_number': 37, 'success': False}, {'system': 'pos', 'block_number': 37, 'success': False}]"
22882,0,0,235,True,True,37.0,37.0,False,False,True,22879.0,37,failed,"[{'system': 'pbs', 'block_number': 37, 'success': False}, {'system': 'pos', 'block_number': 37, 'success': False}]"
22884,0,0,226,True,True,37.0,37.0,False,False,True,22881.0,37,failed,"[{'system': 'pbs', 'block_number': 37, 'success': False}, {'system': 'pos', 'block_number': 37, 'success': False}]"
22886,0,0,240,True,True,37.0,37.0,False,False,True,22883.0,37,failed,"[{'system': 'pbs', 'block_number': 37, 'success': False}, {'system': 'pos', 'block_number': 37, 'success': False}]"
22888,0,0,222,True,True,37.0,37.0,False,False,True,22885.0,37,failed,"[{'system': 'pbs', 'block_number': 37, 'success': False}, {'system': 'pos', 'block_number': 37, 'success': False}]"
22890,0,0,235,True,True,37.0,37.0,False,False,True,22887.0,37,failed,"[{'system': 'pbs', 'block_number': 37, 'success': False}, {'system': 'pos', 'block_number': 37, 'success': False}]"
22892,0,0,231,True,True,37.0,37.0,False,False,True,22889.0,37,failed,"[{'system': 'pbs', 'block_number': 37, 'success': False}, {'system': 'pos', 'block_number': 37, 'success': False}]"
22894,0,0,222,True,True,37.0,37.0,False,False,True,22891.0,37,failed,"[{'system': 'pbs', 'block_number': 37, 'success': False}, {'system': 'pos', 'block_number': 37, 'success': False}]"
22896,0,0,222,True,True,37.0,37.0,False,False,True,22893.0,37,failed,"[{'system': 'pbs', 'block_number': 37, 'success': False}, {'system': 'pos', 'block_number': 37, 'success': False}]"
22898,0,0,226,True,True,37.0,37.0,False,False,True,22895.0,37,failed,"[{'system': 'pbs', 'block_number': 37, 'success': False}, {'system': 'pos', 'block_number': 37, 'success': False}]"
22900,0,0,230,True,True,37.0,37.0,False,False,True,22897.0,37,failed,"[{'system': 'pbs', 'block_number': 37, 'success': False}, {'system': 'pos', 'block_number': 37, 'success': False}]"
22902,0,0,236,True,True,37.0,37.0,False,False,True,22899.0,37,failed,"[{'system': 'pbs', 'block_number': 37, 'success': False}, {'system': 'pos', 'block_number': 37, 'success': False}]"
22904,0,0,238,True,True,37.0,37.0,False,False,True,22901.0,37,failed,"[{'system': 'pbs', 'block_number': 37, 'success': False}, {'system': 'pos', 'block_number': 37, 'success': False}]"
22951,43000907,146000,238,True,True,38.0,38.0,True,True,True,22949.0,38,b_attack,"[{'system': 'pbs', 'block_number': 38, 'success': True}, {'system': 'pos', 'block_number': 38, 'success': True}]"
22949,43000906,146000,224,True,True,38.0,38.0,True,True,True,22947.0,38,b_attack,"[{'system': 'pbs', 'block_number': 38, 'success': True}, {'system': 'pos', 'block_number': 38, 'success': True}]"
22947,43000905,146000,234,True,True,38.0,38.0,True,True,True,22945.0,38,b_attack,"[{'system': 'pbs', 'block_number': 38, 'success': True}, {'system': 'pos', 'block_number': 38, 'success': True}]"
22945,43000904,146000,229,True,True,38.0,38.0,True,True,True,22943.0,38,b_attack,"[{'system': 'pbs', 'block_number': 38, 'success': True}, {'system': 'pos', 'block_number': 38, 'success': True}]"
22943,43000903,146000,222,True,True,38.0,38.0,True,True,True,22941.0,38,b_attack,"[{'system': 'pbs', 'block_number': 38, 'success': True}, {'system': 'pos', 'block_number': 38, 'success': True}]"
22941,43000902,146000,224,True,True,38.0,38.0,True,True,True,22939.0,38,b_attack,"[{'system': 'pbs', 'block_number': 38, 'success': True}, {'system': 'pos', 'block_number': 38, 'success': True}]"
22939,43000901,146000,234,True,True,38.0,38.0,True,True,True,22937.0,38,b_attack,"[{'system': 'pbs', 'block_number': 38, 'success': True}, {'system': 'pos', 'block_number': 38, 'success': True}]"
22937,43000900,146000,233,True,True,38.0,38.0,True,True,True,22935.0,38,b_attack,"[{'system': 'pbs', 'block_number': 38, 'success': True}, {'system': 'pos', 'block_number': 38, 'success': True}]"
22935,43000899,146000,225,True,True,38.0,38.0,True,True,True,22933.0,38,b_attack,"[{'system': 'pbs', 'block_number': 38, 'success': True}, {'system': 'pos', 'block_number': 38, 'success': True}]"
22933,43000898,146000,225,True,True,38.0,38.0,True,True,True,22931.0,38,b_attack,"[{'system': 'pbs', 'block_number': 38, 'success': True}, {'system': 'pos', 'block_number': 38, 'success': True}]"
22931,43000897,146000,233,True,True,38.0,38.0,True,True,True,22929.0,38,b_attack,"[{'system': 'pbs', 'block_number': 38, 'success': True}, {'system': 'pos', 'block_number': 38, 'success': True}]"
22929,43000896,146000,226,True,True,38.0,38.0,True,True,True,22927.0,38,b_attack,"[{'system': 'pbs', 'block_number': 38, 'success': True}, {'system': 'pos', 'block_number': 38, 'success': True}]"
22927,43000895,146000,237,True,True,38.0,38.0,True,True,True,22925.0,38,b_attack,"[{'system': 'pbs', 'block_number': 38, 'success': True}, {'system': 'pos', 'block_number': 38, 'success': True}]"
22925,43000894,146000,233,True,True,38.0,38.0,True,True,True,22923.0,38,b_attack,"[{'system': 'pbs', 'block_number': 38, 'success': True}, {'system': 'pos', 'block_number': 38, 'success': True}]"
22923,43000893,146000,236,True,True,38.0,38.0,True,True,True,22921.0,38,b_attack,"[{'system': 'pbs', 'block_number': 38, 'success': True}, {'system': 'pos', 'block_number': 38, 'success': True}]"
22921,43000892,146000,230,True,True,38.0,38.0,True,True,True,22919.0,38,b_attack,"[{'system': 'pbs', 'block_number': 38, 'success': True}, {'system': 'pos', 'block_number': 38, 'success': True}]"
22919,43000891,146000,231,True,True,38.0,38.0,True,True,True,22917.0,38,b_attack,"[{'system': 'pbs', 'block_number': 38, 'success': True}, {'system': 'pos', 'block_number': 38, 'success': True}]"
22917,43000890,146000,231,True,True,38.0,38.0,True,True,True,22915.0,38,b_attack,"[{'system': 'pbs', 'block_number': 38, 'success': True}, {'system': 'pos', 'block_number': 38, 'success': True}]"
22915,43000889,146000,221,True,True,38.0,38.0,True,True,True,22913.0,38,b_attack,"[{'system': 'pbs', 'block_number': 38, 'success': True}, {'system': 'pos', 'block_number': 38, 'success': True}]"
22913,43000888,146000,230,True,True,38.0,38.0,True,True,True,22911.0,38,b_attack,"[{'system': 'pbs', 'block_number': 38, 'success': True}, {'system': 'pos', 'block_number': 38, 'success': True}]"
22911,43000887,146000,233,True,True,38.0,38.0,True,True,True,22909.0,38,b_attack,"[{'system': 'pbs', 'block_number': 38, 'success': True}, {'system': 'pos', 'block_number': 38, 'success': True}]"
22909,43000886,146000,230,True,True,38.0,38.0,True,True,True,22907.0,38,b_attack,"[{'system': 'pbs', 'block_number': 38, 'success': True}, {'system': 'pos', 'block_number': 38, 'success': True}]"
22907,43000885,146000,231,True,True,38.0,38.0,True,True,True,22905.0,38,b_attack,"[{'system': 'pbs', 'block_number': 38, 'success': True}, {'system': 'pos', 'block_number': 38, 'success': True}]"
22905,0,0,236,True,True,38.0,38.0,False,True,True,22903.0,38,failed,"[{'system': 'pbs', 'block_number': 38, 'success': False}, {'system': 'pos', 'block_number': 38, 'success': True}]"
22906,0,0,236,True,True,38.0,38.0,False,False,True,22903.0,38,failed,"[{'system': 'pbs', 'block_number': 38, 'success': False}, {'system': 'pos', 'block_number': 38, 'success': False}]"
22908,0,0,231,True,True,38.0,38.0,False,False,True,22905.0,38,failed,"[{'system': 'pbs', 'block_number': 38, 'success': False}, {'system': 'pos', 'block_number': 38, 'success': False}]"
22910,0,0,230,True,True,38.0,38.0,False,False,True,22907.0,38,failed,"[{'system': 'pbs', 'block_number': 38, 'success': False}, {'system': 'pos', 'block_number': 38, 'success': False}]"
22912,0,0,233,True,True,38.0,38.0,False,False,True,22909.0,38,failed,"[{'system': 'pbs', 'block_number': 38, 'success': False}, {'system': 'pos', 'block_number': 38, 'success': False}]"
22914,0,0,230,True,True,38.0,38.0,False,False,True,22911.0,38,failed,"[{'system': 'pbs', 'block_number': 38, 'success': False}, {'system': 'pos', 'block_number': 38, 'success': False}]"
22916,0,0,221,True,True,38.0,38.0,False,False,True,22913.0,38,failed,"[{'system': 'pbs', 'block_number': 38, 'success': False}, {'system': 'pos', 'block_number': 38, 'success': False}]"
22918,0,0,231,True,True,38.0,38.0,False,False,True,22915.0,38,failed,"[{'system': 'pbs', 'block_number': 38, 'success': False}, {'system': 'pos', 'block_number': 38, 'success': False}]"
22920,0,0,231,True,True,38.0,38.0,False,False,True,22917.0,38,failed,"[{'system': 'pbs', 'block_number': 38, 'success': False}, {'system': 'pos', 'block_number': 38, 'success': False}]"
22922,0,0,230,True,True,38.0,38.0,False,False,True,22919.0,38,failed,"[{'system': 'pbs', 'block_number': 38, 'success': False}, {'system': 'pos', 'block_number': 38, 'success': False}]"
22924,0,0,236,True,True,38.0,38.0,False,False,True,22921.0,38,failed,"[{'system': 'pbs', 'block_number': 38, 'success': False}, {'system': 'pos', 'block_number': 38, 'success': False}]"
22926,0,0,233,True,True,38.0,38.0,False,False,True,22923.0,38,failed,"[{'system': 'pbs', 'block_number': 38, 'success': False}, {'system': 'pos', 'block_number': 38, 'success': False}]"
22928,0,0,237,True,True,38.0,38.0,False,False,True,22925.0,38,failed,"[{'system': 'pbs', 'block_number': 38, 'success': False}, {'system': 'pos', 'block_number': 38, 'success': False}]"
22930,0,0,226,True,True,38.0,38.0,False,False,True,22927.0,38,failed,"[{'system': 'pbs', 'block_number': 38, 'success': False}, {'system': 'pos', 'block_number': 38, 'success': False}]"
22932,0,0,233,True,True,38.0,38.0,False,False,True,22929.0,38,failed,"[{'system': 'pbs', 'block_number': 38, 'success': False}, {'system': 'pos', 'block_number': 38, 'success': False}]"
22934,0,0,225,True,True,38.0,38.0,False,False,True,22931.0,38,failed,"[{'system': 'pbs', 'block_number': 38, 'success': False}, {'system': 'pos', 'block_number': 38, 'success': False}]"
22936,0,0,225,True,True,38.0,38.0,False,False,True,22933.0,38,failed,"[{'system': 'pbs', 'block_number': 38, 'success': False}, {'system': 'pos', 'block_number': 38, 'success': False}]"
22938,0,0,233,True,True,38.0,38.0,False,False,True,22935.0,38,failed,"[{'system': 'pbs', 'block_number': 38, 'success': False}, {'system': 'pos', 'block_number': 38, 'success': False}]"
22940,0,0,234,True,True,38.0,38.0,False,False,True,22937.0,38,failed,"[{'system': 'pbs', 'block_number': 38, 'success': False}, {'system': 'pos', 'block_number': 38, 'success': False}]"
22942,0,0,224,True,True,38.0,38.0,False,False,True,22939.0,38,failed,"[{'system': 'pbs', 'block_number': 38, 'success': False}, {'system': 'pos', 'block_number': 38, 'success': False}]"
22944,0,0,222,True,True,38.0,38.0,False,False,True,22941.0,38,failed,"[{'system': 'pbs', 'block_number': 38, 'success': False}, {'system': 'pos', 'block_number': 38, 'success': False}]"
22946,0,0,229,True,True,38.0,38.0,False,False,True,22943.0,38,failed,"[{'system': 'pbs', 'block_number': 38, 'success': False}, {'system': 'pos', 'block_number': 38, 'success': False}]"
22948,0,0,234,True,True,38.0,38.0,False,False,True,22945.0,38,failed,"[{'system': 'pbs', 'block_number': 38, 'success': False}, {'system': 'pos', 'block_number': 38, 'success': False}]"
22950,0,0,224,True,True,38.0,38.0,False,False,True,22947.0,38,failed,"[{'system': 'pbs', 'block_number': 38, 'success': False}, {'system': 'pos', 'block_number': 38, 'success': False}]"
22952,0,0,238,True,True,38.0,38.0,False,False,True,22949.0,38,failed,"[{'system': 'pbs', 'block_number': 38, 'success': False}, {'system': 'pos', 'block_number': 38, 'success': False}]"
22999,43000931,146000,236,True,True,39.0,39.0,True,True,True,22997.0,39,b_attack,"[{'system': 'pbs', 'block_number': 39, 'success': True}, {'system': 'pos', 'block_number': 39, 'success': True}]"
22997,43000930,146000,239,True,True,39.0,39.0,True,True,True,22995.0,39,b_attack,"[{'system': 'pbs', 'block_number': 39, 'success': True}, {'system': 'pos', 'block_number': 39, 'success': True}]"
22995,43000929,146000,231,True,True,39.0,39.0,True,True,True,22993.0,39,b_attack,"[{'system': 'pbs', 'block_number': 39, 'success': True}, {'system': 'pos', 'block_number': 39, 'success': True}]"
22993,43000928,146000,228,True,True,39.0,39.0,True,True,True,22991.0,39,b_attack,"[{'system': 'pbs', 'block_number': 39, 'success': True}, {'system': 'pos', 'block_number': 39, 'success': True}]"
22991,43000927,146000,222,True,True,39.0,39.0,True,True,True,22989.0,39,b_attack,"[{'system': 'pbs', 'block_number': 39, 'success': True}, {'system': 'pos', 'block_number': 39, 'success': True}]"
22989,43000926,146000,237,True,True,39.0,39.0,True,True,True,22987.0,39,b_attack,"[{'system': 'pbs', 'block_number': 39, 'success': True}, {'system': 'pos', 'block_number': 39, 'success': True}]"
22987,43000925,146000,235,True,True,39.0,39.0,True,True,True,22985.0,39,b_attack,"[{'system': 'pbs', 'block_number': 39, 'success': True}, {'system': 'pos', 'block_number': 39, 'success': True}]"
22985,43000924,146000,225,True,True,39.0,39.0,True,True,True,22983.0,39,b_attack,"[{'system': 'pbs', 'block_number': 39, 'success': True}, {'system': 'pos', 'block_number': 39, 'success': True}]"
22983,43000923,146000,225,True,True,39.0,39.0,True,True,True,22981.0,39,b_attack,"[{'system': 'pbs', 'block_number': 39, 'success': True}, {'system': 'pos', 'block_number': 39, 'success': True}]"
22981,43000922,146000,237,True,True,39.0,39.0,True,True,True,22979.0,39,b_attack,"[{'system': 'pbs', 'block_number': 39, 'success': True}, {'system': 'pos', 'block_number': 39, 'success': True}]"
22979,43000921,146000,225,True,True,39.0,39.0,True,True,True,22977.0,39,b_attack,"[{'system': 'pbs', 'block_number': 39, 'success': True}, {'system': 'pos', 'block_number': 39, 'success': True}]"
22977,43000920,146000,230,True,True,39.0,39.0,True,True,True,22975.0,39,b_attack,"[{'system': 'pbs', 'block_number': 39, 'success': True}, {'system': 'pos', 'block_number': 39, 'success': True}]"
22975,43000919,146000,229,True,True,39.0,39.0,True,True,True,22973.0,39,b_attack,"[{'system': 'pbs', 'block_number': 39, 'success': True}, {'system': 'pos', 'block_number': 39, 'success': True}]"
22973,43000918,146000,227,True,True,39.0,39.0,True,True,True,22971.0,39,b_attack,"[{'system': 'pbs', 'block_number': 39, 'success': True}, {'system': 'pos', 'block_number': 39, 'success': True}]"
22971,43000917,146000,228,True,True,39.0,39.0,True,True,True,22969.0,39,b_attack,"[{'system': 'pbs', 'block_number': 39, 'success': True}, {'system': 'pos', 'block_number': 39, 'success': True}]"
22969,43000916,146000,228,True,True,39.0,39.0,True,True,True,22967.0,39,b_attack,"[{'system': 'pbs', 'block_number': 39, 'success': True}, {'system': 'pos', 'block_number': 39, 'success': True}]"
22967,43000915,146000,229,True,True,39.0,39.0,True,True,True,22965.0,39,b_attack,"[{'system': 'pbs', 'block_number': 39, 'success': True}, {'system': 'pos', 'block_number': 39, 'success': True}]"
22965,43000914,146000,225,True,True,39.0,39.0,True,True,True,22963.0,39,b_attack,"[{'system': 'pbs', 'block_number': 39, 'success': True}, {'system': 'pos', 'block_number': 39, 'success': True}]"
22963,43000913,146000,230,True,True,39.0,39.0,True,True,True,22961.0,39,b_attack,"[{'system': 'pbs', 'block_number': 39, 'success': True}, {'system': 'pos', 'block_number': 39, 'success': True}]"
22961,43000912,146000,224,True,True,39.0,39.0,True,True,True,22959.0,39,b_attack,"[{'system': 'pbs', 'block_number': 39, 'success': True}, {'system': 'pos', 'block_number': 39, 'success': True}]"
22959,43000911,146000,228,True,True,39.0,39.0,True,True,True,22957.0,39,b_attack,"[{'system': 'pbs', 'block_number': 39, 'success': True}, {'system': 'pos', 'block_number': 39, 'success': True}]"
22957,43000910,146000,232,True,True,39.0,39.0,True,True,True,22955.0,39,b_attack,"[{'system': 'pbs', 'block_number': 39, 'success': True}, {'system': 'pos', 'block_number': 39, 'success': True}]"
22955,43000909,146000,232,True,True,39.0,39.0,True,True,True,22953.0,39,b_attack,"[{'system': 'pbs', 'block_number': 39, 'success': True}, {'system': 'pos', 'block_number': 39, 'success': True}]"
22953,0,0,233,True,True,39.0,39.0,False,True,True,22951.0,39,failed,"[{'system': 'pbs', 'block_number': 39, 'success': False}, {'system': 'pos', 'block_number': 39, 'success': True}]"
22954,0,0,233,True,True,39.0,39.0,False,False,True,22951.0,39,failed,"[{'system': 'pbs', 'block_number': 39, 'success': False}, {'system': 'pos', 'block_number': 39, 'success': False}]"
22956,0,0,232,True,True,39.0,39.0,False,False,True,22953.0,39,failed,"[{'system': 'pbs', 'block_number': 39, 'success': False}, {'system': 'pos', 'block_number': 39, 'success': False}]"
22958,0,0,232,True,True,39.0,39.0,False,False,True,22955.0,39,failed,"[{'system': 'pbs', 'block_number': 39, 'success': False}, {'system': 'pos', 'block_number': 39, 'success': False}]"
22960,0,0,228,True,True,39.0,39.0,False,False,True,22957.0,39,failed,"[{'system': 'pbs', 'block_number': 39, 'success': False}, {'system': 'pos', 'block_number': 39, 'success': False}]"
22962,0,0,224,True,True,39.0,39.0,False,False,True,22959.0,39,failed,"[{'system': 'pbs', 'block_number': 39, 'success': False}, {'system': 'pos', 'block_number': 39, 'success': False}]"
22964,0,0,230,True,True,39.0,39.0,False,False,True,22961.0,39,failed,"[{'system': 'pbs', 'block_number': 39, 'success': False}, {'system': 'pos', 'block_number': 39, 'success': False}]"
22966,0,0,225,True,True,39.0,39.0,False,False,True,22963.0,39,failed,"[{'system': 'pbs', 'block_number': 39, 'success': False}, {'system': 'pos', 'block_number': 39, 'success': False}]"
22968,0,0,229,True,True,39.0,39.0,False,False,True,22965.0,39,failed,"[{'system': 'pbs', 'block_number': 39, 'success': False}, {'system': 'pos', 'block_number': 39, 'success': False}]"
22970,0,0,228,True,True,39.0,39.0,False,False,True,22967.0,39,failed,"[{'system': 'pbs', 'block_number': 39, 'success': False}, {'system': 'pos', 'block_number': 39, 'success': False}]"
22972,0,0,228,True,True,39.0,39.0,False,False,True,22969.0,39,failed,"[{'system': 'pbs', 'block_number': 39, 'success': False}, {'system': 'pos', 'block_number': 39, 'success': False}]"
22974,0,0,227,True,True,39.0,39.0,False,False,True,22971.0,39,failed,"[{'system': 'pbs', 'block_number': 39, 'success': False}, {'system': 'pos', 'block_number': 39, 'success': False}]"
22976,0,0,229,True,True,39.0,39.0,False,False,True,22973.0,39,failed,"[{'system': 'pbs', 'block_number': 39, 'success': False}, {'system': 'pos', 'block_number': 39, 'success': False}]"
22978,0,0,230,True,True,39.0,39.0,False,False,True,22975.0,39,failed,"[{'system': 'pbs', 'block_number': 39, 'success': False}, {'system': 'pos', 'block_number': 39, 'success': False}]"
22980,0,0,225,True,True,39.0,39.0,False,False,True,22977.0,39,failed,"[{'system': 'pbs', 'block_number': 39, 'success': False}, {'system': 'pos', 'block_number': 39, 'success': False}]"
22982,0,0,237,True,True,39.0,39.0,False,False,True,22979.0,39,failed,"[{'system': 'pbs', 'block_number': 39, 'success': False}, {'system': 'pos', 'block_number': 39, 'success': False}]"
22984,0,0,225,True,True,39.0,39.0,False,False,True,22981.0,39,failed,"[{'system': 'pbs', 'block_number': 39, 'success': False}, {'system': 'pos', 'block_number': 39, 'success': False}]"
22986,0,0,225,True,True,39.0,39.0,False,False,True,22983.0,39,failed,"[{'system': 'pbs', 'block_number': 39, 'success': False}, {'system': 'pos', 'block_number': 39, 'success': False}]"
22988,0,0,235,True,True,39.0,39.0,False,False,True,22985.0,39,failed,"[{'system': 'pbs', 'block_number': 39, 'success': False}, {'system': 'pos', 'block_number': 39, 'success': False}]"
22990,0,0,237,True,True,39.0,39.0,False,False,True,22987.0,39,failed,"[{'system': 'pbs', 'block_number': 39, 'success': False}, {'system': 'pos', 'block_number': 39, 'success': False}]"
22992,0,0,222,True,True,39.0,39.0,False,False,True,22989.0,39,failed,"[{'system': 'pbs', 'block_number': 39, 'success': False}, {'system': 'pos', 'block_number': 39, 'success': False}]"
22994,0,0,228,True,True,39.0,39.0,False,False,True,22991.0,39,failed,"[{'system': 'pbs', 'block_number': 39, 'success': False}, {'system': 'pos', 'block_number': 39, 'success': False}]"
22996,0,0,231,True,True,39.0,39.0,False,False,True,22993.0,39,failed,"[{'system': 'pbs', 'block_number': 39, 'success': False}, {'system': 'pos', 'block_number': 39, 'success': False}]"
22998,0,0,239,True,True,39.0,39.0,False,False,True,22995.0,39,failed,"[{'system': 'pbs', 'block_number': 39, 'success': False}, {'system': 'pos', 'block_number': 39, 'success': False}]"
23000,0,0,236,True,True,39.0,39.0,False,False,True,22997.0,39,failed,"[{'system': 'pbs', 'block_number': 39, 'success': False}, {'system': 'pos', 'block_number': 39, 'success': False}]"
23047,43000955,146000,228,True,True,40.0,40.0,True,True,True,23045.0,40,b_attack,"[{'system': 'pbs', 'block_number': 40, 'success': True}, {'system': 'pos', 'block_number': 40, 'success': True}]"
23583,0,0,554,False,True,,40.0,False,False,True,23047.0,40,failed,"[{'system': 'pos', 'block_number': 40, 'success': False}]"
23045,43000954,146000,232,True,True,40.0,40.0,True,True,True,23043.0,40,b_attack,"[{'system': 'pbs', 'block_number': 40, 'success': True}, {'system': 'pos', 'block_number': 40, 'success': True}]"
23043,43000953,146000,234,True,True,40.0,40.0,True,True,True,23041.0,40,b_attack,"[{'system': 'pbs', 'block_number': 40, 'success': True}, {'system': 'pos', 'block_number': 40, 'success': True}]"
23041,43000952,146000,222,True,True,40.0,40.0,True,True,True,23039.0,40,b_attack,"[{'system': 'pbs', 'block_number': 40, 'success': True}, {'system': 'pos', 'block_number': 40, 'success': True}]"
23039,43000951,146000,223,True,True,40.0,40.0,True,True,True,23037.0,40,b_attack,"[{'system': 'pbs', 'block_number': 40, 'success': True}, {'system': 'pos', 'block_number': 40, 'success': True}]"
23037,43000950,146000,230,True,True,40.0,40.0,True,True,True,23035.0,40,b_attack,"[{'system': 'pbs', 'block_number': 40, 'success': True}, {'system': 'pos', 'block_number': 40, 'success': True}]"
23035,43000949,146000,240,True,True,40.0,40.0,True,True,True,23033.0,40,b_attack,"[{'system': 'pbs', 'block_number': 40, 'success': True}, {'system': 'pos', 'block_number': 40, 'success': True}]"
23033,43000948,146000,230,True,True,40.0,40.0,True,True,True,23031.0,40,b_attack,"[{'system': 'pbs', 'block_number': 40, 'success': True}, {'system': 'pos', 'block_number': 40, 'success': True}]"
23031,43000947,146000,233,True,True,40.0,40.0,True,True,True,23029.0,40,b_attack,"[{'system': 'pbs', 'block_number': 40, 'success': True}, {'system': 'pos', 'block_number': 40, 'success': True}]"
23029,43000946,146000,222,True,True,40.0,40.0,True,True,True,23027.0,40,b_attack,"[{'system': 'pbs', 'block_number': 40, 'success': True}, {'system': 'pos', 'block_number': 40, 'success': True}]"
23027,43000945,146000,222,True,True,40.0,40.0,True,True,True,23025.0,40,b_attack,"[{'system': 'pbs', 'block_number': 40, 'success': True}, {'system': 'pos', 'block_number': 40, 'success': True}]"
23025,43000944,146000,239,True,True,40.0,40.0,True,True,True,23023.0,40,b_attack,"[{'system': 'pbs', 'block_number': 40, 'success': True}, {'system': 'pos', 'block_number': 40, 'success': True}]"
23023,43000943,146000,232,True,True,40.0,40.0,True,True,True,23021.0,40,b_attack,"[{'system': 'pbs', 'block_number': 40, 'success': True}, {'system': 'pos', 'block_number': 40, 'success': True}]"
23021,43000942,146000,235,True,True,40.0,40.0,True,True,True,23019.0,40,b_attack,"[{'system': 'pbs', 'block_number': 40, 'success': True}, {'system': 'pos', 'block_number': 40, 'success': True}]"
23019,43000941,146000,233,True,True,40.0,40.0,True,True,True,23017.0,40,b_attack,"[{'system': 'pbs', 'block_number': 40, 'success': True}, {'system': 'pos', 'block_number': 40, 'success': True}]"
23017,43000940,146000,228,True,True,40.0,40.0,True,True,True,23015.0,40,b_attack,"[{'system': 'pbs', 'block_number': 40, 'success': True}, {'system': 'pos', 'block_number': 40, 'success': True}]"
23015,43000939,146000,234,True,True,40.0,40.0,True,True,True,23013.0,40,b_attack,"[{'system': 'pbs', 'block_number': 40, 'success': True}, {'system': 'pos', 'block_number': 40, 'success': True}]"
23013,43000938,146000,221,True,True,40.0,40.0,True,True,True,23011.0,40,b_attack,"[{'system': 'pbs', 'block_number': 40, 'success': True}, {'system': 'pos', 'block_number': 40, 'success': True}]"
23011,43000937,146000,230,True,True,40.0,40.0,True,True,True,23009.0,40,b_attack,"[{'system': 'pbs', 'block_number': 40, 'success': True}, {'system': 'pos', 'block_number': 40, 'success': True}]"
23009,43000936,146000,228,True,True,40.0,40.0,True,True,True,23007.0,40,b_attack,"[{'system': 'pbs', 'block_number': 40, 'success': True}, {'system': 'pos', 'block_number': 40, 'success': True}]"
23007,43000935,146000,238,True,True,40.0,40.0,True,True,True,23005.0,40,b_attack,"[{'system': 'pbs', 'block_number': 40, 'success': True}, {'system': 'pos', 'block_number': 40, 'success': True}]"
23005,43000934,146000,236,True,True,40.0,40.0,True,True,True,23003.0,40,b_attack,"[{'system': 'pbs', 'block_number': 40, 'success': True}, {'system': 'pos', 'block_number': 40, 'success': True}]"
23003,43000933,146000,229,True,True,40.0,40.0,True,True,True,23001.0,40,b_attack,"[{'system': 'pbs', 'block_number': 40, 'success': True}, {'system': 'pos', 'block_number': 40, 'success': True}]"
23001,0,0,229,True,True,40.0,40.0,False,True,True,22999.0,40,failed,"[{'system': 'pbs', 'block_number': 40, 'success': False}, {'system': 'pos', 'block_number': 40, 'success': True}]"
23002,0,0,229,True,True,40.0,40.0,False,False,True,22999.0,40,failed,"[{'system': 'pbs', 'block_number': 40, 'success': False}, {'system': 'pos', 'block_number': 40, 'success': False}]"
23004,0,0,229,True,True,40.0,40.0,False,False,True,23001.0,40,failed,"[{'system': 'pbs', 'block_number': 40, 'success': False}, {'system': 'pos', 'block_number': 40, 'success': False}]"
23006,0,0,236,True,True,40.0,40.0,False,False,True,23003.0,40,failed,"[{'system': 'pbs', 'block_number': 40, 'success': False}, {'system': 'pos', 'block_number': 40, 'success': False}]"
23008,0,0,238,True,True,40.0,40.0,False,False,True,23005.0,40,failed,"[{'system': 'pbs', 'block_number': 40, 'success': False}, {'system': 'pos', 'block_number': 40, 'success': False}]"
23010,0,0,228,True,True,40.0,40.0,False,False,True,23007.0,40,failed,"[{'system': 'pbs', 'block_number': 40, 'success': False}, {'system': 'pos', 'block_number': 40, 'success': False}]"
23012,0,0,230,True,True,40.0,40.0,False,False,True,23009.0,40,failed,"[{'system': 'pbs', 'block_number': 40, 'success': False}, {'system': 'pos', 'block_number': 40, 'success': False}]"
23014,0,0,221,True,True,40.0,40.0,False,False,True,23011.0,40,failed,"[{'system': 'pbs', 'block_number': 40, 'success': False}, {'system': 'pos', 'block_number': 40, 'success': False}]"
23016,0,0,234,True,True,40.0,40.0,False,False,True,23013.0,40,failed,"[{'system': 'pbs', 'block_number': 40, 'success': False}, {'system': 'pos', 'block_number': 40, 'success': False}]"
23018,0,0,228,True,True,40.0,40.0,False,False,True,23015.0,40,failed,"[{'system': 'pbs', 'block_number': 40, 'success': False}, {'system': 'pos', 'block_number': 40, 'success': False}]"
23020,0,0,233,True,True,40.0,40.0,False,False,True,23017.0,40,failed,"[{'system': 'pbs', 'block_number': 40, 'success': False}, {'system': 'pos', 'block_number': 40, 'success': False}]"
23022,0,0,235,True,True,40.0,40.0,False,False,True,23019.0,40,failed,"[{'system': 'pbs', 'block_number': 40, 'success': False}, {'system': 'pos', 'block_number': 40, 'success': False}]"
23024,0,0,232,True,True,40.0,40.0,False,False,True,23021.0,40,failed,"[{'system': 'pbs', 'block_number': 40, 'success': False}, {'system': 'pos', 'block_number': 40, 'success': False}]"
23026,0,0,239,True,True,40.0,40.0,False,False,True,23023.0,40,failed,"[{'system': 'pbs', 'block_number': 40, 'success': False}, {'system': 'pos', 'block_number': 40, 'success': False}]"
23028,0,0,222,True,True,40.0,40.0,False,False,True,23025.0,40,failed,"[{'system': 'pbs', 'block_number': 40, 'success': False}, {'system': 'pos', 'block_number': 40, 'success': False}]"
23030,0,0,222,True,True,40.0,40.0,False,False,True,23027.0,40,failed,"[{'system': 'pbs', 'block_number': 40, 'success': False}, {'system': 'pos', 'block_number': 40, 'success': False}]"
23032,0,0,233,True,True,40.0,40.0,False,False,True,23029.0,40,failed,"[{'system': 'pbs', 'block_number': 40, 'success': False}, {'system': 'pos', 'block_number': 40, 'success': False}]"
23034,0,0,230,True,True,40.0,40.0,False,False,True,23031.0,40,failed,"[{'system': 'pbs', 'block_number': 40, 'success': False}, {'system': 'pos', 'block_number': 40, 'success': False}]"
23036,0,0,240,True,True,40.0,40.0,False,False,True,23033.0,40,failed,"[{'system': 'pbs', 'block_number': 40, 'success': False}, {'system': 'pos', 'block_number': 40, 'success': False}]"
23038,0,0,230,True,True,40.0,40.0,False,False,True,23035.0,40,failed,"[{'system': 'pbs', 'block_number': 40, 'success': False}, {'system': 'pos', 'block_number': 40, 'success': False}]"
23040,0,0,223,True,True,40.0,40.0,False,False,True,23037.0,40,failed,"[{'system': 'pbs', 'block_number': 40, 'success': False}, {'system': 'pos', 'block_number': 40, 'success': False}]"
23042,0,0,222,True,True,40.0,40.0,False,False,True,23039.0,40,failed,"[{'system': 'pbs', 'block_number': 40, 'success': False}, {'system': 'pos', 'block_number': 40, 'success': False}]"
23044,0,0,234,True,True,40.0,40.0,False,False,True,23041.0,40,failed,"[{'system': 'pbs', 'block_number': 40, 'success': False}, {'system': 'pos', 'block_number': 40, 'success': False}]"
23046,0,0,232,True,True,40.0,40.0,False,False,True,23043.0,40,failed,"[{'system': 'pbs', 'block_number': 40, 'success': False}, {'system': 'pos', 'block_number': 40, 'success': False}]"
23048,0,0,228,True,True,40.0,40.0,False,False,True,23045.0,40,failed,"[{'system': 'pbs', 'block_number': 40, 'success': False}, {'system': 'pos', 'block_number': 40, 'success': False}]"
23095,43000979,146000,235,True,True,41.0,41.0,True,True,True,23093.0,41,b_attack,"[{'system': 'pbs', 'block_number': 41, 'success': True}, {'system': 'pos', 'block_number': 41, 'success': True}]"
23093,43000978,146000,227,True,True,41.0,41.0,True,True,True,23091.0,41,b_attack,"[{'system': 'pbs', 'block_number': 41, 'success': True}, {'system': 'pos', 'block_number': 41, 'success': True}]"
23091,43000977,146000,229,True,True,41.0,41.0,True,True,True,23089.0,41,b_attack,"[{'system': 'pbs', 'block_number': 41, 'success': True}, {'system': 'pos', 'block_number': 41, 'success': True}]"
23089,43000976,146000,238,True,True,41.0,41.0,True,True,True,23087.0,41,b_attack,"[{'system': 'pbs', 'block_number': 41, 'success': True}, {'system': 'pos', 'block_number': 41, 'success': True}]"
23087,43000975,146000,224,True,True,41.0,41.0,True,True,True,23085.0,41,b_attack,"[{'system': 'pbs', 'block_number': 41, 'success': True}, {'system': 'pos', 'block_number': 41, 'success': True}]"
23085,43000974,146000,233,True,True,41.0,41.0,True,True,True,23083.0,41,b_attack,"[{'system': 'pbs', 'block_number': 41, 'success': True}, {'system': 'pos', 'block_number': 41, 'success': True}]"
23083,43000973,146000,223,True,True,41.0,41.0,True,True,True,23081.0,41,b_attack,"[{'system': 'pbs', 'block_number': 41, 'success': True}, {'system': 'pos', 'block_number': 41, 'success': True}]"
23081,43000972,146000,227,True,True,41.0,41.0,True,True,True,23079.0,41,b_attack,"[{'system': 'pbs', 'block_number': 41, 'success': True}, {'system': 'pos', 'block_number': 41, 'success': True}]"
23079,43000971,146000,235,True,True,41.0,41.0,True,True,True,23077.0,41,b_attack,"[{'system': 'pbs', 'block_number': 41, 'success': True}, {'system': 'pos', 'block_number': 41, 'success': True}]"
23077,43000970,146000,234,True,True,41.0,41.0,True,True,True,23075.0,41,b_attack,"[{'system': 'pbs', 'block_number': 41, 'success': True}, {'system': 'pos', 'block_number': 41, 'success': True}]"
23075,43000969,146000,229,True,True,41.0,41.0,True,True,True,23073.0,41,b_attack,"[{'system': 'pbs', 'block_number': 41, 'success': True}, {'system': 'pos', 'block_number': 41, 'success': True}]"
23073,43000968,146000,233,True,True,41.0,41.0,True,True,True,23071.0,41,b_attack,"[{'system': 'pbs', 'block_number': 41, 'success': True}, {'system': 'pos', 'block_number': 41, 'success': True}]"
23071,43000967,146000,223,True,True,41.0,41.0,True,True,True,23069.0,41,b_attack,"[{'system': 'pbs', 'block_number': 41, 'success': True}, {'system': 'pos', 'block_number': 41, 'success': True}]"
23069,43000966,146000,233,True,True,41.0,41.0,True,True,True,23067.0,41,b_attack,"[{'system': 'pbs', 'block_number': 41, 'success': True}, {'system': 'pos', 'block_number': 41, 'success': True}]"
23067,43000965,146000,229,True,True,41.0,41.0,True,True,True,23065.0,41,b_attack,"[{'system': 'pbs', 'block_number': 41, 'success': True}, {'system': 'pos', 'block_number': 41, 'success': True}]"
23065,43000964,146000,233,True,True,41.0,41.0,True,True,True,23063.0,41,b_attack,"[{'system': 'pbs', 'block_number': 41, 'success': True}, {'system': 'pos', 'block_number': 41, 'success': True}]"
23063,43000963,146000,226,True,True,41.0,41.0,True,True,True,23061.0,41,b_attack,"[{'system': 'pbs', 'block_number': 41, 'success': True}, {'system': 'pos', 'block_number': 41, 'success': True}]"
23061,43000962,146000,226,True,True,41.0,41.0,True,True,True,23059.0,41,b_attack,"[{'system': 'pbs', 'block_number': 41, 'success': True}, {'system': 'pos', 'block_number': 41, 'success': True}]"
23059,43000961,146000,233,True,True,41.0,41.0,True,True,True,23057.0,41,b_attack,"[{'system': 'pbs', 'block_number': 41, 'success': True}, {'system': 'pos', 'block_number': 41, 'success': True}]"
23057,43000960,146000,231,True,True,41.0,41.0,True,True,True,23055.0,41,b_attack,"[{'system': 'pbs', 'block_number': 41, 'success': True}, {'system': 'pos', 'block_number': 41, 'success': True}]"
23055,43000959,146000,231,True,True,41.0,41.0,True,True,True,23053.0,41,b_attack,"[{'system': 'pbs', 'block_number': 41, 'success': True}, {'system': 'pos', 'block_number': 41, 'success': True}]"
23053,43000958,146000,221,True,True,41.0,41.0,True,True,True,23051.0,41,b_attack,"[{'system': 'pbs', 'block_number': 41, 'success': True}, {'system': 'pos', 'block_number': 41, 'success': True}]"
23051,43000957,146000,232,True,True,41.0,41.0,True,True,True,23049.0,41,b_attack,"[{'system': 'pbs', 'block_number': 41, 'success': True}, {'system': 'pos', 'block_number': 41, 'success': True}]"
23049,0,0,221,True,True,41.0,41.0,False,False,True,23047.0,41,failed,"[{'system': 'pbs', 'block_number': 41, 'success': False}, {'system': 'pos', 'block_number': 41, 'success': False}]"
23050,0,0,221,True,True,41.0,41.0,False,False,True,23047.0,41,failed,"[{'system': 'pbs', 'block_number': 41, 'success': False}, {'system': 'pos', 'block_number': 41, 'success': False}]"
23052,0,0,232,True,True,41.0,41.0,False,False,True,23049.0,41,failed,"[{'system': 'pbs', 'block_number': 41, 'success': False}, {'system': 'pos', 'block_number': 41, 'success': False}]"
23054,0,0,221,True,True,41.0,41.0,False,False,True,23051.0,41,failed,"[{'system': 'pbs', 'block_number': 41, 'success': False}, {'system': 'pos', 'block_number': 41, 'success': False}]"
23056,0,0,231,True,True,41.0,41.0,False,False,True,23053.0,41,failed,"[{'system': 'pbs', 'block_number': 41, 'success': False}, {'system': 'pos', 'block_number': 41, 'success': False}]"
23058,0,0,231,True,True,41.0,41.0,False,False,True,23055.0,41,failed,"[{'system': 'pbs', 'block_number': 41, 'success': False}, {'system': 'pos', 'block_number': 41, 'success': False}]"
23060,0,0,233,True,True,41.0,41.0,False,False,True,23057.0,41,failed,"[{'system': 'pbs', 'block_number': 41, 'success': False}, {'system': 'pos', 'block_number': 41, 'success': False}]"
23062,0,0,226,True,True,41.0,41.0,False,False,True,23059.0,41,failed,"[{'system': 'pbs', 'block_number': 41, 'success': False}, {'system': 'pos', 'block_number': 41, 'success': False}]"
23064,0,0,226,True,True,41.0,41.0,False,False,True,23061.0,41,failed,"[{'system': 'pbs', 'block_number': 41, 'success': False}, {'system': 'pos', 'block_number': 41, 'success': False}]"
23066,0,0,233,True,True,41.0,41.0,False,False,True,23063.0,41,failed,"[{'system': 'pbs', 'block_number': 41, 'success': False}, {'system': 'pos', 'block_number': 41, 'success': False}]"
23068,0,0,229,True,True,41.0,41.0,False,False,True,23065.0,41,failed,"[{'system': 'pbs', 'block_number': 41, 'success': False}, {'system': 'pos', 'block_number': 41, 'success': False}]"
23070,0,0,233,True,True,41.0,41.0,False,False,True,23067.0,41,failed,"[{'system': 'pbs', 'block_number': 41, 'success': False}, {'system': 'pos', 'block_number': 41, 'success': False}]"
23072,0,0,223,True,True,41.0,41.0,False,False,True,23069.0,41,failed,"[{'system': 'pbs', 'block_number': 41, 'success': False}, {'system': 'pos', 'block_number': 41, 'success': False}]"
23074,0,0,233,True,True,41.0,41.0,False,False,True,23071.0,41,failed,"[{'system': 'pbs', 'block_number': 41, 'success': False}, {'system': 'pos', 'block_number': 41, 'success': False}]"
23076,0,0,229,True,True,41.0,41.0,False,False,True,23073.0,41,failed,"[{'system': 'pbs', 'block_number': 41, 'success': False}, {'system': 'pos', 'block_number': 41, 'success': False}]"
23078,0,0,234,True,True,41.0,41.0,False,False,True,23075.0,41,failed,"[{'system': 'pbs', 'block_number': 41, 'success': False}, {'system': 'pos', 'block_number': 41, 'success': False}]"
23080,0,0,235,True,True,41.0,41.0,False,False,True,23077.0,41,failed,"[{'system': 'pbs', 'block_number': 41, 'success': False}, {'system': 'pos', 'block_number': 41, 'success': False}]"
23082,0,0,227,True,True,41.0,41.0,False,False,True,23079.0,41,failed,"[{'system': 'pbs', 'block_number': 41, 'success': False}, {'system': 'pos', 'block_number': 41, 'success': False}]"
23084,0,0,223,True,True,41.0,41.0,False,False,True,23081.0,41,failed,"[{'system': 'pbs', 'block_number': 41, 'success': False}, {'system': 'pos', 'block_number': 41, 'success': False}]"
23086,0,0,233,True,True,41.0,41.0,False,False,True,23083.0,41,failed,"[{'system': 'pbs', 'block_number': 41, 'success': False}, {'system': 'pos', 'block_number': 41, 'success': False}]"
23088,0,0,224,True,True,41.0,41.0,False,False,True,23085.0,41,failed,"[{'system': 'pbs', 'block_number': 41, 'success': False}, {'system': 'pos', 'block_number': 41, 'success': False}]"
23090,0,0,238,True,True,41.0,41.0,False,False,True,23087.0,41,failed,"[{'system': 'pbs', 'block_number': 41, 'success': False}, {'system': 'pos', 'block_number': 41, 'success': False}]"
23092,0,0,229,True,True,41.0,41.0,False,False,True,23089.0,41,failed,"[{'system': 'pbs', 'block_number': 41, 'success': False}, {'system': 'pos', 'block_number': 41, 'success': False}]"
23094,0,0,227,True,True,41.0,41.0,False,False,True,23091.0,41,failed,"[{'system': 'pbs', 'block_number': 41, 'success': False}, {'system': 'pos', 'block_number': 41, 'success': False}]"
23096,0,0,235,True,True,41.0,41.0,False,False,True,23093.0,41,failed,"[{'system': 'pbs', 'block_number': 41, 'success': False}, {'system': 'pos', 'block_number': 41, 'success': False}]"
23143,43001003,146000,225,True,True,42.0,42.0,True,True,True,23141.0,42,b_attack,"[{'system': 'pbs', 'block_number': 42, 'success': True}, {'system': 'pos', 'block_number': 42, 'success': True}]"
23141,43001002,146000,230,True,True,42.0,42.0,True,True,True,23139.0,42,b_attack,"[{'system': 'pbs', 'block_number': 42, 'success': True}, {'system': 'pos', 'block_number': 42, 'success': True}]"
23139,43001001,146000,226,True,True,42.0,42.0,True,True,True,23137.0,42,b_attack,"[{'system': 'pbs', 'block_number': 42, 'success': True}, {'system': 'pos', 'block_number': 42, 'success': True}]"
23137,43001000,146000,239,True,True,42.0,42.0,True,True,True,23135.0,42,b_attack,"[{'system': 'pbs', 'block_number': 42, 'success': True}, {'system': 'pos', 'block_number': 42, 'success': True}]"
23135,43000999,146000,240,True,True,42.0,42.0,True,True,True,23133.0,42,b_attack,"[{'system': 'pbs', 'block_number': 42, 'success': True}, {'system': 'pos', 'block_number': 42, 'success': True}]"
23133,43000998,146000,230,True,True,42.0,42.0,True,True,True,23131.0,42,b_attack,"[{'system': 'pbs', 'block_number': 42, 'success': True}, {'system': 'pos', 'block_number': 42, 'success': True}]"
23131,43000997,146000,226,True,True,42.0,42.0,True,True,True,23129.0,42,b_attack,"[{'system': 'pbs', 'block_number': 42, 'success': True}, {'system': 'pos', 'block_number': 42, 'success': True}]"
23129,43000996,146000,229,True,True,42.0,42.0,True,True,True,23127.0,42,b_attack,"[{'system': 'pbs', 'block_number': 42, 'success': True}, {'system': 'pos', 'block_number': 42, 'success': True}]"
23127,43000995,146000,224,True,True,42.0,42.0,True,True,True,23125.0,42,b_attack,"[{'system': 'pbs', 'block_number': 42, 'success': True}, {'system': 'pos', 'block_number': 42, 'success': True}]"
23125,43000994,146000,236,True,True,42.0,42.0,True,True,True,23123.0,42,b_attack,"[{'system': 'pbs', 'block_number': 42, 'success': True}, {'system': 'pos', 'block_number': 42, 'success': True}]"
23123,43000993,146000,228,True,True,42.0,42.0,True,True,True,23121.0,42,b_attack,"[{'system': 'pbs', 'block_number': 42, 'success': True}, {'system': 'pos', 'block_number': 42, 'success': True}]"
23121,43000992,146000,229,True,True,42.0,42.0,True,True,True,23119.0,42,b_attack,"[{'system': 'pbs', 'block_number': 42, 'success': True}, {'system': 'pos', 'block_number': 42, 'success': True}]"
23119,43000991,146000,226,True,True,42.0,42.0,True,True,True,23117.0,42,b_attack,"[{'system': 'pbs', 'block_number': 42, 'success': True}, {'system': 'pos', 'block_number': 42, 'success': True}]"
23117,43000990,146000,224,True,True,42.0,42.0,True,True,True,23115.0,42,b_attack,"[{'system': 'pbs', 'block_number': 42, 'success': True}, {'system': 'pos', 'block_number': 42, 'success': True}]"
23115,43000989,146000,233,True,True,42.0,42.0,True,True,True,23113.0,42,b_attack,"[{'system': 'pbs', 'block_number': 42, 'success': True}, {'system': 'pos', 'block_number': 42, 'success': True}]"
23113,43000988,146000,239,True,True,42.0,42.0,True,True,True,23111.0,42,b_attack,"[{'system': 'pbs', 'block_number': 42, 'success': True}, {'system': 'pos', 'block_number': 42, 'success': True}]"
23111,43000987,146000,226,True,True,42.0,42.0,True,True,True,23109.0,42,b_attack,"[{'system': 'pbs', 'block_number': 42, 'success': True}, {'system': 'pos', 'block_number': 42, 'success': True}]"
23109,43000986,146000,240,True,True,42.0,42.0,True,True,True,23107.0,42,b_attack,"[{'system': 'pbs', 'block_number': 42, 'success': True}, {'system': 'pos', 'block_number': 42, 'success': True}]"
23107,43000985,146000,229,True,True,42.0,42.0,True,True,True,23105.0,42,b_attack,"[{'system': 'pbs', 'block_number': 42, 'success': True}, {'system': 'pos', 'block_number': 42, 'success': True}]"
23105,43000984,146000,239,True,True,42.0,42.0,True,True,True,23103.0,42,b_attack,"[{'system': 'pbs', 'block_number': 42, 'success': True}, {'system': 'pos', 'block_number': 42, 'success': True}]"
23103,43000983,146000,237,True,True,42.0,42.0,True,True,True,23101.0,42,b_attack,"[{'system': 'pbs', 'block_number': 42, 'success': True}, {'system': 'pos', 'block_number': 42, 'success': True}]"
23101,43000982,146000,234,True,True,42.0,42.0,True,True,True,23099.0,42,b_attack,"[{'system': 'pbs', 'block_number': 42, 'success': True}, {'system': 'pos', 'block_number': 42, 'success': True}]"
23099,43000981,146000,239,True,True,42.0,42.0,True,True,True,23097.0,42,b_attack,"[{'system': 'pbs', 'block_number': 42, 'success': True}, {'system': 'pos', 'block_number': 42, 'success': True}]"
23097,0,0,231,True,True,42.0,42.0,False,True,True,23095.0,42,failed,"[{'system': 'pbs', 'block_number': 42, 'success': False}, {'system': 'pos', 'block_number': 42, 'success': True}]"
23098,0,0,231,True,True,42.0,42.0,False,False,True,23095.0,42,failed,"[{'system': 'pbs', 'block_number': 42, 'success': False}, {'system': 'pos', 'block_number': 42, 'success': False}]"
23100,0,0,239,True,True,42.0,42.0,False,False,True,23097.0,42,failed,"[{'system': 'pbs', 'block_number': 42, 'success': False}, {'system': 'pos', 'block_number': 42, 'success': False}]"
23102,0,0,234,True,True,42.0,42.0,False,False,True,23099.0,42,failed,"[{'system': 'pbs', 'block_number': 42, 'success': False}, {'system': 'pos', 'block_number': 42, 'success': False}]"
23104,0,0,237,True,True,42.0,42.0,False,False,True,23101.0,42,failed,"[{'system': 'pbs', 'block_number': 42, 'success': False}, {'system': 'pos', 'block_number': 42, 'success': False}]"
23106,0,0,239,True,True,42.0,42.0,False,False,True,23103.0,42,failed,"[{'system': 'pbs', 'block_number': 42, 'success': False}, {'system': 'pos', 'block_number': 42, 'success': False}]"
23108,0,0,229,True,True,42.0,42.0,False,False,True,23105.0,42,failed,"[{'system': 'pbs', 'block_number': 42, 'success': False}, {'system': 'pos', 'block_number': 42, 'success': False}]"
23110,0,0,240,True,True,42.0,42.0,False,False,True,23107.0,42,failed,"[{'system': 'pbs', 'block_number': 42, 'success': False}, {'system': 'pos', 'block_number': 42, 'success': False}]"
23112,0,0,226,True,True,42.0,42.0,False,False,True,23109.0,42,failed,"[{'system': 'pbs', 'block_number': 42, 'success': False}, {'system': 'pos', 'block_number': 42, 'success': False}]"
23114,0,0,239,True,True,42.0,42.0,False,False,True,23111.0,42,failed,"[{'system': 'pbs', 'block_number': 42, 'success': False}, {'system': 'pos', 'block_number': 42, 'success': False}]"
23116,0,0,233,True,True,42.0,42.0,False,False,True,23113.0,42,failed,"[{'system': 'pbs', 'block_number': 42, 'success': False}, {'system': 'pos', 'block_number': 42, 'success': False}]"
23118,0,0,224,True,True,42.0,42.0,False,False,True,23115.0,42,failed,"[{'system': 'pbs', 'block_number': 42, 'success': False}, {'system': 'pos', 'block_number': 42, 'success': False}]"
23120,0,0,226,True,True,42.0,42.0,False,False,True,23117.0,42,failed,"[{'system': 'pbs', 'block_number': 42, 'success': False}, {'system': 'pos', 'block_number': 42, 'success': False}]"
23122,0,0,229,True,True,42.0,42.0,False,False,True,23119.0,42,failed,"[{'system': 'pbs', 'block_number': 42, 'success': False}, {'system': 'pos', 'block_number': 42, 'success': False}]"
23124,0,0,228,True,True,42.0,42.0,False,False,True,23121.0,42,failed,"[{'system': 'pbs', 'block_number': 42, 'success': False}, {'system': 'pos', 'block_number': 42, 'success': False}]"
23126,0,0,236,True,True,42.0,42.0,False,False,True,23123.0,42,failed,"[{'system': 'pbs', 'block_number': 42, 'success': False}, {'system': 'pos', 'block_number': 42, 'success': False}]"
23128,0,0,224,True,True,42.0,42.0,False,False,True,23125.0,42,failed,"[{'system': 'pbs', 'block_number': 42, 'success': False}, {'system': 'pos', 'block_number': 42, 'success': False}]"
23130,0,0,229,True,True,42.0,42.0,False,False,True,23127.0,42,failed,"[{'system': 'pbs', 'block_number': 42, 'success': False}, {'system': 'pos', 'block_number': 42, 'success': False}]"
23132,0,0,226,True,True,42.0,42.0,False,False,True,23129.0,42,failed,"[{'system': 'pbs', 'block_number': 42, 'success': False}, {'system': 'pos', 'block_number': 42, 'success': False}]"
23134,0,0,230,True,True,42.0,42.0,False,False,True,23131.0,42,failed,"[{'system': 'pbs', 'block_number': 42, 'success': False}, {'system': 'pos', 'block_number': 42, 'success': False}]"
23136,0,0,240,True,True,42.0,42.0,False,False,True,23133.0,42,failed,"[{'system': 'pbs', 'block_number': 42, 'success': False}, {'system': 'pos', 'block_number': 42, 'success': False}]"
23138,0,0,239,True,True,42.0,42.0,False,False,True,23135.0,42,failed,"[{'system': 'pbs', 'block_number': 42, 'success': False}, {'system': 'pos', 'block_number': 42, 'success': False}]"
23140,0,0,226,True,True,42.0,42.0,False,False,True,23137.0,42,failed,"[{'system': 'pbs', 'block_number': 42, 'success': False}, {'system': 'pos', 'block_number': 42, 'success': False}]"
23142,0,0,230,True,True,42.0,42.0,False,False,True,23139.0,42,failed,"[{'system': 'pbs', 'block_number': 42, 'success': False}, {'system': 'pos', 'block_number': 42, 'success': False}]"
23144,0,0,225,True,True,42.0,42.0,False,False,True,23141.0,42,failed,"[{'system': 'pbs', 'block_number': 42, 'success': False}, {'system': 'pos', 'block_number': 42, 'success': False}]"
23191,43001027,146000,239,True,True,43.0,43.0,True,True,True,23189.0,43,b_attack,"[{'system': 'pbs', 'block_number': 43, 'success': True}, {'system': 'pos', 'block_number': 43, 'success': True}]"
23189,43001026,146000,237,True,True,43.0,43.0,True,True,True,23187.0,43,b_attack,"[{'system': 'pbs', 'block_number': 43, 'success': True}, {'system': 'pos', 'block_number': 43, 'success': True}]"
23187,43001025,146000,223,True,True,43.0,43.0,True,True,True,23185.0,43,b_attack,"[{'system': 'pbs', 'block_number': 43, 'success': True}, {'system': 'pos', 'block_number': 43, 'success': True}]"
23185,43001024,146000,237,True,True,43.0,43.0,True,True,True,23183.0,43,b_attack,"[{'system': 'pbs', 'block_number': 43, 'success': True}, {'system': 'pos', 'block_number': 43, 'success': True}]"
23183,43001023,146000,237,True,True,43.0,43.0,True,True,True,23181.0,43,b_attack,"[{'system': 'pbs', 'block_number': 43, 'success': True}, {'system': 'pos', 'block_number': 43, 'success': True}]"
23181,43001022,146000,233,True,True,43.0,43.0,True,True,True,23179.0,43,b_attack,"[{'system': 'pbs', 'block_number': 43, 'success': True}, {'system': 'pos', 'block_number': 43, 'success': True}]"
23179,43001021,146000,237,True,True,43.0,43.0,True,True,True,23177.0,43,b_attack,"[{'system': 'pbs', 'block_number': 43, 'success': True}, {'system': 'pos', 'block_number': 43, 'success': True}]"
23177,43001020,146000,229,True,True,43.0,43.0,True,True,True,23175.0,43,b_attack,"[{'system': 'pbs', 'block_number': 43, 'success': True}, {'system': 'pos', 'block_number': 43, 'success': True}]"
23175,43001019,146000,236,True,True,43.0,43.0,True,True,True,23173.0,43,b_attack,"[{'system': 'pbs', 'block_number': 43, 'success': True}, {'system': 'pos', 'block_number': 43, 'success': True}]"
23173,43001018,146000,232,True,True,43.0,43.0,True,True,True,23171.0,43,b_attack,"[{'system': 'pbs', 'block_number': 43, 'success': True}, {'system': 'pos', 'block_number': 43, 'success': True}]"
23171,43001017,146000,226,True,True,43.0,43.0,True,True,True,23169.0,43,b_attack,"[{'system': 'pbs', 'block_number': 43, 'success': True}, {'system': 'pos', 'block_number': 43, 'success': True}]"
23169,43001016,146000,223,True,True,43.0,43.0,True,True,True,23167.0,43,b_attack,"[{'system': 'pbs', 'block_number': 43, 'success': True}, {'system': 'pos', 'block_number': 43, 'success': True}]"
23167,43001015,146000,224,True,True,43.0,43.0,True,True,True,23165.0,43,b_attack,"[{'system': 'pbs', 'block_number': 43, 'success': True}, {'system': 'pos', 'block_number': 43, 'success': True}]"
23165,43001014,146000,232,True,True,43.0,43.0,True,True,True,23163.0,43,b_attack,"[{'system': 'pbs', 'block_number': 43, 'success': True}, {'system': 'pos', 'block_number': 43, 'success': True}]"
23163,43001013,146000,238,True,True,43.0,43.0,True,True,True,23161.0,43,b_attack,"[{'system': 'pbs', 'block_number': 43, 'success': True}, {'system': 'pos', 'block_number': 43, 'success': True}]"
23161,43001012,146000,226,True,True,43.0,43.0,True,True,True,23159.0,43,b_attack,"[{'system': 'pbs', 'block_number': 43, 'success': True}, {'system': 'pos', 'block_number': 43, 'success': True}]"
23159,43001011,146000,232,True,True,43.0,43.0,True,True,True,23157.0,43,b_attack,"[{'system': 'pbs', 'block_number': 43, 'success': True}, {'system': 'pos', 'block_number': 43, 'success': True}]"
23157,43001010,146000,239,True,True,43.0,43.0,True,True,True,23155.0,43,b_attack,"[{'system': 'pbs', 'block_number': 43, 'success': True}, {'system': 'pos', 'block_number': 43, 'success': True}]"
23155,43001009,146000,222,True,True,43.0,43.0,True,True,True,23153.0,43,b_attack,"[{'system': 'pbs', 'block_number': 43, 'success': True}, {'system': 'pos', 'block_number': 43, 'success': True}]"
23153,43001008,146000,226,True,True,43.0,43.0,True,True,True,23151.0,43,b_attack,"[{'system': 'pbs', 'block_number': 43, 'success': True}, {'system': 'pos', 'block_number': 43, 'success': True}]"
23151,43001007,146000,223,True,True,43.0,43.0,True,True,True,23149.0,43,b_attack,"[{'system': 'pbs', 'block_number': 43, 'success': True}, {'system': 'pos', 'block_number': 43, 'success': True}]"
23149,43001006,146000,231,True,True,43.0,43.0,True,True,True,23147.0,43,b_attack,"[{'system': 'pbs', 'block_number': 43, 'success': True}, {'system': 'pos', 'block_number': 43, 'success': True}]"
23147,43001005,146000,239,True,True,43.0,43.0,True,True,True,23145.0,43,b_attack,"[{'system': 'pbs', 'block_number': 43, 'success': True}, {'system': 'pos', 'block_number': 43, 'success': True}]"
23145,0,0,226,True,True,43.0,43.0,False,True,True,23143.0,43,failed,"[{'system': 'pbs', 'block_number': 43, 'success': False}, {'system': 'pos', 'block_number': 43, 'success': True}]"
23146,0,0,226,True,True,43.0,43.0,False,False,True,23143.0,43,failed,"[{'system': 'pbs', 'block_number': 43, 'success': False}, {'system': 'pos', 'block_number': 43, 'success': False}]"
23148,0,0,239,True,True,43.0,43.0,False,False,True,23145.0,43,failed,"[{'system': 'pbs', 'block_number': 43, 'success': False}, {'system': 'pos', 'block_number': 43, 'success': False}]"
23150,0,0,231,True,True,43.0,43.0,False,False,True,23147.0,43,failed,"[{'system': 'pbs', 'block_number': 43, 'success': False}, {'system': 'pos', 'block_number': 43, 'success': False}]"
23152,0,0,223,True,True,43.0,43.0,False,False,True,23149.0,43,failed,"[{'system': 'pbs', 'block_number': 43, 'success': False}, {'system': 'pos', 'block_number': 43, 'success': False}]"
23154,0,0,226,True,True,43.0,43.0,False,False,True,23151.0,43,failed,"[{'system': 'pbs', 'block_number': 43, 'success': False}, {'system': 'pos', 'block_number': 43, 'success': False}]"
23156,0,0,222,True,True,43.0,43.0,False,False,True,23153.0,43,failed,"[{'system': 'pbs', 'block_number': 43, 'success': False}, {'system': 'pos', 'block_number': 43, 'success': False}]"
23158,0,0,239,True,True,43.0,43.0,False,False,True,23155.0,43,failed,"[{'system': 'pbs', 'block_number': 43, 'success': False}, {'system': 'pos', 'block_number': 43, 'success': False}]"
23160,0,0,232,True,True,43.0,43.0,False,False,True,23157.0,43,failed,"[{'system': 'pbs', 'block_number': 43, 'success': False}, {'system': 'pos', 'block_number': 43, 'success': False}]"
23162,0,0,226,True,True,43.0,43.0,False,False,True,23159.0,43,failed,"[{'system': 'pbs', 'block_number': 43, 'success': False}, {'system': 'pos', 'block_number': 43, 'success': False}]"
23164,0,0,238,True,True,43.0,43.0,False,False,True,23161.0,43,failed,"[{'system': 'pbs', 'block_number': 43, 'success': False}, {'system': 'pos', 'block_number': 43, 'success': False}]"
23166,0,0,232,True,True,43.0,43.0,False,False,True,23163.0,43,failed,"[{'system': 'pbs', 'block_number': 43, 'success': False}, {'system': 'pos', 'block_number': 43, 'success': False}]"
23168,0,0,224,True,True,43.0,43.0,False,False,True,23165.0,43,failed,"[{'system': 'pbs', 'block_number': 43, 'success': False}, {'system': 'pos', 'block_number': 43, 'success': False}]"
23170,0,0,223,True,True,43.0,43.0,False,False,True,23167.0,43,failed,"[{'system': 'pbs', 'block_number': 43, 'success': False}, {'system': 'pos', 'block_number': 43, 'success': False}]"
23172,0,0,226,True,True,43.0,43.0,False,False,True,23169.0,43,failed,"[{'system': 'pbs', 'block_number': 43, 'success': False}, {'system': 'pos', 'block_number': 43, 'success': False}]"
23174,0,0,232,True,True,43.0,43.0,False,False,True,23171.0,43,failed,"[{'system': 'pbs', 'block_number': 43, 'success': False}, {'system': 'pos', 'block_number': 43, 'success': False}]"
23176,0,0,236,True,True,43.0,43.0,False,False,True,23173.0,43,failed,"[{'system': 'pbs', 'block_number': 43, 'success': False}, {'system': 'pos', 'block_number': 43, 'success': False}]"
23178,0,0,229,True,True,43.0,43.0,False,False,True,23175.0,43,failed,"[{'system': 'pbs', 'block_number': 43, 'success': False}, {'system': 'pos', 'block_number': 43, 'success': False}]"
23180,0,0,237,True,True,43.0,43.0,False,False,True,23177.0,43,failed,"[{'system': 'pbs', 'block_number': 43, 'success': False}, {'system': 'pos', 'block_number': 43, 'success': False}]"
23182,0,0,233,True,True,43.0,43.0,False,False,True,23179.0,43,failed,"[{'system': 'pbs', 'block_number': 43, 'success': False}, {'system': 'pos', 'block_number': 43, 'success': False}]"
23184,0,0,237,True,True,43.0,43.0,False,False,True,23181.0,43,failed,"[{'system': 'pbs', 'block_number': 43, 'success': False}, {'system': 'pos', 'block_number': 43, 'success': False}]"
23186,0,0,237,True,True,43.0,43.0,False,False,True,23183.0,43,failed,"[{'system': 'pbs', 'block_number': 43, 'success': False}, {'system': 'pos', 'block_number': 43, 'success': False}]"
23188,0,0,223,True,True,43.0,43.0,False,False,True,23185.0,43,failed,"[{'system': 'pbs', 'block_number': 43, 'success': False}, {'system': 'pos', 'block_number': 43, 'success': False}]"
23190,0,0,237,True,True,43.0,43.0,False,False,True,23187.0,43,failed,"[{'system': 'pbs', 'block_number': 43, 'success': False}, {'system': 'pos', 'block_number': 43, 'success': False}]"
23192,0,0,239,True,True,43.0,43.0,False,False,True,23189.0,43,failed,"[{'system': 'pbs', 'block_number': 43, 'success': False}, {'system': 'pos', 'block_number': 43, 'success': False}]"
23239,43001051,146000,235,True,True,44.0,44.0,True,True,True,23237.0,44,b_attack,"[{'system': 'pbs', 'block_number': 44, 'success': True}, {'system': 'pos', 'block_number': 44, 'success': True}]"
23584,0,0,554,False,True,,44.0,False,False,True,23239.0,44,failed,"[{'system': 'pos', 'block_number': 44, 'success': False}]"
23237,43001050,146000,231,True,True,44.0,44.0,True,True,True,23235.0,44,b_attack,"[{'system': 'pbs', 'block_number': 44, 'success': True}, {'system': 'pos', 'block_number': 44, 'success': True}]"
23235,43001049,146000,235,True,True,44.0,44.0,True,True,True,23233.0,44,b_attack,"[{'system': 'pbs', 'block_number': 44, 'success': True}, {'system': 'pos', 'block_number': 44, 'success': True}]"
23233,43001048,146000,234,True,True,44.0,44.0,True,True,True,23231.0,44,b_attack,"[{'system': 'pbs', 'block_number': 44, 'success': True}, {'system': 'pos', 'block_number': 44, 'success': True}]"
23231,43001047,146000,224,True,True,44.0,44.0,True,True,True,23229.0,44,b_attack,"[{'system': 'pbs', 'block_number': 44, 'success': True}, {'system': 'pos', 'block_number': 44, 'success': True}]"
23229,43001046,146000,225,True,True,44.0,44.0,True,True,True,23227.0,44,b_attack,"[{'system': 'pbs', 'block_number': 44, 'success': True}, {'system': 'pos', 'block_number': 44, 'success': True}]"
23227,43001045,146000,235,True,True,44.0,44.0,True,True,True,23225.0,44,b_attack,"[{'system': 'pbs', 'block_number': 44, 'success': True}, {'system': 'pos', 'block_number': 44, 'success': True}]"
23225,43001044,146000,236,True,True,44.0,44.0,True,True,True,23223.0,44,b_attack,"[{'system': 'pbs', 'block_number': 44, 'success': True}, {'system': 'pos', 'block_number': 44, 'success': True}]"
23223,43001043,146000,233,True,True,44.0,44.0,True,True,True,23221.0,44,b_attack,"[{'system': 'pbs', 'block_number': 44, 'success': True}, {'system': 'pos', 'block_number': 44, 'success': True}]"
23221,43001042,146000,221,True,True,44.0,44.0,True,True,True,23219.0,44,b_attack,"[{'system': 'pbs', 'block_number': 44, 'success': True}, {'system': 'pos', 'block_number': 44, 'success': True}]"
23219,43001041,146000,233,True,True,44.0,44.0,True,True,True,23217.0,44,b_attack,"[{'system': 'pbs', 'block_number': 44, 'success': True}, {'system': 'pos', 'block_number': 44, 'success': True}]"
23217,43001040,146000,221,True,True,44.0,44.0,True,True,True,23215.0,44,b_attack,"[{'system': 'pbs', 'block_number': 44, 'success': True}, {'system': 'pos', 'block_number': 44, 'success': True}]"
23215,43001039,146000,233,True,True,44.0,44.0,True,True,True,23213.0,44,b_attack,"[{'system': 'pbs', 'block_number': 44, 'success': True}, {'system': 'pos', 'block_number': 44, 'success': True}]"
23213,43001038,146000,237,True,True,44.0,44.0,True,True,True,23211.0,44,b_attack,"[{'system': 'pbs', 'block_number': 44, 'success': True}, {'system': 'pos', 'block_number': 44, 'success': True}]"
23211,43001037,146000,230,True,True,44.0,44.0,True,True,True,23209.0,44,b_attack,"[{'system': 'pbs', 'block_number': 44, 'success': True}, {'system': 'pos', 'block_number': 44, 'success': True}]"
23209,43001036,146000,225,True,True,44.0,44.0,True,True,True,23207.0,44,b_attack,"[{'system': 'pbs', 'block_number': 44, 'success': True}, {'system': 'pos', 'block_number': 44, 'success': True}]"
23207,43001035,146000,234,True,True,44.0,44.0,True,True,True,23205.0,44,b_attack,"[{'system': 'pbs', 'block_number': 44, 'success': True}, {'system': 'pos', 'block_number': 44, 'success': True}]"
23205,43001034,146000,230,True,True,44.0,44.0,True,True,True,23203.0,44,b_attack,"[{'system': 'pbs', 'block_number': 44, 'success': True}, {'system': 'pos', 'block_number': 44, 'success': True}]"
23203,43001033,146000,226,True,True,44.0,44.0,True,True,True,23201.0,44,b_attack,"[{'system': 'pbs', 'block_number': 44, 'success': True}, {'system': 'pos', 'block_number': 44, 'success': True}]"
23201,43001032,146000,224,True,True,44.0,44.0,True,True,True,23199.0,44,b_attack,"[{'system': 'pbs', 'block_number': 44, 'success': True}, {'system': 'pos', 'block_number': 44, 'success': True}]"
23199,43001031,146000,228,True,True,44.0,44.0,True,True,True,23197.0,44,b_attack,"[{'system': 'pbs', 'block_number': 44, 'success': True}, {'system': 'pos', 'block_number': 44, 'success': True}]"
23197,43001030,146000,222,True,True,44.0,44.0,True,True,True,23195.0,44,b_attack,"[{'system': 'pbs', 'block_number': 44, 'success': True}, {'system': 'pos', 'block_number': 44, 'success': True}]"
23195,43001029,146000,222,True,True,44.0,44.0,True,True,True,23193.0,44,b_attack,"[{'system': 'pbs', 'block_number': 44, 'success': True}, {'system': 'pos', 'block_number': 44, 'success': True}]"
23193,0,0,240,True,True,44.0,44.0,False,True,True,23191.0,44,failed,"[{'system': 'pbs', 'block_number': 44, 'success': False}, {'system': 'pos', 'block_number': 44, 'success': True}]"
23194,0,0,240,True,True,44.0,44.0,False,False,True,23191.0,44,failed,"[{'system': 'pbs', 'block_number': 44, 'success': False}, {'system': 'pos', 'block_number': 44, 'success': False}]"
23196,0,0,222,True,True,44.0,44.0,False,False,True,23193.0,44,failed,"[{'system': 'pbs', 'block_number': 44, 'success': False}, {'system': 'pos', 'block_number': 44, 'success': False}]"
23198,0,0,222,True,True,44.0,44.0,False,False,True,23195.0,44,failed,"[{'system': 'pbs', 'block_number': 44, 'success': False}, {'system': 'pos', 'block_number': 44, 'success': False}]"
23200,0,0,228,True,True,44.0,44.0,False,False,True,23197.0,44,failed,"[{'system': 'pbs', 'block_number': 44, 'success': False}, {'system': 'pos', 'block_number': 44, 'success': False}]"
23202,0,0,224,True,True,44.0,44.0,False,False,True,23199.0,44,failed,"[{'system': 'pbs', 'block_number': 44, 'success': False}, {'system': 'pos', 'block_number': 44, 'success': False}]"
23204,0,0,226,True,True,44.0,44.0,False,False,True,23201.0,44,failed,"[{'system': 'pbs', 'block_number': 44, 'success': False}, {'system': 'pos', 'block_number': 44, 'success': False}]"
23206,0,0,230,True,True,44.0,44.0,False,False,True,23203.0,44,failed,"[{'system': 'pbs', 'block_number': 44, 'success': False}, {'system': 'pos', 'block_number': 44, 'success': False}]"
23208,0,0,234,True,True,44.0,44.0,False,False,True,23205.0,44,failed,"[{'system': 'pbs', 'block_number': 44, 'success': False}, {'system': 'pos', 'block_number': 44, 'success': False}]"
23210,0,0,225,True,True,44.0,44.0,False,False,True,23207.0,44,failed,"[{'system': 'pbs', 'block_number': 44, 'success': False}, {'system': 'pos', 'block_number': 44, 'success': False}]"
23212,0,0,230,True,True,44.0,44.0,False,False,True,23209.0,44,failed,"[{'system': 'pbs', 'block_number': 44, 'success': False}, {'system': 'pos', 'block_number': 44, 'success': False}]"
23214,0,0,237,True,True,44.0,44.0,False,False,True,23211.0,44,failed,"[{'system': 'pbs', 'block_number': 44, 'success': False}, {'system': 'pos', 'block_number': 44, 'success': False}]"
23216,0,0,233,True,True,44.0,44.0,False,False,True,23213.0,44,failed,"[{'system': 'pbs', 'block_number': 44, 'success': False}, {'system': 'pos', 'block_number': 44, 'success': False}]"
23218,0,0,221,True,True,44.0,44.0,False,False,True,23215.0,44,failed,"[{'system': 'pbs', 'block_number': 44, 'success': False}, {'system': 'pos', 'block_number': 44, 'success': False}]"
23220,0,0,233,True,True,44.0,44.0,False,False,True,23217.0,44,failed,"[{'system': 'pbs', 'block_number': 44, 'success': False}, {'system': 'pos', 'block_number': 44, 'success': False}]"
23222,0,0,221,True,True,44.0,44.0,False,False,True,23219.0,44,failed,"[{'system': 'pbs', 'block_number': 44, 'success': False}, {'system': 'pos', 'block_number': 44, 'success': False}]"
23224,0,0,233,True,True,44.0,44.0,False,False,True,23221.0,44,failed,"[{'system': 'pbs', 'block_number': 44, 'success': False}, {'system': 'pos', 'block_number': 44, 'success': False}]"
23226,0,0,236,True,True,44.0,44.0,False,False,True,23223.0,44,failed,"[{'system': 'pbs', 'block_number': 44, 'success': False}, {'system': 'pos', 'block_number': 44, 'success': False}]"
23228,0,0,235,True,True,44.0,44.0,False,False,True,23225.0,44,failed,"[{'system': 'pbs', 'block_number': 44, 'success': False}, {'system': 'pos', 'block_number': 44, 'success': False}]"
23230,0,0,225,True,True,44.0,44.0,False,False,True,23227.0,44,failed,"[{'system': 'pbs', 'block_number': 44, 'success': False}, {'system': 'pos', 'block_number': 44, 'success': False}]"
23232,0,0,224,True,True,44.0,44.0,False,False,True,23229.0,44,failed,"[{'system': 'pbs', 'block_number': 44, 'success': False}, {'system': 'pos', 'block_number': 44, 'success': False}]"
23234,0,0,234,True,True,44.0,44.0,False,False,True,23231.0,44,failed,"[{'system': 'pbs', 'block_number': 44, 'success': False}, {'system': 'pos', 'block_number': 44, 'success': False}]"
23236,0,0,235,True,True,44.0,44.0,False,False,True,23233.0,44,failed,"[{'system': 'pbs', 'block_number': 44, 'success': False}, {'system': 'pos', 'block_number': 44, 'success': False}]"
23238,0,0,231,True,True,44.0,44.0,False,False,True,23235.0,44,failed,"[{'system': 'pbs', 'block_number': 44, 'success': False}, {'system': 'pos', 'block_number': 44, 'success': False}]"
23240,0,0,235,True,True,44.0,44.0,False,False,True,23237.0,44,failed,"[{'system': 'pbs', 'block_number': 44, 'success': False}, {'system': 'pos', 'block_number': 44, 'success': False}]"
23287,43001075,146000,225,True,True,45.0,45.0,True,True,True,23285.0,45,b_attack,"[{'system': 'pbs', 'block_number': 45, 'success': True}, {'system': 'pos', 'block_number': 45, 'success': True}]"
23285,43001074,146000,239,True,True,45.0,45.0,True,True,True,23283.0,45,b_attack,"[{'system': 'pbs', 'block_number': 45, 'success': True}, {'system': 'pos', 'block_number': 45, 'success': True}]"
23283,43001073,146000,236,True,True,45.0,45.0,True,True,True,23281.0,45,b_attack,"[{'system': 'pbs', 'block_number': 45, 'success': True}, {'system': 'pos', 'block_number': 45, 'success': True}]"
23281,43001072,146000,231,True,True,45.0,45.0,True,True,True,23279.0,45,b_attack,"[{'system': 'pbs', 'block_number': 45, 'success': True}, {'system': 'pos', 'block_number': 45, 'success': True}]"
23279,43001071,146000,240,True,True,45.0,45.0,True,True,True,23277.0,45,b_attack,"[{'system': 'pbs', 'block_number': 45, 'success': True}, {'system': 'pos', 'block_number': 45, 'success': True}]"
23277,43001070,146000,232,True,True,45.0,45.0,True,True,True,23275.0,45,b_attack,"[{'system': 'pbs', 'block_number': 45, 'success': True}, {'system': 'pos', 'block_number': 45, 'success': True}]"
23275,43001069,146000,222,True,True,45.0,45.0,True,True,True,23273.0,45,b_attack,"[{'system': 'pbs', 'block_number': 45, 'success': True}, {'system': 'pos', 'block_number': 45, 'success': True}]"
23273,43001068,146000,229,True,True,45.0,45.0,True,True,True,23271.0,45,b_attack,"[{'system': 'pbs', 'block_number': 45, 'success': True}, {'system': 'pos', 'block_number': 45, 'success': True}]"
23271,43001067,146000,221,True,True,45.0,45.0,True,True,True,23269.0,45,b_attack,"[{'system': 'pbs', 'block_number': 45, 'success': True}, {'system': 'pos', 'block_number': 45, 'success': True}]"
23269,43001066,146000,227,True,True,45.0,45.0,True,True,True,23267.0,45,b_attack,"[{'system': 'pbs', 'block_number': 45, 'success': True}, {'system': 'pos', 'block_number': 45, 'success': True}]"
23267,43001065,146000,228,True,True,45.0,45.0,True,True,True,23265.0,45,b_attack,"[{'system': 'pbs', 'block_number': 45, 'success': True}, {'system': 'pos', 'block_number': 45, 'success': True}]"
23265,43001064,146000,231,True,True,45.0,45.0,True,True,True,23263.0,45,b_attack,"[{'system': 'pbs', 'block_number': 45, 'success': True}, {'system': 'pos', 'block_number': 45, 'success': True}]"
23263,43001063,146000,222,True,True,45.0,45.0,True,True,True,23261.0,45,b_attack,"[{'system': 'pbs', 'block_number': 45, 'success': True}, {'system': 'pos', 'block_number': 45, 'success': True}]"
23261,43001062,146000,234,True,True,45.0,45.0,True,True,True,23259.0,45,b_attack,"[{'system': 'pbs', 'block_number': 45, 'success': True}, {'system': 'pos', 'block_number': 45, 'success': True}]"
23259,43001061,146000,224,True,True,45.0,45.0,True,True,True,23257.0,45,b_attack,"[{'system': 'pbs', 'block_number': 45, 'success': True}, {'system': 'pos', 'block_number': 45, 'success': True}]"
23257,43001060,146000,223,True,True,45.0,45.0,True,True,True,23255.0,45,b_attack,"[{'system': 'pbs', 'block_number': 45, 'success': True}, {'system': 'pos', 'block_number': 45, 'success': True}]"
23255,43001059,146000,224,True,True,45.0,45.0,True,True,True,23253.0,45,b_attack,"[{'system': 'pbs', 'block_number': 45, 'success': True}, {'system': 'pos', 'block_number': 45, 'success': True}]"
23253,43001058,146000,223,True,True,45.0,45.0,True,True,True,23251.0,45,b_attack,"[{'system': 'pbs', 'block_number': 45, 'success': True}, {'system': 'pos', 'block_number': 45, 'success': True}]"
23251,43001057,146000,239,True,True,45.0,45.0,True,True,True,23249.0,45,b_attack,"[{'system': 'pbs', 'block_number': 45, 'success': True}, {'system': 'pos', 'block_number': 45, 'success': True}]"
23249,43001056,146000,221,True,True,45.0,45.0,True,True,True,23247.0,45,b_attack,"[{'system': 'pbs', 'block_number': 45, 'success': True}, {'system': 'pos', 'block_number': 45, 'success': True}]"
23247,43001055,146000,236,True,True,45.0,45.0,True,True,True,23245.0,45,b_attack,"[{'system': 'pbs', 'block_number': 45, 'success': True}, {'system': 'pos', 'block_number': 45, 'success': True}]"
23245,43001054,146000,229,True,True,45.0,45.0,True,True,True,23243.0,45,b_attack,"[{'system': 'pbs', 'block_number': 45, 'success': True}, {'system': 'pos', 'block_number': 45, 'success': True}]"
23243,43001053,146000,230,True,True,45.0,45.0,True,True,True,23241.0,45,b_attack,"[{'system': 'pbs', 'block_number': 45, 'success': True}, {'system': 'pos', 'block_number': 45, 'success': True}]"
23241,0,0,230,True,True,45.0,45.0,False,False,True,23239.0,45,failed,"[{'system': 'pbs', 'block_number': 45, 'success': False}, {'system': 'pos', 'block_number': 45, 'success': False}]"
23242,0,0,230,True,True,45.0,45.0,False,False,True,23239.0,45,failed,"[{'system': 'pbs', 'block_number': 45, 'success': False}, {'system': 'pos', 'block_number': 45, 'success': False}]"
23244,0,0,230,True,True,45.0,45.0,False,False,True,23241.0,45,failed,"[{'system': 'pbs', 'block_number': 45, 'success': False}, {'system': 'pos', 'block_number': 45, 'success': False}]"
23246,0,0,229,True,True,45.0,45.0,False,False,True,23243.0,45,failed,"[{'system': 'pbs', 'block_number': 45, 'success': False}, {'system': 'pos', 'block_number': 45, 'success': False}]"
23248,0,0,236,True,True,45.0,45.0,False,False,True,23245.0,45,failed,"[{'system': 'pbs', 'block_number': 45, 'success': False}, {'system': 'pos', 'block_number': 45, 'success': False}]"
23250,0,0,221,True,True,45.0,45.0,False,False,True,23247.0,45,failed,"[{'system': 'pbs', 'block_number': 45, 'success': False}, {'system': 'pos', 'block_number': 45, 'success': False}]"
23252,0,0,239,True,True,45.0,45.0,False,False,True,23249.0,45,failed,"[{'system': 'pbs', 'block_number': 45, 'success': False}, {'system': 'pos', 'block_number': 45, 'success': False}]"
23254,0,0,223,True,True,45.0,45.0,False,False,True,23251.0,45,failed,"[{'system': 'pbs', 'block_number': 45, 'success': False}, {'system': 'pos', 'block_number': 45, 'success': False}]"
23256,0,0,224,True,True,45.0,45.0,False,False,True,23253.0,45,failed,"[{'system': 'pbs', 'block_number': 45, 'success': False}, {'system': 'pos', 'block_number': 45, 'success': False}]"
23258,0,0,223,True,True,45.0,45.0,False,False,True,23255.0,45,failed,"[{'system': 'pbs', 'block_number': 45, 'success': False}, {'system': 'pos', 'block_number': 45, 'success': False}]"
23260,0,0,224,True,True,45.0,45.0,False,False,True,23257.0,45,failed,"[{'system': 'pbs', 'block_number': 45, 'success': False}, {'system': 'pos', 'block_number': 45, 'success': False}]"
23262,0,0,234,True,True,45.0,45.0,False,False,True,23259.0,45,failed,"[{'system': 'pbs', 'block_number': 45, 'success': False}, {'system': 'pos', 'block_number': 45, 'success': False}]"
23264,0,0,222,True,True,45.0,45.0,False,False,True,23261.0,45,failed,"[{'system': 'pbs', 'block_number': 45, 'success': False}, {'system': 'pos', 'block_number': 45, 'success': False}]"
23266,0,0,231,True,True,45.0,45.0,False,False,True,23263.0,45,failed,"[{'system': 'pbs', 'block_number': 45, 'success': False}, {'system': 'pos', 'block_number': 45, 'success': False}]"
23268,0,0,228,True,True,45.0,45.0,False,False,True,23265.0,45,failed,"[{'system': 'pbs', 'block_number': 45, 'success': False}, {'system': 'pos', 'block_number': 45, 'success': False}]"
23270,0,0,227,True,True,45.0,45.0,False,False,True,23267.0,45,failed,"[{'system': 'pbs', 'block_number': 45, 'success': False}, {'system': 'pos', 'block_number': 45, 'success': False}]"
23272,0,0,221,True,True,45.0,45.0,False,False,True,23269.0,45,failed,"[{'system': 'pbs', 'block_number': 45, 'success': False}, {'system': 'pos', 'block_number': 45, 'success': False}]"
23274,0,0,229,True,True,45.0,45.0,False,False,True,23271.0,45,failed,"[{'system': 'pbs', 'block_number': 45, 'success': False}, {'system': 'pos', 'block_number': 45, 'success': False}]"
23276,0,0,222,True,True,45.0,45.0,False,False,True,23273.0,45,failed,"[{'system': 'pbs', 'block_number': 45, 'success': False}, {'system': 'pos', 'block_number': 45, 'success': False}]"
23278,0,0,232,True,True,45.0,45.0,False,False,True,23275.0,45,failed,"[{'system': 'pbs', 'block_number': 45, 'success': False}, {'system': 'pos', 'block_number': 45, 'success': False}]"
23280,0,0,240,True,True,45.0,45.0,False,False,True,23277.0,45,failed,"[{'system': 'pbs', 'block_number': 45, 'success': False}, {'system': 'pos', 'block_number': 45, 'success': False}]"
23282,0,0,231,True,True,45.0,45.0,False,False,True,23279.0,45,failed,"[{'system': 'pbs', 'block_number': 45, 'success': False}, {'system': 'pos', 'block_number': 45, 'success': False}]"
23284,0,0,236,True,True,45.0,45.0,False,False,True,23281.0,45,failed,"[{'system': 'pbs', 'block_number': 45, 'success': False}, {'system': 'pos', 'block_number': 45, 'success': False}]"
23286,0,0,239,True,True,45.0,45.0,False,False,True,23283.0,45,failed,"[{'system': 'pbs', 'block_number': 45, 'success': False}, {'system': 'pos', 'block_number': 45, 'success': False}]"
23288,0,0,225,True,True,45.0,45.0,False,False,True,23285.0,45,failed,"[{'system': 'pbs', 'block_number': 45, 'success': False}, {'system': 'pos', 'block_number': 45, 'success': False}]"
23335,43001099,146000,231,True,True,46.0,46.0,True,True,True,23333.0,46,b_attack,"[{'system': 'pbs', 'block_number': 46, 'success': True}, {'system': 'pos', 'block_number': 46, 'success': True}]"
23333,43001098,146000,221,True,True,46.0,46.0,True,True,True,23331.0,46,b_attack,"[{'system': 'pbs', 'block_number': 46, 'success': True}, {'system': 'pos', 'block_number': 46, 'success': True}]"
23331,43001097,146000,233,True,True,46.0,46.0,True,True,True,23329.0,46,b_attack,"[{'system': 'pbs', 'block_number': 46, 'success': True}, {'system': 'pos', 'block_number': 46, 'success': True}]"
23329,43001096,146000,226,True,True,46.0,46.0,True,True,True,23327.0,46,b_attack,"[{'system': 'pbs', 'block_number': 46, 'success': True}, {'system': 'pos', 'block_number': 46, 'success': True}]"
23327,43001095,146000,234,True,True,46.0,46.0,True,True,True,23325.0,46,b_attack,"[{'system': 'pbs', 'block_number': 46, 'success': True}, {'system': 'pos', 'block_number': 46, 'success': True}]"
23325,43001094,146000,240,True,True,46.0,46.0,True,True,True,23323.0,46,b_attack,"[{'system': 'pbs', 'block_number': 46, 'success': True}, {'system': 'pos', 'block_number': 46, 'success': True}]"
23323,43001093,146000,228,True,True,46.0,46.0,True,True,True,23321.0,46,b_attack,"[{'system': 'pbs', 'block_number': 46, 'success': True}, {'system': 'pos', 'block_number': 46, 'success': True}]"
23321,43001092,146000,238,True,True,46.0,46.0,True,True,True,23319.0,46,b_attack,"[{'system': 'pbs', 'block_number': 46, 'success': True}, {'system': 'pos', 'block_number': 46, 'success': True}]"
23319,43001091,146000,239,True,True,46.0,46.0,True,True,True,23317.0,46,b_attack,"[{'system': 'pbs', 'block_number': 46, 'success': True}, {'system': 'pos', 'block_number': 46, 'success': True}]"
23317,43001090,146000,232,True,True,46.0,46.0,True,True,True,23315.0,46,b_attack,"[{'system': 'pbs', 'block_number': 46, 'success': True}, {'system': 'pos', 'block_number': 46, 'success': True}]"
23315,43001089,146000,224,True,True,46.0,46.0,True,True,True,23313.0,46,b_attack,"[{'system': 'pbs', 'block_number': 46, 'success': True}, {'system': 'pos', 'block_number': 46, 'success': True}]"
23313,43001088,146000,226,True,True,46.0,46.0,True,True,True,23311.0,46,b_attack,"[{'system': 'pbs', 'block_number': 46, 'success': True}, {'system': 'pos', 'block_number': 46, 'success': True}]"
23311,43001087,146000,226,True,True,46.0,46.0,True,True,True,23309.0,46,b_attack,"[{'system': 'pbs', 'block_number': 46, 'success': True}, {'system': 'pos', 'block_number': 46, 'success': True}]"
23309,43001086,146000,221,True,True,46.0,46.0,True,True,True,23307.0,46,b_attack,"[{'system': 'pbs', 'block_number': 46, 'success': True}, {'system': 'pos', 'block_number': 46, 'success': True}]"
23307,43001085,146000,228,True,True,46.0,46.0,True,True,True,23305.0,46,b_attack,"[{'system': 'pbs', 'block_number': 46, 'success': True}, {'system': 'pos', 'block_number': 46, 'success': True}]"
23305,43001084,146000,240,True,True,46.0,46.0,True,True,True,23303.0,46,b_attack,"[{'system': 'pbs', 'block_number': 46, 'success': True}, {'system': 'pos', 'block_number': 46, 'success': True}]"
23303,43001083,146000,227,True,True,46.0,46.0,True,True,True,23301.0,46,b_attack,"[{'system': 'pbs', 'block_number': 46, 'success': True}, {'system': 'pos', 'block_number': 46, 'success': True}]"
23301,43001082,146000,235,True,True,46.0,46.0,True,True,True,23299.0,46,b_attack,"[{'system': 'pbs', 'block_number': 46, 'success': True}, {'system': 'pos', 'block_number': 46, 'success': True}]"
23299,43001081,146000,230,True,True,46.0,46.0,True,True,True,23297.0,46,b_attack,"[{'system': 'pbs', 'block_number': 46, 'success': True}, {'system': 'pos', 'block_number': 46, 'success': True}]"
23297,43001080,146000,234,True,True,46.0,46.0,True,True,True,23295.0,46,b_attack,"[{'system': 'pbs', 'block_number': 46, 'success': True}, {'system': 'pos', 'block_number': 46, 'success': True}]"
23295,43001079,146000,239,True,True,46.0,46.0,True,True,True,23293.0,46,b_attack,"[{'system': 'pbs', 'block_number': 46, 'success': True}, {'system': 'pos', 'block_number': 46, 'success': True}]"
23293,43001078,146000,227,True,True,46.0,46.0,True,True,True,23291.0,46,b_attack,"[{'system': 'pbs', 'block_number': 46, 'success': True}, {'system': 'pos', 'block_number': 46, 'success': True}]"
23291,43001077,146000,222,True,True,46.0,46.0,True,True,True,23289.0,46,b_attack,"[{'system': 'pbs', 'block_number': 46, 'success': True}, {'system': 'pos', 'block_number': 46, 'success': True}]"
23289,0,0,226,True,True,46.0,46.0,False,True,True,23287.0,46,failed,"[{'system': 'pbs', 'block_number': 46, 'success': False}, {'system': 'pos', 'block_number': 46, 'success': True}]"
23290,0,0,226,True,True,46.0,46.0,False,False,True,23287.0,46,failed,"[{'system': 'pbs', 'block_number': 46, 'success': False}, {'system': 'pos', 'block_number': 46, 'success': False}]"
23292,0,0,222,True,True,46.0,46.0,False,False,True,23289.0,46,failed,"[{'system': 'pbs', 'block_number': 46, 'success': False}, {'system': 'pos', 'block_number': 46, 'success': False}]"
23294,0,0,227,True,True,46.0,46.0,False,False,True,23291.0,46,failed,"[{'system': 'pbs', 'block_number': 46, 'success': False}, {'system': 'pos', 'block_number': 46, 'success': False}]"
23296,0,0,239,True,True,46.0,46.0,False,False,True,23293.0,46,failed,"[{'system': 'pbs', 'block_number': 46, 'success': False}, {'system': 'pos', 'block_number': 46, 'success': False}]"
23298,0,0,234,True,True,46.0,46.0,False,False,True,23295.0,46,failed,"[{'system': 'pbs', 'block_number': 46, 'success': False}, {'system': 'pos', 'block_number': 46, 'success': False}]"
23300,0,0,230,True,True,46.0,46.0,False,False,True,23297.0,46,failed,"[{'system': 'pbs', 'block_number': 46, 'success': False}, {'system': 'pos', 'block_number': 46, 'success': False}]"
23302,0,0,235,True,True,46.0,46.0,False,False,True,23299.0,46,failed,"[{'system': 'pbs', 'block_number': 46, 'success': False}, {'system': 'pos', 'block_number': 46, 'success': False}]"
23304,0,0,227,True,True,46.0,46.0,False,False,True,23301.0,46,failed,"[{'system': 'pbs', 'block_number': 46, 'success': False}, {'system': 'pos', 'block_number': 46, 'success': False}]"
23306,0,0,240,True,True,46.0,46.0,False,False,True,23303.0,46,failed,"[{'system': 'pbs', 'block_number': 46, 'success': False}, {'system': 'pos', 'block_number': 46, 'success': False}]"
23308,0,0,228,True,True,46.0,46.0,False,False,True,23305.0,46,failed,"[{'system': 'pbs', 'block_number': 46, 'success': False}, {'system': 'pos', 'block_number': 46, 'success': False}]"
23310,0,0,221,True,True,46.0,46.0,False,False,True,23307.0,46,failed,"[{'system': 'pbs', 'block_number': 46, 'success': False}, {'system': 'pos', 'block_number': 46, 'success': False}]"
23312,0,0,226,True,True,46.0,46.0,False,False,True,23309.0,46,failed,"[{'system': 'pbs', 'block_number': 46, 'success': False}, {'system': 'pos', 'block_number': 46, 'success': False}]"
23314,0,0,226,True,True,46.0,46.0,False,False,True,23311.0,46,failed,"[{'system': 'pbs', 'block_number': 46, 'success': False}, {'system': 'pos', 'block_number': 46, 'success': False}]"
23316,0,0,224,True,True,46.0,46.0,False,False,True,23313.0,46,failed,"[{'system': 'pbs', 'block_number': 46, 'success': False}, {'system': 'pos', 'block_number': 46, 'success': False}]"
23318,0,0,232,True,True,46.0,46.0,False,False,True,23315.0,46,failed,"[{'system': 'pbs', 'block_number': 46, 'success': False}, {'system': 'pos', 'block_number': 46, 'success': False}]"
23320,0,0,239,True,True,46.0,46.0,False,False,True,23317.0,46,failed,"[{'system': 'pbs', 'block_number': 46, 'success': False}, {'system': 'pos', 'block_number': 46, 'success': False}]"
23322,0,0,238,True,True,46.0,46.0,False,False,True,23319.0,46,failed,"[{'system': 'pbs', 'block_number': 46, 'success': False}, {'system': 'pos', 'block_number': 46, 'success': False}]"
23324,0,0,228,True,True,46.0,46.0,False,False,True,23321.0,46,failed,"[{'system': 'pbs', 'block_number': 46, 'success': False}, {'system': 'pos', 'block_number': 46, 'success': False}]"
23326,0,0,240,True,True,46.0,46.0,False,False,True,23323.0,46,failed,"[{'system': 'pbs', 'block_number': 46, 'success': False}, {'system': 'pos', 'block_number': 46, 'success': False}]"
23328,0,0,234,True,True,46.0,46.0,False,False,True,23325.0,46,failed,"[{'system': 'pbs', 'block_number': 46, 'success': False}, {'system': 'pos', 'block_number': 46, 'success': False}]"
23330,0,0,226,True,True,46.0,46.0,False,False,True,23327.0,46,failed,"[{'system': 'pbs', 'block_number': 46, 'success': False}, {'system': 'pos', 'block_number': 46, 'success': False}]"
23332,0,0,233,True,True,46.0,46.0,False,False,True,23329.0,46,failed,"[{'system': 'pbs', 'block_number': 46, 'success': False}, {'system': 'pos', 'block_number': 46, 'success': False}]"
23334,0,0,221,True,True,46.0,46.0,False,False,True,23331.0,46,failed,"[{'system': 'pbs', 'block_number': 46, 'success': False}, {'system': 'pos', 'block_number': 46, 'success': False}]"
23336,0,0,231,True,True,46.0,46.0,False,False,True,23333.0,46,failed,"[{'system': 'pbs', 'block_number': 46, 'success': False}, {'system': 'pos', 'block_number': 46, 'success': False}]"
23383,43001123,146000,229,True,True,47.0,47.0,True,True,True,23381.0,47,b_attack,"[{'system': 'pbs', 'block_number': 47, 'success': True}, {'system': 'pos', 'block_number': 47, 'success': True}]"
23381,43001122,146000,233,True,True,47.0,47.0,True,True,True,23379.0,47,b_attack,"[{'system': 'pbs', 'block_number': 47, 'success': True}, {'system': 'pos', 'block_number': 47, 'success': True}]"
23379,43001121,146000,235,True,True,47.0,47.0,True,True,True,23377.0,47,b_attack,"[{'system': 'pbs', 'block_number': 47, 'success': True}, {'system': 'pos', 'block_number': 47, 'success': True}]"
23377,43001120,146000,226,True,True,47.0,47.0,True,True,True,23375.0,47,b_attack,"[{'system': 'pbs', 'block_number': 47, 'success': True}, {'system': 'pos', 'block_number': 47, 'success': True}]"
23375,43001119,146000,232,True,True,47.0,47.0,True,True,True,23373.0,47,b_attack,"[{'system': 'pbs', 'block_number': 47, 'success': True}, {'system': 'pos', 'block_number': 47, 'success': True}]"
23373,43001118,146000,235,True,True,47.0,47.0,True,True,True,23371.0,47,b_attack,"[{'system': 'pbs', 'block_number': 47, 'success': True}, {'system': 'pos', 'block_number': 47, 'success': True}]"
23371,43001117,146000,230,True,True,47.0,47.0,True,True,True,23369.0,47,b_attack,"[{'system': 'pbs', 'block_number': 47, 'success': True}, {'system': 'pos', 'block_number': 47, 'success': True}]"
23369,43001116,146000,240,True,True,47.0,47.0,True,True,True,23367.0,47,b_attack,"[{'system': 'pbs', 'block_number': 47, 'success': True}, {'system': 'pos', 'block_number': 47, 'success': True}]"
23367,43001115,146000,228,True,True,47.0,47.0,True,True,True,23365.0,47,b_attack,"[{'system': 'pbs', 'block_number': 47, 'success': True}, {'system': 'pos', 'block_number': 47, 'success': True}]"
23365,43001114,146000,234,True,True,47.0,47.0,True,True,True,23363.0,47,b_attack,"[{'system': 'pbs', 'block_number': 47, 'success': True}, {'system': 'pos', 'block_number': 47, 'success': True}]"
23363,43001113,146000,230,True,True,47.0,47.0,True,True,True,23361.0,47,b_attack,"[{'system': 'pbs', 'block_number': 47, 'success': True}, {'system': 'pos', 'block_number': 47, 'success': True}]"
23361,43001112,146000,238,True,True,47.0,47.0,True,True,True,23359.0,47,b_attack,"[{'system': 'pbs', 'block_number': 47, 'success': True}, {'system': 'pos', 'block_number': 47, 'success': True}]"
23359,43001111,146000,233,True,True,47.0,47.0,True,True,True,23357.0,47,b_attack,"[{'system': 'pbs', 'block_number': 47, 'success': True}, {'system': 'pos', 'block_number': 47, 'success': True}]"
23357,43001110,146000,234,True,True,47.0,47.0,True,True,True,23355.0,47,b_attack,"[{'system': 'pbs', 'block_number': 47, 'success': True}, {'system': 'pos', 'block_number': 47, 'success': True}]"
23355,43001109,146000,224,True,True,47.0,47.0,True,True,True,23353.0,47,b_attack,"[{'system': 'pbs', 'block_number': 47, 'success': True}, {'system': 'pos', 'block_number': 47, 'success': True}]"
23353,43001108,146000,222,True,True,47.0,47.0,True,True,True,23351.0,47,b_attack,"[{'system': 'pbs', 'block_number': 47, 'success': True}, {'system': 'pos', 'block_number': 47, 'success': True}]"
23351,43001107,146000,228,True,True,47.0,47.0,True,True,True,23349.0,47,b_attack,"[{'system': 'pbs', 'block_number': 47, 'success': True}, {'system': 'pos', 'block_number': 47, 'success': True}]"
23349,43001106,146000,221,True,True,47.0,47.0,True,True,True,23347.0,47,b_attack,"[{'system': 'pbs', 'block_number': 47, 'success': True}, {'system': 'pos', 'block_number': 47, 'success': True}]"
23347,43001105,146000,229,True,True,47.0,47.0,True,True,True,23345.0,47,b_attack,"[{'system': 'pbs', 'block_number': 47, 'success': True}, {'system': 'pos', 'block_number': 47, 'success': True}]"
23345,43001104,146000,235,True,True,47.0,47.0,True,True,True,23343.0,47,b_attack,"[{'system': 'pbs', 'block_number': 47, 'success': True}, {'system': 'pos', 'block_number': 47, 'success': True}]"
23343,43001103,146000,232,True,True,47.0,47.0,True,True,True,23341.0,47,b_attack,"[{'system': 'pbs', 'block_number': 47, 'success': True}, {'system': 'pos', 'block_number': 47, 'success': True}]"
23341,43001102,146000,238,True,True,47.0,47.0,True,True,True,23339.0,47,b_attack,"[{'system': 'pbs', 'block_number': 47, 'success': True}, {'system': 'pos', 'block_number': 47, 'success': True}]"
23339,43001101,146000,223,True,True,47.0,47.0,True,True,True,23337.0,47,b_attack,"[{'system': 'pbs', 'block_number': 47, 'success': True}, {'system': 'pos', 'block_number': 47, 'success': True}]"
23337,0,0,240,True,True,47.0,47.0,False,True,True,23335.0,47,failed,"[{'system': 'pbs', 'block_number': 47, 'success': False}, {'system': 'pos', 'block_number': 47, 'success': True}]"
23338,0,0,240,True,True,47.0,47.0,False,False,True,23335.0,47,failed,"[{'system': 'pbs', 'block_number': 47, 'success': False}, {'system': 'pos', 'block_number': 47, 'success': False}]"
23340,0,0,223,True,True,47.0,47.0,False,False,True,23337.0,47,failed,"[{'system': 'pbs', 'block_number': 47, 'success': False}, {'system': 'pos', 'block_number': 47, 'success': False}]"
23342,0,0,238,True,True,47.0,47.0,False,False,True,23339.0,47,failed,"[{'system': 'pbs', 'block_number': 47, 'success': False}, {'system': 'pos', 'block_number': 47, 'success': False}]"
23344,0,0,232,True,True,47.0,47.0,False,False,True,23341.0,47,failed,"[{'system': 'pbs', 'block_number': 47, 'success': False}, {'system': 'pos', 'block_number': 47, 'success': False}]"
23346,0,0,235,True,True,47.0,47.0,False,False,True,23343.0,47,failed,"[{'system': 'pbs', 'block_number': 47, 'success': False}, {'system': 'pos', 'block_number': 47, 'success': False}]"
23348,0,0,229,True,True,47.0,47.0,False,False,True,23345.0,47,failed,"[{'system': 'pbs', 'block_number': 47, 'success': False}, {'system': 'pos', 'block_number': 47, 'success': False}]"
23350,0,0,221,True,True,47.0,47.0,False,False,True,23347.0,47,failed,"[{'system': 'pbs', 'block_number': 47, 'success': False}, {'system': 'pos', 'block_number': 47, 'success': False}]"
23352,0,0,228,True,True,47.0,47.0,False,False,True,23349.0,47,failed,"[{'system': 'pbs', 'block_number': 47, 'success': False}, {'system': 'pos', 'block_number': 47, 'success': False}]"
23354,0,0,222,True,True,47.0,47.0,False,False,True,23351.0,47,failed,"[{'system': 'pbs', 'block_number': 47, 'success': False}, {'system': 'pos', 'block_number': 47, 'success': False}]"
23356,0,0,224,True,True,47.0,47.0,False,False,True,23353.0,47,failed,"[{'system': 'pbs', 'block_number': 47, 'success': False}, {'system': 'pos', 'block_number': 47, 'success': False}]"
23358,0,0,234,True,True,47.0,47.0,False,False,True,23355.0,47,failed,"[{'system': 'pbs', 'block_number': 47, 'success': False}, {'system': 'pos', 'block_number': 47, 'success': False}]"
23360,0,0,233,True,True,47.0,47.0,False,False,True,23357.0,47,failed,"[{'system': 'pbs', 'block_number': 47, 'success': False}, {'system': 'pos', 'block_number': 47, 'success': False}]"
23362,0,0,238,True,True,47.0,47.0,False,False,True,23359.0,47,failed,"[{'system': 'pbs', 'block_number': 47, 'success': False}, {'system': 'pos', 'block_number': 47, 'success': False}]"
23364,0,0,230,True,True,47.0,47.0,False,False,True,23361.0,47,failed,"[{'system': 'pbs', 'block_number': 47, 'success': False}, {'system': 'pos', 'block_number': 47, 'success': False}]"
23366,0,0,234,True,True,47.0,47.0,False,False,True,23363.0,47,failed,"[{'system': 'pbs', 'block_number': 47, 'success': False}, {'system': 'pos', 'block_number': 47, 'success': False}]"
23368,0,0,228,True,True,47.0,47.0,False,False,True,23365.0,47,failed,"[{'system': 'pbs', 'block_number': 47, 'success': False}, {'system': 'pos', 'block_number': 47, 'success': False}]"
23370,0,0,240,True,True,47.0,47.0,False,False,True,23367.0,47,failed,"[{'system': 'pbs', 'block_number': 47, 'success': False}, {'system': 'pos', 'block_number': 47, 'success': False}]"
23372,0,0,230,True,True,47.0,47.0,False,False,True,23369.0,47,failed,"[{'system': 'pbs', 'block_number': 47, 'success': False}, {'system': 'pos', 'block_number': 47, 'success': False}]"
23374,0,0,235,True,True,47.0,47.0,False,False,True,23371.0,47,failed,"[{'system': 'pbs', 'block_number': 47, 'success': False}, {'system': 'pos', 'block_number': 47, 'success': False}]"
23376,0,0,232,True,True,47.0,47.0,False,False,True,23373.0,47,failed,"[{'system': 'pbs', 'block_number': 47, 'success': False}, {'system': 'pos', 'block_number': 47, 'success': False}]"
23378,0,0,226,True,True,47.0,47.0,False,False,True,23375.0,47,failed,"[{'system': 'pbs', 'block_number': 47, 'success': False}, {'system': 'pos', 'block_number': 47, 'success': False}]"
23380,0,0,235,True,True,47.0,47.0,False,False,True,23377.0,47,failed,"[{'system': 'pbs', 'block_number': 47, 'success': False}, {'system': 'pos', 'block_number': 47, 'success': False}]"
23382,0,0,233,True,True,47.0,47.0,False,False,True,23379.0,47,failed,"[{'system': 'pbs', 'block_number': 47, 'success': False}, {'system': 'pos', 'block_number': 47, 'success': False}]"
23384,0,0,229,True,True,47.0,47.0,False,False,True,23381.0,47,failed,"[{'system': 'pbs', 'block_number': 47, 'success': False}, {'system': 'pos', 'block_number': 47, 'success': False}]"
23431,43001147,146000,227,True,True,48.0,48.0,True,True,True,23429.0,48,b_attack,"[{'system': 'pbs', 'block_number': 48, 'success': True}, {'system': 'pos', 'block_number': 48, 'success': True}]"
23429,43001146,146000,229,True,True,48.0,48.0,True,True,True,23427.0,48,b_attack,"[{'system': 'pbs', 'block_number': 48, 'success': True}, {'system': 'pos', 'block_number': 48, 'success': True}]"
23427,43001145,146000,239,True,True,48.0,48.0,True,True,True,23425.0,48,b_attack,"[{'system': 'pbs', 'block_number': 48, 'success': True}, {'system': 'pos', 'block_number': 48, 'success': True}]"
23425,43001144,146000,223,True,True,48.0,48.0,True,True,True,23423.0,48,b_attack,"[{'system': 'pbs', 'block_number': 48, 'success': True}, {'system': 'pos', 'block_number': 48, 'success': True}]"
23423,43001143,146000,232,True,True,48.0,48.0,True,True,True,23421.0,48,b_attack,"[{'system': 'pbs', 'block_number': 48, 'success': True}, {'system': 'pos', 'block_number': 48, 'success': True}]"
23421,43001142,146000,234,True,True,48.0,48.0,True,True,True,23419.0,48,b_attack,"[{'system': 'pbs', 'block_number': 48, 'success': True}, {'system': 'pos', 'block_number': 48, 'success': True}]"
23419,43001141,146000,239,True,True,48.0,48.0,True,True,True,23417.0,48,b_attack,"[{'system': 'pbs', 'block_number': 48, 'success': True}, {'system': 'pos', 'block_number': 48, 'success': True}]"
23417,43001140,146000,238,True,True,48.0,48.0,True,True,True,23415.0,48,b_attack,"[{'system': 'pbs', 'block_number': 48, 'success': True}, {'system': 'pos', 'block_number': 48, 'success': True}]"
23415,43001139,146000,239,True,True,48.0,48.0,True,True,True,23413.0,48,b_attack,"[{'system': 'pbs', 'block_number': 48, 'success': True}, {'system': 'pos', 'block_number': 48, 'success': True}]"
23413,43001138,146000,237,True,True,48.0,48.0,True,True,True,23411.0,48,b_attack,"[{'system': 'pbs', 'block_number': 48, 'success': True}, {'system': 'pos', 'block_number': 48, 'success': True}]"
23411,43001137,146000,221,True,True,48.0,48.0,True,True,True,23409.0,48,b_attack,"[{'system': 'pbs', 'block_number': 48, 'success': True}, {'system': 'pos', 'block_number': 48, 'success': True}]"
23409,43001136,146000,238,True,True,48.0,48.0,True,True,True,23407.0,48,b_attack,"[{'system': 'pbs', 'block_number': 48, 'success': True}, {'system': 'pos', 'block_number': 48, 'success': True}]"
23407,43001135,146000,237,True,True,48.0,48.0,True,True,True,23405.0,48,b_attack,"[{'system': 'pbs', 'block_number': 48, 'success': True}, {'system': 'pos', 'block_number': 48, 'success': True}]"
23405,43001134,146000,226,True,True,48.0,48.0,True,True,True,23403.0,48,b_attack,"[{'system': 'pbs', 'block_number': 48, 'success': True}, {'system': 'pos', 'block_number': 48, 'success': True}]"
23403,43001133,146000,223,True,True,48.0,48.0,True,True,True,23401.0,48,b_attack,"[{'system': 'pbs', 'block_number': 48, 'success': True}, {'system': 'pos', 'block_number': 48, 'success': True}]"
23401,43001132,146000,235,True,True,48.0,48.0,True,True,True,23399.0,48,b_attack,"[{'system': 'pbs', 'block_number': 48, 'success': True}, {'system': 'pos', 'block_number': 48, 'success': True}]"
23399,43001131,146000,234,True,True,48.0,48.0,True,True,True,23397.0,48,b_attack,"[{'system': 'pbs', 'block_number': 48, 'success': True}, {'system': 'pos', 'block_number': 48, 'success': True}]"
23397,43001130,146000,227,True,True,48.0,48.0,True,True,True,23395.0,48,b_attack,"[{'system': 'pbs', 'block_number': 48, 'success': True}, {'system': 'pos', 'block_number': 48, 'success': True}]"
23395,43001129,146000,230,True,True,48.0,48.0,True,True,True,23393.0,48,b_attack,"[{'system': 'pbs', 'block_number': 48, 'success': True}, {'system': 'pos', 'block_number': 48, 'success': True}]"
23393,43001128,146000,231,True,True,48.0,48.0,True,True,True,23391.0,48,b_attack,"[{'system': 'pbs', 'block_number': 48, 'success': True}, {'system': 'pos', 'block_number': 48, 'success': True}]"
23391,43001127,146000,228,True,True,48.0,48.0,True,True,True,23389.0,48,b_attack,"[{'system': 'pbs', 'block_number': 48, 'success': True}, {'system': 'pos', 'block_number': 48, 'success': True}]"
23389,43001126,146000,229,True,True,48.0,48.0,True,True,True,23387.0,48,b_attack,"[{'system': 'pbs', 'block_number': 48, 'success': True}, {'system': 'pos', 'block_number': 48, 'success': True}]"
23387,43001125,146000,227,True,True,48.0,48.0,True,True,True,23385.0,48,b_attack,"[{'system': 'pbs', 'block_number': 48, 'success': True}, {'system': 'pos', 'block_number': 48, 'success': True}]"
23385,0,0,222,True,True,48.0,48.0,False,True,True,23383.0,48,failed,"[{'system': 'pbs', 'block_number': 48, 'success': False}, {'system': 'pos', 'block_number': 48, 'success': True}]"
23386,0,0,222,True,True,48.0,48.0,False,False,True,23383.0,48,failed,"[{'system': 'pbs', 'block_number': 48, 'success': False}, {'system': 'pos', 'block_number': 48, 'success': False}]"
23388,0,0,227,True,True,48.0,48.0,False,False,True,23385.0,48,failed,"[{'system': 'pbs', 'block_number': 48, 'success': False}, {'system': 'pos', 'block_number': 48, 'success': False}]"
23390,0,0,229,True,True,48.0,48.0,False,False,True,23387.0,48,failed,"[{'system': 'pbs', 'block_number': 48, 'success': False}, {'system': 'pos', 'block_number': 48, 'success': False}]"
23392,0,0,228,True,True,48.0,48.0,False,False,True,23389.0,48,failed,"[{'system': 'pbs', 'block_number': 48, 'success': False}, {'system': 'pos', 'block_number': 48, 'success': False}]"
23394,0,0,231,True,True,48.0,48.0,False,False,True,23391.0,48,failed,"[{'system': 'pbs', 'block_number': 48, 'success': False}, {'system': 'pos', 'block_number': 48, 'success': False}]"
23396,0,0,230,True,True,48.0,48.0,False,False,True,23393.0,48,failed,"[{'system': 'pbs', 'block_number': 48, 'success': False}, {'system': 'pos', 'block_number': 48, 'success': False}]"
23398,0,0,227,True,True,48.0,48.0,False,False,True,23395.0,48,failed,"[{'system': 'pbs', 'block_number': 48, 'success': False}, {'system': 'pos', 'block_number': 48, 'success': False}]"
23400,0,0,234,True,True,48.0,48.0,False,False,True,23397.0,48,failed,"[{'system': 'pbs', 'block_number': 48, 'success': False}, {'system': 'pos', 'block_number': 48, 'success': False}]"
23402,0,0,235,True,True,48.0,48.0,False,False,True,23399.0,48,failed,"[{'system': 'pbs', 'block_number': 48, 'success': False}, {'system': 'pos', 'block_number': 48, 'success': False}]"
23404,0,0,223,True,True,48.0,48.0,False,False,True,23401.0,48,failed,"[{'system': 'pbs', 'block_number': 48, 'success': False}, {'system': 'pos', 'block_number': 48, 'success': False}]"
23406,0,0,226,True,True,48.0,48.0,False,False,True,23403.0,48,failed,"[{'system': 'pbs', 'block_number': 48, 'success': False}, {'system': 'pos', 'block_number': 48, 'success': False}]"
23408,0,0,237,True,True,48.0,48.0,False,False,True,23405.0,48,failed,"[{'system': 'pbs', 'block_number': 48, 'success': False}, {'system': 'pos', 'block_number': 48, 'success': False}]"
23410,0,0,238,True,True,48.0,48.0,False,False,True,23407.0,48,failed,"[{'system': 'pbs', 'block_number': 48, 'success': False}, {'system': 'pos', 'block_number': 48, 'success': False}]"
23412,0,0,221,True,True,48.0,48.0,False,False,True,23409.0,48,failed,"[{'system': 'pbs', 'block_number': 48, 'success': False}, {'system': 'pos', 'block_number': 48, 'success': False}]"
23414,0,0,237,True,True,48.0,48.0,False,False,True,23411.0,48,failed,"[{'system': 'pbs', 'block_number': 48, 'success': False}, {'system': 'pos', 'block_number': 48, 'success': False}]"
23416,0,0,239,True,True,48.0,48.0,False,False,True,23413.0,48,failed,"[{'system': 'pbs', 'block_number': 48, 'success': False}, {'system': 'pos', 'block_number': 48, 'success': False}]"
23418,0,0,238,True,True,48.0,48.0,False,False,True,23415.0,48,failed,"[{'system': 'pbs', 'block_number': 48, 'success': False}, {'system': 'pos', 'block_number': 48, 'success': False}]"
23420,0,0,239,True,True,48.0,48.0,False,False,True,23417.0,48,failed,"[{'system': 'pbs', 'block_number': 48, 'success': False}, {'system': 'pos', 'block_number': 48, 'success': False}]"
23422,0,0,234,True,True,48.0,48.0,False,False,True,23419.0,48,failed,"[{'system': 'pbs', 'block_number': 48, 'success': False}, {'system': 'pos', 'block_number': 48, 'success': False}]"
23424,0,0,232,True,True,48.0,48.0,False,False,True,23421.0,48,failed,"[{'system': 'pbs', 'block_number': 48, 'success': False}, {'system': 'pos', 'block_number': 48, 'success': False}]"
23426,0,0,223,True,True,48.0,48.0,False,False,True,23423.0,48,failed,"[{'system': 'pbs', 'block_number': 48, 'success': False}, {'system': 'pos', 'block_number': 48, 'success': False}]"
23428,0,0,239,True,True,48.0,48.0,False,False,True,23425.0,48,failed,"[{'system': 'pbs', 'block_number': 48, 'success': False}, {'system': 'pos', 'block_number': 48, 'success': False}]"
23430,0,0,229,True,True,48.0,48.0,False,False,True,23427.0,48,failed,"[{'system': 'pbs', 'block_number': 48, 'success': False}, {'system': 'pos', 'block_number': 48, 'success': False}]"
23432,0,0,227,True,True,48.0,48.0,False,False,True,23429.0,48,failed,"[{'system': 'pbs', 'block_number': 48, 'success': False}, {'system': 'pos', 'block_number': 48, 'success': False}]"
23479,43001171,146000,236,True,True,49.0,49.0,True,True,True,23477.0,49,b_attack,"[{'system': 'pbs', 'block_number': 49, 'success': True}, {'system': 'pos', 'block_number': 49, 'success': True}]"
23477,43001170,146000,230,True,True,49.0,49.0,True,True,True,23475.0,49,b_attack,"[{'system': 'pbs', 'block_number': 49, 'success': True}, {'system': 'pos', 'block_number': 49, 'success': True}]"
23475,43001169,146000,233,True,True,49.0,49.0,True,True,True,23473.0,49,b_attack,"[{'system': 'pbs', 'block_number': 49, 'success': True}, {'system': 'pos', 'block_number': 49, 'success': True}]"
23473,43001168,146000,237,True,True,49.0,49.0,True,True,True,23471.0,49,b_attack,"[{'system': 'pbs', 'block_number': 49, 'success': True}, {'system': 'pos', 'block_number': 49, 'success': True}]"
23471,43001167,146000,223,True,True,49.0,49.0,True,True,True,23469.0,49,b_attack,"[{'system': 'pbs', 'block_number': 49, 'success': True}, {'system': 'pos', 'block_number': 49, 'success': True}]"
23469,43001166,146000,227,True,True,49.0,49.0,True,True,True,23467.0,49,b_attack,"[{'system': 'pbs', 'block_number': 49, 'success': True}, {'system': 'pos', 'block_number': 49, 'success': True}]"
23467,43001165,146000,236,True,True,49.0,49.0,True,True,True,23465.0,49,b_attack,"[{'system': 'pbs', 'block_number': 49, 'success': True}, {'system': 'pos', 'block_number': 49, 'success': True}]"
23465,43001164,146000,228,True,True,49.0,49.0,True,True,True,23463.0,49,b_attack,"[{'system': 'pbs', 'block_number': 49, 'success': True}, {'system': 'pos', 'block_number': 49, 'success': True}]"
23463,43001163,146000,226,True,True,49.0,49.0,True,True,True,23461.0,49,b_attack,"[{'system': 'pbs', 'block_number': 49, 'success': True}, {'system': 'pos', 'block_number': 49, 'success': True}]"
23461,43001162,146000,227,True,True,49.0,49.0,True,True,True,23459.0,49,b_attack,"[{'system': 'pbs', 'block_number': 49, 'success': True}, {'system': 'pos', 'block_number': 49, 'success': True}]"
23459,43001161,146000,232,True,True,49.0,49.0,True,True,True,23457.0,49,b_attack,"[{'system': 'pbs', 'block_number': 49, 'success': True}, {'system': 'pos', 'block_number': 49, 'success': True}]"
23457,43001160,146000,224,True,True,49.0,49.0,True,True,True,23455.0,49,b_attack,"[{'system': 'pbs', 'block_number': 49, 'success': True}, {'system': 'pos', 'block_number': 49, 'success': True}]"
23455,43001159,146000,234,True,True,49.0,49.0,True,True,True,23453.0,49,b_attack,"[{'system': 'pbs', 'block_number': 49, 'success': True}, {'system': 'pos', 'block_number': 49, 'success': True}]"
23453,43001158,146000,232,True,True,49.0,49.0,True,True,True,23451.0,49,b_attack,"[{'system': 'pbs', 'block_number': 49, 'success': True}, {'system': 'pos', 'block_number': 49, 'success': True}]"
23451,43001157,146000,240,True,True,49.0,49.0,True,True,True,23449.0,49,b_attack,"[{'system': 'pbs', 'block_number': 49, 'success': True}, {'system': 'pos', 'block_number': 49, 'success': True}]"
23449,43001156,146000,225,True,True,49.0,49.0,True,True,True,23447.0,49,b_attack,"[{'system': 'pbs', 'block_number': 49, 'success': True}, {'system': 'pos', 'block_number': 49, 'success': True}]"
23447,43001155,146000,232,True,True,49.0,49.0,True,True,True,23445.0,49,b_attack,"[{'system': 'pbs', 'block_number': 49, 'success': True}, {'system': 'pos', 'block_number': 49, 'success': True}]"
23445,43001154,146000,237,True,True,49.0,49.0,True,True,True,23443.0,49,b_attack,"[{'system': 'pbs', 'block_number': 49, 'success': True}, {'system': 'pos', 'block_number': 49, 'success': True}]"
23443,43001153,146000,222,True,True,49.0,49.0,True,True,True,23441.0,49,b_attack,"[{'system': 'pbs', 'block_number': 49, 'success': True}, {'system': 'pos', 'block_number': 49, 'success': True}]"
23441,43001152,146000,229,True,True,49.0,49.0,True,True,True,23439.0,49,b_attack,"[{'system': 'pbs', 'block_number': 49, 'success': True}, {'system': 'pos', 'block_number': 49, 'success': True}]"
23439,43001151,146000,233,True,True,49.0,49.0,True,True,True,23437.0,49,b_attack,"[{'system': 'pbs', 'block_number': 49, 'success': True}, {'system': 'pos', 'block_number': 49, 'success': True}]"
23437,43001150,146000,232,True,True,49.0,49.0,True,True,True,23435.0,49,b_attack,"[{'system': 'pbs', 'block_number': 49, 'success': True}, {'system': 'pos', 'block_number': 49, 'success': True}]"
23435,43001149,146000,231,True,True,49.0,49.0,True,True,True,23433.0,49,b_attack,"[{'system': 'pbs', 'block_number': 49, 'success': True}, {'system': 'pos', 'block_number': 49, 'success': True}]"
23433,0,0,236,True,True,49.0,49.0,False,True,True,23431.0,49,failed,"[{'system': 'pbs', 'block_number': 49, 'success': False}, {'system': 'pos', 'block_number': 49, 'success': True}]"
23434,0,0,236,True,True,49.0,49.0,False,False,True,23431.0,49,failed,"[{'system': 'pbs', 'block_number': 49, 'success': False}, {'system': 'pos', 'block_number': 49, 'success': False}]"
23436,0,0,231,True,True,49.0,49.0,False,False,True,23433.0,49,failed,"[{'system': 'pbs', 'block_number': 49, 'success': False}, {'system': 'pos', 'block_number': 49, 'success': False}]"
23438,0,0,232,True,True,49.0,49.0,False,False,True,23435.0,49,failed,"[{'system': 'pbs', 'block_number': 49, 'success': False}, {'system': 'pos', 'block_number': 49, 'success': False}]"
23440,0,0,233,True,True,49.0,49.0,False,False,True,23437.0,49,failed,"[{'system': 'pbs', 'block_number': 49, 'success': False}, {'system': 'pos', 'block_number': 49, 'success': False}]"
23442,0,0,229,True,True,49.0,49.0,False,False,True,23439.0,49,failed,"[{'system': 'pbs', 'block_number': 49, 'success': False}, {'system': 'pos', 'block_number': 49, 'success': False}]"
23444,0,0,222,True,True,49.0,49.0,False,False,True,23441.0,49,failed,"[{'system': 'pbs', 'block_number': 49, 'success': False}, {'system': 'pos', 'block_number': 49, 'success': False}]"
23446,0,0,237,True,True,49.0,49.0,False,False,True,23443.0,49,failed,"[{'system': 'pbs', 'block_number': 49, 'success': False}, {'system': 'pos', 'block_number': 49, 'success': False}]"
23448,0,0,232,True,True,49.0,49.0,False,False,True,23445.0,49,failed,"[{'system': 'pbs', 'block_number': 49, 'success': False}, {'system': 'pos', 'block_number': 49, 'success': False}]"
23450,0,0,225,True,True,49.0,49.0,False,False,True,23447.0,49,failed,"[{'system': 'pbs', 'block_number': 49, 'success': False}, {'system': 'pos', 'block_number': 49, 'success': False}]"
23452,0,0,240,True,True,49.0,49.0,False,False,True,23449.0,49,failed,"[{'system': 'pbs', 'block_number': 49, 'success': False}, {'system': 'pos', 'block_number': 49, 'success': False}]"
23454,0,0,232,True,True,49.0,49.0,False,False,True,23451.0,49,failed,"[{'system': 'pbs', 'block_number': 49, 'success': False}, {'system': 'pos', 'block_number': 49, 'success': False}]"
23456,0,0,234,True,True,49.0,49.0,False,False,True,23453.0,49,failed,"[{'system': 'pbs', 'block_number': 49, 'success': False}, {'system': 'pos', 'block_number': 49, 'success': False}]"
23458,0,0,224,True,True,49.0,49.0,False,False,True,23455.0,49,failed,"[{'system': 'pbs', 'block_number': 49, 'success': False}, {'system': 'pos', 'block_number': 49, 'success': False}]"
23460,0,0,232,True,True,49.0,49.0,False,False,True,23457.0,49,failed,"[{'system': 'pbs', 'block_number': 49, 'success': False}, {'system': 'pos', 'block_number': 49, 'success': False}]"
23462,0,0,227,True,True,49.0,49.0,False,False,True,23459.0,49,failed,"[{'system': 'pbs', 'block_number': 49, 'success': False}, {'system': 'pos', 'block_number': 49, 'success': False}]"
23464,0,0,226,True,True,49.0,49.0,False,False,True,23461.0,49,failed,"[{'system': 'pbs', 'block_number': 49, 'success': False}, {'system': 'pos', 'block_number': 49, 'success': False}]"
23466,0,0,228,True,True,49.0,49.0,False,False,True,23463.0,49,failed,"[{'system': 'pbs', 'block_number': 49, 'success': False}, {'system': 'pos', 'block_number': 49, 'success': False}]"
23468,0,0,236,True,True,49.0,49.0,False,False,True,23465.0,49,failed,"[{'system': 'pbs', 'block_number': 49, 'success': False}, {'system': 'pos', 'block_number': 49, 'success': False}]"
23470,0,0,227,True,True,49.0,49.0,False,False,True,23467.0,49,failed,"[{'system': 'pbs', 'block_number': 49, 'success': False}, {'system': 'pos', 'block_number': 49, 'success': False}]"
23472,0,0,223,True,True,49.0,49.0,False,False,True,23469.0,49,failed,"[{'system': 'pbs', 'block_number': 49, 'success': False}, {'system': 'pos', 'block_number': 49, 'success': False}]"
23474,0,0,237,True,True,49.0,49.0,False,False,True,23471.0,49,failed,"[{'system': 'pbs', 'block_number': 49, 'success': False}, {'system': 'pos', 'block_number': 49, 'success': False}]"
23476,0,0,233,True,True,49.0,49.0,False,False,True,23473.0,49,failed,"[{'system': 'pbs', 'block_number': 49, 'success': False}, {'system': 'pos', 'block_number': 49, 'success': False}]"
23478,0,0,230,True,True,49.0,49.0,False,False,True,23475.0,49,failed,"[{'system': 'pbs', 'block_number': 49, 'success': False}, {'system': 'pos', 'block_number': 49, 'success': False}]"
23480,0,0,236,True,True,49.0,49.0,False,False,True,23477.0,49,failed,"[{'system': 'pbs', 'block_number': 49, 'success': False}, {'system': 'pos', 'block_number': 49, 'success': False}]"
23527,43001195,146000,239,True,True,50.0,50.0,True,True,True,23525.0,50,b_attack,"[{'system': 'pbs', 'block_number': 50, 'success': True}, {'system': 'pos', 'block_number': 50, 'success': True}]"
23585,0,0,557,False,True,,50.0,False,False,True,23527.0,50,failed,"[{'system': 'pos', 'block_number': 50, 'success': False}]"
23525,43001194,146000,227,True,True,50.0,50.0,True,True,True,23523.0,50,b_attack,"[{'system': 'pbs', 'block_number': 50, 'success': True}, {'system': 'pos', 'block_number': 50, 'success': True}]"
23523,43001193,146000,228,True,True,50.0,50.0,True,True,True,23521.0,50,b_attack,"[{'system': 'pbs', 'block_number': 50, 'success': True}, {'system': 'pos', 'block_number': 50, 'success': True}]"
23521,43001192,146000,231,True,True,50.0,50.0,True,True,True,23519.0,50,b_attack,"[{'system': 'pbs', 'block_number': 50, 'success': True}, {'system': 'pos', 'block_number': 50, 'success': True}]"
23519,43001191,146000,222,True,True,50.0,50.0,True,True,True,23517.0,50,b_attack,"[{'system': 'pbs', 'block_number': 50, 'success': True}, {'system': 'pos', 'block_number': 50, 'success': True}]"
23517,43001190,146000,237,True,True,50.0,50.0,True,True,True,23515.0,50,b_attack,"[{'system': 'pbs', 'block_number': 50, 'success': True}, {'system': 'pos', 'block_number': 50, 'success': True}]"
23515,43001189,146000,230,True,True,50.0,50.0,True,True,True,23513.0,50,b_attack,"[{'system': 'pbs', 'block_number': 50, 'success': True}, {'system': 'pos', 'block_number': 50, 'success': True}]"
23513,43001188,146000,234,True,True,50.0,50.0,True,True,True,23511.0,50,b_attack,"[{'system': 'pbs', 'block_number': 50, 'success': True}, {'system': 'pos', 'block_number': 50, 'success': True}]"
23511,43001187,146000,229,True,True,50.0,50.0,True,True,True,23509.0,50,b_attack,"[{'system': 'pbs', 'block_number': 50, 'success': True}, {'system': 'pos', 'block_number': 50, 'success': True}]"
23509,43001186,146000,228,True,True,50.0,50.0,True,True,True,23507.0,50,b_attack,"[{'system': 'pbs', 'block_number': 50, 'success': True}, {'system': 'pos', 'block_number': 50, 'success': True}]"
23507,43001185,146000,225,True,True,50.0,50.0,True,True,True,23505.0,50,b_attack,"[{'system': 'pbs', 'block_number': 50, 'success': True}, {'system': 'pos', 'block_number': 50, 'success': True}]"
23505,43001184,146000,221,True,True,50.0,50.0,True,True,True,23503.0,50,b_attack,"[{'system': 'pbs', 'block_number': 50, 'success': True}, {'system': 'pos', 'block_number': 50, 'success': True}]"
23503,43001183,146000,237,True,True,50.0,50.0,True,True,True,23501.0,50,b_attack,"[{'system': 'pbs', 'block_number': 50, 'success': True}, {'system': 'pos', 'block_number': 50, 'success': True}]"
23501,43001182,146000,236,True,True,50.0,50.0,True,True,True,23499.0,50,b_attack,"[{'system': 'pbs', 'block_number': 50, 'success': True}, {'system': 'pos', 'block_number': 50, 'success': True}]"
23499,43001181,146000,236,True,True,50.0,50.0,True,True,True,23497.0,50,b_attack,"[{'system': 'pbs', 'block_number': 50, 'success': True}, {'system': 'pos', 'block_number': 50, 'success': True}]"
23497,43001180,146000,233,True,True,50.0,50.0,True,True,True,23495.0,50,b_attack,"[{'system': 'pbs', 'block_number': 50, 'success': True}, {'system': 'pos', 'block_number': 50, 'success': True}]"
23495,43001179,146000,230,True,True,50.0,50.0,True,True,True,23493.0,50,b_attack,"[{'system': 'pbs', 'block_number': 50, 'success': True}, {'system': 'pos', 'block_number': 50, 'success': True}]"
23493,43001178,146000,225,True,True,50.0,50.0,True,True,True,23491.0,50,b_attack,"[{'system': 'pbs', 'block_number': 50, 'success': True}, {'system': 'pos', 'block_number': 50, 'success': True}]"
23491,43001177,146000,221,True,True,50.0,50.0,True,True,True,23489.0,50,b_attack,"[{'system': 'pbs', 'block_number': 50, 'success': True}, {'system': 'pos', 'block_number': 50, 'success': True}]"
23489,43001176,146000,235,True,True,50.0,50.0,True,True,True,23487.0,50,b_attack,"[{'system': 'pbs', 'block_number': 50, 'success': True}, {'system': 'pos', 'block_number': 50, 'success': True}]"
23487,43001175,146000,224,True,True,50.0,50.0,True,True,True,23485.0,50,b_attack,"[{'system': 'pbs', 'block_number': 50, 'success': True}, {'system': 'pos', 'block_number': 50, 'success': True}]"
23485,43001174,146000,226,True,True,50.0,50.0,True,True,True,23483.0,50,b_attack,"[{'system': 'pbs', 'block_number': 50, 'success': True}, {'system': 'pos', 'block_number': 50, 'success': True}]"
23483,43001173,146000,233,True,True,50.0,50.0,True,True,True,23481.0,50,b_attack,"[{'system': 'pbs', 'block_number': 50, 'success': True}, {'system': 'pos', 'block_number': 50, 'success': True}]"
23481,0,0,222,True,True,50.0,50.0,False,True,True,23479.0,50,failed,"[{'system': 'pbs', 'block_number': 50, 'success': False}, {'system': 'pos', 'block_number': 50, 'success': True}]"
23482,0,0,222,True,True,50.0,50.0,False,False,True,23479.0,50,failed,"[{'system': 'pbs', 'block_number': 50, 'success': False}, {'system': 'pos', 'block_number': 50, 'success': False}]"
23484,0,0,233,True,True,50.0,50.0,False,False,True,23481.0,50,failed,"[{'system': 'pbs', 'block_number': 50, 'success': False}, {'system': 'pos', 'block_number': 50, 'success': False}]"
23486,0,0,226,True,True,50.0,50.0,False,False,True,23483.0,50,failed,"[{'system': 'pbs', 'block_number': 50, 'success': False}, {'system': 'pos', 'block_number': 50, 'success': False}]"
23488,0,0,224,True,True,50.0,50.0,False,False,True,23485.0,50,failed,"[{'system': 'pbs', 'block_number': 50, 'success': False}, {'system': 'pos', 'block_number': 50, 'success': False}]"
23490,0,0,235,True,True,50.0,50.0,False,False,True,23487.0,50,failed,"[{'system': 'pbs', 'block_number': 50, 'success': False}, {'system': 'pos', 'block_number': 50, 'success': False}]"
23492,0,0,221,True,True,50.0,50.0,False,False,True,23489.0,50,failed,"[{'system': 'pbs', 'block_number': 50, 'success': False}, {'system': 'pos', 'block_number': 50, 'success': False}]"
23494,0,0,225,True,True,50.0,50.0,False,False,True,23491.0,50,failed,"[{'system': 'pbs', 'block_number': 50, 'success': False}, {'system': 'pos', 'block_number': 50, 'success': False}]"
23496,0,0,230,True,True,50.0,50.0,False,False,True,23493.0,50,failed,"[{'system': 'pbs', 'block_number': 50, 'success': False}, {'system': 'pos', 'block_number': 50, 'success': False}]"
23498,0,0,233,True,True,50.0,50.0,False,False,True,23495.0,50,failed,"[{'system': 'pbs', 'block_number': 50, 'success': False}, {'system': 'pos', 'block_number': 50, 'success': False}]"
23500,0,0,236,True,True,50.0,50.0,False,False,True,23497.0,50,failed,"[{'system': 'pbs', 'block_number': 50, 'success': False}, {'system': 'pos', 'block_number': 50, 'success': False}]"
23502,0,0,236,True,True,50.0,50.0,False,False,True,23499.0,50,failed,"[{'system': 'pbs', 'block_number': 50, 'success': False}, {'system': 'pos', 'block_number': 50, 'success': False}]"
23504,0,0,237,True,True,50.0,50.0,False,False,True,23501.0,50,failed,"[{'system': 'pbs', 'block_number': 50, 'success': False}, {'system': 'pos', 'block_number': 50, 'success': False}]"
23506,0,0,221,True,True,50.0,50.0,False,False,True,23503.0,50,failed,"[{'system': 'pbs', 'block_number': 50, 'success': False}, {'system': 'pos', 'block_number': 50, 'success': False}]"
23508,0,0,225,True,True,50.0,50.0,False,False,True,23505.0,50,failed,"[{'system': 'pbs', 'block_number': 50, 'success': False}, {'system': 'pos', 'block_number': 50, 'success': False}]"
23510,0,0,228,True,True,50.0,50.0,False,False,True,23507.0,50,failed,"[{'system': 'pbs', 'block_number': 50, 'success': False}, {'system': 'pos', 'block_number': 50, 'success': False}]"
23512,0,0,229,True,True,50.0,50.0,False,False,True,23509.0,50,failed,"[{'system': 'pbs', 'block_number': 50, 'success': False}, {'system': 'pos', 'block_number': 50, 'success': False}]"
23514,0,0,234,True,True,50.0,50.0,False,False,True,23511.0,50,failed,"[{'system': 'pbs', 'block_number': 50, 'success': False}, {'system': 'pos', 'block_number': 50, 'success': False}]"
23516,0,0,230,True,True,50.0,50.0,False,False,True,23513.0,50,failed,"[{'system': 'pbs', 'block_number': 50, 'success': False}, {'system': 'pos', 'block_number': 50, 'success': False}]"
23518,0,0,237,True,True,50.0,50.0,False,False,True,23515.0,50,failed,"[{'system': 'pbs', 'block_number': 50, 'success': False}, {'system': 'pos', 'block_number': 50, 'success': False}]"
23520,0,0,222,True,True,50.0,50.0,False,False,True,23517.0,50,failed,"[{'system': 'pbs', 'block_number': 50, 'success': False}, {'system': 'pos', 'block_number': 50, 'success': False}]"
23522,0,0,231,True,True,50.0,50.0,False,False,True,23519.0,50,failed,"[{'system': 'pbs', 'block_number': 50, 'success': False}, {'system': 'pos', 'block_number': 50, 'success': False}]"
23524,0,0,228,True,True,50.0,50.0,False,False,True,23521.0,50,failed,"[{'system': 'pbs', 'block_number': 50, 'success': False}, {'system': 'pos', 'block_number': 50, 'success': False}]"
23526,0,0,227,True,True,50.0,50.0,False,False,True,23523.0,50,failed,"[{'system': 'pbs', 'block_number': 50, 'success': False}, {'system': 'pos', 'block_number': 50, 'success': False}]"
23528,0,0,239,True,True,50.0,50.0,False,False,True,23525.0,50,failed,"[{'system': 'pbs', 'block_number': 50, 'success': False}, {'system': 'pos', 'block_number': 50, 'success': False}]"
