block_num,builder_id,total_gas_fee,total_mev,included_txs
0,builder_13,5300000,0,
1,builder_13,32365999,481800,
2,builder_13,40074001,335830,
3,builder_13,113181004,888700,
4,builder_11,67399999,310000,
5,builder_13,364307993,18464530,
6,builder_13,57947000,100000,
7,builder_13,93500000,5630,
8,builder_13,927224994,946200,
9,builder_11,375510005,615000,
10,builder_2,899520009,357200,
11,builder_13,1542180008,939400,
12,builder_13,206381999,704200,
13,builder_13,25581999,401500,
14,builder_13,512997004,2292500,
15,builder_13,45275998,577800,
16,builder_13,20998995,163700,
17,builder_13,64562996,705300,
18,builder_11,920999,303000,
19,builder_13,82828001,605110,
20,builder_13,5300000,0,
21,builder_13,32365999,481800,
22,builder_13,40074001,335830,
23,builder_13,113181004,888700,
24,builder_11,67399999,310000,
25,builder_13,364307993,18464530,
26,builder_13,57947000,100000,
27,builder_13,93500000,5630,
28,builder_13,927224994,946200,
29,builder_11,375510005,615000,
30,builder_2,899520009,357200,
31,builder_13,1542180008,939400,
32,builder_13,206381999,704200,
33,builder_13,25581999,401500,
34,builder_13,512997004,2292500,
35,builder_13,45275998,577800,
36,builder_13,20998995,163700,
37,builder_13,64562996,705300,
38,builder_11,920999,303000,
39,builder_13,82828001,605110,
40,builder_13,5300000,0,
41,builder_13,32365999,481800,
42,builder_13,40074001,335830,
43,builder_13,113181004,888700,
44,builder_11,67399999,310000,
45,builder_13,364307993,18464530,
46,builder_13,57947000,100000,
47,builder_13,93500000,5630,
48,builder_13,927224994,946200,
49,builder_11,375510005,615000,
50,builder_2,899520009,357200,
51,builder_13,1542180008,939400,
52,builder_13,206381999,704200,
53,builder_13,25581999,401500,
54,builder_13,512997004,2292500,
55,builder_13,45275998,577800,
56,builder_13,20998995,163700,
57,builder_13,64562996,705300,
58,builder_11,920999,303000,
59,builder_13,82828001,605110,
60,builder_13,5300000,0,
61,builder_13,32365999,481800,
62,builder_13,40074001,335830,
63,builder_13,113181004,888700,
64,builder_11,67399999,310000,
65,builder_13,364307993,18464530,
66,builder_13,57947000,100000,
67,builder_13,93500000,5630,
68,builder_13,927224994,946200,
69,builder_11,375510005,615000,
70,builder_2,899520009,357200,
71,builder_13,1542180008,939400,
72,builder_13,206381999,704200,
73,builder_13,25581999,401500,
74,builder_13,512997004,2292500,
75,builder_13,45275998,577800,
76,builder_13,20998995,163700,
77,builder_13,64562996,705300,
78,builder_11,920999,303000,
79,builder_13,82828001,605110,
80,builder_13,5300000,0,
81,builder_13,32365999,481800,
82,builder_13,40074001,335830,
83,builder_13,113181004,888700,
84,builder_11,67399999,310000,
85,builder_13,364307993,18464530,
86,builder_13,57947000,100000,
87,builder_13,93500000,5630,
88,builder_13,927224994,946200,
89,builder_11,375510005,615000,
90,builder_2,899520009,357200,
91,builder_13,1542180008,939400,
92,builder_13,206381999,704200,
93,builder_13,25581999,401500,
94,builder_13,512997004,2292500,
95,builder_13,45275998,577800,
96,builder_13,20998995,163700,
97,builder_13,64562996,705300,
98,builder_11,920999,303000,
99,builder_13,82828001,605110,
100,builder_13,5300000,0,
101,builder_13,32365999,481800,
102,builder_13,40074001,335830,
103,builder_13,113181004,888700,
104,builder_11,67399999,310000,
105,builder_13,364307993,18464530,
106,builder_13,57947000,100000,
107,builder_13,93500000,5630,
108,builder_13,927224994,946200,
109,builder_11,375510005,615000,
110,builder_2,899520009,357200,
111,builder_13,1542180008,939400,
112,builder_13,206381999,704200,
113,builder_13,25581999,401500,
114,builder_13,512997004,2292500,
115,builder_13,45275998,577800,
116,builder_13,20998995,163700,
117,builder_13,64562996,705300,
118,builder_11,920999,303000,
119,builder_13,82828001,605110,
120,builder_13,5300000,0,
121,builder_13,32365999,481800,
122,builder_13,40074001,335830,
123,builder_13,113181004,888700,
124,builder_11,67399999,310000,
125,builder_13,364307993,18464530,
126,builder_13,57947000,100000,
127,builder_13,93500000,5630,
128,builder_13,927224994,946200,
129,builder_11,375510005,615000,
130,builder_2,899520009,357200,
131,builder_13,1542180008,939400,
132,builder_13,206381999,704200,
133,builder_13,25581999,401500,
134,builder_13,512997004,2292500,
135,builder_13,45275998,577800,
136,builder_13,20998995,163700,
137,builder_13,64562996,705300,
138,builder_11,920999,303000,
139,builder_13,82828001,605110,
140,builder_13,5300000,0,
141,builder_13,32365999,481800,
142,builder_13,40074001,335830,
143,builder_13,113181004,888700,
144,builder_11,67399999,310000,
145,builder_13,364307993,18464530,
146,builder_13,57947000,100000,
147,builder_13,93500000,5630,
148,builder_13,927224994,946200,
149,builder_11,375510005,615000,
150,builder_2,899520009,357200,
151,builder_13,1542180008,939400,
152,builder_13,206381999,704200,
153,builder_13,25581999,401500,
154,builder_13,512997004,2292500,
155,builder_13,45275998,577800,
156,builder_13,20998995,163700,
157,builder_13,64562996,705300,
158,builder_11,920999,303000,
159,builder_13,82828001,605110,
160,builder_13,5300000,0,
161,builder_13,32365999,481800,
162,builder_13,40074001,335830,
163,builder_13,113181004,888700,
164,builder_11,67399999,310000,
165,builder_13,364307993,18464530,
166,builder_13,57947000,100000,
167,builder_13,93500000,5630,
168,builder_13,927224994,946200,
169,builder_11,375510005,615000,
170,builder_2,899520009,357200,
171,builder_13,1542180008,939400,
172,builder_13,206381999,704200,
173,builder_13,25581999,401500,
174,builder_13,512997004,2292500,
175,builder_13,45275998,577800,
176,builder_13,20998995,163700,
177,builder_13,64562996,705300,
178,builder_11,920999,303000,
179,builder_13,82828001,605110,
180,builder_13,5300000,0,
181,builder_13,32365999,481800,
182,builder_13,40074001,335830,
183,builder_13,113181004,888700,
184,builder_11,67399999,310000,
185,builder_13,364307993,18464530,
186,builder_13,57947000,100000,
187,builder_13,93500000,5630,
188,builder_13,927224994,946200,
189,builder_11,375510005,615000,
190,builder_2,899520009,357200,
191,builder_13,1542180008,939400,
192,builder_13,206381999,704200,
193,builder_13,25581999,401500,
194,builder_13,512997004,2292500,
195,builder_13,45275998,577800,
196,builder_13,20998995,163700,
197,builder_13,64562996,705300,
198,builder_11,920999,303000,
199,builder_13,82828001,605110,
200,builder_13,5300000,0,
201,builder_13,32365999,481800,
202,builder_13,40074001,335830,
203,builder_13,113181004,888700,
204,builder_11,67399999,310000,
205,builder_13,364307993,18464530,
206,builder_13,57947000,100000,
207,builder_13,93500000,5630,
208,builder_13,927224994,946200,
209,builder_11,375510005,615000,
210,builder_2,899520009,357200,
211,builder_13,1542180008,939400,
212,builder_13,206381999,704200,
213,builder_13,25581999,401500,
214,builder_13,512997004,2292500,
215,builder_13,45275998,577800,
216,builder_13,20998995,163700,
217,builder_13,64562996,705300,
218,builder_11,920999,303000,
219,builder_13,82828001,605110,
220,builder_13,5300000,0,
221,builder_13,32365999,481800,
222,builder_13,40074001,335830,
223,builder_13,113181004,888700,
224,builder_11,67399999,310000,
225,builder_13,364307993,18464530,
226,builder_13,57947000,100000,
227,builder_13,93500000,5630,
228,builder_13,927224994,946200,
229,builder_11,375510005,615000,
230,builder_2,899520009,357200,
231,builder_13,1542180008,939400,
232,builder_13,206381999,704200,
233,builder_13,25581999,401500,
234,builder_13,512997004,2292500,
235,builder_13,45275998,577800,
236,builder_13,20998995,163700,
237,builder_13,64562996,705300,
238,builder_11,920999,303000,
239,builder_13,82828001,605110,
240,builder_13,5300000,0,
241,builder_13,32365999,481800,
242,builder_13,40074001,335830,
243,builder_13,113181004,888700,
244,builder_11,67399999,310000,
245,builder_13,364307993,18464530,
246,builder_13,57947000,100000,
247,builder_13,93500000,5630,
248,builder_13,927224994,946200,
249,builder_11,375510005,615000,
250,builder_2,899520009,357200,
251,builder_13,1542180008,939400,
252,builder_13,206381999,704200,
253,builder_13,25581999,401500,
254,builder_13,512997004,2292500,
255,builder_13,45275998,577800,
256,builder_13,20998995,163700,
257,builder_13,64562996,705300,
258,builder_11,920999,303000,
259,builder_13,82828001,605110,
260,builder_13,8200000,0,
261,builder_11,53698001,204600,
262,builder_2,85715999,1406700,
263,builder_11,272565995,1469830,
264,builder_13,387680001,2027100,
265,builder_11,245307006,2352800,
266,builder_13,171675994,2894800,
267,builder_11,17103996,177900,
268,builder_11,35407998,8496000,
269,builder_11,51730997,405700,
270,builder_11,8600002,0,
271,builder_13,356169998,9562510,
272,builder_13,37956993,1490400,
273,builder_13,106553002,1079300,
274,builder_13,91937006,18979500,
275,builder_13,32469999,136600,
276,,0,0,
277,builder_13,213628001,1504500,
278,builder_13,107396993,71440,
279,builder_13,122215000,369800,
280,builder_13,8200000,0,
281,builder_11,53698001,204600,
282,builder_2,85715999,1406700,
283,builder_11,272565995,1469830,
284,builder_13,387680001,2027100,
285,builder_11,245307006,2352800,
286,builder_13,171675994,2894800,
287,builder_11,17103996,177900,
288,builder_11,35407998,8496000,
289,builder_11,51730997,405700,
290,builder_11,8600002,0,
291,builder_13,356169998,9562510,
292,builder_13,37956993,1490400,
293,builder_13,106553002,1079300,
294,builder_13,91937006,18979500,
295,builder_13,32469999,136600,
296,,0,0,
297,builder_13,213628001,1504500,
298,builder_13,107396993,71440,
299,builder_13,122215000,369800,
300,builder_13,8200000,0,
301,builder_11,53698001,204600,
302,builder_2,85715999,1406700,
303,builder_11,272565995,1469830,
304,builder_13,387680001,2027100,
305,builder_11,245307006,2352800,
306,builder_13,171675994,2894800,
307,builder_11,17103996,177900,
308,builder_11,35407998,8496000,
309,builder_11,51730997,405700,
310,builder_11,8600002,0,
311,builder_13,356169998,9562510,
312,builder_13,37956993,1490400,
313,builder_13,106553002,1079300,
314,builder_13,91937006,18979500,
315,builder_13,32469999,136600,
316,,0,0,
317,builder_13,213628001,1504500,
318,builder_13,107396993,71440,
319,builder_13,122215000,369800,
320,builder_13,8200000,0,
321,builder_11,53698001,204600,
322,builder_2,85715999,1406700,
323,builder_11,272565995,1469830,
324,builder_13,387680001,2027100,
325,builder_11,245307006,2352800,
326,builder_13,171675994,2894800,
327,builder_11,17103996,177900,
328,builder_11,35407998,8496000,
329,builder_11,51730997,405700,
330,builder_11,8600002,0,
331,builder_13,356169998,9562510,
332,builder_13,37956993,1490400,
333,builder_13,106553002,1079300,
334,builder_13,91937006,18979500,
335,builder_13,32469999,136600,
336,,0,0,
337,builder_13,213628001,1504500,
338,builder_13,107396993,71440,
339,builder_13,122215000,369800,
340,builder_13,8200000,0,
341,builder_11,53698001,204600,
342,builder_2,85715999,1406700,
343,builder_11,272565995,1469830,
344,builder_13,387680001,2027100,
345,builder_11,245307006,2352800,
346,builder_13,171675994,2894800,
347,builder_11,17103996,177900,
348,builder_11,35407998,8496000,
349,builder_11,51730997,405700,
350,builder_11,8600002,0,
351,builder_13,356169998,9562510,
352,builder_13,37956993,1490400,
353,builder_13,106553002,1079300,
354,builder_13,91937006,18979500,
355,builder_13,32469999,136600,
356,,0,0,
357,builder_13,213628001,1504500,
358,builder_13,107396993,71440,
359,builder_13,122215000,369800,
360,builder_13,8200000,0,
361,builder_11,53698001,204600,
362,builder_2,85715999,1406700,
363,builder_11,272565995,1469830,
364,builder_13,387680001,2027100,
365,builder_11,245307006,2352800,
366,builder_13,171675994,2894800,
367,builder_11,17103996,177900,
368,builder_11,35407998,8496000,
369,builder_11,51730997,405700,
370,builder_11,8600002,0,
371,builder_13,356169998,9562510,
372,builder_13,37956993,1490400,
373,builder_13,106553002,1079300,
374,builder_13,91937006,18979500,
375,builder_13,32469999,136600,
376,,0,0,
377,builder_13,213628001,1504500,
378,builder_13,107396993,71440,
379,builder_13,122215000,369800,
380,builder_13,8200000,0,
381,builder_11,53698001,204600,
382,builder_2,85715999,1406700,
383,builder_11,272565995,1469830,
384,builder_13,387680001,2027100,
385,builder_11,245307006,2352800,
386,builder_13,171675994,2894800,
387,builder_11,17103996,177900,
388,builder_11,35407998,8496000,
389,builder_11,51730997,405700,
390,builder_11,8600002,0,
391,builder_13,356169998,9562510,
392,builder_13,37956993,1490400,
393,builder_13,106553002,1079300,
394,builder_13,91937006,18979500,
395,builder_13,32469999,136600,
396,,0,0,
397,builder_13,213628001,1504500,
398,builder_13,107396993,71440,
399,builder_13,122215000,369800,
400,builder_13,8200000,0,
401,builder_11,53698001,204600,
402,builder_2,85715999,1406700,
403,builder_11,272565995,1469830,
404,builder_13,387680001,2027100,
405,builder_11,245307006,2352800,
406,builder_13,171675994,2894800,
407,builder_11,17103996,177900,
408,builder_11,35407998,8496000,
409,builder_11,51730997,405700,
410,builder_11,8600002,0,
411,builder_13,356169998,9562510,
412,builder_13,37956993,1490400,
413,builder_13,106553002,1079300,
414,builder_13,91937006,18979500,
415,builder_13,32469999,136600,
416,,0,0,
417,builder_13,213628001,1504500,
418,builder_13,107396993,71440,
419,builder_13,122215000,369800,
420,builder_13,8200000,0,
421,builder_11,53698001,204600,
422,builder_2,85715999,1406700,
423,builder_11,272565995,1469830,
424,builder_13,387680001,2027100,
425,builder_11,245307006,2352800,
426,builder_13,171675994,2894800,
427,builder_11,17103996,177900,
428,builder_11,35407998,8496000,
429,builder_11,51730997,405700,
430,builder_11,8600002,0,
431,builder_13,356169998,9562510,
432,builder_13,37956993,1490400,
433,builder_13,106553002,1079300,
434,builder_13,91937006,18979500,
435,builder_13,32469999,136600,
436,,0,0,
437,builder_13,213628001,1504500,
438,builder_13,107396993,71440,
439,builder_13,122215000,369800,
440,builder_13,8200000,0,
441,builder_11,53698001,204600,
442,builder_2,85715999,1406700,
443,builder_11,272565995,1469830,
444,builder_13,387680001,2027100,
445,builder_11,245307006,2352800,
446,builder_13,171675994,2894800,
447,builder_11,17103996,177900,
448,builder_11,35407998,8496000,
449,builder_11,51730997,405700,
450,builder_11,8600002,0,
451,builder_13,356169998,9562510,
452,builder_13,37956993,1490400,
453,builder_13,106553002,1079300,
454,builder_13,91937006,18979500,
455,builder_13,32469999,136600,
456,,0,0,
457,builder_13,213628001,1504500,
458,builder_13,107396993,71440,
459,builder_13,122215000,369800,
460,builder_13,8200000,0,
461,builder_11,53698001,204600,
462,builder_2,85715999,1406700,
463,builder_11,272565995,1469830,
464,builder_13,387680001,2027100,
465,builder_11,245307006,2352800,
466,builder_13,171675994,2894800,
467,builder_11,17103996,177900,
468,builder_11,35407998,8496000,
469,builder_11,51730997,405700,
470,builder_11,8600002,0,
471,builder_13,356169998,9562510,
472,builder_13,37956993,1490400,
473,builder_13,106553002,1079300,
474,builder_13,91937006,18979500,
475,builder_13,32469999,136600,
476,,0,0,
477,builder_13,213628001,1504500,
478,builder_13,107396993,71440,
479,builder_13,122215000,369800,
480,builder_13,8200000,0,
481,builder_11,53698001,204600,
482,builder_2,85715999,1406700,
483,builder_11,272565995,1469830,
484,builder_13,387680001,2027100,
485,builder_11,245307006,2352800,
486,builder_13,171675994,2894800,
487,builder_11,17103996,177900,
488,builder_11,35407998,8496000,
489,builder_11,51730997,405700,
490,builder_11,8600002,0,
491,builder_13,356169998,9562510,
492,builder_13,37956993,1490400,
493,builder_13,106553002,1079300,
494,builder_13,91937006,18979500,
495,builder_13,32469999,136600,
496,,0,0,
497,builder_13,213628001,1504500,
498,builder_13,107396993,71440,
499,builder_13,122215000,369800,
500,builder_13,8200000,0,
501,builder_11,53698001,204600,
502,builder_2,85715999,1406700,
503,builder_11,272565995,1469830,
504,builder_13,387680001,2027100,
505,builder_11,245307006,2352800,
506,builder_13,171675994,2894800,
507,builder_11,17103996,177900,
508,builder_11,35407998,8496000,
509,builder_11,51730997,405700,
510,builder_11,8600002,0,
511,builder_13,356169998,9562510,
512,builder_13,37956993,1490400,
513,builder_13,106553002,1079300,
514,builder_13,91937006,18979500,
515,builder_13,32469999,136600,
516,,0,0,
517,builder_13,213628001,1504500,
518,builder_13,107396993,71440,
519,builder_13,122215000,369800,
520,builder_11,9077000,0,
521,builder_13,12402999,7840,
522,builder_13,14270000,48600,
523,builder_13,158898996,411680,
524,builder_11,91480003,20559900,
525,builder_2,102861002,2092840,
526,builder_2,31244007,17700000,
527,builder_13,465020003,20405040,
528,builder_13,129836991,12494300,
529,builder_13,3812001,35600,
530,builder_13,152002003,1630530,
531,builder_13,46299002,554280,
532,builder_11,535000,84800,
533,builder_13,131160024,1136000,
534,builder_13,21138986,26520,
535,builder_13,68759003,574800,
536,builder_11,164740016,185320,
537,builder_11,50094002,80900,
538,builder_13,273340009,813510,
539,builder_13,38443003,997560,
540,builder_11,9077000,0,
541,builder_13,12402999,7840,
542,builder_13,14270000,48600,
543,builder_13,158898996,411680,
544,builder_11,91480003,20559900,
545,builder_2,102861002,2092840,
546,builder_2,31244007,17700000,
547,builder_13,465020003,20405040,
548,builder_13,129836991,12494300,
549,builder_13,3812001,35600,
550,builder_13,152002003,1630530,
551,builder_13,46299002,554280,
552,builder_11,535000,84800,
553,builder_13,131160024,1136000,
554,builder_13,21138986,26520,
555,builder_13,68759003,574800,
556,builder_11,164740016,185320,
557,builder_11,50094002,80900,
558,builder_13,273340009,813510,
559,builder_13,38443003,997560,
560,builder_11,9077000,0,
561,builder_13,12402999,7840,
562,builder_13,14270000,48600,
563,builder_13,158898996,411680,
564,builder_11,91480003,20559900,
565,builder_2,102861002,2092840,
566,builder_2,31244007,17700000,
567,builder_13,465020003,20405040,
568,builder_13,129836991,12494300,
569,builder_13,3812001,35600,
570,builder_13,152002003,1630530,
571,builder_13,46299002,554280,
572,builder_11,535000,84800,
573,builder_13,131160024,1136000,
574,builder_13,21138986,26520,
575,builder_13,68759003,574800,
576,builder_11,164740016,185320,
577,builder_11,50094002,80900,
578,builder_13,273340009,813510,
579,builder_13,38443003,997560,
580,builder_11,9077000,0,
581,builder_13,12402999,7840,
582,builder_13,14270000,48600,
583,builder_13,158898996,411680,
584,builder_11,91480003,20559900,
585,builder_2,102861002,2092840,
586,builder_2,31244007,17700000,
587,builder_13,465020003,20405040,
588,builder_13,129836991,12494300,
589,builder_13,3812001,35600,
590,builder_13,152002003,1630530,
591,builder_13,46299002,554280,
592,builder_11,535000,84800,
593,builder_13,131160024,1136000,
594,builder_13,21138986,26520,
595,builder_13,68759003,574800,
596,builder_11,164740016,185320,
597,builder_11,50094002,80900,
598,builder_13,273340009,813510,
599,builder_13,38443003,997560,
600,builder_11,9077000,0,
601,builder_13,12402999,7840,
602,builder_13,14270000,48600,
603,builder_13,158898996,411680,
604,builder_11,91480003,20559900,
605,builder_2,102861002,2092840,
606,builder_2,31244007,17700000,
607,builder_13,465020003,20405040,
608,builder_13,129836991,12494300,
609,builder_13,3812001,35600,
610,builder_13,152002003,1630530,
611,builder_13,46299002,554280,
612,builder_11,535000,84800,
613,builder_13,131160024,1136000,
614,builder_13,21138986,26520,
615,builder_13,68759003,574800,
616,builder_11,164740016,185320,
617,builder_11,50094002,80900,
618,builder_13,273340009,813510,
619,builder_13,38443003,997560,
620,builder_11,9077000,0,
621,builder_13,12402999,7840,
622,builder_13,14270000,48600,
623,builder_13,158898996,411680,
624,builder_11,91480003,20559900,
625,builder_2,102861002,2092840,
626,builder_2,31244007,17700000,
627,builder_13,465020003,20405040,
628,builder_13,129836991,12494300,
629,builder_13,3812001,35600,
630,builder_13,152002003,1630530,
631,builder_13,46299002,554280,
632,builder_11,535000,84800,
633,builder_13,131160024,1136000,
634,builder_13,21138986,26520,
635,builder_13,68759003,574800,
636,builder_11,164740016,185320,
637,builder_11,50094002,80900,
638,builder_13,273340009,813510,
639,builder_13,38443003,997560,
640,builder_11,9077000,0,
641,builder_13,12402999,7840,
642,builder_13,14270000,48600,
643,builder_13,158898996,411680,
644,builder_11,91480003,20559900,
645,builder_2,102861002,2092840,
646,builder_2,31244007,17700000,
647,builder_13,465020003,20405040,
648,builder_13,129836991,12494300,
649,builder_13,3812001,35600,
650,builder_13,152002003,1630530,
651,builder_13,46299002,554280,
652,builder_11,535000,84800,
653,builder_13,131160024,1136000,
654,builder_13,21138986,26520,
655,builder_13,68759003,574800,
656,builder_11,164740016,185320,
657,builder_11,50094002,80900,
658,builder_13,273340009,813510,
659,builder_13,38443003,997560,
660,builder_11,9077000,0,
661,builder_13,12402999,7840,
662,builder_13,14270000,48600,
663,builder_13,158898996,411680,
664,builder_11,91480003,20559900,
665,builder_2,102861002,2092840,
666,builder_2,31244007,17700000,
667,builder_13,465020003,20405040,
668,builder_13,129836991,12494300,
669,builder_13,3812001,35600,
670,builder_13,152002003,1630530,
671,builder_13,46299002,554280,
672,builder_11,535000,84800,
673,builder_13,131160024,1136000,
674,builder_13,21138986,26520,
675,builder_13,68759003,574800,
676,builder_11,164740016,185320,
677,builder_11,50094002,80900,
678,builder_13,273340009,813510,
679,builder_13,38443003,997560,
680,builder_11,9077000,0,
681,builder_13,12402999,7840,
682,builder_13,14270000,48600,
683,builder_13,158898996,411680,
684,builder_11,91480003,20559900,
685,builder_2,102861002,2092840,
686,builder_2,31244007,17700000,
687,builder_13,465020003,20405040,
688,builder_13,129836991,12494300,
689,builder_13,3812001,35600,
690,builder_13,152002003,1630530,
691,builder_13,46299002,554280,
692,builder_11,535000,84800,
693,builder_13,131160024,1136000,
694,builder_13,21138986,26520,
695,builder_13,68759003,574800,
696,builder_11,164740016,185320,
697,builder_11,50094002,80900,
698,builder_13,273340009,813510,
699,builder_13,38443003,997560,
700,builder_11,9077000,0,
701,builder_13,12402999,7840,
702,builder_13,14270000,48600,
703,builder_13,158898996,411680,
704,builder_11,91480003,20559900,
705,builder_2,102861002,2092840,
706,builder_2,31244007,17700000,
707,builder_13,465020003,20405040,
708,builder_13,129836991,12494300,
709,builder_13,3812001,35600,
710,builder_13,152002003,1630530,
711,builder_13,46299002,554280,
712,builder_11,535000,84800,
713,builder_13,131160024,1136000,
714,builder_13,21138986,26520,
715,builder_13,68759003,574800,
716,builder_11,164740016,185320,
717,builder_11,50094002,80900,
718,builder_13,273340009,813510,
719,builder_13,38443003,997560,
720,builder_11,9077000,0,
721,builder_13,12402999,7840,
722,builder_13,14270000,48600,
723,builder_13,158898996,411680,
724,builder_11,91480003,20559900,
725,builder_2,102861002,2092840,
726,builder_2,31244007,17700000,
727,builder_13,465020003,20405040,
728,builder_13,129836991,12494300,
729,builder_13,3812001,35600,
730,builder_13,152002003,1630530,
731,builder_13,46299002,554280,
732,builder_11,535000,84800,
733,builder_13,131160024,1136000,
734,builder_13,21138986,26520,
735,builder_13,68759003,574800,
736,builder_11,164740016,185320,
737,builder_11,50094002,80900,
738,builder_13,273340009,813510,
739,builder_13,38443003,997560,
740,builder_11,9077000,0,
741,builder_13,12402999,7840,
742,builder_13,14270000,48600,
743,builder_13,158898996,411680,
744,builder_11,91480003,20559900,
745,builder_2,102861002,2092840,
746,builder_2,31244007,17700000,
747,builder_13,465020003,20405040,
748,builder_13,129836991,12494300,
749,builder_13,3812001,35600,
750,builder_13,152002003,1630530,
751,builder_13,46299002,554280,
752,builder_11,535000,84800,
753,builder_13,131160024,1136000,
754,builder_13,21138986,26520,
755,builder_13,68759003,574800,
756,builder_11,164740016,185320,
757,builder_11,50094002,80900,
758,builder_13,273340009,813510,
759,builder_13,38443003,997560,
760,builder_11,9077000,0,
761,builder_13,12402999,7840,
762,builder_13,14270000,48600,
763,builder_13,158898996,411680,
764,builder_11,91480003,20559900,
765,builder_2,102861002,2092840,
766,builder_2,31244007,17700000,
767,builder_13,465020003,20405040,
768,builder_13,129836991,12494300,
769,builder_13,3812001,35600,
770,builder_13,152002003,1630530,
771,builder_13,46299002,554280,
772,builder_11,535000,84800,
773,builder_13,131160024,1136000,
774,builder_13,21138986,26520,
775,builder_13,68759003,574800,
776,builder_11,164740016,185320,
777,builder_11,50094002,80900,
778,builder_13,273340009,813510,
779,builder_13,38443003,997560,
780,builder_13,310000,0,
781,builder_13,61623001,16400,
782,,0,0,
783,builder_2,44951989,365600,
784,builder_13,106423985,1222000,
785,builder_13,22869998,21740,
786,builder_13,33769000,977600,
787,builder_13,26212996,350000,
788,builder_13,5589999,414300,
789,builder_13,71866001,51940,
790,builder_13,11289999,4420000,
791,builder_13,154679990,20262500,
792,builder_13,39679003,828100,
793,builder_13,33867997,193500,
794,builder_13,34154002,299200,
795,builder_13,148499993,2336600,
796,builder_11,7170000,0,
797,builder_13,96812002,578900,
798,builder_13,85883005,6299500,
799,builder_13,23067995,7201200,
800,builder_13,310000,0,
801,builder_13,61623001,16400,
802,,0,0,
803,builder_2,44951989,365600,
804,builder_13,106423985,1222000,
805,builder_13,22869998,21740,
806,builder_13,33769000,977600,
807,builder_13,26212996,350000,
808,builder_13,5589999,414300,
809,builder_13,71866001,51940,
810,builder_13,11289999,4420000,
811,builder_13,154679990,20262500,
812,builder_13,39679003,828100,
813,builder_13,33867997,193500,
814,builder_13,34154002,299200,
815,builder_13,148499993,2336600,
816,builder_11,7170000,0,
817,builder_13,96812002,578900,
818,builder_13,85883005,6299500,
819,builder_13,23067995,7201200,
820,builder_13,310000,0,
821,builder_13,61623001,16400,
822,,0,0,
823,builder_2,44951989,365600,
824,builder_13,106423985,1222000,
825,builder_13,22869998,21740,
826,builder_13,33769000,977600,
827,builder_13,26212996,350000,
828,builder_13,5589999,414300,
829,builder_13,71866001,51940,
830,builder_13,11289999,4420000,
831,builder_13,154679990,20262500,
832,builder_13,39679003,828100,
833,builder_13,33867997,193500,
834,builder_13,34154002,299200,
835,builder_13,148499993,2336600,
836,builder_11,7170000,0,
837,builder_13,96812002,578900,
838,builder_13,85883005,6299500,
839,builder_13,23067995,7201200,
840,builder_13,310000,0,
841,builder_13,61623001,16400,
842,,0,0,
843,builder_2,44951989,365600,
844,builder_13,106423985,1222000,
845,builder_13,22869998,21740,
846,builder_13,33769000,977600,
847,builder_13,26212996,350000,
848,builder_13,5589999,414300,
849,builder_13,71866001,51940,
850,builder_13,11289999,4420000,
851,builder_13,154679990,20262500,
852,builder_13,39679003,828100,
853,builder_13,33867997,193500,
854,builder_13,34154002,299200,
855,builder_13,148499993,2336600,
856,builder_11,7170000,0,
857,builder_13,96812002,578900,
858,builder_13,85883005,6299500,
859,builder_13,23067995,7201200,
860,builder_13,310000,0,
861,builder_13,61623001,16400,
862,,0,0,
863,builder_2,44951989,365600,
864,builder_13,106423985,1222000,
865,builder_13,22869998,21740,
866,builder_13,33769000,977600,
867,builder_13,26212996,350000,
868,builder_13,5589999,414300,
869,builder_13,71866001,51940,
870,builder_13,11289999,4420000,
871,builder_13,154679990,20262500,
872,builder_13,39679003,828100,
873,builder_13,33867997,193500,
874,builder_13,34154002,299200,
875,builder_13,148499993,2336600,
876,builder_11,7170000,0,
877,builder_13,96812002,578900,
878,builder_13,85883005,6299500,
879,builder_13,23067995,7201200,
880,builder_13,310000,0,
881,builder_13,61623001,16400,
882,,0,0,
883,builder_2,44951989,365600,
884,builder_13,106423985,1222000,
885,builder_13,22869998,21740,
886,builder_13,33769000,977600,
887,builder_13,26212996,350000,
888,builder_13,5589999,414300,
889,builder_13,71866001,51940,
890,builder_13,11289999,4420000,
891,builder_13,154679990,20262500,
892,builder_13,39679003,828100,
893,builder_13,33867997,193500,
894,builder_13,34154002,299200,
895,builder_13,148499993,2336600,
896,builder_11,7170000,0,
897,builder_13,96812002,578900,
898,builder_13,85883005,6299500,
899,builder_13,23067995,7201200,
900,builder_13,310000,0,
901,builder_13,61623001,16400,
902,,0,0,
903,builder_2,44951989,365600,
904,builder_13,106423985,1222000,
905,builder_13,22869998,21740,
906,builder_13,33769000,977600,
907,builder_13,26212996,350000,
908,builder_13,5589999,414300,
909,builder_13,71866001,51940,
910,builder_13,11289999,4420000,
911,builder_13,154679990,20262500,
912,builder_13,39679003,828100,
913,builder_13,33867997,193500,
914,builder_13,34154002,299200,
915,builder_13,148499993,2336600,
916,builder_11,7170000,0,
917,builder_13,96812002,578900,
918,builder_13,85883005,6299500,
919,builder_13,23067995,7201200,
920,builder_13,310000,0,
921,builder_13,61623001,16400,
922,,0,0,
923,builder_2,44951989,365600,
924,builder_13,106423985,1222000,
925,builder_13,22869998,21740,
926,builder_13,33769000,977600,
927,builder_13,26212996,350000,
928,builder_13,5589999,414300,
929,builder_13,71866001,51940,
930,builder_13,11289999,4420000,
931,builder_13,154679990,20262500,
932,builder_13,39679003,828100,
933,builder_13,33867997,193500,
934,builder_13,34154002,299200,
935,builder_13,148499993,2336600,
936,builder_11,7170000,0,
937,builder_13,96812002,578900,
938,builder_13,85883005,6299500,
939,builder_13,23067995,7201200,
940,builder_13,310000,0,
941,builder_13,61623001,16400,
942,,0,0,
943,builder_2,44951989,365600,
944,builder_13,106423985,1222000,
945,builder_13,22869998,21740,
946,builder_13,33769000,977600,
947,builder_13,26212996,350000,
948,builder_13,5589999,414300,
949,builder_13,71866001,51940,
950,builder_13,11289999,4420000,
951,builder_13,154679990,20262500,
952,builder_13,39679003,828100,
953,builder_13,33867997,193500,
954,builder_13,34154002,299200,
955,builder_13,148499993,2336600,
956,builder_11,7170000,0,
957,builder_13,96812002,578900,
958,builder_13,85883005,6299500,
959,builder_13,23067995,7201200,
960,builder_13,310000,0,
961,builder_13,61623001,16400,
962,,0,0,
963,builder_2,44951989,365600,
964,builder_13,106423985,1222000,
965,builder_13,22869998,21740,
966,builder_13,33769000,977600,
967,builder_13,26212996,350000,
968,builder_13,5589999,414300,
969,builder_13,71866001,51940,
970,builder_13,11289999,4420000,
971,builder_13,154679990,20262500,
972,builder_13,39679003,828100,
973,builder_13,33867997,193500,
974,builder_13,34154002,299200,
975,builder_13,148499993,2336600,
976,builder_11,7170000,0,
977,builder_13,96812002,578900,
978,builder_13,85883005,6299500,
979,builder_13,23067995,7201200,
980,builder_13,310000,0,
981,builder_13,61623001,16400,
982,,0,0,
983,builder_2,44951989,365600,
984,builder_13,106423985,1222000,
985,builder_13,22869998,21740,
986,builder_13,33769000,977600,
987,builder_13,26212996,350000,
988,builder_13,5589999,414300,
989,builder_13,71866001,51940,
990,builder_13,11289999,4420000,
991,builder_13,154679990,20262500,
992,builder_13,39679003,828100,
993,builder_13,33867997,193500,
994,builder_13,34154002,299200,
995,builder_13,148499993,2336600,
996,builder_11,7170000,0,
997,builder_13,96812002,578900,
998,builder_13,85883005,6299500,
999,builder_13,23067995,7201200,
