id,position,gas_fee,mev_potential,creator_id,created_at,included_at,target_tx
0,7,3200000,0,user_0,0,2,
1,14,2100000,0,user_1,0,2,
27,1,19000000,71800,user_21,0,2,
34,5,3600000,0,user_31,0,2,
30,11,2300000,410000,user_25,0,2,
58,12,2299999,0,user_1,1,2,30
37,16,1300000,0,user_33,0,2,
26,19,1000000,0,user_21,0,2,
39,20,1000000,0,user_35,0,2,
42,23,420000,0,user_37,0,2,
56,24,370000,0,user_0,1,2,
57,27,310000,0,user_0,1,2,
53,29,300000,0,user_47,0,2,
22,32,170000,0,user_15,0,2,
15,35,150000,0,user_9,0,2,
31,47,73000,0,user_25,0,2,
14,48,73000,0,user_9,0,2,
81,0,43000000,256000,user_20,1,5,
27,1,19000000,71800,user_21,0,2,
48,4,5200000,0,user_43,0,5,
4,4,5000000,0,user_4,0,3,
43,5,5000000,0,user_38,0,5,
34,5,3600000,0,user_31,0,2,
20,6,3500000,17000,user_13,0,3,
0,7,3200000,0,user_0,0,2,
17,8,2600000,0,user_11,0,3,
59,10,2300001,0,user_2,1,3,30
64,11,2300001,0,user_7,1,4,30
30,11,2300000,410000,user_25,0,2,
58,12,2299999,0,user_1,1,2,30
133,15,2299999,0,user_7,2,4,30
1,14,2100000,0,user_1,0,2,
98,10,1800000,0,user_41,1,5,
37,16,1300000,0,user_33,0,2,
137,11,1100001,0,user_10,2,5,29
29,13,1100000,17700000,user_23,0,5,
26,19,1000000,0,user_21,0,2,
39,20,1000000,0,user_35,0,2,
132,31,460001,0,user_7,2,4,19
19,23,460000,296000,user_11,0,3,
42,23,420000,0,user_37,0,2,
56,24,370000,0,user_0,1,2,
97,18,350000,0,user_41,1,5,
45,19,340000,0,user_41,0,5,
57,27,310000,0,user_0,1,2,
18,28,300000,0,user_11,0,3,
53,29,300000,0,user_47,0,2,
33,20,220000,0,user_28,0,5,
84,21,190000,12800,user_23,1,5,
22,32,170000,0,user_15,0,2,
47,24,160000,0,user_43,0,5,
5,31,160000,0,user_5,0,3,
15,35,150000,0,user_9,0,2,
55,25,150000,43600,user_49,0,5,
28,26,130000,0,user_23,0,5,
3,35,120000,0,user_4,0,3,
90,27,120000,0,user_28,1,5,
2,36,110000,0,user_3,0,3,
74,29,84001,0,user_17,1,5,7
76,30,84001,0,user_17,1,5,7
100,31,84000,0,user_43,1,5,
24,32,83999,0,user_17,0,5,7
73,33,83999,0,user_17,1,5,7
75,34,83999,0,user_17,1,5,7
31,47,73000,0,user_25,0,2,
14,48,73000,0,user_9,0,2,
6,38,70000,3130,user_6,0,3,
162,0,27000000,283000,user_35,2,3,
136,1,19000001,0,user_9,2,3,27
141,2,19000001,0,user_15,2,3,27
161,3,6300000,0,user_35,2,3,
4,4,5000000,0,user_4,0,3,
93,5,4200000,0,user_35,1,3,
20,6,3500000,17000,user_13,0,3,
86,7,3500000,0,user_24,1,3,
17,8,2600000,0,user_11,0,3,
92,9,2500000,34700,user_32,1,3,
59,10,2300001,0,user_2,1,3,30
135,11,2300001,0,user_9,2,3,30
128,12,2299999,0,user_0,2,3,30
91,13,2000000,0,user_31,1,3,
85,14,1900000,0,user_24,1,3,
147,15,1900000,0,user_21,2,3,
151,16,1700000,0,user_24,2,3,
164,17,1300000,0,user_37,2,3,
9,18,1200000,0,user_7,0,3,
71,19,1000000,0,user_15,1,3,
108,20,970000,0,user_47,1,3,
190,21,460001,0,user_1,3,3,19
10,22,460000,0,user_7,0,3,
19,23,460000,296000,user_11,0,3,
189,24,459999,0,user_1,3,3,19
35,25,360000,0,user_32,0,3,
158,26,350000,0,user_33,2,3,
36,27,310000,0,user_32,0,3,
18,28,300000,0,user_11,0,3,
11,29,260000,0,user_7,0,3,
187,30,160001,0,user_0,3,3,165
5,31,160000,0,user_5,0,3,
165,32,160000,779000,user_37,2,3,
188,33,159999,0,user_0,3,3,165
8,34,150000,0,user_7,0,3,
3,35,120000,0,user_4,0,3,
2,36,110000,0,user_3,0,3,
7,37,84000,19700,user_7,0,3,
6,38,70000,3130,user_6,0,3,
65,0,19000001,0,user_11,1,4,27
68,1,19000001,0,user_13,1,4,27
23,2,19000000,0,user_16,0,4,
214,3,19000000,0,user_21,3,4,
66,4,18999999,0,user_12,1,4,27
78,5,18999999,0,user_19,1,4,27
139,6,18999999,0,user_13,2,4,27
82,7,5000000,0,user_22,1,4,
130,8,3500001,0,user_5,2,4,20
106,9,3200000,0,user_46,1,4,
229,10,2500000,0,user_35,3,4,
64,11,2300001,0,user_7,1,4,30
67,12,2300001,0,user_13,1,4,30
69,13,2300001,0,user_14,1,4,30
202,14,2300001,0,user_15,3,4,30
133,15,2299999,0,user_7,2,4,30
87,16,2000000,0,user_26,1,4,
232,17,2000000,0,user_37,3,4,
13,18,1600000,0,user_8,0,4,
211,19,1100000,0,user_21,3,4,
213,20,1000000,43600,user_21,3,4,
225,21,1000000,0,user_31,3,4,
157,22,1000000,75000,user_32,2,4,
21,23,970000,0,user_14,0,4,
224,24,970000,24700,user_30,3,4,
105,25,670000,71800,user_46,1,4,
210,26,660000,0,user_21,3,4,
226,27,470000,5180,user_33,3,4,
60,28,460001,0,user_3,1,4,19
62,29,460001,0,user_5,1,4,19
129,30,460001,0,user_4,2,4,19
132,31,460001,0,user_7,2,4,19
216,32,460000,0,user_24,3,4,
61,33,459999,0,user_4,1,4,19
63,34,459999,0,user_5,1,4,19
79,35,459999,0,user_19,1,4,19
131,36,459999,0,user_6,2,4,19
191,37,459999,0,user_2,3,4,19
54,38,260000,0,user_48,0,4,
38,39,220000,0,user_34,0,4,
107,40,190000,0,user_46,1,4,
12,41,170000,0,user_8,0,4,
52,42,170000,0,user_46,0,4,
88,43,170000,11200,user_26,1,4,
262,44,150001,0,user_1,4,4,231
231,45,150000,7190000,user_37,3,4,
261,46,149999,0,user_0,4,4,231
96,47,120000,0,user_40,1,4,
25,48,110000,0,user_19,0,4,
227,49,100000,0,user_33,3,4,
72,50,84001,0,user_16,1,4,7
16,51,83999,0,user_10,0,4,7
70,52,83999,0,user_14,1,4,7
80,53,83999,0,user_19,1,4,7
83,54,83000,21800,user_22,1,4,
212,55,82000,0,user_21,3,4,
49,56,79000,0,user_44,0,4,
217,57,77000,0,user_25,3,4,
81,0,43000000,256000,user_20,1,5,
192,1,27000001,0,user_3,3,5,162
200,2,27000001,0,user_13,3,5,162
199,3,26999999,0,user_13,3,5,162
48,4,5200000,0,user_43,0,5,
43,5,5000000,0,user_38,0,5,
277,13,4500000,0,user_21,4,8,
144,7,2300001,0,user_18,2,5,30
77,8,2299999,0,user_18,1,5,30
197,9,2299999,0,user_11,3,5,30
98,10,1800000,0,user_41,1,5,
137,11,1100001,0,user_10,2,5,29
325,65,1100001,0,user_1,5,8,29
29,13,1100000,17700000,user_23,0,5,
194,14,1099999,0,user_7,3,5,29
287,80,660000,0,user_33,4,8,
324,86,460001,0,user_1,5,8,19
263,17,459999,0,user_2,4,5,19
97,18,350000,0,user_41,1,5,
45,19,340000,0,user_41,0,5,
33,20,220000,0,user_28,0,5,
84,21,190000,12800,user_23,1,5,
284,22,170000,0,user_31,4,5,
193,23,160001,0,user_6,3,5,165
47,24,160000,0,user_43,0,5,
55,25,150000,43600,user_49,0,5,
28,26,130000,0,user_23,0,5,
90,27,120000,0,user_28,1,5,
168,28,98000,0,user_40,2,5,
74,29,84001,0,user_17,1,5,7
76,30,84001,0,user_17,1,5,7
100,31,84000,0,user_43,1,5,
24,32,83999,0,user_17,0,5,7
73,33,83999,0,user_17,1,5,7
75,34,83999,0,user_17,1,5,7
177,0,43000000,0,user_43,2,6,
331,2,26999999,0,user_9,5,8,162
205,3,19000001,0,user_16,3,8,27
176,3,6100000,0,user_43,2,6,
222,7,5200000,0,user_26,3,8,
182,12,4500000,0,user_48,2,8,
218,16,4200000,146000,user_26,3,8,
361,17,4200000,0,user_47,5,8,
142,19,3500001,0,user_16,2,8,20
203,20,3500001,0,user_16,3,8,20
145,22,3499999,0,user_19,2,8,20
344,23,3200000,0,user_30,5,8,
169,12,2600000,0,user_41,2,6,
143,30,2299999,0,user_16,2,8,30
208,31,2299999,0,user_19,3,8,30
184,38,2000000,0,user_48,2,8,
363,40,2000000,0,user_47,5,8,
299,41,1900000,0,user_47,4,8,
345,42,1700000,0,user_31,5,8,
264,51,1300001,0,user_5,4,8,221
326,52,1300001,0,user_2,5,8,221
369,54,1300001,0,user_1,6,8,221
221,57,1300000,369000,user_26,3,8,
154,23,1000000,0,user_28,2,6,
180,74,870000,0,user_48,2,8,
265,25,460001,0,user_7,4,6,19
196,26,459999,0,user_10,3,6,19
269,88,459999,0,user_13,4,8,19
349,94,310000,0,user_35,5,8,
150,29,300000,0,user_23,2,6,
183,97,260000,0,user_48,2,8,
146,31,260000,0,user_20,2,6,
170,32,240000,0,user_41,2,6,
160,33,160000,0,user_34,2,6,
178,34,160000,0,user_44,2,6,
285,35,160000,0,user_32,4,6,
270,36,159999,0,user_15,4,6,165
368,37,150001,0,user_0,6,6,231
337,38,149999,0,user_15,5,6,231
152,39,120000,0,user_26,2,6,
286,40,120000,0,user_32,4,6,
159,41,110000,0,user_34,2,6,
219,42,110000,6390,user_26,3,6,
155,43,100000,0,user_28,2,6,
220,44,87000,0,user_26,3,6,
181,45,85000,0,user_48,2,6,
340,46,85000,0,user_25,5,6,
206,47,84001,0,user_16,3,6,7
204,48,83999,0,user_16,3,6,7
362,49,79000,108000,user_47,5,6,
215,0,30000000,0,user_22,3,9,
207,2,26999999,0,user_18,3,9,162
331,2,26999999,0,user_9,5,8,162
205,3,19000001,0,user_16,3,8,27
298,3,19000000,0,user_46,4,9,
351,0,19000000,0,user_38,5,12,
195,4,18999999,0,user_8,3,9,27
222,7,5200000,0,user_26,3,8,
283,5,5200000,0,user_29,4,9,
297,7,5000000,0,user_46,4,9,
355,9,5000000,56200,user_40,5,9,
233,2,4500000,155000,user_38,3,12,
182,12,4500000,0,user_48,2,8,
277,13,4500000,0,user_21,4,8,
359,11,4500000,0,user_44,5,9,
234,3,4200000,0,user_38,3,12,
218,16,4200000,146000,user_26,3,8,
361,17,4200000,0,user_47,5,8,
399,4,4200000,0,user_38,6,12,
142,19,3500001,0,user_16,2,8,20
203,20,3500001,0,user_16,3,8,20
460,5,3500000,0,user_43,7,12,
145,22,3499999,0,user_19,2,8,20
344,23,3200000,0,user_30,5,8,
356,12,3200000,128000,user_40,5,9,
134,15,2300001,0,user_8,2,9,30
140,16,2300001,0,user_14,2,9,30
370,17,2300001,0,user_2,6,9,30
441,7,2300000,322000,user_23,7,12,
281,18,2300000,0,user_26,4,9,
143,30,2299999,0,user_16,2,8,30
208,31,2299999,0,user_19,3,8,30
138,19,2299999,0,user_12,2,9,30
201,20,2299999,0,user_14,3,9,30
381,22,2299999,0,user_16,6,9,30
423,23,2299999,0,user_6,7,9,30
94,11,2000000,0,user_38,1,12,
109,12,2000000,0,user_49,1,12,
184,38,2000000,0,user_48,2,8,
291,25,2000000,0,user_40,4,9,
363,40,2000000,0,user_47,5,8,
299,41,1900000,0,user_47,4,8,
345,42,1700000,0,user_31,5,8,
357,14,1500000,0,user_41,5,12,
278,27,1500000,0,user_22,4,9,
385,15,1500000,0,user_20,6,12,
393,16,1500000,0,user_28,6,12,
342,17,1400000,15700,user_28,5,12,
244,29,1400000,0,user_46,3,9,
228,30,1400000,0,user_34,3,9,
391,31,1400000,0,user_26,6,9,
264,51,1300001,0,user_5,4,8,221
326,52,1300001,0,user_2,5,8,221
335,32,1300001,0,user_13,5,9,221
369,54,1300001,0,user_1,6,8,221
376,35,1300001,0,user_11,6,9,221
426,36,1300001,0,user_11,7,9,221
221,57,1300000,369000,user_26,3,8,
288,37,1300000,0,user_34,4,9,
332,39,1299999,0,user_11,5,9,221
374,40,1299999,0,user_7,6,9,221
338,41,1299999,0,user_18,5,9,221
380,42,1299999,0,user_16,6,9,221
384,43,1299999,0,user_19,6,9,221
420,44,1299999,0,user_5,7,9,221
325,65,1100001,0,user_1,5,8,29
442,35,1100000,0,user_23,7,12,
354,46,1100000,594000,user_40,5,9,
348,47,1100000,0,user_34,5,9,
373,49,1099999,0,user_7,6,9,29
474,29,1099999,0,user_7,8,10,29
185,42,1000000,0,user_49,2,12,
273,43,1000000,0,user_20,4,12,
238,50,1000000,73100,user_40,3,9,
180,74,870000,0,user_48,2,8,
266,52,670001,0,user_8,4,9,105
276,44,670000,0,user_20,4,12,
400,45,670000,0,user_43,6,12,
300,46,670000,0,user_49,4,12,
272,47,660000,0,user_20,4,12,
287,80,660000,0,user_33,4,8,
149,53,660000,0,user_22,2,9,
443,48,660000,0,user_23,7,12,
352,54,650000,0,user_40,5,9,
156,55,530000,3130,user_29,2,9,
271,52,460001,0,user_17,4,12,19
324,86,460001,0,user_1,5,8,19
274,53,460000,0,user_20,4,12,
269,88,459999,0,user_13,4,8,19
268,57,459999,0,user_12,4,9,19
433,55,459999,0,user_17,7,12,19
294,56,420000,0,user_43,4,12,
392,57,420000,0,user_28,6,12,
364,59,320000,0,user_48,5,9,
349,94,310000,0,user_35,5,8,
245,60,310000,0,user_48,3,9,
295,65,300000,0,user_43,4,12,
183,97,260000,0,user_48,2,8,
148,62,260000,0,user_22,2,9,
282,66,240000,75000,user_28,4,12,
215,0,30000000,0,user_22,3,9,
395,1,30000000,128000,user_31,6,9,
207,2,26999999,0,user_18,3,9,162
298,3,19000000,0,user_46,4,9,
195,4,18999999,0,user_8,3,9,27
283,5,5200000,0,user_29,4,9,
449,6,5200000,0,user_31,7,9,
297,7,5000000,0,user_46,4,9,
446,8,5000000,0,user_25,7,9,
355,9,5000000,56200,user_40,5,9,
496,10,5000000,49100,user_30,8,9,
359,11,4500000,0,user_44,5,9,
356,12,3200000,128000,user_40,5,9,
241,13,2400000,0,user_43,3,9,
347,14,2400000,285000,user_32,5,9,
134,15,2300001,0,user_8,2,9,30
140,16,2300001,0,user_14,2,9,30
370,17,2300001,0,user_2,6,9,30
281,18,2300000,0,user_26,4,9,
138,19,2299999,0,user_12,2,9,30
201,20,2299999,0,user_14,3,9,30
375,21,2299999,0,user_9,6,9,30
381,22,2299999,0,user_16,6,9,30
423,23,2299999,0,user_6,7,9,30
451,24,2100000,108000,user_33,7,9,
291,25,2000000,0,user_40,4,9,
396,26,1800000,17000,user_33,6,9,
278,27,1500000,0,user_22,4,9,
498,28,1500000,0,user_30,8,9,
244,29,1400000,0,user_46,3,9,
228,30,1400000,0,user_34,3,9,
391,31,1400000,0,user_26,6,9,
335,32,1300001,0,user_13,5,9,221
418,33,1300001,0,user_0,7,9,221
419,34,1300001,0,user_0,7,9,221
376,35,1300001,0,user_11,6,9,221
426,36,1300001,0,user_11,7,9,221
288,37,1300000,0,user_34,4,9,
485,38,1300000,0,user_21,8,9,
332,39,1299999,0,user_11,5,9,221
374,40,1299999,0,user_7,6,9,221
338,41,1299999,0,user_18,5,9,221
380,42,1299999,0,user_16,6,9,221
384,43,1299999,0,user_19,6,9,221
420,44,1299999,0,user_5,7,9,221
448,45,1100000,0,user_30,7,9,
354,46,1100000,594000,user_40,5,9,
348,47,1100000,0,user_34,5,9,
267,48,1099999,0,user_10,4,9,29
373,49,1099999,0,user_7,6,9,29
238,50,1000000,73100,user_40,3,9,
497,51,970000,0,user_30,8,9,
266,52,670001,0,user_8,4,9,105
149,53,660000,0,user_22,2,9,
352,54,650000,0,user_40,5,9,
156,55,530000,3130,user_29,2,9,
398,56,470000,0,user_35,6,9,
268,57,459999,0,user_12,4,9,19
386,58,320000,7190000,user_21,6,9,
364,59,320000,0,user_48,5,9,
245,60,310000,0,user_48,3,9,
499,61,310000,0,user_31,8,9,
148,62,260000,0,user_22,2,9,
280,63,240000,32900,user_26,4,9,
438,64,220000,0,user_21,7,9,
495,65,220000,0,user_30,8,9,
209,66,170000,0,user_20,3,9,
500,67,170000,0,user_33,8,9,
333,68,160001,0,user_11,5,9,165
383,69,160001,0,user_19,6,9,165
421,70,160001,0,user_5,7,9,165
422,71,160001,0,user_6,7,9,165
526,72,160001,0,user_1,9,9,165
296,73,160000,0,user_44,4,9,
327,74,159999,0,user_4,5,9,165
382,75,159999,0,user_18,6,9,165
428,76,159999,0,user_13,7,9,165
469,77,159999,0,user_2,8,9,165
328,78,150001,0,user_6,5,9,231
329,79,150001,0,user_7,5,9,231
379,80,150001,0,user_15,6,9,231
372,81,150001,0,user_6,6,9,231
371,82,149999,0,user_3,6,9,231
394,83,120000,0,user_30,6,9,
353,84,100000,0,user_40,5,9,
248,85,98000,0,user_48,3,9,
389,86,87000,0,user_24,6,9,
388,87,84000,0,user_24,6,9,
246,88,84000,0,user_48,3,9,
198,89,82999,0,user_12,3,9,83
346,90,77000,0,user_32,5,9,
247,91,73000,0,user_48,3,9,
390,92,70000,0,user_25,6,9,
489,0,19000000,0,user_24,8,10,
387,1,5000000,71800,user_22,6,10,
447,2,5000000,0,user_26,7,10,
455,3,5000000,0,user_37,7,10,
557,4,4500000,0,user_33,9,10,
343,5,2400000,0,user_29,5,10,
471,6,2300001,0,user_4,8,10,30
479,7,2300001,0,user_13,8,10,30
470,8,2299999,0,user_3,8,10,30
475,9,2299999,0,user_9,8,10,30
542,10,2299999,0,user_15,9,10,30
450,11,1600000,0,user_32,7,10,
578,12,1500000,0,user_47,9,10,
377,13,1300001,0,user_14,6,10,221
424,14,1300001,0,user_8,7,10,221
436,15,1300001,0,user_19,7,10,221
535,16,1300001,0,user_9,9,10,221
540,17,1300001,0,user_15,9,10,221
541,18,1300001,0,user_15,9,10,221
360,19,1300000,0,user_46,5,10,
330,20,1299999,0,user_8,5,10,221
334,21,1299999,0,user_12,5,10,221
336,22,1299999,0,user_14,5,10,221
425,23,1299999,0,user_9,7,10,221
476,24,1299999,0,user_9,8,10,221
533,25,1299999,0,user_9,9,10,221
534,26,1299999,0,user_9,9,10,221
536,27,1299999,0,user_9,9,10,221
431,28,1100001,0,user_16,7,10,29
474,29,1099999,0,user_7,8,10,29
527,30,1099999,0,user_2,9,10,354
603,31,1099999,0,user_1,10,10,354
445,32,910000,0,user_24,7,10,
549,33,600000,139000,user_24,9,10,
488,34,530000,0,user_24,8,10,
403,35,420000,0,user_46,6,10,
397,36,420000,0,user_34,6,10,
453,37,420000,0,user_35,7,10,
576,38,420000,0,user_47,9,10,
577,39,420000,0,user_47,9,10,
602,40,320001,0,user_0,10,10,386
464,41,310000,0,user_47,7,10,
556,42,300000,0,user_33,9,10,
463,43,240000,0,user_47,7,10,
511,44,240000,0,user_47,8,10,
554,45,190000,0,user_30,9,10,
429,46,160001,0,user_14,7,10,165
473,47,160001,0,user_7,8,10,165
555,48,160000,0,user_31,9,10,
378,49,159999,0,user_14,6,10,165
543,50,159999,0,user_15,9,10,165
427,51,150001,0,user_12,7,10,231
472,52,150001,0,user_5,8,10,231
430,53,150001,0,user_15,7,10,231
575,54,150000,0,user_47,9,10,
339,55,120000,0,user_22,5,10,
439,56,120000,0,user_22,7,10,
547,57,110000,0,user_21,9,10,
553,58,83000,0,user_30,9,10,
550,59,80000,0,user_25,9,10,
478,0,2300001,0,user_12,8,11,30
480,1,2300001,0,user_16,8,11,30
481,2,2299999,0,user_16,8,11,30
493,3,1900000,0,user_29,8,11,
604,4,1100001,0,user_2,10,11,354
662,5,1100001,0,user_1,11,11,354
528,6,1099999,0,user_3,9,11,29
531,7,1099999,0,user_5,9,11,354
539,8,1099999,0,user_13,9,11,354
663,9,1099999,0,user_1,11,11,29
494,10,470000,0,user_29,8,11,
486,11,420000,0,user_22,8,11,
529,12,320001,0,user_4,9,11,386
530,13,320001,0,user_5,9,11,386
638,14,320000,0,user_31,10,11,
490,15,160000,0,user_26,8,11,
510,16,77000,0,user_46,8,11,
633,17,70000,0,user_25,10,11,
351,0,19000000,0,user_38,5,12,
506,1,6100000,24700,user_41,8,12,
233,2,4500000,155000,user_38,3,12,
234,3,4200000,0,user_38,3,12,
399,4,4200000,0,user_38,6,12,
460,5,3500000,0,user_43,7,12,
632,6,3500000,296000,user_24,10,12,
441,7,2300000,322000,user_23,7,12,
482,8,2299999,0,user_17,8,12,30
537,9,2299999,0,user_10,9,12,30
487,10,2100000,0,user_23,8,12,
94,11,2000000,0,user_38,1,12,
109,12,2000000,0,user_49,1,12,
456,13,1600000,0,user_38,7,12,
357,14,1500000,0,user_41,5,12,
385,15,1500000,0,user_20,6,12,
393,16,1500000,0,user_28,6,12,
342,17,1400000,15700,user_28,5,12,
647,18,1400000,0,user_35,10,12,
434,19,1300001,0,user_18,7,12,221
484,20,1300001,0,user_18,8,12,221
435,21,1299999,0,user_18,7,12,221
483,22,1299999,0,user_18,8,12,221
605,23,1100001,0,user_3,10,12,29
606,24,1100001,0,user_4,10,12,354
607,25,1100001,0,user_6,10,12,354
609,26,1100001,0,user_7,10,12,354
610,27,1100001,0,user_7,10,12,354
612,28,1100001,0,user_7,10,12,354
615,29,1100001,0,user_11,10,12,354
664,30,1100001,0,user_2,11,12,354
666,31,1100001,0,user_2,11,12,354
667,32,1100001,0,user_2,11,12,354
740,33,1100001,0,user_0,12,12,354
741,34,1100001,0,user_1,12,12,354
442,35,1100000,0,user_23,7,12,
608,36,1099999,0,user_7,10,12,354
611,37,1099999,0,user_7,10,12,354
616,38,1099999,0,user_11,10,12,354
665,39,1099999,0,user_2,11,12,354
739,40,1099999,0,user_0,12,12,354
505,41,1000000,256000,user_40,8,12,
185,42,1000000,0,user_49,2,12,
273,43,1000000,0,user_20,4,12,
276,44,670000,0,user_20,4,12,
400,45,670000,0,user_43,6,12,
300,46,670000,0,user_49,4,12,
272,47,660000,0,user_20,4,12,
443,48,660000,0,user_23,7,12,
701,49,660000,0,user_33,11,12,
691,50,600000,0,user_24,11,12,
704,51,530000,0,user_37,11,12,
271,52,460001,0,user_17,4,12,19
274,53,460000,0,user_20,4,12,
692,54,460000,0,user_24,11,12,
433,55,459999,0,user_17,7,12,19
294,56,420000,0,user_43,4,12,
392,57,420000,0,user_28,6,12,
700,58,420000,0,user_33,11,12,
649,59,420000,0,user_35,10,12,
538,60,320001,0,user_12,9,12,386
532,61,319999,0,user_8,9,12,386
622,62,319999,0,user_15,10,12,386
672,63,319999,0,user_9,11,12,386
574,64,310000,231000,user_46,9,12,
295,65,300000,0,user_43,4,12,
282,66,240000,75000,user_28,4,12,
275,67,220000,0,user_20,4,12,
492,68,220000,0,user_28,8,12,
652,69,220000,0,user_37,10,12,
235,70,190000,0,user_38,3,12,
279,71,190000,0,user_23,4,12,
236,72,170000,0,user_38,3,12,
437,73,170000,0,user_20,7,12,
457,74,170000,0,user_41,7,12,
646,75,170000,283000,user_35,10,12,
477,76,150001,0,user_10,8,12,231
651,77,150000,0,user_37,10,12,
659,78,150000,0,user_47,10,12,
432,79,149999,0,user_17,7,12,231
698,80,120000,0,user_31,11,12,
444,81,110000,0,user_23,7,12,
166,82,85000,0,user_38,2,12,
648,83,85000,0,user_35,10,12,
645,84,82000,0,user_35,10,12,
440,85,79000,0,user_23,7,12,
358,86,73000,0,user_43,5,12,
507,87,70000,0,user_43,8,12,
771,0,4500000,0,user_33,12,13,
452,1,3600000,0,user_34,7,13,
774,2,2600000,0,user_35,12,13,
653,3,2000000,510000,user_40,10,13,
767,4,1500000,0,user_30,12,13,
544,5,1100001,0,user_16,9,13,354
626,6,1100001,0,user_16,10,13,354
670,7,1100001,0,user_6,11,13,354
742,8,1100001,0,user_2,12,13,354
800,9,1100001,0,user_0,13,13,354
801,10,1100001,0,user_1,13,13,354
773,11,1100000,60700,user_35,12,13,
668,12,1099999,0,user_3,11,13,354
546,13,1099999,0,user_19,9,13,354
623,14,1099999,0,user_16,10,13,354
628,15,1099999,0,user_18,10,13,29
676,16,1099999,0,user_13,11,13,354
749,17,1099999,0,user_9,12,13,354
802,18,1099999,0,user_1,13,13,354
803,19,1099999,0,user_1,13,13,354
551,20,910000,0,user_26,9,13,
768,21,530000,0,user_30,12,13,
760,22,360000,0,user_21,12,13,
625,23,320001,0,user_16,10,13,386
512,24,320000,0,user_48,8,13,
624,25,319999,0,user_16,10,13,386
627,26,150001,0,user_16,10,13,231
674,27,150001,0,user_11,11,13,231
769,28,150000,46500,user_31,12,13,
669,29,149999,0,user_5,11,13,231
461,30,110000,0,user_44,7,13,
508,31,110000,164000,user_44,8,13,
634,32,100000,0,user_26,10,13,
699,0,27000000,0,user_32,11,14,
830,1,4200000,0,user_24,13,14,
770,2,1900000,0,user_32,12,14,
838,3,1500000,0,user_33,13,14,
639,4,1500000,0,user_32,10,14,
825,5,1099999,0,user_15,13,14,354
862,6,1099999,0,user_0,14,14,354
864,7,1099999,0,user_1,14,14,354
832,8,910000,0,user_25,13,14,
831,9,650000,0,user_24,13,14,
863,10,150001,0,user_1,14,14,231
837,11,120000,0,user_33,13,14,
842,12,120000,0,user_37,13,14,
836,13,110000,0,user_30,13,14,
840,14,87000,0,user_35,13,14,
707,0,43000000,0,user_40,11,15,
904,1,27000000,0,user_37,14,15,
629,2,19000000,0,user_20,10,15,
548,3,5200000,108000,user_23,9,15,
503,4,5000000,0,user_38,8,15,
579,5,5000000,0,user_48,9,15,
914,6,5000000,0,user_47,14,15,
545,7,2300001,0,user_17,9,15,30
568,8,1900000,0,user_41,9,15,
714,9,1700000,0,user_46,11,15,
682,10,1700000,0,user_20,11,15,
686,11,1600000,510000,user_22,11,15,
696,12,1600000,0,user_28,11,15,
897,13,1600000,0,user_30,14,15,
708,14,1500000,0,user_40,11,15,
514,15,1500000,0,user_49,8,15,
656,16,1500000,0,user_43,10,15,
657,17,1500000,0,user_43,10,15,
571,18,1500000,0,user_44,9,15,
702,19,1500000,0,user_34,11,15,
713,20,1400000,0,user_44,11,15,
617,21,1100001,0,user_12,10,15,354
619,22,1100001,0,user_12,10,15,354
620,23,1100001,0,user_12,10,15,354
675,24,1100001,0,user_12,11,15,354
745,25,1100001,0,user_6,12,15,354
614,26,1100001,0,user_10,10,15,354
679,27,1100001,0,user_16,11,15,354
758,28,1100001,0,user_19,12,15,354
805,29,1100001,0,user_5,13,15,354
752,30,1100001,0,user_10,12,15,354
811,31,1100001,0,user_7,13,15,354
812,32,1100001,0,user_7,13,15,354
873,33,1100001,0,user_9,14,15,354
943,34,1100001,0,user_1,15,15,354
613,35,1099999,0,user_8,10,15,354
673,36,1099999,0,user_10,11,15,354
680,37,1099999,0,user_18,11,15,354
754,38,1099999,0,user_11,12,15,354
678,39,1099999,0,user_16,11,15,354
681,40,1099999,0,user_19,11,15,354
809,41,1099999,0,user_5,13,15,354
751,42,1099999,0,user_10,12,15,354
753,43,1099999,0,user_10,12,15,354
884,44,1099999,0,user_15,14,15,29
941,45,1099999,0,user_0,15,15,354
942,46,1099999,0,user_0,15,15,354
642,47,1000000,0,user_34,10,15,
643,48,1000000,39400,user_34,10,15,
689,49,1000000,0,user_23,11,15,
637,50,970000,0,user_29,10,15,
694,51,970000,510000,user_26,11,15,
683,52,970000,39400,user_20,11,15,
687,53,910000,0,user_22,11,15,
630,54,870000,0,user_22,10,15,
688,55,870000,0,user_22,11,15,
684,56,630000,15700,user_22,11,15,
898,57,460000,12800,user_31,14,15,
711,58,370000,0,user_43,11,15,
640,59,360000,0,user_34,10,15,
893,60,360000,0,user_25,14,15,
569,61,350000,0,user_43,9,15,
778,62,350000,0,user_40,12,15,
915,63,350000,0,user_47,14,15,
693,64,340000,0,user_26,11,15,
757,65,320001,0,user_16,12,15,386
807,66,320001,0,user_5,13,15,386
709,67,320000,0,user_41,11,15,
900,68,320000,14200,user_33,14,15,
744,69,319999,0,user_6,12,15,386
810,70,319999,0,user_6,13,15,386
890,71,310000,0,user_21,14,15,
715,72,260000,0,user_48,11,15,
690,73,260000,0,user_23,11,15,
513,74,240000,128000,user_49,8,15,
658,75,220000,49100,user_46,10,15,
697,76,220000,0,user_28,11,15,
903,77,170000,0,user_37,14,15,
804,78,160001,0,user_3,13,15,165
746,79,159999,0,user_7,12,15,165
808,80,159999,0,user_5,13,15,165
621,81,150001,0,user_12,10,15,231
671,82,150001,0,user_8,11,15,231
743,83,150001,0,user_4,12,15,231
806,84,150001,0,user_5,13,15,231
631,85,150000,0,user_23,10,15,
570,86,150000,0,user_44,9,15,
710,87,150000,0,user_43,11,15,
618,88,149999,0,user_12,10,15,231
677,89,149999,0,user_14,11,15,231
750,90,149999,0,user_10,12,15,231
865,91,149999,0,user_2,14,15,231
902,92,120000,15100,user_35,14,15,
685,93,87000,0,user_22,11,15,
712,94,87000,0,user_44,11,15,
779,95,83000,108000,user_40,12,15,
552,96,80000,0,user_28,9,15,
654,97,80000,13900,user_41,10,15,
892,98,77000,0,user_24,14,15,
558,99,73000,0,user_34,9,15,
899,0,2400000,0,user_32,14,16,
969,1,2000000,0,user_31,15,16,
964,2,1900000,0,user_30,15,16,
846,3,1600000,0,user_40,13,16,
965,4,1400000,1100000,user_31,15,16,
866,5,1100001,0,user_5,14,16,354
870,6,1100001,0,user_6,14,16,354
881,7,1100001,0,user_13,14,16,354
945,8,1100001,0,user_2,15,16,354
826,9,1099999,0,user_16,13,16,354
868,10,1099999,0,user_5,14,16,354
869,11,1099999,0,user_6,14,16,354
877,12,1099999,0,user_11,14,16,354
879,13,1099999,0,user_13,14,16,354
880,14,1099999,0,user_13,14,16,354
951,15,1099999,0,user_9,15,16,354
954,16,1099999,0,user_15,15,16,354
968,17,460000,0,user_31,15,16,
950,18,320001,0,user_9,15,16,386
867,19,319999,0,user_5,14,16,386
944,20,319999,0,user_2,15,16,386
982,21,240000,5640,user_47,15,16,
959,22,170000,0,user_25,15,16,
827,23,159999,0,user_18,13,16,165
1004,24,159999,0,user_0,16,16,165
871,25,150001,0,user_6,14,16,231
1005,26,150001,0,user_1,16,16,231
966,27,150000,0,user_31,15,16,
833,28,120000,24700,user_26,13,16,
967,29,120000,0,user_31,15,16,
972,30,110000,0,user_37,15,16,
762,0,43000000,0,user_23,12,17,
782,1,43000000,0,user_43,12,17,
849,2,30000000,0,user_44,13,17,
839,3,27000000,0,user_34,13,17,
764,4,4500000,0,user_28,12,17,
792,5,4200000,0,user_48,12,17,
829,6,3600000,0,user_23,13,17,
793,7,2000000,0,user_48,12,17,
1030,8,1500000,0,user_25,16,17,
946,9,1100001,0,user_3,15,17,29
817,10,1100001,0,user_10,13,17,354
875,11,1100001,0,user_10,14,17,354
876,12,1100001,0,user_10,14,17,354
949,13,1100001,0,user_7,15,17,29
1007,14,1100001,0,user_2,16,17,29
1023,15,1100001,0,user_15,16,17,354
1017,16,1099999,0,user_9,16,17,354
795,17,1000000,0,user_48,12,17,
1038,18,1000000,0,user_33,16,17,
781,19,970000,0,user_43,12,17,
784,20,910000,0,user_44,12,17,
794,21,650000,0,user_48,12,17,
791,22,630000,15100,user_48,12,17,
970,23,600000,0,user_32,15,17,
1036,24,420000,0,user_31,16,17,
948,25,320001,0,user_7,15,17,386
1010,26,320001,0,user_2,16,17,386
1064,27,319999,0,user_1,17,17,386
818,28,160001,0,user_10,13,17,165
1008,29,160001,0,user_2,16,17,165
1063,30,160001,0,user_0,17,17,165
783,31,160000,0,user_44,12,17,
851,32,160000,33300,user_48,13,17,
1035,33,160000,0,user_31,16,17,
874,34,159999,0,user_10,14,17,165
1006,35,159999,0,user_2,16,17,165
1009,36,159999,0,user_2,16,17,165
888,37,149999,0,user_19,14,17,231
947,38,149999,0,user_5,15,17,231
759,39,120000,0,user_20,12,17,
828,40,120000,0,user_23,13,17,
848,41,85000,0,user_43,13,17,
772,42,83000,0,user_34,12,17,
835,43,77000,0,user_28,13,17,
1031,44,77000,0,user_25,16,17,
1089,0,30000000,0,user_21,17,18,
761,1,2500000,15700,user_22,12,18,
975,2,1800000,13900,user_40,15,18,
787,3,1500000,0,user_46,12,18,
891,4,1500000,0,user_22,14,18,
912,5,1500000,6390,user_46,14,18,
747,6,1100001,0,user_8,12,18,354
820,7,1100001,0,user_14,13,18,354
821,8,1100001,0,user_14,13,18,354
824,9,1100001,0,user_14,13,18,354
878,10,1100001,0,user_12,14,18,29
953,11,1100001,0,user_14,15,18,354
955,12,1100001,0,user_16,15,18,354
1013,13,1100001,0,user_5,16,18,29
887,14,1100001,0,user_18,14,18,354
1065,15,1100001,0,user_2,17,18,29
748,16,1099999,0,user_8,12,18,354
755,17,1099999,0,user_12,12,18,354
756,18,1099999,0,user_12,12,18,354
814,19,1099999,0,user_8,13,18,354
815,20,1099999,0,user_8,13,18,29
819,21,1099999,0,user_12,13,18,354
823,22,1099999,0,user_14,13,18,354
766,23,870000,0,user_29,12,18,
1096,24,650000,0,user_31,17,18,
1095,25,460000,0,user_30,17,18,
786,26,360000,0,user_46,12,18,
765,27,350000,0,user_29,12,18,
822,28,320001,0,user_14,13,18,386
960,29,320000,49100,user_26,15,18,
813,30,319999,0,user_8,13,18,386
1012,31,319999,0,user_4,16,18,386
913,32,310000,0,user_46,14,18,
1101,33,300000,0,user_33,17,18,
790,34,260000,0,user_46,12,18,
963,35,190000,0,user_29,15,18,
789,36,170000,0,user_46,12,18,
1011,37,160001,0,user_3,16,18,165
1014,38,160001,0,user_5,16,18,165
1021,39,160001,0,user_13,16,18,165
1135,40,160001,0,user_1,18,18,165
1136,41,160001,0,user_1,18,18,165
816,42,159999,0,user_8,13,18,165
872,43,159999,0,user_8,14,18,165
1015,44,159999,0,user_6,16,18,165
1019,45,159999,0,user_11,16,18,165
1066,46,159999,0,user_2,17,18,165
882,47,150001,0,user_14,14,18,231
1090,48,150000,0,user_21,17,18,
883,49,149999,0,user_14,14,18,231
952,50,149999,0,user_12,15,18,231
1092,51,120000,0,user_25,17,18,
788,52,85000,0,user_46,12,18,
1102,53,82000,31700,user_33,17,18,
1037,0,43000000,0,user_32,16,19,
895,1,30000000,0,user_28,14,19,
1106,2,30000000,16400,user_35,17,19,
563,3,19000000,0,user_38,9,19,
1098,4,6300000,3130,user_32,17,19,
1097,5,5200000,0,user_32,17,19,
911,6,4500000,0,user_44,14,19,
705,7,4500000,0,user_38,11,19,
1164,8,4500000,0,user_21,18,19,
910,9,3200000,0,user_43,14,19,
844,10,2400000,0,user_38,13,19,
962,11,2300000,0,user_28,15,19,
971,12,2100000,0,user_34,15,19,
957,13,2000000,0,user_20,15,19,
979,14,2000000,0,user_43,15,19,
565,15,1900000,0,user_38,9,19,
580,16,1600000,161000,user_49,9,19,
896,17,1600000,0,user_28,14,19,
1069,18,1500001,0,user_5,17,19,901
901,19,1500000,17700000,user_34,14,19,
905,20,1500000,0,user_38,14,19,
1222,21,1499999,0,user_1,19,19,901
1137,22,1400001,0,user_2,18,19,965
564,23,1400000,35600,user_38,9,19,
958,24,1400000,56200,user_23,15,19,
1168,25,1400000,0,user_25,18,19,
1026,26,1399999,0,user_19,16,19,965
1068,27,1399999,0,user_5,17,19,965
885,28,1100001,0,user_17,14,19,354
956,29,1100001,0,user_17,15,19,29
843,30,1100000,296000,user_38,13,19,
1018,31,1099999,0,user_10,16,19,354
916,32,1000000,369000,user_48,14,19,
907,33,870000,0,user_41,14,19,
1104,34,870000,0,user_35,17,19,
1105,35,870000,0,user_35,17,19,
566,36,600000,0,user_38,9,19,
1100,37,420000,0,user_32,17,19,
1108,38,350000,0,user_37,17,19,
1070,39,319999,0,user_6,17,19,386
976,40,310000,0,user_41,15,19,
716,41,260000,322000,user_49,11,19,
717,42,170000,18600,user_49,11,19,
1099,43,170000,0,user_32,17,19,
1071,44,160001,0,user_7,17,19,165
1155,45,160001,0,user_15,18,19,165
1067,46,159999,0,user_3,17,19,165
1024,47,159999,0,user_16,16,19,165
886,48,159999,0,user_17,14,19,165
1144,49,159999,0,user_9,18,19,165
1221,50,150001,0,user_0,19,19,1191
1191,51,150000,4320000,user_47,18,19,
1077,52,149999,0,user_11,17,19,231
1078,53,149999,0,user_11,17,19,231
1081,54,149999,0,user_15,17,19,231
889,55,130000,0,user_20,14,19,
983,56,110000,0,user_48,15,19,
1032,57,110000,0,user_26,16,19,
917,58,85000,0,user_49,14,19,
567,59,84000,0,user_38,9,19,
1176,60,82000,0,user_30,18,19,
776,61,80000,0,user_38,12,19,
1103,62,79000,0,user_35,17,19,
1180,63,79000,0,user_35,18,19,
0,7,3200000,0,user_0,20,22,
1,14,2100000,0,user_1,20,22,
27,1,19000000,71800,user_21,20,22,
34,5,3600000,0,user_31,20,22,
30,11,2300000,410000,user_25,20,22,
58,12,2299999,0,user_1,21,22,30
37,16,1300000,0,user_33,20,22,
26,19,1000000,0,user_21,20,22,
39,20,1000000,0,user_35,20,22,
42,23,420000,0,user_37,20,22,
56,24,370000,0,user_0,21,22,
57,27,310000,0,user_0,21,22,
53,29,300000,0,user_47,20,22,
22,32,170000,0,user_15,20,22,
15,35,150000,0,user_9,20,22,
31,47,73000,0,user_25,20,22,
14,48,73000,0,user_9,20,22,
81,0,43000000,256000,user_20,21,25,
27,1,19000000,71800,user_21,20,22,
48,4,5200000,0,user_43,20,25,
4,4,5000000,0,user_4,20,23,
43,5,5000000,0,user_38,20,25,
34,5,3600000,0,user_31,20,22,
20,6,3500000,17000,user_13,20,23,
0,7,3200000,0,user_0,20,22,
17,8,2600000,0,user_11,20,23,
59,10,2300001,0,user_2,21,23,30
64,11,2300001,0,user_7,21,24,30
30,11,2300000,410000,user_25,20,22,
58,12,2299999,0,user_1,21,22,30
133,15,2299999,0,user_7,22,24,30
1,14,2100000,0,user_1,20,22,
98,10,1800000,0,user_41,21,25,
37,16,1300000,0,user_33,20,22,
137,11,1100001,0,user_10,22,25,29
29,13,1100000,17700000,user_23,20,25,
26,19,1000000,0,user_21,20,22,
39,20,1000000,0,user_35,20,22,
132,31,460001,0,user_7,22,24,19
19,23,460000,296000,user_11,20,23,
42,23,420000,0,user_37,20,22,
56,24,370000,0,user_0,21,22,
97,18,350000,0,user_41,21,25,
45,19,340000,0,user_41,20,25,
57,27,310000,0,user_0,21,22,
18,28,300000,0,user_11,20,23,
53,29,300000,0,user_47,20,22,
33,20,220000,0,user_28,20,25,
84,21,190000,12800,user_23,21,25,
22,32,170000,0,user_15,20,22,
47,24,160000,0,user_43,20,25,
5,31,160000,0,user_5,20,23,
15,35,150000,0,user_9,20,22,
55,25,150000,43600,user_49,20,25,
28,26,130000,0,user_23,20,25,
3,35,120000,0,user_4,20,23,
90,27,120000,0,user_28,21,25,
2,36,110000,0,user_3,20,23,
74,29,84001,0,user_17,21,25,7
76,30,84001,0,user_17,21,25,7
100,31,84000,0,user_43,21,25,
24,32,83999,0,user_17,20,25,7
73,33,83999,0,user_17,21,25,7
75,34,83999,0,user_17,21,25,7
31,47,73000,0,user_25,20,22,
14,48,73000,0,user_9,20,22,
6,38,70000,3130,user_6,20,23,
162,0,27000000,283000,user_35,22,23,
136,1,19000001,0,user_9,22,23,27
141,2,19000001,0,user_15,22,23,27
161,3,6300000,0,user_35,22,23,
4,4,5000000,0,user_4,20,23,
93,5,4200000,0,user_35,21,23,
20,6,3500000,17000,user_13,20,23,
86,7,3500000,0,user_24,21,23,
17,8,2600000,0,user_11,20,23,
92,9,2500000,34700,user_32,21,23,
59,10,2300001,0,user_2,21,23,30
135,11,2300001,0,user_9,22,23,30
128,12,2299999,0,user_0,22,23,30
91,13,2000000,0,user_31,21,23,
85,14,1900000,0,user_24,21,23,
147,15,1900000,0,user_21,22,23,
151,16,1700000,0,user_24,22,23,
164,17,1300000,0,user_37,22,23,
9,18,1200000,0,user_7,20,23,
71,19,1000000,0,user_15,21,23,
108,20,970000,0,user_47,21,23,
190,21,460001,0,user_1,23,23,19
10,22,460000,0,user_7,20,23,
19,23,460000,296000,user_11,20,23,
189,24,459999,0,user_1,23,23,19
35,25,360000,0,user_32,20,23,
158,26,350000,0,user_33,22,23,
36,27,310000,0,user_32,20,23,
18,28,300000,0,user_11,20,23,
11,29,260000,0,user_7,20,23,
187,30,160001,0,user_0,23,23,165
5,31,160000,0,user_5,20,23,
165,32,160000,779000,user_37,22,23,
188,33,159999,0,user_0,23,23,165
8,34,150000,0,user_7,20,23,
3,35,120000,0,user_4,20,23,
2,36,110000,0,user_3,20,23,
7,37,84000,19700,user_7,20,23,
6,38,70000,3130,user_6,20,23,
65,0,19000001,0,user_11,21,24,27
68,1,19000001,0,user_13,21,24,27
23,2,19000000,0,user_16,20,24,
214,3,19000000,0,user_21,23,24,
66,4,18999999,0,user_12,21,24,27
78,5,18999999,0,user_19,21,24,27
139,6,18999999,0,user_13,22,24,27
82,7,5000000,0,user_22,21,24,
130,8,3500001,0,user_5,22,24,20
106,9,3200000,0,user_46,21,24,
229,10,2500000,0,user_35,23,24,
64,11,2300001,0,user_7,21,24,30
67,12,2300001,0,user_13,21,24,30
69,13,2300001,0,user_14,21,24,30
202,14,2300001,0,user_15,23,24,30
133,15,2299999,0,user_7,22,24,30
87,16,2000000,0,user_26,21,24,
232,17,2000000,0,user_37,23,24,
13,18,1600000,0,user_8,20,24,
211,19,1100000,0,user_21,23,24,
213,20,1000000,43600,user_21,23,24,
225,21,1000000,0,user_31,23,24,
157,22,1000000,75000,user_32,22,24,
21,23,970000,0,user_14,20,24,
224,24,970000,24700,user_30,23,24,
105,25,670000,71800,user_46,21,24,
210,26,660000,0,user_21,23,24,
226,27,470000,5180,user_33,23,24,
60,28,460001,0,user_3,21,24,19
62,29,460001,0,user_5,21,24,19
129,30,460001,0,user_4,22,24,19
132,31,460001,0,user_7,22,24,19
216,32,460000,0,user_24,23,24,
61,33,459999,0,user_4,21,24,19
63,34,459999,0,user_5,21,24,19
79,35,459999,0,user_19,21,24,19
131,36,459999,0,user_6,22,24,19
191,37,459999,0,user_2,23,24,19
54,38,260000,0,user_48,20,24,
38,39,220000,0,user_34,20,24,
107,40,190000,0,user_46,21,24,
12,41,170000,0,user_8,20,24,
52,42,170000,0,user_46,20,24,
88,43,170000,11200,user_26,21,24,
262,44,150001,0,user_1,24,24,231
231,45,150000,7190000,user_37,23,24,
261,46,149999,0,user_0,24,24,231
96,47,120000,0,user_40,21,24,
25,48,110000,0,user_19,20,24,
227,49,100000,0,user_33,23,24,
72,50,84001,0,user_16,21,24,7
16,51,83999,0,user_10,20,24,7
70,52,83999,0,user_14,21,24,7
80,53,83999,0,user_19,21,24,7
83,54,83000,21800,user_22,21,24,
212,55,82000,0,user_21,23,24,
49,56,79000,0,user_44,20,24,
217,57,77000,0,user_25,23,24,
81,0,43000000,256000,user_20,21,25,
192,1,27000001,0,user_3,23,25,162
200,2,27000001,0,user_13,23,25,162
199,3,26999999,0,user_13,23,25,162
48,4,5200000,0,user_43,20,25,
43,5,5000000,0,user_38,20,25,
277,13,4500000,0,user_21,24,28,
144,7,2300001,0,user_18,22,25,30
77,8,2299999,0,user_18,21,25,30
197,9,2299999,0,user_11,23,25,30
98,10,1800000,0,user_41,21,25,
137,11,1100001,0,user_10,22,25,29
325,65,1100001,0,user_1,25,28,29
29,13,1100000,17700000,user_23,20,25,
194,14,1099999,0,user_7,23,25,29
287,80,660000,0,user_33,24,28,
324,86,460001,0,user_1,25,28,19
263,17,459999,0,user_2,24,25,19
97,18,350000,0,user_41,21,25,
45,19,340000,0,user_41,20,25,
33,20,220000,0,user_28,20,25,
84,21,190000,12800,user_23,21,25,
284,22,170000,0,user_31,24,25,
193,23,160001,0,user_6,23,25,165
47,24,160000,0,user_43,20,25,
55,25,150000,43600,user_49,20,25,
28,26,130000,0,user_23,20,25,
90,27,120000,0,user_28,21,25,
168,28,98000,0,user_40,22,25,
74,29,84001,0,user_17,21,25,7
76,30,84001,0,user_17,21,25,7
100,31,84000,0,user_43,21,25,
24,32,83999,0,user_17,20,25,7
73,33,83999,0,user_17,21,25,7
75,34,83999,0,user_17,21,25,7
177,0,43000000,0,user_43,22,26,
331,2,26999999,0,user_9,25,28,162
205,3,19000001,0,user_16,23,28,27
176,3,6100000,0,user_43,22,26,
222,7,5200000,0,user_26,23,28,
182,12,4500000,0,user_48,22,28,
218,16,4200000,146000,user_26,23,28,
361,17,4200000,0,user_47,25,28,
142,19,3500001,0,user_16,22,28,20
203,20,3500001,0,user_16,23,28,20
145,22,3499999,0,user_19,22,28,20
344,23,3200000,0,user_30,25,28,
169,12,2600000,0,user_41,22,26,
143,30,2299999,0,user_16,22,28,30
208,31,2299999,0,user_19,23,28,30
184,38,2000000,0,user_48,22,28,
363,40,2000000,0,user_47,25,28,
299,41,1900000,0,user_47,24,28,
345,42,1700000,0,user_31,25,28,
264,51,1300001,0,user_5,24,28,221
326,52,1300001,0,user_2,25,28,221
369,54,1300001,0,user_1,26,28,221
221,57,1300000,369000,user_26,23,28,
154,23,1000000,0,user_28,22,26,
180,74,870000,0,user_48,22,28,
265,25,460001,0,user_7,24,26,19
196,26,459999,0,user_10,23,26,19
269,88,459999,0,user_13,24,28,19
349,94,310000,0,user_35,25,28,
150,29,300000,0,user_23,22,26,
183,97,260000,0,user_48,22,28,
146,31,260000,0,user_20,22,26,
170,32,240000,0,user_41,22,26,
160,33,160000,0,user_34,22,26,
178,34,160000,0,user_44,22,26,
285,35,160000,0,user_32,24,26,
270,36,159999,0,user_15,24,26,165
368,37,150001,0,user_0,26,26,231
337,38,149999,0,user_15,25,26,231
152,39,120000,0,user_26,22,26,
286,40,120000,0,user_32,24,26,
159,41,110000,0,user_34,22,26,
219,42,110000,6390,user_26,23,26,
155,43,100000,0,user_28,22,26,
220,44,87000,0,user_26,23,26,
181,45,85000,0,user_48,22,26,
340,46,85000,0,user_25,25,26,
206,47,84001,0,user_16,23,26,7
204,48,83999,0,user_16,23,26,7
362,49,79000,108000,user_47,25,26,
215,0,30000000,0,user_22,23,29,
207,2,26999999,0,user_18,23,29,162
331,2,26999999,0,user_9,25,28,162
205,3,19000001,0,user_16,23,28,27
298,3,19000000,0,user_46,24,29,
351,0,19000000,0,user_38,25,32,
195,4,18999999,0,user_8,23,29,27
222,7,5200000,0,user_26,23,28,
283,5,5200000,0,user_29,24,29,
297,7,5000000,0,user_46,24,29,
355,9,5000000,56200,user_40,25,29,
233,2,4500000,155000,user_38,23,32,
182,12,4500000,0,user_48,22,28,
277,13,4500000,0,user_21,24,28,
359,11,4500000,0,user_44,25,29,
234,3,4200000,0,user_38,23,32,
218,16,4200000,146000,user_26,23,28,
361,17,4200000,0,user_47,25,28,
399,4,4200000,0,user_38,26,32,
142,19,3500001,0,user_16,22,28,20
203,20,3500001,0,user_16,23,28,20
460,5,3500000,0,user_43,27,32,
145,22,3499999,0,user_19,22,28,20
344,23,3200000,0,user_30,25,28,
356,12,3200000,128000,user_40,25,29,
134,15,2300001,0,user_8,22,29,30
140,16,2300001,0,user_14,22,29,30
370,17,2300001,0,user_2,26,29,30
441,7,2300000,322000,user_23,27,32,
281,18,2300000,0,user_26,24,29,
143,30,2299999,0,user_16,22,28,30
208,31,2299999,0,user_19,23,28,30
138,19,2299999,0,user_12,22,29,30
201,20,2299999,0,user_14,23,29,30
381,22,2299999,0,user_16,26,29,30
423,23,2299999,0,user_6,27,29,30
94,11,2000000,0,user_38,21,32,
109,12,2000000,0,user_49,21,32,
184,38,2000000,0,user_48,22,28,
291,25,2000000,0,user_40,24,29,
363,40,2000000,0,user_47,25,28,
299,41,1900000,0,user_47,24,28,
345,42,1700000,0,user_31,25,28,
357,14,1500000,0,user_41,25,32,
278,27,1500000,0,user_22,24,29,
385,15,1500000,0,user_20,26,32,
393,16,1500000,0,user_28,26,32,
342,17,1400000,15700,user_28,25,32,
244,29,1400000,0,user_46,23,29,
228,30,1400000,0,user_34,23,29,
391,31,1400000,0,user_26,26,29,
264,51,1300001,0,user_5,24,28,221
326,52,1300001,0,user_2,25,28,221
335,32,1300001,0,user_13,25,29,221
369,54,1300001,0,user_1,26,28,221
376,35,1300001,0,user_11,26,29,221
426,36,1300001,0,user_11,27,29,221
221,57,1300000,369000,user_26,23,28,
288,37,1300000,0,user_34,24,29,
332,39,1299999,0,user_11,25,29,221
374,40,1299999,0,user_7,26,29,221
338,41,1299999,0,user_18,25,29,221
380,42,1299999,0,user_16,26,29,221
384,43,1299999,0,user_19,26,29,221
420,44,1299999,0,user_5,27,29,221
325,65,1100001,0,user_1,25,28,29
442,35,1100000,0,user_23,27,32,
354,46,1100000,594000,user_40,25,29,
348,47,1100000,0,user_34,25,29,
373,49,1099999,0,user_7,26,29,29
474,29,1099999,0,user_7,28,30,29
185,42,1000000,0,user_49,22,32,
273,43,1000000,0,user_20,24,32,
238,50,1000000,73100,user_40,23,29,
180,74,870000,0,user_48,22,28,
266,52,670001,0,user_8,24,29,105
276,44,670000,0,user_20,24,32,
400,45,670000,0,user_43,26,32,
300,46,670000,0,user_49,24,32,
272,47,660000,0,user_20,24,32,
287,80,660000,0,user_33,24,28,
149,53,660000,0,user_22,22,29,
443,48,660000,0,user_23,27,32,
352,54,650000,0,user_40,25,29,
156,55,530000,3130,user_29,22,29,
271,52,460001,0,user_17,24,32,19
324,86,460001,0,user_1,25,28,19
274,53,460000,0,user_20,24,32,
269,88,459999,0,user_13,24,28,19
268,57,459999,0,user_12,24,29,19
433,55,459999,0,user_17,27,32,19
294,56,420000,0,user_43,24,32,
392,57,420000,0,user_28,26,32,
364,59,320000,0,user_48,25,29,
349,94,310000,0,user_35,25,28,
245,60,310000,0,user_48,23,29,
295,65,300000,0,user_43,24,32,
183,97,260000,0,user_48,22,28,
148,62,260000,0,user_22,22,29,
282,66,240000,75000,user_28,24,32,
215,0,30000000,0,user_22,23,29,
395,1,30000000,128000,user_31,26,29,
207,2,26999999,0,user_18,23,29,162
298,3,19000000,0,user_46,24,29,
195,4,18999999,0,user_8,23,29,27
283,5,5200000,0,user_29,24,29,
449,6,5200000,0,user_31,27,29,
297,7,5000000,0,user_46,24,29,
446,8,5000000,0,user_25,27,29,
355,9,5000000,56200,user_40,25,29,
496,10,5000000,49100,user_30,28,29,
359,11,4500000,0,user_44,25,29,
356,12,3200000,128000,user_40,25,29,
241,13,2400000,0,user_43,23,29,
347,14,2400000,285000,user_32,25,29,
134,15,2300001,0,user_8,22,29,30
140,16,2300001,0,user_14,22,29,30
370,17,2300001,0,user_2,26,29,30
281,18,2300000,0,user_26,24,29,
138,19,2299999,0,user_12,22,29,30
201,20,2299999,0,user_14,23,29,30
375,21,2299999,0,user_9,26,29,30
381,22,2299999,0,user_16,26,29,30
423,23,2299999,0,user_6,27,29,30
451,24,2100000,108000,user_33,27,29,
291,25,2000000,0,user_40,24,29,
396,26,1800000,17000,user_33,26,29,
278,27,1500000,0,user_22,24,29,
498,28,1500000,0,user_30,28,29,
244,29,1400000,0,user_46,23,29,
228,30,1400000,0,user_34,23,29,
391,31,1400000,0,user_26,26,29,
335,32,1300001,0,user_13,25,29,221
418,33,1300001,0,user_0,27,29,221
419,34,1300001,0,user_0,27,29,221
376,35,1300001,0,user_11,26,29,221
426,36,1300001,0,user_11,27,29,221
288,37,1300000,0,user_34,24,29,
485,38,1300000,0,user_21,28,29,
332,39,1299999,0,user_11,25,29,221
374,40,1299999,0,user_7,26,29,221
338,41,1299999,0,user_18,25,29,221
380,42,1299999,0,user_16,26,29,221
384,43,1299999,0,user_19,26,29,221
420,44,1299999,0,user_5,27,29,221
448,45,1100000,0,user_30,27,29,
354,46,1100000,594000,user_40,25,29,
348,47,1100000,0,user_34,25,29,
267,48,1099999,0,user_10,24,29,29
373,49,1099999,0,user_7,26,29,29
238,50,1000000,73100,user_40,23,29,
497,51,970000,0,user_30,28,29,
266,52,670001,0,user_8,24,29,105
149,53,660000,0,user_22,22,29,
352,54,650000,0,user_40,25,29,
156,55,530000,3130,user_29,22,29,
398,56,470000,0,user_35,26,29,
268,57,459999,0,user_12,24,29,19
386,58,320000,7190000,user_21,26,29,
364,59,320000,0,user_48,25,29,
245,60,310000,0,user_48,23,29,
499,61,310000,0,user_31,28,29,
148,62,260000,0,user_22,22,29,
280,63,240000,32900,user_26,24,29,
438,64,220000,0,user_21,27,29,
495,65,220000,0,user_30,28,29,
209,66,170000,0,user_20,23,29,
500,67,170000,0,user_33,28,29,
333,68,160001,0,user_11,25,29,165
383,69,160001,0,user_19,26,29,165
421,70,160001,0,user_5,27,29,165
422,71,160001,0,user_6,27,29,165
526,72,160001,0,user_1,29,29,165
296,73,160000,0,user_44,24,29,
327,74,159999,0,user_4,25,29,165
382,75,159999,0,user_18,26,29,165
428,76,159999,0,user_13,27,29,165
469,77,159999,0,user_2,28,29,165
328,78,150001,0,user_6,25,29,231
329,79,150001,0,user_7,25,29,231
379,80,150001,0,user_15,26,29,231
372,81,150001,0,user_6,26,29,231
371,82,149999,0,user_3,26,29,231
394,83,120000,0,user_30,26,29,
353,84,100000,0,user_40,25,29,
248,85,98000,0,user_48,23,29,
389,86,87000,0,user_24,26,29,
388,87,84000,0,user_24,26,29,
246,88,84000,0,user_48,23,29,
198,89,82999,0,user_12,23,29,83
346,90,77000,0,user_32,25,29,
247,91,73000,0,user_48,23,29,
390,92,70000,0,user_25,26,29,
489,0,19000000,0,user_24,28,30,
387,1,5000000,71800,user_22,26,30,
447,2,5000000,0,user_26,27,30,
455,3,5000000,0,user_37,27,30,
557,4,4500000,0,user_33,29,30,
343,5,2400000,0,user_29,25,30,
471,6,2300001,0,user_4,28,30,30
479,7,2300001,0,user_13,28,30,30
470,8,2299999,0,user_3,28,30,30
475,9,2299999,0,user_9,28,30,30
542,10,2299999,0,user_15,29,30,30
450,11,1600000,0,user_32,27,30,
578,12,1500000,0,user_47,29,30,
377,13,1300001,0,user_14,26,30,221
424,14,1300001,0,user_8,27,30,221
436,15,1300001,0,user_19,27,30,221
535,16,1300001,0,user_9,29,30,221
540,17,1300001,0,user_15,29,30,221
541,18,1300001,0,user_15,29,30,221
360,19,1300000,0,user_46,25,30,
330,20,1299999,0,user_8,25,30,221
334,21,1299999,0,user_12,25,30,221
336,22,1299999,0,user_14,25,30,221
425,23,1299999,0,user_9,27,30,221
476,24,1299999,0,user_9,28,30,221
533,25,1299999,0,user_9,29,30,221
534,26,1299999,0,user_9,29,30,221
536,27,1299999,0,user_9,29,30,221
431,28,1100001,0,user_16,27,30,29
474,29,1099999,0,user_7,28,30,29
527,30,1099999,0,user_2,29,30,354
603,31,1099999,0,user_1,30,30,354
445,32,910000,0,user_24,27,30,
549,33,600000,139000,user_24,29,30,
488,34,530000,0,user_24,28,30,
403,35,420000,0,user_46,26,30,
397,36,420000,0,user_34,26,30,
453,37,420000,0,user_35,27,30,
576,38,420000,0,user_47,29,30,
577,39,420000,0,user_47,29,30,
602,40,320001,0,user_0,30,30,386
464,41,310000,0,user_47,27,30,
556,42,300000,0,user_33,29,30,
463,43,240000,0,user_47,27,30,
511,44,240000,0,user_47,28,30,
554,45,190000,0,user_30,29,30,
429,46,160001,0,user_14,27,30,165
473,47,160001,0,user_7,28,30,165
555,48,160000,0,user_31,29,30,
378,49,159999,0,user_14,26,30,165
543,50,159999,0,user_15,29,30,165
427,51,150001,0,user_12,27,30,231
472,52,150001,0,user_5,28,30,231
430,53,150001,0,user_15,27,30,231
575,54,150000,0,user_47,29,30,
339,55,120000,0,user_22,25,30,
439,56,120000,0,user_22,27,30,
547,57,110000,0,user_21,29,30,
553,58,83000,0,user_30,29,30,
550,59,80000,0,user_25,29,30,
478,0,2300001,0,user_12,28,31,30
480,1,2300001,0,user_16,28,31,30
481,2,2299999,0,user_16,28,31,30
493,3,1900000,0,user_29,28,31,
604,4,1100001,0,user_2,30,31,354
662,5,1100001,0,user_1,31,31,354
528,6,1099999,0,user_3,29,31,29
531,7,1099999,0,user_5,29,31,354
539,8,1099999,0,user_13,29,31,354
663,9,1099999,0,user_1,31,31,29
494,10,470000,0,user_29,28,31,
486,11,420000,0,user_22,28,31,
529,12,320001,0,user_4,29,31,386
530,13,320001,0,user_5,29,31,386
638,14,320000,0,user_31,30,31,
490,15,160000,0,user_26,28,31,
510,16,77000,0,user_46,28,31,
633,17,70000,0,user_25,30,31,
351,0,19000000,0,user_38,25,32,
506,1,6100000,24700,user_41,28,32,
233,2,4500000,155000,user_38,23,32,
234,3,4200000,0,user_38,23,32,
399,4,4200000,0,user_38,26,32,
460,5,3500000,0,user_43,27,32,
632,6,3500000,296000,user_24,30,32,
441,7,2300000,322000,user_23,27,32,
482,8,2299999,0,user_17,28,32,30
537,9,2299999,0,user_10,29,32,30
487,10,2100000,0,user_23,28,32,
94,11,2000000,0,user_38,21,32,
109,12,2000000,0,user_49,21,32,
456,13,1600000,0,user_38,27,32,
357,14,1500000,0,user_41,25,32,
385,15,1500000,0,user_20,26,32,
393,16,1500000,0,user_28,26,32,
342,17,1400000,15700,user_28,25,32,
647,18,1400000,0,user_35,30,32,
434,19,1300001,0,user_18,27,32,221
484,20,1300001,0,user_18,28,32,221
435,21,1299999,0,user_18,27,32,221
483,22,1299999,0,user_18,28,32,221
605,23,1100001,0,user_3,30,32,29
606,24,1100001,0,user_4,30,32,354
607,25,1100001,0,user_6,30,32,354
609,26,1100001,0,user_7,30,32,354
610,27,1100001,0,user_7,30,32,354
612,28,1100001,0,user_7,30,32,354
615,29,1100001,0,user_11,30,32,354
664,30,1100001,0,user_2,31,32,354
666,31,1100001,0,user_2,31,32,354
667,32,1100001,0,user_2,31,32,354
740,33,1100001,0,user_0,32,32,354
741,34,1100001,0,user_1,32,32,354
442,35,1100000,0,user_23,27,32,
608,36,1099999,0,user_7,30,32,354
611,37,1099999,0,user_7,30,32,354
616,38,1099999,0,user_11,30,32,354
665,39,1099999,0,user_2,31,32,354
739,40,1099999,0,user_0,32,32,354
505,41,1000000,256000,user_40,28,32,
185,42,1000000,0,user_49,22,32,
273,43,1000000,0,user_20,24,32,
276,44,670000,0,user_20,24,32,
400,45,670000,0,user_43,26,32,
300,46,670000,0,user_49,24,32,
272,47,660000,0,user_20,24,32,
443,48,660000,0,user_23,27,32,
701,49,660000,0,user_33,31,32,
691,50,600000,0,user_24,31,32,
704,51,530000,0,user_37,31,32,
271,52,460001,0,user_17,24,32,19
274,53,460000,0,user_20,24,32,
692,54,460000,0,user_24,31,32,
433,55,459999,0,user_17,27,32,19
294,56,420000,0,user_43,24,32,
392,57,420000,0,user_28,26,32,
700,58,420000,0,user_33,31,32,
649,59,420000,0,user_35,30,32,
538,60,320001,0,user_12,29,32,386
532,61,319999,0,user_8,29,32,386
622,62,319999,0,user_15,30,32,386
672,63,319999,0,user_9,31,32,386
574,64,310000,231000,user_46,29,32,
295,65,300000,0,user_43,24,32,
282,66,240000,75000,user_28,24,32,
275,67,220000,0,user_20,24,32,
492,68,220000,0,user_28,28,32,
652,69,220000,0,user_37,30,32,
235,70,190000,0,user_38,23,32,
279,71,190000,0,user_23,24,32,
236,72,170000,0,user_38,23,32,
437,73,170000,0,user_20,27,32,
457,74,170000,0,user_41,27,32,
646,75,170000,283000,user_35,30,32,
477,76,150001,0,user_10,28,32,231
651,77,150000,0,user_37,30,32,
659,78,150000,0,user_47,30,32,
432,79,149999,0,user_17,27,32,231
698,80,120000,0,user_31,31,32,
444,81,110000,0,user_23,27,32,
166,82,85000,0,user_38,22,32,
648,83,85000,0,user_35,30,32,
645,84,82000,0,user_35,30,32,
440,85,79000,0,user_23,27,32,
358,86,73000,0,user_43,25,32,
507,87,70000,0,user_43,28,32,
771,0,4500000,0,user_33,32,33,
452,1,3600000,0,user_34,27,33,
774,2,2600000,0,user_35,32,33,
653,3,2000000,510000,user_40,30,33,
767,4,1500000,0,user_30,32,33,
544,5,1100001,0,user_16,29,33,354
626,6,1100001,0,user_16,30,33,354
670,7,1100001,0,user_6,31,33,354
742,8,1100001,0,user_2,32,33,354
800,9,1100001,0,user_0,33,33,354
801,10,1100001,0,user_1,33,33,354
773,11,1100000,60700,user_35,32,33,
668,12,1099999,0,user_3,31,33,354
546,13,1099999,0,user_19,29,33,354
623,14,1099999,0,user_16,30,33,354
628,15,1099999,0,user_18,30,33,29
676,16,1099999,0,user_13,31,33,354
749,17,1099999,0,user_9,32,33,354
802,18,1099999,0,user_1,33,33,354
803,19,1099999,0,user_1,33,33,354
551,20,910000,0,user_26,29,33,
768,21,530000,0,user_30,32,33,
760,22,360000,0,user_21,32,33,
625,23,320001,0,user_16,30,33,386
512,24,320000,0,user_48,28,33,
624,25,319999,0,user_16,30,33,386
627,26,150001,0,user_16,30,33,231
674,27,150001,0,user_11,31,33,231
769,28,150000,46500,user_31,32,33,
669,29,149999,0,user_5,31,33,231
461,30,110000,0,user_44,27,33,
508,31,110000,164000,user_44,28,33,
634,32,100000,0,user_26,30,33,
699,0,27000000,0,user_32,31,34,
830,1,4200000,0,user_24,33,34,
770,2,1900000,0,user_32,32,34,
838,3,1500000,0,user_33,33,34,
639,4,1500000,0,user_32,30,34,
825,5,1099999,0,user_15,33,34,354
862,6,1099999,0,user_0,34,34,354
864,7,1099999,0,user_1,34,34,354
832,8,910000,0,user_25,33,34,
831,9,650000,0,user_24,33,34,
863,10,150001,0,user_1,34,34,231
837,11,120000,0,user_33,33,34,
842,12,120000,0,user_37,33,34,
836,13,110000,0,user_30,33,34,
840,14,87000,0,user_35,33,34,
707,0,43000000,0,user_40,31,35,
904,1,27000000,0,user_37,34,35,
629,2,19000000,0,user_20,30,35,
548,3,5200000,108000,user_23,29,35,
503,4,5000000,0,user_38,28,35,
579,5,5000000,0,user_48,29,35,
914,6,5000000,0,user_47,34,35,
545,7,2300001,0,user_17,29,35,30
568,8,1900000,0,user_41,29,35,
714,9,1700000,0,user_46,31,35,
682,10,1700000,0,user_20,31,35,
686,11,1600000,510000,user_22,31,35,
696,12,1600000,0,user_28,31,35,
897,13,1600000,0,user_30,34,35,
708,14,1500000,0,user_40,31,35,
514,15,1500000,0,user_49,28,35,
656,16,1500000,0,user_43,30,35,
657,17,1500000,0,user_43,30,35,
571,18,1500000,0,user_44,29,35,
702,19,1500000,0,user_34,31,35,
713,20,1400000,0,user_44,31,35,
617,21,1100001,0,user_12,30,35,354
619,22,1100001,0,user_12,30,35,354
620,23,1100001,0,user_12,30,35,354
675,24,1100001,0,user_12,31,35,354
745,25,1100001,0,user_6,32,35,354
614,26,1100001,0,user_10,30,35,354
679,27,1100001,0,user_16,31,35,354
758,28,1100001,0,user_19,32,35,354
805,29,1100001,0,user_5,33,35,354
752,30,1100001,0,user_10,32,35,354
811,31,1100001,0,user_7,33,35,354
812,32,1100001,0,user_7,33,35,354
873,33,1100001,0,user_9,34,35,354
943,34,1100001,0,user_1,35,35,354
613,35,1099999,0,user_8,30,35,354
673,36,1099999,0,user_10,31,35,354
680,37,1099999,0,user_18,31,35,354
754,38,1099999,0,user_11,32,35,354
678,39,1099999,0,user_16,31,35,354
681,40,1099999,0,user_19,31,35,354
809,41,1099999,0,user_5,33,35,354
751,42,1099999,0,user_10,32,35,354
753,43,1099999,0,user_10,32,35,354
884,44,1099999,0,user_15,34,35,29
941,45,1099999,0,user_0,35,35,354
942,46,1099999,0,user_0,35,35,354
642,47,1000000,0,user_34,30,35,
643,48,1000000,39400,user_34,30,35,
689,49,1000000,0,user_23,31,35,
637,50,970000,0,user_29,30,35,
694,51,970000,510000,user_26,31,35,
683,52,970000,39400,user_20,31,35,
687,53,910000,0,user_22,31,35,
630,54,870000,0,user_22,30,35,
688,55,870000,0,user_22,31,35,
684,56,630000,15700,user_22,31,35,
898,57,460000,12800,user_31,34,35,
711,58,370000,0,user_43,31,35,
640,59,360000,0,user_34,30,35,
893,60,360000,0,user_25,34,35,
569,61,350000,0,user_43,29,35,
778,62,350000,0,user_40,32,35,
915,63,350000,0,user_47,34,35,
693,64,340000,0,user_26,31,35,
757,65,320001,0,user_16,32,35,386
807,66,320001,0,user_5,33,35,386
709,67,320000,0,user_41,31,35,
900,68,320000,14200,user_33,34,35,
744,69,319999,0,user_6,32,35,386
810,70,319999,0,user_6,33,35,386
890,71,310000,0,user_21,34,35,
715,72,260000,0,user_48,31,35,
690,73,260000,0,user_23,31,35,
513,74,240000,128000,user_49,28,35,
658,75,220000,49100,user_46,30,35,
697,76,220000,0,user_28,31,35,
903,77,170000,0,user_37,34,35,
804,78,160001,0,user_3,33,35,165
746,79,159999,0,user_7,32,35,165
808,80,159999,0,user_5,33,35,165
621,81,150001,0,user_12,30,35,231
671,82,150001,0,user_8,31,35,231
743,83,150001,0,user_4,32,35,231
806,84,150001,0,user_5,33,35,231
631,85,150000,0,user_23,30,35,
570,86,150000,0,user_44,29,35,
710,87,150000,0,user_43,31,35,
618,88,149999,0,user_12,30,35,231
677,89,149999,0,user_14,31,35,231
750,90,149999,0,user_10,32,35,231
865,91,149999,0,user_2,34,35,231
902,92,120000,15100,user_35,34,35,
685,93,87000,0,user_22,31,35,
712,94,87000,0,user_44,31,35,
779,95,83000,108000,user_40,32,35,
552,96,80000,0,user_28,29,35,
654,97,80000,13900,user_41,30,35,
892,98,77000,0,user_24,34,35,
558,99,73000,0,user_34,29,35,
899,0,2400000,0,user_32,34,36,
969,1,2000000,0,user_31,35,36,
964,2,1900000,0,user_30,35,36,
846,3,1600000,0,user_40,33,36,
965,4,1400000,1100000,user_31,35,36,
866,5,1100001,0,user_5,34,36,354
870,6,1100001,0,user_6,34,36,354
881,7,1100001,0,user_13,34,36,354
945,8,1100001,0,user_2,35,36,354
826,9,1099999,0,user_16,33,36,354
868,10,1099999,0,user_5,34,36,354
869,11,1099999,0,user_6,34,36,354
877,12,1099999,0,user_11,34,36,354
879,13,1099999,0,user_13,34,36,354
880,14,1099999,0,user_13,34,36,354
951,15,1099999,0,user_9,35,36,354
954,16,1099999,0,user_15,35,36,354
968,17,460000,0,user_31,35,36,
950,18,320001,0,user_9,35,36,386
867,19,319999,0,user_5,34,36,386
944,20,319999,0,user_2,35,36,386
982,21,240000,5640,user_47,35,36,
959,22,170000,0,user_25,35,36,
827,23,159999,0,user_18,33,36,165
1004,24,159999,0,user_0,36,36,165
871,25,150001,0,user_6,34,36,231
1005,26,150001,0,user_1,36,36,231
966,27,150000,0,user_31,35,36,
833,28,120000,24700,user_26,33,36,
967,29,120000,0,user_31,35,36,
972,30,110000,0,user_37,35,36,
762,0,43000000,0,user_23,32,37,
782,1,43000000,0,user_43,32,37,
849,2,30000000,0,user_44,33,37,
839,3,27000000,0,user_34,33,37,
764,4,4500000,0,user_28,32,37,
792,5,4200000,0,user_48,32,37,
829,6,3600000,0,user_23,33,37,
793,7,2000000,0,user_48,32,37,
1030,8,1500000,0,user_25,36,37,
946,9,1100001,0,user_3,35,37,29
817,10,1100001,0,user_10,33,37,354
875,11,1100001,0,user_10,34,37,354
876,12,1100001,0,user_10,34,37,354
949,13,1100001,0,user_7,35,37,29
1007,14,1100001,0,user_2,36,37,29
1023,15,1100001,0,user_15,36,37,354
1017,16,1099999,0,user_9,36,37,354
795,17,1000000,0,user_48,32,37,
1038,18,1000000,0,user_33,36,37,
781,19,970000,0,user_43,32,37,
784,20,910000,0,user_44,32,37,
794,21,650000,0,user_48,32,37,
791,22,630000,15100,user_48,32,37,
970,23,600000,0,user_32,35,37,
1036,24,420000,0,user_31,36,37,
948,25,320001,0,user_7,35,37,386
1010,26,320001,0,user_2,36,37,386
1064,27,319999,0,user_1,37,37,386
818,28,160001,0,user_10,33,37,165
1008,29,160001,0,user_2,36,37,165
1063,30,160001,0,user_0,37,37,165
783,31,160000,0,user_44,32,37,
851,32,160000,33300,user_48,33,37,
1035,33,160000,0,user_31,36,37,
874,34,159999,0,user_10,34,37,165
1006,35,159999,0,user_2,36,37,165
1009,36,159999,0,user_2,36,37,165
888,37,149999,0,user_19,34,37,231
947,38,149999,0,user_5,35,37,231
759,39,120000,0,user_20,32,37,
828,40,120000,0,user_23,33,37,
848,41,85000,0,user_43,33,37,
772,42,83000,0,user_34,32,37,
835,43,77000,0,user_28,33,37,
1031,44,77000,0,user_25,36,37,
1089,0,30000000,0,user_21,37,38,
761,1,2500000,15700,user_22,32,38,
975,2,1800000,13900,user_40,35,38,
787,3,1500000,0,user_46,32,38,
891,4,1500000,0,user_22,34,38,
912,5,1500000,6390,user_46,34,38,
747,6,1100001,0,user_8,32,38,354
820,7,1100001,0,user_14,33,38,354
821,8,1100001,0,user_14,33,38,354
824,9,1100001,0,user_14,33,38,354
878,10,1100001,0,user_12,34,38,29
953,11,1100001,0,user_14,35,38,354
955,12,1100001,0,user_16,35,38,354
1013,13,1100001,0,user_5,36,38,29
887,14,1100001,0,user_18,34,38,354
1065,15,1100001,0,user_2,37,38,29
748,16,1099999,0,user_8,32,38,354
755,17,1099999,0,user_12,32,38,354
756,18,1099999,0,user_12,32,38,354
814,19,1099999,0,user_8,33,38,354
815,20,1099999,0,user_8,33,38,29
819,21,1099999,0,user_12,33,38,354
823,22,1099999,0,user_14,33,38,354
766,23,870000,0,user_29,32,38,
1096,24,650000,0,user_31,37,38,
1095,25,460000,0,user_30,37,38,
786,26,360000,0,user_46,32,38,
765,27,350000,0,user_29,32,38,
822,28,320001,0,user_14,33,38,386
960,29,320000,49100,user_26,35,38,
813,30,319999,0,user_8,33,38,386
1012,31,319999,0,user_4,36,38,386
913,32,310000,0,user_46,34,38,
1101,33,300000,0,user_33,37,38,
790,34,260000,0,user_46,32,38,
963,35,190000,0,user_29,35,38,
789,36,170000,0,user_46,32,38,
1011,37,160001,0,user_3,36,38,165
1014,38,160001,0,user_5,36,38,165
1021,39,160001,0,user_13,36,38,165
1135,40,160001,0,user_1,38,38,165
1136,41,160001,0,user_1,38,38,165
816,42,159999,0,user_8,33,38,165
872,43,159999,0,user_8,34,38,165
1015,44,159999,0,user_6,36,38,165
1019,45,159999,0,user_11,36,38,165
1066,46,159999,0,user_2,37,38,165
882,47,150001,0,user_14,34,38,231
1090,48,150000,0,user_21,37,38,
883,49,149999,0,user_14,34,38,231
952,50,149999,0,user_12,35,38,231
1092,51,120000,0,user_25,37,38,
788,52,85000,0,user_46,32,38,
1102,53,82000,31700,user_33,37,38,
1037,0,43000000,0,user_32,36,39,
895,1,30000000,0,user_28,34,39,
1106,2,30000000,16400,user_35,37,39,
563,3,19000000,0,user_38,29,39,
1098,4,6300000,3130,user_32,37,39,
1097,5,5200000,0,user_32,37,39,
911,6,4500000,0,user_44,34,39,
705,7,4500000,0,user_38,31,39,
1164,8,4500000,0,user_21,38,39,
910,9,3200000,0,user_43,34,39,
844,10,2400000,0,user_38,33,39,
962,11,2300000,0,user_28,35,39,
971,12,2100000,0,user_34,35,39,
957,13,2000000,0,user_20,35,39,
979,14,2000000,0,user_43,35,39,
565,15,1900000,0,user_38,29,39,
580,16,1600000,161000,user_49,29,39,
896,17,1600000,0,user_28,34,39,
1069,18,1500001,0,user_5,37,39,901
901,19,1500000,17700000,user_34,34,39,
905,20,1500000,0,user_38,34,39,
1222,21,1499999,0,user_1,39,39,901
1137,22,1400001,0,user_2,38,39,965
564,23,1400000,35600,user_38,29,39,
958,24,1400000,56200,user_23,35,39,
1168,25,1400000,0,user_25,38,39,
1026,26,1399999,0,user_19,36,39,965
1068,27,1399999,0,user_5,37,39,965
885,28,1100001,0,user_17,34,39,354
956,29,1100001,0,user_17,35,39,29
843,30,1100000,296000,user_38,33,39,
1018,31,1099999,0,user_10,36,39,354
916,32,1000000,369000,user_48,34,39,
907,33,870000,0,user_41,34,39,
1104,34,870000,0,user_35,37,39,
1105,35,870000,0,user_35,37,39,
566,36,600000,0,user_38,29,39,
1100,37,420000,0,user_32,37,39,
1108,38,350000,0,user_37,37,39,
1070,39,319999,0,user_6,37,39,386
976,40,310000,0,user_41,35,39,
716,41,260000,322000,user_49,31,39,
717,42,170000,18600,user_49,31,39,
1099,43,170000,0,user_32,37,39,
1071,44,160001,0,user_7,37,39,165
1155,45,160001,0,user_15,38,39,165
1067,46,159999,0,user_3,37,39,165
1024,47,159999,0,user_16,36,39,165
886,48,159999,0,user_17,34,39,165
1144,49,159999,0,user_9,38,39,165
1221,50,150001,0,user_0,39,39,1191
1191,51,150000,4320000,user_47,38,39,
1077,52,149999,0,user_11,37,39,231
1078,53,149999,0,user_11,37,39,231
1081,54,149999,0,user_15,37,39,231
889,55,130000,0,user_20,34,39,
983,56,110000,0,user_48,35,39,
1032,57,110000,0,user_26,36,39,
917,58,85000,0,user_49,34,39,
567,59,84000,0,user_38,29,39,
1176,60,82000,0,user_30,38,39,
776,61,80000,0,user_38,32,39,
1103,62,79000,0,user_35,37,39,
1180,63,79000,0,user_35,38,39,
0,7,3200000,0,user_0,40,42,
1,14,2100000,0,user_1,40,42,
27,1,19000000,71800,user_21,40,42,
34,5,3600000,0,user_31,40,42,
30,11,2300000,410000,user_25,40,42,
58,12,2299999,0,user_1,41,42,30
37,16,1300000,0,user_33,40,42,
26,19,1000000,0,user_21,40,42,
39,20,1000000,0,user_35,40,42,
42,23,420000,0,user_37,40,42,
56,24,370000,0,user_0,41,42,
57,27,310000,0,user_0,41,42,
53,29,300000,0,user_47,40,42,
22,32,170000,0,user_15,40,42,
15,35,150000,0,user_9,40,42,
31,47,73000,0,user_25,40,42,
14,48,73000,0,user_9,40,42,
81,0,43000000,256000,user_20,41,45,
27,1,19000000,71800,user_21,40,42,
48,4,5200000,0,user_43,40,45,
4,4,5000000,0,user_4,40,43,
43,5,5000000,0,user_38,40,45,
34,5,3600000,0,user_31,40,42,
20,6,3500000,17000,user_13,40,43,
0,7,3200000,0,user_0,40,42,
17,8,2600000,0,user_11,40,43,
59,10,2300001,0,user_2,41,43,30
64,11,2300001,0,user_7,41,44,30
30,11,2300000,410000,user_25,40,42,
58,12,2299999,0,user_1,41,42,30
133,15,2299999,0,user_7,42,44,30
1,14,2100000,0,user_1,40,42,
98,10,1800000,0,user_41,41,45,
37,16,1300000,0,user_33,40,42,
137,11,1100001,0,user_10,42,45,29
29,13,1100000,17700000,user_23,40,45,
26,19,1000000,0,user_21,40,42,
39,20,1000000,0,user_35,40,42,
132,31,460001,0,user_7,42,44,19
19,23,460000,296000,user_11,40,43,
42,23,420000,0,user_37,40,42,
56,24,370000,0,user_0,41,42,
97,18,350000,0,user_41,41,45,
45,19,340000,0,user_41,40,45,
57,27,310000,0,user_0,41,42,
18,28,300000,0,user_11,40,43,
53,29,300000,0,user_47,40,42,
33,20,220000,0,user_28,40,45,
84,21,190000,12800,user_23,41,45,
22,32,170000,0,user_15,40,42,
47,24,160000,0,user_43,40,45,
5,31,160000,0,user_5,40,43,
15,35,150000,0,user_9,40,42,
55,25,150000,43600,user_49,40,45,
28,26,130000,0,user_23,40,45,
3,35,120000,0,user_4,40,43,
90,27,120000,0,user_28,41,45,
2,36,110000,0,user_3,40,43,
74,29,84001,0,user_17,41,45,7
76,30,84001,0,user_17,41,45,7
100,31,84000,0,user_43,41,45,
24,32,83999,0,user_17,40,45,7
73,33,83999,0,user_17,41,45,7
75,34,83999,0,user_17,41,45,7
31,47,73000,0,user_25,40,42,
14,48,73000,0,user_9,40,42,
6,38,70000,3130,user_6,40,43,
162,0,27000000,283000,user_35,42,43,
136,1,19000001,0,user_9,42,43,27
141,2,19000001,0,user_15,42,43,27
161,3,6300000,0,user_35,42,43,
4,4,5000000,0,user_4,40,43,
93,5,4200000,0,user_35,41,43,
20,6,3500000,17000,user_13,40,43,
86,7,3500000,0,user_24,41,43,
17,8,2600000,0,user_11,40,43,
92,9,2500000,34700,user_32,41,43,
59,10,2300001,0,user_2,41,43,30
135,11,2300001,0,user_9,42,43,30
128,12,2299999,0,user_0,42,43,30
91,13,2000000,0,user_31,41,43,
85,14,1900000,0,user_24,41,43,
147,15,1900000,0,user_21,42,43,
151,16,1700000,0,user_24,42,43,
164,17,1300000,0,user_37,42,43,
9,18,1200000,0,user_7,40,43,
71,19,1000000,0,user_15,41,43,
108,20,970000,0,user_47,41,43,
190,21,460001,0,user_1,43,43,19
10,22,460000,0,user_7,40,43,
19,23,460000,296000,user_11,40,43,
189,24,459999,0,user_1,43,43,19
35,25,360000,0,user_32,40,43,
158,26,350000,0,user_33,42,43,
36,27,310000,0,user_32,40,43,
18,28,300000,0,user_11,40,43,
11,29,260000,0,user_7,40,43,
187,30,160001,0,user_0,43,43,165
5,31,160000,0,user_5,40,43,
165,32,160000,779000,user_37,42,43,
188,33,159999,0,user_0,43,43,165
8,34,150000,0,user_7,40,43,
3,35,120000,0,user_4,40,43,
2,36,110000,0,user_3,40,43,
7,37,84000,19700,user_7,40,43,
6,38,70000,3130,user_6,40,43,
65,0,19000001,0,user_11,41,44,27
68,1,19000001,0,user_13,41,44,27
23,2,19000000,0,user_16,40,44,
214,3,19000000,0,user_21,43,44,
66,4,18999999,0,user_12,41,44,27
78,5,18999999,0,user_19,41,44,27
139,6,18999999,0,user_13,42,44,27
82,7,5000000,0,user_22,41,44,
130,8,3500001,0,user_5,42,44,20
106,9,3200000,0,user_46,41,44,
229,10,2500000,0,user_35,43,44,
64,11,2300001,0,user_7,41,44,30
67,12,2300001,0,user_13,41,44,30
69,13,2300001,0,user_14,41,44,30
202,14,2300001,0,user_15,43,44,30
133,15,2299999,0,user_7,42,44,30
87,16,2000000,0,user_26,41,44,
232,17,2000000,0,user_37,43,44,
13,18,1600000,0,user_8,40,44,
211,19,1100000,0,user_21,43,44,
213,20,1000000,43600,user_21,43,44,
225,21,1000000,0,user_31,43,44,
157,22,1000000,75000,user_32,42,44,
21,23,970000,0,user_14,40,44,
224,24,970000,24700,user_30,43,44,
105,25,670000,71800,user_46,41,44,
210,26,660000,0,user_21,43,44,
226,27,470000,5180,user_33,43,44,
60,28,460001,0,user_3,41,44,19
62,29,460001,0,user_5,41,44,19
129,30,460001,0,user_4,42,44,19
132,31,460001,0,user_7,42,44,19
216,32,460000,0,user_24,43,44,
61,33,459999,0,user_4,41,44,19
63,34,459999,0,user_5,41,44,19
79,35,459999,0,user_19,41,44,19
131,36,459999,0,user_6,42,44,19
191,37,459999,0,user_2,43,44,19
54,38,260000,0,user_48,40,44,
38,39,220000,0,user_34,40,44,
107,40,190000,0,user_46,41,44,
12,41,170000,0,user_8,40,44,
52,42,170000,0,user_46,40,44,
88,43,170000,11200,user_26,41,44,
262,44,150001,0,user_1,44,44,231
231,45,150000,7190000,user_37,43,44,
261,46,149999,0,user_0,44,44,231
96,47,120000,0,user_40,41,44,
25,48,110000,0,user_19,40,44,
227,49,100000,0,user_33,43,44,
72,50,84001,0,user_16,41,44,7
16,51,83999,0,user_10,40,44,7
70,52,83999,0,user_14,41,44,7
80,53,83999,0,user_19,41,44,7
83,54,83000,21800,user_22,41,44,
212,55,82000,0,user_21,43,44,
49,56,79000,0,user_44,40,44,
217,57,77000,0,user_25,43,44,
81,0,43000000,256000,user_20,41,45,
192,1,27000001,0,user_3,43,45,162
200,2,27000001,0,user_13,43,45,162
199,3,26999999,0,user_13,43,45,162
48,4,5200000,0,user_43,40,45,
43,5,5000000,0,user_38,40,45,
277,13,4500000,0,user_21,44,48,
144,7,2300001,0,user_18,42,45,30
77,8,2299999,0,user_18,41,45,30
197,9,2299999,0,user_11,43,45,30
98,10,1800000,0,user_41,41,45,
137,11,1100001,0,user_10,42,45,29
325,65,1100001,0,user_1,45,48,29
29,13,1100000,17700000,user_23,40,45,
194,14,1099999,0,user_7,43,45,29
287,80,660000,0,user_33,44,48,
324,86,460001,0,user_1,45,48,19
263,17,459999,0,user_2,44,45,19
97,18,350000,0,user_41,41,45,
45,19,340000,0,user_41,40,45,
33,20,220000,0,user_28,40,45,
84,21,190000,12800,user_23,41,45,
284,22,170000,0,user_31,44,45,
193,23,160001,0,user_6,43,45,165
47,24,160000,0,user_43,40,45,
55,25,150000,43600,user_49,40,45,
28,26,130000,0,user_23,40,45,
90,27,120000,0,user_28,41,45,
168,28,98000,0,user_40,42,45,
74,29,84001,0,user_17,41,45,7
76,30,84001,0,user_17,41,45,7
100,31,84000,0,user_43,41,45,
24,32,83999,0,user_17,40,45,7
73,33,83999,0,user_17,41,45,7
75,34,83999,0,user_17,41,45,7
177,0,43000000,0,user_43,42,46,
331,2,26999999,0,user_9,45,48,162
205,3,19000001,0,user_16,43,48,27
176,3,6100000,0,user_43,42,46,
222,7,5200000,0,user_26,43,48,
182,12,4500000,0,user_48,42,48,
218,16,4200000,146000,user_26,43,48,
361,17,4200000,0,user_47,45,48,
142,19,3500001,0,user_16,42,48,20
203,20,3500001,0,user_16,43,48,20
145,22,3499999,0,user_19,42,48,20
344,23,3200000,0,user_30,45,48,
169,12,2600000,0,user_41,42,46,
143,30,2299999,0,user_16,42,48,30
208,31,2299999,0,user_19,43,48,30
184,38,2000000,0,user_48,42,48,
363,40,2000000,0,user_47,45,48,
299,41,1900000,0,user_47,44,48,
345,42,1700000,0,user_31,45,48,
264,51,1300001,0,user_5,44,48,221
326,52,1300001,0,user_2,45,48,221
369,54,1300001,0,user_1,46,48,221
221,57,1300000,369000,user_26,43,48,
154,23,1000000,0,user_28,42,46,
180,74,870000,0,user_48,42,48,
265,25,460001,0,user_7,44,46,19
196,26,459999,0,user_10,43,46,19
269,88,459999,0,user_13,44,48,19
349,94,310000,0,user_35,45,48,
150,29,300000,0,user_23,42,46,
183,97,260000,0,user_48,42,48,
146,31,260000,0,user_20,42,46,
170,32,240000,0,user_41,42,46,
160,33,160000,0,user_34,42,46,
178,34,160000,0,user_44,42,46,
285,35,160000,0,user_32,44,46,
270,36,159999,0,user_15,44,46,165
368,37,150001,0,user_0,46,46,231
337,38,149999,0,user_15,45,46,231
152,39,120000,0,user_26,42,46,
286,40,120000,0,user_32,44,46,
159,41,110000,0,user_34,42,46,
219,42,110000,6390,user_26,43,46,
155,43,100000,0,user_28,42,46,
220,44,87000,0,user_26,43,46,
181,45,85000,0,user_48,42,46,
340,46,85000,0,user_25,45,46,
206,47,84001,0,user_16,43,46,7
204,48,83999,0,user_16,43,46,7
362,49,79000,108000,user_47,45,46,
215,0,30000000,0,user_22,43,49,
207,2,26999999,0,user_18,43,49,162
331,2,26999999,0,user_9,45,48,162
205,3,19000001,0,user_16,43,48,27
298,3,19000000,0,user_46,44,49,
351,0,19000000,0,user_38,45,52,
195,4,18999999,0,user_8,43,49,27
222,7,5200000,0,user_26,43,48,
283,5,5200000,0,user_29,44,49,
297,7,5000000,0,user_46,44,49,
355,9,5000000,56200,user_40,45,49,
233,2,4500000,155000,user_38,43,52,
182,12,4500000,0,user_48,42,48,
277,13,4500000,0,user_21,44,48,
359,11,4500000,0,user_44,45,49,
234,3,4200000,0,user_38,43,52,
218,16,4200000,146000,user_26,43,48,
361,17,4200000,0,user_47,45,48,
399,4,4200000,0,user_38,46,52,
142,19,3500001,0,user_16,42,48,20
203,20,3500001,0,user_16,43,48,20
460,5,3500000,0,user_43,47,52,
145,22,3499999,0,user_19,42,48,20
344,23,3200000,0,user_30,45,48,
356,12,3200000,128000,user_40,45,49,
134,15,2300001,0,user_8,42,49,30
140,16,2300001,0,user_14,42,49,30
370,17,2300001,0,user_2,46,49,30
441,7,2300000,322000,user_23,47,52,
281,18,2300000,0,user_26,44,49,
143,30,2299999,0,user_16,42,48,30
208,31,2299999,0,user_19,43,48,30
138,19,2299999,0,user_12,42,49,30
201,20,2299999,0,user_14,43,49,30
381,22,2299999,0,user_16,46,49,30
423,23,2299999,0,user_6,47,49,30
94,11,2000000,0,user_38,41,52,
109,12,2000000,0,user_49,41,52,
184,38,2000000,0,user_48,42,48,
291,25,2000000,0,user_40,44,49,
363,40,2000000,0,user_47,45,48,
299,41,1900000,0,user_47,44,48,
345,42,1700000,0,user_31,45,48,
357,14,1500000,0,user_41,45,52,
278,27,1500000,0,user_22,44,49,
385,15,1500000,0,user_20,46,52,
393,16,1500000,0,user_28,46,52,
342,17,1400000,15700,user_28,45,52,
244,29,1400000,0,user_46,43,49,
228,30,1400000,0,user_34,43,49,
391,31,1400000,0,user_26,46,49,
264,51,1300001,0,user_5,44,48,221
326,52,1300001,0,user_2,45,48,221
335,32,1300001,0,user_13,45,49,221
369,54,1300001,0,user_1,46,48,221
376,35,1300001,0,user_11,46,49,221
426,36,1300001,0,user_11,47,49,221
221,57,1300000,369000,user_26,43,48,
288,37,1300000,0,user_34,44,49,
332,39,1299999,0,user_11,45,49,221
374,40,1299999,0,user_7,46,49,221
338,41,1299999,0,user_18,45,49,221
380,42,1299999,0,user_16,46,49,221
384,43,1299999,0,user_19,46,49,221
420,44,1299999,0,user_5,47,49,221
325,65,1100001,0,user_1,45,48,29
442,35,1100000,0,user_23,47,52,
354,46,1100000,594000,user_40,45,49,
348,47,1100000,0,user_34,45,49,
373,49,1099999,0,user_7,46,49,29
474,29,1099999,0,user_7,48,50,29
185,42,1000000,0,user_49,42,52,
273,43,1000000,0,user_20,44,52,
238,50,1000000,73100,user_40,43,49,
180,74,870000,0,user_48,42,48,
266,52,670001,0,user_8,44,49,105
276,44,670000,0,user_20,44,52,
400,45,670000,0,user_43,46,52,
300,46,670000,0,user_49,44,52,
272,47,660000,0,user_20,44,52,
287,80,660000,0,user_33,44,48,
149,53,660000,0,user_22,42,49,
443,48,660000,0,user_23,47,52,
352,54,650000,0,user_40,45,49,
156,55,530000,3130,user_29,42,49,
271,52,460001,0,user_17,44,52,19
324,86,460001,0,user_1,45,48,19
274,53,460000,0,user_20,44,52,
269,88,459999,0,user_13,44,48,19
268,57,459999,0,user_12,44,49,19
433,55,459999,0,user_17,47,52,19
294,56,420000,0,user_43,44,52,
392,57,420000,0,user_28,46,52,
364,59,320000,0,user_48,45,49,
349,94,310000,0,user_35,45,48,
245,60,310000,0,user_48,43,49,
295,65,300000,0,user_43,44,52,
183,97,260000,0,user_48,42,48,
148,62,260000,0,user_22,42,49,
282,66,240000,75000,user_28,44,52,
215,0,30000000,0,user_22,43,49,
395,1,30000000,128000,user_31,46,49,
207,2,26999999,0,user_18,43,49,162
298,3,19000000,0,user_46,44,49,
195,4,18999999,0,user_8,43,49,27
283,5,5200000,0,user_29,44,49,
449,6,5200000,0,user_31,47,49,
297,7,5000000,0,user_46,44,49,
446,8,5000000,0,user_25,47,49,
355,9,5000000,56200,user_40,45,49,
496,10,5000000,49100,user_30,48,49,
359,11,4500000,0,user_44,45,49,
356,12,3200000,128000,user_40,45,49,
241,13,2400000,0,user_43,43,49,
347,14,2400000,285000,user_32,45,49,
134,15,2300001,0,user_8,42,49,30
140,16,2300001,0,user_14,42,49,30
370,17,2300001,0,user_2,46,49,30
281,18,2300000,0,user_26,44,49,
138,19,2299999,0,user_12,42,49,30
201,20,2299999,0,user_14,43,49,30
375,21,2299999,0,user_9,46,49,30
381,22,2299999,0,user_16,46,49,30
423,23,2299999,0,user_6,47,49,30
451,24,2100000,108000,user_33,47,49,
291,25,2000000,0,user_40,44,49,
396,26,1800000,17000,user_33,46,49,
278,27,1500000,0,user_22,44,49,
498,28,1500000,0,user_30,48,49,
244,29,1400000,0,user_46,43,49,
228,30,1400000,0,user_34,43,49,
391,31,1400000,0,user_26,46,49,
335,32,1300001,0,user_13,45,49,221
418,33,1300001,0,user_0,47,49,221
419,34,1300001,0,user_0,47,49,221
376,35,1300001,0,user_11,46,49,221
426,36,1300001,0,user_11,47,49,221
288,37,1300000,0,user_34,44,49,
485,38,1300000,0,user_21,48,49,
332,39,1299999,0,user_11,45,49,221
374,40,1299999,0,user_7,46,49,221
338,41,1299999,0,user_18,45,49,221
380,42,1299999,0,user_16,46,49,221
384,43,1299999,0,user_19,46,49,221
420,44,1299999,0,user_5,47,49,221
448,45,1100000,0,user_30,47,49,
354,46,1100000,594000,user_40,45,49,
348,47,1100000,0,user_34,45,49,
267,48,1099999,0,user_10,44,49,29
373,49,1099999,0,user_7,46,49,29
238,50,1000000,73100,user_40,43,49,
497,51,970000,0,user_30,48,49,
266,52,670001,0,user_8,44,49,105
149,53,660000,0,user_22,42,49,
352,54,650000,0,user_40,45,49,
156,55,530000,3130,user_29,42,49,
398,56,470000,0,user_35,46,49,
268,57,459999,0,user_12,44,49,19
386,58,320000,7190000,user_21,46,49,
364,59,320000,0,user_48,45,49,
245,60,310000,0,user_48,43,49,
499,61,310000,0,user_31,48,49,
148,62,260000,0,user_22,42,49,
280,63,240000,32900,user_26,44,49,
438,64,220000,0,user_21,47,49,
495,65,220000,0,user_30,48,49,
209,66,170000,0,user_20,43,49,
500,67,170000,0,user_33,48,49,
333,68,160001,0,user_11,45,49,165
383,69,160001,0,user_19,46,49,165
421,70,160001,0,user_5,47,49,165
422,71,160001,0,user_6,47,49,165
526,72,160001,0,user_1,49,49,165
296,73,160000,0,user_44,44,49,
327,74,159999,0,user_4,45,49,165
382,75,159999,0,user_18,46,49,165
428,76,159999,0,user_13,47,49,165
469,77,159999,0,user_2,48,49,165
328,78,150001,0,user_6,45,49,231
329,79,150001,0,user_7,45,49,231
379,80,150001,0,user_15,46,49,231
372,81,150001,0,user_6,46,49,231
371,82,149999,0,user_3,46,49,231
394,83,120000,0,user_30,46,49,
353,84,100000,0,user_40,45,49,
248,85,98000,0,user_48,43,49,
389,86,87000,0,user_24,46,49,
388,87,84000,0,user_24,46,49,
246,88,84000,0,user_48,43,49,
198,89,82999,0,user_12,43,49,83
346,90,77000,0,user_32,45,49,
247,91,73000,0,user_48,43,49,
390,92,70000,0,user_25,46,49,
489,0,19000000,0,user_24,48,50,
387,1,5000000,71800,user_22,46,50,
447,2,5000000,0,user_26,47,50,
455,3,5000000,0,user_37,47,50,
557,4,4500000,0,user_33,49,50,
343,5,2400000,0,user_29,45,50,
471,6,2300001,0,user_4,48,50,30
479,7,2300001,0,user_13,48,50,30
470,8,2299999,0,user_3,48,50,30
475,9,2299999,0,user_9,48,50,30
542,10,2299999,0,user_15,49,50,30
450,11,1600000,0,user_32,47,50,
578,12,1500000,0,user_47,49,50,
377,13,1300001,0,user_14,46,50,221
424,14,1300001,0,user_8,47,50,221
436,15,1300001,0,user_19,47,50,221
535,16,1300001,0,user_9,49,50,221
540,17,1300001,0,user_15,49,50,221
541,18,1300001,0,user_15,49,50,221
360,19,1300000,0,user_46,45,50,
330,20,1299999,0,user_8,45,50,221
334,21,1299999,0,user_12,45,50,221
336,22,1299999,0,user_14,45,50,221
425,23,1299999,0,user_9,47,50,221
476,24,1299999,0,user_9,48,50,221
533,25,1299999,0,user_9,49,50,221
534,26,1299999,0,user_9,49,50,221
536,27,1299999,0,user_9,49,50,221
431,28,1100001,0,user_16,47,50,29
474,29,1099999,0,user_7,48,50,29
527,30,1099999,0,user_2,49,50,354
603,31,1099999,0,user_1,50,50,354
445,32,910000,0,user_24,47,50,
549,33,600000,139000,user_24,49,50,
488,34,530000,0,user_24,48,50,
403,35,420000,0,user_46,46,50,
397,36,420000,0,user_34,46,50,
453,37,420000,0,user_35,47,50,
576,38,420000,0,user_47,49,50,
577,39,420000,0,user_47,49,50,
602,40,320001,0,user_0,50,50,386
464,41,310000,0,user_47,47,50,
556,42,300000,0,user_33,49,50,
463,43,240000,0,user_47,47,50,
511,44,240000,0,user_47,48,50,
554,45,190000,0,user_30,49,50,
429,46,160001,0,user_14,47,50,165
473,47,160001,0,user_7,48,50,165
555,48,160000,0,user_31,49,50,
378,49,159999,0,user_14,46,50,165
543,50,159999,0,user_15,49,50,165
427,51,150001,0,user_12,47,50,231
472,52,150001,0,user_5,48,50,231
430,53,150001,0,user_15,47,50,231
575,54,150000,0,user_47,49,50,
339,55,120000,0,user_22,45,50,
439,56,120000,0,user_22,47,50,
547,57,110000,0,user_21,49,50,
553,58,83000,0,user_30,49,50,
550,59,80000,0,user_25,49,50,
478,0,2300001,0,user_12,48,51,30
480,1,2300001,0,user_16,48,51,30
481,2,2299999,0,user_16,48,51,30
493,3,1900000,0,user_29,48,51,
604,4,1100001,0,user_2,50,51,354
662,5,1100001,0,user_1,51,51,354
528,6,1099999,0,user_3,49,51,29
531,7,1099999,0,user_5,49,51,354
539,8,1099999,0,user_13,49,51,354
663,9,1099999,0,user_1,51,51,29
494,10,470000,0,user_29,48,51,
486,11,420000,0,user_22,48,51,
529,12,320001,0,user_4,49,51,386
530,13,320001,0,user_5,49,51,386
638,14,320000,0,user_31,50,51,
490,15,160000,0,user_26,48,51,
510,16,77000,0,user_46,48,51,
633,17,70000,0,user_25,50,51,
351,0,19000000,0,user_38,45,52,
506,1,6100000,24700,user_41,48,52,
233,2,4500000,155000,user_38,43,52,
234,3,4200000,0,user_38,43,52,
399,4,4200000,0,user_38,46,52,
460,5,3500000,0,user_43,47,52,
632,6,3500000,296000,user_24,50,52,
441,7,2300000,322000,user_23,47,52,
482,8,2299999,0,user_17,48,52,30
537,9,2299999,0,user_10,49,52,30
487,10,2100000,0,user_23,48,52,
94,11,2000000,0,user_38,41,52,
109,12,2000000,0,user_49,41,52,
456,13,1600000,0,user_38,47,52,
357,14,1500000,0,user_41,45,52,
385,15,1500000,0,user_20,46,52,
393,16,1500000,0,user_28,46,52,
342,17,1400000,15700,user_28,45,52,
647,18,1400000,0,user_35,50,52,
434,19,1300001,0,user_18,47,52,221
484,20,1300001,0,user_18,48,52,221
435,21,1299999,0,user_18,47,52,221
483,22,1299999,0,user_18,48,52,221
605,23,1100001,0,user_3,50,52,29
606,24,1100001,0,user_4,50,52,354
607,25,1100001,0,user_6,50,52,354
609,26,1100001,0,user_7,50,52,354
610,27,1100001,0,user_7,50,52,354
612,28,1100001,0,user_7,50,52,354
615,29,1100001,0,user_11,50,52,354
664,30,1100001,0,user_2,51,52,354
666,31,1100001,0,user_2,51,52,354
667,32,1100001,0,user_2,51,52,354
740,33,1100001,0,user_0,52,52,354
741,34,1100001,0,user_1,52,52,354
442,35,1100000,0,user_23,47,52,
608,36,1099999,0,user_7,50,52,354
611,37,1099999,0,user_7,50,52,354
616,38,1099999,0,user_11,50,52,354
665,39,1099999,0,user_2,51,52,354
739,40,1099999,0,user_0,52,52,354
505,41,1000000,256000,user_40,48,52,
185,42,1000000,0,user_49,42,52,
273,43,1000000,0,user_20,44,52,
276,44,670000,0,user_20,44,52,
400,45,670000,0,user_43,46,52,
300,46,670000,0,user_49,44,52,
272,47,660000,0,user_20,44,52,
443,48,660000,0,user_23,47,52,
701,49,660000,0,user_33,51,52,
691,50,600000,0,user_24,51,52,
704,51,530000,0,user_37,51,52,
271,52,460001,0,user_17,44,52,19
274,53,460000,0,user_20,44,52,
692,54,460000,0,user_24,51,52,
433,55,459999,0,user_17,47,52,19
294,56,420000,0,user_43,44,52,
392,57,420000,0,user_28,46,52,
700,58,420000,0,user_33,51,52,
649,59,420000,0,user_35,50,52,
538,60,320001,0,user_12,49,52,386
532,61,319999,0,user_8,49,52,386
622,62,319999,0,user_15,50,52,386
672,63,319999,0,user_9,51,52,386
574,64,310000,231000,user_46,49,52,
295,65,300000,0,user_43,44,52,
282,66,240000,75000,user_28,44,52,
275,67,220000,0,user_20,44,52,
492,68,220000,0,user_28,48,52,
652,69,220000,0,user_37,50,52,
235,70,190000,0,user_38,43,52,
279,71,190000,0,user_23,44,52,
236,72,170000,0,user_38,43,52,
437,73,170000,0,user_20,47,52,
457,74,170000,0,user_41,47,52,
646,75,170000,283000,user_35,50,52,
477,76,150001,0,user_10,48,52,231
651,77,150000,0,user_37,50,52,
659,78,150000,0,user_47,50,52,
432,79,149999,0,user_17,47,52,231
698,80,120000,0,user_31,51,52,
444,81,110000,0,user_23,47,52,
166,82,85000,0,user_38,42,52,
648,83,85000,0,user_35,50,52,
645,84,82000,0,user_35,50,52,
440,85,79000,0,user_23,47,52,
358,86,73000,0,user_43,45,52,
507,87,70000,0,user_43,48,52,
771,0,4500000,0,user_33,52,53,
452,1,3600000,0,user_34,47,53,
774,2,2600000,0,user_35,52,53,
653,3,2000000,510000,user_40,50,53,
767,4,1500000,0,user_30,52,53,
544,5,1100001,0,user_16,49,53,354
626,6,1100001,0,user_16,50,53,354
670,7,1100001,0,user_6,51,53,354
742,8,1100001,0,user_2,52,53,354
800,9,1100001,0,user_0,53,53,354
801,10,1100001,0,user_1,53,53,354
773,11,1100000,60700,user_35,52,53,
668,12,1099999,0,user_3,51,53,354
546,13,1099999,0,user_19,49,53,354
623,14,1099999,0,user_16,50,53,354
628,15,1099999,0,user_18,50,53,29
676,16,1099999,0,user_13,51,53,354
749,17,1099999,0,user_9,52,53,354
802,18,1099999,0,user_1,53,53,354
803,19,1099999,0,user_1,53,53,354
551,20,910000,0,user_26,49,53,
768,21,530000,0,user_30,52,53,
760,22,360000,0,user_21,52,53,
625,23,320001,0,user_16,50,53,386
512,24,320000,0,user_48,48,53,
624,25,319999,0,user_16,50,53,386
627,26,150001,0,user_16,50,53,231
674,27,150001,0,user_11,51,53,231
769,28,150000,46500,user_31,52,53,
669,29,149999,0,user_5,51,53,231
461,30,110000,0,user_44,47,53,
508,31,110000,164000,user_44,48,53,
634,32,100000,0,user_26,50,53,
699,0,27000000,0,user_32,51,54,
830,1,4200000,0,user_24,53,54,
770,2,1900000,0,user_32,52,54,
838,3,1500000,0,user_33,53,54,
639,4,1500000,0,user_32,50,54,
825,5,1099999,0,user_15,53,54,354
862,6,1099999,0,user_0,54,54,354
864,7,1099999,0,user_1,54,54,354
832,8,910000,0,user_25,53,54,
831,9,650000,0,user_24,53,54,
863,10,150001,0,user_1,54,54,231
837,11,120000,0,user_33,53,54,
842,12,120000,0,user_37,53,54,
836,13,110000,0,user_30,53,54,
840,14,87000,0,user_35,53,54,
707,0,43000000,0,user_40,51,55,
904,1,27000000,0,user_37,54,55,
629,2,19000000,0,user_20,50,55,
548,3,5200000,108000,user_23,49,55,
503,4,5000000,0,user_38,48,55,
579,5,5000000,0,user_48,49,55,
914,6,5000000,0,user_47,54,55,
545,7,2300001,0,user_17,49,55,30
568,8,1900000,0,user_41,49,55,
714,9,1700000,0,user_46,51,55,
682,10,1700000,0,user_20,51,55,
686,11,1600000,510000,user_22,51,55,
696,12,1600000,0,user_28,51,55,
897,13,1600000,0,user_30,54,55,
708,14,1500000,0,user_40,51,55,
514,15,1500000,0,user_49,48,55,
656,16,1500000,0,user_43,50,55,
657,17,1500000,0,user_43,50,55,
571,18,1500000,0,user_44,49,55,
702,19,1500000,0,user_34,51,55,
713,20,1400000,0,user_44,51,55,
617,21,1100001,0,user_12,50,55,354
619,22,1100001,0,user_12,50,55,354
620,23,1100001,0,user_12,50,55,354
675,24,1100001,0,user_12,51,55,354
745,25,1100001,0,user_6,52,55,354
614,26,1100001,0,user_10,50,55,354
679,27,1100001,0,user_16,51,55,354
758,28,1100001,0,user_19,52,55,354
805,29,1100001,0,user_5,53,55,354
752,30,1100001,0,user_10,52,55,354
811,31,1100001,0,user_7,53,55,354
812,32,1100001,0,user_7,53,55,354
873,33,1100001,0,user_9,54,55,354
943,34,1100001,0,user_1,55,55,354
613,35,1099999,0,user_8,50,55,354
673,36,1099999,0,user_10,51,55,354
680,37,1099999,0,user_18,51,55,354
754,38,1099999,0,user_11,52,55,354
678,39,1099999,0,user_16,51,55,354
681,40,1099999,0,user_19,51,55,354
809,41,1099999,0,user_5,53,55,354
751,42,1099999,0,user_10,52,55,354
753,43,1099999,0,user_10,52,55,354
884,44,1099999,0,user_15,54,55,29
941,45,1099999,0,user_0,55,55,354
942,46,1099999,0,user_0,55,55,354
642,47,1000000,0,user_34,50,55,
643,48,1000000,39400,user_34,50,55,
689,49,1000000,0,user_23,51,55,
637,50,970000,0,user_29,50,55,
694,51,970000,510000,user_26,51,55,
683,52,970000,39400,user_20,51,55,
687,53,910000,0,user_22,51,55,
630,54,870000,0,user_22,50,55,
688,55,870000,0,user_22,51,55,
684,56,630000,15700,user_22,51,55,
898,57,460000,12800,user_31,54,55,
711,58,370000,0,user_43,51,55,
640,59,360000,0,user_34,50,55,
893,60,360000,0,user_25,54,55,
569,61,350000,0,user_43,49,55,
778,62,350000,0,user_40,52,55,
915,63,350000,0,user_47,54,55,
693,64,340000,0,user_26,51,55,
757,65,320001,0,user_16,52,55,386
807,66,320001,0,user_5,53,55,386
709,67,320000,0,user_41,51,55,
900,68,320000,14200,user_33,54,55,
744,69,319999,0,user_6,52,55,386
810,70,319999,0,user_6,53,55,386
890,71,310000,0,user_21,54,55,
715,72,260000,0,user_48,51,55,
690,73,260000,0,user_23,51,55,
513,74,240000,128000,user_49,48,55,
658,75,220000,49100,user_46,50,55,
697,76,220000,0,user_28,51,55,
903,77,170000,0,user_37,54,55,
804,78,160001,0,user_3,53,55,165
746,79,159999,0,user_7,52,55,165
808,80,159999,0,user_5,53,55,165
621,81,150001,0,user_12,50,55,231
671,82,150001,0,user_8,51,55,231
743,83,150001,0,user_4,52,55,231
806,84,150001,0,user_5,53,55,231
631,85,150000,0,user_23,50,55,
570,86,150000,0,user_44,49,55,
710,87,150000,0,user_43,51,55,
618,88,149999,0,user_12,50,55,231
677,89,149999,0,user_14,51,55,231
750,90,149999,0,user_10,52,55,231
865,91,149999,0,user_2,54,55,231
902,92,120000,15100,user_35,54,55,
685,93,87000,0,user_22,51,55,
712,94,87000,0,user_44,51,55,
779,95,83000,108000,user_40,52,55,
552,96,80000,0,user_28,49,55,
654,97,80000,13900,user_41,50,55,
892,98,77000,0,user_24,54,55,
558,99,73000,0,user_34,49,55,
899,0,2400000,0,user_32,54,56,
969,1,2000000,0,user_31,55,56,
964,2,1900000,0,user_30,55,56,
846,3,1600000,0,user_40,53,56,
965,4,1400000,1100000,user_31,55,56,
866,5,1100001,0,user_5,54,56,354
870,6,1100001,0,user_6,54,56,354
881,7,1100001,0,user_13,54,56,354
945,8,1100001,0,user_2,55,56,354
826,9,1099999,0,user_16,53,56,354
868,10,1099999,0,user_5,54,56,354
869,11,1099999,0,user_6,54,56,354
877,12,1099999,0,user_11,54,56,354
879,13,1099999,0,user_13,54,56,354
880,14,1099999,0,user_13,54,56,354
951,15,1099999,0,user_9,55,56,354
954,16,1099999,0,user_15,55,56,354
968,17,460000,0,user_31,55,56,
950,18,320001,0,user_9,55,56,386
867,19,319999,0,user_5,54,56,386
944,20,319999,0,user_2,55,56,386
982,21,240000,5640,user_47,55,56,
959,22,170000,0,user_25,55,56,
827,23,159999,0,user_18,53,56,165
1004,24,159999,0,user_0,56,56,165
871,25,150001,0,user_6,54,56,231
1005,26,150001,0,user_1,56,56,231
966,27,150000,0,user_31,55,56,
833,28,120000,24700,user_26,53,56,
967,29,120000,0,user_31,55,56,
972,30,110000,0,user_37,55,56,
762,0,43000000,0,user_23,52,57,
782,1,43000000,0,user_43,52,57,
849,2,30000000,0,user_44,53,57,
839,3,27000000,0,user_34,53,57,
764,4,4500000,0,user_28,52,57,
792,5,4200000,0,user_48,52,57,
829,6,3600000,0,user_23,53,57,
793,7,2000000,0,user_48,52,57,
1030,8,1500000,0,user_25,56,57,
946,9,1100001,0,user_3,55,57,29
817,10,1100001,0,user_10,53,57,354
875,11,1100001,0,user_10,54,57,354
876,12,1100001,0,user_10,54,57,354
949,13,1100001,0,user_7,55,57,29
1007,14,1100001,0,user_2,56,57,29
1023,15,1100001,0,user_15,56,57,354
1017,16,1099999,0,user_9,56,57,354
795,17,1000000,0,user_48,52,57,
1038,18,1000000,0,user_33,56,57,
781,19,970000,0,user_43,52,57,
784,20,910000,0,user_44,52,57,
794,21,650000,0,user_48,52,57,
791,22,630000,15100,user_48,52,57,
970,23,600000,0,user_32,55,57,
1036,24,420000,0,user_31,56,57,
948,25,320001,0,user_7,55,57,386
1010,26,320001,0,user_2,56,57,386
1064,27,319999,0,user_1,57,57,386
818,28,160001,0,user_10,53,57,165
1008,29,160001,0,user_2,56,57,165
1063,30,160001,0,user_0,57,57,165
783,31,160000,0,user_44,52,57,
851,32,160000,33300,user_48,53,57,
1035,33,160000,0,user_31,56,57,
874,34,159999,0,user_10,54,57,165
1006,35,159999,0,user_2,56,57,165
1009,36,159999,0,user_2,56,57,165
888,37,149999,0,user_19,54,57,231
947,38,149999,0,user_5,55,57,231
759,39,120000,0,user_20,52,57,
828,40,120000,0,user_23,53,57,
848,41,85000,0,user_43,53,57,
772,42,83000,0,user_34,52,57,
835,43,77000,0,user_28,53,57,
1031,44,77000,0,user_25,56,57,
1089,0,30000000,0,user_21,57,58,
761,1,2500000,15700,user_22,52,58,
975,2,1800000,13900,user_40,55,58,
787,3,1500000,0,user_46,52,58,
891,4,1500000,0,user_22,54,58,
912,5,1500000,6390,user_46,54,58,
747,6,1100001,0,user_8,52,58,354
820,7,1100001,0,user_14,53,58,354
821,8,1100001,0,user_14,53,58,354
824,9,1100001,0,user_14,53,58,354
878,10,1100001,0,user_12,54,58,29
953,11,1100001,0,user_14,55,58,354
955,12,1100001,0,user_16,55,58,354
1013,13,1100001,0,user_5,56,58,29
887,14,1100001,0,user_18,54,58,354
1065,15,1100001,0,user_2,57,58,29
748,16,1099999,0,user_8,52,58,354
755,17,1099999,0,user_12,52,58,354
756,18,1099999,0,user_12,52,58,354
814,19,1099999,0,user_8,53,58,354
815,20,1099999,0,user_8,53,58,29
819,21,1099999,0,user_12,53,58,354
823,22,1099999,0,user_14,53,58,354
766,23,870000,0,user_29,52,58,
1096,24,650000,0,user_31,57,58,
1095,25,460000,0,user_30,57,58,
786,26,360000,0,user_46,52,58,
765,27,350000,0,user_29,52,58,
822,28,320001,0,user_14,53,58,386
960,29,320000,49100,user_26,55,58,
813,30,319999,0,user_8,53,58,386
1012,31,319999,0,user_4,56,58,386
913,32,310000,0,user_46,54,58,
1101,33,300000,0,user_33,57,58,
790,34,260000,0,user_46,52,58,
963,35,190000,0,user_29,55,58,
789,36,170000,0,user_46,52,58,
1011,37,160001,0,user_3,56,58,165
1014,38,160001,0,user_5,56,58,165
1021,39,160001,0,user_13,56,58,165
1135,40,160001,0,user_1,58,58,165
1136,41,160001,0,user_1,58,58,165
816,42,159999,0,user_8,53,58,165
872,43,159999,0,user_8,54,58,165
1015,44,159999,0,user_6,56,58,165
1019,45,159999,0,user_11,56,58,165
1066,46,159999,0,user_2,57,58,165
882,47,150001,0,user_14,54,58,231
1090,48,150000,0,user_21,57,58,
883,49,149999,0,user_14,54,58,231
952,50,149999,0,user_12,55,58,231
1092,51,120000,0,user_25,57,58,
788,52,85000,0,user_46,52,58,
1102,53,82000,31700,user_33,57,58,
1037,0,43000000,0,user_32,56,59,
895,1,30000000,0,user_28,54,59,
1106,2,30000000,16400,user_35,57,59,
563,3,19000000,0,user_38,49,59,
1098,4,6300000,3130,user_32,57,59,
1097,5,5200000,0,user_32,57,59,
911,6,4500000,0,user_44,54,59,
705,7,4500000,0,user_38,51,59,
1164,8,4500000,0,user_21,58,59,
910,9,3200000,0,user_43,54,59,
844,10,2400000,0,user_38,53,59,
962,11,2300000,0,user_28,55,59,
971,12,2100000,0,user_34,55,59,
957,13,2000000,0,user_20,55,59,
979,14,2000000,0,user_43,55,59,
565,15,1900000,0,user_38,49,59,
580,16,1600000,161000,user_49,49,59,
896,17,1600000,0,user_28,54,59,
1069,18,1500001,0,user_5,57,59,901
901,19,1500000,17700000,user_34,54,59,
905,20,1500000,0,user_38,54,59,
1222,21,1499999,0,user_1,59,59,901
1137,22,1400001,0,user_2,58,59,965
564,23,1400000,35600,user_38,49,59,
958,24,1400000,56200,user_23,55,59,
1168,25,1400000,0,user_25,58,59,
1026,26,1399999,0,user_19,56,59,965
1068,27,1399999,0,user_5,57,59,965
885,28,1100001,0,user_17,54,59,354
956,29,1100001,0,user_17,55,59,29
843,30,1100000,296000,user_38,53,59,
1018,31,1099999,0,user_10,56,59,354
916,32,1000000,369000,user_48,54,59,
907,33,870000,0,user_41,54,59,
1104,34,870000,0,user_35,57,59,
1105,35,870000,0,user_35,57,59,
566,36,600000,0,user_38,49,59,
1100,37,420000,0,user_32,57,59,
1108,38,350000,0,user_37,57,59,
1070,39,319999,0,user_6,57,59,386
976,40,310000,0,user_41,55,59,
716,41,260000,322000,user_49,51,59,
717,42,170000,18600,user_49,51,59,
1099,43,170000,0,user_32,57,59,
1071,44,160001,0,user_7,57,59,165
1155,45,160001,0,user_15,58,59,165
1067,46,159999,0,user_3,57,59,165
1024,47,159999,0,user_16,56,59,165
886,48,159999,0,user_17,54,59,165
1144,49,159999,0,user_9,58,59,165
1221,50,150001,0,user_0,59,59,1191
1191,51,150000,4320000,user_47,58,59,
1077,52,149999,0,user_11,57,59,231
1078,53,149999,0,user_11,57,59,231
1081,54,149999,0,user_15,57,59,231
889,55,130000,0,user_20,54,59,
983,56,110000,0,user_48,55,59,
1032,57,110000,0,user_26,56,59,
917,58,85000,0,user_49,54,59,
567,59,84000,0,user_38,49,59,
1176,60,82000,0,user_30,58,59,
776,61,80000,0,user_38,52,59,
1103,62,79000,0,user_35,57,59,
1180,63,79000,0,user_35,58,59,
0,7,3200000,0,user_0,60,62,
1,14,2100000,0,user_1,60,62,
27,1,19000000,71800,user_21,60,62,
34,5,3600000,0,user_31,60,62,
30,11,2300000,410000,user_25,60,62,
58,12,2299999,0,user_1,61,62,30
37,16,1300000,0,user_33,60,62,
26,19,1000000,0,user_21,60,62,
39,20,1000000,0,user_35,60,62,
42,23,420000,0,user_37,60,62,
56,24,370000,0,user_0,61,62,
57,27,310000,0,user_0,61,62,
53,29,300000,0,user_47,60,62,
22,32,170000,0,user_15,60,62,
15,35,150000,0,user_9,60,62,
31,47,73000,0,user_25,60,62,
14,48,73000,0,user_9,60,62,
81,0,43000000,256000,user_20,61,65,
27,1,19000000,71800,user_21,60,62,
48,4,5200000,0,user_43,60,65,
4,4,5000000,0,user_4,60,63,
43,5,5000000,0,user_38,60,65,
34,5,3600000,0,user_31,60,62,
20,6,3500000,17000,user_13,60,63,
0,7,3200000,0,user_0,60,62,
17,8,2600000,0,user_11,60,63,
59,10,2300001,0,user_2,61,63,30
64,11,2300001,0,user_7,61,64,30
30,11,2300000,410000,user_25,60,62,
58,12,2299999,0,user_1,61,62,30
133,15,2299999,0,user_7,62,64,30
1,14,2100000,0,user_1,60,62,
98,10,1800000,0,user_41,61,65,
37,16,1300000,0,user_33,60,62,
137,11,1100001,0,user_10,62,65,29
29,13,1100000,17700000,user_23,60,65,
26,19,1000000,0,user_21,60,62,
39,20,1000000,0,user_35,60,62,
132,31,460001,0,user_7,62,64,19
19,23,460000,296000,user_11,60,63,
42,23,420000,0,user_37,60,62,
56,24,370000,0,user_0,61,62,
97,18,350000,0,user_41,61,65,
45,19,340000,0,user_41,60,65,
57,27,310000,0,user_0,61,62,
18,28,300000,0,user_11,60,63,
53,29,300000,0,user_47,60,62,
33,20,220000,0,user_28,60,65,
84,21,190000,12800,user_23,61,65,
22,32,170000,0,user_15,60,62,
47,24,160000,0,user_43,60,65,
5,31,160000,0,user_5,60,63,
15,35,150000,0,user_9,60,62,
55,25,150000,43600,user_49,60,65,
28,26,130000,0,user_23,60,65,
3,35,120000,0,user_4,60,63,
90,27,120000,0,user_28,61,65,
2,36,110000,0,user_3,60,63,
74,29,84001,0,user_17,61,65,7
76,30,84001,0,user_17,61,65,7
100,31,84000,0,user_43,61,65,
24,32,83999,0,user_17,60,65,7
73,33,83999,0,user_17,61,65,7
75,34,83999,0,user_17,61,65,7
31,47,73000,0,user_25,60,62,
14,48,73000,0,user_9,60,62,
6,38,70000,3130,user_6,60,63,
162,0,27000000,283000,user_35,62,63,
136,1,19000001,0,user_9,62,63,27
141,2,19000001,0,user_15,62,63,27
161,3,6300000,0,user_35,62,63,
4,4,5000000,0,user_4,60,63,
93,5,4200000,0,user_35,61,63,
20,6,3500000,17000,user_13,60,63,
86,7,3500000,0,user_24,61,63,
17,8,2600000,0,user_11,60,63,
92,9,2500000,34700,user_32,61,63,
59,10,2300001,0,user_2,61,63,30
135,11,2300001,0,user_9,62,63,30
128,12,2299999,0,user_0,62,63,30
91,13,2000000,0,user_31,61,63,
85,14,1900000,0,user_24,61,63,
147,15,1900000,0,user_21,62,63,
151,16,1700000,0,user_24,62,63,
164,17,1300000,0,user_37,62,63,
9,18,1200000,0,user_7,60,63,
71,19,1000000,0,user_15,61,63,
108,20,970000,0,user_47,61,63,
190,21,460001,0,user_1,63,63,19
10,22,460000,0,user_7,60,63,
19,23,460000,296000,user_11,60,63,
189,24,459999,0,user_1,63,63,19
35,25,360000,0,user_32,60,63,
158,26,350000,0,user_33,62,63,
36,27,310000,0,user_32,60,63,
18,28,300000,0,user_11,60,63,
11,29,260000,0,user_7,60,63,
187,30,160001,0,user_0,63,63,165
5,31,160000,0,user_5,60,63,
165,32,160000,779000,user_37,62,63,
188,33,159999,0,user_0,63,63,165
8,34,150000,0,user_7,60,63,
3,35,120000,0,user_4,60,63,
2,36,110000,0,user_3,60,63,
7,37,84000,19700,user_7,60,63,
6,38,70000,3130,user_6,60,63,
65,0,19000001,0,user_11,61,64,27
68,1,19000001,0,user_13,61,64,27
23,2,19000000,0,user_16,60,64,
214,3,19000000,0,user_21,63,64,
66,4,18999999,0,user_12,61,64,27
78,5,18999999,0,user_19,61,64,27
139,6,18999999,0,user_13,62,64,27
82,7,5000000,0,user_22,61,64,
130,8,3500001,0,user_5,62,64,20
106,9,3200000,0,user_46,61,64,
229,10,2500000,0,user_35,63,64,
64,11,2300001,0,user_7,61,64,30
67,12,2300001,0,user_13,61,64,30
69,13,2300001,0,user_14,61,64,30
202,14,2300001,0,user_15,63,64,30
133,15,2299999,0,user_7,62,64,30
87,16,2000000,0,user_26,61,64,
232,17,2000000,0,user_37,63,64,
13,18,1600000,0,user_8,60,64,
211,19,1100000,0,user_21,63,64,
213,20,1000000,43600,user_21,63,64,
225,21,1000000,0,user_31,63,64,
157,22,1000000,75000,user_32,62,64,
21,23,970000,0,user_14,60,64,
224,24,970000,24700,user_30,63,64,
105,25,670000,71800,user_46,61,64,
210,26,660000,0,user_21,63,64,
226,27,470000,5180,user_33,63,64,
60,28,460001,0,user_3,61,64,19
62,29,460001,0,user_5,61,64,19
129,30,460001,0,user_4,62,64,19
132,31,460001,0,user_7,62,64,19
216,32,460000,0,user_24,63,64,
61,33,459999,0,user_4,61,64,19
63,34,459999,0,user_5,61,64,19
79,35,459999,0,user_19,61,64,19
131,36,459999,0,user_6,62,64,19
191,37,459999,0,user_2,63,64,19
54,38,260000,0,user_48,60,64,
38,39,220000,0,user_34,60,64,
107,40,190000,0,user_46,61,64,
12,41,170000,0,user_8,60,64,
52,42,170000,0,user_46,60,64,
88,43,170000,11200,user_26,61,64,
262,44,150001,0,user_1,64,64,231
231,45,150000,7190000,user_37,63,64,
261,46,149999,0,user_0,64,64,231
96,47,120000,0,user_40,61,64,
25,48,110000,0,user_19,60,64,
227,49,100000,0,user_33,63,64,
72,50,84001,0,user_16,61,64,7
16,51,83999,0,user_10,60,64,7
70,52,83999,0,user_14,61,64,7
80,53,83999,0,user_19,61,64,7
83,54,83000,21800,user_22,61,64,
212,55,82000,0,user_21,63,64,
49,56,79000,0,user_44,60,64,
217,57,77000,0,user_25,63,64,
81,0,43000000,256000,user_20,61,65,
192,1,27000001,0,user_3,63,65,162
200,2,27000001,0,user_13,63,65,162
199,3,26999999,0,user_13,63,65,162
48,4,5200000,0,user_43,60,65,
43,5,5000000,0,user_38,60,65,
277,13,4500000,0,user_21,64,68,
144,7,2300001,0,user_18,62,65,30
77,8,2299999,0,user_18,61,65,30
197,9,2299999,0,user_11,63,65,30
98,10,1800000,0,user_41,61,65,
137,11,1100001,0,user_10,62,65,29
325,65,1100001,0,user_1,65,68,29
29,13,1100000,17700000,user_23,60,65,
194,14,1099999,0,user_7,63,65,29
287,80,660000,0,user_33,64,68,
324,86,460001,0,user_1,65,68,19
263,17,459999,0,user_2,64,65,19
97,18,350000,0,user_41,61,65,
45,19,340000,0,user_41,60,65,
33,20,220000,0,user_28,60,65,
84,21,190000,12800,user_23,61,65,
284,22,170000,0,user_31,64,65,
193,23,160001,0,user_6,63,65,165
47,24,160000,0,user_43,60,65,
55,25,150000,43600,user_49,60,65,
28,26,130000,0,user_23,60,65,
90,27,120000,0,user_28,61,65,
168,28,98000,0,user_40,62,65,
74,29,84001,0,user_17,61,65,7
76,30,84001,0,user_17,61,65,7
100,31,84000,0,user_43,61,65,
24,32,83999,0,user_17,60,65,7
73,33,83999,0,user_17,61,65,7
75,34,83999,0,user_17,61,65,7
177,0,43000000,0,user_43,62,66,
331,2,26999999,0,user_9,65,68,162
205,3,19000001,0,user_16,63,68,27
176,3,6100000,0,user_43,62,66,
222,7,5200000,0,user_26,63,68,
182,12,4500000,0,user_48,62,68,
218,16,4200000,146000,user_26,63,68,
361,17,4200000,0,user_47,65,68,
142,19,3500001,0,user_16,62,68,20
203,20,3500001,0,user_16,63,68,20
145,22,3499999,0,user_19,62,68,20
344,23,3200000,0,user_30,65,68,
169,12,2600000,0,user_41,62,66,
143,30,2299999,0,user_16,62,68,30
208,31,2299999,0,user_19,63,68,30
184,38,2000000,0,user_48,62,68,
363,40,2000000,0,user_47,65,68,
299,41,1900000,0,user_47,64,68,
345,42,1700000,0,user_31,65,68,
264,51,1300001,0,user_5,64,68,221
326,52,1300001,0,user_2,65,68,221
369,54,1300001,0,user_1,66,68,221
221,57,1300000,369000,user_26,63,68,
154,23,1000000,0,user_28,62,66,
180,74,870000,0,user_48,62,68,
265,25,460001,0,user_7,64,66,19
196,26,459999,0,user_10,63,66,19
269,88,459999,0,user_13,64,68,19
349,94,310000,0,user_35,65,68,
150,29,300000,0,user_23,62,66,
183,97,260000,0,user_48,62,68,
146,31,260000,0,user_20,62,66,
170,32,240000,0,user_41,62,66,
160,33,160000,0,user_34,62,66,
178,34,160000,0,user_44,62,66,
285,35,160000,0,user_32,64,66,
270,36,159999,0,user_15,64,66,165
368,37,150001,0,user_0,66,66,231
337,38,149999,0,user_15,65,66,231
152,39,120000,0,user_26,62,66,
286,40,120000,0,user_32,64,66,
159,41,110000,0,user_34,62,66,
219,42,110000,6390,user_26,63,66,
155,43,100000,0,user_28,62,66,
220,44,87000,0,user_26,63,66,
181,45,85000,0,user_48,62,66,
340,46,85000,0,user_25,65,66,
206,47,84001,0,user_16,63,66,7
204,48,83999,0,user_16,63,66,7
362,49,79000,108000,user_47,65,66,
215,0,30000000,0,user_22,63,69,
207,2,26999999,0,user_18,63,69,162
331,2,26999999,0,user_9,65,68,162
205,3,19000001,0,user_16,63,68,27
298,3,19000000,0,user_46,64,69,
351,0,19000000,0,user_38,65,72,
195,4,18999999,0,user_8,63,69,27
222,7,5200000,0,user_26,63,68,
283,5,5200000,0,user_29,64,69,
297,7,5000000,0,user_46,64,69,
355,9,5000000,56200,user_40,65,69,
233,2,4500000,155000,user_38,63,72,
182,12,4500000,0,user_48,62,68,
277,13,4500000,0,user_21,64,68,
359,11,4500000,0,user_44,65,69,
234,3,4200000,0,user_38,63,72,
218,16,4200000,146000,user_26,63,68,
361,17,4200000,0,user_47,65,68,
399,4,4200000,0,user_38,66,72,
142,19,3500001,0,user_16,62,68,20
203,20,3500001,0,user_16,63,68,20
460,5,3500000,0,user_43,67,72,
145,22,3499999,0,user_19,62,68,20
344,23,3200000,0,user_30,65,68,
356,12,3200000,128000,user_40,65,69,
134,15,2300001,0,user_8,62,69,30
140,16,2300001,0,user_14,62,69,30
370,17,2300001,0,user_2,66,69,30
441,7,2300000,322000,user_23,67,72,
281,18,2300000,0,user_26,64,69,
143,30,2299999,0,user_16,62,68,30
208,31,2299999,0,user_19,63,68,30
138,19,2299999,0,user_12,62,69,30
201,20,2299999,0,user_14,63,69,30
381,22,2299999,0,user_16,66,69,30
423,23,2299999,0,user_6,67,69,30
94,11,2000000,0,user_38,61,72,
109,12,2000000,0,user_49,61,72,
184,38,2000000,0,user_48,62,68,
291,25,2000000,0,user_40,64,69,
363,40,2000000,0,user_47,65,68,
299,41,1900000,0,user_47,64,68,
345,42,1700000,0,user_31,65,68,
357,14,1500000,0,user_41,65,72,
278,27,1500000,0,user_22,64,69,
385,15,1500000,0,user_20,66,72,
393,16,1500000,0,user_28,66,72,
342,17,1400000,15700,user_28,65,72,
244,29,1400000,0,user_46,63,69,
228,30,1400000,0,user_34,63,69,
391,31,1400000,0,user_26,66,69,
264,51,1300001,0,user_5,64,68,221
326,52,1300001,0,user_2,65,68,221
335,32,1300001,0,user_13,65,69,221
369,54,1300001,0,user_1,66,68,221
376,35,1300001,0,user_11,66,69,221
426,36,1300001,0,user_11,67,69,221
221,57,1300000,369000,user_26,63,68,
288,37,1300000,0,user_34,64,69,
332,39,1299999,0,user_11,65,69,221
374,40,1299999,0,user_7,66,69,221
338,41,1299999,0,user_18,65,69,221
380,42,1299999,0,user_16,66,69,221
384,43,1299999,0,user_19,66,69,221
420,44,1299999,0,user_5,67,69,221
325,65,1100001,0,user_1,65,68,29
442,35,1100000,0,user_23,67,72,
354,46,1100000,594000,user_40,65,69,
348,47,1100000,0,user_34,65,69,
373,49,1099999,0,user_7,66,69,29
474,29,1099999,0,user_7,68,70,29
185,42,1000000,0,user_49,62,72,
273,43,1000000,0,user_20,64,72,
238,50,1000000,73100,user_40,63,69,
180,74,870000,0,user_48,62,68,
266,52,670001,0,user_8,64,69,105
276,44,670000,0,user_20,64,72,
400,45,670000,0,user_43,66,72,
300,46,670000,0,user_49,64,72,
272,47,660000,0,user_20,64,72,
287,80,660000,0,user_33,64,68,
149,53,660000,0,user_22,62,69,
443,48,660000,0,user_23,67,72,
352,54,650000,0,user_40,65,69,
156,55,530000,3130,user_29,62,69,
271,52,460001,0,user_17,64,72,19
324,86,460001,0,user_1,65,68,19
274,53,460000,0,user_20,64,72,
269,88,459999,0,user_13,64,68,19
268,57,459999,0,user_12,64,69,19
433,55,459999,0,user_17,67,72,19
294,56,420000,0,user_43,64,72,
392,57,420000,0,user_28,66,72,
364,59,320000,0,user_48,65,69,
349,94,310000,0,user_35,65,68,
245,60,310000,0,user_48,63,69,
295,65,300000,0,user_43,64,72,
183,97,260000,0,user_48,62,68,
148,62,260000,0,user_22,62,69,
282,66,240000,75000,user_28,64,72,
215,0,30000000,0,user_22,63,69,
395,1,30000000,128000,user_31,66,69,
207,2,26999999,0,user_18,63,69,162
298,3,19000000,0,user_46,64,69,
195,4,18999999,0,user_8,63,69,27
283,5,5200000,0,user_29,64,69,
449,6,5200000,0,user_31,67,69,
297,7,5000000,0,user_46,64,69,
446,8,5000000,0,user_25,67,69,
355,9,5000000,56200,user_40,65,69,
496,10,5000000,49100,user_30,68,69,
359,11,4500000,0,user_44,65,69,
356,12,3200000,128000,user_40,65,69,
241,13,2400000,0,user_43,63,69,
347,14,2400000,285000,user_32,65,69,
134,15,2300001,0,user_8,62,69,30
140,16,2300001,0,user_14,62,69,30
370,17,2300001,0,user_2,66,69,30
281,18,2300000,0,user_26,64,69,
138,19,2299999,0,user_12,62,69,30
201,20,2299999,0,user_14,63,69,30
375,21,2299999,0,user_9,66,69,30
381,22,2299999,0,user_16,66,69,30
423,23,2299999,0,user_6,67,69,30
451,24,2100000,108000,user_33,67,69,
291,25,2000000,0,user_40,64,69,
396,26,1800000,17000,user_33,66,69,
278,27,1500000,0,user_22,64,69,
498,28,1500000,0,user_30,68,69,
244,29,1400000,0,user_46,63,69,
228,30,1400000,0,user_34,63,69,
391,31,1400000,0,user_26,66,69,
335,32,1300001,0,user_13,65,69,221
418,33,1300001,0,user_0,67,69,221
419,34,1300001,0,user_0,67,69,221
376,35,1300001,0,user_11,66,69,221
426,36,1300001,0,user_11,67,69,221
288,37,1300000,0,user_34,64,69,
485,38,1300000,0,user_21,68,69,
332,39,1299999,0,user_11,65,69,221
374,40,1299999,0,user_7,66,69,221
338,41,1299999,0,user_18,65,69,221
380,42,1299999,0,user_16,66,69,221
384,43,1299999,0,user_19,66,69,221
420,44,1299999,0,user_5,67,69,221
448,45,1100000,0,user_30,67,69,
354,46,1100000,594000,user_40,65,69,
348,47,1100000,0,user_34,65,69,
267,48,1099999,0,user_10,64,69,29
373,49,1099999,0,user_7,66,69,29
238,50,1000000,73100,user_40,63,69,
497,51,970000,0,user_30,68,69,
266,52,670001,0,user_8,64,69,105
149,53,660000,0,user_22,62,69,
352,54,650000,0,user_40,65,69,
156,55,530000,3130,user_29,62,69,
398,56,470000,0,user_35,66,69,
268,57,459999,0,user_12,64,69,19
386,58,320000,7190000,user_21,66,69,
364,59,320000,0,user_48,65,69,
245,60,310000,0,user_48,63,69,
499,61,310000,0,user_31,68,69,
148,62,260000,0,user_22,62,69,
280,63,240000,32900,user_26,64,69,
438,64,220000,0,user_21,67,69,
495,65,220000,0,user_30,68,69,
209,66,170000,0,user_20,63,69,
500,67,170000,0,user_33,68,69,
333,68,160001,0,user_11,65,69,165
383,69,160001,0,user_19,66,69,165
421,70,160001,0,user_5,67,69,165
422,71,160001,0,user_6,67,69,165
526,72,160001,0,user_1,69,69,165
296,73,160000,0,user_44,64,69,
327,74,159999,0,user_4,65,69,165
382,75,159999,0,user_18,66,69,165
428,76,159999,0,user_13,67,69,165
469,77,159999,0,user_2,68,69,165
328,78,150001,0,user_6,65,69,231
329,79,150001,0,user_7,65,69,231
379,80,150001,0,user_15,66,69,231
372,81,150001,0,user_6,66,69,231
371,82,149999,0,user_3,66,69,231
394,83,120000,0,user_30,66,69,
353,84,100000,0,user_40,65,69,
248,85,98000,0,user_48,63,69,
389,86,87000,0,user_24,66,69,
388,87,84000,0,user_24,66,69,
246,88,84000,0,user_48,63,69,
198,89,82999,0,user_12,63,69,83
346,90,77000,0,user_32,65,69,
247,91,73000,0,user_48,63,69,
390,92,70000,0,user_25,66,69,
489,0,19000000,0,user_24,68,70,
387,1,5000000,71800,user_22,66,70,
447,2,5000000,0,user_26,67,70,
455,3,5000000,0,user_37,67,70,
557,4,4500000,0,user_33,69,70,
343,5,2400000,0,user_29,65,70,
471,6,2300001,0,user_4,68,70,30
479,7,2300001,0,user_13,68,70,30
470,8,2299999,0,user_3,68,70,30
475,9,2299999,0,user_9,68,70,30
542,10,2299999,0,user_15,69,70,30
450,11,1600000,0,user_32,67,70,
578,12,1500000,0,user_47,69,70,
377,13,1300001,0,user_14,66,70,221
424,14,1300001,0,user_8,67,70,221
436,15,1300001,0,user_19,67,70,221
535,16,1300001,0,user_9,69,70,221
540,17,1300001,0,user_15,69,70,221
541,18,1300001,0,user_15,69,70,221
360,19,1300000,0,user_46,65,70,
330,20,1299999,0,user_8,65,70,221
334,21,1299999,0,user_12,65,70,221
336,22,1299999,0,user_14,65,70,221
425,23,1299999,0,user_9,67,70,221
476,24,1299999,0,user_9,68,70,221
533,25,1299999,0,user_9,69,70,221
534,26,1299999,0,user_9,69,70,221
536,27,1299999,0,user_9,69,70,221
431,28,1100001,0,user_16,67,70,29
474,29,1099999,0,user_7,68,70,29
527,30,1099999,0,user_2,69,70,354
603,31,1099999,0,user_1,70,70,354
445,32,910000,0,user_24,67,70,
549,33,600000,139000,user_24,69,70,
488,34,530000,0,user_24,68,70,
403,35,420000,0,user_46,66,70,
397,36,420000,0,user_34,66,70,
453,37,420000,0,user_35,67,70,
576,38,420000,0,user_47,69,70,
577,39,420000,0,user_47,69,70,
602,40,320001,0,user_0,70,70,386
464,41,310000,0,user_47,67,70,
556,42,300000,0,user_33,69,70,
463,43,240000,0,user_47,67,70,
511,44,240000,0,user_47,68,70,
554,45,190000,0,user_30,69,70,
429,46,160001,0,user_14,67,70,165
473,47,160001,0,user_7,68,70,165
555,48,160000,0,user_31,69,70,
378,49,159999,0,user_14,66,70,165
543,50,159999,0,user_15,69,70,165
427,51,150001,0,user_12,67,70,231
472,52,150001,0,user_5,68,70,231
430,53,150001,0,user_15,67,70,231
575,54,150000,0,user_47,69,70,
339,55,120000,0,user_22,65,70,
439,56,120000,0,user_22,67,70,
547,57,110000,0,user_21,69,70,
553,58,83000,0,user_30,69,70,
550,59,80000,0,user_25,69,70,
478,0,2300001,0,user_12,68,71,30
480,1,2300001,0,user_16,68,71,30
481,2,2299999,0,user_16,68,71,30
493,3,1900000,0,user_29,68,71,
604,4,1100001,0,user_2,70,71,354
662,5,1100001,0,user_1,71,71,354
528,6,1099999,0,user_3,69,71,29
531,7,1099999,0,user_5,69,71,354
539,8,1099999,0,user_13,69,71,354
663,9,1099999,0,user_1,71,71,29
494,10,470000,0,user_29,68,71,
486,11,420000,0,user_22,68,71,
529,12,320001,0,user_4,69,71,386
530,13,320001,0,user_5,69,71,386
638,14,320000,0,user_31,70,71,
490,15,160000,0,user_26,68,71,
510,16,77000,0,user_46,68,71,
633,17,70000,0,user_25,70,71,
351,0,19000000,0,user_38,65,72,
506,1,6100000,24700,user_41,68,72,
233,2,4500000,155000,user_38,63,72,
234,3,4200000,0,user_38,63,72,
399,4,4200000,0,user_38,66,72,
460,5,3500000,0,user_43,67,72,
632,6,3500000,296000,user_24,70,72,
441,7,2300000,322000,user_23,67,72,
482,8,2299999,0,user_17,68,72,30
537,9,2299999,0,user_10,69,72,30
487,10,2100000,0,user_23,68,72,
94,11,2000000,0,user_38,61,72,
109,12,2000000,0,user_49,61,72,
456,13,1600000,0,user_38,67,72,
357,14,1500000,0,user_41,65,72,
385,15,1500000,0,user_20,66,72,
393,16,1500000,0,user_28,66,72,
342,17,1400000,15700,user_28,65,72,
647,18,1400000,0,user_35,70,72,
434,19,1300001,0,user_18,67,72,221
484,20,1300001,0,user_18,68,72,221
435,21,1299999,0,user_18,67,72,221
483,22,1299999,0,user_18,68,72,221
605,23,1100001,0,user_3,70,72,29
606,24,1100001,0,user_4,70,72,354
607,25,1100001,0,user_6,70,72,354
609,26,1100001,0,user_7,70,72,354
610,27,1100001,0,user_7,70,72,354
612,28,1100001,0,user_7,70,72,354
615,29,1100001,0,user_11,70,72,354
664,30,1100001,0,user_2,71,72,354
666,31,1100001,0,user_2,71,72,354
667,32,1100001,0,user_2,71,72,354
740,33,1100001,0,user_0,72,72,354
741,34,1100001,0,user_1,72,72,354
442,35,1100000,0,user_23,67,72,
608,36,1099999,0,user_7,70,72,354
611,37,1099999,0,user_7,70,72,354
616,38,1099999,0,user_11,70,72,354
665,39,1099999,0,user_2,71,72,354
739,40,1099999,0,user_0,72,72,354
505,41,1000000,256000,user_40,68,72,
185,42,1000000,0,user_49,62,72,
273,43,1000000,0,user_20,64,72,
276,44,670000,0,user_20,64,72,
400,45,670000,0,user_43,66,72,
300,46,670000,0,user_49,64,72,
272,47,660000,0,user_20,64,72,
443,48,660000,0,user_23,67,72,
701,49,660000,0,user_33,71,72,
691,50,600000,0,user_24,71,72,
704,51,530000,0,user_37,71,72,
271,52,460001,0,user_17,64,72,19
274,53,460000,0,user_20,64,72,
692,54,460000,0,user_24,71,72,
433,55,459999,0,user_17,67,72,19
294,56,420000,0,user_43,64,72,
392,57,420000,0,user_28,66,72,
700,58,420000,0,user_33,71,72,
649,59,420000,0,user_35,70,72,
538,60,320001,0,user_12,69,72,386
532,61,319999,0,user_8,69,72,386
622,62,319999,0,user_15,70,72,386
672,63,319999,0,user_9,71,72,386
574,64,310000,231000,user_46,69,72,
295,65,300000,0,user_43,64,72,
282,66,240000,75000,user_28,64,72,
275,67,220000,0,user_20,64,72,
492,68,220000,0,user_28,68,72,
652,69,220000,0,user_37,70,72,
235,70,190000,0,user_38,63,72,
279,71,190000,0,user_23,64,72,
236,72,170000,0,user_38,63,72,
437,73,170000,0,user_20,67,72,
457,74,170000,0,user_41,67,72,
646,75,170000,283000,user_35,70,72,
477,76,150001,0,user_10,68,72,231
651,77,150000,0,user_37,70,72,
659,78,150000,0,user_47,70,72,
432,79,149999,0,user_17,67,72,231
698,80,120000,0,user_31,71,72,
444,81,110000,0,user_23,67,72,
166,82,85000,0,user_38,62,72,
648,83,85000,0,user_35,70,72,
645,84,82000,0,user_35,70,72,
440,85,79000,0,user_23,67,72,
358,86,73000,0,user_43,65,72,
507,87,70000,0,user_43,68,72,
771,0,4500000,0,user_33,72,73,
452,1,3600000,0,user_34,67,73,
774,2,2600000,0,user_35,72,73,
653,3,2000000,510000,user_40,70,73,
767,4,1500000,0,user_30,72,73,
544,5,1100001,0,user_16,69,73,354
626,6,1100001,0,user_16,70,73,354
670,7,1100001,0,user_6,71,73,354
742,8,1100001,0,user_2,72,73,354
800,9,1100001,0,user_0,73,73,354
801,10,1100001,0,user_1,73,73,354
773,11,1100000,60700,user_35,72,73,
668,12,1099999,0,user_3,71,73,354
546,13,1099999,0,user_19,69,73,354
623,14,1099999,0,user_16,70,73,354
628,15,1099999,0,user_18,70,73,29
676,16,1099999,0,user_13,71,73,354
749,17,1099999,0,user_9,72,73,354
802,18,1099999,0,user_1,73,73,354
803,19,1099999,0,user_1,73,73,354
551,20,910000,0,user_26,69,73,
768,21,530000,0,user_30,72,73,
760,22,360000,0,user_21,72,73,
625,23,320001,0,user_16,70,73,386
512,24,320000,0,user_48,68,73,
624,25,319999,0,user_16,70,73,386
627,26,150001,0,user_16,70,73,231
674,27,150001,0,user_11,71,73,231
769,28,150000,46500,user_31,72,73,
669,29,149999,0,user_5,71,73,231
461,30,110000,0,user_44,67,73,
508,31,110000,164000,user_44,68,73,
634,32,100000,0,user_26,70,73,
699,0,27000000,0,user_32,71,74,
830,1,4200000,0,user_24,73,74,
770,2,1900000,0,user_32,72,74,
838,3,1500000,0,user_33,73,74,
639,4,1500000,0,user_32,70,74,
825,5,1099999,0,user_15,73,74,354
862,6,1099999,0,user_0,74,74,354
864,7,1099999,0,user_1,74,74,354
832,8,910000,0,user_25,73,74,
831,9,650000,0,user_24,73,74,
863,10,150001,0,user_1,74,74,231
837,11,120000,0,user_33,73,74,
842,12,120000,0,user_37,73,74,
836,13,110000,0,user_30,73,74,
840,14,87000,0,user_35,73,74,
707,0,43000000,0,user_40,71,75,
904,1,27000000,0,user_37,74,75,
629,2,19000000,0,user_20,70,75,
548,3,5200000,108000,user_23,69,75,
503,4,5000000,0,user_38,68,75,
579,5,5000000,0,user_48,69,75,
914,6,5000000,0,user_47,74,75,
545,7,2300001,0,user_17,69,75,30
568,8,1900000,0,user_41,69,75,
714,9,1700000,0,user_46,71,75,
682,10,1700000,0,user_20,71,75,
686,11,1600000,510000,user_22,71,75,
696,12,1600000,0,user_28,71,75,
897,13,1600000,0,user_30,74,75,
708,14,1500000,0,user_40,71,75,
514,15,1500000,0,user_49,68,75,
656,16,1500000,0,user_43,70,75,
657,17,1500000,0,user_43,70,75,
571,18,1500000,0,user_44,69,75,
702,19,1500000,0,user_34,71,75,
713,20,1400000,0,user_44,71,75,
617,21,1100001,0,user_12,70,75,354
619,22,1100001,0,user_12,70,75,354
620,23,1100001,0,user_12,70,75,354
675,24,1100001,0,user_12,71,75,354
745,25,1100001,0,user_6,72,75,354
614,26,1100001,0,user_10,70,75,354
679,27,1100001,0,user_16,71,75,354
758,28,1100001,0,user_19,72,75,354
805,29,1100001,0,user_5,73,75,354
752,30,1100001,0,user_10,72,75,354
811,31,1100001,0,user_7,73,75,354
812,32,1100001,0,user_7,73,75,354
873,33,1100001,0,user_9,74,75,354
943,34,1100001,0,user_1,75,75,354
613,35,1099999,0,user_8,70,75,354
673,36,1099999,0,user_10,71,75,354
680,37,1099999,0,user_18,71,75,354
754,38,1099999,0,user_11,72,75,354
678,39,1099999,0,user_16,71,75,354
681,40,1099999,0,user_19,71,75,354
809,41,1099999,0,user_5,73,75,354
751,42,1099999,0,user_10,72,75,354
753,43,1099999,0,user_10,72,75,354
884,44,1099999,0,user_15,74,75,29
941,45,1099999,0,user_0,75,75,354
942,46,1099999,0,user_0,75,75,354
642,47,1000000,0,user_34,70,75,
643,48,1000000,39400,user_34,70,75,
689,49,1000000,0,user_23,71,75,
637,50,970000,0,user_29,70,75,
694,51,970000,510000,user_26,71,75,
683,52,970000,39400,user_20,71,75,
687,53,910000,0,user_22,71,75,
630,54,870000,0,user_22,70,75,
688,55,870000,0,user_22,71,75,
684,56,630000,15700,user_22,71,75,
898,57,460000,12800,user_31,74,75,
711,58,370000,0,user_43,71,75,
640,59,360000,0,user_34,70,75,
893,60,360000,0,user_25,74,75,
569,61,350000,0,user_43,69,75,
778,62,350000,0,user_40,72,75,
915,63,350000,0,user_47,74,75,
693,64,340000,0,user_26,71,75,
757,65,320001,0,user_16,72,75,386
807,66,320001,0,user_5,73,75,386
709,67,320000,0,user_41,71,75,
900,68,320000,14200,user_33,74,75,
744,69,319999,0,user_6,72,75,386
810,70,319999,0,user_6,73,75,386
890,71,310000,0,user_21,74,75,
715,72,260000,0,user_48,71,75,
690,73,260000,0,user_23,71,75,
513,74,240000,128000,user_49,68,75,
658,75,220000,49100,user_46,70,75,
697,76,220000,0,user_28,71,75,
903,77,170000,0,user_37,74,75,
804,78,160001,0,user_3,73,75,165
746,79,159999,0,user_7,72,75,165
808,80,159999,0,user_5,73,75,165
621,81,150001,0,user_12,70,75,231
671,82,150001,0,user_8,71,75,231
743,83,150001,0,user_4,72,75,231
806,84,150001,0,user_5,73,75,231
631,85,150000,0,user_23,70,75,
570,86,150000,0,user_44,69,75,
710,87,150000,0,user_43,71,75,
618,88,149999,0,user_12,70,75,231
677,89,149999,0,user_14,71,75,231
750,90,149999,0,user_10,72,75,231
865,91,149999,0,user_2,74,75,231
902,92,120000,15100,user_35,74,75,
685,93,87000,0,user_22,71,75,
712,94,87000,0,user_44,71,75,
779,95,83000,108000,user_40,72,75,
552,96,80000,0,user_28,69,75,
654,97,80000,13900,user_41,70,75,
892,98,77000,0,user_24,74,75,
558,99,73000,0,user_34,69,75,
899,0,2400000,0,user_32,74,76,
969,1,2000000,0,user_31,75,76,
964,2,1900000,0,user_30,75,76,
846,3,1600000,0,user_40,73,76,
965,4,1400000,1100000,user_31,75,76,
866,5,1100001,0,user_5,74,76,354
870,6,1100001,0,user_6,74,76,354
881,7,1100001,0,user_13,74,76,354
945,8,1100001,0,user_2,75,76,354
826,9,1099999,0,user_16,73,76,354
868,10,1099999,0,user_5,74,76,354
869,11,1099999,0,user_6,74,76,354
877,12,1099999,0,user_11,74,76,354
879,13,1099999,0,user_13,74,76,354
880,14,1099999,0,user_13,74,76,354
951,15,1099999,0,user_9,75,76,354
954,16,1099999,0,user_15,75,76,354
968,17,460000,0,user_31,75,76,
950,18,320001,0,user_9,75,76,386
867,19,319999,0,user_5,74,76,386
944,20,319999,0,user_2,75,76,386
982,21,240000,5640,user_47,75,76,
959,22,170000,0,user_25,75,76,
827,23,159999,0,user_18,73,76,165
1004,24,159999,0,user_0,76,76,165
871,25,150001,0,user_6,74,76,231
1005,26,150001,0,user_1,76,76,231
966,27,150000,0,user_31,75,76,
833,28,120000,24700,user_26,73,76,
967,29,120000,0,user_31,75,76,
972,30,110000,0,user_37,75,76,
762,0,43000000,0,user_23,72,77,
782,1,43000000,0,user_43,72,77,
849,2,30000000,0,user_44,73,77,
839,3,27000000,0,user_34,73,77,
764,4,4500000,0,user_28,72,77,
792,5,4200000,0,user_48,72,77,
829,6,3600000,0,user_23,73,77,
793,7,2000000,0,user_48,72,77,
1030,8,1500000,0,user_25,76,77,
946,9,1100001,0,user_3,75,77,29
817,10,1100001,0,user_10,73,77,354
875,11,1100001,0,user_10,74,77,354
876,12,1100001,0,user_10,74,77,354
949,13,1100001,0,user_7,75,77,29
1007,14,1100001,0,user_2,76,77,29
1023,15,1100001,0,user_15,76,77,354
1017,16,1099999,0,user_9,76,77,354
795,17,1000000,0,user_48,72,77,
1038,18,1000000,0,user_33,76,77,
781,19,970000,0,user_43,72,77,
784,20,910000,0,user_44,72,77,
794,21,650000,0,user_48,72,77,
791,22,630000,15100,user_48,72,77,
970,23,600000,0,user_32,75,77,
1036,24,420000,0,user_31,76,77,
948,25,320001,0,user_7,75,77,386
1010,26,320001,0,user_2,76,77,386
1064,27,319999,0,user_1,77,77,386
818,28,160001,0,user_10,73,77,165
1008,29,160001,0,user_2,76,77,165
1063,30,160001,0,user_0,77,77,165
783,31,160000,0,user_44,72,77,
851,32,160000,33300,user_48,73,77,
1035,33,160000,0,user_31,76,77,
874,34,159999,0,user_10,74,77,165
1006,35,159999,0,user_2,76,77,165
1009,36,159999,0,user_2,76,77,165
888,37,149999,0,user_19,74,77,231
947,38,149999,0,user_5,75,77,231
759,39,120000,0,user_20,72,77,
828,40,120000,0,user_23,73,77,
848,41,85000,0,user_43,73,77,
772,42,83000,0,user_34,72,77,
835,43,77000,0,user_28,73,77,
1031,44,77000,0,user_25,76,77,
1089,0,30000000,0,user_21,77,78,
761,1,2500000,15700,user_22,72,78,
975,2,1800000,13900,user_40,75,78,
787,3,1500000,0,user_46,72,78,
891,4,1500000,0,user_22,74,78,
912,5,1500000,6390,user_46,74,78,
747,6,1100001,0,user_8,72,78,354
820,7,1100001,0,user_14,73,78,354
821,8,1100001,0,user_14,73,78,354
824,9,1100001,0,user_14,73,78,354
878,10,1100001,0,user_12,74,78,29
953,11,1100001,0,user_14,75,78,354
955,12,1100001,0,user_16,75,78,354
1013,13,1100001,0,user_5,76,78,29
887,14,1100001,0,user_18,74,78,354
1065,15,1100001,0,user_2,77,78,29
748,16,1099999,0,user_8,72,78,354
755,17,1099999,0,user_12,72,78,354
756,18,1099999,0,user_12,72,78,354
814,19,1099999,0,user_8,73,78,354
815,20,1099999,0,user_8,73,78,29
819,21,1099999,0,user_12,73,78,354
823,22,1099999,0,user_14,73,78,354
766,23,870000,0,user_29,72,78,
1096,24,650000,0,user_31,77,78,
1095,25,460000,0,user_30,77,78,
786,26,360000,0,user_46,72,78,
765,27,350000,0,user_29,72,78,
822,28,320001,0,user_14,73,78,386
960,29,320000,49100,user_26,75,78,
813,30,319999,0,user_8,73,78,386
1012,31,319999,0,user_4,76,78,386
913,32,310000,0,user_46,74,78,
1101,33,300000,0,user_33,77,78,
790,34,260000,0,user_46,72,78,
963,35,190000,0,user_29,75,78,
789,36,170000,0,user_46,72,78,
1011,37,160001,0,user_3,76,78,165
1014,38,160001,0,user_5,76,78,165
1021,39,160001,0,user_13,76,78,165
1135,40,160001,0,user_1,78,78,165
1136,41,160001,0,user_1,78,78,165
816,42,159999,0,user_8,73,78,165
872,43,159999,0,user_8,74,78,165
1015,44,159999,0,user_6,76,78,165
1019,45,159999,0,user_11,76,78,165
1066,46,159999,0,user_2,77,78,165
882,47,150001,0,user_14,74,78,231
1090,48,150000,0,user_21,77,78,
883,49,149999,0,user_14,74,78,231
952,50,149999,0,user_12,75,78,231
1092,51,120000,0,user_25,77,78,
788,52,85000,0,user_46,72,78,
1102,53,82000,31700,user_33,77,78,
1037,0,43000000,0,user_32,76,79,
895,1,30000000,0,user_28,74,79,
1106,2,30000000,16400,user_35,77,79,
563,3,19000000,0,user_38,69,79,
1098,4,6300000,3130,user_32,77,79,
1097,5,5200000,0,user_32,77,79,
911,6,4500000,0,user_44,74,79,
705,7,4500000,0,user_38,71,79,
1164,8,4500000,0,user_21,78,79,
910,9,3200000,0,user_43,74,79,
844,10,2400000,0,user_38,73,79,
962,11,2300000,0,user_28,75,79,
971,12,2100000,0,user_34,75,79,
957,13,2000000,0,user_20,75,79,
979,14,2000000,0,user_43,75,79,
565,15,1900000,0,user_38,69,79,
580,16,1600000,161000,user_49,69,79,
896,17,1600000,0,user_28,74,79,
1069,18,1500001,0,user_5,77,79,901
901,19,1500000,17700000,user_34,74,79,
905,20,1500000,0,user_38,74,79,
1222,21,1499999,0,user_1,79,79,901
1137,22,1400001,0,user_2,78,79,965
564,23,1400000,35600,user_38,69,79,
958,24,1400000,56200,user_23,75,79,
1168,25,1400000,0,user_25,78,79,
1026,26,1399999,0,user_19,76,79,965
1068,27,1399999,0,user_5,77,79,965
885,28,1100001,0,user_17,74,79,354
956,29,1100001,0,user_17,75,79,29
843,30,1100000,296000,user_38,73,79,
1018,31,1099999,0,user_10,76,79,354
916,32,1000000,369000,user_48,74,79,
907,33,870000,0,user_41,74,79,
1104,34,870000,0,user_35,77,79,
1105,35,870000,0,user_35,77,79,
566,36,600000,0,user_38,69,79,
1100,37,420000,0,user_32,77,79,
1108,38,350000,0,user_37,77,79,
1070,39,319999,0,user_6,77,79,386
976,40,310000,0,user_41,75,79,
716,41,260000,322000,user_49,71,79,
717,42,170000,18600,user_49,71,79,
1099,43,170000,0,user_32,77,79,
1071,44,160001,0,user_7,77,79,165
1155,45,160001,0,user_15,78,79,165
1067,46,159999,0,user_3,77,79,165
1024,47,159999,0,user_16,76,79,165
886,48,159999,0,user_17,74,79,165
1144,49,159999,0,user_9,78,79,165
1221,50,150001,0,user_0,79,79,1191
1191,51,150000,4320000,user_47,78,79,
1077,52,149999,0,user_11,77,79,231
1078,53,149999,0,user_11,77,79,231
1081,54,149999,0,user_15,77,79,231
889,55,130000,0,user_20,74,79,
983,56,110000,0,user_48,75,79,
1032,57,110000,0,user_26,76,79,
917,58,85000,0,user_49,74,79,
567,59,84000,0,user_38,69,79,
1176,60,82000,0,user_30,78,79,
776,61,80000,0,user_38,72,79,
1103,62,79000,0,user_35,77,79,
1180,63,79000,0,user_35,78,79,
0,7,3200000,0,user_0,80,82,
1,14,2100000,0,user_1,80,82,
27,1,19000000,71800,user_21,80,82,
34,5,3600000,0,user_31,80,82,
30,11,2300000,410000,user_25,80,82,
58,12,2299999,0,user_1,81,82,30
37,16,1300000,0,user_33,80,82,
26,19,1000000,0,user_21,80,82,
39,20,1000000,0,user_35,80,82,
42,23,420000,0,user_37,80,82,
56,24,370000,0,user_0,81,82,
57,27,310000,0,user_0,81,82,
53,29,300000,0,user_47,80,82,
22,32,170000,0,user_15,80,82,
15,35,150000,0,user_9,80,82,
31,47,73000,0,user_25,80,82,
14,48,73000,0,user_9,80,82,
81,0,43000000,256000,user_20,81,85,
27,1,19000000,71800,user_21,80,82,
48,4,5200000,0,user_43,80,85,
4,4,5000000,0,user_4,80,83,
43,5,5000000,0,user_38,80,85,
34,5,3600000,0,user_31,80,82,
20,6,3500000,17000,user_13,80,83,
0,7,3200000,0,user_0,80,82,
17,8,2600000,0,user_11,80,83,
59,10,2300001,0,user_2,81,83,30
64,11,2300001,0,user_7,81,84,30
30,11,2300000,410000,user_25,80,82,
58,12,2299999,0,user_1,81,82,30
133,15,2299999,0,user_7,82,84,30
1,14,2100000,0,user_1,80,82,
98,10,1800000,0,user_41,81,85,
37,16,1300000,0,user_33,80,82,
137,11,1100001,0,user_10,82,85,29
29,13,1100000,17700000,user_23,80,85,
26,19,1000000,0,user_21,80,82,
39,20,1000000,0,user_35,80,82,
132,31,460001,0,user_7,82,84,19
19,23,460000,296000,user_11,80,83,
42,23,420000,0,user_37,80,82,
56,24,370000,0,user_0,81,82,
97,18,350000,0,user_41,81,85,
45,19,340000,0,user_41,80,85,
57,27,310000,0,user_0,81,82,
18,28,300000,0,user_11,80,83,
53,29,300000,0,user_47,80,82,
33,20,220000,0,user_28,80,85,
84,21,190000,12800,user_23,81,85,
22,32,170000,0,user_15,80,82,
47,24,160000,0,user_43,80,85,
5,31,160000,0,user_5,80,83,
15,35,150000,0,user_9,80,82,
55,25,150000,43600,user_49,80,85,
28,26,130000,0,user_23,80,85,
3,35,120000,0,user_4,80,83,
90,27,120000,0,user_28,81,85,
2,36,110000,0,user_3,80,83,
74,29,84001,0,user_17,81,85,7
76,30,84001,0,user_17,81,85,7
100,31,84000,0,user_43,81,85,
24,32,83999,0,user_17,80,85,7
73,33,83999,0,user_17,81,85,7
75,34,83999,0,user_17,81,85,7
31,47,73000,0,user_25,80,82,
14,48,73000,0,user_9,80,82,
6,38,70000,3130,user_6,80,83,
162,0,27000000,283000,user_35,82,83,
136,1,19000001,0,user_9,82,83,27
141,2,19000001,0,user_15,82,83,27
161,3,6300000,0,user_35,82,83,
4,4,5000000,0,user_4,80,83,
93,5,4200000,0,user_35,81,83,
20,6,3500000,17000,user_13,80,83,
86,7,3500000,0,user_24,81,83,
17,8,2600000,0,user_11,80,83,
92,9,2500000,34700,user_32,81,83,
59,10,2300001,0,user_2,81,83,30
135,11,2300001,0,user_9,82,83,30
128,12,2299999,0,user_0,82,83,30
91,13,2000000,0,user_31,81,83,
85,14,1900000,0,user_24,81,83,
147,15,1900000,0,user_21,82,83,
151,16,1700000,0,user_24,82,83,
164,17,1300000,0,user_37,82,83,
9,18,1200000,0,user_7,80,83,
71,19,1000000,0,user_15,81,83,
108,20,970000,0,user_47,81,83,
190,21,460001,0,user_1,83,83,19
10,22,460000,0,user_7,80,83,
19,23,460000,296000,user_11,80,83,
189,24,459999,0,user_1,83,83,19
35,25,360000,0,user_32,80,83,
158,26,350000,0,user_33,82,83,
36,27,310000,0,user_32,80,83,
18,28,300000,0,user_11,80,83,
11,29,260000,0,user_7,80,83,
187,30,160001,0,user_0,83,83,165
5,31,160000,0,user_5,80,83,
165,32,160000,779000,user_37,82,83,
188,33,159999,0,user_0,83,83,165
8,34,150000,0,user_7,80,83,
3,35,120000,0,user_4,80,83,
2,36,110000,0,user_3,80,83,
7,37,84000,19700,user_7,80,83,
6,38,70000,3130,user_6,80,83,
65,0,19000001,0,user_11,81,84,27
68,1,19000001,0,user_13,81,84,27
23,2,19000000,0,user_16,80,84,
214,3,19000000,0,user_21,83,84,
66,4,18999999,0,user_12,81,84,27
78,5,18999999,0,user_19,81,84,27
139,6,18999999,0,user_13,82,84,27
82,7,5000000,0,user_22,81,84,
130,8,3500001,0,user_5,82,84,20
106,9,3200000,0,user_46,81,84,
229,10,2500000,0,user_35,83,84,
64,11,2300001,0,user_7,81,84,30
67,12,2300001,0,user_13,81,84,30
69,13,2300001,0,user_14,81,84,30
202,14,2300001,0,user_15,83,84,30
133,15,2299999,0,user_7,82,84,30
87,16,2000000,0,user_26,81,84,
232,17,2000000,0,user_37,83,84,
13,18,1600000,0,user_8,80,84,
211,19,1100000,0,user_21,83,84,
213,20,1000000,43600,user_21,83,84,
225,21,1000000,0,user_31,83,84,
157,22,1000000,75000,user_32,82,84,
21,23,970000,0,user_14,80,84,
224,24,970000,24700,user_30,83,84,
105,25,670000,71800,user_46,81,84,
210,26,660000,0,user_21,83,84,
226,27,470000,5180,user_33,83,84,
60,28,460001,0,user_3,81,84,19
62,29,460001,0,user_5,81,84,19
129,30,460001,0,user_4,82,84,19
132,31,460001,0,user_7,82,84,19
216,32,460000,0,user_24,83,84,
61,33,459999,0,user_4,81,84,19
63,34,459999,0,user_5,81,84,19
79,35,459999,0,user_19,81,84,19
131,36,459999,0,user_6,82,84,19
191,37,459999,0,user_2,83,84,19
54,38,260000,0,user_48,80,84,
38,39,220000,0,user_34,80,84,
107,40,190000,0,user_46,81,84,
12,41,170000,0,user_8,80,84,
52,42,170000,0,user_46,80,84,
88,43,170000,11200,user_26,81,84,
262,44,150001,0,user_1,84,84,231
231,45,150000,7190000,user_37,83,84,
261,46,149999,0,user_0,84,84,231
96,47,120000,0,user_40,81,84,
25,48,110000,0,user_19,80,84,
227,49,100000,0,user_33,83,84,
72,50,84001,0,user_16,81,84,7
16,51,83999,0,user_10,80,84,7
70,52,83999,0,user_14,81,84,7
80,53,83999,0,user_19,81,84,7
83,54,83000,21800,user_22,81,84,
212,55,82000,0,user_21,83,84,
49,56,79000,0,user_44,80,84,
217,57,77000,0,user_25,83,84,
81,0,43000000,256000,user_20,81,85,
192,1,27000001,0,user_3,83,85,162
200,2,27000001,0,user_13,83,85,162
199,3,26999999,0,user_13,83,85,162
48,4,5200000,0,user_43,80,85,
43,5,5000000,0,user_38,80,85,
277,13,4500000,0,user_21,84,88,
144,7,2300001,0,user_18,82,85,30
77,8,2299999,0,user_18,81,85,30
197,9,2299999,0,user_11,83,85,30
98,10,1800000,0,user_41,81,85,
137,11,1100001,0,user_10,82,85,29
325,65,1100001,0,user_1,85,88,29
29,13,1100000,17700000,user_23,80,85,
194,14,1099999,0,user_7,83,85,29
287,80,660000,0,user_33,84,88,
324,86,460001,0,user_1,85,88,19
263,17,459999,0,user_2,84,85,19
97,18,350000,0,user_41,81,85,
45,19,340000,0,user_41,80,85,
33,20,220000,0,user_28,80,85,
84,21,190000,12800,user_23,81,85,
284,22,170000,0,user_31,84,85,
193,23,160001,0,user_6,83,85,165
47,24,160000,0,user_43,80,85,
55,25,150000,43600,user_49,80,85,
28,26,130000,0,user_23,80,85,
90,27,120000,0,user_28,81,85,
168,28,98000,0,user_40,82,85,
74,29,84001,0,user_17,81,85,7
76,30,84001,0,user_17,81,85,7
100,31,84000,0,user_43,81,85,
24,32,83999,0,user_17,80,85,7
73,33,83999,0,user_17,81,85,7
75,34,83999,0,user_17,81,85,7
177,0,43000000,0,user_43,82,86,
331,2,26999999,0,user_9,85,88,162
205,3,19000001,0,user_16,83,88,27
176,3,6100000,0,user_43,82,86,
222,7,5200000,0,user_26,83,88,
182,12,4500000,0,user_48,82,88,
218,16,4200000,146000,user_26,83,88,
361,17,4200000,0,user_47,85,88,
142,19,3500001,0,user_16,82,88,20
203,20,3500001,0,user_16,83,88,20
145,22,3499999,0,user_19,82,88,20
344,23,3200000,0,user_30,85,88,
169,12,2600000,0,user_41,82,86,
143,30,2299999,0,user_16,82,88,30
208,31,2299999,0,user_19,83,88,30
184,38,2000000,0,user_48,82,88,
363,40,2000000,0,user_47,85,88,
299,41,1900000,0,user_47,84,88,
345,42,1700000,0,user_31,85,88,
264,51,1300001,0,user_5,84,88,221
326,52,1300001,0,user_2,85,88,221
369,54,1300001,0,user_1,86,88,221
221,57,1300000,369000,user_26,83,88,
154,23,1000000,0,user_28,82,86,
180,74,870000,0,user_48,82,88,
265,25,460001,0,user_7,84,86,19
196,26,459999,0,user_10,83,86,19
269,88,459999,0,user_13,84,88,19
349,94,310000,0,user_35,85,88,
150,29,300000,0,user_23,82,86,
183,97,260000,0,user_48,82,88,
146,31,260000,0,user_20,82,86,
170,32,240000,0,user_41,82,86,
160,33,160000,0,user_34,82,86,
178,34,160000,0,user_44,82,86,
285,35,160000,0,user_32,84,86,
270,36,159999,0,user_15,84,86,165
368,37,150001,0,user_0,86,86,231
337,38,149999,0,user_15,85,86,231
152,39,120000,0,user_26,82,86,
286,40,120000,0,user_32,84,86,
159,41,110000,0,user_34,82,86,
219,42,110000,6390,user_26,83,86,
155,43,100000,0,user_28,82,86,
220,44,87000,0,user_26,83,86,
181,45,85000,0,user_48,82,86,
340,46,85000,0,user_25,85,86,
206,47,84001,0,user_16,83,86,7
204,48,83999,0,user_16,83,86,7
362,49,79000,108000,user_47,85,86,
215,0,30000000,0,user_22,83,89,
207,2,26999999,0,user_18,83,89,162
331,2,26999999,0,user_9,85,88,162
205,3,19000001,0,user_16,83,88,27
298,3,19000000,0,user_46,84,89,
351,0,19000000,0,user_38,85,92,
195,4,18999999,0,user_8,83,89,27
222,7,5200000,0,user_26,83,88,
283,5,5200000,0,user_29,84,89,
297,7,5000000,0,user_46,84,89,
355,9,5000000,56200,user_40,85,89,
233,2,4500000,155000,user_38,83,92,
182,12,4500000,0,user_48,82,88,
277,13,4500000,0,user_21,84,88,
359,11,4500000,0,user_44,85,89,
234,3,4200000,0,user_38,83,92,
218,16,4200000,146000,user_26,83,88,
361,17,4200000,0,user_47,85,88,
399,4,4200000,0,user_38,86,92,
142,19,3500001,0,user_16,82,88,20
203,20,3500001,0,user_16,83,88,20
460,5,3500000,0,user_43,87,92,
145,22,3499999,0,user_19,82,88,20
344,23,3200000,0,user_30,85,88,
356,12,3200000,128000,user_40,85,89,
134,15,2300001,0,user_8,82,89,30
140,16,2300001,0,user_14,82,89,30
370,17,2300001,0,user_2,86,89,30
441,7,2300000,322000,user_23,87,92,
281,18,2300000,0,user_26,84,89,
143,30,2299999,0,user_16,82,88,30
208,31,2299999,0,user_19,83,88,30
138,19,2299999,0,user_12,82,89,30
201,20,2299999,0,user_14,83,89,30
381,22,2299999,0,user_16,86,89,30
423,23,2299999,0,user_6,87,89,30
94,11,2000000,0,user_38,81,92,
109,12,2000000,0,user_49,81,92,
184,38,2000000,0,user_48,82,88,
291,25,2000000,0,user_40,84,89,
363,40,2000000,0,user_47,85,88,
299,41,1900000,0,user_47,84,88,
345,42,1700000,0,user_31,85,88,
357,14,1500000,0,user_41,85,92,
278,27,1500000,0,user_22,84,89,
385,15,1500000,0,user_20,86,92,
393,16,1500000,0,user_28,86,92,
342,17,1400000,15700,user_28,85,92,
244,29,1400000,0,user_46,83,89,
228,30,1400000,0,user_34,83,89,
391,31,1400000,0,user_26,86,89,
264,51,1300001,0,user_5,84,88,221
326,52,1300001,0,user_2,85,88,221
335,32,1300001,0,user_13,85,89,221
369,54,1300001,0,user_1,86,88,221
376,35,1300001,0,user_11,86,89,221
426,36,1300001,0,user_11,87,89,221
221,57,1300000,369000,user_26,83,88,
288,37,1300000,0,user_34,84,89,
332,39,1299999,0,user_11,85,89,221
374,40,1299999,0,user_7,86,89,221
338,41,1299999,0,user_18,85,89,221
380,42,1299999,0,user_16,86,89,221
384,43,1299999,0,user_19,86,89,221
420,44,1299999,0,user_5,87,89,221
325,65,1100001,0,user_1,85,88,29
442,35,1100000,0,user_23,87,92,
354,46,1100000,594000,user_40,85,89,
348,47,1100000,0,user_34,85,89,
373,49,1099999,0,user_7,86,89,29
474,29,1099999,0,user_7,88,90,29
185,42,1000000,0,user_49,82,92,
273,43,1000000,0,user_20,84,92,
238,50,1000000,73100,user_40,83,89,
180,74,870000,0,user_48,82,88,
266,52,670001,0,user_8,84,89,105
276,44,670000,0,user_20,84,92,
400,45,670000,0,user_43,86,92,
300,46,670000,0,user_49,84,92,
272,47,660000,0,user_20,84,92,
287,80,660000,0,user_33,84,88,
149,53,660000,0,user_22,82,89,
443,48,660000,0,user_23,87,92,
352,54,650000,0,user_40,85,89,
156,55,530000,3130,user_29,82,89,
271,52,460001,0,user_17,84,92,19
324,86,460001,0,user_1,85,88,19
274,53,460000,0,user_20,84,92,
269,88,459999,0,user_13,84,88,19
268,57,459999,0,user_12,84,89,19
433,55,459999,0,user_17,87,92,19
294,56,420000,0,user_43,84,92,
392,57,420000,0,user_28,86,92,
364,59,320000,0,user_48,85,89,
349,94,310000,0,user_35,85,88,
245,60,310000,0,user_48,83,89,
295,65,300000,0,user_43,84,92,
183,97,260000,0,user_48,82,88,
148,62,260000,0,user_22,82,89,
282,66,240000,75000,user_28,84,92,
215,0,30000000,0,user_22,83,89,
395,1,30000000,128000,user_31,86,89,
207,2,26999999,0,user_18,83,89,162
298,3,19000000,0,user_46,84,89,
195,4,18999999,0,user_8,83,89,27
283,5,5200000,0,user_29,84,89,
449,6,5200000,0,user_31,87,89,
297,7,5000000,0,user_46,84,89,
446,8,5000000,0,user_25,87,89,
355,9,5000000,56200,user_40,85,89,
496,10,5000000,49100,user_30,88,89,
359,11,4500000,0,user_44,85,89,
356,12,3200000,128000,user_40,85,89,
241,13,2400000,0,user_43,83,89,
347,14,2400000,285000,user_32,85,89,
134,15,2300001,0,user_8,82,89,30
140,16,2300001,0,user_14,82,89,30
370,17,2300001,0,user_2,86,89,30
281,18,2300000,0,user_26,84,89,
138,19,2299999,0,user_12,82,89,30
201,20,2299999,0,user_14,83,89,30
375,21,2299999,0,user_9,86,89,30
381,22,2299999,0,user_16,86,89,30
423,23,2299999,0,user_6,87,89,30
451,24,2100000,108000,user_33,87,89,
291,25,2000000,0,user_40,84,89,
396,26,1800000,17000,user_33,86,89,
278,27,1500000,0,user_22,84,89,
498,28,1500000,0,user_30,88,89,
244,29,1400000,0,user_46,83,89,
228,30,1400000,0,user_34,83,89,
391,31,1400000,0,user_26,86,89,
335,32,1300001,0,user_13,85,89,221
418,33,1300001,0,user_0,87,89,221
419,34,1300001,0,user_0,87,89,221
376,35,1300001,0,user_11,86,89,221
426,36,1300001,0,user_11,87,89,221
288,37,1300000,0,user_34,84,89,
485,38,1300000,0,user_21,88,89,
332,39,1299999,0,user_11,85,89,221
374,40,1299999,0,user_7,86,89,221
338,41,1299999,0,user_18,85,89,221
380,42,1299999,0,user_16,86,89,221
384,43,1299999,0,user_19,86,89,221
420,44,1299999,0,user_5,87,89,221
448,45,1100000,0,user_30,87,89,
354,46,1100000,594000,user_40,85,89,
348,47,1100000,0,user_34,85,89,
267,48,1099999,0,user_10,84,89,29
373,49,1099999,0,user_7,86,89,29
238,50,1000000,73100,user_40,83,89,
497,51,970000,0,user_30,88,89,
266,52,670001,0,user_8,84,89,105
149,53,660000,0,user_22,82,89,
352,54,650000,0,user_40,85,89,
156,55,530000,3130,user_29,82,89,
398,56,470000,0,user_35,86,89,
268,57,459999,0,user_12,84,89,19
386,58,320000,7190000,user_21,86,89,
364,59,320000,0,user_48,85,89,
245,60,310000,0,user_48,83,89,
499,61,310000,0,user_31,88,89,
148,62,260000,0,user_22,82,89,
280,63,240000,32900,user_26,84,89,
438,64,220000,0,user_21,87,89,
495,65,220000,0,user_30,88,89,
209,66,170000,0,user_20,83,89,
500,67,170000,0,user_33,88,89,
333,68,160001,0,user_11,85,89,165
383,69,160001,0,user_19,86,89,165
421,70,160001,0,user_5,87,89,165
422,71,160001,0,user_6,87,89,165
526,72,160001,0,user_1,89,89,165
296,73,160000,0,user_44,84,89,
327,74,159999,0,user_4,85,89,165
382,75,159999,0,user_18,86,89,165
428,76,159999,0,user_13,87,89,165
469,77,159999,0,user_2,88,89,165
328,78,150001,0,user_6,85,89,231
329,79,150001,0,user_7,85,89,231
379,80,150001,0,user_15,86,89,231
372,81,150001,0,user_6,86,89,231
371,82,149999,0,user_3,86,89,231
394,83,120000,0,user_30,86,89,
353,84,100000,0,user_40,85,89,
248,85,98000,0,user_48,83,89,
389,86,87000,0,user_24,86,89,
388,87,84000,0,user_24,86,89,
246,88,84000,0,user_48,83,89,
198,89,82999,0,user_12,83,89,83
346,90,77000,0,user_32,85,89,
247,91,73000,0,user_48,83,89,
390,92,70000,0,user_25,86,89,
489,0,19000000,0,user_24,88,90,
387,1,5000000,71800,user_22,86,90,
447,2,5000000,0,user_26,87,90,
455,3,5000000,0,user_37,87,90,
557,4,4500000,0,user_33,89,90,
343,5,2400000,0,user_29,85,90,
471,6,2300001,0,user_4,88,90,30
479,7,2300001,0,user_13,88,90,30
470,8,2299999,0,user_3,88,90,30
475,9,2299999,0,user_9,88,90,30
542,10,2299999,0,user_15,89,90,30
450,11,1600000,0,user_32,87,90,
578,12,1500000,0,user_47,89,90,
377,13,1300001,0,user_14,86,90,221
424,14,1300001,0,user_8,87,90,221
436,15,1300001,0,user_19,87,90,221
535,16,1300001,0,user_9,89,90,221
540,17,1300001,0,user_15,89,90,221
541,18,1300001,0,user_15,89,90,221
360,19,1300000,0,user_46,85,90,
330,20,1299999,0,user_8,85,90,221
334,21,1299999,0,user_12,85,90,221
336,22,1299999,0,user_14,85,90,221
425,23,1299999,0,user_9,87,90,221
476,24,1299999,0,user_9,88,90,221
533,25,1299999,0,user_9,89,90,221
534,26,1299999,0,user_9,89,90,221
536,27,1299999,0,user_9,89,90,221
431,28,1100001,0,user_16,87,90,29
474,29,1099999,0,user_7,88,90,29
527,30,1099999,0,user_2,89,90,354
603,31,1099999,0,user_1,90,90,354
445,32,910000,0,user_24,87,90,
549,33,600000,139000,user_24,89,90,
488,34,530000,0,user_24,88,90,
403,35,420000,0,user_46,86,90,
397,36,420000,0,user_34,86,90,
453,37,420000,0,user_35,87,90,
576,38,420000,0,user_47,89,90,
577,39,420000,0,user_47,89,90,
602,40,320001,0,user_0,90,90,386
464,41,310000,0,user_47,87,90,
556,42,300000,0,user_33,89,90,
463,43,240000,0,user_47,87,90,
511,44,240000,0,user_47,88,90,
554,45,190000,0,user_30,89,90,
429,46,160001,0,user_14,87,90,165
473,47,160001,0,user_7,88,90,165
555,48,160000,0,user_31,89,90,
378,49,159999,0,user_14,86,90,165
543,50,159999,0,user_15,89,90,165
427,51,150001,0,user_12,87,90,231
472,52,150001,0,user_5,88,90,231
430,53,150001,0,user_15,87,90,231
575,54,150000,0,user_47,89,90,
339,55,120000,0,user_22,85,90,
439,56,120000,0,user_22,87,90,
547,57,110000,0,user_21,89,90,
553,58,83000,0,user_30,89,90,
550,59,80000,0,user_25,89,90,
478,0,2300001,0,user_12,88,91,30
480,1,2300001,0,user_16,88,91,30
481,2,2299999,0,user_16,88,91,30
493,3,1900000,0,user_29,88,91,
604,4,1100001,0,user_2,90,91,354
662,5,1100001,0,user_1,91,91,354
528,6,1099999,0,user_3,89,91,29
531,7,1099999,0,user_5,89,91,354
539,8,1099999,0,user_13,89,91,354
663,9,1099999,0,user_1,91,91,29
494,10,470000,0,user_29,88,91,
486,11,420000,0,user_22,88,91,
529,12,320001,0,user_4,89,91,386
530,13,320001,0,user_5,89,91,386
638,14,320000,0,user_31,90,91,
490,15,160000,0,user_26,88,91,
510,16,77000,0,user_46,88,91,
633,17,70000,0,user_25,90,91,
351,0,19000000,0,user_38,85,92,
506,1,6100000,24700,user_41,88,92,
233,2,4500000,155000,user_38,83,92,
234,3,4200000,0,user_38,83,92,
399,4,4200000,0,user_38,86,92,
460,5,3500000,0,user_43,87,92,
632,6,3500000,296000,user_24,90,92,
441,7,2300000,322000,user_23,87,92,
482,8,2299999,0,user_17,88,92,30
537,9,2299999,0,user_10,89,92,30
487,10,2100000,0,user_23,88,92,
94,11,2000000,0,user_38,81,92,
109,12,2000000,0,user_49,81,92,
456,13,1600000,0,user_38,87,92,
357,14,1500000,0,user_41,85,92,
385,15,1500000,0,user_20,86,92,
393,16,1500000,0,user_28,86,92,
342,17,1400000,15700,user_28,85,92,
647,18,1400000,0,user_35,90,92,
434,19,1300001,0,user_18,87,92,221
484,20,1300001,0,user_18,88,92,221
435,21,1299999,0,user_18,87,92,221
483,22,1299999,0,user_18,88,92,221
605,23,1100001,0,user_3,90,92,29
606,24,1100001,0,user_4,90,92,354
607,25,1100001,0,user_6,90,92,354
609,26,1100001,0,user_7,90,92,354
610,27,1100001,0,user_7,90,92,354
612,28,1100001,0,user_7,90,92,354
615,29,1100001,0,user_11,90,92,354
664,30,1100001,0,user_2,91,92,354
666,31,1100001,0,user_2,91,92,354
667,32,1100001,0,user_2,91,92,354
740,33,1100001,0,user_0,92,92,354
741,34,1100001,0,user_1,92,92,354
442,35,1100000,0,user_23,87,92,
608,36,1099999,0,user_7,90,92,354
611,37,1099999,0,user_7,90,92,354
616,38,1099999,0,user_11,90,92,354
665,39,1099999,0,user_2,91,92,354
739,40,1099999,0,user_0,92,92,354
505,41,1000000,256000,user_40,88,92,
185,42,1000000,0,user_49,82,92,
273,43,1000000,0,user_20,84,92,
276,44,670000,0,user_20,84,92,
400,45,670000,0,user_43,86,92,
300,46,670000,0,user_49,84,92,
272,47,660000,0,user_20,84,92,
443,48,660000,0,user_23,87,92,
701,49,660000,0,user_33,91,92,
691,50,600000,0,user_24,91,92,
704,51,530000,0,user_37,91,92,
271,52,460001,0,user_17,84,92,19
274,53,460000,0,user_20,84,92,
692,54,460000,0,user_24,91,92,
433,55,459999,0,user_17,87,92,19
294,56,420000,0,user_43,84,92,
392,57,420000,0,user_28,86,92,
700,58,420000,0,user_33,91,92,
649,59,420000,0,user_35,90,92,
538,60,320001,0,user_12,89,92,386
532,61,319999,0,user_8,89,92,386
622,62,319999,0,user_15,90,92,386
672,63,319999,0,user_9,91,92,386
574,64,310000,231000,user_46,89,92,
295,65,300000,0,user_43,84,92,
282,66,240000,75000,user_28,84,92,
275,67,220000,0,user_20,84,92,
492,68,220000,0,user_28,88,92,
652,69,220000,0,user_37,90,92,
235,70,190000,0,user_38,83,92,
279,71,190000,0,user_23,84,92,
236,72,170000,0,user_38,83,92,
437,73,170000,0,user_20,87,92,
457,74,170000,0,user_41,87,92,
646,75,170000,283000,user_35,90,92,
477,76,150001,0,user_10,88,92,231
651,77,150000,0,user_37,90,92,
659,78,150000,0,user_47,90,92,
432,79,149999,0,user_17,87,92,231
698,80,120000,0,user_31,91,92,
444,81,110000,0,user_23,87,92,
166,82,85000,0,user_38,82,92,
648,83,85000,0,user_35,90,92,
645,84,82000,0,user_35,90,92,
440,85,79000,0,user_23,87,92,
358,86,73000,0,user_43,85,92,
507,87,70000,0,user_43,88,92,
771,0,4500000,0,user_33,92,93,
452,1,3600000,0,user_34,87,93,
774,2,2600000,0,user_35,92,93,
653,3,2000000,510000,user_40,90,93,
767,4,1500000,0,user_30,92,93,
544,5,1100001,0,user_16,89,93,354
626,6,1100001,0,user_16,90,93,354
670,7,1100001,0,user_6,91,93,354
742,8,1100001,0,user_2,92,93,354
800,9,1100001,0,user_0,93,93,354
801,10,1100001,0,user_1,93,93,354
773,11,1100000,60700,user_35,92,93,
668,12,1099999,0,user_3,91,93,354
546,13,1099999,0,user_19,89,93,354
623,14,1099999,0,user_16,90,93,354
628,15,1099999,0,user_18,90,93,29
676,16,1099999,0,user_13,91,93,354
749,17,1099999,0,user_9,92,93,354
802,18,1099999,0,user_1,93,93,354
803,19,1099999,0,user_1,93,93,354
551,20,910000,0,user_26,89,93,
768,21,530000,0,user_30,92,93,
760,22,360000,0,user_21,92,93,
625,23,320001,0,user_16,90,93,386
512,24,320000,0,user_48,88,93,
624,25,319999,0,user_16,90,93,386
627,26,150001,0,user_16,90,93,231
674,27,150001,0,user_11,91,93,231
769,28,150000,46500,user_31,92,93,
669,29,149999,0,user_5,91,93,231
461,30,110000,0,user_44,87,93,
508,31,110000,164000,user_44,88,93,
634,32,100000,0,user_26,90,93,
699,0,27000000,0,user_32,91,94,
830,1,4200000,0,user_24,93,94,
770,2,1900000,0,user_32,92,94,
838,3,1500000,0,user_33,93,94,
639,4,1500000,0,user_32,90,94,
825,5,1099999,0,user_15,93,94,354
862,6,1099999,0,user_0,94,94,354
864,7,1099999,0,user_1,94,94,354
832,8,910000,0,user_25,93,94,
831,9,650000,0,user_24,93,94,
863,10,150001,0,user_1,94,94,231
837,11,120000,0,user_33,93,94,
842,12,120000,0,user_37,93,94,
836,13,110000,0,user_30,93,94,
840,14,87000,0,user_35,93,94,
707,0,43000000,0,user_40,91,95,
904,1,27000000,0,user_37,94,95,
629,2,19000000,0,user_20,90,95,
548,3,5200000,108000,user_23,89,95,
503,4,5000000,0,user_38,88,95,
579,5,5000000,0,user_48,89,95,
914,6,5000000,0,user_47,94,95,
545,7,2300001,0,user_17,89,95,30
568,8,1900000,0,user_41,89,95,
714,9,1700000,0,user_46,91,95,
682,10,1700000,0,user_20,91,95,
686,11,1600000,510000,user_22,91,95,
696,12,1600000,0,user_28,91,95,
897,13,1600000,0,user_30,94,95,
708,14,1500000,0,user_40,91,95,
514,15,1500000,0,user_49,88,95,
656,16,1500000,0,user_43,90,95,
657,17,1500000,0,user_43,90,95,
571,18,1500000,0,user_44,89,95,
702,19,1500000,0,user_34,91,95,
713,20,1400000,0,user_44,91,95,
617,21,1100001,0,user_12,90,95,354
619,22,1100001,0,user_12,90,95,354
620,23,1100001,0,user_12,90,95,354
675,24,1100001,0,user_12,91,95,354
745,25,1100001,0,user_6,92,95,354
614,26,1100001,0,user_10,90,95,354
679,27,1100001,0,user_16,91,95,354
758,28,1100001,0,user_19,92,95,354
805,29,1100001,0,user_5,93,95,354
752,30,1100001,0,user_10,92,95,354
811,31,1100001,0,user_7,93,95,354
812,32,1100001,0,user_7,93,95,354
873,33,1100001,0,user_9,94,95,354
943,34,1100001,0,user_1,95,95,354
613,35,1099999,0,user_8,90,95,354
673,36,1099999,0,user_10,91,95,354
680,37,1099999,0,user_18,91,95,354
754,38,1099999,0,user_11,92,95,354
678,39,1099999,0,user_16,91,95,354
681,40,1099999,0,user_19,91,95,354
809,41,1099999,0,user_5,93,95,354
751,42,1099999,0,user_10,92,95,354
753,43,1099999,0,user_10,92,95,354
884,44,1099999,0,user_15,94,95,29
941,45,1099999,0,user_0,95,95,354
942,46,1099999,0,user_0,95,95,354
642,47,1000000,0,user_34,90,95,
643,48,1000000,39400,user_34,90,95,
689,49,1000000,0,user_23,91,95,
637,50,970000,0,user_29,90,95,
694,51,970000,510000,user_26,91,95,
683,52,970000,39400,user_20,91,95,
687,53,910000,0,user_22,91,95,
630,54,870000,0,user_22,90,95,
688,55,870000,0,user_22,91,95,
684,56,630000,15700,user_22,91,95,
898,57,460000,12800,user_31,94,95,
711,58,370000,0,user_43,91,95,
640,59,360000,0,user_34,90,95,
893,60,360000,0,user_25,94,95,
569,61,350000,0,user_43,89,95,
778,62,350000,0,user_40,92,95,
915,63,350000,0,user_47,94,95,
693,64,340000,0,user_26,91,95,
757,65,320001,0,user_16,92,95,386
807,66,320001,0,user_5,93,95,386
709,67,320000,0,user_41,91,95,
900,68,320000,14200,user_33,94,95,
744,69,319999,0,user_6,92,95,386
810,70,319999,0,user_6,93,95,386
890,71,310000,0,user_21,94,95,
715,72,260000,0,user_48,91,95,
690,73,260000,0,user_23,91,95,
513,74,240000,128000,user_49,88,95,
658,75,220000,49100,user_46,90,95,
697,76,220000,0,user_28,91,95,
903,77,170000,0,user_37,94,95,
804,78,160001,0,user_3,93,95,165
746,79,159999,0,user_7,92,95,165
808,80,159999,0,user_5,93,95,165
621,81,150001,0,user_12,90,95,231
671,82,150001,0,user_8,91,95,231
743,83,150001,0,user_4,92,95,231
806,84,150001,0,user_5,93,95,231
631,85,150000,0,user_23,90,95,
570,86,150000,0,user_44,89,95,
710,87,150000,0,user_43,91,95,
618,88,149999,0,user_12,90,95,231
677,89,149999,0,user_14,91,95,231
750,90,149999,0,user_10,92,95,231
865,91,149999,0,user_2,94,95,231
902,92,120000,15100,user_35,94,95,
685,93,87000,0,user_22,91,95,
712,94,87000,0,user_44,91,95,
779,95,83000,108000,user_40,92,95,
552,96,80000,0,user_28,89,95,
654,97,80000,13900,user_41,90,95,
892,98,77000,0,user_24,94,95,
558,99,73000,0,user_34,89,95,
899,0,2400000,0,user_32,94,96,
969,1,2000000,0,user_31,95,96,
964,2,1900000,0,user_30,95,96,
846,3,1600000,0,user_40,93,96,
965,4,1400000,1100000,user_31,95,96,
866,5,1100001,0,user_5,94,96,354
870,6,1100001,0,user_6,94,96,354
881,7,1100001,0,user_13,94,96,354
945,8,1100001,0,user_2,95,96,354
826,9,1099999,0,user_16,93,96,354
868,10,1099999,0,user_5,94,96,354
869,11,1099999,0,user_6,94,96,354
877,12,1099999,0,user_11,94,96,354
879,13,1099999,0,user_13,94,96,354
880,14,1099999,0,user_13,94,96,354
951,15,1099999,0,user_9,95,96,354
954,16,1099999,0,user_15,95,96,354
968,17,460000,0,user_31,95,96,
950,18,320001,0,user_9,95,96,386
867,19,319999,0,user_5,94,96,386
944,20,319999,0,user_2,95,96,386
982,21,240000,5640,user_47,95,96,
959,22,170000,0,user_25,95,96,
827,23,159999,0,user_18,93,96,165
1004,24,159999,0,user_0,96,96,165
871,25,150001,0,user_6,94,96,231
1005,26,150001,0,user_1,96,96,231
966,27,150000,0,user_31,95,96,
833,28,120000,24700,user_26,93,96,
967,29,120000,0,user_31,95,96,
972,30,110000,0,user_37,95,96,
762,0,43000000,0,user_23,92,97,
782,1,43000000,0,user_43,92,97,
849,2,30000000,0,user_44,93,97,
839,3,27000000,0,user_34,93,97,
764,4,4500000,0,user_28,92,97,
792,5,4200000,0,user_48,92,97,
829,6,3600000,0,user_23,93,97,
793,7,2000000,0,user_48,92,97,
1030,8,1500000,0,user_25,96,97,
946,9,1100001,0,user_3,95,97,29
817,10,1100001,0,user_10,93,97,354
875,11,1100001,0,user_10,94,97,354
876,12,1100001,0,user_10,94,97,354
949,13,1100001,0,user_7,95,97,29
1007,14,1100001,0,user_2,96,97,29
1023,15,1100001,0,user_15,96,97,354
1017,16,1099999,0,user_9,96,97,354
795,17,1000000,0,user_48,92,97,
1038,18,1000000,0,user_33,96,97,
781,19,970000,0,user_43,92,97,
784,20,910000,0,user_44,92,97,
794,21,650000,0,user_48,92,97,
791,22,630000,15100,user_48,92,97,
970,23,600000,0,user_32,95,97,
1036,24,420000,0,user_31,96,97,
948,25,320001,0,user_7,95,97,386
1010,26,320001,0,user_2,96,97,386
1064,27,319999,0,user_1,97,97,386
818,28,160001,0,user_10,93,97,165
1008,29,160001,0,user_2,96,97,165
1063,30,160001,0,user_0,97,97,165
783,31,160000,0,user_44,92,97,
851,32,160000,33300,user_48,93,97,
1035,33,160000,0,user_31,96,97,
874,34,159999,0,user_10,94,97,165
1006,35,159999,0,user_2,96,97,165
1009,36,159999,0,user_2,96,97,165
888,37,149999,0,user_19,94,97,231
947,38,149999,0,user_5,95,97,231
759,39,120000,0,user_20,92,97,
828,40,120000,0,user_23,93,97,
848,41,85000,0,user_43,93,97,
772,42,83000,0,user_34,92,97,
835,43,77000,0,user_28,93,97,
1031,44,77000,0,user_25,96,97,
1089,0,30000000,0,user_21,97,98,
761,1,2500000,15700,user_22,92,98,
975,2,1800000,13900,user_40,95,98,
787,3,1500000,0,user_46,92,98,
891,4,1500000,0,user_22,94,98,
912,5,1500000,6390,user_46,94,98,
747,6,1100001,0,user_8,92,98,354
820,7,1100001,0,user_14,93,98,354
821,8,1100001,0,user_14,93,98,354
824,9,1100001,0,user_14,93,98,354
878,10,1100001,0,user_12,94,98,29
953,11,1100001,0,user_14,95,98,354
955,12,1100001,0,user_16,95,98,354
1013,13,1100001,0,user_5,96,98,29
887,14,1100001,0,user_18,94,98,354
1065,15,1100001,0,user_2,97,98,29
748,16,1099999,0,user_8,92,98,354
755,17,1099999,0,user_12,92,98,354
756,18,1099999,0,user_12,92,98,354
814,19,1099999,0,user_8,93,98,354
815,20,1099999,0,user_8,93,98,29
819,21,1099999,0,user_12,93,98,354
823,22,1099999,0,user_14,93,98,354
766,23,870000,0,user_29,92,98,
1096,24,650000,0,user_31,97,98,
1095,25,460000,0,user_30,97,98,
786,26,360000,0,user_46,92,98,
765,27,350000,0,user_29,92,98,
822,28,320001,0,user_14,93,98,386
960,29,320000,49100,user_26,95,98,
813,30,319999,0,user_8,93,98,386
1012,31,319999,0,user_4,96,98,386
913,32,310000,0,user_46,94,98,
1101,33,300000,0,user_33,97,98,
790,34,260000,0,user_46,92,98,
963,35,190000,0,user_29,95,98,
789,36,170000,0,user_46,92,98,
1011,37,160001,0,user_3,96,98,165
1014,38,160001,0,user_5,96,98,165
1021,39,160001,0,user_13,96,98,165
1135,40,160001,0,user_1,98,98,165
1136,41,160001,0,user_1,98,98,165
816,42,159999,0,user_8,93,98,165
872,43,159999,0,user_8,94,98,165
1015,44,159999,0,user_6,96,98,165
1019,45,159999,0,user_11,96,98,165
1066,46,159999,0,user_2,97,98,165
882,47,150001,0,user_14,94,98,231
1090,48,150000,0,user_21,97,98,
883,49,149999,0,user_14,94,98,231
952,50,149999,0,user_12,95,98,231
1092,51,120000,0,user_25,97,98,
788,52,85000,0,user_46,92,98,
1102,53,82000,31700,user_33,97,98,
1037,0,43000000,0,user_32,96,99,
895,1,30000000,0,user_28,94,99,
1106,2,30000000,16400,user_35,97,99,
563,3,19000000,0,user_38,89,99,
1098,4,6300000,3130,user_32,97,99,
1097,5,5200000,0,user_32,97,99,
911,6,4500000,0,user_44,94,99,
705,7,4500000,0,user_38,91,99,
1164,8,4500000,0,user_21,98,99,
910,9,3200000,0,user_43,94,99,
844,10,2400000,0,user_38,93,99,
962,11,2300000,0,user_28,95,99,
971,12,2100000,0,user_34,95,99,
957,13,2000000,0,user_20,95,99,
979,14,2000000,0,user_43,95,99,
565,15,1900000,0,user_38,89,99,
580,16,1600000,161000,user_49,89,99,
896,17,1600000,0,user_28,94,99,
1069,18,1500001,0,user_5,97,99,901
901,19,1500000,17700000,user_34,94,99,
905,20,1500000,0,user_38,94,99,
1222,21,1499999,0,user_1,99,99,901
1137,22,1400001,0,user_2,98,99,965
564,23,1400000,35600,user_38,89,99,
958,24,1400000,56200,user_23,95,99,
1168,25,1400000,0,user_25,98,99,
1026,26,1399999,0,user_19,96,99,965
1068,27,1399999,0,user_5,97,99,965
885,28,1100001,0,user_17,94,99,354
956,29,1100001,0,user_17,95,99,29
843,30,1100000,296000,user_38,93,99,
1018,31,1099999,0,user_10,96,99,354
916,32,1000000,369000,user_48,94,99,
907,33,870000,0,user_41,94,99,
1104,34,870000,0,user_35,97,99,
1105,35,870000,0,user_35,97,99,
566,36,600000,0,user_38,89,99,
1100,37,420000,0,user_32,97,99,
1108,38,350000,0,user_37,97,99,
1070,39,319999,0,user_6,97,99,386
976,40,310000,0,user_41,95,99,
716,41,260000,322000,user_49,91,99,
717,42,170000,18600,user_49,91,99,
1099,43,170000,0,user_32,97,99,
1071,44,160001,0,user_7,97,99,165
1155,45,160001,0,user_15,98,99,165
1067,46,159999,0,user_3,97,99,165
1024,47,159999,0,user_16,96,99,165
886,48,159999,0,user_17,94,99,165
1144,49,159999,0,user_9,98,99,165
1221,50,150001,0,user_0,99,99,1191
1191,51,150000,4320000,user_47,98,99,
1077,52,149999,0,user_11,97,99,231
1078,53,149999,0,user_11,97,99,231
1081,54,149999,0,user_15,97,99,231
889,55,130000,0,user_20,94,99,
983,56,110000,0,user_48,95,99,
1032,57,110000,0,user_26,96,99,
917,58,85000,0,user_49,94,99,
567,59,84000,0,user_38,89,99,
1176,60,82000,0,user_30,98,99,
776,61,80000,0,user_38,92,99,
1103,62,79000,0,user_35,97,99,
1180,63,79000,0,user_35,98,99,
0,7,3200000,0,user_0,100,102,
1,14,2100000,0,user_1,100,102,
27,1,19000000,71800,user_21,100,102,
34,5,3600000,0,user_31,100,102,
30,11,2300000,410000,user_25,100,102,
58,12,2299999,0,user_1,101,102,30
37,16,1300000,0,user_33,100,102,
26,19,1000000,0,user_21,100,102,
39,20,1000000,0,user_35,100,102,
42,23,420000,0,user_37,100,102,
56,24,370000,0,user_0,101,102,
57,27,310000,0,user_0,101,102,
53,29,300000,0,user_47,100,102,
22,32,170000,0,user_15,100,102,
15,35,150000,0,user_9,100,102,
31,47,73000,0,user_25,100,102,
14,48,73000,0,user_9,100,102,
81,0,43000000,256000,user_20,101,105,
27,1,19000000,71800,user_21,100,102,
48,4,5200000,0,user_43,100,105,
4,4,5000000,0,user_4,100,103,
43,5,5000000,0,user_38,100,105,
34,5,3600000,0,user_31,100,102,
20,6,3500000,17000,user_13,100,103,
0,7,3200000,0,user_0,100,102,
17,8,2600000,0,user_11,100,103,
59,10,2300001,0,user_2,101,103,30
64,11,2300001,0,user_7,101,104,30
30,11,2300000,410000,user_25,100,102,
58,12,2299999,0,user_1,101,102,30
133,15,2299999,0,user_7,102,104,30
1,14,2100000,0,user_1,100,102,
98,10,1800000,0,user_41,101,105,
37,16,1300000,0,user_33,100,102,
137,11,1100001,0,user_10,102,105,29
29,13,1100000,17700000,user_23,100,105,
26,19,1000000,0,user_21,100,102,
39,20,1000000,0,user_35,100,102,
132,31,460001,0,user_7,102,104,19
19,23,460000,296000,user_11,100,103,
42,23,420000,0,user_37,100,102,
56,24,370000,0,user_0,101,102,
97,18,350000,0,user_41,101,105,
45,19,340000,0,user_41,100,105,
57,27,310000,0,user_0,101,102,
18,28,300000,0,user_11,100,103,
53,29,300000,0,user_47,100,102,
33,20,220000,0,user_28,100,105,
84,21,190000,12800,user_23,101,105,
22,32,170000,0,user_15,100,102,
47,24,160000,0,user_43,100,105,
5,31,160000,0,user_5,100,103,
15,35,150000,0,user_9,100,102,
55,25,150000,43600,user_49,100,105,
28,26,130000,0,user_23,100,105,
3,35,120000,0,user_4,100,103,
90,27,120000,0,user_28,101,105,
2,36,110000,0,user_3,100,103,
74,29,84001,0,user_17,101,105,7
76,30,84001,0,user_17,101,105,7
100,31,84000,0,user_43,101,105,
24,32,83999,0,user_17,100,105,7
73,33,83999,0,user_17,101,105,7
75,34,83999,0,user_17,101,105,7
31,47,73000,0,user_25,100,102,
14,48,73000,0,user_9,100,102,
6,38,70000,3130,user_6,100,103,
162,0,27000000,283000,user_35,102,103,
136,1,19000001,0,user_9,102,103,27
141,2,19000001,0,user_15,102,103,27
161,3,6300000,0,user_35,102,103,
4,4,5000000,0,user_4,100,103,
93,5,4200000,0,user_35,101,103,
20,6,3500000,17000,user_13,100,103,
86,7,3500000,0,user_24,101,103,
17,8,2600000,0,user_11,100,103,
92,9,2500000,34700,user_32,101,103,
59,10,2300001,0,user_2,101,103,30
135,11,2300001,0,user_9,102,103,30
128,12,2299999,0,user_0,102,103,30
91,13,2000000,0,user_31,101,103,
85,14,1900000,0,user_24,101,103,
147,15,1900000,0,user_21,102,103,
151,16,1700000,0,user_24,102,103,
164,17,1300000,0,user_37,102,103,
9,18,1200000,0,user_7,100,103,
71,19,1000000,0,user_15,101,103,
108,20,970000,0,user_47,101,103,
190,21,460001,0,user_1,103,103,19
10,22,460000,0,user_7,100,103,
19,23,460000,296000,user_11,100,103,
189,24,459999,0,user_1,103,103,19
35,25,360000,0,user_32,100,103,
158,26,350000,0,user_33,102,103,
36,27,310000,0,user_32,100,103,
18,28,300000,0,user_11,100,103,
11,29,260000,0,user_7,100,103,
187,30,160001,0,user_0,103,103,165
5,31,160000,0,user_5,100,103,
165,32,160000,779000,user_37,102,103,
188,33,159999,0,user_0,103,103,165
8,34,150000,0,user_7,100,103,
3,35,120000,0,user_4,100,103,
2,36,110000,0,user_3,100,103,
7,37,84000,19700,user_7,100,103,
6,38,70000,3130,user_6,100,103,
65,0,19000001,0,user_11,101,104,27
68,1,19000001,0,user_13,101,104,27
23,2,19000000,0,user_16,100,104,
214,3,19000000,0,user_21,103,104,
66,4,18999999,0,user_12,101,104,27
78,5,18999999,0,user_19,101,104,27
139,6,18999999,0,user_13,102,104,27
82,7,5000000,0,user_22,101,104,
130,8,3500001,0,user_5,102,104,20
106,9,3200000,0,user_46,101,104,
229,10,2500000,0,user_35,103,104,
64,11,2300001,0,user_7,101,104,30
67,12,2300001,0,user_13,101,104,30
69,13,2300001,0,user_14,101,104,30
202,14,2300001,0,user_15,103,104,30
133,15,2299999,0,user_7,102,104,30
87,16,2000000,0,user_26,101,104,
232,17,2000000,0,user_37,103,104,
13,18,1600000,0,user_8,100,104,
211,19,1100000,0,user_21,103,104,
213,20,1000000,43600,user_21,103,104,
225,21,1000000,0,user_31,103,104,
157,22,1000000,75000,user_32,102,104,
21,23,970000,0,user_14,100,104,
224,24,970000,24700,user_30,103,104,
105,25,670000,71800,user_46,101,104,
210,26,660000,0,user_21,103,104,
226,27,470000,5180,user_33,103,104,
60,28,460001,0,user_3,101,104,19
62,29,460001,0,user_5,101,104,19
129,30,460001,0,user_4,102,104,19
132,31,460001,0,user_7,102,104,19
216,32,460000,0,user_24,103,104,
61,33,459999,0,user_4,101,104,19
63,34,459999,0,user_5,101,104,19
79,35,459999,0,user_19,101,104,19
131,36,459999,0,user_6,102,104,19
191,37,459999,0,user_2,103,104,19
54,38,260000,0,user_48,100,104,
38,39,220000,0,user_34,100,104,
107,40,190000,0,user_46,101,104,
12,41,170000,0,user_8,100,104,
52,42,170000,0,user_46,100,104,
88,43,170000,11200,user_26,101,104,
262,44,150001,0,user_1,104,104,231
231,45,150000,7190000,user_37,103,104,
261,46,149999,0,user_0,104,104,231
96,47,120000,0,user_40,101,104,
25,48,110000,0,user_19,100,104,
227,49,100000,0,user_33,103,104,
72,50,84001,0,user_16,101,104,7
16,51,83999,0,user_10,100,104,7
70,52,83999,0,user_14,101,104,7
80,53,83999,0,user_19,101,104,7
83,54,83000,21800,user_22,101,104,
212,55,82000,0,user_21,103,104,
49,56,79000,0,user_44,100,104,
217,57,77000,0,user_25,103,104,
81,0,43000000,256000,user_20,101,105,
192,1,27000001,0,user_3,103,105,162
200,2,27000001,0,user_13,103,105,162
199,3,26999999,0,user_13,103,105,162
48,4,5200000,0,user_43,100,105,
43,5,5000000,0,user_38,100,105,
277,13,4500000,0,user_21,104,108,
144,7,2300001,0,user_18,102,105,30
77,8,2299999,0,user_18,101,105,30
197,9,2299999,0,user_11,103,105,30
98,10,1800000,0,user_41,101,105,
137,11,1100001,0,user_10,102,105,29
325,65,1100001,0,user_1,105,108,29
29,13,1100000,17700000,user_23,100,105,
194,14,1099999,0,user_7,103,105,29
287,80,660000,0,user_33,104,108,
324,86,460001,0,user_1,105,108,19
263,17,459999,0,user_2,104,105,19
97,18,350000,0,user_41,101,105,
45,19,340000,0,user_41,100,105,
33,20,220000,0,user_28,100,105,
84,21,190000,12800,user_23,101,105,
284,22,170000,0,user_31,104,105,
193,23,160001,0,user_6,103,105,165
47,24,160000,0,user_43,100,105,
55,25,150000,43600,user_49,100,105,
28,26,130000,0,user_23,100,105,
90,27,120000,0,user_28,101,105,
168,28,98000,0,user_40,102,105,
74,29,84001,0,user_17,101,105,7
76,30,84001,0,user_17,101,105,7
100,31,84000,0,user_43,101,105,
24,32,83999,0,user_17,100,105,7
73,33,83999,0,user_17,101,105,7
75,34,83999,0,user_17,101,105,7
177,0,43000000,0,user_43,102,106,
331,2,26999999,0,user_9,105,108,162
205,3,19000001,0,user_16,103,108,27
176,3,6100000,0,user_43,102,106,
222,7,5200000,0,user_26,103,108,
182,12,4500000,0,user_48,102,108,
218,16,4200000,146000,user_26,103,108,
361,17,4200000,0,user_47,105,108,
142,19,3500001,0,user_16,102,108,20
203,20,3500001,0,user_16,103,108,20
145,22,3499999,0,user_19,102,108,20
344,23,3200000,0,user_30,105,108,
169,12,2600000,0,user_41,102,106,
143,30,2299999,0,user_16,102,108,30
208,31,2299999,0,user_19,103,108,30
184,38,2000000,0,user_48,102,108,
363,40,2000000,0,user_47,105,108,
299,41,1900000,0,user_47,104,108,
345,42,1700000,0,user_31,105,108,
264,51,1300001,0,user_5,104,108,221
326,52,1300001,0,user_2,105,108,221
369,54,1300001,0,user_1,106,108,221
221,57,1300000,369000,user_26,103,108,
154,23,1000000,0,user_28,102,106,
180,74,870000,0,user_48,102,108,
265,25,460001,0,user_7,104,106,19
196,26,459999,0,user_10,103,106,19
269,88,459999,0,user_13,104,108,19
349,94,310000,0,user_35,105,108,
150,29,300000,0,user_23,102,106,
183,97,260000,0,user_48,102,108,
146,31,260000,0,user_20,102,106,
170,32,240000,0,user_41,102,106,
160,33,160000,0,user_34,102,106,
178,34,160000,0,user_44,102,106,
285,35,160000,0,user_32,104,106,
270,36,159999,0,user_15,104,106,165
368,37,150001,0,user_0,106,106,231
337,38,149999,0,user_15,105,106,231
152,39,120000,0,user_26,102,106,
286,40,120000,0,user_32,104,106,
159,41,110000,0,user_34,102,106,
219,42,110000,6390,user_26,103,106,
155,43,100000,0,user_28,102,106,
220,44,87000,0,user_26,103,106,
181,45,85000,0,user_48,102,106,
340,46,85000,0,user_25,105,106,
206,47,84001,0,user_16,103,106,7
204,48,83999,0,user_16,103,106,7
362,49,79000,108000,user_47,105,106,
215,0,30000000,0,user_22,103,109,
207,2,26999999,0,user_18,103,109,162
331,2,26999999,0,user_9,105,108,162
205,3,19000001,0,user_16,103,108,27
298,3,19000000,0,user_46,104,109,
351,0,19000000,0,user_38,105,112,
195,4,18999999,0,user_8,103,109,27
222,7,5200000,0,user_26,103,108,
283,5,5200000,0,user_29,104,109,
297,7,5000000,0,user_46,104,109,
355,9,5000000,56200,user_40,105,109,
233,2,4500000,155000,user_38,103,112,
182,12,4500000,0,user_48,102,108,
277,13,4500000,0,user_21,104,108,
359,11,4500000,0,user_44,105,109,
234,3,4200000,0,user_38,103,112,
218,16,4200000,146000,user_26,103,108,
361,17,4200000,0,user_47,105,108,
399,4,4200000,0,user_38,106,112,
142,19,3500001,0,user_16,102,108,20
203,20,3500001,0,user_16,103,108,20
460,5,3500000,0,user_43,107,112,
145,22,3499999,0,user_19,102,108,20
344,23,3200000,0,user_30,105,108,
356,12,3200000,128000,user_40,105,109,
134,15,2300001,0,user_8,102,109,30
140,16,2300001,0,user_14,102,109,30
370,17,2300001,0,user_2,106,109,30
441,7,2300000,322000,user_23,107,112,
281,18,2300000,0,user_26,104,109,
143,30,2299999,0,user_16,102,108,30
208,31,2299999,0,user_19,103,108,30
138,19,2299999,0,user_12,102,109,30
201,20,2299999,0,user_14,103,109,30
381,22,2299999,0,user_16,106,109,30
423,23,2299999,0,user_6,107,109,30
94,11,2000000,0,user_38,101,112,
109,12,2000000,0,user_49,101,112,
184,38,2000000,0,user_48,102,108,
291,25,2000000,0,user_40,104,109,
363,40,2000000,0,user_47,105,108,
299,41,1900000,0,user_47,104,108,
345,42,1700000,0,user_31,105,108,
357,14,1500000,0,user_41,105,112,
278,27,1500000,0,user_22,104,109,
385,15,1500000,0,user_20,106,112,
393,16,1500000,0,user_28,106,112,
342,17,1400000,15700,user_28,105,112,
244,29,1400000,0,user_46,103,109,
228,30,1400000,0,user_34,103,109,
391,31,1400000,0,user_26,106,109,
264,51,1300001,0,user_5,104,108,221
326,52,1300001,0,user_2,105,108,221
335,32,1300001,0,user_13,105,109,221
369,54,1300001,0,user_1,106,108,221
376,35,1300001,0,user_11,106,109,221
426,36,1300001,0,user_11,107,109,221
221,57,1300000,369000,user_26,103,108,
288,37,1300000,0,user_34,104,109,
332,39,1299999,0,user_11,105,109,221
374,40,1299999,0,user_7,106,109,221
338,41,1299999,0,user_18,105,109,221
380,42,1299999,0,user_16,106,109,221
384,43,1299999,0,user_19,106,109,221
420,44,1299999,0,user_5,107,109,221
325,65,1100001,0,user_1,105,108,29
442,35,1100000,0,user_23,107,112,
354,46,1100000,594000,user_40,105,109,
348,47,1100000,0,user_34,105,109,
373,49,1099999,0,user_7,106,109,29
474,29,1099999,0,user_7,108,110,29
185,42,1000000,0,user_49,102,112,
273,43,1000000,0,user_20,104,112,
238,50,1000000,73100,user_40,103,109,
180,74,870000,0,user_48,102,108,
266,52,670001,0,user_8,104,109,105
276,44,670000,0,user_20,104,112,
400,45,670000,0,user_43,106,112,
300,46,670000,0,user_49,104,112,
272,47,660000,0,user_20,104,112,
287,80,660000,0,user_33,104,108,
149,53,660000,0,user_22,102,109,
443,48,660000,0,user_23,107,112,
352,54,650000,0,user_40,105,109,
156,55,530000,3130,user_29,102,109,
271,52,460001,0,user_17,104,112,19
324,86,460001,0,user_1,105,108,19
274,53,460000,0,user_20,104,112,
269,88,459999,0,user_13,104,108,19
268,57,459999,0,user_12,104,109,19
433,55,459999,0,user_17,107,112,19
294,56,420000,0,user_43,104,112,
392,57,420000,0,user_28,106,112,
364,59,320000,0,user_48,105,109,
349,94,310000,0,user_35,105,108,
245,60,310000,0,user_48,103,109,
295,65,300000,0,user_43,104,112,
183,97,260000,0,user_48,102,108,
148,62,260000,0,user_22,102,109,
282,66,240000,75000,user_28,104,112,
215,0,30000000,0,user_22,103,109,
395,1,30000000,128000,user_31,106,109,
207,2,26999999,0,user_18,103,109,162
298,3,19000000,0,user_46,104,109,
195,4,18999999,0,user_8,103,109,27
283,5,5200000,0,user_29,104,109,
449,6,5200000,0,user_31,107,109,
297,7,5000000,0,user_46,104,109,
446,8,5000000,0,user_25,107,109,
355,9,5000000,56200,user_40,105,109,
496,10,5000000,49100,user_30,108,109,
359,11,4500000,0,user_44,105,109,
356,12,3200000,128000,user_40,105,109,
241,13,2400000,0,user_43,103,109,
347,14,2400000,285000,user_32,105,109,
134,15,2300001,0,user_8,102,109,30
140,16,2300001,0,user_14,102,109,30
370,17,2300001,0,user_2,106,109,30
281,18,2300000,0,user_26,104,109,
138,19,2299999,0,user_12,102,109,30
201,20,2299999,0,user_14,103,109,30
375,21,2299999,0,user_9,106,109,30
381,22,2299999,0,user_16,106,109,30
423,23,2299999,0,user_6,107,109,30
451,24,2100000,108000,user_33,107,109,
291,25,2000000,0,user_40,104,109,
396,26,1800000,17000,user_33,106,109,
278,27,1500000,0,user_22,104,109,
498,28,1500000,0,user_30,108,109,
244,29,1400000,0,user_46,103,109,
228,30,1400000,0,user_34,103,109,
391,31,1400000,0,user_26,106,109,
335,32,1300001,0,user_13,105,109,221
418,33,1300001,0,user_0,107,109,221
419,34,1300001,0,user_0,107,109,221
376,35,1300001,0,user_11,106,109,221
426,36,1300001,0,user_11,107,109,221
288,37,1300000,0,user_34,104,109,
485,38,1300000,0,user_21,108,109,
332,39,1299999,0,user_11,105,109,221
374,40,1299999,0,user_7,106,109,221
338,41,1299999,0,user_18,105,109,221
380,42,1299999,0,user_16,106,109,221
384,43,1299999,0,user_19,106,109,221
420,44,1299999,0,user_5,107,109,221
448,45,1100000,0,user_30,107,109,
354,46,1100000,594000,user_40,105,109,
348,47,1100000,0,user_34,105,109,
267,48,1099999,0,user_10,104,109,29
373,49,1099999,0,user_7,106,109,29
238,50,1000000,73100,user_40,103,109,
497,51,970000,0,user_30,108,109,
266,52,670001,0,user_8,104,109,105
149,53,660000,0,user_22,102,109,
352,54,650000,0,user_40,105,109,
156,55,530000,3130,user_29,102,109,
398,56,470000,0,user_35,106,109,
268,57,459999,0,user_12,104,109,19
386,58,320000,7190000,user_21,106,109,
364,59,320000,0,user_48,105,109,
245,60,310000,0,user_48,103,109,
499,61,310000,0,user_31,108,109,
148,62,260000,0,user_22,102,109,
280,63,240000,32900,user_26,104,109,
438,64,220000,0,user_21,107,109,
495,65,220000,0,user_30,108,109,
209,66,170000,0,user_20,103,109,
500,67,170000,0,user_33,108,109,
333,68,160001,0,user_11,105,109,165
383,69,160001,0,user_19,106,109,165
421,70,160001,0,user_5,107,109,165
422,71,160001,0,user_6,107,109,165
526,72,160001,0,user_1,109,109,165
296,73,160000,0,user_44,104,109,
327,74,159999,0,user_4,105,109,165
382,75,159999,0,user_18,106,109,165
428,76,159999,0,user_13,107,109,165
469,77,159999,0,user_2,108,109,165
328,78,150001,0,user_6,105,109,231
329,79,150001,0,user_7,105,109,231
379,80,150001,0,user_15,106,109,231
372,81,150001,0,user_6,106,109,231
371,82,149999,0,user_3,106,109,231
394,83,120000,0,user_30,106,109,
353,84,100000,0,user_40,105,109,
248,85,98000,0,user_48,103,109,
389,86,87000,0,user_24,106,109,
388,87,84000,0,user_24,106,109,
246,88,84000,0,user_48,103,109,
198,89,82999,0,user_12,103,109,83
346,90,77000,0,user_32,105,109,
247,91,73000,0,user_48,103,109,
390,92,70000,0,user_25,106,109,
489,0,19000000,0,user_24,108,110,
387,1,5000000,71800,user_22,106,110,
447,2,5000000,0,user_26,107,110,
455,3,5000000,0,user_37,107,110,
557,4,4500000,0,user_33,109,110,
343,5,2400000,0,user_29,105,110,
471,6,2300001,0,user_4,108,110,30
479,7,2300001,0,user_13,108,110,30
470,8,2299999,0,user_3,108,110,30
475,9,2299999,0,user_9,108,110,30
542,10,2299999,0,user_15,109,110,30
450,11,1600000,0,user_32,107,110,
578,12,1500000,0,user_47,109,110,
377,13,1300001,0,user_14,106,110,221
424,14,1300001,0,user_8,107,110,221
436,15,1300001,0,user_19,107,110,221
535,16,1300001,0,user_9,109,110,221
540,17,1300001,0,user_15,109,110,221
541,18,1300001,0,user_15,109,110,221
360,19,1300000,0,user_46,105,110,
330,20,1299999,0,user_8,105,110,221
334,21,1299999,0,user_12,105,110,221
336,22,1299999,0,user_14,105,110,221
425,23,1299999,0,user_9,107,110,221
476,24,1299999,0,user_9,108,110,221
533,25,1299999,0,user_9,109,110,221
534,26,1299999,0,user_9,109,110,221
536,27,1299999,0,user_9,109,110,221
431,28,1100001,0,user_16,107,110,29
474,29,1099999,0,user_7,108,110,29
527,30,1099999,0,user_2,109,110,354
603,31,1099999,0,user_1,110,110,354
445,32,910000,0,user_24,107,110,
549,33,600000,139000,user_24,109,110,
488,34,530000,0,user_24,108,110,
403,35,420000,0,user_46,106,110,
397,36,420000,0,user_34,106,110,
453,37,420000,0,user_35,107,110,
576,38,420000,0,user_47,109,110,
577,39,420000,0,user_47,109,110,
602,40,320001,0,user_0,110,110,386
464,41,310000,0,user_47,107,110,
556,42,300000,0,user_33,109,110,
463,43,240000,0,user_47,107,110,
511,44,240000,0,user_47,108,110,
554,45,190000,0,user_30,109,110,
429,46,160001,0,user_14,107,110,165
473,47,160001,0,user_7,108,110,165
555,48,160000,0,user_31,109,110,
378,49,159999,0,user_14,106,110,165
543,50,159999,0,user_15,109,110,165
427,51,150001,0,user_12,107,110,231
472,52,150001,0,user_5,108,110,231
430,53,150001,0,user_15,107,110,231
575,54,150000,0,user_47,109,110,
339,55,120000,0,user_22,105,110,
439,56,120000,0,user_22,107,110,
547,57,110000,0,user_21,109,110,
553,58,83000,0,user_30,109,110,
550,59,80000,0,user_25,109,110,
478,0,2300001,0,user_12,108,111,30
480,1,2300001,0,user_16,108,111,30
481,2,2299999,0,user_16,108,111,30
493,3,1900000,0,user_29,108,111,
604,4,1100001,0,user_2,110,111,354
662,5,1100001,0,user_1,111,111,354
528,6,1099999,0,user_3,109,111,29
531,7,1099999,0,user_5,109,111,354
539,8,1099999,0,user_13,109,111,354
663,9,1099999,0,user_1,111,111,29
494,10,470000,0,user_29,108,111,
486,11,420000,0,user_22,108,111,
529,12,320001,0,user_4,109,111,386
530,13,320001,0,user_5,109,111,386
638,14,320000,0,user_31,110,111,
490,15,160000,0,user_26,108,111,
510,16,77000,0,user_46,108,111,
633,17,70000,0,user_25,110,111,
351,0,19000000,0,user_38,105,112,
506,1,6100000,24700,user_41,108,112,
233,2,4500000,155000,user_38,103,112,
234,3,4200000,0,user_38,103,112,
399,4,4200000,0,user_38,106,112,
460,5,3500000,0,user_43,107,112,
632,6,3500000,296000,user_24,110,112,
441,7,2300000,322000,user_23,107,112,
482,8,2299999,0,user_17,108,112,30
537,9,2299999,0,user_10,109,112,30
487,10,2100000,0,user_23,108,112,
94,11,2000000,0,user_38,101,112,
109,12,2000000,0,user_49,101,112,
456,13,1600000,0,user_38,107,112,
357,14,1500000,0,user_41,105,112,
385,15,1500000,0,user_20,106,112,
393,16,1500000,0,user_28,106,112,
342,17,1400000,15700,user_28,105,112,
647,18,1400000,0,user_35,110,112,
434,19,1300001,0,user_18,107,112,221
484,20,1300001,0,user_18,108,112,221
435,21,1299999,0,user_18,107,112,221
483,22,1299999,0,user_18,108,112,221
605,23,1100001,0,user_3,110,112,29
606,24,1100001,0,user_4,110,112,354
607,25,1100001,0,user_6,110,112,354
609,26,1100001,0,user_7,110,112,354
610,27,1100001,0,user_7,110,112,354
612,28,1100001,0,user_7,110,112,354
615,29,1100001,0,user_11,110,112,354
664,30,1100001,0,user_2,111,112,354
666,31,1100001,0,user_2,111,112,354
667,32,1100001,0,user_2,111,112,354
740,33,1100001,0,user_0,112,112,354
741,34,1100001,0,user_1,112,112,354
442,35,1100000,0,user_23,107,112,
608,36,1099999,0,user_7,110,112,354
611,37,1099999,0,user_7,110,112,354
616,38,1099999,0,user_11,110,112,354
665,39,1099999,0,user_2,111,112,354
739,40,1099999,0,user_0,112,112,354
505,41,1000000,256000,user_40,108,112,
185,42,1000000,0,user_49,102,112,
273,43,1000000,0,user_20,104,112,
276,44,670000,0,user_20,104,112,
400,45,670000,0,user_43,106,112,
300,46,670000,0,user_49,104,112,
272,47,660000,0,user_20,104,112,
443,48,660000,0,user_23,107,112,
701,49,660000,0,user_33,111,112,
691,50,600000,0,user_24,111,112,
704,51,530000,0,user_37,111,112,
271,52,460001,0,user_17,104,112,19
274,53,460000,0,user_20,104,112,
692,54,460000,0,user_24,111,112,
433,55,459999,0,user_17,107,112,19
294,56,420000,0,user_43,104,112,
392,57,420000,0,user_28,106,112,
700,58,420000,0,user_33,111,112,
649,59,420000,0,user_35,110,112,
538,60,320001,0,user_12,109,112,386
532,61,319999,0,user_8,109,112,386
622,62,319999,0,user_15,110,112,386
672,63,319999,0,user_9,111,112,386
574,64,310000,231000,user_46,109,112,
295,65,300000,0,user_43,104,112,
282,66,240000,75000,user_28,104,112,
275,67,220000,0,user_20,104,112,
492,68,220000,0,user_28,108,112,
652,69,220000,0,user_37,110,112,
235,70,190000,0,user_38,103,112,
279,71,190000,0,user_23,104,112,
236,72,170000,0,user_38,103,112,
437,73,170000,0,user_20,107,112,
457,74,170000,0,user_41,107,112,
646,75,170000,283000,user_35,110,112,
477,76,150001,0,user_10,108,112,231
651,77,150000,0,user_37,110,112,
659,78,150000,0,user_47,110,112,
432,79,149999,0,user_17,107,112,231
698,80,120000,0,user_31,111,112,
444,81,110000,0,user_23,107,112,
166,82,85000,0,user_38,102,112,
648,83,85000,0,user_35,110,112,
645,84,82000,0,user_35,110,112,
440,85,79000,0,user_23,107,112,
358,86,73000,0,user_43,105,112,
507,87,70000,0,user_43,108,112,
771,0,4500000,0,user_33,112,113,
452,1,3600000,0,user_34,107,113,
774,2,2600000,0,user_35,112,113,
653,3,2000000,510000,user_40,110,113,
767,4,1500000,0,user_30,112,113,
544,5,1100001,0,user_16,109,113,354
626,6,1100001,0,user_16,110,113,354
670,7,1100001,0,user_6,111,113,354
742,8,1100001,0,user_2,112,113,354
800,9,1100001,0,user_0,113,113,354
801,10,1100001,0,user_1,113,113,354
773,11,1100000,60700,user_35,112,113,
668,12,1099999,0,user_3,111,113,354
546,13,1099999,0,user_19,109,113,354
623,14,1099999,0,user_16,110,113,354
628,15,1099999,0,user_18,110,113,29
676,16,1099999,0,user_13,111,113,354
749,17,1099999,0,user_9,112,113,354
802,18,1099999,0,user_1,113,113,354
803,19,1099999,0,user_1,113,113,354
551,20,910000,0,user_26,109,113,
768,21,530000,0,user_30,112,113,
760,22,360000,0,user_21,112,113,
625,23,320001,0,user_16,110,113,386
512,24,320000,0,user_48,108,113,
624,25,319999,0,user_16,110,113,386
627,26,150001,0,user_16,110,113,231
674,27,150001,0,user_11,111,113,231
769,28,150000,46500,user_31,112,113,
669,29,149999,0,user_5,111,113,231
461,30,110000,0,user_44,107,113,
508,31,110000,164000,user_44,108,113,
634,32,100000,0,user_26,110,113,
699,0,27000000,0,user_32,111,114,
830,1,4200000,0,user_24,113,114,
770,2,1900000,0,user_32,112,114,
838,3,1500000,0,user_33,113,114,
639,4,1500000,0,user_32,110,114,
825,5,1099999,0,user_15,113,114,354
862,6,1099999,0,user_0,114,114,354
864,7,1099999,0,user_1,114,114,354
832,8,910000,0,user_25,113,114,
831,9,650000,0,user_24,113,114,
863,10,150001,0,user_1,114,114,231
837,11,120000,0,user_33,113,114,
842,12,120000,0,user_37,113,114,
836,13,110000,0,user_30,113,114,
840,14,87000,0,user_35,113,114,
707,0,43000000,0,user_40,111,115,
904,1,27000000,0,user_37,114,115,
629,2,19000000,0,user_20,110,115,
548,3,5200000,108000,user_23,109,115,
503,4,5000000,0,user_38,108,115,
579,5,5000000,0,user_48,109,115,
914,6,5000000,0,user_47,114,115,
545,7,2300001,0,user_17,109,115,30
568,8,1900000,0,user_41,109,115,
714,9,1700000,0,user_46,111,115,
682,10,1700000,0,user_20,111,115,
686,11,1600000,510000,user_22,111,115,
696,12,1600000,0,user_28,111,115,
897,13,1600000,0,user_30,114,115,
708,14,1500000,0,user_40,111,115,
514,15,1500000,0,user_49,108,115,
656,16,1500000,0,user_43,110,115,
657,17,1500000,0,user_43,110,115,
571,18,1500000,0,user_44,109,115,
702,19,1500000,0,user_34,111,115,
713,20,1400000,0,user_44,111,115,
617,21,1100001,0,user_12,110,115,354
619,22,1100001,0,user_12,110,115,354
620,23,1100001,0,user_12,110,115,354
675,24,1100001,0,user_12,111,115,354
745,25,1100001,0,user_6,112,115,354
614,26,1100001,0,user_10,110,115,354
679,27,1100001,0,user_16,111,115,354
758,28,1100001,0,user_19,112,115,354
805,29,1100001,0,user_5,113,115,354
752,30,1100001,0,user_10,112,115,354
811,31,1100001,0,user_7,113,115,354
812,32,1100001,0,user_7,113,115,354
873,33,1100001,0,user_9,114,115,354
943,34,1100001,0,user_1,115,115,354
613,35,1099999,0,user_8,110,115,354
673,36,1099999,0,user_10,111,115,354
680,37,1099999,0,user_18,111,115,354
754,38,1099999,0,user_11,112,115,354
678,39,1099999,0,user_16,111,115,354
681,40,1099999,0,user_19,111,115,354
809,41,1099999,0,user_5,113,115,354
751,42,1099999,0,user_10,112,115,354
753,43,1099999,0,user_10,112,115,354
884,44,1099999,0,user_15,114,115,29
941,45,1099999,0,user_0,115,115,354
942,46,1099999,0,user_0,115,115,354
642,47,1000000,0,user_34,110,115,
643,48,1000000,39400,user_34,110,115,
689,49,1000000,0,user_23,111,115,
637,50,970000,0,user_29,110,115,
694,51,970000,510000,user_26,111,115,
683,52,970000,39400,user_20,111,115,
687,53,910000,0,user_22,111,115,
630,54,870000,0,user_22,110,115,
688,55,870000,0,user_22,111,115,
684,56,630000,15700,user_22,111,115,
898,57,460000,12800,user_31,114,115,
711,58,370000,0,user_43,111,115,
640,59,360000,0,user_34,110,115,
893,60,360000,0,user_25,114,115,
569,61,350000,0,user_43,109,115,
778,62,350000,0,user_40,112,115,
915,63,350000,0,user_47,114,115,
693,64,340000,0,user_26,111,115,
757,65,320001,0,user_16,112,115,386
807,66,320001,0,user_5,113,115,386
709,67,320000,0,user_41,111,115,
900,68,320000,14200,user_33,114,115,
744,69,319999,0,user_6,112,115,386
810,70,319999,0,user_6,113,115,386
890,71,310000,0,user_21,114,115,
715,72,260000,0,user_48,111,115,
690,73,260000,0,user_23,111,115,
513,74,240000,128000,user_49,108,115,
658,75,220000,49100,user_46,110,115,
697,76,220000,0,user_28,111,115,
903,77,170000,0,user_37,114,115,
804,78,160001,0,user_3,113,115,165
746,79,159999,0,user_7,112,115,165
808,80,159999,0,user_5,113,115,165
621,81,150001,0,user_12,110,115,231
671,82,150001,0,user_8,111,115,231
743,83,150001,0,user_4,112,115,231
806,84,150001,0,user_5,113,115,231
631,85,150000,0,user_23,110,115,
570,86,150000,0,user_44,109,115,
710,87,150000,0,user_43,111,115,
618,88,149999,0,user_12,110,115,231
677,89,149999,0,user_14,111,115,231
750,90,149999,0,user_10,112,115,231
865,91,149999,0,user_2,114,115,231
902,92,120000,15100,user_35,114,115,
685,93,87000,0,user_22,111,115,
712,94,87000,0,user_44,111,115,
779,95,83000,108000,user_40,112,115,
552,96,80000,0,user_28,109,115,
654,97,80000,13900,user_41,110,115,
892,98,77000,0,user_24,114,115,
558,99,73000,0,user_34,109,115,
899,0,2400000,0,user_32,114,116,
969,1,2000000,0,user_31,115,116,
964,2,1900000,0,user_30,115,116,
846,3,1600000,0,user_40,113,116,
965,4,1400000,1100000,user_31,115,116,
866,5,1100001,0,user_5,114,116,354
870,6,1100001,0,user_6,114,116,354
881,7,1100001,0,user_13,114,116,354
945,8,1100001,0,user_2,115,116,354
826,9,1099999,0,user_16,113,116,354
868,10,1099999,0,user_5,114,116,354
869,11,1099999,0,user_6,114,116,354
877,12,1099999,0,user_11,114,116,354
879,13,1099999,0,user_13,114,116,354
880,14,1099999,0,user_13,114,116,354
951,15,1099999,0,user_9,115,116,354
954,16,1099999,0,user_15,115,116,354
968,17,460000,0,user_31,115,116,
950,18,320001,0,user_9,115,116,386
867,19,319999,0,user_5,114,116,386
944,20,319999,0,user_2,115,116,386
982,21,240000,5640,user_47,115,116,
959,22,170000,0,user_25,115,116,
827,23,159999,0,user_18,113,116,165
1004,24,159999,0,user_0,116,116,165
871,25,150001,0,user_6,114,116,231
1005,26,150001,0,user_1,116,116,231
966,27,150000,0,user_31,115,116,
833,28,120000,24700,user_26,113,116,
967,29,120000,0,user_31,115,116,
972,30,110000,0,user_37,115,116,
762,0,43000000,0,user_23,112,117,
782,1,43000000,0,user_43,112,117,
849,2,30000000,0,user_44,113,117,
839,3,27000000,0,user_34,113,117,
764,4,4500000,0,user_28,112,117,
792,5,4200000,0,user_48,112,117,
829,6,3600000,0,user_23,113,117,
793,7,2000000,0,user_48,112,117,
1030,8,1500000,0,user_25,116,117,
946,9,1100001,0,user_3,115,117,29
817,10,1100001,0,user_10,113,117,354
875,11,1100001,0,user_10,114,117,354
876,12,1100001,0,user_10,114,117,354
949,13,1100001,0,user_7,115,117,29
1007,14,1100001,0,user_2,116,117,29
1023,15,1100001,0,user_15,116,117,354
1017,16,1099999,0,user_9,116,117,354
795,17,1000000,0,user_48,112,117,
1038,18,1000000,0,user_33,116,117,
781,19,970000,0,user_43,112,117,
784,20,910000,0,user_44,112,117,
794,21,650000,0,user_48,112,117,
791,22,630000,15100,user_48,112,117,
970,23,600000,0,user_32,115,117,
1036,24,420000,0,user_31,116,117,
948,25,320001,0,user_7,115,117,386
1010,26,320001,0,user_2,116,117,386
1064,27,319999,0,user_1,117,117,386
818,28,160001,0,user_10,113,117,165
1008,29,160001,0,user_2,116,117,165
1063,30,160001,0,user_0,117,117,165
783,31,160000,0,user_44,112,117,
851,32,160000,33300,user_48,113,117,
1035,33,160000,0,user_31,116,117,
874,34,159999,0,user_10,114,117,165
1006,35,159999,0,user_2,116,117,165
1009,36,159999,0,user_2,116,117,165
888,37,149999,0,user_19,114,117,231
947,38,149999,0,user_5,115,117,231
759,39,120000,0,user_20,112,117,
828,40,120000,0,user_23,113,117,
848,41,85000,0,user_43,113,117,
772,42,83000,0,user_34,112,117,
835,43,77000,0,user_28,113,117,
1031,44,77000,0,user_25,116,117,
1089,0,30000000,0,user_21,117,118,
761,1,2500000,15700,user_22,112,118,
975,2,1800000,13900,user_40,115,118,
787,3,1500000,0,user_46,112,118,
891,4,1500000,0,user_22,114,118,
912,5,1500000,6390,user_46,114,118,
747,6,1100001,0,user_8,112,118,354
820,7,1100001,0,user_14,113,118,354
821,8,1100001,0,user_14,113,118,354
824,9,1100001,0,user_14,113,118,354
878,10,1100001,0,user_12,114,118,29
953,11,1100001,0,user_14,115,118,354
955,12,1100001,0,user_16,115,118,354
1013,13,1100001,0,user_5,116,118,29
887,14,1100001,0,user_18,114,118,354
1065,15,1100001,0,user_2,117,118,29
748,16,1099999,0,user_8,112,118,354
755,17,1099999,0,user_12,112,118,354
756,18,1099999,0,user_12,112,118,354
814,19,1099999,0,user_8,113,118,354
815,20,1099999,0,user_8,113,118,29
819,21,1099999,0,user_12,113,118,354
823,22,1099999,0,user_14,113,118,354
766,23,870000,0,user_29,112,118,
1096,24,650000,0,user_31,117,118,
1095,25,460000,0,user_30,117,118,
786,26,360000,0,user_46,112,118,
765,27,350000,0,user_29,112,118,
822,28,320001,0,user_14,113,118,386
960,29,320000,49100,user_26,115,118,
813,30,319999,0,user_8,113,118,386
1012,31,319999,0,user_4,116,118,386
913,32,310000,0,user_46,114,118,
1101,33,300000,0,user_33,117,118,
790,34,260000,0,user_46,112,118,
963,35,190000,0,user_29,115,118,
789,36,170000,0,user_46,112,118,
1011,37,160001,0,user_3,116,118,165
1014,38,160001,0,user_5,116,118,165
1021,39,160001,0,user_13,116,118,165
1135,40,160001,0,user_1,118,118,165
1136,41,160001,0,user_1,118,118,165
816,42,159999,0,user_8,113,118,165
872,43,159999,0,user_8,114,118,165
1015,44,159999,0,user_6,116,118,165
1019,45,159999,0,user_11,116,118,165
1066,46,159999,0,user_2,117,118,165
882,47,150001,0,user_14,114,118,231
1090,48,150000,0,user_21,117,118,
883,49,149999,0,user_14,114,118,231
952,50,149999,0,user_12,115,118,231
1092,51,120000,0,user_25,117,118,
788,52,85000,0,user_46,112,118,
1102,53,82000,31700,user_33,117,118,
1037,0,43000000,0,user_32,116,119,
895,1,30000000,0,user_28,114,119,
1106,2,30000000,16400,user_35,117,119,
563,3,19000000,0,user_38,109,119,
1098,4,6300000,3130,user_32,117,119,
1097,5,5200000,0,user_32,117,119,
911,6,4500000,0,user_44,114,119,
705,7,4500000,0,user_38,111,119,
1164,8,4500000,0,user_21,118,119,
910,9,3200000,0,user_43,114,119,
844,10,2400000,0,user_38,113,119,
962,11,2300000,0,user_28,115,119,
971,12,2100000,0,user_34,115,119,
957,13,2000000,0,user_20,115,119,
979,14,2000000,0,user_43,115,119,
565,15,1900000,0,user_38,109,119,
580,16,1600000,161000,user_49,109,119,
896,17,1600000,0,user_28,114,119,
1069,18,1500001,0,user_5,117,119,901
901,19,1500000,17700000,user_34,114,119,
905,20,1500000,0,user_38,114,119,
1222,21,1499999,0,user_1,119,119,901
1137,22,1400001,0,user_2,118,119,965
564,23,1400000,35600,user_38,109,119,
958,24,1400000,56200,user_23,115,119,
1168,25,1400000,0,user_25,118,119,
1026,26,1399999,0,user_19,116,119,965
1068,27,1399999,0,user_5,117,119,965
885,28,1100001,0,user_17,114,119,354
956,29,1100001,0,user_17,115,119,29
843,30,1100000,296000,user_38,113,119,
1018,31,1099999,0,user_10,116,119,354
916,32,1000000,369000,user_48,114,119,
907,33,870000,0,user_41,114,119,
1104,34,870000,0,user_35,117,119,
1105,35,870000,0,user_35,117,119,
566,36,600000,0,user_38,109,119,
1100,37,420000,0,user_32,117,119,
1108,38,350000,0,user_37,117,119,
1070,39,319999,0,user_6,117,119,386
976,40,310000,0,user_41,115,119,
716,41,260000,322000,user_49,111,119,
717,42,170000,18600,user_49,111,119,
1099,43,170000,0,user_32,117,119,
1071,44,160001,0,user_7,117,119,165
1155,45,160001,0,user_15,118,119,165
1067,46,159999,0,user_3,117,119,165
1024,47,159999,0,user_16,116,119,165
886,48,159999,0,user_17,114,119,165
1144,49,159999,0,user_9,118,119,165
1221,50,150001,0,user_0,119,119,1191
1191,51,150000,4320000,user_47,118,119,
1077,52,149999,0,user_11,117,119,231
1078,53,149999,0,user_11,117,119,231
1081,54,149999,0,user_15,117,119,231
889,55,130000,0,user_20,114,119,
983,56,110000,0,user_48,115,119,
1032,57,110000,0,user_26,116,119,
917,58,85000,0,user_49,114,119,
567,59,84000,0,user_38,109,119,
1176,60,82000,0,user_30,118,119,
776,61,80000,0,user_38,112,119,
1103,62,79000,0,user_35,117,119,
1180,63,79000,0,user_35,118,119,
0,7,3200000,0,user_0,120,122,
1,14,2100000,0,user_1,120,122,
27,1,19000000,71800,user_21,120,122,
34,5,3600000,0,user_31,120,122,
30,11,2300000,410000,user_25,120,122,
58,12,2299999,0,user_1,121,122,30
37,16,1300000,0,user_33,120,122,
26,19,1000000,0,user_21,120,122,
39,20,1000000,0,user_35,120,122,
42,23,420000,0,user_37,120,122,
56,24,370000,0,user_0,121,122,
57,27,310000,0,user_0,121,122,
53,29,300000,0,user_47,120,122,
22,32,170000,0,user_15,120,122,
15,35,150000,0,user_9,120,122,
31,47,73000,0,user_25,120,122,
14,48,73000,0,user_9,120,122,
81,0,43000000,256000,user_20,121,125,
27,1,19000000,71800,user_21,120,122,
48,4,5200000,0,user_43,120,125,
4,4,5000000,0,user_4,120,123,
43,5,5000000,0,user_38,120,125,
34,5,3600000,0,user_31,120,122,
20,6,3500000,17000,user_13,120,123,
0,7,3200000,0,user_0,120,122,
17,8,2600000,0,user_11,120,123,
59,10,2300001,0,user_2,121,123,30
64,11,2300001,0,user_7,121,124,30
30,11,2300000,410000,user_25,120,122,
58,12,2299999,0,user_1,121,122,30
133,15,2299999,0,user_7,122,124,30
1,14,2100000,0,user_1,120,122,
98,10,1800000,0,user_41,121,125,
37,16,1300000,0,user_33,120,122,
137,11,1100001,0,user_10,122,125,29
29,13,1100000,17700000,user_23,120,125,
26,19,1000000,0,user_21,120,122,
39,20,1000000,0,user_35,120,122,
132,31,460001,0,user_7,122,124,19
19,23,460000,296000,user_11,120,123,
42,23,420000,0,user_37,120,122,
56,24,370000,0,user_0,121,122,
97,18,350000,0,user_41,121,125,
45,19,340000,0,user_41,120,125,
57,27,310000,0,user_0,121,122,
18,28,300000,0,user_11,120,123,
53,29,300000,0,user_47,120,122,
33,20,220000,0,user_28,120,125,
84,21,190000,12800,user_23,121,125,
22,32,170000,0,user_15,120,122,
47,24,160000,0,user_43,120,125,
5,31,160000,0,user_5,120,123,
15,35,150000,0,user_9,120,122,
55,25,150000,43600,user_49,120,125,
28,26,130000,0,user_23,120,125,
3,35,120000,0,user_4,120,123,
90,27,120000,0,user_28,121,125,
2,36,110000,0,user_3,120,123,
74,29,84001,0,user_17,121,125,7
76,30,84001,0,user_17,121,125,7
100,31,84000,0,user_43,121,125,
24,32,83999,0,user_17,120,125,7
73,33,83999,0,user_17,121,125,7
75,34,83999,0,user_17,121,125,7
31,47,73000,0,user_25,120,122,
14,48,73000,0,user_9,120,122,
6,38,70000,3130,user_6,120,123,
162,0,27000000,283000,user_35,122,123,
136,1,19000001,0,user_9,122,123,27
141,2,19000001,0,user_15,122,123,27
161,3,6300000,0,user_35,122,123,
4,4,5000000,0,user_4,120,123,
93,5,4200000,0,user_35,121,123,
20,6,3500000,17000,user_13,120,123,
86,7,3500000,0,user_24,121,123,
17,8,2600000,0,user_11,120,123,
92,9,2500000,34700,user_32,121,123,
59,10,2300001,0,user_2,121,123,30
135,11,2300001,0,user_9,122,123,30
128,12,2299999,0,user_0,122,123,30
91,13,2000000,0,user_31,121,123,
85,14,1900000,0,user_24,121,123,
147,15,1900000,0,user_21,122,123,
151,16,1700000,0,user_24,122,123,
164,17,1300000,0,user_37,122,123,
9,18,1200000,0,user_7,120,123,
71,19,1000000,0,user_15,121,123,
108,20,970000,0,user_47,121,123,
190,21,460001,0,user_1,123,123,19
10,22,460000,0,user_7,120,123,
19,23,460000,296000,user_11,120,123,
189,24,459999,0,user_1,123,123,19
35,25,360000,0,user_32,120,123,
158,26,350000,0,user_33,122,123,
36,27,310000,0,user_32,120,123,
18,28,300000,0,user_11,120,123,
11,29,260000,0,user_7,120,123,
187,30,160001,0,user_0,123,123,165
5,31,160000,0,user_5,120,123,
165,32,160000,779000,user_37,122,123,
188,33,159999,0,user_0,123,123,165
8,34,150000,0,user_7,120,123,
3,35,120000,0,user_4,120,123,
2,36,110000,0,user_3,120,123,
7,37,84000,19700,user_7,120,123,
6,38,70000,3130,user_6,120,123,
65,0,19000001,0,user_11,121,124,27
68,1,19000001,0,user_13,121,124,27
23,2,19000000,0,user_16,120,124,
214,3,19000000,0,user_21,123,124,
66,4,18999999,0,user_12,121,124,27
78,5,18999999,0,user_19,121,124,27
139,6,18999999,0,user_13,122,124,27
82,7,5000000,0,user_22,121,124,
130,8,3500001,0,user_5,122,124,20
106,9,3200000,0,user_46,121,124,
229,10,2500000,0,user_35,123,124,
64,11,2300001,0,user_7,121,124,30
67,12,2300001,0,user_13,121,124,30
69,13,2300001,0,user_14,121,124,30
202,14,2300001,0,user_15,123,124,30
133,15,2299999,0,user_7,122,124,30
87,16,2000000,0,user_26,121,124,
232,17,2000000,0,user_37,123,124,
13,18,1600000,0,user_8,120,124,
211,19,1100000,0,user_21,123,124,
213,20,1000000,43600,user_21,123,124,
225,21,1000000,0,user_31,123,124,
157,22,1000000,75000,user_32,122,124,
21,23,970000,0,user_14,120,124,
224,24,970000,24700,user_30,123,124,
105,25,670000,71800,user_46,121,124,
210,26,660000,0,user_21,123,124,
226,27,470000,5180,user_33,123,124,
60,28,460001,0,user_3,121,124,19
62,29,460001,0,user_5,121,124,19
129,30,460001,0,user_4,122,124,19
132,31,460001,0,user_7,122,124,19
216,32,460000,0,user_24,123,124,
61,33,459999,0,user_4,121,124,19
63,34,459999,0,user_5,121,124,19
79,35,459999,0,user_19,121,124,19
131,36,459999,0,user_6,122,124,19
191,37,459999,0,user_2,123,124,19
54,38,260000,0,user_48,120,124,
38,39,220000,0,user_34,120,124,
107,40,190000,0,user_46,121,124,
12,41,170000,0,user_8,120,124,
52,42,170000,0,user_46,120,124,
88,43,170000,11200,user_26,121,124,
262,44,150001,0,user_1,124,124,231
231,45,150000,7190000,user_37,123,124,
261,46,149999,0,user_0,124,124,231
96,47,120000,0,user_40,121,124,
25,48,110000,0,user_19,120,124,
227,49,100000,0,user_33,123,124,
72,50,84001,0,user_16,121,124,7
16,51,83999,0,user_10,120,124,7
70,52,83999,0,user_14,121,124,7
80,53,83999,0,user_19,121,124,7
83,54,83000,21800,user_22,121,124,
212,55,82000,0,user_21,123,124,
49,56,79000,0,user_44,120,124,
217,57,77000,0,user_25,123,124,
81,0,43000000,256000,user_20,121,125,
192,1,27000001,0,user_3,123,125,162
200,2,27000001,0,user_13,123,125,162
199,3,26999999,0,user_13,123,125,162
48,4,5200000,0,user_43,120,125,
43,5,5000000,0,user_38,120,125,
277,13,4500000,0,user_21,124,128,
144,7,2300001,0,user_18,122,125,30
77,8,2299999,0,user_18,121,125,30
197,9,2299999,0,user_11,123,125,30
98,10,1800000,0,user_41,121,125,
137,11,1100001,0,user_10,122,125,29
325,65,1100001,0,user_1,125,128,29
29,13,1100000,17700000,user_23,120,125,
194,14,1099999,0,user_7,123,125,29
287,80,660000,0,user_33,124,128,
324,86,460001,0,user_1,125,128,19
263,17,459999,0,user_2,124,125,19
97,18,350000,0,user_41,121,125,
45,19,340000,0,user_41,120,125,
33,20,220000,0,user_28,120,125,
84,21,190000,12800,user_23,121,125,
284,22,170000,0,user_31,124,125,
193,23,160001,0,user_6,123,125,165
47,24,160000,0,user_43,120,125,
55,25,150000,43600,user_49,120,125,
28,26,130000,0,user_23,120,125,
90,27,120000,0,user_28,121,125,
168,28,98000,0,user_40,122,125,
74,29,84001,0,user_17,121,125,7
76,30,84001,0,user_17,121,125,7
100,31,84000,0,user_43,121,125,
24,32,83999,0,user_17,120,125,7
73,33,83999,0,user_17,121,125,7
75,34,83999,0,user_17,121,125,7
177,0,43000000,0,user_43,122,126,
331,2,26999999,0,user_9,125,128,162
205,3,19000001,0,user_16,123,128,27
176,3,6100000,0,user_43,122,126,
222,7,5200000,0,user_26,123,128,
182,12,4500000,0,user_48,122,128,
218,16,4200000,146000,user_26,123,128,
361,17,4200000,0,user_47,125,128,
142,19,3500001,0,user_16,122,128,20
203,20,3500001,0,user_16,123,128,20
145,22,3499999,0,user_19,122,128,20
344,23,3200000,0,user_30,125,128,
169,12,2600000,0,user_41,122,126,
143,30,2299999,0,user_16,122,128,30
208,31,2299999,0,user_19,123,128,30
184,38,2000000,0,user_48,122,128,
363,40,2000000,0,user_47,125,128,
299,41,1900000,0,user_47,124,128,
345,42,1700000,0,user_31,125,128,
264,51,1300001,0,user_5,124,128,221
326,52,1300001,0,user_2,125,128,221
369,54,1300001,0,user_1,126,128,221
221,57,1300000,369000,user_26,123,128,
154,23,1000000,0,user_28,122,126,
180,74,870000,0,user_48,122,128,
265,25,460001,0,user_7,124,126,19
196,26,459999,0,user_10,123,126,19
269,88,459999,0,user_13,124,128,19
349,94,310000,0,user_35,125,128,
150,29,300000,0,user_23,122,126,
183,97,260000,0,user_48,122,128,
146,31,260000,0,user_20,122,126,
170,32,240000,0,user_41,122,126,
160,33,160000,0,user_34,122,126,
178,34,160000,0,user_44,122,126,
285,35,160000,0,user_32,124,126,
270,36,159999,0,user_15,124,126,165
368,37,150001,0,user_0,126,126,231
337,38,149999,0,user_15,125,126,231
152,39,120000,0,user_26,122,126,
286,40,120000,0,user_32,124,126,
159,41,110000,0,user_34,122,126,
219,42,110000,6390,user_26,123,126,
155,43,100000,0,user_28,122,126,
220,44,87000,0,user_26,123,126,
181,45,85000,0,user_48,122,126,
340,46,85000,0,user_25,125,126,
206,47,84001,0,user_16,123,126,7
204,48,83999,0,user_16,123,126,7
362,49,79000,108000,user_47,125,126,
215,0,30000000,0,user_22,123,129,
207,2,26999999,0,user_18,123,129,162
331,2,26999999,0,user_9,125,128,162
205,3,19000001,0,user_16,123,128,27
298,3,19000000,0,user_46,124,129,
351,0,19000000,0,user_38,125,132,
195,4,18999999,0,user_8,123,129,27
222,7,5200000,0,user_26,123,128,
283,5,5200000,0,user_29,124,129,
297,7,5000000,0,user_46,124,129,
355,9,5000000,56200,user_40,125,129,
233,2,4500000,155000,user_38,123,132,
182,12,4500000,0,user_48,122,128,
277,13,4500000,0,user_21,124,128,
359,11,4500000,0,user_44,125,129,
234,3,4200000,0,user_38,123,132,
218,16,4200000,146000,user_26,123,128,
361,17,4200000,0,user_47,125,128,
399,4,4200000,0,user_38,126,132,
142,19,3500001,0,user_16,122,128,20
203,20,3500001,0,user_16,123,128,20
460,5,3500000,0,user_43,127,132,
145,22,3499999,0,user_19,122,128,20
344,23,3200000,0,user_30,125,128,
356,12,3200000,128000,user_40,125,129,
134,15,2300001,0,user_8,122,129,30
140,16,2300001,0,user_14,122,129,30
370,17,2300001,0,user_2,126,129,30
441,7,2300000,322000,user_23,127,132,
281,18,2300000,0,user_26,124,129,
143,30,2299999,0,user_16,122,128,30
208,31,2299999,0,user_19,123,128,30
138,19,2299999,0,user_12,122,129,30
201,20,2299999,0,user_14,123,129,30
381,22,2299999,0,user_16,126,129,30
423,23,2299999,0,user_6,127,129,30
94,11,2000000,0,user_38,121,132,
109,12,2000000,0,user_49,121,132,
184,38,2000000,0,user_48,122,128,
291,25,2000000,0,user_40,124,129,
363,40,2000000,0,user_47,125,128,
299,41,1900000,0,user_47,124,128,
345,42,1700000,0,user_31,125,128,
357,14,1500000,0,user_41,125,132,
278,27,1500000,0,user_22,124,129,
385,15,1500000,0,user_20,126,132,
393,16,1500000,0,user_28,126,132,
342,17,1400000,15700,user_28,125,132,
244,29,1400000,0,user_46,123,129,
228,30,1400000,0,user_34,123,129,
391,31,1400000,0,user_26,126,129,
264,51,1300001,0,user_5,124,128,221
326,52,1300001,0,user_2,125,128,221
335,32,1300001,0,user_13,125,129,221
369,54,1300001,0,user_1,126,128,221
376,35,1300001,0,user_11,126,129,221
426,36,1300001,0,user_11,127,129,221
221,57,1300000,369000,user_26,123,128,
288,37,1300000,0,user_34,124,129,
332,39,1299999,0,user_11,125,129,221
374,40,1299999,0,user_7,126,129,221
338,41,1299999,0,user_18,125,129,221
380,42,1299999,0,user_16,126,129,221
384,43,1299999,0,user_19,126,129,221
420,44,1299999,0,user_5,127,129,221
325,65,1100001,0,user_1,125,128,29
442,35,1100000,0,user_23,127,132,
354,46,1100000,594000,user_40,125,129,
348,47,1100000,0,user_34,125,129,
373,49,1099999,0,user_7,126,129,29
474,29,1099999,0,user_7,128,130,29
185,42,1000000,0,user_49,122,132,
273,43,1000000,0,user_20,124,132,
238,50,1000000,73100,user_40,123,129,
180,74,870000,0,user_48,122,128,
266,52,670001,0,user_8,124,129,105
276,44,670000,0,user_20,124,132,
400,45,670000,0,user_43,126,132,
300,46,670000,0,user_49,124,132,
272,47,660000,0,user_20,124,132,
287,80,660000,0,user_33,124,128,
149,53,660000,0,user_22,122,129,
443,48,660000,0,user_23,127,132,
352,54,650000,0,user_40,125,129,
156,55,530000,3130,user_29,122,129,
271,52,460001,0,user_17,124,132,19
324,86,460001,0,user_1,125,128,19
274,53,460000,0,user_20,124,132,
269,88,459999,0,user_13,124,128,19
268,57,459999,0,user_12,124,129,19
433,55,459999,0,user_17,127,132,19
294,56,420000,0,user_43,124,132,
392,57,420000,0,user_28,126,132,
364,59,320000,0,user_48,125,129,
349,94,310000,0,user_35,125,128,
245,60,310000,0,user_48,123,129,
295,65,300000,0,user_43,124,132,
183,97,260000,0,user_48,122,128,
148,62,260000,0,user_22,122,129,
282,66,240000,75000,user_28,124,132,
215,0,30000000,0,user_22,123,129,
395,1,30000000,128000,user_31,126,129,
207,2,26999999,0,user_18,123,129,162
298,3,19000000,0,user_46,124,129,
195,4,18999999,0,user_8,123,129,27
283,5,5200000,0,user_29,124,129,
449,6,5200000,0,user_31,127,129,
297,7,5000000,0,user_46,124,129,
446,8,5000000,0,user_25,127,129,
355,9,5000000,56200,user_40,125,129,
496,10,5000000,49100,user_30,128,129,
359,11,4500000,0,user_44,125,129,
356,12,3200000,128000,user_40,125,129,
241,13,2400000,0,user_43,123,129,
347,14,2400000,285000,user_32,125,129,
134,15,2300001,0,user_8,122,129,30
140,16,2300001,0,user_14,122,129,30
370,17,2300001,0,user_2,126,129,30
281,18,2300000,0,user_26,124,129,
138,19,2299999,0,user_12,122,129,30
201,20,2299999,0,user_14,123,129,30
375,21,2299999,0,user_9,126,129,30
381,22,2299999,0,user_16,126,129,30
423,23,2299999,0,user_6,127,129,30
451,24,2100000,108000,user_33,127,129,
291,25,2000000,0,user_40,124,129,
396,26,1800000,17000,user_33,126,129,
278,27,1500000,0,user_22,124,129,
498,28,1500000,0,user_30,128,129,
244,29,1400000,0,user_46,123,129,
228,30,1400000,0,user_34,123,129,
391,31,1400000,0,user_26,126,129,
335,32,1300001,0,user_13,125,129,221
418,33,1300001,0,user_0,127,129,221
419,34,1300001,0,user_0,127,129,221
376,35,1300001,0,user_11,126,129,221
426,36,1300001,0,user_11,127,129,221
288,37,1300000,0,user_34,124,129,
485,38,1300000,0,user_21,128,129,
332,39,1299999,0,user_11,125,129,221
374,40,1299999,0,user_7,126,129,221
338,41,1299999,0,user_18,125,129,221
380,42,1299999,0,user_16,126,129,221
384,43,1299999,0,user_19,126,129,221
420,44,1299999,0,user_5,127,129,221
448,45,1100000,0,user_30,127,129,
354,46,1100000,594000,user_40,125,129,
348,47,1100000,0,user_34,125,129,
267,48,1099999,0,user_10,124,129,29
373,49,1099999,0,user_7,126,129,29
238,50,1000000,73100,user_40,123,129,
497,51,970000,0,user_30,128,129,
266,52,670001,0,user_8,124,129,105
149,53,660000,0,user_22,122,129,
352,54,650000,0,user_40,125,129,
156,55,530000,3130,user_29,122,129,
398,56,470000,0,user_35,126,129,
268,57,459999,0,user_12,124,129,19
386,58,320000,7190000,user_21,126,129,
364,59,320000,0,user_48,125,129,
245,60,310000,0,user_48,123,129,
499,61,310000,0,user_31,128,129,
148,62,260000,0,user_22,122,129,
280,63,240000,32900,user_26,124,129,
438,64,220000,0,user_21,127,129,
495,65,220000,0,user_30,128,129,
209,66,170000,0,user_20,123,129,
500,67,170000,0,user_33,128,129,
333,68,160001,0,user_11,125,129,165
383,69,160001,0,user_19,126,129,165
421,70,160001,0,user_5,127,129,165
422,71,160001,0,user_6,127,129,165
526,72,160001,0,user_1,129,129,165
296,73,160000,0,user_44,124,129,
327,74,159999,0,user_4,125,129,165
382,75,159999,0,user_18,126,129,165
428,76,159999,0,user_13,127,129,165
469,77,159999,0,user_2,128,129,165
328,78,150001,0,user_6,125,129,231
329,79,150001,0,user_7,125,129,231
379,80,150001,0,user_15,126,129,231
372,81,150001,0,user_6,126,129,231
371,82,149999,0,user_3,126,129,231
394,83,120000,0,user_30,126,129,
353,84,100000,0,user_40,125,129,
248,85,98000,0,user_48,123,129,
389,86,87000,0,user_24,126,129,
388,87,84000,0,user_24,126,129,
246,88,84000,0,user_48,123,129,
198,89,82999,0,user_12,123,129,83
346,90,77000,0,user_32,125,129,
247,91,73000,0,user_48,123,129,
390,92,70000,0,user_25,126,129,
489,0,19000000,0,user_24,128,130,
387,1,5000000,71800,user_22,126,130,
447,2,5000000,0,user_26,127,130,
455,3,5000000,0,user_37,127,130,
557,4,4500000,0,user_33,129,130,
343,5,2400000,0,user_29,125,130,
471,6,2300001,0,user_4,128,130,30
479,7,2300001,0,user_13,128,130,30
470,8,2299999,0,user_3,128,130,30
475,9,2299999,0,user_9,128,130,30
542,10,2299999,0,user_15,129,130,30
450,11,1600000,0,user_32,127,130,
578,12,1500000,0,user_47,129,130,
377,13,1300001,0,user_14,126,130,221
424,14,1300001,0,user_8,127,130,221
436,15,1300001,0,user_19,127,130,221
535,16,1300001,0,user_9,129,130,221
540,17,1300001,0,user_15,129,130,221
541,18,1300001,0,user_15,129,130,221
360,19,1300000,0,user_46,125,130,
330,20,1299999,0,user_8,125,130,221
334,21,1299999,0,user_12,125,130,221
336,22,1299999,0,user_14,125,130,221
425,23,1299999,0,user_9,127,130,221
476,24,1299999,0,user_9,128,130,221
533,25,1299999,0,user_9,129,130,221
534,26,1299999,0,user_9,129,130,221
536,27,1299999,0,user_9,129,130,221
431,28,1100001,0,user_16,127,130,29
474,29,1099999,0,user_7,128,130,29
527,30,1099999,0,user_2,129,130,354
603,31,1099999,0,user_1,130,130,354
445,32,910000,0,user_24,127,130,
549,33,600000,139000,user_24,129,130,
488,34,530000,0,user_24,128,130,
403,35,420000,0,user_46,126,130,
397,36,420000,0,user_34,126,130,
453,37,420000,0,user_35,127,130,
576,38,420000,0,user_47,129,130,
577,39,420000,0,user_47,129,130,
602,40,320001,0,user_0,130,130,386
464,41,310000,0,user_47,127,130,
556,42,300000,0,user_33,129,130,
463,43,240000,0,user_47,127,130,
511,44,240000,0,user_47,128,130,
554,45,190000,0,user_30,129,130,
429,46,160001,0,user_14,127,130,165
473,47,160001,0,user_7,128,130,165
555,48,160000,0,user_31,129,130,
378,49,159999,0,user_14,126,130,165
543,50,159999,0,user_15,129,130,165
427,51,150001,0,user_12,127,130,231
472,52,150001,0,user_5,128,130,231
430,53,150001,0,user_15,127,130,231
575,54,150000,0,user_47,129,130,
339,55,120000,0,user_22,125,130,
439,56,120000,0,user_22,127,130,
547,57,110000,0,user_21,129,130,
553,58,83000,0,user_30,129,130,
550,59,80000,0,user_25,129,130,
478,0,2300001,0,user_12,128,131,30
480,1,2300001,0,user_16,128,131,30
481,2,2299999,0,user_16,128,131,30
493,3,1900000,0,user_29,128,131,
604,4,1100001,0,user_2,130,131,354
662,5,1100001,0,user_1,131,131,354
528,6,1099999,0,user_3,129,131,29
531,7,1099999,0,user_5,129,131,354
539,8,1099999,0,user_13,129,131,354
663,9,1099999,0,user_1,131,131,29
494,10,470000,0,user_29,128,131,
486,11,420000,0,user_22,128,131,
529,12,320001,0,user_4,129,131,386
530,13,320001,0,user_5,129,131,386
638,14,320000,0,user_31,130,131,
490,15,160000,0,user_26,128,131,
510,16,77000,0,user_46,128,131,
633,17,70000,0,user_25,130,131,
351,0,19000000,0,user_38,125,132,
506,1,6100000,24700,user_41,128,132,
233,2,4500000,155000,user_38,123,132,
234,3,4200000,0,user_38,123,132,
399,4,4200000,0,user_38,126,132,
460,5,3500000,0,user_43,127,132,
632,6,3500000,296000,user_24,130,132,
441,7,2300000,322000,user_23,127,132,
482,8,2299999,0,user_17,128,132,30
537,9,2299999,0,user_10,129,132,30
487,10,2100000,0,user_23,128,132,
94,11,2000000,0,user_38,121,132,
109,12,2000000,0,user_49,121,132,
456,13,1600000,0,user_38,127,132,
357,14,1500000,0,user_41,125,132,
385,15,1500000,0,user_20,126,132,
393,16,1500000,0,user_28,126,132,
342,17,1400000,15700,user_28,125,132,
647,18,1400000,0,user_35,130,132,
434,19,1300001,0,user_18,127,132,221
484,20,1300001,0,user_18,128,132,221
435,21,1299999,0,user_18,127,132,221
483,22,1299999,0,user_18,128,132,221
605,23,1100001,0,user_3,130,132,29
606,24,1100001,0,user_4,130,132,354
607,25,1100001,0,user_6,130,132,354
609,26,1100001,0,user_7,130,132,354
610,27,1100001,0,user_7,130,132,354
612,28,1100001,0,user_7,130,132,354
615,29,1100001,0,user_11,130,132,354
664,30,1100001,0,user_2,131,132,354
666,31,1100001,0,user_2,131,132,354
667,32,1100001,0,user_2,131,132,354
740,33,1100001,0,user_0,132,132,354
741,34,1100001,0,user_1,132,132,354
442,35,1100000,0,user_23,127,132,
608,36,1099999,0,user_7,130,132,354
611,37,1099999,0,user_7,130,132,354
616,38,1099999,0,user_11,130,132,354
665,39,1099999,0,user_2,131,132,354
739,40,1099999,0,user_0,132,132,354
505,41,1000000,256000,user_40,128,132,
185,42,1000000,0,user_49,122,132,
273,43,1000000,0,user_20,124,132,
276,44,670000,0,user_20,124,132,
400,45,670000,0,user_43,126,132,
300,46,670000,0,user_49,124,132,
272,47,660000,0,user_20,124,132,
443,48,660000,0,user_23,127,132,
701,49,660000,0,user_33,131,132,
691,50,600000,0,user_24,131,132,
704,51,530000,0,user_37,131,132,
271,52,460001,0,user_17,124,132,19
274,53,460000,0,user_20,124,132,
692,54,460000,0,user_24,131,132,
433,55,459999,0,user_17,127,132,19
294,56,420000,0,user_43,124,132,
392,57,420000,0,user_28,126,132,
700,58,420000,0,user_33,131,132,
649,59,420000,0,user_35,130,132,
538,60,320001,0,user_12,129,132,386
532,61,319999,0,user_8,129,132,386
622,62,319999,0,user_15,130,132,386
672,63,319999,0,user_9,131,132,386
574,64,310000,231000,user_46,129,132,
295,65,300000,0,user_43,124,132,
282,66,240000,75000,user_28,124,132,
275,67,220000,0,user_20,124,132,
492,68,220000,0,user_28,128,132,
652,69,220000,0,user_37,130,132,
235,70,190000,0,user_38,123,132,
279,71,190000,0,user_23,124,132,
236,72,170000,0,user_38,123,132,
437,73,170000,0,user_20,127,132,
457,74,170000,0,user_41,127,132,
646,75,170000,283000,user_35,130,132,
477,76,150001,0,user_10,128,132,231
651,77,150000,0,user_37,130,132,
659,78,150000,0,user_47,130,132,
432,79,149999,0,user_17,127,132,231
698,80,120000,0,user_31,131,132,
444,81,110000,0,user_23,127,132,
166,82,85000,0,user_38,122,132,
648,83,85000,0,user_35,130,132,
645,84,82000,0,user_35,130,132,
440,85,79000,0,user_23,127,132,
358,86,73000,0,user_43,125,132,
507,87,70000,0,user_43,128,132,
771,0,4500000,0,user_33,132,133,
452,1,3600000,0,user_34,127,133,
774,2,2600000,0,user_35,132,133,
653,3,2000000,510000,user_40,130,133,
767,4,1500000,0,user_30,132,133,
544,5,1100001,0,user_16,129,133,354
626,6,1100001,0,user_16,130,133,354
670,7,1100001,0,user_6,131,133,354
742,8,1100001,0,user_2,132,133,354
800,9,1100001,0,user_0,133,133,354
801,10,1100001,0,user_1,133,133,354
773,11,1100000,60700,user_35,132,133,
668,12,1099999,0,user_3,131,133,354
546,13,1099999,0,user_19,129,133,354
623,14,1099999,0,user_16,130,133,354
628,15,1099999,0,user_18,130,133,29
676,16,1099999,0,user_13,131,133,354
749,17,1099999,0,user_9,132,133,354
802,18,1099999,0,user_1,133,133,354
803,19,1099999,0,user_1,133,133,354
551,20,910000,0,user_26,129,133,
768,21,530000,0,user_30,132,133,
760,22,360000,0,user_21,132,133,
625,23,320001,0,user_16,130,133,386
512,24,320000,0,user_48,128,133,
624,25,319999,0,user_16,130,133,386
627,26,150001,0,user_16,130,133,231
674,27,150001,0,user_11,131,133,231
769,28,150000,46500,user_31,132,133,
669,29,149999,0,user_5,131,133,231
461,30,110000,0,user_44,127,133,
508,31,110000,164000,user_44,128,133,
634,32,100000,0,user_26,130,133,
699,0,27000000,0,user_32,131,134,
830,1,4200000,0,user_24,133,134,
770,2,1900000,0,user_32,132,134,
838,3,1500000,0,user_33,133,134,
639,4,1500000,0,user_32,130,134,
825,5,1099999,0,user_15,133,134,354
862,6,1099999,0,user_0,134,134,354
864,7,1099999,0,user_1,134,134,354
832,8,910000,0,user_25,133,134,
831,9,650000,0,user_24,133,134,
863,10,150001,0,user_1,134,134,231
837,11,120000,0,user_33,133,134,
842,12,120000,0,user_37,133,134,
836,13,110000,0,user_30,133,134,
840,14,87000,0,user_35,133,134,
707,0,43000000,0,user_40,131,135,
904,1,27000000,0,user_37,134,135,
629,2,19000000,0,user_20,130,135,
548,3,5200000,108000,user_23,129,135,
503,4,5000000,0,user_38,128,135,
579,5,5000000,0,user_48,129,135,
914,6,5000000,0,user_47,134,135,
545,7,2300001,0,user_17,129,135,30
568,8,1900000,0,user_41,129,135,
714,9,1700000,0,user_46,131,135,
682,10,1700000,0,user_20,131,135,
686,11,1600000,510000,user_22,131,135,
696,12,1600000,0,user_28,131,135,
897,13,1600000,0,user_30,134,135,
708,14,1500000,0,user_40,131,135,
514,15,1500000,0,user_49,128,135,
656,16,1500000,0,user_43,130,135,
657,17,1500000,0,user_43,130,135,
571,18,1500000,0,user_44,129,135,
702,19,1500000,0,user_34,131,135,
713,20,1400000,0,user_44,131,135,
617,21,1100001,0,user_12,130,135,354
619,22,1100001,0,user_12,130,135,354
620,23,1100001,0,user_12,130,135,354
675,24,1100001,0,user_12,131,135,354
745,25,1100001,0,user_6,132,135,354
614,26,1100001,0,user_10,130,135,354
679,27,1100001,0,user_16,131,135,354
758,28,1100001,0,user_19,132,135,354
805,29,1100001,0,user_5,133,135,354
752,30,1100001,0,user_10,132,135,354
811,31,1100001,0,user_7,133,135,354
812,32,1100001,0,user_7,133,135,354
873,33,1100001,0,user_9,134,135,354
943,34,1100001,0,user_1,135,135,354
613,35,1099999,0,user_8,130,135,354
673,36,1099999,0,user_10,131,135,354
680,37,1099999,0,user_18,131,135,354
754,38,1099999,0,user_11,132,135,354
678,39,1099999,0,user_16,131,135,354
681,40,1099999,0,user_19,131,135,354
809,41,1099999,0,user_5,133,135,354
751,42,1099999,0,user_10,132,135,354
753,43,1099999,0,user_10,132,135,354
884,44,1099999,0,user_15,134,135,29
941,45,1099999,0,user_0,135,135,354
942,46,1099999,0,user_0,135,135,354
642,47,1000000,0,user_34,130,135,
643,48,1000000,39400,user_34,130,135,
689,49,1000000,0,user_23,131,135,
637,50,970000,0,user_29,130,135,
694,51,970000,510000,user_26,131,135,
683,52,970000,39400,user_20,131,135,
687,53,910000,0,user_22,131,135,
630,54,870000,0,user_22,130,135,
688,55,870000,0,user_22,131,135,
684,56,630000,15700,user_22,131,135,
898,57,460000,12800,user_31,134,135,
711,58,370000,0,user_43,131,135,
640,59,360000,0,user_34,130,135,
893,60,360000,0,user_25,134,135,
569,61,350000,0,user_43,129,135,
778,62,350000,0,user_40,132,135,
915,63,350000,0,user_47,134,135,
693,64,340000,0,user_26,131,135,
757,65,320001,0,user_16,132,135,386
807,66,320001,0,user_5,133,135,386
709,67,320000,0,user_41,131,135,
900,68,320000,14200,user_33,134,135,
744,69,319999,0,user_6,132,135,386
810,70,319999,0,user_6,133,135,386
890,71,310000,0,user_21,134,135,
715,72,260000,0,user_48,131,135,
690,73,260000,0,user_23,131,135,
513,74,240000,128000,user_49,128,135,
658,75,220000,49100,user_46,130,135,
697,76,220000,0,user_28,131,135,
903,77,170000,0,user_37,134,135,
804,78,160001,0,user_3,133,135,165
746,79,159999,0,user_7,132,135,165
808,80,159999,0,user_5,133,135,165
621,81,150001,0,user_12,130,135,231
671,82,150001,0,user_8,131,135,231
743,83,150001,0,user_4,132,135,231
806,84,150001,0,user_5,133,135,231
631,85,150000,0,user_23,130,135,
570,86,150000,0,user_44,129,135,
710,87,150000,0,user_43,131,135,
618,88,149999,0,user_12,130,135,231
677,89,149999,0,user_14,131,135,231
750,90,149999,0,user_10,132,135,231
865,91,149999,0,user_2,134,135,231
902,92,120000,15100,user_35,134,135,
685,93,87000,0,user_22,131,135,
712,94,87000,0,user_44,131,135,
779,95,83000,108000,user_40,132,135,
552,96,80000,0,user_28,129,135,
654,97,80000,13900,user_41,130,135,
892,98,77000,0,user_24,134,135,
558,99,73000,0,user_34,129,135,
899,0,2400000,0,user_32,134,136,
969,1,2000000,0,user_31,135,136,
964,2,1900000,0,user_30,135,136,
846,3,1600000,0,user_40,133,136,
965,4,1400000,1100000,user_31,135,136,
866,5,1100001,0,user_5,134,136,354
870,6,1100001,0,user_6,134,136,354
881,7,1100001,0,user_13,134,136,354
945,8,1100001,0,user_2,135,136,354
826,9,1099999,0,user_16,133,136,354
868,10,1099999,0,user_5,134,136,354
869,11,1099999,0,user_6,134,136,354
877,12,1099999,0,user_11,134,136,354
879,13,1099999,0,user_13,134,136,354
880,14,1099999,0,user_13,134,136,354
951,15,1099999,0,user_9,135,136,354
954,16,1099999,0,user_15,135,136,354
968,17,460000,0,user_31,135,136,
950,18,320001,0,user_9,135,136,386
867,19,319999,0,user_5,134,136,386
944,20,319999,0,user_2,135,136,386
982,21,240000,5640,user_47,135,136,
959,22,170000,0,user_25,135,136,
827,23,159999,0,user_18,133,136,165
1004,24,159999,0,user_0,136,136,165
871,25,150001,0,user_6,134,136,231
1005,26,150001,0,user_1,136,136,231
966,27,150000,0,user_31,135,136,
833,28,120000,24700,user_26,133,136,
967,29,120000,0,user_31,135,136,
972,30,110000,0,user_37,135,136,
762,0,43000000,0,user_23,132,137,
782,1,43000000,0,user_43,132,137,
849,2,30000000,0,user_44,133,137,
839,3,27000000,0,user_34,133,137,
764,4,4500000,0,user_28,132,137,
792,5,4200000,0,user_48,132,137,
829,6,3600000,0,user_23,133,137,
793,7,2000000,0,user_48,132,137,
1030,8,1500000,0,user_25,136,137,
946,9,1100001,0,user_3,135,137,29
817,10,1100001,0,user_10,133,137,354
875,11,1100001,0,user_10,134,137,354
876,12,1100001,0,user_10,134,137,354
949,13,1100001,0,user_7,135,137,29
1007,14,1100001,0,user_2,136,137,29
1023,15,1100001,0,user_15,136,137,354
1017,16,1099999,0,user_9,136,137,354
795,17,1000000,0,user_48,132,137,
1038,18,1000000,0,user_33,136,137,
781,19,970000,0,user_43,132,137,
784,20,910000,0,user_44,132,137,
794,21,650000,0,user_48,132,137,
791,22,630000,15100,user_48,132,137,
970,23,600000,0,user_32,135,137,
1036,24,420000,0,user_31,136,137,
948,25,320001,0,user_7,135,137,386
1010,26,320001,0,user_2,136,137,386
1064,27,319999,0,user_1,137,137,386
818,28,160001,0,user_10,133,137,165
1008,29,160001,0,user_2,136,137,165
1063,30,160001,0,user_0,137,137,165
783,31,160000,0,user_44,132,137,
851,32,160000,33300,user_48,133,137,
1035,33,160000,0,user_31,136,137,
874,34,159999,0,user_10,134,137,165
1006,35,159999,0,user_2,136,137,165
1009,36,159999,0,user_2,136,137,165
888,37,149999,0,user_19,134,137,231
947,38,149999,0,user_5,135,137,231
759,39,120000,0,user_20,132,137,
828,40,120000,0,user_23,133,137,
848,41,85000,0,user_43,133,137,
772,42,83000,0,user_34,132,137,
835,43,77000,0,user_28,133,137,
1031,44,77000,0,user_25,136,137,
1089,0,30000000,0,user_21,137,138,
761,1,2500000,15700,user_22,132,138,
975,2,1800000,13900,user_40,135,138,
787,3,1500000,0,user_46,132,138,
891,4,1500000,0,user_22,134,138,
912,5,1500000,6390,user_46,134,138,
747,6,1100001,0,user_8,132,138,354
820,7,1100001,0,user_14,133,138,354
821,8,1100001,0,user_14,133,138,354
824,9,1100001,0,user_14,133,138,354
878,10,1100001,0,user_12,134,138,29
953,11,1100001,0,user_14,135,138,354
955,12,1100001,0,user_16,135,138,354
1013,13,1100001,0,user_5,136,138,29
887,14,1100001,0,user_18,134,138,354
1065,15,1100001,0,user_2,137,138,29
748,16,1099999,0,user_8,132,138,354
755,17,1099999,0,user_12,132,138,354
756,18,1099999,0,user_12,132,138,354
814,19,1099999,0,user_8,133,138,354
815,20,1099999,0,user_8,133,138,29
819,21,1099999,0,user_12,133,138,354
823,22,1099999,0,user_14,133,138,354
766,23,870000,0,user_29,132,138,
1096,24,650000,0,user_31,137,138,
1095,25,460000,0,user_30,137,138,
786,26,360000,0,user_46,132,138,
765,27,350000,0,user_29,132,138,
822,28,320001,0,user_14,133,138,386
960,29,320000,49100,user_26,135,138,
813,30,319999,0,user_8,133,138,386
1012,31,319999,0,user_4,136,138,386
913,32,310000,0,user_46,134,138,
1101,33,300000,0,user_33,137,138,
790,34,260000,0,user_46,132,138,
963,35,190000,0,user_29,135,138,
789,36,170000,0,user_46,132,138,
1011,37,160001,0,user_3,136,138,165
1014,38,160001,0,user_5,136,138,165
1021,39,160001,0,user_13,136,138,165
1135,40,160001,0,user_1,138,138,165
1136,41,160001,0,user_1,138,138,165
816,42,159999,0,user_8,133,138,165
872,43,159999,0,user_8,134,138,165
1015,44,159999,0,user_6,136,138,165
1019,45,159999,0,user_11,136,138,165
1066,46,159999,0,user_2,137,138,165
882,47,150001,0,user_14,134,138,231
1090,48,150000,0,user_21,137,138,
883,49,149999,0,user_14,134,138,231
952,50,149999,0,user_12,135,138,231
1092,51,120000,0,user_25,137,138,
788,52,85000,0,user_46,132,138,
1102,53,82000,31700,user_33,137,138,
1037,0,43000000,0,user_32,136,139,
895,1,30000000,0,user_28,134,139,
1106,2,30000000,16400,user_35,137,139,
563,3,19000000,0,user_38,129,139,
1098,4,6300000,3130,user_32,137,139,
1097,5,5200000,0,user_32,137,139,
911,6,4500000,0,user_44,134,139,
705,7,4500000,0,user_38,131,139,
1164,8,4500000,0,user_21,138,139,
910,9,3200000,0,user_43,134,139,
844,10,2400000,0,user_38,133,139,
962,11,2300000,0,user_28,135,139,
971,12,2100000,0,user_34,135,139,
957,13,2000000,0,user_20,135,139,
979,14,2000000,0,user_43,135,139,
565,15,1900000,0,user_38,129,139,
580,16,1600000,161000,user_49,129,139,
896,17,1600000,0,user_28,134,139,
1069,18,1500001,0,user_5,137,139,901
901,19,1500000,17700000,user_34,134,139,
905,20,1500000,0,user_38,134,139,
1222,21,1499999,0,user_1,139,139,901
1137,22,1400001,0,user_2,138,139,965
564,23,1400000,35600,user_38,129,139,
958,24,1400000,56200,user_23,135,139,
1168,25,1400000,0,user_25,138,139,
1026,26,1399999,0,user_19,136,139,965
1068,27,1399999,0,user_5,137,139,965
885,28,1100001,0,user_17,134,139,354
956,29,1100001,0,user_17,135,139,29
843,30,1100000,296000,user_38,133,139,
1018,31,1099999,0,user_10,136,139,354
916,32,1000000,369000,user_48,134,139,
907,33,870000,0,user_41,134,139,
1104,34,870000,0,user_35,137,139,
1105,35,870000,0,user_35,137,139,
566,36,600000,0,user_38,129,139,
1100,37,420000,0,user_32,137,139,
1108,38,350000,0,user_37,137,139,
1070,39,319999,0,user_6,137,139,386
976,40,310000,0,user_41,135,139,
716,41,260000,322000,user_49,131,139,
717,42,170000,18600,user_49,131,139,
1099,43,170000,0,user_32,137,139,
1071,44,160001,0,user_7,137,139,165
1155,45,160001,0,user_15,138,139,165
1067,46,159999,0,user_3,137,139,165
1024,47,159999,0,user_16,136,139,165
886,48,159999,0,user_17,134,139,165
1144,49,159999,0,user_9,138,139,165
1221,50,150001,0,user_0,139,139,1191
1191,51,150000,4320000,user_47,138,139,
1077,52,149999,0,user_11,137,139,231
1078,53,149999,0,user_11,137,139,231
1081,54,149999,0,user_15,137,139,231
889,55,130000,0,user_20,134,139,
983,56,110000,0,user_48,135,139,
1032,57,110000,0,user_26,136,139,
917,58,85000,0,user_49,134,139,
567,59,84000,0,user_38,129,139,
1176,60,82000,0,user_30,138,139,
776,61,80000,0,user_38,132,139,
1103,62,79000,0,user_35,137,139,
1180,63,79000,0,user_35,138,139,
0,7,3200000,0,user_0,140,142,
1,14,2100000,0,user_1,140,142,
27,1,19000000,71800,user_21,140,142,
34,5,3600000,0,user_31,140,142,
30,11,2300000,410000,user_25,140,142,
58,12,2299999,0,user_1,141,142,30
37,16,1300000,0,user_33,140,142,
26,19,1000000,0,user_21,140,142,
39,20,1000000,0,user_35,140,142,
42,23,420000,0,user_37,140,142,
56,24,370000,0,user_0,141,142,
57,27,310000,0,user_0,141,142,
53,29,300000,0,user_47,140,142,
22,32,170000,0,user_15,140,142,
15,35,150000,0,user_9,140,142,
31,47,73000,0,user_25,140,142,
14,48,73000,0,user_9,140,142,
81,0,43000000,256000,user_20,141,145,
27,1,19000000,71800,user_21,140,142,
48,4,5200000,0,user_43,140,145,
4,4,5000000,0,user_4,140,143,
43,5,5000000,0,user_38,140,145,
34,5,3600000,0,user_31,140,142,
20,6,3500000,17000,user_13,140,143,
0,7,3200000,0,user_0,140,142,
17,8,2600000,0,user_11,140,143,
59,10,2300001,0,user_2,141,143,30
64,11,2300001,0,user_7,141,144,30
30,11,2300000,410000,user_25,140,142,
58,12,2299999,0,user_1,141,142,30
133,15,2299999,0,user_7,142,144,30
1,14,2100000,0,user_1,140,142,
98,10,1800000,0,user_41,141,145,
37,16,1300000,0,user_33,140,142,
137,11,1100001,0,user_10,142,145,29
29,13,1100000,17700000,user_23,140,145,
26,19,1000000,0,user_21,140,142,
39,20,1000000,0,user_35,140,142,
132,31,460001,0,user_7,142,144,19
19,23,460000,296000,user_11,140,143,
42,23,420000,0,user_37,140,142,
56,24,370000,0,user_0,141,142,
97,18,350000,0,user_41,141,145,
45,19,340000,0,user_41,140,145,
57,27,310000,0,user_0,141,142,
18,28,300000,0,user_11,140,143,
53,29,300000,0,user_47,140,142,
33,20,220000,0,user_28,140,145,
84,21,190000,12800,user_23,141,145,
22,32,170000,0,user_15,140,142,
47,24,160000,0,user_43,140,145,
5,31,160000,0,user_5,140,143,
15,35,150000,0,user_9,140,142,
55,25,150000,43600,user_49,140,145,
28,26,130000,0,user_23,140,145,
3,35,120000,0,user_4,140,143,
90,27,120000,0,user_28,141,145,
2,36,110000,0,user_3,140,143,
74,29,84001,0,user_17,141,145,7
76,30,84001,0,user_17,141,145,7
100,31,84000,0,user_43,141,145,
24,32,83999,0,user_17,140,145,7
73,33,83999,0,user_17,141,145,7
75,34,83999,0,user_17,141,145,7
31,47,73000,0,user_25,140,142,
14,48,73000,0,user_9,140,142,
6,38,70000,3130,user_6,140,143,
162,0,27000000,283000,user_35,142,143,
136,1,19000001,0,user_9,142,143,27
141,2,19000001,0,user_15,142,143,27
161,3,6300000,0,user_35,142,143,
4,4,5000000,0,user_4,140,143,
93,5,4200000,0,user_35,141,143,
20,6,3500000,17000,user_13,140,143,
86,7,3500000,0,user_24,141,143,
17,8,2600000,0,user_11,140,143,
92,9,2500000,34700,user_32,141,143,
59,10,2300001,0,user_2,141,143,30
135,11,2300001,0,user_9,142,143,30
128,12,2299999,0,user_0,142,143,30
91,13,2000000,0,user_31,141,143,
85,14,1900000,0,user_24,141,143,
147,15,1900000,0,user_21,142,143,
151,16,1700000,0,user_24,142,143,
164,17,1300000,0,user_37,142,143,
9,18,1200000,0,user_7,140,143,
71,19,1000000,0,user_15,141,143,
108,20,970000,0,user_47,141,143,
190,21,460001,0,user_1,143,143,19
10,22,460000,0,user_7,140,143,
19,23,460000,296000,user_11,140,143,
189,24,459999,0,user_1,143,143,19
35,25,360000,0,user_32,140,143,
158,26,350000,0,user_33,142,143,
36,27,310000,0,user_32,140,143,
18,28,300000,0,user_11,140,143,
11,29,260000,0,user_7,140,143,
187,30,160001,0,user_0,143,143,165
5,31,160000,0,user_5,140,143,
165,32,160000,779000,user_37,142,143,
188,33,159999,0,user_0,143,143,165
8,34,150000,0,user_7,140,143,
3,35,120000,0,user_4,140,143,
2,36,110000,0,user_3,140,143,
7,37,84000,19700,user_7,140,143,
6,38,70000,3130,user_6,140,143,
65,0,19000001,0,user_11,141,144,27
68,1,19000001,0,user_13,141,144,27
23,2,19000000,0,user_16,140,144,
214,3,19000000,0,user_21,143,144,
66,4,18999999,0,user_12,141,144,27
78,5,18999999,0,user_19,141,144,27
139,6,18999999,0,user_13,142,144,27
82,7,5000000,0,user_22,141,144,
130,8,3500001,0,user_5,142,144,20
106,9,3200000,0,user_46,141,144,
229,10,2500000,0,user_35,143,144,
64,11,2300001,0,user_7,141,144,30
67,12,2300001,0,user_13,141,144,30
69,13,2300001,0,user_14,141,144,30
202,14,2300001,0,user_15,143,144,30
133,15,2299999,0,user_7,142,144,30
87,16,2000000,0,user_26,141,144,
232,17,2000000,0,user_37,143,144,
13,18,1600000,0,user_8,140,144,
211,19,1100000,0,user_21,143,144,
213,20,1000000,43600,user_21,143,144,
225,21,1000000,0,user_31,143,144,
157,22,1000000,75000,user_32,142,144,
21,23,970000,0,user_14,140,144,
224,24,970000,24700,user_30,143,144,
105,25,670000,71800,user_46,141,144,
210,26,660000,0,user_21,143,144,
226,27,470000,5180,user_33,143,144,
60,28,460001,0,user_3,141,144,19
62,29,460001,0,user_5,141,144,19
129,30,460001,0,user_4,142,144,19
132,31,460001,0,user_7,142,144,19
216,32,460000,0,user_24,143,144,
61,33,459999,0,user_4,141,144,19
63,34,459999,0,user_5,141,144,19
79,35,459999,0,user_19,141,144,19
131,36,459999,0,user_6,142,144,19
191,37,459999,0,user_2,143,144,19
54,38,260000,0,user_48,140,144,
38,39,220000,0,user_34,140,144,
107,40,190000,0,user_46,141,144,
12,41,170000,0,user_8,140,144,
52,42,170000,0,user_46,140,144,
88,43,170000,11200,user_26,141,144,
262,44,150001,0,user_1,144,144,231
231,45,150000,7190000,user_37,143,144,
261,46,149999,0,user_0,144,144,231
96,47,120000,0,user_40,141,144,
25,48,110000,0,user_19,140,144,
227,49,100000,0,user_33,143,144,
72,50,84001,0,user_16,141,144,7
16,51,83999,0,user_10,140,144,7
70,52,83999,0,user_14,141,144,7
80,53,83999,0,user_19,141,144,7
83,54,83000,21800,user_22,141,144,
212,55,82000,0,user_21,143,144,
49,56,79000,0,user_44,140,144,
217,57,77000,0,user_25,143,144,
81,0,43000000,256000,user_20,141,145,
192,1,27000001,0,user_3,143,145,162
200,2,27000001,0,user_13,143,145,162
199,3,26999999,0,user_13,143,145,162
48,4,5200000,0,user_43,140,145,
43,5,5000000,0,user_38,140,145,
277,13,4500000,0,user_21,144,148,
144,7,2300001,0,user_18,142,145,30
77,8,2299999,0,user_18,141,145,30
197,9,2299999,0,user_11,143,145,30
98,10,1800000,0,user_41,141,145,
137,11,1100001,0,user_10,142,145,29
325,65,1100001,0,user_1,145,148,29
29,13,1100000,17700000,user_23,140,145,
194,14,1099999,0,user_7,143,145,29
287,80,660000,0,user_33,144,148,
324,86,460001,0,user_1,145,148,19
263,17,459999,0,user_2,144,145,19
97,18,350000,0,user_41,141,145,
45,19,340000,0,user_41,140,145,
33,20,220000,0,user_28,140,145,
84,21,190000,12800,user_23,141,145,
284,22,170000,0,user_31,144,145,
193,23,160001,0,user_6,143,145,165
47,24,160000,0,user_43,140,145,
55,25,150000,43600,user_49,140,145,
28,26,130000,0,user_23,140,145,
90,27,120000,0,user_28,141,145,
168,28,98000,0,user_40,142,145,
74,29,84001,0,user_17,141,145,7
76,30,84001,0,user_17,141,145,7
100,31,84000,0,user_43,141,145,
24,32,83999,0,user_17,140,145,7
73,33,83999,0,user_17,141,145,7
75,34,83999,0,user_17,141,145,7
177,0,43000000,0,user_43,142,146,
331,2,26999999,0,user_9,145,148,162
205,3,19000001,0,user_16,143,148,27
176,3,6100000,0,user_43,142,146,
222,7,5200000,0,user_26,143,148,
182,12,4500000,0,user_48,142,148,
218,16,4200000,146000,user_26,143,148,
361,17,4200000,0,user_47,145,148,
142,19,3500001,0,user_16,142,148,20
203,20,3500001,0,user_16,143,148,20
145,22,3499999,0,user_19,142,148,20
344,23,3200000,0,user_30,145,148,
169,12,2600000,0,user_41,142,146,
143,30,2299999,0,user_16,142,148,30
208,31,2299999,0,user_19,143,148,30
184,38,2000000,0,user_48,142,148,
363,40,2000000,0,user_47,145,148,
299,41,1900000,0,user_47,144,148,
345,42,1700000,0,user_31,145,148,
264,51,1300001,0,user_5,144,148,221
326,52,1300001,0,user_2,145,148,221
369,54,1300001,0,user_1,146,148,221
221,57,1300000,369000,user_26,143,148,
154,23,1000000,0,user_28,142,146,
180,74,870000,0,user_48,142,148,
265,25,460001,0,user_7,144,146,19
196,26,459999,0,user_10,143,146,19
269,88,459999,0,user_13,144,148,19
349,94,310000,0,user_35,145,148,
150,29,300000,0,user_23,142,146,
183,97,260000,0,user_48,142,148,
146,31,260000,0,user_20,142,146,
170,32,240000,0,user_41,142,146,
160,33,160000,0,user_34,142,146,
178,34,160000,0,user_44,142,146,
285,35,160000,0,user_32,144,146,
270,36,159999,0,user_15,144,146,165
368,37,150001,0,user_0,146,146,231
337,38,149999,0,user_15,145,146,231
152,39,120000,0,user_26,142,146,
286,40,120000,0,user_32,144,146,
159,41,110000,0,user_34,142,146,
219,42,110000,6390,user_26,143,146,
155,43,100000,0,user_28,142,146,
220,44,87000,0,user_26,143,146,
181,45,85000,0,user_48,142,146,
340,46,85000,0,user_25,145,146,
206,47,84001,0,user_16,143,146,7
204,48,83999,0,user_16,143,146,7
362,49,79000,108000,user_47,145,146,
215,0,30000000,0,user_22,143,149,
207,2,26999999,0,user_18,143,149,162
331,2,26999999,0,user_9,145,148,162
205,3,19000001,0,user_16,143,148,27
298,3,19000000,0,user_46,144,149,
351,0,19000000,0,user_38,145,152,
195,4,18999999,0,user_8,143,149,27
222,7,5200000,0,user_26,143,148,
283,5,5200000,0,user_29,144,149,
297,7,5000000,0,user_46,144,149,
355,9,5000000,56200,user_40,145,149,
233,2,4500000,155000,user_38,143,152,
182,12,4500000,0,user_48,142,148,
277,13,4500000,0,user_21,144,148,
359,11,4500000,0,user_44,145,149,
234,3,4200000,0,user_38,143,152,
218,16,4200000,146000,user_26,143,148,
361,17,4200000,0,user_47,145,148,
399,4,4200000,0,user_38,146,152,
142,19,3500001,0,user_16,142,148,20
203,20,3500001,0,user_16,143,148,20
460,5,3500000,0,user_43,147,152,
145,22,3499999,0,user_19,142,148,20
344,23,3200000,0,user_30,145,148,
356,12,3200000,128000,user_40,145,149,
134,15,2300001,0,user_8,142,149,30
140,16,2300001,0,user_14,142,149,30
370,17,2300001,0,user_2,146,149,30
441,7,2300000,322000,user_23,147,152,
281,18,2300000,0,user_26,144,149,
143,30,2299999,0,user_16,142,148,30
208,31,2299999,0,user_19,143,148,30
138,19,2299999,0,user_12,142,149,30
201,20,2299999,0,user_14,143,149,30
381,22,2299999,0,user_16,146,149,30
423,23,2299999,0,user_6,147,149,30
94,11,2000000,0,user_38,141,152,
109,12,2000000,0,user_49,141,152,
184,38,2000000,0,user_48,142,148,
291,25,2000000,0,user_40,144,149,
363,40,2000000,0,user_47,145,148,
299,41,1900000,0,user_47,144,148,
345,42,1700000,0,user_31,145,148,
357,14,1500000,0,user_41,145,152,
278,27,1500000,0,user_22,144,149,
385,15,1500000,0,user_20,146,152,
393,16,1500000,0,user_28,146,152,
342,17,1400000,15700,user_28,145,152,
244,29,1400000,0,user_46,143,149,
228,30,1400000,0,user_34,143,149,
391,31,1400000,0,user_26,146,149,
264,51,1300001,0,user_5,144,148,221
326,52,1300001,0,user_2,145,148,221
335,32,1300001,0,user_13,145,149,221
369,54,1300001,0,user_1,146,148,221
376,35,1300001,0,user_11,146,149,221
426,36,1300001,0,user_11,147,149,221
221,57,1300000,369000,user_26,143,148,
288,37,1300000,0,user_34,144,149,
332,39,1299999,0,user_11,145,149,221
374,40,1299999,0,user_7,146,149,221
338,41,1299999,0,user_18,145,149,221
380,42,1299999,0,user_16,146,149,221
384,43,1299999,0,user_19,146,149,221
420,44,1299999,0,user_5,147,149,221
325,65,1100001,0,user_1,145,148,29
442,35,1100000,0,user_23,147,152,
354,46,1100000,594000,user_40,145,149,
348,47,1100000,0,user_34,145,149,
373,49,1099999,0,user_7,146,149,29
474,29,1099999,0,user_7,148,150,29
185,42,1000000,0,user_49,142,152,
273,43,1000000,0,user_20,144,152,
238,50,1000000,73100,user_40,143,149,
180,74,870000,0,user_48,142,148,
266,52,670001,0,user_8,144,149,105
276,44,670000,0,user_20,144,152,
400,45,670000,0,user_43,146,152,
300,46,670000,0,user_49,144,152,
272,47,660000,0,user_20,144,152,
287,80,660000,0,user_33,144,148,
149,53,660000,0,user_22,142,149,
443,48,660000,0,user_23,147,152,
352,54,650000,0,user_40,145,149,
156,55,530000,3130,user_29,142,149,
271,52,460001,0,user_17,144,152,19
324,86,460001,0,user_1,145,148,19
274,53,460000,0,user_20,144,152,
269,88,459999,0,user_13,144,148,19
268,57,459999,0,user_12,144,149,19
433,55,459999,0,user_17,147,152,19
294,56,420000,0,user_43,144,152,
392,57,420000,0,user_28,146,152,
364,59,320000,0,user_48,145,149,
349,94,310000,0,user_35,145,148,
245,60,310000,0,user_48,143,149,
295,65,300000,0,user_43,144,152,
183,97,260000,0,user_48,142,148,
148,62,260000,0,user_22,142,149,
282,66,240000,75000,user_28,144,152,
215,0,30000000,0,user_22,143,149,
395,1,30000000,128000,user_31,146,149,
207,2,26999999,0,user_18,143,149,162
298,3,19000000,0,user_46,144,149,
195,4,18999999,0,user_8,143,149,27
283,5,5200000,0,user_29,144,149,
449,6,5200000,0,user_31,147,149,
297,7,5000000,0,user_46,144,149,
446,8,5000000,0,user_25,147,149,
355,9,5000000,56200,user_40,145,149,
496,10,5000000,49100,user_30,148,149,
359,11,4500000,0,user_44,145,149,
356,12,3200000,128000,user_40,145,149,
241,13,2400000,0,user_43,143,149,
347,14,2400000,285000,user_32,145,149,
134,15,2300001,0,user_8,142,149,30
140,16,2300001,0,user_14,142,149,30
370,17,2300001,0,user_2,146,149,30
281,18,2300000,0,user_26,144,149,
138,19,2299999,0,user_12,142,149,30
201,20,2299999,0,user_14,143,149,30
375,21,2299999,0,user_9,146,149,30
381,22,2299999,0,user_16,146,149,30
423,23,2299999,0,user_6,147,149,30
451,24,2100000,108000,user_33,147,149,
291,25,2000000,0,user_40,144,149,
396,26,1800000,17000,user_33,146,149,
278,27,1500000,0,user_22,144,149,
498,28,1500000,0,user_30,148,149,
244,29,1400000,0,user_46,143,149,
228,30,1400000,0,user_34,143,149,
391,31,1400000,0,user_26,146,149,
335,32,1300001,0,user_13,145,149,221
418,33,1300001,0,user_0,147,149,221
419,34,1300001,0,user_0,147,149,221
376,35,1300001,0,user_11,146,149,221
426,36,1300001,0,user_11,147,149,221
288,37,1300000,0,user_34,144,149,
485,38,1300000,0,user_21,148,149,
332,39,1299999,0,user_11,145,149,221
374,40,1299999,0,user_7,146,149,221
338,41,1299999,0,user_18,145,149,221
380,42,1299999,0,user_16,146,149,221
384,43,1299999,0,user_19,146,149,221
420,44,1299999,0,user_5,147,149,221
448,45,1100000,0,user_30,147,149,
354,46,1100000,594000,user_40,145,149,
348,47,1100000,0,user_34,145,149,
267,48,1099999,0,user_10,144,149,29
373,49,1099999,0,user_7,146,149,29
238,50,1000000,73100,user_40,143,149,
497,51,970000,0,user_30,148,149,
266,52,670001,0,user_8,144,149,105
149,53,660000,0,user_22,142,149,
352,54,650000,0,user_40,145,149,
156,55,530000,3130,user_29,142,149,
398,56,470000,0,user_35,146,149,
268,57,459999,0,user_12,144,149,19
386,58,320000,7190000,user_21,146,149,
364,59,320000,0,user_48,145,149,
245,60,310000,0,user_48,143,149,
499,61,310000,0,user_31,148,149,
148,62,260000,0,user_22,142,149,
280,63,240000,32900,user_26,144,149,
438,64,220000,0,user_21,147,149,
495,65,220000,0,user_30,148,149,
209,66,170000,0,user_20,143,149,
500,67,170000,0,user_33,148,149,
333,68,160001,0,user_11,145,149,165
383,69,160001,0,user_19,146,149,165
421,70,160001,0,user_5,147,149,165
422,71,160001,0,user_6,147,149,165
526,72,160001,0,user_1,149,149,165
296,73,160000,0,user_44,144,149,
327,74,159999,0,user_4,145,149,165
382,75,159999,0,user_18,146,149,165
428,76,159999,0,user_13,147,149,165
469,77,159999,0,user_2,148,149,165
328,78,150001,0,user_6,145,149,231
329,79,150001,0,user_7,145,149,231
379,80,150001,0,user_15,146,149,231
372,81,150001,0,user_6,146,149,231
371,82,149999,0,user_3,146,149,231
394,83,120000,0,user_30,146,149,
353,84,100000,0,user_40,145,149,
248,85,98000,0,user_48,143,149,
389,86,87000,0,user_24,146,149,
388,87,84000,0,user_24,146,149,
246,88,84000,0,user_48,143,149,
198,89,82999,0,user_12,143,149,83
346,90,77000,0,user_32,145,149,
247,91,73000,0,user_48,143,149,
390,92,70000,0,user_25,146,149,
489,0,19000000,0,user_24,148,150,
387,1,5000000,71800,user_22,146,150,
447,2,5000000,0,user_26,147,150,
455,3,5000000,0,user_37,147,150,
557,4,4500000,0,user_33,149,150,
343,5,2400000,0,user_29,145,150,
471,6,2300001,0,user_4,148,150,30
479,7,2300001,0,user_13,148,150,30
470,8,2299999,0,user_3,148,150,30
475,9,2299999,0,user_9,148,150,30
542,10,2299999,0,user_15,149,150,30
450,11,1600000,0,user_32,147,150,
578,12,1500000,0,user_47,149,150,
377,13,1300001,0,user_14,146,150,221
424,14,1300001,0,user_8,147,150,221
436,15,1300001,0,user_19,147,150,221
535,16,1300001,0,user_9,149,150,221
540,17,1300001,0,user_15,149,150,221
541,18,1300001,0,user_15,149,150,221
360,19,1300000,0,user_46,145,150,
330,20,1299999,0,user_8,145,150,221
334,21,1299999,0,user_12,145,150,221
336,22,1299999,0,user_14,145,150,221
425,23,1299999,0,user_9,147,150,221
476,24,1299999,0,user_9,148,150,221
533,25,1299999,0,user_9,149,150,221
534,26,1299999,0,user_9,149,150,221
536,27,1299999,0,user_9,149,150,221
431,28,1100001,0,user_16,147,150,29
474,29,1099999,0,user_7,148,150,29
527,30,1099999,0,user_2,149,150,354
603,31,1099999,0,user_1,150,150,354
445,32,910000,0,user_24,147,150,
549,33,600000,139000,user_24,149,150,
488,34,530000,0,user_24,148,150,
403,35,420000,0,user_46,146,150,
397,36,420000,0,user_34,146,150,
453,37,420000,0,user_35,147,150,
576,38,420000,0,user_47,149,150,
577,39,420000,0,user_47,149,150,
602,40,320001,0,user_0,150,150,386
464,41,310000,0,user_47,147,150,
556,42,300000,0,user_33,149,150,
463,43,240000,0,user_47,147,150,
511,44,240000,0,user_47,148,150,
554,45,190000,0,user_30,149,150,
429,46,160001,0,user_14,147,150,165
473,47,160001,0,user_7,148,150,165
555,48,160000,0,user_31,149,150,
378,49,159999,0,user_14,146,150,165
543,50,159999,0,user_15,149,150,165
427,51,150001,0,user_12,147,150,231
472,52,150001,0,user_5,148,150,231
430,53,150001,0,user_15,147,150,231
575,54,150000,0,user_47,149,150,
339,55,120000,0,user_22,145,150,
439,56,120000,0,user_22,147,150,
547,57,110000,0,user_21,149,150,
553,58,83000,0,user_30,149,150,
550,59,80000,0,user_25,149,150,
478,0,2300001,0,user_12,148,151,30
480,1,2300001,0,user_16,148,151,30
481,2,2299999,0,user_16,148,151,30
493,3,1900000,0,user_29,148,151,
604,4,1100001,0,user_2,150,151,354
662,5,1100001,0,user_1,151,151,354
528,6,1099999,0,user_3,149,151,29
531,7,1099999,0,user_5,149,151,354
539,8,1099999,0,user_13,149,151,354
663,9,1099999,0,user_1,151,151,29
494,10,470000,0,user_29,148,151,
486,11,420000,0,user_22,148,151,
529,12,320001,0,user_4,149,151,386
530,13,320001,0,user_5,149,151,386
638,14,320000,0,user_31,150,151,
490,15,160000,0,user_26,148,151,
510,16,77000,0,user_46,148,151,
633,17,70000,0,user_25,150,151,
351,0,19000000,0,user_38,145,152,
506,1,6100000,24700,user_41,148,152,
233,2,4500000,155000,user_38,143,152,
234,3,4200000,0,user_38,143,152,
399,4,4200000,0,user_38,146,152,
460,5,3500000,0,user_43,147,152,
632,6,3500000,296000,user_24,150,152,
441,7,2300000,322000,user_23,147,152,
482,8,2299999,0,user_17,148,152,30
537,9,2299999,0,user_10,149,152,30
487,10,2100000,0,user_23,148,152,
94,11,2000000,0,user_38,141,152,
109,12,2000000,0,user_49,141,152,
456,13,1600000,0,user_38,147,152,
357,14,1500000,0,user_41,145,152,
385,15,1500000,0,user_20,146,152,
393,16,1500000,0,user_28,146,152,
342,17,1400000,15700,user_28,145,152,
647,18,1400000,0,user_35,150,152,
434,19,1300001,0,user_18,147,152,221
484,20,1300001,0,user_18,148,152,221
435,21,1299999,0,user_18,147,152,221
483,22,1299999,0,user_18,148,152,221
605,23,1100001,0,user_3,150,152,29
606,24,1100001,0,user_4,150,152,354
607,25,1100001,0,user_6,150,152,354
609,26,1100001,0,user_7,150,152,354
610,27,1100001,0,user_7,150,152,354
612,28,1100001,0,user_7,150,152,354
615,29,1100001,0,user_11,150,152,354
664,30,1100001,0,user_2,151,152,354
666,31,1100001,0,user_2,151,152,354
667,32,1100001,0,user_2,151,152,354
740,33,1100001,0,user_0,152,152,354
741,34,1100001,0,user_1,152,152,354
442,35,1100000,0,user_23,147,152,
608,36,1099999,0,user_7,150,152,354
611,37,1099999,0,user_7,150,152,354
616,38,1099999,0,user_11,150,152,354
665,39,1099999,0,user_2,151,152,354
739,40,1099999,0,user_0,152,152,354
505,41,1000000,256000,user_40,148,152,
185,42,1000000,0,user_49,142,152,
273,43,1000000,0,user_20,144,152,
276,44,670000,0,user_20,144,152,
400,45,670000,0,user_43,146,152,
300,46,670000,0,user_49,144,152,
272,47,660000,0,user_20,144,152,
443,48,660000,0,user_23,147,152,
701,49,660000,0,user_33,151,152,
691,50,600000,0,user_24,151,152,
704,51,530000,0,user_37,151,152,
271,52,460001,0,user_17,144,152,19
274,53,460000,0,user_20,144,152,
692,54,460000,0,user_24,151,152,
433,55,459999,0,user_17,147,152,19
294,56,420000,0,user_43,144,152,
392,57,420000,0,user_28,146,152,
700,58,420000,0,user_33,151,152,
649,59,420000,0,user_35,150,152,
538,60,320001,0,user_12,149,152,386
532,61,319999,0,user_8,149,152,386
622,62,319999,0,user_15,150,152,386
672,63,319999,0,user_9,151,152,386
574,64,310000,231000,user_46,149,152,
295,65,300000,0,user_43,144,152,
282,66,240000,75000,user_28,144,152,
275,67,220000,0,user_20,144,152,
492,68,220000,0,user_28,148,152,
652,69,220000,0,user_37,150,152,
235,70,190000,0,user_38,143,152,
279,71,190000,0,user_23,144,152,
236,72,170000,0,user_38,143,152,
437,73,170000,0,user_20,147,152,
457,74,170000,0,user_41,147,152,
646,75,170000,283000,user_35,150,152,
477,76,150001,0,user_10,148,152,231
651,77,150000,0,user_37,150,152,
659,78,150000,0,user_47,150,152,
432,79,149999,0,user_17,147,152,231
698,80,120000,0,user_31,151,152,
444,81,110000,0,user_23,147,152,
166,82,85000,0,user_38,142,152,
648,83,85000,0,user_35,150,152,
645,84,82000,0,user_35,150,152,
440,85,79000,0,user_23,147,152,
358,86,73000,0,user_43,145,152,
507,87,70000,0,user_43,148,152,
771,0,4500000,0,user_33,152,153,
452,1,3600000,0,user_34,147,153,
774,2,2600000,0,user_35,152,153,
653,3,2000000,510000,user_40,150,153,
767,4,1500000,0,user_30,152,153,
544,5,1100001,0,user_16,149,153,354
626,6,1100001,0,user_16,150,153,354
670,7,1100001,0,user_6,151,153,354
742,8,1100001,0,user_2,152,153,354
800,9,1100001,0,user_0,153,153,354
801,10,1100001,0,user_1,153,153,354
773,11,1100000,60700,user_35,152,153,
668,12,1099999,0,user_3,151,153,354
546,13,1099999,0,user_19,149,153,354
623,14,1099999,0,user_16,150,153,354
628,15,1099999,0,user_18,150,153,29
676,16,1099999,0,user_13,151,153,354
749,17,1099999,0,user_9,152,153,354
802,18,1099999,0,user_1,153,153,354
803,19,1099999,0,user_1,153,153,354
551,20,910000,0,user_26,149,153,
768,21,530000,0,user_30,152,153,
760,22,360000,0,user_21,152,153,
625,23,320001,0,user_16,150,153,386
512,24,320000,0,user_48,148,153,
624,25,319999,0,user_16,150,153,386
627,26,150001,0,user_16,150,153,231
674,27,150001,0,user_11,151,153,231
769,28,150000,46500,user_31,152,153,
669,29,149999,0,user_5,151,153,231
461,30,110000,0,user_44,147,153,
508,31,110000,164000,user_44,148,153,
634,32,100000,0,user_26,150,153,
699,0,27000000,0,user_32,151,154,
830,1,4200000,0,user_24,153,154,
770,2,1900000,0,user_32,152,154,
838,3,1500000,0,user_33,153,154,
639,4,1500000,0,user_32,150,154,
825,5,1099999,0,user_15,153,154,354
862,6,1099999,0,user_0,154,154,354
864,7,1099999,0,user_1,154,154,354
832,8,910000,0,user_25,153,154,
831,9,650000,0,user_24,153,154,
863,10,150001,0,user_1,154,154,231
837,11,120000,0,user_33,153,154,
842,12,120000,0,user_37,153,154,
836,13,110000,0,user_30,153,154,
840,14,87000,0,user_35,153,154,
707,0,43000000,0,user_40,151,155,
904,1,27000000,0,user_37,154,155,
629,2,19000000,0,user_20,150,155,
548,3,5200000,108000,user_23,149,155,
503,4,5000000,0,user_38,148,155,
579,5,5000000,0,user_48,149,155,
914,6,5000000,0,user_47,154,155,
545,7,2300001,0,user_17,149,155,30
568,8,1900000,0,user_41,149,155,
714,9,1700000,0,user_46,151,155,
682,10,1700000,0,user_20,151,155,
686,11,1600000,510000,user_22,151,155,
696,12,1600000,0,user_28,151,155,
897,13,1600000,0,user_30,154,155,
708,14,1500000,0,user_40,151,155,
514,15,1500000,0,user_49,148,155,
656,16,1500000,0,user_43,150,155,
657,17,1500000,0,user_43,150,155,
571,18,1500000,0,user_44,149,155,
702,19,1500000,0,user_34,151,155,
713,20,1400000,0,user_44,151,155,
617,21,1100001,0,user_12,150,155,354
619,22,1100001,0,user_12,150,155,354
620,23,1100001,0,user_12,150,155,354
675,24,1100001,0,user_12,151,155,354
745,25,1100001,0,user_6,152,155,354
614,26,1100001,0,user_10,150,155,354
679,27,1100001,0,user_16,151,155,354
758,28,1100001,0,user_19,152,155,354
805,29,1100001,0,user_5,153,155,354
752,30,1100001,0,user_10,152,155,354
811,31,1100001,0,user_7,153,155,354
812,32,1100001,0,user_7,153,155,354
873,33,1100001,0,user_9,154,155,354
943,34,1100001,0,user_1,155,155,354
613,35,1099999,0,user_8,150,155,354
673,36,1099999,0,user_10,151,155,354
680,37,1099999,0,user_18,151,155,354
754,38,1099999,0,user_11,152,155,354
678,39,1099999,0,user_16,151,155,354
681,40,1099999,0,user_19,151,155,354
809,41,1099999,0,user_5,153,155,354
751,42,1099999,0,user_10,152,155,354
753,43,1099999,0,user_10,152,155,354
884,44,1099999,0,user_15,154,155,29
941,45,1099999,0,user_0,155,155,354
942,46,1099999,0,user_0,155,155,354
642,47,1000000,0,user_34,150,155,
643,48,1000000,39400,user_34,150,155,
689,49,1000000,0,user_23,151,155,
637,50,970000,0,user_29,150,155,
694,51,970000,510000,user_26,151,155,
683,52,970000,39400,user_20,151,155,
687,53,910000,0,user_22,151,155,
630,54,870000,0,user_22,150,155,
688,55,870000,0,user_22,151,155,
684,56,630000,15700,user_22,151,155,
898,57,460000,12800,user_31,154,155,
711,58,370000,0,user_43,151,155,
640,59,360000,0,user_34,150,155,
893,60,360000,0,user_25,154,155,
569,61,350000,0,user_43,149,155,
778,62,350000,0,user_40,152,155,
915,63,350000,0,user_47,154,155,
693,64,340000,0,user_26,151,155,
757,65,320001,0,user_16,152,155,386
807,66,320001,0,user_5,153,155,386
709,67,320000,0,user_41,151,155,
900,68,320000,14200,user_33,154,155,
744,69,319999,0,user_6,152,155,386
810,70,319999,0,user_6,153,155,386
890,71,310000,0,user_21,154,155,
715,72,260000,0,user_48,151,155,
690,73,260000,0,user_23,151,155,
513,74,240000,128000,user_49,148,155,
658,75,220000,49100,user_46,150,155,
697,76,220000,0,user_28,151,155,
903,77,170000,0,user_37,154,155,
804,78,160001,0,user_3,153,155,165
746,79,159999,0,user_7,152,155,165
808,80,159999,0,user_5,153,155,165
621,81,150001,0,user_12,150,155,231
671,82,150001,0,user_8,151,155,231
743,83,150001,0,user_4,152,155,231
806,84,150001,0,user_5,153,155,231
631,85,150000,0,user_23,150,155,
570,86,150000,0,user_44,149,155,
710,87,150000,0,user_43,151,155,
618,88,149999,0,user_12,150,155,231
677,89,149999,0,user_14,151,155,231
750,90,149999,0,user_10,152,155,231
865,91,149999,0,user_2,154,155,231
902,92,120000,15100,user_35,154,155,
685,93,87000,0,user_22,151,155,
712,94,87000,0,user_44,151,155,
779,95,83000,108000,user_40,152,155,
552,96,80000,0,user_28,149,155,
654,97,80000,13900,user_41,150,155,
892,98,77000,0,user_24,154,155,
558,99,73000,0,user_34,149,155,
899,0,2400000,0,user_32,154,156,
969,1,2000000,0,user_31,155,156,
964,2,1900000,0,user_30,155,156,
846,3,1600000,0,user_40,153,156,
965,4,1400000,1100000,user_31,155,156,
866,5,1100001,0,user_5,154,156,354
870,6,1100001,0,user_6,154,156,354
881,7,1100001,0,user_13,154,156,354
945,8,1100001,0,user_2,155,156,354
826,9,1099999,0,user_16,153,156,354
868,10,1099999,0,user_5,154,156,354
869,11,1099999,0,user_6,154,156,354
877,12,1099999,0,user_11,154,156,354
879,13,1099999,0,user_13,154,156,354
880,14,1099999,0,user_13,154,156,354
951,15,1099999,0,user_9,155,156,354
954,16,1099999,0,user_15,155,156,354
968,17,460000,0,user_31,155,156,
950,18,320001,0,user_9,155,156,386
867,19,319999,0,user_5,154,156,386
944,20,319999,0,user_2,155,156,386
982,21,240000,5640,user_47,155,156,
959,22,170000,0,user_25,155,156,
827,23,159999,0,user_18,153,156,165
1004,24,159999,0,user_0,156,156,165
871,25,150001,0,user_6,154,156,231
1005,26,150001,0,user_1,156,156,231
966,27,150000,0,user_31,155,156,
833,28,120000,24700,user_26,153,156,
967,29,120000,0,user_31,155,156,
972,30,110000,0,user_37,155,156,
762,0,43000000,0,user_23,152,157,
782,1,43000000,0,user_43,152,157,
849,2,30000000,0,user_44,153,157,
839,3,27000000,0,user_34,153,157,
764,4,4500000,0,user_28,152,157,
792,5,4200000,0,user_48,152,157,
829,6,3600000,0,user_23,153,157,
793,7,2000000,0,user_48,152,157,
1030,8,1500000,0,user_25,156,157,
946,9,1100001,0,user_3,155,157,29
817,10,1100001,0,user_10,153,157,354
875,11,1100001,0,user_10,154,157,354
876,12,1100001,0,user_10,154,157,354
949,13,1100001,0,user_7,155,157,29
1007,14,1100001,0,user_2,156,157,29
1023,15,1100001,0,user_15,156,157,354
1017,16,1099999,0,user_9,156,157,354
795,17,1000000,0,user_48,152,157,
1038,18,1000000,0,user_33,156,157,
781,19,970000,0,user_43,152,157,
784,20,910000,0,user_44,152,157,
794,21,650000,0,user_48,152,157,
791,22,630000,15100,user_48,152,157,
970,23,600000,0,user_32,155,157,
1036,24,420000,0,user_31,156,157,
948,25,320001,0,user_7,155,157,386
1010,26,320001,0,user_2,156,157,386
1064,27,319999,0,user_1,157,157,386
818,28,160001,0,user_10,153,157,165
1008,29,160001,0,user_2,156,157,165
1063,30,160001,0,user_0,157,157,165
783,31,160000,0,user_44,152,157,
851,32,160000,33300,user_48,153,157,
1035,33,160000,0,user_31,156,157,
874,34,159999,0,user_10,154,157,165
1006,35,159999,0,user_2,156,157,165
1009,36,159999,0,user_2,156,157,165
888,37,149999,0,user_19,154,157,231
947,38,149999,0,user_5,155,157,231
759,39,120000,0,user_20,152,157,
828,40,120000,0,user_23,153,157,
848,41,85000,0,user_43,153,157,
772,42,83000,0,user_34,152,157,
835,43,77000,0,user_28,153,157,
1031,44,77000,0,user_25,156,157,
1089,0,30000000,0,user_21,157,158,
761,1,2500000,15700,user_22,152,158,
975,2,1800000,13900,user_40,155,158,
787,3,1500000,0,user_46,152,158,
891,4,1500000,0,user_22,154,158,
912,5,1500000,6390,user_46,154,158,
747,6,1100001,0,user_8,152,158,354
820,7,1100001,0,user_14,153,158,354
821,8,1100001,0,user_14,153,158,354
824,9,1100001,0,user_14,153,158,354
878,10,1100001,0,user_12,154,158,29
953,11,1100001,0,user_14,155,158,354
955,12,1100001,0,user_16,155,158,354
1013,13,1100001,0,user_5,156,158,29
887,14,1100001,0,user_18,154,158,354
1065,15,1100001,0,user_2,157,158,29
748,16,1099999,0,user_8,152,158,354
755,17,1099999,0,user_12,152,158,354
756,18,1099999,0,user_12,152,158,354
814,19,1099999,0,user_8,153,158,354
815,20,1099999,0,user_8,153,158,29
819,21,1099999,0,user_12,153,158,354
823,22,1099999,0,user_14,153,158,354
766,23,870000,0,user_29,152,158,
1096,24,650000,0,user_31,157,158,
1095,25,460000,0,user_30,157,158,
786,26,360000,0,user_46,152,158,
765,27,350000,0,user_29,152,158,
822,28,320001,0,user_14,153,158,386
960,29,320000,49100,user_26,155,158,
813,30,319999,0,user_8,153,158,386
1012,31,319999,0,user_4,156,158,386
913,32,310000,0,user_46,154,158,
1101,33,300000,0,user_33,157,158,
790,34,260000,0,user_46,152,158,
963,35,190000,0,user_29,155,158,
789,36,170000,0,user_46,152,158,
1011,37,160001,0,user_3,156,158,165
1014,38,160001,0,user_5,156,158,165
1021,39,160001,0,user_13,156,158,165
1135,40,160001,0,user_1,158,158,165
1136,41,160001,0,user_1,158,158,165
816,42,159999,0,user_8,153,158,165
872,43,159999,0,user_8,154,158,165
1015,44,159999,0,user_6,156,158,165
1019,45,159999,0,user_11,156,158,165
1066,46,159999,0,user_2,157,158,165
882,47,150001,0,user_14,154,158,231
1090,48,150000,0,user_21,157,158,
883,49,149999,0,user_14,154,158,231
952,50,149999,0,user_12,155,158,231
1092,51,120000,0,user_25,157,158,
788,52,85000,0,user_46,152,158,
1102,53,82000,31700,user_33,157,158,
1037,0,43000000,0,user_32,156,159,
895,1,30000000,0,user_28,154,159,
1106,2,30000000,16400,user_35,157,159,
563,3,19000000,0,user_38,149,159,
1098,4,6300000,3130,user_32,157,159,
1097,5,5200000,0,user_32,157,159,
911,6,4500000,0,user_44,154,159,
705,7,4500000,0,user_38,151,159,
1164,8,4500000,0,user_21,158,159,
910,9,3200000,0,user_43,154,159,
844,10,2400000,0,user_38,153,159,
962,11,2300000,0,user_28,155,159,
971,12,2100000,0,user_34,155,159,
957,13,2000000,0,user_20,155,159,
979,14,2000000,0,user_43,155,159,
565,15,1900000,0,user_38,149,159,
580,16,1600000,161000,user_49,149,159,
896,17,1600000,0,user_28,154,159,
1069,18,1500001,0,user_5,157,159,901
901,19,1500000,17700000,user_34,154,159,
905,20,1500000,0,user_38,154,159,
1222,21,1499999,0,user_1,159,159,901
1137,22,1400001,0,user_2,158,159,965
564,23,1400000,35600,user_38,149,159,
958,24,1400000,56200,user_23,155,159,
1168,25,1400000,0,user_25,158,159,
1026,26,1399999,0,user_19,156,159,965
1068,27,1399999,0,user_5,157,159,965
885,28,1100001,0,user_17,154,159,354
956,29,1100001,0,user_17,155,159,29
843,30,1100000,296000,user_38,153,159,
1018,31,1099999,0,user_10,156,159,354
916,32,1000000,369000,user_48,154,159,
907,33,870000,0,user_41,154,159,
1104,34,870000,0,user_35,157,159,
1105,35,870000,0,user_35,157,159,
566,36,600000,0,user_38,149,159,
1100,37,420000,0,user_32,157,159,
1108,38,350000,0,user_37,157,159,
1070,39,319999,0,user_6,157,159,386
976,40,310000,0,user_41,155,159,
716,41,260000,322000,user_49,151,159,
717,42,170000,18600,user_49,151,159,
1099,43,170000,0,user_32,157,159,
1071,44,160001,0,user_7,157,159,165
1155,45,160001,0,user_15,158,159,165
1067,46,159999,0,user_3,157,159,165
1024,47,159999,0,user_16,156,159,165
886,48,159999,0,user_17,154,159,165
1144,49,159999,0,user_9,158,159,165
1221,50,150001,0,user_0,159,159,1191
1191,51,150000,4320000,user_47,158,159,
1077,52,149999,0,user_11,157,159,231
1078,53,149999,0,user_11,157,159,231
1081,54,149999,0,user_15,157,159,231
889,55,130000,0,user_20,154,159,
983,56,110000,0,user_48,155,159,
1032,57,110000,0,user_26,156,159,
917,58,85000,0,user_49,154,159,
567,59,84000,0,user_38,149,159,
1176,60,82000,0,user_30,158,159,
776,61,80000,0,user_38,152,159,
1103,62,79000,0,user_35,157,159,
1180,63,79000,0,user_35,158,159,
0,7,3200000,0,user_0,160,162,
1,14,2100000,0,user_1,160,162,
27,1,19000000,71800,user_21,160,162,
34,5,3600000,0,user_31,160,162,
30,11,2300000,410000,user_25,160,162,
58,12,2299999,0,user_1,161,162,30
37,16,1300000,0,user_33,160,162,
26,19,1000000,0,user_21,160,162,
39,20,1000000,0,user_35,160,162,
42,23,420000,0,user_37,160,162,
56,24,370000,0,user_0,161,162,
57,27,310000,0,user_0,161,162,
53,29,300000,0,user_47,160,162,
22,32,170000,0,user_15,160,162,
15,35,150000,0,user_9,160,162,
31,47,73000,0,user_25,160,162,
14,48,73000,0,user_9,160,162,
81,0,43000000,256000,user_20,161,165,
27,1,19000000,71800,user_21,160,162,
48,4,5200000,0,user_43,160,165,
4,4,5000000,0,user_4,160,163,
43,5,5000000,0,user_38,160,165,
34,5,3600000,0,user_31,160,162,
20,6,3500000,17000,user_13,160,163,
0,7,3200000,0,user_0,160,162,
17,8,2600000,0,user_11,160,163,
59,10,2300001,0,user_2,161,163,30
64,11,2300001,0,user_7,161,164,30
30,11,2300000,410000,user_25,160,162,
58,12,2299999,0,user_1,161,162,30
133,15,2299999,0,user_7,162,164,30
1,14,2100000,0,user_1,160,162,
98,10,1800000,0,user_41,161,165,
37,16,1300000,0,user_33,160,162,
137,11,1100001,0,user_10,162,165,29
29,13,1100000,17700000,user_23,160,165,
26,19,1000000,0,user_21,160,162,
39,20,1000000,0,user_35,160,162,
132,31,460001,0,user_7,162,164,19
19,23,460000,296000,user_11,160,163,
42,23,420000,0,user_37,160,162,
56,24,370000,0,user_0,161,162,
97,18,350000,0,user_41,161,165,
45,19,340000,0,user_41,160,165,
57,27,310000,0,user_0,161,162,
18,28,300000,0,user_11,160,163,
53,29,300000,0,user_47,160,162,
33,20,220000,0,user_28,160,165,
84,21,190000,12800,user_23,161,165,
22,32,170000,0,user_15,160,162,
47,24,160000,0,user_43,160,165,
5,31,160000,0,user_5,160,163,
15,35,150000,0,user_9,160,162,
55,25,150000,43600,user_49,160,165,
28,26,130000,0,user_23,160,165,
3,35,120000,0,user_4,160,163,
90,27,120000,0,user_28,161,165,
2,36,110000,0,user_3,160,163,
74,29,84001,0,user_17,161,165,7
76,30,84001,0,user_17,161,165,7
100,31,84000,0,user_43,161,165,
24,32,83999,0,user_17,160,165,7
73,33,83999,0,user_17,161,165,7
75,34,83999,0,user_17,161,165,7
31,47,73000,0,user_25,160,162,
14,48,73000,0,user_9,160,162,
6,38,70000,3130,user_6,160,163,
162,0,27000000,283000,user_35,162,163,
136,1,19000001,0,user_9,162,163,27
141,2,19000001,0,user_15,162,163,27
161,3,6300000,0,user_35,162,163,
4,4,5000000,0,user_4,160,163,
93,5,4200000,0,user_35,161,163,
20,6,3500000,17000,user_13,160,163,
86,7,3500000,0,user_24,161,163,
17,8,2600000,0,user_11,160,163,
92,9,2500000,34700,user_32,161,163,
59,10,2300001,0,user_2,161,163,30
135,11,2300001,0,user_9,162,163,30
128,12,2299999,0,user_0,162,163,30
91,13,2000000,0,user_31,161,163,
85,14,1900000,0,user_24,161,163,
147,15,1900000,0,user_21,162,163,
151,16,1700000,0,user_24,162,163,
164,17,1300000,0,user_37,162,163,
9,18,1200000,0,user_7,160,163,
71,19,1000000,0,user_15,161,163,
108,20,970000,0,user_47,161,163,
190,21,460001,0,user_1,163,163,19
10,22,460000,0,user_7,160,163,
19,23,460000,296000,user_11,160,163,
189,24,459999,0,user_1,163,163,19
35,25,360000,0,user_32,160,163,
158,26,350000,0,user_33,162,163,
36,27,310000,0,user_32,160,163,
18,28,300000,0,user_11,160,163,
11,29,260000,0,user_7,160,163,
187,30,160001,0,user_0,163,163,165
5,31,160000,0,user_5,160,163,
165,32,160000,779000,user_37,162,163,
188,33,159999,0,user_0,163,163,165
8,34,150000,0,user_7,160,163,
3,35,120000,0,user_4,160,163,
2,36,110000,0,user_3,160,163,
7,37,84000,19700,user_7,160,163,
6,38,70000,3130,user_6,160,163,
65,0,19000001,0,user_11,161,164,27
68,1,19000001,0,user_13,161,164,27
23,2,19000000,0,user_16,160,164,
214,3,19000000,0,user_21,163,164,
66,4,18999999,0,user_12,161,164,27
78,5,18999999,0,user_19,161,164,27
139,6,18999999,0,user_13,162,164,27
82,7,5000000,0,user_22,161,164,
130,8,3500001,0,user_5,162,164,20
106,9,3200000,0,user_46,161,164,
229,10,2500000,0,user_35,163,164,
64,11,2300001,0,user_7,161,164,30
67,12,2300001,0,user_13,161,164,30
69,13,2300001,0,user_14,161,164,30
202,14,2300001,0,user_15,163,164,30
133,15,2299999,0,user_7,162,164,30
87,16,2000000,0,user_26,161,164,
232,17,2000000,0,user_37,163,164,
13,18,1600000,0,user_8,160,164,
211,19,1100000,0,user_21,163,164,
213,20,1000000,43600,user_21,163,164,
225,21,1000000,0,user_31,163,164,
157,22,1000000,75000,user_32,162,164,
21,23,970000,0,user_14,160,164,
224,24,970000,24700,user_30,163,164,
105,25,670000,71800,user_46,161,164,
210,26,660000,0,user_21,163,164,
226,27,470000,5180,user_33,163,164,
60,28,460001,0,user_3,161,164,19
62,29,460001,0,user_5,161,164,19
129,30,460001,0,user_4,162,164,19
132,31,460001,0,user_7,162,164,19
216,32,460000,0,user_24,163,164,
61,33,459999,0,user_4,161,164,19
63,34,459999,0,user_5,161,164,19
79,35,459999,0,user_19,161,164,19
131,36,459999,0,user_6,162,164,19
191,37,459999,0,user_2,163,164,19
54,38,260000,0,user_48,160,164,
38,39,220000,0,user_34,160,164,
107,40,190000,0,user_46,161,164,
12,41,170000,0,user_8,160,164,
52,42,170000,0,user_46,160,164,
88,43,170000,11200,user_26,161,164,
262,44,150001,0,user_1,164,164,231
231,45,150000,7190000,user_37,163,164,
261,46,149999,0,user_0,164,164,231
96,47,120000,0,user_40,161,164,
25,48,110000,0,user_19,160,164,
227,49,100000,0,user_33,163,164,
72,50,84001,0,user_16,161,164,7
16,51,83999,0,user_10,160,164,7
70,52,83999,0,user_14,161,164,7
80,53,83999,0,user_19,161,164,7
83,54,83000,21800,user_22,161,164,
212,55,82000,0,user_21,163,164,
49,56,79000,0,user_44,160,164,
217,57,77000,0,user_25,163,164,
81,0,43000000,256000,user_20,161,165,
192,1,27000001,0,user_3,163,165,162
200,2,27000001,0,user_13,163,165,162
199,3,26999999,0,user_13,163,165,162
48,4,5200000,0,user_43,160,165,
43,5,5000000,0,user_38,160,165,
277,13,4500000,0,user_21,164,168,
144,7,2300001,0,user_18,162,165,30
77,8,2299999,0,user_18,161,165,30
197,9,2299999,0,user_11,163,165,30
98,10,1800000,0,user_41,161,165,
137,11,1100001,0,user_10,162,165,29
325,65,1100001,0,user_1,165,168,29
29,13,1100000,17700000,user_23,160,165,
194,14,1099999,0,user_7,163,165,29
287,80,660000,0,user_33,164,168,
324,86,460001,0,user_1,165,168,19
263,17,459999,0,user_2,164,165,19
97,18,350000,0,user_41,161,165,
45,19,340000,0,user_41,160,165,
33,20,220000,0,user_28,160,165,
84,21,190000,12800,user_23,161,165,
284,22,170000,0,user_31,164,165,
193,23,160001,0,user_6,163,165,165
47,24,160000,0,user_43,160,165,
55,25,150000,43600,user_49,160,165,
28,26,130000,0,user_23,160,165,
90,27,120000,0,user_28,161,165,
168,28,98000,0,user_40,162,165,
74,29,84001,0,user_17,161,165,7
76,30,84001,0,user_17,161,165,7
100,31,84000,0,user_43,161,165,
24,32,83999,0,user_17,160,165,7
73,33,83999,0,user_17,161,165,7
75,34,83999,0,user_17,161,165,7
177,0,43000000,0,user_43,162,166,
331,2,26999999,0,user_9,165,168,162
205,3,19000001,0,user_16,163,168,27
176,3,6100000,0,user_43,162,166,
222,7,5200000,0,user_26,163,168,
182,12,4500000,0,user_48,162,168,
218,16,4200000,146000,user_26,163,168,
361,17,4200000,0,user_47,165,168,
142,19,3500001,0,user_16,162,168,20
203,20,3500001,0,user_16,163,168,20
145,22,3499999,0,user_19,162,168,20
344,23,3200000,0,user_30,165,168,
169,12,2600000,0,user_41,162,166,
143,30,2299999,0,user_16,162,168,30
208,31,2299999,0,user_19,163,168,30
184,38,2000000,0,user_48,162,168,
363,40,2000000,0,user_47,165,168,
299,41,1900000,0,user_47,164,168,
345,42,1700000,0,user_31,165,168,
264,51,1300001,0,user_5,164,168,221
326,52,1300001,0,user_2,165,168,221
369,54,1300001,0,user_1,166,168,221
221,57,1300000,369000,user_26,163,168,
154,23,1000000,0,user_28,162,166,
180,74,870000,0,user_48,162,168,
265,25,460001,0,user_7,164,166,19
196,26,459999,0,user_10,163,166,19
269,88,459999,0,user_13,164,168,19
349,94,310000,0,user_35,165,168,
150,29,300000,0,user_23,162,166,
183,97,260000,0,user_48,162,168,
146,31,260000,0,user_20,162,166,
170,32,240000,0,user_41,162,166,
160,33,160000,0,user_34,162,166,
178,34,160000,0,user_44,162,166,
285,35,160000,0,user_32,164,166,
270,36,159999,0,user_15,164,166,165
368,37,150001,0,user_0,166,166,231
337,38,149999,0,user_15,165,166,231
152,39,120000,0,user_26,162,166,
286,40,120000,0,user_32,164,166,
159,41,110000,0,user_34,162,166,
219,42,110000,6390,user_26,163,166,
155,43,100000,0,user_28,162,166,
220,44,87000,0,user_26,163,166,
181,45,85000,0,user_48,162,166,
340,46,85000,0,user_25,165,166,
206,47,84001,0,user_16,163,166,7
204,48,83999,0,user_16,163,166,7
362,49,79000,108000,user_47,165,166,
215,0,30000000,0,user_22,163,169,
207,2,26999999,0,user_18,163,169,162
331,2,26999999,0,user_9,165,168,162
205,3,19000001,0,user_16,163,168,27
298,3,19000000,0,user_46,164,169,
351,0,19000000,0,user_38,165,172,
195,4,18999999,0,user_8,163,169,27
222,7,5200000,0,user_26,163,168,
283,5,5200000,0,user_29,164,169,
297,7,5000000,0,user_46,164,169,
355,9,5000000,56200,user_40,165,169,
233,2,4500000,155000,user_38,163,172,
182,12,4500000,0,user_48,162,168,
277,13,4500000,0,user_21,164,168,
359,11,4500000,0,user_44,165,169,
234,3,4200000,0,user_38,163,172,
218,16,4200000,146000,user_26,163,168,
361,17,4200000,0,user_47,165,168,
399,4,4200000,0,user_38,166,172,
142,19,3500001,0,user_16,162,168,20
203,20,3500001,0,user_16,163,168,20
460,5,3500000,0,user_43,167,172,
145,22,3499999,0,user_19,162,168,20
344,23,3200000,0,user_30,165,168,
356,12,3200000,128000,user_40,165,169,
134,15,2300001,0,user_8,162,169,30
140,16,2300001,0,user_14,162,169,30
370,17,2300001,0,user_2,166,169,30
441,7,2300000,322000,user_23,167,172,
281,18,2300000,0,user_26,164,169,
143,30,2299999,0,user_16,162,168,30
208,31,2299999,0,user_19,163,168,30
138,19,2299999,0,user_12,162,169,30
201,20,2299999,0,user_14,163,169,30
381,22,2299999,0,user_16,166,169,30
423,23,2299999,0,user_6,167,169,30
94,11,2000000,0,user_38,161,172,
109,12,2000000,0,user_49,161,172,
184,38,2000000,0,user_48,162,168,
291,25,2000000,0,user_40,164,169,
363,40,2000000,0,user_47,165,168,
299,41,1900000,0,user_47,164,168,
345,42,1700000,0,user_31,165,168,
357,14,1500000,0,user_41,165,172,
278,27,1500000,0,user_22,164,169,
385,15,1500000,0,user_20,166,172,
393,16,1500000,0,user_28,166,172,
342,17,1400000,15700,user_28,165,172,
244,29,1400000,0,user_46,163,169,
228,30,1400000,0,user_34,163,169,
391,31,1400000,0,user_26,166,169,
264,51,1300001,0,user_5,164,168,221
326,52,1300001,0,user_2,165,168,221
335,32,1300001,0,user_13,165,169,221
369,54,1300001,0,user_1,166,168,221
376,35,1300001,0,user_11,166,169,221
426,36,1300001,0,user_11,167,169,221
221,57,1300000,369000,user_26,163,168,
288,37,1300000,0,user_34,164,169,
332,39,1299999,0,user_11,165,169,221
374,40,1299999,0,user_7,166,169,221
338,41,1299999,0,user_18,165,169,221
380,42,1299999,0,user_16,166,169,221
384,43,1299999,0,user_19,166,169,221
420,44,1299999,0,user_5,167,169,221
325,65,1100001,0,user_1,165,168,29
442,35,1100000,0,user_23,167,172,
354,46,1100000,594000,user_40,165,169,
348,47,1100000,0,user_34,165,169,
373,49,1099999,0,user_7,166,169,29
474,29,1099999,0,user_7,168,170,29
185,42,1000000,0,user_49,162,172,
273,43,1000000,0,user_20,164,172,
238,50,1000000,73100,user_40,163,169,
180,74,870000,0,user_48,162,168,
266,52,670001,0,user_8,164,169,105
276,44,670000,0,user_20,164,172,
400,45,670000,0,user_43,166,172,
300,46,670000,0,user_49,164,172,
272,47,660000,0,user_20,164,172,
287,80,660000,0,user_33,164,168,
149,53,660000,0,user_22,162,169,
443,48,660000,0,user_23,167,172,
352,54,650000,0,user_40,165,169,
156,55,530000,3130,user_29,162,169,
271,52,460001,0,user_17,164,172,19
324,86,460001,0,user_1,165,168,19
274,53,460000,0,user_20,164,172,
269,88,459999,0,user_13,164,168,19
268,57,459999,0,user_12,164,169,19
433,55,459999,0,user_17,167,172,19
294,56,420000,0,user_43,164,172,
392,57,420000,0,user_28,166,172,
364,59,320000,0,user_48,165,169,
349,94,310000,0,user_35,165,168,
245,60,310000,0,user_48,163,169,
295,65,300000,0,user_43,164,172,
183,97,260000,0,user_48,162,168,
148,62,260000,0,user_22,162,169,
282,66,240000,75000,user_28,164,172,
215,0,30000000,0,user_22,163,169,
395,1,30000000,128000,user_31,166,169,
207,2,26999999,0,user_18,163,169,162
298,3,19000000,0,user_46,164,169,
195,4,18999999,0,user_8,163,169,27
283,5,5200000,0,user_29,164,169,
449,6,5200000,0,user_31,167,169,
297,7,5000000,0,user_46,164,169,
446,8,5000000,0,user_25,167,169,
355,9,5000000,56200,user_40,165,169,
496,10,5000000,49100,user_30,168,169,
359,11,4500000,0,user_44,165,169,
356,12,3200000,128000,user_40,165,169,
241,13,2400000,0,user_43,163,169,
347,14,2400000,285000,user_32,165,169,
134,15,2300001,0,user_8,162,169,30
140,16,2300001,0,user_14,162,169,30
370,17,2300001,0,user_2,166,169,30
281,18,2300000,0,user_26,164,169,
138,19,2299999,0,user_12,162,169,30
201,20,2299999,0,user_14,163,169,30
375,21,2299999,0,user_9,166,169,30
381,22,2299999,0,user_16,166,169,30
423,23,2299999,0,user_6,167,169,30
451,24,2100000,108000,user_33,167,169,
291,25,2000000,0,user_40,164,169,
396,26,1800000,17000,user_33,166,169,
278,27,1500000,0,user_22,164,169,
498,28,1500000,0,user_30,168,169,
244,29,1400000,0,user_46,163,169,
228,30,1400000,0,user_34,163,169,
391,31,1400000,0,user_26,166,169,
335,32,1300001,0,user_13,165,169,221
418,33,1300001,0,user_0,167,169,221
419,34,1300001,0,user_0,167,169,221
376,35,1300001,0,user_11,166,169,221
426,36,1300001,0,user_11,167,169,221
288,37,1300000,0,user_34,164,169,
485,38,1300000,0,user_21,168,169,
332,39,1299999,0,user_11,165,169,221
374,40,1299999,0,user_7,166,169,221
338,41,1299999,0,user_18,165,169,221
380,42,1299999,0,user_16,166,169,221
384,43,1299999,0,user_19,166,169,221
420,44,1299999,0,user_5,167,169,221
448,45,1100000,0,user_30,167,169,
354,46,1100000,594000,user_40,165,169,
348,47,1100000,0,user_34,165,169,
267,48,1099999,0,user_10,164,169,29
373,49,1099999,0,user_7,166,169,29
238,50,1000000,73100,user_40,163,169,
497,51,970000,0,user_30,168,169,
266,52,670001,0,user_8,164,169,105
149,53,660000,0,user_22,162,169,
352,54,650000,0,user_40,165,169,
156,55,530000,3130,user_29,162,169,
398,56,470000,0,user_35,166,169,
268,57,459999,0,user_12,164,169,19
386,58,320000,7190000,user_21,166,169,
364,59,320000,0,user_48,165,169,
245,60,310000,0,user_48,163,169,
499,61,310000,0,user_31,168,169,
148,62,260000,0,user_22,162,169,
280,63,240000,32900,user_26,164,169,
438,64,220000,0,user_21,167,169,
495,65,220000,0,user_30,168,169,
209,66,170000,0,user_20,163,169,
500,67,170000,0,user_33,168,169,
333,68,160001,0,user_11,165,169,165
383,69,160001,0,user_19,166,169,165
421,70,160001,0,user_5,167,169,165
422,71,160001,0,user_6,167,169,165
526,72,160001,0,user_1,169,169,165
296,73,160000,0,user_44,164,169,
327,74,159999,0,user_4,165,169,165
382,75,159999,0,user_18,166,169,165
428,76,159999,0,user_13,167,169,165
469,77,159999,0,user_2,168,169,165
328,78,150001,0,user_6,165,169,231
329,79,150001,0,user_7,165,169,231
379,80,150001,0,user_15,166,169,231
372,81,150001,0,user_6,166,169,231
371,82,149999,0,user_3,166,169,231
394,83,120000,0,user_30,166,169,
353,84,100000,0,user_40,165,169,
248,85,98000,0,user_48,163,169,
389,86,87000,0,user_24,166,169,
388,87,84000,0,user_24,166,169,
246,88,84000,0,user_48,163,169,
198,89,82999,0,user_12,163,169,83
346,90,77000,0,user_32,165,169,
247,91,73000,0,user_48,163,169,
390,92,70000,0,user_25,166,169,
489,0,19000000,0,user_24,168,170,
387,1,5000000,71800,user_22,166,170,
447,2,5000000,0,user_26,167,170,
455,3,5000000,0,user_37,167,170,
557,4,4500000,0,user_33,169,170,
343,5,2400000,0,user_29,165,170,
471,6,2300001,0,user_4,168,170,30
479,7,2300001,0,user_13,168,170,30
470,8,2299999,0,user_3,168,170,30
475,9,2299999,0,user_9,168,170,30
542,10,2299999,0,user_15,169,170,30
450,11,1600000,0,user_32,167,170,
578,12,1500000,0,user_47,169,170,
377,13,1300001,0,user_14,166,170,221
424,14,1300001,0,user_8,167,170,221
436,15,1300001,0,user_19,167,170,221
535,16,1300001,0,user_9,169,170,221
540,17,1300001,0,user_15,169,170,221
541,18,1300001,0,user_15,169,170,221
360,19,1300000,0,user_46,165,170,
330,20,1299999,0,user_8,165,170,221
334,21,1299999,0,user_12,165,170,221
336,22,1299999,0,user_14,165,170,221
425,23,1299999,0,user_9,167,170,221
476,24,1299999,0,user_9,168,170,221
533,25,1299999,0,user_9,169,170,221
534,26,1299999,0,user_9,169,170,221
536,27,1299999,0,user_9,169,170,221
431,28,1100001,0,user_16,167,170,29
474,29,1099999,0,user_7,168,170,29
527,30,1099999,0,user_2,169,170,354
603,31,1099999,0,user_1,170,170,354
445,32,910000,0,user_24,167,170,
549,33,600000,139000,user_24,169,170,
488,34,530000,0,user_24,168,170,
403,35,420000,0,user_46,166,170,
397,36,420000,0,user_34,166,170,
453,37,420000,0,user_35,167,170,
576,38,420000,0,user_47,169,170,
577,39,420000,0,user_47,169,170,
602,40,320001,0,user_0,170,170,386
464,41,310000,0,user_47,167,170,
556,42,300000,0,user_33,169,170,
463,43,240000,0,user_47,167,170,
511,44,240000,0,user_47,168,170,
554,45,190000,0,user_30,169,170,
429,46,160001,0,user_14,167,170,165
473,47,160001,0,user_7,168,170,165
555,48,160000,0,user_31,169,170,
378,49,159999,0,user_14,166,170,165
543,50,159999,0,user_15,169,170,165
427,51,150001,0,user_12,167,170,231
472,52,150001,0,user_5,168,170,231
430,53,150001,0,user_15,167,170,231
575,54,150000,0,user_47,169,170,
339,55,120000,0,user_22,165,170,
439,56,120000,0,user_22,167,170,
547,57,110000,0,user_21,169,170,
553,58,83000,0,user_30,169,170,
550,59,80000,0,user_25,169,170,
478,0,2300001,0,user_12,168,171,30
480,1,2300001,0,user_16,168,171,30
481,2,2299999,0,user_16,168,171,30
493,3,1900000,0,user_29,168,171,
604,4,1100001,0,user_2,170,171,354
662,5,1100001,0,user_1,171,171,354
528,6,1099999,0,user_3,169,171,29
531,7,1099999,0,user_5,169,171,354
539,8,1099999,0,user_13,169,171,354
663,9,1099999,0,user_1,171,171,29
494,10,470000,0,user_29,168,171,
486,11,420000,0,user_22,168,171,
529,12,320001,0,user_4,169,171,386
530,13,320001,0,user_5,169,171,386
638,14,320000,0,user_31,170,171,
490,15,160000,0,user_26,168,171,
510,16,77000,0,user_46,168,171,
633,17,70000,0,user_25,170,171,
351,0,19000000,0,user_38,165,172,
506,1,6100000,24700,user_41,168,172,
233,2,4500000,155000,user_38,163,172,
234,3,4200000,0,user_38,163,172,
399,4,4200000,0,user_38,166,172,
460,5,3500000,0,user_43,167,172,
632,6,3500000,296000,user_24,170,172,
441,7,2300000,322000,user_23,167,172,
482,8,2299999,0,user_17,168,172,30
537,9,2299999,0,user_10,169,172,30
487,10,2100000,0,user_23,168,172,
94,11,2000000,0,user_38,161,172,
109,12,2000000,0,user_49,161,172,
456,13,1600000,0,user_38,167,172,
357,14,1500000,0,user_41,165,172,
385,15,1500000,0,user_20,166,172,
393,16,1500000,0,user_28,166,172,
342,17,1400000,15700,user_28,165,172,
647,18,1400000,0,user_35,170,172,
434,19,1300001,0,user_18,167,172,221
484,20,1300001,0,user_18,168,172,221
435,21,1299999,0,user_18,167,172,221
483,22,1299999,0,user_18,168,172,221
605,23,1100001,0,user_3,170,172,29
606,24,1100001,0,user_4,170,172,354
607,25,1100001,0,user_6,170,172,354
609,26,1100001,0,user_7,170,172,354
610,27,1100001,0,user_7,170,172,354
612,28,1100001,0,user_7,170,172,354
615,29,1100001,0,user_11,170,172,354
664,30,1100001,0,user_2,171,172,354
666,31,1100001,0,user_2,171,172,354
667,32,1100001,0,user_2,171,172,354
740,33,1100001,0,user_0,172,172,354
741,34,1100001,0,user_1,172,172,354
442,35,1100000,0,user_23,167,172,
608,36,1099999,0,user_7,170,172,354
611,37,1099999,0,user_7,170,172,354
616,38,1099999,0,user_11,170,172,354
665,39,1099999,0,user_2,171,172,354
739,40,1099999,0,user_0,172,172,354
505,41,1000000,256000,user_40,168,172,
185,42,1000000,0,user_49,162,172,
273,43,1000000,0,user_20,164,172,
276,44,670000,0,user_20,164,172,
400,45,670000,0,user_43,166,172,
300,46,670000,0,user_49,164,172,
272,47,660000,0,user_20,164,172,
443,48,660000,0,user_23,167,172,
701,49,660000,0,user_33,171,172,
691,50,600000,0,user_24,171,172,
704,51,530000,0,user_37,171,172,
271,52,460001,0,user_17,164,172,19
274,53,460000,0,user_20,164,172,
692,54,460000,0,user_24,171,172,
433,55,459999,0,user_17,167,172,19
294,56,420000,0,user_43,164,172,
392,57,420000,0,user_28,166,172,
700,58,420000,0,user_33,171,172,
649,59,420000,0,user_35,170,172,
538,60,320001,0,user_12,169,172,386
532,61,319999,0,user_8,169,172,386
622,62,319999,0,user_15,170,172,386
672,63,319999,0,user_9,171,172,386
574,64,310000,231000,user_46,169,172,
295,65,300000,0,user_43,164,172,
282,66,240000,75000,user_28,164,172,
275,67,220000,0,user_20,164,172,
492,68,220000,0,user_28,168,172,
652,69,220000,0,user_37,170,172,
235,70,190000,0,user_38,163,172,
279,71,190000,0,user_23,164,172,
236,72,170000,0,user_38,163,172,
437,73,170000,0,user_20,167,172,
457,74,170000,0,user_41,167,172,
646,75,170000,283000,user_35,170,172,
477,76,150001,0,user_10,168,172,231
651,77,150000,0,user_37,170,172,
659,78,150000,0,user_47,170,172,
432,79,149999,0,user_17,167,172,231
698,80,120000,0,user_31,171,172,
444,81,110000,0,user_23,167,172,
166,82,85000,0,user_38,162,172,
648,83,85000,0,user_35,170,172,
645,84,82000,0,user_35,170,172,
440,85,79000,0,user_23,167,172,
358,86,73000,0,user_43,165,172,
507,87,70000,0,user_43,168,172,
771,0,4500000,0,user_33,172,173,
452,1,3600000,0,user_34,167,173,
774,2,2600000,0,user_35,172,173,
653,3,2000000,510000,user_40,170,173,
767,4,1500000,0,user_30,172,173,
544,5,1100001,0,user_16,169,173,354
626,6,1100001,0,user_16,170,173,354
670,7,1100001,0,user_6,171,173,354
742,8,1100001,0,user_2,172,173,354
800,9,1100001,0,user_0,173,173,354
801,10,1100001,0,user_1,173,173,354
773,11,1100000,60700,user_35,172,173,
668,12,1099999,0,user_3,171,173,354
546,13,1099999,0,user_19,169,173,354
623,14,1099999,0,user_16,170,173,354
628,15,1099999,0,user_18,170,173,29
676,16,1099999,0,user_13,171,173,354
749,17,1099999,0,user_9,172,173,354
802,18,1099999,0,user_1,173,173,354
803,19,1099999,0,user_1,173,173,354
551,20,910000,0,user_26,169,173,
768,21,530000,0,user_30,172,173,
760,22,360000,0,user_21,172,173,
625,23,320001,0,user_16,170,173,386
512,24,320000,0,user_48,168,173,
624,25,319999,0,user_16,170,173,386
627,26,150001,0,user_16,170,173,231
674,27,150001,0,user_11,171,173,231
769,28,150000,46500,user_31,172,173,
669,29,149999,0,user_5,171,173,231
461,30,110000,0,user_44,167,173,
508,31,110000,164000,user_44,168,173,
634,32,100000,0,user_26,170,173,
699,0,27000000,0,user_32,171,174,
830,1,4200000,0,user_24,173,174,
770,2,1900000,0,user_32,172,174,
838,3,1500000,0,user_33,173,174,
639,4,1500000,0,user_32,170,174,
825,5,1099999,0,user_15,173,174,354
862,6,1099999,0,user_0,174,174,354
864,7,1099999,0,user_1,174,174,354
832,8,910000,0,user_25,173,174,
831,9,650000,0,user_24,173,174,
863,10,150001,0,user_1,174,174,231
837,11,120000,0,user_33,173,174,
842,12,120000,0,user_37,173,174,
836,13,110000,0,user_30,173,174,
840,14,87000,0,user_35,173,174,
707,0,43000000,0,user_40,171,175,
904,1,27000000,0,user_37,174,175,
629,2,19000000,0,user_20,170,175,
548,3,5200000,108000,user_23,169,175,
503,4,5000000,0,user_38,168,175,
579,5,5000000,0,user_48,169,175,
914,6,5000000,0,user_47,174,175,
545,7,2300001,0,user_17,169,175,30
568,8,1900000,0,user_41,169,175,
714,9,1700000,0,user_46,171,175,
682,10,1700000,0,user_20,171,175,
686,11,1600000,510000,user_22,171,175,
696,12,1600000,0,user_28,171,175,
897,13,1600000,0,user_30,174,175,
708,14,1500000,0,user_40,171,175,
514,15,1500000,0,user_49,168,175,
656,16,1500000,0,user_43,170,175,
657,17,1500000,0,user_43,170,175,
571,18,1500000,0,user_44,169,175,
702,19,1500000,0,user_34,171,175,
713,20,1400000,0,user_44,171,175,
617,21,1100001,0,user_12,170,175,354
619,22,1100001,0,user_12,170,175,354
620,23,1100001,0,user_12,170,175,354
675,24,1100001,0,user_12,171,175,354
745,25,1100001,0,user_6,172,175,354
614,26,1100001,0,user_10,170,175,354
679,27,1100001,0,user_16,171,175,354
758,28,1100001,0,user_19,172,175,354
805,29,1100001,0,user_5,173,175,354
752,30,1100001,0,user_10,172,175,354
811,31,1100001,0,user_7,173,175,354
812,32,1100001,0,user_7,173,175,354
873,33,1100001,0,user_9,174,175,354
943,34,1100001,0,user_1,175,175,354
613,35,1099999,0,user_8,170,175,354
673,36,1099999,0,user_10,171,175,354
680,37,1099999,0,user_18,171,175,354
754,38,1099999,0,user_11,172,175,354
678,39,1099999,0,user_16,171,175,354
681,40,1099999,0,user_19,171,175,354
809,41,1099999,0,user_5,173,175,354
751,42,1099999,0,user_10,172,175,354
753,43,1099999,0,user_10,172,175,354
884,44,1099999,0,user_15,174,175,29
941,45,1099999,0,user_0,175,175,354
942,46,1099999,0,user_0,175,175,354
642,47,1000000,0,user_34,170,175,
643,48,1000000,39400,user_34,170,175,
689,49,1000000,0,user_23,171,175,
637,50,970000,0,user_29,170,175,
694,51,970000,510000,user_26,171,175,
683,52,970000,39400,user_20,171,175,
687,53,910000,0,user_22,171,175,
630,54,870000,0,user_22,170,175,
688,55,870000,0,user_22,171,175,
684,56,630000,15700,user_22,171,175,
898,57,460000,12800,user_31,174,175,
711,58,370000,0,user_43,171,175,
640,59,360000,0,user_34,170,175,
893,60,360000,0,user_25,174,175,
569,61,350000,0,user_43,169,175,
778,62,350000,0,user_40,172,175,
915,63,350000,0,user_47,174,175,
693,64,340000,0,user_26,171,175,
757,65,320001,0,user_16,172,175,386
807,66,320001,0,user_5,173,175,386
709,67,320000,0,user_41,171,175,
900,68,320000,14200,user_33,174,175,
744,69,319999,0,user_6,172,175,386
810,70,319999,0,user_6,173,175,386
890,71,310000,0,user_21,174,175,
715,72,260000,0,user_48,171,175,
690,73,260000,0,user_23,171,175,
513,74,240000,128000,user_49,168,175,
658,75,220000,49100,user_46,170,175,
697,76,220000,0,user_28,171,175,
903,77,170000,0,user_37,174,175,
804,78,160001,0,user_3,173,175,165
746,79,159999,0,user_7,172,175,165
808,80,159999,0,user_5,173,175,165
621,81,150001,0,user_12,170,175,231
671,82,150001,0,user_8,171,175,231
743,83,150001,0,user_4,172,175,231
806,84,150001,0,user_5,173,175,231
631,85,150000,0,user_23,170,175,
570,86,150000,0,user_44,169,175,
710,87,150000,0,user_43,171,175,
618,88,149999,0,user_12,170,175,231
677,89,149999,0,user_14,171,175,231
750,90,149999,0,user_10,172,175,231
865,91,149999,0,user_2,174,175,231
902,92,120000,15100,user_35,174,175,
685,93,87000,0,user_22,171,175,
712,94,87000,0,user_44,171,175,
779,95,83000,108000,user_40,172,175,
552,96,80000,0,user_28,169,175,
654,97,80000,13900,user_41,170,175,
892,98,77000,0,user_24,174,175,
558,99,73000,0,user_34,169,175,
899,0,2400000,0,user_32,174,176,
969,1,2000000,0,user_31,175,176,
964,2,1900000,0,user_30,175,176,
846,3,1600000,0,user_40,173,176,
965,4,1400000,1100000,user_31,175,176,
866,5,1100001,0,user_5,174,176,354
870,6,1100001,0,user_6,174,176,354
881,7,1100001,0,user_13,174,176,354
945,8,1100001,0,user_2,175,176,354
826,9,1099999,0,user_16,173,176,354
868,10,1099999,0,user_5,174,176,354
869,11,1099999,0,user_6,174,176,354
877,12,1099999,0,user_11,174,176,354
879,13,1099999,0,user_13,174,176,354
880,14,1099999,0,user_13,174,176,354
951,15,1099999,0,user_9,175,176,354
954,16,1099999,0,user_15,175,176,354
968,17,460000,0,user_31,175,176,
950,18,320001,0,user_9,175,176,386
867,19,319999,0,user_5,174,176,386
944,20,319999,0,user_2,175,176,386
982,21,240000,5640,user_47,175,176,
959,22,170000,0,user_25,175,176,
827,23,159999,0,user_18,173,176,165
1004,24,159999,0,user_0,176,176,165
871,25,150001,0,user_6,174,176,231
1005,26,150001,0,user_1,176,176,231
966,27,150000,0,user_31,175,176,
833,28,120000,24700,user_26,173,176,
967,29,120000,0,user_31,175,176,
972,30,110000,0,user_37,175,176,
762,0,43000000,0,user_23,172,177,
782,1,43000000,0,user_43,172,177,
849,2,30000000,0,user_44,173,177,
839,3,27000000,0,user_34,173,177,
764,4,4500000,0,user_28,172,177,
792,5,4200000,0,user_48,172,177,
829,6,3600000,0,user_23,173,177,
793,7,2000000,0,user_48,172,177,
1030,8,1500000,0,user_25,176,177,
946,9,1100001,0,user_3,175,177,29
817,10,1100001,0,user_10,173,177,354
875,11,1100001,0,user_10,174,177,354
876,12,1100001,0,user_10,174,177,354
949,13,1100001,0,user_7,175,177,29
1007,14,1100001,0,user_2,176,177,29
1023,15,1100001,0,user_15,176,177,354
1017,16,1099999,0,user_9,176,177,354
795,17,1000000,0,user_48,172,177,
1038,18,1000000,0,user_33,176,177,
781,19,970000,0,user_43,172,177,
784,20,910000,0,user_44,172,177,
794,21,650000,0,user_48,172,177,
791,22,630000,15100,user_48,172,177,
970,23,600000,0,user_32,175,177,
1036,24,420000,0,user_31,176,177,
948,25,320001,0,user_7,175,177,386
1010,26,320001,0,user_2,176,177,386
1064,27,319999,0,user_1,177,177,386
818,28,160001,0,user_10,173,177,165
1008,29,160001,0,user_2,176,177,165
1063,30,160001,0,user_0,177,177,165
783,31,160000,0,user_44,172,177,
851,32,160000,33300,user_48,173,177,
1035,33,160000,0,user_31,176,177,
874,34,159999,0,user_10,174,177,165
1006,35,159999,0,user_2,176,177,165
1009,36,159999,0,user_2,176,177,165
888,37,149999,0,user_19,174,177,231
947,38,149999,0,user_5,175,177,231
759,39,120000,0,user_20,172,177,
828,40,120000,0,user_23,173,177,
848,41,85000,0,user_43,173,177,
772,42,83000,0,user_34,172,177,
835,43,77000,0,user_28,173,177,
1031,44,77000,0,user_25,176,177,
1089,0,30000000,0,user_21,177,178,
761,1,2500000,15700,user_22,172,178,
975,2,1800000,13900,user_40,175,178,
787,3,1500000,0,user_46,172,178,
891,4,1500000,0,user_22,174,178,
912,5,1500000,6390,user_46,174,178,
747,6,1100001,0,user_8,172,178,354
820,7,1100001,0,user_14,173,178,354
821,8,1100001,0,user_14,173,178,354
824,9,1100001,0,user_14,173,178,354
878,10,1100001,0,user_12,174,178,29
953,11,1100001,0,user_14,175,178,354
955,12,1100001,0,user_16,175,178,354
1013,13,1100001,0,user_5,176,178,29
887,14,1100001,0,user_18,174,178,354
1065,15,1100001,0,user_2,177,178,29
748,16,1099999,0,user_8,172,178,354
755,17,1099999,0,user_12,172,178,354
756,18,1099999,0,user_12,172,178,354
814,19,1099999,0,user_8,173,178,354
815,20,1099999,0,user_8,173,178,29
819,21,1099999,0,user_12,173,178,354
823,22,1099999,0,user_14,173,178,354
766,23,870000,0,user_29,172,178,
1096,24,650000,0,user_31,177,178,
1095,25,460000,0,user_30,177,178,
786,26,360000,0,user_46,172,178,
765,27,350000,0,user_29,172,178,
822,28,320001,0,user_14,173,178,386
960,29,320000,49100,user_26,175,178,
813,30,319999,0,user_8,173,178,386
1012,31,319999,0,user_4,176,178,386
913,32,310000,0,user_46,174,178,
1101,33,300000,0,user_33,177,178,
790,34,260000,0,user_46,172,178,
963,35,190000,0,user_29,175,178,
789,36,170000,0,user_46,172,178,
1011,37,160001,0,user_3,176,178,165
1014,38,160001,0,user_5,176,178,165
1021,39,160001,0,user_13,176,178,165
1135,40,160001,0,user_1,178,178,165
1136,41,160001,0,user_1,178,178,165
816,42,159999,0,user_8,173,178,165
872,43,159999,0,user_8,174,178,165
1015,44,159999,0,user_6,176,178,165
1019,45,159999,0,user_11,176,178,165
1066,46,159999,0,user_2,177,178,165
882,47,150001,0,user_14,174,178,231
1090,48,150000,0,user_21,177,178,
883,49,149999,0,user_14,174,178,231
952,50,149999,0,user_12,175,178,231
1092,51,120000,0,user_25,177,178,
788,52,85000,0,user_46,172,178,
1102,53,82000,31700,user_33,177,178,
1037,0,43000000,0,user_32,176,179,
895,1,30000000,0,user_28,174,179,
1106,2,30000000,16400,user_35,177,179,
563,3,19000000,0,user_38,169,179,
1098,4,6300000,3130,user_32,177,179,
1097,5,5200000,0,user_32,177,179,
911,6,4500000,0,user_44,174,179,
705,7,4500000,0,user_38,171,179,
1164,8,4500000,0,user_21,178,179,
910,9,3200000,0,user_43,174,179,
844,10,2400000,0,user_38,173,179,
962,11,2300000,0,user_28,175,179,
971,12,2100000,0,user_34,175,179,
957,13,2000000,0,user_20,175,179,
979,14,2000000,0,user_43,175,179,
565,15,1900000,0,user_38,169,179,
580,16,1600000,161000,user_49,169,179,
896,17,1600000,0,user_28,174,179,
1069,18,1500001,0,user_5,177,179,901
901,19,1500000,17700000,user_34,174,179,
905,20,1500000,0,user_38,174,179,
1222,21,1499999,0,user_1,179,179,901
1137,22,1400001,0,user_2,178,179,965
564,23,1400000,35600,user_38,169,179,
958,24,1400000,56200,user_23,175,179,
1168,25,1400000,0,user_25,178,179,
1026,26,1399999,0,user_19,176,179,965
1068,27,1399999,0,user_5,177,179,965
885,28,1100001,0,user_17,174,179,354
956,29,1100001,0,user_17,175,179,29
843,30,1100000,296000,user_38,173,179,
1018,31,1099999,0,user_10,176,179,354
916,32,1000000,369000,user_48,174,179,
907,33,870000,0,user_41,174,179,
1104,34,870000,0,user_35,177,179,
1105,35,870000,0,user_35,177,179,
566,36,600000,0,user_38,169,179,
1100,37,420000,0,user_32,177,179,
1108,38,350000,0,user_37,177,179,
1070,39,319999,0,user_6,177,179,386
976,40,310000,0,user_41,175,179,
716,41,260000,322000,user_49,171,179,
717,42,170000,18600,user_49,171,179,
1099,43,170000,0,user_32,177,179,
1071,44,160001,0,user_7,177,179,165
1155,45,160001,0,user_15,178,179,165
1067,46,159999,0,user_3,177,179,165
1024,47,159999,0,user_16,176,179,165
886,48,159999,0,user_17,174,179,165
1144,49,159999,0,user_9,178,179,165
1221,50,150001,0,user_0,179,179,1191
1191,51,150000,4320000,user_47,178,179,
1077,52,149999,0,user_11,177,179,231
1078,53,149999,0,user_11,177,179,231
1081,54,149999,0,user_15,177,179,231
889,55,130000,0,user_20,174,179,
983,56,110000,0,user_48,175,179,
1032,57,110000,0,user_26,176,179,
917,58,85000,0,user_49,174,179,
567,59,84000,0,user_38,169,179,
1176,60,82000,0,user_30,178,179,
776,61,80000,0,user_38,172,179,
1103,62,79000,0,user_35,177,179,
1180,63,79000,0,user_35,178,179,
0,7,3200000,0,user_0,180,182,
1,14,2100000,0,user_1,180,182,
27,1,19000000,71800,user_21,180,182,
34,5,3600000,0,user_31,180,182,
30,11,2300000,410000,user_25,180,182,
58,12,2299999,0,user_1,181,182,30
37,16,1300000,0,user_33,180,182,
26,19,1000000,0,user_21,180,182,
39,20,1000000,0,user_35,180,182,
42,23,420000,0,user_37,180,182,
56,24,370000,0,user_0,181,182,
57,27,310000,0,user_0,181,182,
53,29,300000,0,user_47,180,182,
22,32,170000,0,user_15,180,182,
15,35,150000,0,user_9,180,182,
31,47,73000,0,user_25,180,182,
14,48,73000,0,user_9,180,182,
81,0,43000000,256000,user_20,181,185,
27,1,19000000,71800,user_21,180,182,
48,4,5200000,0,user_43,180,185,
4,4,5000000,0,user_4,180,183,
43,5,5000000,0,user_38,180,185,
34,5,3600000,0,user_31,180,182,
20,6,3500000,17000,user_13,180,183,
0,7,3200000,0,user_0,180,182,
17,8,2600000,0,user_11,180,183,
59,10,2300001,0,user_2,181,183,30
64,11,2300001,0,user_7,181,184,30
30,11,2300000,410000,user_25,180,182,
58,12,2299999,0,user_1,181,182,30
133,15,2299999,0,user_7,182,184,30
1,14,2100000,0,user_1,180,182,
98,10,1800000,0,user_41,181,185,
37,16,1300000,0,user_33,180,182,
137,11,1100001,0,user_10,182,185,29
29,13,1100000,17700000,user_23,180,185,
26,19,1000000,0,user_21,180,182,
39,20,1000000,0,user_35,180,182,
132,31,460001,0,user_7,182,184,19
19,23,460000,296000,user_11,180,183,
42,23,420000,0,user_37,180,182,
56,24,370000,0,user_0,181,182,
97,18,350000,0,user_41,181,185,
45,19,340000,0,user_41,180,185,
57,27,310000,0,user_0,181,182,
18,28,300000,0,user_11,180,183,
53,29,300000,0,user_47,180,182,
33,20,220000,0,user_28,180,185,
84,21,190000,12800,user_23,181,185,
22,32,170000,0,user_15,180,182,
47,24,160000,0,user_43,180,185,
5,31,160000,0,user_5,180,183,
15,35,150000,0,user_9,180,182,
55,25,150000,43600,user_49,180,185,
28,26,130000,0,user_23,180,185,
3,35,120000,0,user_4,180,183,
90,27,120000,0,user_28,181,185,
2,36,110000,0,user_3,180,183,
74,29,84001,0,user_17,181,185,7
76,30,84001,0,user_17,181,185,7
100,31,84000,0,user_43,181,185,
24,32,83999,0,user_17,180,185,7
73,33,83999,0,user_17,181,185,7
75,34,83999,0,user_17,181,185,7
31,47,73000,0,user_25,180,182,
14,48,73000,0,user_9,180,182,
6,38,70000,3130,user_6,180,183,
162,0,27000000,283000,user_35,182,183,
136,1,19000001,0,user_9,182,183,27
141,2,19000001,0,user_15,182,183,27
161,3,6300000,0,user_35,182,183,
4,4,5000000,0,user_4,180,183,
93,5,4200000,0,user_35,181,183,
20,6,3500000,17000,user_13,180,183,
86,7,3500000,0,user_24,181,183,
17,8,2600000,0,user_11,180,183,
92,9,2500000,34700,user_32,181,183,
59,10,2300001,0,user_2,181,183,30
135,11,2300001,0,user_9,182,183,30
128,12,2299999,0,user_0,182,183,30
91,13,2000000,0,user_31,181,183,
85,14,1900000,0,user_24,181,183,
147,15,1900000,0,user_21,182,183,
151,16,1700000,0,user_24,182,183,
164,17,1300000,0,user_37,182,183,
9,18,1200000,0,user_7,180,183,
71,19,1000000,0,user_15,181,183,
108,20,970000,0,user_47,181,183,
190,21,460001,0,user_1,183,183,19
10,22,460000,0,user_7,180,183,
19,23,460000,296000,user_11,180,183,
189,24,459999,0,user_1,183,183,19
35,25,360000,0,user_32,180,183,
158,26,350000,0,user_33,182,183,
36,27,310000,0,user_32,180,183,
18,28,300000,0,user_11,180,183,
11,29,260000,0,user_7,180,183,
187,30,160001,0,user_0,183,183,165
5,31,160000,0,user_5,180,183,
165,32,160000,779000,user_37,182,183,
188,33,159999,0,user_0,183,183,165
8,34,150000,0,user_7,180,183,
3,35,120000,0,user_4,180,183,
2,36,110000,0,user_3,180,183,
7,37,84000,19700,user_7,180,183,
6,38,70000,3130,user_6,180,183,
65,0,19000001,0,user_11,181,184,27
68,1,19000001,0,user_13,181,184,27
23,2,19000000,0,user_16,180,184,
214,3,19000000,0,user_21,183,184,
66,4,18999999,0,user_12,181,184,27
78,5,18999999,0,user_19,181,184,27
139,6,18999999,0,user_13,182,184,27
82,7,5000000,0,user_22,181,184,
130,8,3500001,0,user_5,182,184,20
106,9,3200000,0,user_46,181,184,
229,10,2500000,0,user_35,183,184,
64,11,2300001,0,user_7,181,184,30
67,12,2300001,0,user_13,181,184,30
69,13,2300001,0,user_14,181,184,30
202,14,2300001,0,user_15,183,184,30
133,15,2299999,0,user_7,182,184,30
87,16,2000000,0,user_26,181,184,
232,17,2000000,0,user_37,183,184,
13,18,1600000,0,user_8,180,184,
211,19,1100000,0,user_21,183,184,
213,20,1000000,43600,user_21,183,184,
225,21,1000000,0,user_31,183,184,
157,22,1000000,75000,user_32,182,184,
21,23,970000,0,user_14,180,184,
224,24,970000,24700,user_30,183,184,
105,25,670000,71800,user_46,181,184,
210,26,660000,0,user_21,183,184,
226,27,470000,5180,user_33,183,184,
60,28,460001,0,user_3,181,184,19
62,29,460001,0,user_5,181,184,19
129,30,460001,0,user_4,182,184,19
132,31,460001,0,user_7,182,184,19
216,32,460000,0,user_24,183,184,
61,33,459999,0,user_4,181,184,19
63,34,459999,0,user_5,181,184,19
79,35,459999,0,user_19,181,184,19
131,36,459999,0,user_6,182,184,19
191,37,459999,0,user_2,183,184,19
54,38,260000,0,user_48,180,184,
38,39,220000,0,user_34,180,184,
107,40,190000,0,user_46,181,184,
12,41,170000,0,user_8,180,184,
52,42,170000,0,user_46,180,184,
88,43,170000,11200,user_26,181,184,
262,44,150001,0,user_1,184,184,231
231,45,150000,7190000,user_37,183,184,
261,46,149999,0,user_0,184,184,231
96,47,120000,0,user_40,181,184,
25,48,110000,0,user_19,180,184,
227,49,100000,0,user_33,183,184,
72,50,84001,0,user_16,181,184,7
16,51,83999,0,user_10,180,184,7
70,52,83999,0,user_14,181,184,7
80,53,83999,0,user_19,181,184,7
83,54,83000,21800,user_22,181,184,
212,55,82000,0,user_21,183,184,
49,56,79000,0,user_44,180,184,
217,57,77000,0,user_25,183,184,
81,0,43000000,256000,user_20,181,185,
192,1,27000001,0,user_3,183,185,162
200,2,27000001,0,user_13,183,185,162
199,3,26999999,0,user_13,183,185,162
48,4,5200000,0,user_43,180,185,
43,5,5000000,0,user_38,180,185,
277,13,4500000,0,user_21,184,188,
144,7,2300001,0,user_18,182,185,30
77,8,2299999,0,user_18,181,185,30
197,9,2299999,0,user_11,183,185,30
98,10,1800000,0,user_41,181,185,
137,11,1100001,0,user_10,182,185,29
325,65,1100001,0,user_1,185,188,29
29,13,1100000,17700000,user_23,180,185,
194,14,1099999,0,user_7,183,185,29
287,80,660000,0,user_33,184,188,
324,86,460001,0,user_1,185,188,19
263,17,459999,0,user_2,184,185,19
97,18,350000,0,user_41,181,185,
45,19,340000,0,user_41,180,185,
33,20,220000,0,user_28,180,185,
84,21,190000,12800,user_23,181,185,
284,22,170000,0,user_31,184,185,
193,23,160001,0,user_6,183,185,165
47,24,160000,0,user_43,180,185,
55,25,150000,43600,user_49,180,185,
28,26,130000,0,user_23,180,185,
90,27,120000,0,user_28,181,185,
168,28,98000,0,user_40,182,185,
74,29,84001,0,user_17,181,185,7
76,30,84001,0,user_17,181,185,7
100,31,84000,0,user_43,181,185,
24,32,83999,0,user_17,180,185,7
73,33,83999,0,user_17,181,185,7
75,34,83999,0,user_17,181,185,7
177,0,43000000,0,user_43,182,186,
331,2,26999999,0,user_9,185,188,162
205,3,19000001,0,user_16,183,188,27
176,3,6100000,0,user_43,182,186,
222,7,5200000,0,user_26,183,188,
182,12,4500000,0,user_48,182,188,
218,16,4200000,146000,user_26,183,188,
361,17,4200000,0,user_47,185,188,
142,19,3500001,0,user_16,182,188,20
203,20,3500001,0,user_16,183,188,20
145,22,3499999,0,user_19,182,188,20
344,23,3200000,0,user_30,185,188,
169,12,2600000,0,user_41,182,186,
143,30,2299999,0,user_16,182,188,30
208,31,2299999,0,user_19,183,188,30
184,38,2000000,0,user_48,182,188,
363,40,2000000,0,user_47,185,188,
299,41,1900000,0,user_47,184,188,
345,42,1700000,0,user_31,185,188,
264,51,1300001,0,user_5,184,188,221
326,52,1300001,0,user_2,185,188,221
369,54,1300001,0,user_1,186,188,221
221,57,1300000,369000,user_26,183,188,
154,23,1000000,0,user_28,182,186,
180,74,870000,0,user_48,182,188,
265,25,460001,0,user_7,184,186,19
196,26,459999,0,user_10,183,186,19
269,88,459999,0,user_13,184,188,19
349,94,310000,0,user_35,185,188,
150,29,300000,0,user_23,182,186,
183,97,260000,0,user_48,182,188,
146,31,260000,0,user_20,182,186,
170,32,240000,0,user_41,182,186,
160,33,160000,0,user_34,182,186,
178,34,160000,0,user_44,182,186,
285,35,160000,0,user_32,184,186,
270,36,159999,0,user_15,184,186,165
368,37,150001,0,user_0,186,186,231
337,38,149999,0,user_15,185,186,231
152,39,120000,0,user_26,182,186,
286,40,120000,0,user_32,184,186,
159,41,110000,0,user_34,182,186,
219,42,110000,6390,user_26,183,186,
155,43,100000,0,user_28,182,186,
220,44,87000,0,user_26,183,186,
181,45,85000,0,user_48,182,186,
340,46,85000,0,user_25,185,186,
206,47,84001,0,user_16,183,186,7
204,48,83999,0,user_16,183,186,7
362,49,79000,108000,user_47,185,186,
215,0,30000000,0,user_22,183,189,
207,2,26999999,0,user_18,183,189,162
331,2,26999999,0,user_9,185,188,162
205,3,19000001,0,user_16,183,188,27
298,3,19000000,0,user_46,184,189,
351,0,19000000,0,user_38,185,192,
195,4,18999999,0,user_8,183,189,27
222,7,5200000,0,user_26,183,188,
283,5,5200000,0,user_29,184,189,
297,7,5000000,0,user_46,184,189,
355,9,5000000,56200,user_40,185,189,
233,2,4500000,155000,user_38,183,192,
182,12,4500000,0,user_48,182,188,
277,13,4500000,0,user_21,184,188,
359,11,4500000,0,user_44,185,189,
234,3,4200000,0,user_38,183,192,
218,16,4200000,146000,user_26,183,188,
361,17,4200000,0,user_47,185,188,
399,4,4200000,0,user_38,186,192,
142,19,3500001,0,user_16,182,188,20
203,20,3500001,0,user_16,183,188,20
460,5,3500000,0,user_43,187,192,
145,22,3499999,0,user_19,182,188,20
344,23,3200000,0,user_30,185,188,
356,12,3200000,128000,user_40,185,189,
134,15,2300001,0,user_8,182,189,30
140,16,2300001,0,user_14,182,189,30
370,17,2300001,0,user_2,186,189,30
441,7,2300000,322000,user_23,187,192,
281,18,2300000,0,user_26,184,189,
143,30,2299999,0,user_16,182,188,30
208,31,2299999,0,user_19,183,188,30
138,19,2299999,0,user_12,182,189,30
201,20,2299999,0,user_14,183,189,30
381,22,2299999,0,user_16,186,189,30
423,23,2299999,0,user_6,187,189,30
94,11,2000000,0,user_38,181,192,
109,12,2000000,0,user_49,181,192,
184,38,2000000,0,user_48,182,188,
291,25,2000000,0,user_40,184,189,
363,40,2000000,0,user_47,185,188,
299,41,1900000,0,user_47,184,188,
345,42,1700000,0,user_31,185,188,
357,14,1500000,0,user_41,185,192,
278,27,1500000,0,user_22,184,189,
385,15,1500000,0,user_20,186,192,
393,16,1500000,0,user_28,186,192,
342,17,1400000,15700,user_28,185,192,
244,29,1400000,0,user_46,183,189,
228,30,1400000,0,user_34,183,189,
391,31,1400000,0,user_26,186,189,
264,51,1300001,0,user_5,184,188,221
326,52,1300001,0,user_2,185,188,221
335,32,1300001,0,user_13,185,189,221
369,54,1300001,0,user_1,186,188,221
376,35,1300001,0,user_11,186,189,221
426,36,1300001,0,user_11,187,189,221
221,57,1300000,369000,user_26,183,188,
288,37,1300000,0,user_34,184,189,
332,39,1299999,0,user_11,185,189,221
374,40,1299999,0,user_7,186,189,221
338,41,1299999,0,user_18,185,189,221
380,42,1299999,0,user_16,186,189,221
384,43,1299999,0,user_19,186,189,221
420,44,1299999,0,user_5,187,189,221
325,65,1100001,0,user_1,185,188,29
442,35,1100000,0,user_23,187,192,
354,46,1100000,594000,user_40,185,189,
348,47,1100000,0,user_34,185,189,
373,49,1099999,0,user_7,186,189,29
474,29,1099999,0,user_7,188,190,29
185,42,1000000,0,user_49,182,192,
273,43,1000000,0,user_20,184,192,
238,50,1000000,73100,user_40,183,189,
180,74,870000,0,user_48,182,188,
266,52,670001,0,user_8,184,189,105
276,44,670000,0,user_20,184,192,
400,45,670000,0,user_43,186,192,
300,46,670000,0,user_49,184,192,
272,47,660000,0,user_20,184,192,
287,80,660000,0,user_33,184,188,
149,53,660000,0,user_22,182,189,
443,48,660000,0,user_23,187,192,
352,54,650000,0,user_40,185,189,
156,55,530000,3130,user_29,182,189,
271,52,460001,0,user_17,184,192,19
324,86,460001,0,user_1,185,188,19
274,53,460000,0,user_20,184,192,
269,88,459999,0,user_13,184,188,19
268,57,459999,0,user_12,184,189,19
433,55,459999,0,user_17,187,192,19
294,56,420000,0,user_43,184,192,
392,57,420000,0,user_28,186,192,
364,59,320000,0,user_48,185,189,
349,94,310000,0,user_35,185,188,
245,60,310000,0,user_48,183,189,
295,65,300000,0,user_43,184,192,
183,97,260000,0,user_48,182,188,
148,62,260000,0,user_22,182,189,
282,66,240000,75000,user_28,184,192,
215,0,30000000,0,user_22,183,189,
395,1,30000000,128000,user_31,186,189,
207,2,26999999,0,user_18,183,189,162
298,3,19000000,0,user_46,184,189,
195,4,18999999,0,user_8,183,189,27
283,5,5200000,0,user_29,184,189,
449,6,5200000,0,user_31,187,189,
297,7,5000000,0,user_46,184,189,
446,8,5000000,0,user_25,187,189,
355,9,5000000,56200,user_40,185,189,
496,10,5000000,49100,user_30,188,189,
359,11,4500000,0,user_44,185,189,
356,12,3200000,128000,user_40,185,189,
241,13,2400000,0,user_43,183,189,
347,14,2400000,285000,user_32,185,189,
134,15,2300001,0,user_8,182,189,30
140,16,2300001,0,user_14,182,189,30
370,17,2300001,0,user_2,186,189,30
281,18,2300000,0,user_26,184,189,
138,19,2299999,0,user_12,182,189,30
201,20,2299999,0,user_14,183,189,30
375,21,2299999,0,user_9,186,189,30
381,22,2299999,0,user_16,186,189,30
423,23,2299999,0,user_6,187,189,30
451,24,2100000,108000,user_33,187,189,
291,25,2000000,0,user_40,184,189,
396,26,1800000,17000,user_33,186,189,
278,27,1500000,0,user_22,184,189,
498,28,1500000,0,user_30,188,189,
244,29,1400000,0,user_46,183,189,
228,30,1400000,0,user_34,183,189,
391,31,1400000,0,user_26,186,189,
335,32,1300001,0,user_13,185,189,221
418,33,1300001,0,user_0,187,189,221
419,34,1300001,0,user_0,187,189,221
376,35,1300001,0,user_11,186,189,221
426,36,1300001,0,user_11,187,189,221
288,37,1300000,0,user_34,184,189,
485,38,1300000,0,user_21,188,189,
332,39,1299999,0,user_11,185,189,221
374,40,1299999,0,user_7,186,189,221
338,41,1299999,0,user_18,185,189,221
380,42,1299999,0,user_16,186,189,221
384,43,1299999,0,user_19,186,189,221
420,44,1299999,0,user_5,187,189,221
448,45,1100000,0,user_30,187,189,
354,46,1100000,594000,user_40,185,189,
348,47,1100000,0,user_34,185,189,
267,48,1099999,0,user_10,184,189,29
373,49,1099999,0,user_7,186,189,29
238,50,1000000,73100,user_40,183,189,
497,51,970000,0,user_30,188,189,
266,52,670001,0,user_8,184,189,105
149,53,660000,0,user_22,182,189,
352,54,650000,0,user_40,185,189,
156,55,530000,3130,user_29,182,189,
398,56,470000,0,user_35,186,189,
268,57,459999,0,user_12,184,189,19
386,58,320000,7190000,user_21,186,189,
364,59,320000,0,user_48,185,189,
245,60,310000,0,user_48,183,189,
499,61,310000,0,user_31,188,189,
148,62,260000,0,user_22,182,189,
280,63,240000,32900,user_26,184,189,
438,64,220000,0,user_21,187,189,
495,65,220000,0,user_30,188,189,
209,66,170000,0,user_20,183,189,
500,67,170000,0,user_33,188,189,
333,68,160001,0,user_11,185,189,165
383,69,160001,0,user_19,186,189,165
421,70,160001,0,user_5,187,189,165
422,71,160001,0,user_6,187,189,165
526,72,160001,0,user_1,189,189,165
296,73,160000,0,user_44,184,189,
327,74,159999,0,user_4,185,189,165
382,75,159999,0,user_18,186,189,165
428,76,159999,0,user_13,187,189,165
469,77,159999,0,user_2,188,189,165
328,78,150001,0,user_6,185,189,231
329,79,150001,0,user_7,185,189,231
379,80,150001,0,user_15,186,189,231
372,81,150001,0,user_6,186,189,231
371,82,149999,0,user_3,186,189,231
394,83,120000,0,user_30,186,189,
353,84,100000,0,user_40,185,189,
248,85,98000,0,user_48,183,189,
389,86,87000,0,user_24,186,189,
388,87,84000,0,user_24,186,189,
246,88,84000,0,user_48,183,189,
198,89,82999,0,user_12,183,189,83
346,90,77000,0,user_32,185,189,
247,91,73000,0,user_48,183,189,
390,92,70000,0,user_25,186,189,
489,0,19000000,0,user_24,188,190,
387,1,5000000,71800,user_22,186,190,
447,2,5000000,0,user_26,187,190,
455,3,5000000,0,user_37,187,190,
557,4,4500000,0,user_33,189,190,
343,5,2400000,0,user_29,185,190,
471,6,2300001,0,user_4,188,190,30
479,7,2300001,0,user_13,188,190,30
470,8,2299999,0,user_3,188,190,30
475,9,2299999,0,user_9,188,190,30
542,10,2299999,0,user_15,189,190,30
450,11,1600000,0,user_32,187,190,
578,12,1500000,0,user_47,189,190,
377,13,1300001,0,user_14,186,190,221
424,14,1300001,0,user_8,187,190,221
436,15,1300001,0,user_19,187,190,221
535,16,1300001,0,user_9,189,190,221
540,17,1300001,0,user_15,189,190,221
541,18,1300001,0,user_15,189,190,221
360,19,1300000,0,user_46,185,190,
330,20,1299999,0,user_8,185,190,221
334,21,1299999,0,user_12,185,190,221
336,22,1299999,0,user_14,185,190,221
425,23,1299999,0,user_9,187,190,221
476,24,1299999,0,user_9,188,190,221
533,25,1299999,0,user_9,189,190,221
534,26,1299999,0,user_9,189,190,221
536,27,1299999,0,user_9,189,190,221
431,28,1100001,0,user_16,187,190,29
474,29,1099999,0,user_7,188,190,29
527,30,1099999,0,user_2,189,190,354
603,31,1099999,0,user_1,190,190,354
445,32,910000,0,user_24,187,190,
549,33,600000,139000,user_24,189,190,
488,34,530000,0,user_24,188,190,
403,35,420000,0,user_46,186,190,
397,36,420000,0,user_34,186,190,
453,37,420000,0,user_35,187,190,
576,38,420000,0,user_47,189,190,
577,39,420000,0,user_47,189,190,
602,40,320001,0,user_0,190,190,386
464,41,310000,0,user_47,187,190,
556,42,300000,0,user_33,189,190,
463,43,240000,0,user_47,187,190,
511,44,240000,0,user_47,188,190,
554,45,190000,0,user_30,189,190,
429,46,160001,0,user_14,187,190,165
473,47,160001,0,user_7,188,190,165
555,48,160000,0,user_31,189,190,
378,49,159999,0,user_14,186,190,165
543,50,159999,0,user_15,189,190,165
427,51,150001,0,user_12,187,190,231
472,52,150001,0,user_5,188,190,231
430,53,150001,0,user_15,187,190,231
575,54,150000,0,user_47,189,190,
339,55,120000,0,user_22,185,190,
439,56,120000,0,user_22,187,190,
547,57,110000,0,user_21,189,190,
553,58,83000,0,user_30,189,190,
550,59,80000,0,user_25,189,190,
478,0,2300001,0,user_12,188,191,30
480,1,2300001,0,user_16,188,191,30
481,2,2299999,0,user_16,188,191,30
493,3,1900000,0,user_29,188,191,
604,4,1100001,0,user_2,190,191,354
662,5,1100001,0,user_1,191,191,354
528,6,1099999,0,user_3,189,191,29
531,7,1099999,0,user_5,189,191,354
539,8,1099999,0,user_13,189,191,354
663,9,1099999,0,user_1,191,191,29
494,10,470000,0,user_29,188,191,
486,11,420000,0,user_22,188,191,
529,12,320001,0,user_4,189,191,386
530,13,320001,0,user_5,189,191,386
638,14,320000,0,user_31,190,191,
490,15,160000,0,user_26,188,191,
510,16,77000,0,user_46,188,191,
633,17,70000,0,user_25,190,191,
351,0,19000000,0,user_38,185,192,
506,1,6100000,24700,user_41,188,192,
233,2,4500000,155000,user_38,183,192,
234,3,4200000,0,user_38,183,192,
399,4,4200000,0,user_38,186,192,
460,5,3500000,0,user_43,187,192,
632,6,3500000,296000,user_24,190,192,
441,7,2300000,322000,user_23,187,192,
482,8,2299999,0,user_17,188,192,30
537,9,2299999,0,user_10,189,192,30
487,10,2100000,0,user_23,188,192,
94,11,2000000,0,user_38,181,192,
109,12,2000000,0,user_49,181,192,
456,13,1600000,0,user_38,187,192,
357,14,1500000,0,user_41,185,192,
385,15,1500000,0,user_20,186,192,
393,16,1500000,0,user_28,186,192,
342,17,1400000,15700,user_28,185,192,
647,18,1400000,0,user_35,190,192,
434,19,1300001,0,user_18,187,192,221
484,20,1300001,0,user_18,188,192,221
435,21,1299999,0,user_18,187,192,221
483,22,1299999,0,user_18,188,192,221
605,23,1100001,0,user_3,190,192,29
606,24,1100001,0,user_4,190,192,354
607,25,1100001,0,user_6,190,192,354
609,26,1100001,0,user_7,190,192,354
610,27,1100001,0,user_7,190,192,354
612,28,1100001,0,user_7,190,192,354
615,29,1100001,0,user_11,190,192,354
664,30,1100001,0,user_2,191,192,354
666,31,1100001,0,user_2,191,192,354
667,32,1100001,0,user_2,191,192,354
740,33,1100001,0,user_0,192,192,354
741,34,1100001,0,user_1,192,192,354
442,35,1100000,0,user_23,187,192,
608,36,1099999,0,user_7,190,192,354
611,37,1099999,0,user_7,190,192,354
616,38,1099999,0,user_11,190,192,354
665,39,1099999,0,user_2,191,192,354
739,40,1099999,0,user_0,192,192,354
505,41,1000000,256000,user_40,188,192,
185,42,1000000,0,user_49,182,192,
273,43,1000000,0,user_20,184,192,
276,44,670000,0,user_20,184,192,
400,45,670000,0,user_43,186,192,
300,46,670000,0,user_49,184,192,
272,47,660000,0,user_20,184,192,
443,48,660000,0,user_23,187,192,
701,49,660000,0,user_33,191,192,
691,50,600000,0,user_24,191,192,
704,51,530000,0,user_37,191,192,
271,52,460001,0,user_17,184,192,19
274,53,460000,0,user_20,184,192,
692,54,460000,0,user_24,191,192,
433,55,459999,0,user_17,187,192,19
294,56,420000,0,user_43,184,192,
392,57,420000,0,user_28,186,192,
700,58,420000,0,user_33,191,192,
649,59,420000,0,user_35,190,192,
538,60,320001,0,user_12,189,192,386
532,61,319999,0,user_8,189,192,386
622,62,319999,0,user_15,190,192,386
672,63,319999,0,user_9,191,192,386
574,64,310000,231000,user_46,189,192,
295,65,300000,0,user_43,184,192,
282,66,240000,75000,user_28,184,192,
275,67,220000,0,user_20,184,192,
492,68,220000,0,user_28,188,192,
652,69,220000,0,user_37,190,192,
235,70,190000,0,user_38,183,192,
279,71,190000,0,user_23,184,192,
236,72,170000,0,user_38,183,192,
437,73,170000,0,user_20,187,192,
457,74,170000,0,user_41,187,192,
646,75,170000,283000,user_35,190,192,
477,76,150001,0,user_10,188,192,231
651,77,150000,0,user_37,190,192,
659,78,150000,0,user_47,190,192,
432,79,149999,0,user_17,187,192,231
698,80,120000,0,user_31,191,192,
444,81,110000,0,user_23,187,192,
166,82,85000,0,user_38,182,192,
648,83,85000,0,user_35,190,192,
645,84,82000,0,user_35,190,192,
440,85,79000,0,user_23,187,192,
358,86,73000,0,user_43,185,192,
507,87,70000,0,user_43,188,192,
771,0,4500000,0,user_33,192,193,
452,1,3600000,0,user_34,187,193,
774,2,2600000,0,user_35,192,193,
653,3,2000000,510000,user_40,190,193,
767,4,1500000,0,user_30,192,193,
544,5,1100001,0,user_16,189,193,354
626,6,1100001,0,user_16,190,193,354
670,7,1100001,0,user_6,191,193,354
742,8,1100001,0,user_2,192,193,354
800,9,1100001,0,user_0,193,193,354
801,10,1100001,0,user_1,193,193,354
773,11,1100000,60700,user_35,192,193,
668,12,1099999,0,user_3,191,193,354
546,13,1099999,0,user_19,189,193,354
623,14,1099999,0,user_16,190,193,354
628,15,1099999,0,user_18,190,193,29
676,16,1099999,0,user_13,191,193,354
749,17,1099999,0,user_9,192,193,354
802,18,1099999,0,user_1,193,193,354
803,19,1099999,0,user_1,193,193,354
551,20,910000,0,user_26,189,193,
768,21,530000,0,user_30,192,193,
760,22,360000,0,user_21,192,193,
625,23,320001,0,user_16,190,193,386
512,24,320000,0,user_48,188,193,
624,25,319999,0,user_16,190,193,386
627,26,150001,0,user_16,190,193,231
674,27,150001,0,user_11,191,193,231
769,28,150000,46500,user_31,192,193,
669,29,149999,0,user_5,191,193,231
461,30,110000,0,user_44,187,193,
508,31,110000,164000,user_44,188,193,
634,32,100000,0,user_26,190,193,
699,0,27000000,0,user_32,191,194,
830,1,4200000,0,user_24,193,194,
770,2,1900000,0,user_32,192,194,
838,3,1500000,0,user_33,193,194,
639,4,1500000,0,user_32,190,194,
825,5,1099999,0,user_15,193,194,354
862,6,1099999,0,user_0,194,194,354
864,7,1099999,0,user_1,194,194,354
832,8,910000,0,user_25,193,194,
831,9,650000,0,user_24,193,194,
863,10,150001,0,user_1,194,194,231
837,11,120000,0,user_33,193,194,
842,12,120000,0,user_37,193,194,
836,13,110000,0,user_30,193,194,
840,14,87000,0,user_35,193,194,
707,0,43000000,0,user_40,191,195,
904,1,27000000,0,user_37,194,195,
629,2,19000000,0,user_20,190,195,
548,3,5200000,108000,user_23,189,195,
503,4,5000000,0,user_38,188,195,
579,5,5000000,0,user_48,189,195,
914,6,5000000,0,user_47,194,195,
545,7,2300001,0,user_17,189,195,30
568,8,1900000,0,user_41,189,195,
714,9,1700000,0,user_46,191,195,
682,10,1700000,0,user_20,191,195,
686,11,1600000,510000,user_22,191,195,
696,12,1600000,0,user_28,191,195,
897,13,1600000,0,user_30,194,195,
708,14,1500000,0,user_40,191,195,
514,15,1500000,0,user_49,188,195,
656,16,1500000,0,user_43,190,195,
657,17,1500000,0,user_43,190,195,
571,18,1500000,0,user_44,189,195,
702,19,1500000,0,user_34,191,195,
713,20,1400000,0,user_44,191,195,
617,21,1100001,0,user_12,190,195,354
619,22,1100001,0,user_12,190,195,354
620,23,1100001,0,user_12,190,195,354
675,24,1100001,0,user_12,191,195,354
745,25,1100001,0,user_6,192,195,354
614,26,1100001,0,user_10,190,195,354
679,27,1100001,0,user_16,191,195,354
758,28,1100001,0,user_19,192,195,354
805,29,1100001,0,user_5,193,195,354
752,30,1100001,0,user_10,192,195,354
811,31,1100001,0,user_7,193,195,354
812,32,1100001,0,user_7,193,195,354
873,33,1100001,0,user_9,194,195,354
943,34,1100001,0,user_1,195,195,354
613,35,1099999,0,user_8,190,195,354
673,36,1099999,0,user_10,191,195,354
680,37,1099999,0,user_18,191,195,354
754,38,1099999,0,user_11,192,195,354
678,39,1099999,0,user_16,191,195,354
681,40,1099999,0,user_19,191,195,354
809,41,1099999,0,user_5,193,195,354
751,42,1099999,0,user_10,192,195,354
753,43,1099999,0,user_10,192,195,354
884,44,1099999,0,user_15,194,195,29
941,45,1099999,0,user_0,195,195,354
942,46,1099999,0,user_0,195,195,354
642,47,1000000,0,user_34,190,195,
643,48,1000000,39400,user_34,190,195,
689,49,1000000,0,user_23,191,195,
637,50,970000,0,user_29,190,195,
694,51,970000,510000,user_26,191,195,
683,52,970000,39400,user_20,191,195,
687,53,910000,0,user_22,191,195,
630,54,870000,0,user_22,190,195,
688,55,870000,0,user_22,191,195,
684,56,630000,15700,user_22,191,195,
898,57,460000,12800,user_31,194,195,
711,58,370000,0,user_43,191,195,
640,59,360000,0,user_34,190,195,
893,60,360000,0,user_25,194,195,
569,61,350000,0,user_43,189,195,
778,62,350000,0,user_40,192,195,
915,63,350000,0,user_47,194,195,
693,64,340000,0,user_26,191,195,
757,65,320001,0,user_16,192,195,386
807,66,320001,0,user_5,193,195,386
709,67,320000,0,user_41,191,195,
900,68,320000,14200,user_33,194,195,
744,69,319999,0,user_6,192,195,386
810,70,319999,0,user_6,193,195,386
890,71,310000,0,user_21,194,195,
715,72,260000,0,user_48,191,195,
690,73,260000,0,user_23,191,195,
513,74,240000,128000,user_49,188,195,
658,75,220000,49100,user_46,190,195,
697,76,220000,0,user_28,191,195,
903,77,170000,0,user_37,194,195,
804,78,160001,0,user_3,193,195,165
746,79,159999,0,user_7,192,195,165
808,80,159999,0,user_5,193,195,165
621,81,150001,0,user_12,190,195,231
671,82,150001,0,user_8,191,195,231
743,83,150001,0,user_4,192,195,231
806,84,150001,0,user_5,193,195,231
631,85,150000,0,user_23,190,195,
570,86,150000,0,user_44,189,195,
710,87,150000,0,user_43,191,195,
618,88,149999,0,user_12,190,195,231
677,89,149999,0,user_14,191,195,231
750,90,149999,0,user_10,192,195,231
865,91,149999,0,user_2,194,195,231
902,92,120000,15100,user_35,194,195,
685,93,87000,0,user_22,191,195,
712,94,87000,0,user_44,191,195,
779,95,83000,108000,user_40,192,195,
552,96,80000,0,user_28,189,195,
654,97,80000,13900,user_41,190,195,
892,98,77000,0,user_24,194,195,
558,99,73000,0,user_34,189,195,
899,0,2400000,0,user_32,194,196,
969,1,2000000,0,user_31,195,196,
964,2,1900000,0,user_30,195,196,
846,3,1600000,0,user_40,193,196,
965,4,1400000,1100000,user_31,195,196,
866,5,1100001,0,user_5,194,196,354
870,6,1100001,0,user_6,194,196,354
881,7,1100001,0,user_13,194,196,354
945,8,1100001,0,user_2,195,196,354
826,9,1099999,0,user_16,193,196,354
868,10,1099999,0,user_5,194,196,354
869,11,1099999,0,user_6,194,196,354
877,12,1099999,0,user_11,194,196,354
879,13,1099999,0,user_13,194,196,354
880,14,1099999,0,user_13,194,196,354
951,15,1099999,0,user_9,195,196,354
954,16,1099999,0,user_15,195,196,354
968,17,460000,0,user_31,195,196,
950,18,320001,0,user_9,195,196,386
867,19,319999,0,user_5,194,196,386
944,20,319999,0,user_2,195,196,386
982,21,240000,5640,user_47,195,196,
959,22,170000,0,user_25,195,196,
827,23,159999,0,user_18,193,196,165
1004,24,159999,0,user_0,196,196,165
871,25,150001,0,user_6,194,196,231
1005,26,150001,0,user_1,196,196,231
966,27,150000,0,user_31,195,196,
833,28,120000,24700,user_26,193,196,
967,29,120000,0,user_31,195,196,
972,30,110000,0,user_37,195,196,
762,0,43000000,0,user_23,192,197,
782,1,43000000,0,user_43,192,197,
849,2,30000000,0,user_44,193,197,
839,3,27000000,0,user_34,193,197,
764,4,4500000,0,user_28,192,197,
792,5,4200000,0,user_48,192,197,
829,6,3600000,0,user_23,193,197,
793,7,2000000,0,user_48,192,197,
1030,8,1500000,0,user_25,196,197,
946,9,1100001,0,user_3,195,197,29
817,10,1100001,0,user_10,193,197,354
875,11,1100001,0,user_10,194,197,354
876,12,1100001,0,user_10,194,197,354
949,13,1100001,0,user_7,195,197,29
1007,14,1100001,0,user_2,196,197,29
1023,15,1100001,0,user_15,196,197,354
1017,16,1099999,0,user_9,196,197,354
795,17,1000000,0,user_48,192,197,
1038,18,1000000,0,user_33,196,197,
781,19,970000,0,user_43,192,197,
784,20,910000,0,user_44,192,197,
794,21,650000,0,user_48,192,197,
791,22,630000,15100,user_48,192,197,
970,23,600000,0,user_32,195,197,
1036,24,420000,0,user_31,196,197,
948,25,320001,0,user_7,195,197,386
1010,26,320001,0,user_2,196,197,386
1064,27,319999,0,user_1,197,197,386
818,28,160001,0,user_10,193,197,165
1008,29,160001,0,user_2,196,197,165
1063,30,160001,0,user_0,197,197,165
783,31,160000,0,user_44,192,197,
851,32,160000,33300,user_48,193,197,
1035,33,160000,0,user_31,196,197,
874,34,159999,0,user_10,194,197,165
1006,35,159999,0,user_2,196,197,165
1009,36,159999,0,user_2,196,197,165
888,37,149999,0,user_19,194,197,231
947,38,149999,0,user_5,195,197,231
759,39,120000,0,user_20,192,197,
828,40,120000,0,user_23,193,197,
848,41,85000,0,user_43,193,197,
772,42,83000,0,user_34,192,197,
835,43,77000,0,user_28,193,197,
1031,44,77000,0,user_25,196,197,
1089,0,30000000,0,user_21,197,198,
761,1,2500000,15700,user_22,192,198,
975,2,1800000,13900,user_40,195,198,
787,3,1500000,0,user_46,192,198,
891,4,1500000,0,user_22,194,198,
912,5,1500000,6390,user_46,194,198,
747,6,1100001,0,user_8,192,198,354
820,7,1100001,0,user_14,193,198,354
821,8,1100001,0,user_14,193,198,354
824,9,1100001,0,user_14,193,198,354
878,10,1100001,0,user_12,194,198,29
953,11,1100001,0,user_14,195,198,354
955,12,1100001,0,user_16,195,198,354
1013,13,1100001,0,user_5,196,198,29
887,14,1100001,0,user_18,194,198,354
1065,15,1100001,0,user_2,197,198,29
748,16,1099999,0,user_8,192,198,354
755,17,1099999,0,user_12,192,198,354
756,18,1099999,0,user_12,192,198,354
814,19,1099999,0,user_8,193,198,354
815,20,1099999,0,user_8,193,198,29
819,21,1099999,0,user_12,193,198,354
823,22,1099999,0,user_14,193,198,354
766,23,870000,0,user_29,192,198,
1096,24,650000,0,user_31,197,198,
1095,25,460000,0,user_30,197,198,
786,26,360000,0,user_46,192,198,
765,27,350000,0,user_29,192,198,
822,28,320001,0,user_14,193,198,386
960,29,320000,49100,user_26,195,198,
813,30,319999,0,user_8,193,198,386
1012,31,319999,0,user_4,196,198,386
913,32,310000,0,user_46,194,198,
1101,33,300000,0,user_33,197,198,
790,34,260000,0,user_46,192,198,
963,35,190000,0,user_29,195,198,
789,36,170000,0,user_46,192,198,
1011,37,160001,0,user_3,196,198,165
1014,38,160001,0,user_5,196,198,165
1021,39,160001,0,user_13,196,198,165
1135,40,160001,0,user_1,198,198,165
1136,41,160001,0,user_1,198,198,165
816,42,159999,0,user_8,193,198,165
872,43,159999,0,user_8,194,198,165
1015,44,159999,0,user_6,196,198,165
1019,45,159999,0,user_11,196,198,165
1066,46,159999,0,user_2,197,198,165
882,47,150001,0,user_14,194,198,231
1090,48,150000,0,user_21,197,198,
883,49,149999,0,user_14,194,198,231
952,50,149999,0,user_12,195,198,231
1092,51,120000,0,user_25,197,198,
788,52,85000,0,user_46,192,198,
1102,53,82000,31700,user_33,197,198,
1037,0,43000000,0,user_32,196,199,
895,1,30000000,0,user_28,194,199,
1106,2,30000000,16400,user_35,197,199,
563,3,19000000,0,user_38,189,199,
1098,4,6300000,3130,user_32,197,199,
1097,5,5200000,0,user_32,197,199,
911,6,4500000,0,user_44,194,199,
705,7,4500000,0,user_38,191,199,
1164,8,4500000,0,user_21,198,199,
910,9,3200000,0,user_43,194,199,
844,10,2400000,0,user_38,193,199,
962,11,2300000,0,user_28,195,199,
971,12,2100000,0,user_34,195,199,
957,13,2000000,0,user_20,195,199,
979,14,2000000,0,user_43,195,199,
565,15,1900000,0,user_38,189,199,
580,16,1600000,161000,user_49,189,199,
896,17,1600000,0,user_28,194,199,
1069,18,1500001,0,user_5,197,199,901
901,19,1500000,17700000,user_34,194,199,
905,20,1500000,0,user_38,194,199,
1222,21,1499999,0,user_1,199,199,901
1137,22,1400001,0,user_2,198,199,965
564,23,1400000,35600,user_38,189,199,
958,24,1400000,56200,user_23,195,199,
1168,25,1400000,0,user_25,198,199,
1026,26,1399999,0,user_19,196,199,965
1068,27,1399999,0,user_5,197,199,965
885,28,1100001,0,user_17,194,199,354
956,29,1100001,0,user_17,195,199,29
843,30,1100000,296000,user_38,193,199,
1018,31,1099999,0,user_10,196,199,354
916,32,1000000,369000,user_48,194,199,
907,33,870000,0,user_41,194,199,
1104,34,870000,0,user_35,197,199,
1105,35,870000,0,user_35,197,199,
566,36,600000,0,user_38,189,199,
1100,37,420000,0,user_32,197,199,
1108,38,350000,0,user_37,197,199,
1070,39,319999,0,user_6,197,199,386
976,40,310000,0,user_41,195,199,
716,41,260000,322000,user_49,191,199,
717,42,170000,18600,user_49,191,199,
1099,43,170000,0,user_32,197,199,
1071,44,160001,0,user_7,197,199,165
1155,45,160001,0,user_15,198,199,165
1067,46,159999,0,user_3,197,199,165
1024,47,159999,0,user_16,196,199,165
886,48,159999,0,user_17,194,199,165
1144,49,159999,0,user_9,198,199,165
1221,50,150001,0,user_0,199,199,1191
1191,51,150000,4320000,user_47,198,199,
1077,52,149999,0,user_11,197,199,231
1078,53,149999,0,user_11,197,199,231
1081,54,149999,0,user_15,197,199,231
889,55,130000,0,user_20,194,199,
983,56,110000,0,user_48,195,199,
1032,57,110000,0,user_26,196,199,
917,58,85000,0,user_49,194,199,
567,59,84000,0,user_38,189,199,
1176,60,82000,0,user_30,198,199,
776,61,80000,0,user_38,192,199,
1103,62,79000,0,user_35,197,199,
1180,63,79000,0,user_35,198,199,
0,7,3200000,0,user_0,200,202,
1,14,2100000,0,user_1,200,202,
27,1,19000000,71800,user_21,200,202,
34,5,3600000,0,user_31,200,202,
30,11,2300000,410000,user_25,200,202,
58,12,2299999,0,user_1,201,202,30
37,16,1300000,0,user_33,200,202,
26,19,1000000,0,user_21,200,202,
39,20,1000000,0,user_35,200,202,
42,23,420000,0,user_37,200,202,
56,24,370000,0,user_0,201,202,
57,27,310000,0,user_0,201,202,
53,29,300000,0,user_47,200,202,
22,32,170000,0,user_15,200,202,
15,35,150000,0,user_9,200,202,
31,47,73000,0,user_25,200,202,
14,48,73000,0,user_9,200,202,
81,0,43000000,256000,user_20,201,205,
27,1,19000000,71800,user_21,200,202,
48,4,5200000,0,user_43,200,205,
4,4,5000000,0,user_4,200,203,
43,5,5000000,0,user_38,200,205,
34,5,3600000,0,user_31,200,202,
20,6,3500000,17000,user_13,200,203,
0,7,3200000,0,user_0,200,202,
17,8,2600000,0,user_11,200,203,
59,10,2300001,0,user_2,201,203,30
64,11,2300001,0,user_7,201,204,30
30,11,2300000,410000,user_25,200,202,
58,12,2299999,0,user_1,201,202,30
133,15,2299999,0,user_7,202,204,30
1,14,2100000,0,user_1,200,202,
98,10,1800000,0,user_41,201,205,
37,16,1300000,0,user_33,200,202,
137,11,1100001,0,user_10,202,205,29
29,13,1100000,17700000,user_23,200,205,
26,19,1000000,0,user_21,200,202,
39,20,1000000,0,user_35,200,202,
132,31,460001,0,user_7,202,204,19
19,23,460000,296000,user_11,200,203,
42,23,420000,0,user_37,200,202,
56,24,370000,0,user_0,201,202,
97,18,350000,0,user_41,201,205,
45,19,340000,0,user_41,200,205,
57,27,310000,0,user_0,201,202,
18,28,300000,0,user_11,200,203,
53,29,300000,0,user_47,200,202,
33,20,220000,0,user_28,200,205,
84,21,190000,12800,user_23,201,205,
22,32,170000,0,user_15,200,202,
47,24,160000,0,user_43,200,205,
5,31,160000,0,user_5,200,203,
15,35,150000,0,user_9,200,202,
55,25,150000,43600,user_49,200,205,
28,26,130000,0,user_23,200,205,
3,35,120000,0,user_4,200,203,
90,27,120000,0,user_28,201,205,
2,36,110000,0,user_3,200,203,
74,29,84001,0,user_17,201,205,7
76,30,84001,0,user_17,201,205,7
100,31,84000,0,user_43,201,205,
24,32,83999,0,user_17,200,205,7
73,33,83999,0,user_17,201,205,7
75,34,83999,0,user_17,201,205,7
31,47,73000,0,user_25,200,202,
14,48,73000,0,user_9,200,202,
6,38,70000,3130,user_6,200,203,
162,0,27000000,283000,user_35,202,203,
136,1,19000001,0,user_9,202,203,27
141,2,19000001,0,user_15,202,203,27
161,3,6300000,0,user_35,202,203,
4,4,5000000,0,user_4,200,203,
93,5,4200000,0,user_35,201,203,
20,6,3500000,17000,user_13,200,203,
86,7,3500000,0,user_24,201,203,
17,8,2600000,0,user_11,200,203,
92,9,2500000,34700,user_32,201,203,
59,10,2300001,0,user_2,201,203,30
135,11,2300001,0,user_9,202,203,30
128,12,2299999,0,user_0,202,203,30
91,13,2000000,0,user_31,201,203,
85,14,1900000,0,user_24,201,203,
147,15,1900000,0,user_21,202,203,
151,16,1700000,0,user_24,202,203,
164,17,1300000,0,user_37,202,203,
9,18,1200000,0,user_7,200,203,
71,19,1000000,0,user_15,201,203,
108,20,970000,0,user_47,201,203,
190,21,460001,0,user_1,203,203,19
10,22,460000,0,user_7,200,203,
19,23,460000,296000,user_11,200,203,
189,24,459999,0,user_1,203,203,19
35,25,360000,0,user_32,200,203,
158,26,350000,0,user_33,202,203,
36,27,310000,0,user_32,200,203,
18,28,300000,0,user_11,200,203,
11,29,260000,0,user_7,200,203,
187,30,160001,0,user_0,203,203,165
5,31,160000,0,user_5,200,203,
165,32,160000,779000,user_37,202,203,
188,33,159999,0,user_0,203,203,165
8,34,150000,0,user_7,200,203,
3,35,120000,0,user_4,200,203,
2,36,110000,0,user_3,200,203,
7,37,84000,19700,user_7,200,203,
6,38,70000,3130,user_6,200,203,
65,0,19000001,0,user_11,201,204,27
68,1,19000001,0,user_13,201,204,27
23,2,19000000,0,user_16,200,204,
214,3,19000000,0,user_21,203,204,
66,4,18999999,0,user_12,201,204,27
78,5,18999999,0,user_19,201,204,27
139,6,18999999,0,user_13,202,204,27
82,7,5000000,0,user_22,201,204,
130,8,3500001,0,user_5,202,204,20
106,9,3200000,0,user_46,201,204,
229,10,2500000,0,user_35,203,204,
64,11,2300001,0,user_7,201,204,30
67,12,2300001,0,user_13,201,204,30
69,13,2300001,0,user_14,201,204,30
202,14,2300001,0,user_15,203,204,30
133,15,2299999,0,user_7,202,204,30
87,16,2000000,0,user_26,201,204,
232,17,2000000,0,user_37,203,204,
13,18,1600000,0,user_8,200,204,
211,19,1100000,0,user_21,203,204,
213,20,1000000,43600,user_21,203,204,
225,21,1000000,0,user_31,203,204,
157,22,1000000,75000,user_32,202,204,
21,23,970000,0,user_14,200,204,
224,24,970000,24700,user_30,203,204,
105,25,670000,71800,user_46,201,204,
210,26,660000,0,user_21,203,204,
226,27,470000,5180,user_33,203,204,
60,28,460001,0,user_3,201,204,19
62,29,460001,0,user_5,201,204,19
129,30,460001,0,user_4,202,204,19
132,31,460001,0,user_7,202,204,19
216,32,460000,0,user_24,203,204,
61,33,459999,0,user_4,201,204,19
63,34,459999,0,user_5,201,204,19
79,35,459999,0,user_19,201,204,19
131,36,459999,0,user_6,202,204,19
191,37,459999,0,user_2,203,204,19
54,38,260000,0,user_48,200,204,
38,39,220000,0,user_34,200,204,
107,40,190000,0,user_46,201,204,
12,41,170000,0,user_8,200,204,
52,42,170000,0,user_46,200,204,
88,43,170000,11200,user_26,201,204,
262,44,150001,0,user_1,204,204,231
231,45,150000,7190000,user_37,203,204,
261,46,149999,0,user_0,204,204,231
96,47,120000,0,user_40,201,204,
25,48,110000,0,user_19,200,204,
227,49,100000,0,user_33,203,204,
72,50,84001,0,user_16,201,204,7
16,51,83999,0,user_10,200,204,7
70,52,83999,0,user_14,201,204,7
80,53,83999,0,user_19,201,204,7
83,54,83000,21800,user_22,201,204,
212,55,82000,0,user_21,203,204,
49,56,79000,0,user_44,200,204,
217,57,77000,0,user_25,203,204,
81,0,43000000,256000,user_20,201,205,
192,1,27000001,0,user_3,203,205,162
200,2,27000001,0,user_13,203,205,162
199,3,26999999,0,user_13,203,205,162
48,4,5200000,0,user_43,200,205,
43,5,5000000,0,user_38,200,205,
277,13,4500000,0,user_21,204,208,
144,7,2300001,0,user_18,202,205,30
77,8,2299999,0,user_18,201,205,30
197,9,2299999,0,user_11,203,205,30
98,10,1800000,0,user_41,201,205,
137,11,1100001,0,user_10,202,205,29
325,65,1100001,0,user_1,205,208,29
29,13,1100000,17700000,user_23,200,205,
194,14,1099999,0,user_7,203,205,29
287,80,660000,0,user_33,204,208,
324,86,460001,0,user_1,205,208,19
263,17,459999,0,user_2,204,205,19
97,18,350000,0,user_41,201,205,
45,19,340000,0,user_41,200,205,
33,20,220000,0,user_28,200,205,
84,21,190000,12800,user_23,201,205,
284,22,170000,0,user_31,204,205,
193,23,160001,0,user_6,203,205,165
47,24,160000,0,user_43,200,205,
55,25,150000,43600,user_49,200,205,
28,26,130000,0,user_23,200,205,
90,27,120000,0,user_28,201,205,
168,28,98000,0,user_40,202,205,
74,29,84001,0,user_17,201,205,7
76,30,84001,0,user_17,201,205,7
100,31,84000,0,user_43,201,205,
24,32,83999,0,user_17,200,205,7
73,33,83999,0,user_17,201,205,7
75,34,83999,0,user_17,201,205,7
177,0,43000000,0,user_43,202,206,
331,2,26999999,0,user_9,205,208,162
205,3,19000001,0,user_16,203,208,27
176,3,6100000,0,user_43,202,206,
222,7,5200000,0,user_26,203,208,
182,12,4500000,0,user_48,202,208,
218,16,4200000,146000,user_26,203,208,
361,17,4200000,0,user_47,205,208,
142,19,3500001,0,user_16,202,208,20
203,20,3500001,0,user_16,203,208,20
145,22,3499999,0,user_19,202,208,20
344,23,3200000,0,user_30,205,208,
169,12,2600000,0,user_41,202,206,
143,30,2299999,0,user_16,202,208,30
208,31,2299999,0,user_19,203,208,30
184,38,2000000,0,user_48,202,208,
363,40,2000000,0,user_47,205,208,
299,41,1900000,0,user_47,204,208,
345,42,1700000,0,user_31,205,208,
264,51,1300001,0,user_5,204,208,221
326,52,1300001,0,user_2,205,208,221
369,54,1300001,0,user_1,206,208,221
221,57,1300000,369000,user_26,203,208,
154,23,1000000,0,user_28,202,206,
180,74,870000,0,user_48,202,208,
265,25,460001,0,user_7,204,206,19
196,26,459999,0,user_10,203,206,19
269,88,459999,0,user_13,204,208,19
349,94,310000,0,user_35,205,208,
150,29,300000,0,user_23,202,206,
183,97,260000,0,user_48,202,208,
146,31,260000,0,user_20,202,206,
170,32,240000,0,user_41,202,206,
160,33,160000,0,user_34,202,206,
178,34,160000,0,user_44,202,206,
285,35,160000,0,user_32,204,206,
270,36,159999,0,user_15,204,206,165
368,37,150001,0,user_0,206,206,231
337,38,149999,0,user_15,205,206,231
152,39,120000,0,user_26,202,206,
286,40,120000,0,user_32,204,206,
159,41,110000,0,user_34,202,206,
219,42,110000,6390,user_26,203,206,
155,43,100000,0,user_28,202,206,
220,44,87000,0,user_26,203,206,
181,45,85000,0,user_48,202,206,
340,46,85000,0,user_25,205,206,
206,47,84001,0,user_16,203,206,7
204,48,83999,0,user_16,203,206,7
362,49,79000,108000,user_47,205,206,
215,0,30000000,0,user_22,203,209,
207,2,26999999,0,user_18,203,209,162
331,2,26999999,0,user_9,205,208,162
205,3,19000001,0,user_16,203,208,27
298,3,19000000,0,user_46,204,209,
351,0,19000000,0,user_38,205,212,
195,4,18999999,0,user_8,203,209,27
222,7,5200000,0,user_26,203,208,
283,5,5200000,0,user_29,204,209,
297,7,5000000,0,user_46,204,209,
355,9,5000000,56200,user_40,205,209,
233,2,4500000,155000,user_38,203,212,
182,12,4500000,0,user_48,202,208,
277,13,4500000,0,user_21,204,208,
359,11,4500000,0,user_44,205,209,
234,3,4200000,0,user_38,203,212,
218,16,4200000,146000,user_26,203,208,
361,17,4200000,0,user_47,205,208,
399,4,4200000,0,user_38,206,212,
142,19,3500001,0,user_16,202,208,20
203,20,3500001,0,user_16,203,208,20
460,5,3500000,0,user_43,207,212,
145,22,3499999,0,user_19,202,208,20
344,23,3200000,0,user_30,205,208,
356,12,3200000,128000,user_40,205,209,
134,15,2300001,0,user_8,202,209,30
140,16,2300001,0,user_14,202,209,30
370,17,2300001,0,user_2,206,209,30
441,7,2300000,322000,user_23,207,212,
281,18,2300000,0,user_26,204,209,
143,30,2299999,0,user_16,202,208,30
208,31,2299999,0,user_19,203,208,30
138,19,2299999,0,user_12,202,209,30
201,20,2299999,0,user_14,203,209,30
381,22,2299999,0,user_16,206,209,30
423,23,2299999,0,user_6,207,209,30
94,11,2000000,0,user_38,201,212,
109,12,2000000,0,user_49,201,212,
184,38,2000000,0,user_48,202,208,
291,25,2000000,0,user_40,204,209,
363,40,2000000,0,user_47,205,208,
299,41,1900000,0,user_47,204,208,
345,42,1700000,0,user_31,205,208,
357,14,1500000,0,user_41,205,212,
278,27,1500000,0,user_22,204,209,
385,15,1500000,0,user_20,206,212,
393,16,1500000,0,user_28,206,212,
342,17,1400000,15700,user_28,205,212,
244,29,1400000,0,user_46,203,209,
228,30,1400000,0,user_34,203,209,
391,31,1400000,0,user_26,206,209,
264,51,1300001,0,user_5,204,208,221
326,52,1300001,0,user_2,205,208,221
335,32,1300001,0,user_13,205,209,221
369,54,1300001,0,user_1,206,208,221
376,35,1300001,0,user_11,206,209,221
426,36,1300001,0,user_11,207,209,221
221,57,1300000,369000,user_26,203,208,
288,37,1300000,0,user_34,204,209,
332,39,1299999,0,user_11,205,209,221
374,40,1299999,0,user_7,206,209,221
338,41,1299999,0,user_18,205,209,221
380,42,1299999,0,user_16,206,209,221
384,43,1299999,0,user_19,206,209,221
420,44,1299999,0,user_5,207,209,221
325,65,1100001,0,user_1,205,208,29
442,35,1100000,0,user_23,207,212,
354,46,1100000,594000,user_40,205,209,
348,47,1100000,0,user_34,205,209,
373,49,1099999,0,user_7,206,209,29
474,29,1099999,0,user_7,208,210,29
185,42,1000000,0,user_49,202,212,
273,43,1000000,0,user_20,204,212,
238,50,1000000,73100,user_40,203,209,
180,74,870000,0,user_48,202,208,
266,52,670001,0,user_8,204,209,105
276,44,670000,0,user_20,204,212,
400,45,670000,0,user_43,206,212,
300,46,670000,0,user_49,204,212,
272,47,660000,0,user_20,204,212,
287,80,660000,0,user_33,204,208,
149,53,660000,0,user_22,202,209,
443,48,660000,0,user_23,207,212,
352,54,650000,0,user_40,205,209,
156,55,530000,3130,user_29,202,209,
271,52,460001,0,user_17,204,212,19
324,86,460001,0,user_1,205,208,19
274,53,460000,0,user_20,204,212,
269,88,459999,0,user_13,204,208,19
268,57,459999,0,user_12,204,209,19
433,55,459999,0,user_17,207,212,19
294,56,420000,0,user_43,204,212,
392,57,420000,0,user_28,206,212,
364,59,320000,0,user_48,205,209,
349,94,310000,0,user_35,205,208,
245,60,310000,0,user_48,203,209,
295,65,300000,0,user_43,204,212,
183,97,260000,0,user_48,202,208,
148,62,260000,0,user_22,202,209,
282,66,240000,75000,user_28,204,212,
215,0,30000000,0,user_22,203,209,
395,1,30000000,128000,user_31,206,209,
207,2,26999999,0,user_18,203,209,162
298,3,19000000,0,user_46,204,209,
195,4,18999999,0,user_8,203,209,27
283,5,5200000,0,user_29,204,209,
449,6,5200000,0,user_31,207,209,
297,7,5000000,0,user_46,204,209,
446,8,5000000,0,user_25,207,209,
355,9,5000000,56200,user_40,205,209,
496,10,5000000,49100,user_30,208,209,
359,11,4500000,0,user_44,205,209,
356,12,3200000,128000,user_40,205,209,
241,13,2400000,0,user_43,203,209,
347,14,2400000,285000,user_32,205,209,
134,15,2300001,0,user_8,202,209,30
140,16,2300001,0,user_14,202,209,30
370,17,2300001,0,user_2,206,209,30
281,18,2300000,0,user_26,204,209,
138,19,2299999,0,user_12,202,209,30
201,20,2299999,0,user_14,203,209,30
375,21,2299999,0,user_9,206,209,30
381,22,2299999,0,user_16,206,209,30
423,23,2299999,0,user_6,207,209,30
451,24,2100000,108000,user_33,207,209,
291,25,2000000,0,user_40,204,209,
396,26,1800000,17000,user_33,206,209,
278,27,1500000,0,user_22,204,209,
498,28,1500000,0,user_30,208,209,
244,29,1400000,0,user_46,203,209,
228,30,1400000,0,user_34,203,209,
391,31,1400000,0,user_26,206,209,
335,32,1300001,0,user_13,205,209,221
418,33,1300001,0,user_0,207,209,221
419,34,1300001,0,user_0,207,209,221
376,35,1300001,0,user_11,206,209,221
426,36,1300001,0,user_11,207,209,221
288,37,1300000,0,user_34,204,209,
485,38,1300000,0,user_21,208,209,
332,39,1299999,0,user_11,205,209,221
374,40,1299999,0,user_7,206,209,221
338,41,1299999,0,user_18,205,209,221
380,42,1299999,0,user_16,206,209,221
384,43,1299999,0,user_19,206,209,221
420,44,1299999,0,user_5,207,209,221
448,45,1100000,0,user_30,207,209,
354,46,1100000,594000,user_40,205,209,
348,47,1100000,0,user_34,205,209,
267,48,1099999,0,user_10,204,209,29
373,49,1099999,0,user_7,206,209,29
238,50,1000000,73100,user_40,203,209,
497,51,970000,0,user_30,208,209,
266,52,670001,0,user_8,204,209,105
149,53,660000,0,user_22,202,209,
352,54,650000,0,user_40,205,209,
156,55,530000,3130,user_29,202,209,
398,56,470000,0,user_35,206,209,
268,57,459999,0,user_12,204,209,19
386,58,320000,7190000,user_21,206,209,
364,59,320000,0,user_48,205,209,
245,60,310000,0,user_48,203,209,
499,61,310000,0,user_31,208,209,
148,62,260000,0,user_22,202,209,
280,63,240000,32900,user_26,204,209,
438,64,220000,0,user_21,207,209,
495,65,220000,0,user_30,208,209,
209,66,170000,0,user_20,203,209,
500,67,170000,0,user_33,208,209,
333,68,160001,0,user_11,205,209,165
383,69,160001,0,user_19,206,209,165
421,70,160001,0,user_5,207,209,165
422,71,160001,0,user_6,207,209,165
526,72,160001,0,user_1,209,209,165
296,73,160000,0,user_44,204,209,
327,74,159999,0,user_4,205,209,165
382,75,159999,0,user_18,206,209,165
428,76,159999,0,user_13,207,209,165
469,77,159999,0,user_2,208,209,165
328,78,150001,0,user_6,205,209,231
329,79,150001,0,user_7,205,209,231
379,80,150001,0,user_15,206,209,231
372,81,150001,0,user_6,206,209,231
371,82,149999,0,user_3,206,209,231
394,83,120000,0,user_30,206,209,
353,84,100000,0,user_40,205,209,
248,85,98000,0,user_48,203,209,
389,86,87000,0,user_24,206,209,
388,87,84000,0,user_24,206,209,
246,88,84000,0,user_48,203,209,
198,89,82999,0,user_12,203,209,83
346,90,77000,0,user_32,205,209,
247,91,73000,0,user_48,203,209,
390,92,70000,0,user_25,206,209,
489,0,19000000,0,user_24,208,210,
387,1,5000000,71800,user_22,206,210,
447,2,5000000,0,user_26,207,210,
455,3,5000000,0,user_37,207,210,
557,4,4500000,0,user_33,209,210,
343,5,2400000,0,user_29,205,210,
471,6,2300001,0,user_4,208,210,30
479,7,2300001,0,user_13,208,210,30
470,8,2299999,0,user_3,208,210,30
475,9,2299999,0,user_9,208,210,30
542,10,2299999,0,user_15,209,210,30
450,11,1600000,0,user_32,207,210,
578,12,1500000,0,user_47,209,210,
377,13,1300001,0,user_14,206,210,221
424,14,1300001,0,user_8,207,210,221
436,15,1300001,0,user_19,207,210,221
535,16,1300001,0,user_9,209,210,221
540,17,1300001,0,user_15,209,210,221
541,18,1300001,0,user_15,209,210,221
360,19,1300000,0,user_46,205,210,
330,20,1299999,0,user_8,205,210,221
334,21,1299999,0,user_12,205,210,221
336,22,1299999,0,user_14,205,210,221
425,23,1299999,0,user_9,207,210,221
476,24,1299999,0,user_9,208,210,221
533,25,1299999,0,user_9,209,210,221
534,26,1299999,0,user_9,209,210,221
536,27,1299999,0,user_9,209,210,221
431,28,1100001,0,user_16,207,210,29
474,29,1099999,0,user_7,208,210,29
527,30,1099999,0,user_2,209,210,354
603,31,1099999,0,user_1,210,210,354
445,32,910000,0,user_24,207,210,
549,33,600000,139000,user_24,209,210,
488,34,530000,0,user_24,208,210,
403,35,420000,0,user_46,206,210,
397,36,420000,0,user_34,206,210,
453,37,420000,0,user_35,207,210,
576,38,420000,0,user_47,209,210,
577,39,420000,0,user_47,209,210,
602,40,320001,0,user_0,210,210,386
464,41,310000,0,user_47,207,210,
556,42,300000,0,user_33,209,210,
463,43,240000,0,user_47,207,210,
511,44,240000,0,user_47,208,210,
554,45,190000,0,user_30,209,210,
429,46,160001,0,user_14,207,210,165
473,47,160001,0,user_7,208,210,165
555,48,160000,0,user_31,209,210,
378,49,159999,0,user_14,206,210,165
543,50,159999,0,user_15,209,210,165
427,51,150001,0,user_12,207,210,231
472,52,150001,0,user_5,208,210,231
430,53,150001,0,user_15,207,210,231
575,54,150000,0,user_47,209,210,
339,55,120000,0,user_22,205,210,
439,56,120000,0,user_22,207,210,
547,57,110000,0,user_21,209,210,
553,58,83000,0,user_30,209,210,
550,59,80000,0,user_25,209,210,
478,0,2300001,0,user_12,208,211,30
480,1,2300001,0,user_16,208,211,30
481,2,2299999,0,user_16,208,211,30
493,3,1900000,0,user_29,208,211,
604,4,1100001,0,user_2,210,211,354
662,5,1100001,0,user_1,211,211,354
528,6,1099999,0,user_3,209,211,29
531,7,1099999,0,user_5,209,211,354
539,8,1099999,0,user_13,209,211,354
663,9,1099999,0,user_1,211,211,29
494,10,470000,0,user_29,208,211,
486,11,420000,0,user_22,208,211,
529,12,320001,0,user_4,209,211,386
530,13,320001,0,user_5,209,211,386
638,14,320000,0,user_31,210,211,
490,15,160000,0,user_26,208,211,
510,16,77000,0,user_46,208,211,
633,17,70000,0,user_25,210,211,
351,0,19000000,0,user_38,205,212,
506,1,6100000,24700,user_41,208,212,
233,2,4500000,155000,user_38,203,212,
234,3,4200000,0,user_38,203,212,
399,4,4200000,0,user_38,206,212,
460,5,3500000,0,user_43,207,212,
632,6,3500000,296000,user_24,210,212,
441,7,2300000,322000,user_23,207,212,
482,8,2299999,0,user_17,208,212,30
537,9,2299999,0,user_10,209,212,30
487,10,2100000,0,user_23,208,212,
94,11,2000000,0,user_38,201,212,
109,12,2000000,0,user_49,201,212,
456,13,1600000,0,user_38,207,212,
357,14,1500000,0,user_41,205,212,
385,15,1500000,0,user_20,206,212,
393,16,1500000,0,user_28,206,212,
342,17,1400000,15700,user_28,205,212,
647,18,1400000,0,user_35,210,212,
434,19,1300001,0,user_18,207,212,221
484,20,1300001,0,user_18,208,212,221
435,21,1299999,0,user_18,207,212,221
483,22,1299999,0,user_18,208,212,221
605,23,1100001,0,user_3,210,212,29
606,24,1100001,0,user_4,210,212,354
607,25,1100001,0,user_6,210,212,354
609,26,1100001,0,user_7,210,212,354
610,27,1100001,0,user_7,210,212,354
612,28,1100001,0,user_7,210,212,354
615,29,1100001,0,user_11,210,212,354
664,30,1100001,0,user_2,211,212,354
666,31,1100001,0,user_2,211,212,354
667,32,1100001,0,user_2,211,212,354
740,33,1100001,0,user_0,212,212,354
741,34,1100001,0,user_1,212,212,354
442,35,1100000,0,user_23,207,212,
608,36,1099999,0,user_7,210,212,354
611,37,1099999,0,user_7,210,212,354
616,38,1099999,0,user_11,210,212,354
665,39,1099999,0,user_2,211,212,354
739,40,1099999,0,user_0,212,212,354
505,41,1000000,256000,user_40,208,212,
185,42,1000000,0,user_49,202,212,
273,43,1000000,0,user_20,204,212,
276,44,670000,0,user_20,204,212,
400,45,670000,0,user_43,206,212,
300,46,670000,0,user_49,204,212,
272,47,660000,0,user_20,204,212,
443,48,660000,0,user_23,207,212,
701,49,660000,0,user_33,211,212,
691,50,600000,0,user_24,211,212,
704,51,530000,0,user_37,211,212,
271,52,460001,0,user_17,204,212,19
274,53,460000,0,user_20,204,212,
692,54,460000,0,user_24,211,212,
433,55,459999,0,user_17,207,212,19
294,56,420000,0,user_43,204,212,
392,57,420000,0,user_28,206,212,
700,58,420000,0,user_33,211,212,
649,59,420000,0,user_35,210,212,
538,60,320001,0,user_12,209,212,386
532,61,319999,0,user_8,209,212,386
622,62,319999,0,user_15,210,212,386
672,63,319999,0,user_9,211,212,386
574,64,310000,231000,user_46,209,212,
295,65,300000,0,user_43,204,212,
282,66,240000,75000,user_28,204,212,
275,67,220000,0,user_20,204,212,
492,68,220000,0,user_28,208,212,
652,69,220000,0,user_37,210,212,
235,70,190000,0,user_38,203,212,
279,71,190000,0,user_23,204,212,
236,72,170000,0,user_38,203,212,
437,73,170000,0,user_20,207,212,
457,74,170000,0,user_41,207,212,
646,75,170000,283000,user_35,210,212,
477,76,150001,0,user_10,208,212,231
651,77,150000,0,user_37,210,212,
659,78,150000,0,user_47,210,212,
432,79,149999,0,user_17,207,212,231
698,80,120000,0,user_31,211,212,
444,81,110000,0,user_23,207,212,
166,82,85000,0,user_38,202,212,
648,83,85000,0,user_35,210,212,
645,84,82000,0,user_35,210,212,
440,85,79000,0,user_23,207,212,
358,86,73000,0,user_43,205,212,
507,87,70000,0,user_43,208,212,
771,0,4500000,0,user_33,212,213,
452,1,3600000,0,user_34,207,213,
774,2,2600000,0,user_35,212,213,
653,3,2000000,510000,user_40,210,213,
767,4,1500000,0,user_30,212,213,
544,5,1100001,0,user_16,209,213,354
626,6,1100001,0,user_16,210,213,354
670,7,1100001,0,user_6,211,213,354
742,8,1100001,0,user_2,212,213,354
800,9,1100001,0,user_0,213,213,354
801,10,1100001,0,user_1,213,213,354
773,11,1100000,60700,user_35,212,213,
668,12,1099999,0,user_3,211,213,354
546,13,1099999,0,user_19,209,213,354
623,14,1099999,0,user_16,210,213,354
628,15,1099999,0,user_18,210,213,29
676,16,1099999,0,user_13,211,213,354
749,17,1099999,0,user_9,212,213,354
802,18,1099999,0,user_1,213,213,354
803,19,1099999,0,user_1,213,213,354
551,20,910000,0,user_26,209,213,
768,21,530000,0,user_30,212,213,
760,22,360000,0,user_21,212,213,
625,23,320001,0,user_16,210,213,386
512,24,320000,0,user_48,208,213,
624,25,319999,0,user_16,210,213,386
627,26,150001,0,user_16,210,213,231
674,27,150001,0,user_11,211,213,231
769,28,150000,46500,user_31,212,213,
669,29,149999,0,user_5,211,213,231
461,30,110000,0,user_44,207,213,
508,31,110000,164000,user_44,208,213,
634,32,100000,0,user_26,210,213,
699,0,27000000,0,user_32,211,214,
830,1,4200000,0,user_24,213,214,
770,2,1900000,0,user_32,212,214,
838,3,1500000,0,user_33,213,214,
639,4,1500000,0,user_32,210,214,
825,5,1099999,0,user_15,213,214,354
862,6,1099999,0,user_0,214,214,354
864,7,1099999,0,user_1,214,214,354
832,8,910000,0,user_25,213,214,
831,9,650000,0,user_24,213,214,
863,10,150001,0,user_1,214,214,231
837,11,120000,0,user_33,213,214,
842,12,120000,0,user_37,213,214,
836,13,110000,0,user_30,213,214,
840,14,87000,0,user_35,213,214,
707,0,43000000,0,user_40,211,215,
904,1,27000000,0,user_37,214,215,
629,2,19000000,0,user_20,210,215,
548,3,5200000,108000,user_23,209,215,
503,4,5000000,0,user_38,208,215,
579,5,5000000,0,user_48,209,215,
914,6,5000000,0,user_47,214,215,
545,7,2300001,0,user_17,209,215,30
568,8,1900000,0,user_41,209,215,
714,9,1700000,0,user_46,211,215,
682,10,1700000,0,user_20,211,215,
686,11,1600000,510000,user_22,211,215,
696,12,1600000,0,user_28,211,215,
897,13,1600000,0,user_30,214,215,
708,14,1500000,0,user_40,211,215,
514,15,1500000,0,user_49,208,215,
656,16,1500000,0,user_43,210,215,
657,17,1500000,0,user_43,210,215,
571,18,1500000,0,user_44,209,215,
702,19,1500000,0,user_34,211,215,
713,20,1400000,0,user_44,211,215,
617,21,1100001,0,user_12,210,215,354
619,22,1100001,0,user_12,210,215,354
620,23,1100001,0,user_12,210,215,354
675,24,1100001,0,user_12,211,215,354
745,25,1100001,0,user_6,212,215,354
614,26,1100001,0,user_10,210,215,354
679,27,1100001,0,user_16,211,215,354
758,28,1100001,0,user_19,212,215,354
805,29,1100001,0,user_5,213,215,354
752,30,1100001,0,user_10,212,215,354
811,31,1100001,0,user_7,213,215,354
812,32,1100001,0,user_7,213,215,354
873,33,1100001,0,user_9,214,215,354
943,34,1100001,0,user_1,215,215,354
613,35,1099999,0,user_8,210,215,354
673,36,1099999,0,user_10,211,215,354
680,37,1099999,0,user_18,211,215,354
754,38,1099999,0,user_11,212,215,354
678,39,1099999,0,user_16,211,215,354
681,40,1099999,0,user_19,211,215,354
809,41,1099999,0,user_5,213,215,354
751,42,1099999,0,user_10,212,215,354
753,43,1099999,0,user_10,212,215,354
884,44,1099999,0,user_15,214,215,29
941,45,1099999,0,user_0,215,215,354
942,46,1099999,0,user_0,215,215,354
642,47,1000000,0,user_34,210,215,
643,48,1000000,39400,user_34,210,215,
689,49,1000000,0,user_23,211,215,
637,50,970000,0,user_29,210,215,
694,51,970000,510000,user_26,211,215,
683,52,970000,39400,user_20,211,215,
687,53,910000,0,user_22,211,215,
630,54,870000,0,user_22,210,215,
688,55,870000,0,user_22,211,215,
684,56,630000,15700,user_22,211,215,
898,57,460000,12800,user_31,214,215,
711,58,370000,0,user_43,211,215,
640,59,360000,0,user_34,210,215,
893,60,360000,0,user_25,214,215,
569,61,350000,0,user_43,209,215,
778,62,350000,0,user_40,212,215,
915,63,350000,0,user_47,214,215,
693,64,340000,0,user_26,211,215,
757,65,320001,0,user_16,212,215,386
807,66,320001,0,user_5,213,215,386
709,67,320000,0,user_41,211,215,
900,68,320000,14200,user_33,214,215,
744,69,319999,0,user_6,212,215,386
810,70,319999,0,user_6,213,215,386
890,71,310000,0,user_21,214,215,
715,72,260000,0,user_48,211,215,
690,73,260000,0,user_23,211,215,
513,74,240000,128000,user_49,208,215,
658,75,220000,49100,user_46,210,215,
697,76,220000,0,user_28,211,215,
903,77,170000,0,user_37,214,215,
804,78,160001,0,user_3,213,215,165
746,79,159999,0,user_7,212,215,165
808,80,159999,0,user_5,213,215,165
621,81,150001,0,user_12,210,215,231
671,82,150001,0,user_8,211,215,231
743,83,150001,0,user_4,212,215,231
806,84,150001,0,user_5,213,215,231
631,85,150000,0,user_23,210,215,
570,86,150000,0,user_44,209,215,
710,87,150000,0,user_43,211,215,
618,88,149999,0,user_12,210,215,231
677,89,149999,0,user_14,211,215,231
750,90,149999,0,user_10,212,215,231
865,91,149999,0,user_2,214,215,231
902,92,120000,15100,user_35,214,215,
685,93,87000,0,user_22,211,215,
712,94,87000,0,user_44,211,215,
779,95,83000,108000,user_40,212,215,
552,96,80000,0,user_28,209,215,
654,97,80000,13900,user_41,210,215,
892,98,77000,0,user_24,214,215,
558,99,73000,0,user_34,209,215,
899,0,2400000,0,user_32,214,216,
969,1,2000000,0,user_31,215,216,
964,2,1900000,0,user_30,215,216,
846,3,1600000,0,user_40,213,216,
965,4,1400000,1100000,user_31,215,216,
866,5,1100001,0,user_5,214,216,354
870,6,1100001,0,user_6,214,216,354
881,7,1100001,0,user_13,214,216,354
945,8,1100001,0,user_2,215,216,354
826,9,1099999,0,user_16,213,216,354
868,10,1099999,0,user_5,214,216,354
869,11,1099999,0,user_6,214,216,354
877,12,1099999,0,user_11,214,216,354
879,13,1099999,0,user_13,214,216,354
880,14,1099999,0,user_13,214,216,354
951,15,1099999,0,user_9,215,216,354
954,16,1099999,0,user_15,215,216,354
968,17,460000,0,user_31,215,216,
950,18,320001,0,user_9,215,216,386
867,19,319999,0,user_5,214,216,386
944,20,319999,0,user_2,215,216,386
982,21,240000,5640,user_47,215,216,
959,22,170000,0,user_25,215,216,
827,23,159999,0,user_18,213,216,165
1004,24,159999,0,user_0,216,216,165
871,25,150001,0,user_6,214,216,231
1005,26,150001,0,user_1,216,216,231
966,27,150000,0,user_31,215,216,
833,28,120000,24700,user_26,213,216,
967,29,120000,0,user_31,215,216,
972,30,110000,0,user_37,215,216,
762,0,43000000,0,user_23,212,217,
782,1,43000000,0,user_43,212,217,
849,2,30000000,0,user_44,213,217,
839,3,27000000,0,user_34,213,217,
764,4,4500000,0,user_28,212,217,
792,5,4200000,0,user_48,212,217,
829,6,3600000,0,user_23,213,217,
793,7,2000000,0,user_48,212,217,
1030,8,1500000,0,user_25,216,217,
946,9,1100001,0,user_3,215,217,29
817,10,1100001,0,user_10,213,217,354
875,11,1100001,0,user_10,214,217,354
876,12,1100001,0,user_10,214,217,354
949,13,1100001,0,user_7,215,217,29
1007,14,1100001,0,user_2,216,217,29
1023,15,1100001,0,user_15,216,217,354
1017,16,1099999,0,user_9,216,217,354
795,17,1000000,0,user_48,212,217,
1038,18,1000000,0,user_33,216,217,
781,19,970000,0,user_43,212,217,
784,20,910000,0,user_44,212,217,
794,21,650000,0,user_48,212,217,
791,22,630000,15100,user_48,212,217,
970,23,600000,0,user_32,215,217,
1036,24,420000,0,user_31,216,217,
948,25,320001,0,user_7,215,217,386
1010,26,320001,0,user_2,216,217,386
1064,27,319999,0,user_1,217,217,386
818,28,160001,0,user_10,213,217,165
1008,29,160001,0,user_2,216,217,165
1063,30,160001,0,user_0,217,217,165
783,31,160000,0,user_44,212,217,
851,32,160000,33300,user_48,213,217,
1035,33,160000,0,user_31,216,217,
874,34,159999,0,user_10,214,217,165
1006,35,159999,0,user_2,216,217,165
1009,36,159999,0,user_2,216,217,165
888,37,149999,0,user_19,214,217,231
947,38,149999,0,user_5,215,217,231
759,39,120000,0,user_20,212,217,
828,40,120000,0,user_23,213,217,
848,41,85000,0,user_43,213,217,
772,42,83000,0,user_34,212,217,
835,43,77000,0,user_28,213,217,
1031,44,77000,0,user_25,216,217,
1089,0,30000000,0,user_21,217,218,
761,1,2500000,15700,user_22,212,218,
975,2,1800000,13900,user_40,215,218,
787,3,1500000,0,user_46,212,218,
891,4,1500000,0,user_22,214,218,
912,5,1500000,6390,user_46,214,218,
747,6,1100001,0,user_8,212,218,354
820,7,1100001,0,user_14,213,218,354
821,8,1100001,0,user_14,213,218,354
824,9,1100001,0,user_14,213,218,354
878,10,1100001,0,user_12,214,218,29
953,11,1100001,0,user_14,215,218,354
955,12,1100001,0,user_16,215,218,354
1013,13,1100001,0,user_5,216,218,29
887,14,1100001,0,user_18,214,218,354
1065,15,1100001,0,user_2,217,218,29
748,16,1099999,0,user_8,212,218,354
755,17,1099999,0,user_12,212,218,354
756,18,1099999,0,user_12,212,218,354
814,19,1099999,0,user_8,213,218,354
815,20,1099999,0,user_8,213,218,29
819,21,1099999,0,user_12,213,218,354
823,22,1099999,0,user_14,213,218,354
766,23,870000,0,user_29,212,218,
1096,24,650000,0,user_31,217,218,
1095,25,460000,0,user_30,217,218,
786,26,360000,0,user_46,212,218,
765,27,350000,0,user_29,212,218,
822,28,320001,0,user_14,213,218,386
960,29,320000,49100,user_26,215,218,
813,30,319999,0,user_8,213,218,386
1012,31,319999,0,user_4,216,218,386
913,32,310000,0,user_46,214,218,
1101,33,300000,0,user_33,217,218,
790,34,260000,0,user_46,212,218,
963,35,190000,0,user_29,215,218,
789,36,170000,0,user_46,212,218,
1011,37,160001,0,user_3,216,218,165
1014,38,160001,0,user_5,216,218,165
1021,39,160001,0,user_13,216,218,165
1135,40,160001,0,user_1,218,218,165
1136,41,160001,0,user_1,218,218,165
816,42,159999,0,user_8,213,218,165
872,43,159999,0,user_8,214,218,165
1015,44,159999,0,user_6,216,218,165
1019,45,159999,0,user_11,216,218,165
1066,46,159999,0,user_2,217,218,165
882,47,150001,0,user_14,214,218,231
1090,48,150000,0,user_21,217,218,
883,49,149999,0,user_14,214,218,231
952,50,149999,0,user_12,215,218,231
1092,51,120000,0,user_25,217,218,
788,52,85000,0,user_46,212,218,
1102,53,82000,31700,user_33,217,218,
1037,0,43000000,0,user_32,216,219,
895,1,30000000,0,user_28,214,219,
1106,2,30000000,16400,user_35,217,219,
563,3,19000000,0,user_38,209,219,
1098,4,6300000,3130,user_32,217,219,
1097,5,5200000,0,user_32,217,219,
911,6,4500000,0,user_44,214,219,
705,7,4500000,0,user_38,211,219,
1164,8,4500000,0,user_21,218,219,
910,9,3200000,0,user_43,214,219,
844,10,2400000,0,user_38,213,219,
962,11,2300000,0,user_28,215,219,
971,12,2100000,0,user_34,215,219,
957,13,2000000,0,user_20,215,219,
979,14,2000000,0,user_43,215,219,
565,15,1900000,0,user_38,209,219,
580,16,1600000,161000,user_49,209,219,
896,17,1600000,0,user_28,214,219,
1069,18,1500001,0,user_5,217,219,901
901,19,1500000,17700000,user_34,214,219,
905,20,1500000,0,user_38,214,219,
1222,21,1499999,0,user_1,219,219,901
1137,22,1400001,0,user_2,218,219,965
564,23,1400000,35600,user_38,209,219,
958,24,1400000,56200,user_23,215,219,
1168,25,1400000,0,user_25,218,219,
1026,26,1399999,0,user_19,216,219,965
1068,27,1399999,0,user_5,217,219,965
885,28,1100001,0,user_17,214,219,354
956,29,1100001,0,user_17,215,219,29
843,30,1100000,296000,user_38,213,219,
1018,31,1099999,0,user_10,216,219,354
916,32,1000000,369000,user_48,214,219,
907,33,870000,0,user_41,214,219,
1104,34,870000,0,user_35,217,219,
1105,35,870000,0,user_35,217,219,
566,36,600000,0,user_38,209,219,
1100,37,420000,0,user_32,217,219,
1108,38,350000,0,user_37,217,219,
1070,39,319999,0,user_6,217,219,386
976,40,310000,0,user_41,215,219,
716,41,260000,322000,user_49,211,219,
717,42,170000,18600,user_49,211,219,
1099,43,170000,0,user_32,217,219,
1071,44,160001,0,user_7,217,219,165
1155,45,160001,0,user_15,218,219,165
1067,46,159999,0,user_3,217,219,165
1024,47,159999,0,user_16,216,219,165
886,48,159999,0,user_17,214,219,165
1144,49,159999,0,user_9,218,219,165
1221,50,150001,0,user_0,219,219,1191
1191,51,150000,4320000,user_47,218,219,
1077,52,149999,0,user_11,217,219,231
1078,53,149999,0,user_11,217,219,231
1081,54,149999,0,user_15,217,219,231
889,55,130000,0,user_20,214,219,
983,56,110000,0,user_48,215,219,
1032,57,110000,0,user_26,216,219,
917,58,85000,0,user_49,214,219,
567,59,84000,0,user_38,209,219,
1176,60,82000,0,user_30,218,219,
776,61,80000,0,user_38,212,219,
1103,62,79000,0,user_35,217,219,
1180,63,79000,0,user_35,218,219,
0,7,3200000,0,user_0,220,222,
1,14,2100000,0,user_1,220,222,
27,1,19000000,71800,user_21,220,222,
34,5,3600000,0,user_31,220,222,
30,11,2300000,410000,user_25,220,222,
58,12,2299999,0,user_1,221,222,30
37,16,1300000,0,user_33,220,222,
26,19,1000000,0,user_21,220,222,
39,20,1000000,0,user_35,220,222,
42,23,420000,0,user_37,220,222,
56,24,370000,0,user_0,221,222,
57,27,310000,0,user_0,221,222,
53,29,300000,0,user_47,220,222,
22,32,170000,0,user_15,220,222,
15,35,150000,0,user_9,220,222,
31,47,73000,0,user_25,220,222,
14,48,73000,0,user_9,220,222,
81,0,43000000,256000,user_20,221,225,
27,1,19000000,71800,user_21,220,222,
48,4,5200000,0,user_43,220,225,
4,4,5000000,0,user_4,220,223,
43,5,5000000,0,user_38,220,225,
34,5,3600000,0,user_31,220,222,
20,6,3500000,17000,user_13,220,223,
0,7,3200000,0,user_0,220,222,
17,8,2600000,0,user_11,220,223,
59,10,2300001,0,user_2,221,223,30
64,11,2300001,0,user_7,221,224,30
30,11,2300000,410000,user_25,220,222,
58,12,2299999,0,user_1,221,222,30
133,15,2299999,0,user_7,222,224,30
1,14,2100000,0,user_1,220,222,
98,10,1800000,0,user_41,221,225,
37,16,1300000,0,user_33,220,222,
137,11,1100001,0,user_10,222,225,29
29,13,1100000,17700000,user_23,220,225,
26,19,1000000,0,user_21,220,222,
39,20,1000000,0,user_35,220,222,
132,31,460001,0,user_7,222,224,19
19,23,460000,296000,user_11,220,223,
42,23,420000,0,user_37,220,222,
56,24,370000,0,user_0,221,222,
97,18,350000,0,user_41,221,225,
45,19,340000,0,user_41,220,225,
57,27,310000,0,user_0,221,222,
18,28,300000,0,user_11,220,223,
53,29,300000,0,user_47,220,222,
33,20,220000,0,user_28,220,225,
84,21,190000,12800,user_23,221,225,
22,32,170000,0,user_15,220,222,
47,24,160000,0,user_43,220,225,
5,31,160000,0,user_5,220,223,
15,35,150000,0,user_9,220,222,
55,25,150000,43600,user_49,220,225,
28,26,130000,0,user_23,220,225,
3,35,120000,0,user_4,220,223,
90,27,120000,0,user_28,221,225,
2,36,110000,0,user_3,220,223,
74,29,84001,0,user_17,221,225,7
76,30,84001,0,user_17,221,225,7
100,31,84000,0,user_43,221,225,
24,32,83999,0,user_17,220,225,7
73,33,83999,0,user_17,221,225,7
75,34,83999,0,user_17,221,225,7
31,47,73000,0,user_25,220,222,
14,48,73000,0,user_9,220,222,
6,38,70000,3130,user_6,220,223,
162,0,27000000,283000,user_35,222,223,
136,1,19000001,0,user_9,222,223,27
141,2,19000001,0,user_15,222,223,27
161,3,6300000,0,user_35,222,223,
4,4,5000000,0,user_4,220,223,
93,5,4200000,0,user_35,221,223,
20,6,3500000,17000,user_13,220,223,
86,7,3500000,0,user_24,221,223,
17,8,2600000,0,user_11,220,223,
92,9,2500000,34700,user_32,221,223,
59,10,2300001,0,user_2,221,223,30
135,11,2300001,0,user_9,222,223,30
128,12,2299999,0,user_0,222,223,30
91,13,2000000,0,user_31,221,223,
85,14,1900000,0,user_24,221,223,
147,15,1900000,0,user_21,222,223,
151,16,1700000,0,user_24,222,223,
164,17,1300000,0,user_37,222,223,
9,18,1200000,0,user_7,220,223,
71,19,1000000,0,user_15,221,223,
108,20,970000,0,user_47,221,223,
190,21,460001,0,user_1,223,223,19
10,22,460000,0,user_7,220,223,
19,23,460000,296000,user_11,220,223,
189,24,459999,0,user_1,223,223,19
35,25,360000,0,user_32,220,223,
158,26,350000,0,user_33,222,223,
36,27,310000,0,user_32,220,223,
18,28,300000,0,user_11,220,223,
11,29,260000,0,user_7,220,223,
187,30,160001,0,user_0,223,223,165
5,31,160000,0,user_5,220,223,
165,32,160000,779000,user_37,222,223,
188,33,159999,0,user_0,223,223,165
8,34,150000,0,user_7,220,223,
3,35,120000,0,user_4,220,223,
2,36,110000,0,user_3,220,223,
7,37,84000,19700,user_7,220,223,
6,38,70000,3130,user_6,220,223,
65,0,19000001,0,user_11,221,224,27
68,1,19000001,0,user_13,221,224,27
23,2,19000000,0,user_16,220,224,
214,3,19000000,0,user_21,223,224,
66,4,18999999,0,user_12,221,224,27
78,5,18999999,0,user_19,221,224,27
139,6,18999999,0,user_13,222,224,27
82,7,5000000,0,user_22,221,224,
130,8,3500001,0,user_5,222,224,20
106,9,3200000,0,user_46,221,224,
229,10,2500000,0,user_35,223,224,
64,11,2300001,0,user_7,221,224,30
67,12,2300001,0,user_13,221,224,30
69,13,2300001,0,user_14,221,224,30
202,14,2300001,0,user_15,223,224,30
133,15,2299999,0,user_7,222,224,30
87,16,2000000,0,user_26,221,224,
232,17,2000000,0,user_37,223,224,
13,18,1600000,0,user_8,220,224,
211,19,1100000,0,user_21,223,224,
213,20,1000000,43600,user_21,223,224,
225,21,1000000,0,user_31,223,224,
157,22,1000000,75000,user_32,222,224,
21,23,970000,0,user_14,220,224,
224,24,970000,24700,user_30,223,224,
105,25,670000,71800,user_46,221,224,
210,26,660000,0,user_21,223,224,
226,27,470000,5180,user_33,223,224,
60,28,460001,0,user_3,221,224,19
62,29,460001,0,user_5,221,224,19
129,30,460001,0,user_4,222,224,19
132,31,460001,0,user_7,222,224,19
216,32,460000,0,user_24,223,224,
61,33,459999,0,user_4,221,224,19
63,34,459999,0,user_5,221,224,19
79,35,459999,0,user_19,221,224,19
131,36,459999,0,user_6,222,224,19
191,37,459999,0,user_2,223,224,19
54,38,260000,0,user_48,220,224,
38,39,220000,0,user_34,220,224,
107,40,190000,0,user_46,221,224,
12,41,170000,0,user_8,220,224,
52,42,170000,0,user_46,220,224,
88,43,170000,11200,user_26,221,224,
262,44,150001,0,user_1,224,224,231
231,45,150000,7190000,user_37,223,224,
261,46,149999,0,user_0,224,224,231
96,47,120000,0,user_40,221,224,
25,48,110000,0,user_19,220,224,
227,49,100000,0,user_33,223,224,
72,50,84001,0,user_16,221,224,7
16,51,83999,0,user_10,220,224,7
70,52,83999,0,user_14,221,224,7
80,53,83999,0,user_19,221,224,7
83,54,83000,21800,user_22,221,224,
212,55,82000,0,user_21,223,224,
49,56,79000,0,user_44,220,224,
217,57,77000,0,user_25,223,224,
81,0,43000000,256000,user_20,221,225,
192,1,27000001,0,user_3,223,225,162
200,2,27000001,0,user_13,223,225,162
199,3,26999999,0,user_13,223,225,162
48,4,5200000,0,user_43,220,225,
43,5,5000000,0,user_38,220,225,
277,13,4500000,0,user_21,224,228,
144,7,2300001,0,user_18,222,225,30
77,8,2299999,0,user_18,221,225,30
197,9,2299999,0,user_11,223,225,30
98,10,1800000,0,user_41,221,225,
137,11,1100001,0,user_10,222,225,29
325,65,1100001,0,user_1,225,228,29
29,13,1100000,17700000,user_23,220,225,
194,14,1099999,0,user_7,223,225,29
287,80,660000,0,user_33,224,228,
324,86,460001,0,user_1,225,228,19
263,17,459999,0,user_2,224,225,19
97,18,350000,0,user_41,221,225,
45,19,340000,0,user_41,220,225,
33,20,220000,0,user_28,220,225,
84,21,190000,12800,user_23,221,225,
284,22,170000,0,user_31,224,225,
193,23,160001,0,user_6,223,225,165
47,24,160000,0,user_43,220,225,
55,25,150000,43600,user_49,220,225,
28,26,130000,0,user_23,220,225,
90,27,120000,0,user_28,221,225,
168,28,98000,0,user_40,222,225,
74,29,84001,0,user_17,221,225,7
76,30,84001,0,user_17,221,225,7
100,31,84000,0,user_43,221,225,
24,32,83999,0,user_17,220,225,7
73,33,83999,0,user_17,221,225,7
75,34,83999,0,user_17,221,225,7
177,0,43000000,0,user_43,222,226,
331,2,26999999,0,user_9,225,228,162
205,3,19000001,0,user_16,223,228,27
176,3,6100000,0,user_43,222,226,
222,7,5200000,0,user_26,223,228,
182,12,4500000,0,user_48,222,228,
218,16,4200000,146000,user_26,223,228,
361,17,4200000,0,user_47,225,228,
142,19,3500001,0,user_16,222,228,20
203,20,3500001,0,user_16,223,228,20
145,22,3499999,0,user_19,222,228,20
344,23,3200000,0,user_30,225,228,
169,12,2600000,0,user_41,222,226,
143,30,2299999,0,user_16,222,228,30
208,31,2299999,0,user_19,223,228,30
184,38,2000000,0,user_48,222,228,
363,40,2000000,0,user_47,225,228,
299,41,1900000,0,user_47,224,228,
345,42,1700000,0,user_31,225,228,
264,51,1300001,0,user_5,224,228,221
326,52,1300001,0,user_2,225,228,221
369,54,1300001,0,user_1,226,228,221
221,57,1300000,369000,user_26,223,228,
154,23,1000000,0,user_28,222,226,
180,74,870000,0,user_48,222,228,
265,25,460001,0,user_7,224,226,19
196,26,459999,0,user_10,223,226,19
269,88,459999,0,user_13,224,228,19
349,94,310000,0,user_35,225,228,
150,29,300000,0,user_23,222,226,
183,97,260000,0,user_48,222,228,
146,31,260000,0,user_20,222,226,
170,32,240000,0,user_41,222,226,
160,33,160000,0,user_34,222,226,
178,34,160000,0,user_44,222,226,
285,35,160000,0,user_32,224,226,
270,36,159999,0,user_15,224,226,165
368,37,150001,0,user_0,226,226,231
337,38,149999,0,user_15,225,226,231
152,39,120000,0,user_26,222,226,
286,40,120000,0,user_32,224,226,
159,41,110000,0,user_34,222,226,
219,42,110000,6390,user_26,223,226,
155,43,100000,0,user_28,222,226,
220,44,87000,0,user_26,223,226,
181,45,85000,0,user_48,222,226,
340,46,85000,0,user_25,225,226,
206,47,84001,0,user_16,223,226,7
204,48,83999,0,user_16,223,226,7
362,49,79000,108000,user_47,225,226,
215,0,30000000,0,user_22,223,229,
207,2,26999999,0,user_18,223,229,162
331,2,26999999,0,user_9,225,228,162
205,3,19000001,0,user_16,223,228,27
298,3,19000000,0,user_46,224,229,
351,0,19000000,0,user_38,225,232,
195,4,18999999,0,user_8,223,229,27
222,7,5200000,0,user_26,223,228,
283,5,5200000,0,user_29,224,229,
297,7,5000000,0,user_46,224,229,
355,9,5000000,56200,user_40,225,229,
233,2,4500000,155000,user_38,223,232,
182,12,4500000,0,user_48,222,228,
277,13,4500000,0,user_21,224,228,
359,11,4500000,0,user_44,225,229,
234,3,4200000,0,user_38,223,232,
218,16,4200000,146000,user_26,223,228,
361,17,4200000,0,user_47,225,228,
399,4,4200000,0,user_38,226,232,
142,19,3500001,0,user_16,222,228,20
203,20,3500001,0,user_16,223,228,20
460,5,3500000,0,user_43,227,232,
145,22,3499999,0,user_19,222,228,20
344,23,3200000,0,user_30,225,228,
356,12,3200000,128000,user_40,225,229,
134,15,2300001,0,user_8,222,229,30
140,16,2300001,0,user_14,222,229,30
370,17,2300001,0,user_2,226,229,30
441,7,2300000,322000,user_23,227,232,
281,18,2300000,0,user_26,224,229,
143,30,2299999,0,user_16,222,228,30
208,31,2299999,0,user_19,223,228,30
138,19,2299999,0,user_12,222,229,30
201,20,2299999,0,user_14,223,229,30
381,22,2299999,0,user_16,226,229,30
423,23,2299999,0,user_6,227,229,30
94,11,2000000,0,user_38,221,232,
109,12,2000000,0,user_49,221,232,
184,38,2000000,0,user_48,222,228,
291,25,2000000,0,user_40,224,229,
363,40,2000000,0,user_47,225,228,
299,41,1900000,0,user_47,224,228,
345,42,1700000,0,user_31,225,228,
357,14,1500000,0,user_41,225,232,
278,27,1500000,0,user_22,224,229,
385,15,1500000,0,user_20,226,232,
393,16,1500000,0,user_28,226,232,
342,17,1400000,15700,user_28,225,232,
244,29,1400000,0,user_46,223,229,
228,30,1400000,0,user_34,223,229,
391,31,1400000,0,user_26,226,229,
264,51,1300001,0,user_5,224,228,221
326,52,1300001,0,user_2,225,228,221
335,32,1300001,0,user_13,225,229,221
369,54,1300001,0,user_1,226,228,221
376,35,1300001,0,user_11,226,229,221
426,36,1300001,0,user_11,227,229,221
221,57,1300000,369000,user_26,223,228,
288,37,1300000,0,user_34,224,229,
332,39,1299999,0,user_11,225,229,221
374,40,1299999,0,user_7,226,229,221
338,41,1299999,0,user_18,225,229,221
380,42,1299999,0,user_16,226,229,221
384,43,1299999,0,user_19,226,229,221
420,44,1299999,0,user_5,227,229,221
325,65,1100001,0,user_1,225,228,29
442,35,1100000,0,user_23,227,232,
354,46,1100000,594000,user_40,225,229,
348,47,1100000,0,user_34,225,229,
373,49,1099999,0,user_7,226,229,29
474,29,1099999,0,user_7,228,230,29
185,42,1000000,0,user_49,222,232,
273,43,1000000,0,user_20,224,232,
238,50,1000000,73100,user_40,223,229,
180,74,870000,0,user_48,222,228,
266,52,670001,0,user_8,224,229,105
276,44,670000,0,user_20,224,232,
400,45,670000,0,user_43,226,232,
300,46,670000,0,user_49,224,232,
272,47,660000,0,user_20,224,232,
287,80,660000,0,user_33,224,228,
149,53,660000,0,user_22,222,229,
443,48,660000,0,user_23,227,232,
352,54,650000,0,user_40,225,229,
156,55,530000,3130,user_29,222,229,
271,52,460001,0,user_17,224,232,19
324,86,460001,0,user_1,225,228,19
274,53,460000,0,user_20,224,232,
269,88,459999,0,user_13,224,228,19
268,57,459999,0,user_12,224,229,19
433,55,459999,0,user_17,227,232,19
294,56,420000,0,user_43,224,232,
392,57,420000,0,user_28,226,232,
364,59,320000,0,user_48,225,229,
349,94,310000,0,user_35,225,228,
245,60,310000,0,user_48,223,229,
295,65,300000,0,user_43,224,232,
183,97,260000,0,user_48,222,228,
148,62,260000,0,user_22,222,229,
282,66,240000,75000,user_28,224,232,
215,0,30000000,0,user_22,223,229,
395,1,30000000,128000,user_31,226,229,
207,2,26999999,0,user_18,223,229,162
298,3,19000000,0,user_46,224,229,
195,4,18999999,0,user_8,223,229,27
283,5,5200000,0,user_29,224,229,
449,6,5200000,0,user_31,227,229,
297,7,5000000,0,user_46,224,229,
446,8,5000000,0,user_25,227,229,
355,9,5000000,56200,user_40,225,229,
496,10,5000000,49100,user_30,228,229,
359,11,4500000,0,user_44,225,229,
356,12,3200000,128000,user_40,225,229,
241,13,2400000,0,user_43,223,229,
347,14,2400000,285000,user_32,225,229,
134,15,2300001,0,user_8,222,229,30
140,16,2300001,0,user_14,222,229,30
370,17,2300001,0,user_2,226,229,30
281,18,2300000,0,user_26,224,229,
138,19,2299999,0,user_12,222,229,30
201,20,2299999,0,user_14,223,229,30
375,21,2299999,0,user_9,226,229,30
381,22,2299999,0,user_16,226,229,30
423,23,2299999,0,user_6,227,229,30
451,24,2100000,108000,user_33,227,229,
291,25,2000000,0,user_40,224,229,
396,26,1800000,17000,user_33,226,229,
278,27,1500000,0,user_22,224,229,
498,28,1500000,0,user_30,228,229,
244,29,1400000,0,user_46,223,229,
228,30,1400000,0,user_34,223,229,
391,31,1400000,0,user_26,226,229,
335,32,1300001,0,user_13,225,229,221
418,33,1300001,0,user_0,227,229,221
419,34,1300001,0,user_0,227,229,221
376,35,1300001,0,user_11,226,229,221
426,36,1300001,0,user_11,227,229,221
288,37,1300000,0,user_34,224,229,
485,38,1300000,0,user_21,228,229,
332,39,1299999,0,user_11,225,229,221
374,40,1299999,0,user_7,226,229,221
338,41,1299999,0,user_18,225,229,221
380,42,1299999,0,user_16,226,229,221
384,43,1299999,0,user_19,226,229,221
420,44,1299999,0,user_5,227,229,221
448,45,1100000,0,user_30,227,229,
354,46,1100000,594000,user_40,225,229,
348,47,1100000,0,user_34,225,229,
267,48,1099999,0,user_10,224,229,29
373,49,1099999,0,user_7,226,229,29
238,50,1000000,73100,user_40,223,229,
497,51,970000,0,user_30,228,229,
266,52,670001,0,user_8,224,229,105
149,53,660000,0,user_22,222,229,
352,54,650000,0,user_40,225,229,
156,55,530000,3130,user_29,222,229,
398,56,470000,0,user_35,226,229,
268,57,459999,0,user_12,224,229,19
386,58,320000,7190000,user_21,226,229,
364,59,320000,0,user_48,225,229,
245,60,310000,0,user_48,223,229,
499,61,310000,0,user_31,228,229,
148,62,260000,0,user_22,222,229,
280,63,240000,32900,user_26,224,229,
438,64,220000,0,user_21,227,229,
495,65,220000,0,user_30,228,229,
209,66,170000,0,user_20,223,229,
500,67,170000,0,user_33,228,229,
333,68,160001,0,user_11,225,229,165
383,69,160001,0,user_19,226,229,165
421,70,160001,0,user_5,227,229,165
422,71,160001,0,user_6,227,229,165
526,72,160001,0,user_1,229,229,165
296,73,160000,0,user_44,224,229,
327,74,159999,0,user_4,225,229,165
382,75,159999,0,user_18,226,229,165
428,76,159999,0,user_13,227,229,165
469,77,159999,0,user_2,228,229,165
328,78,150001,0,user_6,225,229,231
329,79,150001,0,user_7,225,229,231
379,80,150001,0,user_15,226,229,231
372,81,150001,0,user_6,226,229,231
371,82,149999,0,user_3,226,229,231
394,83,120000,0,user_30,226,229,
353,84,100000,0,user_40,225,229,
248,85,98000,0,user_48,223,229,
389,86,87000,0,user_24,226,229,
388,87,84000,0,user_24,226,229,
246,88,84000,0,user_48,223,229,
198,89,82999,0,user_12,223,229,83
346,90,77000,0,user_32,225,229,
247,91,73000,0,user_48,223,229,
390,92,70000,0,user_25,226,229,
489,0,19000000,0,user_24,228,230,
387,1,5000000,71800,user_22,226,230,
447,2,5000000,0,user_26,227,230,
455,3,5000000,0,user_37,227,230,
557,4,4500000,0,user_33,229,230,
343,5,2400000,0,user_29,225,230,
471,6,2300001,0,user_4,228,230,30
479,7,2300001,0,user_13,228,230,30
470,8,2299999,0,user_3,228,230,30
475,9,2299999,0,user_9,228,230,30
542,10,2299999,0,user_15,229,230,30
450,11,1600000,0,user_32,227,230,
578,12,1500000,0,user_47,229,230,
377,13,1300001,0,user_14,226,230,221
424,14,1300001,0,user_8,227,230,221
436,15,1300001,0,user_19,227,230,221
535,16,1300001,0,user_9,229,230,221
540,17,1300001,0,user_15,229,230,221
541,18,1300001,0,user_15,229,230,221
360,19,1300000,0,user_46,225,230,
330,20,1299999,0,user_8,225,230,221
334,21,1299999,0,user_12,225,230,221
336,22,1299999,0,user_14,225,230,221
425,23,1299999,0,user_9,227,230,221
476,24,1299999,0,user_9,228,230,221
533,25,1299999,0,user_9,229,230,221
534,26,1299999,0,user_9,229,230,221
536,27,1299999,0,user_9,229,230,221
431,28,1100001,0,user_16,227,230,29
474,29,1099999,0,user_7,228,230,29
527,30,1099999,0,user_2,229,230,354
603,31,1099999,0,user_1,230,230,354
445,32,910000,0,user_24,227,230,
549,33,600000,139000,user_24,229,230,
488,34,530000,0,user_24,228,230,
403,35,420000,0,user_46,226,230,
397,36,420000,0,user_34,226,230,
453,37,420000,0,user_35,227,230,
576,38,420000,0,user_47,229,230,
577,39,420000,0,user_47,229,230,
602,40,320001,0,user_0,230,230,386
464,41,310000,0,user_47,227,230,
556,42,300000,0,user_33,229,230,
463,43,240000,0,user_47,227,230,
511,44,240000,0,user_47,228,230,
554,45,190000,0,user_30,229,230,
429,46,160001,0,user_14,227,230,165
473,47,160001,0,user_7,228,230,165
555,48,160000,0,user_31,229,230,
378,49,159999,0,user_14,226,230,165
543,50,159999,0,user_15,229,230,165
427,51,150001,0,user_12,227,230,231
472,52,150001,0,user_5,228,230,231
430,53,150001,0,user_15,227,230,231
575,54,150000,0,user_47,229,230,
339,55,120000,0,user_22,225,230,
439,56,120000,0,user_22,227,230,
547,57,110000,0,user_21,229,230,
553,58,83000,0,user_30,229,230,
550,59,80000,0,user_25,229,230,
478,0,2300001,0,user_12,228,231,30
480,1,2300001,0,user_16,228,231,30
481,2,2299999,0,user_16,228,231,30
493,3,1900000,0,user_29,228,231,
604,4,1100001,0,user_2,230,231,354
662,5,1100001,0,user_1,231,231,354
528,6,1099999,0,user_3,229,231,29
531,7,1099999,0,user_5,229,231,354
539,8,1099999,0,user_13,229,231,354
663,9,1099999,0,user_1,231,231,29
494,10,470000,0,user_29,228,231,
486,11,420000,0,user_22,228,231,
529,12,320001,0,user_4,229,231,386
530,13,320001,0,user_5,229,231,386
638,14,320000,0,user_31,230,231,
490,15,160000,0,user_26,228,231,
510,16,77000,0,user_46,228,231,
633,17,70000,0,user_25,230,231,
351,0,19000000,0,user_38,225,232,
506,1,6100000,24700,user_41,228,232,
233,2,4500000,155000,user_38,223,232,
234,3,4200000,0,user_38,223,232,
399,4,4200000,0,user_38,226,232,
460,5,3500000,0,user_43,227,232,
632,6,3500000,296000,user_24,230,232,
441,7,2300000,322000,user_23,227,232,
482,8,2299999,0,user_17,228,232,30
537,9,2299999,0,user_10,229,232,30
487,10,2100000,0,user_23,228,232,
94,11,2000000,0,user_38,221,232,
109,12,2000000,0,user_49,221,232,
456,13,1600000,0,user_38,227,232,
357,14,1500000,0,user_41,225,232,
385,15,1500000,0,user_20,226,232,
393,16,1500000,0,user_28,226,232,
342,17,1400000,15700,user_28,225,232,
647,18,1400000,0,user_35,230,232,
434,19,1300001,0,user_18,227,232,221
484,20,1300001,0,user_18,228,232,221
435,21,1299999,0,user_18,227,232,221
483,22,1299999,0,user_18,228,232,221
605,23,1100001,0,user_3,230,232,29
606,24,1100001,0,user_4,230,232,354
607,25,1100001,0,user_6,230,232,354
609,26,1100001,0,user_7,230,232,354
610,27,1100001,0,user_7,230,232,354
612,28,1100001,0,user_7,230,232,354
615,29,1100001,0,user_11,230,232,354
664,30,1100001,0,user_2,231,232,354
666,31,1100001,0,user_2,231,232,354
667,32,1100001,0,user_2,231,232,354
740,33,1100001,0,user_0,232,232,354
741,34,1100001,0,user_1,232,232,354
442,35,1100000,0,user_23,227,232,
608,36,1099999,0,user_7,230,232,354
611,37,1099999,0,user_7,230,232,354
616,38,1099999,0,user_11,230,232,354
665,39,1099999,0,user_2,231,232,354
739,40,1099999,0,user_0,232,232,354
505,41,1000000,256000,user_40,228,232,
185,42,1000000,0,user_49,222,232,
273,43,1000000,0,user_20,224,232,
276,44,670000,0,user_20,224,232,
400,45,670000,0,user_43,226,232,
300,46,670000,0,user_49,224,232,
272,47,660000,0,user_20,224,232,
443,48,660000,0,user_23,227,232,
701,49,660000,0,user_33,231,232,
691,50,600000,0,user_24,231,232,
704,51,530000,0,user_37,231,232,
271,52,460001,0,user_17,224,232,19
274,53,460000,0,user_20,224,232,
692,54,460000,0,user_24,231,232,
433,55,459999,0,user_17,227,232,19
294,56,420000,0,user_43,224,232,
392,57,420000,0,user_28,226,232,
700,58,420000,0,user_33,231,232,
649,59,420000,0,user_35,230,232,
538,60,320001,0,user_12,229,232,386
532,61,319999,0,user_8,229,232,386
622,62,319999,0,user_15,230,232,386
672,63,319999,0,user_9,231,232,386
574,64,310000,231000,user_46,229,232,
295,65,300000,0,user_43,224,232,
282,66,240000,75000,user_28,224,232,
275,67,220000,0,user_20,224,232,
492,68,220000,0,user_28,228,232,
652,69,220000,0,user_37,230,232,
235,70,190000,0,user_38,223,232,
279,71,190000,0,user_23,224,232,
236,72,170000,0,user_38,223,232,
437,73,170000,0,user_20,227,232,
457,74,170000,0,user_41,227,232,
646,75,170000,283000,user_35,230,232,
477,76,150001,0,user_10,228,232,231
651,77,150000,0,user_37,230,232,
659,78,150000,0,user_47,230,232,
432,79,149999,0,user_17,227,232,231
698,80,120000,0,user_31,231,232,
444,81,110000,0,user_23,227,232,
166,82,85000,0,user_38,222,232,
648,83,85000,0,user_35,230,232,
645,84,82000,0,user_35,230,232,
440,85,79000,0,user_23,227,232,
358,86,73000,0,user_43,225,232,
507,87,70000,0,user_43,228,232,
771,0,4500000,0,user_33,232,233,
452,1,3600000,0,user_34,227,233,
774,2,2600000,0,user_35,232,233,
653,3,2000000,510000,user_40,230,233,
767,4,1500000,0,user_30,232,233,
544,5,1100001,0,user_16,229,233,354
626,6,1100001,0,user_16,230,233,354
670,7,1100001,0,user_6,231,233,354
742,8,1100001,0,user_2,232,233,354
800,9,1100001,0,user_0,233,233,354
801,10,1100001,0,user_1,233,233,354
773,11,1100000,60700,user_35,232,233,
668,12,1099999,0,user_3,231,233,354
546,13,1099999,0,user_19,229,233,354
623,14,1099999,0,user_16,230,233,354
628,15,1099999,0,user_18,230,233,29
676,16,1099999,0,user_13,231,233,354
749,17,1099999,0,user_9,232,233,354
802,18,1099999,0,user_1,233,233,354
803,19,1099999,0,user_1,233,233,354
551,20,910000,0,user_26,229,233,
768,21,530000,0,user_30,232,233,
760,22,360000,0,user_21,232,233,
625,23,320001,0,user_16,230,233,386
512,24,320000,0,user_48,228,233,
624,25,319999,0,user_16,230,233,386
627,26,150001,0,user_16,230,233,231
674,27,150001,0,user_11,231,233,231
769,28,150000,46500,user_31,232,233,
669,29,149999,0,user_5,231,233,231
461,30,110000,0,user_44,227,233,
508,31,110000,164000,user_44,228,233,
634,32,100000,0,user_26,230,233,
699,0,27000000,0,user_32,231,234,
830,1,4200000,0,user_24,233,234,
770,2,1900000,0,user_32,232,234,
838,3,1500000,0,user_33,233,234,
639,4,1500000,0,user_32,230,234,
825,5,1099999,0,user_15,233,234,354
862,6,1099999,0,user_0,234,234,354
864,7,1099999,0,user_1,234,234,354
832,8,910000,0,user_25,233,234,
831,9,650000,0,user_24,233,234,
863,10,150001,0,user_1,234,234,231
837,11,120000,0,user_33,233,234,
842,12,120000,0,user_37,233,234,
836,13,110000,0,user_30,233,234,
840,14,87000,0,user_35,233,234,
707,0,43000000,0,user_40,231,235,
904,1,27000000,0,user_37,234,235,
629,2,19000000,0,user_20,230,235,
548,3,5200000,108000,user_23,229,235,
503,4,5000000,0,user_38,228,235,
579,5,5000000,0,user_48,229,235,
914,6,5000000,0,user_47,234,235,
545,7,2300001,0,user_17,229,235,30
568,8,1900000,0,user_41,229,235,
714,9,1700000,0,user_46,231,235,
682,10,1700000,0,user_20,231,235,
686,11,1600000,510000,user_22,231,235,
696,12,1600000,0,user_28,231,235,
897,13,1600000,0,user_30,234,235,
708,14,1500000,0,user_40,231,235,
514,15,1500000,0,user_49,228,235,
656,16,1500000,0,user_43,230,235,
657,17,1500000,0,user_43,230,235,
571,18,1500000,0,user_44,229,235,
702,19,1500000,0,user_34,231,235,
713,20,1400000,0,user_44,231,235,
617,21,1100001,0,user_12,230,235,354
619,22,1100001,0,user_12,230,235,354
620,23,1100001,0,user_12,230,235,354
675,24,1100001,0,user_12,231,235,354
745,25,1100001,0,user_6,232,235,354
614,26,1100001,0,user_10,230,235,354
679,27,1100001,0,user_16,231,235,354
758,28,1100001,0,user_19,232,235,354
805,29,1100001,0,user_5,233,235,354
752,30,1100001,0,user_10,232,235,354
811,31,1100001,0,user_7,233,235,354
812,32,1100001,0,user_7,233,235,354
873,33,1100001,0,user_9,234,235,354
943,34,1100001,0,user_1,235,235,354
613,35,1099999,0,user_8,230,235,354
673,36,1099999,0,user_10,231,235,354
680,37,1099999,0,user_18,231,235,354
754,38,1099999,0,user_11,232,235,354
678,39,1099999,0,user_16,231,235,354
681,40,1099999,0,user_19,231,235,354
809,41,1099999,0,user_5,233,235,354
751,42,1099999,0,user_10,232,235,354
753,43,1099999,0,user_10,232,235,354
884,44,1099999,0,user_15,234,235,29
941,45,1099999,0,user_0,235,235,354
942,46,1099999,0,user_0,235,235,354
642,47,1000000,0,user_34,230,235,
643,48,1000000,39400,user_34,230,235,
689,49,1000000,0,user_23,231,235,
637,50,970000,0,user_29,230,235,
694,51,970000,510000,user_26,231,235,
683,52,970000,39400,user_20,231,235,
687,53,910000,0,user_22,231,235,
630,54,870000,0,user_22,230,235,
688,55,870000,0,user_22,231,235,
684,56,630000,15700,user_22,231,235,
898,57,460000,12800,user_31,234,235,
711,58,370000,0,user_43,231,235,
640,59,360000,0,user_34,230,235,
893,60,360000,0,user_25,234,235,
569,61,350000,0,user_43,229,235,
778,62,350000,0,user_40,232,235,
915,63,350000,0,user_47,234,235,
693,64,340000,0,user_26,231,235,
757,65,320001,0,user_16,232,235,386
807,66,320001,0,user_5,233,235,386
709,67,320000,0,user_41,231,235,
900,68,320000,14200,user_33,234,235,
744,69,319999,0,user_6,232,235,386
810,70,319999,0,user_6,233,235,386
890,71,310000,0,user_21,234,235,
715,72,260000,0,user_48,231,235,
690,73,260000,0,user_23,231,235,
513,74,240000,128000,user_49,228,235,
658,75,220000,49100,user_46,230,235,
697,76,220000,0,user_28,231,235,
903,77,170000,0,user_37,234,235,
804,78,160001,0,user_3,233,235,165
746,79,159999,0,user_7,232,235,165
808,80,159999,0,user_5,233,235,165
621,81,150001,0,user_12,230,235,231
671,82,150001,0,user_8,231,235,231
743,83,150001,0,user_4,232,235,231
806,84,150001,0,user_5,233,235,231
631,85,150000,0,user_23,230,235,
570,86,150000,0,user_44,229,235,
710,87,150000,0,user_43,231,235,
618,88,149999,0,user_12,230,235,231
677,89,149999,0,user_14,231,235,231
750,90,149999,0,user_10,232,235,231
865,91,149999,0,user_2,234,235,231
902,92,120000,15100,user_35,234,235,
685,93,87000,0,user_22,231,235,
712,94,87000,0,user_44,231,235,
779,95,83000,108000,user_40,232,235,
552,96,80000,0,user_28,229,235,
654,97,80000,13900,user_41,230,235,
892,98,77000,0,user_24,234,235,
558,99,73000,0,user_34,229,235,
899,0,2400000,0,user_32,234,236,
969,1,2000000,0,user_31,235,236,
964,2,1900000,0,user_30,235,236,
846,3,1600000,0,user_40,233,236,
965,4,1400000,1100000,user_31,235,236,
866,5,1100001,0,user_5,234,236,354
870,6,1100001,0,user_6,234,236,354
881,7,1100001,0,user_13,234,236,354
945,8,1100001,0,user_2,235,236,354
826,9,1099999,0,user_16,233,236,354
868,10,1099999,0,user_5,234,236,354
869,11,1099999,0,user_6,234,236,354
877,12,1099999,0,user_11,234,236,354
879,13,1099999,0,user_13,234,236,354
880,14,1099999,0,user_13,234,236,354
951,15,1099999,0,user_9,235,236,354
954,16,1099999,0,user_15,235,236,354
968,17,460000,0,user_31,235,236,
950,18,320001,0,user_9,235,236,386
867,19,319999,0,user_5,234,236,386
944,20,319999,0,user_2,235,236,386
982,21,240000,5640,user_47,235,236,
959,22,170000,0,user_25,235,236,
827,23,159999,0,user_18,233,236,165
1004,24,159999,0,user_0,236,236,165
871,25,150001,0,user_6,234,236,231
1005,26,150001,0,user_1,236,236,231
966,27,150000,0,user_31,235,236,
833,28,120000,24700,user_26,233,236,
967,29,120000,0,user_31,235,236,
972,30,110000,0,user_37,235,236,
762,0,43000000,0,user_23,232,237,
782,1,43000000,0,user_43,232,237,
849,2,30000000,0,user_44,233,237,
839,3,27000000,0,user_34,233,237,
764,4,4500000,0,user_28,232,237,
792,5,4200000,0,user_48,232,237,
829,6,3600000,0,user_23,233,237,
793,7,2000000,0,user_48,232,237,
1030,8,1500000,0,user_25,236,237,
946,9,1100001,0,user_3,235,237,29
817,10,1100001,0,user_10,233,237,354
875,11,1100001,0,user_10,234,237,354
876,12,1100001,0,user_10,234,237,354
949,13,1100001,0,user_7,235,237,29
1007,14,1100001,0,user_2,236,237,29
1023,15,1100001,0,user_15,236,237,354
1017,16,1099999,0,user_9,236,237,354
795,17,1000000,0,user_48,232,237,
1038,18,1000000,0,user_33,236,237,
781,19,970000,0,user_43,232,237,
784,20,910000,0,user_44,232,237,
794,21,650000,0,user_48,232,237,
791,22,630000,15100,user_48,232,237,
970,23,600000,0,user_32,235,237,
1036,24,420000,0,user_31,236,237,
948,25,320001,0,user_7,235,237,386
1010,26,320001,0,user_2,236,237,386
1064,27,319999,0,user_1,237,237,386
818,28,160001,0,user_10,233,237,165
1008,29,160001,0,user_2,236,237,165
1063,30,160001,0,user_0,237,237,165
783,31,160000,0,user_44,232,237,
851,32,160000,33300,user_48,233,237,
1035,33,160000,0,user_31,236,237,
874,34,159999,0,user_10,234,237,165
1006,35,159999,0,user_2,236,237,165
1009,36,159999,0,user_2,236,237,165
888,37,149999,0,user_19,234,237,231
947,38,149999,0,user_5,235,237,231
759,39,120000,0,user_20,232,237,
828,40,120000,0,user_23,233,237,
848,41,85000,0,user_43,233,237,
772,42,83000,0,user_34,232,237,
835,43,77000,0,user_28,233,237,
1031,44,77000,0,user_25,236,237,
1089,0,30000000,0,user_21,237,238,
761,1,2500000,15700,user_22,232,238,
975,2,1800000,13900,user_40,235,238,
787,3,1500000,0,user_46,232,238,
891,4,1500000,0,user_22,234,238,
912,5,1500000,6390,user_46,234,238,
747,6,1100001,0,user_8,232,238,354
820,7,1100001,0,user_14,233,238,354
821,8,1100001,0,user_14,233,238,354
824,9,1100001,0,user_14,233,238,354
878,10,1100001,0,user_12,234,238,29
953,11,1100001,0,user_14,235,238,354
955,12,1100001,0,user_16,235,238,354
1013,13,1100001,0,user_5,236,238,29
887,14,1100001,0,user_18,234,238,354
1065,15,1100001,0,user_2,237,238,29
748,16,1099999,0,user_8,232,238,354
755,17,1099999,0,user_12,232,238,354
756,18,1099999,0,user_12,232,238,354
814,19,1099999,0,user_8,233,238,354
815,20,1099999,0,user_8,233,238,29
819,21,1099999,0,user_12,233,238,354
823,22,1099999,0,user_14,233,238,354
766,23,870000,0,user_29,232,238,
1096,24,650000,0,user_31,237,238,
1095,25,460000,0,user_30,237,238,
786,26,360000,0,user_46,232,238,
765,27,350000,0,user_29,232,238,
822,28,320001,0,user_14,233,238,386
960,29,320000,49100,user_26,235,238,
813,30,319999,0,user_8,233,238,386
1012,31,319999,0,user_4,236,238,386
913,32,310000,0,user_46,234,238,
1101,33,300000,0,user_33,237,238,
790,34,260000,0,user_46,232,238,
963,35,190000,0,user_29,235,238,
789,36,170000,0,user_46,232,238,
1011,37,160001,0,user_3,236,238,165
1014,38,160001,0,user_5,236,238,165
1021,39,160001,0,user_13,236,238,165
1135,40,160001,0,user_1,238,238,165
1136,41,160001,0,user_1,238,238,165
816,42,159999,0,user_8,233,238,165
872,43,159999,0,user_8,234,238,165
1015,44,159999,0,user_6,236,238,165
1019,45,159999,0,user_11,236,238,165
1066,46,159999,0,user_2,237,238,165
882,47,150001,0,user_14,234,238,231
1090,48,150000,0,user_21,237,238,
883,49,149999,0,user_14,234,238,231
952,50,149999,0,user_12,235,238,231
1092,51,120000,0,user_25,237,238,
788,52,85000,0,user_46,232,238,
1102,53,82000,31700,user_33,237,238,
1037,0,43000000,0,user_32,236,239,
895,1,30000000,0,user_28,234,239,
1106,2,30000000,16400,user_35,237,239,
563,3,19000000,0,user_38,229,239,
1098,4,6300000,3130,user_32,237,239,
1097,5,5200000,0,user_32,237,239,
911,6,4500000,0,user_44,234,239,
705,7,4500000,0,user_38,231,239,
1164,8,4500000,0,user_21,238,239,
910,9,3200000,0,user_43,234,239,
844,10,2400000,0,user_38,233,239,
962,11,2300000,0,user_28,235,239,
971,12,2100000,0,user_34,235,239,
957,13,2000000,0,user_20,235,239,
979,14,2000000,0,user_43,235,239,
565,15,1900000,0,user_38,229,239,
580,16,1600000,161000,user_49,229,239,
896,17,1600000,0,user_28,234,239,
1069,18,1500001,0,user_5,237,239,901
901,19,1500000,17700000,user_34,234,239,
905,20,1500000,0,user_38,234,239,
1222,21,1499999,0,user_1,239,239,901
1137,22,1400001,0,user_2,238,239,965
564,23,1400000,35600,user_38,229,239,
958,24,1400000,56200,user_23,235,239,
1168,25,1400000,0,user_25,238,239,
1026,26,1399999,0,user_19,236,239,965
1068,27,1399999,0,user_5,237,239,965
885,28,1100001,0,user_17,234,239,354
956,29,1100001,0,user_17,235,239,29
843,30,1100000,296000,user_38,233,239,
1018,31,1099999,0,user_10,236,239,354
916,32,1000000,369000,user_48,234,239,
907,33,870000,0,user_41,234,239,
1104,34,870000,0,user_35,237,239,
1105,35,870000,0,user_35,237,239,
566,36,600000,0,user_38,229,239,
1100,37,420000,0,user_32,237,239,
1108,38,350000,0,user_37,237,239,
1070,39,319999,0,user_6,237,239,386
976,40,310000,0,user_41,235,239,
716,41,260000,322000,user_49,231,239,
717,42,170000,18600,user_49,231,239,
1099,43,170000,0,user_32,237,239,
1071,44,160001,0,user_7,237,239,165
1155,45,160001,0,user_15,238,239,165
1067,46,159999,0,user_3,237,239,165
1024,47,159999,0,user_16,236,239,165
886,48,159999,0,user_17,234,239,165
1144,49,159999,0,user_9,238,239,165
1221,50,150001,0,user_0,239,239,1191
1191,51,150000,4320000,user_47,238,239,
1077,52,149999,0,user_11,237,239,231
1078,53,149999,0,user_11,237,239,231
1081,54,149999,0,user_15,237,239,231
889,55,130000,0,user_20,234,239,
983,56,110000,0,user_48,235,239,
1032,57,110000,0,user_26,236,239,
917,58,85000,0,user_49,234,239,
567,59,84000,0,user_38,229,239,
1176,60,82000,0,user_30,238,239,
776,61,80000,0,user_38,232,239,
1103,62,79000,0,user_35,237,239,
1180,63,79000,0,user_35,238,239,
0,7,3200000,0,user_0,240,242,
1,14,2100000,0,user_1,240,242,
27,1,19000000,71800,user_21,240,242,
34,5,3600000,0,user_31,240,242,
30,11,2300000,410000,user_25,240,242,
58,12,2299999,0,user_1,241,242,30
37,16,1300000,0,user_33,240,242,
26,19,1000000,0,user_21,240,242,
39,20,1000000,0,user_35,240,242,
42,23,420000,0,user_37,240,242,
56,24,370000,0,user_0,241,242,
57,27,310000,0,user_0,241,242,
53,29,300000,0,user_47,240,242,
22,32,170000,0,user_15,240,242,
15,35,150000,0,user_9,240,242,
31,47,73000,0,user_25,240,242,
14,48,73000,0,user_9,240,242,
81,0,43000000,256000,user_20,241,245,
27,1,19000000,71800,user_21,240,242,
48,4,5200000,0,user_43,240,245,
4,4,5000000,0,user_4,240,243,
43,5,5000000,0,user_38,240,245,
34,5,3600000,0,user_31,240,242,
20,6,3500000,17000,user_13,240,243,
0,7,3200000,0,user_0,240,242,
17,8,2600000,0,user_11,240,243,
59,10,2300001,0,user_2,241,243,30
64,11,2300001,0,user_7,241,244,30
30,11,2300000,410000,user_25,240,242,
58,12,2299999,0,user_1,241,242,30
133,15,2299999,0,user_7,242,244,30
1,14,2100000,0,user_1,240,242,
98,10,1800000,0,user_41,241,245,
37,16,1300000,0,user_33,240,242,
137,11,1100001,0,user_10,242,245,29
29,13,1100000,17700000,user_23,240,245,
26,19,1000000,0,user_21,240,242,
39,20,1000000,0,user_35,240,242,
132,31,460001,0,user_7,242,244,19
19,23,460000,296000,user_11,240,243,
42,23,420000,0,user_37,240,242,
56,24,370000,0,user_0,241,242,
97,18,350000,0,user_41,241,245,
45,19,340000,0,user_41,240,245,
57,27,310000,0,user_0,241,242,
18,28,300000,0,user_11,240,243,
53,29,300000,0,user_47,240,242,
33,20,220000,0,user_28,240,245,
84,21,190000,12800,user_23,241,245,
22,32,170000,0,user_15,240,242,
47,24,160000,0,user_43,240,245,
5,31,160000,0,user_5,240,243,
15,35,150000,0,user_9,240,242,
55,25,150000,43600,user_49,240,245,
28,26,130000,0,user_23,240,245,
3,35,120000,0,user_4,240,243,
90,27,120000,0,user_28,241,245,
2,36,110000,0,user_3,240,243,
74,29,84001,0,user_17,241,245,7
76,30,84001,0,user_17,241,245,7
100,31,84000,0,user_43,241,245,
24,32,83999,0,user_17,240,245,7
73,33,83999,0,user_17,241,245,7
75,34,83999,0,user_17,241,245,7
31,47,73000,0,user_25,240,242,
14,48,73000,0,user_9,240,242,
6,38,70000,3130,user_6,240,243,
162,0,27000000,283000,user_35,242,243,
136,1,19000001,0,user_9,242,243,27
141,2,19000001,0,user_15,242,243,27
161,3,6300000,0,user_35,242,243,
4,4,5000000,0,user_4,240,243,
93,5,4200000,0,user_35,241,243,
20,6,3500000,17000,user_13,240,243,
86,7,3500000,0,user_24,241,243,
17,8,2600000,0,user_11,240,243,
92,9,2500000,34700,user_32,241,243,
59,10,2300001,0,user_2,241,243,30
135,11,2300001,0,user_9,242,243,30
128,12,2299999,0,user_0,242,243,30
91,13,2000000,0,user_31,241,243,
85,14,1900000,0,user_24,241,243,
147,15,1900000,0,user_21,242,243,
151,16,1700000,0,user_24,242,243,
164,17,1300000,0,user_37,242,243,
9,18,1200000,0,user_7,240,243,
71,19,1000000,0,user_15,241,243,
108,20,970000,0,user_47,241,243,
190,21,460001,0,user_1,243,243,19
10,22,460000,0,user_7,240,243,
19,23,460000,296000,user_11,240,243,
189,24,459999,0,user_1,243,243,19
35,25,360000,0,user_32,240,243,
158,26,350000,0,user_33,242,243,
36,27,310000,0,user_32,240,243,
18,28,300000,0,user_11,240,243,
11,29,260000,0,user_7,240,243,
187,30,160001,0,user_0,243,243,165
5,31,160000,0,user_5,240,243,
165,32,160000,779000,user_37,242,243,
188,33,159999,0,user_0,243,243,165
8,34,150000,0,user_7,240,243,
3,35,120000,0,user_4,240,243,
2,36,110000,0,user_3,240,243,
7,37,84000,19700,user_7,240,243,
6,38,70000,3130,user_6,240,243,
65,0,19000001,0,user_11,241,244,27
68,1,19000001,0,user_13,241,244,27
23,2,19000000,0,user_16,240,244,
214,3,19000000,0,user_21,243,244,
66,4,18999999,0,user_12,241,244,27
78,5,18999999,0,user_19,241,244,27
139,6,18999999,0,user_13,242,244,27
82,7,5000000,0,user_22,241,244,
130,8,3500001,0,user_5,242,244,20
106,9,3200000,0,user_46,241,244,
229,10,2500000,0,user_35,243,244,
64,11,2300001,0,user_7,241,244,30
67,12,2300001,0,user_13,241,244,30
69,13,2300001,0,user_14,241,244,30
202,14,2300001,0,user_15,243,244,30
133,15,2299999,0,user_7,242,244,30
87,16,2000000,0,user_26,241,244,
232,17,2000000,0,user_37,243,244,
13,18,1600000,0,user_8,240,244,
211,19,1100000,0,user_21,243,244,
213,20,1000000,43600,user_21,243,244,
225,21,1000000,0,user_31,243,244,
157,22,1000000,75000,user_32,242,244,
21,23,970000,0,user_14,240,244,
224,24,970000,24700,user_30,243,244,
105,25,670000,71800,user_46,241,244,
210,26,660000,0,user_21,243,244,
226,27,470000,5180,user_33,243,244,
60,28,460001,0,user_3,241,244,19
62,29,460001,0,user_5,241,244,19
129,30,460001,0,user_4,242,244,19
132,31,460001,0,user_7,242,244,19
216,32,460000,0,user_24,243,244,
61,33,459999,0,user_4,241,244,19
63,34,459999,0,user_5,241,244,19
79,35,459999,0,user_19,241,244,19
131,36,459999,0,user_6,242,244,19
191,37,459999,0,user_2,243,244,19
54,38,260000,0,user_48,240,244,
38,39,220000,0,user_34,240,244,
107,40,190000,0,user_46,241,244,
12,41,170000,0,user_8,240,244,
52,42,170000,0,user_46,240,244,
88,43,170000,11200,user_26,241,244,
262,44,150001,0,user_1,244,244,231
231,45,150000,7190000,user_37,243,244,
261,46,149999,0,user_0,244,244,231
96,47,120000,0,user_40,241,244,
25,48,110000,0,user_19,240,244,
227,49,100000,0,user_33,243,244,
72,50,84001,0,user_16,241,244,7
16,51,83999,0,user_10,240,244,7
70,52,83999,0,user_14,241,244,7
80,53,83999,0,user_19,241,244,7
83,54,83000,21800,user_22,241,244,
212,55,82000,0,user_21,243,244,
49,56,79000,0,user_44,240,244,
217,57,77000,0,user_25,243,244,
81,0,43000000,256000,user_20,241,245,
192,1,27000001,0,user_3,243,245,162
200,2,27000001,0,user_13,243,245,162
199,3,26999999,0,user_13,243,245,162
48,4,5200000,0,user_43,240,245,
43,5,5000000,0,user_38,240,245,
277,13,4500000,0,user_21,244,248,
144,7,2300001,0,user_18,242,245,30
77,8,2299999,0,user_18,241,245,30
197,9,2299999,0,user_11,243,245,30
98,10,1800000,0,user_41,241,245,
137,11,1100001,0,user_10,242,245,29
325,65,1100001,0,user_1,245,248,29
29,13,1100000,17700000,user_23,240,245,
194,14,1099999,0,user_7,243,245,29
287,80,660000,0,user_33,244,248,
324,86,460001,0,user_1,245,248,19
263,17,459999,0,user_2,244,245,19
97,18,350000,0,user_41,241,245,
45,19,340000,0,user_41,240,245,
33,20,220000,0,user_28,240,245,
84,21,190000,12800,user_23,241,245,
284,22,170000,0,user_31,244,245,
193,23,160001,0,user_6,243,245,165
47,24,160000,0,user_43,240,245,
55,25,150000,43600,user_49,240,245,
28,26,130000,0,user_23,240,245,
90,27,120000,0,user_28,241,245,
168,28,98000,0,user_40,242,245,
74,29,84001,0,user_17,241,245,7
76,30,84001,0,user_17,241,245,7
100,31,84000,0,user_43,241,245,
24,32,83999,0,user_17,240,245,7
73,33,83999,0,user_17,241,245,7
75,34,83999,0,user_17,241,245,7
177,0,43000000,0,user_43,242,246,
331,2,26999999,0,user_9,245,248,162
205,3,19000001,0,user_16,243,248,27
176,3,6100000,0,user_43,242,246,
222,7,5200000,0,user_26,243,248,
182,12,4500000,0,user_48,242,248,
218,16,4200000,146000,user_26,243,248,
361,17,4200000,0,user_47,245,248,
142,19,3500001,0,user_16,242,248,20
203,20,3500001,0,user_16,243,248,20
145,22,3499999,0,user_19,242,248,20
344,23,3200000,0,user_30,245,248,
169,12,2600000,0,user_41,242,246,
143,30,2299999,0,user_16,242,248,30
208,31,2299999,0,user_19,243,248,30
184,38,2000000,0,user_48,242,248,
363,40,2000000,0,user_47,245,248,
299,41,1900000,0,user_47,244,248,
345,42,1700000,0,user_31,245,248,
264,51,1300001,0,user_5,244,248,221
326,52,1300001,0,user_2,245,248,221
369,54,1300001,0,user_1,246,248,221
221,57,1300000,369000,user_26,243,248,
154,23,1000000,0,user_28,242,246,
180,74,870000,0,user_48,242,248,
265,25,460001,0,user_7,244,246,19
196,26,459999,0,user_10,243,246,19
269,88,459999,0,user_13,244,248,19
349,94,310000,0,user_35,245,248,
150,29,300000,0,user_23,242,246,
183,97,260000,0,user_48,242,248,
146,31,260000,0,user_20,242,246,
170,32,240000,0,user_41,242,246,
160,33,160000,0,user_34,242,246,
178,34,160000,0,user_44,242,246,
285,35,160000,0,user_32,244,246,
270,36,159999,0,user_15,244,246,165
368,37,150001,0,user_0,246,246,231
337,38,149999,0,user_15,245,246,231
152,39,120000,0,user_26,242,246,
286,40,120000,0,user_32,244,246,
159,41,110000,0,user_34,242,246,
219,42,110000,6390,user_26,243,246,
155,43,100000,0,user_28,242,246,
220,44,87000,0,user_26,243,246,
181,45,85000,0,user_48,242,246,
340,46,85000,0,user_25,245,246,
206,47,84001,0,user_16,243,246,7
204,48,83999,0,user_16,243,246,7
362,49,79000,108000,user_47,245,246,
215,0,30000000,0,user_22,243,249,
207,2,26999999,0,user_18,243,249,162
331,2,26999999,0,user_9,245,248,162
205,3,19000001,0,user_16,243,248,27
298,3,19000000,0,user_46,244,249,
351,0,19000000,0,user_38,245,252,
195,4,18999999,0,user_8,243,249,27
222,7,5200000,0,user_26,243,248,
283,5,5200000,0,user_29,244,249,
297,7,5000000,0,user_46,244,249,
355,9,5000000,56200,user_40,245,249,
233,2,4500000,155000,user_38,243,252,
182,12,4500000,0,user_48,242,248,
277,13,4500000,0,user_21,244,248,
359,11,4500000,0,user_44,245,249,
234,3,4200000,0,user_38,243,252,
218,16,4200000,146000,user_26,243,248,
361,17,4200000,0,user_47,245,248,
399,4,4200000,0,user_38,246,252,
142,19,3500001,0,user_16,242,248,20
203,20,3500001,0,user_16,243,248,20
460,5,3500000,0,user_43,247,252,
145,22,3499999,0,user_19,242,248,20
344,23,3200000,0,user_30,245,248,
356,12,3200000,128000,user_40,245,249,
134,15,2300001,0,user_8,242,249,30
140,16,2300001,0,user_14,242,249,30
370,17,2300001,0,user_2,246,249,30
441,7,2300000,322000,user_23,247,252,
281,18,2300000,0,user_26,244,249,
143,30,2299999,0,user_16,242,248,30
208,31,2299999,0,user_19,243,248,30
138,19,2299999,0,user_12,242,249,30
201,20,2299999,0,user_14,243,249,30
381,22,2299999,0,user_16,246,249,30
423,23,2299999,0,user_6,247,249,30
94,11,2000000,0,user_38,241,252,
109,12,2000000,0,user_49,241,252,
184,38,2000000,0,user_48,242,248,
291,25,2000000,0,user_40,244,249,
363,40,2000000,0,user_47,245,248,
299,41,1900000,0,user_47,244,248,
345,42,1700000,0,user_31,245,248,
357,14,1500000,0,user_41,245,252,
278,27,1500000,0,user_22,244,249,
385,15,1500000,0,user_20,246,252,
393,16,1500000,0,user_28,246,252,
342,17,1400000,15700,user_28,245,252,
244,29,1400000,0,user_46,243,249,
228,30,1400000,0,user_34,243,249,
391,31,1400000,0,user_26,246,249,
264,51,1300001,0,user_5,244,248,221
326,52,1300001,0,user_2,245,248,221
335,32,1300001,0,user_13,245,249,221
369,54,1300001,0,user_1,246,248,221
376,35,1300001,0,user_11,246,249,221
426,36,1300001,0,user_11,247,249,221
221,57,1300000,369000,user_26,243,248,
288,37,1300000,0,user_34,244,249,
332,39,1299999,0,user_11,245,249,221
374,40,1299999,0,user_7,246,249,221
338,41,1299999,0,user_18,245,249,221
380,42,1299999,0,user_16,246,249,221
384,43,1299999,0,user_19,246,249,221
420,44,1299999,0,user_5,247,249,221
325,65,1100001,0,user_1,245,248,29
442,35,1100000,0,user_23,247,252,
354,46,1100000,594000,user_40,245,249,
348,47,1100000,0,user_34,245,249,
373,49,1099999,0,user_7,246,249,29
474,29,1099999,0,user_7,248,250,29
185,42,1000000,0,user_49,242,252,
273,43,1000000,0,user_20,244,252,
238,50,1000000,73100,user_40,243,249,
180,74,870000,0,user_48,242,248,
266,52,670001,0,user_8,244,249,105
276,44,670000,0,user_20,244,252,
400,45,670000,0,user_43,246,252,
300,46,670000,0,user_49,244,252,
272,47,660000,0,user_20,244,252,
287,80,660000,0,user_33,244,248,
149,53,660000,0,user_22,242,249,
443,48,660000,0,user_23,247,252,
352,54,650000,0,user_40,245,249,
156,55,530000,3130,user_29,242,249,
271,52,460001,0,user_17,244,252,19
324,86,460001,0,user_1,245,248,19
274,53,460000,0,user_20,244,252,
269,88,459999,0,user_13,244,248,19
268,57,459999,0,user_12,244,249,19
433,55,459999,0,user_17,247,252,19
294,56,420000,0,user_43,244,252,
392,57,420000,0,user_28,246,252,
364,59,320000,0,user_48,245,249,
349,94,310000,0,user_35,245,248,
245,60,310000,0,user_48,243,249,
295,65,300000,0,user_43,244,252,
183,97,260000,0,user_48,242,248,
148,62,260000,0,user_22,242,249,
282,66,240000,75000,user_28,244,252,
215,0,30000000,0,user_22,243,249,
395,1,30000000,128000,user_31,246,249,
207,2,26999999,0,user_18,243,249,162
298,3,19000000,0,user_46,244,249,
195,4,18999999,0,user_8,243,249,27
283,5,5200000,0,user_29,244,249,
449,6,5200000,0,user_31,247,249,
297,7,5000000,0,user_46,244,249,
446,8,5000000,0,user_25,247,249,
355,9,5000000,56200,user_40,245,249,
496,10,5000000,49100,user_30,248,249,
359,11,4500000,0,user_44,245,249,
356,12,3200000,128000,user_40,245,249,
241,13,2400000,0,user_43,243,249,
347,14,2400000,285000,user_32,245,249,
134,15,2300001,0,user_8,242,249,30
140,16,2300001,0,user_14,242,249,30
370,17,2300001,0,user_2,246,249,30
281,18,2300000,0,user_26,244,249,
138,19,2299999,0,user_12,242,249,30
201,20,2299999,0,user_14,243,249,30
375,21,2299999,0,user_9,246,249,30
381,22,2299999,0,user_16,246,249,30
423,23,2299999,0,user_6,247,249,30
451,24,2100000,108000,user_33,247,249,
291,25,2000000,0,user_40,244,249,
396,26,1800000,17000,user_33,246,249,
278,27,1500000,0,user_22,244,249,
498,28,1500000,0,user_30,248,249,
244,29,1400000,0,user_46,243,249,
228,30,1400000,0,user_34,243,249,
391,31,1400000,0,user_26,246,249,
335,32,1300001,0,user_13,245,249,221
418,33,1300001,0,user_0,247,249,221
419,34,1300001,0,user_0,247,249,221
376,35,1300001,0,user_11,246,249,221
426,36,1300001,0,user_11,247,249,221
288,37,1300000,0,user_34,244,249,
485,38,1300000,0,user_21,248,249,
332,39,1299999,0,user_11,245,249,221
374,40,1299999,0,user_7,246,249,221
338,41,1299999,0,user_18,245,249,221
380,42,1299999,0,user_16,246,249,221
384,43,1299999,0,user_19,246,249,221
420,44,1299999,0,user_5,247,249,221
448,45,1100000,0,user_30,247,249,
354,46,1100000,594000,user_40,245,249,
348,47,1100000,0,user_34,245,249,
267,48,1099999,0,user_10,244,249,29
373,49,1099999,0,user_7,246,249,29
238,50,1000000,73100,user_40,243,249,
497,51,970000,0,user_30,248,249,
266,52,670001,0,user_8,244,249,105
149,53,660000,0,user_22,242,249,
352,54,650000,0,user_40,245,249,
156,55,530000,3130,user_29,242,249,
398,56,470000,0,user_35,246,249,
268,57,459999,0,user_12,244,249,19
386,58,320000,7190000,user_21,246,249,
364,59,320000,0,user_48,245,249,
245,60,310000,0,user_48,243,249,
499,61,310000,0,user_31,248,249,
148,62,260000,0,user_22,242,249,
280,63,240000,32900,user_26,244,249,
438,64,220000,0,user_21,247,249,
495,65,220000,0,user_30,248,249,
209,66,170000,0,user_20,243,249,
500,67,170000,0,user_33,248,249,
333,68,160001,0,user_11,245,249,165
383,69,160001,0,user_19,246,249,165
421,70,160001,0,user_5,247,249,165
422,71,160001,0,user_6,247,249,165
526,72,160001,0,user_1,249,249,165
296,73,160000,0,user_44,244,249,
327,74,159999,0,user_4,245,249,165
382,75,159999,0,user_18,246,249,165
428,76,159999,0,user_13,247,249,165
469,77,159999,0,user_2,248,249,165
328,78,150001,0,user_6,245,249,231
329,79,150001,0,user_7,245,249,231
379,80,150001,0,user_15,246,249,231
372,81,150001,0,user_6,246,249,231
371,82,149999,0,user_3,246,249,231
394,83,120000,0,user_30,246,249,
353,84,100000,0,user_40,245,249,
248,85,98000,0,user_48,243,249,
389,86,87000,0,user_24,246,249,
388,87,84000,0,user_24,246,249,
246,88,84000,0,user_48,243,249,
198,89,82999,0,user_12,243,249,83
346,90,77000,0,user_32,245,249,
247,91,73000,0,user_48,243,249,
390,92,70000,0,user_25,246,249,
489,0,19000000,0,user_24,248,250,
387,1,5000000,71800,user_22,246,250,
447,2,5000000,0,user_26,247,250,
455,3,5000000,0,user_37,247,250,
557,4,4500000,0,user_33,249,250,
343,5,2400000,0,user_29,245,250,
471,6,2300001,0,user_4,248,250,30
479,7,2300001,0,user_13,248,250,30
470,8,2299999,0,user_3,248,250,30
475,9,2299999,0,user_9,248,250,30
542,10,2299999,0,user_15,249,250,30
450,11,1600000,0,user_32,247,250,
578,12,1500000,0,user_47,249,250,
377,13,1300001,0,user_14,246,250,221
424,14,1300001,0,user_8,247,250,221
436,15,1300001,0,user_19,247,250,221
535,16,1300001,0,user_9,249,250,221
540,17,1300001,0,user_15,249,250,221
541,18,1300001,0,user_15,249,250,221
360,19,1300000,0,user_46,245,250,
330,20,1299999,0,user_8,245,250,221
334,21,1299999,0,user_12,245,250,221
336,22,1299999,0,user_14,245,250,221
425,23,1299999,0,user_9,247,250,221
476,24,1299999,0,user_9,248,250,221
533,25,1299999,0,user_9,249,250,221
534,26,1299999,0,user_9,249,250,221
536,27,1299999,0,user_9,249,250,221
431,28,1100001,0,user_16,247,250,29
474,29,1099999,0,user_7,248,250,29
527,30,1099999,0,user_2,249,250,354
603,31,1099999,0,user_1,250,250,354
445,32,910000,0,user_24,247,250,
549,33,600000,139000,user_24,249,250,
488,34,530000,0,user_24,248,250,
403,35,420000,0,user_46,246,250,
397,36,420000,0,user_34,246,250,
453,37,420000,0,user_35,247,250,
576,38,420000,0,user_47,249,250,
577,39,420000,0,user_47,249,250,
602,40,320001,0,user_0,250,250,386
464,41,310000,0,user_47,247,250,
556,42,300000,0,user_33,249,250,
463,43,240000,0,user_47,247,250,
511,44,240000,0,user_47,248,250,
554,45,190000,0,user_30,249,250,
429,46,160001,0,user_14,247,250,165
473,47,160001,0,user_7,248,250,165
555,48,160000,0,user_31,249,250,
378,49,159999,0,user_14,246,250,165
543,50,159999,0,user_15,249,250,165
427,51,150001,0,user_12,247,250,231
472,52,150001,0,user_5,248,250,231
430,53,150001,0,user_15,247,250,231
575,54,150000,0,user_47,249,250,
339,55,120000,0,user_22,245,250,
439,56,120000,0,user_22,247,250,
547,57,110000,0,user_21,249,250,
553,58,83000,0,user_30,249,250,
550,59,80000,0,user_25,249,250,
478,0,2300001,0,user_12,248,251,30
480,1,2300001,0,user_16,248,251,30
481,2,2299999,0,user_16,248,251,30
493,3,1900000,0,user_29,248,251,
604,4,1100001,0,user_2,250,251,354
662,5,1100001,0,user_1,251,251,354
528,6,1099999,0,user_3,249,251,29
531,7,1099999,0,user_5,249,251,354
539,8,1099999,0,user_13,249,251,354
663,9,1099999,0,user_1,251,251,29
494,10,470000,0,user_29,248,251,
486,11,420000,0,user_22,248,251,
529,12,320001,0,user_4,249,251,386
530,13,320001,0,user_5,249,251,386
638,14,320000,0,user_31,250,251,
490,15,160000,0,user_26,248,251,
510,16,77000,0,user_46,248,251,
633,17,70000,0,user_25,250,251,
351,0,19000000,0,user_38,245,252,
506,1,6100000,24700,user_41,248,252,
233,2,4500000,155000,user_38,243,252,
234,3,4200000,0,user_38,243,252,
399,4,4200000,0,user_38,246,252,
460,5,3500000,0,user_43,247,252,
632,6,3500000,296000,user_24,250,252,
441,7,2300000,322000,user_23,247,252,
482,8,2299999,0,user_17,248,252,30
537,9,2299999,0,user_10,249,252,30
487,10,2100000,0,user_23,248,252,
94,11,2000000,0,user_38,241,252,
109,12,2000000,0,user_49,241,252,
456,13,1600000,0,user_38,247,252,
357,14,1500000,0,user_41,245,252,
385,15,1500000,0,user_20,246,252,
393,16,1500000,0,user_28,246,252,
342,17,1400000,15700,user_28,245,252,
647,18,1400000,0,user_35,250,252,
434,19,1300001,0,user_18,247,252,221
484,20,1300001,0,user_18,248,252,221
435,21,1299999,0,user_18,247,252,221
483,22,1299999,0,user_18,248,252,221
605,23,1100001,0,user_3,250,252,29
606,24,1100001,0,user_4,250,252,354
607,25,1100001,0,user_6,250,252,354
609,26,1100001,0,user_7,250,252,354
610,27,1100001,0,user_7,250,252,354
612,28,1100001,0,user_7,250,252,354
615,29,1100001,0,user_11,250,252,354
664,30,1100001,0,user_2,251,252,354
666,31,1100001,0,user_2,251,252,354
667,32,1100001,0,user_2,251,252,354
740,33,1100001,0,user_0,252,252,354
741,34,1100001,0,user_1,252,252,354
442,35,1100000,0,user_23,247,252,
608,36,1099999,0,user_7,250,252,354
611,37,1099999,0,user_7,250,252,354
616,38,1099999,0,user_11,250,252,354
665,39,1099999,0,user_2,251,252,354
739,40,1099999,0,user_0,252,252,354
505,41,1000000,256000,user_40,248,252,
185,42,1000000,0,user_49,242,252,
273,43,1000000,0,user_20,244,252,
276,44,670000,0,user_20,244,252,
400,45,670000,0,user_43,246,252,
300,46,670000,0,user_49,244,252,
272,47,660000,0,user_20,244,252,
443,48,660000,0,user_23,247,252,
701,49,660000,0,user_33,251,252,
691,50,600000,0,user_24,251,252,
704,51,530000,0,user_37,251,252,
271,52,460001,0,user_17,244,252,19
274,53,460000,0,user_20,244,252,
692,54,460000,0,user_24,251,252,
433,55,459999,0,user_17,247,252,19
294,56,420000,0,user_43,244,252,
392,57,420000,0,user_28,246,252,
700,58,420000,0,user_33,251,252,
649,59,420000,0,user_35,250,252,
538,60,320001,0,user_12,249,252,386
532,61,319999,0,user_8,249,252,386
622,62,319999,0,user_15,250,252,386
672,63,319999,0,user_9,251,252,386
574,64,310000,231000,user_46,249,252,
295,65,300000,0,user_43,244,252,
282,66,240000,75000,user_28,244,252,
275,67,220000,0,user_20,244,252,
492,68,220000,0,user_28,248,252,
652,69,220000,0,user_37,250,252,
235,70,190000,0,user_38,243,252,
279,71,190000,0,user_23,244,252,
236,72,170000,0,user_38,243,252,
437,73,170000,0,user_20,247,252,
457,74,170000,0,user_41,247,252,
646,75,170000,283000,user_35,250,252,
477,76,150001,0,user_10,248,252,231
651,77,150000,0,user_37,250,252,
659,78,150000,0,user_47,250,252,
432,79,149999,0,user_17,247,252,231
698,80,120000,0,user_31,251,252,
444,81,110000,0,user_23,247,252,
166,82,85000,0,user_38,242,252,
648,83,85000,0,user_35,250,252,
645,84,82000,0,user_35,250,252,
440,85,79000,0,user_23,247,252,
358,86,73000,0,user_43,245,252,
507,87,70000,0,user_43,248,252,
771,0,4500000,0,user_33,252,253,
452,1,3600000,0,user_34,247,253,
774,2,2600000,0,user_35,252,253,
653,3,2000000,510000,user_40,250,253,
767,4,1500000,0,user_30,252,253,
544,5,1100001,0,user_16,249,253,354
626,6,1100001,0,user_16,250,253,354
670,7,1100001,0,user_6,251,253,354
742,8,1100001,0,user_2,252,253,354
800,9,1100001,0,user_0,253,253,354
801,10,1100001,0,user_1,253,253,354
773,11,1100000,60700,user_35,252,253,
668,12,1099999,0,user_3,251,253,354
546,13,1099999,0,user_19,249,253,354
623,14,1099999,0,user_16,250,253,354
628,15,1099999,0,user_18,250,253,29
676,16,1099999,0,user_13,251,253,354
749,17,1099999,0,user_9,252,253,354
802,18,1099999,0,user_1,253,253,354
803,19,1099999,0,user_1,253,253,354
551,20,910000,0,user_26,249,253,
768,21,530000,0,user_30,252,253,
760,22,360000,0,user_21,252,253,
625,23,320001,0,user_16,250,253,386
512,24,320000,0,user_48,248,253,
624,25,319999,0,user_16,250,253,386
627,26,150001,0,user_16,250,253,231
674,27,150001,0,user_11,251,253,231
769,28,150000,46500,user_31,252,253,
669,29,149999,0,user_5,251,253,231
461,30,110000,0,user_44,247,253,
508,31,110000,164000,user_44,248,253,
634,32,100000,0,user_26,250,253,
699,0,27000000,0,user_32,251,254,
830,1,4200000,0,user_24,253,254,
770,2,1900000,0,user_32,252,254,
838,3,1500000,0,user_33,253,254,
639,4,1500000,0,user_32,250,254,
825,5,1099999,0,user_15,253,254,354
862,6,1099999,0,user_0,254,254,354
864,7,1099999,0,user_1,254,254,354
832,8,910000,0,user_25,253,254,
831,9,650000,0,user_24,253,254,
863,10,150001,0,user_1,254,254,231
837,11,120000,0,user_33,253,254,
842,12,120000,0,user_37,253,254,
836,13,110000,0,user_30,253,254,
840,14,87000,0,user_35,253,254,
707,0,43000000,0,user_40,251,255,
904,1,27000000,0,user_37,254,255,
629,2,19000000,0,user_20,250,255,
548,3,5200000,108000,user_23,249,255,
503,4,5000000,0,user_38,248,255,
579,5,5000000,0,user_48,249,255,
914,6,5000000,0,user_47,254,255,
545,7,2300001,0,user_17,249,255,30
568,8,1900000,0,user_41,249,255,
714,9,1700000,0,user_46,251,255,
682,10,1700000,0,user_20,251,255,
686,11,1600000,510000,user_22,251,255,
696,12,1600000,0,user_28,251,255,
897,13,1600000,0,user_30,254,255,
708,14,1500000,0,user_40,251,255,
514,15,1500000,0,user_49,248,255,
656,16,1500000,0,user_43,250,255,
657,17,1500000,0,user_43,250,255,
571,18,1500000,0,user_44,249,255,
702,19,1500000,0,user_34,251,255,
713,20,1400000,0,user_44,251,255,
617,21,1100001,0,user_12,250,255,354
619,22,1100001,0,user_12,250,255,354
620,23,1100001,0,user_12,250,255,354
675,24,1100001,0,user_12,251,255,354
745,25,1100001,0,user_6,252,255,354
614,26,1100001,0,user_10,250,255,354
679,27,1100001,0,user_16,251,255,354
758,28,1100001,0,user_19,252,255,354
805,29,1100001,0,user_5,253,255,354
752,30,1100001,0,user_10,252,255,354
811,31,1100001,0,user_7,253,255,354
812,32,1100001,0,user_7,253,255,354
873,33,1100001,0,user_9,254,255,354
943,34,1100001,0,user_1,255,255,354
613,35,1099999,0,user_8,250,255,354
673,36,1099999,0,user_10,251,255,354
680,37,1099999,0,user_18,251,255,354
754,38,1099999,0,user_11,252,255,354
678,39,1099999,0,user_16,251,255,354
681,40,1099999,0,user_19,251,255,354
809,41,1099999,0,user_5,253,255,354
751,42,1099999,0,user_10,252,255,354
753,43,1099999,0,user_10,252,255,354
884,44,1099999,0,user_15,254,255,29
941,45,1099999,0,user_0,255,255,354
942,46,1099999,0,user_0,255,255,354
642,47,1000000,0,user_34,250,255,
643,48,1000000,39400,user_34,250,255,
689,49,1000000,0,user_23,251,255,
637,50,970000,0,user_29,250,255,
694,51,970000,510000,user_26,251,255,
683,52,970000,39400,user_20,251,255,
687,53,910000,0,user_22,251,255,
630,54,870000,0,user_22,250,255,
688,55,870000,0,user_22,251,255,
684,56,630000,15700,user_22,251,255,
898,57,460000,12800,user_31,254,255,
711,58,370000,0,user_43,251,255,
640,59,360000,0,user_34,250,255,
893,60,360000,0,user_25,254,255,
569,61,350000,0,user_43,249,255,
778,62,350000,0,user_40,252,255,
915,63,350000,0,user_47,254,255,
693,64,340000,0,user_26,251,255,
757,65,320001,0,user_16,252,255,386
807,66,320001,0,user_5,253,255,386
709,67,320000,0,user_41,251,255,
900,68,320000,14200,user_33,254,255,
744,69,319999,0,user_6,252,255,386
810,70,319999,0,user_6,253,255,386
890,71,310000,0,user_21,254,255,
715,72,260000,0,user_48,251,255,
690,73,260000,0,user_23,251,255,
513,74,240000,128000,user_49,248,255,
658,75,220000,49100,user_46,250,255,
697,76,220000,0,user_28,251,255,
903,77,170000,0,user_37,254,255,
804,78,160001,0,user_3,253,255,165
746,79,159999,0,user_7,252,255,165
808,80,159999,0,user_5,253,255,165
621,81,150001,0,user_12,250,255,231
671,82,150001,0,user_8,251,255,231
743,83,150001,0,user_4,252,255,231
806,84,150001,0,user_5,253,255,231
631,85,150000,0,user_23,250,255,
570,86,150000,0,user_44,249,255,
710,87,150000,0,user_43,251,255,
618,88,149999,0,user_12,250,255,231
677,89,149999,0,user_14,251,255,231
750,90,149999,0,user_10,252,255,231
865,91,149999,0,user_2,254,255,231
902,92,120000,15100,user_35,254,255,
685,93,87000,0,user_22,251,255,
712,94,87000,0,user_44,251,255,
779,95,83000,108000,user_40,252,255,
552,96,80000,0,user_28,249,255,
654,97,80000,13900,user_41,250,255,
892,98,77000,0,user_24,254,255,
558,99,73000,0,user_34,249,255,
899,0,2400000,0,user_32,254,256,
969,1,2000000,0,user_31,255,256,
964,2,1900000,0,user_30,255,256,
846,3,1600000,0,user_40,253,256,
965,4,1400000,1100000,user_31,255,256,
866,5,1100001,0,user_5,254,256,354
870,6,1100001,0,user_6,254,256,354
881,7,1100001,0,user_13,254,256,354
945,8,1100001,0,user_2,255,256,354
826,9,1099999,0,user_16,253,256,354
868,10,1099999,0,user_5,254,256,354
869,11,1099999,0,user_6,254,256,354
877,12,1099999,0,user_11,254,256,354
879,13,1099999,0,user_13,254,256,354
880,14,1099999,0,user_13,254,256,354
951,15,1099999,0,user_9,255,256,354
954,16,1099999,0,user_15,255,256,354
968,17,460000,0,user_31,255,256,
950,18,320001,0,user_9,255,256,386
867,19,319999,0,user_5,254,256,386
944,20,319999,0,user_2,255,256,386
982,21,240000,5640,user_47,255,256,
959,22,170000,0,user_25,255,256,
827,23,159999,0,user_18,253,256,165
1004,24,159999,0,user_0,256,256,165
871,25,150001,0,user_6,254,256,231
1005,26,150001,0,user_1,256,256,231
966,27,150000,0,user_31,255,256,
833,28,120000,24700,user_26,253,256,
967,29,120000,0,user_31,255,256,
972,30,110000,0,user_37,255,256,
762,0,43000000,0,user_23,252,257,
782,1,43000000,0,user_43,252,257,
849,2,30000000,0,user_44,253,257,
839,3,27000000,0,user_34,253,257,
764,4,4500000,0,user_28,252,257,
792,5,4200000,0,user_48,252,257,
829,6,3600000,0,user_23,253,257,
793,7,2000000,0,user_48,252,257,
1030,8,1500000,0,user_25,256,257,
946,9,1100001,0,user_3,255,257,29
817,10,1100001,0,user_10,253,257,354
875,11,1100001,0,user_10,254,257,354
876,12,1100001,0,user_10,254,257,354
949,13,1100001,0,user_7,255,257,29
1007,14,1100001,0,user_2,256,257,29
1023,15,1100001,0,user_15,256,257,354
1017,16,1099999,0,user_9,256,257,354
795,17,1000000,0,user_48,252,257,
1038,18,1000000,0,user_33,256,257,
781,19,970000,0,user_43,252,257,
784,20,910000,0,user_44,252,257,
794,21,650000,0,user_48,252,257,
791,22,630000,15100,user_48,252,257,
970,23,600000,0,user_32,255,257,
1036,24,420000,0,user_31,256,257,
948,25,320001,0,user_7,255,257,386
1010,26,320001,0,user_2,256,257,386
1064,27,319999,0,user_1,257,257,386
818,28,160001,0,user_10,253,257,165
1008,29,160001,0,user_2,256,257,165
1063,30,160001,0,user_0,257,257,165
783,31,160000,0,user_44,252,257,
851,32,160000,33300,user_48,253,257,
1035,33,160000,0,user_31,256,257,
874,34,159999,0,user_10,254,257,165
1006,35,159999,0,user_2,256,257,165
1009,36,159999,0,user_2,256,257,165
888,37,149999,0,user_19,254,257,231
947,38,149999,0,user_5,255,257,231
759,39,120000,0,user_20,252,257,
828,40,120000,0,user_23,253,257,
848,41,85000,0,user_43,253,257,
772,42,83000,0,user_34,252,257,
835,43,77000,0,user_28,253,257,
1031,44,77000,0,user_25,256,257,
1089,0,30000000,0,user_21,257,258,
761,1,2500000,15700,user_22,252,258,
975,2,1800000,13900,user_40,255,258,
787,3,1500000,0,user_46,252,258,
891,4,1500000,0,user_22,254,258,
912,5,1500000,6390,user_46,254,258,
747,6,1100001,0,user_8,252,258,354
820,7,1100001,0,user_14,253,258,354
821,8,1100001,0,user_14,253,258,354
824,9,1100001,0,user_14,253,258,354
878,10,1100001,0,user_12,254,258,29
953,11,1100001,0,user_14,255,258,354
955,12,1100001,0,user_16,255,258,354
1013,13,1100001,0,user_5,256,258,29
887,14,1100001,0,user_18,254,258,354
1065,15,1100001,0,user_2,257,258,29
748,16,1099999,0,user_8,252,258,354
755,17,1099999,0,user_12,252,258,354
756,18,1099999,0,user_12,252,258,354
814,19,1099999,0,user_8,253,258,354
815,20,1099999,0,user_8,253,258,29
819,21,1099999,0,user_12,253,258,354
823,22,1099999,0,user_14,253,258,354
766,23,870000,0,user_29,252,258,
1096,24,650000,0,user_31,257,258,
1095,25,460000,0,user_30,257,258,
786,26,360000,0,user_46,252,258,
765,27,350000,0,user_29,252,258,
822,28,320001,0,user_14,253,258,386
960,29,320000,49100,user_26,255,258,
813,30,319999,0,user_8,253,258,386
1012,31,319999,0,user_4,256,258,386
913,32,310000,0,user_46,254,258,
1101,33,300000,0,user_33,257,258,
790,34,260000,0,user_46,252,258,
963,35,190000,0,user_29,255,258,
789,36,170000,0,user_46,252,258,
1011,37,160001,0,user_3,256,258,165
1014,38,160001,0,user_5,256,258,165
1021,39,160001,0,user_13,256,258,165
1135,40,160001,0,user_1,258,258,165
1136,41,160001,0,user_1,258,258,165
816,42,159999,0,user_8,253,258,165
872,43,159999,0,user_8,254,258,165
1015,44,159999,0,user_6,256,258,165
1019,45,159999,0,user_11,256,258,165
1066,46,159999,0,user_2,257,258,165
882,47,150001,0,user_14,254,258,231
1090,48,150000,0,user_21,257,258,
883,49,149999,0,user_14,254,258,231
952,50,149999,0,user_12,255,258,231
1092,51,120000,0,user_25,257,258,
788,52,85000,0,user_46,252,258,
1102,53,82000,31700,user_33,257,258,
1037,0,43000000,0,user_32,256,259,
895,1,30000000,0,user_28,254,259,
1106,2,30000000,16400,user_35,257,259,
563,3,19000000,0,user_38,249,259,
1098,4,6300000,3130,user_32,257,259,
1097,5,5200000,0,user_32,257,259,
911,6,4500000,0,user_44,254,259,
705,7,4500000,0,user_38,251,259,
1164,8,4500000,0,user_21,258,259,
910,9,3200000,0,user_43,254,259,
844,10,2400000,0,user_38,253,259,
962,11,2300000,0,user_28,255,259,
971,12,2100000,0,user_34,255,259,
957,13,2000000,0,user_20,255,259,
979,14,2000000,0,user_43,255,259,
565,15,1900000,0,user_38,249,259,
580,16,1600000,161000,user_49,249,259,
896,17,1600000,0,user_28,254,259,
1069,18,1500001,0,user_5,257,259,901
901,19,1500000,17700000,user_34,254,259,
905,20,1500000,0,user_38,254,259,
1222,21,1499999,0,user_1,259,259,901
1137,22,1400001,0,user_2,258,259,965
564,23,1400000,35600,user_38,249,259,
958,24,1400000,56200,user_23,255,259,
1168,25,1400000,0,user_25,258,259,
1026,26,1399999,0,user_19,256,259,965
1068,27,1399999,0,user_5,257,259,965
885,28,1100001,0,user_17,254,259,354
956,29,1100001,0,user_17,255,259,29
843,30,1100000,296000,user_38,253,259,
1018,31,1099999,0,user_10,256,259,354
916,32,1000000,369000,user_48,254,259,
907,33,870000,0,user_41,254,259,
1104,34,870000,0,user_35,257,259,
1105,35,870000,0,user_35,257,259,
566,36,600000,0,user_38,249,259,
1100,37,420000,0,user_32,257,259,
1108,38,350000,0,user_37,257,259,
1070,39,319999,0,user_6,257,259,386
976,40,310000,0,user_41,255,259,
716,41,260000,322000,user_49,251,259,
717,42,170000,18600,user_49,251,259,
1099,43,170000,0,user_32,257,259,
1071,44,160001,0,user_7,257,259,165
1155,45,160001,0,user_15,258,259,165
1067,46,159999,0,user_3,257,259,165
1024,47,159999,0,user_16,256,259,165
886,48,159999,0,user_17,254,259,165
1144,49,159999,0,user_9,258,259,165
1221,50,150001,0,user_0,259,259,1191
1191,51,150000,4320000,user_47,258,259,
1077,52,149999,0,user_11,257,259,231
1078,53,149999,0,user_11,257,259,231
1081,54,149999,0,user_15,257,259,231
889,55,130000,0,user_20,254,259,
983,56,110000,0,user_48,255,259,
1032,57,110000,0,user_26,256,259,
917,58,85000,0,user_49,254,259,
567,59,84000,0,user_38,249,259,
1176,60,82000,0,user_30,258,259,
776,61,80000,0,user_38,252,259,
1103,62,79000,0,user_35,257,259,
1180,63,79000,0,user_35,258,259,
1310,11,970000,0,user_1,260,261,
1309,17,120000,0,user_0,260,261,
1315,1,6300000,0,user_7,260,262,
1352,5,5200000,0,user_43,260,267,
1350,8,3600000,0,user_43,260,267,
1316,5,2600000,0,user_7,260,262,
1360,10,1400001,0,user_2,261,262,1312
1364,8,1400001,0,user_7,261,263,1312
1367,34,1400001,0,user_10,261,267,1312
1312,11,1400000,10700,user_4,260,262,
1359,14,1399999,0,user_2,261,262,1312
1327,40,1000000,0,user_20,260,267,
1349,41,1000000,0,user_43,260,267,
1310,11,970000,0,user_1,260,261,
1319,17,970000,0,user_11,260,262,
1330,63,360000,0,user_23,260,267,
1311,23,360000,0,user_3,260,262,
1348,68,310000,0,user_43,260,267,
1313,29,150000,0,user_5,260,262,
1309,17,120000,0,user_0,260,261,
1314,33,120000,0,user_6,260,262,
1322,35,110000,0,user_13,260,262,
1351,92,73000,0,user_43,260,267,
1336,0,30000000,0,user_25,260,262,
1315,1,6300000,0,user_7,260,262,
1318,2,3600000,0,user_9,260,262,
1331,3,3600000,0,user_24,260,262,
1342,4,3500000,8520,user_33,260,262,
1316,5,2600000,0,user_7,260,262,
1337,6,2100000,0,user_25,260,262,
1383,7,2000000,36800,user_30,261,262,
1324,8,1500000,0,user_15,260,262,
1341,9,1500000,0,user_32,260,262,
1360,10,1400001,0,user_2,261,262,1312
1312,11,1400000,10700,user_4,260,262,
1334,12,1400000,0,user_24,260,262,
1371,13,1400000,0,user_15,261,262,
1359,14,1399999,0,user_2,261,262,1312
1329,15,1000000,0,user_21,260,262,
1389,16,1000000,0,user_37,261,262,
1319,17,970000,0,user_11,260,262,
1328,18,910000,0,user_21,260,262,
1333,19,670000,0,user_24,260,262,
1404,20,600001,0,user_0,262,262,1357
1357,21,600000,49100,user_47,260,262,
1385,22,370000,0,user_30,261,262,
1311,23,360000,0,user_3,260,262,
1405,24,310001,0,user_1,262,262,1376
1376,25,310000,4320000,user_25,261,262,
1406,26,309999,0,user_1,262,262,1376
1407,27,309999,0,user_1,262,262,1376
1408,28,309999,0,user_1,262,262,1376
1313,29,150000,0,user_5,260,262,
1377,30,150000,0,user_25,261,262,
1339,31,130000,0,user_30,260,262,
1340,32,120000,0,user_31,260,262,
1314,33,120000,0,user_6,260,262,
1335,34,120000,0,user_24,260,262,
1322,35,110000,0,user_13,260,262,
1386,36,110000,0,user_31,261,262,
1332,37,110000,0,user_24,260,262,
1398,38,84000,0,user_47,261,262,
1384,39,79000,0,user_30,261,262,
1366,40,77000,0,user_9,261,262,
1356,0,2300000,779000,user_46,260,263,
1362,1,2299999,0,user_4,261,263,1356
1410,2,1999999,0,user_2,262,263,1383
1466,3,1999999,0,user_0,263,263,1383
1325,4,1500000,0,user_18,260,263,
1427,5,1500000,49100,user_25,262,263,
1317,6,1400001,0,user_8,260,263,1312
1323,7,1400001,0,user_14,260,263,1312
1364,8,1400001,0,user_7,261,263,1312
1368,9,1400001,0,user_11,261,263,1312
1361,10,1399999,0,user_3,261,263,1312
1320,11,1399999,0,user_12,260,263,1312
1321,12,1399999,0,user_12,260,263,1312
1363,13,1399999,0,user_6,261,263,1312
1409,14,600001,0,user_2,262,263,1357
1413,15,600001,0,user_9,262,263,1357
1418,16,600001,0,user_15,262,263,1357
1452,17,470000,181000,user_47,262,263,
1439,18,460000,13900,user_33,262,263,
1355,19,350000,0,user_46,260,263,
1440,20,350000,0,user_33,262,263,
1346,21,340000,0,user_40,260,263,
1443,22,310000,35600,user_37,262,263,
1468,23,309999,0,user_1,263,263,1376
1469,24,309999,0,user_1,263,263,1376
1467,25,160001,0,user_0,263,263,1426
1426,26,160000,4320000,user_24,262,263,
1442,27,110000,0,user_37,262,263,
1422,28,85000,0,user_21,262,263,
1449,4,6100000,0,user_43,262,267,
1425,6,5000000,0,user_23,262,267,
1401,10,3500000,0,user_49,261,267,
1419,14,2400001,0,user_17,262,267,1395
1485,27,2000000,0,user_20,263,267,
1444,31,1600000,16400,user_38,262,267,
1447,47,630000,0,user_41,262,267,
1495,64,360000,0,user_28,263,267,
1454,66,320000,0,user_49,262,267,
1487,70,260000,0,user_23,263,267,
1481,73,219999,0,user_17,263,267,1393
1554,74,219999,0,user_10,264,267,1393
1421,83,160000,0,user_20,262,267,
1390,84,150000,0,user_38,261,267,
1344,85,120000,0,user_38,260,267,
1455,86,120000,0,user_49,262,267,
1392,0,43000000,0,user_40,261,265,
1502,1,6100000,4320000,user_35,263,265,
1489,2,5000000,0,user_25,263,265,
1490,3,4200000,0,user_25,263,265,
1411,4,2300001,0,user_3,262,265,1356
1417,5,2300001,0,user_13,262,265,1356
1470,6,2300001,0,user_2,263,265,1356
1365,7,2300001,0,user_8,261,265,1356
1415,8,2300001,0,user_12,262,265,1356
1369,9,2299999,0,user_14,261,265,1356
1382,10,2000000,0,user_29,261,265,
1433,11,2000000,0,user_29,262,265,
1431,12,2000000,0,user_26,262,265,
1451,13,1800000,0,user_46,262,265,
1503,14,1600000,0,user_35,263,265,
1370,15,1400001,0,user_14,261,265,1312
1580,16,1400000,16400,user_33,264,265,
1412,17,1399999,0,user_8,262,265,1312
1416,18,1399999,0,user_12,262,265,1312
1486,19,1200000,0,user_21,263,265,
1424,20,1000000,0,user_22,262,265,
1498,21,910000,0,user_31,263,265,
1378,22,660000,0,user_26,261,265,
1499,23,630000,285000,user_33,263,265,
1423,24,630000,0,user_22,262,265,
1420,25,460001,0,user_19,262,265,1396
1396,26,460000,215000,user_44,261,265,
1504,27,370000,0,user_37,263,265,
1471,28,310001,0,user_2,263,265,1376
1545,29,310001,0,user_0,264,265,1376
1472,30,310001,0,user_3,263,265,1376
1428,31,260000,0,user_26,262,265,
1430,32,260000,0,user_26,262,265,
1432,33,260000,0,user_26,262,265,
1446,34,190000,0,user_40,262,265,
1546,35,170001,0,user_2,264,265,1434
1434,36,170000,4320000,user_29,262,265,
1473,37,169999,0,user_4,263,265,1434
1478,38,160001,0,user_13,263,265,1426
1607,39,160001,0,user_1,265,265,1426
1491,40,160000,0,user_25,263,265,
1500,41,160000,64600,user_33,263,265,
1474,42,159999,0,user_5,263,265,1426
1475,43,159999,0,user_6,263,265,1426
1518,44,150000,0,user_47,263,265,
1326,45,130000,0,user_19,260,265,
1358,46,120000,0,user_48,260,265,
1429,47,120000,0,user_26,262,265,
1488,48,110000,381000,user_25,263,265,
1567,49,98000,0,user_25,264,265,
1373,50,87000,0,user_19,261,265,
1375,51,84000,35600,user_22,261,265,
1399,52,73000,0,user_48,261,265,
1400,53,70000,0,user_48,261,265,
1587,0,27000000,0,user_37,264,266,
1624,1,6100001,0,user_15,265,266,1502
1560,2,6099999,0,user_15,264,266,1502
1625,3,6099999,0,user_15,265,266,1502
1626,4,6099999,0,user_15,265,266,1502
1576,5,2600000,0,user_32,264,266,
1650,6,2600000,17000,user_37,265,266,
1616,7,2300001,0,user_9,265,266,1356
1617,8,2300001,0,user_9,265,266,1356
1663,9,2299999,0,user_1,266,266,1356
1436,10,2000000,0,user_32,262,266,
1644,11,2000000,0,user_35,265,266,
1585,12,1800000,0,user_35,264,266,
1435,13,1100000,0,user_32,262,266,
1645,14,1000000,0,user_35,265,266,
1647,15,670000,164000,user_37,265,266,
1648,16,670000,381000,user_37,265,266,
1643,17,600000,0,user_33,265,266,
1661,18,310001,0,user_0,266,266,1376
1664,19,310001,0,user_1,266,266,1376
1577,20,310000,0,user_32,264,266,
1649,21,300000,0,user_37,265,266,
1578,22,260000,0,user_32,264,266,
1657,23,240000,0,user_47,265,266,
1662,24,170001,0,user_0,266,266,1434
1637,25,170000,0,user_25,265,266,
1553,26,160001,0,user_9,264,266,1426
1614,27,160001,0,user_9,265,266,1426
1615,28,160001,0,user_9,265,266,1426
1627,29,160001,0,user_15,265,266,1426
1623,30,159999,0,user_15,265,266,1426
1579,31,150000,0,user_32,264,266,
1437,32,110000,0,user_32,262,266,
1438,33,110000,0,user_32,262,266,
1658,34,110000,0,user_47,265,266,
1595,0,43000000,0,user_46,264,267,
1642,1,27000000,0,user_32,265,267,
1753,2,6100001,0,user_0,267,267,1502
1453,3,6100000,0,user_48,262,267,
1449,4,6100000,0,user_43,262,267,
1352,5,5200000,0,user_43,260,267,
1425,6,5000000,0,user_23,262,267,
1497,7,4200000,0,user_29,263,267,
1350,8,3600000,0,user_43,260,267,
1704,9,3600000,100000,user_33,266,267,
1401,10,3500000,0,user_49,261,267,
1681,11,3200000,0,user_21,266,267,
1705,12,2500000,0,user_35,266,267,
1414,13,2400001,0,user_10,262,267,1395
1419,14,2400001,0,user_17,262,267,1395
1395,15,2400000,322000,user_43,261,267,
1612,16,2399999,0,user_7,265,267,1395
1555,17,2300001,0,user_12,264,267,1356
1559,18,2300001,0,user_14,264,267,1356
1666,19,2300001,0,user_2,266,267,1356
1757,20,2300001,0,user_1,267,267,1356
1550,21,2299999,0,user_6,264,267,1356
1665,22,2299999,0,user_2,266,267,1356
1752,23,2299999,0,user_0,267,267,1356
1755,24,2299999,0,user_0,267,267,1356
1756,25,2299999,0,user_0,267,267,1356
1374,26,2000000,0,user_20,261,267,
1485,27,2000000,0,user_20,263,267,
1572,28,1800000,0,user_29,264,267,
1517,29,1600000,0,user_46,263,267,
1574,30,1600000,0,user_29,264,267,
1444,31,1600000,16400,user_38,262,267,
1721,32,1600000,256000,user_47,266,267,
1687,33,1500000,0,user_24,266,267,
1367,34,1400001,0,user_10,261,267,1312
1492,35,1200000,0,user_26,263,267,
1706,36,1100000,0,user_35,266,267,
1511,37,1000000,0,user_40,263,267,
1594,38,1000000,0,user_46,264,267,
1596,39,1000000,17000,user_46,264,267,
1327,40,1000000,0,user_20,260,267,
1349,41,1000000,0,user_43,260,267,
1712,42,970000,0,user_37,266,267,
1575,43,910000,0,user_29,264,267,
1711,44,670000,0,user_37,266,267,
1573,45,660000,0,user_29,264,267,
1700,46,660000,0,user_30,266,267,
1447,47,630000,0,user_41,262,267,
1597,48,530000,0,user_46,264,267,
1688,49,470000,0,user_25,266,267,
1549,50,460001,0,user_5,264,267,1396
1551,51,460001,0,user_8,264,267,1396
1556,52,460001,0,user_12,264,267,1396
1621,53,460001,0,user_13,265,267,1396
1496,54,460000,0,user_29,263,267,
1547,55,459999,0,user_4,264,267,1396
1480,56,459999,0,user_16,263,267,1396
1483,57,459999,0,user_19,263,267,1396
1484,58,459999,0,user_19,263,267,1396
1557,59,459999,0,user_13,264,267,1396
1558,60,459999,0,user_14,264,267,1396
1611,61,459999,0,user_6,265,267,1396
1701,62,420000,0,user_31,266,267,
1330,63,360000,0,user_23,260,267,
1495,64,360000,0,user_28,263,267,
1703,65,340000,0,user_33,266,267,
1454,66,320000,0,user_49,262,267,
1676,67,310001,0,user_15,266,267,1376
1348,68,310000,0,user_43,260,267,
1609,69,309999,0,user_4,265,267,1376
1487,70,260000,0,user_23,263,267,
1724,71,260000,0,user_47,266,267,
1393,72,220000,100000,user_41,261,267,
1481,73,219999,0,user_17,263,267,1393
1554,74,219999,0,user_10,264,267,1393
1476,75,170001,0,user_8,263,267,1434
1552,76,170001,0,user_8,264,267,1434
1608,77,170001,0,user_4,265,267,1434
1610,78,170001,0,user_4,265,267,1434
1477,79,169999,0,user_12,263,267,1434
1548,80,169999,0,user_5,264,267,1434
1754,81,169999,0,user_0,267,267,1434
1479,82,160001,0,user_14,263,267,1426
1421,83,160000,0,user_20,262,267,
1390,84,150000,0,user_38,261,267,
1344,85,120000,0,user_38,260,267,
1455,86,120000,0,user_49,262,267,
1722,87,120000,0,user_47,266,267,
1450,88,110000,15700,user_44,262,267,
1723,89,110000,164000,user_47,266,267,
1598,90,87000,0,user_46,264,267,
1381,91,84000,0,user_28,261,267,
1351,92,73000,0,user_43,260,267,
1566,0,27000000,17000,user_23,264,268,
1570,1,6300000,0,user_28,264,268,
1784,2,6300000,14200,user_31,267,268,
1599,3,3600000,0,user_48,264,268,
1507,4,3500000,0,user_38,263,268,
1583,5,2500000,12800,user_34,264,268,
1613,6,2299999,0,user_8,265,268,1356
1667,7,2299999,0,user_4,266,268,1356
1668,8,2299999,0,user_5,266,268,1356
1761,9,2299999,0,user_9,267,268,1356
1829,10,2299999,0,user_0,268,268,1356
1509,11,2000000,0,user_38,263,268,
1571,12,2000000,0,user_28,264,268,
1501,13,1700000,0,user_34,263,268,
1634,14,1600001,0,user_19,265,268,1581
1635,15,1600001,0,user_19,265,268,1581
1581,16,1600000,769000,user_34,264,268,
1772,17,1600000,0,user_21,267,268,
1786,18,1600000,0,user_31,267,268,
1771,19,1500000,231000,user_21,267,268,
1776,20,1500000,0,user_24,267,268,
1506,21,1400000,0,user_38,263,268,
1781,22,1000000,17000,user_30,267,268,
1790,23,1000000,13900,user_35,267,268,
1565,24,970000,0,user_23,264,268,
1505,25,910000,0,user_38,263,268,
1522,26,870000,0,user_49,263,268,
1590,27,660000,0,user_41,264,268,
1830,28,650001,0,user_1,268,268,1521
1582,29,650000,0,user_34,264,268,
1521,30,650000,1100000,user_49,263,268,
1629,31,460001,0,user_16,265,268,1396
1620,32,459999,0,user_12,265,268,1396
1564,33,459999,0,user_19,264,268,1396
1630,34,459999,0,user_16,265,268,1396
1789,35,360000,0,user_33,267,268,
1653,36,300000,0,user_40,265,268,
1562,37,220001,0,user_17,264,268,1393
1513,38,220000,0,user_44,263,268,
1584,39,220000,0,user_34,264,268,
1622,40,170001,0,user_14,265,268,1434
1670,41,170001,0,user_7,266,268,1434
1758,42,170001,0,user_2,267,268,1434
1783,43,170000,0,user_31,267,268,
1669,44,169999,0,user_6,266,268,1434
1618,45,169999,0,user_10,265,268,1434
1762,46,169999,0,user_9,267,268,1434
1619,47,160001,0,user_12,265,268,1426
1519,48,160000,0,user_48,263,268,
1569,49,160000,0,user_28,264,268,
1785,50,160000,283000,user_31,267,268,
1561,51,159999,0,user_16,264,268,1426
1628,52,159999,0,user_16,265,268,1426
1641,53,150000,0,user_29,265,268,
1508,54,150000,0,user_38,263,268,
1777,55,110000,0,user_25,267,268,
1782,56,110000,0,user_31,267,268,
1514,57,85000,64600,user_44,263,268,
1600,58,77000,0,user_48,264,268,
1654,59,77000,0,user_40,265,268,
1520,60,73000,0,user_48,263,268,
1923,4,6100001,0,user_10,269,272,1502
1847,9,6099999,0,user_17,268,272,1502
1850,11,3600000,73100,user_20,268,272,
1851,14,2500000,0,user_20,268,272,
1878,15,2400000,11200,user_43,268,272,
1372,39,1399999,0,user_18,261,270,1312
1806,30,1000000,0,user_49,267,272,
1792,37,260000,0,user_38,267,272,
1863,38,260000,34700,user_28,268,272,
1877,64,79000,0,user_41,268,272,
1680,0,30000000,769000,user_20,266,270,
1833,1,6100001,0,user_3,268,270,1502
1671,2,6099999,0,user_10,266,270,1502
1763,3,6099999,0,user_10,267,270,1502
1769,4,6099999,0,user_18,267,270,1502
1693,5,5000000,0,user_26,266,270,
1683,6,3500000,67500,user_22,266,270,
1698,7,2500000,0,user_29,266,270,
1672,8,2300001,0,user_12,266,270,1356
1673,9,2300001,0,user_12,266,270,1356
1674,10,2300001,0,user_12,266,270,1356
1765,11,2300001,0,user_12,267,270,1356
1767,12,2300001,0,user_16,267,270,1356
1839,13,2299999,0,user_9,268,270,1356
1675,14,2299999,0,user_14,266,270,1356
1766,15,2299999,0,user_14,267,270,1356
1832,16,2000001,0,user_3,268,270,1640
1836,17,2000001,0,user_5,268,270,1640
1841,18,2000001,0,user_11,268,270,1640
2000,19,2000001,0,user_1,270,270,1640
1640,20,2000000,4320000,user_28,265,270,
1760,21,1999999,0,user_7,267,270,1640
1831,22,1999999,0,user_2,268,270,1640
1835,23,1999999,0,user_4,268,270,1640
1837,24,1999999,0,user_7,268,270,1640
1917,25,1999999,0,user_2,269,270,1640
1999,26,1999999,0,user_1,270,270,1640
1682,27,1900000,16400,user_22,266,270,
1963,28,1900000,0,user_33,269,270,
1773,29,1800000,0,user_22,267,270,
1883,30,1600000,0,user_47,268,270,
1945,31,1600000,0,user_25,269,270,
1959,32,1600000,0,user_31,269,270,
1684,33,1500000,0,user_22,266,270,
1725,34,1500000,6390,user_48,266,270,
1563,35,1400001,0,user_18,264,270,1312
1678,36,1400001,0,user_18,266,270,1312
1679,37,1400001,0,user_18,266,270,1312
1958,38,1400000,0,user_30,269,270,
1372,39,1399999,0,user_18,261,270,1312
1482,40,1399999,0,user_18,263,270,1312
1633,41,1399999,0,user_18,265,270,1312
1853,42,1000000,769000,user_21,268,270,
1685,43,1000000,0,user_22,266,270,
1697,44,1000000,0,user_28,266,270,
1636,45,910000,32900,user_20,265,270,
1862,46,910000,0,user_24,268,270,
1861,47,670000,0,user_24,268,270,
1871,48,670000,0,user_35,268,270,
1720,49,670000,0,user_46,266,270,
1726,50,670000,19700,user_48,266,270,
1632,51,650001,0,user_17,265,270,1521
1759,52,649999,0,user_3,267,270,1521
1631,53,649999,0,user_17,265,270,1521
1764,54,649999,0,user_11,267,270,1521
1867,55,530000,0,user_33,268,270,
1699,56,470000,0,user_29,266,270,
1659,57,460000,0,user_48,265,270,
1954,58,420000,121000,user_30,269,270,
1691,59,370000,56200,user_26,266,270,
1868,60,320000,0,user_33,268,270,
1677,61,310001,0,user_16,266,270,1376
1916,62,310001,0,user_2,269,270,1376
1770,63,309999,0,user_19,267,270,1376
1866,64,260000,0,user_31,268,270,
1858,65,260000,0,user_24,268,270,
1962,66,240000,24700,user_33,269,270,
1859,67,220000,510000,user_24,268,270,
1860,68,220000,47700,user_24,268,270,
1915,69,170001,0,user_0,269,270,1434
1834,70,170001,0,user_4,268,270,1434
1689,71,170000,0,user_26,266,270,
1957,72,170000,0,user_30,269,270,
1873,73,160000,0,user_37,268,270,
1686,74,160000,296000,user_23,266,270,
1842,75,159999,0,user_13,268,270,1426
1655,76,150000,0,user_41,265,270,
1692,77,150000,0,user_26,266,270,
1696,78,150000,0,user_28,266,270,
1852,79,120000,0,user_21,268,270,
1690,80,120000,43600,user_26,266,270,
1716,81,120000,0,user_41,266,270,
1955,82,120000,0,user_30,269,270,
1780,83,110000,15100,user_29,267,270,
1956,84,87000,71800,user_30,269,270,
1865,85,83000,296000,user_30,268,270,
1717,86,80000,0,user_41,266,270,
1960,87,70000,256000,user_31,269,270,
2031,0,43000000,7840,user_35,270,271,
1943,1,27000000,0,user_24,269,271,
2014,2,6100001,0,user_15,270,271,1502
1702,3,4200000,0,user_32,266,271,
1942,4,4200000,0,user_24,269,271,
1976,5,4200000,0,user_47,269,271,
2022,6,2600000,0,user_25,270,271,
2032,7,2600000,0,user_35,270,271,
2051,8,2000001,0,user_0,271,271,1640
2020,9,2000000,0,user_25,270,271,
1978,10,870000,0,user_47,269,271,
1922,11,649999,0,user_9,269,271,1521
1931,12,649999,0,user_15,269,271,1521
2009,13,649999,0,user_9,270,271,1521
1944,14,630000,0,user_24,269,271,
2029,15,470000,0,user_33,270,271,
2033,16,310000,0,user_35,270,271,
1965,17,220000,0,user_35,269,271,
2034,18,170000,0,user_35,270,271,
2052,19,159999,0,user_1,271,271,1426
1787,20,150000,0,user_32,267,271,
2019,21,130000,0,user_24,270,271,
2021,22,120000,0,user_25,270,271,
2026,23,110000,0,user_31,270,271,
1941,24,110000,0,user_24,269,271,
1975,25,110000,0,user_47,269,271,
1977,26,100000,0,user_47,269,271,
1788,27,84000,0,user_32,267,271,
1961,28,82000,0,user_32,269,271,
1660,0,43000000,0,user_49,265,272,
1797,1,27000000,0,user_41,267,272,
2003,2,6100001,0,user_3,270,272,1502
2006,3,6100001,0,user_6,270,272,1502
1923,4,6100001,0,user_10,269,272,1502
1918,5,6099999,0,user_3,269,272,1502
1919,6,6099999,0,user_6,269,272,1502
1768,7,6099999,0,user_17,267,272,1502
1840,8,6099999,0,user_10,268,272,1502
1847,9,6099999,0,user_17,268,272,1502
2099,33,4200000,410000,user_47,271,274,
1850,11,3600000,73100,user_20,268,272,
2091,34,3600000,0,user_37,271,274,
1802,13,2500000,14200,user_43,267,272,
1851,14,2500000,0,user_20,268,272,
1878,15,2400000,11200,user_43,268,272,
2079,39,2400000,47700,user_25,271,274,
2002,17,2000001,0,user_3,270,272,1640
2004,18,2000001,0,user_3,270,272,1640
2005,19,2000001,0,user_5,270,272,1640
1946,20,2000000,0,user_26,269,272,
1924,21,1999999,0,user_11,269,272,1640
1849,22,1999999,0,user_19,268,272,1640
1932,23,1999999,0,user_16,269,272,1640
1933,24,1999999,0,user_16,269,272,1640
2068,55,1999999,0,user_15,271,274,1640
1947,26,1100000,381000,user_26,269,272,
2086,59,1100000,0,user_30,271,274,
2053,28,1000001,0,user_2,271,272,1795
1795,29,1000000,7190000,user_40,267,272,
1806,30,1000000,0,user_49,267,272,
1779,31,420000,0,user_28,267,272,
2100,85,360000,0,user_47,271,274,
2154,87,310001,0,user_0,272,274,1376
1948,34,310000,0,user_26,269,272,
2028,90,310000,0,user_32,270,274,
1775,36,260000,33100,user_23,267,272,
1792,37,260000,0,user_38,267,272,
1863,38,260000,34700,user_28,268,272,
1801,39,220000,0,user_43,267,272,
1803,40,220000,0,user_43,267,272,
2102,94,220000,0,user_47,271,274,
1774,42,190000,0,user_23,267,272,
2155,96,170001,0,user_1,272,274,1434
1651,44,170000,0,user_38,265,272,
2088,98,170000,215000,user_33,271,274,
1848,46,169999,0,user_18,268,272,1434
2001,47,169999,0,user_3,270,272,1434
2007,48,160001,0,user_7,270,272,1426
2061,49,160001,0,user_9,271,272,1426
2067,50,160001,0,user_15,271,272,1426
2027,51,160000,0,user_32,270,272,
2077,52,160000,0,user_24,271,272,
1713,53,150000,0,user_38,266,272,
1968,54,130000,0,user_40,269,272,
1796,55,120000,164000,user_41,267,272,
2087,56,120000,164000,user_31,271,272,
2101,57,120000,56200,user_47,271,272,
1794,58,110000,0,user_40,267,272,
1805,59,110000,0,user_48,267,272,
2076,60,110000,5630,user_24,271,272,
1800,61,85000,0,user_43,267,272,
1876,62,84000,8520,user_40,268,272,
2078,63,84000,0,user_24,271,272,
1877,64,79000,0,user_41,268,272,
2176,49,2000000,0,user_25,272,274,
2169,60,1100000,0,user_21,272,274,
2180,75,530000,0,user_33,272,274,
2179,80,420000,0,user_31,272,274,
2168,86,350000,0,user_21,272,274,
2196,5,169999,0,user_1,273,273,1434
2041,0,43000000,0,user_46,270,276,
1979,2,30000000,0,user_48,269,276,
1938,4,27000000,0,user_22,269,276,
2223,0,19000000,0,user_41,273,277,
1857,5,19000000,0,user_22,268,276,
1879,6,6300000,0,user_44,268,276,
1928,7,6100001,0,user_12,269,276,1502
2055,8,6100001,0,user_4,271,276,1502
2057,9,6100001,0,user_6,271,276,1502
2163,10,6100001,0,user_13,272,276,1502
2065,11,6100001,0,user_12,271,276,1502
2158,12,6100001,0,user_8,272,276,1502
2160,13,6100001,0,user_8,272,276,1502
2070,14,6100001,0,user_16,271,276,1502
2073,15,6100001,0,user_19,271,276,1502
2201,16,6100001,0,user_6,273,276,1502
2238,17,6100001,0,user_2,274,276,1502
2080,21,6100000,0,user_26,271,276,
2054,22,6099999,0,user_3,271,276,1502
1846,23,6099999,0,user_14,268,276,1502
2016,24,6099999,0,user_19,270,276,1502
2056,25,6099999,0,user_5,271,276,1502
2156,27,6099999,0,user_3,272,276,1502
2197,28,6099999,0,user_3,273,276,1502
2066,29,6099999,0,user_14,271,276,1502
2198,30,6099999,0,user_4,273,276,1502
2199,31,6099999,0,user_4,273,276,1502
2069,32,6099999,0,user_16,271,276,1502
2166,33,6099999,0,user_16,272,276,1502
2200,34,6099999,0,user_5,273,276,1502
2204,35,6099999,0,user_13,273,276,1502
2017,41,5000000,12800,user_22,270,276,
1970,42,4500000,146000,user_44,269,276,
2099,33,4200000,410000,user_47,271,274,
2091,34,3600000,0,user_37,271,274,
1882,43,3500000,0,user_46,268,276,
1870,44,3500000,0,user_34,268,276,
1964,46,2500000,35600,user_34,269,276,
2191,18,2400000,0,user_43,272,277,
2079,39,2400000,47700,user_25,271,274,
1838,51,2000001,0,user_8,268,276,1640
1843,52,2000001,0,user_14,268,276,1640
1844,53,2000001,0,user_14,268,276,1640
1921,54,2000001,0,user_8,269,276,1640
1927,55,2000001,0,user_12,269,276,1640
1930,56,2000001,0,user_14,269,276,1640
2008,57,2000001,0,user_8,270,276,1640
2012,58,2000001,0,user_12,270,276,1640
1973,60,2000000,0,user_46,269,276,
2176,49,2000000,0,user_25,272,274,
1845,64,1999999,0,user_14,268,276,1640
1926,65,1999999,0,user_12,269,276,1640
1929,66,1999999,0,user_12,269,276,1640
2013,67,1999999,0,user_14,270,276,1640
1936,68,1999999,0,user_18,269,276,1640
2068,55,1999999,0,user_15,271,274,1640
2171,21,1600000,0,user_23,272,277,
2213,22,1600000,0,user_28,273,277,
2030,75,1400000,0,user_34,270,276,
2086,59,1100000,0,user_30,271,274,
2169,60,1100000,0,user_21,272,274,
2157,82,1000001,0,user_6,272,276,1795
2159,83,1000001,0,user_8,272,276,1795
1953,85,1000000,0,user_29,269,276,
2042,86,1000000,0,user_48,270,276,
2189,87,1000000,0,user_40,272,276,
2064,89,999999,0,user_11,271,276,1795
2060,90,999999,0,user_8,271,276,1795
2229,30,910000,0,user_43,273,277,
2037,92,910000,0,user_40,270,276,
2043,93,910000,0,user_48,270,276,
2082,95,670000,256000,user_26,271,276,
1864,97,660000,164000,user_29,268,276,
1869,99,650000,0,user_34,268,276,
2083,74,630000,0,user_26,271,274,
2180,75,530000,0,user_33,272,274,
2170,76,530000,0,user_22,272,274,
1974,77,470000,381000,user_46,269,274,
1854,78,460000,0,user_22,268,274,
1980,79,420000,0,user_48,269,274,
2179,80,420000,0,user_31,272,274,
2178,35,370000,36800,user_28,272,277,
2103,36,360000,0,user_49,271,277,
1856,83,360000,0,user_22,268,274,
1884,84,360000,0,user_48,268,274,
2100,85,360000,0,user_47,271,274,
2168,86,350000,0,user_21,272,274,
2154,87,310001,0,user_0,272,274,1376
2164,88,310001,0,user_13,272,274,1376
2244,89,310001,0,user_7,274,274,1376
2028,90,310000,0,user_32,270,274,
1925,91,309999,0,user_12,269,274,1376
1880,92,300000,0,user_44,268,274,
2025,93,260000,0,user_29,270,274,
2102,94,220000,0,user_47,271,274,
2081,95,220000,0,user_26,271,274,
2155,96,170001,0,user_1,272,274,1434
2250,46,170001,0,user_10,274,277,1434
2088,98,170000,215000,user_33,271,274,
1920,99,169999,0,user_8,269,274,1434
2239,18,6100001,0,user_3,274,276,1502
2203,19,6100001,0,user_12,273,276,1502
2243,20,6100001,0,user_6,274,276,1502
2240,37,6099999,0,user_4,274,276,1502
2207,38,6099999,0,user_16,273,276,1502
2338,12,6099999,0,user_7,275,277,1502
2263,23,2100000,769000,user_28,274,279,
2232,61,2000000,283000,user_46,273,276,
2241,84,1000001,0,user_4,274,276,1795
2242,91,999999,0,user_5,274,276,1795
2260,43,370000,0,user_23,274,279,
2285,44,370000,0,user_41,274,279,
2288,45,340000,33300,user_43,274,279,
2202,13,310001,0,user_8,273,275,1376
2286,50,260000,161000,user_41,274,279,
2252,15,160001,0,user_13,274,275,1426
2331,16,160001,0,user_2,275,275,1426
2340,59,160001,0,user_10,275,279,1426
2205,18,159999,0,user_14,273,275,1426
1855,19,98000,0,user_22,268,275,
1881,20,80000,0,user_46,268,275,
2041,0,43000000,0,user_46,270,276,
2184,1,30000000,0,user_35,272,276,
1979,2,30000000,0,user_48,269,276,
2035,3,30000000,0,user_38,270,276,
1938,4,27000000,0,user_22,269,276,
1857,5,19000000,0,user_22,268,276,
1879,6,6300000,0,user_44,268,276,
1928,7,6100001,0,user_12,269,276,1502
2055,8,6100001,0,user_4,271,276,1502
2057,9,6100001,0,user_6,271,276,1502
2163,10,6100001,0,user_13,272,276,1502
2065,11,6100001,0,user_12,271,276,1502
2158,12,6100001,0,user_8,272,276,1502
2160,13,6100001,0,user_8,272,276,1502
2070,14,6100001,0,user_16,271,276,1502
2073,15,6100001,0,user_19,271,276,1502
2201,16,6100001,0,user_6,273,276,1502
2238,17,6100001,0,user_2,274,276,1502
2239,18,6100001,0,user_3,274,276,1502
2203,19,6100001,0,user_12,273,276,1502
2243,20,6100001,0,user_6,274,276,1502
2080,21,6100000,0,user_26,271,276,
2054,22,6099999,0,user_3,271,276,1502
1846,23,6099999,0,user_14,268,276,1502
2016,24,6099999,0,user_19,270,276,1502
2056,25,6099999,0,user_5,271,276,1502
2059,26,6099999,0,user_7,271,276,1502
2156,27,6099999,0,user_3,272,276,1502
2197,28,6099999,0,user_3,273,276,1502
2066,29,6099999,0,user_14,271,276,1502
2198,30,6099999,0,user_4,273,276,1502
2199,31,6099999,0,user_4,273,276,1502
2069,32,6099999,0,user_16,271,276,1502
2166,33,6099999,0,user_16,272,276,1502
2200,34,6099999,0,user_5,273,276,1502
2204,35,6099999,0,user_13,273,276,1502
2247,36,6099999,0,user_9,274,276,1502
2240,37,6099999,0,user_4,274,276,1502
2207,38,6099999,0,user_16,273,276,1502
2394,39,6099999,0,user_1,276,276,1502
2214,40,5200000,60700,user_30,273,276,
2017,41,5000000,12800,user_22,270,276,
1970,42,4500000,146000,user_44,269,276,
1882,43,3500000,0,user_46,268,276,
1870,44,3500000,0,user_34,268,276,
2280,45,3500000,0,user_37,274,276,
1964,46,2500000,35600,user_34,269,276,
2278,47,2400000,0,user_35,274,276,
2281,48,2300000,16400,user_37,274,276,
2165,49,2000001,0,user_15,272,276,1640
2206,50,2000001,0,user_15,273,276,1640
1838,51,2000001,0,user_8,268,276,1640
1843,52,2000001,0,user_14,268,276,1640
1844,53,2000001,0,user_14,268,276,1640
1921,54,2000001,0,user_8,269,276,1640
1927,55,2000001,0,user_12,269,276,1640
1930,56,2000001,0,user_14,269,276,1640
2008,57,2000001,0,user_8,270,276,1640
2012,58,2000001,0,user_12,270,276,1640
2218,59,2000000,0,user_33,273,276,
1973,60,2000000,0,user_46,269,276,
2232,61,2000000,283000,user_46,273,276,
2085,62,2000000,0,user_28,271,276,
2364,63,2000000,0,user_30,275,276,
1845,64,1999999,0,user_14,268,276,1640
1926,65,1999999,0,user_12,269,276,1640
1929,66,1999999,0,user_12,269,276,1640
2013,67,1999999,0,user_14,270,276,1640
1936,68,1999999,0,user_18,269,276,1640
2071,69,1999999,0,user_17,271,276,1640
2162,70,1999999,0,user_10,272,276,1640
2174,71,1900000,0,user_24,272,276,
2018,72,1600000,0,user_23,270,276,
2024,73,1600000,322000,user_28,270,276,
2211,74,1400000,0,user_25,273,276,
2030,75,1400000,0,user_34,270,276,
1940,76,1300000,0,user_23,269,276,
2187,77,1200000,161000,user_37,272,276,
2275,78,1200000,0,user_33,274,276,
2215,79,1200000,0,user_32,273,276,
2172,80,1100000,0,user_24,272,276,
2261,81,1100000,0,user_24,274,276,
2157,82,1000001,0,user_6,272,276,1795
2159,83,1000001,0,user_8,272,276,1795
2241,84,1000001,0,user_4,274,276,1795
1953,85,1000000,0,user_29,269,276,
2042,86,1000000,0,user_48,270,276,
2189,87,1000000,0,user_40,272,276,
2038,88,1000000,0,user_41,270,276,
2064,89,999999,0,user_11,271,276,1795
2060,90,999999,0,user_8,271,276,1795
2242,91,999999,0,user_5,274,276,1795
2037,92,910000,0,user_40,270,276,
2043,93,910000,0,user_48,270,276,
2183,94,670000,296000,user_35,272,276,
2082,95,670000,256000,user_26,271,276,
2366,96,670000,0,user_31,275,276,
1864,97,660000,164000,user_29,268,276,
2269,98,660000,0,user_30,274,276,
1869,99,650000,0,user_34,268,276,
2223,0,19000000,0,user_41,273,277,
2253,1,6100001,0,user_14,274,277,1502
2332,2,6100001,0,user_4,275,277,1502
2333,3,6100001,0,user_4,275,277,1502
2072,4,6100001,0,user_18,271,277,1502
2341,5,6100001,0,user_11,275,277,1502
2427,6,6100000,18600,user_31,276,277,
2245,7,6099999,0,user_8,274,277,1502
2334,8,6099999,0,user_5,275,277,1502
2335,9,6099999,0,user_5,275,277,1502
2336,10,6099999,0,user_5,275,277,1502
2337,11,6099999,0,user_6,275,277,1502
2338,12,6099999,0,user_7,275,277,1502
2209,13,6099999,0,user_18,273,277,1502
2343,14,6099999,0,user_13,275,277,1502
2395,15,6099999,0,user_2,276,277,1502
2434,16,4500000,0,user_37,276,277,
2432,17,3200000,0,user_37,276,277,
2191,18,2400000,0,user_43,272,277,
2418,19,2100000,5630,user_24,276,277,
2417,20,2000000,33300,user_24,276,277,
2171,21,1600000,0,user_23,272,277,
2213,22,1600000,0,user_28,273,277,
2373,23,1500000,0,user_37,275,277,
2431,24,1500000,75000,user_37,276,277,
2433,25,1500000,0,user_37,276,277,
2419,26,1200000,47700,user_25,276,277,
2266,27,1000000,0,user_29,274,277,
2251,28,999999,0,user_12,274,277,1795
2430,29,970000,0,user_35,276,277,
2229,30,910000,0,user_43,273,277,
2426,31,910000,12300,user_30,276,277,
2267,32,630000,0,user_29,274,277,
2291,33,630000,0,user_46,274,277,
2381,34,630000,0,user_47,275,277,
2178,35,370000,36800,user_28,272,277,
2103,36,360000,0,user_49,271,277,
2413,37,320000,0,user_21,276,277,
2011,38,310001,0,user_10,270,277,1376
2344,39,310001,0,user_15,275,277,1376
2357,40,310000,0,user_24,275,277,
1939,41,260000,0,user_23,269,277,
2044,42,240000,0,user_49,270,277,
1934,43,170001,0,user_17,269,277,1434
1935,44,170001,0,user_17,269,277,1434
2010,45,170001,0,user_10,270,277,1434
2250,46,170001,0,user_10,274,277,1434
2258,47,170001,0,user_18,274,277,1434
2474,48,170001,0,user_0,277,277,1434
2475,49,170001,0,user_1,277,277,1434
2382,50,170000,0,user_47,275,277,
2167,51,169999,0,user_18,272,277,1434
2400,52,169999,0,user_9,276,277,1434
1937,53,160000,0,user_20,269,277,
2259,54,160000,0,user_22,274,277,
2274,55,160000,0,user_32,274,277,
2015,56,159999,0,user_16,270,277,1426
2208,57,159999,0,user_17,273,277,1426
2195,58,150000,13900,user_49,272,277,
1874,59,120000,350000,user_38,268,277,
2284,60,120000,0,user_40,274,277,
2188,61,110000,0,user_38,272,277,
2230,62,100000,0,user_43,273,277,
2264,63,98000,769000,user_29,274,277,
2265,64,82000,0,user_29,274,277,
2491,0,30000000,0,user_23,277,278,
2411,5,6100001,0,user_19,276,279,1502
2412,6,6100001,0,user_19,276,279,1502
2410,7,6100001,0,user_18,276,279,1502
2539,8,6100001,0,user_2,278,279,1502
2543,5,6100001,0,user_7,278,278,1502
2408,16,6099999,0,user_16,276,279,1502
2478,17,6099999,0,user_5,277,279,1502
2483,18,6099999,0,user_11,277,279,1502
2544,9,6099999,0,user_7,278,278,1502
2545,10,6099999,0,user_7,278,278,1502
2374,11,2500000,5630,user_38,275,278,
2435,12,2100000,0,user_38,276,278,
2487,13,2000001,0,user_17,277,278,1640
2384,14,1400000,0,user_49,275,278,
2383,29,1400000,381000,user_48,275,279,
2509,16,1000000,0,user_41,277,278,
2445,17,910000,0,user_49,276,278,
2409,48,309999,0,user_18,276,279,1376
2510,19,220000,0,user_41,277,278,
2484,57,169999,0,user_13,277,279,1434
2547,21,160001,0,user_10,278,278,1426
2511,22,160000,195000,user_43,277,278,
2420,64,150000,0,user_26,276,279,
2089,74,110000,0,user_34,271,279,
2372,79,100000,0,user_34,275,279,
2492,26,70000,0,user_23,277,278,
2496,0,19000000,0,user_31,277,279,
2358,1,6300000,510000,user_26,275,279,
2347,2,6100001,0,user_18,275,279,1502
2349,3,6100001,0,user_18,275,279,1502
2404,4,6100001,0,user_11,276,279,1502
2411,5,6100001,0,user_19,276,279,1502
2412,6,6100001,0,user_19,276,279,1502
2410,7,6100001,0,user_18,276,279,1502
2539,8,6100001,0,user_2,278,279,1502
2234,9,6100000,0,user_49,273,279,
2398,10,6099999,0,user_4,276,279,1502
2352,11,6099999,0,user_19,275,279,1502
2399,12,6099999,0,user_5,276,279,1502
2348,13,6099999,0,user_18,275,279,1502
2350,14,6099999,0,user_18,275,279,1502
2477,15,6099999,0,user_2,277,279,1502
2408,16,6099999,0,user_16,276,279,1502
2478,17,6099999,0,user_5,277,279,1502
2483,18,6099999,0,user_11,277,279,1502
2356,19,4200000,0,user_23,275,279,
2181,20,2600000,0,user_34,272,279,
2233,21,2400000,0,user_49,273,279,
2362,22,2300000,0,user_29,275,279,
2263,23,2100000,769000,user_28,274,279,
2346,24,2000001,0,user_17,275,279,1640
2403,25,2000001,0,user_10,276,279,1640
2402,26,1999999,0,user_10,276,279,1640
2499,27,1500000,0,user_33,277,279,
2277,28,1400000,0,user_34,274,279,
2383,29,1400000,381000,user_48,275,279,
2353,30,1400000,0,user_20,275,279,
2572,31,1400000,15300,user_35,278,279,
2396,32,1000001,0,user_4,276,279,1795
2359,33,1000000,0,user_26,275,279,
2568,34,1000000,0,user_31,278,279,
2406,35,999999,0,user_13,276,279,1795
2476,36,999999,0,user_2,277,279,1795
2595,37,999999,0,user_1,279,279,1795
2376,38,970000,0,user_41,275,279,
2504,39,660000,0,user_37,277,279,
2361,40,600000,0,user_26,275,279,
2194,41,470000,0,user_48,272,279,
2294,42,460000,322000,user_48,274,279,
2260,43,370000,0,user_23,274,279,
2285,44,370000,0,user_41,274,279,
2288,45,340000,33300,user_43,274,279,
2345,46,310001,0,user_16,275,279,1376
2479,47,309999,0,user_7,277,279,1376
2409,48,309999,0,user_18,276,279,1376
2360,49,300000,0,user_26,275,279,
2286,50,260000,161000,user_41,274,279,
2502,51,220000,0,user_35,277,279,
2339,52,170001,0,user_8,275,279,1434
2351,53,170001,0,user_18,275,279,1434
2546,54,170001,0,user_9,278,279,1434
2594,55,170001,0,user_0,279,279,1434
2296,56,170000,0,user_49,274,279,
2484,57,169999,0,user_13,277,279,1434
2342,58,160001,0,user_12,275,279,1426
2340,59,160001,0,user_10,275,279,1426
2481,60,160001,0,user_9,277,279,1426
2516,61,160000,21800,user_47,277,279,
2397,62,159999,0,user_4,276,279,1426
2401,63,159999,0,user_10,276,279,1426
2420,64,150000,0,user_26,276,279,
2355,65,150000,84800,user_23,275,279,
2378,66,150000,0,user_43,275,279,
2567,67,130000,15300,user_30,278,279,
2282,68,120000,0,user_38,274,279,
2501,69,120000,0,user_35,277,279,
2571,70,120000,0,user_35,278,279,
2354,71,110000,0,user_22,275,279,
2363,72,110000,0,user_29,275,279,
2380,73,110000,0,user_46,275,279,
2089,74,110000,0,user_34,271,279,
2289,75,110000,84800,user_44,274,279,
2293,76,110000,0,user_48,274,279,
2494,77,110000,0,user_30,277,279,
2573,78,110000,0,user_37,278,279,
2372,79,100000,0,user_34,275,279,
2221,80,98000,0,user_38,273,279,
2561,81,83000,0,user_21,278,279,
2295,82,82000,0,user_49,274,279,
2495,83,77000,0,user_30,277,279,
2192,84,70000,0,user_44,272,279,
1310,11,970000,0,user_1,280,281,
1309,17,120000,0,user_0,280,281,
1315,1,6300000,0,user_7,280,282,
1352,5,5200000,0,user_43,280,287,
1350,8,3600000,0,user_43,280,287,
1316,5,2600000,0,user_7,280,282,
1360,10,1400001,0,user_2,281,282,1312
1364,8,1400001,0,user_7,281,283,1312
1367,34,1400001,0,user_10,281,287,1312
1312,11,1400000,10700,user_4,280,282,
1359,14,1399999,0,user_2,281,282,1312
1327,40,1000000,0,user_20,280,287,
1349,41,1000000,0,user_43,280,287,
1310,11,970000,0,user_1,280,281,
1319,17,970000,0,user_11,280,282,
1330,63,360000,0,user_23,280,287,
1311,23,360000,0,user_3,280,282,
1348,68,310000,0,user_43,280,287,
1313,29,150000,0,user_5,280,282,
1309,17,120000,0,user_0,280,281,
1314,33,120000,0,user_6,280,282,
1322,35,110000,0,user_13,280,282,
1351,92,73000,0,user_43,280,287,
1336,0,30000000,0,user_25,280,282,
1315,1,6300000,0,user_7,280,282,
1318,2,3600000,0,user_9,280,282,
1331,3,3600000,0,user_24,280,282,
1342,4,3500000,8520,user_33,280,282,
1316,5,2600000,0,user_7,280,282,
1337,6,2100000,0,user_25,280,282,
1383,7,2000000,36800,user_30,281,282,
1324,8,1500000,0,user_15,280,282,
1341,9,1500000,0,user_32,280,282,
1360,10,1400001,0,user_2,281,282,1312
1312,11,1400000,10700,user_4,280,282,
1334,12,1400000,0,user_24,280,282,
1371,13,1400000,0,user_15,281,282,
1359,14,1399999,0,user_2,281,282,1312
1329,15,1000000,0,user_21,280,282,
1389,16,1000000,0,user_37,281,282,
1319,17,970000,0,user_11,280,282,
1328,18,910000,0,user_21,280,282,
1333,19,670000,0,user_24,280,282,
1404,20,600001,0,user_0,282,282,1357
1357,21,600000,49100,user_47,280,282,
1385,22,370000,0,user_30,281,282,
1311,23,360000,0,user_3,280,282,
1405,24,310001,0,user_1,282,282,1376
1376,25,310000,4320000,user_25,281,282,
1406,26,309999,0,user_1,282,282,1376
1407,27,309999,0,user_1,282,282,1376
1408,28,309999,0,user_1,282,282,1376
1313,29,150000,0,user_5,280,282,
1377,30,150000,0,user_25,281,282,
1339,31,130000,0,user_30,280,282,
1340,32,120000,0,user_31,280,282,
1314,33,120000,0,user_6,280,282,
1335,34,120000,0,user_24,280,282,
1322,35,110000,0,user_13,280,282,
1386,36,110000,0,user_31,281,282,
1332,37,110000,0,user_24,280,282,
1398,38,84000,0,user_47,281,282,
1384,39,79000,0,user_30,281,282,
1366,40,77000,0,user_9,281,282,
1356,0,2300000,779000,user_46,280,283,
1362,1,2299999,0,user_4,281,283,1356
1410,2,1999999,0,user_2,282,283,1383
1466,3,1999999,0,user_0,283,283,1383
1325,4,1500000,0,user_18,280,283,
1427,5,1500000,49100,user_25,282,283,
1317,6,1400001,0,user_8,280,283,1312
1323,7,1400001,0,user_14,280,283,1312
1364,8,1400001,0,user_7,281,283,1312
1368,9,1400001,0,user_11,281,283,1312
1361,10,1399999,0,user_3,281,283,1312
1320,11,1399999,0,user_12,280,283,1312
1321,12,1399999,0,user_12,280,283,1312
1363,13,1399999,0,user_6,281,283,1312
1409,14,600001,0,user_2,282,283,1357
1413,15,600001,0,user_9,282,283,1357
1418,16,600001,0,user_15,282,283,1357
1452,17,470000,181000,user_47,282,283,
1439,18,460000,13900,user_33,282,283,
1355,19,350000,0,user_46,280,283,
1440,20,350000,0,user_33,282,283,
1346,21,340000,0,user_40,280,283,
1443,22,310000,35600,user_37,282,283,
1468,23,309999,0,user_1,283,283,1376
1469,24,309999,0,user_1,283,283,1376
1467,25,160001,0,user_0,283,283,1426
1426,26,160000,4320000,user_24,282,283,
1442,27,110000,0,user_37,282,283,
1422,28,85000,0,user_21,282,283,
1449,4,6100000,0,user_43,282,287,
1425,6,5000000,0,user_23,282,287,
1401,10,3500000,0,user_49,281,287,
1419,14,2400001,0,user_17,282,287,1395
1485,27,2000000,0,user_20,283,287,
1444,31,1600000,16400,user_38,282,287,
1447,47,630000,0,user_41,282,287,
1495,64,360000,0,user_28,283,287,
1454,66,320000,0,user_49,282,287,
1487,70,260000,0,user_23,283,287,
1481,73,219999,0,user_17,283,287,1393
1554,74,219999,0,user_10,284,287,1393
1421,83,160000,0,user_20,282,287,
1390,84,150000,0,user_38,281,287,
1344,85,120000,0,user_38,280,287,
1455,86,120000,0,user_49,282,287,
1392,0,43000000,0,user_40,281,285,
1502,1,6100000,4320000,user_35,283,285,
1489,2,5000000,0,user_25,283,285,
1490,3,4200000,0,user_25,283,285,
1411,4,2300001,0,user_3,282,285,1356
1417,5,2300001,0,user_13,282,285,1356
1470,6,2300001,0,user_2,283,285,1356
1365,7,2300001,0,user_8,281,285,1356
1415,8,2300001,0,user_12,282,285,1356
1369,9,2299999,0,user_14,281,285,1356
1382,10,2000000,0,user_29,281,285,
1433,11,2000000,0,user_29,282,285,
1431,12,2000000,0,user_26,282,285,
1451,13,1800000,0,user_46,282,285,
1503,14,1600000,0,user_35,283,285,
1370,15,1400001,0,user_14,281,285,1312
1580,16,1400000,16400,user_33,284,285,
1412,17,1399999,0,user_8,282,285,1312
1416,18,1399999,0,user_12,282,285,1312
1486,19,1200000,0,user_21,283,285,
1424,20,1000000,0,user_22,282,285,
1498,21,910000,0,user_31,283,285,
1378,22,660000,0,user_26,281,285,
1499,23,630000,285000,user_33,283,285,
1423,24,630000,0,user_22,282,285,
1420,25,460001,0,user_19,282,285,1396
1396,26,460000,215000,user_44,281,285,
1504,27,370000,0,user_37,283,285,
1471,28,310001,0,user_2,283,285,1376
1545,29,310001,0,user_0,284,285,1376
1472,30,310001,0,user_3,283,285,1376
1428,31,260000,0,user_26,282,285,
1430,32,260000,0,user_26,282,285,
1432,33,260000,0,user_26,282,285,
1446,34,190000,0,user_40,282,285,
1546,35,170001,0,user_2,284,285,1434
1434,36,170000,4320000,user_29,282,285,
1473,37,169999,0,user_4,283,285,1434
1478,38,160001,0,user_13,283,285,1426
1607,39,160001,0,user_1,285,285,1426
1491,40,160000,0,user_25,283,285,
1500,41,160000,64600,user_33,283,285,
1474,42,159999,0,user_5,283,285,1426
1475,43,159999,0,user_6,283,285,1426
1518,44,150000,0,user_47,283,285,
1326,45,130000,0,user_19,280,285,
1358,46,120000,0,user_48,280,285,
1429,47,120000,0,user_26,282,285,
1488,48,110000,381000,user_25,283,285,
1567,49,98000,0,user_25,284,285,
1373,50,87000,0,user_19,281,285,
1375,51,84000,35600,user_22,281,285,
1399,52,73000,0,user_48,281,285,
1400,53,70000,0,user_48,281,285,
1587,0,27000000,0,user_37,284,286,
1624,1,6100001,0,user_15,285,286,1502
1560,2,6099999,0,user_15,284,286,1502
1625,3,6099999,0,user_15,285,286,1502
1626,4,6099999,0,user_15,285,286,1502
1576,5,2600000,0,user_32,284,286,
1650,6,2600000,17000,user_37,285,286,
1616,7,2300001,0,user_9,285,286,1356
1617,8,2300001,0,user_9,285,286,1356
1663,9,2299999,0,user_1,286,286,1356
1436,10,2000000,0,user_32,282,286,
1644,11,2000000,0,user_35,285,286,
1585,12,1800000,0,user_35,284,286,
1435,13,1100000,0,user_32,282,286,
1645,14,1000000,0,user_35,285,286,
1647,15,670000,164000,user_37,285,286,
1648,16,670000,381000,user_37,285,286,
1643,17,600000,0,user_33,285,286,
1661,18,310001,0,user_0,286,286,1376
1664,19,310001,0,user_1,286,286,1376
1577,20,310000,0,user_32,284,286,
1649,21,300000,0,user_37,285,286,
1578,22,260000,0,user_32,284,286,
1657,23,240000,0,user_47,285,286,
1662,24,170001,0,user_0,286,286,1434
1637,25,170000,0,user_25,285,286,
1553,26,160001,0,user_9,284,286,1426
1614,27,160001,0,user_9,285,286,1426
1615,28,160001,0,user_9,285,286,1426
1627,29,160001,0,user_15,285,286,1426
1623,30,159999,0,user_15,285,286,1426
1579,31,150000,0,user_32,284,286,
1437,32,110000,0,user_32,282,286,
1438,33,110000,0,user_32,282,286,
1658,34,110000,0,user_47,285,286,
1595,0,43000000,0,user_46,284,287,
1642,1,27000000,0,user_32,285,287,
1753,2,6100001,0,user_0,287,287,1502
1453,3,6100000,0,user_48,282,287,
1449,4,6100000,0,user_43,282,287,
1352,5,5200000,0,user_43,280,287,
1425,6,5000000,0,user_23,282,287,
1497,7,4200000,0,user_29,283,287,
1350,8,3600000,0,user_43,280,287,
1704,9,3600000,100000,user_33,286,287,
1401,10,3500000,0,user_49,281,287,
1681,11,3200000,0,user_21,286,287,
1705,12,2500000,0,user_35,286,287,
1414,13,2400001,0,user_10,282,287,1395
1419,14,2400001,0,user_17,282,287,1395
1395,15,2400000,322000,user_43,281,287,
1612,16,2399999,0,user_7,285,287,1395
1555,17,2300001,0,user_12,284,287,1356
1559,18,2300001,0,user_14,284,287,1356
1666,19,2300001,0,user_2,286,287,1356
1757,20,2300001,0,user_1,287,287,1356
1550,21,2299999,0,user_6,284,287,1356
1665,22,2299999,0,user_2,286,287,1356
1752,23,2299999,0,user_0,287,287,1356
1755,24,2299999,0,user_0,287,287,1356
1756,25,2299999,0,user_0,287,287,1356
1374,26,2000000,0,user_20,281,287,
1485,27,2000000,0,user_20,283,287,
1572,28,1800000,0,user_29,284,287,
1517,29,1600000,0,user_46,283,287,
1574,30,1600000,0,user_29,284,287,
1444,31,1600000,16400,user_38,282,287,
1721,32,1600000,256000,user_47,286,287,
1687,33,1500000,0,user_24,286,287,
1367,34,1400001,0,user_10,281,287,1312
1492,35,1200000,0,user_26,283,287,
1706,36,1100000,0,user_35,286,287,
1511,37,1000000,0,user_40,283,287,
1594,38,1000000,0,user_46,284,287,
1596,39,1000000,17000,user_46,284,287,
1327,40,1000000,0,user_20,280,287,
1349,41,1000000,0,user_43,280,287,
1712,42,970000,0,user_37,286,287,
1575,43,910000,0,user_29,284,287,
1711,44,670000,0,user_37,286,287,
1573,45,660000,0,user_29,284,287,
1700,46,660000,0,user_30,286,287,
1447,47,630000,0,user_41,282,287,
1597,48,530000,0,user_46,284,287,
1688,49,470000,0,user_25,286,287,
1549,50,460001,0,user_5,284,287,1396
1551,51,460001,0,user_8,284,287,1396
1556,52,460001,0,user_12,284,287,1396
1621,53,460001,0,user_13,285,287,1396
1496,54,460000,0,user_29,283,287,
1547,55,459999,0,user_4,284,287,1396
1480,56,459999,0,user_16,283,287,1396
1483,57,459999,0,user_19,283,287,1396
1484,58,459999,0,user_19,283,287,1396
1557,59,459999,0,user_13,284,287,1396
1558,60,459999,0,user_14,284,287,1396
1611,61,459999,0,user_6,285,287,1396
1701,62,420000,0,user_31,286,287,
1330,63,360000,0,user_23,280,287,
1495,64,360000,0,user_28,283,287,
1703,65,340000,0,user_33,286,287,
1454,66,320000,0,user_49,282,287,
1676,67,310001,0,user_15,286,287,1376
1348,68,310000,0,user_43,280,287,
1609,69,309999,0,user_4,285,287,1376
1487,70,260000,0,user_23,283,287,
1724,71,260000,0,user_47,286,287,
1393,72,220000,100000,user_41,281,287,
1481,73,219999,0,user_17,283,287,1393
1554,74,219999,0,user_10,284,287,1393
1476,75,170001,0,user_8,283,287,1434
1552,76,170001,0,user_8,284,287,1434
1608,77,170001,0,user_4,285,287,1434
1610,78,170001,0,user_4,285,287,1434
1477,79,169999,0,user_12,283,287,1434
1548,80,169999,0,user_5,284,287,1434
1754,81,169999,0,user_0,287,287,1434
1479,82,160001,0,user_14,283,287,1426
1421,83,160000,0,user_20,282,287,
1390,84,150000,0,user_38,281,287,
1344,85,120000,0,user_38,280,287,
1455,86,120000,0,user_49,282,287,
1722,87,120000,0,user_47,286,287,
1450,88,110000,15700,user_44,282,287,
1723,89,110000,164000,user_47,286,287,
1598,90,87000,0,user_46,284,287,
1381,91,84000,0,user_28,281,287,
1351,92,73000,0,user_43,280,287,
1566,0,27000000,17000,user_23,284,288,
1570,1,6300000,0,user_28,284,288,
1784,2,6300000,14200,user_31,287,288,
1599,3,3600000,0,user_48,284,288,
1507,4,3500000,0,user_38,283,288,
1583,5,2500000,12800,user_34,284,288,
1613,6,2299999,0,user_8,285,288,1356
1667,7,2299999,0,user_4,286,288,1356
1668,8,2299999,0,user_5,286,288,1356
1761,9,2299999,0,user_9,287,288,1356
1829,10,2299999,0,user_0,288,288,1356
1509,11,2000000,0,user_38,283,288,
1571,12,2000000,0,user_28,284,288,
1501,13,1700000,0,user_34,283,288,
1634,14,1600001,0,user_19,285,288,1581
1635,15,1600001,0,user_19,285,288,1581
1581,16,1600000,769000,user_34,284,288,
1772,17,1600000,0,user_21,287,288,
1786,18,1600000,0,user_31,287,288,
1771,19,1500000,231000,user_21,287,288,
1776,20,1500000,0,user_24,287,288,
1506,21,1400000,0,user_38,283,288,
1781,22,1000000,17000,user_30,287,288,
1790,23,1000000,13900,user_35,287,288,
1565,24,970000,0,user_23,284,288,
1505,25,910000,0,user_38,283,288,
1522,26,870000,0,user_49,283,288,
1590,27,660000,0,user_41,284,288,
1830,28,650001,0,user_1,288,288,1521
1582,29,650000,0,user_34,284,288,
1521,30,650000,1100000,user_49,283,288,
1629,31,460001,0,user_16,285,288,1396
1620,32,459999,0,user_12,285,288,1396
1564,33,459999,0,user_19,284,288,1396
1630,34,459999,0,user_16,285,288,1396
1789,35,360000,0,user_33,287,288,
1653,36,300000,0,user_40,285,288,
1562,37,220001,0,user_17,284,288,1393
1513,38,220000,0,user_44,283,288,
1584,39,220000,0,user_34,284,288,
1622,40,170001,0,user_14,285,288,1434
1670,41,170001,0,user_7,286,288,1434
1758,42,170001,0,user_2,287,288,1434
1783,43,170000,0,user_31,287,288,
1669,44,169999,0,user_6,286,288,1434
1618,45,169999,0,user_10,285,288,1434
1762,46,169999,0,user_9,287,288,1434
1619,47,160001,0,user_12,285,288,1426
1519,48,160000,0,user_48,283,288,
1569,49,160000,0,user_28,284,288,
1785,50,160000,283000,user_31,287,288,
1561,51,159999,0,user_16,284,288,1426
1628,52,159999,0,user_16,285,288,1426
1641,53,150000,0,user_29,285,288,
1508,54,150000,0,user_38,283,288,
1777,55,110000,0,user_25,287,288,
1782,56,110000,0,user_31,287,288,
1514,57,85000,64600,user_44,283,288,
1600,58,77000,0,user_48,284,288,
1654,59,77000,0,user_40,285,288,
1520,60,73000,0,user_48,283,288,
1923,4,6100001,0,user_10,289,292,1502
1847,9,6099999,0,user_17,288,292,1502
1850,11,3600000,73100,user_20,288,292,
1851,14,2500000,0,user_20,288,292,
1878,15,2400000,11200,user_43,288,292,
1372,39,1399999,0,user_18,281,290,1312
1806,30,1000000,0,user_49,287,292,
1792,37,260000,0,user_38,287,292,
1863,38,260000,34700,user_28,288,292,
1877,64,79000,0,user_41,288,292,
1680,0,30000000,769000,user_20,286,290,
1833,1,6100001,0,user_3,288,290,1502
1671,2,6099999,0,user_10,286,290,1502
1763,3,6099999,0,user_10,287,290,1502
1769,4,6099999,0,user_18,287,290,1502
1693,5,5000000,0,user_26,286,290,
1683,6,3500000,67500,user_22,286,290,
1698,7,2500000,0,user_29,286,290,
1672,8,2300001,0,user_12,286,290,1356
1673,9,2300001,0,user_12,286,290,1356
1674,10,2300001,0,user_12,286,290,1356
1765,11,2300001,0,user_12,287,290,1356
1767,12,2300001,0,user_16,287,290,1356
1839,13,2299999,0,user_9,288,290,1356
1675,14,2299999,0,user_14,286,290,1356
1766,15,2299999,0,user_14,287,290,1356
1832,16,2000001,0,user_3,288,290,1640
1836,17,2000001,0,user_5,288,290,1640
1841,18,2000001,0,user_11,288,290,1640
2000,19,2000001,0,user_1,290,290,1640
1640,20,2000000,4320000,user_28,285,290,
1760,21,1999999,0,user_7,287,290,1640
1831,22,1999999,0,user_2,288,290,1640
1835,23,1999999,0,user_4,288,290,1640
1837,24,1999999,0,user_7,288,290,1640
1917,25,1999999,0,user_2,289,290,1640
1999,26,1999999,0,user_1,290,290,1640
1682,27,1900000,16400,user_22,286,290,
1963,28,1900000,0,user_33,289,290,
1773,29,1800000,0,user_22,287,290,
1883,30,1600000,0,user_47,288,290,
1945,31,1600000,0,user_25,289,290,
1959,32,1600000,0,user_31,289,290,
1684,33,1500000,0,user_22,286,290,
1725,34,1500000,6390,user_48,286,290,
1563,35,1400001,0,user_18,284,290,1312
1678,36,1400001,0,user_18,286,290,1312
1679,37,1400001,0,user_18,286,290,1312
1958,38,1400000,0,user_30,289,290,
1372,39,1399999,0,user_18,281,290,1312
1482,40,1399999,0,user_18,283,290,1312
1633,41,1399999,0,user_18,285,290,1312
1853,42,1000000,769000,user_21,288,290,
1685,43,1000000,0,user_22,286,290,
1697,44,1000000,0,user_28,286,290,
1636,45,910000,32900,user_20,285,290,
1862,46,910000,0,user_24,288,290,
1861,47,670000,0,user_24,288,290,
1871,48,670000,0,user_35,288,290,
1720,49,670000,0,user_46,286,290,
1726,50,670000,19700,user_48,286,290,
1632,51,650001,0,user_17,285,290,1521
1759,52,649999,0,user_3,287,290,1521
1631,53,649999,0,user_17,285,290,1521
1764,54,649999,0,user_11,287,290,1521
1867,55,530000,0,user_33,288,290,
1699,56,470000,0,user_29,286,290,
1659,57,460000,0,user_48,285,290,
1954,58,420000,121000,user_30,289,290,
1691,59,370000,56200,user_26,286,290,
1868,60,320000,0,user_33,288,290,
1677,61,310001,0,user_16,286,290,1376
1916,62,310001,0,user_2,289,290,1376
1770,63,309999,0,user_19,287,290,1376
1866,64,260000,0,user_31,288,290,
1858,65,260000,0,user_24,288,290,
1962,66,240000,24700,user_33,289,290,
1859,67,220000,510000,user_24,288,290,
1860,68,220000,47700,user_24,288,290,
1915,69,170001,0,user_0,289,290,1434
1834,70,170001,0,user_4,288,290,1434
1689,71,170000,0,user_26,286,290,
1957,72,170000,0,user_30,289,290,
1873,73,160000,0,user_37,288,290,
1686,74,160000,296000,user_23,286,290,
1842,75,159999,0,user_13,288,290,1426
1655,76,150000,0,user_41,285,290,
1692,77,150000,0,user_26,286,290,
1696,78,150000,0,user_28,286,290,
1852,79,120000,0,user_21,288,290,
1690,80,120000,43600,user_26,286,290,
1716,81,120000,0,user_41,286,290,
1955,82,120000,0,user_30,289,290,
1780,83,110000,15100,user_29,287,290,
1956,84,87000,71800,user_30,289,290,
1865,85,83000,296000,user_30,288,290,
1717,86,80000,0,user_41,286,290,
1960,87,70000,256000,user_31,289,290,
2031,0,43000000,7840,user_35,290,291,
1943,1,27000000,0,user_24,289,291,
2014,2,6100001,0,user_15,290,291,1502
1702,3,4200000,0,user_32,286,291,
1942,4,4200000,0,user_24,289,291,
1976,5,4200000,0,user_47,289,291,
2022,6,2600000,0,user_25,290,291,
2032,7,2600000,0,user_35,290,291,
2051,8,2000001,0,user_0,291,291,1640
2020,9,2000000,0,user_25,290,291,
1978,10,870000,0,user_47,289,291,
1922,11,649999,0,user_9,289,291,1521
1931,12,649999,0,user_15,289,291,1521
2009,13,649999,0,user_9,290,291,1521
1944,14,630000,0,user_24,289,291,
2029,15,470000,0,user_33,290,291,
2033,16,310000,0,user_35,290,291,
1965,17,220000,0,user_35,289,291,
2034,18,170000,0,user_35,290,291,
2052,19,159999,0,user_1,291,291,1426
1787,20,150000,0,user_32,287,291,
2019,21,130000,0,user_24,290,291,
2021,22,120000,0,user_25,290,291,
2026,23,110000,0,user_31,290,291,
1941,24,110000,0,user_24,289,291,
1975,25,110000,0,user_47,289,291,
1977,26,100000,0,user_47,289,291,
1788,27,84000,0,user_32,287,291,
1961,28,82000,0,user_32,289,291,
1660,0,43000000,0,user_49,285,292,
1797,1,27000000,0,user_41,287,292,
2003,2,6100001,0,user_3,290,292,1502
2006,3,6100001,0,user_6,290,292,1502
1923,4,6100001,0,user_10,289,292,1502
1918,5,6099999,0,user_3,289,292,1502
1919,6,6099999,0,user_6,289,292,1502
1768,7,6099999,0,user_17,287,292,1502
1840,8,6099999,0,user_10,288,292,1502
1847,9,6099999,0,user_17,288,292,1502
2099,33,4200000,410000,user_47,291,294,
1850,11,3600000,73100,user_20,288,292,
2091,34,3600000,0,user_37,291,294,
1802,13,2500000,14200,user_43,287,292,
1851,14,2500000,0,user_20,288,292,
1878,15,2400000,11200,user_43,288,292,
2079,39,2400000,47700,user_25,291,294,
2002,17,2000001,0,user_3,290,292,1640
2004,18,2000001,0,user_3,290,292,1640
2005,19,2000001,0,user_5,290,292,1640
1946,20,2000000,0,user_26,289,292,
1924,21,1999999,0,user_11,289,292,1640
1849,22,1999999,0,user_19,288,292,1640
1932,23,1999999,0,user_16,289,292,1640
1933,24,1999999,0,user_16,289,292,1640
2068,55,1999999,0,user_15,291,294,1640
1947,26,1100000,381000,user_26,289,292,
2086,59,1100000,0,user_30,291,294,
2053,28,1000001,0,user_2,291,292,1795
1795,29,1000000,7190000,user_40,287,292,
1806,30,1000000,0,user_49,287,292,
1779,31,420000,0,user_28,287,292,
2100,85,360000,0,user_47,291,294,
2154,87,310001,0,user_0,292,294,1376
1948,34,310000,0,user_26,289,292,
2028,90,310000,0,user_32,290,294,
1775,36,260000,33100,user_23,287,292,
1792,37,260000,0,user_38,287,292,
1863,38,260000,34700,user_28,288,292,
1801,39,220000,0,user_43,287,292,
1803,40,220000,0,user_43,287,292,
2102,94,220000,0,user_47,291,294,
1774,42,190000,0,user_23,287,292,
2155,96,170001,0,user_1,292,294,1434
1651,44,170000,0,user_38,285,292,
2088,98,170000,215000,user_33,291,294,
1848,46,169999,0,user_18,288,292,1434
2001,47,169999,0,user_3,290,292,1434
2007,48,160001,0,user_7,290,292,1426
2061,49,160001,0,user_9,291,292,1426
2067,50,160001,0,user_15,291,292,1426
2027,51,160000,0,user_32,290,292,
2077,52,160000,0,user_24,291,292,
1713,53,150000,0,user_38,286,292,
1968,54,130000,0,user_40,289,292,
1796,55,120000,164000,user_41,287,292,
2087,56,120000,164000,user_31,291,292,
2101,57,120000,56200,user_47,291,292,
1794,58,110000,0,user_40,287,292,
1805,59,110000,0,user_48,287,292,
2076,60,110000,5630,user_24,291,292,
1800,61,85000,0,user_43,287,292,
1876,62,84000,8520,user_40,288,292,
2078,63,84000,0,user_24,291,292,
1877,64,79000,0,user_41,288,292,
2176,49,2000000,0,user_25,292,294,
2169,60,1100000,0,user_21,292,294,
2180,75,530000,0,user_33,292,294,
2179,80,420000,0,user_31,292,294,
2168,86,350000,0,user_21,292,294,
2196,5,169999,0,user_1,293,293,1434
2041,0,43000000,0,user_46,290,296,
1979,2,30000000,0,user_48,289,296,
1938,4,27000000,0,user_22,289,296,
2223,0,19000000,0,user_41,293,297,
1857,5,19000000,0,user_22,288,296,
1879,6,6300000,0,user_44,288,296,
1928,7,6100001,0,user_12,289,296,1502
2055,8,6100001,0,user_4,291,296,1502
2057,9,6100001,0,user_6,291,296,1502
2163,10,6100001,0,user_13,292,296,1502
2065,11,6100001,0,user_12,291,296,1502
2158,12,6100001,0,user_8,292,296,1502
2160,13,6100001,0,user_8,292,296,1502
2070,14,6100001,0,user_16,291,296,1502
2073,15,6100001,0,user_19,291,296,1502
2201,16,6100001,0,user_6,293,296,1502
2238,17,6100001,0,user_2,294,296,1502
2080,21,6100000,0,user_26,291,296,
2054,22,6099999,0,user_3,291,296,1502
1846,23,6099999,0,user_14,288,296,1502
2016,24,6099999,0,user_19,290,296,1502
2056,25,6099999,0,user_5,291,296,1502
2156,27,6099999,0,user_3,292,296,1502
2197,28,6099999,0,user_3,293,296,1502
2066,29,6099999,0,user_14,291,296,1502
2198,30,6099999,0,user_4,293,296,1502
2199,31,6099999,0,user_4,293,296,1502
2069,32,6099999,0,user_16,291,296,1502
2166,33,6099999,0,user_16,292,296,1502
2200,34,6099999,0,user_5,293,296,1502
2204,35,6099999,0,user_13,293,296,1502
2017,41,5000000,12800,user_22,290,296,
1970,42,4500000,146000,user_44,289,296,
2099,33,4200000,410000,user_47,291,294,
2091,34,3600000,0,user_37,291,294,
1882,43,3500000,0,user_46,288,296,
1870,44,3500000,0,user_34,288,296,
1964,46,2500000,35600,user_34,289,296,
2191,18,2400000,0,user_43,292,297,
2079,39,2400000,47700,user_25,291,294,
1838,51,2000001,0,user_8,288,296,1640
1843,52,2000001,0,user_14,288,296,1640
1844,53,2000001,0,user_14,288,296,1640
1921,54,2000001,0,user_8,289,296,1640
1927,55,2000001,0,user_12,289,296,1640
1930,56,2000001,0,user_14,289,296,1640
2008,57,2000001,0,user_8,290,296,1640
2012,58,2000001,0,user_12,290,296,1640
1973,60,2000000,0,user_46,289,296,
2176,49,2000000,0,user_25,292,294,
1845,64,1999999,0,user_14,288,296,1640
1926,65,1999999,0,user_12,289,296,1640
1929,66,1999999,0,user_12,289,296,1640
2013,67,1999999,0,user_14,290,296,1640
1936,68,1999999,0,user_18,289,296,1640
2068,55,1999999,0,user_15,291,294,1640
2171,21,1600000,0,user_23,292,297,
2213,22,1600000,0,user_28,293,297,
2030,75,1400000,0,user_34,290,296,
2086,59,1100000,0,user_30,291,294,
2169,60,1100000,0,user_21,292,294,
2157,82,1000001,0,user_6,292,296,1795
2159,83,1000001,0,user_8,292,296,1795
1953,85,1000000,0,user_29,289,296,
2042,86,1000000,0,user_48,290,296,
2189,87,1000000,0,user_40,292,296,
2064,89,999999,0,user_11,291,296,1795
2060,90,999999,0,user_8,291,296,1795
2229,30,910000,0,user_43,293,297,
2037,92,910000,0,user_40,290,296,
2043,93,910000,0,user_48,290,296,
2082,95,670000,256000,user_26,291,296,
1864,97,660000,164000,user_29,288,296,
1869,99,650000,0,user_34,288,296,
2083,74,630000,0,user_26,291,294,
2180,75,530000,0,user_33,292,294,
2170,76,530000,0,user_22,292,294,
1974,77,470000,381000,user_46,289,294,
1854,78,460000,0,user_22,288,294,
1980,79,420000,0,user_48,289,294,
2179,80,420000,0,user_31,292,294,
2178,35,370000,36800,user_28,292,297,
2103,36,360000,0,user_49,291,297,
1856,83,360000,0,user_22,288,294,
1884,84,360000,0,user_48,288,294,
2100,85,360000,0,user_47,291,294,
2168,86,350000,0,user_21,292,294,
2154,87,310001,0,user_0,292,294,1376
2164,88,310001,0,user_13,292,294,1376
2244,89,310001,0,user_7,294,294,1376
2028,90,310000,0,user_32,290,294,
1925,91,309999,0,user_12,289,294,1376
1880,92,300000,0,user_44,288,294,
2025,93,260000,0,user_29,290,294,
2102,94,220000,0,user_47,291,294,
2081,95,220000,0,user_26,291,294,
2155,96,170001,0,user_1,292,294,1434
2250,46,170001,0,user_10,294,297,1434
2088,98,170000,215000,user_33,291,294,
1920,99,169999,0,user_8,289,294,1434
2239,18,6100001,0,user_3,294,296,1502
2203,19,6100001,0,user_12,293,296,1502
2243,20,6100001,0,user_6,294,296,1502
2240,37,6099999,0,user_4,294,296,1502
2207,38,6099999,0,user_16,293,296,1502
2338,12,6099999,0,user_7,295,297,1502
2263,23,2100000,769000,user_28,294,299,
2232,61,2000000,283000,user_46,293,296,
2241,84,1000001,0,user_4,294,296,1795
2242,91,999999,0,user_5,294,296,1795
2260,43,370000,0,user_23,294,299,
2285,44,370000,0,user_41,294,299,
2288,45,340000,33300,user_43,294,299,
2202,13,310001,0,user_8,293,295,1376
2286,50,260000,161000,user_41,294,299,
2252,15,160001,0,user_13,294,295,1426
2331,16,160001,0,user_2,295,295,1426
2340,59,160001,0,user_10,295,299,1426
2205,18,159999,0,user_14,293,295,1426
1855,19,98000,0,user_22,288,295,
1881,20,80000,0,user_46,288,295,
2041,0,43000000,0,user_46,290,296,
2184,1,30000000,0,user_35,292,296,
1979,2,30000000,0,user_48,289,296,
2035,3,30000000,0,user_38,290,296,
1938,4,27000000,0,user_22,289,296,
1857,5,19000000,0,user_22,288,296,
1879,6,6300000,0,user_44,288,296,
1928,7,6100001,0,user_12,289,296,1502
2055,8,6100001,0,user_4,291,296,1502
2057,9,6100001,0,user_6,291,296,1502
2163,10,6100001,0,user_13,292,296,1502
2065,11,6100001,0,user_12,291,296,1502
2158,12,6100001,0,user_8,292,296,1502
2160,13,6100001,0,user_8,292,296,1502
2070,14,6100001,0,user_16,291,296,1502
2073,15,6100001,0,user_19,291,296,1502
2201,16,6100001,0,user_6,293,296,1502
2238,17,6100001,0,user_2,294,296,1502
2239,18,6100001,0,user_3,294,296,1502
2203,19,6100001,0,user_12,293,296,1502
2243,20,6100001,0,user_6,294,296,1502
2080,21,6100000,0,user_26,291,296,
2054,22,6099999,0,user_3,291,296,1502
1846,23,6099999,0,user_14,288,296,1502
2016,24,6099999,0,user_19,290,296,1502
2056,25,6099999,0,user_5,291,296,1502
2059,26,6099999,0,user_7,291,296,1502
2156,27,6099999,0,user_3,292,296,1502
2197,28,6099999,0,user_3,293,296,1502
2066,29,6099999,0,user_14,291,296,1502
2198,30,6099999,0,user_4,293,296,1502
2199,31,6099999,0,user_4,293,296,1502
2069,32,6099999,0,user_16,291,296,1502
2166,33,6099999,0,user_16,292,296,1502
2200,34,6099999,0,user_5,293,296,1502
2204,35,6099999,0,user_13,293,296,1502
2247,36,6099999,0,user_9,294,296,1502
2240,37,6099999,0,user_4,294,296,1502
2207,38,6099999,0,user_16,293,296,1502
2394,39,6099999,0,user_1,296,296,1502
2214,40,5200000,60700,user_30,293,296,
2017,41,5000000,12800,user_22,290,296,
1970,42,4500000,146000,user_44,289,296,
1882,43,3500000,0,user_46,288,296,
1870,44,3500000,0,user_34,288,296,
2280,45,3500000,0,user_37,294,296,
1964,46,2500000,35600,user_34,289,296,
2278,47,2400000,0,user_35,294,296,
2281,48,2300000,16400,user_37,294,296,
2165,49,2000001,0,user_15,292,296,1640
2206,50,2000001,0,user_15,293,296,1640
1838,51,2000001,0,user_8,288,296,1640
1843,52,2000001,0,user_14,288,296,1640
1844,53,2000001,0,user_14,288,296,1640
1921,54,2000001,0,user_8,289,296,1640
1927,55,2000001,0,user_12,289,296,1640
1930,56,2000001,0,user_14,289,296,1640
2008,57,2000001,0,user_8,290,296,1640
2012,58,2000001,0,user_12,290,296,1640
2218,59,2000000,0,user_33,293,296,
1973,60,2000000,0,user_46,289,296,
2232,61,2000000,283000,user_46,293,296,
2085,62,2000000,0,user_28,291,296,
2364,63,2000000,0,user_30,295,296,
1845,64,1999999,0,user_14,288,296,1640
1926,65,1999999,0,user_12,289,296,1640
1929,66,1999999,0,user_12,289,296,1640
2013,67,1999999,0,user_14,290,296,1640
1936,68,1999999,0,user_18,289,296,1640
2071,69,1999999,0,user_17,291,296,1640
2162,70,1999999,0,user_10,292,296,1640
2174,71,1900000,0,user_24,292,296,
2018,72,1600000,0,user_23,290,296,
2024,73,1600000,322000,user_28,290,296,
2211,74,1400000,0,user_25,293,296,
2030,75,1400000,0,user_34,290,296,
1940,76,1300000,0,user_23,289,296,
2187,77,1200000,161000,user_37,292,296,
2275,78,1200000,0,user_33,294,296,
2215,79,1200000,0,user_32,293,296,
2172,80,1100000,0,user_24,292,296,
2261,81,1100000,0,user_24,294,296,
2157,82,1000001,0,user_6,292,296,1795
2159,83,1000001,0,user_8,292,296,1795
2241,84,1000001,0,user_4,294,296,1795
1953,85,1000000,0,user_29,289,296,
2042,86,1000000,0,user_48,290,296,
2189,87,1000000,0,user_40,292,296,
2038,88,1000000,0,user_41,290,296,
2064,89,999999,0,user_11,291,296,1795
2060,90,999999,0,user_8,291,296,1795
2242,91,999999,0,user_5,294,296,1795
2037,92,910000,0,user_40,290,296,
2043,93,910000,0,user_48,290,296,
2183,94,670000,296000,user_35,292,296,
2082,95,670000,256000,user_26,291,296,
2366,96,670000,0,user_31,295,296,
1864,97,660000,164000,user_29,288,296,
2269,98,660000,0,user_30,294,296,
1869,99,650000,0,user_34,288,296,
2223,0,19000000,0,user_41,293,297,
2253,1,6100001,0,user_14,294,297,1502
2332,2,6100001,0,user_4,295,297,1502
2333,3,6100001,0,user_4,295,297,1502
2072,4,6100001,0,user_18,291,297,1502
2341,5,6100001,0,user_11,295,297,1502
2427,6,6100000,18600,user_31,296,297,
2245,7,6099999,0,user_8,294,297,1502
2334,8,6099999,0,user_5,295,297,1502
2335,9,6099999,0,user_5,295,297,1502
2336,10,6099999,0,user_5,295,297,1502
2337,11,6099999,0,user_6,295,297,1502
2338,12,6099999,0,user_7,295,297,1502
2209,13,6099999,0,user_18,293,297,1502
2343,14,6099999,0,user_13,295,297,1502
2395,15,6099999,0,user_2,296,297,1502
2434,16,4500000,0,user_37,296,297,
2432,17,3200000,0,user_37,296,297,
2191,18,2400000,0,user_43,292,297,
2418,19,2100000,5630,user_24,296,297,
2417,20,2000000,33300,user_24,296,297,
2171,21,1600000,0,user_23,292,297,
2213,22,1600000,0,user_28,293,297,
2373,23,1500000,0,user_37,295,297,
2431,24,1500000,75000,user_37,296,297,
2433,25,1500000,0,user_37,296,297,
2419,26,1200000,47700,user_25,296,297,
2266,27,1000000,0,user_29,294,297,
2251,28,999999,0,user_12,294,297,1795
2430,29,970000,0,user_35,296,297,
2229,30,910000,0,user_43,293,297,
2426,31,910000,12300,user_30,296,297,
2267,32,630000,0,user_29,294,297,
2291,33,630000,0,user_46,294,297,
2381,34,630000,0,user_47,295,297,
2178,35,370000,36800,user_28,292,297,
2103,36,360000,0,user_49,291,297,
2413,37,320000,0,user_21,296,297,
2011,38,310001,0,user_10,290,297,1376
2344,39,310001,0,user_15,295,297,1376
2357,40,310000,0,user_24,295,297,
1939,41,260000,0,user_23,289,297,
2044,42,240000,0,user_49,290,297,
1934,43,170001,0,user_17,289,297,1434
1935,44,170001,0,user_17,289,297,1434
2010,45,170001,0,user_10,290,297,1434
2250,46,170001,0,user_10,294,297,1434
2258,47,170001,0,user_18,294,297,1434
2474,48,170001,0,user_0,297,297,1434
2475,49,170001,0,user_1,297,297,1434
2382,50,170000,0,user_47,295,297,
2167,51,169999,0,user_18,292,297,1434
2400,52,169999,0,user_9,296,297,1434
1937,53,160000,0,user_20,289,297,
2259,54,160000,0,user_22,294,297,
2274,55,160000,0,user_32,294,297,
2015,56,159999,0,user_16,290,297,1426
2208,57,159999,0,user_17,293,297,1426
2195,58,150000,13900,user_49,292,297,
1874,59,120000,350000,user_38,288,297,
2284,60,120000,0,user_40,294,297,
2188,61,110000,0,user_38,292,297,
2230,62,100000,0,user_43,293,297,
2264,63,98000,769000,user_29,294,297,
2265,64,82000,0,user_29,294,297,
2491,0,30000000,0,user_23,297,298,
2411,5,6100001,0,user_19,296,299,1502
2412,6,6100001,0,user_19,296,299,1502
2410,7,6100001,0,user_18,296,299,1502
2539,8,6100001,0,user_2,298,299,1502
2543,5,6100001,0,user_7,298,298,1502
2408,16,6099999,0,user_16,296,299,1502
2478,17,6099999,0,user_5,297,299,1502
2483,18,6099999,0,user_11,297,299,1502
2544,9,6099999,0,user_7,298,298,1502
2545,10,6099999,0,user_7,298,298,1502
2374,11,2500000,5630,user_38,295,298,
2435,12,2100000,0,user_38,296,298,
2487,13,2000001,0,user_17,297,298,1640
2384,14,1400000,0,user_49,295,298,
2383,29,1400000,381000,user_48,295,299,
2509,16,1000000,0,user_41,297,298,
2445,17,910000,0,user_49,296,298,
2409,48,309999,0,user_18,296,299,1376
2510,19,220000,0,user_41,297,298,
2484,57,169999,0,user_13,297,299,1434
2547,21,160001,0,user_10,298,298,1426
2511,22,160000,195000,user_43,297,298,
2420,64,150000,0,user_26,296,299,
2089,74,110000,0,user_34,291,299,
2372,79,100000,0,user_34,295,299,
2492,26,70000,0,user_23,297,298,
2496,0,19000000,0,user_31,297,299,
2358,1,6300000,510000,user_26,295,299,
2347,2,6100001,0,user_18,295,299,1502
2349,3,6100001,0,user_18,295,299,1502
2404,4,6100001,0,user_11,296,299,1502
2411,5,6100001,0,user_19,296,299,1502
2412,6,6100001,0,user_19,296,299,1502
2410,7,6100001,0,user_18,296,299,1502
2539,8,6100001,0,user_2,298,299,1502
2234,9,6100000,0,user_49,293,299,
2398,10,6099999,0,user_4,296,299,1502
2352,11,6099999,0,user_19,295,299,1502
2399,12,6099999,0,user_5,296,299,1502
2348,13,6099999,0,user_18,295,299,1502
2350,14,6099999,0,user_18,295,299,1502
2477,15,6099999,0,user_2,297,299,1502
2408,16,6099999,0,user_16,296,299,1502
2478,17,6099999,0,user_5,297,299,1502
2483,18,6099999,0,user_11,297,299,1502
2356,19,4200000,0,user_23,295,299,
2181,20,2600000,0,user_34,292,299,
2233,21,2400000,0,user_49,293,299,
2362,22,2300000,0,user_29,295,299,
2263,23,2100000,769000,user_28,294,299,
2346,24,2000001,0,user_17,295,299,1640
2403,25,2000001,0,user_10,296,299,1640
2402,26,1999999,0,user_10,296,299,1640
2499,27,1500000,0,user_33,297,299,
2277,28,1400000,0,user_34,294,299,
2383,29,1400000,381000,user_48,295,299,
2353,30,1400000,0,user_20,295,299,
2572,31,1400000,15300,user_35,298,299,
2396,32,1000001,0,user_4,296,299,1795
2359,33,1000000,0,user_26,295,299,
2568,34,1000000,0,user_31,298,299,
2406,35,999999,0,user_13,296,299,1795
2476,36,999999,0,user_2,297,299,1795
2595,37,999999,0,user_1,299,299,1795
2376,38,970000,0,user_41,295,299,
2504,39,660000,0,user_37,297,299,
2361,40,600000,0,user_26,295,299,
2194,41,470000,0,user_48,292,299,
2294,42,460000,322000,user_48,294,299,
2260,43,370000,0,user_23,294,299,
2285,44,370000,0,user_41,294,299,
2288,45,340000,33300,user_43,294,299,
2345,46,310001,0,user_16,295,299,1376
2479,47,309999,0,user_7,297,299,1376
2409,48,309999,0,user_18,296,299,1376
2360,49,300000,0,user_26,295,299,
2286,50,260000,161000,user_41,294,299,
2502,51,220000,0,user_35,297,299,
2339,52,170001,0,user_8,295,299,1434
2351,53,170001,0,user_18,295,299,1434
2546,54,170001,0,user_9,298,299,1434
2594,55,170001,0,user_0,299,299,1434
2296,56,170000,0,user_49,294,299,
2484,57,169999,0,user_13,297,299,1434
2342,58,160001,0,user_12,295,299,1426
2340,59,160001,0,user_10,295,299,1426
2481,60,160001,0,user_9,297,299,1426
2516,61,160000,21800,user_47,297,299,
2397,62,159999,0,user_4,296,299,1426
2401,63,159999,0,user_10,296,299,1426
2420,64,150000,0,user_26,296,299,
2355,65,150000,84800,user_23,295,299,
2378,66,150000,0,user_43,295,299,
2567,67,130000,15300,user_30,298,299,
2282,68,120000,0,user_38,294,299,
2501,69,120000,0,user_35,297,299,
2571,70,120000,0,user_35,298,299,
2354,71,110000,0,user_22,295,299,
2363,72,110000,0,user_29,295,299,
2380,73,110000,0,user_46,295,299,
2089,74,110000,0,user_34,291,299,
2289,75,110000,84800,user_44,294,299,
2293,76,110000,0,user_48,294,299,
2494,77,110000,0,user_30,297,299,
2573,78,110000,0,user_37,298,299,
2372,79,100000,0,user_34,295,299,
2221,80,98000,0,user_38,293,299,
2561,81,83000,0,user_21,298,299,
2295,82,82000,0,user_49,294,299,
2495,83,77000,0,user_30,297,299,
2192,84,70000,0,user_44,292,299,
1310,11,970000,0,user_1,300,301,
1309,17,120000,0,user_0,300,301,
1315,1,6300000,0,user_7,300,302,
1352,5,5200000,0,user_43,300,307,
1350,8,3600000,0,user_43,300,307,
1316,5,2600000,0,user_7,300,302,
1360,10,1400001,0,user_2,301,302,1312
1364,8,1400001,0,user_7,301,303,1312
1367,34,1400001,0,user_10,301,307,1312
1312,11,1400000,10700,user_4,300,302,
1359,14,1399999,0,user_2,301,302,1312
1327,40,1000000,0,user_20,300,307,
1349,41,1000000,0,user_43,300,307,
1310,11,970000,0,user_1,300,301,
1319,17,970000,0,user_11,300,302,
1330,63,360000,0,user_23,300,307,
1311,23,360000,0,user_3,300,302,
1348,68,310000,0,user_43,300,307,
1313,29,150000,0,user_5,300,302,
1309,17,120000,0,user_0,300,301,
1314,33,120000,0,user_6,300,302,
1322,35,110000,0,user_13,300,302,
1351,92,73000,0,user_43,300,307,
1336,0,30000000,0,user_25,300,302,
1315,1,6300000,0,user_7,300,302,
1318,2,3600000,0,user_9,300,302,
1331,3,3600000,0,user_24,300,302,
1342,4,3500000,8520,user_33,300,302,
1316,5,2600000,0,user_7,300,302,
1337,6,2100000,0,user_25,300,302,
1383,7,2000000,36800,user_30,301,302,
1324,8,1500000,0,user_15,300,302,
1341,9,1500000,0,user_32,300,302,
1360,10,1400001,0,user_2,301,302,1312
1312,11,1400000,10700,user_4,300,302,
1334,12,1400000,0,user_24,300,302,
1371,13,1400000,0,user_15,301,302,
1359,14,1399999,0,user_2,301,302,1312
1329,15,1000000,0,user_21,300,302,
1389,16,1000000,0,user_37,301,302,
1319,17,970000,0,user_11,300,302,
1328,18,910000,0,user_21,300,302,
1333,19,670000,0,user_24,300,302,
1404,20,600001,0,user_0,302,302,1357
1357,21,600000,49100,user_47,300,302,
1385,22,370000,0,user_30,301,302,
1311,23,360000,0,user_3,300,302,
1405,24,310001,0,user_1,302,302,1376
1376,25,310000,4320000,user_25,301,302,
1406,26,309999,0,user_1,302,302,1376
1407,27,309999,0,user_1,302,302,1376
1408,28,309999,0,user_1,302,302,1376
1313,29,150000,0,user_5,300,302,
1377,30,150000,0,user_25,301,302,
1339,31,130000,0,user_30,300,302,
1340,32,120000,0,user_31,300,302,
1314,33,120000,0,user_6,300,302,
1335,34,120000,0,user_24,300,302,
1322,35,110000,0,user_13,300,302,
1386,36,110000,0,user_31,301,302,
1332,37,110000,0,user_24,300,302,
1398,38,84000,0,user_47,301,302,
1384,39,79000,0,user_30,301,302,
1366,40,77000,0,user_9,301,302,
1356,0,2300000,779000,user_46,300,303,
1362,1,2299999,0,user_4,301,303,1356
1410,2,1999999,0,user_2,302,303,1383
1466,3,1999999,0,user_0,303,303,1383
1325,4,1500000,0,user_18,300,303,
1427,5,1500000,49100,user_25,302,303,
1317,6,1400001,0,user_8,300,303,1312
1323,7,1400001,0,user_14,300,303,1312
1364,8,1400001,0,user_7,301,303,1312
1368,9,1400001,0,user_11,301,303,1312
1361,10,1399999,0,user_3,301,303,1312
1320,11,1399999,0,user_12,300,303,1312
1321,12,1399999,0,user_12,300,303,1312
1363,13,1399999,0,user_6,301,303,1312
1409,14,600001,0,user_2,302,303,1357
1413,15,600001,0,user_9,302,303,1357
1418,16,600001,0,user_15,302,303,1357
1452,17,470000,181000,user_47,302,303,
1439,18,460000,13900,user_33,302,303,
1355,19,350000,0,user_46,300,303,
1440,20,350000,0,user_33,302,303,
1346,21,340000,0,user_40,300,303,
1443,22,310000,35600,user_37,302,303,
1468,23,309999,0,user_1,303,303,1376
1469,24,309999,0,user_1,303,303,1376
1467,25,160001,0,user_0,303,303,1426
1426,26,160000,4320000,user_24,302,303,
1442,27,110000,0,user_37,302,303,
1422,28,85000,0,user_21,302,303,
1449,4,6100000,0,user_43,302,307,
1425,6,5000000,0,user_23,302,307,
1401,10,3500000,0,user_49,301,307,
1419,14,2400001,0,user_17,302,307,1395
1485,27,2000000,0,user_20,303,307,
1444,31,1600000,16400,user_38,302,307,
1447,47,630000,0,user_41,302,307,
1495,64,360000,0,user_28,303,307,
1454,66,320000,0,user_49,302,307,
1487,70,260000,0,user_23,303,307,
1481,73,219999,0,user_17,303,307,1393
1554,74,219999,0,user_10,304,307,1393
1421,83,160000,0,user_20,302,307,
1390,84,150000,0,user_38,301,307,
1344,85,120000,0,user_38,300,307,
1455,86,120000,0,user_49,302,307,
1392,0,43000000,0,user_40,301,305,
1502,1,6100000,4320000,user_35,303,305,
1489,2,5000000,0,user_25,303,305,
1490,3,4200000,0,user_25,303,305,
1411,4,2300001,0,user_3,302,305,1356
1417,5,2300001,0,user_13,302,305,1356
1470,6,2300001,0,user_2,303,305,1356
1365,7,2300001,0,user_8,301,305,1356
1415,8,2300001,0,user_12,302,305,1356
1369,9,2299999,0,user_14,301,305,1356
1382,10,2000000,0,user_29,301,305,
1433,11,2000000,0,user_29,302,305,
1431,12,2000000,0,user_26,302,305,
1451,13,1800000,0,user_46,302,305,
1503,14,1600000,0,user_35,303,305,
1370,15,1400001,0,user_14,301,305,1312
1580,16,1400000,16400,user_33,304,305,
1412,17,1399999,0,user_8,302,305,1312
1416,18,1399999,0,user_12,302,305,1312
1486,19,1200000,0,user_21,303,305,
1424,20,1000000,0,user_22,302,305,
1498,21,910000,0,user_31,303,305,
1378,22,660000,0,user_26,301,305,
1499,23,630000,285000,user_33,303,305,
1423,24,630000,0,user_22,302,305,
1420,25,460001,0,user_19,302,305,1396
1396,26,460000,215000,user_44,301,305,
1504,27,370000,0,user_37,303,305,
1471,28,310001,0,user_2,303,305,1376
1545,29,310001,0,user_0,304,305,1376
1472,30,310001,0,user_3,303,305,1376
1428,31,260000,0,user_26,302,305,
1430,32,260000,0,user_26,302,305,
1432,33,260000,0,user_26,302,305,
1446,34,190000,0,user_40,302,305,
1546,35,170001,0,user_2,304,305,1434
1434,36,170000,4320000,user_29,302,305,
1473,37,169999,0,user_4,303,305,1434
1478,38,160001,0,user_13,303,305,1426
1607,39,160001,0,user_1,305,305,1426
1491,40,160000,0,user_25,303,305,
1500,41,160000,64600,user_33,303,305,
1474,42,159999,0,user_5,303,305,1426
1475,43,159999,0,user_6,303,305,1426
1518,44,150000,0,user_47,303,305,
1326,45,130000,0,user_19,300,305,
1358,46,120000,0,user_48,300,305,
1429,47,120000,0,user_26,302,305,
1488,48,110000,381000,user_25,303,305,
1567,49,98000,0,user_25,304,305,
1373,50,87000,0,user_19,301,305,
1375,51,84000,35600,user_22,301,305,
1399,52,73000,0,user_48,301,305,
1400,53,70000,0,user_48,301,305,
1587,0,27000000,0,user_37,304,306,
1624,1,6100001,0,user_15,305,306,1502
1560,2,6099999,0,user_15,304,306,1502
1625,3,6099999,0,user_15,305,306,1502
1626,4,6099999,0,user_15,305,306,1502
1576,5,2600000,0,user_32,304,306,
1650,6,2600000,17000,user_37,305,306,
1616,7,2300001,0,user_9,305,306,1356
1617,8,2300001,0,user_9,305,306,1356
1663,9,2299999,0,user_1,306,306,1356
1436,10,2000000,0,user_32,302,306,
1644,11,2000000,0,user_35,305,306,
1585,12,1800000,0,user_35,304,306,
1435,13,1100000,0,user_32,302,306,
1645,14,1000000,0,user_35,305,306,
1647,15,670000,164000,user_37,305,306,
1648,16,670000,381000,user_37,305,306,
1643,17,600000,0,user_33,305,306,
1661,18,310001,0,user_0,306,306,1376
1664,19,310001,0,user_1,306,306,1376
1577,20,310000,0,user_32,304,306,
1649,21,300000,0,user_37,305,306,
1578,22,260000,0,user_32,304,306,
1657,23,240000,0,user_47,305,306,
1662,24,170001,0,user_0,306,306,1434
1637,25,170000,0,user_25,305,306,
1553,26,160001,0,user_9,304,306,1426
1614,27,160001,0,user_9,305,306,1426
1615,28,160001,0,user_9,305,306,1426
1627,29,160001,0,user_15,305,306,1426
1623,30,159999,0,user_15,305,306,1426
1579,31,150000,0,user_32,304,306,
1437,32,110000,0,user_32,302,306,
1438,33,110000,0,user_32,302,306,
1658,34,110000,0,user_47,305,306,
1595,0,43000000,0,user_46,304,307,
1642,1,27000000,0,user_32,305,307,
1753,2,6100001,0,user_0,307,307,1502
1453,3,6100000,0,user_48,302,307,
1449,4,6100000,0,user_43,302,307,
1352,5,5200000,0,user_43,300,307,
1425,6,5000000,0,user_23,302,307,
1497,7,4200000,0,user_29,303,307,
1350,8,3600000,0,user_43,300,307,
1704,9,3600000,100000,user_33,306,307,
1401,10,3500000,0,user_49,301,307,
1681,11,3200000,0,user_21,306,307,
1705,12,2500000,0,user_35,306,307,
1414,13,2400001,0,user_10,302,307,1395
1419,14,2400001,0,user_17,302,307,1395
1395,15,2400000,322000,user_43,301,307,
1612,16,2399999,0,user_7,305,307,1395
1555,17,2300001,0,user_12,304,307,1356
1559,18,2300001,0,user_14,304,307,1356
1666,19,2300001,0,user_2,306,307,1356
1757,20,2300001,0,user_1,307,307,1356
1550,21,2299999,0,user_6,304,307,1356
1665,22,2299999,0,user_2,306,307,1356
1752,23,2299999,0,user_0,307,307,1356
1755,24,2299999,0,user_0,307,307,1356
1756,25,2299999,0,user_0,307,307,1356
1374,26,2000000,0,user_20,301,307,
1485,27,2000000,0,user_20,303,307,
1572,28,1800000,0,user_29,304,307,
1517,29,1600000,0,user_46,303,307,
1574,30,1600000,0,user_29,304,307,
1444,31,1600000,16400,user_38,302,307,
1721,32,1600000,256000,user_47,306,307,
1687,33,1500000,0,user_24,306,307,
1367,34,1400001,0,user_10,301,307,1312
1492,35,1200000,0,user_26,303,307,
1706,36,1100000,0,user_35,306,307,
1511,37,1000000,0,user_40,303,307,
1594,38,1000000,0,user_46,304,307,
1596,39,1000000,17000,user_46,304,307,
1327,40,1000000,0,user_20,300,307,
1349,41,1000000,0,user_43,300,307,
1712,42,970000,0,user_37,306,307,
1575,43,910000,0,user_29,304,307,
1711,44,670000,0,user_37,306,307,
1573,45,660000,0,user_29,304,307,
1700,46,660000,0,user_30,306,307,
1447,47,630000,0,user_41,302,307,
1597,48,530000,0,user_46,304,307,
1688,49,470000,0,user_25,306,307,
1549,50,460001,0,user_5,304,307,1396
1551,51,460001,0,user_8,304,307,1396
1556,52,460001,0,user_12,304,307,1396
1621,53,460001,0,user_13,305,307,1396
1496,54,460000,0,user_29,303,307,
1547,55,459999,0,user_4,304,307,1396
1480,56,459999,0,user_16,303,307,1396
1483,57,459999,0,user_19,303,307,1396
1484,58,459999,0,user_19,303,307,1396
1557,59,459999,0,user_13,304,307,1396
1558,60,459999,0,user_14,304,307,1396
1611,61,459999,0,user_6,305,307,1396
1701,62,420000,0,user_31,306,307,
1330,63,360000,0,user_23,300,307,
1495,64,360000,0,user_28,303,307,
1703,65,340000,0,user_33,306,307,
1454,66,320000,0,user_49,302,307,
1676,67,310001,0,user_15,306,307,1376
1348,68,310000,0,user_43,300,307,
1609,69,309999,0,user_4,305,307,1376
1487,70,260000,0,user_23,303,307,
1724,71,260000,0,user_47,306,307,
1393,72,220000,100000,user_41,301,307,
1481,73,219999,0,user_17,303,307,1393
1554,74,219999,0,user_10,304,307,1393
1476,75,170001,0,user_8,303,307,1434
1552,76,170001,0,user_8,304,307,1434
1608,77,170001,0,user_4,305,307,1434
1610,78,170001,0,user_4,305,307,1434
1477,79,169999,0,user_12,303,307,1434
1548,80,169999,0,user_5,304,307,1434
1754,81,169999,0,user_0,307,307,1434
1479,82,160001,0,user_14,303,307,1426
1421,83,160000,0,user_20,302,307,
1390,84,150000,0,user_38,301,307,
1344,85,120000,0,user_38,300,307,
1455,86,120000,0,user_49,302,307,
1722,87,120000,0,user_47,306,307,
1450,88,110000,15700,user_44,302,307,
1723,89,110000,164000,user_47,306,307,
1598,90,87000,0,user_46,304,307,
1381,91,84000,0,user_28,301,307,
1351,92,73000,0,user_43,300,307,
1566,0,27000000,17000,user_23,304,308,
1570,1,6300000,0,user_28,304,308,
1784,2,6300000,14200,user_31,307,308,
1599,3,3600000,0,user_48,304,308,
1507,4,3500000,0,user_38,303,308,
1583,5,2500000,12800,user_34,304,308,
1613,6,2299999,0,user_8,305,308,1356
1667,7,2299999,0,user_4,306,308,1356
1668,8,2299999,0,user_5,306,308,1356
1761,9,2299999,0,user_9,307,308,1356
1829,10,2299999,0,user_0,308,308,1356
1509,11,2000000,0,user_38,303,308,
1571,12,2000000,0,user_28,304,308,
1501,13,1700000,0,user_34,303,308,
1634,14,1600001,0,user_19,305,308,1581
1635,15,1600001,0,user_19,305,308,1581
1581,16,1600000,769000,user_34,304,308,
1772,17,1600000,0,user_21,307,308,
1786,18,1600000,0,user_31,307,308,
1771,19,1500000,231000,user_21,307,308,
1776,20,1500000,0,user_24,307,308,
1506,21,1400000,0,user_38,303,308,
1781,22,1000000,17000,user_30,307,308,
1790,23,1000000,13900,user_35,307,308,
1565,24,970000,0,user_23,304,308,
1505,25,910000,0,user_38,303,308,
1522,26,870000,0,user_49,303,308,
1590,27,660000,0,user_41,304,308,
1830,28,650001,0,user_1,308,308,1521
1582,29,650000,0,user_34,304,308,
1521,30,650000,1100000,user_49,303,308,
1629,31,460001,0,user_16,305,308,1396
1620,32,459999,0,user_12,305,308,1396
1564,33,459999,0,user_19,304,308,1396
1630,34,459999,0,user_16,305,308,1396
1789,35,360000,0,user_33,307,308,
1653,36,300000,0,user_40,305,308,
1562,37,220001,0,user_17,304,308,1393
1513,38,220000,0,user_44,303,308,
1584,39,220000,0,user_34,304,308,
1622,40,170001,0,user_14,305,308,1434
1670,41,170001,0,user_7,306,308,1434
1758,42,170001,0,user_2,307,308,1434
1783,43,170000,0,user_31,307,308,
1669,44,169999,0,user_6,306,308,1434
1618,45,169999,0,user_10,305,308,1434
1762,46,169999,0,user_9,307,308,1434
1619,47,160001,0,user_12,305,308,1426
1519,48,160000,0,user_48,303,308,
1569,49,160000,0,user_28,304,308,
1785,50,160000,283000,user_31,307,308,
1561,51,159999,0,user_16,304,308,1426
1628,52,159999,0,user_16,305,308,1426
1641,53,150000,0,user_29,305,308,
1508,54,150000,0,user_38,303,308,
1777,55,110000,0,user_25,307,308,
1782,56,110000,0,user_31,307,308,
1514,57,85000,64600,user_44,303,308,
1600,58,77000,0,user_48,304,308,
1654,59,77000,0,user_40,305,308,
1520,60,73000,0,user_48,303,308,
1923,4,6100001,0,user_10,309,312,1502
1847,9,6099999,0,user_17,308,312,1502
1850,11,3600000,73100,user_20,308,312,
1851,14,2500000,0,user_20,308,312,
1878,15,2400000,11200,user_43,308,312,
1372,39,1399999,0,user_18,301,310,1312
1806,30,1000000,0,user_49,307,312,
1792,37,260000,0,user_38,307,312,
1863,38,260000,34700,user_28,308,312,
1877,64,79000,0,user_41,308,312,
1680,0,30000000,769000,user_20,306,310,
1833,1,6100001,0,user_3,308,310,1502
1671,2,6099999,0,user_10,306,310,1502
1763,3,6099999,0,user_10,307,310,1502
1769,4,6099999,0,user_18,307,310,1502
1693,5,5000000,0,user_26,306,310,
1683,6,3500000,67500,user_22,306,310,
1698,7,2500000,0,user_29,306,310,
1672,8,2300001,0,user_12,306,310,1356
1673,9,2300001,0,user_12,306,310,1356
1674,10,2300001,0,user_12,306,310,1356
1765,11,2300001,0,user_12,307,310,1356
1767,12,2300001,0,user_16,307,310,1356
1839,13,2299999,0,user_9,308,310,1356
1675,14,2299999,0,user_14,306,310,1356
1766,15,2299999,0,user_14,307,310,1356
1832,16,2000001,0,user_3,308,310,1640
1836,17,2000001,0,user_5,308,310,1640
1841,18,2000001,0,user_11,308,310,1640
2000,19,2000001,0,user_1,310,310,1640
1640,20,2000000,4320000,user_28,305,310,
1760,21,1999999,0,user_7,307,310,1640
1831,22,1999999,0,user_2,308,310,1640
1835,23,1999999,0,user_4,308,310,1640
1837,24,1999999,0,user_7,308,310,1640
1917,25,1999999,0,user_2,309,310,1640
1999,26,1999999,0,user_1,310,310,1640
1682,27,1900000,16400,user_22,306,310,
1963,28,1900000,0,user_33,309,310,
1773,29,1800000,0,user_22,307,310,
1883,30,1600000,0,user_47,308,310,
1945,31,1600000,0,user_25,309,310,
1959,32,1600000,0,user_31,309,310,
1684,33,1500000,0,user_22,306,310,
1725,34,1500000,6390,user_48,306,310,
1563,35,1400001,0,user_18,304,310,1312
1678,36,1400001,0,user_18,306,310,1312
1679,37,1400001,0,user_18,306,310,1312
1958,38,1400000,0,user_30,309,310,
1372,39,1399999,0,user_18,301,310,1312
1482,40,1399999,0,user_18,303,310,1312
1633,41,1399999,0,user_18,305,310,1312
1853,42,1000000,769000,user_21,308,310,
1685,43,1000000,0,user_22,306,310,
1697,44,1000000,0,user_28,306,310,
1636,45,910000,32900,user_20,305,310,
1862,46,910000,0,user_24,308,310,
1861,47,670000,0,user_24,308,310,
1871,48,670000,0,user_35,308,310,
1720,49,670000,0,user_46,306,310,
1726,50,670000,19700,user_48,306,310,
1632,51,650001,0,user_17,305,310,1521
1759,52,649999,0,user_3,307,310,1521
1631,53,649999,0,user_17,305,310,1521
1764,54,649999,0,user_11,307,310,1521
1867,55,530000,0,user_33,308,310,
1699,56,470000,0,user_29,306,310,
1659,57,460000,0,user_48,305,310,
1954,58,420000,121000,user_30,309,310,
1691,59,370000,56200,user_26,306,310,
1868,60,320000,0,user_33,308,310,
1677,61,310001,0,user_16,306,310,1376
1916,62,310001,0,user_2,309,310,1376
1770,63,309999,0,user_19,307,310,1376
1866,64,260000,0,user_31,308,310,
1858,65,260000,0,user_24,308,310,
1962,66,240000,24700,user_33,309,310,
1859,67,220000,510000,user_24,308,310,
1860,68,220000,47700,user_24,308,310,
1915,69,170001,0,user_0,309,310,1434
1834,70,170001,0,user_4,308,310,1434
1689,71,170000,0,user_26,306,310,
1957,72,170000,0,user_30,309,310,
1873,73,160000,0,user_37,308,310,
1686,74,160000,296000,user_23,306,310,
1842,75,159999,0,user_13,308,310,1426
1655,76,150000,0,user_41,305,310,
1692,77,150000,0,user_26,306,310,
1696,78,150000,0,user_28,306,310,
1852,79,120000,0,user_21,308,310,
1690,80,120000,43600,user_26,306,310,
1716,81,120000,0,user_41,306,310,
1955,82,120000,0,user_30,309,310,
1780,83,110000,15100,user_29,307,310,
1956,84,87000,71800,user_30,309,310,
1865,85,83000,296000,user_30,308,310,
1717,86,80000,0,user_41,306,310,
1960,87,70000,256000,user_31,309,310,
2031,0,43000000,7840,user_35,310,311,
1943,1,27000000,0,user_24,309,311,
2014,2,6100001,0,user_15,310,311,1502
1702,3,4200000,0,user_32,306,311,
1942,4,4200000,0,user_24,309,311,
1976,5,4200000,0,user_47,309,311,
2022,6,2600000,0,user_25,310,311,
2032,7,2600000,0,user_35,310,311,
2051,8,2000001,0,user_0,311,311,1640
2020,9,2000000,0,user_25,310,311,
1978,10,870000,0,user_47,309,311,
1922,11,649999,0,user_9,309,311,1521
1931,12,649999,0,user_15,309,311,1521
2009,13,649999,0,user_9,310,311,1521
1944,14,630000,0,user_24,309,311,
2029,15,470000,0,user_33,310,311,
2033,16,310000,0,user_35,310,311,
1965,17,220000,0,user_35,309,311,
2034,18,170000,0,user_35,310,311,
2052,19,159999,0,user_1,311,311,1426
1787,20,150000,0,user_32,307,311,
2019,21,130000,0,user_24,310,311,
2021,22,120000,0,user_25,310,311,
2026,23,110000,0,user_31,310,311,
1941,24,110000,0,user_24,309,311,
1975,25,110000,0,user_47,309,311,
1977,26,100000,0,user_47,309,311,
1788,27,84000,0,user_32,307,311,
1961,28,82000,0,user_32,309,311,
1660,0,43000000,0,user_49,305,312,
1797,1,27000000,0,user_41,307,312,
2003,2,6100001,0,user_3,310,312,1502
2006,3,6100001,0,user_6,310,312,1502
1923,4,6100001,0,user_10,309,312,1502
1918,5,6099999,0,user_3,309,312,1502
1919,6,6099999,0,user_6,309,312,1502
1768,7,6099999,0,user_17,307,312,1502
1840,8,6099999,0,user_10,308,312,1502
1847,9,6099999,0,user_17,308,312,1502
2099,33,4200000,410000,user_47,311,314,
1850,11,3600000,73100,user_20,308,312,
2091,34,3600000,0,user_37,311,314,
1802,13,2500000,14200,user_43,307,312,
1851,14,2500000,0,user_20,308,312,
1878,15,2400000,11200,user_43,308,312,
2079,39,2400000,47700,user_25,311,314,
2002,17,2000001,0,user_3,310,312,1640
2004,18,2000001,0,user_3,310,312,1640
2005,19,2000001,0,user_5,310,312,1640
1946,20,2000000,0,user_26,309,312,
1924,21,1999999,0,user_11,309,312,1640
1849,22,1999999,0,user_19,308,312,1640
1932,23,1999999,0,user_16,309,312,1640
1933,24,1999999,0,user_16,309,312,1640
2068,55,1999999,0,user_15,311,314,1640
1947,26,1100000,381000,user_26,309,312,
2086,59,1100000,0,user_30,311,314,
2053,28,1000001,0,user_2,311,312,1795
1795,29,1000000,7190000,user_40,307,312,
1806,30,1000000,0,user_49,307,312,
1779,31,420000,0,user_28,307,312,
2100,85,360000,0,user_47,311,314,
2154,87,310001,0,user_0,312,314,1376
1948,34,310000,0,user_26,309,312,
2028,90,310000,0,user_32,310,314,
1775,36,260000,33100,user_23,307,312,
1792,37,260000,0,user_38,307,312,
1863,38,260000,34700,user_28,308,312,
1801,39,220000,0,user_43,307,312,
1803,40,220000,0,user_43,307,312,
2102,94,220000,0,user_47,311,314,
1774,42,190000,0,user_23,307,312,
2155,96,170001,0,user_1,312,314,1434
1651,44,170000,0,user_38,305,312,
2088,98,170000,215000,user_33,311,314,
1848,46,169999,0,user_18,308,312,1434
2001,47,169999,0,user_3,310,312,1434
2007,48,160001,0,user_7,310,312,1426
2061,49,160001,0,user_9,311,312,1426
2067,50,160001,0,user_15,311,312,1426
2027,51,160000,0,user_32,310,312,
2077,52,160000,0,user_24,311,312,
1713,53,150000,0,user_38,306,312,
1968,54,130000,0,user_40,309,312,
1796,55,120000,164000,user_41,307,312,
2087,56,120000,164000,user_31,311,312,
2101,57,120000,56200,user_47,311,312,
1794,58,110000,0,user_40,307,312,
1805,59,110000,0,user_48,307,312,
2076,60,110000,5630,user_24,311,312,
1800,61,85000,0,user_43,307,312,
1876,62,84000,8520,user_40,308,312,
2078,63,84000,0,user_24,311,312,
1877,64,79000,0,user_41,308,312,
2176,49,2000000,0,user_25,312,314,
2169,60,1100000,0,user_21,312,314,
2180,75,530000,0,user_33,312,314,
2179,80,420000,0,user_31,312,314,
2168,86,350000,0,user_21,312,314,
2196,5,169999,0,user_1,313,313,1434
2041,0,43000000,0,user_46,310,316,
1979,2,30000000,0,user_48,309,316,
1938,4,27000000,0,user_22,309,316,
2223,0,19000000,0,user_41,313,317,
1857,5,19000000,0,user_22,308,316,
1879,6,6300000,0,user_44,308,316,
1928,7,6100001,0,user_12,309,316,1502
2055,8,6100001,0,user_4,311,316,1502
2057,9,6100001,0,user_6,311,316,1502
2163,10,6100001,0,user_13,312,316,1502
2065,11,6100001,0,user_12,311,316,1502
2158,12,6100001,0,user_8,312,316,1502
2160,13,6100001,0,user_8,312,316,1502
2070,14,6100001,0,user_16,311,316,1502
2073,15,6100001,0,user_19,311,316,1502
2201,16,6100001,0,user_6,313,316,1502
2238,17,6100001,0,user_2,314,316,1502
2080,21,6100000,0,user_26,311,316,
2054,22,6099999,0,user_3,311,316,1502
1846,23,6099999,0,user_14,308,316,1502
2016,24,6099999,0,user_19,310,316,1502
2056,25,6099999,0,user_5,311,316,1502
2156,27,6099999,0,user_3,312,316,1502
2197,28,6099999,0,user_3,313,316,1502
2066,29,6099999,0,user_14,311,316,1502
2198,30,6099999,0,user_4,313,316,1502
2199,31,6099999,0,user_4,313,316,1502
2069,32,6099999,0,user_16,311,316,1502
2166,33,6099999,0,user_16,312,316,1502
2200,34,6099999,0,user_5,313,316,1502
2204,35,6099999,0,user_13,313,316,1502
2017,41,5000000,12800,user_22,310,316,
1970,42,4500000,146000,user_44,309,316,
2099,33,4200000,410000,user_47,311,314,
2091,34,3600000,0,user_37,311,314,
1882,43,3500000,0,user_46,308,316,
1870,44,3500000,0,user_34,308,316,
1964,46,2500000,35600,user_34,309,316,
2191,18,2400000,0,user_43,312,317,
2079,39,2400000,47700,user_25,311,314,
1838,51,2000001,0,user_8,308,316,1640
1843,52,2000001,0,user_14,308,316,1640
1844,53,2000001,0,user_14,308,316,1640
1921,54,2000001,0,user_8,309,316,1640
1927,55,2000001,0,user_12,309,316,1640
1930,56,2000001,0,user_14,309,316,1640
2008,57,2000001,0,user_8,310,316,1640
2012,58,2000001,0,user_12,310,316,1640
1973,60,2000000,0,user_46,309,316,
2176,49,2000000,0,user_25,312,314,
1845,64,1999999,0,user_14,308,316,1640
1926,65,1999999,0,user_12,309,316,1640
1929,66,1999999,0,user_12,309,316,1640
2013,67,1999999,0,user_14,310,316,1640
1936,68,1999999,0,user_18,309,316,1640
2068,55,1999999,0,user_15,311,314,1640
2171,21,1600000,0,user_23,312,317,
2213,22,1600000,0,user_28,313,317,
2030,75,1400000,0,user_34,310,316,
2086,59,1100000,0,user_30,311,314,
2169,60,1100000,0,user_21,312,314,
2157,82,1000001,0,user_6,312,316,1795
2159,83,1000001,0,user_8,312,316,1795
1953,85,1000000,0,user_29,309,316,
2042,86,1000000,0,user_48,310,316,
2189,87,1000000,0,user_40,312,316,
2064,89,999999,0,user_11,311,316,1795
2060,90,999999,0,user_8,311,316,1795
2229,30,910000,0,user_43,313,317,
2037,92,910000,0,user_40,310,316,
2043,93,910000,0,user_48,310,316,
2082,95,670000,256000,user_26,311,316,
1864,97,660000,164000,user_29,308,316,
1869,99,650000,0,user_34,308,316,
2083,74,630000,0,user_26,311,314,
2180,75,530000,0,user_33,312,314,
2170,76,530000,0,user_22,312,314,
1974,77,470000,381000,user_46,309,314,
1854,78,460000,0,user_22,308,314,
1980,79,420000,0,user_48,309,314,
2179,80,420000,0,user_31,312,314,
2178,35,370000,36800,user_28,312,317,
2103,36,360000,0,user_49,311,317,
1856,83,360000,0,user_22,308,314,
1884,84,360000,0,user_48,308,314,
2100,85,360000,0,user_47,311,314,
2168,86,350000,0,user_21,312,314,
2154,87,310001,0,user_0,312,314,1376
2164,88,310001,0,user_13,312,314,1376
2244,89,310001,0,user_7,314,314,1376
2028,90,310000,0,user_32,310,314,
1925,91,309999,0,user_12,309,314,1376
1880,92,300000,0,user_44,308,314,
2025,93,260000,0,user_29,310,314,
2102,94,220000,0,user_47,311,314,
2081,95,220000,0,user_26,311,314,
2155,96,170001,0,user_1,312,314,1434
2250,46,170001,0,user_10,314,317,1434
2088,98,170000,215000,user_33,311,314,
1920,99,169999,0,user_8,309,314,1434
2239,18,6100001,0,user_3,314,316,1502
2203,19,6100001,0,user_12,313,316,1502
2243,20,6100001,0,user_6,314,316,1502
2240,37,6099999,0,user_4,314,316,1502
2207,38,6099999,0,user_16,313,316,1502
2338,12,6099999,0,user_7,315,317,1502
2263,23,2100000,769000,user_28,314,319,
2232,61,2000000,283000,user_46,313,316,
2241,84,1000001,0,user_4,314,316,1795
2242,91,999999,0,user_5,314,316,1795
2260,43,370000,0,user_23,314,319,
2285,44,370000,0,user_41,314,319,
2288,45,340000,33300,user_43,314,319,
2202,13,310001,0,user_8,313,315,1376
2286,50,260000,161000,user_41,314,319,
2252,15,160001,0,user_13,314,315,1426
2331,16,160001,0,user_2,315,315,1426
2340,59,160001,0,user_10,315,319,1426
2205,18,159999,0,user_14,313,315,1426
1855,19,98000,0,user_22,308,315,
1881,20,80000,0,user_46,308,315,
2041,0,43000000,0,user_46,310,316,
2184,1,30000000,0,user_35,312,316,
1979,2,30000000,0,user_48,309,316,
2035,3,30000000,0,user_38,310,316,
1938,4,27000000,0,user_22,309,316,
1857,5,19000000,0,user_22,308,316,
1879,6,6300000,0,user_44,308,316,
1928,7,6100001,0,user_12,309,316,1502
2055,8,6100001,0,user_4,311,316,1502
2057,9,6100001,0,user_6,311,316,1502
2163,10,6100001,0,user_13,312,316,1502
2065,11,6100001,0,user_12,311,316,1502
2158,12,6100001,0,user_8,312,316,1502
2160,13,6100001,0,user_8,312,316,1502
2070,14,6100001,0,user_16,311,316,1502
2073,15,6100001,0,user_19,311,316,1502
2201,16,6100001,0,user_6,313,316,1502
2238,17,6100001,0,user_2,314,316,1502
2239,18,6100001,0,user_3,314,316,1502
2203,19,6100001,0,user_12,313,316,1502
2243,20,6100001,0,user_6,314,316,1502
2080,21,6100000,0,user_26,311,316,
2054,22,6099999,0,user_3,311,316,1502
1846,23,6099999,0,user_14,308,316,1502
2016,24,6099999,0,user_19,310,316,1502
2056,25,6099999,0,user_5,311,316,1502
2059,26,6099999,0,user_7,311,316,1502
2156,27,6099999,0,user_3,312,316,1502
2197,28,6099999,0,user_3,313,316,1502
2066,29,6099999,0,user_14,311,316,1502
2198,30,6099999,0,user_4,313,316,1502
2199,31,6099999,0,user_4,313,316,1502
2069,32,6099999,0,user_16,311,316,1502
2166,33,6099999,0,user_16,312,316,1502
2200,34,6099999,0,user_5,313,316,1502
2204,35,6099999,0,user_13,313,316,1502
2247,36,6099999,0,user_9,314,316,1502
2240,37,6099999,0,user_4,314,316,1502
2207,38,6099999,0,user_16,313,316,1502
2394,39,6099999,0,user_1,316,316,1502
2214,40,5200000,60700,user_30,313,316,
2017,41,5000000,12800,user_22,310,316,
1970,42,4500000,146000,user_44,309,316,
1882,43,3500000,0,user_46,308,316,
1870,44,3500000,0,user_34,308,316,
2280,45,3500000,0,user_37,314,316,
1964,46,2500000,35600,user_34,309,316,
2278,47,2400000,0,user_35,314,316,
2281,48,2300000,16400,user_37,314,316,
2165,49,2000001,0,user_15,312,316,1640
2206,50,2000001,0,user_15,313,316,1640
1838,51,2000001,0,user_8,308,316,1640
1843,52,2000001,0,user_14,308,316,1640
1844,53,2000001,0,user_14,308,316,1640
1921,54,2000001,0,user_8,309,316,1640
1927,55,2000001,0,user_12,309,316,1640
1930,56,2000001,0,user_14,309,316,1640
2008,57,2000001,0,user_8,310,316,1640
2012,58,2000001,0,user_12,310,316,1640
2218,59,2000000,0,user_33,313,316,
1973,60,2000000,0,user_46,309,316,
2232,61,2000000,283000,user_46,313,316,
2085,62,2000000,0,user_28,311,316,
2364,63,2000000,0,user_30,315,316,
1845,64,1999999,0,user_14,308,316,1640
1926,65,1999999,0,user_12,309,316,1640
1929,66,1999999,0,user_12,309,316,1640
2013,67,1999999,0,user_14,310,316,1640
1936,68,1999999,0,user_18,309,316,1640
2071,69,1999999,0,user_17,311,316,1640
2162,70,1999999,0,user_10,312,316,1640
2174,71,1900000,0,user_24,312,316,
2018,72,1600000,0,user_23,310,316,
2024,73,1600000,322000,user_28,310,316,
2211,74,1400000,0,user_25,313,316,
2030,75,1400000,0,user_34,310,316,
1940,76,1300000,0,user_23,309,316,
2187,77,1200000,161000,user_37,312,316,
2275,78,1200000,0,user_33,314,316,
2215,79,1200000,0,user_32,313,316,
2172,80,1100000,0,user_24,312,316,
2261,81,1100000,0,user_24,314,316,
2157,82,1000001,0,user_6,312,316,1795
2159,83,1000001,0,user_8,312,316,1795
2241,84,1000001,0,user_4,314,316,1795
1953,85,1000000,0,user_29,309,316,
2042,86,1000000,0,user_48,310,316,
2189,87,1000000,0,user_40,312,316,
2038,88,1000000,0,user_41,310,316,
2064,89,999999,0,user_11,311,316,1795
2060,90,999999,0,user_8,311,316,1795
2242,91,999999,0,user_5,314,316,1795
2037,92,910000,0,user_40,310,316,
2043,93,910000,0,user_48,310,316,
2183,94,670000,296000,user_35,312,316,
2082,95,670000,256000,user_26,311,316,
2366,96,670000,0,user_31,315,316,
1864,97,660000,164000,user_29,308,316,
2269,98,660000,0,user_30,314,316,
1869,99,650000,0,user_34,308,316,
2223,0,19000000,0,user_41,313,317,
2253,1,6100001,0,user_14,314,317,1502
2332,2,6100001,0,user_4,315,317,1502
2333,3,6100001,0,user_4,315,317,1502
2072,4,6100001,0,user_18,311,317,1502
2341,5,6100001,0,user_11,315,317,1502
2427,6,6100000,18600,user_31,316,317,
2245,7,6099999,0,user_8,314,317,1502
2334,8,6099999,0,user_5,315,317,1502
2335,9,6099999,0,user_5,315,317,1502
2336,10,6099999,0,user_5,315,317,1502
2337,11,6099999,0,user_6,315,317,1502
2338,12,6099999,0,user_7,315,317,1502
2209,13,6099999,0,user_18,313,317,1502
2343,14,6099999,0,user_13,315,317,1502
2395,15,6099999,0,user_2,316,317,1502
2434,16,4500000,0,user_37,316,317,
2432,17,3200000,0,user_37,316,317,
2191,18,2400000,0,user_43,312,317,
2418,19,2100000,5630,user_24,316,317,
2417,20,2000000,33300,user_24,316,317,
2171,21,1600000,0,user_23,312,317,
2213,22,1600000,0,user_28,313,317,
2373,23,1500000,0,user_37,315,317,
2431,24,1500000,75000,user_37,316,317,
2433,25,1500000,0,user_37,316,317,
2419,26,1200000,47700,user_25,316,317,
2266,27,1000000,0,user_29,314,317,
2251,28,999999,0,user_12,314,317,1795
2430,29,970000,0,user_35,316,317,
2229,30,910000,0,user_43,313,317,
2426,31,910000,12300,user_30,316,317,
2267,32,630000,0,user_29,314,317,
2291,33,630000,0,user_46,314,317,
2381,34,630000,0,user_47,315,317,
2178,35,370000,36800,user_28,312,317,
2103,36,360000,0,user_49,311,317,
2413,37,320000,0,user_21,316,317,
2011,38,310001,0,user_10,310,317,1376
2344,39,310001,0,user_15,315,317,1376
2357,40,310000,0,user_24,315,317,
1939,41,260000,0,user_23,309,317,
2044,42,240000,0,user_49,310,317,
1934,43,170001,0,user_17,309,317,1434
1935,44,170001,0,user_17,309,317,1434
2010,45,170001,0,user_10,310,317,1434
2250,46,170001,0,user_10,314,317,1434
2258,47,170001,0,user_18,314,317,1434
2474,48,170001,0,user_0,317,317,1434
2475,49,170001,0,user_1,317,317,1434
2382,50,170000,0,user_47,315,317,
2167,51,169999,0,user_18,312,317,1434
2400,52,169999,0,user_9,316,317,1434
1937,53,160000,0,user_20,309,317,
2259,54,160000,0,user_22,314,317,
2274,55,160000,0,user_32,314,317,
2015,56,159999,0,user_16,310,317,1426
2208,57,159999,0,user_17,313,317,1426
2195,58,150000,13900,user_49,312,317,
1874,59,120000,350000,user_38,308,317,
2284,60,120000,0,user_40,314,317,
2188,61,110000,0,user_38,312,317,
2230,62,100000,0,user_43,313,317,
2264,63,98000,769000,user_29,314,317,
2265,64,82000,0,user_29,314,317,
2491,0,30000000,0,user_23,317,318,
2411,5,6100001,0,user_19,316,319,1502
2412,6,6100001,0,user_19,316,319,1502
2410,7,6100001,0,user_18,316,319,1502
2539,8,6100001,0,user_2,318,319,1502
2543,5,6100001,0,user_7,318,318,1502
2408,16,6099999,0,user_16,316,319,1502
2478,17,6099999,0,user_5,317,319,1502
2483,18,6099999,0,user_11,317,319,1502
2544,9,6099999,0,user_7,318,318,1502
2545,10,6099999,0,user_7,318,318,1502
2374,11,2500000,5630,user_38,315,318,
2435,12,2100000,0,user_38,316,318,
2487,13,2000001,0,user_17,317,318,1640
2384,14,1400000,0,user_49,315,318,
2383,29,1400000,381000,user_48,315,319,
2509,16,1000000,0,user_41,317,318,
2445,17,910000,0,user_49,316,318,
2409,48,309999,0,user_18,316,319,1376
2510,19,220000,0,user_41,317,318,
2484,57,169999,0,user_13,317,319,1434
2547,21,160001,0,user_10,318,318,1426
2511,22,160000,195000,user_43,317,318,
2420,64,150000,0,user_26,316,319,
2089,74,110000,0,user_34,311,319,
2372,79,100000,0,user_34,315,319,
2492,26,70000,0,user_23,317,318,
2496,0,19000000,0,user_31,317,319,
2358,1,6300000,510000,user_26,315,319,
2347,2,6100001,0,user_18,315,319,1502
2349,3,6100001,0,user_18,315,319,1502
2404,4,6100001,0,user_11,316,319,1502
2411,5,6100001,0,user_19,316,319,1502
2412,6,6100001,0,user_19,316,319,1502
2410,7,6100001,0,user_18,316,319,1502
2539,8,6100001,0,user_2,318,319,1502
2234,9,6100000,0,user_49,313,319,
2398,10,6099999,0,user_4,316,319,1502
2352,11,6099999,0,user_19,315,319,1502
2399,12,6099999,0,user_5,316,319,1502
2348,13,6099999,0,user_18,315,319,1502
2350,14,6099999,0,user_18,315,319,1502
2477,15,6099999,0,user_2,317,319,1502
2408,16,6099999,0,user_16,316,319,1502
2478,17,6099999,0,user_5,317,319,1502
2483,18,6099999,0,user_11,317,319,1502
2356,19,4200000,0,user_23,315,319,
2181,20,2600000,0,user_34,312,319,
2233,21,2400000,0,user_49,313,319,
2362,22,2300000,0,user_29,315,319,
2263,23,2100000,769000,user_28,314,319,
2346,24,2000001,0,user_17,315,319,1640
2403,25,2000001,0,user_10,316,319,1640
2402,26,1999999,0,user_10,316,319,1640
2499,27,1500000,0,user_33,317,319,
2277,28,1400000,0,user_34,314,319,
2383,29,1400000,381000,user_48,315,319,
2353,30,1400000,0,user_20,315,319,
2572,31,1400000,15300,user_35,318,319,
2396,32,1000001,0,user_4,316,319,1795
2359,33,1000000,0,user_26,315,319,
2568,34,1000000,0,user_31,318,319,
2406,35,999999,0,user_13,316,319,1795
2476,36,999999,0,user_2,317,319,1795
2595,37,999999,0,user_1,319,319,1795
2376,38,970000,0,user_41,315,319,
2504,39,660000,0,user_37,317,319,
2361,40,600000,0,user_26,315,319,
2194,41,470000,0,user_48,312,319,
2294,42,460000,322000,user_48,314,319,
2260,43,370000,0,user_23,314,319,
2285,44,370000,0,user_41,314,319,
2288,45,340000,33300,user_43,314,319,
2345,46,310001,0,user_16,315,319,1376
2479,47,309999,0,user_7,317,319,1376
2409,48,309999,0,user_18,316,319,1376
2360,49,300000,0,user_26,315,319,
2286,50,260000,161000,user_41,314,319,
2502,51,220000,0,user_35,317,319,
2339,52,170001,0,user_8,315,319,1434
2351,53,170001,0,user_18,315,319,1434
2546,54,170001,0,user_9,318,319,1434
2594,55,170001,0,user_0,319,319,1434
2296,56,170000,0,user_49,314,319,
2484,57,169999,0,user_13,317,319,1434
2342,58,160001,0,user_12,315,319,1426
2340,59,160001,0,user_10,315,319,1426
2481,60,160001,0,user_9,317,319,1426
2516,61,160000,21800,user_47,317,319,
2397,62,159999,0,user_4,316,319,1426
2401,63,159999,0,user_10,316,319,1426
2420,64,150000,0,user_26,316,319,
2355,65,150000,84800,user_23,315,319,
2378,66,150000,0,user_43,315,319,
2567,67,130000,15300,user_30,318,319,
2282,68,120000,0,user_38,314,319,
2501,69,120000,0,user_35,317,319,
2571,70,120000,0,user_35,318,319,
2354,71,110000,0,user_22,315,319,
2363,72,110000,0,user_29,315,319,
2380,73,110000,0,user_46,315,319,
2089,74,110000,0,user_34,311,319,
2289,75,110000,84800,user_44,314,319,
2293,76,110000,0,user_48,314,319,
2494,77,110000,0,user_30,317,319,
2573,78,110000,0,user_37,318,319,
2372,79,100000,0,user_34,315,319,
2221,80,98000,0,user_38,313,319,
2561,81,83000,0,user_21,318,319,
2295,82,82000,0,user_49,314,319,
2495,83,77000,0,user_30,317,319,
2192,84,70000,0,user_44,312,319,
1310,11,970000,0,user_1,320,321,
1309,17,120000,0,user_0,320,321,
1315,1,6300000,0,user_7,320,322,
1352,5,5200000,0,user_43,320,327,
1350,8,3600000,0,user_43,320,327,
1316,5,2600000,0,user_7,320,322,
1360,10,1400001,0,user_2,321,322,1312
1364,8,1400001,0,user_7,321,323,1312
1367,34,1400001,0,user_10,321,327,1312
1312,11,1400000,10700,user_4,320,322,
1359,14,1399999,0,user_2,321,322,1312
1327,40,1000000,0,user_20,320,327,
1349,41,1000000,0,user_43,320,327,
1310,11,970000,0,user_1,320,321,
1319,17,970000,0,user_11,320,322,
1330,63,360000,0,user_23,320,327,
1311,23,360000,0,user_3,320,322,
1348,68,310000,0,user_43,320,327,
1313,29,150000,0,user_5,320,322,
1309,17,120000,0,user_0,320,321,
1314,33,120000,0,user_6,320,322,
1322,35,110000,0,user_13,320,322,
1351,92,73000,0,user_43,320,327,
1336,0,30000000,0,user_25,320,322,
1315,1,6300000,0,user_7,320,322,
1318,2,3600000,0,user_9,320,322,
1331,3,3600000,0,user_24,320,322,
1342,4,3500000,8520,user_33,320,322,
1316,5,2600000,0,user_7,320,322,
1337,6,2100000,0,user_25,320,322,
1383,7,2000000,36800,user_30,321,322,
1324,8,1500000,0,user_15,320,322,
1341,9,1500000,0,user_32,320,322,
1360,10,1400001,0,user_2,321,322,1312
1312,11,1400000,10700,user_4,320,322,
1334,12,1400000,0,user_24,320,322,
1371,13,1400000,0,user_15,321,322,
1359,14,1399999,0,user_2,321,322,1312
1329,15,1000000,0,user_21,320,322,
1389,16,1000000,0,user_37,321,322,
1319,17,970000,0,user_11,320,322,
1328,18,910000,0,user_21,320,322,
1333,19,670000,0,user_24,320,322,
1404,20,600001,0,user_0,322,322,1357
1357,21,600000,49100,user_47,320,322,
1385,22,370000,0,user_30,321,322,
1311,23,360000,0,user_3,320,322,
1405,24,310001,0,user_1,322,322,1376
1376,25,310000,4320000,user_25,321,322,
1406,26,309999,0,user_1,322,322,1376
1407,27,309999,0,user_1,322,322,1376
1408,28,309999,0,user_1,322,322,1376
1313,29,150000,0,user_5,320,322,
1377,30,150000,0,user_25,321,322,
1339,31,130000,0,user_30,320,322,
1340,32,120000,0,user_31,320,322,
1314,33,120000,0,user_6,320,322,
1335,34,120000,0,user_24,320,322,
1322,35,110000,0,user_13,320,322,
1386,36,110000,0,user_31,321,322,
1332,37,110000,0,user_24,320,322,
1398,38,84000,0,user_47,321,322,
1384,39,79000,0,user_30,321,322,
1366,40,77000,0,user_9,321,322,
1356,0,2300000,779000,user_46,320,323,
1362,1,2299999,0,user_4,321,323,1356
1410,2,1999999,0,user_2,322,323,1383
1466,3,1999999,0,user_0,323,323,1383
1325,4,1500000,0,user_18,320,323,
1427,5,1500000,49100,user_25,322,323,
1317,6,1400001,0,user_8,320,323,1312
1323,7,1400001,0,user_14,320,323,1312
1364,8,1400001,0,user_7,321,323,1312
1368,9,1400001,0,user_11,321,323,1312
1361,10,1399999,0,user_3,321,323,1312
1320,11,1399999,0,user_12,320,323,1312
1321,12,1399999,0,user_12,320,323,1312
1363,13,1399999,0,user_6,321,323,1312
1409,14,600001,0,user_2,322,323,1357
1413,15,600001,0,user_9,322,323,1357
1418,16,600001,0,user_15,322,323,1357
1452,17,470000,181000,user_47,322,323,
1439,18,460000,13900,user_33,322,323,
1355,19,350000,0,user_46,320,323,
1440,20,350000,0,user_33,322,323,
1346,21,340000,0,user_40,320,323,
1443,22,310000,35600,user_37,322,323,
1468,23,309999,0,user_1,323,323,1376
1469,24,309999,0,user_1,323,323,1376
1467,25,160001,0,user_0,323,323,1426
1426,26,160000,4320000,user_24,322,323,
1442,27,110000,0,user_37,322,323,
1422,28,85000,0,user_21,322,323,
1449,4,6100000,0,user_43,322,327,
1425,6,5000000,0,user_23,322,327,
1401,10,3500000,0,user_49,321,327,
1419,14,2400001,0,user_17,322,327,1395
1485,27,2000000,0,user_20,323,327,
1444,31,1600000,16400,user_38,322,327,
1447,47,630000,0,user_41,322,327,
1495,64,360000,0,user_28,323,327,
1454,66,320000,0,user_49,322,327,
1487,70,260000,0,user_23,323,327,
1481,73,219999,0,user_17,323,327,1393
1554,74,219999,0,user_10,324,327,1393
1421,83,160000,0,user_20,322,327,
1390,84,150000,0,user_38,321,327,
1344,85,120000,0,user_38,320,327,
1455,86,120000,0,user_49,322,327,
1392,0,43000000,0,user_40,321,325,
1502,1,6100000,4320000,user_35,323,325,
1489,2,5000000,0,user_25,323,325,
1490,3,4200000,0,user_25,323,325,
1411,4,2300001,0,user_3,322,325,1356
1417,5,2300001,0,user_13,322,325,1356
1470,6,2300001,0,user_2,323,325,1356
1365,7,2300001,0,user_8,321,325,1356
1415,8,2300001,0,user_12,322,325,1356
1369,9,2299999,0,user_14,321,325,1356
1382,10,2000000,0,user_29,321,325,
1433,11,2000000,0,user_29,322,325,
1431,12,2000000,0,user_26,322,325,
1451,13,1800000,0,user_46,322,325,
1503,14,1600000,0,user_35,323,325,
1370,15,1400001,0,user_14,321,325,1312
1580,16,1400000,16400,user_33,324,325,
1412,17,1399999,0,user_8,322,325,1312
1416,18,1399999,0,user_12,322,325,1312
1486,19,1200000,0,user_21,323,325,
1424,20,1000000,0,user_22,322,325,
1498,21,910000,0,user_31,323,325,
1378,22,660000,0,user_26,321,325,
1499,23,630000,285000,user_33,323,325,
1423,24,630000,0,user_22,322,325,
1420,25,460001,0,user_19,322,325,1396
1396,26,460000,215000,user_44,321,325,
1504,27,370000,0,user_37,323,325,
1471,28,310001,0,user_2,323,325,1376
1545,29,310001,0,user_0,324,325,1376
1472,30,310001,0,user_3,323,325,1376
1428,31,260000,0,user_26,322,325,
1430,32,260000,0,user_26,322,325,
1432,33,260000,0,user_26,322,325,
1446,34,190000,0,user_40,322,325,
1546,35,170001,0,user_2,324,325,1434
1434,36,170000,4320000,user_29,322,325,
1473,37,169999,0,user_4,323,325,1434
1478,38,160001,0,user_13,323,325,1426
1607,39,160001,0,user_1,325,325,1426
1491,40,160000,0,user_25,323,325,
1500,41,160000,64600,user_33,323,325,
1474,42,159999,0,user_5,323,325,1426
1475,43,159999,0,user_6,323,325,1426
1518,44,150000,0,user_47,323,325,
1326,45,130000,0,user_19,320,325,
1358,46,120000,0,user_48,320,325,
1429,47,120000,0,user_26,322,325,
1488,48,110000,381000,user_25,323,325,
1567,49,98000,0,user_25,324,325,
1373,50,87000,0,user_19,321,325,
1375,51,84000,35600,user_22,321,325,
1399,52,73000,0,user_48,321,325,
1400,53,70000,0,user_48,321,325,
1587,0,27000000,0,user_37,324,326,
1624,1,6100001,0,user_15,325,326,1502
1560,2,6099999,0,user_15,324,326,1502
1625,3,6099999,0,user_15,325,326,1502
1626,4,6099999,0,user_15,325,326,1502
1576,5,2600000,0,user_32,324,326,
1650,6,2600000,17000,user_37,325,326,
1616,7,2300001,0,user_9,325,326,1356
1617,8,2300001,0,user_9,325,326,1356
1663,9,2299999,0,user_1,326,326,1356
1436,10,2000000,0,user_32,322,326,
1644,11,2000000,0,user_35,325,326,
1585,12,1800000,0,user_35,324,326,
1435,13,1100000,0,user_32,322,326,
1645,14,1000000,0,user_35,325,326,
1647,15,670000,164000,user_37,325,326,
1648,16,670000,381000,user_37,325,326,
1643,17,600000,0,user_33,325,326,
1661,18,310001,0,user_0,326,326,1376
1664,19,310001,0,user_1,326,326,1376
1577,20,310000,0,user_32,324,326,
1649,21,300000,0,user_37,325,326,
1578,22,260000,0,user_32,324,326,
1657,23,240000,0,user_47,325,326,
1662,24,170001,0,user_0,326,326,1434
1637,25,170000,0,user_25,325,326,
1553,26,160001,0,user_9,324,326,1426
1614,27,160001,0,user_9,325,326,1426
1615,28,160001,0,user_9,325,326,1426
1627,29,160001,0,user_15,325,326,1426
1623,30,159999,0,user_15,325,326,1426
1579,31,150000,0,user_32,324,326,
1437,32,110000,0,user_32,322,326,
1438,33,110000,0,user_32,322,326,
1658,34,110000,0,user_47,325,326,
1595,0,43000000,0,user_46,324,327,
1642,1,27000000,0,user_32,325,327,
1753,2,6100001,0,user_0,327,327,1502
1453,3,6100000,0,user_48,322,327,
1449,4,6100000,0,user_43,322,327,
1352,5,5200000,0,user_43,320,327,
1425,6,5000000,0,user_23,322,327,
1497,7,4200000,0,user_29,323,327,
1350,8,3600000,0,user_43,320,327,
1704,9,3600000,100000,user_33,326,327,
1401,10,3500000,0,user_49,321,327,
1681,11,3200000,0,user_21,326,327,
1705,12,2500000,0,user_35,326,327,
1414,13,2400001,0,user_10,322,327,1395
1419,14,2400001,0,user_17,322,327,1395
1395,15,2400000,322000,user_43,321,327,
1612,16,2399999,0,user_7,325,327,1395
1555,17,2300001,0,user_12,324,327,1356
1559,18,2300001,0,user_14,324,327,1356
1666,19,2300001,0,user_2,326,327,1356
1757,20,2300001,0,user_1,327,327,1356
1550,21,2299999,0,user_6,324,327,1356
1665,22,2299999,0,user_2,326,327,1356
1752,23,2299999,0,user_0,327,327,1356
1755,24,2299999,0,user_0,327,327,1356
1756,25,2299999,0,user_0,327,327,1356
1374,26,2000000,0,user_20,321,327,
1485,27,2000000,0,user_20,323,327,
1572,28,1800000,0,user_29,324,327,
1517,29,1600000,0,user_46,323,327,
1574,30,1600000,0,user_29,324,327,
1444,31,1600000,16400,user_38,322,327,
1721,32,1600000,256000,user_47,326,327,
1687,33,1500000,0,user_24,326,327,
1367,34,1400001,0,user_10,321,327,1312
1492,35,1200000,0,user_26,323,327,
1706,36,1100000,0,user_35,326,327,
1511,37,1000000,0,user_40,323,327,
1594,38,1000000,0,user_46,324,327,
1596,39,1000000,17000,user_46,324,327,
1327,40,1000000,0,user_20,320,327,
1349,41,1000000,0,user_43,320,327,
1712,42,970000,0,user_37,326,327,
1575,43,910000,0,user_29,324,327,
1711,44,670000,0,user_37,326,327,
1573,45,660000,0,user_29,324,327,
1700,46,660000,0,user_30,326,327,
1447,47,630000,0,user_41,322,327,
1597,48,530000,0,user_46,324,327,
1688,49,470000,0,user_25,326,327,
1549,50,460001,0,user_5,324,327,1396
1551,51,460001,0,user_8,324,327,1396
1556,52,460001,0,user_12,324,327,1396
1621,53,460001,0,user_13,325,327,1396
1496,54,460000,0,user_29,323,327,
1547,55,459999,0,user_4,324,327,1396
1480,56,459999,0,user_16,323,327,1396
1483,57,459999,0,user_19,323,327,1396
1484,58,459999,0,user_19,323,327,1396
1557,59,459999,0,user_13,324,327,1396
1558,60,459999,0,user_14,324,327,1396
1611,61,459999,0,user_6,325,327,1396
1701,62,420000,0,user_31,326,327,
1330,63,360000,0,user_23,320,327,
1495,64,360000,0,user_28,323,327,
1703,65,340000,0,user_33,326,327,
1454,66,320000,0,user_49,322,327,
1676,67,310001,0,user_15,326,327,1376
1348,68,310000,0,user_43,320,327,
1609,69,309999,0,user_4,325,327,1376
1487,70,260000,0,user_23,323,327,
1724,71,260000,0,user_47,326,327,
1393,72,220000,100000,user_41,321,327,
1481,73,219999,0,user_17,323,327,1393
1554,74,219999,0,user_10,324,327,1393
1476,75,170001,0,user_8,323,327,1434
1552,76,170001,0,user_8,324,327,1434
1608,77,170001,0,user_4,325,327,1434
1610,78,170001,0,user_4,325,327,1434
1477,79,169999,0,user_12,323,327,1434
1548,80,169999,0,user_5,324,327,1434
1754,81,169999,0,user_0,327,327,1434
1479,82,160001,0,user_14,323,327,1426
1421,83,160000,0,user_20,322,327,
1390,84,150000,0,user_38,321,327,
1344,85,120000,0,user_38,320,327,
1455,86,120000,0,user_49,322,327,
1722,87,120000,0,user_47,326,327,
1450,88,110000,15700,user_44,322,327,
1723,89,110000,164000,user_47,326,327,
1598,90,87000,0,user_46,324,327,
1381,91,84000,0,user_28,321,327,
1351,92,73000,0,user_43,320,327,
1566,0,27000000,17000,user_23,324,328,
1570,1,6300000,0,user_28,324,328,
1784,2,6300000,14200,user_31,327,328,
1599,3,3600000,0,user_48,324,328,
1507,4,3500000,0,user_38,323,328,
1583,5,2500000,12800,user_34,324,328,
1613,6,2299999,0,user_8,325,328,1356
1667,7,2299999,0,user_4,326,328,1356
1668,8,2299999,0,user_5,326,328,1356
1761,9,2299999,0,user_9,327,328,1356
1829,10,2299999,0,user_0,328,328,1356
1509,11,2000000,0,user_38,323,328,
1571,12,2000000,0,user_28,324,328,
1501,13,1700000,0,user_34,323,328,
1634,14,1600001,0,user_19,325,328,1581
1635,15,1600001,0,user_19,325,328,1581
1581,16,1600000,769000,user_34,324,328,
1772,17,1600000,0,user_21,327,328,
1786,18,1600000,0,user_31,327,328,
1771,19,1500000,231000,user_21,327,328,
1776,20,1500000,0,user_24,327,328,
1506,21,1400000,0,user_38,323,328,
1781,22,1000000,17000,user_30,327,328,
1790,23,1000000,13900,user_35,327,328,
1565,24,970000,0,user_23,324,328,
1505,25,910000,0,user_38,323,328,
1522,26,870000,0,user_49,323,328,
1590,27,660000,0,user_41,324,328,
1830,28,650001,0,user_1,328,328,1521
1582,29,650000,0,user_34,324,328,
1521,30,650000,1100000,user_49,323,328,
1629,31,460001,0,user_16,325,328,1396
1620,32,459999,0,user_12,325,328,1396
1564,33,459999,0,user_19,324,328,1396
1630,34,459999,0,user_16,325,328,1396
1789,35,360000,0,user_33,327,328,
1653,36,300000,0,user_40,325,328,
1562,37,220001,0,user_17,324,328,1393
1513,38,220000,0,user_44,323,328,
1584,39,220000,0,user_34,324,328,
1622,40,170001,0,user_14,325,328,1434
1670,41,170001,0,user_7,326,328,1434
1758,42,170001,0,user_2,327,328,1434
1783,43,170000,0,user_31,327,328,
1669,44,169999,0,user_6,326,328,1434
1618,45,169999,0,user_10,325,328,1434
1762,46,169999,0,user_9,327,328,1434
1619,47,160001,0,user_12,325,328,1426
1519,48,160000,0,user_48,323,328,
1569,49,160000,0,user_28,324,328,
1785,50,160000,283000,user_31,327,328,
1561,51,159999,0,user_16,324,328,1426
1628,52,159999,0,user_16,325,328,1426
1641,53,150000,0,user_29,325,328,
1508,54,150000,0,user_38,323,328,
1777,55,110000,0,user_25,327,328,
1782,56,110000,0,user_31,327,328,
1514,57,85000,64600,user_44,323,328,
1600,58,77000,0,user_48,324,328,
1654,59,77000,0,user_40,325,328,
1520,60,73000,0,user_48,323,328,
1923,4,6100001,0,user_10,329,332,1502
1847,9,6099999,0,user_17,328,332,1502
1850,11,3600000,73100,user_20,328,332,
1851,14,2500000,0,user_20,328,332,
1878,15,2400000,11200,user_43,328,332,
1372,39,1399999,0,user_18,321,330,1312
1806,30,1000000,0,user_49,327,332,
1792,37,260000,0,user_38,327,332,
1863,38,260000,34700,user_28,328,332,
1877,64,79000,0,user_41,328,332,
1680,0,30000000,769000,user_20,326,330,
1833,1,6100001,0,user_3,328,330,1502
1671,2,6099999,0,user_10,326,330,1502
1763,3,6099999,0,user_10,327,330,1502
1769,4,6099999,0,user_18,327,330,1502
1693,5,5000000,0,user_26,326,330,
1683,6,3500000,67500,user_22,326,330,
1698,7,2500000,0,user_29,326,330,
1672,8,2300001,0,user_12,326,330,1356
1673,9,2300001,0,user_12,326,330,1356
1674,10,2300001,0,user_12,326,330,1356
1765,11,2300001,0,user_12,327,330,1356
1767,12,2300001,0,user_16,327,330,1356
1839,13,2299999,0,user_9,328,330,1356
1675,14,2299999,0,user_14,326,330,1356
1766,15,2299999,0,user_14,327,330,1356
1832,16,2000001,0,user_3,328,330,1640
1836,17,2000001,0,user_5,328,330,1640
1841,18,2000001,0,user_11,328,330,1640
2000,19,2000001,0,user_1,330,330,1640
1640,20,2000000,4320000,user_28,325,330,
1760,21,1999999,0,user_7,327,330,1640
1831,22,1999999,0,user_2,328,330,1640
1835,23,1999999,0,user_4,328,330,1640
1837,24,1999999,0,user_7,328,330,1640
1917,25,1999999,0,user_2,329,330,1640
1999,26,1999999,0,user_1,330,330,1640
1682,27,1900000,16400,user_22,326,330,
1963,28,1900000,0,user_33,329,330,
1773,29,1800000,0,user_22,327,330,
1883,30,1600000,0,user_47,328,330,
1945,31,1600000,0,user_25,329,330,
1959,32,1600000,0,user_31,329,330,
1684,33,1500000,0,user_22,326,330,
1725,34,1500000,6390,user_48,326,330,
1563,35,1400001,0,user_18,324,330,1312
1678,36,1400001,0,user_18,326,330,1312
1679,37,1400001,0,user_18,326,330,1312
1958,38,1400000,0,user_30,329,330,
1372,39,1399999,0,user_18,321,330,1312
1482,40,1399999,0,user_18,323,330,1312
1633,41,1399999,0,user_18,325,330,1312
1853,42,1000000,769000,user_21,328,330,
1685,43,1000000,0,user_22,326,330,
1697,44,1000000,0,user_28,326,330,
1636,45,910000,32900,user_20,325,330,
1862,46,910000,0,user_24,328,330,
1861,47,670000,0,user_24,328,330,
1871,48,670000,0,user_35,328,330,
1720,49,670000,0,user_46,326,330,
1726,50,670000,19700,user_48,326,330,
1632,51,650001,0,user_17,325,330,1521
1759,52,649999,0,user_3,327,330,1521
1631,53,649999,0,user_17,325,330,1521
1764,54,649999,0,user_11,327,330,1521
1867,55,530000,0,user_33,328,330,
1699,56,470000,0,user_29,326,330,
1659,57,460000,0,user_48,325,330,
1954,58,420000,121000,user_30,329,330,
1691,59,370000,56200,user_26,326,330,
1868,60,320000,0,user_33,328,330,
1677,61,310001,0,user_16,326,330,1376
1916,62,310001,0,user_2,329,330,1376
1770,63,309999,0,user_19,327,330,1376
1866,64,260000,0,user_31,328,330,
1858,65,260000,0,user_24,328,330,
1962,66,240000,24700,user_33,329,330,
1859,67,220000,510000,user_24,328,330,
1860,68,220000,47700,user_24,328,330,
1915,69,170001,0,user_0,329,330,1434
1834,70,170001,0,user_4,328,330,1434
1689,71,170000,0,user_26,326,330,
1957,72,170000,0,user_30,329,330,
1873,73,160000,0,user_37,328,330,
1686,74,160000,296000,user_23,326,330,
1842,75,159999,0,user_13,328,330,1426
1655,76,150000,0,user_41,325,330,
1692,77,150000,0,user_26,326,330,
1696,78,150000,0,user_28,326,330,
1852,79,120000,0,user_21,328,330,
1690,80,120000,43600,user_26,326,330,
1716,81,120000,0,user_41,326,330,
1955,82,120000,0,user_30,329,330,
1780,83,110000,15100,user_29,327,330,
1956,84,87000,71800,user_30,329,330,
1865,85,83000,296000,user_30,328,330,
1717,86,80000,0,user_41,326,330,
1960,87,70000,256000,user_31,329,330,
2031,0,43000000,7840,user_35,330,331,
1943,1,27000000,0,user_24,329,331,
2014,2,6100001,0,user_15,330,331,1502
1702,3,4200000,0,user_32,326,331,
1942,4,4200000,0,user_24,329,331,
1976,5,4200000,0,user_47,329,331,
2022,6,2600000,0,user_25,330,331,
2032,7,2600000,0,user_35,330,331,
2051,8,2000001,0,user_0,331,331,1640
2020,9,2000000,0,user_25,330,331,
1978,10,870000,0,user_47,329,331,
1922,11,649999,0,user_9,329,331,1521
1931,12,649999,0,user_15,329,331,1521
2009,13,649999,0,user_9,330,331,1521
1944,14,630000,0,user_24,329,331,
2029,15,470000,0,user_33,330,331,
2033,16,310000,0,user_35,330,331,
1965,17,220000,0,user_35,329,331,
2034,18,170000,0,user_35,330,331,
2052,19,159999,0,user_1,331,331,1426
1787,20,150000,0,user_32,327,331,
2019,21,130000,0,user_24,330,331,
2021,22,120000,0,user_25,330,331,
2026,23,110000,0,user_31,330,331,
1941,24,110000,0,user_24,329,331,
1975,25,110000,0,user_47,329,331,
1977,26,100000,0,user_47,329,331,
1788,27,84000,0,user_32,327,331,
1961,28,82000,0,user_32,329,331,
1660,0,43000000,0,user_49,325,332,
1797,1,27000000,0,user_41,327,332,
2003,2,6100001,0,user_3,330,332,1502
2006,3,6100001,0,user_6,330,332,1502
1923,4,6100001,0,user_10,329,332,1502
1918,5,6099999,0,user_3,329,332,1502
1919,6,6099999,0,user_6,329,332,1502
1768,7,6099999,0,user_17,327,332,1502
1840,8,6099999,0,user_10,328,332,1502
1847,9,6099999,0,user_17,328,332,1502
2099,33,4200000,410000,user_47,331,334,
1850,11,3600000,73100,user_20,328,332,
2091,34,3600000,0,user_37,331,334,
1802,13,2500000,14200,user_43,327,332,
1851,14,2500000,0,user_20,328,332,
1878,15,2400000,11200,user_43,328,332,
2079,39,2400000,47700,user_25,331,334,
2002,17,2000001,0,user_3,330,332,1640
2004,18,2000001,0,user_3,330,332,1640
2005,19,2000001,0,user_5,330,332,1640
1946,20,2000000,0,user_26,329,332,
1924,21,1999999,0,user_11,329,332,1640
1849,22,1999999,0,user_19,328,332,1640
1932,23,1999999,0,user_16,329,332,1640
1933,24,1999999,0,user_16,329,332,1640
2068,55,1999999,0,user_15,331,334,1640
1947,26,1100000,381000,user_26,329,332,
2086,59,1100000,0,user_30,331,334,
2053,28,1000001,0,user_2,331,332,1795
1795,29,1000000,7190000,user_40,327,332,
1806,30,1000000,0,user_49,327,332,
1779,31,420000,0,user_28,327,332,
2100,85,360000,0,user_47,331,334,
2154,87,310001,0,user_0,332,334,1376
1948,34,310000,0,user_26,329,332,
2028,90,310000,0,user_32,330,334,
1775,36,260000,33100,user_23,327,332,
1792,37,260000,0,user_38,327,332,
1863,38,260000,34700,user_28,328,332,
1801,39,220000,0,user_43,327,332,
1803,40,220000,0,user_43,327,332,
2102,94,220000,0,user_47,331,334,
1774,42,190000,0,user_23,327,332,
2155,96,170001,0,user_1,332,334,1434
1651,44,170000,0,user_38,325,332,
2088,98,170000,215000,user_33,331,334,
1848,46,169999,0,user_18,328,332,1434
2001,47,169999,0,user_3,330,332,1434
2007,48,160001,0,user_7,330,332,1426
2061,49,160001,0,user_9,331,332,1426
2067,50,160001,0,user_15,331,332,1426
2027,51,160000,0,user_32,330,332,
2077,52,160000,0,user_24,331,332,
1713,53,150000,0,user_38,326,332,
1968,54,130000,0,user_40,329,332,
1796,55,120000,164000,user_41,327,332,
2087,56,120000,164000,user_31,331,332,
2101,57,120000,56200,user_47,331,332,
1794,58,110000,0,user_40,327,332,
1805,59,110000,0,user_48,327,332,
2076,60,110000,5630,user_24,331,332,
1800,61,85000,0,user_43,327,332,
1876,62,84000,8520,user_40,328,332,
2078,63,84000,0,user_24,331,332,
1877,64,79000,0,user_41,328,332,
2176,49,2000000,0,user_25,332,334,
2169,60,1100000,0,user_21,332,334,
2180,75,530000,0,user_33,332,334,
2179,80,420000,0,user_31,332,334,
2168,86,350000,0,user_21,332,334,
2196,5,169999,0,user_1,333,333,1434
2041,0,43000000,0,user_46,330,336,
1979,2,30000000,0,user_48,329,336,
1938,4,27000000,0,user_22,329,336,
2223,0,19000000,0,user_41,333,337,
1857,5,19000000,0,user_22,328,336,
1879,6,6300000,0,user_44,328,336,
1928,7,6100001,0,user_12,329,336,1502
2055,8,6100001,0,user_4,331,336,1502
2057,9,6100001,0,user_6,331,336,1502
2163,10,6100001,0,user_13,332,336,1502
2065,11,6100001,0,user_12,331,336,1502
2158,12,6100001,0,user_8,332,336,1502
2160,13,6100001,0,user_8,332,336,1502
2070,14,6100001,0,user_16,331,336,1502
2073,15,6100001,0,user_19,331,336,1502
2201,16,6100001,0,user_6,333,336,1502
2238,17,6100001,0,user_2,334,336,1502
2080,21,6100000,0,user_26,331,336,
2054,22,6099999,0,user_3,331,336,1502
1846,23,6099999,0,user_14,328,336,1502
2016,24,6099999,0,user_19,330,336,1502
2056,25,6099999,0,user_5,331,336,1502
2156,27,6099999,0,user_3,332,336,1502
2197,28,6099999,0,user_3,333,336,1502
2066,29,6099999,0,user_14,331,336,1502
2198,30,6099999,0,user_4,333,336,1502
2199,31,6099999,0,user_4,333,336,1502
2069,32,6099999,0,user_16,331,336,1502
2166,33,6099999,0,user_16,332,336,1502
2200,34,6099999,0,user_5,333,336,1502
2204,35,6099999,0,user_13,333,336,1502
2017,41,5000000,12800,user_22,330,336,
1970,42,4500000,146000,user_44,329,336,
2099,33,4200000,410000,user_47,331,334,
2091,34,3600000,0,user_37,331,334,
1882,43,3500000,0,user_46,328,336,
1870,44,3500000,0,user_34,328,336,
1964,46,2500000,35600,user_34,329,336,
2191,18,2400000,0,user_43,332,337,
2079,39,2400000,47700,user_25,331,334,
1838,51,2000001,0,user_8,328,336,1640
1843,52,2000001,0,user_14,328,336,1640
1844,53,2000001,0,user_14,328,336,1640
1921,54,2000001,0,user_8,329,336,1640
1927,55,2000001,0,user_12,329,336,1640
1930,56,2000001,0,user_14,329,336,1640
2008,57,2000001,0,user_8,330,336,1640
2012,58,2000001,0,user_12,330,336,1640
1973,60,2000000,0,user_46,329,336,
2176,49,2000000,0,user_25,332,334,
1845,64,1999999,0,user_14,328,336,1640
1926,65,1999999,0,user_12,329,336,1640
1929,66,1999999,0,user_12,329,336,1640
2013,67,1999999,0,user_14,330,336,1640
1936,68,1999999,0,user_18,329,336,1640
2068,55,1999999,0,user_15,331,334,1640
2171,21,1600000,0,user_23,332,337,
2213,22,1600000,0,user_28,333,337,
2030,75,1400000,0,user_34,330,336,
2086,59,1100000,0,user_30,331,334,
2169,60,1100000,0,user_21,332,334,
2157,82,1000001,0,user_6,332,336,1795
2159,83,1000001,0,user_8,332,336,1795
1953,85,1000000,0,user_29,329,336,
2042,86,1000000,0,user_48,330,336,
2189,87,1000000,0,user_40,332,336,
2064,89,999999,0,user_11,331,336,1795
2060,90,999999,0,user_8,331,336,1795
2229,30,910000,0,user_43,333,337,
2037,92,910000,0,user_40,330,336,
2043,93,910000,0,user_48,330,336,
2082,95,670000,256000,user_26,331,336,
1864,97,660000,164000,user_29,328,336,
1869,99,650000,0,user_34,328,336,
2083,74,630000,0,user_26,331,334,
2180,75,530000,0,user_33,332,334,
2170,76,530000,0,user_22,332,334,
1974,77,470000,381000,user_46,329,334,
1854,78,460000,0,user_22,328,334,
1980,79,420000,0,user_48,329,334,
2179,80,420000,0,user_31,332,334,
2178,35,370000,36800,user_28,332,337,
2103,36,360000,0,user_49,331,337,
1856,83,360000,0,user_22,328,334,
1884,84,360000,0,user_48,328,334,
2100,85,360000,0,user_47,331,334,
2168,86,350000,0,user_21,332,334,
2154,87,310001,0,user_0,332,334,1376
2164,88,310001,0,user_13,332,334,1376
2244,89,310001,0,user_7,334,334,1376
2028,90,310000,0,user_32,330,334,
1925,91,309999,0,user_12,329,334,1376
1880,92,300000,0,user_44,328,334,
2025,93,260000,0,user_29,330,334,
2102,94,220000,0,user_47,331,334,
2081,95,220000,0,user_26,331,334,
2155,96,170001,0,user_1,332,334,1434
2250,46,170001,0,user_10,334,337,1434
2088,98,170000,215000,user_33,331,334,
1920,99,169999,0,user_8,329,334,1434
2239,18,6100001,0,user_3,334,336,1502
2203,19,6100001,0,user_12,333,336,1502
2243,20,6100001,0,user_6,334,336,1502
2240,37,6099999,0,user_4,334,336,1502
2207,38,6099999,0,user_16,333,336,1502
2338,12,6099999,0,user_7,335,337,1502
2263,23,2100000,769000,user_28,334,339,
2232,61,2000000,283000,user_46,333,336,
2241,84,1000001,0,user_4,334,336,1795
2242,91,999999,0,user_5,334,336,1795
2260,43,370000,0,user_23,334,339,
2285,44,370000,0,user_41,334,339,
2288,45,340000,33300,user_43,334,339,
2202,13,310001,0,user_8,333,335,1376
2286,50,260000,161000,user_41,334,339,
2252,15,160001,0,user_13,334,335,1426
2331,16,160001,0,user_2,335,335,1426
2340,59,160001,0,user_10,335,339,1426
2205,18,159999,0,user_14,333,335,1426
1855,19,98000,0,user_22,328,335,
1881,20,80000,0,user_46,328,335,
2041,0,43000000,0,user_46,330,336,
2184,1,30000000,0,user_35,332,336,
1979,2,30000000,0,user_48,329,336,
2035,3,30000000,0,user_38,330,336,
1938,4,27000000,0,user_22,329,336,
1857,5,19000000,0,user_22,328,336,
1879,6,6300000,0,user_44,328,336,
1928,7,6100001,0,user_12,329,336,1502
2055,8,6100001,0,user_4,331,336,1502
2057,9,6100001,0,user_6,331,336,1502
2163,10,6100001,0,user_13,332,336,1502
2065,11,6100001,0,user_12,331,336,1502
2158,12,6100001,0,user_8,332,336,1502
2160,13,6100001,0,user_8,332,336,1502
2070,14,6100001,0,user_16,331,336,1502
2073,15,6100001,0,user_19,331,336,1502
2201,16,6100001,0,user_6,333,336,1502
2238,17,6100001,0,user_2,334,336,1502
2239,18,6100001,0,user_3,334,336,1502
2203,19,6100001,0,user_12,333,336,1502
2243,20,6100001,0,user_6,334,336,1502
2080,21,6100000,0,user_26,331,336,
2054,22,6099999,0,user_3,331,336,1502
1846,23,6099999,0,user_14,328,336,1502
2016,24,6099999,0,user_19,330,336,1502
2056,25,6099999,0,user_5,331,336,1502
2059,26,6099999,0,user_7,331,336,1502
2156,27,6099999,0,user_3,332,336,1502
2197,28,6099999,0,user_3,333,336,1502
2066,29,6099999,0,user_14,331,336,1502
2198,30,6099999,0,user_4,333,336,1502
2199,31,6099999,0,user_4,333,336,1502
2069,32,6099999,0,user_16,331,336,1502
2166,33,6099999,0,user_16,332,336,1502
2200,34,6099999,0,user_5,333,336,1502
2204,35,6099999,0,user_13,333,336,1502
2247,36,6099999,0,user_9,334,336,1502
2240,37,6099999,0,user_4,334,336,1502
2207,38,6099999,0,user_16,333,336,1502
2394,39,6099999,0,user_1,336,336,1502
2214,40,5200000,60700,user_30,333,336,
2017,41,5000000,12800,user_22,330,336,
1970,42,4500000,146000,user_44,329,336,
1882,43,3500000,0,user_46,328,336,
1870,44,3500000,0,user_34,328,336,
2280,45,3500000,0,user_37,334,336,
1964,46,2500000,35600,user_34,329,336,
2278,47,2400000,0,user_35,334,336,
2281,48,2300000,16400,user_37,334,336,
2165,49,2000001,0,user_15,332,336,1640
2206,50,2000001,0,user_15,333,336,1640
1838,51,2000001,0,user_8,328,336,1640
1843,52,2000001,0,user_14,328,336,1640
1844,53,2000001,0,user_14,328,336,1640
1921,54,2000001,0,user_8,329,336,1640
1927,55,2000001,0,user_12,329,336,1640
1930,56,2000001,0,user_14,329,336,1640
2008,57,2000001,0,user_8,330,336,1640
2012,58,2000001,0,user_12,330,336,1640
2218,59,2000000,0,user_33,333,336,
1973,60,2000000,0,user_46,329,336,
2232,61,2000000,283000,user_46,333,336,
2085,62,2000000,0,user_28,331,336,
2364,63,2000000,0,user_30,335,336,
1845,64,1999999,0,user_14,328,336,1640
1926,65,1999999,0,user_12,329,336,1640
1929,66,1999999,0,user_12,329,336,1640
2013,67,1999999,0,user_14,330,336,1640
1936,68,1999999,0,user_18,329,336,1640
2071,69,1999999,0,user_17,331,336,1640
2162,70,1999999,0,user_10,332,336,1640
2174,71,1900000,0,user_24,332,336,
2018,72,1600000,0,user_23,330,336,
2024,73,1600000,322000,user_28,330,336,
2211,74,1400000,0,user_25,333,336,
2030,75,1400000,0,user_34,330,336,
1940,76,1300000,0,user_23,329,336,
2187,77,1200000,161000,user_37,332,336,
2275,78,1200000,0,user_33,334,336,
2215,79,1200000,0,user_32,333,336,
2172,80,1100000,0,user_24,332,336,
2261,81,1100000,0,user_24,334,336,
2157,82,1000001,0,user_6,332,336,1795
2159,83,1000001,0,user_8,332,336,1795
2241,84,1000001,0,user_4,334,336,1795
1953,85,1000000,0,user_29,329,336,
2042,86,1000000,0,user_48,330,336,
2189,87,1000000,0,user_40,332,336,
2038,88,1000000,0,user_41,330,336,
2064,89,999999,0,user_11,331,336,1795
2060,90,999999,0,user_8,331,336,1795
2242,91,999999,0,user_5,334,336,1795
2037,92,910000,0,user_40,330,336,
2043,93,910000,0,user_48,330,336,
2183,94,670000,296000,user_35,332,336,
2082,95,670000,256000,user_26,331,336,
2366,96,670000,0,user_31,335,336,
1864,97,660000,164000,user_29,328,336,
2269,98,660000,0,user_30,334,336,
1869,99,650000,0,user_34,328,336,
2223,0,19000000,0,user_41,333,337,
2253,1,6100001,0,user_14,334,337,1502
2332,2,6100001,0,user_4,335,337,1502
2333,3,6100001,0,user_4,335,337,1502
2072,4,6100001,0,user_18,331,337,1502
2341,5,6100001,0,user_11,335,337,1502
2427,6,6100000,18600,user_31,336,337,
2245,7,6099999,0,user_8,334,337,1502
2334,8,6099999,0,user_5,335,337,1502
2335,9,6099999,0,user_5,335,337,1502
2336,10,6099999,0,user_5,335,337,1502
2337,11,6099999,0,user_6,335,337,1502
2338,12,6099999,0,user_7,335,337,1502
2209,13,6099999,0,user_18,333,337,1502
2343,14,6099999,0,user_13,335,337,1502
2395,15,6099999,0,user_2,336,337,1502
2434,16,4500000,0,user_37,336,337,
2432,17,3200000,0,user_37,336,337,
2191,18,2400000,0,user_43,332,337,
2418,19,2100000,5630,user_24,336,337,
2417,20,2000000,33300,user_24,336,337,
2171,21,1600000,0,user_23,332,337,
2213,22,1600000,0,user_28,333,337,
2373,23,1500000,0,user_37,335,337,
2431,24,1500000,75000,user_37,336,337,
2433,25,1500000,0,user_37,336,337,
2419,26,1200000,47700,user_25,336,337,
2266,27,1000000,0,user_29,334,337,
2251,28,999999,0,user_12,334,337,1795
2430,29,970000,0,user_35,336,337,
2229,30,910000,0,user_43,333,337,
2426,31,910000,12300,user_30,336,337,
2267,32,630000,0,user_29,334,337,
2291,33,630000,0,user_46,334,337,
2381,34,630000,0,user_47,335,337,
2178,35,370000,36800,user_28,332,337,
2103,36,360000,0,user_49,331,337,
2413,37,320000,0,user_21,336,337,
2011,38,310001,0,user_10,330,337,1376
2344,39,310001,0,user_15,335,337,1376
2357,40,310000,0,user_24,335,337,
1939,41,260000,0,user_23,329,337,
2044,42,240000,0,user_49,330,337,
1934,43,170001,0,user_17,329,337,1434
1935,44,170001,0,user_17,329,337,1434
2010,45,170001,0,user_10,330,337,1434
2250,46,170001,0,user_10,334,337,1434
2258,47,170001,0,user_18,334,337,1434
2474,48,170001,0,user_0,337,337,1434
2475,49,170001,0,user_1,337,337,1434
2382,50,170000,0,user_47,335,337,
2167,51,169999,0,user_18,332,337,1434
2400,52,169999,0,user_9,336,337,1434
1937,53,160000,0,user_20,329,337,
2259,54,160000,0,user_22,334,337,
2274,55,160000,0,user_32,334,337,
2015,56,159999,0,user_16,330,337,1426
2208,57,159999,0,user_17,333,337,1426
2195,58,150000,13900,user_49,332,337,
1874,59,120000,350000,user_38,328,337,
2284,60,120000,0,user_40,334,337,
2188,61,110000,0,user_38,332,337,
2230,62,100000,0,user_43,333,337,
2264,63,98000,769000,user_29,334,337,
2265,64,82000,0,user_29,334,337,
2491,0,30000000,0,user_23,337,338,
2411,5,6100001,0,user_19,336,339,1502
2412,6,6100001,0,user_19,336,339,1502
2410,7,6100001,0,user_18,336,339,1502
2539,8,6100001,0,user_2,338,339,1502
2543,5,6100001,0,user_7,338,338,1502
2408,16,6099999,0,user_16,336,339,1502
2478,17,6099999,0,user_5,337,339,1502
2483,18,6099999,0,user_11,337,339,1502
2544,9,6099999,0,user_7,338,338,1502
2545,10,6099999,0,user_7,338,338,1502
2374,11,2500000,5630,user_38,335,338,
2435,12,2100000,0,user_38,336,338,
2487,13,2000001,0,user_17,337,338,1640
2384,14,1400000,0,user_49,335,338,
2383,29,1400000,381000,user_48,335,339,
2509,16,1000000,0,user_41,337,338,
2445,17,910000,0,user_49,336,338,
2409,48,309999,0,user_18,336,339,1376
2510,19,220000,0,user_41,337,338,
2484,57,169999,0,user_13,337,339,1434
2547,21,160001,0,user_10,338,338,1426
2511,22,160000,195000,user_43,337,338,
2420,64,150000,0,user_26,336,339,
2089,74,110000,0,user_34,331,339,
2372,79,100000,0,user_34,335,339,
2492,26,70000,0,user_23,337,338,
2496,0,19000000,0,user_31,337,339,
2358,1,6300000,510000,user_26,335,339,
2347,2,6100001,0,user_18,335,339,1502
2349,3,6100001,0,user_18,335,339,1502
2404,4,6100001,0,user_11,336,339,1502
2411,5,6100001,0,user_19,336,339,1502
2412,6,6100001,0,user_19,336,339,1502
2410,7,6100001,0,user_18,336,339,1502
2539,8,6100001,0,user_2,338,339,1502
2234,9,6100000,0,user_49,333,339,
2398,10,6099999,0,user_4,336,339,1502
2352,11,6099999,0,user_19,335,339,1502
2399,12,6099999,0,user_5,336,339,1502
2348,13,6099999,0,user_18,335,339,1502
2350,14,6099999,0,user_18,335,339,1502
2477,15,6099999,0,user_2,337,339,1502
2408,16,6099999,0,user_16,336,339,1502
2478,17,6099999,0,user_5,337,339,1502
2483,18,6099999,0,user_11,337,339,1502
2356,19,4200000,0,user_23,335,339,
2181,20,2600000,0,user_34,332,339,
2233,21,2400000,0,user_49,333,339,
2362,22,2300000,0,user_29,335,339,
2263,23,2100000,769000,user_28,334,339,
2346,24,2000001,0,user_17,335,339,1640
2403,25,2000001,0,user_10,336,339,1640
2402,26,1999999,0,user_10,336,339,1640
2499,27,1500000,0,user_33,337,339,
2277,28,1400000,0,user_34,334,339,
2383,29,1400000,381000,user_48,335,339,
2353,30,1400000,0,user_20,335,339,
2572,31,1400000,15300,user_35,338,339,
2396,32,1000001,0,user_4,336,339,1795
2359,33,1000000,0,user_26,335,339,
2568,34,1000000,0,user_31,338,339,
2406,35,999999,0,user_13,336,339,1795
2476,36,999999,0,user_2,337,339,1795
2595,37,999999,0,user_1,339,339,1795
2376,38,970000,0,user_41,335,339,
2504,39,660000,0,user_37,337,339,
2361,40,600000,0,user_26,335,339,
2194,41,470000,0,user_48,332,339,
2294,42,460000,322000,user_48,334,339,
2260,43,370000,0,user_23,334,339,
2285,44,370000,0,user_41,334,339,
2288,45,340000,33300,user_43,334,339,
2345,46,310001,0,user_16,335,339,1376
2479,47,309999,0,user_7,337,339,1376
2409,48,309999,0,user_18,336,339,1376
2360,49,300000,0,user_26,335,339,
2286,50,260000,161000,user_41,334,339,
2502,51,220000,0,user_35,337,339,
2339,52,170001,0,user_8,335,339,1434
2351,53,170001,0,user_18,335,339,1434
2546,54,170001,0,user_9,338,339,1434
2594,55,170001,0,user_0,339,339,1434
2296,56,170000,0,user_49,334,339,
2484,57,169999,0,user_13,337,339,1434
2342,58,160001,0,user_12,335,339,1426
2340,59,160001,0,user_10,335,339,1426
2481,60,160001,0,user_9,337,339,1426
2516,61,160000,21800,user_47,337,339,
2397,62,159999,0,user_4,336,339,1426
2401,63,159999,0,user_10,336,339,1426
2420,64,150000,0,user_26,336,339,
2355,65,150000,84800,user_23,335,339,
2378,66,150000,0,user_43,335,339,
2567,67,130000,15300,user_30,338,339,
2282,68,120000,0,user_38,334,339,
2501,69,120000,0,user_35,337,339,
2571,70,120000,0,user_35,338,339,
2354,71,110000,0,user_22,335,339,
2363,72,110000,0,user_29,335,339,
2380,73,110000,0,user_46,335,339,
2089,74,110000,0,user_34,331,339,
2289,75,110000,84800,user_44,334,339,
2293,76,110000,0,user_48,334,339,
2494,77,110000,0,user_30,337,339,
2573,78,110000,0,user_37,338,339,
2372,79,100000,0,user_34,335,339,
2221,80,98000,0,user_38,333,339,
2561,81,83000,0,user_21,338,339,
2295,82,82000,0,user_49,334,339,
2495,83,77000,0,user_30,337,339,
2192,84,70000,0,user_44,332,339,
1310,11,970000,0,user_1,340,341,
1309,17,120000,0,user_0,340,341,
1315,1,6300000,0,user_7,340,342,
1352,5,5200000,0,user_43,340,347,
1350,8,3600000,0,user_43,340,347,
1316,5,2600000,0,user_7,340,342,
1360,10,1400001,0,user_2,341,342,1312
1364,8,1400001,0,user_7,341,343,1312
1367,34,1400001,0,user_10,341,347,1312
1312,11,1400000,10700,user_4,340,342,
1359,14,1399999,0,user_2,341,342,1312
1327,40,1000000,0,user_20,340,347,
1349,41,1000000,0,user_43,340,347,
1310,11,970000,0,user_1,340,341,
1319,17,970000,0,user_11,340,342,
1330,63,360000,0,user_23,340,347,
1311,23,360000,0,user_3,340,342,
1348,68,310000,0,user_43,340,347,
1313,29,150000,0,user_5,340,342,
1309,17,120000,0,user_0,340,341,
1314,33,120000,0,user_6,340,342,
1322,35,110000,0,user_13,340,342,
1351,92,73000,0,user_43,340,347,
1336,0,30000000,0,user_25,340,342,
1315,1,6300000,0,user_7,340,342,
1318,2,3600000,0,user_9,340,342,
1331,3,3600000,0,user_24,340,342,
1342,4,3500000,8520,user_33,340,342,
1316,5,2600000,0,user_7,340,342,
1337,6,2100000,0,user_25,340,342,
1383,7,2000000,36800,user_30,341,342,
1324,8,1500000,0,user_15,340,342,
1341,9,1500000,0,user_32,340,342,
1360,10,1400001,0,user_2,341,342,1312
1312,11,1400000,10700,user_4,340,342,
1334,12,1400000,0,user_24,340,342,
1371,13,1400000,0,user_15,341,342,
1359,14,1399999,0,user_2,341,342,1312
1329,15,1000000,0,user_21,340,342,
1389,16,1000000,0,user_37,341,342,
1319,17,970000,0,user_11,340,342,
1328,18,910000,0,user_21,340,342,
1333,19,670000,0,user_24,340,342,
1404,20,600001,0,user_0,342,342,1357
1357,21,600000,49100,user_47,340,342,
1385,22,370000,0,user_30,341,342,
1311,23,360000,0,user_3,340,342,
1405,24,310001,0,user_1,342,342,1376
1376,25,310000,4320000,user_25,341,342,
1406,26,309999,0,user_1,342,342,1376
1407,27,309999,0,user_1,342,342,1376
1408,28,309999,0,user_1,342,342,1376
1313,29,150000,0,user_5,340,342,
1377,30,150000,0,user_25,341,342,
1339,31,130000,0,user_30,340,342,
1340,32,120000,0,user_31,340,342,
1314,33,120000,0,user_6,340,342,
1335,34,120000,0,user_24,340,342,
1322,35,110000,0,user_13,340,342,
1386,36,110000,0,user_31,341,342,
1332,37,110000,0,user_24,340,342,
1398,38,84000,0,user_47,341,342,
1384,39,79000,0,user_30,341,342,
1366,40,77000,0,user_9,341,342,
1356,0,2300000,779000,user_46,340,343,
1362,1,2299999,0,user_4,341,343,1356
1410,2,1999999,0,user_2,342,343,1383
1466,3,1999999,0,user_0,343,343,1383
1325,4,1500000,0,user_18,340,343,
1427,5,1500000,49100,user_25,342,343,
1317,6,1400001,0,user_8,340,343,1312
1323,7,1400001,0,user_14,340,343,1312
1364,8,1400001,0,user_7,341,343,1312
1368,9,1400001,0,user_11,341,343,1312
1361,10,1399999,0,user_3,341,343,1312
1320,11,1399999,0,user_12,340,343,1312
1321,12,1399999,0,user_12,340,343,1312
1363,13,1399999,0,user_6,341,343,1312
1409,14,600001,0,user_2,342,343,1357
1413,15,600001,0,user_9,342,343,1357
1418,16,600001,0,user_15,342,343,1357
1452,17,470000,181000,user_47,342,343,
1439,18,460000,13900,user_33,342,343,
1355,19,350000,0,user_46,340,343,
1440,20,350000,0,user_33,342,343,
1346,21,340000,0,user_40,340,343,
1443,22,310000,35600,user_37,342,343,
1468,23,309999,0,user_1,343,343,1376
1469,24,309999,0,user_1,343,343,1376
1467,25,160001,0,user_0,343,343,1426
1426,26,160000,4320000,user_24,342,343,
1442,27,110000,0,user_37,342,343,
1422,28,85000,0,user_21,342,343,
1449,4,6100000,0,user_43,342,347,
1425,6,5000000,0,user_23,342,347,
1401,10,3500000,0,user_49,341,347,
1419,14,2400001,0,user_17,342,347,1395
1485,27,2000000,0,user_20,343,347,
1444,31,1600000,16400,user_38,342,347,
1447,47,630000,0,user_41,342,347,
1495,64,360000,0,user_28,343,347,
1454,66,320000,0,user_49,342,347,
1487,70,260000,0,user_23,343,347,
1481,73,219999,0,user_17,343,347,1393
1554,74,219999,0,user_10,344,347,1393
1421,83,160000,0,user_20,342,347,
1390,84,150000,0,user_38,341,347,
1344,85,120000,0,user_38,340,347,
1455,86,120000,0,user_49,342,347,
1392,0,43000000,0,user_40,341,345,
1502,1,6100000,4320000,user_35,343,345,
1489,2,5000000,0,user_25,343,345,
1490,3,4200000,0,user_25,343,345,
1411,4,2300001,0,user_3,342,345,1356
1417,5,2300001,0,user_13,342,345,1356
1470,6,2300001,0,user_2,343,345,1356
1365,7,2300001,0,user_8,341,345,1356
1415,8,2300001,0,user_12,342,345,1356
1369,9,2299999,0,user_14,341,345,1356
1382,10,2000000,0,user_29,341,345,
1433,11,2000000,0,user_29,342,345,
1431,12,2000000,0,user_26,342,345,
1451,13,1800000,0,user_46,342,345,
1503,14,1600000,0,user_35,343,345,
1370,15,1400001,0,user_14,341,345,1312
1580,16,1400000,16400,user_33,344,345,
1412,17,1399999,0,user_8,342,345,1312
1416,18,1399999,0,user_12,342,345,1312
1486,19,1200000,0,user_21,343,345,
1424,20,1000000,0,user_22,342,345,
1498,21,910000,0,user_31,343,345,
1378,22,660000,0,user_26,341,345,
1499,23,630000,285000,user_33,343,345,
1423,24,630000,0,user_22,342,345,
1420,25,460001,0,user_19,342,345,1396
1396,26,460000,215000,user_44,341,345,
1504,27,370000,0,user_37,343,345,
1471,28,310001,0,user_2,343,345,1376
1545,29,310001,0,user_0,344,345,1376
1472,30,310001,0,user_3,343,345,1376
1428,31,260000,0,user_26,342,345,
1430,32,260000,0,user_26,342,345,
1432,33,260000,0,user_26,342,345,
1446,34,190000,0,user_40,342,345,
1546,35,170001,0,user_2,344,345,1434
1434,36,170000,4320000,user_29,342,345,
1473,37,169999,0,user_4,343,345,1434
1478,38,160001,0,user_13,343,345,1426
1607,39,160001,0,user_1,345,345,1426
1491,40,160000,0,user_25,343,345,
1500,41,160000,64600,user_33,343,345,
1474,42,159999,0,user_5,343,345,1426
1475,43,159999,0,user_6,343,345,1426
1518,44,150000,0,user_47,343,345,
1326,45,130000,0,user_19,340,345,
1358,46,120000,0,user_48,340,345,
1429,47,120000,0,user_26,342,345,
1488,48,110000,381000,user_25,343,345,
1567,49,98000,0,user_25,344,345,
1373,50,87000,0,user_19,341,345,
1375,51,84000,35600,user_22,341,345,
1399,52,73000,0,user_48,341,345,
1400,53,70000,0,user_48,341,345,
1587,0,27000000,0,user_37,344,346,
1624,1,6100001,0,user_15,345,346,1502
1560,2,6099999,0,user_15,344,346,1502
1625,3,6099999,0,user_15,345,346,1502
1626,4,6099999,0,user_15,345,346,1502
1576,5,2600000,0,user_32,344,346,
1650,6,2600000,17000,user_37,345,346,
1616,7,2300001,0,user_9,345,346,1356
1617,8,2300001,0,user_9,345,346,1356
1663,9,2299999,0,user_1,346,346,1356
1436,10,2000000,0,user_32,342,346,
1644,11,2000000,0,user_35,345,346,
1585,12,1800000,0,user_35,344,346,
1435,13,1100000,0,user_32,342,346,
1645,14,1000000,0,user_35,345,346,
1647,15,670000,164000,user_37,345,346,
1648,16,670000,381000,user_37,345,346,
1643,17,600000,0,user_33,345,346,
1661,18,310001,0,user_0,346,346,1376
1664,19,310001,0,user_1,346,346,1376
1577,20,310000,0,user_32,344,346,
1649,21,300000,0,user_37,345,346,
1578,22,260000,0,user_32,344,346,
1657,23,240000,0,user_47,345,346,
1662,24,170001,0,user_0,346,346,1434
1637,25,170000,0,user_25,345,346,
1553,26,160001,0,user_9,344,346,1426
1614,27,160001,0,user_9,345,346,1426
1615,28,160001,0,user_9,345,346,1426
1627,29,160001,0,user_15,345,346,1426
1623,30,159999,0,user_15,345,346,1426
1579,31,150000,0,user_32,344,346,
1437,32,110000,0,user_32,342,346,
1438,33,110000,0,user_32,342,346,
1658,34,110000,0,user_47,345,346,
1595,0,43000000,0,user_46,344,347,
1642,1,27000000,0,user_32,345,347,
1753,2,6100001,0,user_0,347,347,1502
1453,3,6100000,0,user_48,342,347,
1449,4,6100000,0,user_43,342,347,
1352,5,5200000,0,user_43,340,347,
1425,6,5000000,0,user_23,342,347,
1497,7,4200000,0,user_29,343,347,
1350,8,3600000,0,user_43,340,347,
1704,9,3600000,100000,user_33,346,347,
1401,10,3500000,0,user_49,341,347,
1681,11,3200000,0,user_21,346,347,
1705,12,2500000,0,user_35,346,347,
1414,13,2400001,0,user_10,342,347,1395
1419,14,2400001,0,user_17,342,347,1395
1395,15,2400000,322000,user_43,341,347,
1612,16,2399999,0,user_7,345,347,1395
1555,17,2300001,0,user_12,344,347,1356
1559,18,2300001,0,user_14,344,347,1356
1666,19,2300001,0,user_2,346,347,1356
1757,20,2300001,0,user_1,347,347,1356
1550,21,2299999,0,user_6,344,347,1356
1665,22,2299999,0,user_2,346,347,1356
1752,23,2299999,0,user_0,347,347,1356
1755,24,2299999,0,user_0,347,347,1356
1756,25,2299999,0,user_0,347,347,1356
1374,26,2000000,0,user_20,341,347,
1485,27,2000000,0,user_20,343,347,
1572,28,1800000,0,user_29,344,347,
1517,29,1600000,0,user_46,343,347,
1574,30,1600000,0,user_29,344,347,
1444,31,1600000,16400,user_38,342,347,
1721,32,1600000,256000,user_47,346,347,
1687,33,1500000,0,user_24,346,347,
1367,34,1400001,0,user_10,341,347,1312
1492,35,1200000,0,user_26,343,347,
1706,36,1100000,0,user_35,346,347,
1511,37,1000000,0,user_40,343,347,
1594,38,1000000,0,user_46,344,347,
1596,39,1000000,17000,user_46,344,347,
1327,40,1000000,0,user_20,340,347,
1349,41,1000000,0,user_43,340,347,
1712,42,970000,0,user_37,346,347,
1575,43,910000,0,user_29,344,347,
1711,44,670000,0,user_37,346,347,
1573,45,660000,0,user_29,344,347,
1700,46,660000,0,user_30,346,347,
1447,47,630000,0,user_41,342,347,
1597,48,530000,0,user_46,344,347,
1688,49,470000,0,user_25,346,347,
1549,50,460001,0,user_5,344,347,1396
1551,51,460001,0,user_8,344,347,1396
1556,52,460001,0,user_12,344,347,1396
1621,53,460001,0,user_13,345,347,1396
1496,54,460000,0,user_29,343,347,
1547,55,459999,0,user_4,344,347,1396
1480,56,459999,0,user_16,343,347,1396
1483,57,459999,0,user_19,343,347,1396
1484,58,459999,0,user_19,343,347,1396
1557,59,459999,0,user_13,344,347,1396
1558,60,459999,0,user_14,344,347,1396
1611,61,459999,0,user_6,345,347,1396
1701,62,420000,0,user_31,346,347,
1330,63,360000,0,user_23,340,347,
1495,64,360000,0,user_28,343,347,
1703,65,340000,0,user_33,346,347,
1454,66,320000,0,user_49,342,347,
1676,67,310001,0,user_15,346,347,1376
1348,68,310000,0,user_43,340,347,
1609,69,309999,0,user_4,345,347,1376
1487,70,260000,0,user_23,343,347,
1724,71,260000,0,user_47,346,347,
1393,72,220000,100000,user_41,341,347,
1481,73,219999,0,user_17,343,347,1393
1554,74,219999,0,user_10,344,347,1393
1476,75,170001,0,user_8,343,347,1434
1552,76,170001,0,user_8,344,347,1434
1608,77,170001,0,user_4,345,347,1434
1610,78,170001,0,user_4,345,347,1434
1477,79,169999,0,user_12,343,347,1434
1548,80,169999,0,user_5,344,347,1434
1754,81,169999,0,user_0,347,347,1434
1479,82,160001,0,user_14,343,347,1426
1421,83,160000,0,user_20,342,347,
1390,84,150000,0,user_38,341,347,
1344,85,120000,0,user_38,340,347,
1455,86,120000,0,user_49,342,347,
1722,87,120000,0,user_47,346,347,
1450,88,110000,15700,user_44,342,347,
1723,89,110000,164000,user_47,346,347,
1598,90,87000,0,user_46,344,347,
1381,91,84000,0,user_28,341,347,
1351,92,73000,0,user_43,340,347,
1566,0,27000000,17000,user_23,344,348,
1570,1,6300000,0,user_28,344,348,
1784,2,6300000,14200,user_31,347,348,
1599,3,3600000,0,user_48,344,348,
1507,4,3500000,0,user_38,343,348,
1583,5,2500000,12800,user_34,344,348,
1613,6,2299999,0,user_8,345,348,1356
1667,7,2299999,0,user_4,346,348,1356
1668,8,2299999,0,user_5,346,348,1356
1761,9,2299999,0,user_9,347,348,1356
1829,10,2299999,0,user_0,348,348,1356
1509,11,2000000,0,user_38,343,348,
1571,12,2000000,0,user_28,344,348,
1501,13,1700000,0,user_34,343,348,
1634,14,1600001,0,user_19,345,348,1581
1635,15,1600001,0,user_19,345,348,1581
1581,16,1600000,769000,user_34,344,348,
1772,17,1600000,0,user_21,347,348,
1786,18,1600000,0,user_31,347,348,
1771,19,1500000,231000,user_21,347,348,
1776,20,1500000,0,user_24,347,348,
1506,21,1400000,0,user_38,343,348,
1781,22,1000000,17000,user_30,347,348,
1790,23,1000000,13900,user_35,347,348,
1565,24,970000,0,user_23,344,348,
1505,25,910000,0,user_38,343,348,
1522,26,870000,0,user_49,343,348,
1590,27,660000,0,user_41,344,348,
1830,28,650001,0,user_1,348,348,1521
1582,29,650000,0,user_34,344,348,
1521,30,650000,1100000,user_49,343,348,
1629,31,460001,0,user_16,345,348,1396
1620,32,459999,0,user_12,345,348,1396
1564,33,459999,0,user_19,344,348,1396
1630,34,459999,0,user_16,345,348,1396
1789,35,360000,0,user_33,347,348,
1653,36,300000,0,user_40,345,348,
1562,37,220001,0,user_17,344,348,1393
1513,38,220000,0,user_44,343,348,
1584,39,220000,0,user_34,344,348,
1622,40,170001,0,user_14,345,348,1434
1670,41,170001,0,user_7,346,348,1434
1758,42,170001,0,user_2,347,348,1434
1783,43,170000,0,user_31,347,348,
1669,44,169999,0,user_6,346,348,1434
1618,45,169999,0,user_10,345,348,1434
1762,46,169999,0,user_9,347,348,1434
1619,47,160001,0,user_12,345,348,1426
1519,48,160000,0,user_48,343,348,
1569,49,160000,0,user_28,344,348,
1785,50,160000,283000,user_31,347,348,
1561,51,159999,0,user_16,344,348,1426
1628,52,159999,0,user_16,345,348,1426
1641,53,150000,0,user_29,345,348,
1508,54,150000,0,user_38,343,348,
1777,55,110000,0,user_25,347,348,
1782,56,110000,0,user_31,347,348,
1514,57,85000,64600,user_44,343,348,
1600,58,77000,0,user_48,344,348,
1654,59,77000,0,user_40,345,348,
1520,60,73000,0,user_48,343,348,
1923,4,6100001,0,user_10,349,352,1502
1847,9,6099999,0,user_17,348,352,1502
1850,11,3600000,73100,user_20,348,352,
1851,14,2500000,0,user_20,348,352,
1878,15,2400000,11200,user_43,348,352,
1372,39,1399999,0,user_18,341,350,1312
1806,30,1000000,0,user_49,347,352,
1792,37,260000,0,user_38,347,352,
1863,38,260000,34700,user_28,348,352,
1877,64,79000,0,user_41,348,352,
1680,0,30000000,769000,user_20,346,350,
1833,1,6100001,0,user_3,348,350,1502
1671,2,6099999,0,user_10,346,350,1502
1763,3,6099999,0,user_10,347,350,1502
1769,4,6099999,0,user_18,347,350,1502
1693,5,5000000,0,user_26,346,350,
1683,6,3500000,67500,user_22,346,350,
1698,7,2500000,0,user_29,346,350,
1672,8,2300001,0,user_12,346,350,1356
1673,9,2300001,0,user_12,346,350,1356
1674,10,2300001,0,user_12,346,350,1356
1765,11,2300001,0,user_12,347,350,1356
1767,12,2300001,0,user_16,347,350,1356
1839,13,2299999,0,user_9,348,350,1356
1675,14,2299999,0,user_14,346,350,1356
1766,15,2299999,0,user_14,347,350,1356
1832,16,2000001,0,user_3,348,350,1640
1836,17,2000001,0,user_5,348,350,1640
1841,18,2000001,0,user_11,348,350,1640
2000,19,2000001,0,user_1,350,350,1640
1640,20,2000000,4320000,user_28,345,350,
1760,21,1999999,0,user_7,347,350,1640
1831,22,1999999,0,user_2,348,350,1640
1835,23,1999999,0,user_4,348,350,1640
1837,24,1999999,0,user_7,348,350,1640
1917,25,1999999,0,user_2,349,350,1640
1999,26,1999999,0,user_1,350,350,1640
1682,27,1900000,16400,user_22,346,350,
1963,28,1900000,0,user_33,349,350,
1773,29,1800000,0,user_22,347,350,
1883,30,1600000,0,user_47,348,350,
1945,31,1600000,0,user_25,349,350,
1959,32,1600000,0,user_31,349,350,
1684,33,1500000,0,user_22,346,350,
1725,34,1500000,6390,user_48,346,350,
1563,35,1400001,0,user_18,344,350,1312
1678,36,1400001,0,user_18,346,350,1312
1679,37,1400001,0,user_18,346,350,1312
1958,38,1400000,0,user_30,349,350,
1372,39,1399999,0,user_18,341,350,1312
1482,40,1399999,0,user_18,343,350,1312
1633,41,1399999,0,user_18,345,350,1312
1853,42,1000000,769000,user_21,348,350,
1685,43,1000000,0,user_22,346,350,
1697,44,1000000,0,user_28,346,350,
1636,45,910000,32900,user_20,345,350,
1862,46,910000,0,user_24,348,350,
1861,47,670000,0,user_24,348,350,
1871,48,670000,0,user_35,348,350,
1720,49,670000,0,user_46,346,350,
1726,50,670000,19700,user_48,346,350,
1632,51,650001,0,user_17,345,350,1521
1759,52,649999,0,user_3,347,350,1521
1631,53,649999,0,user_17,345,350,1521
1764,54,649999,0,user_11,347,350,1521
1867,55,530000,0,user_33,348,350,
1699,56,470000,0,user_29,346,350,
1659,57,460000,0,user_48,345,350,
1954,58,420000,121000,user_30,349,350,
1691,59,370000,56200,user_26,346,350,
1868,60,320000,0,user_33,348,350,
1677,61,310001,0,user_16,346,350,1376
1916,62,310001,0,user_2,349,350,1376
1770,63,309999,0,user_19,347,350,1376
1866,64,260000,0,user_31,348,350,
1858,65,260000,0,user_24,348,350,
1962,66,240000,24700,user_33,349,350,
1859,67,220000,510000,user_24,348,350,
1860,68,220000,47700,user_24,348,350,
1915,69,170001,0,user_0,349,350,1434
1834,70,170001,0,user_4,348,350,1434
1689,71,170000,0,user_26,346,350,
1957,72,170000,0,user_30,349,350,
1873,73,160000,0,user_37,348,350,
1686,74,160000,296000,user_23,346,350,
1842,75,159999,0,user_13,348,350,1426
1655,76,150000,0,user_41,345,350,
1692,77,150000,0,user_26,346,350,
1696,78,150000,0,user_28,346,350,
1852,79,120000,0,user_21,348,350,
1690,80,120000,43600,user_26,346,350,
1716,81,120000,0,user_41,346,350,
1955,82,120000,0,user_30,349,350,
1780,83,110000,15100,user_29,347,350,
1956,84,87000,71800,user_30,349,350,
1865,85,83000,296000,user_30,348,350,
1717,86,80000,0,user_41,346,350,
1960,87,70000,256000,user_31,349,350,
2031,0,43000000,7840,user_35,350,351,
1943,1,27000000,0,user_24,349,351,
2014,2,6100001,0,user_15,350,351,1502
1702,3,4200000,0,user_32,346,351,
1942,4,4200000,0,user_24,349,351,
1976,5,4200000,0,user_47,349,351,
2022,6,2600000,0,user_25,350,351,
2032,7,2600000,0,user_35,350,351,
2051,8,2000001,0,user_0,351,351,1640
2020,9,2000000,0,user_25,350,351,
1978,10,870000,0,user_47,349,351,
1922,11,649999,0,user_9,349,351,1521
1931,12,649999,0,user_15,349,351,1521
2009,13,649999,0,user_9,350,351,1521
1944,14,630000,0,user_24,349,351,
2029,15,470000,0,user_33,350,351,
2033,16,310000,0,user_35,350,351,
1965,17,220000,0,user_35,349,351,
2034,18,170000,0,user_35,350,351,
2052,19,159999,0,user_1,351,351,1426
1787,20,150000,0,user_32,347,351,
2019,21,130000,0,user_24,350,351,
2021,22,120000,0,user_25,350,351,
2026,23,110000,0,user_31,350,351,
1941,24,110000,0,user_24,349,351,
1975,25,110000,0,user_47,349,351,
1977,26,100000,0,user_47,349,351,
1788,27,84000,0,user_32,347,351,
1961,28,82000,0,user_32,349,351,
1660,0,43000000,0,user_49,345,352,
1797,1,27000000,0,user_41,347,352,
2003,2,6100001,0,user_3,350,352,1502
2006,3,6100001,0,user_6,350,352,1502
1923,4,6100001,0,user_10,349,352,1502
1918,5,6099999,0,user_3,349,352,1502
1919,6,6099999,0,user_6,349,352,1502
1768,7,6099999,0,user_17,347,352,1502
1840,8,6099999,0,user_10,348,352,1502
1847,9,6099999,0,user_17,348,352,1502
2099,33,4200000,410000,user_47,351,354,
1850,11,3600000,73100,user_20,348,352,
2091,34,3600000,0,user_37,351,354,
1802,13,2500000,14200,user_43,347,352,
1851,14,2500000,0,user_20,348,352,
1878,15,2400000,11200,user_43,348,352,
2079,39,2400000,47700,user_25,351,354,
2002,17,2000001,0,user_3,350,352,1640
2004,18,2000001,0,user_3,350,352,1640
2005,19,2000001,0,user_5,350,352,1640
1946,20,2000000,0,user_26,349,352,
1924,21,1999999,0,user_11,349,352,1640
1849,22,1999999,0,user_19,348,352,1640
1932,23,1999999,0,user_16,349,352,1640
1933,24,1999999,0,user_16,349,352,1640
2068,55,1999999,0,user_15,351,354,1640
1947,26,1100000,381000,user_26,349,352,
2086,59,1100000,0,user_30,351,354,
2053,28,1000001,0,user_2,351,352,1795
1795,29,1000000,7190000,user_40,347,352,
1806,30,1000000,0,user_49,347,352,
1779,31,420000,0,user_28,347,352,
2100,85,360000,0,user_47,351,354,
2154,87,310001,0,user_0,352,354,1376
1948,34,310000,0,user_26,349,352,
2028,90,310000,0,user_32,350,354,
1775,36,260000,33100,user_23,347,352,
1792,37,260000,0,user_38,347,352,
1863,38,260000,34700,user_28,348,352,
1801,39,220000,0,user_43,347,352,
1803,40,220000,0,user_43,347,352,
2102,94,220000,0,user_47,351,354,
1774,42,190000,0,user_23,347,352,
2155,96,170001,0,user_1,352,354,1434
1651,44,170000,0,user_38,345,352,
2088,98,170000,215000,user_33,351,354,
1848,46,169999,0,user_18,348,352,1434
2001,47,169999,0,user_3,350,352,1434
2007,48,160001,0,user_7,350,352,1426
2061,49,160001,0,user_9,351,352,1426
2067,50,160001,0,user_15,351,352,1426
2027,51,160000,0,user_32,350,352,
2077,52,160000,0,user_24,351,352,
1713,53,150000,0,user_38,346,352,
1968,54,130000,0,user_40,349,352,
1796,55,120000,164000,user_41,347,352,
2087,56,120000,164000,user_31,351,352,
2101,57,120000,56200,user_47,351,352,
1794,58,110000,0,user_40,347,352,
1805,59,110000,0,user_48,347,352,
2076,60,110000,5630,user_24,351,352,
1800,61,85000,0,user_43,347,352,
1876,62,84000,8520,user_40,348,352,
2078,63,84000,0,user_24,351,352,
1877,64,79000,0,user_41,348,352,
2176,49,2000000,0,user_25,352,354,
2169,60,1100000,0,user_21,352,354,
2180,75,530000,0,user_33,352,354,
2179,80,420000,0,user_31,352,354,
2168,86,350000,0,user_21,352,354,
2196,5,169999,0,user_1,353,353,1434
2041,0,43000000,0,user_46,350,356,
1979,2,30000000,0,user_48,349,356,
1938,4,27000000,0,user_22,349,356,
2223,0,19000000,0,user_41,353,357,
1857,5,19000000,0,user_22,348,356,
1879,6,6300000,0,user_44,348,356,
1928,7,6100001,0,user_12,349,356,1502
2055,8,6100001,0,user_4,351,356,1502
2057,9,6100001,0,user_6,351,356,1502
2163,10,6100001,0,user_13,352,356,1502
2065,11,6100001,0,user_12,351,356,1502
2158,12,6100001,0,user_8,352,356,1502
2160,13,6100001,0,user_8,352,356,1502
2070,14,6100001,0,user_16,351,356,1502
2073,15,6100001,0,user_19,351,356,1502
2201,16,6100001,0,user_6,353,356,1502
2238,17,6100001,0,user_2,354,356,1502
2080,21,6100000,0,user_26,351,356,
2054,22,6099999,0,user_3,351,356,1502
1846,23,6099999,0,user_14,348,356,1502
2016,24,6099999,0,user_19,350,356,1502
2056,25,6099999,0,user_5,351,356,1502
2156,27,6099999,0,user_3,352,356,1502
2197,28,6099999,0,user_3,353,356,1502
2066,29,6099999,0,user_14,351,356,1502
2198,30,6099999,0,user_4,353,356,1502
2199,31,6099999,0,user_4,353,356,1502
2069,32,6099999,0,user_16,351,356,1502
2166,33,6099999,0,user_16,352,356,1502
2200,34,6099999,0,user_5,353,356,1502
2204,35,6099999,0,user_13,353,356,1502
2017,41,5000000,12800,user_22,350,356,
1970,42,4500000,146000,user_44,349,356,
2099,33,4200000,410000,user_47,351,354,
2091,34,3600000,0,user_37,351,354,
1882,43,3500000,0,user_46,348,356,
1870,44,3500000,0,user_34,348,356,
1964,46,2500000,35600,user_34,349,356,
2191,18,2400000,0,user_43,352,357,
2079,39,2400000,47700,user_25,351,354,
1838,51,2000001,0,user_8,348,356,1640
1843,52,2000001,0,user_14,348,356,1640
1844,53,2000001,0,user_14,348,356,1640
1921,54,2000001,0,user_8,349,356,1640
1927,55,2000001,0,user_12,349,356,1640
1930,56,2000001,0,user_14,349,356,1640
2008,57,2000001,0,user_8,350,356,1640
2012,58,2000001,0,user_12,350,356,1640
1973,60,2000000,0,user_46,349,356,
2176,49,2000000,0,user_25,352,354,
1845,64,1999999,0,user_14,348,356,1640
1926,65,1999999,0,user_12,349,356,1640
1929,66,1999999,0,user_12,349,356,1640
2013,67,1999999,0,user_14,350,356,1640
1936,68,1999999,0,user_18,349,356,1640
2068,55,1999999,0,user_15,351,354,1640
2171,21,1600000,0,user_23,352,357,
2213,22,1600000,0,user_28,353,357,
2030,75,1400000,0,user_34,350,356,
2086,59,1100000,0,user_30,351,354,
2169,60,1100000,0,user_21,352,354,
2157,82,1000001,0,user_6,352,356,1795
2159,83,1000001,0,user_8,352,356,1795
1953,85,1000000,0,user_29,349,356,
2042,86,1000000,0,user_48,350,356,
2189,87,1000000,0,user_40,352,356,
2064,89,999999,0,user_11,351,356,1795
2060,90,999999,0,user_8,351,356,1795
2229,30,910000,0,user_43,353,357,
2037,92,910000,0,user_40,350,356,
2043,93,910000,0,user_48,350,356,
2082,95,670000,256000,user_26,351,356,
1864,97,660000,164000,user_29,348,356,
1869,99,650000,0,user_34,348,356,
2083,74,630000,0,user_26,351,354,
2180,75,530000,0,user_33,352,354,
2170,76,530000,0,user_22,352,354,
1974,77,470000,381000,user_46,349,354,
1854,78,460000,0,user_22,348,354,
1980,79,420000,0,user_48,349,354,
2179,80,420000,0,user_31,352,354,
2178,35,370000,36800,user_28,352,357,
2103,36,360000,0,user_49,351,357,
1856,83,360000,0,user_22,348,354,
1884,84,360000,0,user_48,348,354,
2100,85,360000,0,user_47,351,354,
2168,86,350000,0,user_21,352,354,
2154,87,310001,0,user_0,352,354,1376
2164,88,310001,0,user_13,352,354,1376
2244,89,310001,0,user_7,354,354,1376
2028,90,310000,0,user_32,350,354,
1925,91,309999,0,user_12,349,354,1376
1880,92,300000,0,user_44,348,354,
2025,93,260000,0,user_29,350,354,
2102,94,220000,0,user_47,351,354,
2081,95,220000,0,user_26,351,354,
2155,96,170001,0,user_1,352,354,1434
2250,46,170001,0,user_10,354,357,1434
2088,98,170000,215000,user_33,351,354,
1920,99,169999,0,user_8,349,354,1434
2239,18,6100001,0,user_3,354,356,1502
2203,19,6100001,0,user_12,353,356,1502
2243,20,6100001,0,user_6,354,356,1502
2240,37,6099999,0,user_4,354,356,1502
2207,38,6099999,0,user_16,353,356,1502
2338,12,6099999,0,user_7,355,357,1502
2263,23,2100000,769000,user_28,354,359,
2232,61,2000000,283000,user_46,353,356,
2241,84,1000001,0,user_4,354,356,1795
2242,91,999999,0,user_5,354,356,1795
2260,43,370000,0,user_23,354,359,
2285,44,370000,0,user_41,354,359,
2288,45,340000,33300,user_43,354,359,
2202,13,310001,0,user_8,353,355,1376
2286,50,260000,161000,user_41,354,359,
2252,15,160001,0,user_13,354,355,1426
2331,16,160001,0,user_2,355,355,1426
2340,59,160001,0,user_10,355,359,1426
2205,18,159999,0,user_14,353,355,1426
1855,19,98000,0,user_22,348,355,
1881,20,80000,0,user_46,348,355,
2041,0,43000000,0,user_46,350,356,
2184,1,30000000,0,user_35,352,356,
1979,2,30000000,0,user_48,349,356,
2035,3,30000000,0,user_38,350,356,
1938,4,27000000,0,user_22,349,356,
1857,5,19000000,0,user_22,348,356,
1879,6,6300000,0,user_44,348,356,
1928,7,6100001,0,user_12,349,356,1502
2055,8,6100001,0,user_4,351,356,1502
2057,9,6100001,0,user_6,351,356,1502
2163,10,6100001,0,user_13,352,356,1502
2065,11,6100001,0,user_12,351,356,1502
2158,12,6100001,0,user_8,352,356,1502
2160,13,6100001,0,user_8,352,356,1502
2070,14,6100001,0,user_16,351,356,1502
2073,15,6100001,0,user_19,351,356,1502
2201,16,6100001,0,user_6,353,356,1502
2238,17,6100001,0,user_2,354,356,1502
2239,18,6100001,0,user_3,354,356,1502
2203,19,6100001,0,user_12,353,356,1502
2243,20,6100001,0,user_6,354,356,1502
2080,21,6100000,0,user_26,351,356,
2054,22,6099999,0,user_3,351,356,1502
1846,23,6099999,0,user_14,348,356,1502
2016,24,6099999,0,user_19,350,356,1502
2056,25,6099999,0,user_5,351,356,1502
2059,26,6099999,0,user_7,351,356,1502
2156,27,6099999,0,user_3,352,356,1502
2197,28,6099999,0,user_3,353,356,1502
2066,29,6099999,0,user_14,351,356,1502
2198,30,6099999,0,user_4,353,356,1502
2199,31,6099999,0,user_4,353,356,1502
2069,32,6099999,0,user_16,351,356,1502
2166,33,6099999,0,user_16,352,356,1502
2200,34,6099999,0,user_5,353,356,1502
2204,35,6099999,0,user_13,353,356,1502
2247,36,6099999,0,user_9,354,356,1502
2240,37,6099999,0,user_4,354,356,1502
2207,38,6099999,0,user_16,353,356,1502
2394,39,6099999,0,user_1,356,356,1502
2214,40,5200000,60700,user_30,353,356,
2017,41,5000000,12800,user_22,350,356,
1970,42,4500000,146000,user_44,349,356,
1882,43,3500000,0,user_46,348,356,
1870,44,3500000,0,user_34,348,356,
2280,45,3500000,0,user_37,354,356,
1964,46,2500000,35600,user_34,349,356,
2278,47,2400000,0,user_35,354,356,
2281,48,2300000,16400,user_37,354,356,
2165,49,2000001,0,user_15,352,356,1640
2206,50,2000001,0,user_15,353,356,1640
1838,51,2000001,0,user_8,348,356,1640
1843,52,2000001,0,user_14,348,356,1640
1844,53,2000001,0,user_14,348,356,1640
1921,54,2000001,0,user_8,349,356,1640
1927,55,2000001,0,user_12,349,356,1640
1930,56,2000001,0,user_14,349,356,1640
2008,57,2000001,0,user_8,350,356,1640
2012,58,2000001,0,user_12,350,356,1640
2218,59,2000000,0,user_33,353,356,
1973,60,2000000,0,user_46,349,356,
2232,61,2000000,283000,user_46,353,356,
2085,62,2000000,0,user_28,351,356,
2364,63,2000000,0,user_30,355,356,
1845,64,1999999,0,user_14,348,356,1640
1926,65,1999999,0,user_12,349,356,1640
1929,66,1999999,0,user_12,349,356,1640
2013,67,1999999,0,user_14,350,356,1640
1936,68,1999999,0,user_18,349,356,1640
2071,69,1999999,0,user_17,351,356,1640
2162,70,1999999,0,user_10,352,356,1640
2174,71,1900000,0,user_24,352,356,
2018,72,1600000,0,user_23,350,356,
2024,73,1600000,322000,user_28,350,356,
2211,74,1400000,0,user_25,353,356,
2030,75,1400000,0,user_34,350,356,
1940,76,1300000,0,user_23,349,356,
2187,77,1200000,161000,user_37,352,356,
2275,78,1200000,0,user_33,354,356,
2215,79,1200000,0,user_32,353,356,
2172,80,1100000,0,user_24,352,356,
2261,81,1100000,0,user_24,354,356,
2157,82,1000001,0,user_6,352,356,1795
2159,83,1000001,0,user_8,352,356,1795
2241,84,1000001,0,user_4,354,356,1795
1953,85,1000000,0,user_29,349,356,
2042,86,1000000,0,user_48,350,356,
2189,87,1000000,0,user_40,352,356,
2038,88,1000000,0,user_41,350,356,
2064,89,999999,0,user_11,351,356,1795
2060,90,999999,0,user_8,351,356,1795
2242,91,999999,0,user_5,354,356,1795
2037,92,910000,0,user_40,350,356,
2043,93,910000,0,user_48,350,356,
2183,94,670000,296000,user_35,352,356,
2082,95,670000,256000,user_26,351,356,
2366,96,670000,0,user_31,355,356,
1864,97,660000,164000,user_29,348,356,
2269,98,660000,0,user_30,354,356,
1869,99,650000,0,user_34,348,356,
2223,0,19000000,0,user_41,353,357,
2253,1,6100001,0,user_14,354,357,1502
2332,2,6100001,0,user_4,355,357,1502
2333,3,6100001,0,user_4,355,357,1502
2072,4,6100001,0,user_18,351,357,1502
2341,5,6100001,0,user_11,355,357,1502
2427,6,6100000,18600,user_31,356,357,
2245,7,6099999,0,user_8,354,357,1502
2334,8,6099999,0,user_5,355,357,1502
2335,9,6099999,0,user_5,355,357,1502
2336,10,6099999,0,user_5,355,357,1502
2337,11,6099999,0,user_6,355,357,1502
2338,12,6099999,0,user_7,355,357,1502
2209,13,6099999,0,user_18,353,357,1502
2343,14,6099999,0,user_13,355,357,1502
2395,15,6099999,0,user_2,356,357,1502
2434,16,4500000,0,user_37,356,357,
2432,17,3200000,0,user_37,356,357,
2191,18,2400000,0,user_43,352,357,
2418,19,2100000,5630,user_24,356,357,
2417,20,2000000,33300,user_24,356,357,
2171,21,1600000,0,user_23,352,357,
2213,22,1600000,0,user_28,353,357,
2373,23,1500000,0,user_37,355,357,
2431,24,1500000,75000,user_37,356,357,
2433,25,1500000,0,user_37,356,357,
2419,26,1200000,47700,user_25,356,357,
2266,27,1000000,0,user_29,354,357,
2251,28,999999,0,user_12,354,357,1795
2430,29,970000,0,user_35,356,357,
2229,30,910000,0,user_43,353,357,
2426,31,910000,12300,user_30,356,357,
2267,32,630000,0,user_29,354,357,
2291,33,630000,0,user_46,354,357,
2381,34,630000,0,user_47,355,357,
2178,35,370000,36800,user_28,352,357,
2103,36,360000,0,user_49,351,357,
2413,37,320000,0,user_21,356,357,
2011,38,310001,0,user_10,350,357,1376
2344,39,310001,0,user_15,355,357,1376
2357,40,310000,0,user_24,355,357,
1939,41,260000,0,user_23,349,357,
2044,42,240000,0,user_49,350,357,
1934,43,170001,0,user_17,349,357,1434
1935,44,170001,0,user_17,349,357,1434
2010,45,170001,0,user_10,350,357,1434
2250,46,170001,0,user_10,354,357,1434
2258,47,170001,0,user_18,354,357,1434
2474,48,170001,0,user_0,357,357,1434
2475,49,170001,0,user_1,357,357,1434
2382,50,170000,0,user_47,355,357,
2167,51,169999,0,user_18,352,357,1434
2400,52,169999,0,user_9,356,357,1434
1937,53,160000,0,user_20,349,357,
2259,54,160000,0,user_22,354,357,
2274,55,160000,0,user_32,354,357,
2015,56,159999,0,user_16,350,357,1426
2208,57,159999,0,user_17,353,357,1426
2195,58,150000,13900,user_49,352,357,
1874,59,120000,350000,user_38,348,357,
2284,60,120000,0,user_40,354,357,
2188,61,110000,0,user_38,352,357,
2230,62,100000,0,user_43,353,357,
2264,63,98000,769000,user_29,354,357,
2265,64,82000,0,user_29,354,357,
2491,0,30000000,0,user_23,357,358,
2411,5,6100001,0,user_19,356,359,1502
2412,6,6100001,0,user_19,356,359,1502
2410,7,6100001,0,user_18,356,359,1502
2539,8,6100001,0,user_2,358,359,1502
2543,5,6100001,0,user_7,358,358,1502
2408,16,6099999,0,user_16,356,359,1502
2478,17,6099999,0,user_5,357,359,1502
2483,18,6099999,0,user_11,357,359,1502
2544,9,6099999,0,user_7,358,358,1502
2545,10,6099999,0,user_7,358,358,1502
2374,11,2500000,5630,user_38,355,358,
2435,12,2100000,0,user_38,356,358,
2487,13,2000001,0,user_17,357,358,1640
2384,14,1400000,0,user_49,355,358,
2383,29,1400000,381000,user_48,355,359,
2509,16,1000000,0,user_41,357,358,
2445,17,910000,0,user_49,356,358,
2409,48,309999,0,user_18,356,359,1376
2510,19,220000,0,user_41,357,358,
2484,57,169999,0,user_13,357,359,1434
2547,21,160001,0,user_10,358,358,1426
2511,22,160000,195000,user_43,357,358,
2420,64,150000,0,user_26,356,359,
2089,74,110000,0,user_34,351,359,
2372,79,100000,0,user_34,355,359,
2492,26,70000,0,user_23,357,358,
2496,0,19000000,0,user_31,357,359,
2358,1,6300000,510000,user_26,355,359,
2347,2,6100001,0,user_18,355,359,1502
2349,3,6100001,0,user_18,355,359,1502
2404,4,6100001,0,user_11,356,359,1502
2411,5,6100001,0,user_19,356,359,1502
2412,6,6100001,0,user_19,356,359,1502
2410,7,6100001,0,user_18,356,359,1502
2539,8,6100001,0,user_2,358,359,1502
2234,9,6100000,0,user_49,353,359,
2398,10,6099999,0,user_4,356,359,1502
2352,11,6099999,0,user_19,355,359,1502
2399,12,6099999,0,user_5,356,359,1502
2348,13,6099999,0,user_18,355,359,1502
2350,14,6099999,0,user_18,355,359,1502
2477,15,6099999,0,user_2,357,359,1502
2408,16,6099999,0,user_16,356,359,1502
2478,17,6099999,0,user_5,357,359,1502
2483,18,6099999,0,user_11,357,359,1502
2356,19,4200000,0,user_23,355,359,
2181,20,2600000,0,user_34,352,359,
2233,21,2400000,0,user_49,353,359,
2362,22,2300000,0,user_29,355,359,
2263,23,2100000,769000,user_28,354,359,
2346,24,2000001,0,user_17,355,359,1640
2403,25,2000001,0,user_10,356,359,1640
2402,26,1999999,0,user_10,356,359,1640
2499,27,1500000,0,user_33,357,359,
2277,28,1400000,0,user_34,354,359,
2383,29,1400000,381000,user_48,355,359,
2353,30,1400000,0,user_20,355,359,
2572,31,1400000,15300,user_35,358,359,
2396,32,1000001,0,user_4,356,359,1795
2359,33,1000000,0,user_26,355,359,
2568,34,1000000,0,user_31,358,359,
2406,35,999999,0,user_13,356,359,1795
2476,36,999999,0,user_2,357,359,1795
2595,37,999999,0,user_1,359,359,1795
2376,38,970000,0,user_41,355,359,
2504,39,660000,0,user_37,357,359,
2361,40,600000,0,user_26,355,359,
2194,41,470000,0,user_48,352,359,
2294,42,460000,322000,user_48,354,359,
2260,43,370000,0,user_23,354,359,
2285,44,370000,0,user_41,354,359,
2288,45,340000,33300,user_43,354,359,
2345,46,310001,0,user_16,355,359,1376
2479,47,309999,0,user_7,357,359,1376
2409,48,309999,0,user_18,356,359,1376
2360,49,300000,0,user_26,355,359,
2286,50,260000,161000,user_41,354,359,
2502,51,220000,0,user_35,357,359,
2339,52,170001,0,user_8,355,359,1434
2351,53,170001,0,user_18,355,359,1434
2546,54,170001,0,user_9,358,359,1434
2594,55,170001,0,user_0,359,359,1434
2296,56,170000,0,user_49,354,359,
2484,57,169999,0,user_13,357,359,1434
2342,58,160001,0,user_12,355,359,1426
2340,59,160001,0,user_10,355,359,1426
2481,60,160001,0,user_9,357,359,1426
2516,61,160000,21800,user_47,357,359,
2397,62,159999,0,user_4,356,359,1426
2401,63,159999,0,user_10,356,359,1426
2420,64,150000,0,user_26,356,359,
2355,65,150000,84800,user_23,355,359,
2378,66,150000,0,user_43,355,359,
2567,67,130000,15300,user_30,358,359,
2282,68,120000,0,user_38,354,359,
2501,69,120000,0,user_35,357,359,
2571,70,120000,0,user_35,358,359,
2354,71,110000,0,user_22,355,359,
2363,72,110000,0,user_29,355,359,
2380,73,110000,0,user_46,355,359,
2089,74,110000,0,user_34,351,359,
2289,75,110000,84800,user_44,354,359,
2293,76,110000,0,user_48,354,359,
2494,77,110000,0,user_30,357,359,
2573,78,110000,0,user_37,358,359,
2372,79,100000,0,user_34,355,359,
2221,80,98000,0,user_38,353,359,
2561,81,83000,0,user_21,358,359,
2295,82,82000,0,user_49,354,359,
2495,83,77000,0,user_30,357,359,
2192,84,70000,0,user_44,352,359,
1310,11,970000,0,user_1,360,361,
1309,17,120000,0,user_0,360,361,
1315,1,6300000,0,user_7,360,362,
1352,5,5200000,0,user_43,360,367,
1350,8,3600000,0,user_43,360,367,
1316,5,2600000,0,user_7,360,362,
1360,10,1400001,0,user_2,361,362,1312
1364,8,1400001,0,user_7,361,363,1312
1367,34,1400001,0,user_10,361,367,1312
1312,11,1400000,10700,user_4,360,362,
1359,14,1399999,0,user_2,361,362,1312
1327,40,1000000,0,user_20,360,367,
1349,41,1000000,0,user_43,360,367,
1310,11,970000,0,user_1,360,361,
1319,17,970000,0,user_11,360,362,
1330,63,360000,0,user_23,360,367,
1311,23,360000,0,user_3,360,362,
1348,68,310000,0,user_43,360,367,
1313,29,150000,0,user_5,360,362,
1309,17,120000,0,user_0,360,361,
1314,33,120000,0,user_6,360,362,
1322,35,110000,0,user_13,360,362,
1351,92,73000,0,user_43,360,367,
1336,0,30000000,0,user_25,360,362,
1315,1,6300000,0,user_7,360,362,
1318,2,3600000,0,user_9,360,362,
1331,3,3600000,0,user_24,360,362,
1342,4,3500000,8520,user_33,360,362,
1316,5,2600000,0,user_7,360,362,
1337,6,2100000,0,user_25,360,362,
1383,7,2000000,36800,user_30,361,362,
1324,8,1500000,0,user_15,360,362,
1341,9,1500000,0,user_32,360,362,
1360,10,1400001,0,user_2,361,362,1312
1312,11,1400000,10700,user_4,360,362,
1334,12,1400000,0,user_24,360,362,
1371,13,1400000,0,user_15,361,362,
1359,14,1399999,0,user_2,361,362,1312
1329,15,1000000,0,user_21,360,362,
1389,16,1000000,0,user_37,361,362,
1319,17,970000,0,user_11,360,362,
1328,18,910000,0,user_21,360,362,
1333,19,670000,0,user_24,360,362,
1404,20,600001,0,user_0,362,362,1357
1357,21,600000,49100,user_47,360,362,
1385,22,370000,0,user_30,361,362,
1311,23,360000,0,user_3,360,362,
1405,24,310001,0,user_1,362,362,1376
1376,25,310000,4320000,user_25,361,362,
1406,26,309999,0,user_1,362,362,1376
1407,27,309999,0,user_1,362,362,1376
1408,28,309999,0,user_1,362,362,1376
1313,29,150000,0,user_5,360,362,
1377,30,150000,0,user_25,361,362,
1339,31,130000,0,user_30,360,362,
1340,32,120000,0,user_31,360,362,
1314,33,120000,0,user_6,360,362,
1335,34,120000,0,user_24,360,362,
1322,35,110000,0,user_13,360,362,
1386,36,110000,0,user_31,361,362,
1332,37,110000,0,user_24,360,362,
1398,38,84000,0,user_47,361,362,
1384,39,79000,0,user_30,361,362,
1366,40,77000,0,user_9,361,362,
1356,0,2300000,779000,user_46,360,363,
1362,1,2299999,0,user_4,361,363,1356
1410,2,1999999,0,user_2,362,363,1383
1466,3,1999999,0,user_0,363,363,1383
1325,4,1500000,0,user_18,360,363,
1427,5,1500000,49100,user_25,362,363,
1317,6,1400001,0,user_8,360,363,1312
1323,7,1400001,0,user_14,360,363,1312
1364,8,1400001,0,user_7,361,363,1312
1368,9,1400001,0,user_11,361,363,1312
1361,10,1399999,0,user_3,361,363,1312
1320,11,1399999,0,user_12,360,363,1312
1321,12,1399999,0,user_12,360,363,1312
1363,13,1399999,0,user_6,361,363,1312
1409,14,600001,0,user_2,362,363,1357
1413,15,600001,0,user_9,362,363,1357
1418,16,600001,0,user_15,362,363,1357
1452,17,470000,181000,user_47,362,363,
1439,18,460000,13900,user_33,362,363,
1355,19,350000,0,user_46,360,363,
1440,20,350000,0,user_33,362,363,
1346,21,340000,0,user_40,360,363,
1443,22,310000,35600,user_37,362,363,
1468,23,309999,0,user_1,363,363,1376
1469,24,309999,0,user_1,363,363,1376
1467,25,160001,0,user_0,363,363,1426
1426,26,160000,4320000,user_24,362,363,
1442,27,110000,0,user_37,362,363,
1422,28,85000,0,user_21,362,363,
1449,4,6100000,0,user_43,362,367,
1425,6,5000000,0,user_23,362,367,
1401,10,3500000,0,user_49,361,367,
1419,14,2400001,0,user_17,362,367,1395
1485,27,2000000,0,user_20,363,367,
1444,31,1600000,16400,user_38,362,367,
1447,47,630000,0,user_41,362,367,
1495,64,360000,0,user_28,363,367,
1454,66,320000,0,user_49,362,367,
1487,70,260000,0,user_23,363,367,
1481,73,219999,0,user_17,363,367,1393
1554,74,219999,0,user_10,364,367,1393
1421,83,160000,0,user_20,362,367,
1390,84,150000,0,user_38,361,367,
1344,85,120000,0,user_38,360,367,
1455,86,120000,0,user_49,362,367,
1392,0,43000000,0,user_40,361,365,
1502,1,6100000,4320000,user_35,363,365,
1489,2,5000000,0,user_25,363,365,
1490,3,4200000,0,user_25,363,365,
1411,4,2300001,0,user_3,362,365,1356
1417,5,2300001,0,user_13,362,365,1356
1470,6,2300001,0,user_2,363,365,1356
1365,7,2300001,0,user_8,361,365,1356
1415,8,2300001,0,user_12,362,365,1356
1369,9,2299999,0,user_14,361,365,1356
1382,10,2000000,0,user_29,361,365,
1433,11,2000000,0,user_29,362,365,
1431,12,2000000,0,user_26,362,365,
1451,13,1800000,0,user_46,362,365,
1503,14,1600000,0,user_35,363,365,
1370,15,1400001,0,user_14,361,365,1312
1580,16,1400000,16400,user_33,364,365,
1412,17,1399999,0,user_8,362,365,1312
1416,18,1399999,0,user_12,362,365,1312
1486,19,1200000,0,user_21,363,365,
1424,20,1000000,0,user_22,362,365,
1498,21,910000,0,user_31,363,365,
1378,22,660000,0,user_26,361,365,
1499,23,630000,285000,user_33,363,365,
1423,24,630000,0,user_22,362,365,
1420,25,460001,0,user_19,362,365,1396
1396,26,460000,215000,user_44,361,365,
1504,27,370000,0,user_37,363,365,
1471,28,310001,0,user_2,363,365,1376
1545,29,310001,0,user_0,364,365,1376
1472,30,310001,0,user_3,363,365,1376
1428,31,260000,0,user_26,362,365,
1430,32,260000,0,user_26,362,365,
1432,33,260000,0,user_26,362,365,
1446,34,190000,0,user_40,362,365,
1546,35,170001,0,user_2,364,365,1434
1434,36,170000,4320000,user_29,362,365,
1473,37,169999,0,user_4,363,365,1434
1478,38,160001,0,user_13,363,365,1426
1607,39,160001,0,user_1,365,365,1426
1491,40,160000,0,user_25,363,365,
1500,41,160000,64600,user_33,363,365,
1474,42,159999,0,user_5,363,365,1426
1475,43,159999,0,user_6,363,365,1426
1518,44,150000,0,user_47,363,365,
1326,45,130000,0,user_19,360,365,
1358,46,120000,0,user_48,360,365,
1429,47,120000,0,user_26,362,365,
1488,48,110000,381000,user_25,363,365,
1567,49,98000,0,user_25,364,365,
1373,50,87000,0,user_19,361,365,
1375,51,84000,35600,user_22,361,365,
1399,52,73000,0,user_48,361,365,
1400,53,70000,0,user_48,361,365,
1587,0,27000000,0,user_37,364,366,
1624,1,6100001,0,user_15,365,366,1502
1560,2,6099999,0,user_15,364,366,1502
1625,3,6099999,0,user_15,365,366,1502
1626,4,6099999,0,user_15,365,366,1502
1576,5,2600000,0,user_32,364,366,
1650,6,2600000,17000,user_37,365,366,
1616,7,2300001,0,user_9,365,366,1356
1617,8,2300001,0,user_9,365,366,1356
1663,9,2299999,0,user_1,366,366,1356
1436,10,2000000,0,user_32,362,366,
1644,11,2000000,0,user_35,365,366,
1585,12,1800000,0,user_35,364,366,
1435,13,1100000,0,user_32,362,366,
1645,14,1000000,0,user_35,365,366,
1647,15,670000,164000,user_37,365,366,
1648,16,670000,381000,user_37,365,366,
1643,17,600000,0,user_33,365,366,
1661,18,310001,0,user_0,366,366,1376
1664,19,310001,0,user_1,366,366,1376
1577,20,310000,0,user_32,364,366,
1649,21,300000,0,user_37,365,366,
1578,22,260000,0,user_32,364,366,
1657,23,240000,0,user_47,365,366,
1662,24,170001,0,user_0,366,366,1434
1637,25,170000,0,user_25,365,366,
1553,26,160001,0,user_9,364,366,1426
1614,27,160001,0,user_9,365,366,1426
1615,28,160001,0,user_9,365,366,1426
1627,29,160001,0,user_15,365,366,1426
1623,30,159999,0,user_15,365,366,1426
1579,31,150000,0,user_32,364,366,
1437,32,110000,0,user_32,362,366,
1438,33,110000,0,user_32,362,366,
1658,34,110000,0,user_47,365,366,
1595,0,43000000,0,user_46,364,367,
1642,1,27000000,0,user_32,365,367,
1753,2,6100001,0,user_0,367,367,1502
1453,3,6100000,0,user_48,362,367,
1449,4,6100000,0,user_43,362,367,
1352,5,5200000,0,user_43,360,367,
1425,6,5000000,0,user_23,362,367,
1497,7,4200000,0,user_29,363,367,
1350,8,3600000,0,user_43,360,367,
1704,9,3600000,100000,user_33,366,367,
1401,10,3500000,0,user_49,361,367,
1681,11,3200000,0,user_21,366,367,
1705,12,2500000,0,user_35,366,367,
1414,13,2400001,0,user_10,362,367,1395
1419,14,2400001,0,user_17,362,367,1395
1395,15,2400000,322000,user_43,361,367,
1612,16,2399999,0,user_7,365,367,1395
1555,17,2300001,0,user_12,364,367,1356
1559,18,2300001,0,user_14,364,367,1356
1666,19,2300001,0,user_2,366,367,1356
1757,20,2300001,0,user_1,367,367,1356
1550,21,2299999,0,user_6,364,367,1356
1665,22,2299999,0,user_2,366,367,1356
1752,23,2299999,0,user_0,367,367,1356
1755,24,2299999,0,user_0,367,367,1356
1756,25,2299999,0,user_0,367,367,1356
1374,26,2000000,0,user_20,361,367,
1485,27,2000000,0,user_20,363,367,
1572,28,1800000,0,user_29,364,367,
1517,29,1600000,0,user_46,363,367,
1574,30,1600000,0,user_29,364,367,
1444,31,1600000,16400,user_38,362,367,
1721,32,1600000,256000,user_47,366,367,
1687,33,1500000,0,user_24,366,367,
1367,34,1400001,0,user_10,361,367,1312
1492,35,1200000,0,user_26,363,367,
1706,36,1100000,0,user_35,366,367,
1511,37,1000000,0,user_40,363,367,
1594,38,1000000,0,user_46,364,367,
1596,39,1000000,17000,user_46,364,367,
1327,40,1000000,0,user_20,360,367,
1349,41,1000000,0,user_43,360,367,
1712,42,970000,0,user_37,366,367,
1575,43,910000,0,user_29,364,367,
1711,44,670000,0,user_37,366,367,
1573,45,660000,0,user_29,364,367,
1700,46,660000,0,user_30,366,367,
1447,47,630000,0,user_41,362,367,
1597,48,530000,0,user_46,364,367,
1688,49,470000,0,user_25,366,367,
1549,50,460001,0,user_5,364,367,1396
1551,51,460001,0,user_8,364,367,1396
1556,52,460001,0,user_12,364,367,1396
1621,53,460001,0,user_13,365,367,1396
1496,54,460000,0,user_29,363,367,
1547,55,459999,0,user_4,364,367,1396
1480,56,459999,0,user_16,363,367,1396
1483,57,459999,0,user_19,363,367,1396
1484,58,459999,0,user_19,363,367,1396
1557,59,459999,0,user_13,364,367,1396
1558,60,459999,0,user_14,364,367,1396
1611,61,459999,0,user_6,365,367,1396
1701,62,420000,0,user_31,366,367,
1330,63,360000,0,user_23,360,367,
1495,64,360000,0,user_28,363,367,
1703,65,340000,0,user_33,366,367,
1454,66,320000,0,user_49,362,367,
1676,67,310001,0,user_15,366,367,1376
1348,68,310000,0,user_43,360,367,
1609,69,309999,0,user_4,365,367,1376
1487,70,260000,0,user_23,363,367,
1724,71,260000,0,user_47,366,367,
1393,72,220000,100000,user_41,361,367,
1481,73,219999,0,user_17,363,367,1393
1554,74,219999,0,user_10,364,367,1393
1476,75,170001,0,user_8,363,367,1434
1552,76,170001,0,user_8,364,367,1434
1608,77,170001,0,user_4,365,367,1434
1610,78,170001,0,user_4,365,367,1434
1477,79,169999,0,user_12,363,367,1434
1548,80,169999,0,user_5,364,367,1434
1754,81,169999,0,user_0,367,367,1434
1479,82,160001,0,user_14,363,367,1426
1421,83,160000,0,user_20,362,367,
1390,84,150000,0,user_38,361,367,
1344,85,120000,0,user_38,360,367,
1455,86,120000,0,user_49,362,367,
1722,87,120000,0,user_47,366,367,
1450,88,110000,15700,user_44,362,367,
1723,89,110000,164000,user_47,366,367,
1598,90,87000,0,user_46,364,367,
1381,91,84000,0,user_28,361,367,
1351,92,73000,0,user_43,360,367,
1566,0,27000000,17000,user_23,364,368,
1570,1,6300000,0,user_28,364,368,
1784,2,6300000,14200,user_31,367,368,
1599,3,3600000,0,user_48,364,368,
1507,4,3500000,0,user_38,363,368,
1583,5,2500000,12800,user_34,364,368,
1613,6,2299999,0,user_8,365,368,1356
1667,7,2299999,0,user_4,366,368,1356
1668,8,2299999,0,user_5,366,368,1356
1761,9,2299999,0,user_9,367,368,1356
1829,10,2299999,0,user_0,368,368,1356
1509,11,2000000,0,user_38,363,368,
1571,12,2000000,0,user_28,364,368,
1501,13,1700000,0,user_34,363,368,
1634,14,1600001,0,user_19,365,368,1581
1635,15,1600001,0,user_19,365,368,1581
1581,16,1600000,769000,user_34,364,368,
1772,17,1600000,0,user_21,367,368,
1786,18,1600000,0,user_31,367,368,
1771,19,1500000,231000,user_21,367,368,
1776,20,1500000,0,user_24,367,368,
1506,21,1400000,0,user_38,363,368,
1781,22,1000000,17000,user_30,367,368,
1790,23,1000000,13900,user_35,367,368,
1565,24,970000,0,user_23,364,368,
1505,25,910000,0,user_38,363,368,
1522,26,870000,0,user_49,363,368,
1590,27,660000,0,user_41,364,368,
1830,28,650001,0,user_1,368,368,1521
1582,29,650000,0,user_34,364,368,
1521,30,650000,1100000,user_49,363,368,
1629,31,460001,0,user_16,365,368,1396
1620,32,459999,0,user_12,365,368,1396
1564,33,459999,0,user_19,364,368,1396
1630,34,459999,0,user_16,365,368,1396
1789,35,360000,0,user_33,367,368,
1653,36,300000,0,user_40,365,368,
1562,37,220001,0,user_17,364,368,1393
1513,38,220000,0,user_44,363,368,
1584,39,220000,0,user_34,364,368,
1622,40,170001,0,user_14,365,368,1434
1670,41,170001,0,user_7,366,368,1434
1758,42,170001,0,user_2,367,368,1434
1783,43,170000,0,user_31,367,368,
1669,44,169999,0,user_6,366,368,1434
1618,45,169999,0,user_10,365,368,1434
1762,46,169999,0,user_9,367,368,1434
1619,47,160001,0,user_12,365,368,1426
1519,48,160000,0,user_48,363,368,
1569,49,160000,0,user_28,364,368,
1785,50,160000,283000,user_31,367,368,
1561,51,159999,0,user_16,364,368,1426
1628,52,159999,0,user_16,365,368,1426
1641,53,150000,0,user_29,365,368,
1508,54,150000,0,user_38,363,368,
1777,55,110000,0,user_25,367,368,
1782,56,110000,0,user_31,367,368,
1514,57,85000,64600,user_44,363,368,
1600,58,77000,0,user_48,364,368,
1654,59,77000,0,user_40,365,368,
1520,60,73000,0,user_48,363,368,
1923,4,6100001,0,user_10,369,372,1502
1847,9,6099999,0,user_17,368,372,1502
1850,11,3600000,73100,user_20,368,372,
1851,14,2500000,0,user_20,368,372,
1878,15,2400000,11200,user_43,368,372,
1372,39,1399999,0,user_18,361,370,1312
1806,30,1000000,0,user_49,367,372,
1792,37,260000,0,user_38,367,372,
1863,38,260000,34700,user_28,368,372,
1877,64,79000,0,user_41,368,372,
1680,0,30000000,769000,user_20,366,370,
1833,1,6100001,0,user_3,368,370,1502
1671,2,6099999,0,user_10,366,370,1502
1763,3,6099999,0,user_10,367,370,1502
1769,4,6099999,0,user_18,367,370,1502
1693,5,5000000,0,user_26,366,370,
1683,6,3500000,67500,user_22,366,370,
1698,7,2500000,0,user_29,366,370,
1672,8,2300001,0,user_12,366,370,1356
1673,9,2300001,0,user_12,366,370,1356
1674,10,2300001,0,user_12,366,370,1356
1765,11,2300001,0,user_12,367,370,1356
1767,12,2300001,0,user_16,367,370,1356
1839,13,2299999,0,user_9,368,370,1356
1675,14,2299999,0,user_14,366,370,1356
1766,15,2299999,0,user_14,367,370,1356
1832,16,2000001,0,user_3,368,370,1640
1836,17,2000001,0,user_5,368,370,1640
1841,18,2000001,0,user_11,368,370,1640
2000,19,2000001,0,user_1,370,370,1640
1640,20,2000000,4320000,user_28,365,370,
1760,21,1999999,0,user_7,367,370,1640
1831,22,1999999,0,user_2,368,370,1640
1835,23,1999999,0,user_4,368,370,1640
1837,24,1999999,0,user_7,368,370,1640
1917,25,1999999,0,user_2,369,370,1640
1999,26,1999999,0,user_1,370,370,1640
1682,27,1900000,16400,user_22,366,370,
1963,28,1900000,0,user_33,369,370,
1773,29,1800000,0,user_22,367,370,
1883,30,1600000,0,user_47,368,370,
1945,31,1600000,0,user_25,369,370,
1959,32,1600000,0,user_31,369,370,
1684,33,1500000,0,user_22,366,370,
1725,34,1500000,6390,user_48,366,370,
1563,35,1400001,0,user_18,364,370,1312
1678,36,1400001,0,user_18,366,370,1312
1679,37,1400001,0,user_18,366,370,1312
1958,38,1400000,0,user_30,369,370,
1372,39,1399999,0,user_18,361,370,1312
1482,40,1399999,0,user_18,363,370,1312
1633,41,1399999,0,user_18,365,370,1312
1853,42,1000000,769000,user_21,368,370,
1685,43,1000000,0,user_22,366,370,
1697,44,1000000,0,user_28,366,370,
1636,45,910000,32900,user_20,365,370,
1862,46,910000,0,user_24,368,370,
1861,47,670000,0,user_24,368,370,
1871,48,670000,0,user_35,368,370,
1720,49,670000,0,user_46,366,370,
1726,50,670000,19700,user_48,366,370,
1632,51,650001,0,user_17,365,370,1521
1759,52,649999,0,user_3,367,370,1521
1631,53,649999,0,user_17,365,370,1521
1764,54,649999,0,user_11,367,370,1521
1867,55,530000,0,user_33,368,370,
1699,56,470000,0,user_29,366,370,
1659,57,460000,0,user_48,365,370,
1954,58,420000,121000,user_30,369,370,
1691,59,370000,56200,user_26,366,370,
1868,60,320000,0,user_33,368,370,
1677,61,310001,0,user_16,366,370,1376
1916,62,310001,0,user_2,369,370,1376
1770,63,309999,0,user_19,367,370,1376
1866,64,260000,0,user_31,368,370,
1858,65,260000,0,user_24,368,370,
1962,66,240000,24700,user_33,369,370,
1859,67,220000,510000,user_24,368,370,
1860,68,220000,47700,user_24,368,370,
1915,69,170001,0,user_0,369,370,1434
1834,70,170001,0,user_4,368,370,1434
1689,71,170000,0,user_26,366,370,
1957,72,170000,0,user_30,369,370,
1873,73,160000,0,user_37,368,370,
1686,74,160000,296000,user_23,366,370,
1842,75,159999,0,user_13,368,370,1426
1655,76,150000,0,user_41,365,370,
1692,77,150000,0,user_26,366,370,
1696,78,150000,0,user_28,366,370,
1852,79,120000,0,user_21,368,370,
1690,80,120000,43600,user_26,366,370,
1716,81,120000,0,user_41,366,370,
1955,82,120000,0,user_30,369,370,
1780,83,110000,15100,user_29,367,370,
1956,84,87000,71800,user_30,369,370,
1865,85,83000,296000,user_30,368,370,
1717,86,80000,0,user_41,366,370,
1960,87,70000,256000,user_31,369,370,
2031,0,43000000,7840,user_35,370,371,
1943,1,27000000,0,user_24,369,371,
2014,2,6100001,0,user_15,370,371,1502
1702,3,4200000,0,user_32,366,371,
1942,4,4200000,0,user_24,369,371,
1976,5,4200000,0,user_47,369,371,
2022,6,2600000,0,user_25,370,371,
2032,7,2600000,0,user_35,370,371,
2051,8,2000001,0,user_0,371,371,1640
2020,9,2000000,0,user_25,370,371,
1978,10,870000,0,user_47,369,371,
1922,11,649999,0,user_9,369,371,1521
1931,12,649999,0,user_15,369,371,1521
2009,13,649999,0,user_9,370,371,1521
1944,14,630000,0,user_24,369,371,
2029,15,470000,0,user_33,370,371,
2033,16,310000,0,user_35,370,371,
1965,17,220000,0,user_35,369,371,
2034,18,170000,0,user_35,370,371,
2052,19,159999,0,user_1,371,371,1426
1787,20,150000,0,user_32,367,371,
2019,21,130000,0,user_24,370,371,
2021,22,120000,0,user_25,370,371,
2026,23,110000,0,user_31,370,371,
1941,24,110000,0,user_24,369,371,
1975,25,110000,0,user_47,369,371,
1977,26,100000,0,user_47,369,371,
1788,27,84000,0,user_32,367,371,
1961,28,82000,0,user_32,369,371,
1660,0,43000000,0,user_49,365,372,
1797,1,27000000,0,user_41,367,372,
2003,2,6100001,0,user_3,370,372,1502
2006,3,6100001,0,user_6,370,372,1502
1923,4,6100001,0,user_10,369,372,1502
1918,5,6099999,0,user_3,369,372,1502
1919,6,6099999,0,user_6,369,372,1502
1768,7,6099999,0,user_17,367,372,1502
1840,8,6099999,0,user_10,368,372,1502
1847,9,6099999,0,user_17,368,372,1502
2099,33,4200000,410000,user_47,371,374,
1850,11,3600000,73100,user_20,368,372,
2091,34,3600000,0,user_37,371,374,
1802,13,2500000,14200,user_43,367,372,
1851,14,2500000,0,user_20,368,372,
1878,15,2400000,11200,user_43,368,372,
2079,39,2400000,47700,user_25,371,374,
2002,17,2000001,0,user_3,370,372,1640
2004,18,2000001,0,user_3,370,372,1640
2005,19,2000001,0,user_5,370,372,1640
1946,20,2000000,0,user_26,369,372,
1924,21,1999999,0,user_11,369,372,1640
1849,22,1999999,0,user_19,368,372,1640
1932,23,1999999,0,user_16,369,372,1640
1933,24,1999999,0,user_16,369,372,1640
2068,55,1999999,0,user_15,371,374,1640
1947,26,1100000,381000,user_26,369,372,
2086,59,1100000,0,user_30,371,374,
2053,28,1000001,0,user_2,371,372,1795
1795,29,1000000,7190000,user_40,367,372,
1806,30,1000000,0,user_49,367,372,
1779,31,420000,0,user_28,367,372,
2100,85,360000,0,user_47,371,374,
2154,87,310001,0,user_0,372,374,1376
1948,34,310000,0,user_26,369,372,
2028,90,310000,0,user_32,370,374,
1775,36,260000,33100,user_23,367,372,
1792,37,260000,0,user_38,367,372,
1863,38,260000,34700,user_28,368,372,
1801,39,220000,0,user_43,367,372,
1803,40,220000,0,user_43,367,372,
2102,94,220000,0,user_47,371,374,
1774,42,190000,0,user_23,367,372,
2155,96,170001,0,user_1,372,374,1434
1651,44,170000,0,user_38,365,372,
2088,98,170000,215000,user_33,371,374,
1848,46,169999,0,user_18,368,372,1434
2001,47,169999,0,user_3,370,372,1434
2007,48,160001,0,user_7,370,372,1426
2061,49,160001,0,user_9,371,372,1426
2067,50,160001,0,user_15,371,372,1426
2027,51,160000,0,user_32,370,372,
2077,52,160000,0,user_24,371,372,
1713,53,150000,0,user_38,366,372,
1968,54,130000,0,user_40,369,372,
1796,55,120000,164000,user_41,367,372,
2087,56,120000,164000,user_31,371,372,
2101,57,120000,56200,user_47,371,372,
1794,58,110000,0,user_40,367,372,
1805,59,110000,0,user_48,367,372,
2076,60,110000,5630,user_24,371,372,
1800,61,85000,0,user_43,367,372,
1876,62,84000,8520,user_40,368,372,
2078,63,84000,0,user_24,371,372,
1877,64,79000,0,user_41,368,372,
2176,49,2000000,0,user_25,372,374,
2169,60,1100000,0,user_21,372,374,
2180,75,530000,0,user_33,372,374,
2179,80,420000,0,user_31,372,374,
2168,86,350000,0,user_21,372,374,
2196,5,169999,0,user_1,373,373,1434
2041,0,43000000,0,user_46,370,376,
1979,2,30000000,0,user_48,369,376,
1938,4,27000000,0,user_22,369,376,
2223,0,19000000,0,user_41,373,377,
1857,5,19000000,0,user_22,368,376,
1879,6,6300000,0,user_44,368,376,
1928,7,6100001,0,user_12,369,376,1502
2055,8,6100001,0,user_4,371,376,1502
2057,9,6100001,0,user_6,371,376,1502
2163,10,6100001,0,user_13,372,376,1502
2065,11,6100001,0,user_12,371,376,1502
2158,12,6100001,0,user_8,372,376,1502
2160,13,6100001,0,user_8,372,376,1502
2070,14,6100001,0,user_16,371,376,1502
2073,15,6100001,0,user_19,371,376,1502
2201,16,6100001,0,user_6,373,376,1502
2238,17,6100001,0,user_2,374,376,1502
2080,21,6100000,0,user_26,371,376,
2054,22,6099999,0,user_3,371,376,1502
1846,23,6099999,0,user_14,368,376,1502
2016,24,6099999,0,user_19,370,376,1502
2056,25,6099999,0,user_5,371,376,1502
2156,27,6099999,0,user_3,372,376,1502
2197,28,6099999,0,user_3,373,376,1502
2066,29,6099999,0,user_14,371,376,1502
2198,30,6099999,0,user_4,373,376,1502
2199,31,6099999,0,user_4,373,376,1502
2069,32,6099999,0,user_16,371,376,1502
2166,33,6099999,0,user_16,372,376,1502
2200,34,6099999,0,user_5,373,376,1502
2204,35,6099999,0,user_13,373,376,1502
2017,41,5000000,12800,user_22,370,376,
1970,42,4500000,146000,user_44,369,376,
2099,33,4200000,410000,user_47,371,374,
2091,34,3600000,0,user_37,371,374,
1882,43,3500000,0,user_46,368,376,
1870,44,3500000,0,user_34,368,376,
1964,46,2500000,35600,user_34,369,376,
2191,18,2400000,0,user_43,372,377,
2079,39,2400000,47700,user_25,371,374,
1838,51,2000001,0,user_8,368,376,1640
1843,52,2000001,0,user_14,368,376,1640
1844,53,2000001,0,user_14,368,376,1640
1921,54,2000001,0,user_8,369,376,1640
1927,55,2000001,0,user_12,369,376,1640
1930,56,2000001,0,user_14,369,376,1640
2008,57,2000001,0,user_8,370,376,1640
2012,58,2000001,0,user_12,370,376,1640
1973,60,2000000,0,user_46,369,376,
2176,49,2000000,0,user_25,372,374,
1845,64,1999999,0,user_14,368,376,1640
1926,65,1999999,0,user_12,369,376,1640
1929,66,1999999,0,user_12,369,376,1640
2013,67,1999999,0,user_14,370,376,1640
1936,68,1999999,0,user_18,369,376,1640
2068,55,1999999,0,user_15,371,374,1640
2171,21,1600000,0,user_23,372,377,
2213,22,1600000,0,user_28,373,377,
2030,75,1400000,0,user_34,370,376,
2086,59,1100000,0,user_30,371,374,
2169,60,1100000,0,user_21,372,374,
2157,82,1000001,0,user_6,372,376,1795
2159,83,1000001,0,user_8,372,376,1795
1953,85,1000000,0,user_29,369,376,
2042,86,1000000,0,user_48,370,376,
2189,87,1000000,0,user_40,372,376,
2064,89,999999,0,user_11,371,376,1795
2060,90,999999,0,user_8,371,376,1795
2229,30,910000,0,user_43,373,377,
2037,92,910000,0,user_40,370,376,
2043,93,910000,0,user_48,370,376,
2082,95,670000,256000,user_26,371,376,
1864,97,660000,164000,user_29,368,376,
1869,99,650000,0,user_34,368,376,
2083,74,630000,0,user_26,371,374,
2180,75,530000,0,user_33,372,374,
2170,76,530000,0,user_22,372,374,
1974,77,470000,381000,user_46,369,374,
1854,78,460000,0,user_22,368,374,
1980,79,420000,0,user_48,369,374,
2179,80,420000,0,user_31,372,374,
2178,35,370000,36800,user_28,372,377,
2103,36,360000,0,user_49,371,377,
1856,83,360000,0,user_22,368,374,
1884,84,360000,0,user_48,368,374,
2100,85,360000,0,user_47,371,374,
2168,86,350000,0,user_21,372,374,
2154,87,310001,0,user_0,372,374,1376
2164,88,310001,0,user_13,372,374,1376
2244,89,310001,0,user_7,374,374,1376
2028,90,310000,0,user_32,370,374,
1925,91,309999,0,user_12,369,374,1376
1880,92,300000,0,user_44,368,374,
2025,93,260000,0,user_29,370,374,
2102,94,220000,0,user_47,371,374,
2081,95,220000,0,user_26,371,374,
2155,96,170001,0,user_1,372,374,1434
2250,46,170001,0,user_10,374,377,1434
2088,98,170000,215000,user_33,371,374,
1920,99,169999,0,user_8,369,374,1434
2239,18,6100001,0,user_3,374,376,1502
2203,19,6100001,0,user_12,373,376,1502
2243,20,6100001,0,user_6,374,376,1502
2240,37,6099999,0,user_4,374,376,1502
2207,38,6099999,0,user_16,373,376,1502
2338,12,6099999,0,user_7,375,377,1502
2263,23,2100000,769000,user_28,374,379,
2232,61,2000000,283000,user_46,373,376,
2241,84,1000001,0,user_4,374,376,1795
2242,91,999999,0,user_5,374,376,1795
2260,43,370000,0,user_23,374,379,
2285,44,370000,0,user_41,374,379,
2288,45,340000,33300,user_43,374,379,
2202,13,310001,0,user_8,373,375,1376
2286,50,260000,161000,user_41,374,379,
2252,15,160001,0,user_13,374,375,1426
2331,16,160001,0,user_2,375,375,1426
2340,59,160001,0,user_10,375,379,1426
2205,18,159999,0,user_14,373,375,1426
1855,19,98000,0,user_22,368,375,
1881,20,80000,0,user_46,368,375,
2041,0,43000000,0,user_46,370,376,
2184,1,30000000,0,user_35,372,376,
1979,2,30000000,0,user_48,369,376,
2035,3,30000000,0,user_38,370,376,
1938,4,27000000,0,user_22,369,376,
1857,5,19000000,0,user_22,368,376,
1879,6,6300000,0,user_44,368,376,
1928,7,6100001,0,user_12,369,376,1502
2055,8,6100001,0,user_4,371,376,1502
2057,9,6100001,0,user_6,371,376,1502
2163,10,6100001,0,user_13,372,376,1502
2065,11,6100001,0,user_12,371,376,1502
2158,12,6100001,0,user_8,372,376,1502
2160,13,6100001,0,user_8,372,376,1502
2070,14,6100001,0,user_16,371,376,1502
2073,15,6100001,0,user_19,371,376,1502
2201,16,6100001,0,user_6,373,376,1502
2238,17,6100001,0,user_2,374,376,1502
2239,18,6100001,0,user_3,374,376,1502
2203,19,6100001,0,user_12,373,376,1502
2243,20,6100001,0,user_6,374,376,1502
2080,21,6100000,0,user_26,371,376,
2054,22,6099999,0,user_3,371,376,1502
1846,23,6099999,0,user_14,368,376,1502
2016,24,6099999,0,user_19,370,376,1502
2056,25,6099999,0,user_5,371,376,1502
2059,26,6099999,0,user_7,371,376,1502
2156,27,6099999,0,user_3,372,376,1502
2197,28,6099999,0,user_3,373,376,1502
2066,29,6099999,0,user_14,371,376,1502
2198,30,6099999,0,user_4,373,376,1502
2199,31,6099999,0,user_4,373,376,1502
2069,32,6099999,0,user_16,371,376,1502
2166,33,6099999,0,user_16,372,376,1502
2200,34,6099999,0,user_5,373,376,1502
2204,35,6099999,0,user_13,373,376,1502
2247,36,6099999,0,user_9,374,376,1502
2240,37,6099999,0,user_4,374,376,1502
2207,38,6099999,0,user_16,373,376,1502
2394,39,6099999,0,user_1,376,376,1502
2214,40,5200000,60700,user_30,373,376,
2017,41,5000000,12800,user_22,370,376,
1970,42,4500000,146000,user_44,369,376,
1882,43,3500000,0,user_46,368,376,
1870,44,3500000,0,user_34,368,376,
2280,45,3500000,0,user_37,374,376,
1964,46,2500000,35600,user_34,369,376,
2278,47,2400000,0,user_35,374,376,
2281,48,2300000,16400,user_37,374,376,
2165,49,2000001,0,user_15,372,376,1640
2206,50,2000001,0,user_15,373,376,1640
1838,51,2000001,0,user_8,368,376,1640
1843,52,2000001,0,user_14,368,376,1640
1844,53,2000001,0,user_14,368,376,1640
1921,54,2000001,0,user_8,369,376,1640
1927,55,2000001,0,user_12,369,376,1640
1930,56,2000001,0,user_14,369,376,1640
2008,57,2000001,0,user_8,370,376,1640
2012,58,2000001,0,user_12,370,376,1640
2218,59,2000000,0,user_33,373,376,
1973,60,2000000,0,user_46,369,376,
2232,61,2000000,283000,user_46,373,376,
2085,62,2000000,0,user_28,371,376,
2364,63,2000000,0,user_30,375,376,
1845,64,1999999,0,user_14,368,376,1640
1926,65,1999999,0,user_12,369,376,1640
1929,66,1999999,0,user_12,369,376,1640
2013,67,1999999,0,user_14,370,376,1640
1936,68,1999999,0,user_18,369,376,1640
2071,69,1999999,0,user_17,371,376,1640
2162,70,1999999,0,user_10,372,376,1640
2174,71,1900000,0,user_24,372,376,
2018,72,1600000,0,user_23,370,376,
2024,73,1600000,322000,user_28,370,376,
2211,74,1400000,0,user_25,373,376,
2030,75,1400000,0,user_34,370,376,
1940,76,1300000,0,user_23,369,376,
2187,77,1200000,161000,user_37,372,376,
2275,78,1200000,0,user_33,374,376,
2215,79,1200000,0,user_32,373,376,
2172,80,1100000,0,user_24,372,376,
2261,81,1100000,0,user_24,374,376,
2157,82,1000001,0,user_6,372,376,1795
2159,83,1000001,0,user_8,372,376,1795
2241,84,1000001,0,user_4,374,376,1795
1953,85,1000000,0,user_29,369,376,
2042,86,1000000,0,user_48,370,376,
2189,87,1000000,0,user_40,372,376,
2038,88,1000000,0,user_41,370,376,
2064,89,999999,0,user_11,371,376,1795
2060,90,999999,0,user_8,371,376,1795
2242,91,999999,0,user_5,374,376,1795
2037,92,910000,0,user_40,370,376,
2043,93,910000,0,user_48,370,376,
2183,94,670000,296000,user_35,372,376,
2082,95,670000,256000,user_26,371,376,
2366,96,670000,0,user_31,375,376,
1864,97,660000,164000,user_29,368,376,
2269,98,660000,0,user_30,374,376,
1869,99,650000,0,user_34,368,376,
2223,0,19000000,0,user_41,373,377,
2253,1,6100001,0,user_14,374,377,1502
2332,2,6100001,0,user_4,375,377,1502
2333,3,6100001,0,user_4,375,377,1502
2072,4,6100001,0,user_18,371,377,1502
2341,5,6100001,0,user_11,375,377,1502
2427,6,6100000,18600,user_31,376,377,
2245,7,6099999,0,user_8,374,377,1502
2334,8,6099999,0,user_5,375,377,1502
2335,9,6099999,0,user_5,375,377,1502
2336,10,6099999,0,user_5,375,377,1502
2337,11,6099999,0,user_6,375,377,1502
2338,12,6099999,0,user_7,375,377,1502
2209,13,6099999,0,user_18,373,377,1502
2343,14,6099999,0,user_13,375,377,1502
2395,15,6099999,0,user_2,376,377,1502
2434,16,4500000,0,user_37,376,377,
2432,17,3200000,0,user_37,376,377,
2191,18,2400000,0,user_43,372,377,
2418,19,2100000,5630,user_24,376,377,
2417,20,2000000,33300,user_24,376,377,
2171,21,1600000,0,user_23,372,377,
2213,22,1600000,0,user_28,373,377,
2373,23,1500000,0,user_37,375,377,
2431,24,1500000,75000,user_37,376,377,
2433,25,1500000,0,user_37,376,377,
2419,26,1200000,47700,user_25,376,377,
2266,27,1000000,0,user_29,374,377,
2251,28,999999,0,user_12,374,377,1795
2430,29,970000,0,user_35,376,377,
2229,30,910000,0,user_43,373,377,
2426,31,910000,12300,user_30,376,377,
2267,32,630000,0,user_29,374,377,
2291,33,630000,0,user_46,374,377,
2381,34,630000,0,user_47,375,377,
2178,35,370000,36800,user_28,372,377,
2103,36,360000,0,user_49,371,377,
2413,37,320000,0,user_21,376,377,
2011,38,310001,0,user_10,370,377,1376
2344,39,310001,0,user_15,375,377,1376
2357,40,310000,0,user_24,375,377,
1939,41,260000,0,user_23,369,377,
2044,42,240000,0,user_49,370,377,
1934,43,170001,0,user_17,369,377,1434
1935,44,170001,0,user_17,369,377,1434
2010,45,170001,0,user_10,370,377,1434
2250,46,170001,0,user_10,374,377,1434
2258,47,170001,0,user_18,374,377,1434
2474,48,170001,0,user_0,377,377,1434
2475,49,170001,0,user_1,377,377,1434
2382,50,170000,0,user_47,375,377,
2167,51,169999,0,user_18,372,377,1434
2400,52,169999,0,user_9,376,377,1434
1937,53,160000,0,user_20,369,377,
2259,54,160000,0,user_22,374,377,
2274,55,160000,0,user_32,374,377,
2015,56,159999,0,user_16,370,377,1426
2208,57,159999,0,user_17,373,377,1426
2195,58,150000,13900,user_49,372,377,
1874,59,120000,350000,user_38,368,377,
2284,60,120000,0,user_40,374,377,
2188,61,110000,0,user_38,372,377,
2230,62,100000,0,user_43,373,377,
2264,63,98000,769000,user_29,374,377,
2265,64,82000,0,user_29,374,377,
2491,0,30000000,0,user_23,377,378,
2411,5,6100001,0,user_19,376,379,1502
2412,6,6100001,0,user_19,376,379,1502
2410,7,6100001,0,user_18,376,379,1502
2539,8,6100001,0,user_2,378,379,1502
2543,5,6100001,0,user_7,378,378,1502
2408,16,6099999,0,user_16,376,379,1502
2478,17,6099999,0,user_5,377,379,1502
2483,18,6099999,0,user_11,377,379,1502
2544,9,6099999,0,user_7,378,378,1502
2545,10,6099999,0,user_7,378,378,1502
2374,11,2500000,5630,user_38,375,378,
2435,12,2100000,0,user_38,376,378,
2487,13,2000001,0,user_17,377,378,1640
2384,14,1400000,0,user_49,375,378,
2383,29,1400000,381000,user_48,375,379,
2509,16,1000000,0,user_41,377,378,
2445,17,910000,0,user_49,376,378,
2409,48,309999,0,user_18,376,379,1376
2510,19,220000,0,user_41,377,378,
2484,57,169999,0,user_13,377,379,1434
2547,21,160001,0,user_10,378,378,1426
2511,22,160000,195000,user_43,377,378,
2420,64,150000,0,user_26,376,379,
2089,74,110000,0,user_34,371,379,
2372,79,100000,0,user_34,375,379,
2492,26,70000,0,user_23,377,378,
2496,0,19000000,0,user_31,377,379,
2358,1,6300000,510000,user_26,375,379,
2347,2,6100001,0,user_18,375,379,1502
2349,3,6100001,0,user_18,375,379,1502
2404,4,6100001,0,user_11,376,379,1502
2411,5,6100001,0,user_19,376,379,1502
2412,6,6100001,0,user_19,376,379,1502
2410,7,6100001,0,user_18,376,379,1502
2539,8,6100001,0,user_2,378,379,1502
2234,9,6100000,0,user_49,373,379,
2398,10,6099999,0,user_4,376,379,1502
2352,11,6099999,0,user_19,375,379,1502
2399,12,6099999,0,user_5,376,379,1502
2348,13,6099999,0,user_18,375,379,1502
2350,14,6099999,0,user_18,375,379,1502
2477,15,6099999,0,user_2,377,379,1502
2408,16,6099999,0,user_16,376,379,1502
2478,17,6099999,0,user_5,377,379,1502
2483,18,6099999,0,user_11,377,379,1502
2356,19,4200000,0,user_23,375,379,
2181,20,2600000,0,user_34,372,379,
2233,21,2400000,0,user_49,373,379,
2362,22,2300000,0,user_29,375,379,
2263,23,2100000,769000,user_28,374,379,
2346,24,2000001,0,user_17,375,379,1640
2403,25,2000001,0,user_10,376,379,1640
2402,26,1999999,0,user_10,376,379,1640
2499,27,1500000,0,user_33,377,379,
2277,28,1400000,0,user_34,374,379,
2383,29,1400000,381000,user_48,375,379,
2353,30,1400000,0,user_20,375,379,
2572,31,1400000,15300,user_35,378,379,
2396,32,1000001,0,user_4,376,379,1795
2359,33,1000000,0,user_26,375,379,
2568,34,1000000,0,user_31,378,379,
2406,35,999999,0,user_13,376,379,1795
2476,36,999999,0,user_2,377,379,1795
2595,37,999999,0,user_1,379,379,1795
2376,38,970000,0,user_41,375,379,
2504,39,660000,0,user_37,377,379,
2361,40,600000,0,user_26,375,379,
2194,41,470000,0,user_48,372,379,
2294,42,460000,322000,user_48,374,379,
2260,43,370000,0,user_23,374,379,
2285,44,370000,0,user_41,374,379,
2288,45,340000,33300,user_43,374,379,
2345,46,310001,0,user_16,375,379,1376
2479,47,309999,0,user_7,377,379,1376
2409,48,309999,0,user_18,376,379,1376
2360,49,300000,0,user_26,375,379,
2286,50,260000,161000,user_41,374,379,
2502,51,220000,0,user_35,377,379,
2339,52,170001,0,user_8,375,379,1434
2351,53,170001,0,user_18,375,379,1434
2546,54,170001,0,user_9,378,379,1434
2594,55,170001,0,user_0,379,379,1434
2296,56,170000,0,user_49,374,379,
2484,57,169999,0,user_13,377,379,1434
2342,58,160001,0,user_12,375,379,1426
2340,59,160001,0,user_10,375,379,1426
2481,60,160001,0,user_9,377,379,1426
2516,61,160000,21800,user_47,377,379,
2397,62,159999,0,user_4,376,379,1426
2401,63,159999,0,user_10,376,379,1426
2420,64,150000,0,user_26,376,379,
2355,65,150000,84800,user_23,375,379,
2378,66,150000,0,user_43,375,379,
2567,67,130000,15300,user_30,378,379,
2282,68,120000,0,user_38,374,379,
2501,69,120000,0,user_35,377,379,
2571,70,120000,0,user_35,378,379,
2354,71,110000,0,user_22,375,379,
2363,72,110000,0,user_29,375,379,
2380,73,110000,0,user_46,375,379,
2089,74,110000,0,user_34,371,379,
2289,75,110000,84800,user_44,374,379,
2293,76,110000,0,user_48,374,379,
2494,77,110000,0,user_30,377,379,
2573,78,110000,0,user_37,378,379,
2372,79,100000,0,user_34,375,379,
2221,80,98000,0,user_38,373,379,
2561,81,83000,0,user_21,378,379,
2295,82,82000,0,user_49,374,379,
2495,83,77000,0,user_30,377,379,
2192,84,70000,0,user_44,372,379,
1310,11,970000,0,user_1,380,381,
1309,17,120000,0,user_0,380,381,
1315,1,6300000,0,user_7,380,382,
1352,5,5200000,0,user_43,380,387,
1350,8,3600000,0,user_43,380,387,
1316,5,2600000,0,user_7,380,382,
1360,10,1400001,0,user_2,381,382,1312
1364,8,1400001,0,user_7,381,383,1312
1367,34,1400001,0,user_10,381,387,1312
1312,11,1400000,10700,user_4,380,382,
1359,14,1399999,0,user_2,381,382,1312
1327,40,1000000,0,user_20,380,387,
1349,41,1000000,0,user_43,380,387,
1310,11,970000,0,user_1,380,381,
1319,17,970000,0,user_11,380,382,
1330,63,360000,0,user_23,380,387,
1311,23,360000,0,user_3,380,382,
1348,68,310000,0,user_43,380,387,
1313,29,150000,0,user_5,380,382,
1309,17,120000,0,user_0,380,381,
1314,33,120000,0,user_6,380,382,
1322,35,110000,0,user_13,380,382,
1351,92,73000,0,user_43,380,387,
1336,0,30000000,0,user_25,380,382,
1315,1,6300000,0,user_7,380,382,
1318,2,3600000,0,user_9,380,382,
1331,3,3600000,0,user_24,380,382,
1342,4,3500000,8520,user_33,380,382,
1316,5,2600000,0,user_7,380,382,
1337,6,2100000,0,user_25,380,382,
1383,7,2000000,36800,user_30,381,382,
1324,8,1500000,0,user_15,380,382,
1341,9,1500000,0,user_32,380,382,
1360,10,1400001,0,user_2,381,382,1312
1312,11,1400000,10700,user_4,380,382,
1334,12,1400000,0,user_24,380,382,
1371,13,1400000,0,user_15,381,382,
1359,14,1399999,0,user_2,381,382,1312
1329,15,1000000,0,user_21,380,382,
1389,16,1000000,0,user_37,381,382,
1319,17,970000,0,user_11,380,382,
1328,18,910000,0,user_21,380,382,
1333,19,670000,0,user_24,380,382,
1404,20,600001,0,user_0,382,382,1357
1357,21,600000,49100,user_47,380,382,
1385,22,370000,0,user_30,381,382,
1311,23,360000,0,user_3,380,382,
1405,24,310001,0,user_1,382,382,1376
1376,25,310000,4320000,user_25,381,382,
1406,26,309999,0,user_1,382,382,1376
1407,27,309999,0,user_1,382,382,1376
1408,28,309999,0,user_1,382,382,1376
1313,29,150000,0,user_5,380,382,
1377,30,150000,0,user_25,381,382,
1339,31,130000,0,user_30,380,382,
1340,32,120000,0,user_31,380,382,
1314,33,120000,0,user_6,380,382,
1335,34,120000,0,user_24,380,382,
1322,35,110000,0,user_13,380,382,
1386,36,110000,0,user_31,381,382,
1332,37,110000,0,user_24,380,382,
1398,38,84000,0,user_47,381,382,
1384,39,79000,0,user_30,381,382,
1366,40,77000,0,user_9,381,382,
1356,0,2300000,779000,user_46,380,383,
1362,1,2299999,0,user_4,381,383,1356
1410,2,1999999,0,user_2,382,383,1383
1466,3,1999999,0,user_0,383,383,1383
1325,4,1500000,0,user_18,380,383,
1427,5,1500000,49100,user_25,382,383,
1317,6,1400001,0,user_8,380,383,1312
1323,7,1400001,0,user_14,380,383,1312
1364,8,1400001,0,user_7,381,383,1312
1368,9,1400001,0,user_11,381,383,1312
1361,10,1399999,0,user_3,381,383,1312
1320,11,1399999,0,user_12,380,383,1312
1321,12,1399999,0,user_12,380,383,1312
1363,13,1399999,0,user_6,381,383,1312
1409,14,600001,0,user_2,382,383,1357
1413,15,600001,0,user_9,382,383,1357
1418,16,600001,0,user_15,382,383,1357
1452,17,470000,181000,user_47,382,383,
1439,18,460000,13900,user_33,382,383,
1355,19,350000,0,user_46,380,383,
1440,20,350000,0,user_33,382,383,
1346,21,340000,0,user_40,380,383,
1443,22,310000,35600,user_37,382,383,
1468,23,309999,0,user_1,383,383,1376
1469,24,309999,0,user_1,383,383,1376
1467,25,160001,0,user_0,383,383,1426
1426,26,160000,4320000,user_24,382,383,
1442,27,110000,0,user_37,382,383,
1422,28,85000,0,user_21,382,383,
1449,4,6100000,0,user_43,382,387,
1425,6,5000000,0,user_23,382,387,
1401,10,3500000,0,user_49,381,387,
1419,14,2400001,0,user_17,382,387,1395
1485,27,2000000,0,user_20,383,387,
1444,31,1600000,16400,user_38,382,387,
1447,47,630000,0,user_41,382,387,
1495,64,360000,0,user_28,383,387,
1454,66,320000,0,user_49,382,387,
1487,70,260000,0,user_23,383,387,
1481,73,219999,0,user_17,383,387,1393
1554,74,219999,0,user_10,384,387,1393
1421,83,160000,0,user_20,382,387,
1390,84,150000,0,user_38,381,387,
1344,85,120000,0,user_38,380,387,
1455,86,120000,0,user_49,382,387,
1392,0,43000000,0,user_40,381,385,
1502,1,6100000,4320000,user_35,383,385,
1489,2,5000000,0,user_25,383,385,
1490,3,4200000,0,user_25,383,385,
1411,4,2300001,0,user_3,382,385,1356
1417,5,2300001,0,user_13,382,385,1356
1470,6,2300001,0,user_2,383,385,1356
1365,7,2300001,0,user_8,381,385,1356
1415,8,2300001,0,user_12,382,385,1356
1369,9,2299999,0,user_14,381,385,1356
1382,10,2000000,0,user_29,381,385,
1433,11,2000000,0,user_29,382,385,
1431,12,2000000,0,user_26,382,385,
1451,13,1800000,0,user_46,382,385,
1503,14,1600000,0,user_35,383,385,
1370,15,1400001,0,user_14,381,385,1312
1580,16,1400000,16400,user_33,384,385,
1412,17,1399999,0,user_8,382,385,1312
1416,18,1399999,0,user_12,382,385,1312
1486,19,1200000,0,user_21,383,385,
1424,20,1000000,0,user_22,382,385,
1498,21,910000,0,user_31,383,385,
1378,22,660000,0,user_26,381,385,
1499,23,630000,285000,user_33,383,385,
1423,24,630000,0,user_22,382,385,
1420,25,460001,0,user_19,382,385,1396
1396,26,460000,215000,user_44,381,385,
1504,27,370000,0,user_37,383,385,
1471,28,310001,0,user_2,383,385,1376
1545,29,310001,0,user_0,384,385,1376
1472,30,310001,0,user_3,383,385,1376
1428,31,260000,0,user_26,382,385,
1430,32,260000,0,user_26,382,385,
1432,33,260000,0,user_26,382,385,
1446,34,190000,0,user_40,382,385,
1546,35,170001,0,user_2,384,385,1434
1434,36,170000,4320000,user_29,382,385,
1473,37,169999,0,user_4,383,385,1434
1478,38,160001,0,user_13,383,385,1426
1607,39,160001,0,user_1,385,385,1426
1491,40,160000,0,user_25,383,385,
1500,41,160000,64600,user_33,383,385,
1474,42,159999,0,user_5,383,385,1426
1475,43,159999,0,user_6,383,385,1426
1518,44,150000,0,user_47,383,385,
1326,45,130000,0,user_19,380,385,
1358,46,120000,0,user_48,380,385,
1429,47,120000,0,user_26,382,385,
1488,48,110000,381000,user_25,383,385,
1567,49,98000,0,user_25,384,385,
1373,50,87000,0,user_19,381,385,
1375,51,84000,35600,user_22,381,385,
1399,52,73000,0,user_48,381,385,
1400,53,70000,0,user_48,381,385,
1587,0,27000000,0,user_37,384,386,
1624,1,6100001,0,user_15,385,386,1502
1560,2,6099999,0,user_15,384,386,1502
1625,3,6099999,0,user_15,385,386,1502
1626,4,6099999,0,user_15,385,386,1502
1576,5,2600000,0,user_32,384,386,
1650,6,2600000,17000,user_37,385,386,
1616,7,2300001,0,user_9,385,386,1356
1617,8,2300001,0,user_9,385,386,1356
1663,9,2299999,0,user_1,386,386,1356
1436,10,2000000,0,user_32,382,386,
1644,11,2000000,0,user_35,385,386,
1585,12,1800000,0,user_35,384,386,
1435,13,1100000,0,user_32,382,386,
1645,14,1000000,0,user_35,385,386,
1647,15,670000,164000,user_37,385,386,
1648,16,670000,381000,user_37,385,386,
1643,17,600000,0,user_33,385,386,
1661,18,310001,0,user_0,386,386,1376
1664,19,310001,0,user_1,386,386,1376
1577,20,310000,0,user_32,384,386,
1649,21,300000,0,user_37,385,386,
1578,22,260000,0,user_32,384,386,
1657,23,240000,0,user_47,385,386,
1662,24,170001,0,user_0,386,386,1434
1637,25,170000,0,user_25,385,386,
1553,26,160001,0,user_9,384,386,1426
1614,27,160001,0,user_9,385,386,1426
1615,28,160001,0,user_9,385,386,1426
1627,29,160001,0,user_15,385,386,1426
1623,30,159999,0,user_15,385,386,1426
1579,31,150000,0,user_32,384,386,
1437,32,110000,0,user_32,382,386,
1438,33,110000,0,user_32,382,386,
1658,34,110000,0,user_47,385,386,
1595,0,43000000,0,user_46,384,387,
1642,1,27000000,0,user_32,385,387,
1753,2,6100001,0,user_0,387,387,1502
1453,3,6100000,0,user_48,382,387,
1449,4,6100000,0,user_43,382,387,
1352,5,5200000,0,user_43,380,387,
1425,6,5000000,0,user_23,382,387,
1497,7,4200000,0,user_29,383,387,
1350,8,3600000,0,user_43,380,387,
1704,9,3600000,100000,user_33,386,387,
1401,10,3500000,0,user_49,381,387,
1681,11,3200000,0,user_21,386,387,
1705,12,2500000,0,user_35,386,387,
1414,13,2400001,0,user_10,382,387,1395
1419,14,2400001,0,user_17,382,387,1395
1395,15,2400000,322000,user_43,381,387,
1612,16,2399999,0,user_7,385,387,1395
1555,17,2300001,0,user_12,384,387,1356
1559,18,2300001,0,user_14,384,387,1356
1666,19,2300001,0,user_2,386,387,1356
1757,20,2300001,0,user_1,387,387,1356
1550,21,2299999,0,user_6,384,387,1356
1665,22,2299999,0,user_2,386,387,1356
1752,23,2299999,0,user_0,387,387,1356
1755,24,2299999,0,user_0,387,387,1356
1756,25,2299999,0,user_0,387,387,1356
1374,26,2000000,0,user_20,381,387,
1485,27,2000000,0,user_20,383,387,
1572,28,1800000,0,user_29,384,387,
1517,29,1600000,0,user_46,383,387,
1574,30,1600000,0,user_29,384,387,
1444,31,1600000,16400,user_38,382,387,
1721,32,1600000,256000,user_47,386,387,
1687,33,1500000,0,user_24,386,387,
1367,34,1400001,0,user_10,381,387,1312
1492,35,1200000,0,user_26,383,387,
1706,36,1100000,0,user_35,386,387,
1511,37,1000000,0,user_40,383,387,
1594,38,1000000,0,user_46,384,387,
1596,39,1000000,17000,user_46,384,387,
1327,40,1000000,0,user_20,380,387,
1349,41,1000000,0,user_43,380,387,
1712,42,970000,0,user_37,386,387,
1575,43,910000,0,user_29,384,387,
1711,44,670000,0,user_37,386,387,
1573,45,660000,0,user_29,384,387,
1700,46,660000,0,user_30,386,387,
1447,47,630000,0,user_41,382,387,
1597,48,530000,0,user_46,384,387,
1688,49,470000,0,user_25,386,387,
1549,50,460001,0,user_5,384,387,1396
1551,51,460001,0,user_8,384,387,1396
1556,52,460001,0,user_12,384,387,1396
1621,53,460001,0,user_13,385,387,1396
1496,54,460000,0,user_29,383,387,
1547,55,459999,0,user_4,384,387,1396
1480,56,459999,0,user_16,383,387,1396
1483,57,459999,0,user_19,383,387,1396
1484,58,459999,0,user_19,383,387,1396
1557,59,459999,0,user_13,384,387,1396
1558,60,459999,0,user_14,384,387,1396
1611,61,459999,0,user_6,385,387,1396
1701,62,420000,0,user_31,386,387,
1330,63,360000,0,user_23,380,387,
1495,64,360000,0,user_28,383,387,
1703,65,340000,0,user_33,386,387,
1454,66,320000,0,user_49,382,387,
1676,67,310001,0,user_15,386,387,1376
1348,68,310000,0,user_43,380,387,
1609,69,309999,0,user_4,385,387,1376
1487,70,260000,0,user_23,383,387,
1724,71,260000,0,user_47,386,387,
1393,72,220000,100000,user_41,381,387,
1481,73,219999,0,user_17,383,387,1393
1554,74,219999,0,user_10,384,387,1393
1476,75,170001,0,user_8,383,387,1434
1552,76,170001,0,user_8,384,387,1434
1608,77,170001,0,user_4,385,387,1434
1610,78,170001,0,user_4,385,387,1434
1477,79,169999,0,user_12,383,387,1434
1548,80,169999,0,user_5,384,387,1434
1754,81,169999,0,user_0,387,387,1434
1479,82,160001,0,user_14,383,387,1426
1421,83,160000,0,user_20,382,387,
1390,84,150000,0,user_38,381,387,
1344,85,120000,0,user_38,380,387,
1455,86,120000,0,user_49,382,387,
1722,87,120000,0,user_47,386,387,
1450,88,110000,15700,user_44,382,387,
1723,89,110000,164000,user_47,386,387,
1598,90,87000,0,user_46,384,387,
1381,91,84000,0,user_28,381,387,
1351,92,73000,0,user_43,380,387,
1566,0,27000000,17000,user_23,384,388,
1570,1,6300000,0,user_28,384,388,
1784,2,6300000,14200,user_31,387,388,
1599,3,3600000,0,user_48,384,388,
1507,4,3500000,0,user_38,383,388,
1583,5,2500000,12800,user_34,384,388,
1613,6,2299999,0,user_8,385,388,1356
1667,7,2299999,0,user_4,386,388,1356
1668,8,2299999,0,user_5,386,388,1356
1761,9,2299999,0,user_9,387,388,1356
1829,10,2299999,0,user_0,388,388,1356
1509,11,2000000,0,user_38,383,388,
1571,12,2000000,0,user_28,384,388,
1501,13,1700000,0,user_34,383,388,
1634,14,1600001,0,user_19,385,388,1581
1635,15,1600001,0,user_19,385,388,1581
1581,16,1600000,769000,user_34,384,388,
1772,17,1600000,0,user_21,387,388,
1786,18,1600000,0,user_31,387,388,
1771,19,1500000,231000,user_21,387,388,
1776,20,1500000,0,user_24,387,388,
1506,21,1400000,0,user_38,383,388,
1781,22,1000000,17000,user_30,387,388,
1790,23,1000000,13900,user_35,387,388,
1565,24,970000,0,user_23,384,388,
1505,25,910000,0,user_38,383,388,
1522,26,870000,0,user_49,383,388,
1590,27,660000,0,user_41,384,388,
1830,28,650001,0,user_1,388,388,1521
1582,29,650000,0,user_34,384,388,
1521,30,650000,1100000,user_49,383,388,
1629,31,460001,0,user_16,385,388,1396
1620,32,459999,0,user_12,385,388,1396
1564,33,459999,0,user_19,384,388,1396
1630,34,459999,0,user_16,385,388,1396
1789,35,360000,0,user_33,387,388,
1653,36,300000,0,user_40,385,388,
1562,37,220001,0,user_17,384,388,1393
1513,38,220000,0,user_44,383,388,
1584,39,220000,0,user_34,384,388,
1622,40,170001,0,user_14,385,388,1434
1670,41,170001,0,user_7,386,388,1434
1758,42,170001,0,user_2,387,388,1434
1783,43,170000,0,user_31,387,388,
1669,44,169999,0,user_6,386,388,1434
1618,45,169999,0,user_10,385,388,1434
1762,46,169999,0,user_9,387,388,1434
1619,47,160001,0,user_12,385,388,1426
1519,48,160000,0,user_48,383,388,
1569,49,160000,0,user_28,384,388,
1785,50,160000,283000,user_31,387,388,
1561,51,159999,0,user_16,384,388,1426
1628,52,159999,0,user_16,385,388,1426
1641,53,150000,0,user_29,385,388,
1508,54,150000,0,user_38,383,388,
1777,55,110000,0,user_25,387,388,
1782,56,110000,0,user_31,387,388,
1514,57,85000,64600,user_44,383,388,
1600,58,77000,0,user_48,384,388,
1654,59,77000,0,user_40,385,388,
1520,60,73000,0,user_48,383,388,
1923,4,6100001,0,user_10,389,392,1502
1847,9,6099999,0,user_17,388,392,1502
1850,11,3600000,73100,user_20,388,392,
1851,14,2500000,0,user_20,388,392,
1878,15,2400000,11200,user_43,388,392,
1372,39,1399999,0,user_18,381,390,1312
1806,30,1000000,0,user_49,387,392,
1792,37,260000,0,user_38,387,392,
1863,38,260000,34700,user_28,388,392,
1877,64,79000,0,user_41,388,392,
1680,0,30000000,769000,user_20,386,390,
1833,1,6100001,0,user_3,388,390,1502
1671,2,6099999,0,user_10,386,390,1502
1763,3,6099999,0,user_10,387,390,1502
1769,4,6099999,0,user_18,387,390,1502
1693,5,5000000,0,user_26,386,390,
1683,6,3500000,67500,user_22,386,390,
1698,7,2500000,0,user_29,386,390,
1672,8,2300001,0,user_12,386,390,1356
1673,9,2300001,0,user_12,386,390,1356
1674,10,2300001,0,user_12,386,390,1356
1765,11,2300001,0,user_12,387,390,1356
1767,12,2300001,0,user_16,387,390,1356
1839,13,2299999,0,user_9,388,390,1356
1675,14,2299999,0,user_14,386,390,1356
1766,15,2299999,0,user_14,387,390,1356
1832,16,2000001,0,user_3,388,390,1640
1836,17,2000001,0,user_5,388,390,1640
1841,18,2000001,0,user_11,388,390,1640
2000,19,2000001,0,user_1,390,390,1640
1640,20,2000000,4320000,user_28,385,390,
1760,21,1999999,0,user_7,387,390,1640
1831,22,1999999,0,user_2,388,390,1640
1835,23,1999999,0,user_4,388,390,1640
1837,24,1999999,0,user_7,388,390,1640
1917,25,1999999,0,user_2,389,390,1640
1999,26,1999999,0,user_1,390,390,1640
1682,27,1900000,16400,user_22,386,390,
1963,28,1900000,0,user_33,389,390,
1773,29,1800000,0,user_22,387,390,
1883,30,1600000,0,user_47,388,390,
1945,31,1600000,0,user_25,389,390,
1959,32,1600000,0,user_31,389,390,
1684,33,1500000,0,user_22,386,390,
1725,34,1500000,6390,user_48,386,390,
1563,35,1400001,0,user_18,384,390,1312
1678,36,1400001,0,user_18,386,390,1312
1679,37,1400001,0,user_18,386,390,1312
1958,38,1400000,0,user_30,389,390,
1372,39,1399999,0,user_18,381,390,1312
1482,40,1399999,0,user_18,383,390,1312
1633,41,1399999,0,user_18,385,390,1312
1853,42,1000000,769000,user_21,388,390,
1685,43,1000000,0,user_22,386,390,
1697,44,1000000,0,user_28,386,390,
1636,45,910000,32900,user_20,385,390,
1862,46,910000,0,user_24,388,390,
1861,47,670000,0,user_24,388,390,
1871,48,670000,0,user_35,388,390,
1720,49,670000,0,user_46,386,390,
1726,50,670000,19700,user_48,386,390,
1632,51,650001,0,user_17,385,390,1521
1759,52,649999,0,user_3,387,390,1521
1631,53,649999,0,user_17,385,390,1521
1764,54,649999,0,user_11,387,390,1521
1867,55,530000,0,user_33,388,390,
1699,56,470000,0,user_29,386,390,
1659,57,460000,0,user_48,385,390,
1954,58,420000,121000,user_30,389,390,
1691,59,370000,56200,user_26,386,390,
1868,60,320000,0,user_33,388,390,
1677,61,310001,0,user_16,386,390,1376
1916,62,310001,0,user_2,389,390,1376
1770,63,309999,0,user_19,387,390,1376
1866,64,260000,0,user_31,388,390,
1858,65,260000,0,user_24,388,390,
1962,66,240000,24700,user_33,389,390,
1859,67,220000,510000,user_24,388,390,
1860,68,220000,47700,user_24,388,390,
1915,69,170001,0,user_0,389,390,1434
1834,70,170001,0,user_4,388,390,1434
1689,71,170000,0,user_26,386,390,
1957,72,170000,0,user_30,389,390,
1873,73,160000,0,user_37,388,390,
1686,74,160000,296000,user_23,386,390,
1842,75,159999,0,user_13,388,390,1426
1655,76,150000,0,user_41,385,390,
1692,77,150000,0,user_26,386,390,
1696,78,150000,0,user_28,386,390,
1852,79,120000,0,user_21,388,390,
1690,80,120000,43600,user_26,386,390,
1716,81,120000,0,user_41,386,390,
1955,82,120000,0,user_30,389,390,
1780,83,110000,15100,user_29,387,390,
1956,84,87000,71800,user_30,389,390,
1865,85,83000,296000,user_30,388,390,
1717,86,80000,0,user_41,386,390,
1960,87,70000,256000,user_31,389,390,
2031,0,43000000,7840,user_35,390,391,
1943,1,27000000,0,user_24,389,391,
2014,2,6100001,0,user_15,390,391,1502
1702,3,4200000,0,user_32,386,391,
1942,4,4200000,0,user_24,389,391,
1976,5,4200000,0,user_47,389,391,
2022,6,2600000,0,user_25,390,391,
2032,7,2600000,0,user_35,390,391,
2051,8,2000001,0,user_0,391,391,1640
2020,9,2000000,0,user_25,390,391,
1978,10,870000,0,user_47,389,391,
1922,11,649999,0,user_9,389,391,1521
1931,12,649999,0,user_15,389,391,1521
2009,13,649999,0,user_9,390,391,1521
1944,14,630000,0,user_24,389,391,
2029,15,470000,0,user_33,390,391,
2033,16,310000,0,user_35,390,391,
1965,17,220000,0,user_35,389,391,
2034,18,170000,0,user_35,390,391,
2052,19,159999,0,user_1,391,391,1426
1787,20,150000,0,user_32,387,391,
2019,21,130000,0,user_24,390,391,
2021,22,120000,0,user_25,390,391,
2026,23,110000,0,user_31,390,391,
1941,24,110000,0,user_24,389,391,
1975,25,110000,0,user_47,389,391,
1977,26,100000,0,user_47,389,391,
1788,27,84000,0,user_32,387,391,
1961,28,82000,0,user_32,389,391,
1660,0,43000000,0,user_49,385,392,
1797,1,27000000,0,user_41,387,392,
2003,2,6100001,0,user_3,390,392,1502
2006,3,6100001,0,user_6,390,392,1502
1923,4,6100001,0,user_10,389,392,1502
1918,5,6099999,0,user_3,389,392,1502
1919,6,6099999,0,user_6,389,392,1502
1768,7,6099999,0,user_17,387,392,1502
1840,8,6099999,0,user_10,388,392,1502
1847,9,6099999,0,user_17,388,392,1502
2099,33,4200000,410000,user_47,391,394,
1850,11,3600000,73100,user_20,388,392,
2091,34,3600000,0,user_37,391,394,
1802,13,2500000,14200,user_43,387,392,
1851,14,2500000,0,user_20,388,392,
1878,15,2400000,11200,user_43,388,392,
2079,39,2400000,47700,user_25,391,394,
2002,17,2000001,0,user_3,390,392,1640
2004,18,2000001,0,user_3,390,392,1640
2005,19,2000001,0,user_5,390,392,1640
1946,20,2000000,0,user_26,389,392,
1924,21,1999999,0,user_11,389,392,1640
1849,22,1999999,0,user_19,388,392,1640
1932,23,1999999,0,user_16,389,392,1640
1933,24,1999999,0,user_16,389,392,1640
2068,55,1999999,0,user_15,391,394,1640
1947,26,1100000,381000,user_26,389,392,
2086,59,1100000,0,user_30,391,394,
2053,28,1000001,0,user_2,391,392,1795
1795,29,1000000,7190000,user_40,387,392,
1806,30,1000000,0,user_49,387,392,
1779,31,420000,0,user_28,387,392,
2100,85,360000,0,user_47,391,394,
2154,87,310001,0,user_0,392,394,1376
1948,34,310000,0,user_26,389,392,
2028,90,310000,0,user_32,390,394,
1775,36,260000,33100,user_23,387,392,
1792,37,260000,0,user_38,387,392,
1863,38,260000,34700,user_28,388,392,
1801,39,220000,0,user_43,387,392,
1803,40,220000,0,user_43,387,392,
2102,94,220000,0,user_47,391,394,
1774,42,190000,0,user_23,387,392,
2155,96,170001,0,user_1,392,394,1434
1651,44,170000,0,user_38,385,392,
2088,98,170000,215000,user_33,391,394,
1848,46,169999,0,user_18,388,392,1434
2001,47,169999,0,user_3,390,392,1434
2007,48,160001,0,user_7,390,392,1426
2061,49,160001,0,user_9,391,392,1426
2067,50,160001,0,user_15,391,392,1426
2027,51,160000,0,user_32,390,392,
2077,52,160000,0,user_24,391,392,
1713,53,150000,0,user_38,386,392,
1968,54,130000,0,user_40,389,392,
1796,55,120000,164000,user_41,387,392,
2087,56,120000,164000,user_31,391,392,
2101,57,120000,56200,user_47,391,392,
1794,58,110000,0,user_40,387,392,
1805,59,110000,0,user_48,387,392,
2076,60,110000,5630,user_24,391,392,
1800,61,85000,0,user_43,387,392,
1876,62,84000,8520,user_40,388,392,
2078,63,84000,0,user_24,391,392,
1877,64,79000,0,user_41,388,392,
2176,49,2000000,0,user_25,392,394,
2169,60,1100000,0,user_21,392,394,
2180,75,530000,0,user_33,392,394,
2179,80,420000,0,user_31,392,394,
2168,86,350000,0,user_21,392,394,
2196,5,169999,0,user_1,393,393,1434
2041,0,43000000,0,user_46,390,396,
1979,2,30000000,0,user_48,389,396,
1938,4,27000000,0,user_22,389,396,
2223,0,19000000,0,user_41,393,397,
1857,5,19000000,0,user_22,388,396,
1879,6,6300000,0,user_44,388,396,
1928,7,6100001,0,user_12,389,396,1502
2055,8,6100001,0,user_4,391,396,1502
2057,9,6100001,0,user_6,391,396,1502
2163,10,6100001,0,user_13,392,396,1502
2065,11,6100001,0,user_12,391,396,1502
2158,12,6100001,0,user_8,392,396,1502
2160,13,6100001,0,user_8,392,396,1502
2070,14,6100001,0,user_16,391,396,1502
2073,15,6100001,0,user_19,391,396,1502
2201,16,6100001,0,user_6,393,396,1502
2238,17,6100001,0,user_2,394,396,1502
2080,21,6100000,0,user_26,391,396,
2054,22,6099999,0,user_3,391,396,1502
1846,23,6099999,0,user_14,388,396,1502
2016,24,6099999,0,user_19,390,396,1502
2056,25,6099999,0,user_5,391,396,1502
2156,27,6099999,0,user_3,392,396,1502
2197,28,6099999,0,user_3,393,396,1502
2066,29,6099999,0,user_14,391,396,1502
2198,30,6099999,0,user_4,393,396,1502
2199,31,6099999,0,user_4,393,396,1502
2069,32,6099999,0,user_16,391,396,1502
2166,33,6099999,0,user_16,392,396,1502
2200,34,6099999,0,user_5,393,396,1502
2204,35,6099999,0,user_13,393,396,1502
2017,41,5000000,12800,user_22,390,396,
1970,42,4500000,146000,user_44,389,396,
2099,33,4200000,410000,user_47,391,394,
2091,34,3600000,0,user_37,391,394,
1882,43,3500000,0,user_46,388,396,
1870,44,3500000,0,user_34,388,396,
1964,46,2500000,35600,user_34,389,396,
2191,18,2400000,0,user_43,392,397,
2079,39,2400000,47700,user_25,391,394,
1838,51,2000001,0,user_8,388,396,1640
1843,52,2000001,0,user_14,388,396,1640
1844,53,2000001,0,user_14,388,396,1640
1921,54,2000001,0,user_8,389,396,1640
1927,55,2000001,0,user_12,389,396,1640
1930,56,2000001,0,user_14,389,396,1640
2008,57,2000001,0,user_8,390,396,1640
2012,58,2000001,0,user_12,390,396,1640
1973,60,2000000,0,user_46,389,396,
2176,49,2000000,0,user_25,392,394,
1845,64,1999999,0,user_14,388,396,1640
1926,65,1999999,0,user_12,389,396,1640
1929,66,1999999,0,user_12,389,396,1640
2013,67,1999999,0,user_14,390,396,1640
1936,68,1999999,0,user_18,389,396,1640
2068,55,1999999,0,user_15,391,394,1640
2171,21,1600000,0,user_23,392,397,
2213,22,1600000,0,user_28,393,397,
2030,75,1400000,0,user_34,390,396,
2086,59,1100000,0,user_30,391,394,
2169,60,1100000,0,user_21,392,394,
2157,82,1000001,0,user_6,392,396,1795
2159,83,1000001,0,user_8,392,396,1795
1953,85,1000000,0,user_29,389,396,
2042,86,1000000,0,user_48,390,396,
2189,87,1000000,0,user_40,392,396,
2064,89,999999,0,user_11,391,396,1795
2060,90,999999,0,user_8,391,396,1795
2229,30,910000,0,user_43,393,397,
2037,92,910000,0,user_40,390,396,
2043,93,910000,0,user_48,390,396,
2082,95,670000,256000,user_26,391,396,
1864,97,660000,164000,user_29,388,396,
1869,99,650000,0,user_34,388,396,
2083,74,630000,0,user_26,391,394,
2180,75,530000,0,user_33,392,394,
2170,76,530000,0,user_22,392,394,
1974,77,470000,381000,user_46,389,394,
1854,78,460000,0,user_22,388,394,
1980,79,420000,0,user_48,389,394,
2179,80,420000,0,user_31,392,394,
2178,35,370000,36800,user_28,392,397,
2103,36,360000,0,user_49,391,397,
1856,83,360000,0,user_22,388,394,
1884,84,360000,0,user_48,388,394,
2100,85,360000,0,user_47,391,394,
2168,86,350000,0,user_21,392,394,
2154,87,310001,0,user_0,392,394,1376
2164,88,310001,0,user_13,392,394,1376
2244,89,310001,0,user_7,394,394,1376
2028,90,310000,0,user_32,390,394,
1925,91,309999,0,user_12,389,394,1376
1880,92,300000,0,user_44,388,394,
2025,93,260000,0,user_29,390,394,
2102,94,220000,0,user_47,391,394,
2081,95,220000,0,user_26,391,394,
2155,96,170001,0,user_1,392,394,1434
2250,46,170001,0,user_10,394,397,1434
2088,98,170000,215000,user_33,391,394,
1920,99,169999,0,user_8,389,394,1434
2239,18,6100001,0,user_3,394,396,1502
2203,19,6100001,0,user_12,393,396,1502
2243,20,6100001,0,user_6,394,396,1502
2240,37,6099999,0,user_4,394,396,1502
2207,38,6099999,0,user_16,393,396,1502
2338,12,6099999,0,user_7,395,397,1502
2263,23,2100000,769000,user_28,394,399,
2232,61,2000000,283000,user_46,393,396,
2241,84,1000001,0,user_4,394,396,1795
2242,91,999999,0,user_5,394,396,1795
2260,43,370000,0,user_23,394,399,
2285,44,370000,0,user_41,394,399,
2288,45,340000,33300,user_43,394,399,
2202,13,310001,0,user_8,393,395,1376
2286,50,260000,161000,user_41,394,399,
2252,15,160001,0,user_13,394,395,1426
2331,16,160001,0,user_2,395,395,1426
2340,59,160001,0,user_10,395,399,1426
2205,18,159999,0,user_14,393,395,1426
1855,19,98000,0,user_22,388,395,
1881,20,80000,0,user_46,388,395,
2041,0,43000000,0,user_46,390,396,
2184,1,30000000,0,user_35,392,396,
1979,2,30000000,0,user_48,389,396,
2035,3,30000000,0,user_38,390,396,
1938,4,27000000,0,user_22,389,396,
1857,5,19000000,0,user_22,388,396,
1879,6,6300000,0,user_44,388,396,
1928,7,6100001,0,user_12,389,396,1502
2055,8,6100001,0,user_4,391,396,1502
2057,9,6100001,0,user_6,391,396,1502
2163,10,6100001,0,user_13,392,396,1502
2065,11,6100001,0,user_12,391,396,1502
2158,12,6100001,0,user_8,392,396,1502
2160,13,6100001,0,user_8,392,396,1502
2070,14,6100001,0,user_16,391,396,1502
2073,15,6100001,0,user_19,391,396,1502
2201,16,6100001,0,user_6,393,396,1502
2238,17,6100001,0,user_2,394,396,1502
2239,18,6100001,0,user_3,394,396,1502
2203,19,6100001,0,user_12,393,396,1502
2243,20,6100001,0,user_6,394,396,1502
2080,21,6100000,0,user_26,391,396,
2054,22,6099999,0,user_3,391,396,1502
1846,23,6099999,0,user_14,388,396,1502
2016,24,6099999,0,user_19,390,396,1502
2056,25,6099999,0,user_5,391,396,1502
2059,26,6099999,0,user_7,391,396,1502
2156,27,6099999,0,user_3,392,396,1502
2197,28,6099999,0,user_3,393,396,1502
2066,29,6099999,0,user_14,391,396,1502
2198,30,6099999,0,user_4,393,396,1502
2199,31,6099999,0,user_4,393,396,1502
2069,32,6099999,0,user_16,391,396,1502
2166,33,6099999,0,user_16,392,396,1502
2200,34,6099999,0,user_5,393,396,1502
2204,35,6099999,0,user_13,393,396,1502
2247,36,6099999,0,user_9,394,396,1502
2240,37,6099999,0,user_4,394,396,1502
2207,38,6099999,0,user_16,393,396,1502
2394,39,6099999,0,user_1,396,396,1502
2214,40,5200000,60700,user_30,393,396,
2017,41,5000000,12800,user_22,390,396,
1970,42,4500000,146000,user_44,389,396,
1882,43,3500000,0,user_46,388,396,
1870,44,3500000,0,user_34,388,396,
2280,45,3500000,0,user_37,394,396,
1964,46,2500000,35600,user_34,389,396,
2278,47,2400000,0,user_35,394,396,
2281,48,2300000,16400,user_37,394,396,
2165,49,2000001,0,user_15,392,396,1640
2206,50,2000001,0,user_15,393,396,1640
1838,51,2000001,0,user_8,388,396,1640
1843,52,2000001,0,user_14,388,396,1640
1844,53,2000001,0,user_14,388,396,1640
1921,54,2000001,0,user_8,389,396,1640
1927,55,2000001,0,user_12,389,396,1640
1930,56,2000001,0,user_14,389,396,1640
2008,57,2000001,0,user_8,390,396,1640
2012,58,2000001,0,user_12,390,396,1640
2218,59,2000000,0,user_33,393,396,
1973,60,2000000,0,user_46,389,396,
2232,61,2000000,283000,user_46,393,396,
2085,62,2000000,0,user_28,391,396,
2364,63,2000000,0,user_30,395,396,
1845,64,1999999,0,user_14,388,396,1640
1926,65,1999999,0,user_12,389,396,1640
1929,66,1999999,0,user_12,389,396,1640
2013,67,1999999,0,user_14,390,396,1640
1936,68,1999999,0,user_18,389,396,1640
2071,69,1999999,0,user_17,391,396,1640
2162,70,1999999,0,user_10,392,396,1640
2174,71,1900000,0,user_24,392,396,
2018,72,1600000,0,user_23,390,396,
2024,73,1600000,322000,user_28,390,396,
2211,74,1400000,0,user_25,393,396,
2030,75,1400000,0,user_34,390,396,
1940,76,1300000,0,user_23,389,396,
2187,77,1200000,161000,user_37,392,396,
2275,78,1200000,0,user_33,394,396,
2215,79,1200000,0,user_32,393,396,
2172,80,1100000,0,user_24,392,396,
2261,81,1100000,0,user_24,394,396,
2157,82,1000001,0,user_6,392,396,1795
2159,83,1000001,0,user_8,392,396,1795
2241,84,1000001,0,user_4,394,396,1795
1953,85,1000000,0,user_29,389,396,
2042,86,1000000,0,user_48,390,396,
2189,87,1000000,0,user_40,392,396,
2038,88,1000000,0,user_41,390,396,
2064,89,999999,0,user_11,391,396,1795
2060,90,999999,0,user_8,391,396,1795
2242,91,999999,0,user_5,394,396,1795
2037,92,910000,0,user_40,390,396,
2043,93,910000,0,user_48,390,396,
2183,94,670000,296000,user_35,392,396,
2082,95,670000,256000,user_26,391,396,
2366,96,670000,0,user_31,395,396,
1864,97,660000,164000,user_29,388,396,
2269,98,660000,0,user_30,394,396,
1869,99,650000,0,user_34,388,396,
2223,0,19000000,0,user_41,393,397,
2253,1,6100001,0,user_14,394,397,1502
2332,2,6100001,0,user_4,395,397,1502
2333,3,6100001,0,user_4,395,397,1502
2072,4,6100001,0,user_18,391,397,1502
2341,5,6100001,0,user_11,395,397,1502
2427,6,6100000,18600,user_31,396,397,
2245,7,6099999,0,user_8,394,397,1502
2334,8,6099999,0,user_5,395,397,1502
2335,9,6099999,0,user_5,395,397,1502
2336,10,6099999,0,user_5,395,397,1502
2337,11,6099999,0,user_6,395,397,1502
2338,12,6099999,0,user_7,395,397,1502
2209,13,6099999,0,user_18,393,397,1502
2343,14,6099999,0,user_13,395,397,1502
2395,15,6099999,0,user_2,396,397,1502
2434,16,4500000,0,user_37,396,397,
2432,17,3200000,0,user_37,396,397,
2191,18,2400000,0,user_43,392,397,
2418,19,2100000,5630,user_24,396,397,
2417,20,2000000,33300,user_24,396,397,
2171,21,1600000,0,user_23,392,397,
2213,22,1600000,0,user_28,393,397,
2373,23,1500000,0,user_37,395,397,
2431,24,1500000,75000,user_37,396,397,
2433,25,1500000,0,user_37,396,397,
2419,26,1200000,47700,user_25,396,397,
2266,27,1000000,0,user_29,394,397,
2251,28,999999,0,user_12,394,397,1795
2430,29,970000,0,user_35,396,397,
2229,30,910000,0,user_43,393,397,
2426,31,910000,12300,user_30,396,397,
2267,32,630000,0,user_29,394,397,
2291,33,630000,0,user_46,394,397,
2381,34,630000,0,user_47,395,397,
2178,35,370000,36800,user_28,392,397,
2103,36,360000,0,user_49,391,397,
2413,37,320000,0,user_21,396,397,
2011,38,310001,0,user_10,390,397,1376
2344,39,310001,0,user_15,395,397,1376
2357,40,310000,0,user_24,395,397,
1939,41,260000,0,user_23,389,397,
2044,42,240000,0,user_49,390,397,
1934,43,170001,0,user_17,389,397,1434
1935,44,170001,0,user_17,389,397,1434
2010,45,170001,0,user_10,390,397,1434
2250,46,170001,0,user_10,394,397,1434
2258,47,170001,0,user_18,394,397,1434
2474,48,170001,0,user_0,397,397,1434
2475,49,170001,0,user_1,397,397,1434
2382,50,170000,0,user_47,395,397,
2167,51,169999,0,user_18,392,397,1434
2400,52,169999,0,user_9,396,397,1434
1937,53,160000,0,user_20,389,397,
2259,54,160000,0,user_22,394,397,
2274,55,160000,0,user_32,394,397,
2015,56,159999,0,user_16,390,397,1426
2208,57,159999,0,user_17,393,397,1426
2195,58,150000,13900,user_49,392,397,
1874,59,120000,350000,user_38,388,397,
2284,60,120000,0,user_40,394,397,
2188,61,110000,0,user_38,392,397,
2230,62,100000,0,user_43,393,397,
2264,63,98000,769000,user_29,394,397,
2265,64,82000,0,user_29,394,397,
2491,0,30000000,0,user_23,397,398,
2411,5,6100001,0,user_19,396,399,1502
2412,6,6100001,0,user_19,396,399,1502
2410,7,6100001,0,user_18,396,399,1502
2539,8,6100001,0,user_2,398,399,1502
2543,5,6100001,0,user_7,398,398,1502
2408,16,6099999,0,user_16,396,399,1502
2478,17,6099999,0,user_5,397,399,1502
2483,18,6099999,0,user_11,397,399,1502
2544,9,6099999,0,user_7,398,398,1502
2545,10,6099999,0,user_7,398,398,1502
2374,11,2500000,5630,user_38,395,398,
2435,12,2100000,0,user_38,396,398,
2487,13,2000001,0,user_17,397,398,1640
2384,14,1400000,0,user_49,395,398,
2383,29,1400000,381000,user_48,395,399,
2509,16,1000000,0,user_41,397,398,
2445,17,910000,0,user_49,396,398,
2409,48,309999,0,user_18,396,399,1376
2510,19,220000,0,user_41,397,398,
2484,57,169999,0,user_13,397,399,1434
2547,21,160001,0,user_10,398,398,1426
2511,22,160000,195000,user_43,397,398,
2420,64,150000,0,user_26,396,399,
2089,74,110000,0,user_34,391,399,
2372,79,100000,0,user_34,395,399,
2492,26,70000,0,user_23,397,398,
2496,0,19000000,0,user_31,397,399,
2358,1,6300000,510000,user_26,395,399,
2347,2,6100001,0,user_18,395,399,1502
2349,3,6100001,0,user_18,395,399,1502
2404,4,6100001,0,user_11,396,399,1502
2411,5,6100001,0,user_19,396,399,1502
2412,6,6100001,0,user_19,396,399,1502
2410,7,6100001,0,user_18,396,399,1502
2539,8,6100001,0,user_2,398,399,1502
2234,9,6100000,0,user_49,393,399,
2398,10,6099999,0,user_4,396,399,1502
2352,11,6099999,0,user_19,395,399,1502
2399,12,6099999,0,user_5,396,399,1502
2348,13,6099999,0,user_18,395,399,1502
2350,14,6099999,0,user_18,395,399,1502
2477,15,6099999,0,user_2,397,399,1502
2408,16,6099999,0,user_16,396,399,1502
2478,17,6099999,0,user_5,397,399,1502
2483,18,6099999,0,user_11,397,399,1502
2356,19,4200000,0,user_23,395,399,
2181,20,2600000,0,user_34,392,399,
2233,21,2400000,0,user_49,393,399,
2362,22,2300000,0,user_29,395,399,
2263,23,2100000,769000,user_28,394,399,
2346,24,2000001,0,user_17,395,399,1640
2403,25,2000001,0,user_10,396,399,1640
2402,26,1999999,0,user_10,396,399,1640
2499,27,1500000,0,user_33,397,399,
2277,28,1400000,0,user_34,394,399,
2383,29,1400000,381000,user_48,395,399,
2353,30,1400000,0,user_20,395,399,
2572,31,1400000,15300,user_35,398,399,
2396,32,1000001,0,user_4,396,399,1795
2359,33,1000000,0,user_26,395,399,
2568,34,1000000,0,user_31,398,399,
2406,35,999999,0,user_13,396,399,1795
2476,36,999999,0,user_2,397,399,1795
2595,37,999999,0,user_1,399,399,1795
2376,38,970000,0,user_41,395,399,
2504,39,660000,0,user_37,397,399,
2361,40,600000,0,user_26,395,399,
2194,41,470000,0,user_48,392,399,
2294,42,460000,322000,user_48,394,399,
2260,43,370000,0,user_23,394,399,
2285,44,370000,0,user_41,394,399,
2288,45,340000,33300,user_43,394,399,
2345,46,310001,0,user_16,395,399,1376
2479,47,309999,0,user_7,397,399,1376
2409,48,309999,0,user_18,396,399,1376
2360,49,300000,0,user_26,395,399,
2286,50,260000,161000,user_41,394,399,
2502,51,220000,0,user_35,397,399,
2339,52,170001,0,user_8,395,399,1434
2351,53,170001,0,user_18,395,399,1434
2546,54,170001,0,user_9,398,399,1434
2594,55,170001,0,user_0,399,399,1434
2296,56,170000,0,user_49,394,399,
2484,57,169999,0,user_13,397,399,1434
2342,58,160001,0,user_12,395,399,1426
2340,59,160001,0,user_10,395,399,1426
2481,60,160001,0,user_9,397,399,1426
2516,61,160000,21800,user_47,397,399,
2397,62,159999,0,user_4,396,399,1426
2401,63,159999,0,user_10,396,399,1426
2420,64,150000,0,user_26,396,399,
2355,65,150000,84800,user_23,395,399,
2378,66,150000,0,user_43,395,399,
2567,67,130000,15300,user_30,398,399,
2282,68,120000,0,user_38,394,399,
2501,69,120000,0,user_35,397,399,
2571,70,120000,0,user_35,398,399,
2354,71,110000,0,user_22,395,399,
2363,72,110000,0,user_29,395,399,
2380,73,110000,0,user_46,395,399,
2089,74,110000,0,user_34,391,399,
2289,75,110000,84800,user_44,394,399,
2293,76,110000,0,user_48,394,399,
2494,77,110000,0,user_30,397,399,
2573,78,110000,0,user_37,398,399,
2372,79,100000,0,user_34,395,399,
2221,80,98000,0,user_38,393,399,
2561,81,83000,0,user_21,398,399,
2295,82,82000,0,user_49,394,399,
2495,83,77000,0,user_30,397,399,
2192,84,70000,0,user_44,392,399,
1310,11,970000,0,user_1,400,401,
1309,17,120000,0,user_0,400,401,
1315,1,6300000,0,user_7,400,402,
1352,5,5200000,0,user_43,400,407,
1350,8,3600000,0,user_43,400,407,
1316,5,2600000,0,user_7,400,402,
1360,10,1400001,0,user_2,401,402,1312
1364,8,1400001,0,user_7,401,403,1312
1367,34,1400001,0,user_10,401,407,1312
1312,11,1400000,10700,user_4,400,402,
1359,14,1399999,0,user_2,401,402,1312
1327,40,1000000,0,user_20,400,407,
1349,41,1000000,0,user_43,400,407,
1310,11,970000,0,user_1,400,401,
1319,17,970000,0,user_11,400,402,
1330,63,360000,0,user_23,400,407,
1311,23,360000,0,user_3,400,402,
1348,68,310000,0,user_43,400,407,
1313,29,150000,0,user_5,400,402,
1309,17,120000,0,user_0,400,401,
1314,33,120000,0,user_6,400,402,
1322,35,110000,0,user_13,400,402,
1351,92,73000,0,user_43,400,407,
1336,0,30000000,0,user_25,400,402,
1315,1,6300000,0,user_7,400,402,
1318,2,3600000,0,user_9,400,402,
1331,3,3600000,0,user_24,400,402,
1342,4,3500000,8520,user_33,400,402,
1316,5,2600000,0,user_7,400,402,
1337,6,2100000,0,user_25,400,402,
1383,7,2000000,36800,user_30,401,402,
1324,8,1500000,0,user_15,400,402,
1341,9,1500000,0,user_32,400,402,
1360,10,1400001,0,user_2,401,402,1312
1312,11,1400000,10700,user_4,400,402,
1334,12,1400000,0,user_24,400,402,
1371,13,1400000,0,user_15,401,402,
1359,14,1399999,0,user_2,401,402,1312
1329,15,1000000,0,user_21,400,402,
1389,16,1000000,0,user_37,401,402,
1319,17,970000,0,user_11,400,402,
1328,18,910000,0,user_21,400,402,
1333,19,670000,0,user_24,400,402,
1404,20,600001,0,user_0,402,402,1357
1357,21,600000,49100,user_47,400,402,
1385,22,370000,0,user_30,401,402,
1311,23,360000,0,user_3,400,402,
1405,24,310001,0,user_1,402,402,1376
1376,25,310000,4320000,user_25,401,402,
1406,26,309999,0,user_1,402,402,1376
1407,27,309999,0,user_1,402,402,1376
1408,28,309999,0,user_1,402,402,1376
1313,29,150000,0,user_5,400,402,
1377,30,150000,0,user_25,401,402,
1339,31,130000,0,user_30,400,402,
1340,32,120000,0,user_31,400,402,
1314,33,120000,0,user_6,400,402,
1335,34,120000,0,user_24,400,402,
1322,35,110000,0,user_13,400,402,
1386,36,110000,0,user_31,401,402,
1332,37,110000,0,user_24,400,402,
1398,38,84000,0,user_47,401,402,
1384,39,79000,0,user_30,401,402,
1366,40,77000,0,user_9,401,402,
1356,0,2300000,779000,user_46,400,403,
1362,1,2299999,0,user_4,401,403,1356
1410,2,1999999,0,user_2,402,403,1383
1466,3,1999999,0,user_0,403,403,1383
1325,4,1500000,0,user_18,400,403,
1427,5,1500000,49100,user_25,402,403,
1317,6,1400001,0,user_8,400,403,1312
1323,7,1400001,0,user_14,400,403,1312
1364,8,1400001,0,user_7,401,403,1312
1368,9,1400001,0,user_11,401,403,1312
1361,10,1399999,0,user_3,401,403,1312
1320,11,1399999,0,user_12,400,403,1312
1321,12,1399999,0,user_12,400,403,1312
1363,13,1399999,0,user_6,401,403,1312
1409,14,600001,0,user_2,402,403,1357
1413,15,600001,0,user_9,402,403,1357
1418,16,600001,0,user_15,402,403,1357
1452,17,470000,181000,user_47,402,403,
1439,18,460000,13900,user_33,402,403,
1355,19,350000,0,user_46,400,403,
1440,20,350000,0,user_33,402,403,
1346,21,340000,0,user_40,400,403,
1443,22,310000,35600,user_37,402,403,
1468,23,309999,0,user_1,403,403,1376
1469,24,309999,0,user_1,403,403,1376
1467,25,160001,0,user_0,403,403,1426
1426,26,160000,4320000,user_24,402,403,
1442,27,110000,0,user_37,402,403,
1422,28,85000,0,user_21,402,403,
1449,4,6100000,0,user_43,402,407,
1425,6,5000000,0,user_23,402,407,
1401,10,3500000,0,user_49,401,407,
1419,14,2400001,0,user_17,402,407,1395
1485,27,2000000,0,user_20,403,407,
1444,31,1600000,16400,user_38,402,407,
1447,47,630000,0,user_41,402,407,
1495,64,360000,0,user_28,403,407,
1454,66,320000,0,user_49,402,407,
1487,70,260000,0,user_23,403,407,
1481,73,219999,0,user_17,403,407,1393
1554,74,219999,0,user_10,404,407,1393
1421,83,160000,0,user_20,402,407,
1390,84,150000,0,user_38,401,407,
1344,85,120000,0,user_38,400,407,
1455,86,120000,0,user_49,402,407,
1392,0,43000000,0,user_40,401,405,
1502,1,6100000,4320000,user_35,403,405,
1489,2,5000000,0,user_25,403,405,
1490,3,4200000,0,user_25,403,405,
1411,4,2300001,0,user_3,402,405,1356
1417,5,2300001,0,user_13,402,405,1356
1470,6,2300001,0,user_2,403,405,1356
1365,7,2300001,0,user_8,401,405,1356
1415,8,2300001,0,user_12,402,405,1356
1369,9,2299999,0,user_14,401,405,1356
1382,10,2000000,0,user_29,401,405,
1433,11,2000000,0,user_29,402,405,
1431,12,2000000,0,user_26,402,405,
1451,13,1800000,0,user_46,402,405,
1503,14,1600000,0,user_35,403,405,
1370,15,1400001,0,user_14,401,405,1312
1580,16,1400000,16400,user_33,404,405,
1412,17,1399999,0,user_8,402,405,1312
1416,18,1399999,0,user_12,402,405,1312
1486,19,1200000,0,user_21,403,405,
1424,20,1000000,0,user_22,402,405,
1498,21,910000,0,user_31,403,405,
1378,22,660000,0,user_26,401,405,
1499,23,630000,285000,user_33,403,405,
1423,24,630000,0,user_22,402,405,
1420,25,460001,0,user_19,402,405,1396
1396,26,460000,215000,user_44,401,405,
1504,27,370000,0,user_37,403,405,
1471,28,310001,0,user_2,403,405,1376
1545,29,310001,0,user_0,404,405,1376
1472,30,310001,0,user_3,403,405,1376
1428,31,260000,0,user_26,402,405,
1430,32,260000,0,user_26,402,405,
1432,33,260000,0,user_26,402,405,
1446,34,190000,0,user_40,402,405,
1546,35,170001,0,user_2,404,405,1434
1434,36,170000,4320000,user_29,402,405,
1473,37,169999,0,user_4,403,405,1434
1478,38,160001,0,user_13,403,405,1426
1607,39,160001,0,user_1,405,405,1426
1491,40,160000,0,user_25,403,405,
1500,41,160000,64600,user_33,403,405,
1474,42,159999,0,user_5,403,405,1426
1475,43,159999,0,user_6,403,405,1426
1518,44,150000,0,user_47,403,405,
1326,45,130000,0,user_19,400,405,
1358,46,120000,0,user_48,400,405,
1429,47,120000,0,user_26,402,405,
1488,48,110000,381000,user_25,403,405,
1567,49,98000,0,user_25,404,405,
1373,50,87000,0,user_19,401,405,
1375,51,84000,35600,user_22,401,405,
1399,52,73000,0,user_48,401,405,
1400,53,70000,0,user_48,401,405,
1587,0,27000000,0,user_37,404,406,
1624,1,6100001,0,user_15,405,406,1502
1560,2,6099999,0,user_15,404,406,1502
1625,3,6099999,0,user_15,405,406,1502
1626,4,6099999,0,user_15,405,406,1502
1576,5,2600000,0,user_32,404,406,
1650,6,2600000,17000,user_37,405,406,
1616,7,2300001,0,user_9,405,406,1356
1617,8,2300001,0,user_9,405,406,1356
1663,9,2299999,0,user_1,406,406,1356
1436,10,2000000,0,user_32,402,406,
1644,11,2000000,0,user_35,405,406,
1585,12,1800000,0,user_35,404,406,
1435,13,1100000,0,user_32,402,406,
1645,14,1000000,0,user_35,405,406,
1647,15,670000,164000,user_37,405,406,
1648,16,670000,381000,user_37,405,406,
1643,17,600000,0,user_33,405,406,
1661,18,310001,0,user_0,406,406,1376
1664,19,310001,0,user_1,406,406,1376
1577,20,310000,0,user_32,404,406,
1649,21,300000,0,user_37,405,406,
1578,22,260000,0,user_32,404,406,
1657,23,240000,0,user_47,405,406,
1662,24,170001,0,user_0,406,406,1434
1637,25,170000,0,user_25,405,406,
1553,26,160001,0,user_9,404,406,1426
1614,27,160001,0,user_9,405,406,1426
1615,28,160001,0,user_9,405,406,1426
1627,29,160001,0,user_15,405,406,1426
1623,30,159999,0,user_15,405,406,1426
1579,31,150000,0,user_32,404,406,
1437,32,110000,0,user_32,402,406,
1438,33,110000,0,user_32,402,406,
1658,34,110000,0,user_47,405,406,
1595,0,43000000,0,user_46,404,407,
1642,1,27000000,0,user_32,405,407,
1753,2,6100001,0,user_0,407,407,1502
1453,3,6100000,0,user_48,402,407,
1449,4,6100000,0,user_43,402,407,
1352,5,5200000,0,user_43,400,407,
1425,6,5000000,0,user_23,402,407,
1497,7,4200000,0,user_29,403,407,
1350,8,3600000,0,user_43,400,407,
1704,9,3600000,100000,user_33,406,407,
1401,10,3500000,0,user_49,401,407,
1681,11,3200000,0,user_21,406,407,
1705,12,2500000,0,user_35,406,407,
1414,13,2400001,0,user_10,402,407,1395
1419,14,2400001,0,user_17,402,407,1395
1395,15,2400000,322000,user_43,401,407,
1612,16,2399999,0,user_7,405,407,1395
1555,17,2300001,0,user_12,404,407,1356
1559,18,2300001,0,user_14,404,407,1356
1666,19,2300001,0,user_2,406,407,1356
1757,20,2300001,0,user_1,407,407,1356
1550,21,2299999,0,user_6,404,407,1356
1665,22,2299999,0,user_2,406,407,1356
1752,23,2299999,0,user_0,407,407,1356
1755,24,2299999,0,user_0,407,407,1356
1756,25,2299999,0,user_0,407,407,1356
1374,26,2000000,0,user_20,401,407,
1485,27,2000000,0,user_20,403,407,
1572,28,1800000,0,user_29,404,407,
1517,29,1600000,0,user_46,403,407,
1574,30,1600000,0,user_29,404,407,
1444,31,1600000,16400,user_38,402,407,
1721,32,1600000,256000,user_47,406,407,
1687,33,1500000,0,user_24,406,407,
1367,34,1400001,0,user_10,401,407,1312
1492,35,1200000,0,user_26,403,407,
1706,36,1100000,0,user_35,406,407,
1511,37,1000000,0,user_40,403,407,
1594,38,1000000,0,user_46,404,407,
1596,39,1000000,17000,user_46,404,407,
1327,40,1000000,0,user_20,400,407,
1349,41,1000000,0,user_43,400,407,
1712,42,970000,0,user_37,406,407,
1575,43,910000,0,user_29,404,407,
1711,44,670000,0,user_37,406,407,
1573,45,660000,0,user_29,404,407,
1700,46,660000,0,user_30,406,407,
1447,47,630000,0,user_41,402,407,
1597,48,530000,0,user_46,404,407,
1688,49,470000,0,user_25,406,407,
1549,50,460001,0,user_5,404,407,1396
1551,51,460001,0,user_8,404,407,1396
1556,52,460001,0,user_12,404,407,1396
1621,53,460001,0,user_13,405,407,1396
1496,54,460000,0,user_29,403,407,
1547,55,459999,0,user_4,404,407,1396
1480,56,459999,0,user_16,403,407,1396
1483,57,459999,0,user_19,403,407,1396
1484,58,459999,0,user_19,403,407,1396
1557,59,459999,0,user_13,404,407,1396
1558,60,459999,0,user_14,404,407,1396
1611,61,459999,0,user_6,405,407,1396
1701,62,420000,0,user_31,406,407,
1330,63,360000,0,user_23,400,407,
1495,64,360000,0,user_28,403,407,
1703,65,340000,0,user_33,406,407,
1454,66,320000,0,user_49,402,407,
1676,67,310001,0,user_15,406,407,1376
1348,68,310000,0,user_43,400,407,
1609,69,309999,0,user_4,405,407,1376
1487,70,260000,0,user_23,403,407,
1724,71,260000,0,user_47,406,407,
1393,72,220000,100000,user_41,401,407,
1481,73,219999,0,user_17,403,407,1393
1554,74,219999,0,user_10,404,407,1393
1476,75,170001,0,user_8,403,407,1434
1552,76,170001,0,user_8,404,407,1434
1608,77,170001,0,user_4,405,407,1434
1610,78,170001,0,user_4,405,407,1434
1477,79,169999,0,user_12,403,407,1434
1548,80,169999,0,user_5,404,407,1434
1754,81,169999,0,user_0,407,407,1434
1479,82,160001,0,user_14,403,407,1426
1421,83,160000,0,user_20,402,407,
1390,84,150000,0,user_38,401,407,
1344,85,120000,0,user_38,400,407,
1455,86,120000,0,user_49,402,407,
1722,87,120000,0,user_47,406,407,
1450,88,110000,15700,user_44,402,407,
1723,89,110000,164000,user_47,406,407,
1598,90,87000,0,user_46,404,407,
1381,91,84000,0,user_28,401,407,
1351,92,73000,0,user_43,400,407,
1566,0,27000000,17000,user_23,404,408,
1570,1,6300000,0,user_28,404,408,
1784,2,6300000,14200,user_31,407,408,
1599,3,3600000,0,user_48,404,408,
1507,4,3500000,0,user_38,403,408,
1583,5,2500000,12800,user_34,404,408,
1613,6,2299999,0,user_8,405,408,1356
1667,7,2299999,0,user_4,406,408,1356
1668,8,2299999,0,user_5,406,408,1356
1761,9,2299999,0,user_9,407,408,1356
1829,10,2299999,0,user_0,408,408,1356
1509,11,2000000,0,user_38,403,408,
1571,12,2000000,0,user_28,404,408,
1501,13,1700000,0,user_34,403,408,
1634,14,1600001,0,user_19,405,408,1581
1635,15,1600001,0,user_19,405,408,1581
1581,16,1600000,769000,user_34,404,408,
1772,17,1600000,0,user_21,407,408,
1786,18,1600000,0,user_31,407,408,
1771,19,1500000,231000,user_21,407,408,
1776,20,1500000,0,user_24,407,408,
1506,21,1400000,0,user_38,403,408,
1781,22,1000000,17000,user_30,407,408,
1790,23,1000000,13900,user_35,407,408,
1565,24,970000,0,user_23,404,408,
1505,25,910000,0,user_38,403,408,
1522,26,870000,0,user_49,403,408,
1590,27,660000,0,user_41,404,408,
1830,28,650001,0,user_1,408,408,1521
1582,29,650000,0,user_34,404,408,
1521,30,650000,1100000,user_49,403,408,
1629,31,460001,0,user_16,405,408,1396
1620,32,459999,0,user_12,405,408,1396
1564,33,459999,0,user_19,404,408,1396
1630,34,459999,0,user_16,405,408,1396
1789,35,360000,0,user_33,407,408,
1653,36,300000,0,user_40,405,408,
1562,37,220001,0,user_17,404,408,1393
1513,38,220000,0,user_44,403,408,
1584,39,220000,0,user_34,404,408,
1622,40,170001,0,user_14,405,408,1434
1670,41,170001,0,user_7,406,408,1434
1758,42,170001,0,user_2,407,408,1434
1783,43,170000,0,user_31,407,408,
1669,44,169999,0,user_6,406,408,1434
1618,45,169999,0,user_10,405,408,1434
1762,46,169999,0,user_9,407,408,1434
1619,47,160001,0,user_12,405,408,1426
1519,48,160000,0,user_48,403,408,
1569,49,160000,0,user_28,404,408,
1785,50,160000,283000,user_31,407,408,
1561,51,159999,0,user_16,404,408,1426
1628,52,159999,0,user_16,405,408,1426
1641,53,150000,0,user_29,405,408,
1508,54,150000,0,user_38,403,408,
1777,55,110000,0,user_25,407,408,
1782,56,110000,0,user_31,407,408,
1514,57,85000,64600,user_44,403,408,
1600,58,77000,0,user_48,404,408,
1654,59,77000,0,user_40,405,408,
1520,60,73000,0,user_48,403,408,
1923,4,6100001,0,user_10,409,412,1502
1847,9,6099999,0,user_17,408,412,1502
1850,11,3600000,73100,user_20,408,412,
1851,14,2500000,0,user_20,408,412,
1878,15,2400000,11200,user_43,408,412,
1372,39,1399999,0,user_18,401,410,1312
1806,30,1000000,0,user_49,407,412,
1792,37,260000,0,user_38,407,412,
1863,38,260000,34700,user_28,408,412,
1877,64,79000,0,user_41,408,412,
1680,0,30000000,769000,user_20,406,410,
1833,1,6100001,0,user_3,408,410,1502
1671,2,6099999,0,user_10,406,410,1502
1763,3,6099999,0,user_10,407,410,1502
1769,4,6099999,0,user_18,407,410,1502
1693,5,5000000,0,user_26,406,410,
1683,6,3500000,67500,user_22,406,410,
1698,7,2500000,0,user_29,406,410,
1672,8,2300001,0,user_12,406,410,1356
1673,9,2300001,0,user_12,406,410,1356
1674,10,2300001,0,user_12,406,410,1356
1765,11,2300001,0,user_12,407,410,1356
1767,12,2300001,0,user_16,407,410,1356
1839,13,2299999,0,user_9,408,410,1356
1675,14,2299999,0,user_14,406,410,1356
1766,15,2299999,0,user_14,407,410,1356
1832,16,2000001,0,user_3,408,410,1640
1836,17,2000001,0,user_5,408,410,1640
1841,18,2000001,0,user_11,408,410,1640
2000,19,2000001,0,user_1,410,410,1640
1640,20,2000000,4320000,user_28,405,410,
1760,21,1999999,0,user_7,407,410,1640
1831,22,1999999,0,user_2,408,410,1640
1835,23,1999999,0,user_4,408,410,1640
1837,24,1999999,0,user_7,408,410,1640
1917,25,1999999,0,user_2,409,410,1640
1999,26,1999999,0,user_1,410,410,1640
1682,27,1900000,16400,user_22,406,410,
1963,28,1900000,0,user_33,409,410,
1773,29,1800000,0,user_22,407,410,
1883,30,1600000,0,user_47,408,410,
1945,31,1600000,0,user_25,409,410,
1959,32,1600000,0,user_31,409,410,
1684,33,1500000,0,user_22,406,410,
1725,34,1500000,6390,user_48,406,410,
1563,35,1400001,0,user_18,404,410,1312
1678,36,1400001,0,user_18,406,410,1312
1679,37,1400001,0,user_18,406,410,1312
1958,38,1400000,0,user_30,409,410,
1372,39,1399999,0,user_18,401,410,1312
1482,40,1399999,0,user_18,403,410,1312
1633,41,1399999,0,user_18,405,410,1312
1853,42,1000000,769000,user_21,408,410,
1685,43,1000000,0,user_22,406,410,
1697,44,1000000,0,user_28,406,410,
1636,45,910000,32900,user_20,405,410,
1862,46,910000,0,user_24,408,410,
1861,47,670000,0,user_24,408,410,
1871,48,670000,0,user_35,408,410,
1720,49,670000,0,user_46,406,410,
1726,50,670000,19700,user_48,406,410,
1632,51,650001,0,user_17,405,410,1521
1759,52,649999,0,user_3,407,410,1521
1631,53,649999,0,user_17,405,410,1521
1764,54,649999,0,user_11,407,410,1521
1867,55,530000,0,user_33,408,410,
1699,56,470000,0,user_29,406,410,
1659,57,460000,0,user_48,405,410,
1954,58,420000,121000,user_30,409,410,
1691,59,370000,56200,user_26,406,410,
1868,60,320000,0,user_33,408,410,
1677,61,310001,0,user_16,406,410,1376
1916,62,310001,0,user_2,409,410,1376
1770,63,309999,0,user_19,407,410,1376
1866,64,260000,0,user_31,408,410,
1858,65,260000,0,user_24,408,410,
1962,66,240000,24700,user_33,409,410,
1859,67,220000,510000,user_24,408,410,
1860,68,220000,47700,user_24,408,410,
1915,69,170001,0,user_0,409,410,1434
1834,70,170001,0,user_4,408,410,1434
1689,71,170000,0,user_26,406,410,
1957,72,170000,0,user_30,409,410,
1873,73,160000,0,user_37,408,410,
1686,74,160000,296000,user_23,406,410,
1842,75,159999,0,user_13,408,410,1426
1655,76,150000,0,user_41,405,410,
1692,77,150000,0,user_26,406,410,
1696,78,150000,0,user_28,406,410,
1852,79,120000,0,user_21,408,410,
1690,80,120000,43600,user_26,406,410,
1716,81,120000,0,user_41,406,410,
1955,82,120000,0,user_30,409,410,
1780,83,110000,15100,user_29,407,410,
1956,84,87000,71800,user_30,409,410,
1865,85,83000,296000,user_30,408,410,
1717,86,80000,0,user_41,406,410,
1960,87,70000,256000,user_31,409,410,
2031,0,43000000,7840,user_35,410,411,
1943,1,27000000,0,user_24,409,411,
2014,2,6100001,0,user_15,410,411,1502
1702,3,4200000,0,user_32,406,411,
1942,4,4200000,0,user_24,409,411,
1976,5,4200000,0,user_47,409,411,
2022,6,2600000,0,user_25,410,411,
2032,7,2600000,0,user_35,410,411,
2051,8,2000001,0,user_0,411,411,1640
2020,9,2000000,0,user_25,410,411,
1978,10,870000,0,user_47,409,411,
1922,11,649999,0,user_9,409,411,1521
1931,12,649999,0,user_15,409,411,1521
2009,13,649999,0,user_9,410,411,1521
1944,14,630000,0,user_24,409,411,
2029,15,470000,0,user_33,410,411,
2033,16,310000,0,user_35,410,411,
1965,17,220000,0,user_35,409,411,
2034,18,170000,0,user_35,410,411,
2052,19,159999,0,user_1,411,411,1426
1787,20,150000,0,user_32,407,411,
2019,21,130000,0,user_24,410,411,
2021,22,120000,0,user_25,410,411,
2026,23,110000,0,user_31,410,411,
1941,24,110000,0,user_24,409,411,
1975,25,110000,0,user_47,409,411,
1977,26,100000,0,user_47,409,411,
1788,27,84000,0,user_32,407,411,
1961,28,82000,0,user_32,409,411,
1660,0,43000000,0,user_49,405,412,
1797,1,27000000,0,user_41,407,412,
2003,2,6100001,0,user_3,410,412,1502
2006,3,6100001,0,user_6,410,412,1502
1923,4,6100001,0,user_10,409,412,1502
1918,5,6099999,0,user_3,409,412,1502
1919,6,6099999,0,user_6,409,412,1502
1768,7,6099999,0,user_17,407,412,1502
1840,8,6099999,0,user_10,408,412,1502
1847,9,6099999,0,user_17,408,412,1502
2099,33,4200000,410000,user_47,411,414,
1850,11,3600000,73100,user_20,408,412,
2091,34,3600000,0,user_37,411,414,
1802,13,2500000,14200,user_43,407,412,
1851,14,2500000,0,user_20,408,412,
1878,15,2400000,11200,user_43,408,412,
2079,39,2400000,47700,user_25,411,414,
2002,17,2000001,0,user_3,410,412,1640
2004,18,2000001,0,user_3,410,412,1640
2005,19,2000001,0,user_5,410,412,1640
1946,20,2000000,0,user_26,409,412,
1924,21,1999999,0,user_11,409,412,1640
1849,22,1999999,0,user_19,408,412,1640
1932,23,1999999,0,user_16,409,412,1640
1933,24,1999999,0,user_16,409,412,1640
2068,55,1999999,0,user_15,411,414,1640
1947,26,1100000,381000,user_26,409,412,
2086,59,1100000,0,user_30,411,414,
2053,28,1000001,0,user_2,411,412,1795
1795,29,1000000,7190000,user_40,407,412,
1806,30,1000000,0,user_49,407,412,
1779,31,420000,0,user_28,407,412,
2100,85,360000,0,user_47,411,414,
2154,87,310001,0,user_0,412,414,1376
1948,34,310000,0,user_26,409,412,
2028,90,310000,0,user_32,410,414,
1775,36,260000,33100,user_23,407,412,
1792,37,260000,0,user_38,407,412,
1863,38,260000,34700,user_28,408,412,
1801,39,220000,0,user_43,407,412,
1803,40,220000,0,user_43,407,412,
2102,94,220000,0,user_47,411,414,
1774,42,190000,0,user_23,407,412,
2155,96,170001,0,user_1,412,414,1434
1651,44,170000,0,user_38,405,412,
2088,98,170000,215000,user_33,411,414,
1848,46,169999,0,user_18,408,412,1434
2001,47,169999,0,user_3,410,412,1434
2007,48,160001,0,user_7,410,412,1426
2061,49,160001,0,user_9,411,412,1426
2067,50,160001,0,user_15,411,412,1426
2027,51,160000,0,user_32,410,412,
2077,52,160000,0,user_24,411,412,
1713,53,150000,0,user_38,406,412,
1968,54,130000,0,user_40,409,412,
1796,55,120000,164000,user_41,407,412,
2087,56,120000,164000,user_31,411,412,
2101,57,120000,56200,user_47,411,412,
1794,58,110000,0,user_40,407,412,
1805,59,110000,0,user_48,407,412,
2076,60,110000,5630,user_24,411,412,
1800,61,85000,0,user_43,407,412,
1876,62,84000,8520,user_40,408,412,
2078,63,84000,0,user_24,411,412,
1877,64,79000,0,user_41,408,412,
2176,49,2000000,0,user_25,412,414,
2169,60,1100000,0,user_21,412,414,
2180,75,530000,0,user_33,412,414,
2179,80,420000,0,user_31,412,414,
2168,86,350000,0,user_21,412,414,
2196,5,169999,0,user_1,413,413,1434
2041,0,43000000,0,user_46,410,416,
1979,2,30000000,0,user_48,409,416,
1938,4,27000000,0,user_22,409,416,
2223,0,19000000,0,user_41,413,417,
1857,5,19000000,0,user_22,408,416,
1879,6,6300000,0,user_44,408,416,
1928,7,6100001,0,user_12,409,416,1502
2055,8,6100001,0,user_4,411,416,1502
2057,9,6100001,0,user_6,411,416,1502
2163,10,6100001,0,user_13,412,416,1502
2065,11,6100001,0,user_12,411,416,1502
2158,12,6100001,0,user_8,412,416,1502
2160,13,6100001,0,user_8,412,416,1502
2070,14,6100001,0,user_16,411,416,1502
2073,15,6100001,0,user_19,411,416,1502
2201,16,6100001,0,user_6,413,416,1502
2238,17,6100001,0,user_2,414,416,1502
2080,21,6100000,0,user_26,411,416,
2054,22,6099999,0,user_3,411,416,1502
1846,23,6099999,0,user_14,408,416,1502
2016,24,6099999,0,user_19,410,416,1502
2056,25,6099999,0,user_5,411,416,1502
2156,27,6099999,0,user_3,412,416,1502
2197,28,6099999,0,user_3,413,416,1502
2066,29,6099999,0,user_14,411,416,1502
2198,30,6099999,0,user_4,413,416,1502
2199,31,6099999,0,user_4,413,416,1502
2069,32,6099999,0,user_16,411,416,1502
2166,33,6099999,0,user_16,412,416,1502
2200,34,6099999,0,user_5,413,416,1502
2204,35,6099999,0,user_13,413,416,1502
2017,41,5000000,12800,user_22,410,416,
1970,42,4500000,146000,user_44,409,416,
2099,33,4200000,410000,user_47,411,414,
2091,34,3600000,0,user_37,411,414,
1882,43,3500000,0,user_46,408,416,
1870,44,3500000,0,user_34,408,416,
1964,46,2500000,35600,user_34,409,416,
2191,18,2400000,0,user_43,412,417,
2079,39,2400000,47700,user_25,411,414,
1838,51,2000001,0,user_8,408,416,1640
1843,52,2000001,0,user_14,408,416,1640
1844,53,2000001,0,user_14,408,416,1640
1921,54,2000001,0,user_8,409,416,1640
1927,55,2000001,0,user_12,409,416,1640
1930,56,2000001,0,user_14,409,416,1640
2008,57,2000001,0,user_8,410,416,1640
2012,58,2000001,0,user_12,410,416,1640
1973,60,2000000,0,user_46,409,416,
2176,49,2000000,0,user_25,412,414,
1845,64,1999999,0,user_14,408,416,1640
1926,65,1999999,0,user_12,409,416,1640
1929,66,1999999,0,user_12,409,416,1640
2013,67,1999999,0,user_14,410,416,1640
1936,68,1999999,0,user_18,409,416,1640
2068,55,1999999,0,user_15,411,414,1640
2171,21,1600000,0,user_23,412,417,
2213,22,1600000,0,user_28,413,417,
2030,75,1400000,0,user_34,410,416,
2086,59,1100000,0,user_30,411,414,
2169,60,1100000,0,user_21,412,414,
2157,82,1000001,0,user_6,412,416,1795
2159,83,1000001,0,user_8,412,416,1795
1953,85,1000000,0,user_29,409,416,
2042,86,1000000,0,user_48,410,416,
2189,87,1000000,0,user_40,412,416,
2064,89,999999,0,user_11,411,416,1795
2060,90,999999,0,user_8,411,416,1795
2229,30,910000,0,user_43,413,417,
2037,92,910000,0,user_40,410,416,
2043,93,910000,0,user_48,410,416,
2082,95,670000,256000,user_26,411,416,
1864,97,660000,164000,user_29,408,416,
1869,99,650000,0,user_34,408,416,
2083,74,630000,0,user_26,411,414,
2180,75,530000,0,user_33,412,414,
2170,76,530000,0,user_22,412,414,
1974,77,470000,381000,user_46,409,414,
1854,78,460000,0,user_22,408,414,
1980,79,420000,0,user_48,409,414,
2179,80,420000,0,user_31,412,414,
2178,35,370000,36800,user_28,412,417,
2103,36,360000,0,user_49,411,417,
1856,83,360000,0,user_22,408,414,
1884,84,360000,0,user_48,408,414,
2100,85,360000,0,user_47,411,414,
2168,86,350000,0,user_21,412,414,
2154,87,310001,0,user_0,412,414,1376
2164,88,310001,0,user_13,412,414,1376
2244,89,310001,0,user_7,414,414,1376
2028,90,310000,0,user_32,410,414,
1925,91,309999,0,user_12,409,414,1376
1880,92,300000,0,user_44,408,414,
2025,93,260000,0,user_29,410,414,
2102,94,220000,0,user_47,411,414,
2081,95,220000,0,user_26,411,414,
2155,96,170001,0,user_1,412,414,1434
2250,46,170001,0,user_10,414,417,1434
2088,98,170000,215000,user_33,411,414,
1920,99,169999,0,user_8,409,414,1434
2239,18,6100001,0,user_3,414,416,1502
2203,19,6100001,0,user_12,413,416,1502
2243,20,6100001,0,user_6,414,416,1502
2240,37,6099999,0,user_4,414,416,1502
2207,38,6099999,0,user_16,413,416,1502
2338,12,6099999,0,user_7,415,417,1502
2263,23,2100000,769000,user_28,414,419,
2232,61,2000000,283000,user_46,413,416,
2241,84,1000001,0,user_4,414,416,1795
2242,91,999999,0,user_5,414,416,1795
2260,43,370000,0,user_23,414,419,
2285,44,370000,0,user_41,414,419,
2288,45,340000,33300,user_43,414,419,
2202,13,310001,0,user_8,413,415,1376
2286,50,260000,161000,user_41,414,419,
2252,15,160001,0,user_13,414,415,1426
2331,16,160001,0,user_2,415,415,1426
2340,59,160001,0,user_10,415,419,1426
2205,18,159999,0,user_14,413,415,1426
1855,19,98000,0,user_22,408,415,
1881,20,80000,0,user_46,408,415,
2041,0,43000000,0,user_46,410,416,
2184,1,30000000,0,user_35,412,416,
1979,2,30000000,0,user_48,409,416,
2035,3,30000000,0,user_38,410,416,
1938,4,27000000,0,user_22,409,416,
1857,5,19000000,0,user_22,408,416,
1879,6,6300000,0,user_44,408,416,
1928,7,6100001,0,user_12,409,416,1502
2055,8,6100001,0,user_4,411,416,1502
2057,9,6100001,0,user_6,411,416,1502
2163,10,6100001,0,user_13,412,416,1502
2065,11,6100001,0,user_12,411,416,1502
2158,12,6100001,0,user_8,412,416,1502
2160,13,6100001,0,user_8,412,416,1502
2070,14,6100001,0,user_16,411,416,1502
2073,15,6100001,0,user_19,411,416,1502
2201,16,6100001,0,user_6,413,416,1502
2238,17,6100001,0,user_2,414,416,1502
2239,18,6100001,0,user_3,414,416,1502
2203,19,6100001,0,user_12,413,416,1502
2243,20,6100001,0,user_6,414,416,1502
2080,21,6100000,0,user_26,411,416,
2054,22,6099999,0,user_3,411,416,1502
1846,23,6099999,0,user_14,408,416,1502
2016,24,6099999,0,user_19,410,416,1502
2056,25,6099999,0,user_5,411,416,1502
2059,26,6099999,0,user_7,411,416,1502
2156,27,6099999,0,user_3,412,416,1502
2197,28,6099999,0,user_3,413,416,1502
2066,29,6099999,0,user_14,411,416,1502
2198,30,6099999,0,user_4,413,416,1502
2199,31,6099999,0,user_4,413,416,1502
2069,32,6099999,0,user_16,411,416,1502
2166,33,6099999,0,user_16,412,416,1502
2200,34,6099999,0,user_5,413,416,1502
2204,35,6099999,0,user_13,413,416,1502
2247,36,6099999,0,user_9,414,416,1502
2240,37,6099999,0,user_4,414,416,1502
2207,38,6099999,0,user_16,413,416,1502
2394,39,6099999,0,user_1,416,416,1502
2214,40,5200000,60700,user_30,413,416,
2017,41,5000000,12800,user_22,410,416,
1970,42,4500000,146000,user_44,409,416,
1882,43,3500000,0,user_46,408,416,
1870,44,3500000,0,user_34,408,416,
2280,45,3500000,0,user_37,414,416,
1964,46,2500000,35600,user_34,409,416,
2278,47,2400000,0,user_35,414,416,
2281,48,2300000,16400,user_37,414,416,
2165,49,2000001,0,user_15,412,416,1640
2206,50,2000001,0,user_15,413,416,1640
1838,51,2000001,0,user_8,408,416,1640
1843,52,2000001,0,user_14,408,416,1640
1844,53,2000001,0,user_14,408,416,1640
1921,54,2000001,0,user_8,409,416,1640
1927,55,2000001,0,user_12,409,416,1640
1930,56,2000001,0,user_14,409,416,1640
2008,57,2000001,0,user_8,410,416,1640
2012,58,2000001,0,user_12,410,416,1640
2218,59,2000000,0,user_33,413,416,
1973,60,2000000,0,user_46,409,416,
2232,61,2000000,283000,user_46,413,416,
2085,62,2000000,0,user_28,411,416,
2364,63,2000000,0,user_30,415,416,
1845,64,1999999,0,user_14,408,416,1640
1926,65,1999999,0,user_12,409,416,1640
1929,66,1999999,0,user_12,409,416,1640
2013,67,1999999,0,user_14,410,416,1640
1936,68,1999999,0,user_18,409,416,1640
2071,69,1999999,0,user_17,411,416,1640
2162,70,1999999,0,user_10,412,416,1640
2174,71,1900000,0,user_24,412,416,
2018,72,1600000,0,user_23,410,416,
2024,73,1600000,322000,user_28,410,416,
2211,74,1400000,0,user_25,413,416,
2030,75,1400000,0,user_34,410,416,
1940,76,1300000,0,user_23,409,416,
2187,77,1200000,161000,user_37,412,416,
2275,78,1200000,0,user_33,414,416,
2215,79,1200000,0,user_32,413,416,
2172,80,1100000,0,user_24,412,416,
2261,81,1100000,0,user_24,414,416,
2157,82,1000001,0,user_6,412,416,1795
2159,83,1000001,0,user_8,412,416,1795
2241,84,1000001,0,user_4,414,416,1795
1953,85,1000000,0,user_29,409,416,
2042,86,1000000,0,user_48,410,416,
2189,87,1000000,0,user_40,412,416,
2038,88,1000000,0,user_41,410,416,
2064,89,999999,0,user_11,411,416,1795
2060,90,999999,0,user_8,411,416,1795
2242,91,999999,0,user_5,414,416,1795
2037,92,910000,0,user_40,410,416,
2043,93,910000,0,user_48,410,416,
2183,94,670000,296000,user_35,412,416,
2082,95,670000,256000,user_26,411,416,
2366,96,670000,0,user_31,415,416,
1864,97,660000,164000,user_29,408,416,
2269,98,660000,0,user_30,414,416,
1869,99,650000,0,user_34,408,416,
2223,0,19000000,0,user_41,413,417,
2253,1,6100001,0,user_14,414,417,1502
2332,2,6100001,0,user_4,415,417,1502
2333,3,6100001,0,user_4,415,417,1502
2072,4,6100001,0,user_18,411,417,1502
2341,5,6100001,0,user_11,415,417,1502
2427,6,6100000,18600,user_31,416,417,
2245,7,6099999,0,user_8,414,417,1502
2334,8,6099999,0,user_5,415,417,1502
2335,9,6099999,0,user_5,415,417,1502
2336,10,6099999,0,user_5,415,417,1502
2337,11,6099999,0,user_6,415,417,1502
2338,12,6099999,0,user_7,415,417,1502
2209,13,6099999,0,user_18,413,417,1502
2343,14,6099999,0,user_13,415,417,1502
2395,15,6099999,0,user_2,416,417,1502
2434,16,4500000,0,user_37,416,417,
2432,17,3200000,0,user_37,416,417,
2191,18,2400000,0,user_43,412,417,
2418,19,2100000,5630,user_24,416,417,
2417,20,2000000,33300,user_24,416,417,
2171,21,1600000,0,user_23,412,417,
2213,22,1600000,0,user_28,413,417,
2373,23,1500000,0,user_37,415,417,
2431,24,1500000,75000,user_37,416,417,
2433,25,1500000,0,user_37,416,417,
2419,26,1200000,47700,user_25,416,417,
2266,27,1000000,0,user_29,414,417,
2251,28,999999,0,user_12,414,417,1795
2430,29,970000,0,user_35,416,417,
2229,30,910000,0,user_43,413,417,
2426,31,910000,12300,user_30,416,417,
2267,32,630000,0,user_29,414,417,
2291,33,630000,0,user_46,414,417,
2381,34,630000,0,user_47,415,417,
2178,35,370000,36800,user_28,412,417,
2103,36,360000,0,user_49,411,417,
2413,37,320000,0,user_21,416,417,
2011,38,310001,0,user_10,410,417,1376
2344,39,310001,0,user_15,415,417,1376
2357,40,310000,0,user_24,415,417,
1939,41,260000,0,user_23,409,417,
2044,42,240000,0,user_49,410,417,
1934,43,170001,0,user_17,409,417,1434
1935,44,170001,0,user_17,409,417,1434
2010,45,170001,0,user_10,410,417,1434
2250,46,170001,0,user_10,414,417,1434
2258,47,170001,0,user_18,414,417,1434
2474,48,170001,0,user_0,417,417,1434
2475,49,170001,0,user_1,417,417,1434
2382,50,170000,0,user_47,415,417,
2167,51,169999,0,user_18,412,417,1434
2400,52,169999,0,user_9,416,417,1434
1937,53,160000,0,user_20,409,417,
2259,54,160000,0,user_22,414,417,
2274,55,160000,0,user_32,414,417,
2015,56,159999,0,user_16,410,417,1426
2208,57,159999,0,user_17,413,417,1426
2195,58,150000,13900,user_49,412,417,
1874,59,120000,350000,user_38,408,417,
2284,60,120000,0,user_40,414,417,
2188,61,110000,0,user_38,412,417,
2230,62,100000,0,user_43,413,417,
2264,63,98000,769000,user_29,414,417,
2265,64,82000,0,user_29,414,417,
2491,0,30000000,0,user_23,417,418,
2411,5,6100001,0,user_19,416,419,1502
2412,6,6100001,0,user_19,416,419,1502
2410,7,6100001,0,user_18,416,419,1502
2539,8,6100001,0,user_2,418,419,1502
2543,5,6100001,0,user_7,418,418,1502
2408,16,6099999,0,user_16,416,419,1502
2478,17,6099999,0,user_5,417,419,1502
2483,18,6099999,0,user_11,417,419,1502
2544,9,6099999,0,user_7,418,418,1502
2545,10,6099999,0,user_7,418,418,1502
2374,11,2500000,5630,user_38,415,418,
2435,12,2100000,0,user_38,416,418,
2487,13,2000001,0,user_17,417,418,1640
2384,14,1400000,0,user_49,415,418,
2383,29,1400000,381000,user_48,415,419,
2509,16,1000000,0,user_41,417,418,
2445,17,910000,0,user_49,416,418,
2409,48,309999,0,user_18,416,419,1376
2510,19,220000,0,user_41,417,418,
2484,57,169999,0,user_13,417,419,1434
2547,21,160001,0,user_10,418,418,1426
2511,22,160000,195000,user_43,417,418,
2420,64,150000,0,user_26,416,419,
2089,74,110000,0,user_34,411,419,
2372,79,100000,0,user_34,415,419,
2492,26,70000,0,user_23,417,418,
2496,0,19000000,0,user_31,417,419,
2358,1,6300000,510000,user_26,415,419,
2347,2,6100001,0,user_18,415,419,1502
2349,3,6100001,0,user_18,415,419,1502
2404,4,6100001,0,user_11,416,419,1502
2411,5,6100001,0,user_19,416,419,1502
2412,6,6100001,0,user_19,416,419,1502
2410,7,6100001,0,user_18,416,419,1502
2539,8,6100001,0,user_2,418,419,1502
2234,9,6100000,0,user_49,413,419,
2398,10,6099999,0,user_4,416,419,1502
2352,11,6099999,0,user_19,415,419,1502
2399,12,6099999,0,user_5,416,419,1502
2348,13,6099999,0,user_18,415,419,1502
2350,14,6099999,0,user_18,415,419,1502
2477,15,6099999,0,user_2,417,419,1502
2408,16,6099999,0,user_16,416,419,1502
2478,17,6099999,0,user_5,417,419,1502
2483,18,6099999,0,user_11,417,419,1502
2356,19,4200000,0,user_23,415,419,
2181,20,2600000,0,user_34,412,419,
2233,21,2400000,0,user_49,413,419,
2362,22,2300000,0,user_29,415,419,
2263,23,2100000,769000,user_28,414,419,
2346,24,2000001,0,user_17,415,419,1640
2403,25,2000001,0,user_10,416,419,1640
2402,26,1999999,0,user_10,416,419,1640
2499,27,1500000,0,user_33,417,419,
2277,28,1400000,0,user_34,414,419,
2383,29,1400000,381000,user_48,415,419,
2353,30,1400000,0,user_20,415,419,
2572,31,1400000,15300,user_35,418,419,
2396,32,1000001,0,user_4,416,419,1795
2359,33,1000000,0,user_26,415,419,
2568,34,1000000,0,user_31,418,419,
2406,35,999999,0,user_13,416,419,1795
2476,36,999999,0,user_2,417,419,1795
2595,37,999999,0,user_1,419,419,1795
2376,38,970000,0,user_41,415,419,
2504,39,660000,0,user_37,417,419,
2361,40,600000,0,user_26,415,419,
2194,41,470000,0,user_48,412,419,
2294,42,460000,322000,user_48,414,419,
2260,43,370000,0,user_23,414,419,
2285,44,370000,0,user_41,414,419,
2288,45,340000,33300,user_43,414,419,
2345,46,310001,0,user_16,415,419,1376
2479,47,309999,0,user_7,417,419,1376
2409,48,309999,0,user_18,416,419,1376
2360,49,300000,0,user_26,415,419,
2286,50,260000,161000,user_41,414,419,
2502,51,220000,0,user_35,417,419,
2339,52,170001,0,user_8,415,419,1434
2351,53,170001,0,user_18,415,419,1434
2546,54,170001,0,user_9,418,419,1434
2594,55,170001,0,user_0,419,419,1434
2296,56,170000,0,user_49,414,419,
2484,57,169999,0,user_13,417,419,1434
2342,58,160001,0,user_12,415,419,1426
2340,59,160001,0,user_10,415,419,1426
2481,60,160001,0,user_9,417,419,1426
2516,61,160000,21800,user_47,417,419,
2397,62,159999,0,user_4,416,419,1426
2401,63,159999,0,user_10,416,419,1426
2420,64,150000,0,user_26,416,419,
2355,65,150000,84800,user_23,415,419,
2378,66,150000,0,user_43,415,419,
2567,67,130000,15300,user_30,418,419,
2282,68,120000,0,user_38,414,419,
2501,69,120000,0,user_35,417,419,
2571,70,120000,0,user_35,418,419,
2354,71,110000,0,user_22,415,419,
2363,72,110000,0,user_29,415,419,
2380,73,110000,0,user_46,415,419,
2089,74,110000,0,user_34,411,419,
2289,75,110000,84800,user_44,414,419,
2293,76,110000,0,user_48,414,419,
2494,77,110000,0,user_30,417,419,
2573,78,110000,0,user_37,418,419,
2372,79,100000,0,user_34,415,419,
2221,80,98000,0,user_38,413,419,
2561,81,83000,0,user_21,418,419,
2295,82,82000,0,user_49,414,419,
2495,83,77000,0,user_30,417,419,
2192,84,70000,0,user_44,412,419,
1310,11,970000,0,user_1,420,421,
1309,17,120000,0,user_0,420,421,
1315,1,6300000,0,user_7,420,422,
1352,5,5200000,0,user_43,420,427,
1350,8,3600000,0,user_43,420,427,
1316,5,2600000,0,user_7,420,422,
1360,10,1400001,0,user_2,421,422,1312
1364,8,1400001,0,user_7,421,423,1312
1367,34,1400001,0,user_10,421,427,1312
1312,11,1400000,10700,user_4,420,422,
1359,14,1399999,0,user_2,421,422,1312
1327,40,1000000,0,user_20,420,427,
1349,41,1000000,0,user_43,420,427,
1310,11,970000,0,user_1,420,421,
1319,17,970000,0,user_11,420,422,
1330,63,360000,0,user_23,420,427,
1311,23,360000,0,user_3,420,422,
1348,68,310000,0,user_43,420,427,
1313,29,150000,0,user_5,420,422,
1309,17,120000,0,user_0,420,421,
1314,33,120000,0,user_6,420,422,
1322,35,110000,0,user_13,420,422,
1351,92,73000,0,user_43,420,427,
1336,0,30000000,0,user_25,420,422,
1315,1,6300000,0,user_7,420,422,
1318,2,3600000,0,user_9,420,422,
1331,3,3600000,0,user_24,420,422,
1342,4,3500000,8520,user_33,420,422,
1316,5,2600000,0,user_7,420,422,
1337,6,2100000,0,user_25,420,422,
1383,7,2000000,36800,user_30,421,422,
1324,8,1500000,0,user_15,420,422,
1341,9,1500000,0,user_32,420,422,
1360,10,1400001,0,user_2,421,422,1312
1312,11,1400000,10700,user_4,420,422,
1334,12,1400000,0,user_24,420,422,
1371,13,1400000,0,user_15,421,422,
1359,14,1399999,0,user_2,421,422,1312
1329,15,1000000,0,user_21,420,422,
1389,16,1000000,0,user_37,421,422,
1319,17,970000,0,user_11,420,422,
1328,18,910000,0,user_21,420,422,
1333,19,670000,0,user_24,420,422,
1404,20,600001,0,user_0,422,422,1357
1357,21,600000,49100,user_47,420,422,
1385,22,370000,0,user_30,421,422,
1311,23,360000,0,user_3,420,422,
1405,24,310001,0,user_1,422,422,1376
1376,25,310000,4320000,user_25,421,422,
1406,26,309999,0,user_1,422,422,1376
1407,27,309999,0,user_1,422,422,1376
1408,28,309999,0,user_1,422,422,1376
1313,29,150000,0,user_5,420,422,
1377,30,150000,0,user_25,421,422,
1339,31,130000,0,user_30,420,422,
1340,32,120000,0,user_31,420,422,
1314,33,120000,0,user_6,420,422,
1335,34,120000,0,user_24,420,422,
1322,35,110000,0,user_13,420,422,
1386,36,110000,0,user_31,421,422,
1332,37,110000,0,user_24,420,422,
1398,38,84000,0,user_47,421,422,
1384,39,79000,0,user_30,421,422,
1366,40,77000,0,user_9,421,422,
1356,0,2300000,779000,user_46,420,423,
1362,1,2299999,0,user_4,421,423,1356
1410,2,1999999,0,user_2,422,423,1383
1466,3,1999999,0,user_0,423,423,1383
1325,4,1500000,0,user_18,420,423,
1427,5,1500000,49100,user_25,422,423,
1317,6,1400001,0,user_8,420,423,1312
1323,7,1400001,0,user_14,420,423,1312
1364,8,1400001,0,user_7,421,423,1312
1368,9,1400001,0,user_11,421,423,1312
1361,10,1399999,0,user_3,421,423,1312
1320,11,1399999,0,user_12,420,423,1312
1321,12,1399999,0,user_12,420,423,1312
1363,13,1399999,0,user_6,421,423,1312
1409,14,600001,0,user_2,422,423,1357
1413,15,600001,0,user_9,422,423,1357
1418,16,600001,0,user_15,422,423,1357
1452,17,470000,181000,user_47,422,423,
1439,18,460000,13900,user_33,422,423,
1355,19,350000,0,user_46,420,423,
1440,20,350000,0,user_33,422,423,
1346,21,340000,0,user_40,420,423,
1443,22,310000,35600,user_37,422,423,
1468,23,309999,0,user_1,423,423,1376
1469,24,309999,0,user_1,423,423,1376
1467,25,160001,0,user_0,423,423,1426
1426,26,160000,4320000,user_24,422,423,
1442,27,110000,0,user_37,422,423,
1422,28,85000,0,user_21,422,423,
1449,4,6100000,0,user_43,422,427,
1425,6,5000000,0,user_23,422,427,
1401,10,3500000,0,user_49,421,427,
1419,14,2400001,0,user_17,422,427,1395
1485,27,2000000,0,user_20,423,427,
1444,31,1600000,16400,user_38,422,427,
1447,47,630000,0,user_41,422,427,
1495,64,360000,0,user_28,423,427,
1454,66,320000,0,user_49,422,427,
1487,70,260000,0,user_23,423,427,
1481,73,219999,0,user_17,423,427,1393
1554,74,219999,0,user_10,424,427,1393
1421,83,160000,0,user_20,422,427,
1390,84,150000,0,user_38,421,427,
1344,85,120000,0,user_38,420,427,
1455,86,120000,0,user_49,422,427,
1392,0,43000000,0,user_40,421,425,
1502,1,6100000,4320000,user_35,423,425,
1489,2,5000000,0,user_25,423,425,
1490,3,4200000,0,user_25,423,425,
1411,4,2300001,0,user_3,422,425,1356
1417,5,2300001,0,user_13,422,425,1356
1470,6,2300001,0,user_2,423,425,1356
1365,7,2300001,0,user_8,421,425,1356
1415,8,2300001,0,user_12,422,425,1356
1369,9,2299999,0,user_14,421,425,1356
1382,10,2000000,0,user_29,421,425,
1433,11,2000000,0,user_29,422,425,
1431,12,2000000,0,user_26,422,425,
1451,13,1800000,0,user_46,422,425,
1503,14,1600000,0,user_35,423,425,
1370,15,1400001,0,user_14,421,425,1312
1580,16,1400000,16400,user_33,424,425,
1412,17,1399999,0,user_8,422,425,1312
1416,18,1399999,0,user_12,422,425,1312
1486,19,1200000,0,user_21,423,425,
1424,20,1000000,0,user_22,422,425,
1498,21,910000,0,user_31,423,425,
1378,22,660000,0,user_26,421,425,
1499,23,630000,285000,user_33,423,425,
1423,24,630000,0,user_22,422,425,
1420,25,460001,0,user_19,422,425,1396
1396,26,460000,215000,user_44,421,425,
1504,27,370000,0,user_37,423,425,
1471,28,310001,0,user_2,423,425,1376
1545,29,310001,0,user_0,424,425,1376
1472,30,310001,0,user_3,423,425,1376
1428,31,260000,0,user_26,422,425,
1430,32,260000,0,user_26,422,425,
1432,33,260000,0,user_26,422,425,
1446,34,190000,0,user_40,422,425,
1546,35,170001,0,user_2,424,425,1434
1434,36,170000,4320000,user_29,422,425,
1473,37,169999,0,user_4,423,425,1434
1478,38,160001,0,user_13,423,425,1426
1607,39,160001,0,user_1,425,425,1426
1491,40,160000,0,user_25,423,425,
1500,41,160000,64600,user_33,423,425,
1474,42,159999,0,user_5,423,425,1426
1475,43,159999,0,user_6,423,425,1426
1518,44,150000,0,user_47,423,425,
1326,45,130000,0,user_19,420,425,
1358,46,120000,0,user_48,420,425,
1429,47,120000,0,user_26,422,425,
1488,48,110000,381000,user_25,423,425,
1567,49,98000,0,user_25,424,425,
1373,50,87000,0,user_19,421,425,
1375,51,84000,35600,user_22,421,425,
1399,52,73000,0,user_48,421,425,
1400,53,70000,0,user_48,421,425,
1587,0,27000000,0,user_37,424,426,
1624,1,6100001,0,user_15,425,426,1502
1560,2,6099999,0,user_15,424,426,1502
1625,3,6099999,0,user_15,425,426,1502
1626,4,6099999,0,user_15,425,426,1502
1576,5,2600000,0,user_32,424,426,
1650,6,2600000,17000,user_37,425,426,
1616,7,2300001,0,user_9,425,426,1356
1617,8,2300001,0,user_9,425,426,1356
1663,9,2299999,0,user_1,426,426,1356
1436,10,2000000,0,user_32,422,426,
1644,11,2000000,0,user_35,425,426,
1585,12,1800000,0,user_35,424,426,
1435,13,1100000,0,user_32,422,426,
1645,14,1000000,0,user_35,425,426,
1647,15,670000,164000,user_37,425,426,
1648,16,670000,381000,user_37,425,426,
1643,17,600000,0,user_33,425,426,
1661,18,310001,0,user_0,426,426,1376
1664,19,310001,0,user_1,426,426,1376
1577,20,310000,0,user_32,424,426,
1649,21,300000,0,user_37,425,426,
1578,22,260000,0,user_32,424,426,
1657,23,240000,0,user_47,425,426,
1662,24,170001,0,user_0,426,426,1434
1637,25,170000,0,user_25,425,426,
1553,26,160001,0,user_9,424,426,1426
1614,27,160001,0,user_9,425,426,1426
1615,28,160001,0,user_9,425,426,1426
1627,29,160001,0,user_15,425,426,1426
1623,30,159999,0,user_15,425,426,1426
1579,31,150000,0,user_32,424,426,
1437,32,110000,0,user_32,422,426,
1438,33,110000,0,user_32,422,426,
1658,34,110000,0,user_47,425,426,
1595,0,43000000,0,user_46,424,427,
1642,1,27000000,0,user_32,425,427,
1753,2,6100001,0,user_0,427,427,1502
1453,3,6100000,0,user_48,422,427,
1449,4,6100000,0,user_43,422,427,
1352,5,5200000,0,user_43,420,427,
1425,6,5000000,0,user_23,422,427,
1497,7,4200000,0,user_29,423,427,
1350,8,3600000,0,user_43,420,427,
1704,9,3600000,100000,user_33,426,427,
1401,10,3500000,0,user_49,421,427,
1681,11,3200000,0,user_21,426,427,
1705,12,2500000,0,user_35,426,427,
1414,13,2400001,0,user_10,422,427,1395
1419,14,2400001,0,user_17,422,427,1395
1395,15,2400000,322000,user_43,421,427,
1612,16,2399999,0,user_7,425,427,1395
1555,17,2300001,0,user_12,424,427,1356
1559,18,2300001,0,user_14,424,427,1356
1666,19,2300001,0,user_2,426,427,1356
1757,20,2300001,0,user_1,427,427,1356
1550,21,2299999,0,user_6,424,427,1356
1665,22,2299999,0,user_2,426,427,1356
1752,23,2299999,0,user_0,427,427,1356
1755,24,2299999,0,user_0,427,427,1356
1756,25,2299999,0,user_0,427,427,1356
1374,26,2000000,0,user_20,421,427,
1485,27,2000000,0,user_20,423,427,
1572,28,1800000,0,user_29,424,427,
1517,29,1600000,0,user_46,423,427,
1574,30,1600000,0,user_29,424,427,
1444,31,1600000,16400,user_38,422,427,
1721,32,1600000,256000,user_47,426,427,
1687,33,1500000,0,user_24,426,427,
1367,34,1400001,0,user_10,421,427,1312
1492,35,1200000,0,user_26,423,427,
1706,36,1100000,0,user_35,426,427,
1511,37,1000000,0,user_40,423,427,
1594,38,1000000,0,user_46,424,427,
1596,39,1000000,17000,user_46,424,427,
1327,40,1000000,0,user_20,420,427,
1349,41,1000000,0,user_43,420,427,
1712,42,970000,0,user_37,426,427,
1575,43,910000,0,user_29,424,427,
1711,44,670000,0,user_37,426,427,
1573,45,660000,0,user_29,424,427,
1700,46,660000,0,user_30,426,427,
1447,47,630000,0,user_41,422,427,
1597,48,530000,0,user_46,424,427,
1688,49,470000,0,user_25,426,427,
1549,50,460001,0,user_5,424,427,1396
1551,51,460001,0,user_8,424,427,1396
1556,52,460001,0,user_12,424,427,1396
1621,53,460001,0,user_13,425,427,1396
1496,54,460000,0,user_29,423,427,
1547,55,459999,0,user_4,424,427,1396
1480,56,459999,0,user_16,423,427,1396
1483,57,459999,0,user_19,423,427,1396
1484,58,459999,0,user_19,423,427,1396
1557,59,459999,0,user_13,424,427,1396
1558,60,459999,0,user_14,424,427,1396
1611,61,459999,0,user_6,425,427,1396
1701,62,420000,0,user_31,426,427,
1330,63,360000,0,user_23,420,427,
1495,64,360000,0,user_28,423,427,
1703,65,340000,0,user_33,426,427,
1454,66,320000,0,user_49,422,427,
1676,67,310001,0,user_15,426,427,1376
1348,68,310000,0,user_43,420,427,
1609,69,309999,0,user_4,425,427,1376
1487,70,260000,0,user_23,423,427,
1724,71,260000,0,user_47,426,427,
1393,72,220000,100000,user_41,421,427,
1481,73,219999,0,user_17,423,427,1393
1554,74,219999,0,user_10,424,427,1393
1476,75,170001,0,user_8,423,427,1434
1552,76,170001,0,user_8,424,427,1434
1608,77,170001,0,user_4,425,427,1434
1610,78,170001,0,user_4,425,427,1434
1477,79,169999,0,user_12,423,427,1434
1548,80,169999,0,user_5,424,427,1434
1754,81,169999,0,user_0,427,427,1434
1479,82,160001,0,user_14,423,427,1426
1421,83,160000,0,user_20,422,427,
1390,84,150000,0,user_38,421,427,
1344,85,120000,0,user_38,420,427,
1455,86,120000,0,user_49,422,427,
1722,87,120000,0,user_47,426,427,
1450,88,110000,15700,user_44,422,427,
1723,89,110000,164000,user_47,426,427,
1598,90,87000,0,user_46,424,427,
1381,91,84000,0,user_28,421,427,
1351,92,73000,0,user_43,420,427,
1566,0,27000000,17000,user_23,424,428,
1570,1,6300000,0,user_28,424,428,
1784,2,6300000,14200,user_31,427,428,
1599,3,3600000,0,user_48,424,428,
1507,4,3500000,0,user_38,423,428,
1583,5,2500000,12800,user_34,424,428,
1613,6,2299999,0,user_8,425,428,1356
1667,7,2299999,0,user_4,426,428,1356
1668,8,2299999,0,user_5,426,428,1356
1761,9,2299999,0,user_9,427,428,1356
1829,10,2299999,0,user_0,428,428,1356
1509,11,2000000,0,user_38,423,428,
1571,12,2000000,0,user_28,424,428,
1501,13,1700000,0,user_34,423,428,
1634,14,1600001,0,user_19,425,428,1581
1635,15,1600001,0,user_19,425,428,1581
1581,16,1600000,769000,user_34,424,428,
1772,17,1600000,0,user_21,427,428,
1786,18,1600000,0,user_31,427,428,
1771,19,1500000,231000,user_21,427,428,
1776,20,1500000,0,user_24,427,428,
1506,21,1400000,0,user_38,423,428,
1781,22,1000000,17000,user_30,427,428,
1790,23,1000000,13900,user_35,427,428,
1565,24,970000,0,user_23,424,428,
1505,25,910000,0,user_38,423,428,
1522,26,870000,0,user_49,423,428,
1590,27,660000,0,user_41,424,428,
1830,28,650001,0,user_1,428,428,1521
1582,29,650000,0,user_34,424,428,
1521,30,650000,1100000,user_49,423,428,
1629,31,460001,0,user_16,425,428,1396
1620,32,459999,0,user_12,425,428,1396
1564,33,459999,0,user_19,424,428,1396
1630,34,459999,0,user_16,425,428,1396
1789,35,360000,0,user_33,427,428,
1653,36,300000,0,user_40,425,428,
1562,37,220001,0,user_17,424,428,1393
1513,38,220000,0,user_44,423,428,
1584,39,220000,0,user_34,424,428,
1622,40,170001,0,user_14,425,428,1434
1670,41,170001,0,user_7,426,428,1434
1758,42,170001,0,user_2,427,428,1434
1783,43,170000,0,user_31,427,428,
1669,44,169999,0,user_6,426,428,1434
1618,45,169999,0,user_10,425,428,1434
1762,46,169999,0,user_9,427,428,1434
1619,47,160001,0,user_12,425,428,1426
1519,48,160000,0,user_48,423,428,
1569,49,160000,0,user_28,424,428,
1785,50,160000,283000,user_31,427,428,
1561,51,159999,0,user_16,424,428,1426
1628,52,159999,0,user_16,425,428,1426
1641,53,150000,0,user_29,425,428,
1508,54,150000,0,user_38,423,428,
1777,55,110000,0,user_25,427,428,
1782,56,110000,0,user_31,427,428,
1514,57,85000,64600,user_44,423,428,
1600,58,77000,0,user_48,424,428,
1654,59,77000,0,user_40,425,428,
1520,60,73000,0,user_48,423,428,
1923,4,6100001,0,user_10,429,432,1502
1847,9,6099999,0,user_17,428,432,1502
1850,11,3600000,73100,user_20,428,432,
1851,14,2500000,0,user_20,428,432,
1878,15,2400000,11200,user_43,428,432,
1372,39,1399999,0,user_18,421,430,1312
1806,30,1000000,0,user_49,427,432,
1792,37,260000,0,user_38,427,432,
1863,38,260000,34700,user_28,428,432,
1877,64,79000,0,user_41,428,432,
1680,0,30000000,769000,user_20,426,430,
1833,1,6100001,0,user_3,428,430,1502
1671,2,6099999,0,user_10,426,430,1502
1763,3,6099999,0,user_10,427,430,1502
1769,4,6099999,0,user_18,427,430,1502
1693,5,5000000,0,user_26,426,430,
1683,6,3500000,67500,user_22,426,430,
1698,7,2500000,0,user_29,426,430,
1672,8,2300001,0,user_12,426,430,1356
1673,9,2300001,0,user_12,426,430,1356
1674,10,2300001,0,user_12,426,430,1356
1765,11,2300001,0,user_12,427,430,1356
1767,12,2300001,0,user_16,427,430,1356
1839,13,2299999,0,user_9,428,430,1356
1675,14,2299999,0,user_14,426,430,1356
1766,15,2299999,0,user_14,427,430,1356
1832,16,2000001,0,user_3,428,430,1640
1836,17,2000001,0,user_5,428,430,1640
1841,18,2000001,0,user_11,428,430,1640
2000,19,2000001,0,user_1,430,430,1640
1640,20,2000000,4320000,user_28,425,430,
1760,21,1999999,0,user_7,427,430,1640
1831,22,1999999,0,user_2,428,430,1640
1835,23,1999999,0,user_4,428,430,1640
1837,24,1999999,0,user_7,428,430,1640
1917,25,1999999,0,user_2,429,430,1640
1999,26,1999999,0,user_1,430,430,1640
1682,27,1900000,16400,user_22,426,430,
1963,28,1900000,0,user_33,429,430,
1773,29,1800000,0,user_22,427,430,
1883,30,1600000,0,user_47,428,430,
1945,31,1600000,0,user_25,429,430,
1959,32,1600000,0,user_31,429,430,
1684,33,1500000,0,user_22,426,430,
1725,34,1500000,6390,user_48,426,430,
1563,35,1400001,0,user_18,424,430,1312
1678,36,1400001,0,user_18,426,430,1312
1679,37,1400001,0,user_18,426,430,1312
1958,38,1400000,0,user_30,429,430,
1372,39,1399999,0,user_18,421,430,1312
1482,40,1399999,0,user_18,423,430,1312
1633,41,1399999,0,user_18,425,430,1312
1853,42,1000000,769000,user_21,428,430,
1685,43,1000000,0,user_22,426,430,
1697,44,1000000,0,user_28,426,430,
1636,45,910000,32900,user_20,425,430,
1862,46,910000,0,user_24,428,430,
1861,47,670000,0,user_24,428,430,
1871,48,670000,0,user_35,428,430,
1720,49,670000,0,user_46,426,430,
1726,50,670000,19700,user_48,426,430,
1632,51,650001,0,user_17,425,430,1521
1759,52,649999,0,user_3,427,430,1521
1631,53,649999,0,user_17,425,430,1521
1764,54,649999,0,user_11,427,430,1521
1867,55,530000,0,user_33,428,430,
1699,56,470000,0,user_29,426,430,
1659,57,460000,0,user_48,425,430,
1954,58,420000,121000,user_30,429,430,
1691,59,370000,56200,user_26,426,430,
1868,60,320000,0,user_33,428,430,
1677,61,310001,0,user_16,426,430,1376
1916,62,310001,0,user_2,429,430,1376
1770,63,309999,0,user_19,427,430,1376
1866,64,260000,0,user_31,428,430,
1858,65,260000,0,user_24,428,430,
1962,66,240000,24700,user_33,429,430,
1859,67,220000,510000,user_24,428,430,
1860,68,220000,47700,user_24,428,430,
1915,69,170001,0,user_0,429,430,1434
1834,70,170001,0,user_4,428,430,1434
1689,71,170000,0,user_26,426,430,
1957,72,170000,0,user_30,429,430,
1873,73,160000,0,user_37,428,430,
1686,74,160000,296000,user_23,426,430,
1842,75,159999,0,user_13,428,430,1426
1655,76,150000,0,user_41,425,430,
1692,77,150000,0,user_26,426,430,
1696,78,150000,0,user_28,426,430,
1852,79,120000,0,user_21,428,430,
1690,80,120000,43600,user_26,426,430,
1716,81,120000,0,user_41,426,430,
1955,82,120000,0,user_30,429,430,
1780,83,110000,15100,user_29,427,430,
1956,84,87000,71800,user_30,429,430,
1865,85,83000,296000,user_30,428,430,
1717,86,80000,0,user_41,426,430,
1960,87,70000,256000,user_31,429,430,
2031,0,43000000,7840,user_35,430,431,
1943,1,27000000,0,user_24,429,431,
2014,2,6100001,0,user_15,430,431,1502
1702,3,4200000,0,user_32,426,431,
1942,4,4200000,0,user_24,429,431,
1976,5,4200000,0,user_47,429,431,
2022,6,2600000,0,user_25,430,431,
2032,7,2600000,0,user_35,430,431,
2051,8,2000001,0,user_0,431,431,1640
2020,9,2000000,0,user_25,430,431,
1978,10,870000,0,user_47,429,431,
1922,11,649999,0,user_9,429,431,1521
1931,12,649999,0,user_15,429,431,1521
2009,13,649999,0,user_9,430,431,1521
1944,14,630000,0,user_24,429,431,
2029,15,470000,0,user_33,430,431,
2033,16,310000,0,user_35,430,431,
1965,17,220000,0,user_35,429,431,
2034,18,170000,0,user_35,430,431,
2052,19,159999,0,user_1,431,431,1426
1787,20,150000,0,user_32,427,431,
2019,21,130000,0,user_24,430,431,
2021,22,120000,0,user_25,430,431,
2026,23,110000,0,user_31,430,431,
1941,24,110000,0,user_24,429,431,
1975,25,110000,0,user_47,429,431,
1977,26,100000,0,user_47,429,431,
1788,27,84000,0,user_32,427,431,
1961,28,82000,0,user_32,429,431,
1660,0,43000000,0,user_49,425,432,
1797,1,27000000,0,user_41,427,432,
2003,2,6100001,0,user_3,430,432,1502
2006,3,6100001,0,user_6,430,432,1502
1923,4,6100001,0,user_10,429,432,1502
1918,5,6099999,0,user_3,429,432,1502
1919,6,6099999,0,user_6,429,432,1502
1768,7,6099999,0,user_17,427,432,1502
1840,8,6099999,0,user_10,428,432,1502
1847,9,6099999,0,user_17,428,432,1502
2099,33,4200000,410000,user_47,431,434,
1850,11,3600000,73100,user_20,428,432,
2091,34,3600000,0,user_37,431,434,
1802,13,2500000,14200,user_43,427,432,
1851,14,2500000,0,user_20,428,432,
1878,15,2400000,11200,user_43,428,432,
2079,39,2400000,47700,user_25,431,434,
2002,17,2000001,0,user_3,430,432,1640
2004,18,2000001,0,user_3,430,432,1640
2005,19,2000001,0,user_5,430,432,1640
1946,20,2000000,0,user_26,429,432,
1924,21,1999999,0,user_11,429,432,1640
1849,22,1999999,0,user_19,428,432,1640
1932,23,1999999,0,user_16,429,432,1640
1933,24,1999999,0,user_16,429,432,1640
2068,55,1999999,0,user_15,431,434,1640
1947,26,1100000,381000,user_26,429,432,
2086,59,1100000,0,user_30,431,434,
2053,28,1000001,0,user_2,431,432,1795
1795,29,1000000,7190000,user_40,427,432,
1806,30,1000000,0,user_49,427,432,
1779,31,420000,0,user_28,427,432,
2100,85,360000,0,user_47,431,434,
2154,87,310001,0,user_0,432,434,1376
1948,34,310000,0,user_26,429,432,
2028,90,310000,0,user_32,430,434,
1775,36,260000,33100,user_23,427,432,
1792,37,260000,0,user_38,427,432,
1863,38,260000,34700,user_28,428,432,
1801,39,220000,0,user_43,427,432,
1803,40,220000,0,user_43,427,432,
2102,94,220000,0,user_47,431,434,
1774,42,190000,0,user_23,427,432,
2155,96,170001,0,user_1,432,434,1434
1651,44,170000,0,user_38,425,432,
2088,98,170000,215000,user_33,431,434,
1848,46,169999,0,user_18,428,432,1434
2001,47,169999,0,user_3,430,432,1434
2007,48,160001,0,user_7,430,432,1426
2061,49,160001,0,user_9,431,432,1426
2067,50,160001,0,user_15,431,432,1426
2027,51,160000,0,user_32,430,432,
2077,52,160000,0,user_24,431,432,
1713,53,150000,0,user_38,426,432,
1968,54,130000,0,user_40,429,432,
1796,55,120000,164000,user_41,427,432,
2087,56,120000,164000,user_31,431,432,
2101,57,120000,56200,user_47,431,432,
1794,58,110000,0,user_40,427,432,
1805,59,110000,0,user_48,427,432,
2076,60,110000,5630,user_24,431,432,
1800,61,85000,0,user_43,427,432,
1876,62,84000,8520,user_40,428,432,
2078,63,84000,0,user_24,431,432,
1877,64,79000,0,user_41,428,432,
2176,49,2000000,0,user_25,432,434,
2169,60,1100000,0,user_21,432,434,
2180,75,530000,0,user_33,432,434,
2179,80,420000,0,user_31,432,434,
2168,86,350000,0,user_21,432,434,
2196,5,169999,0,user_1,433,433,1434
2041,0,43000000,0,user_46,430,436,
1979,2,30000000,0,user_48,429,436,
1938,4,27000000,0,user_22,429,436,
2223,0,19000000,0,user_41,433,437,
1857,5,19000000,0,user_22,428,436,
1879,6,6300000,0,user_44,428,436,
1928,7,6100001,0,user_12,429,436,1502
2055,8,6100001,0,user_4,431,436,1502
2057,9,6100001,0,user_6,431,436,1502
2163,10,6100001,0,user_13,432,436,1502
2065,11,6100001,0,user_12,431,436,1502
2158,12,6100001,0,user_8,432,436,1502
2160,13,6100001,0,user_8,432,436,1502
2070,14,6100001,0,user_16,431,436,1502
2073,15,6100001,0,user_19,431,436,1502
2201,16,6100001,0,user_6,433,436,1502
2238,17,6100001,0,user_2,434,436,1502
2080,21,6100000,0,user_26,431,436,
2054,22,6099999,0,user_3,431,436,1502
1846,23,6099999,0,user_14,428,436,1502
2016,24,6099999,0,user_19,430,436,1502
2056,25,6099999,0,user_5,431,436,1502
2156,27,6099999,0,user_3,432,436,1502
2197,28,6099999,0,user_3,433,436,1502
2066,29,6099999,0,user_14,431,436,1502
2198,30,6099999,0,user_4,433,436,1502
2199,31,6099999,0,user_4,433,436,1502
2069,32,6099999,0,user_16,431,436,1502
2166,33,6099999,0,user_16,432,436,1502
2200,34,6099999,0,user_5,433,436,1502
2204,35,6099999,0,user_13,433,436,1502
2017,41,5000000,12800,user_22,430,436,
1970,42,4500000,146000,user_44,429,436,
2099,33,4200000,410000,user_47,431,434,
2091,34,3600000,0,user_37,431,434,
1882,43,3500000,0,user_46,428,436,
1870,44,3500000,0,user_34,428,436,
1964,46,2500000,35600,user_34,429,436,
2191,18,2400000,0,user_43,432,437,
2079,39,2400000,47700,user_25,431,434,
1838,51,2000001,0,user_8,428,436,1640
1843,52,2000001,0,user_14,428,436,1640
1844,53,2000001,0,user_14,428,436,1640
1921,54,2000001,0,user_8,429,436,1640
1927,55,2000001,0,user_12,429,436,1640
1930,56,2000001,0,user_14,429,436,1640
2008,57,2000001,0,user_8,430,436,1640
2012,58,2000001,0,user_12,430,436,1640
1973,60,2000000,0,user_46,429,436,
2176,49,2000000,0,user_25,432,434,
1845,64,1999999,0,user_14,428,436,1640
1926,65,1999999,0,user_12,429,436,1640
1929,66,1999999,0,user_12,429,436,1640
2013,67,1999999,0,user_14,430,436,1640
1936,68,1999999,0,user_18,429,436,1640
2068,55,1999999,0,user_15,431,434,1640
2171,21,1600000,0,user_23,432,437,
2213,22,1600000,0,user_28,433,437,
2030,75,1400000,0,user_34,430,436,
2086,59,1100000,0,user_30,431,434,
2169,60,1100000,0,user_21,432,434,
2157,82,1000001,0,user_6,432,436,1795
2159,83,1000001,0,user_8,432,436,1795
1953,85,1000000,0,user_29,429,436,
2042,86,1000000,0,user_48,430,436,
2189,87,1000000,0,user_40,432,436,
2064,89,999999,0,user_11,431,436,1795
2060,90,999999,0,user_8,431,436,1795
2229,30,910000,0,user_43,433,437,
2037,92,910000,0,user_40,430,436,
2043,93,910000,0,user_48,430,436,
2082,95,670000,256000,user_26,431,436,
1864,97,660000,164000,user_29,428,436,
1869,99,650000,0,user_34,428,436,
2083,74,630000,0,user_26,431,434,
2180,75,530000,0,user_33,432,434,
2170,76,530000,0,user_22,432,434,
1974,77,470000,381000,user_46,429,434,
1854,78,460000,0,user_22,428,434,
1980,79,420000,0,user_48,429,434,
2179,80,420000,0,user_31,432,434,
2178,35,370000,36800,user_28,432,437,
2103,36,360000,0,user_49,431,437,
1856,83,360000,0,user_22,428,434,
1884,84,360000,0,user_48,428,434,
2100,85,360000,0,user_47,431,434,
2168,86,350000,0,user_21,432,434,
2154,87,310001,0,user_0,432,434,1376
2164,88,310001,0,user_13,432,434,1376
2244,89,310001,0,user_7,434,434,1376
2028,90,310000,0,user_32,430,434,
1925,91,309999,0,user_12,429,434,1376
1880,92,300000,0,user_44,428,434,
2025,93,260000,0,user_29,430,434,
2102,94,220000,0,user_47,431,434,
2081,95,220000,0,user_26,431,434,
2155,96,170001,0,user_1,432,434,1434
2250,46,170001,0,user_10,434,437,1434
2088,98,170000,215000,user_33,431,434,
1920,99,169999,0,user_8,429,434,1434
2239,18,6100001,0,user_3,434,436,1502
2203,19,6100001,0,user_12,433,436,1502
2243,20,6100001,0,user_6,434,436,1502
2240,37,6099999,0,user_4,434,436,1502
2207,38,6099999,0,user_16,433,436,1502
2338,12,6099999,0,user_7,435,437,1502
2263,23,2100000,769000,user_28,434,439,
2232,61,2000000,283000,user_46,433,436,
2241,84,1000001,0,user_4,434,436,1795
2242,91,999999,0,user_5,434,436,1795
2260,43,370000,0,user_23,434,439,
2285,44,370000,0,user_41,434,439,
2288,45,340000,33300,user_43,434,439,
2202,13,310001,0,user_8,433,435,1376
2286,50,260000,161000,user_41,434,439,
2252,15,160001,0,user_13,434,435,1426
2331,16,160001,0,user_2,435,435,1426
2340,59,160001,0,user_10,435,439,1426
2205,18,159999,0,user_14,433,435,1426
1855,19,98000,0,user_22,428,435,
1881,20,80000,0,user_46,428,435,
2041,0,43000000,0,user_46,430,436,
2184,1,30000000,0,user_35,432,436,
1979,2,30000000,0,user_48,429,436,
2035,3,30000000,0,user_38,430,436,
1938,4,27000000,0,user_22,429,436,
1857,5,19000000,0,user_22,428,436,
1879,6,6300000,0,user_44,428,436,
1928,7,6100001,0,user_12,429,436,1502
2055,8,6100001,0,user_4,431,436,1502
2057,9,6100001,0,user_6,431,436,1502
2163,10,6100001,0,user_13,432,436,1502
2065,11,6100001,0,user_12,431,436,1502
2158,12,6100001,0,user_8,432,436,1502
2160,13,6100001,0,user_8,432,436,1502
2070,14,6100001,0,user_16,431,436,1502
2073,15,6100001,0,user_19,431,436,1502
2201,16,6100001,0,user_6,433,436,1502
2238,17,6100001,0,user_2,434,436,1502
2239,18,6100001,0,user_3,434,436,1502
2203,19,6100001,0,user_12,433,436,1502
2243,20,6100001,0,user_6,434,436,1502
2080,21,6100000,0,user_26,431,436,
2054,22,6099999,0,user_3,431,436,1502
1846,23,6099999,0,user_14,428,436,1502
2016,24,6099999,0,user_19,430,436,1502
2056,25,6099999,0,user_5,431,436,1502
2059,26,6099999,0,user_7,431,436,1502
2156,27,6099999,0,user_3,432,436,1502
2197,28,6099999,0,user_3,433,436,1502
2066,29,6099999,0,user_14,431,436,1502
2198,30,6099999,0,user_4,433,436,1502
2199,31,6099999,0,user_4,433,436,1502
2069,32,6099999,0,user_16,431,436,1502
2166,33,6099999,0,user_16,432,436,1502
2200,34,6099999,0,user_5,433,436,1502
2204,35,6099999,0,user_13,433,436,1502
2247,36,6099999,0,user_9,434,436,1502
2240,37,6099999,0,user_4,434,436,1502
2207,38,6099999,0,user_16,433,436,1502
2394,39,6099999,0,user_1,436,436,1502
2214,40,5200000,60700,user_30,433,436,
2017,41,5000000,12800,user_22,430,436,
1970,42,4500000,146000,user_44,429,436,
1882,43,3500000,0,user_46,428,436,
1870,44,3500000,0,user_34,428,436,
2280,45,3500000,0,user_37,434,436,
1964,46,2500000,35600,user_34,429,436,
2278,47,2400000,0,user_35,434,436,
2281,48,2300000,16400,user_37,434,436,
2165,49,2000001,0,user_15,432,436,1640
2206,50,2000001,0,user_15,433,436,1640
1838,51,2000001,0,user_8,428,436,1640
1843,52,2000001,0,user_14,428,436,1640
1844,53,2000001,0,user_14,428,436,1640
1921,54,2000001,0,user_8,429,436,1640
1927,55,2000001,0,user_12,429,436,1640
1930,56,2000001,0,user_14,429,436,1640
2008,57,2000001,0,user_8,430,436,1640
2012,58,2000001,0,user_12,430,436,1640
2218,59,2000000,0,user_33,433,436,
1973,60,2000000,0,user_46,429,436,
2232,61,2000000,283000,user_46,433,436,
2085,62,2000000,0,user_28,431,436,
2364,63,2000000,0,user_30,435,436,
1845,64,1999999,0,user_14,428,436,1640
1926,65,1999999,0,user_12,429,436,1640
1929,66,1999999,0,user_12,429,436,1640
2013,67,1999999,0,user_14,430,436,1640
1936,68,1999999,0,user_18,429,436,1640
2071,69,1999999,0,user_17,431,436,1640
2162,70,1999999,0,user_10,432,436,1640
2174,71,1900000,0,user_24,432,436,
2018,72,1600000,0,user_23,430,436,
2024,73,1600000,322000,user_28,430,436,
2211,74,1400000,0,user_25,433,436,
2030,75,1400000,0,user_34,430,436,
1940,76,1300000,0,user_23,429,436,
2187,77,1200000,161000,user_37,432,436,
2275,78,1200000,0,user_33,434,436,
2215,79,1200000,0,user_32,433,436,
2172,80,1100000,0,user_24,432,436,
2261,81,1100000,0,user_24,434,436,
2157,82,1000001,0,user_6,432,436,1795
2159,83,1000001,0,user_8,432,436,1795
2241,84,1000001,0,user_4,434,436,1795
1953,85,1000000,0,user_29,429,436,
2042,86,1000000,0,user_48,430,436,
2189,87,1000000,0,user_40,432,436,
2038,88,1000000,0,user_41,430,436,
2064,89,999999,0,user_11,431,436,1795
2060,90,999999,0,user_8,431,436,1795
2242,91,999999,0,user_5,434,436,1795
2037,92,910000,0,user_40,430,436,
2043,93,910000,0,user_48,430,436,
2183,94,670000,296000,user_35,432,436,
2082,95,670000,256000,user_26,431,436,
2366,96,670000,0,user_31,435,436,
1864,97,660000,164000,user_29,428,436,
2269,98,660000,0,user_30,434,436,
1869,99,650000,0,user_34,428,436,
2223,0,19000000,0,user_41,433,437,
2253,1,6100001,0,user_14,434,437,1502
2332,2,6100001,0,user_4,435,437,1502
2333,3,6100001,0,user_4,435,437,1502
2072,4,6100001,0,user_18,431,437,1502
2341,5,6100001,0,user_11,435,437,1502
2427,6,6100000,18600,user_31,436,437,
2245,7,6099999,0,user_8,434,437,1502
2334,8,6099999,0,user_5,435,437,1502
2335,9,6099999,0,user_5,435,437,1502
2336,10,6099999,0,user_5,435,437,1502
2337,11,6099999,0,user_6,435,437,1502
2338,12,6099999,0,user_7,435,437,1502
2209,13,6099999,0,user_18,433,437,1502
2343,14,6099999,0,user_13,435,437,1502
2395,15,6099999,0,user_2,436,437,1502
2434,16,4500000,0,user_37,436,437,
2432,17,3200000,0,user_37,436,437,
2191,18,2400000,0,user_43,432,437,
2418,19,2100000,5630,user_24,436,437,
2417,20,2000000,33300,user_24,436,437,
2171,21,1600000,0,user_23,432,437,
2213,22,1600000,0,user_28,433,437,
2373,23,1500000,0,user_37,435,437,
2431,24,1500000,75000,user_37,436,437,
2433,25,1500000,0,user_37,436,437,
2419,26,1200000,47700,user_25,436,437,
2266,27,1000000,0,user_29,434,437,
2251,28,999999,0,user_12,434,437,1795
2430,29,970000,0,user_35,436,437,
2229,30,910000,0,user_43,433,437,
2426,31,910000,12300,user_30,436,437,
2267,32,630000,0,user_29,434,437,
2291,33,630000,0,user_46,434,437,
2381,34,630000,0,user_47,435,437,
2178,35,370000,36800,user_28,432,437,
2103,36,360000,0,user_49,431,437,
2413,37,320000,0,user_21,436,437,
2011,38,310001,0,user_10,430,437,1376
2344,39,310001,0,user_15,435,437,1376
2357,40,310000,0,user_24,435,437,
1939,41,260000,0,user_23,429,437,
2044,42,240000,0,user_49,430,437,
1934,43,170001,0,user_17,429,437,1434
1935,44,170001,0,user_17,429,437,1434
2010,45,170001,0,user_10,430,437,1434
2250,46,170001,0,user_10,434,437,1434
2258,47,170001,0,user_18,434,437,1434
2474,48,170001,0,user_0,437,437,1434
2475,49,170001,0,user_1,437,437,1434
2382,50,170000,0,user_47,435,437,
2167,51,169999,0,user_18,432,437,1434
2400,52,169999,0,user_9,436,437,1434
1937,53,160000,0,user_20,429,437,
2259,54,160000,0,user_22,434,437,
2274,55,160000,0,user_32,434,437,
2015,56,159999,0,user_16,430,437,1426
2208,57,159999,0,user_17,433,437,1426
2195,58,150000,13900,user_49,432,437,
1874,59,120000,350000,user_38,428,437,
2284,60,120000,0,user_40,434,437,
2188,61,110000,0,user_38,432,437,
2230,62,100000,0,user_43,433,437,
2264,63,98000,769000,user_29,434,437,
2265,64,82000,0,user_29,434,437,
2491,0,30000000,0,user_23,437,438,
2411,5,6100001,0,user_19,436,439,1502
2412,6,6100001,0,user_19,436,439,1502
2410,7,6100001,0,user_18,436,439,1502
2539,8,6100001,0,user_2,438,439,1502
2543,5,6100001,0,user_7,438,438,1502
2408,16,6099999,0,user_16,436,439,1502
2478,17,6099999,0,user_5,437,439,1502
2483,18,6099999,0,user_11,437,439,1502
2544,9,6099999,0,user_7,438,438,1502
2545,10,6099999,0,user_7,438,438,1502
2374,11,2500000,5630,user_38,435,438,
2435,12,2100000,0,user_38,436,438,
2487,13,2000001,0,user_17,437,438,1640
2384,14,1400000,0,user_49,435,438,
2383,29,1400000,381000,user_48,435,439,
2509,16,1000000,0,user_41,437,438,
2445,17,910000,0,user_49,436,438,
2409,48,309999,0,user_18,436,439,1376
2510,19,220000,0,user_41,437,438,
2484,57,169999,0,user_13,437,439,1434
2547,21,160001,0,user_10,438,438,1426
2511,22,160000,195000,user_43,437,438,
2420,64,150000,0,user_26,436,439,
2089,74,110000,0,user_34,431,439,
2372,79,100000,0,user_34,435,439,
2492,26,70000,0,user_23,437,438,
2496,0,19000000,0,user_31,437,439,
2358,1,6300000,510000,user_26,435,439,
2347,2,6100001,0,user_18,435,439,1502
2349,3,6100001,0,user_18,435,439,1502
2404,4,6100001,0,user_11,436,439,1502
2411,5,6100001,0,user_19,436,439,1502
2412,6,6100001,0,user_19,436,439,1502
2410,7,6100001,0,user_18,436,439,1502
2539,8,6100001,0,user_2,438,439,1502
2234,9,6100000,0,user_49,433,439,
2398,10,6099999,0,user_4,436,439,1502
2352,11,6099999,0,user_19,435,439,1502
2399,12,6099999,0,user_5,436,439,1502
2348,13,6099999,0,user_18,435,439,1502
2350,14,6099999,0,user_18,435,439,1502
2477,15,6099999,0,user_2,437,439,1502
2408,16,6099999,0,user_16,436,439,1502
2478,17,6099999,0,user_5,437,439,1502
2483,18,6099999,0,user_11,437,439,1502
2356,19,4200000,0,user_23,435,439,
2181,20,2600000,0,user_34,432,439,
2233,21,2400000,0,user_49,433,439,
2362,22,2300000,0,user_29,435,439,
2263,23,2100000,769000,user_28,434,439,
2346,24,2000001,0,user_17,435,439,1640
2403,25,2000001,0,user_10,436,439,1640
2402,26,1999999,0,user_10,436,439,1640
2499,27,1500000,0,user_33,437,439,
2277,28,1400000,0,user_34,434,439,
2383,29,1400000,381000,user_48,435,439,
2353,30,1400000,0,user_20,435,439,
2572,31,1400000,15300,user_35,438,439,
2396,32,1000001,0,user_4,436,439,1795
2359,33,1000000,0,user_26,435,439,
2568,34,1000000,0,user_31,438,439,
2406,35,999999,0,user_13,436,439,1795
2476,36,999999,0,user_2,437,439,1795
2595,37,999999,0,user_1,439,439,1795
2376,38,970000,0,user_41,435,439,
2504,39,660000,0,user_37,437,439,
2361,40,600000,0,user_26,435,439,
2194,41,470000,0,user_48,432,439,
2294,42,460000,322000,user_48,434,439,
2260,43,370000,0,user_23,434,439,
2285,44,370000,0,user_41,434,439,
2288,45,340000,33300,user_43,434,439,
2345,46,310001,0,user_16,435,439,1376
2479,47,309999,0,user_7,437,439,1376
2409,48,309999,0,user_18,436,439,1376
2360,49,300000,0,user_26,435,439,
2286,50,260000,161000,user_41,434,439,
2502,51,220000,0,user_35,437,439,
2339,52,170001,0,user_8,435,439,1434
2351,53,170001,0,user_18,435,439,1434
2546,54,170001,0,user_9,438,439,1434
2594,55,170001,0,user_0,439,439,1434
2296,56,170000,0,user_49,434,439,
2484,57,169999,0,user_13,437,439,1434
2342,58,160001,0,user_12,435,439,1426
2340,59,160001,0,user_10,435,439,1426
2481,60,160001,0,user_9,437,439,1426
2516,61,160000,21800,user_47,437,439,
2397,62,159999,0,user_4,436,439,1426
2401,63,159999,0,user_10,436,439,1426
2420,64,150000,0,user_26,436,439,
2355,65,150000,84800,user_23,435,439,
2378,66,150000,0,user_43,435,439,
2567,67,130000,15300,user_30,438,439,
2282,68,120000,0,user_38,434,439,
2501,69,120000,0,user_35,437,439,
2571,70,120000,0,user_35,438,439,
2354,71,110000,0,user_22,435,439,
2363,72,110000,0,user_29,435,439,
2380,73,110000,0,user_46,435,439,
2089,74,110000,0,user_34,431,439,
2289,75,110000,84800,user_44,434,439,
2293,76,110000,0,user_48,434,439,
2494,77,110000,0,user_30,437,439,
2573,78,110000,0,user_37,438,439,
2372,79,100000,0,user_34,435,439,
2221,80,98000,0,user_38,433,439,
2561,81,83000,0,user_21,438,439,
2295,82,82000,0,user_49,434,439,
2495,83,77000,0,user_30,437,439,
2192,84,70000,0,user_44,432,439,
1310,11,970000,0,user_1,440,441,
1309,17,120000,0,user_0,440,441,
1315,1,6300000,0,user_7,440,442,
1352,5,5200000,0,user_43,440,447,
1350,8,3600000,0,user_43,440,447,
1316,5,2600000,0,user_7,440,442,
1360,10,1400001,0,user_2,441,442,1312
1364,8,1400001,0,user_7,441,443,1312
1367,34,1400001,0,user_10,441,447,1312
1312,11,1400000,10700,user_4,440,442,
1359,14,1399999,0,user_2,441,442,1312
1327,40,1000000,0,user_20,440,447,
1349,41,1000000,0,user_43,440,447,
1310,11,970000,0,user_1,440,441,
1319,17,970000,0,user_11,440,442,
1330,63,360000,0,user_23,440,447,
1311,23,360000,0,user_3,440,442,
1348,68,310000,0,user_43,440,447,
1313,29,150000,0,user_5,440,442,
1309,17,120000,0,user_0,440,441,
1314,33,120000,0,user_6,440,442,
1322,35,110000,0,user_13,440,442,
1351,92,73000,0,user_43,440,447,
1336,0,30000000,0,user_25,440,442,
1315,1,6300000,0,user_7,440,442,
1318,2,3600000,0,user_9,440,442,
1331,3,3600000,0,user_24,440,442,
1342,4,3500000,8520,user_33,440,442,
1316,5,2600000,0,user_7,440,442,
1337,6,2100000,0,user_25,440,442,
1383,7,2000000,36800,user_30,441,442,
1324,8,1500000,0,user_15,440,442,
1341,9,1500000,0,user_32,440,442,
1360,10,1400001,0,user_2,441,442,1312
1312,11,1400000,10700,user_4,440,442,
1334,12,1400000,0,user_24,440,442,
1371,13,1400000,0,user_15,441,442,
1359,14,1399999,0,user_2,441,442,1312
1329,15,1000000,0,user_21,440,442,
1389,16,1000000,0,user_37,441,442,
1319,17,970000,0,user_11,440,442,
1328,18,910000,0,user_21,440,442,
1333,19,670000,0,user_24,440,442,
1404,20,600001,0,user_0,442,442,1357
1357,21,600000,49100,user_47,440,442,
1385,22,370000,0,user_30,441,442,
1311,23,360000,0,user_3,440,442,
1405,24,310001,0,user_1,442,442,1376
1376,25,310000,4320000,user_25,441,442,
1406,26,309999,0,user_1,442,442,1376
1407,27,309999,0,user_1,442,442,1376
1408,28,309999,0,user_1,442,442,1376
1313,29,150000,0,user_5,440,442,
1377,30,150000,0,user_25,441,442,
1339,31,130000,0,user_30,440,442,
1340,32,120000,0,user_31,440,442,
1314,33,120000,0,user_6,440,442,
1335,34,120000,0,user_24,440,442,
1322,35,110000,0,user_13,440,442,
1386,36,110000,0,user_31,441,442,
1332,37,110000,0,user_24,440,442,
1398,38,84000,0,user_47,441,442,
1384,39,79000,0,user_30,441,442,
1366,40,77000,0,user_9,441,442,
1356,0,2300000,779000,user_46,440,443,
1362,1,2299999,0,user_4,441,443,1356
1410,2,1999999,0,user_2,442,443,1383
1466,3,1999999,0,user_0,443,443,1383
1325,4,1500000,0,user_18,440,443,
1427,5,1500000,49100,user_25,442,443,
1317,6,1400001,0,user_8,440,443,1312
1323,7,1400001,0,user_14,440,443,1312
1364,8,1400001,0,user_7,441,443,1312
1368,9,1400001,0,user_11,441,443,1312
1361,10,1399999,0,user_3,441,443,1312
1320,11,1399999,0,user_12,440,443,1312
1321,12,1399999,0,user_12,440,443,1312
1363,13,1399999,0,user_6,441,443,1312
1409,14,600001,0,user_2,442,443,1357
1413,15,600001,0,user_9,442,443,1357
1418,16,600001,0,user_15,442,443,1357
1452,17,470000,181000,user_47,442,443,
1439,18,460000,13900,user_33,442,443,
1355,19,350000,0,user_46,440,443,
1440,20,350000,0,user_33,442,443,
1346,21,340000,0,user_40,440,443,
1443,22,310000,35600,user_37,442,443,
1468,23,309999,0,user_1,443,443,1376
1469,24,309999,0,user_1,443,443,1376
1467,25,160001,0,user_0,443,443,1426
1426,26,160000,4320000,user_24,442,443,
1442,27,110000,0,user_37,442,443,
1422,28,85000,0,user_21,442,443,
1449,4,6100000,0,user_43,442,447,
1425,6,5000000,0,user_23,442,447,
1401,10,3500000,0,user_49,441,447,
1419,14,2400001,0,user_17,442,447,1395
1485,27,2000000,0,user_20,443,447,
1444,31,1600000,16400,user_38,442,447,
1447,47,630000,0,user_41,442,447,
1495,64,360000,0,user_28,443,447,
1454,66,320000,0,user_49,442,447,
1487,70,260000,0,user_23,443,447,
1481,73,219999,0,user_17,443,447,1393
1554,74,219999,0,user_10,444,447,1393
1421,83,160000,0,user_20,442,447,
1390,84,150000,0,user_38,441,447,
1344,85,120000,0,user_38,440,447,
1455,86,120000,0,user_49,442,447,
1392,0,43000000,0,user_40,441,445,
1502,1,6100000,4320000,user_35,443,445,
1489,2,5000000,0,user_25,443,445,
1490,3,4200000,0,user_25,443,445,
1411,4,2300001,0,user_3,442,445,1356
1417,5,2300001,0,user_13,442,445,1356
1470,6,2300001,0,user_2,443,445,1356
1365,7,2300001,0,user_8,441,445,1356
1415,8,2300001,0,user_12,442,445,1356
1369,9,2299999,0,user_14,441,445,1356
1382,10,2000000,0,user_29,441,445,
1433,11,2000000,0,user_29,442,445,
1431,12,2000000,0,user_26,442,445,
1451,13,1800000,0,user_46,442,445,
1503,14,1600000,0,user_35,443,445,
1370,15,1400001,0,user_14,441,445,1312
1580,16,1400000,16400,user_33,444,445,
1412,17,1399999,0,user_8,442,445,1312
1416,18,1399999,0,user_12,442,445,1312
1486,19,1200000,0,user_21,443,445,
1424,20,1000000,0,user_22,442,445,
1498,21,910000,0,user_31,443,445,
1378,22,660000,0,user_26,441,445,
1499,23,630000,285000,user_33,443,445,
1423,24,630000,0,user_22,442,445,
1420,25,460001,0,user_19,442,445,1396
1396,26,460000,215000,user_44,441,445,
1504,27,370000,0,user_37,443,445,
1471,28,310001,0,user_2,443,445,1376
1545,29,310001,0,user_0,444,445,1376
1472,30,310001,0,user_3,443,445,1376
1428,31,260000,0,user_26,442,445,
1430,32,260000,0,user_26,442,445,
1432,33,260000,0,user_26,442,445,
1446,34,190000,0,user_40,442,445,
1546,35,170001,0,user_2,444,445,1434
1434,36,170000,4320000,user_29,442,445,
1473,37,169999,0,user_4,443,445,1434
1478,38,160001,0,user_13,443,445,1426
1607,39,160001,0,user_1,445,445,1426
1491,40,160000,0,user_25,443,445,
1500,41,160000,64600,user_33,443,445,
1474,42,159999,0,user_5,443,445,1426
1475,43,159999,0,user_6,443,445,1426
1518,44,150000,0,user_47,443,445,
1326,45,130000,0,user_19,440,445,
1358,46,120000,0,user_48,440,445,
1429,47,120000,0,user_26,442,445,
1488,48,110000,381000,user_25,443,445,
1567,49,98000,0,user_25,444,445,
1373,50,87000,0,user_19,441,445,
1375,51,84000,35600,user_22,441,445,
1399,52,73000,0,user_48,441,445,
1400,53,70000,0,user_48,441,445,
1587,0,27000000,0,user_37,444,446,
1624,1,6100001,0,user_15,445,446,1502
1560,2,6099999,0,user_15,444,446,1502
1625,3,6099999,0,user_15,445,446,1502
1626,4,6099999,0,user_15,445,446,1502
1576,5,2600000,0,user_32,444,446,
1650,6,2600000,17000,user_37,445,446,
1616,7,2300001,0,user_9,445,446,1356
1617,8,2300001,0,user_9,445,446,1356
1663,9,2299999,0,user_1,446,446,1356
1436,10,2000000,0,user_32,442,446,
1644,11,2000000,0,user_35,445,446,
1585,12,1800000,0,user_35,444,446,
1435,13,1100000,0,user_32,442,446,
1645,14,1000000,0,user_35,445,446,
1647,15,670000,164000,user_37,445,446,
1648,16,670000,381000,user_37,445,446,
1643,17,600000,0,user_33,445,446,
1661,18,310001,0,user_0,446,446,1376
1664,19,310001,0,user_1,446,446,1376
1577,20,310000,0,user_32,444,446,
1649,21,300000,0,user_37,445,446,
1578,22,260000,0,user_32,444,446,
1657,23,240000,0,user_47,445,446,
1662,24,170001,0,user_0,446,446,1434
1637,25,170000,0,user_25,445,446,
1553,26,160001,0,user_9,444,446,1426
1614,27,160001,0,user_9,445,446,1426
1615,28,160001,0,user_9,445,446,1426
1627,29,160001,0,user_15,445,446,1426
1623,30,159999,0,user_15,445,446,1426
1579,31,150000,0,user_32,444,446,
1437,32,110000,0,user_32,442,446,
1438,33,110000,0,user_32,442,446,
1658,34,110000,0,user_47,445,446,
1595,0,43000000,0,user_46,444,447,
1642,1,27000000,0,user_32,445,447,
1753,2,6100001,0,user_0,447,447,1502
1453,3,6100000,0,user_48,442,447,
1449,4,6100000,0,user_43,442,447,
1352,5,5200000,0,user_43,440,447,
1425,6,5000000,0,user_23,442,447,
1497,7,4200000,0,user_29,443,447,
1350,8,3600000,0,user_43,440,447,
1704,9,3600000,100000,user_33,446,447,
1401,10,3500000,0,user_49,441,447,
1681,11,3200000,0,user_21,446,447,
1705,12,2500000,0,user_35,446,447,
1414,13,2400001,0,user_10,442,447,1395
1419,14,2400001,0,user_17,442,447,1395
1395,15,2400000,322000,user_43,441,447,
1612,16,2399999,0,user_7,445,447,1395
1555,17,2300001,0,user_12,444,447,1356
1559,18,2300001,0,user_14,444,447,1356
1666,19,2300001,0,user_2,446,447,1356
1757,20,2300001,0,user_1,447,447,1356
1550,21,2299999,0,user_6,444,447,1356
1665,22,2299999,0,user_2,446,447,1356
1752,23,2299999,0,user_0,447,447,1356
1755,24,2299999,0,user_0,447,447,1356
1756,25,2299999,0,user_0,447,447,1356
1374,26,2000000,0,user_20,441,447,
1485,27,2000000,0,user_20,443,447,
1572,28,1800000,0,user_29,444,447,
1517,29,1600000,0,user_46,443,447,
1574,30,1600000,0,user_29,444,447,
1444,31,1600000,16400,user_38,442,447,
1721,32,1600000,256000,user_47,446,447,
1687,33,1500000,0,user_24,446,447,
1367,34,1400001,0,user_10,441,447,1312
1492,35,1200000,0,user_26,443,447,
1706,36,1100000,0,user_35,446,447,
1511,37,1000000,0,user_40,443,447,
1594,38,1000000,0,user_46,444,447,
1596,39,1000000,17000,user_46,444,447,
1327,40,1000000,0,user_20,440,447,
1349,41,1000000,0,user_43,440,447,
1712,42,970000,0,user_37,446,447,
1575,43,910000,0,user_29,444,447,
1711,44,670000,0,user_37,446,447,
1573,45,660000,0,user_29,444,447,
1700,46,660000,0,user_30,446,447,
1447,47,630000,0,user_41,442,447,
1597,48,530000,0,user_46,444,447,
1688,49,470000,0,user_25,446,447,
1549,50,460001,0,user_5,444,447,1396
1551,51,460001,0,user_8,444,447,1396
1556,52,460001,0,user_12,444,447,1396
1621,53,460001,0,user_13,445,447,1396
1496,54,460000,0,user_29,443,447,
1547,55,459999,0,user_4,444,447,1396
1480,56,459999,0,user_16,443,447,1396
1483,57,459999,0,user_19,443,447,1396
1484,58,459999,0,user_19,443,447,1396
1557,59,459999,0,user_13,444,447,1396
1558,60,459999,0,user_14,444,447,1396
1611,61,459999,0,user_6,445,447,1396
1701,62,420000,0,user_31,446,447,
1330,63,360000,0,user_23,440,447,
1495,64,360000,0,user_28,443,447,
1703,65,340000,0,user_33,446,447,
1454,66,320000,0,user_49,442,447,
1676,67,310001,0,user_15,446,447,1376
1348,68,310000,0,user_43,440,447,
1609,69,309999,0,user_4,445,447,1376
1487,70,260000,0,user_23,443,447,
1724,71,260000,0,user_47,446,447,
1393,72,220000,100000,user_41,441,447,
1481,73,219999,0,user_17,443,447,1393
1554,74,219999,0,user_10,444,447,1393
1476,75,170001,0,user_8,443,447,1434
1552,76,170001,0,user_8,444,447,1434
1608,77,170001,0,user_4,445,447,1434
1610,78,170001,0,user_4,445,447,1434
1477,79,169999,0,user_12,443,447,1434
1548,80,169999,0,user_5,444,447,1434
1754,81,169999,0,user_0,447,447,1434
1479,82,160001,0,user_14,443,447,1426
1421,83,160000,0,user_20,442,447,
1390,84,150000,0,user_38,441,447,
1344,85,120000,0,user_38,440,447,
1455,86,120000,0,user_49,442,447,
1722,87,120000,0,user_47,446,447,
1450,88,110000,15700,user_44,442,447,
1723,89,110000,164000,user_47,446,447,
1598,90,87000,0,user_46,444,447,
1381,91,84000,0,user_28,441,447,
1351,92,73000,0,user_43,440,447,
1566,0,27000000,17000,user_23,444,448,
1570,1,6300000,0,user_28,444,448,
1784,2,6300000,14200,user_31,447,448,
1599,3,3600000,0,user_48,444,448,
1507,4,3500000,0,user_38,443,448,
1583,5,2500000,12800,user_34,444,448,
1613,6,2299999,0,user_8,445,448,1356
1667,7,2299999,0,user_4,446,448,1356
1668,8,2299999,0,user_5,446,448,1356
1761,9,2299999,0,user_9,447,448,1356
1829,10,2299999,0,user_0,448,448,1356
1509,11,2000000,0,user_38,443,448,
1571,12,2000000,0,user_28,444,448,
1501,13,1700000,0,user_34,443,448,
1634,14,1600001,0,user_19,445,448,1581
1635,15,1600001,0,user_19,445,448,1581
1581,16,1600000,769000,user_34,444,448,
1772,17,1600000,0,user_21,447,448,
1786,18,1600000,0,user_31,447,448,
1771,19,1500000,231000,user_21,447,448,
1776,20,1500000,0,user_24,447,448,
1506,21,1400000,0,user_38,443,448,
1781,22,1000000,17000,user_30,447,448,
1790,23,1000000,13900,user_35,447,448,
1565,24,970000,0,user_23,444,448,
1505,25,910000,0,user_38,443,448,
1522,26,870000,0,user_49,443,448,
1590,27,660000,0,user_41,444,448,
1830,28,650001,0,user_1,448,448,1521
1582,29,650000,0,user_34,444,448,
1521,30,650000,1100000,user_49,443,448,
1629,31,460001,0,user_16,445,448,1396
1620,32,459999,0,user_12,445,448,1396
1564,33,459999,0,user_19,444,448,1396
1630,34,459999,0,user_16,445,448,1396
1789,35,360000,0,user_33,447,448,
1653,36,300000,0,user_40,445,448,
1562,37,220001,0,user_17,444,448,1393
1513,38,220000,0,user_44,443,448,
1584,39,220000,0,user_34,444,448,
1622,40,170001,0,user_14,445,448,1434
1670,41,170001,0,user_7,446,448,1434
1758,42,170001,0,user_2,447,448,1434
1783,43,170000,0,user_31,447,448,
1669,44,169999,0,user_6,446,448,1434
1618,45,169999,0,user_10,445,448,1434
1762,46,169999,0,user_9,447,448,1434
1619,47,160001,0,user_12,445,448,1426
1519,48,160000,0,user_48,443,448,
1569,49,160000,0,user_28,444,448,
1785,50,160000,283000,user_31,447,448,
1561,51,159999,0,user_16,444,448,1426
1628,52,159999,0,user_16,445,448,1426
1641,53,150000,0,user_29,445,448,
1508,54,150000,0,user_38,443,448,
1777,55,110000,0,user_25,447,448,
1782,56,110000,0,user_31,447,448,
1514,57,85000,64600,user_44,443,448,
1600,58,77000,0,user_48,444,448,
1654,59,77000,0,user_40,445,448,
1520,60,73000,0,user_48,443,448,
1923,4,6100001,0,user_10,449,452,1502
1847,9,6099999,0,user_17,448,452,1502
1850,11,3600000,73100,user_20,448,452,
1851,14,2500000,0,user_20,448,452,
1878,15,2400000,11200,user_43,448,452,
1372,39,1399999,0,user_18,441,450,1312
1806,30,1000000,0,user_49,447,452,
1792,37,260000,0,user_38,447,452,
1863,38,260000,34700,user_28,448,452,
1877,64,79000,0,user_41,448,452,
1680,0,30000000,769000,user_20,446,450,
1833,1,6100001,0,user_3,448,450,1502
1671,2,6099999,0,user_10,446,450,1502
1763,3,6099999,0,user_10,447,450,1502
1769,4,6099999,0,user_18,447,450,1502
1693,5,5000000,0,user_26,446,450,
1683,6,3500000,67500,user_22,446,450,
1698,7,2500000,0,user_29,446,450,
1672,8,2300001,0,user_12,446,450,1356
1673,9,2300001,0,user_12,446,450,1356
1674,10,2300001,0,user_12,446,450,1356
1765,11,2300001,0,user_12,447,450,1356
1767,12,2300001,0,user_16,447,450,1356
1839,13,2299999,0,user_9,448,450,1356
1675,14,2299999,0,user_14,446,450,1356
1766,15,2299999,0,user_14,447,450,1356
1832,16,2000001,0,user_3,448,450,1640
1836,17,2000001,0,user_5,448,450,1640
1841,18,2000001,0,user_11,448,450,1640
2000,19,2000001,0,user_1,450,450,1640
1640,20,2000000,4320000,user_28,445,450,
1760,21,1999999,0,user_7,447,450,1640
1831,22,1999999,0,user_2,448,450,1640
1835,23,1999999,0,user_4,448,450,1640
1837,24,1999999,0,user_7,448,450,1640
1917,25,1999999,0,user_2,449,450,1640
1999,26,1999999,0,user_1,450,450,1640
1682,27,1900000,16400,user_22,446,450,
1963,28,1900000,0,user_33,449,450,
1773,29,1800000,0,user_22,447,450,
1883,30,1600000,0,user_47,448,450,
1945,31,1600000,0,user_25,449,450,
1959,32,1600000,0,user_31,449,450,
1684,33,1500000,0,user_22,446,450,
1725,34,1500000,6390,user_48,446,450,
1563,35,1400001,0,user_18,444,450,1312
1678,36,1400001,0,user_18,446,450,1312
1679,37,1400001,0,user_18,446,450,1312
1958,38,1400000,0,user_30,449,450,
1372,39,1399999,0,user_18,441,450,1312
1482,40,1399999,0,user_18,443,450,1312
1633,41,1399999,0,user_18,445,450,1312
1853,42,1000000,769000,user_21,448,450,
1685,43,1000000,0,user_22,446,450,
1697,44,1000000,0,user_28,446,450,
1636,45,910000,32900,user_20,445,450,
1862,46,910000,0,user_24,448,450,
1861,47,670000,0,user_24,448,450,
1871,48,670000,0,user_35,448,450,
1720,49,670000,0,user_46,446,450,
1726,50,670000,19700,user_48,446,450,
1632,51,650001,0,user_17,445,450,1521
1759,52,649999,0,user_3,447,450,1521
1631,53,649999,0,user_17,445,450,1521
1764,54,649999,0,user_11,447,450,1521
1867,55,530000,0,user_33,448,450,
1699,56,470000,0,user_29,446,450,
1659,57,460000,0,user_48,445,450,
1954,58,420000,121000,user_30,449,450,
1691,59,370000,56200,user_26,446,450,
1868,60,320000,0,user_33,448,450,
1677,61,310001,0,user_16,446,450,1376
1916,62,310001,0,user_2,449,450,1376
1770,63,309999,0,user_19,447,450,1376
1866,64,260000,0,user_31,448,450,
1858,65,260000,0,user_24,448,450,
1962,66,240000,24700,user_33,449,450,
1859,67,220000,510000,user_24,448,450,
1860,68,220000,47700,user_24,448,450,
1915,69,170001,0,user_0,449,450,1434
1834,70,170001,0,user_4,448,450,1434
1689,71,170000,0,user_26,446,450,
1957,72,170000,0,user_30,449,450,
1873,73,160000,0,user_37,448,450,
1686,74,160000,296000,user_23,446,450,
1842,75,159999,0,user_13,448,450,1426
1655,76,150000,0,user_41,445,450,
1692,77,150000,0,user_26,446,450,
1696,78,150000,0,user_28,446,450,
1852,79,120000,0,user_21,448,450,
1690,80,120000,43600,user_26,446,450,
1716,81,120000,0,user_41,446,450,
1955,82,120000,0,user_30,449,450,
1780,83,110000,15100,user_29,447,450,
1956,84,87000,71800,user_30,449,450,
1865,85,83000,296000,user_30,448,450,
1717,86,80000,0,user_41,446,450,
1960,87,70000,256000,user_31,449,450,
2031,0,43000000,7840,user_35,450,451,
1943,1,27000000,0,user_24,449,451,
2014,2,6100001,0,user_15,450,451,1502
1702,3,4200000,0,user_32,446,451,
1942,4,4200000,0,user_24,449,451,
1976,5,4200000,0,user_47,449,451,
2022,6,2600000,0,user_25,450,451,
2032,7,2600000,0,user_35,450,451,
2051,8,2000001,0,user_0,451,451,1640
2020,9,2000000,0,user_25,450,451,
1978,10,870000,0,user_47,449,451,
1922,11,649999,0,user_9,449,451,1521
1931,12,649999,0,user_15,449,451,1521
2009,13,649999,0,user_9,450,451,1521
1944,14,630000,0,user_24,449,451,
2029,15,470000,0,user_33,450,451,
2033,16,310000,0,user_35,450,451,
1965,17,220000,0,user_35,449,451,
2034,18,170000,0,user_35,450,451,
2052,19,159999,0,user_1,451,451,1426
1787,20,150000,0,user_32,447,451,
2019,21,130000,0,user_24,450,451,
2021,22,120000,0,user_25,450,451,
2026,23,110000,0,user_31,450,451,
1941,24,110000,0,user_24,449,451,
1975,25,110000,0,user_47,449,451,
1977,26,100000,0,user_47,449,451,
1788,27,84000,0,user_32,447,451,
1961,28,82000,0,user_32,449,451,
1660,0,43000000,0,user_49,445,452,
1797,1,27000000,0,user_41,447,452,
2003,2,6100001,0,user_3,450,452,1502
2006,3,6100001,0,user_6,450,452,1502
1923,4,6100001,0,user_10,449,452,1502
1918,5,6099999,0,user_3,449,452,1502
1919,6,6099999,0,user_6,449,452,1502
1768,7,6099999,0,user_17,447,452,1502
1840,8,6099999,0,user_10,448,452,1502
1847,9,6099999,0,user_17,448,452,1502
2099,33,4200000,410000,user_47,451,454,
1850,11,3600000,73100,user_20,448,452,
2091,34,3600000,0,user_37,451,454,
1802,13,2500000,14200,user_43,447,452,
1851,14,2500000,0,user_20,448,452,
1878,15,2400000,11200,user_43,448,452,
2079,39,2400000,47700,user_25,451,454,
2002,17,2000001,0,user_3,450,452,1640
2004,18,2000001,0,user_3,450,452,1640
2005,19,2000001,0,user_5,450,452,1640
1946,20,2000000,0,user_26,449,452,
1924,21,1999999,0,user_11,449,452,1640
1849,22,1999999,0,user_19,448,452,1640
1932,23,1999999,0,user_16,449,452,1640
1933,24,1999999,0,user_16,449,452,1640
2068,55,1999999,0,user_15,451,454,1640
1947,26,1100000,381000,user_26,449,452,
2086,59,1100000,0,user_30,451,454,
2053,28,1000001,0,user_2,451,452,1795
1795,29,1000000,7190000,user_40,447,452,
1806,30,1000000,0,user_49,447,452,
1779,31,420000,0,user_28,447,452,
2100,85,360000,0,user_47,451,454,
2154,87,310001,0,user_0,452,454,1376
1948,34,310000,0,user_26,449,452,
2028,90,310000,0,user_32,450,454,
1775,36,260000,33100,user_23,447,452,
1792,37,260000,0,user_38,447,452,
1863,38,260000,34700,user_28,448,452,
1801,39,220000,0,user_43,447,452,
1803,40,220000,0,user_43,447,452,
2102,94,220000,0,user_47,451,454,
1774,42,190000,0,user_23,447,452,
2155,96,170001,0,user_1,452,454,1434
1651,44,170000,0,user_38,445,452,
2088,98,170000,215000,user_33,451,454,
1848,46,169999,0,user_18,448,452,1434
2001,47,169999,0,user_3,450,452,1434
2007,48,160001,0,user_7,450,452,1426
2061,49,160001,0,user_9,451,452,1426
2067,50,160001,0,user_15,451,452,1426
2027,51,160000,0,user_32,450,452,
2077,52,160000,0,user_24,451,452,
1713,53,150000,0,user_38,446,452,
1968,54,130000,0,user_40,449,452,
1796,55,120000,164000,user_41,447,452,
2087,56,120000,164000,user_31,451,452,
2101,57,120000,56200,user_47,451,452,
1794,58,110000,0,user_40,447,452,
1805,59,110000,0,user_48,447,452,
2076,60,110000,5630,user_24,451,452,
1800,61,85000,0,user_43,447,452,
1876,62,84000,8520,user_40,448,452,
2078,63,84000,0,user_24,451,452,
1877,64,79000,0,user_41,448,452,
2176,49,2000000,0,user_25,452,454,
2169,60,1100000,0,user_21,452,454,
2180,75,530000,0,user_33,452,454,
2179,80,420000,0,user_31,452,454,
2168,86,350000,0,user_21,452,454,
2196,5,169999,0,user_1,453,453,1434
2041,0,43000000,0,user_46,450,456,
1979,2,30000000,0,user_48,449,456,
1938,4,27000000,0,user_22,449,456,
2223,0,19000000,0,user_41,453,457,
1857,5,19000000,0,user_22,448,456,
1879,6,6300000,0,user_44,448,456,
1928,7,6100001,0,user_12,449,456,1502
2055,8,6100001,0,user_4,451,456,1502
2057,9,6100001,0,user_6,451,456,1502
2163,10,6100001,0,user_13,452,456,1502
2065,11,6100001,0,user_12,451,456,1502
2158,12,6100001,0,user_8,452,456,1502
2160,13,6100001,0,user_8,452,456,1502
2070,14,6100001,0,user_16,451,456,1502
2073,15,6100001,0,user_19,451,456,1502
2201,16,6100001,0,user_6,453,456,1502
2238,17,6100001,0,user_2,454,456,1502
2080,21,6100000,0,user_26,451,456,
2054,22,6099999,0,user_3,451,456,1502
1846,23,6099999,0,user_14,448,456,1502
2016,24,6099999,0,user_19,450,456,1502
2056,25,6099999,0,user_5,451,456,1502
2156,27,6099999,0,user_3,452,456,1502
2197,28,6099999,0,user_3,453,456,1502
2066,29,6099999,0,user_14,451,456,1502
2198,30,6099999,0,user_4,453,456,1502
2199,31,6099999,0,user_4,453,456,1502
2069,32,6099999,0,user_16,451,456,1502
2166,33,6099999,0,user_16,452,456,1502
2200,34,6099999,0,user_5,453,456,1502
2204,35,6099999,0,user_13,453,456,1502
2017,41,5000000,12800,user_22,450,456,
1970,42,4500000,146000,user_44,449,456,
2099,33,4200000,410000,user_47,451,454,
2091,34,3600000,0,user_37,451,454,
1882,43,3500000,0,user_46,448,456,
1870,44,3500000,0,user_34,448,456,
1964,46,2500000,35600,user_34,449,456,
2191,18,2400000,0,user_43,452,457,
2079,39,2400000,47700,user_25,451,454,
1838,51,2000001,0,user_8,448,456,1640
1843,52,2000001,0,user_14,448,456,1640
1844,53,2000001,0,user_14,448,456,1640
1921,54,2000001,0,user_8,449,456,1640
1927,55,2000001,0,user_12,449,456,1640
1930,56,2000001,0,user_14,449,456,1640
2008,57,2000001,0,user_8,450,456,1640
2012,58,2000001,0,user_12,450,456,1640
1973,60,2000000,0,user_46,449,456,
2176,49,2000000,0,user_25,452,454,
1845,64,1999999,0,user_14,448,456,1640
1926,65,1999999,0,user_12,449,456,1640
1929,66,1999999,0,user_12,449,456,1640
2013,67,1999999,0,user_14,450,456,1640
1936,68,1999999,0,user_18,449,456,1640
2068,55,1999999,0,user_15,451,454,1640
2171,21,1600000,0,user_23,452,457,
2213,22,1600000,0,user_28,453,457,
2030,75,1400000,0,user_34,450,456,
2086,59,1100000,0,user_30,451,454,
2169,60,1100000,0,user_21,452,454,
2157,82,1000001,0,user_6,452,456,1795
2159,83,1000001,0,user_8,452,456,1795
1953,85,1000000,0,user_29,449,456,
2042,86,1000000,0,user_48,450,456,
2189,87,1000000,0,user_40,452,456,
2064,89,999999,0,user_11,451,456,1795
2060,90,999999,0,user_8,451,456,1795
2229,30,910000,0,user_43,453,457,
2037,92,910000,0,user_40,450,456,
2043,93,910000,0,user_48,450,456,
2082,95,670000,256000,user_26,451,456,
1864,97,660000,164000,user_29,448,456,
1869,99,650000,0,user_34,448,456,
2083,74,630000,0,user_26,451,454,
2180,75,530000,0,user_33,452,454,
2170,76,530000,0,user_22,452,454,
1974,77,470000,381000,user_46,449,454,
1854,78,460000,0,user_22,448,454,
1980,79,420000,0,user_48,449,454,
2179,80,420000,0,user_31,452,454,
2178,35,370000,36800,user_28,452,457,
2103,36,360000,0,user_49,451,457,
1856,83,360000,0,user_22,448,454,
1884,84,360000,0,user_48,448,454,
2100,85,360000,0,user_47,451,454,
2168,86,350000,0,user_21,452,454,
2154,87,310001,0,user_0,452,454,1376
2164,88,310001,0,user_13,452,454,1376
2244,89,310001,0,user_7,454,454,1376
2028,90,310000,0,user_32,450,454,
1925,91,309999,0,user_12,449,454,1376
1880,92,300000,0,user_44,448,454,
2025,93,260000,0,user_29,450,454,
2102,94,220000,0,user_47,451,454,
2081,95,220000,0,user_26,451,454,
2155,96,170001,0,user_1,452,454,1434
2250,46,170001,0,user_10,454,457,1434
2088,98,170000,215000,user_33,451,454,
1920,99,169999,0,user_8,449,454,1434
2239,18,6100001,0,user_3,454,456,1502
2203,19,6100001,0,user_12,453,456,1502
2243,20,6100001,0,user_6,454,456,1502
2240,37,6099999,0,user_4,454,456,1502
2207,38,6099999,0,user_16,453,456,1502
2338,12,6099999,0,user_7,455,457,1502
2263,23,2100000,769000,user_28,454,459,
2232,61,2000000,283000,user_46,453,456,
2241,84,1000001,0,user_4,454,456,1795
2242,91,999999,0,user_5,454,456,1795
2260,43,370000,0,user_23,454,459,
2285,44,370000,0,user_41,454,459,
2288,45,340000,33300,user_43,454,459,
2202,13,310001,0,user_8,453,455,1376
2286,50,260000,161000,user_41,454,459,
2252,15,160001,0,user_13,454,455,1426
2331,16,160001,0,user_2,455,455,1426
2340,59,160001,0,user_10,455,459,1426
2205,18,159999,0,user_14,453,455,1426
1855,19,98000,0,user_22,448,455,
1881,20,80000,0,user_46,448,455,
2041,0,43000000,0,user_46,450,456,
2184,1,30000000,0,user_35,452,456,
1979,2,30000000,0,user_48,449,456,
2035,3,30000000,0,user_38,450,456,
1938,4,27000000,0,user_22,449,456,
1857,5,19000000,0,user_22,448,456,
1879,6,6300000,0,user_44,448,456,
1928,7,6100001,0,user_12,449,456,1502
2055,8,6100001,0,user_4,451,456,1502
2057,9,6100001,0,user_6,451,456,1502
2163,10,6100001,0,user_13,452,456,1502
2065,11,6100001,0,user_12,451,456,1502
2158,12,6100001,0,user_8,452,456,1502
2160,13,6100001,0,user_8,452,456,1502
2070,14,6100001,0,user_16,451,456,1502
2073,15,6100001,0,user_19,451,456,1502
2201,16,6100001,0,user_6,453,456,1502
2238,17,6100001,0,user_2,454,456,1502
2239,18,6100001,0,user_3,454,456,1502
2203,19,6100001,0,user_12,453,456,1502
2243,20,6100001,0,user_6,454,456,1502
2080,21,6100000,0,user_26,451,456,
2054,22,6099999,0,user_3,451,456,1502
1846,23,6099999,0,user_14,448,456,1502
2016,24,6099999,0,user_19,450,456,1502
2056,25,6099999,0,user_5,451,456,1502
2059,26,6099999,0,user_7,451,456,1502
2156,27,6099999,0,user_3,452,456,1502
2197,28,6099999,0,user_3,453,456,1502
2066,29,6099999,0,user_14,451,456,1502
2198,30,6099999,0,user_4,453,456,1502
2199,31,6099999,0,user_4,453,456,1502
2069,32,6099999,0,user_16,451,456,1502
2166,33,6099999,0,user_16,452,456,1502
2200,34,6099999,0,user_5,453,456,1502
2204,35,6099999,0,user_13,453,456,1502
2247,36,6099999,0,user_9,454,456,1502
2240,37,6099999,0,user_4,454,456,1502
2207,38,6099999,0,user_16,453,456,1502
2394,39,6099999,0,user_1,456,456,1502
2214,40,5200000,60700,user_30,453,456,
2017,41,5000000,12800,user_22,450,456,
1970,42,4500000,146000,user_44,449,456,
1882,43,3500000,0,user_46,448,456,
1870,44,3500000,0,user_34,448,456,
2280,45,3500000,0,user_37,454,456,
1964,46,2500000,35600,user_34,449,456,
2278,47,2400000,0,user_35,454,456,
2281,48,2300000,16400,user_37,454,456,
2165,49,2000001,0,user_15,452,456,1640
2206,50,2000001,0,user_15,453,456,1640
1838,51,2000001,0,user_8,448,456,1640
1843,52,2000001,0,user_14,448,456,1640
1844,53,2000001,0,user_14,448,456,1640
1921,54,2000001,0,user_8,449,456,1640
1927,55,2000001,0,user_12,449,456,1640
1930,56,2000001,0,user_14,449,456,1640
2008,57,2000001,0,user_8,450,456,1640
2012,58,2000001,0,user_12,450,456,1640
2218,59,2000000,0,user_33,453,456,
1973,60,2000000,0,user_46,449,456,
2232,61,2000000,283000,user_46,453,456,
2085,62,2000000,0,user_28,451,456,
2364,63,2000000,0,user_30,455,456,
1845,64,1999999,0,user_14,448,456,1640
1926,65,1999999,0,user_12,449,456,1640
1929,66,1999999,0,user_12,449,456,1640
2013,67,1999999,0,user_14,450,456,1640
1936,68,1999999,0,user_18,449,456,1640
2071,69,1999999,0,user_17,451,456,1640
2162,70,1999999,0,user_10,452,456,1640
2174,71,1900000,0,user_24,452,456,
2018,72,1600000,0,user_23,450,456,
2024,73,1600000,322000,user_28,450,456,
2211,74,1400000,0,user_25,453,456,
2030,75,1400000,0,user_34,450,456,
1940,76,1300000,0,user_23,449,456,
2187,77,1200000,161000,user_37,452,456,
2275,78,1200000,0,user_33,454,456,
2215,79,1200000,0,user_32,453,456,
2172,80,1100000,0,user_24,452,456,
2261,81,1100000,0,user_24,454,456,
2157,82,1000001,0,user_6,452,456,1795
2159,83,1000001,0,user_8,452,456,1795
2241,84,1000001,0,user_4,454,456,1795
1953,85,1000000,0,user_29,449,456,
2042,86,1000000,0,user_48,450,456,
2189,87,1000000,0,user_40,452,456,
2038,88,1000000,0,user_41,450,456,
2064,89,999999,0,user_11,451,456,1795
2060,90,999999,0,user_8,451,456,1795
2242,91,999999,0,user_5,454,456,1795
2037,92,910000,0,user_40,450,456,
2043,93,910000,0,user_48,450,456,
2183,94,670000,296000,user_35,452,456,
2082,95,670000,256000,user_26,451,456,
2366,96,670000,0,user_31,455,456,
1864,97,660000,164000,user_29,448,456,
2269,98,660000,0,user_30,454,456,
1869,99,650000,0,user_34,448,456,
2223,0,19000000,0,user_41,453,457,
2253,1,6100001,0,user_14,454,457,1502
2332,2,6100001,0,user_4,455,457,1502
2333,3,6100001,0,user_4,455,457,1502
2072,4,6100001,0,user_18,451,457,1502
2341,5,6100001,0,user_11,455,457,1502
2427,6,6100000,18600,user_31,456,457,
2245,7,6099999,0,user_8,454,457,1502
2334,8,6099999,0,user_5,455,457,1502
2335,9,6099999,0,user_5,455,457,1502
2336,10,6099999,0,user_5,455,457,1502
2337,11,6099999,0,user_6,455,457,1502
2338,12,6099999,0,user_7,455,457,1502
2209,13,6099999,0,user_18,453,457,1502
2343,14,6099999,0,user_13,455,457,1502
2395,15,6099999,0,user_2,456,457,1502
2434,16,4500000,0,user_37,456,457,
2432,17,3200000,0,user_37,456,457,
2191,18,2400000,0,user_43,452,457,
2418,19,2100000,5630,user_24,456,457,
2417,20,2000000,33300,user_24,456,457,
2171,21,1600000,0,user_23,452,457,
2213,22,1600000,0,user_28,453,457,
2373,23,1500000,0,user_37,455,457,
2431,24,1500000,75000,user_37,456,457,
2433,25,1500000,0,user_37,456,457,
2419,26,1200000,47700,user_25,456,457,
2266,27,1000000,0,user_29,454,457,
2251,28,999999,0,user_12,454,457,1795
2430,29,970000,0,user_35,456,457,
2229,30,910000,0,user_43,453,457,
2426,31,910000,12300,user_30,456,457,
2267,32,630000,0,user_29,454,457,
2291,33,630000,0,user_46,454,457,
2381,34,630000,0,user_47,455,457,
2178,35,370000,36800,user_28,452,457,
2103,36,360000,0,user_49,451,457,
2413,37,320000,0,user_21,456,457,
2011,38,310001,0,user_10,450,457,1376
2344,39,310001,0,user_15,455,457,1376
2357,40,310000,0,user_24,455,457,
1939,41,260000,0,user_23,449,457,
2044,42,240000,0,user_49,450,457,
1934,43,170001,0,user_17,449,457,1434
1935,44,170001,0,user_17,449,457,1434
2010,45,170001,0,user_10,450,457,1434
2250,46,170001,0,user_10,454,457,1434
2258,47,170001,0,user_18,454,457,1434
2474,48,170001,0,user_0,457,457,1434
2475,49,170001,0,user_1,457,457,1434
2382,50,170000,0,user_47,455,457,
2167,51,169999,0,user_18,452,457,1434
2400,52,169999,0,user_9,456,457,1434
1937,53,160000,0,user_20,449,457,
2259,54,160000,0,user_22,454,457,
2274,55,160000,0,user_32,454,457,
2015,56,159999,0,user_16,450,457,1426
2208,57,159999,0,user_17,453,457,1426
2195,58,150000,13900,user_49,452,457,
1874,59,120000,350000,user_38,448,457,
2284,60,120000,0,user_40,454,457,
2188,61,110000,0,user_38,452,457,
2230,62,100000,0,user_43,453,457,
2264,63,98000,769000,user_29,454,457,
2265,64,82000,0,user_29,454,457,
2491,0,30000000,0,user_23,457,458,
2411,5,6100001,0,user_19,456,459,1502
2412,6,6100001,0,user_19,456,459,1502
2410,7,6100001,0,user_18,456,459,1502
2539,8,6100001,0,user_2,458,459,1502
2543,5,6100001,0,user_7,458,458,1502
2408,16,6099999,0,user_16,456,459,1502
2478,17,6099999,0,user_5,457,459,1502
2483,18,6099999,0,user_11,457,459,1502
2544,9,6099999,0,user_7,458,458,1502
2545,10,6099999,0,user_7,458,458,1502
2374,11,2500000,5630,user_38,455,458,
2435,12,2100000,0,user_38,456,458,
2487,13,2000001,0,user_17,457,458,1640
2384,14,1400000,0,user_49,455,458,
2383,29,1400000,381000,user_48,455,459,
2509,16,1000000,0,user_41,457,458,
2445,17,910000,0,user_49,456,458,
2409,48,309999,0,user_18,456,459,1376
2510,19,220000,0,user_41,457,458,
2484,57,169999,0,user_13,457,459,1434
2547,21,160001,0,user_10,458,458,1426
2511,22,160000,195000,user_43,457,458,
2420,64,150000,0,user_26,456,459,
2089,74,110000,0,user_34,451,459,
2372,79,100000,0,user_34,455,459,
2492,26,70000,0,user_23,457,458,
2496,0,19000000,0,user_31,457,459,
2358,1,6300000,510000,user_26,455,459,
2347,2,6100001,0,user_18,455,459,1502
2349,3,6100001,0,user_18,455,459,1502
2404,4,6100001,0,user_11,456,459,1502
2411,5,6100001,0,user_19,456,459,1502
2412,6,6100001,0,user_19,456,459,1502
2410,7,6100001,0,user_18,456,459,1502
2539,8,6100001,0,user_2,458,459,1502
2234,9,6100000,0,user_49,453,459,
2398,10,6099999,0,user_4,456,459,1502
2352,11,6099999,0,user_19,455,459,1502
2399,12,6099999,0,user_5,456,459,1502
2348,13,6099999,0,user_18,455,459,1502
2350,14,6099999,0,user_18,455,459,1502
2477,15,6099999,0,user_2,457,459,1502
2408,16,6099999,0,user_16,456,459,1502
2478,17,6099999,0,user_5,457,459,1502
2483,18,6099999,0,user_11,457,459,1502
2356,19,4200000,0,user_23,455,459,
2181,20,2600000,0,user_34,452,459,
2233,21,2400000,0,user_49,453,459,
2362,22,2300000,0,user_29,455,459,
2263,23,2100000,769000,user_28,454,459,
2346,24,2000001,0,user_17,455,459,1640
2403,25,2000001,0,user_10,456,459,1640
2402,26,1999999,0,user_10,456,459,1640
2499,27,1500000,0,user_33,457,459,
2277,28,1400000,0,user_34,454,459,
2383,29,1400000,381000,user_48,455,459,
2353,30,1400000,0,user_20,455,459,
2572,31,1400000,15300,user_35,458,459,
2396,32,1000001,0,user_4,456,459,1795
2359,33,1000000,0,user_26,455,459,
2568,34,1000000,0,user_31,458,459,
2406,35,999999,0,user_13,456,459,1795
2476,36,999999,0,user_2,457,459,1795
2595,37,999999,0,user_1,459,459,1795
2376,38,970000,0,user_41,455,459,
2504,39,660000,0,user_37,457,459,
2361,40,600000,0,user_26,455,459,
2194,41,470000,0,user_48,452,459,
2294,42,460000,322000,user_48,454,459,
2260,43,370000,0,user_23,454,459,
2285,44,370000,0,user_41,454,459,
2288,45,340000,33300,user_43,454,459,
2345,46,310001,0,user_16,455,459,1376
2479,47,309999,0,user_7,457,459,1376
2409,48,309999,0,user_18,456,459,1376
2360,49,300000,0,user_26,455,459,
2286,50,260000,161000,user_41,454,459,
2502,51,220000,0,user_35,457,459,
2339,52,170001,0,user_8,455,459,1434
2351,53,170001,0,user_18,455,459,1434
2546,54,170001,0,user_9,458,459,1434
2594,55,170001,0,user_0,459,459,1434
2296,56,170000,0,user_49,454,459,
2484,57,169999,0,user_13,457,459,1434
2342,58,160001,0,user_12,455,459,1426
2340,59,160001,0,user_10,455,459,1426
2481,60,160001,0,user_9,457,459,1426
2516,61,160000,21800,user_47,457,459,
2397,62,159999,0,user_4,456,459,1426
2401,63,159999,0,user_10,456,459,1426
2420,64,150000,0,user_26,456,459,
2355,65,150000,84800,user_23,455,459,
2378,66,150000,0,user_43,455,459,
2567,67,130000,15300,user_30,458,459,
2282,68,120000,0,user_38,454,459,
2501,69,120000,0,user_35,457,459,
2571,70,120000,0,user_35,458,459,
2354,71,110000,0,user_22,455,459,
2363,72,110000,0,user_29,455,459,
2380,73,110000,0,user_46,455,459,
2089,74,110000,0,user_34,451,459,
2289,75,110000,84800,user_44,454,459,
2293,76,110000,0,user_48,454,459,
2494,77,110000,0,user_30,457,459,
2573,78,110000,0,user_37,458,459,
2372,79,100000,0,user_34,455,459,
2221,80,98000,0,user_38,453,459,
2561,81,83000,0,user_21,458,459,
2295,82,82000,0,user_49,454,459,
2495,83,77000,0,user_30,457,459,
2192,84,70000,0,user_44,452,459,
1310,11,970000,0,user_1,460,461,
1309,17,120000,0,user_0,460,461,
1315,1,6300000,0,user_7,460,462,
1352,5,5200000,0,user_43,460,467,
1350,8,3600000,0,user_43,460,467,
1316,5,2600000,0,user_7,460,462,
1360,10,1400001,0,user_2,461,462,1312
1364,8,1400001,0,user_7,461,463,1312
1367,34,1400001,0,user_10,461,467,1312
1312,11,1400000,10700,user_4,460,462,
1359,14,1399999,0,user_2,461,462,1312
1327,40,1000000,0,user_20,460,467,
1349,41,1000000,0,user_43,460,467,
1310,11,970000,0,user_1,460,461,
1319,17,970000,0,user_11,460,462,
1330,63,360000,0,user_23,460,467,
1311,23,360000,0,user_3,460,462,
1348,68,310000,0,user_43,460,467,
1313,29,150000,0,user_5,460,462,
1309,17,120000,0,user_0,460,461,
1314,33,120000,0,user_6,460,462,
1322,35,110000,0,user_13,460,462,
1351,92,73000,0,user_43,460,467,
1336,0,30000000,0,user_25,460,462,
1315,1,6300000,0,user_7,460,462,
1318,2,3600000,0,user_9,460,462,
1331,3,3600000,0,user_24,460,462,
1342,4,3500000,8520,user_33,460,462,
1316,5,2600000,0,user_7,460,462,
1337,6,2100000,0,user_25,460,462,
1383,7,2000000,36800,user_30,461,462,
1324,8,1500000,0,user_15,460,462,
1341,9,1500000,0,user_32,460,462,
1360,10,1400001,0,user_2,461,462,1312
1312,11,1400000,10700,user_4,460,462,
1334,12,1400000,0,user_24,460,462,
1371,13,1400000,0,user_15,461,462,
1359,14,1399999,0,user_2,461,462,1312
1329,15,1000000,0,user_21,460,462,
1389,16,1000000,0,user_37,461,462,
1319,17,970000,0,user_11,460,462,
1328,18,910000,0,user_21,460,462,
1333,19,670000,0,user_24,460,462,
1404,20,600001,0,user_0,462,462,1357
1357,21,600000,49100,user_47,460,462,
1385,22,370000,0,user_30,461,462,
1311,23,360000,0,user_3,460,462,
1405,24,310001,0,user_1,462,462,1376
1376,25,310000,4320000,user_25,461,462,
1406,26,309999,0,user_1,462,462,1376
1407,27,309999,0,user_1,462,462,1376
1408,28,309999,0,user_1,462,462,1376
1313,29,150000,0,user_5,460,462,
1377,30,150000,0,user_25,461,462,
1339,31,130000,0,user_30,460,462,
1340,32,120000,0,user_31,460,462,
1314,33,120000,0,user_6,460,462,
1335,34,120000,0,user_24,460,462,
1322,35,110000,0,user_13,460,462,
1386,36,110000,0,user_31,461,462,
1332,37,110000,0,user_24,460,462,
1398,38,84000,0,user_47,461,462,
1384,39,79000,0,user_30,461,462,
1366,40,77000,0,user_9,461,462,
1356,0,2300000,779000,user_46,460,463,
1362,1,2299999,0,user_4,461,463,1356
1410,2,1999999,0,user_2,462,463,1383
1466,3,1999999,0,user_0,463,463,1383
1325,4,1500000,0,user_18,460,463,
1427,5,1500000,49100,user_25,462,463,
1317,6,1400001,0,user_8,460,463,1312
1323,7,1400001,0,user_14,460,463,1312
1364,8,1400001,0,user_7,461,463,1312
1368,9,1400001,0,user_11,461,463,1312
1361,10,1399999,0,user_3,461,463,1312
1320,11,1399999,0,user_12,460,463,1312
1321,12,1399999,0,user_12,460,463,1312
1363,13,1399999,0,user_6,461,463,1312
1409,14,600001,0,user_2,462,463,1357
1413,15,600001,0,user_9,462,463,1357
1418,16,600001,0,user_15,462,463,1357
1452,17,470000,181000,user_47,462,463,
1439,18,460000,13900,user_33,462,463,
1355,19,350000,0,user_46,460,463,
1440,20,350000,0,user_33,462,463,
1346,21,340000,0,user_40,460,463,
1443,22,310000,35600,user_37,462,463,
1468,23,309999,0,user_1,463,463,1376
1469,24,309999,0,user_1,463,463,1376
1467,25,160001,0,user_0,463,463,1426
1426,26,160000,4320000,user_24,462,463,
1442,27,110000,0,user_37,462,463,
1422,28,85000,0,user_21,462,463,
1449,4,6100000,0,user_43,462,467,
1425,6,5000000,0,user_23,462,467,
1401,10,3500000,0,user_49,461,467,
1419,14,2400001,0,user_17,462,467,1395
1485,27,2000000,0,user_20,463,467,
1444,31,1600000,16400,user_38,462,467,
1447,47,630000,0,user_41,462,467,
1495,64,360000,0,user_28,463,467,
1454,66,320000,0,user_49,462,467,
1487,70,260000,0,user_23,463,467,
1481,73,219999,0,user_17,463,467,1393
1554,74,219999,0,user_10,464,467,1393
1421,83,160000,0,user_20,462,467,
1390,84,150000,0,user_38,461,467,
1344,85,120000,0,user_38,460,467,
1455,86,120000,0,user_49,462,467,
1392,0,43000000,0,user_40,461,465,
1502,1,6100000,4320000,user_35,463,465,
1489,2,5000000,0,user_25,463,465,
1490,3,4200000,0,user_25,463,465,
1411,4,2300001,0,user_3,462,465,1356
1417,5,2300001,0,user_13,462,465,1356
1470,6,2300001,0,user_2,463,465,1356
1365,7,2300001,0,user_8,461,465,1356
1415,8,2300001,0,user_12,462,465,1356
1369,9,2299999,0,user_14,461,465,1356
1382,10,2000000,0,user_29,461,465,
1433,11,2000000,0,user_29,462,465,
1431,12,2000000,0,user_26,462,465,
1451,13,1800000,0,user_46,462,465,
1503,14,1600000,0,user_35,463,465,
1370,15,1400001,0,user_14,461,465,1312
1580,16,1400000,16400,user_33,464,465,
1412,17,1399999,0,user_8,462,465,1312
1416,18,1399999,0,user_12,462,465,1312
1486,19,1200000,0,user_21,463,465,
1424,20,1000000,0,user_22,462,465,
1498,21,910000,0,user_31,463,465,
1378,22,660000,0,user_26,461,465,
1499,23,630000,285000,user_33,463,465,
1423,24,630000,0,user_22,462,465,
1420,25,460001,0,user_19,462,465,1396
1396,26,460000,215000,user_44,461,465,
1504,27,370000,0,user_37,463,465,
1471,28,310001,0,user_2,463,465,1376
1545,29,310001,0,user_0,464,465,1376
1472,30,310001,0,user_3,463,465,1376
1428,31,260000,0,user_26,462,465,
1430,32,260000,0,user_26,462,465,
1432,33,260000,0,user_26,462,465,
1446,34,190000,0,user_40,462,465,
1546,35,170001,0,user_2,464,465,1434
1434,36,170000,4320000,user_29,462,465,
1473,37,169999,0,user_4,463,465,1434
1478,38,160001,0,user_13,463,465,1426
1607,39,160001,0,user_1,465,465,1426
1491,40,160000,0,user_25,463,465,
1500,41,160000,64600,user_33,463,465,
1474,42,159999,0,user_5,463,465,1426
1475,43,159999,0,user_6,463,465,1426
1518,44,150000,0,user_47,463,465,
1326,45,130000,0,user_19,460,465,
1358,46,120000,0,user_48,460,465,
1429,47,120000,0,user_26,462,465,
1488,48,110000,381000,user_25,463,465,
1567,49,98000,0,user_25,464,465,
1373,50,87000,0,user_19,461,465,
1375,51,84000,35600,user_22,461,465,
1399,52,73000,0,user_48,461,465,
1400,53,70000,0,user_48,461,465,
1587,0,27000000,0,user_37,464,466,
1624,1,6100001,0,user_15,465,466,1502
1560,2,6099999,0,user_15,464,466,1502
1625,3,6099999,0,user_15,465,466,1502
1626,4,6099999,0,user_15,465,466,1502
1576,5,2600000,0,user_32,464,466,
1650,6,2600000,17000,user_37,465,466,
1616,7,2300001,0,user_9,465,466,1356
1617,8,2300001,0,user_9,465,466,1356
1663,9,2299999,0,user_1,466,466,1356
1436,10,2000000,0,user_32,462,466,
1644,11,2000000,0,user_35,465,466,
1585,12,1800000,0,user_35,464,466,
1435,13,1100000,0,user_32,462,466,
1645,14,1000000,0,user_35,465,466,
1647,15,670000,164000,user_37,465,466,
1648,16,670000,381000,user_37,465,466,
1643,17,600000,0,user_33,465,466,
1661,18,310001,0,user_0,466,466,1376
1664,19,310001,0,user_1,466,466,1376
1577,20,310000,0,user_32,464,466,
1649,21,300000,0,user_37,465,466,
1578,22,260000,0,user_32,464,466,
1657,23,240000,0,user_47,465,466,
1662,24,170001,0,user_0,466,466,1434
1637,25,170000,0,user_25,465,466,
1553,26,160001,0,user_9,464,466,1426
1614,27,160001,0,user_9,465,466,1426
1615,28,160001,0,user_9,465,466,1426
1627,29,160001,0,user_15,465,466,1426
1623,30,159999,0,user_15,465,466,1426
1579,31,150000,0,user_32,464,466,
1437,32,110000,0,user_32,462,466,
1438,33,110000,0,user_32,462,466,
1658,34,110000,0,user_47,465,466,
1595,0,43000000,0,user_46,464,467,
1642,1,27000000,0,user_32,465,467,
1753,2,6100001,0,user_0,467,467,1502
1453,3,6100000,0,user_48,462,467,
1449,4,6100000,0,user_43,462,467,
1352,5,5200000,0,user_43,460,467,
1425,6,5000000,0,user_23,462,467,
1497,7,4200000,0,user_29,463,467,
1350,8,3600000,0,user_43,460,467,
1704,9,3600000,100000,user_33,466,467,
1401,10,3500000,0,user_49,461,467,
1681,11,3200000,0,user_21,466,467,
1705,12,2500000,0,user_35,466,467,
1414,13,2400001,0,user_10,462,467,1395
1419,14,2400001,0,user_17,462,467,1395
1395,15,2400000,322000,user_43,461,467,
1612,16,2399999,0,user_7,465,467,1395
1555,17,2300001,0,user_12,464,467,1356
1559,18,2300001,0,user_14,464,467,1356
1666,19,2300001,0,user_2,466,467,1356
1757,20,2300001,0,user_1,467,467,1356
1550,21,2299999,0,user_6,464,467,1356
1665,22,2299999,0,user_2,466,467,1356
1752,23,2299999,0,user_0,467,467,1356
1755,24,2299999,0,user_0,467,467,1356
1756,25,2299999,0,user_0,467,467,1356
1374,26,2000000,0,user_20,461,467,
1485,27,2000000,0,user_20,463,467,
1572,28,1800000,0,user_29,464,467,
1517,29,1600000,0,user_46,463,467,
1574,30,1600000,0,user_29,464,467,
1444,31,1600000,16400,user_38,462,467,
1721,32,1600000,256000,user_47,466,467,
1687,33,1500000,0,user_24,466,467,
1367,34,1400001,0,user_10,461,467,1312
1492,35,1200000,0,user_26,463,467,
1706,36,1100000,0,user_35,466,467,
1511,37,1000000,0,user_40,463,467,
1594,38,1000000,0,user_46,464,467,
1596,39,1000000,17000,user_46,464,467,
1327,40,1000000,0,user_20,460,467,
1349,41,1000000,0,user_43,460,467,
1712,42,970000,0,user_37,466,467,
1575,43,910000,0,user_29,464,467,
1711,44,670000,0,user_37,466,467,
1573,45,660000,0,user_29,464,467,
1700,46,660000,0,user_30,466,467,
1447,47,630000,0,user_41,462,467,
1597,48,530000,0,user_46,464,467,
1688,49,470000,0,user_25,466,467,
1549,50,460001,0,user_5,464,467,1396
1551,51,460001,0,user_8,464,467,1396
1556,52,460001,0,user_12,464,467,1396
1621,53,460001,0,user_13,465,467,1396
1496,54,460000,0,user_29,463,467,
1547,55,459999,0,user_4,464,467,1396
1480,56,459999,0,user_16,463,467,1396
1483,57,459999,0,user_19,463,467,1396
1484,58,459999,0,user_19,463,467,1396
1557,59,459999,0,user_13,464,467,1396
1558,60,459999,0,user_14,464,467,1396
1611,61,459999,0,user_6,465,467,1396
1701,62,420000,0,user_31,466,467,
1330,63,360000,0,user_23,460,467,
1495,64,360000,0,user_28,463,467,
1703,65,340000,0,user_33,466,467,
1454,66,320000,0,user_49,462,467,
1676,67,310001,0,user_15,466,467,1376
1348,68,310000,0,user_43,460,467,
1609,69,309999,0,user_4,465,467,1376
1487,70,260000,0,user_23,463,467,
1724,71,260000,0,user_47,466,467,
1393,72,220000,100000,user_41,461,467,
1481,73,219999,0,user_17,463,467,1393
1554,74,219999,0,user_10,464,467,1393
1476,75,170001,0,user_8,463,467,1434
1552,76,170001,0,user_8,464,467,1434
1608,77,170001,0,user_4,465,467,1434
1610,78,170001,0,user_4,465,467,1434
1477,79,169999,0,user_12,463,467,1434
1548,80,169999,0,user_5,464,467,1434
1754,81,169999,0,user_0,467,467,1434
1479,82,160001,0,user_14,463,467,1426
1421,83,160000,0,user_20,462,467,
1390,84,150000,0,user_38,461,467,
1344,85,120000,0,user_38,460,467,
1455,86,120000,0,user_49,462,467,
1722,87,120000,0,user_47,466,467,
1450,88,110000,15700,user_44,462,467,
1723,89,110000,164000,user_47,466,467,
1598,90,87000,0,user_46,464,467,
1381,91,84000,0,user_28,461,467,
1351,92,73000,0,user_43,460,467,
1566,0,27000000,17000,user_23,464,468,
1570,1,6300000,0,user_28,464,468,
1784,2,6300000,14200,user_31,467,468,
1599,3,3600000,0,user_48,464,468,
1507,4,3500000,0,user_38,463,468,
1583,5,2500000,12800,user_34,464,468,
1613,6,2299999,0,user_8,465,468,1356
1667,7,2299999,0,user_4,466,468,1356
1668,8,2299999,0,user_5,466,468,1356
1761,9,2299999,0,user_9,467,468,1356
1829,10,2299999,0,user_0,468,468,1356
1509,11,2000000,0,user_38,463,468,
1571,12,2000000,0,user_28,464,468,
1501,13,1700000,0,user_34,463,468,
1634,14,1600001,0,user_19,465,468,1581
1635,15,1600001,0,user_19,465,468,1581
1581,16,1600000,769000,user_34,464,468,
1772,17,1600000,0,user_21,467,468,
1786,18,1600000,0,user_31,467,468,
1771,19,1500000,231000,user_21,467,468,
1776,20,1500000,0,user_24,467,468,
1506,21,1400000,0,user_38,463,468,
1781,22,1000000,17000,user_30,467,468,
1790,23,1000000,13900,user_35,467,468,
1565,24,970000,0,user_23,464,468,
1505,25,910000,0,user_38,463,468,
1522,26,870000,0,user_49,463,468,
1590,27,660000,0,user_41,464,468,
1830,28,650001,0,user_1,468,468,1521
1582,29,650000,0,user_34,464,468,
1521,30,650000,1100000,user_49,463,468,
1629,31,460001,0,user_16,465,468,1396
1620,32,459999,0,user_12,465,468,1396
1564,33,459999,0,user_19,464,468,1396
1630,34,459999,0,user_16,465,468,1396
1789,35,360000,0,user_33,467,468,
1653,36,300000,0,user_40,465,468,
1562,37,220001,0,user_17,464,468,1393
1513,38,220000,0,user_44,463,468,
1584,39,220000,0,user_34,464,468,
1622,40,170001,0,user_14,465,468,1434
1670,41,170001,0,user_7,466,468,1434
1758,42,170001,0,user_2,467,468,1434
1783,43,170000,0,user_31,467,468,
1669,44,169999,0,user_6,466,468,1434
1618,45,169999,0,user_10,465,468,1434
1762,46,169999,0,user_9,467,468,1434
1619,47,160001,0,user_12,465,468,1426
1519,48,160000,0,user_48,463,468,
1569,49,160000,0,user_28,464,468,
1785,50,160000,283000,user_31,467,468,
1561,51,159999,0,user_16,464,468,1426
1628,52,159999,0,user_16,465,468,1426
1641,53,150000,0,user_29,465,468,
1508,54,150000,0,user_38,463,468,
1777,55,110000,0,user_25,467,468,
1782,56,110000,0,user_31,467,468,
1514,57,85000,64600,user_44,463,468,
1600,58,77000,0,user_48,464,468,
1654,59,77000,0,user_40,465,468,
1520,60,73000,0,user_48,463,468,
1923,4,6100001,0,user_10,469,472,1502
1847,9,6099999,0,user_17,468,472,1502
1850,11,3600000,73100,user_20,468,472,
1851,14,2500000,0,user_20,468,472,
1878,15,2400000,11200,user_43,468,472,
1372,39,1399999,0,user_18,461,470,1312
1806,30,1000000,0,user_49,467,472,
1792,37,260000,0,user_38,467,472,
1863,38,260000,34700,user_28,468,472,
1877,64,79000,0,user_41,468,472,
1680,0,30000000,769000,user_20,466,470,
1833,1,6100001,0,user_3,468,470,1502
1671,2,6099999,0,user_10,466,470,1502
1763,3,6099999,0,user_10,467,470,1502
1769,4,6099999,0,user_18,467,470,1502
1693,5,5000000,0,user_26,466,470,
1683,6,3500000,67500,user_22,466,470,
1698,7,2500000,0,user_29,466,470,
1672,8,2300001,0,user_12,466,470,1356
1673,9,2300001,0,user_12,466,470,1356
1674,10,2300001,0,user_12,466,470,1356
1765,11,2300001,0,user_12,467,470,1356
1767,12,2300001,0,user_16,467,470,1356
1839,13,2299999,0,user_9,468,470,1356
1675,14,2299999,0,user_14,466,470,1356
1766,15,2299999,0,user_14,467,470,1356
1832,16,2000001,0,user_3,468,470,1640
1836,17,2000001,0,user_5,468,470,1640
1841,18,2000001,0,user_11,468,470,1640
2000,19,2000001,0,user_1,470,470,1640
1640,20,2000000,4320000,user_28,465,470,
1760,21,1999999,0,user_7,467,470,1640
1831,22,1999999,0,user_2,468,470,1640
1835,23,1999999,0,user_4,468,470,1640
1837,24,1999999,0,user_7,468,470,1640
1917,25,1999999,0,user_2,469,470,1640
1999,26,1999999,0,user_1,470,470,1640
1682,27,1900000,16400,user_22,466,470,
1963,28,1900000,0,user_33,469,470,
1773,29,1800000,0,user_22,467,470,
1883,30,1600000,0,user_47,468,470,
1945,31,1600000,0,user_25,469,470,
1959,32,1600000,0,user_31,469,470,
1684,33,1500000,0,user_22,466,470,
1725,34,1500000,6390,user_48,466,470,
1563,35,1400001,0,user_18,464,470,1312
1678,36,1400001,0,user_18,466,470,1312
1679,37,1400001,0,user_18,466,470,1312
1958,38,1400000,0,user_30,469,470,
1372,39,1399999,0,user_18,461,470,1312
1482,40,1399999,0,user_18,463,470,1312
1633,41,1399999,0,user_18,465,470,1312
1853,42,1000000,769000,user_21,468,470,
1685,43,1000000,0,user_22,466,470,
1697,44,1000000,0,user_28,466,470,
1636,45,910000,32900,user_20,465,470,
1862,46,910000,0,user_24,468,470,
1861,47,670000,0,user_24,468,470,
1871,48,670000,0,user_35,468,470,
1720,49,670000,0,user_46,466,470,
1726,50,670000,19700,user_48,466,470,
1632,51,650001,0,user_17,465,470,1521
1759,52,649999,0,user_3,467,470,1521
1631,53,649999,0,user_17,465,470,1521
1764,54,649999,0,user_11,467,470,1521
1867,55,530000,0,user_33,468,470,
1699,56,470000,0,user_29,466,470,
1659,57,460000,0,user_48,465,470,
1954,58,420000,121000,user_30,469,470,
1691,59,370000,56200,user_26,466,470,
1868,60,320000,0,user_33,468,470,
1677,61,310001,0,user_16,466,470,1376
1916,62,310001,0,user_2,469,470,1376
1770,63,309999,0,user_19,467,470,1376
1866,64,260000,0,user_31,468,470,
1858,65,260000,0,user_24,468,470,
1962,66,240000,24700,user_33,469,470,
1859,67,220000,510000,user_24,468,470,
1860,68,220000,47700,user_24,468,470,
1915,69,170001,0,user_0,469,470,1434
1834,70,170001,0,user_4,468,470,1434
1689,71,170000,0,user_26,466,470,
1957,72,170000,0,user_30,469,470,
1873,73,160000,0,user_37,468,470,
1686,74,160000,296000,user_23,466,470,
1842,75,159999,0,user_13,468,470,1426
1655,76,150000,0,user_41,465,470,
1692,77,150000,0,user_26,466,470,
1696,78,150000,0,user_28,466,470,
1852,79,120000,0,user_21,468,470,
1690,80,120000,43600,user_26,466,470,
1716,81,120000,0,user_41,466,470,
1955,82,120000,0,user_30,469,470,
1780,83,110000,15100,user_29,467,470,
1956,84,87000,71800,user_30,469,470,
1865,85,83000,296000,user_30,468,470,
1717,86,80000,0,user_41,466,470,
1960,87,70000,256000,user_31,469,470,
2031,0,43000000,7840,user_35,470,471,
1943,1,27000000,0,user_24,469,471,
2014,2,6100001,0,user_15,470,471,1502
1702,3,4200000,0,user_32,466,471,
1942,4,4200000,0,user_24,469,471,
1976,5,4200000,0,user_47,469,471,
2022,6,2600000,0,user_25,470,471,
2032,7,2600000,0,user_35,470,471,
2051,8,2000001,0,user_0,471,471,1640
2020,9,2000000,0,user_25,470,471,
1978,10,870000,0,user_47,469,471,
1922,11,649999,0,user_9,469,471,1521
1931,12,649999,0,user_15,469,471,1521
2009,13,649999,0,user_9,470,471,1521
1944,14,630000,0,user_24,469,471,
2029,15,470000,0,user_33,470,471,
2033,16,310000,0,user_35,470,471,
1965,17,220000,0,user_35,469,471,
2034,18,170000,0,user_35,470,471,
2052,19,159999,0,user_1,471,471,1426
1787,20,150000,0,user_32,467,471,
2019,21,130000,0,user_24,470,471,
2021,22,120000,0,user_25,470,471,
2026,23,110000,0,user_31,470,471,
1941,24,110000,0,user_24,469,471,
1975,25,110000,0,user_47,469,471,
1977,26,100000,0,user_47,469,471,
1788,27,84000,0,user_32,467,471,
1961,28,82000,0,user_32,469,471,
1660,0,43000000,0,user_49,465,472,
1797,1,27000000,0,user_41,467,472,
2003,2,6100001,0,user_3,470,472,1502
2006,3,6100001,0,user_6,470,472,1502
1923,4,6100001,0,user_10,469,472,1502
1918,5,6099999,0,user_3,469,472,1502
1919,6,6099999,0,user_6,469,472,1502
1768,7,6099999,0,user_17,467,472,1502
1840,8,6099999,0,user_10,468,472,1502
1847,9,6099999,0,user_17,468,472,1502
2099,33,4200000,410000,user_47,471,474,
1850,11,3600000,73100,user_20,468,472,
2091,34,3600000,0,user_37,471,474,
1802,13,2500000,14200,user_43,467,472,
1851,14,2500000,0,user_20,468,472,
1878,15,2400000,11200,user_43,468,472,
2079,39,2400000,47700,user_25,471,474,
2002,17,2000001,0,user_3,470,472,1640
2004,18,2000001,0,user_3,470,472,1640
2005,19,2000001,0,user_5,470,472,1640
1946,20,2000000,0,user_26,469,472,
1924,21,1999999,0,user_11,469,472,1640
1849,22,1999999,0,user_19,468,472,1640
1932,23,1999999,0,user_16,469,472,1640
1933,24,1999999,0,user_16,469,472,1640
2068,55,1999999,0,user_15,471,474,1640
1947,26,1100000,381000,user_26,469,472,
2086,59,1100000,0,user_30,471,474,
2053,28,1000001,0,user_2,471,472,1795
1795,29,1000000,7190000,user_40,467,472,
1806,30,1000000,0,user_49,467,472,
1779,31,420000,0,user_28,467,472,
2100,85,360000,0,user_47,471,474,
2154,87,310001,0,user_0,472,474,1376
1948,34,310000,0,user_26,469,472,
2028,90,310000,0,user_32,470,474,
1775,36,260000,33100,user_23,467,472,
1792,37,260000,0,user_38,467,472,
1863,38,260000,34700,user_28,468,472,
1801,39,220000,0,user_43,467,472,
1803,40,220000,0,user_43,467,472,
2102,94,220000,0,user_47,471,474,
1774,42,190000,0,user_23,467,472,
2155,96,170001,0,user_1,472,474,1434
1651,44,170000,0,user_38,465,472,
2088,98,170000,215000,user_33,471,474,
1848,46,169999,0,user_18,468,472,1434
2001,47,169999,0,user_3,470,472,1434
2007,48,160001,0,user_7,470,472,1426
2061,49,160001,0,user_9,471,472,1426
2067,50,160001,0,user_15,471,472,1426
2027,51,160000,0,user_32,470,472,
2077,52,160000,0,user_24,471,472,
1713,53,150000,0,user_38,466,472,
1968,54,130000,0,user_40,469,472,
1796,55,120000,164000,user_41,467,472,
2087,56,120000,164000,user_31,471,472,
2101,57,120000,56200,user_47,471,472,
1794,58,110000,0,user_40,467,472,
1805,59,110000,0,user_48,467,472,
2076,60,110000,5630,user_24,471,472,
1800,61,85000,0,user_43,467,472,
1876,62,84000,8520,user_40,468,472,
2078,63,84000,0,user_24,471,472,
1877,64,79000,0,user_41,468,472,
2176,49,2000000,0,user_25,472,474,
2169,60,1100000,0,user_21,472,474,
2180,75,530000,0,user_33,472,474,
2179,80,420000,0,user_31,472,474,
2168,86,350000,0,user_21,472,474,
2196,5,169999,0,user_1,473,473,1434
2041,0,43000000,0,user_46,470,476,
1979,2,30000000,0,user_48,469,476,
1938,4,27000000,0,user_22,469,476,
2223,0,19000000,0,user_41,473,477,
1857,5,19000000,0,user_22,468,476,
1879,6,6300000,0,user_44,468,476,
1928,7,6100001,0,user_12,469,476,1502
2055,8,6100001,0,user_4,471,476,1502
2057,9,6100001,0,user_6,471,476,1502
2163,10,6100001,0,user_13,472,476,1502
2065,11,6100001,0,user_12,471,476,1502
2158,12,6100001,0,user_8,472,476,1502
2160,13,6100001,0,user_8,472,476,1502
2070,14,6100001,0,user_16,471,476,1502
2073,15,6100001,0,user_19,471,476,1502
2201,16,6100001,0,user_6,473,476,1502
2238,17,6100001,0,user_2,474,476,1502
2080,21,6100000,0,user_26,471,476,
2054,22,6099999,0,user_3,471,476,1502
1846,23,6099999,0,user_14,468,476,1502
2016,24,6099999,0,user_19,470,476,1502
2056,25,6099999,0,user_5,471,476,1502
2156,27,6099999,0,user_3,472,476,1502
2197,28,6099999,0,user_3,473,476,1502
2066,29,6099999,0,user_14,471,476,1502
2198,30,6099999,0,user_4,473,476,1502
2199,31,6099999,0,user_4,473,476,1502
2069,32,6099999,0,user_16,471,476,1502
2166,33,6099999,0,user_16,472,476,1502
2200,34,6099999,0,user_5,473,476,1502
2204,35,6099999,0,user_13,473,476,1502
2017,41,5000000,12800,user_22,470,476,
1970,42,4500000,146000,user_44,469,476,
2099,33,4200000,410000,user_47,471,474,
2091,34,3600000,0,user_37,471,474,
1882,43,3500000,0,user_46,468,476,
1870,44,3500000,0,user_34,468,476,
1964,46,2500000,35600,user_34,469,476,
2191,18,2400000,0,user_43,472,477,
2079,39,2400000,47700,user_25,471,474,
1838,51,2000001,0,user_8,468,476,1640
1843,52,2000001,0,user_14,468,476,1640
1844,53,2000001,0,user_14,468,476,1640
1921,54,2000001,0,user_8,469,476,1640
1927,55,2000001,0,user_12,469,476,1640
1930,56,2000001,0,user_14,469,476,1640
2008,57,2000001,0,user_8,470,476,1640
2012,58,2000001,0,user_12,470,476,1640
1973,60,2000000,0,user_46,469,476,
2176,49,2000000,0,user_25,472,474,
1845,64,1999999,0,user_14,468,476,1640
1926,65,1999999,0,user_12,469,476,1640
1929,66,1999999,0,user_12,469,476,1640
2013,67,1999999,0,user_14,470,476,1640
1936,68,1999999,0,user_18,469,476,1640
2068,55,1999999,0,user_15,471,474,1640
2171,21,1600000,0,user_23,472,477,
2213,22,1600000,0,user_28,473,477,
2030,75,1400000,0,user_34,470,476,
2086,59,1100000,0,user_30,471,474,
2169,60,1100000,0,user_21,472,474,
2157,82,1000001,0,user_6,472,476,1795
2159,83,1000001,0,user_8,472,476,1795
1953,85,1000000,0,user_29,469,476,
2042,86,1000000,0,user_48,470,476,
2189,87,1000000,0,user_40,472,476,
2064,89,999999,0,user_11,471,476,1795
2060,90,999999,0,user_8,471,476,1795
2229,30,910000,0,user_43,473,477,
2037,92,910000,0,user_40,470,476,
2043,93,910000,0,user_48,470,476,
2082,95,670000,256000,user_26,471,476,
1864,97,660000,164000,user_29,468,476,
1869,99,650000,0,user_34,468,476,
2083,74,630000,0,user_26,471,474,
2180,75,530000,0,user_33,472,474,
2170,76,530000,0,user_22,472,474,
1974,77,470000,381000,user_46,469,474,
1854,78,460000,0,user_22,468,474,
1980,79,420000,0,user_48,469,474,
2179,80,420000,0,user_31,472,474,
2178,35,370000,36800,user_28,472,477,
2103,36,360000,0,user_49,471,477,
1856,83,360000,0,user_22,468,474,
1884,84,360000,0,user_48,468,474,
2100,85,360000,0,user_47,471,474,
2168,86,350000,0,user_21,472,474,
2154,87,310001,0,user_0,472,474,1376
2164,88,310001,0,user_13,472,474,1376
2244,89,310001,0,user_7,474,474,1376
2028,90,310000,0,user_32,470,474,
1925,91,309999,0,user_12,469,474,1376
1880,92,300000,0,user_44,468,474,
2025,93,260000,0,user_29,470,474,
2102,94,220000,0,user_47,471,474,
2081,95,220000,0,user_26,471,474,
2155,96,170001,0,user_1,472,474,1434
2250,46,170001,0,user_10,474,477,1434
2088,98,170000,215000,user_33,471,474,
1920,99,169999,0,user_8,469,474,1434
2239,18,6100001,0,user_3,474,476,1502
2203,19,6100001,0,user_12,473,476,1502
2243,20,6100001,0,user_6,474,476,1502
2240,37,6099999,0,user_4,474,476,1502
2207,38,6099999,0,user_16,473,476,1502
2338,12,6099999,0,user_7,475,477,1502
2263,23,2100000,769000,user_28,474,479,
2232,61,2000000,283000,user_46,473,476,
2241,84,1000001,0,user_4,474,476,1795
2242,91,999999,0,user_5,474,476,1795
2260,43,370000,0,user_23,474,479,
2285,44,370000,0,user_41,474,479,
2288,45,340000,33300,user_43,474,479,
2202,13,310001,0,user_8,473,475,1376
2286,50,260000,161000,user_41,474,479,
2252,15,160001,0,user_13,474,475,1426
2331,16,160001,0,user_2,475,475,1426
2340,59,160001,0,user_10,475,479,1426
2205,18,159999,0,user_14,473,475,1426
1855,19,98000,0,user_22,468,475,
1881,20,80000,0,user_46,468,475,
2041,0,43000000,0,user_46,470,476,
2184,1,30000000,0,user_35,472,476,
1979,2,30000000,0,user_48,469,476,
2035,3,30000000,0,user_38,470,476,
1938,4,27000000,0,user_22,469,476,
1857,5,19000000,0,user_22,468,476,
1879,6,6300000,0,user_44,468,476,
1928,7,6100001,0,user_12,469,476,1502
2055,8,6100001,0,user_4,471,476,1502
2057,9,6100001,0,user_6,471,476,1502
2163,10,6100001,0,user_13,472,476,1502
2065,11,6100001,0,user_12,471,476,1502
2158,12,6100001,0,user_8,472,476,1502
2160,13,6100001,0,user_8,472,476,1502
2070,14,6100001,0,user_16,471,476,1502
2073,15,6100001,0,user_19,471,476,1502
2201,16,6100001,0,user_6,473,476,1502
2238,17,6100001,0,user_2,474,476,1502
2239,18,6100001,0,user_3,474,476,1502
2203,19,6100001,0,user_12,473,476,1502
2243,20,6100001,0,user_6,474,476,1502
2080,21,6100000,0,user_26,471,476,
2054,22,6099999,0,user_3,471,476,1502
1846,23,6099999,0,user_14,468,476,1502
2016,24,6099999,0,user_19,470,476,1502
2056,25,6099999,0,user_5,471,476,1502
2059,26,6099999,0,user_7,471,476,1502
2156,27,6099999,0,user_3,472,476,1502
2197,28,6099999,0,user_3,473,476,1502
2066,29,6099999,0,user_14,471,476,1502
2198,30,6099999,0,user_4,473,476,1502
2199,31,6099999,0,user_4,473,476,1502
2069,32,6099999,0,user_16,471,476,1502
2166,33,6099999,0,user_16,472,476,1502
2200,34,6099999,0,user_5,473,476,1502
2204,35,6099999,0,user_13,473,476,1502
2247,36,6099999,0,user_9,474,476,1502
2240,37,6099999,0,user_4,474,476,1502
2207,38,6099999,0,user_16,473,476,1502
2394,39,6099999,0,user_1,476,476,1502
2214,40,5200000,60700,user_30,473,476,
2017,41,5000000,12800,user_22,470,476,
1970,42,4500000,146000,user_44,469,476,
1882,43,3500000,0,user_46,468,476,
1870,44,3500000,0,user_34,468,476,
2280,45,3500000,0,user_37,474,476,
1964,46,2500000,35600,user_34,469,476,
2278,47,2400000,0,user_35,474,476,
2281,48,2300000,16400,user_37,474,476,
2165,49,2000001,0,user_15,472,476,1640
2206,50,2000001,0,user_15,473,476,1640
1838,51,2000001,0,user_8,468,476,1640
1843,52,2000001,0,user_14,468,476,1640
1844,53,2000001,0,user_14,468,476,1640
1921,54,2000001,0,user_8,469,476,1640
1927,55,2000001,0,user_12,469,476,1640
1930,56,2000001,0,user_14,469,476,1640
2008,57,2000001,0,user_8,470,476,1640
2012,58,2000001,0,user_12,470,476,1640
2218,59,2000000,0,user_33,473,476,
1973,60,2000000,0,user_46,469,476,
2232,61,2000000,283000,user_46,473,476,
2085,62,2000000,0,user_28,471,476,
2364,63,2000000,0,user_30,475,476,
1845,64,1999999,0,user_14,468,476,1640
1926,65,1999999,0,user_12,469,476,1640
1929,66,1999999,0,user_12,469,476,1640
2013,67,1999999,0,user_14,470,476,1640
1936,68,1999999,0,user_18,469,476,1640
2071,69,1999999,0,user_17,471,476,1640
2162,70,1999999,0,user_10,472,476,1640
2174,71,1900000,0,user_24,472,476,
2018,72,1600000,0,user_23,470,476,
2024,73,1600000,322000,user_28,470,476,
2211,74,1400000,0,user_25,473,476,
2030,75,1400000,0,user_34,470,476,
1940,76,1300000,0,user_23,469,476,
2187,77,1200000,161000,user_37,472,476,
2275,78,1200000,0,user_33,474,476,
2215,79,1200000,0,user_32,473,476,
2172,80,1100000,0,user_24,472,476,
2261,81,1100000,0,user_24,474,476,
2157,82,1000001,0,user_6,472,476,1795
2159,83,1000001,0,user_8,472,476,1795
2241,84,1000001,0,user_4,474,476,1795
1953,85,1000000,0,user_29,469,476,
2042,86,1000000,0,user_48,470,476,
2189,87,1000000,0,user_40,472,476,
2038,88,1000000,0,user_41,470,476,
2064,89,999999,0,user_11,471,476,1795
2060,90,999999,0,user_8,471,476,1795
2242,91,999999,0,user_5,474,476,1795
2037,92,910000,0,user_40,470,476,
2043,93,910000,0,user_48,470,476,
2183,94,670000,296000,user_35,472,476,
2082,95,670000,256000,user_26,471,476,
2366,96,670000,0,user_31,475,476,
1864,97,660000,164000,user_29,468,476,
2269,98,660000,0,user_30,474,476,
1869,99,650000,0,user_34,468,476,
2223,0,19000000,0,user_41,473,477,
2253,1,6100001,0,user_14,474,477,1502
2332,2,6100001,0,user_4,475,477,1502
2333,3,6100001,0,user_4,475,477,1502
2072,4,6100001,0,user_18,471,477,1502
2341,5,6100001,0,user_11,475,477,1502
2427,6,6100000,18600,user_31,476,477,
2245,7,6099999,0,user_8,474,477,1502
2334,8,6099999,0,user_5,475,477,1502
2335,9,6099999,0,user_5,475,477,1502
2336,10,6099999,0,user_5,475,477,1502
2337,11,6099999,0,user_6,475,477,1502
2338,12,6099999,0,user_7,475,477,1502
2209,13,6099999,0,user_18,473,477,1502
2343,14,6099999,0,user_13,475,477,1502
2395,15,6099999,0,user_2,476,477,1502
2434,16,4500000,0,user_37,476,477,
2432,17,3200000,0,user_37,476,477,
2191,18,2400000,0,user_43,472,477,
2418,19,2100000,5630,user_24,476,477,
2417,20,2000000,33300,user_24,476,477,
2171,21,1600000,0,user_23,472,477,
2213,22,1600000,0,user_28,473,477,
2373,23,1500000,0,user_37,475,477,
2431,24,1500000,75000,user_37,476,477,
2433,25,1500000,0,user_37,476,477,
2419,26,1200000,47700,user_25,476,477,
2266,27,1000000,0,user_29,474,477,
2251,28,999999,0,user_12,474,477,1795
2430,29,970000,0,user_35,476,477,
2229,30,910000,0,user_43,473,477,
2426,31,910000,12300,user_30,476,477,
2267,32,630000,0,user_29,474,477,
2291,33,630000,0,user_46,474,477,
2381,34,630000,0,user_47,475,477,
2178,35,370000,36800,user_28,472,477,
2103,36,360000,0,user_49,471,477,
2413,37,320000,0,user_21,476,477,
2011,38,310001,0,user_10,470,477,1376
2344,39,310001,0,user_15,475,477,1376
2357,40,310000,0,user_24,475,477,
1939,41,260000,0,user_23,469,477,
2044,42,240000,0,user_49,470,477,
1934,43,170001,0,user_17,469,477,1434
1935,44,170001,0,user_17,469,477,1434
2010,45,170001,0,user_10,470,477,1434
2250,46,170001,0,user_10,474,477,1434
2258,47,170001,0,user_18,474,477,1434
2474,48,170001,0,user_0,477,477,1434
2475,49,170001,0,user_1,477,477,1434
2382,50,170000,0,user_47,475,477,
2167,51,169999,0,user_18,472,477,1434
2400,52,169999,0,user_9,476,477,1434
1937,53,160000,0,user_20,469,477,
2259,54,160000,0,user_22,474,477,
2274,55,160000,0,user_32,474,477,
2015,56,159999,0,user_16,470,477,1426
2208,57,159999,0,user_17,473,477,1426
2195,58,150000,13900,user_49,472,477,
1874,59,120000,350000,user_38,468,477,
2284,60,120000,0,user_40,474,477,
2188,61,110000,0,user_38,472,477,
2230,62,100000,0,user_43,473,477,
2264,63,98000,769000,user_29,474,477,
2265,64,82000,0,user_29,474,477,
2491,0,30000000,0,user_23,477,478,
2411,5,6100001,0,user_19,476,479,1502
2412,6,6100001,0,user_19,476,479,1502
2410,7,6100001,0,user_18,476,479,1502
2539,8,6100001,0,user_2,478,479,1502
2543,5,6100001,0,user_7,478,478,1502
2408,16,6099999,0,user_16,476,479,1502
2478,17,6099999,0,user_5,477,479,1502
2483,18,6099999,0,user_11,477,479,1502
2544,9,6099999,0,user_7,478,478,1502
2545,10,6099999,0,user_7,478,478,1502
2374,11,2500000,5630,user_38,475,478,
2435,12,2100000,0,user_38,476,478,
2487,13,2000001,0,user_17,477,478,1640
2384,14,1400000,0,user_49,475,478,
2383,29,1400000,381000,user_48,475,479,
2509,16,1000000,0,user_41,477,478,
2445,17,910000,0,user_49,476,478,
2409,48,309999,0,user_18,476,479,1376
2510,19,220000,0,user_41,477,478,
2484,57,169999,0,user_13,477,479,1434
2547,21,160001,0,user_10,478,478,1426
2511,22,160000,195000,user_43,477,478,
2420,64,150000,0,user_26,476,479,
2089,74,110000,0,user_34,471,479,
2372,79,100000,0,user_34,475,479,
2492,26,70000,0,user_23,477,478,
2496,0,19000000,0,user_31,477,479,
2358,1,6300000,510000,user_26,475,479,
2347,2,6100001,0,user_18,475,479,1502
2349,3,6100001,0,user_18,475,479,1502
2404,4,6100001,0,user_11,476,479,1502
2411,5,6100001,0,user_19,476,479,1502
2412,6,6100001,0,user_19,476,479,1502
2410,7,6100001,0,user_18,476,479,1502
2539,8,6100001,0,user_2,478,479,1502
2234,9,6100000,0,user_49,473,479,
2398,10,6099999,0,user_4,476,479,1502
2352,11,6099999,0,user_19,475,479,1502
2399,12,6099999,0,user_5,476,479,1502
2348,13,6099999,0,user_18,475,479,1502
2350,14,6099999,0,user_18,475,479,1502
2477,15,6099999,0,user_2,477,479,1502
2408,16,6099999,0,user_16,476,479,1502
2478,17,6099999,0,user_5,477,479,1502
2483,18,6099999,0,user_11,477,479,1502
2356,19,4200000,0,user_23,475,479,
2181,20,2600000,0,user_34,472,479,
2233,21,2400000,0,user_49,473,479,
2362,22,2300000,0,user_29,475,479,
2263,23,2100000,769000,user_28,474,479,
2346,24,2000001,0,user_17,475,479,1640
2403,25,2000001,0,user_10,476,479,1640
2402,26,1999999,0,user_10,476,479,1640
2499,27,1500000,0,user_33,477,479,
2277,28,1400000,0,user_34,474,479,
2383,29,1400000,381000,user_48,475,479,
2353,30,1400000,0,user_20,475,479,
2572,31,1400000,15300,user_35,478,479,
2396,32,1000001,0,user_4,476,479,1795
2359,33,1000000,0,user_26,475,479,
2568,34,1000000,0,user_31,478,479,
2406,35,999999,0,user_13,476,479,1795
2476,36,999999,0,user_2,477,479,1795
2595,37,999999,0,user_1,479,479,1795
2376,38,970000,0,user_41,475,479,
2504,39,660000,0,user_37,477,479,
2361,40,600000,0,user_26,475,479,
2194,41,470000,0,user_48,472,479,
2294,42,460000,322000,user_48,474,479,
2260,43,370000,0,user_23,474,479,
2285,44,370000,0,user_41,474,479,
2288,45,340000,33300,user_43,474,479,
2345,46,310001,0,user_16,475,479,1376
2479,47,309999,0,user_7,477,479,1376
2409,48,309999,0,user_18,476,479,1376
2360,49,300000,0,user_26,475,479,
2286,50,260000,161000,user_41,474,479,
2502,51,220000,0,user_35,477,479,
2339,52,170001,0,user_8,475,479,1434
2351,53,170001,0,user_18,475,479,1434
2546,54,170001,0,user_9,478,479,1434
2594,55,170001,0,user_0,479,479,1434
2296,56,170000,0,user_49,474,479,
2484,57,169999,0,user_13,477,479,1434
2342,58,160001,0,user_12,475,479,1426
2340,59,160001,0,user_10,475,479,1426
2481,60,160001,0,user_9,477,479,1426
2516,61,160000,21800,user_47,477,479,
2397,62,159999,0,user_4,476,479,1426
2401,63,159999,0,user_10,476,479,1426
2420,64,150000,0,user_26,476,479,
2355,65,150000,84800,user_23,475,479,
2378,66,150000,0,user_43,475,479,
2567,67,130000,15300,user_30,478,479,
2282,68,120000,0,user_38,474,479,
2501,69,120000,0,user_35,477,479,
2571,70,120000,0,user_35,478,479,
2354,71,110000,0,user_22,475,479,
2363,72,110000,0,user_29,475,479,
2380,73,110000,0,user_46,475,479,
2089,74,110000,0,user_34,471,479,
2289,75,110000,84800,user_44,474,479,
2293,76,110000,0,user_48,474,479,
2494,77,110000,0,user_30,477,479,
2573,78,110000,0,user_37,478,479,
2372,79,100000,0,user_34,475,479,
2221,80,98000,0,user_38,473,479,
2561,81,83000,0,user_21,478,479,
2295,82,82000,0,user_49,474,479,
2495,83,77000,0,user_30,477,479,
2192,84,70000,0,user_44,472,479,
1310,11,970000,0,user_1,480,481,
1309,17,120000,0,user_0,480,481,
1315,1,6300000,0,user_7,480,482,
1352,5,5200000,0,user_43,480,487,
1350,8,3600000,0,user_43,480,487,
1316,5,2600000,0,user_7,480,482,
1360,10,1400001,0,user_2,481,482,1312
1364,8,1400001,0,user_7,481,483,1312
1367,34,1400001,0,user_10,481,487,1312
1312,11,1400000,10700,user_4,480,482,
1359,14,1399999,0,user_2,481,482,1312
1327,40,1000000,0,user_20,480,487,
1349,41,1000000,0,user_43,480,487,
1310,11,970000,0,user_1,480,481,
1319,17,970000,0,user_11,480,482,
1330,63,360000,0,user_23,480,487,
1311,23,360000,0,user_3,480,482,
1348,68,310000,0,user_43,480,487,
1313,29,150000,0,user_5,480,482,
1309,17,120000,0,user_0,480,481,
1314,33,120000,0,user_6,480,482,
1322,35,110000,0,user_13,480,482,
1351,92,73000,0,user_43,480,487,
1336,0,30000000,0,user_25,480,482,
1315,1,6300000,0,user_7,480,482,
1318,2,3600000,0,user_9,480,482,
1331,3,3600000,0,user_24,480,482,
1342,4,3500000,8520,user_33,480,482,
1316,5,2600000,0,user_7,480,482,
1337,6,2100000,0,user_25,480,482,
1383,7,2000000,36800,user_30,481,482,
1324,8,1500000,0,user_15,480,482,
1341,9,1500000,0,user_32,480,482,
1360,10,1400001,0,user_2,481,482,1312
1312,11,1400000,10700,user_4,480,482,
1334,12,1400000,0,user_24,480,482,
1371,13,1400000,0,user_15,481,482,
1359,14,1399999,0,user_2,481,482,1312
1329,15,1000000,0,user_21,480,482,
1389,16,1000000,0,user_37,481,482,
1319,17,970000,0,user_11,480,482,
1328,18,910000,0,user_21,480,482,
1333,19,670000,0,user_24,480,482,
1404,20,600001,0,user_0,482,482,1357
1357,21,600000,49100,user_47,480,482,
1385,22,370000,0,user_30,481,482,
1311,23,360000,0,user_3,480,482,
1405,24,310001,0,user_1,482,482,1376
1376,25,310000,4320000,user_25,481,482,
1406,26,309999,0,user_1,482,482,1376
1407,27,309999,0,user_1,482,482,1376
1408,28,309999,0,user_1,482,482,1376
1313,29,150000,0,user_5,480,482,
1377,30,150000,0,user_25,481,482,
1339,31,130000,0,user_30,480,482,
1340,32,120000,0,user_31,480,482,
1314,33,120000,0,user_6,480,482,
1335,34,120000,0,user_24,480,482,
1322,35,110000,0,user_13,480,482,
1386,36,110000,0,user_31,481,482,
1332,37,110000,0,user_24,480,482,
1398,38,84000,0,user_47,481,482,
1384,39,79000,0,user_30,481,482,
1366,40,77000,0,user_9,481,482,
1356,0,2300000,779000,user_46,480,483,
1362,1,2299999,0,user_4,481,483,1356
1410,2,1999999,0,user_2,482,483,1383
1466,3,1999999,0,user_0,483,483,1383
1325,4,1500000,0,user_18,480,483,
1427,5,1500000,49100,user_25,482,483,
1317,6,1400001,0,user_8,480,483,1312
1323,7,1400001,0,user_14,480,483,1312
1364,8,1400001,0,user_7,481,483,1312
1368,9,1400001,0,user_11,481,483,1312
1361,10,1399999,0,user_3,481,483,1312
1320,11,1399999,0,user_12,480,483,1312
1321,12,1399999,0,user_12,480,483,1312
1363,13,1399999,0,user_6,481,483,1312
1409,14,600001,0,user_2,482,483,1357
1413,15,600001,0,user_9,482,483,1357
1418,16,600001,0,user_15,482,483,1357
1452,17,470000,181000,user_47,482,483,
1439,18,460000,13900,user_33,482,483,
1355,19,350000,0,user_46,480,483,
1440,20,350000,0,user_33,482,483,
1346,21,340000,0,user_40,480,483,
1443,22,310000,35600,user_37,482,483,
1468,23,309999,0,user_1,483,483,1376
1469,24,309999,0,user_1,483,483,1376
1467,25,160001,0,user_0,483,483,1426
1426,26,160000,4320000,user_24,482,483,
1442,27,110000,0,user_37,482,483,
1422,28,85000,0,user_21,482,483,
1449,4,6100000,0,user_43,482,487,
1425,6,5000000,0,user_23,482,487,
1401,10,3500000,0,user_49,481,487,
1419,14,2400001,0,user_17,482,487,1395
1485,27,2000000,0,user_20,483,487,
1444,31,1600000,16400,user_38,482,487,
1447,47,630000,0,user_41,482,487,
1495,64,360000,0,user_28,483,487,
1454,66,320000,0,user_49,482,487,
1487,70,260000,0,user_23,483,487,
1481,73,219999,0,user_17,483,487,1393
1554,74,219999,0,user_10,484,487,1393
1421,83,160000,0,user_20,482,487,
1390,84,150000,0,user_38,481,487,
1344,85,120000,0,user_38,480,487,
1455,86,120000,0,user_49,482,487,
1392,0,43000000,0,user_40,481,485,
1502,1,6100000,4320000,user_35,483,485,
1489,2,5000000,0,user_25,483,485,
1490,3,4200000,0,user_25,483,485,
1411,4,2300001,0,user_3,482,485,1356
1417,5,2300001,0,user_13,482,485,1356
1470,6,2300001,0,user_2,483,485,1356
1365,7,2300001,0,user_8,481,485,1356
1415,8,2300001,0,user_12,482,485,1356
1369,9,2299999,0,user_14,481,485,1356
1382,10,2000000,0,user_29,481,485,
1433,11,2000000,0,user_29,482,485,
1431,12,2000000,0,user_26,482,485,
1451,13,1800000,0,user_46,482,485,
1503,14,1600000,0,user_35,483,485,
1370,15,1400001,0,user_14,481,485,1312
1580,16,1400000,16400,user_33,484,485,
1412,17,1399999,0,user_8,482,485,1312
1416,18,1399999,0,user_12,482,485,1312
1486,19,1200000,0,user_21,483,485,
1424,20,1000000,0,user_22,482,485,
1498,21,910000,0,user_31,483,485,
1378,22,660000,0,user_26,481,485,
1499,23,630000,285000,user_33,483,485,
1423,24,630000,0,user_22,482,485,
1420,25,460001,0,user_19,482,485,1396
1396,26,460000,215000,user_44,481,485,
1504,27,370000,0,user_37,483,485,
1471,28,310001,0,user_2,483,485,1376
1545,29,310001,0,user_0,484,485,1376
1472,30,310001,0,user_3,483,485,1376
1428,31,260000,0,user_26,482,485,
1430,32,260000,0,user_26,482,485,
1432,33,260000,0,user_26,482,485,
1446,34,190000,0,user_40,482,485,
1546,35,170001,0,user_2,484,485,1434
1434,36,170000,4320000,user_29,482,485,
1473,37,169999,0,user_4,483,485,1434
1478,38,160001,0,user_13,483,485,1426
1607,39,160001,0,user_1,485,485,1426
1491,40,160000,0,user_25,483,485,
1500,41,160000,64600,user_33,483,485,
1474,42,159999,0,user_5,483,485,1426
1475,43,159999,0,user_6,483,485,1426
1518,44,150000,0,user_47,483,485,
1326,45,130000,0,user_19,480,485,
1358,46,120000,0,user_48,480,485,
1429,47,120000,0,user_26,482,485,
1488,48,110000,381000,user_25,483,485,
1567,49,98000,0,user_25,484,485,
1373,50,87000,0,user_19,481,485,
1375,51,84000,35600,user_22,481,485,
1399,52,73000,0,user_48,481,485,
1400,53,70000,0,user_48,481,485,
1587,0,27000000,0,user_37,484,486,
1624,1,6100001,0,user_15,485,486,1502
1560,2,6099999,0,user_15,484,486,1502
1625,3,6099999,0,user_15,485,486,1502
1626,4,6099999,0,user_15,485,486,1502
1576,5,2600000,0,user_32,484,486,
1650,6,2600000,17000,user_37,485,486,
1616,7,2300001,0,user_9,485,486,1356
1617,8,2300001,0,user_9,485,486,1356
1663,9,2299999,0,user_1,486,486,1356
1436,10,2000000,0,user_32,482,486,
1644,11,2000000,0,user_35,485,486,
1585,12,1800000,0,user_35,484,486,
1435,13,1100000,0,user_32,482,486,
1645,14,1000000,0,user_35,485,486,
1647,15,670000,164000,user_37,485,486,
1648,16,670000,381000,user_37,485,486,
1643,17,600000,0,user_33,485,486,
1661,18,310001,0,user_0,486,486,1376
1664,19,310001,0,user_1,486,486,1376
1577,20,310000,0,user_32,484,486,
1649,21,300000,0,user_37,485,486,
1578,22,260000,0,user_32,484,486,
1657,23,240000,0,user_47,485,486,
1662,24,170001,0,user_0,486,486,1434
1637,25,170000,0,user_25,485,486,
1553,26,160001,0,user_9,484,486,1426
1614,27,160001,0,user_9,485,486,1426
1615,28,160001,0,user_9,485,486,1426
1627,29,160001,0,user_15,485,486,1426
1623,30,159999,0,user_15,485,486,1426
1579,31,150000,0,user_32,484,486,
1437,32,110000,0,user_32,482,486,
1438,33,110000,0,user_32,482,486,
1658,34,110000,0,user_47,485,486,
1595,0,43000000,0,user_46,484,487,
1642,1,27000000,0,user_32,485,487,
1753,2,6100001,0,user_0,487,487,1502
1453,3,6100000,0,user_48,482,487,
1449,4,6100000,0,user_43,482,487,
1352,5,5200000,0,user_43,480,487,
1425,6,5000000,0,user_23,482,487,
1497,7,4200000,0,user_29,483,487,
1350,8,3600000,0,user_43,480,487,
1704,9,3600000,100000,user_33,486,487,
1401,10,3500000,0,user_49,481,487,
1681,11,3200000,0,user_21,486,487,
1705,12,2500000,0,user_35,486,487,
1414,13,2400001,0,user_10,482,487,1395
1419,14,2400001,0,user_17,482,487,1395
1395,15,2400000,322000,user_43,481,487,
1612,16,2399999,0,user_7,485,487,1395
1555,17,2300001,0,user_12,484,487,1356
1559,18,2300001,0,user_14,484,487,1356
1666,19,2300001,0,user_2,486,487,1356
1757,20,2300001,0,user_1,487,487,1356
1550,21,2299999,0,user_6,484,487,1356
1665,22,2299999,0,user_2,486,487,1356
1752,23,2299999,0,user_0,487,487,1356
1755,24,2299999,0,user_0,487,487,1356
1756,25,2299999,0,user_0,487,487,1356
1374,26,2000000,0,user_20,481,487,
1485,27,2000000,0,user_20,483,487,
1572,28,1800000,0,user_29,484,487,
1517,29,1600000,0,user_46,483,487,
1574,30,1600000,0,user_29,484,487,
1444,31,1600000,16400,user_38,482,487,
1721,32,1600000,256000,user_47,486,487,
1687,33,1500000,0,user_24,486,487,
1367,34,1400001,0,user_10,481,487,1312
1492,35,1200000,0,user_26,483,487,
1706,36,1100000,0,user_35,486,487,
1511,37,1000000,0,user_40,483,487,
1594,38,1000000,0,user_46,484,487,
1596,39,1000000,17000,user_46,484,487,
1327,40,1000000,0,user_20,480,487,
1349,41,1000000,0,user_43,480,487,
1712,42,970000,0,user_37,486,487,
1575,43,910000,0,user_29,484,487,
1711,44,670000,0,user_37,486,487,
1573,45,660000,0,user_29,484,487,
1700,46,660000,0,user_30,486,487,
1447,47,630000,0,user_41,482,487,
1597,48,530000,0,user_46,484,487,
1688,49,470000,0,user_25,486,487,
1549,50,460001,0,user_5,484,487,1396
1551,51,460001,0,user_8,484,487,1396
1556,52,460001,0,user_12,484,487,1396
1621,53,460001,0,user_13,485,487,1396
1496,54,460000,0,user_29,483,487,
1547,55,459999,0,user_4,484,487,1396
1480,56,459999,0,user_16,483,487,1396
1483,57,459999,0,user_19,483,487,1396
1484,58,459999,0,user_19,483,487,1396
1557,59,459999,0,user_13,484,487,1396
1558,60,459999,0,user_14,484,487,1396
1611,61,459999,0,user_6,485,487,1396
1701,62,420000,0,user_31,486,487,
1330,63,360000,0,user_23,480,487,
1495,64,360000,0,user_28,483,487,
1703,65,340000,0,user_33,486,487,
1454,66,320000,0,user_49,482,487,
1676,67,310001,0,user_15,486,487,1376
1348,68,310000,0,user_43,480,487,
1609,69,309999,0,user_4,485,487,1376
1487,70,260000,0,user_23,483,487,
1724,71,260000,0,user_47,486,487,
1393,72,220000,100000,user_41,481,487,
1481,73,219999,0,user_17,483,487,1393
1554,74,219999,0,user_10,484,487,1393
1476,75,170001,0,user_8,483,487,1434
1552,76,170001,0,user_8,484,487,1434
1608,77,170001,0,user_4,485,487,1434
1610,78,170001,0,user_4,485,487,1434
1477,79,169999,0,user_12,483,487,1434
1548,80,169999,0,user_5,484,487,1434
1754,81,169999,0,user_0,487,487,1434
1479,82,160001,0,user_14,483,487,1426
1421,83,160000,0,user_20,482,487,
1390,84,150000,0,user_38,481,487,
1344,85,120000,0,user_38,480,487,
1455,86,120000,0,user_49,482,487,
1722,87,120000,0,user_47,486,487,
1450,88,110000,15700,user_44,482,487,
1723,89,110000,164000,user_47,486,487,
1598,90,87000,0,user_46,484,487,
1381,91,84000,0,user_28,481,487,
1351,92,73000,0,user_43,480,487,
1566,0,27000000,17000,user_23,484,488,
1570,1,6300000,0,user_28,484,488,
1784,2,6300000,14200,user_31,487,488,
1599,3,3600000,0,user_48,484,488,
1507,4,3500000,0,user_38,483,488,
1583,5,2500000,12800,user_34,484,488,
1613,6,2299999,0,user_8,485,488,1356
1667,7,2299999,0,user_4,486,488,1356
1668,8,2299999,0,user_5,486,488,1356
1761,9,2299999,0,user_9,487,488,1356
1829,10,2299999,0,user_0,488,488,1356
1509,11,2000000,0,user_38,483,488,
1571,12,2000000,0,user_28,484,488,
1501,13,1700000,0,user_34,483,488,
1634,14,1600001,0,user_19,485,488,1581
1635,15,1600001,0,user_19,485,488,1581
1581,16,1600000,769000,user_34,484,488,
1772,17,1600000,0,user_21,487,488,
1786,18,1600000,0,user_31,487,488,
1771,19,1500000,231000,user_21,487,488,
1776,20,1500000,0,user_24,487,488,
1506,21,1400000,0,user_38,483,488,
1781,22,1000000,17000,user_30,487,488,
1790,23,1000000,13900,user_35,487,488,
1565,24,970000,0,user_23,484,488,
1505,25,910000,0,user_38,483,488,
1522,26,870000,0,user_49,483,488,
1590,27,660000,0,user_41,484,488,
1830,28,650001,0,user_1,488,488,1521
1582,29,650000,0,user_34,484,488,
1521,30,650000,1100000,user_49,483,488,
1629,31,460001,0,user_16,485,488,1396
1620,32,459999,0,user_12,485,488,1396
1564,33,459999,0,user_19,484,488,1396
1630,34,459999,0,user_16,485,488,1396
1789,35,360000,0,user_33,487,488,
1653,36,300000,0,user_40,485,488,
1562,37,220001,0,user_17,484,488,1393
1513,38,220000,0,user_44,483,488,
1584,39,220000,0,user_34,484,488,
1622,40,170001,0,user_14,485,488,1434
1670,41,170001,0,user_7,486,488,1434
1758,42,170001,0,user_2,487,488,1434
1783,43,170000,0,user_31,487,488,
1669,44,169999,0,user_6,486,488,1434
1618,45,169999,0,user_10,485,488,1434
1762,46,169999,0,user_9,487,488,1434
1619,47,160001,0,user_12,485,488,1426
1519,48,160000,0,user_48,483,488,
1569,49,160000,0,user_28,484,488,
1785,50,160000,283000,user_31,487,488,
1561,51,159999,0,user_16,484,488,1426
1628,52,159999,0,user_16,485,488,1426
1641,53,150000,0,user_29,485,488,
1508,54,150000,0,user_38,483,488,
1777,55,110000,0,user_25,487,488,
1782,56,110000,0,user_31,487,488,
1514,57,85000,64600,user_44,483,488,
1600,58,77000,0,user_48,484,488,
1654,59,77000,0,user_40,485,488,
1520,60,73000,0,user_48,483,488,
1923,4,6100001,0,user_10,489,492,1502
1847,9,6099999,0,user_17,488,492,1502
1850,11,3600000,73100,user_20,488,492,
1851,14,2500000,0,user_20,488,492,
1878,15,2400000,11200,user_43,488,492,
1372,39,1399999,0,user_18,481,490,1312
1806,30,1000000,0,user_49,487,492,
1792,37,260000,0,user_38,487,492,
1863,38,260000,34700,user_28,488,492,
1877,64,79000,0,user_41,488,492,
1680,0,30000000,769000,user_20,486,490,
1833,1,6100001,0,user_3,488,490,1502
1671,2,6099999,0,user_10,486,490,1502
1763,3,6099999,0,user_10,487,490,1502
1769,4,6099999,0,user_18,487,490,1502
1693,5,5000000,0,user_26,486,490,
1683,6,3500000,67500,user_22,486,490,
1698,7,2500000,0,user_29,486,490,
1672,8,2300001,0,user_12,486,490,1356
1673,9,2300001,0,user_12,486,490,1356
1674,10,2300001,0,user_12,486,490,1356
1765,11,2300001,0,user_12,487,490,1356
1767,12,2300001,0,user_16,487,490,1356
1839,13,2299999,0,user_9,488,490,1356
1675,14,2299999,0,user_14,486,490,1356
1766,15,2299999,0,user_14,487,490,1356
1832,16,2000001,0,user_3,488,490,1640
1836,17,2000001,0,user_5,488,490,1640
1841,18,2000001,0,user_11,488,490,1640
2000,19,2000001,0,user_1,490,490,1640
1640,20,2000000,4320000,user_28,485,490,
1760,21,1999999,0,user_7,487,490,1640
1831,22,1999999,0,user_2,488,490,1640
1835,23,1999999,0,user_4,488,490,1640
1837,24,1999999,0,user_7,488,490,1640
1917,25,1999999,0,user_2,489,490,1640
1999,26,1999999,0,user_1,490,490,1640
1682,27,1900000,16400,user_22,486,490,
1963,28,1900000,0,user_33,489,490,
1773,29,1800000,0,user_22,487,490,
1883,30,1600000,0,user_47,488,490,
1945,31,1600000,0,user_25,489,490,
1959,32,1600000,0,user_31,489,490,
1684,33,1500000,0,user_22,486,490,
1725,34,1500000,6390,user_48,486,490,
1563,35,1400001,0,user_18,484,490,1312
1678,36,1400001,0,user_18,486,490,1312
1679,37,1400001,0,user_18,486,490,1312
1958,38,1400000,0,user_30,489,490,
1372,39,1399999,0,user_18,481,490,1312
1482,40,1399999,0,user_18,483,490,1312
1633,41,1399999,0,user_18,485,490,1312
1853,42,1000000,769000,user_21,488,490,
1685,43,1000000,0,user_22,486,490,
1697,44,1000000,0,user_28,486,490,
1636,45,910000,32900,user_20,485,490,
1862,46,910000,0,user_24,488,490,
1861,47,670000,0,user_24,488,490,
1871,48,670000,0,user_35,488,490,
1720,49,670000,0,user_46,486,490,
1726,50,670000,19700,user_48,486,490,
1632,51,650001,0,user_17,485,490,1521
1759,52,649999,0,user_3,487,490,1521
1631,53,649999,0,user_17,485,490,1521
1764,54,649999,0,user_11,487,490,1521
1867,55,530000,0,user_33,488,490,
1699,56,470000,0,user_29,486,490,
1659,57,460000,0,user_48,485,490,
1954,58,420000,121000,user_30,489,490,
1691,59,370000,56200,user_26,486,490,
1868,60,320000,0,user_33,488,490,
1677,61,310001,0,user_16,486,490,1376
1916,62,310001,0,user_2,489,490,1376
1770,63,309999,0,user_19,487,490,1376
1866,64,260000,0,user_31,488,490,
1858,65,260000,0,user_24,488,490,
1962,66,240000,24700,user_33,489,490,
1859,67,220000,510000,user_24,488,490,
1860,68,220000,47700,user_24,488,490,
1915,69,170001,0,user_0,489,490,1434
1834,70,170001,0,user_4,488,490,1434
1689,71,170000,0,user_26,486,490,
1957,72,170000,0,user_30,489,490,
1873,73,160000,0,user_37,488,490,
1686,74,160000,296000,user_23,486,490,
1842,75,159999,0,user_13,488,490,1426
1655,76,150000,0,user_41,485,490,
1692,77,150000,0,user_26,486,490,
1696,78,150000,0,user_28,486,490,
1852,79,120000,0,user_21,488,490,
1690,80,120000,43600,user_26,486,490,
1716,81,120000,0,user_41,486,490,
1955,82,120000,0,user_30,489,490,
1780,83,110000,15100,user_29,487,490,
1956,84,87000,71800,user_30,489,490,
1865,85,83000,296000,user_30,488,490,
1717,86,80000,0,user_41,486,490,
1960,87,70000,256000,user_31,489,490,
2031,0,43000000,7840,user_35,490,491,
1943,1,27000000,0,user_24,489,491,
2014,2,6100001,0,user_15,490,491,1502
1702,3,4200000,0,user_32,486,491,
1942,4,4200000,0,user_24,489,491,
1976,5,4200000,0,user_47,489,491,
2022,6,2600000,0,user_25,490,491,
2032,7,2600000,0,user_35,490,491,
2051,8,2000001,0,user_0,491,491,1640
2020,9,2000000,0,user_25,490,491,
1978,10,870000,0,user_47,489,491,
1922,11,649999,0,user_9,489,491,1521
1931,12,649999,0,user_15,489,491,1521
2009,13,649999,0,user_9,490,491,1521
1944,14,630000,0,user_24,489,491,
2029,15,470000,0,user_33,490,491,
2033,16,310000,0,user_35,490,491,
1965,17,220000,0,user_35,489,491,
2034,18,170000,0,user_35,490,491,
2052,19,159999,0,user_1,491,491,1426
1787,20,150000,0,user_32,487,491,
2019,21,130000,0,user_24,490,491,
2021,22,120000,0,user_25,490,491,
2026,23,110000,0,user_31,490,491,
1941,24,110000,0,user_24,489,491,
1975,25,110000,0,user_47,489,491,
1977,26,100000,0,user_47,489,491,
1788,27,84000,0,user_32,487,491,
1961,28,82000,0,user_32,489,491,
1660,0,43000000,0,user_49,485,492,
1797,1,27000000,0,user_41,487,492,
2003,2,6100001,0,user_3,490,492,1502
2006,3,6100001,0,user_6,490,492,1502
1923,4,6100001,0,user_10,489,492,1502
1918,5,6099999,0,user_3,489,492,1502
1919,6,6099999,0,user_6,489,492,1502
1768,7,6099999,0,user_17,487,492,1502
1840,8,6099999,0,user_10,488,492,1502
1847,9,6099999,0,user_17,488,492,1502
2099,33,4200000,410000,user_47,491,494,
1850,11,3600000,73100,user_20,488,492,
2091,34,3600000,0,user_37,491,494,
1802,13,2500000,14200,user_43,487,492,
1851,14,2500000,0,user_20,488,492,
1878,15,2400000,11200,user_43,488,492,
2079,39,2400000,47700,user_25,491,494,
2002,17,2000001,0,user_3,490,492,1640
2004,18,2000001,0,user_3,490,492,1640
2005,19,2000001,0,user_5,490,492,1640
1946,20,2000000,0,user_26,489,492,
1924,21,1999999,0,user_11,489,492,1640
1849,22,1999999,0,user_19,488,492,1640
1932,23,1999999,0,user_16,489,492,1640
1933,24,1999999,0,user_16,489,492,1640
2068,55,1999999,0,user_15,491,494,1640
1947,26,1100000,381000,user_26,489,492,
2086,59,1100000,0,user_30,491,494,
2053,28,1000001,0,user_2,491,492,1795
1795,29,1000000,7190000,user_40,487,492,
1806,30,1000000,0,user_49,487,492,
1779,31,420000,0,user_28,487,492,
2100,85,360000,0,user_47,491,494,
2154,87,310001,0,user_0,492,494,1376
1948,34,310000,0,user_26,489,492,
2028,90,310000,0,user_32,490,494,
1775,36,260000,33100,user_23,487,492,
1792,37,260000,0,user_38,487,492,
1863,38,260000,34700,user_28,488,492,
1801,39,220000,0,user_43,487,492,
1803,40,220000,0,user_43,487,492,
2102,94,220000,0,user_47,491,494,
1774,42,190000,0,user_23,487,492,
2155,96,170001,0,user_1,492,494,1434
1651,44,170000,0,user_38,485,492,
2088,98,170000,215000,user_33,491,494,
1848,46,169999,0,user_18,488,492,1434
2001,47,169999,0,user_3,490,492,1434
2007,48,160001,0,user_7,490,492,1426
2061,49,160001,0,user_9,491,492,1426
2067,50,160001,0,user_15,491,492,1426
2027,51,160000,0,user_32,490,492,
2077,52,160000,0,user_24,491,492,
1713,53,150000,0,user_38,486,492,
1968,54,130000,0,user_40,489,492,
1796,55,120000,164000,user_41,487,492,
2087,56,120000,164000,user_31,491,492,
2101,57,120000,56200,user_47,491,492,
1794,58,110000,0,user_40,487,492,
1805,59,110000,0,user_48,487,492,
2076,60,110000,5630,user_24,491,492,
1800,61,85000,0,user_43,487,492,
1876,62,84000,8520,user_40,488,492,
2078,63,84000,0,user_24,491,492,
1877,64,79000,0,user_41,488,492,
2176,49,2000000,0,user_25,492,494,
2169,60,1100000,0,user_21,492,494,
2180,75,530000,0,user_33,492,494,
2179,80,420000,0,user_31,492,494,
2168,86,350000,0,user_21,492,494,
2196,5,169999,0,user_1,493,493,1434
2041,0,43000000,0,user_46,490,496,
1979,2,30000000,0,user_48,489,496,
1938,4,27000000,0,user_22,489,496,
2223,0,19000000,0,user_41,493,497,
1857,5,19000000,0,user_22,488,496,
1879,6,6300000,0,user_44,488,496,
1928,7,6100001,0,user_12,489,496,1502
2055,8,6100001,0,user_4,491,496,1502
2057,9,6100001,0,user_6,491,496,1502
2163,10,6100001,0,user_13,492,496,1502
2065,11,6100001,0,user_12,491,496,1502
2158,12,6100001,0,user_8,492,496,1502
2160,13,6100001,0,user_8,492,496,1502
2070,14,6100001,0,user_16,491,496,1502
2073,15,6100001,0,user_19,491,496,1502
2201,16,6100001,0,user_6,493,496,1502
2238,17,6100001,0,user_2,494,496,1502
2080,21,6100000,0,user_26,491,496,
2054,22,6099999,0,user_3,491,496,1502
1846,23,6099999,0,user_14,488,496,1502
2016,24,6099999,0,user_19,490,496,1502
2056,25,6099999,0,user_5,491,496,1502
2156,27,6099999,0,user_3,492,496,1502
2197,28,6099999,0,user_3,493,496,1502
2066,29,6099999,0,user_14,491,496,1502
2198,30,6099999,0,user_4,493,496,1502
2199,31,6099999,0,user_4,493,496,1502
2069,32,6099999,0,user_16,491,496,1502
2166,33,6099999,0,user_16,492,496,1502
2200,34,6099999,0,user_5,493,496,1502
2204,35,6099999,0,user_13,493,496,1502
2017,41,5000000,12800,user_22,490,496,
1970,42,4500000,146000,user_44,489,496,
2099,33,4200000,410000,user_47,491,494,
2091,34,3600000,0,user_37,491,494,
1882,43,3500000,0,user_46,488,496,
1870,44,3500000,0,user_34,488,496,
1964,46,2500000,35600,user_34,489,496,
2191,18,2400000,0,user_43,492,497,
2079,39,2400000,47700,user_25,491,494,
1838,51,2000001,0,user_8,488,496,1640
1843,52,2000001,0,user_14,488,496,1640
1844,53,2000001,0,user_14,488,496,1640
1921,54,2000001,0,user_8,489,496,1640
1927,55,2000001,0,user_12,489,496,1640
1930,56,2000001,0,user_14,489,496,1640
2008,57,2000001,0,user_8,490,496,1640
2012,58,2000001,0,user_12,490,496,1640
1973,60,2000000,0,user_46,489,496,
2176,49,2000000,0,user_25,492,494,
1845,64,1999999,0,user_14,488,496,1640
1926,65,1999999,0,user_12,489,496,1640
1929,66,1999999,0,user_12,489,496,1640
2013,67,1999999,0,user_14,490,496,1640
1936,68,1999999,0,user_18,489,496,1640
2068,55,1999999,0,user_15,491,494,1640
2171,21,1600000,0,user_23,492,497,
2213,22,1600000,0,user_28,493,497,
2030,75,1400000,0,user_34,490,496,
2086,59,1100000,0,user_30,491,494,
2169,60,1100000,0,user_21,492,494,
2157,82,1000001,0,user_6,492,496,1795
2159,83,1000001,0,user_8,492,496,1795
1953,85,1000000,0,user_29,489,496,
2042,86,1000000,0,user_48,490,496,
2189,87,1000000,0,user_40,492,496,
2064,89,999999,0,user_11,491,496,1795
2060,90,999999,0,user_8,491,496,1795
2229,30,910000,0,user_43,493,497,
2037,92,910000,0,user_40,490,496,
2043,93,910000,0,user_48,490,496,
2082,95,670000,256000,user_26,491,496,
1864,97,660000,164000,user_29,488,496,
1869,99,650000,0,user_34,488,496,
2083,74,630000,0,user_26,491,494,
2180,75,530000,0,user_33,492,494,
2170,76,530000,0,user_22,492,494,
1974,77,470000,381000,user_46,489,494,
1854,78,460000,0,user_22,488,494,
1980,79,420000,0,user_48,489,494,
2179,80,420000,0,user_31,492,494,
2178,35,370000,36800,user_28,492,497,
2103,36,360000,0,user_49,491,497,
1856,83,360000,0,user_22,488,494,
1884,84,360000,0,user_48,488,494,
2100,85,360000,0,user_47,491,494,
2168,86,350000,0,user_21,492,494,
2154,87,310001,0,user_0,492,494,1376
2164,88,310001,0,user_13,492,494,1376
2244,89,310001,0,user_7,494,494,1376
2028,90,310000,0,user_32,490,494,
1925,91,309999,0,user_12,489,494,1376
1880,92,300000,0,user_44,488,494,
2025,93,260000,0,user_29,490,494,
2102,94,220000,0,user_47,491,494,
2081,95,220000,0,user_26,491,494,
2155,96,170001,0,user_1,492,494,1434
2250,46,170001,0,user_10,494,497,1434
2088,98,170000,215000,user_33,491,494,
1920,99,169999,0,user_8,489,494,1434
2239,18,6100001,0,user_3,494,496,1502
2203,19,6100001,0,user_12,493,496,1502
2243,20,6100001,0,user_6,494,496,1502
2240,37,6099999,0,user_4,494,496,1502
2207,38,6099999,0,user_16,493,496,1502
2338,12,6099999,0,user_7,495,497,1502
2263,23,2100000,769000,user_28,494,499,
2232,61,2000000,283000,user_46,493,496,
2241,84,1000001,0,user_4,494,496,1795
2242,91,999999,0,user_5,494,496,1795
2260,43,370000,0,user_23,494,499,
2285,44,370000,0,user_41,494,499,
2288,45,340000,33300,user_43,494,499,
2202,13,310001,0,user_8,493,495,1376
2286,50,260000,161000,user_41,494,499,
2252,15,160001,0,user_13,494,495,1426
2331,16,160001,0,user_2,495,495,1426
2340,59,160001,0,user_10,495,499,1426
2205,18,159999,0,user_14,493,495,1426
1855,19,98000,0,user_22,488,495,
1881,20,80000,0,user_46,488,495,
2041,0,43000000,0,user_46,490,496,
2184,1,30000000,0,user_35,492,496,
1979,2,30000000,0,user_48,489,496,
2035,3,30000000,0,user_38,490,496,
1938,4,27000000,0,user_22,489,496,
1857,5,19000000,0,user_22,488,496,
1879,6,6300000,0,user_44,488,496,
1928,7,6100001,0,user_12,489,496,1502
2055,8,6100001,0,user_4,491,496,1502
2057,9,6100001,0,user_6,491,496,1502
2163,10,6100001,0,user_13,492,496,1502
2065,11,6100001,0,user_12,491,496,1502
2158,12,6100001,0,user_8,492,496,1502
2160,13,6100001,0,user_8,492,496,1502
2070,14,6100001,0,user_16,491,496,1502
2073,15,6100001,0,user_19,491,496,1502
2201,16,6100001,0,user_6,493,496,1502
2238,17,6100001,0,user_2,494,496,1502
2239,18,6100001,0,user_3,494,496,1502
2203,19,6100001,0,user_12,493,496,1502
2243,20,6100001,0,user_6,494,496,1502
2080,21,6100000,0,user_26,491,496,
2054,22,6099999,0,user_3,491,496,1502
1846,23,6099999,0,user_14,488,496,1502
2016,24,6099999,0,user_19,490,496,1502
2056,25,6099999,0,user_5,491,496,1502
2059,26,6099999,0,user_7,491,496,1502
2156,27,6099999,0,user_3,492,496,1502
2197,28,6099999,0,user_3,493,496,1502
2066,29,6099999,0,user_14,491,496,1502
2198,30,6099999,0,user_4,493,496,1502
2199,31,6099999,0,user_4,493,496,1502
2069,32,6099999,0,user_16,491,496,1502
2166,33,6099999,0,user_16,492,496,1502
2200,34,6099999,0,user_5,493,496,1502
2204,35,6099999,0,user_13,493,496,1502
2247,36,6099999,0,user_9,494,496,1502
2240,37,6099999,0,user_4,494,496,1502
2207,38,6099999,0,user_16,493,496,1502
2394,39,6099999,0,user_1,496,496,1502
2214,40,5200000,60700,user_30,493,496,
2017,41,5000000,12800,user_22,490,496,
1970,42,4500000,146000,user_44,489,496,
1882,43,3500000,0,user_46,488,496,
1870,44,3500000,0,user_34,488,496,
2280,45,3500000,0,user_37,494,496,
1964,46,2500000,35600,user_34,489,496,
2278,47,2400000,0,user_35,494,496,
2281,48,2300000,16400,user_37,494,496,
2165,49,2000001,0,user_15,492,496,1640
2206,50,2000001,0,user_15,493,496,1640
1838,51,2000001,0,user_8,488,496,1640
1843,52,2000001,0,user_14,488,496,1640
1844,53,2000001,0,user_14,488,496,1640
1921,54,2000001,0,user_8,489,496,1640
1927,55,2000001,0,user_12,489,496,1640
1930,56,2000001,0,user_14,489,496,1640
2008,57,2000001,0,user_8,490,496,1640
2012,58,2000001,0,user_12,490,496,1640
2218,59,2000000,0,user_33,493,496,
1973,60,2000000,0,user_46,489,496,
2232,61,2000000,283000,user_46,493,496,
2085,62,2000000,0,user_28,491,496,
2364,63,2000000,0,user_30,495,496,
1845,64,1999999,0,user_14,488,496,1640
1926,65,1999999,0,user_12,489,496,1640
1929,66,1999999,0,user_12,489,496,1640
2013,67,1999999,0,user_14,490,496,1640
1936,68,1999999,0,user_18,489,496,1640
2071,69,1999999,0,user_17,491,496,1640
2162,70,1999999,0,user_10,492,496,1640
2174,71,1900000,0,user_24,492,496,
2018,72,1600000,0,user_23,490,496,
2024,73,1600000,322000,user_28,490,496,
2211,74,1400000,0,user_25,493,496,
2030,75,1400000,0,user_34,490,496,
1940,76,1300000,0,user_23,489,496,
2187,77,1200000,161000,user_37,492,496,
2275,78,1200000,0,user_33,494,496,
2215,79,1200000,0,user_32,493,496,
2172,80,1100000,0,user_24,492,496,
2261,81,1100000,0,user_24,494,496,
2157,82,1000001,0,user_6,492,496,1795
2159,83,1000001,0,user_8,492,496,1795
2241,84,1000001,0,user_4,494,496,1795
1953,85,1000000,0,user_29,489,496,
2042,86,1000000,0,user_48,490,496,
2189,87,1000000,0,user_40,492,496,
2038,88,1000000,0,user_41,490,496,
2064,89,999999,0,user_11,491,496,1795
2060,90,999999,0,user_8,491,496,1795
2242,91,999999,0,user_5,494,496,1795
2037,92,910000,0,user_40,490,496,
2043,93,910000,0,user_48,490,496,
2183,94,670000,296000,user_35,492,496,
2082,95,670000,256000,user_26,491,496,
2366,96,670000,0,user_31,495,496,
1864,97,660000,164000,user_29,488,496,
2269,98,660000,0,user_30,494,496,
1869,99,650000,0,user_34,488,496,
2223,0,19000000,0,user_41,493,497,
2253,1,6100001,0,user_14,494,497,1502
2332,2,6100001,0,user_4,495,497,1502
2333,3,6100001,0,user_4,495,497,1502
2072,4,6100001,0,user_18,491,497,1502
2341,5,6100001,0,user_11,495,497,1502
2427,6,6100000,18600,user_31,496,497,
2245,7,6099999,0,user_8,494,497,1502
2334,8,6099999,0,user_5,495,497,1502
2335,9,6099999,0,user_5,495,497,1502
2336,10,6099999,0,user_5,495,497,1502
2337,11,6099999,0,user_6,495,497,1502
2338,12,6099999,0,user_7,495,497,1502
2209,13,6099999,0,user_18,493,497,1502
2343,14,6099999,0,user_13,495,497,1502
2395,15,6099999,0,user_2,496,497,1502
2434,16,4500000,0,user_37,496,497,
2432,17,3200000,0,user_37,496,497,
2191,18,2400000,0,user_43,492,497,
2418,19,2100000,5630,user_24,496,497,
2417,20,2000000,33300,user_24,496,497,
2171,21,1600000,0,user_23,492,497,
2213,22,1600000,0,user_28,493,497,
2373,23,1500000,0,user_37,495,497,
2431,24,1500000,75000,user_37,496,497,
2433,25,1500000,0,user_37,496,497,
2419,26,1200000,47700,user_25,496,497,
2266,27,1000000,0,user_29,494,497,
2251,28,999999,0,user_12,494,497,1795
2430,29,970000,0,user_35,496,497,
2229,30,910000,0,user_43,493,497,
2426,31,910000,12300,user_30,496,497,
2267,32,630000,0,user_29,494,497,
2291,33,630000,0,user_46,494,497,
2381,34,630000,0,user_47,495,497,
2178,35,370000,36800,user_28,492,497,
2103,36,360000,0,user_49,491,497,
2413,37,320000,0,user_21,496,497,
2011,38,310001,0,user_10,490,497,1376
2344,39,310001,0,user_15,495,497,1376
2357,40,310000,0,user_24,495,497,
1939,41,260000,0,user_23,489,497,
2044,42,240000,0,user_49,490,497,
1934,43,170001,0,user_17,489,497,1434
1935,44,170001,0,user_17,489,497,1434
2010,45,170001,0,user_10,490,497,1434
2250,46,170001,0,user_10,494,497,1434
2258,47,170001,0,user_18,494,497,1434
2474,48,170001,0,user_0,497,497,1434
2475,49,170001,0,user_1,497,497,1434
2382,50,170000,0,user_47,495,497,
2167,51,169999,0,user_18,492,497,1434
2400,52,169999,0,user_9,496,497,1434
1937,53,160000,0,user_20,489,497,
2259,54,160000,0,user_22,494,497,
2274,55,160000,0,user_32,494,497,
2015,56,159999,0,user_16,490,497,1426
2208,57,159999,0,user_17,493,497,1426
2195,58,150000,13900,user_49,492,497,
1874,59,120000,350000,user_38,488,497,
2284,60,120000,0,user_40,494,497,
2188,61,110000,0,user_38,492,497,
2230,62,100000,0,user_43,493,497,
2264,63,98000,769000,user_29,494,497,
2265,64,82000,0,user_29,494,497,
2491,0,30000000,0,user_23,497,498,
2411,5,6100001,0,user_19,496,499,1502
2412,6,6100001,0,user_19,496,499,1502
2410,7,6100001,0,user_18,496,499,1502
2539,8,6100001,0,user_2,498,499,1502
2543,5,6100001,0,user_7,498,498,1502
2408,16,6099999,0,user_16,496,499,1502
2478,17,6099999,0,user_5,497,499,1502
2483,18,6099999,0,user_11,497,499,1502
2544,9,6099999,0,user_7,498,498,1502
2545,10,6099999,0,user_7,498,498,1502
2374,11,2500000,5630,user_38,495,498,
2435,12,2100000,0,user_38,496,498,
2487,13,2000001,0,user_17,497,498,1640
2384,14,1400000,0,user_49,495,498,
2383,29,1400000,381000,user_48,495,499,
2509,16,1000000,0,user_41,497,498,
2445,17,910000,0,user_49,496,498,
2409,48,309999,0,user_18,496,499,1376
2510,19,220000,0,user_41,497,498,
2484,57,169999,0,user_13,497,499,1434
2547,21,160001,0,user_10,498,498,1426
2511,22,160000,195000,user_43,497,498,
2420,64,150000,0,user_26,496,499,
2089,74,110000,0,user_34,491,499,
2372,79,100000,0,user_34,495,499,
2492,26,70000,0,user_23,497,498,
2496,0,19000000,0,user_31,497,499,
2358,1,6300000,510000,user_26,495,499,
2347,2,6100001,0,user_18,495,499,1502
2349,3,6100001,0,user_18,495,499,1502
2404,4,6100001,0,user_11,496,499,1502
2411,5,6100001,0,user_19,496,499,1502
2412,6,6100001,0,user_19,496,499,1502
2410,7,6100001,0,user_18,496,499,1502
2539,8,6100001,0,user_2,498,499,1502
2234,9,6100000,0,user_49,493,499,
2398,10,6099999,0,user_4,496,499,1502
2352,11,6099999,0,user_19,495,499,1502
2399,12,6099999,0,user_5,496,499,1502
2348,13,6099999,0,user_18,495,499,1502
2350,14,6099999,0,user_18,495,499,1502
2477,15,6099999,0,user_2,497,499,1502
2408,16,6099999,0,user_16,496,499,1502
2478,17,6099999,0,user_5,497,499,1502
2483,18,6099999,0,user_11,497,499,1502
2356,19,4200000,0,user_23,495,499,
2181,20,2600000,0,user_34,492,499,
2233,21,2400000,0,user_49,493,499,
2362,22,2300000,0,user_29,495,499,
2263,23,2100000,769000,user_28,494,499,
2346,24,2000001,0,user_17,495,499,1640
2403,25,2000001,0,user_10,496,499,1640
2402,26,1999999,0,user_10,496,499,1640
2499,27,1500000,0,user_33,497,499,
2277,28,1400000,0,user_34,494,499,
2383,29,1400000,381000,user_48,495,499,
2353,30,1400000,0,user_20,495,499,
2572,31,1400000,15300,user_35,498,499,
2396,32,1000001,0,user_4,496,499,1795
2359,33,1000000,0,user_26,495,499,
2568,34,1000000,0,user_31,498,499,
2406,35,999999,0,user_13,496,499,1795
2476,36,999999,0,user_2,497,499,1795
2595,37,999999,0,user_1,499,499,1795
2376,38,970000,0,user_41,495,499,
2504,39,660000,0,user_37,497,499,
2361,40,600000,0,user_26,495,499,
2194,41,470000,0,user_48,492,499,
2294,42,460000,322000,user_48,494,499,
2260,43,370000,0,user_23,494,499,
2285,44,370000,0,user_41,494,499,
2288,45,340000,33300,user_43,494,499,
2345,46,310001,0,user_16,495,499,1376
2479,47,309999,0,user_7,497,499,1376
2409,48,309999,0,user_18,496,499,1376
2360,49,300000,0,user_26,495,499,
2286,50,260000,161000,user_41,494,499,
2502,51,220000,0,user_35,497,499,
2339,52,170001,0,user_8,495,499,1434
2351,53,170001,0,user_18,495,499,1434
2546,54,170001,0,user_9,498,499,1434
2594,55,170001,0,user_0,499,499,1434
2296,56,170000,0,user_49,494,499,
2484,57,169999,0,user_13,497,499,1434
2342,58,160001,0,user_12,495,499,1426
2340,59,160001,0,user_10,495,499,1426
2481,60,160001,0,user_9,497,499,1426
2516,61,160000,21800,user_47,497,499,
2397,62,159999,0,user_4,496,499,1426
2401,63,159999,0,user_10,496,499,1426
2420,64,150000,0,user_26,496,499,
2355,65,150000,84800,user_23,495,499,
2378,66,150000,0,user_43,495,499,
2567,67,130000,15300,user_30,498,499,
2282,68,120000,0,user_38,494,499,
2501,69,120000,0,user_35,497,499,
2571,70,120000,0,user_35,498,499,
2354,71,110000,0,user_22,495,499,
2363,72,110000,0,user_29,495,499,
2380,73,110000,0,user_46,495,499,
2089,74,110000,0,user_34,491,499,
2289,75,110000,84800,user_44,494,499,
2293,76,110000,0,user_48,494,499,
2494,77,110000,0,user_30,497,499,
2573,78,110000,0,user_37,498,499,
2372,79,100000,0,user_34,495,499,
2221,80,98000,0,user_38,493,499,
2561,81,83000,0,user_21,498,499,
2295,82,82000,0,user_49,494,499,
2495,83,77000,0,user_30,497,499,
2192,84,70000,0,user_44,492,499,
1310,11,970000,0,user_1,500,501,
1309,17,120000,0,user_0,500,501,
1315,1,6300000,0,user_7,500,502,
1352,5,5200000,0,user_43,500,507,
1350,8,3600000,0,user_43,500,507,
1316,5,2600000,0,user_7,500,502,
1360,10,1400001,0,user_2,501,502,1312
1364,8,1400001,0,user_7,501,503,1312
1367,34,1400001,0,user_10,501,507,1312
1312,11,1400000,10700,user_4,500,502,
1359,14,1399999,0,user_2,501,502,1312
1327,40,1000000,0,user_20,500,507,
1349,41,1000000,0,user_43,500,507,
1310,11,970000,0,user_1,500,501,
1319,17,970000,0,user_11,500,502,
1330,63,360000,0,user_23,500,507,
1311,23,360000,0,user_3,500,502,
1348,68,310000,0,user_43,500,507,
1313,29,150000,0,user_5,500,502,
1309,17,120000,0,user_0,500,501,
1314,33,120000,0,user_6,500,502,
1322,35,110000,0,user_13,500,502,
1351,92,73000,0,user_43,500,507,
1336,0,30000000,0,user_25,500,502,
1315,1,6300000,0,user_7,500,502,
1318,2,3600000,0,user_9,500,502,
1331,3,3600000,0,user_24,500,502,
1342,4,3500000,8520,user_33,500,502,
1316,5,2600000,0,user_7,500,502,
1337,6,2100000,0,user_25,500,502,
1383,7,2000000,36800,user_30,501,502,
1324,8,1500000,0,user_15,500,502,
1341,9,1500000,0,user_32,500,502,
1360,10,1400001,0,user_2,501,502,1312
1312,11,1400000,10700,user_4,500,502,
1334,12,1400000,0,user_24,500,502,
1371,13,1400000,0,user_15,501,502,
1359,14,1399999,0,user_2,501,502,1312
1329,15,1000000,0,user_21,500,502,
1389,16,1000000,0,user_37,501,502,
1319,17,970000,0,user_11,500,502,
1328,18,910000,0,user_21,500,502,
1333,19,670000,0,user_24,500,502,
1404,20,600001,0,user_0,502,502,1357
1357,21,600000,49100,user_47,500,502,
1385,22,370000,0,user_30,501,502,
1311,23,360000,0,user_3,500,502,
1405,24,310001,0,user_1,502,502,1376
1376,25,310000,4320000,user_25,501,502,
1406,26,309999,0,user_1,502,502,1376
1407,27,309999,0,user_1,502,502,1376
1408,28,309999,0,user_1,502,502,1376
1313,29,150000,0,user_5,500,502,
1377,30,150000,0,user_25,501,502,
1339,31,130000,0,user_30,500,502,
1340,32,120000,0,user_31,500,502,
1314,33,120000,0,user_6,500,502,
1335,34,120000,0,user_24,500,502,
1322,35,110000,0,user_13,500,502,
1386,36,110000,0,user_31,501,502,
1332,37,110000,0,user_24,500,502,
1398,38,84000,0,user_47,501,502,
1384,39,79000,0,user_30,501,502,
1366,40,77000,0,user_9,501,502,
1356,0,2300000,779000,user_46,500,503,
1362,1,2299999,0,user_4,501,503,1356
1410,2,1999999,0,user_2,502,503,1383
1466,3,1999999,0,user_0,503,503,1383
1325,4,1500000,0,user_18,500,503,
1427,5,1500000,49100,user_25,502,503,
1317,6,1400001,0,user_8,500,503,1312
1323,7,1400001,0,user_14,500,503,1312
1364,8,1400001,0,user_7,501,503,1312
1368,9,1400001,0,user_11,501,503,1312
1361,10,1399999,0,user_3,501,503,1312
1320,11,1399999,0,user_12,500,503,1312
1321,12,1399999,0,user_12,500,503,1312
1363,13,1399999,0,user_6,501,503,1312
1409,14,600001,0,user_2,502,503,1357
1413,15,600001,0,user_9,502,503,1357
1418,16,600001,0,user_15,502,503,1357
1452,17,470000,181000,user_47,502,503,
1439,18,460000,13900,user_33,502,503,
1355,19,350000,0,user_46,500,503,
1440,20,350000,0,user_33,502,503,
1346,21,340000,0,user_40,500,503,
1443,22,310000,35600,user_37,502,503,
1468,23,309999,0,user_1,503,503,1376
1469,24,309999,0,user_1,503,503,1376
1467,25,160001,0,user_0,503,503,1426
1426,26,160000,4320000,user_24,502,503,
1442,27,110000,0,user_37,502,503,
1422,28,85000,0,user_21,502,503,
1449,4,6100000,0,user_43,502,507,
1425,6,5000000,0,user_23,502,507,
1401,10,3500000,0,user_49,501,507,
1419,14,2400001,0,user_17,502,507,1395
1485,27,2000000,0,user_20,503,507,
1444,31,1600000,16400,user_38,502,507,
1447,47,630000,0,user_41,502,507,
1495,64,360000,0,user_28,503,507,
1454,66,320000,0,user_49,502,507,
1487,70,260000,0,user_23,503,507,
1481,73,219999,0,user_17,503,507,1393
1554,74,219999,0,user_10,504,507,1393
1421,83,160000,0,user_20,502,507,
1390,84,150000,0,user_38,501,507,
1344,85,120000,0,user_38,500,507,
1455,86,120000,0,user_49,502,507,
1392,0,43000000,0,user_40,501,505,
1502,1,6100000,4320000,user_35,503,505,
1489,2,5000000,0,user_25,503,505,
1490,3,4200000,0,user_25,503,505,
1411,4,2300001,0,user_3,502,505,1356
1417,5,2300001,0,user_13,502,505,1356
1470,6,2300001,0,user_2,503,505,1356
1365,7,2300001,0,user_8,501,505,1356
1415,8,2300001,0,user_12,502,505,1356
1369,9,2299999,0,user_14,501,505,1356
1382,10,2000000,0,user_29,501,505,
1433,11,2000000,0,user_29,502,505,
1431,12,2000000,0,user_26,502,505,
1451,13,1800000,0,user_46,502,505,
1503,14,1600000,0,user_35,503,505,
1370,15,1400001,0,user_14,501,505,1312
1580,16,1400000,16400,user_33,504,505,
1412,17,1399999,0,user_8,502,505,1312
1416,18,1399999,0,user_12,502,505,1312
1486,19,1200000,0,user_21,503,505,
1424,20,1000000,0,user_22,502,505,
1498,21,910000,0,user_31,503,505,
1378,22,660000,0,user_26,501,505,
1499,23,630000,285000,user_33,503,505,
1423,24,630000,0,user_22,502,505,
1420,25,460001,0,user_19,502,505,1396
1396,26,460000,215000,user_44,501,505,
1504,27,370000,0,user_37,503,505,
1471,28,310001,0,user_2,503,505,1376
1545,29,310001,0,user_0,504,505,1376
1472,30,310001,0,user_3,503,505,1376
1428,31,260000,0,user_26,502,505,
1430,32,260000,0,user_26,502,505,
1432,33,260000,0,user_26,502,505,
1446,34,190000,0,user_40,502,505,
1546,35,170001,0,user_2,504,505,1434
1434,36,170000,4320000,user_29,502,505,
1473,37,169999,0,user_4,503,505,1434
1478,38,160001,0,user_13,503,505,1426
1607,39,160001,0,user_1,505,505,1426
1491,40,160000,0,user_25,503,505,
1500,41,160000,64600,user_33,503,505,
1474,42,159999,0,user_5,503,505,1426
1475,43,159999,0,user_6,503,505,1426
1518,44,150000,0,user_47,503,505,
1326,45,130000,0,user_19,500,505,
1358,46,120000,0,user_48,500,505,
1429,47,120000,0,user_26,502,505,
1488,48,110000,381000,user_25,503,505,
1567,49,98000,0,user_25,504,505,
1373,50,87000,0,user_19,501,505,
1375,51,84000,35600,user_22,501,505,
1399,52,73000,0,user_48,501,505,
1400,53,70000,0,user_48,501,505,
1587,0,27000000,0,user_37,504,506,
1624,1,6100001,0,user_15,505,506,1502
1560,2,6099999,0,user_15,504,506,1502
1625,3,6099999,0,user_15,505,506,1502
1626,4,6099999,0,user_15,505,506,1502
1576,5,2600000,0,user_32,504,506,
1650,6,2600000,17000,user_37,505,506,
1616,7,2300001,0,user_9,505,506,1356
1617,8,2300001,0,user_9,505,506,1356
1663,9,2299999,0,user_1,506,506,1356
1436,10,2000000,0,user_32,502,506,
1644,11,2000000,0,user_35,505,506,
1585,12,1800000,0,user_35,504,506,
1435,13,1100000,0,user_32,502,506,
1645,14,1000000,0,user_35,505,506,
1647,15,670000,164000,user_37,505,506,
1648,16,670000,381000,user_37,505,506,
1643,17,600000,0,user_33,505,506,
1661,18,310001,0,user_0,506,506,1376
1664,19,310001,0,user_1,506,506,1376
1577,20,310000,0,user_32,504,506,
1649,21,300000,0,user_37,505,506,
1578,22,260000,0,user_32,504,506,
1657,23,240000,0,user_47,505,506,
1662,24,170001,0,user_0,506,506,1434
1637,25,170000,0,user_25,505,506,
1553,26,160001,0,user_9,504,506,1426
1614,27,160001,0,user_9,505,506,1426
1615,28,160001,0,user_9,505,506,1426
1627,29,160001,0,user_15,505,506,1426
1623,30,159999,0,user_15,505,506,1426
1579,31,150000,0,user_32,504,506,
1437,32,110000,0,user_32,502,506,
1438,33,110000,0,user_32,502,506,
1658,34,110000,0,user_47,505,506,
1595,0,43000000,0,user_46,504,507,
1642,1,27000000,0,user_32,505,507,
1753,2,6100001,0,user_0,507,507,1502
1453,3,6100000,0,user_48,502,507,
1449,4,6100000,0,user_43,502,507,
1352,5,5200000,0,user_43,500,507,
1425,6,5000000,0,user_23,502,507,
1497,7,4200000,0,user_29,503,507,
1350,8,3600000,0,user_43,500,507,
1704,9,3600000,100000,user_33,506,507,
1401,10,3500000,0,user_49,501,507,
1681,11,3200000,0,user_21,506,507,
1705,12,2500000,0,user_35,506,507,
1414,13,2400001,0,user_10,502,507,1395
1419,14,2400001,0,user_17,502,507,1395
1395,15,2400000,322000,user_43,501,507,
1612,16,2399999,0,user_7,505,507,1395
1555,17,2300001,0,user_12,504,507,1356
1559,18,2300001,0,user_14,504,507,1356
1666,19,2300001,0,user_2,506,507,1356
1757,20,2300001,0,user_1,507,507,1356
1550,21,2299999,0,user_6,504,507,1356
1665,22,2299999,0,user_2,506,507,1356
1752,23,2299999,0,user_0,507,507,1356
1755,24,2299999,0,user_0,507,507,1356
1756,25,2299999,0,user_0,507,507,1356
1374,26,2000000,0,user_20,501,507,
1485,27,2000000,0,user_20,503,507,
1572,28,1800000,0,user_29,504,507,
1517,29,1600000,0,user_46,503,507,
1574,30,1600000,0,user_29,504,507,
1444,31,1600000,16400,user_38,502,507,
1721,32,1600000,256000,user_47,506,507,
1687,33,1500000,0,user_24,506,507,
1367,34,1400001,0,user_10,501,507,1312
1492,35,1200000,0,user_26,503,507,
1706,36,1100000,0,user_35,506,507,
1511,37,1000000,0,user_40,503,507,
1594,38,1000000,0,user_46,504,507,
1596,39,1000000,17000,user_46,504,507,
1327,40,1000000,0,user_20,500,507,
1349,41,1000000,0,user_43,500,507,
1712,42,970000,0,user_37,506,507,
1575,43,910000,0,user_29,504,507,
1711,44,670000,0,user_37,506,507,
1573,45,660000,0,user_29,504,507,
1700,46,660000,0,user_30,506,507,
1447,47,630000,0,user_41,502,507,
1597,48,530000,0,user_46,504,507,
1688,49,470000,0,user_25,506,507,
1549,50,460001,0,user_5,504,507,1396
1551,51,460001,0,user_8,504,507,1396
1556,52,460001,0,user_12,504,507,1396
1621,53,460001,0,user_13,505,507,1396
1496,54,460000,0,user_29,503,507,
1547,55,459999,0,user_4,504,507,1396
1480,56,459999,0,user_16,503,507,1396
1483,57,459999,0,user_19,503,507,1396
1484,58,459999,0,user_19,503,507,1396
1557,59,459999,0,user_13,504,507,1396
1558,60,459999,0,user_14,504,507,1396
1611,61,459999,0,user_6,505,507,1396
1701,62,420000,0,user_31,506,507,
1330,63,360000,0,user_23,500,507,
1495,64,360000,0,user_28,503,507,
1703,65,340000,0,user_33,506,507,
1454,66,320000,0,user_49,502,507,
1676,67,310001,0,user_15,506,507,1376
1348,68,310000,0,user_43,500,507,
1609,69,309999,0,user_4,505,507,1376
1487,70,260000,0,user_23,503,507,
1724,71,260000,0,user_47,506,507,
1393,72,220000,100000,user_41,501,507,
1481,73,219999,0,user_17,503,507,1393
1554,74,219999,0,user_10,504,507,1393
1476,75,170001,0,user_8,503,507,1434
1552,76,170001,0,user_8,504,507,1434
1608,77,170001,0,user_4,505,507,1434
1610,78,170001,0,user_4,505,507,1434
1477,79,169999,0,user_12,503,507,1434
1548,80,169999,0,user_5,504,507,1434
1754,81,169999,0,user_0,507,507,1434
1479,82,160001,0,user_14,503,507,1426
1421,83,160000,0,user_20,502,507,
1390,84,150000,0,user_38,501,507,
1344,85,120000,0,user_38,500,507,
1455,86,120000,0,user_49,502,507,
1722,87,120000,0,user_47,506,507,
1450,88,110000,15700,user_44,502,507,
1723,89,110000,164000,user_47,506,507,
1598,90,87000,0,user_46,504,507,
1381,91,84000,0,user_28,501,507,
1351,92,73000,0,user_43,500,507,
1566,0,27000000,17000,user_23,504,508,
1570,1,6300000,0,user_28,504,508,
1784,2,6300000,14200,user_31,507,508,
1599,3,3600000,0,user_48,504,508,
1507,4,3500000,0,user_38,503,508,
1583,5,2500000,12800,user_34,504,508,
1613,6,2299999,0,user_8,505,508,1356
1667,7,2299999,0,user_4,506,508,1356
1668,8,2299999,0,user_5,506,508,1356
1761,9,2299999,0,user_9,507,508,1356
1829,10,2299999,0,user_0,508,508,1356
1509,11,2000000,0,user_38,503,508,
1571,12,2000000,0,user_28,504,508,
1501,13,1700000,0,user_34,503,508,
1634,14,1600001,0,user_19,505,508,1581
1635,15,1600001,0,user_19,505,508,1581
1581,16,1600000,769000,user_34,504,508,
1772,17,1600000,0,user_21,507,508,
1786,18,1600000,0,user_31,507,508,
1771,19,1500000,231000,user_21,507,508,
1776,20,1500000,0,user_24,507,508,
1506,21,1400000,0,user_38,503,508,
1781,22,1000000,17000,user_30,507,508,
1790,23,1000000,13900,user_35,507,508,
1565,24,970000,0,user_23,504,508,
1505,25,910000,0,user_38,503,508,
1522,26,870000,0,user_49,503,508,
1590,27,660000,0,user_41,504,508,
1830,28,650001,0,user_1,508,508,1521
1582,29,650000,0,user_34,504,508,
1521,30,650000,1100000,user_49,503,508,
1629,31,460001,0,user_16,505,508,1396
1620,32,459999,0,user_12,505,508,1396
1564,33,459999,0,user_19,504,508,1396
1630,34,459999,0,user_16,505,508,1396
1789,35,360000,0,user_33,507,508,
1653,36,300000,0,user_40,505,508,
1562,37,220001,0,user_17,504,508,1393
1513,38,220000,0,user_44,503,508,
1584,39,220000,0,user_34,504,508,
1622,40,170001,0,user_14,505,508,1434
1670,41,170001,0,user_7,506,508,1434
1758,42,170001,0,user_2,507,508,1434
1783,43,170000,0,user_31,507,508,
1669,44,169999,0,user_6,506,508,1434
1618,45,169999,0,user_10,505,508,1434
1762,46,169999,0,user_9,507,508,1434
1619,47,160001,0,user_12,505,508,1426
1519,48,160000,0,user_48,503,508,
1569,49,160000,0,user_28,504,508,
1785,50,160000,283000,user_31,507,508,
1561,51,159999,0,user_16,504,508,1426
1628,52,159999,0,user_16,505,508,1426
1641,53,150000,0,user_29,505,508,
1508,54,150000,0,user_38,503,508,
1777,55,110000,0,user_25,507,508,
1782,56,110000,0,user_31,507,508,
1514,57,85000,64600,user_44,503,508,
1600,58,77000,0,user_48,504,508,
1654,59,77000,0,user_40,505,508,
1520,60,73000,0,user_48,503,508,
1923,4,6100001,0,user_10,509,512,1502
1847,9,6099999,0,user_17,508,512,1502
1850,11,3600000,73100,user_20,508,512,
1851,14,2500000,0,user_20,508,512,
1878,15,2400000,11200,user_43,508,512,
1372,39,1399999,0,user_18,501,510,1312
1806,30,1000000,0,user_49,507,512,
1792,37,260000,0,user_38,507,512,
1863,38,260000,34700,user_28,508,512,
1877,64,79000,0,user_41,508,512,
1680,0,30000000,769000,user_20,506,510,
1833,1,6100001,0,user_3,508,510,1502
1671,2,6099999,0,user_10,506,510,1502
1763,3,6099999,0,user_10,507,510,1502
1769,4,6099999,0,user_18,507,510,1502
1693,5,5000000,0,user_26,506,510,
1683,6,3500000,67500,user_22,506,510,
1698,7,2500000,0,user_29,506,510,
1672,8,2300001,0,user_12,506,510,1356
1673,9,2300001,0,user_12,506,510,1356
1674,10,2300001,0,user_12,506,510,1356
1765,11,2300001,0,user_12,507,510,1356
1767,12,2300001,0,user_16,507,510,1356
1839,13,2299999,0,user_9,508,510,1356
1675,14,2299999,0,user_14,506,510,1356
1766,15,2299999,0,user_14,507,510,1356
1832,16,2000001,0,user_3,508,510,1640
1836,17,2000001,0,user_5,508,510,1640
1841,18,2000001,0,user_11,508,510,1640
2000,19,2000001,0,user_1,510,510,1640
1640,20,2000000,4320000,user_28,505,510,
1760,21,1999999,0,user_7,507,510,1640
1831,22,1999999,0,user_2,508,510,1640
1835,23,1999999,0,user_4,508,510,1640
1837,24,1999999,0,user_7,508,510,1640
1917,25,1999999,0,user_2,509,510,1640
1999,26,1999999,0,user_1,510,510,1640
1682,27,1900000,16400,user_22,506,510,
1963,28,1900000,0,user_33,509,510,
1773,29,1800000,0,user_22,507,510,
1883,30,1600000,0,user_47,508,510,
1945,31,1600000,0,user_25,509,510,
1959,32,1600000,0,user_31,509,510,
1684,33,1500000,0,user_22,506,510,
1725,34,1500000,6390,user_48,506,510,
1563,35,1400001,0,user_18,504,510,1312
1678,36,1400001,0,user_18,506,510,1312
1679,37,1400001,0,user_18,506,510,1312
1958,38,1400000,0,user_30,509,510,
1372,39,1399999,0,user_18,501,510,1312
1482,40,1399999,0,user_18,503,510,1312
1633,41,1399999,0,user_18,505,510,1312
1853,42,1000000,769000,user_21,508,510,
1685,43,1000000,0,user_22,506,510,
1697,44,1000000,0,user_28,506,510,
1636,45,910000,32900,user_20,505,510,
1862,46,910000,0,user_24,508,510,
1861,47,670000,0,user_24,508,510,
1871,48,670000,0,user_35,508,510,
1720,49,670000,0,user_46,506,510,
1726,50,670000,19700,user_48,506,510,
1632,51,650001,0,user_17,505,510,1521
1759,52,649999,0,user_3,507,510,1521
1631,53,649999,0,user_17,505,510,1521
1764,54,649999,0,user_11,507,510,1521
1867,55,530000,0,user_33,508,510,
1699,56,470000,0,user_29,506,510,
1659,57,460000,0,user_48,505,510,
1954,58,420000,121000,user_30,509,510,
1691,59,370000,56200,user_26,506,510,
1868,60,320000,0,user_33,508,510,
1677,61,310001,0,user_16,506,510,1376
1916,62,310001,0,user_2,509,510,1376
1770,63,309999,0,user_19,507,510,1376
1866,64,260000,0,user_31,508,510,
1858,65,260000,0,user_24,508,510,
1962,66,240000,24700,user_33,509,510,
1859,67,220000,510000,user_24,508,510,
1860,68,220000,47700,user_24,508,510,
1915,69,170001,0,user_0,509,510,1434
1834,70,170001,0,user_4,508,510,1434
1689,71,170000,0,user_26,506,510,
1957,72,170000,0,user_30,509,510,
1873,73,160000,0,user_37,508,510,
1686,74,160000,296000,user_23,506,510,
1842,75,159999,0,user_13,508,510,1426
1655,76,150000,0,user_41,505,510,
1692,77,150000,0,user_26,506,510,
1696,78,150000,0,user_28,506,510,
1852,79,120000,0,user_21,508,510,
1690,80,120000,43600,user_26,506,510,
1716,81,120000,0,user_41,506,510,
1955,82,120000,0,user_30,509,510,
1780,83,110000,15100,user_29,507,510,
1956,84,87000,71800,user_30,509,510,
1865,85,83000,296000,user_30,508,510,
1717,86,80000,0,user_41,506,510,
1960,87,70000,256000,user_31,509,510,
2031,0,43000000,7840,user_35,510,511,
1943,1,27000000,0,user_24,509,511,
2014,2,6100001,0,user_15,510,511,1502
1702,3,4200000,0,user_32,506,511,
1942,4,4200000,0,user_24,509,511,
1976,5,4200000,0,user_47,509,511,
2022,6,2600000,0,user_25,510,511,
2032,7,2600000,0,user_35,510,511,
2051,8,2000001,0,user_0,511,511,1640
2020,9,2000000,0,user_25,510,511,
1978,10,870000,0,user_47,509,511,
1922,11,649999,0,user_9,509,511,1521
1931,12,649999,0,user_15,509,511,1521
2009,13,649999,0,user_9,510,511,1521
1944,14,630000,0,user_24,509,511,
2029,15,470000,0,user_33,510,511,
2033,16,310000,0,user_35,510,511,
1965,17,220000,0,user_35,509,511,
2034,18,170000,0,user_35,510,511,
2052,19,159999,0,user_1,511,511,1426
1787,20,150000,0,user_32,507,511,
2019,21,130000,0,user_24,510,511,
2021,22,120000,0,user_25,510,511,
2026,23,110000,0,user_31,510,511,
1941,24,110000,0,user_24,509,511,
1975,25,110000,0,user_47,509,511,
1977,26,100000,0,user_47,509,511,
1788,27,84000,0,user_32,507,511,
1961,28,82000,0,user_32,509,511,
1660,0,43000000,0,user_49,505,512,
1797,1,27000000,0,user_41,507,512,
2003,2,6100001,0,user_3,510,512,1502
2006,3,6100001,0,user_6,510,512,1502
1923,4,6100001,0,user_10,509,512,1502
1918,5,6099999,0,user_3,509,512,1502
1919,6,6099999,0,user_6,509,512,1502
1768,7,6099999,0,user_17,507,512,1502
1840,8,6099999,0,user_10,508,512,1502
1847,9,6099999,0,user_17,508,512,1502
2099,33,4200000,410000,user_47,511,514,
1850,11,3600000,73100,user_20,508,512,
2091,34,3600000,0,user_37,511,514,
1802,13,2500000,14200,user_43,507,512,
1851,14,2500000,0,user_20,508,512,
1878,15,2400000,11200,user_43,508,512,
2079,39,2400000,47700,user_25,511,514,
2002,17,2000001,0,user_3,510,512,1640
2004,18,2000001,0,user_3,510,512,1640
2005,19,2000001,0,user_5,510,512,1640
1946,20,2000000,0,user_26,509,512,
1924,21,1999999,0,user_11,509,512,1640
1849,22,1999999,0,user_19,508,512,1640
1932,23,1999999,0,user_16,509,512,1640
1933,24,1999999,0,user_16,509,512,1640
2068,55,1999999,0,user_15,511,514,1640
1947,26,1100000,381000,user_26,509,512,
2086,59,1100000,0,user_30,511,514,
2053,28,1000001,0,user_2,511,512,1795
1795,29,1000000,7190000,user_40,507,512,
1806,30,1000000,0,user_49,507,512,
1779,31,420000,0,user_28,507,512,
2100,85,360000,0,user_47,511,514,
2154,87,310001,0,user_0,512,514,1376
1948,34,310000,0,user_26,509,512,
2028,90,310000,0,user_32,510,514,
1775,36,260000,33100,user_23,507,512,
1792,37,260000,0,user_38,507,512,
1863,38,260000,34700,user_28,508,512,
1801,39,220000,0,user_43,507,512,
1803,40,220000,0,user_43,507,512,
2102,94,220000,0,user_47,511,514,
1774,42,190000,0,user_23,507,512,
2155,96,170001,0,user_1,512,514,1434
1651,44,170000,0,user_38,505,512,
2088,98,170000,215000,user_33,511,514,
1848,46,169999,0,user_18,508,512,1434
2001,47,169999,0,user_3,510,512,1434
2007,48,160001,0,user_7,510,512,1426
2061,49,160001,0,user_9,511,512,1426
2067,50,160001,0,user_15,511,512,1426
2027,51,160000,0,user_32,510,512,
2077,52,160000,0,user_24,511,512,
1713,53,150000,0,user_38,506,512,
1968,54,130000,0,user_40,509,512,
1796,55,120000,164000,user_41,507,512,
2087,56,120000,164000,user_31,511,512,
2101,57,120000,56200,user_47,511,512,
1794,58,110000,0,user_40,507,512,
1805,59,110000,0,user_48,507,512,
2076,60,110000,5630,user_24,511,512,
1800,61,85000,0,user_43,507,512,
1876,62,84000,8520,user_40,508,512,
2078,63,84000,0,user_24,511,512,
1877,64,79000,0,user_41,508,512,
2176,49,2000000,0,user_25,512,514,
2169,60,1100000,0,user_21,512,514,
2180,75,530000,0,user_33,512,514,
2179,80,420000,0,user_31,512,514,
2168,86,350000,0,user_21,512,514,
2196,5,169999,0,user_1,513,513,1434
2041,0,43000000,0,user_46,510,516,
1979,2,30000000,0,user_48,509,516,
1938,4,27000000,0,user_22,509,516,
2223,0,19000000,0,user_41,513,517,
1857,5,19000000,0,user_22,508,516,
1879,6,6300000,0,user_44,508,516,
1928,7,6100001,0,user_12,509,516,1502
2055,8,6100001,0,user_4,511,516,1502
2057,9,6100001,0,user_6,511,516,1502
2163,10,6100001,0,user_13,512,516,1502
2065,11,6100001,0,user_12,511,516,1502
2158,12,6100001,0,user_8,512,516,1502
2160,13,6100001,0,user_8,512,516,1502
2070,14,6100001,0,user_16,511,516,1502
2073,15,6100001,0,user_19,511,516,1502
2201,16,6100001,0,user_6,513,516,1502
2238,17,6100001,0,user_2,514,516,1502
2080,21,6100000,0,user_26,511,516,
2054,22,6099999,0,user_3,511,516,1502
1846,23,6099999,0,user_14,508,516,1502
2016,24,6099999,0,user_19,510,516,1502
2056,25,6099999,0,user_5,511,516,1502
2156,27,6099999,0,user_3,512,516,1502
2197,28,6099999,0,user_3,513,516,1502
2066,29,6099999,0,user_14,511,516,1502
2198,30,6099999,0,user_4,513,516,1502
2199,31,6099999,0,user_4,513,516,1502
2069,32,6099999,0,user_16,511,516,1502
2166,33,6099999,0,user_16,512,516,1502
2200,34,6099999,0,user_5,513,516,1502
2204,35,6099999,0,user_13,513,516,1502
2017,41,5000000,12800,user_22,510,516,
1970,42,4500000,146000,user_44,509,516,
2099,33,4200000,410000,user_47,511,514,
2091,34,3600000,0,user_37,511,514,
1882,43,3500000,0,user_46,508,516,
1870,44,3500000,0,user_34,508,516,
1964,46,2500000,35600,user_34,509,516,
2191,18,2400000,0,user_43,512,517,
2079,39,2400000,47700,user_25,511,514,
1838,51,2000001,0,user_8,508,516,1640
1843,52,2000001,0,user_14,508,516,1640
1844,53,2000001,0,user_14,508,516,1640
1921,54,2000001,0,user_8,509,516,1640
1927,55,2000001,0,user_12,509,516,1640
1930,56,2000001,0,user_14,509,516,1640
2008,57,2000001,0,user_8,510,516,1640
2012,58,2000001,0,user_12,510,516,1640
1973,60,2000000,0,user_46,509,516,
2176,49,2000000,0,user_25,512,514,
1845,64,1999999,0,user_14,508,516,1640
1926,65,1999999,0,user_12,509,516,1640
1929,66,1999999,0,user_12,509,516,1640
2013,67,1999999,0,user_14,510,516,1640
1936,68,1999999,0,user_18,509,516,1640
2068,55,1999999,0,user_15,511,514,1640
2171,21,1600000,0,user_23,512,517,
2213,22,1600000,0,user_28,513,517,
2030,75,1400000,0,user_34,510,516,
2086,59,1100000,0,user_30,511,514,
2169,60,1100000,0,user_21,512,514,
2157,82,1000001,0,user_6,512,516,1795
2159,83,1000001,0,user_8,512,516,1795
1953,85,1000000,0,user_29,509,516,
2042,86,1000000,0,user_48,510,516,
2189,87,1000000,0,user_40,512,516,
2064,89,999999,0,user_11,511,516,1795
2060,90,999999,0,user_8,511,516,1795
2229,30,910000,0,user_43,513,517,
2037,92,910000,0,user_40,510,516,
2043,93,910000,0,user_48,510,516,
2082,95,670000,256000,user_26,511,516,
1864,97,660000,164000,user_29,508,516,
1869,99,650000,0,user_34,508,516,
2083,74,630000,0,user_26,511,514,
2180,75,530000,0,user_33,512,514,
2170,76,530000,0,user_22,512,514,
1974,77,470000,381000,user_46,509,514,
1854,78,460000,0,user_22,508,514,
1980,79,420000,0,user_48,509,514,
2179,80,420000,0,user_31,512,514,
2178,35,370000,36800,user_28,512,517,
2103,36,360000,0,user_49,511,517,
1856,83,360000,0,user_22,508,514,
1884,84,360000,0,user_48,508,514,
2100,85,360000,0,user_47,511,514,
2168,86,350000,0,user_21,512,514,
2154,87,310001,0,user_0,512,514,1376
2164,88,310001,0,user_13,512,514,1376
2244,89,310001,0,user_7,514,514,1376
2028,90,310000,0,user_32,510,514,
1925,91,309999,0,user_12,509,514,1376
1880,92,300000,0,user_44,508,514,
2025,93,260000,0,user_29,510,514,
2102,94,220000,0,user_47,511,514,
2081,95,220000,0,user_26,511,514,
2155,96,170001,0,user_1,512,514,1434
2250,46,170001,0,user_10,514,517,1434
2088,98,170000,215000,user_33,511,514,
1920,99,169999,0,user_8,509,514,1434
2239,18,6100001,0,user_3,514,516,1502
2203,19,6100001,0,user_12,513,516,1502
2243,20,6100001,0,user_6,514,516,1502
2240,37,6099999,0,user_4,514,516,1502
2207,38,6099999,0,user_16,513,516,1502
2338,12,6099999,0,user_7,515,517,1502
2263,23,2100000,769000,user_28,514,519,
2232,61,2000000,283000,user_46,513,516,
2241,84,1000001,0,user_4,514,516,1795
2242,91,999999,0,user_5,514,516,1795
2260,43,370000,0,user_23,514,519,
2285,44,370000,0,user_41,514,519,
2288,45,340000,33300,user_43,514,519,
2202,13,310001,0,user_8,513,515,1376
2286,50,260000,161000,user_41,514,519,
2252,15,160001,0,user_13,514,515,1426
2331,16,160001,0,user_2,515,515,1426
2340,59,160001,0,user_10,515,519,1426
2205,18,159999,0,user_14,513,515,1426
1855,19,98000,0,user_22,508,515,
1881,20,80000,0,user_46,508,515,
2041,0,43000000,0,user_46,510,516,
2184,1,30000000,0,user_35,512,516,
1979,2,30000000,0,user_48,509,516,
2035,3,30000000,0,user_38,510,516,
1938,4,27000000,0,user_22,509,516,
1857,5,19000000,0,user_22,508,516,
1879,6,6300000,0,user_44,508,516,
1928,7,6100001,0,user_12,509,516,1502
2055,8,6100001,0,user_4,511,516,1502
2057,9,6100001,0,user_6,511,516,1502
2163,10,6100001,0,user_13,512,516,1502
2065,11,6100001,0,user_12,511,516,1502
2158,12,6100001,0,user_8,512,516,1502
2160,13,6100001,0,user_8,512,516,1502
2070,14,6100001,0,user_16,511,516,1502
2073,15,6100001,0,user_19,511,516,1502
2201,16,6100001,0,user_6,513,516,1502
2238,17,6100001,0,user_2,514,516,1502
2239,18,6100001,0,user_3,514,516,1502
2203,19,6100001,0,user_12,513,516,1502
2243,20,6100001,0,user_6,514,516,1502
2080,21,6100000,0,user_26,511,516,
2054,22,6099999,0,user_3,511,516,1502
1846,23,6099999,0,user_14,508,516,1502
2016,24,6099999,0,user_19,510,516,1502
2056,25,6099999,0,user_5,511,516,1502
2059,26,6099999,0,user_7,511,516,1502
2156,27,6099999,0,user_3,512,516,1502
2197,28,6099999,0,user_3,513,516,1502
2066,29,6099999,0,user_14,511,516,1502
2198,30,6099999,0,user_4,513,516,1502
2199,31,6099999,0,user_4,513,516,1502
2069,32,6099999,0,user_16,511,516,1502
2166,33,6099999,0,user_16,512,516,1502
2200,34,6099999,0,user_5,513,516,1502
2204,35,6099999,0,user_13,513,516,1502
2247,36,6099999,0,user_9,514,516,1502
2240,37,6099999,0,user_4,514,516,1502
2207,38,6099999,0,user_16,513,516,1502
2394,39,6099999,0,user_1,516,516,1502
2214,40,5200000,60700,user_30,513,516,
2017,41,5000000,12800,user_22,510,516,
1970,42,4500000,146000,user_44,509,516,
1882,43,3500000,0,user_46,508,516,
1870,44,3500000,0,user_34,508,516,
2280,45,3500000,0,user_37,514,516,
1964,46,2500000,35600,user_34,509,516,
2278,47,2400000,0,user_35,514,516,
2281,48,2300000,16400,user_37,514,516,
2165,49,2000001,0,user_15,512,516,1640
2206,50,2000001,0,user_15,513,516,1640
1838,51,2000001,0,user_8,508,516,1640
1843,52,2000001,0,user_14,508,516,1640
1844,53,2000001,0,user_14,508,516,1640
1921,54,2000001,0,user_8,509,516,1640
1927,55,2000001,0,user_12,509,516,1640
1930,56,2000001,0,user_14,509,516,1640
2008,57,2000001,0,user_8,510,516,1640
2012,58,2000001,0,user_12,510,516,1640
2218,59,2000000,0,user_33,513,516,
1973,60,2000000,0,user_46,509,516,
2232,61,2000000,283000,user_46,513,516,
2085,62,2000000,0,user_28,511,516,
2364,63,2000000,0,user_30,515,516,
1845,64,1999999,0,user_14,508,516,1640
1926,65,1999999,0,user_12,509,516,1640
1929,66,1999999,0,user_12,509,516,1640
2013,67,1999999,0,user_14,510,516,1640
1936,68,1999999,0,user_18,509,516,1640
2071,69,1999999,0,user_17,511,516,1640
2162,70,1999999,0,user_10,512,516,1640
2174,71,1900000,0,user_24,512,516,
2018,72,1600000,0,user_23,510,516,
2024,73,1600000,322000,user_28,510,516,
2211,74,1400000,0,user_25,513,516,
2030,75,1400000,0,user_34,510,516,
1940,76,1300000,0,user_23,509,516,
2187,77,1200000,161000,user_37,512,516,
2275,78,1200000,0,user_33,514,516,
2215,79,1200000,0,user_32,513,516,
2172,80,1100000,0,user_24,512,516,
2261,81,1100000,0,user_24,514,516,
2157,82,1000001,0,user_6,512,516,1795
2159,83,1000001,0,user_8,512,516,1795
2241,84,1000001,0,user_4,514,516,1795
1953,85,1000000,0,user_29,509,516,
2042,86,1000000,0,user_48,510,516,
2189,87,1000000,0,user_40,512,516,
2038,88,1000000,0,user_41,510,516,
2064,89,999999,0,user_11,511,516,1795
2060,90,999999,0,user_8,511,516,1795
2242,91,999999,0,user_5,514,516,1795
2037,92,910000,0,user_40,510,516,
2043,93,910000,0,user_48,510,516,
2183,94,670000,296000,user_35,512,516,
2082,95,670000,256000,user_26,511,516,
2366,96,670000,0,user_31,515,516,
1864,97,660000,164000,user_29,508,516,
2269,98,660000,0,user_30,514,516,
1869,99,650000,0,user_34,508,516,
2223,0,19000000,0,user_41,513,517,
2253,1,6100001,0,user_14,514,517,1502
2332,2,6100001,0,user_4,515,517,1502
2333,3,6100001,0,user_4,515,517,1502
2072,4,6100001,0,user_18,511,517,1502
2341,5,6100001,0,user_11,515,517,1502
2427,6,6100000,18600,user_31,516,517,
2245,7,6099999,0,user_8,514,517,1502
2334,8,6099999,0,user_5,515,517,1502
2335,9,6099999,0,user_5,515,517,1502
2336,10,6099999,0,user_5,515,517,1502
2337,11,6099999,0,user_6,515,517,1502
2338,12,6099999,0,user_7,515,517,1502
2209,13,6099999,0,user_18,513,517,1502
2343,14,6099999,0,user_13,515,517,1502
2395,15,6099999,0,user_2,516,517,1502
2434,16,4500000,0,user_37,516,517,
2432,17,3200000,0,user_37,516,517,
2191,18,2400000,0,user_43,512,517,
2418,19,2100000,5630,user_24,516,517,
2417,20,2000000,33300,user_24,516,517,
2171,21,1600000,0,user_23,512,517,
2213,22,1600000,0,user_28,513,517,
2373,23,1500000,0,user_37,515,517,
2431,24,1500000,75000,user_37,516,517,
2433,25,1500000,0,user_37,516,517,
2419,26,1200000,47700,user_25,516,517,
2266,27,1000000,0,user_29,514,517,
2251,28,999999,0,user_12,514,517,1795
2430,29,970000,0,user_35,516,517,
2229,30,910000,0,user_43,513,517,
2426,31,910000,12300,user_30,516,517,
2267,32,630000,0,user_29,514,517,
2291,33,630000,0,user_46,514,517,
2381,34,630000,0,user_47,515,517,
2178,35,370000,36800,user_28,512,517,
2103,36,360000,0,user_49,511,517,
2413,37,320000,0,user_21,516,517,
2011,38,310001,0,user_10,510,517,1376
2344,39,310001,0,user_15,515,517,1376
2357,40,310000,0,user_24,515,517,
1939,41,260000,0,user_23,509,517,
2044,42,240000,0,user_49,510,517,
1934,43,170001,0,user_17,509,517,1434
1935,44,170001,0,user_17,509,517,1434
2010,45,170001,0,user_10,510,517,1434
2250,46,170001,0,user_10,514,517,1434
2258,47,170001,0,user_18,514,517,1434
2474,48,170001,0,user_0,517,517,1434
2475,49,170001,0,user_1,517,517,1434
2382,50,170000,0,user_47,515,517,
2167,51,169999,0,user_18,512,517,1434
2400,52,169999,0,user_9,516,517,1434
1937,53,160000,0,user_20,509,517,
2259,54,160000,0,user_22,514,517,
2274,55,160000,0,user_32,514,517,
2015,56,159999,0,user_16,510,517,1426
2208,57,159999,0,user_17,513,517,1426
2195,58,150000,13900,user_49,512,517,
1874,59,120000,350000,user_38,508,517,
2284,60,120000,0,user_40,514,517,
2188,61,110000,0,user_38,512,517,
2230,62,100000,0,user_43,513,517,
2264,63,98000,769000,user_29,514,517,
2265,64,82000,0,user_29,514,517,
2491,0,30000000,0,user_23,517,518,
2411,5,6100001,0,user_19,516,519,1502
2412,6,6100001,0,user_19,516,519,1502
2410,7,6100001,0,user_18,516,519,1502
2539,8,6100001,0,user_2,518,519,1502
2543,5,6100001,0,user_7,518,518,1502
2408,16,6099999,0,user_16,516,519,1502
2478,17,6099999,0,user_5,517,519,1502
2483,18,6099999,0,user_11,517,519,1502
2544,9,6099999,0,user_7,518,518,1502
2545,10,6099999,0,user_7,518,518,1502
2374,11,2500000,5630,user_38,515,518,
2435,12,2100000,0,user_38,516,518,
2487,13,2000001,0,user_17,517,518,1640
2384,14,1400000,0,user_49,515,518,
2383,29,1400000,381000,user_48,515,519,
2509,16,1000000,0,user_41,517,518,
2445,17,910000,0,user_49,516,518,
2409,48,309999,0,user_18,516,519,1376
2510,19,220000,0,user_41,517,518,
2484,57,169999,0,user_13,517,519,1434
2547,21,160001,0,user_10,518,518,1426
2511,22,160000,195000,user_43,517,518,
2420,64,150000,0,user_26,516,519,
2089,74,110000,0,user_34,511,519,
2372,79,100000,0,user_34,515,519,
2492,26,70000,0,user_23,517,518,
2496,0,19000000,0,user_31,517,519,
2358,1,6300000,510000,user_26,515,519,
2347,2,6100001,0,user_18,515,519,1502
2349,3,6100001,0,user_18,515,519,1502
2404,4,6100001,0,user_11,516,519,1502
2411,5,6100001,0,user_19,516,519,1502
2412,6,6100001,0,user_19,516,519,1502
2410,7,6100001,0,user_18,516,519,1502
2539,8,6100001,0,user_2,518,519,1502
2234,9,6100000,0,user_49,513,519,
2398,10,6099999,0,user_4,516,519,1502
2352,11,6099999,0,user_19,515,519,1502
2399,12,6099999,0,user_5,516,519,1502
2348,13,6099999,0,user_18,515,519,1502
2350,14,6099999,0,user_18,515,519,1502
2477,15,6099999,0,user_2,517,519,1502
2408,16,6099999,0,user_16,516,519,1502
2478,17,6099999,0,user_5,517,519,1502
2483,18,6099999,0,user_11,517,519,1502
2356,19,4200000,0,user_23,515,519,
2181,20,2600000,0,user_34,512,519,
2233,21,2400000,0,user_49,513,519,
2362,22,2300000,0,user_29,515,519,
2263,23,2100000,769000,user_28,514,519,
2346,24,2000001,0,user_17,515,519,1640
2403,25,2000001,0,user_10,516,519,1640
2402,26,1999999,0,user_10,516,519,1640
2499,27,1500000,0,user_33,517,519,
2277,28,1400000,0,user_34,514,519,
2383,29,1400000,381000,user_48,515,519,
2353,30,1400000,0,user_20,515,519,
2572,31,1400000,15300,user_35,518,519,
2396,32,1000001,0,user_4,516,519,1795
2359,33,1000000,0,user_26,515,519,
2568,34,1000000,0,user_31,518,519,
2406,35,999999,0,user_13,516,519,1795
2476,36,999999,0,user_2,517,519,1795
2595,37,999999,0,user_1,519,519,1795
2376,38,970000,0,user_41,515,519,
2504,39,660000,0,user_37,517,519,
2361,40,600000,0,user_26,515,519,
2194,41,470000,0,user_48,512,519,
2294,42,460000,322000,user_48,514,519,
2260,43,370000,0,user_23,514,519,
2285,44,370000,0,user_41,514,519,
2288,45,340000,33300,user_43,514,519,
2345,46,310001,0,user_16,515,519,1376
2479,47,309999,0,user_7,517,519,1376
2409,48,309999,0,user_18,516,519,1376
2360,49,300000,0,user_26,515,519,
2286,50,260000,161000,user_41,514,519,
2502,51,220000,0,user_35,517,519,
2339,52,170001,0,user_8,515,519,1434
2351,53,170001,0,user_18,515,519,1434
2546,54,170001,0,user_9,518,519,1434
2594,55,170001,0,user_0,519,519,1434
2296,56,170000,0,user_49,514,519,
2484,57,169999,0,user_13,517,519,1434
2342,58,160001,0,user_12,515,519,1426
2340,59,160001,0,user_10,515,519,1426
2481,60,160001,0,user_9,517,519,1426
2516,61,160000,21800,user_47,517,519,
2397,62,159999,0,user_4,516,519,1426
2401,63,159999,0,user_10,516,519,1426
2420,64,150000,0,user_26,516,519,
2355,65,150000,84800,user_23,515,519,
2378,66,150000,0,user_43,515,519,
2567,67,130000,15300,user_30,518,519,
2282,68,120000,0,user_38,514,519,
2501,69,120000,0,user_35,517,519,
2571,70,120000,0,user_35,518,519,
2354,71,110000,0,user_22,515,519,
2363,72,110000,0,user_29,515,519,
2380,73,110000,0,user_46,515,519,
2089,74,110000,0,user_34,511,519,
2289,75,110000,84800,user_44,514,519,
2293,76,110000,0,user_48,514,519,
2494,77,110000,0,user_30,517,519,
2573,78,110000,0,user_37,518,519,
2372,79,100000,0,user_34,515,519,
2221,80,98000,0,user_38,513,519,
2561,81,83000,0,user_21,518,519,
2295,82,82000,0,user_49,514,519,
2495,83,77000,0,user_30,517,519,
2192,84,70000,0,user_44,512,519,
2651,0,5000000,0,user_0,520,520,
2652,1,970000,0,user_1,520,520,
2650,2,650000,0,user_0,520,520,
2706,0,43000001,0,user_0,521,521,2691
2691,1,43000000,16400,user_37,520,521,
2707,2,42999999,0,user_1,521,521,2691
2685,3,30000000,0,user_31,520,521,
2662,4,1100000,0,user_9,520,521,
2653,5,870000,0,user_2,520,521,
2677,6,310000,0,user_21,520,521,
2678,7,310000,0,user_21,520,521,
2690,8,170000,0,user_37,520,521,
2680,9,160000,0,user_24,520,521,
2703,10,120000,0,user_47,520,521,
2654,11,110000,0,user_2,520,521,
2708,0,43000001,0,user_2,521,523,2691
2722,1,43000001,0,user_15,521,523,2691
2788,2,43000000,0,user_25,522,523,
2764,3,42999999,0,user_0,522,523,2691
2776,4,42999999,0,user_15,522,523,2691
2781,5,5000000,0,user_21,522,523,
2785,6,5000000,0,user_24,522,523,
2741,7,4500000,0,user_31,521,523,
2756,8,4500000,0,user_47,521,523,
2820,9,2000001,0,user_0,523,523,2786
2667,10,2000000,11200,user_13,520,523,
2786,11,2000000,30200,user_24,522,523,
2656,12,1900000,5180,user_5,520,523,
2765,13,1600001,0,user_0,522,523,2745
2821,14,1600001,0,user_1,523,523,2745
2687,15,1600000,0,user_32,520,523,
2745,16,1600000,35600,user_35,521,523,
2774,17,1599999,0,user_9,522,523,2745
2747,18,1500000,0,user_37,521,523,
2793,19,1500000,0,user_30,522,523,
2812,20,1400000,0,user_47,522,523,
2811,21,1300000,15700,user_47,522,523,
2743,22,1100000,0,user_33,521,523,
2658,23,970000,0,user_6,520,523,
2664,24,910000,0,user_11,520,523,
2657,25,530000,0,user_6,520,523,
2660,26,460000,0,user_7,520,523,
2783,27,460000,15100,user_21,522,523,
2794,28,460000,0,user_31,522,523,
2686,29,260000,0,user_32,520,523,
2688,30,260000,0,user_32,520,523,
2795,31,260000,0,user_31,522,523,
2800,32,260000,0,user_35,522,523,
2655,33,220000,0,user_3,520,523,
2740,34,220000,71800,user_30,521,523,
2787,35,220000,0,user_24,522,523,
2799,36,170000,0,user_35,522,523,
2744,37,160000,30200,user_33,521,523,
2659,38,120000,0,user_6,520,523,
2731,39,120000,0,user_21,521,523,
2742,40,120000,0,user_32,521,523,
2666,41,110000,0,user_13,520,523,
2801,42,98000,0,user_37,522,523,
2782,43,87000,100000,user_21,522,523,
2730,44,85000,0,user_21,521,523,
2733,45,85000,0,user_25,521,523,
2784,46,80000,0,user_24,522,523,
2711,0,43000001,0,user_5,521,524,2691
2719,1,43000001,0,user_11,521,524,2691
2712,2,42999999,0,user_5,521,524,2691
2715,3,42999999,0,user_10,521,524,2691
2668,4,30000000,0,user_14,520,524,
2675,5,6300000,0,user_18,520,524,
2853,6,6100000,0,user_30,523,524,
2694,7,5000000,959000,user_40,520,524,
2673,8,5000000,0,user_17,520,524,
2867,9,5000000,0,user_47,523,524,
2771,10,4999999,0,user_6,522,524,2694
2704,11,4200000,0,user_48,520,524,
2796,12,2100000,0,user_32,522,524,
2727,13,2000001,0,user_19,521,524,2667
2770,14,2000001,0,user_6,522,524,2667
2709,15,1999999,0,user_5,521,524,2667
2710,16,1999999,0,user_5,521,524,2667
2766,17,1999999,0,user_3,522,524,2667
2723,18,1999999,0,user_16,521,524,2667
2716,19,1999999,0,user_10,521,524,2667
2717,20,1999999,0,user_10,521,524,2667
2713,21,1900001,0,user_7,521,524,2656
2718,22,1900001,0,user_11,521,524,2656
2720,23,1900001,0,user_13,521,524,2656
2679,24,1900000,0,user_22,520,524,
2669,25,1899999,0,user_16,520,524,2656
2735,26,1700000,100000,user_26,521,524,
2698,27,1500000,0,user_44,520,524,
2671,28,1500000,0,user_17,520,524,
2695,29,1500000,0,user_41,520,524,
2845,30,1500000,0,user_24,523,524,
2856,31,1300000,0,user_35,523,524,
2832,32,1299999,0,user_15,523,524,2811
2702,33,1200000,0,user_46,520,524,
2848,34,1200000,0,user_25,523,524,
2822,35,1000001,0,user_2,523,524,2734
2734,36,1000000,121000,user_26,521,524,
2714,37,660000,0,user_8,521,524,
2676,38,600000,6390,user_20,520,524,
2772,39,599999,0,user_7,522,524,2676
2674,40,460000,0,user_17,520,524,
2857,41,460000,0,user_35,523,524,
2749,42,420000,0,user_40,521,524,
2683,43,420000,0,user_28,520,524,
2696,44,420000,0,user_43,520,524,
2842,45,420000,0,user_21,523,524,
2684,46,370000,0,user_29,520,524,
2721,47,350000,0,user_14,521,524,
2663,48,340000,0,user_10,520,524,
2855,49,310000,0,user_35,523,524,
2670,50,260000,0,user_17,520,524,
2769,51,220001,0,user_5,522,524,2697
2697,52,220000,410000,user_44,520,524,
2854,53,220000,0,user_31,523,524,
2726,54,219999,0,user_19,521,524,2697
2701,55,170000,0,user_46,520,524,
2689,56,160000,0,user_34,520,524,
2852,57,160000,0,user_30,523,524,
2665,58,110000,0,user_12,520,524,
2846,59,98000,0,user_24,523,524,
2847,60,87000,0,user_25,523,524,
2899,61,84001,0,user_0,524,524,2797
2900,62,84001,0,user_1,524,524,2797
2797,63,84000,108000,user_32,522,524,
2767,64,83001,0,user_4,522,524,2661
2681,65,83000,0,user_26,520,524,
2661,66,83000,68100,user_8,520,524,
2768,67,82999,0,user_4,522,524,2661
2739,68,77000,17000,user_29,521,524,
2672,69,73000,0,user_17,520,524,
2827,0,42999999,0,user_10,523,526,2691
2798,1,30000000,0,user_34,522,526,
2728,2,27000000,0,user_20,521,526,
2732,5,19000000,0,user_23,521,526,
2789,7,5200000,0,user_26,522,526,
2979,8,5000001,0,user_2,525,526,2694
2902,11,4999999,0,user_3,524,526,2694
2844,13,3500000,0,user_22,523,526,
2851,18,2300000,0,user_29,523,526,
2828,22,2000001,0,user_10,523,526,2667
2805,25,1900000,0,user_41,522,526,
2724,27,1899999,0,user_17,521,526,2656
2903,30,1700001,0,user_3,524,526,2735
2904,31,1700001,0,user_4,524,526,2735
2907,32,1700001,0,user_4,524,526,2735
2908,33,1700001,0,user_4,524,526,2735
2840,34,1700001,0,user_19,523,526,2735
2912,35,1700001,0,user_5,524,526,2735
2837,36,1700001,0,user_18,523,526,2735
2918,37,1700001,0,user_11,524,526,2735
2920,38,1700001,0,user_13,524,526,2735
2905,39,1699999,0,user_4,524,526,2735
2911,40,1699999,0,user_5,524,526,2735
2913,41,1699999,0,user_5,524,526,2735
2914,42,1699999,0,user_6,524,526,2735
2915,43,1699999,0,user_7,524,526,2735
2835,44,1699999,0,user_18,523,526,2735
2754,45,1500000,0,user_43,521,526,
2826,51,1000001,0,user_8,523,526,2734
2831,52,1000001,0,user_12,523,526,2734
2777,53,1000001,0,user_16,522,526,2734
2778,54,1000001,0,user_16,522,526,2734
2779,56,999999,0,user_19,522,526,2734
2839,57,999999,0,user_19,523,526,2734
2910,58,999999,0,user_5,524,526,2734
2836,59,999999,0,user_18,523,526,2734
2859,60,870000,0,user_40,523,526,
2751,62,650000,0,user_41,521,526,
2692,63,630000,0,user_38,520,526,
2860,64,460000,0,user_40,523,526,
2729,65,420000,0,user_20,521,526,
2780,66,420000,0,user_20,522,526,
2807,67,350000,0,user_43,522,526,
3038,43,310001,0,builder_2,525,525,2757
2757,68,310000,35600,user_48,521,526,
2866,72,260000,0,user_46,523,526,
2843,73,240000,0,user_22,523,526,
2909,74,220001,0,user_5,524,526,2697
2738,76,220000,0,user_28,521,526,
2750,77,220000,0,user_41,521,526,
2809,79,170000,0,user_44,522,526,
2791,80,150000,0,user_28,522,526,
2755,81,120000,0,user_44,521,526,
2849,82,110000,0,user_26,523,526,
2752,83,110000,0,user_41,521,526,
2737,84,100000,0,user_28,521,526,
2838,86,87001,0,user_18,523,526,2782
2906,91,84001,0,user_4,524,526,2797
2753,97,77000,0,user_41,521,526,
2808,98,77000,0,user_43,522,526,
2850,60,70000,0,user_29,523,525,
2827,0,42999999,0,user_10,523,526,2691
2798,1,30000000,0,user_34,522,526,
2728,2,27000000,0,user_20,521,526,
3035,3,27000000,0,user_47,525,526,
2934,4,19000000,0,user_25,524,526,
2732,5,19000000,0,user_23,521,526,
2947,6,5200000,0,user_33,524,526,
2789,7,5200000,0,user_26,522,526,
2979,8,5000001,0,user_2,525,526,2694
2994,9,5000001,0,user_15,525,526,2694
2829,10,4999999,0,user_11,523,526,2694
2902,11,4999999,0,user_3,524,526,2694
2993,12,4999999,0,user_15,525,526,2694
2844,13,3500000,0,user_22,523,526,
3021,14,3500000,0,user_37,525,526,
2792,15,3200000,0,user_29,522,526,
2804,16,2600000,32900,user_40,522,526,
2995,17,2300001,0,user_15,525,526,2946
2851,18,2300000,0,user_29,523,526,
2946,19,2300000,510000,user_32,524,526,
2991,20,2299999,0,user_15,525,526,2946
2992,21,2299999,0,user_15,525,526,2946
2828,22,2000001,0,user_10,523,526,2667
3018,23,2000000,0,user_33,525,526,
3019,24,2000000,24700,user_35,525,526,
2805,25,1900000,0,user_41,522,526,
2725,26,1899999,0,user_18,521,526,2656
2724,27,1899999,0,user_17,521,526,2656
2825,28,1700001,0,user_6,523,526,2735
2830,29,1700001,0,user_11,523,526,2735
2903,30,1700001,0,user_3,524,526,2735
2904,31,1700001,0,user_4,524,526,2735
2907,32,1700001,0,user_4,524,526,2735
2908,33,1700001,0,user_4,524,526,2735
2840,34,1700001,0,user_19,523,526,2735
2912,35,1700001,0,user_5,524,526,2735
2837,36,1700001,0,user_18,523,526,2735
2918,37,1700001,0,user_11,524,526,2735
2920,38,1700001,0,user_13,524,526,2735
2905,39,1699999,0,user_4,524,526,2735
2911,40,1699999,0,user_5,524,526,2735
2913,41,1699999,0,user_5,524,526,2735
2914,42,1699999,0,user_6,524,526,2735
2915,43,1699999,0,user_7,524,526,2735
2835,44,1699999,0,user_18,523,526,2735
2754,45,1500000,0,user_43,521,526,
2945,46,1500000,0,user_32,524,526,
3007,47,1400000,35100,user_24,525,526,
2950,48,1200000,49100,user_35,524,526,
2823,49,1000001,0,user_3,523,526,2734
2824,50,1000001,0,user_4,523,526,2734
2826,51,1000001,0,user_8,523,526,2734
2831,52,1000001,0,user_12,523,526,2734
2777,53,1000001,0,user_16,522,526,2734
2778,54,1000001,0,user_16,522,526,2734
3009,55,1000000,0,user_24,525,526,
2779,56,999999,0,user_19,522,526,2734
2839,57,999999,0,user_19,523,526,2734
2910,58,999999,0,user_5,524,526,2734
2836,59,999999,0,user_18,523,526,2734
2859,60,870000,0,user_40,523,526,
3008,61,660000,0,user_24,525,526,
2751,62,650000,0,user_41,521,526,
2692,63,630000,0,user_38,520,526,
2860,64,460000,0,user_40,523,526,
2729,65,420000,0,user_20,521,526,
2780,66,420000,0,user_20,522,526,
2807,67,350000,0,user_43,522,526,
2757,68,310000,35600,user_48,521,526,
3017,69,310000,0,user_31,525,526,
3016,70,300000,0,user_31,525,526,
2959,71,260000,0,user_47,524,526,
2866,72,260000,0,user_46,523,526,
2843,73,240000,0,user_22,523,526,
2909,74,220001,0,user_5,524,526,2697
3040,75,220001,0,user_1,526,526,2697
2738,76,220000,0,user_28,521,526,
2750,77,220000,0,user_41,521,526,
3010,78,220000,10700,user_25,525,526,
2809,79,170000,0,user_44,522,526,
2791,80,150000,0,user_28,522,526,
2755,81,120000,0,user_44,521,526,
2849,82,110000,0,user_26,523,526,
2752,83,110000,0,user_41,521,526,
2737,84,100000,0,user_28,521,526,
2922,85,87001,0,user_15,524,526,2782
2838,86,87001,0,user_18,523,526,2782
3011,87,87000,1100000,user_25,525,526,
2978,88,86999,0,user_0,525,526,2782
2949,89,85000,0,user_35,524,526,
2923,90,84001,0,user_15,524,526,2797
2906,91,84001,0,user_4,524,526,2797
2901,92,83999,0,user_2,524,526,2797
2916,93,83999,0,user_9,524,526,2797
3039,94,83999,0,user_0,526,526,2797
2775,95,82999,0,user_12,522,526,2661
2931,96,80000,1100000,user_21,524,526,
2753,97,77000,0,user_41,521,526,
2808,98,77000,0,user_43,522,526,
3005,99,77000,0,user_21,525,526,
3041,0,5000001,0,user_2,526,527,2694
3062,1,5000000,0,user_25,526,527,
3066,2,2300000,0,user_33,526,527,
2833,3,1899999,0,user_17,523,527,2656
2834,4,1899999,0,user_17,523,527,2656
2928,5,1700001,0,user_16,524,527,2735
2983,6,1700001,0,user_7,525,527,2735
2929,7,1700001,0,user_18,524,527,2735
2984,8,1700001,0,user_11,525,527,2735
2921,9,1699999,0,user_14,524,527,2735
2980,10,1699999,0,user_4,525,527,2735
2924,11,1699999,0,user_16,524,527,2735
2926,12,1699999,0,user_16,524,527,2735
2927,13,1699999,0,user_16,524,527,2735
2982,14,1699999,0,user_5,525,527,2735
2917,15,1699999,0,user_10,524,527,2735
2985,16,1699999,0,user_11,525,527,2735
2986,17,1699999,0,user_11,525,527,2735
2989,18,1699999,0,user_13,525,527,2735
2935,19,910000,0,user_26,524,527,
2861,20,870000,30200,user_41,523,527,
2813,21,460000,0,user_49,522,527,
2863,22,260000,0,user_43,523,527,
2981,23,220001,0,user_4,525,527,2697
2919,24,219999,0,user_12,524,527,2697
3065,25,190000,0,user_31,526,527,
2943,26,170000,6390,user_29,524,527,
2802,27,170000,0,user_38,522,527,
2841,28,150000,10700,user_20,523,527,
2944,29,120000,0,user_29,524,527,
2758,30,100000,0,user_49,521,527,
2958,31,98000,0,user_46,524,527,
2925,32,84001,0,user_16,524,527,2797
3107,33,79999,0,user_1,527,527,2931
3127,0,27000000,0,user_25,527,528,
3138,1,6100000,0,user_33,527,528,
3167,2,4999999,0,user_1,528,528,2694
2988,3,1700001,0,user_12,525,528,2735
3002,4,1700001,0,user_18,525,528,2735
2987,5,1699999,0,user_12,525,528,2735
2990,6,1699999,0,user_14,525,528,2735
3135,7,1500000,17700000,user_31,527,528,
3137,8,1100000,0,user_33,527,528,
3003,9,999999,0,user_18,525,528,2734
3134,10,650000,0,user_31,527,528,
3124,11,630000,0,user_21,527,528,
3015,12,240000,0,user_29,525,528,
3042,13,219999,0,user_3,526,528,2697
3108,14,219999,0,user_2,527,528,2697
3133,15,150000,0,user_30,527,528,
3132,16,98000,0,user_30,527,528,
3051,17,80001,0,user_11,526,528,2931
3043,18,79999,0,user_4,526,528,2931
3044,19,79999,0,user_7,526,528,2931
3071,0,27000000,322000,user_37,526,529,
3063,1,6100000,24700,user_26,526,529,
3195,2,5000000,0,user_35,528,529,
3081,3,3600000,594000,user_47,526,529,
3125,4,3600000,0,user_24,527,529,
2868,5,3500000,0,user_48,523,529,
2961,6,2600000,0,user_48,524,529,
3142,7,2500000,0,user_37,527,529,
3048,8,2300001,0,user_9,526,529,2946
3181,9,2300001,0,user_15,528,529,2946
3168,10,2299999,0,user_2,528,529,2946
3180,11,2299999,0,user_15,528,529,2946
3186,12,2100000,0,user_24,528,529,
3126,13,1800000,0,user_24,527,529,
2996,14,1699999,0,user_16,525,529,2735
2998,15,1699999,0,user_16,525,529,2735
2999,16,1699999,0,user_16,525,529,2735
3000,17,1699999,0,user_16,525,529,2735
3004,18,1699999,0,user_19,525,529,2735
3058,19,1699999,0,user_19,526,529,2735
2957,20,1500000,15700,user_44,524,529,
3060,21,1500000,0,user_24,526,529,
3151,22,1500000,0,user_47,527,529,
3072,23,1400000,0,user_37,526,529,
2948,24,1200000,0,user_34,524,529,
2956,25,1000000,11200,user_44,524,529,
3013,26,1000000,0,user_26,525,529,
3054,27,999999,0,user_16,526,529,2734
3047,28,999999,0,user_9,526,529,2734
3049,29,999999,0,user_9,526,529,2734
3053,30,999999,0,user_15,526,529,2734
3115,31,999999,0,user_9,527,529,2734
2960,32,670000,0,user_48,524,529,
3036,33,660000,0,user_48,525,529,
3190,34,660000,0,user_30,528,529,
3069,35,630000,0,user_35,526,529,
3136,36,530000,296000,user_32,527,529,
3187,37,530000,0,user_24,528,529,
3191,38,460000,10700,user_31,528,529,
3068,39,420000,769000,user_35,526,529,
3220,40,419999,0,user_1,529,529,3068
3197,41,300000,0,user_37,528,529,
3111,42,220001,0,user_4,527,529,2697
3112,43,220001,0,user_5,527,529,2697
3109,44,219999,0,user_3,527,529,2697
3045,45,219999,0,user_8,526,529,2697
3110,46,219999,0,user_4,527,529,2697
3113,47,219999,0,user_7,527,529,2697
3080,48,150000,0,user_46,526,529,
2962,49,120000,0,user_48,524,529,
3012,50,120000,0,user_26,525,529,
3061,51,110000,0,user_24,526,529,
3070,52,85000,5180,user_37,526,529,
2997,53,84001,0,user_16,525,529,2797
3173,54,84001,0,user_9,528,529,2797
3050,55,83999,0,user_9,526,529,2797
3046,56,80001,0,user_8,526,529,2931
3219,57,80001,0,user_0,529,529,2931
3052,58,79999,0,user_14,526,529,2931
3064,59,73000,0,user_26,526,529,
3239,0,2300000,0,user_25,529,530,
3252,1,2100000,369000,user_37,529,530,
3271,2,1100000,31700,user_47,529,530,
3244,3,1000000,0,user_30,529,530,
3248,4,530000,0,user_35,529,530,
3274,5,420001,0,user_0,530,530,3068
3226,6,419999,0,user_9,529,530,3068
3275,7,419999,0,user_1,530,530,3068
3247,8,340000,0,user_35,529,530,
3237,9,87000,10700,user_21,529,530,
3227,10,86999,0,user_9,529,530,3011
3192,0,5200000,0,user_32,528,531,
3280,1,5000001,0,user_9,530,531,2694
3297,2,5000000,0,user_21,530,531,
3330,3,4999999,0,user_1,531,531,2694
3311,4,2500000,0,user_37,530,531,
3304,5,2400000,0,user_31,530,531,
3300,6,1600000,75000,user_24,530,531,
3193,7,1400000,0,user_32,528,531,
3310,8,1400000,0,user_35,530,531,
3326,9,1100000,0,user_47,530,531,
3305,10,630000,0,user_31,530,531,
3307,11,420000,0,user_33,530,531,
3291,12,419999,0,user_15,530,531,3068
3245,13,170000,0,user_32,529,531,
3303,14,110000,0,user_30,530,531,
3328,15,86999,0,user_0,531,531,3011
3329,16,86999,0,user_1,531,531,3011
3256,0,43000000,0,user_40,529,533,
3464,1,30000001,0,builder_2,532,532,2941
2941,1,30000000,68100,user_28,524,533,
2955,3,6100000,0,user_43,524,533,
3333,7,5000001,0,user_7,531,533,2694
3338,8,5000001,0,user_11,531,533,2694
3388,9,5000001,0,user_2,532,533,2694
3465,7,3500001,0,builder_2,532,532,2869
2869,18,3500000,16400,user_49,523,533,
3264,19,3500000,0,user_41,529,533,
3295,32,2300001,0,user_18,530,533,2946
3258,33,2300000,0,user_40,529,533,
3234,45,2299999,0,user_17,529,533,2946
3281,46,2299999,0,user_10,530,533,2946
3466,14,2100001,0,builder_2,532,532,3145
3145,48,2100000,128000,user_40,527,533,
3033,47,2100000,0,user_43,525,533,
3467,17,2000001,0,builder_2,532,532,3006
3006,49,2000000,5640,user_23,525,533,
3262,51,2000000,0,user_41,529,533,
2870,52,1800000,0,user_49,523,533,
3468,21,1600001,0,builder_2,532,532,3198
3198,55,1600000,15700,user_38,528,533,
3029,54,1600000,0,user_41,525,533,
3028,60,1500000,0,user_40,525,533,
3001,63,1000001,0,user_17,525,533,2734
3032,64,1000000,0,user_43,525,533,
3200,67,970000,0,user_40,528,533,
3022,74,470000,0,user_38,525,533,
3469,29,350001,0,builder_2,532,532,2858
2858,78,350000,84800,user_38,523,533,
3470,31,310001,0,builder_2,532,532,2932
2932,80,310000,7840,user_23,524,533,
3255,81,310000,0,user_40,529,533,
2953,82,300000,0,user_40,524,533,
3037,83,260000,0,user_49,525,533,
3315,84,260000,0,user_40,530,533,
3263,97,160000,15700,user_41,529,533,
3471,38,159999,0,builder_2,532,532,3263
3472,39,79001,0,builder_2,532,532,3261
3261,40,79000,84800,user_41,529,532,
2942,94,160000,0,user_28,524,533,
3031,95,160000,0,user_43,525,533,
3034,96,160000,0,user_43,525,533,
3266,98,160000,0,user_43,529,533,
2963,99,150000,0,user_49,524,533,
3260,46,150000,0,user_41,529,532,
2930,47,130000,0,user_20,524,532,
2952,48,130000,0,user_40,524,532,
3210,49,120000,0,user_49,528,532,
3238,50,110000,0,user_23,529,532,
3014,51,100000,0,user_28,525,532,
3332,52,87001,0,user_6,531,532,3011
3259,53,85000,0,user_40,529,532,
3314,54,82000,0,user_40,530,532,
3257,55,79000,0,user_40,529,532,
3236,56,70000,0,user_20,529,532,
3256,0,43000000,0,user_40,529,533,
2941,1,30000000,68100,user_28,524,533,
3422,2,19000000,0,user_30,532,533,
2955,3,6100000,0,user_43,524,533,
3055,4,5000001,0,user_17,526,533,2694
3224,5,5000001,0,user_7,529,533,2694
3331,6,5000001,0,user_2,531,533,2694
3333,7,5000001,0,user_7,531,533,2694
3338,8,5000001,0,user_11,531,533,2694
3388,9,5000001,0,user_2,532,533,2694
3473,10,5000001,0,user_1,533,533,2694
3170,11,4999999,0,user_4,528,533,2694
3117,12,4999999,0,user_10,527,533,2694
3076,13,4500000,0,user_41,526,533,
3428,14,4500000,0,user_31,532,533,
3189,15,4200000,0,user_29,528,533,
3202,16,4200000,0,user_43,528,533,
3184,17,3600000,0,user_23,528,533,
2869,18,3500000,16400,user_49,523,533,
3264,19,3500000,0,user_41,529,533,
3208,20,2600000,0,user_46,528,533,
3130,21,2400000,0,user_29,527,533,
3169,22,2300001,0,user_3,528,533,2946
3171,23,2300001,0,user_7,528,533,2946
3172,24,2300001,0,user_7,528,533,2946
3175,25,2300001,0,user_11,528,533,2946
3229,26,2300001,0,user_12,529,533,2946
3183,27,2300001,0,user_18,528,533,2946
3283,28,2300001,0,user_11,530,533,2946
3284,29,2300001,0,user_11,530,533,2946
3286,30,2300001,0,user_11,530,533,2946
3289,31,2300001,0,user_13,530,533,2946
3295,32,2300001,0,user_18,530,533,2946
3258,33,2300000,0,user_40,529,533,
3118,34,2299999,0,user_12,527,533,2946
3176,35,2299999,0,user_13,528,533,2946
3177,36,2299999,0,user_13,528,533,2946
3178,37,2299999,0,user_14,528,533,2946
3222,38,2299999,0,user_7,529,533,2946
3223,39,2299999,0,user_7,529,533,2946
3230,40,2299999,0,user_13,529,533,2946
3225,41,2299999,0,user_8,529,533,2946
3232,42,2299999,0,user_14,529,533,2946
3277,43,2299999,0,user_7,530,533,2946
3288,44,2299999,0,user_13,530,533,2946
3234,45,2299999,0,user_17,529,533,2946
3281,46,2299999,0,user_10,530,533,2946
3033,47,2100000,0,user_43,525,533,
3145,48,2100000,128000,user_40,527,533,
3006,49,2000000,5640,user_23,525,533,
3059,50,2000000,11200,user_20,526,533,
3262,51,2000000,0,user_41,529,533,
2870,52,1800000,0,user_49,523,533,
3206,53,1700000,0,user_46,528,533,
3029,54,1600000,0,user_41,525,533,
3198,55,1600000,15700,user_38,528,533,
3221,56,1500001,0,user_4,529,533,3135
3231,57,1500001,0,user_13,529,533,3135
3282,58,1500001,0,user_11,530,533,3135
3285,59,1500001,0,user_11,530,533,3135
3028,60,1500000,0,user_40,525,533,
3387,61,1499999,0,user_0,532,533,3135
3358,62,1400000,0,user_37,531,533,
3001,63,1000001,0,user_17,525,533,2734
3032,64,1000000,0,user_43,525,533,
3371,65,1000000,0,user_47,531,533,
3424,66,1000000,0,user_30,532,533,
3200,67,970000,0,user_40,528,533,
3150,68,910000,0,user_46,527,533,
3073,69,910000,67500,user_38,526,533,
3083,70,910000,0,user_49,526,533,
3201,71,660000,0,user_41,528,533,
3131,72,630000,0,user_29,527,533,
3084,73,530000,0,user_49,526,533,
3022,74,470000,0,user_38,525,533,
3335,75,419999,0,user_9,531,533,3068
3340,76,419999,0,user_15,531,533,3068
3207,77,370000,23500,user_46,528,533,
2858,78,350000,84800,user_38,523,533,
3129,79,320000,0,user_28,527,533,
2932,80,310000,7840,user_23,524,533,
3255,81,310000,0,user_40,529,533,
2953,82,300000,0,user_40,524,533,
3037,83,260000,0,user_49,525,533,
3315,84,260000,0,user_40,530,533,
3123,85,240000,84800,user_20,527,533,
3114,86,220001,0,user_8,527,533,2697
3116,87,220001,0,user_10,527,533,2697
3057,88,220001,0,user_18,526,533,2697
3120,89,220001,0,user_18,527,533,2697
3078,90,220000,0,user_43,526,533,
3306,91,220000,0,user_32,530,533,
3357,92,220000,0,user_37,531,533,
3415,93,190000,0,user_25,532,533,
2942,94,160000,0,user_28,524,533,
3031,95,160000,0,user_43,525,533,
3034,96,160000,0,user_43,525,533,
3263,97,160000,15700,user_41,529,533,
3266,98,160000,0,user_43,529,533,
2963,99,150000,0,user_49,524,533,
3085,0,150000,0,user_49,526,534,
3086,1,130000,0,user_49,526,534,
3146,2,120000,0,user_41,527,534,
3153,3,100000,0,user_49,527,534,
3087,4,83000,13900,user_49,526,534,
3056,5,80001,0,user_18,526,534,2931
3143,6,70000,15700,user_38,527,534,
3494,3,6300000,0,user_23,533,539,
3401,17,5000001,0,user_14,532,537,2694
3402,18,5000001,0,user_14,532,537,2694
3547,19,5000001,0,user_2,534,537,2694
3613,18,5000001,0,user_10,535,539,2694
3396,25,4999999,0,user_8,532,537,2694
3399,26,4999999,0,user_12,532,537,2694
3477,27,4999999,0,user_4,533,537,2694
3552,31,4999999,0,user_7,534,539,2694
3148,31,4500000,0,user_44,527,537,
3563,58,2100000,0,user_20,534,539,
3475,52,1500001,0,user_3,533,537,3135
3486,53,1500001,0,user_13,533,537,3135
3611,65,1500001,0,user_7,535,539,3135
3567,76,1300000,0,user_23,534,539,
3561,81,1100000,0,user_20,534,539,
3517,84,1000000,0,user_41,533,539,
3590,85,1000000,0,user_43,534,539,
3571,94,910000,0,user_28,534,539,
3564,98,670000,36800,user_20,534,539,
3152,71,650000,8520,user_48,527,537,
3128,76,530000,0,user_26,527,537,
3432,22,460000,100000,user_38,532,535,
3500,23,260000,0,user_28,533,535,
3082,92,240000,0,user_48,526,537,
3412,93,240000,0,user_22,532,537,
3119,97,219999,0,user_16,527,537,2697
3121,98,219999,0,user_19,527,537,2697
3067,28,170000,0,user_34,526,535,
3562,29,170000,0,user_20,534,535,
3588,30,170000,12300,user_41,534,535,
3373,31,150000,0,user_49,531,535,
3560,32,150000,0,user_20,534,535,
3359,33,110000,0,user_38,531,535,
3482,34,87001,0,user_11,533,535,3011
3551,35,87001,0,user_7,534,535,3011
3495,36,83000,0,user_23,533,535,
3122,37,79999,0,user_19,527,535,2931
3490,38,77001,0,user_17,533,535,3243
3476,39,77001,0,user_3,533,535,3243
3585,1,19000000,369000,user_38,534,539,
3623,24,5000001,0,user_17,535,539,2694
3668,47,4999999,0,user_10,536,539,2694
3513,49,4500000,0,user_38,533,539,
3514,60,1900000,0,user_38,533,539,
3584,67,1500000,0,user_38,534,539,
3622,72,1499999,0,user_17,535,539,3135
3665,70,1499999,0,user_7,536,539,3135
3581,86,1000000,0,user_38,534,539,
3652,9,370000,769000,user_43,535,536,
3582,10,220000,0,user_38,534,536,
3649,11,120000,0,user_41,535,536,
3583,12,110000,0,user_38,534,536,
3512,13,85000,108000,user_38,533,536,
3529,14,77000,0,user_49,533,536,
3508,0,43000000,0,user_35,533,537,
3299,1,27000000,0,user_23,530,537,
3687,2,27000000,0,user_21,536,537,
3565,3,6300000,231000,user_21,534,537,
3578,4,6300000,12800,user_33,534,537,
3496,5,6100000,7190000,user_25,533,537,
3691,6,6100000,0,user_25,536,537,
3390,7,5000001,0,user_3,532,537,2694
3391,8,5000001,0,user_3,532,537,2694
3278,9,5000001,0,user_8,530,537,2694
3287,10,5000001,0,user_12,530,537,2694
3334,11,5000001,0,user_8,531,537,2694
3336,12,5000001,0,user_10,531,537,2694
3337,13,5000001,0,user_10,531,537,2694
3344,14,5000001,0,user_18,531,537,2694
3400,15,5000001,0,user_13,532,537,2694
3546,16,5000001,0,user_0,534,537,2694
3401,17,5000001,0,user_14,532,537,2694
3402,18,5000001,0,user_14,532,537,2694
3547,19,5000001,0,user_2,534,537,2694
3558,20,5000001,0,user_15,534,537,2694
3617,21,5000001,0,user_15,535,537,2694
3308,22,5000000,0,user_34,530,537,
3393,23,4999999,0,user_5,532,537,2694
3474,24,4999999,0,user_2,533,537,2694
3396,25,4999999,0,user_8,532,537,2694
3399,26,4999999,0,user_12,532,537,2694
3477,27,4999999,0,user_4,533,537,2694
3612,28,4999999,0,user_9,535,537,2694
3659,29,4999999,0,user_0,536,537,2694
3683,30,4999999,0,user_15,536,537,2694
3148,31,4500000,0,user_44,527,537,
3572,32,4500000,0,user_30,534,537,
3429,33,3600000,0,user_35,532,537,
3577,34,3600000,0,user_33,534,537,
3635,35,3600000,350000,user_31,535,537,
3188,36,3500000,0,user_26,528,537,
3704,37,3500000,0,user_35,536,537,
3506,38,3200000,0,user_33,533,537,
3575,39,2600000,0,user_32,534,537,
3700,40,2600000,64600,user_33,536,537,
3293,41,2300001,0,user_17,530,537,2946
3351,42,2300000,181000,user_29,531,537,
3568,43,2300000,0,user_24,534,537,
3345,44,2299999,0,user_19,531,537,2946
3294,45,2299999,0,user_17,530,537,2946
3636,46,2100000,0,user_31,535,537,
3302,47,2000000,0,user_28,530,537,
3643,48,2000000,0,user_35,535,537,
3194,49,1900000,0,user_34,528,537,
3322,50,1600000,0,user_44,530,537,
3395,51,1500001,0,user_7,532,537,3135
3475,52,1500001,0,user_3,533,537,3135
3486,53,1500001,0,user_13,533,537,3135
3602,54,1500001,0,user_0,535,537,3135
3722,55,1500001,0,user_1,537,537,3135
3628,56,1500000,0,user_24,535,537,
3392,57,1499999,0,user_4,532,537,3135
3717,58,1499999,0,user_0,537,537,3135
3719,59,1499999,0,user_1,537,537,3135
3370,60,1400000,0,user_46,531,537,
3272,61,1400000,18600,user_48,529,537,
3497,62,1400000,0,user_25,533,537,
3629,63,1400000,0,user_25,535,537,
3639,64,1200000,0,user_31,535,537,
3309,65,1100000,0,user_34,530,537,
3323,66,1000000,0,user_44,530,537,
3574,67,1000000,0,user_31,534,537,
3644,68,1000000,33100,user_37,535,537,
3431,69,970000,0,user_37,532,537,
3573,70,660000,0,user_30,534,537,
3152,71,650000,8520,user_48,527,537,
3354,72,630000,0,user_32,531,537,
3209,73,600000,0,user_48,528,537,
3688,74,600000,0,user_21,536,537,
3703,75,600000,0,user_35,536,537,
3128,76,530000,0,user_26,527,537,
3348,77,530000,285000,user_26,531,537,
3406,78,420001,0,user_15,532,537,3068
3488,79,420001,0,user_15,533,537,3068
3566,80,420000,0,user_21,534,537,
3594,81,420000,0,user_47,534,537,
3701,82,420000,36800,user_33,536,537,
3397,83,419999,0,user_9,532,537,3068
3403,84,419999,0,user_15,532,537,3068
3404,85,419999,0,user_15,532,537,3068
3246,86,360000,0,user_34,529,537,
3503,87,360000,12300,user_30,533,537,
3630,88,340000,0,user_25,535,537,
3640,89,340000,0,user_33,535,537,
3316,90,310000,0,user_41,530,537,
3240,91,260000,0,user_26,529,537,
3082,92,240000,0,user_48,526,537,
3412,93,240000,0,user_22,532,537,
3235,94,220001,0,user_19,529,537,2697
3341,95,220001,0,user_16,531,537,2697
3325,96,220000,0,user_46,530,537,
3119,97,219999,0,user_16,527,537,2697
3121,98,219999,0,user_19,527,537,2697
3233,99,219999,0,user_16,529,537,2697
3292,0,219999,0,user_16,530,538,2697
3296,1,219999,0,user_19,530,538,2697
3298,2,160000,0,user_22,530,538,
3273,3,160000,0,user_49,529,538,
3253,4,100000,0,user_38,529,538,
3339,5,86999,0,user_12,531,538,3011
3241,6,85000,0,user_26,529,538,
3347,7,83000,0,user_26,531,538,
3279,8,77001,0,user_8,530,538,3243
3290,9,76999,0,user_14,530,538,3243
3352,10,70000,0,user_29,531,538,
3416,0,43000000,0,user_26,532,539,
3585,1,19000000,369000,user_38,534,539,
3815,2,19000000,0,user_31,538,539,
3494,3,6300000,0,user_23,533,539,
3769,4,6100001,0,user_2,538,539,3496
3436,5,6100000,0,user_44,532,539,
3484,6,5000001,0,user_12,533,539,2694
3343,7,5000001,0,user_17,531,539,2694
3481,8,5000001,0,user_10,533,539,2694
3554,9,5000001,0,user_11,534,539,2694
3616,10,5000001,0,user_13,535,539,2694
3614,11,5000001,0,user_12,535,539,2694
3660,12,5000001,0,user_4,536,539,2694
3662,13,5000001,0,user_4,536,539,2694
3618,14,5000001,0,user_16,535,539,2694
3619,15,5000001,0,user_16,535,539,2694
3621,16,5000001,0,user_16,535,539,2694
3663,17,5000001,0,user_5,536,539,2694
3613,18,5000001,0,user_10,535,539,2694
3671,19,5000001,0,user_11,536,539,2694
3677,20,5000001,0,user_13,536,539,2694
3723,21,5000001,0,user_3,537,539,2694
3724,22,5000001,0,user_5,537,539,2694
3725,23,5000001,0,user_5,537,539,2694
3623,24,5000001,0,user_17,535,539,2694
3743,25,5000000,0,user_21,537,539,
3548,26,4999999,0,user_3,534,539,2694
3479,27,4999999,0,user_8,533,539,2694
3485,28,4999999,0,user_12,533,539,2694
3549,29,4999999,0,user_4,534,539,2694
3480,30,4999999,0,user_10,533,539,2694
3552,31,4999999,0,user_7,534,539,2694
3491,32,4999999,0,user_18,533,539,2694
3555,33,4999999,0,user_13,534,539,2694
3556,34,4999999,0,user_13,534,539,2694
3553,35,4999999,0,user_8,534,539,2694
3606,36,4999999,0,user_5,535,539,2694
3607,37,4999999,0,user_6,535,539,2694
3615,38,4999999,0,user_12,535,539,2694
3661,39,4999999,0,user_4,536,539,2694
3620,40,4999999,0,user_16,535,539,2694
3625,41,4999999,0,user_19,535,539,2694
3664,42,4999999,0,user_6,536,539,2694
3669,43,4999999,0,user_11,536,539,2694
3670,44,4999999,0,user_11,536,539,2694
3673,45,4999999,0,user_13,536,539,2694
3676,46,4999999,0,user_13,536,539,2694
3668,47,4999999,0,user_10,536,539,2694
3726,48,4999999,0,user_7,537,539,2694
3513,49,4500000,0,user_38,533,539,
3437,50,4200000,0,user_44,532,539,
3356,51,3600000,0,user_34,531,539,
3758,52,3500000,5630,user_37,537,539,
3501,53,3500000,0,user_29,533,539,
3367,54,2600000,0,user_43,531,539,
3365,55,2500000,0,user_43,531,539,
3817,56,2500000,0,user_31,538,539,
3634,57,2300000,13900,user_29,535,539,
3563,58,2100000,0,user_20,534,539,
3372,59,2000000,0,user_48,531,539,
3514,60,1900000,0,user_38,533,539,
3595,61,1800000,24700,user_48,534,539,
3493,62,1600000,35100,user_22,533,539,
3362,63,1600000,0,user_41,531,539,
3735,64,1500001,0,user_15,537,539,3135
3611,65,1500001,0,user_7,535,539,3135
3672,66,1500001,0,user_11,536,539,3135
3584,67,1500000,0,user_38,534,539,
3550,68,1499999,0,user_5,534,539,3135
3559,69,1499999,0,user_19,534,539,3135
3665,70,1499999,0,user_7,536,539,3135
3684,71,1499999,0,user_16,536,539,3135
3622,72,1499999,0,user_17,535,539,3135
3355,73,1400000,0,user_34,531,539,
3502,74,1300000,121000,user_29,533,539,
3525,75,1300000,0,user_44,533,539,
3567,76,1300000,0,user_23,534,539,
3410,77,1200000,0,user_20,532,539,
3754,78,1100000,0,user_31,537,539,
3435,79,1100000,0,user_41,532,539,
3648,80,1100000,0,user_40,535,539,
3561,81,1100000,0,user_20,534,539,
3327,82,1000000,0,user_49,530,539,
3413,83,1000000,215000,user_23,532,539,
3517,84,1000000,0,user_41,533,539,
3590,85,1000000,0,user_43,534,539,
3581,86,1000000,0,user_38,534,539,
3802,87,1000000,0,user_25,538,539,
3814,88,1000000,33300,user_30,538,539,
3821,89,1000000,0,user_35,538,539,
3746,90,970000,0,user_24,537,539,
3408,91,970000,0,user_20,532,539,
3692,92,970000,0,user_26,536,539,
3818,93,970000,3130,user_31,538,539,
3571,94,910000,0,user_28,534,539,
3753,95,870000,0,user_30,537,539,
3747,96,870000,0,user_24,537,539,
3587,97,670000,0,user_40,534,539,
3564,98,670000,36800,user_20,534,539,
3627,99,600000,0,user_22,535,539,
2651,0,5000000,0,user_0,540,540,
2652,1,970000,0,user_1,540,540,
2650,2,650000,0,user_0,540,540,
2706,0,43000001,0,user_0,541,541,2691
2691,1,43000000,16400,user_37,540,541,
2707,2,42999999,0,user_1,541,541,2691
2685,3,30000000,0,user_31,540,541,
2662,4,1100000,0,user_9,540,541,
2653,5,870000,0,user_2,540,541,
2677,6,310000,0,user_21,540,541,
2678,7,310000,0,user_21,540,541,
2690,8,170000,0,user_37,540,541,
2680,9,160000,0,user_24,540,541,
2703,10,120000,0,user_47,540,541,
2654,11,110000,0,user_2,540,541,
2708,0,43000001,0,user_2,541,543,2691
2722,1,43000001,0,user_15,541,543,2691
2788,2,43000000,0,user_25,542,543,
2764,3,42999999,0,user_0,542,543,2691
2776,4,42999999,0,user_15,542,543,2691
2781,5,5000000,0,user_21,542,543,
2785,6,5000000,0,user_24,542,543,
2741,7,4500000,0,user_31,541,543,
2756,8,4500000,0,user_47,541,543,
2820,9,2000001,0,user_0,543,543,2786
2667,10,2000000,11200,user_13,540,543,
2786,11,2000000,30200,user_24,542,543,
2656,12,1900000,5180,user_5,540,543,
2765,13,1600001,0,user_0,542,543,2745
2821,14,1600001,0,user_1,543,543,2745
2687,15,1600000,0,user_32,540,543,
2745,16,1600000,35600,user_35,541,543,
2774,17,1599999,0,user_9,542,543,2745
2747,18,1500000,0,user_37,541,543,
2793,19,1500000,0,user_30,542,543,
2812,20,1400000,0,user_47,542,543,
2811,21,1300000,15700,user_47,542,543,
2743,22,1100000,0,user_33,541,543,
2658,23,970000,0,user_6,540,543,
2664,24,910000,0,user_11,540,543,
2657,25,530000,0,user_6,540,543,
2660,26,460000,0,user_7,540,543,
2783,27,460000,15100,user_21,542,543,
2794,28,460000,0,user_31,542,543,
2686,29,260000,0,user_32,540,543,
2688,30,260000,0,user_32,540,543,
2795,31,260000,0,user_31,542,543,
2800,32,260000,0,user_35,542,543,
2655,33,220000,0,user_3,540,543,
2740,34,220000,71800,user_30,541,543,
2787,35,220000,0,user_24,542,543,
2799,36,170000,0,user_35,542,543,
2744,37,160000,30200,user_33,541,543,
2659,38,120000,0,user_6,540,543,
2731,39,120000,0,user_21,541,543,
2742,40,120000,0,user_32,541,543,
2666,41,110000,0,user_13,540,543,
2801,42,98000,0,user_37,542,543,
2782,43,87000,100000,user_21,542,543,
2730,44,85000,0,user_21,541,543,
2733,45,85000,0,user_25,541,543,
2784,46,80000,0,user_24,542,543,
2711,0,43000001,0,user_5,541,544,2691
2719,1,43000001,0,user_11,541,544,2691
2712,2,42999999,0,user_5,541,544,2691
2715,3,42999999,0,user_10,541,544,2691
2668,4,30000000,0,user_14,540,544,
2675,5,6300000,0,user_18,540,544,
2853,6,6100000,0,user_30,543,544,
2694,7,5000000,959000,user_40,540,544,
2673,8,5000000,0,user_17,540,544,
2867,9,5000000,0,user_47,543,544,
2771,10,4999999,0,user_6,542,544,2694
2704,11,4200000,0,user_48,540,544,
2796,12,2100000,0,user_32,542,544,
2727,13,2000001,0,user_19,541,544,2667
2770,14,2000001,0,user_6,542,544,2667
2709,15,1999999,0,user_5,541,544,2667
2710,16,1999999,0,user_5,541,544,2667
2766,17,1999999,0,user_3,542,544,2667
2723,18,1999999,0,user_16,541,544,2667
2716,19,1999999,0,user_10,541,544,2667
2717,20,1999999,0,user_10,541,544,2667
2713,21,1900001,0,user_7,541,544,2656
2718,22,1900001,0,user_11,541,544,2656
2720,23,1900001,0,user_13,541,544,2656
2679,24,1900000,0,user_22,540,544,
2669,25,1899999,0,user_16,540,544,2656
2735,26,1700000,100000,user_26,541,544,
2698,27,1500000,0,user_44,540,544,
2671,28,1500000,0,user_17,540,544,
2695,29,1500000,0,user_41,540,544,
2845,30,1500000,0,user_24,543,544,
2856,31,1300000,0,user_35,543,544,
2832,32,1299999,0,user_15,543,544,2811
2702,33,1200000,0,user_46,540,544,
2848,34,1200000,0,user_25,543,544,
2822,35,1000001,0,user_2,543,544,2734
2734,36,1000000,121000,user_26,541,544,
2714,37,660000,0,user_8,541,544,
2676,38,600000,6390,user_20,540,544,
2772,39,599999,0,user_7,542,544,2676
2674,40,460000,0,user_17,540,544,
2857,41,460000,0,user_35,543,544,
2749,42,420000,0,user_40,541,544,
2683,43,420000,0,user_28,540,544,
2696,44,420000,0,user_43,540,544,
2842,45,420000,0,user_21,543,544,
2684,46,370000,0,user_29,540,544,
2721,47,350000,0,user_14,541,544,
2663,48,340000,0,user_10,540,544,
2855,49,310000,0,user_35,543,544,
2670,50,260000,0,user_17,540,544,
2769,51,220001,0,user_5,542,544,2697
2697,52,220000,410000,user_44,540,544,
2854,53,220000,0,user_31,543,544,
2726,54,219999,0,user_19,541,544,2697
2701,55,170000,0,user_46,540,544,
2689,56,160000,0,user_34,540,544,
2852,57,160000,0,user_30,543,544,
2665,58,110000,0,user_12,540,544,
2846,59,98000,0,user_24,543,544,
2847,60,87000,0,user_25,543,544,
2899,61,84001,0,user_0,544,544,2797
2900,62,84001,0,user_1,544,544,2797
2797,63,84000,108000,user_32,542,544,
2767,64,83001,0,user_4,542,544,2661
2681,65,83000,0,user_26,540,544,
2661,66,83000,68100,user_8,540,544,
2768,67,82999,0,user_4,542,544,2661
2739,68,77000,17000,user_29,541,544,
2672,69,73000,0,user_17,540,544,
2827,0,42999999,0,user_10,543,546,2691
2798,1,30000000,0,user_34,542,546,
2728,2,27000000,0,user_20,541,546,
2732,5,19000000,0,user_23,541,546,
2789,7,5200000,0,user_26,542,546,
2979,8,5000001,0,user_2,545,546,2694
2902,11,4999999,0,user_3,544,546,2694
2844,13,3500000,0,user_22,543,546,
2851,18,2300000,0,user_29,543,546,
2828,22,2000001,0,user_10,543,546,2667
2805,25,1900000,0,user_41,542,546,
2724,27,1899999,0,user_17,541,546,2656
2903,30,1700001,0,user_3,544,546,2735
2904,31,1700001,0,user_4,544,546,2735
2907,32,1700001,0,user_4,544,546,2735
2908,33,1700001,0,user_4,544,546,2735
2840,34,1700001,0,user_19,543,546,2735
2912,35,1700001,0,user_5,544,546,2735
2837,36,1700001,0,user_18,543,546,2735
2918,37,1700001,0,user_11,544,546,2735
2920,38,1700001,0,user_13,544,546,2735
2905,39,1699999,0,user_4,544,546,2735
2911,40,1699999,0,user_5,544,546,2735
2913,41,1699999,0,user_5,544,546,2735
2914,42,1699999,0,user_6,544,546,2735
2915,43,1699999,0,user_7,544,546,2735
2835,44,1699999,0,user_18,543,546,2735
2754,45,1500000,0,user_43,541,546,
2826,51,1000001,0,user_8,543,546,2734
2831,52,1000001,0,user_12,543,546,2734
2777,53,1000001,0,user_16,542,546,2734
2778,54,1000001,0,user_16,542,546,2734
2779,56,999999,0,user_19,542,546,2734
2839,57,999999,0,user_19,543,546,2734
2910,58,999999,0,user_5,544,546,2734
2836,59,999999,0,user_18,543,546,2734
2859,60,870000,0,user_40,543,546,
2751,62,650000,0,user_41,541,546,
2692,63,630000,0,user_38,540,546,
2860,64,460000,0,user_40,543,546,
2729,65,420000,0,user_20,541,546,
2780,66,420000,0,user_20,542,546,
2807,67,350000,0,user_43,542,546,
3038,43,310001,0,builder_2,545,545,2757
2757,68,310000,35600,user_48,541,546,
2866,72,260000,0,user_46,543,546,
2843,73,240000,0,user_22,543,546,
2909,74,220001,0,user_5,544,546,2697
2738,76,220000,0,user_28,541,546,
2750,77,220000,0,user_41,541,546,
2809,79,170000,0,user_44,542,546,
2791,80,150000,0,user_28,542,546,
2755,81,120000,0,user_44,541,546,
2849,82,110000,0,user_26,543,546,
2752,83,110000,0,user_41,541,546,
2737,84,100000,0,user_28,541,546,
2838,86,87001,0,user_18,543,546,2782
2906,91,84001,0,user_4,544,546,2797
2753,97,77000,0,user_41,541,546,
2808,98,77000,0,user_43,542,546,
2850,60,70000,0,user_29,543,545,
2827,0,42999999,0,user_10,543,546,2691
2798,1,30000000,0,user_34,542,546,
2728,2,27000000,0,user_20,541,546,
3035,3,27000000,0,user_47,545,546,
2934,4,19000000,0,user_25,544,546,
2732,5,19000000,0,user_23,541,546,
2947,6,5200000,0,user_33,544,546,
2789,7,5200000,0,user_26,542,546,
2979,8,5000001,0,user_2,545,546,2694
2994,9,5000001,0,user_15,545,546,2694
2829,10,4999999,0,user_11,543,546,2694
2902,11,4999999,0,user_3,544,546,2694
2993,12,4999999,0,user_15,545,546,2694
2844,13,3500000,0,user_22,543,546,
3021,14,3500000,0,user_37,545,546,
2792,15,3200000,0,user_29,542,546,
2804,16,2600000,32900,user_40,542,546,
2995,17,2300001,0,user_15,545,546,2946
2851,18,2300000,0,user_29,543,546,
2946,19,2300000,510000,user_32,544,546,
2991,20,2299999,0,user_15,545,546,2946
2992,21,2299999,0,user_15,545,546,2946
2828,22,2000001,0,user_10,543,546,2667
3018,23,2000000,0,user_33,545,546,
3019,24,2000000,24700,user_35,545,546,
2805,25,1900000,0,user_41,542,546,
2725,26,1899999,0,user_18,541,546,2656
2724,27,1899999,0,user_17,541,546,2656
2825,28,1700001,0,user_6,543,546,2735
2830,29,1700001,0,user_11,543,546,2735
2903,30,1700001,0,user_3,544,546,2735
2904,31,1700001,0,user_4,544,546,2735
2907,32,1700001,0,user_4,544,546,2735
2908,33,1700001,0,user_4,544,546,2735
2840,34,1700001,0,user_19,543,546,2735
2912,35,1700001,0,user_5,544,546,2735
2837,36,1700001,0,user_18,543,546,2735
2918,37,1700001,0,user_11,544,546,2735
2920,38,1700001,0,user_13,544,546,2735
2905,39,1699999,0,user_4,544,546,2735
2911,40,1699999,0,user_5,544,546,2735
2913,41,1699999,0,user_5,544,546,2735
2914,42,1699999,0,user_6,544,546,2735
2915,43,1699999,0,user_7,544,546,2735
2835,44,1699999,0,user_18,543,546,2735
2754,45,1500000,0,user_43,541,546,
2945,46,1500000,0,user_32,544,546,
3007,47,1400000,35100,user_24,545,546,
2950,48,1200000,49100,user_35,544,546,
2823,49,1000001,0,user_3,543,546,2734
2824,50,1000001,0,user_4,543,546,2734
2826,51,1000001,0,user_8,543,546,2734
2831,52,1000001,0,user_12,543,546,2734
2777,53,1000001,0,user_16,542,546,2734
2778,54,1000001,0,user_16,542,546,2734
3009,55,1000000,0,user_24,545,546,
2779,56,999999,0,user_19,542,546,2734
2839,57,999999,0,user_19,543,546,2734
2910,58,999999,0,user_5,544,546,2734
2836,59,999999,0,user_18,543,546,2734
2859,60,870000,0,user_40,543,546,
3008,61,660000,0,user_24,545,546,
2751,62,650000,0,user_41,541,546,
2692,63,630000,0,user_38,540,546,
2860,64,460000,0,user_40,543,546,
2729,65,420000,0,user_20,541,546,
2780,66,420000,0,user_20,542,546,
2807,67,350000,0,user_43,542,546,
2757,68,310000,35600,user_48,541,546,
3017,69,310000,0,user_31,545,546,
3016,70,300000,0,user_31,545,546,
2959,71,260000,0,user_47,544,546,
2866,72,260000,0,user_46,543,546,
2843,73,240000,0,user_22,543,546,
2909,74,220001,0,user_5,544,546,2697
3040,75,220001,0,user_1,546,546,2697
2738,76,220000,0,user_28,541,546,
2750,77,220000,0,user_41,541,546,
3010,78,220000,10700,user_25,545,546,
2809,79,170000,0,user_44,542,546,
2791,80,150000,0,user_28,542,546,
2755,81,120000,0,user_44,541,546,
2849,82,110000,0,user_26,543,546,
2752,83,110000,0,user_41,541,546,
2737,84,100000,0,user_28,541,546,
2922,85,87001,0,user_15,544,546,2782
2838,86,87001,0,user_18,543,546,2782
3011,87,87000,1100000,user_25,545,546,
2978,88,86999,0,user_0,545,546,2782
2949,89,85000,0,user_35,544,546,
2923,90,84001,0,user_15,544,546,2797
2906,91,84001,0,user_4,544,546,2797
2901,92,83999,0,user_2,544,546,2797
2916,93,83999,0,user_9,544,546,2797
3039,94,83999,0,user_0,546,546,2797
2775,95,82999,0,user_12,542,546,2661
2931,96,80000,1100000,user_21,544,546,
2753,97,77000,0,user_41,541,546,
2808,98,77000,0,user_43,542,546,
3005,99,77000,0,user_21,545,546,
3041,0,5000001,0,user_2,546,547,2694
3062,1,5000000,0,user_25,546,547,
3066,2,2300000,0,user_33,546,547,
2833,3,1899999,0,user_17,543,547,2656
2834,4,1899999,0,user_17,543,547,2656
2928,5,1700001,0,user_16,544,547,2735
2983,6,1700001,0,user_7,545,547,2735
2929,7,1700001,0,user_18,544,547,2735
2984,8,1700001,0,user_11,545,547,2735
2921,9,1699999,0,user_14,544,547,2735
2980,10,1699999,0,user_4,545,547,2735
2924,11,1699999,0,user_16,544,547,2735
2926,12,1699999,0,user_16,544,547,2735
2927,13,1699999,0,user_16,544,547,2735
2982,14,1699999,0,user_5,545,547,2735
2917,15,1699999,0,user_10,544,547,2735
2985,16,1699999,0,user_11,545,547,2735
2986,17,1699999,0,user_11,545,547,2735
2989,18,1699999,0,user_13,545,547,2735
2935,19,910000,0,user_26,544,547,
2861,20,870000,30200,user_41,543,547,
2813,21,460000,0,user_49,542,547,
2863,22,260000,0,user_43,543,547,
2981,23,220001,0,user_4,545,547,2697
2919,24,219999,0,user_12,544,547,2697
3065,25,190000,0,user_31,546,547,
2943,26,170000,6390,user_29,544,547,
2802,27,170000,0,user_38,542,547,
2841,28,150000,10700,user_20,543,547,
2944,29,120000,0,user_29,544,547,
2758,30,100000,0,user_49,541,547,
2958,31,98000,0,user_46,544,547,
2925,32,84001,0,user_16,544,547,2797
3107,33,79999,0,user_1,547,547,2931
3127,0,27000000,0,user_25,547,548,
3138,1,6100000,0,user_33,547,548,
3167,2,4999999,0,user_1,548,548,2694
2988,3,1700001,0,user_12,545,548,2735
3002,4,1700001,0,user_18,545,548,2735
2987,5,1699999,0,user_12,545,548,2735
2990,6,1699999,0,user_14,545,548,2735
3135,7,1500000,17700000,user_31,547,548,
3137,8,1100000,0,user_33,547,548,
3003,9,999999,0,user_18,545,548,2734
3134,10,650000,0,user_31,547,548,
3124,11,630000,0,user_21,547,548,
3015,12,240000,0,user_29,545,548,
3042,13,219999,0,user_3,546,548,2697
3108,14,219999,0,user_2,547,548,2697
3133,15,150000,0,user_30,547,548,
3132,16,98000,0,user_30,547,548,
3051,17,80001,0,user_11,546,548,2931
3043,18,79999,0,user_4,546,548,2931
3044,19,79999,0,user_7,546,548,2931
3071,0,27000000,322000,user_37,546,549,
3063,1,6100000,24700,user_26,546,549,
3195,2,5000000,0,user_35,548,549,
3081,3,3600000,594000,user_47,546,549,
3125,4,3600000,0,user_24,547,549,
2868,5,3500000,0,user_48,543,549,
2961,6,2600000,0,user_48,544,549,
3142,7,2500000,0,user_37,547,549,
3048,8,2300001,0,user_9,546,549,2946
3181,9,2300001,0,user_15,548,549,2946
3168,10,2299999,0,user_2,548,549,2946
3180,11,2299999,0,user_15,548,549,2946
3186,12,2100000,0,user_24,548,549,
3126,13,1800000,0,user_24,547,549,
2996,14,1699999,0,user_16,545,549,2735
2998,15,1699999,0,user_16,545,549,2735
2999,16,1699999,0,user_16,545,549,2735
3000,17,1699999,0,user_16,545,549,2735
3004,18,1699999,0,user_19,545,549,2735
3058,19,1699999,0,user_19,546,549,2735
2957,20,1500000,15700,user_44,544,549,
3060,21,1500000,0,user_24,546,549,
3151,22,1500000,0,user_47,547,549,
3072,23,1400000,0,user_37,546,549,
2948,24,1200000,0,user_34,544,549,
2956,25,1000000,11200,user_44,544,549,
3013,26,1000000,0,user_26,545,549,
3054,27,999999,0,user_16,546,549,2734
3047,28,999999,0,user_9,546,549,2734
3049,29,999999,0,user_9,546,549,2734
3053,30,999999,0,user_15,546,549,2734
3115,31,999999,0,user_9,547,549,2734
2960,32,670000,0,user_48,544,549,
3036,33,660000,0,user_48,545,549,
3190,34,660000,0,user_30,548,549,
3069,35,630000,0,user_35,546,549,
3136,36,530000,296000,user_32,547,549,
3187,37,530000,0,user_24,548,549,
3191,38,460000,10700,user_31,548,549,
3068,39,420000,769000,user_35,546,549,
3220,40,419999,0,user_1,549,549,3068
3197,41,300000,0,user_37,548,549,
3111,42,220001,0,user_4,547,549,2697
3112,43,220001,0,user_5,547,549,2697
3109,44,219999,0,user_3,547,549,2697
3045,45,219999,0,user_8,546,549,2697
3110,46,219999,0,user_4,547,549,2697
3113,47,219999,0,user_7,547,549,2697
3080,48,150000,0,user_46,546,549,
2962,49,120000,0,user_48,544,549,
3012,50,120000,0,user_26,545,549,
3061,51,110000,0,user_24,546,549,
3070,52,85000,5180,user_37,546,549,
2997,53,84001,0,user_16,545,549,2797
3173,54,84001,0,user_9,548,549,2797
3050,55,83999,0,user_9,546,549,2797
3046,56,80001,0,user_8,546,549,2931
3219,57,80001,0,user_0,549,549,2931
3052,58,79999,0,user_14,546,549,2931
3064,59,73000,0,user_26,546,549,
3239,0,2300000,0,user_25,549,550,
3252,1,2100000,369000,user_37,549,550,
3271,2,1100000,31700,user_47,549,550,
3244,3,1000000,0,user_30,549,550,
3248,4,530000,0,user_35,549,550,
3274,5,420001,0,user_0,550,550,3068
3226,6,419999,0,user_9,549,550,3068
3275,7,419999,0,user_1,550,550,3068
3247,8,340000,0,user_35,549,550,
3237,9,87000,10700,user_21,549,550,
3227,10,86999,0,user_9,549,550,3011
3192,0,5200000,0,user_32,548,551,
3280,1,5000001,0,user_9,550,551,2694
3297,2,5000000,0,user_21,550,551,
3330,3,4999999,0,user_1,551,551,2694
3311,4,2500000,0,user_37,550,551,
3304,5,2400000,0,user_31,550,551,
3300,6,1600000,75000,user_24,550,551,
3193,7,1400000,0,user_32,548,551,
3310,8,1400000,0,user_35,550,551,
3326,9,1100000,0,user_47,550,551,
3305,10,630000,0,user_31,550,551,
3307,11,420000,0,user_33,550,551,
3291,12,419999,0,user_15,550,551,3068
3245,13,170000,0,user_32,549,551,
3303,14,110000,0,user_30,550,551,
3328,15,86999,0,user_0,551,551,3011
3329,16,86999,0,user_1,551,551,3011
3256,0,43000000,0,user_40,549,553,
3464,1,30000001,0,builder_2,552,552,2941
2941,1,30000000,68100,user_28,544,553,
2955,3,6100000,0,user_43,544,553,
3333,7,5000001,0,user_7,551,553,2694
3338,8,5000001,0,user_11,551,553,2694
3388,9,5000001,0,user_2,552,553,2694
3465,7,3500001,0,builder_2,552,552,2869
2869,18,3500000,16400,user_49,543,553,
3264,19,3500000,0,user_41,549,553,
3295,32,2300001,0,user_18,550,553,2946
3258,33,2300000,0,user_40,549,553,
3234,45,2299999,0,user_17,549,553,2946
3281,46,2299999,0,user_10,550,553,2946
3466,14,2100001,0,builder_2,552,552,3145
3145,48,2100000,128000,user_40,547,553,
3033,47,2100000,0,user_43,545,553,
3467,17,2000001,0,builder_2,552,552,3006
3006,49,2000000,5640,user_23,545,553,
3262,51,2000000,0,user_41,549,553,
2870,52,1800000,0,user_49,543,553,
3468,21,1600001,0,builder_2,552,552,3198
3198,55,1600000,15700,user_38,548,553,
3029,54,1600000,0,user_41,545,553,
3028,60,1500000,0,user_40,545,553,
3001,63,1000001,0,user_17,545,553,2734
3032,64,1000000,0,user_43,545,553,
3200,67,970000,0,user_40,548,553,
3022,74,470000,0,user_38,545,553,
3469,29,350001,0,builder_2,552,552,2858
2858,78,350000,84800,user_38,543,553,
3470,31,310001,0,builder_2,552,552,2932
2932,80,310000,7840,user_23,544,553,
3255,81,310000,0,user_40,549,553,
2953,82,300000,0,user_40,544,553,
3037,83,260000,0,user_49,545,553,
3315,84,260000,0,user_40,550,553,
3263,97,160000,15700,user_41,549,553,
3471,38,159999,0,builder_2,552,552,3263
3472,39,79001,0,builder_2,552,552,3261
3261,40,79000,84800,user_41,549,552,
2942,94,160000,0,user_28,544,553,
3031,95,160000,0,user_43,545,553,
3034,96,160000,0,user_43,545,553,
3266,98,160000,0,user_43,549,553,
2963,99,150000,0,user_49,544,553,
3260,46,150000,0,user_41,549,552,
2930,47,130000,0,user_20,544,552,
2952,48,130000,0,user_40,544,552,
3210,49,120000,0,user_49,548,552,
3238,50,110000,0,user_23,549,552,
3014,51,100000,0,user_28,545,552,
3332,52,87001,0,user_6,551,552,3011
3259,53,85000,0,user_40,549,552,
3314,54,82000,0,user_40,550,552,
3257,55,79000,0,user_40,549,552,
3236,56,70000,0,user_20,549,552,
3256,0,43000000,0,user_40,549,553,
2941,1,30000000,68100,user_28,544,553,
3422,2,19000000,0,user_30,552,553,
2955,3,6100000,0,user_43,544,553,
3055,4,5000001,0,user_17,546,553,2694
3224,5,5000001,0,user_7,549,553,2694
3331,6,5000001,0,user_2,551,553,2694
3333,7,5000001,0,user_7,551,553,2694
3338,8,5000001,0,user_11,551,553,2694
3388,9,5000001,0,user_2,552,553,2694
3473,10,5000001,0,user_1,553,553,2694
3170,11,4999999,0,user_4,548,553,2694
3117,12,4999999,0,user_10,547,553,2694
3076,13,4500000,0,user_41,546,553,
3428,14,4500000,0,user_31,552,553,
3189,15,4200000,0,user_29,548,553,
3202,16,4200000,0,user_43,548,553,
3184,17,3600000,0,user_23,548,553,
2869,18,3500000,16400,user_49,543,553,
3264,19,3500000,0,user_41,549,553,
3208,20,2600000,0,user_46,548,553,
3130,21,2400000,0,user_29,547,553,
3169,22,2300001,0,user_3,548,553,2946
3171,23,2300001,0,user_7,548,553,2946
3172,24,2300001,0,user_7,548,553,2946
3175,25,2300001,0,user_11,548,553,2946
3229,26,2300001,0,user_12,549,553,2946
3183,27,2300001,0,user_18,548,553,2946
3283,28,2300001,0,user_11,550,553,2946
3284,29,2300001,0,user_11,550,553,2946
3286,30,2300001,0,user_11,550,553,2946
3289,31,2300001,0,user_13,550,553,2946
3295,32,2300001,0,user_18,550,553,2946
3258,33,2300000,0,user_40,549,553,
3118,34,2299999,0,user_12,547,553,2946
3176,35,2299999,0,user_13,548,553,2946
3177,36,2299999,0,user_13,548,553,2946
3178,37,2299999,0,user_14,548,553,2946
3222,38,2299999,0,user_7,549,553,2946
3223,39,2299999,0,user_7,549,553,2946
3230,40,2299999,0,user_13,549,553,2946
3225,41,2299999,0,user_8,549,553,2946
3232,42,2299999,0,user_14,549,553,2946
3277,43,2299999,0,user_7,550,553,2946
3288,44,2299999,0,user_13,550,553,2946
3234,45,2299999,0,user_17,549,553,2946
3281,46,2299999,0,user_10,550,553,2946
3033,47,2100000,0,user_43,545,553,
3145,48,2100000,128000,user_40,547,553,
3006,49,2000000,5640,user_23,545,553,
3059,50,2000000,11200,user_20,546,553,
3262,51,2000000,0,user_41,549,553,
2870,52,1800000,0,user_49,543,553,
3206,53,1700000,0,user_46,548,553,
3029,54,1600000,0,user_41,545,553,
3198,55,1600000,15700,user_38,548,553,
3221,56,1500001,0,user_4,549,553,3135
3231,57,1500001,0,user_13,549,553,3135
3282,58,1500001,0,user_11,550,553,3135
3285,59,1500001,0,user_11,550,553,3135
3028,60,1500000,0,user_40,545,553,
3387,61,1499999,0,user_0,552,553,3135
3358,62,1400000,0,user_37,551,553,
3001,63,1000001,0,user_17,545,553,2734
3032,64,1000000,0,user_43,545,553,
3371,65,1000000,0,user_47,551,553,
3424,66,1000000,0,user_30,552,553,
3200,67,970000,0,user_40,548,553,
3150,68,910000,0,user_46,547,553,
3073,69,910000,67500,user_38,546,553,
3083,70,910000,0,user_49,546,553,
3201,71,660000,0,user_41,548,553,
3131,72,630000,0,user_29,547,553,
3084,73,530000,0,user_49,546,553,
3022,74,470000,0,user_38,545,553,
3335,75,419999,0,user_9,551,553,3068
3340,76,419999,0,user_15,551,553,3068
3207,77,370000,23500,user_46,548,553,
2858,78,350000,84800,user_38,543,553,
3129,79,320000,0,user_28,547,553,
2932,80,310000,7840,user_23,544,553,
3255,81,310000,0,user_40,549,553,
2953,82,300000,0,user_40,544,553,
3037,83,260000,0,user_49,545,553,
3315,84,260000,0,user_40,550,553,
3123,85,240000,84800,user_20,547,553,
3114,86,220001,0,user_8,547,553,2697
3116,87,220001,0,user_10,547,553,2697
3057,88,220001,0,user_18,546,553,2697
3120,89,220001,0,user_18,547,553,2697
3078,90,220000,0,user_43,546,553,
3306,91,220000,0,user_32,550,553,
3357,92,220000,0,user_37,551,553,
3415,93,190000,0,user_25,552,553,
2942,94,160000,0,user_28,544,553,
3031,95,160000,0,user_43,545,553,
3034,96,160000,0,user_43,545,553,
3263,97,160000,15700,user_41,549,553,
3266,98,160000,0,user_43,549,553,
2963,99,150000,0,user_49,544,553,
3085,0,150000,0,user_49,546,554,
3086,1,130000,0,user_49,546,554,
3146,2,120000,0,user_41,547,554,
3153,3,100000,0,user_49,547,554,
3087,4,83000,13900,user_49,546,554,
3056,5,80001,0,user_18,546,554,2931
3143,6,70000,15700,user_38,547,554,
3494,3,6300000,0,user_23,553,559,
3401,17,5000001,0,user_14,552,557,2694
3402,18,5000001,0,user_14,552,557,2694
3547,19,5000001,0,user_2,554,557,2694
3613,18,5000001,0,user_10,555,559,2694
3396,25,4999999,0,user_8,552,557,2694
3399,26,4999999,0,user_12,552,557,2694
3477,27,4999999,0,user_4,553,557,2694
3552,31,4999999,0,user_7,554,559,2694
3148,31,4500000,0,user_44,547,557,
3563,58,2100000,0,user_20,554,559,
3475,52,1500001,0,user_3,553,557,3135
3486,53,1500001,0,user_13,553,557,3135
3611,65,1500001,0,user_7,555,559,3135
3567,76,1300000,0,user_23,554,559,
3561,81,1100000,0,user_20,554,559,
3517,84,1000000,0,user_41,553,559,
3590,85,1000000,0,user_43,554,559,
3571,94,910000,0,user_28,554,559,
3564,98,670000,36800,user_20,554,559,
3152,71,650000,8520,user_48,547,557,
3128,76,530000,0,user_26,547,557,
3432,22,460000,100000,user_38,552,555,
3500,23,260000,0,user_28,553,555,
3082,92,240000,0,user_48,546,557,
3412,93,240000,0,user_22,552,557,
3119,97,219999,0,user_16,547,557,2697
3121,98,219999,0,user_19,547,557,2697
3067,28,170000,0,user_34,546,555,
3562,29,170000,0,user_20,554,555,
3588,30,170000,12300,user_41,554,555,
3373,31,150000,0,user_49,551,555,
3560,32,150000,0,user_20,554,555,
3359,33,110000,0,user_38,551,555,
3482,34,87001,0,user_11,553,555,3011
3551,35,87001,0,user_7,554,555,3011
3495,36,83000,0,user_23,553,555,
3122,37,79999,0,user_19,547,555,2931
3490,38,77001,0,user_17,553,555,3243
3476,39,77001,0,user_3,553,555,3243
3585,1,19000000,369000,user_38,554,559,
3623,24,5000001,0,user_17,555,559,2694
3668,47,4999999,0,user_10,556,559,2694
3513,49,4500000,0,user_38,553,559,
3514,60,1900000,0,user_38,553,559,
3584,67,1500000,0,user_38,554,559,
3622,72,1499999,0,user_17,555,559,3135
3665,70,1499999,0,user_7,556,559,3135
3581,86,1000000,0,user_38,554,559,
3652,9,370000,769000,user_43,555,556,
3582,10,220000,0,user_38,554,556,
3649,11,120000,0,user_41,555,556,
3583,12,110000,0,user_38,554,556,
3512,13,85000,108000,user_38,553,556,
3529,14,77000,0,user_49,553,556,
3508,0,43000000,0,user_35,553,557,
3299,1,27000000,0,user_23,550,557,
3687,2,27000000,0,user_21,556,557,
3565,3,6300000,231000,user_21,554,557,
3578,4,6300000,12800,user_33,554,557,
3496,5,6100000,7190000,user_25,553,557,
3691,6,6100000,0,user_25,556,557,
3390,7,5000001,0,user_3,552,557,2694
3391,8,5000001,0,user_3,552,557,2694
3278,9,5000001,0,user_8,550,557,2694
3287,10,5000001,0,user_12,550,557,2694
3334,11,5000001,0,user_8,551,557,2694
3336,12,5000001,0,user_10,551,557,2694
3337,13,5000001,0,user_10,551,557,2694
3344,14,5000001,0,user_18,551,557,2694
3400,15,5000001,0,user_13,552,557,2694
3546,16,5000001,0,user_0,554,557,2694
3401,17,5000001,0,user_14,552,557,2694
3402,18,5000001,0,user_14,552,557,2694
3547,19,5000001,0,user_2,554,557,2694
3558,20,5000001,0,user_15,554,557,2694
3617,21,5000001,0,user_15,555,557,2694
3308,22,5000000,0,user_34,550,557,
3393,23,4999999,0,user_5,552,557,2694
3474,24,4999999,0,user_2,553,557,2694
3396,25,4999999,0,user_8,552,557,2694
3399,26,4999999,0,user_12,552,557,2694
3477,27,4999999,0,user_4,553,557,2694
3612,28,4999999,0,user_9,555,557,2694
3659,29,4999999,0,user_0,556,557,2694
3683,30,4999999,0,user_15,556,557,2694
3148,31,4500000,0,user_44,547,557,
3572,32,4500000,0,user_30,554,557,
3429,33,3600000,0,user_35,552,557,
3577,34,3600000,0,user_33,554,557,
3635,35,3600000,350000,user_31,555,557,
3188,36,3500000,0,user_26,548,557,
3704,37,3500000,0,user_35,556,557,
3506,38,3200000,0,user_33,553,557,
3575,39,2600000,0,user_32,554,557,
3700,40,2600000,64600,user_33,556,557,
3293,41,2300001,0,user_17,550,557,2946
3351,42,2300000,181000,user_29,551,557,
3568,43,2300000,0,user_24,554,557,
3345,44,2299999,0,user_19,551,557,2946
3294,45,2299999,0,user_17,550,557,2946
3636,46,2100000,0,user_31,555,557,
3302,47,2000000,0,user_28,550,557,
3643,48,2000000,0,user_35,555,557,
3194,49,1900000,0,user_34,548,557,
3322,50,1600000,0,user_44,550,557,
3395,51,1500001,0,user_7,552,557,3135
3475,52,1500001,0,user_3,553,557,3135
3486,53,1500001,0,user_13,553,557,3135
3602,54,1500001,0,user_0,555,557,3135
3722,55,1500001,0,user_1,557,557,3135
3628,56,1500000,0,user_24,555,557,
3392,57,1499999,0,user_4,552,557,3135
3717,58,1499999,0,user_0,557,557,3135
3719,59,1499999,0,user_1,557,557,3135
3370,60,1400000,0,user_46,551,557,
3272,61,1400000,18600,user_48,549,557,
3497,62,1400000,0,user_25,553,557,
3629,63,1400000,0,user_25,555,557,
3639,64,1200000,0,user_31,555,557,
3309,65,1100000,0,user_34,550,557,
3323,66,1000000,0,user_44,550,557,
3574,67,1000000,0,user_31,554,557,
3644,68,1000000,33100,user_37,555,557,
3431,69,970000,0,user_37,552,557,
3573,70,660000,0,user_30,554,557,
3152,71,650000,8520,user_48,547,557,
3354,72,630000,0,user_32,551,557,
3209,73,600000,0,user_48,548,557,
3688,74,600000,0,user_21,556,557,
3703,75,600000,0,user_35,556,557,
3128,76,530000,0,user_26,547,557,
3348,77,530000,285000,user_26,551,557,
3406,78,420001,0,user_15,552,557,3068
3488,79,420001,0,user_15,553,557,3068
3566,80,420000,0,user_21,554,557,
3594,81,420000,0,user_47,554,557,
3701,82,420000,36800,user_33,556,557,
3397,83,419999,0,user_9,552,557,3068
3403,84,419999,0,user_15,552,557,3068
3404,85,419999,0,user_15,552,557,3068
3246,86,360000,0,user_34,549,557,
3503,87,360000,12300,user_30,553,557,
3630,88,340000,0,user_25,555,557,
3640,89,340000,0,user_33,555,557,
3316,90,310000,0,user_41,550,557,
3240,91,260000,0,user_26,549,557,
3082,92,240000,0,user_48,546,557,
3412,93,240000,0,user_22,552,557,
3235,94,220001,0,user_19,549,557,2697
3341,95,220001,0,user_16,551,557,2697
3325,96,220000,0,user_46,550,557,
3119,97,219999,0,user_16,547,557,2697
3121,98,219999,0,user_19,547,557,2697
3233,99,219999,0,user_16,549,557,2697
3292,0,219999,0,user_16,550,558,2697
3296,1,219999,0,user_19,550,558,2697
3298,2,160000,0,user_22,550,558,
3273,3,160000,0,user_49,549,558,
3253,4,100000,0,user_38,549,558,
3339,5,86999,0,user_12,551,558,3011
3241,6,85000,0,user_26,549,558,
3347,7,83000,0,user_26,551,558,
3279,8,77001,0,user_8,550,558,3243
3290,9,76999,0,user_14,550,558,3243
3352,10,70000,0,user_29,551,558,
3416,0,43000000,0,user_26,552,559,
3585,1,19000000,369000,user_38,554,559,
3815,2,19000000,0,user_31,558,559,
3494,3,6300000,0,user_23,553,559,
3769,4,6100001,0,user_2,558,559,3496
3436,5,6100000,0,user_44,552,559,
3484,6,5000001,0,user_12,553,559,2694
3343,7,5000001,0,user_17,551,559,2694
3481,8,5000001,0,user_10,553,559,2694
3554,9,5000001,0,user_11,554,559,2694
3616,10,5000001,0,user_13,555,559,2694
3614,11,5000001,0,user_12,555,559,2694
3660,12,5000001,0,user_4,556,559,2694
3662,13,5000001,0,user_4,556,559,2694
3618,14,5000001,0,user_16,555,559,2694
3619,15,5000001,0,user_16,555,559,2694
3621,16,5000001,0,user_16,555,559,2694
3663,17,5000001,0,user_5,556,559,2694
3613,18,5000001,0,user_10,555,559,2694
3671,19,5000001,0,user_11,556,559,2694
3677,20,5000001,0,user_13,556,559,2694
3723,21,5000001,0,user_3,557,559,2694
3724,22,5000001,0,user_5,557,559,2694
3725,23,5000001,0,user_5,557,559,2694
3623,24,5000001,0,user_17,555,559,2694
3743,25,5000000,0,user_21,557,559,
3548,26,4999999,0,user_3,554,559,2694
3479,27,4999999,0,user_8,553,559,2694
3485,28,4999999,0,user_12,553,559,2694
3549,29,4999999,0,user_4,554,559,2694
3480,30,4999999,0,user_10,553,559,2694
3552,31,4999999,0,user_7,554,559,2694
3491,32,4999999,0,user_18,553,559,2694
3555,33,4999999,0,user_13,554,559,2694
3556,34,4999999,0,user_13,554,559,2694
3553,35,4999999,0,user_8,554,559,2694
3606,36,4999999,0,user_5,555,559,2694
3607,37,4999999,0,user_6,555,559,2694
3615,38,4999999,0,user_12,555,559,2694
3661,39,4999999,0,user_4,556,559,2694
3620,40,4999999,0,user_16,555,559,2694
3625,41,4999999,0,user_19,555,559,2694
3664,42,4999999,0,user_6,556,559,2694
3669,43,4999999,0,user_11,556,559,2694
3670,44,4999999,0,user_11,556,559,2694
3673,45,4999999,0,user_13,556,559,2694
3676,46,4999999,0,user_13,556,559,2694
3668,47,4999999,0,user_10,556,559,2694
3726,48,4999999,0,user_7,557,559,2694
3513,49,4500000,0,user_38,553,559,
3437,50,4200000,0,user_44,552,559,
3356,51,3600000,0,user_34,551,559,
3758,52,3500000,5630,user_37,557,559,
3501,53,3500000,0,user_29,553,559,
3367,54,2600000,0,user_43,551,559,
3365,55,2500000,0,user_43,551,559,
3817,56,2500000,0,user_31,558,559,
3634,57,2300000,13900,user_29,555,559,
3563,58,2100000,0,user_20,554,559,
3372,59,2000000,0,user_48,551,559,
3514,60,1900000,0,user_38,553,559,
3595,61,1800000,24700,user_48,554,559,
3493,62,1600000,35100,user_22,553,559,
3362,63,1600000,0,user_41,551,559,
3735,64,1500001,0,user_15,557,559,3135
3611,65,1500001,0,user_7,555,559,3135
3672,66,1500001,0,user_11,556,559,3135
3584,67,1500000,0,user_38,554,559,
3550,68,1499999,0,user_5,554,559,3135
3559,69,1499999,0,user_19,554,559,3135
3665,70,1499999,0,user_7,556,559,3135
3684,71,1499999,0,user_16,556,559,3135
3622,72,1499999,0,user_17,555,559,3135
3355,73,1400000,0,user_34,551,559,
3502,74,1300000,121000,user_29,553,559,
3525,75,1300000,0,user_44,553,559,
3567,76,1300000,0,user_23,554,559,
3410,77,1200000,0,user_20,552,559,
3754,78,1100000,0,user_31,557,559,
3435,79,1100000,0,user_41,552,559,
3648,80,1100000,0,user_40,555,559,
3561,81,1100000,0,user_20,554,559,
3327,82,1000000,0,user_49,550,559,
3413,83,1000000,215000,user_23,552,559,
3517,84,1000000,0,user_41,553,559,
3590,85,1000000,0,user_43,554,559,
3581,86,1000000,0,user_38,554,559,
3802,87,1000000,0,user_25,558,559,
3814,88,1000000,33300,user_30,558,559,
3821,89,1000000,0,user_35,558,559,
3746,90,970000,0,user_24,557,559,
3408,91,970000,0,user_20,552,559,
3692,92,970000,0,user_26,556,559,
3818,93,970000,3130,user_31,558,559,
3571,94,910000,0,user_28,554,559,
3753,95,870000,0,user_30,557,559,
3747,96,870000,0,user_24,557,559,
3587,97,670000,0,user_40,554,559,
3564,98,670000,36800,user_20,554,559,
3627,99,600000,0,user_22,555,559,
2651,0,5000000,0,user_0,560,560,
2652,1,970000,0,user_1,560,560,
2650,2,650000,0,user_0,560,560,
2706,0,43000001,0,user_0,561,561,2691
2691,1,43000000,16400,user_37,560,561,
2707,2,42999999,0,user_1,561,561,2691
2685,3,30000000,0,user_31,560,561,
2662,4,1100000,0,user_9,560,561,
2653,5,870000,0,user_2,560,561,
2677,6,310000,0,user_21,560,561,
2678,7,310000,0,user_21,560,561,
2690,8,170000,0,user_37,560,561,
2680,9,160000,0,user_24,560,561,
2703,10,120000,0,user_47,560,561,
2654,11,110000,0,user_2,560,561,
2708,0,43000001,0,user_2,561,563,2691
2722,1,43000001,0,user_15,561,563,2691
2788,2,43000000,0,user_25,562,563,
2764,3,42999999,0,user_0,562,563,2691
2776,4,42999999,0,user_15,562,563,2691
2781,5,5000000,0,user_21,562,563,
2785,6,5000000,0,user_24,562,563,
2741,7,4500000,0,user_31,561,563,
2756,8,4500000,0,user_47,561,563,
2820,9,2000001,0,user_0,563,563,2786
2667,10,2000000,11200,user_13,560,563,
2786,11,2000000,30200,user_24,562,563,
2656,12,1900000,5180,user_5,560,563,
2765,13,1600001,0,user_0,562,563,2745
2821,14,1600001,0,user_1,563,563,2745
2687,15,1600000,0,user_32,560,563,
2745,16,1600000,35600,user_35,561,563,
2774,17,1599999,0,user_9,562,563,2745
2747,18,1500000,0,user_37,561,563,
2793,19,1500000,0,user_30,562,563,
2812,20,1400000,0,user_47,562,563,
2811,21,1300000,15700,user_47,562,563,
2743,22,1100000,0,user_33,561,563,
2658,23,970000,0,user_6,560,563,
2664,24,910000,0,user_11,560,563,
2657,25,530000,0,user_6,560,563,
2660,26,460000,0,user_7,560,563,
2783,27,460000,15100,user_21,562,563,
2794,28,460000,0,user_31,562,563,
2686,29,260000,0,user_32,560,563,
2688,30,260000,0,user_32,560,563,
2795,31,260000,0,user_31,562,563,
2800,32,260000,0,user_35,562,563,
2655,33,220000,0,user_3,560,563,
2740,34,220000,71800,user_30,561,563,
2787,35,220000,0,user_24,562,563,
2799,36,170000,0,user_35,562,563,
2744,37,160000,30200,user_33,561,563,
2659,38,120000,0,user_6,560,563,
2731,39,120000,0,user_21,561,563,
2742,40,120000,0,user_32,561,563,
2666,41,110000,0,user_13,560,563,
2801,42,98000,0,user_37,562,563,
2782,43,87000,100000,user_21,562,563,
2730,44,85000,0,user_21,561,563,
2733,45,85000,0,user_25,561,563,
2784,46,80000,0,user_24,562,563,
2711,0,43000001,0,user_5,561,564,2691
2719,1,43000001,0,user_11,561,564,2691
2712,2,42999999,0,user_5,561,564,2691
2715,3,42999999,0,user_10,561,564,2691
2668,4,30000000,0,user_14,560,564,
2675,5,6300000,0,user_18,560,564,
2853,6,6100000,0,user_30,563,564,
2694,7,5000000,959000,user_40,560,564,
2673,8,5000000,0,user_17,560,564,
2867,9,5000000,0,user_47,563,564,
2771,10,4999999,0,user_6,562,564,2694
2704,11,4200000,0,user_48,560,564,
2796,12,2100000,0,user_32,562,564,
2727,13,2000001,0,user_19,561,564,2667
2770,14,2000001,0,user_6,562,564,2667
2709,15,1999999,0,user_5,561,564,2667
2710,16,1999999,0,user_5,561,564,2667
2766,17,1999999,0,user_3,562,564,2667
2723,18,1999999,0,user_16,561,564,2667
2716,19,1999999,0,user_10,561,564,2667
2717,20,1999999,0,user_10,561,564,2667
2713,21,1900001,0,user_7,561,564,2656
2718,22,1900001,0,user_11,561,564,2656
2720,23,1900001,0,user_13,561,564,2656
2679,24,1900000,0,user_22,560,564,
2669,25,1899999,0,user_16,560,564,2656
2735,26,1700000,100000,user_26,561,564,
2698,27,1500000,0,user_44,560,564,
2671,28,1500000,0,user_17,560,564,
2695,29,1500000,0,user_41,560,564,
2845,30,1500000,0,user_24,563,564,
2856,31,1300000,0,user_35,563,564,
2832,32,1299999,0,user_15,563,564,2811
2702,33,1200000,0,user_46,560,564,
2848,34,1200000,0,user_25,563,564,
2822,35,1000001,0,user_2,563,564,2734
2734,36,1000000,121000,user_26,561,564,
2714,37,660000,0,user_8,561,564,
2676,38,600000,6390,user_20,560,564,
2772,39,599999,0,user_7,562,564,2676
2674,40,460000,0,user_17,560,564,
2857,41,460000,0,user_35,563,564,
2749,42,420000,0,user_40,561,564,
2683,43,420000,0,user_28,560,564,
2696,44,420000,0,user_43,560,564,
2842,45,420000,0,user_21,563,564,
2684,46,370000,0,user_29,560,564,
2721,47,350000,0,user_14,561,564,
2663,48,340000,0,user_10,560,564,
2855,49,310000,0,user_35,563,564,
2670,50,260000,0,user_17,560,564,
2769,51,220001,0,user_5,562,564,2697
2697,52,220000,410000,user_44,560,564,
2854,53,220000,0,user_31,563,564,
2726,54,219999,0,user_19,561,564,2697
2701,55,170000,0,user_46,560,564,
2689,56,160000,0,user_34,560,564,
2852,57,160000,0,user_30,563,564,
2665,58,110000,0,user_12,560,564,
2846,59,98000,0,user_24,563,564,
2847,60,87000,0,user_25,563,564,
2899,61,84001,0,user_0,564,564,2797
2900,62,84001,0,user_1,564,564,2797
2797,63,84000,108000,user_32,562,564,
2767,64,83001,0,user_4,562,564,2661
2681,65,83000,0,user_26,560,564,
2661,66,83000,68100,user_8,560,564,
2768,67,82999,0,user_4,562,564,2661
2739,68,77000,17000,user_29,561,564,
2672,69,73000,0,user_17,560,564,
2827,0,42999999,0,user_10,563,566,2691
2798,1,30000000,0,user_34,562,566,
2728,2,27000000,0,user_20,561,566,
2732,5,19000000,0,user_23,561,566,
2789,7,5200000,0,user_26,562,566,
2979,8,5000001,0,user_2,565,566,2694
2902,11,4999999,0,user_3,564,566,2694
2844,13,3500000,0,user_22,563,566,
2851,18,2300000,0,user_29,563,566,
2828,22,2000001,0,user_10,563,566,2667
2805,25,1900000,0,user_41,562,566,
2724,27,1899999,0,user_17,561,566,2656
2903,30,1700001,0,user_3,564,566,2735
2904,31,1700001,0,user_4,564,566,2735
2907,32,1700001,0,user_4,564,566,2735
2908,33,1700001,0,user_4,564,566,2735
2840,34,1700001,0,user_19,563,566,2735
2912,35,1700001,0,user_5,564,566,2735
2837,36,1700001,0,user_18,563,566,2735
2918,37,1700001,0,user_11,564,566,2735
2920,38,1700001,0,user_13,564,566,2735
2905,39,1699999,0,user_4,564,566,2735
2911,40,1699999,0,user_5,564,566,2735
2913,41,1699999,0,user_5,564,566,2735
2914,42,1699999,0,user_6,564,566,2735
2915,43,1699999,0,user_7,564,566,2735
2835,44,1699999,0,user_18,563,566,2735
2754,45,1500000,0,user_43,561,566,
2826,51,1000001,0,user_8,563,566,2734
2831,52,1000001,0,user_12,563,566,2734
2777,53,1000001,0,user_16,562,566,2734
2778,54,1000001,0,user_16,562,566,2734
2779,56,999999,0,user_19,562,566,2734
2839,57,999999,0,user_19,563,566,2734
2910,58,999999,0,user_5,564,566,2734
2836,59,999999,0,user_18,563,566,2734
2859,60,870000,0,user_40,563,566,
2751,62,650000,0,user_41,561,566,
2692,63,630000,0,user_38,560,566,
2860,64,460000,0,user_40,563,566,
2729,65,420000,0,user_20,561,566,
2780,66,420000,0,user_20,562,566,
2807,67,350000,0,user_43,562,566,
3038,43,310001,0,builder_2,565,565,2757
2757,68,310000,35600,user_48,561,566,
2866,72,260000,0,user_46,563,566,
2843,73,240000,0,user_22,563,566,
2909,74,220001,0,user_5,564,566,2697
2738,76,220000,0,user_28,561,566,
2750,77,220000,0,user_41,561,566,
2809,79,170000,0,user_44,562,566,
2791,80,150000,0,user_28,562,566,
2755,81,120000,0,user_44,561,566,
2849,82,110000,0,user_26,563,566,
2752,83,110000,0,user_41,561,566,
2737,84,100000,0,user_28,561,566,
2838,86,87001,0,user_18,563,566,2782
2906,91,84001,0,user_4,564,566,2797
2753,97,77000,0,user_41,561,566,
2808,98,77000,0,user_43,562,566,
2850,60,70000,0,user_29,563,565,
2827,0,42999999,0,user_10,563,566,2691
2798,1,30000000,0,user_34,562,566,
2728,2,27000000,0,user_20,561,566,
3035,3,27000000,0,user_47,565,566,
2934,4,19000000,0,user_25,564,566,
2732,5,19000000,0,user_23,561,566,
2947,6,5200000,0,user_33,564,566,
2789,7,5200000,0,user_26,562,566,
2979,8,5000001,0,user_2,565,566,2694
2994,9,5000001,0,user_15,565,566,2694
2829,10,4999999,0,user_11,563,566,2694
2902,11,4999999,0,user_3,564,566,2694
2993,12,4999999,0,user_15,565,566,2694
2844,13,3500000,0,user_22,563,566,
3021,14,3500000,0,user_37,565,566,
2792,15,3200000,0,user_29,562,566,
2804,16,2600000,32900,user_40,562,566,
2995,17,2300001,0,user_15,565,566,2946
2851,18,2300000,0,user_29,563,566,
2946,19,2300000,510000,user_32,564,566,
2991,20,2299999,0,user_15,565,566,2946
2992,21,2299999,0,user_15,565,566,2946
2828,22,2000001,0,user_10,563,566,2667
3018,23,2000000,0,user_33,565,566,
3019,24,2000000,24700,user_35,565,566,
2805,25,1900000,0,user_41,562,566,
2725,26,1899999,0,user_18,561,566,2656
2724,27,1899999,0,user_17,561,566,2656
2825,28,1700001,0,user_6,563,566,2735
2830,29,1700001,0,user_11,563,566,2735
2903,30,1700001,0,user_3,564,566,2735
2904,31,1700001,0,user_4,564,566,2735
2907,32,1700001,0,user_4,564,566,2735
2908,33,1700001,0,user_4,564,566,2735
2840,34,1700001,0,user_19,563,566,2735
2912,35,1700001,0,user_5,564,566,2735
2837,36,1700001,0,user_18,563,566,2735
2918,37,1700001,0,user_11,564,566,2735
2920,38,1700001,0,user_13,564,566,2735
2905,39,1699999,0,user_4,564,566,2735
2911,40,1699999,0,user_5,564,566,2735
2913,41,1699999,0,user_5,564,566,2735
2914,42,1699999,0,user_6,564,566,2735
2915,43,1699999,0,user_7,564,566,2735
2835,44,1699999,0,user_18,563,566,2735
2754,45,1500000,0,user_43,561,566,
2945,46,1500000,0,user_32,564,566,
3007,47,1400000,35100,user_24,565,566,
2950,48,1200000,49100,user_35,564,566,
2823,49,1000001,0,user_3,563,566,2734
2824,50,1000001,0,user_4,563,566,2734
2826,51,1000001,0,user_8,563,566,2734
2831,52,1000001,0,user_12,563,566,2734
2777,53,1000001,0,user_16,562,566,2734
2778,54,1000001,0,user_16,562,566,2734
3009,55,1000000,0,user_24,565,566,
2779,56,999999,0,user_19,562,566,2734
2839,57,999999,0,user_19,563,566,2734
2910,58,999999,0,user_5,564,566,2734
2836,59,999999,0,user_18,563,566,2734
2859,60,870000,0,user_40,563,566,
3008,61,660000,0,user_24,565,566,
2751,62,650000,0,user_41,561,566,
2692,63,630000,0,user_38,560,566,
2860,64,460000,0,user_40,563,566,
2729,65,420000,0,user_20,561,566,
2780,66,420000,0,user_20,562,566,
2807,67,350000,0,user_43,562,566,
2757,68,310000,35600,user_48,561,566,
3017,69,310000,0,user_31,565,566,
3016,70,300000,0,user_31,565,566,
2959,71,260000,0,user_47,564,566,
2866,72,260000,0,user_46,563,566,
2843,73,240000,0,user_22,563,566,
2909,74,220001,0,user_5,564,566,2697
3040,75,220001,0,user_1,566,566,2697
2738,76,220000,0,user_28,561,566,
2750,77,220000,0,user_41,561,566,
3010,78,220000,10700,user_25,565,566,
2809,79,170000,0,user_44,562,566,
2791,80,150000,0,user_28,562,566,
2755,81,120000,0,user_44,561,566,
2849,82,110000,0,user_26,563,566,
2752,83,110000,0,user_41,561,566,
2737,84,100000,0,user_28,561,566,
2922,85,87001,0,user_15,564,566,2782
2838,86,87001,0,user_18,563,566,2782
3011,87,87000,1100000,user_25,565,566,
2978,88,86999,0,user_0,565,566,2782
2949,89,85000,0,user_35,564,566,
2923,90,84001,0,user_15,564,566,2797
2906,91,84001,0,user_4,564,566,2797
2901,92,83999,0,user_2,564,566,2797
2916,93,83999,0,user_9,564,566,2797
3039,94,83999,0,user_0,566,566,2797
2775,95,82999,0,user_12,562,566,2661
2931,96,80000,1100000,user_21,564,566,
2753,97,77000,0,user_41,561,566,
2808,98,77000,0,user_43,562,566,
3005,99,77000,0,user_21,565,566,
3041,0,5000001,0,user_2,566,567,2694
3062,1,5000000,0,user_25,566,567,
3066,2,2300000,0,user_33,566,567,
2833,3,1899999,0,user_17,563,567,2656
2834,4,1899999,0,user_17,563,567,2656
2928,5,1700001,0,user_16,564,567,2735
2983,6,1700001,0,user_7,565,567,2735
2929,7,1700001,0,user_18,564,567,2735
2984,8,1700001,0,user_11,565,567,2735
2921,9,1699999,0,user_14,564,567,2735
2980,10,1699999,0,user_4,565,567,2735
2924,11,1699999,0,user_16,564,567,2735
2926,12,1699999,0,user_16,564,567,2735
2927,13,1699999,0,user_16,564,567,2735
2982,14,1699999,0,user_5,565,567,2735
2917,15,1699999,0,user_10,564,567,2735
2985,16,1699999,0,user_11,565,567,2735
2986,17,1699999,0,user_11,565,567,2735
2989,18,1699999,0,user_13,565,567,2735
2935,19,910000,0,user_26,564,567,
2861,20,870000,30200,user_41,563,567,
2813,21,460000,0,user_49,562,567,
2863,22,260000,0,user_43,563,567,
2981,23,220001,0,user_4,565,567,2697
2919,24,219999,0,user_12,564,567,2697
3065,25,190000,0,user_31,566,567,
2943,26,170000,6390,user_29,564,567,
2802,27,170000,0,user_38,562,567,
2841,28,150000,10700,user_20,563,567,
2944,29,120000,0,user_29,564,567,
2758,30,100000,0,user_49,561,567,
2958,31,98000,0,user_46,564,567,
2925,32,84001,0,user_16,564,567,2797
3107,33,79999,0,user_1,567,567,2931
3127,0,27000000,0,user_25,567,568,
3138,1,6100000,0,user_33,567,568,
3167,2,4999999,0,user_1,568,568,2694
2988,3,1700001,0,user_12,565,568,2735
3002,4,1700001,0,user_18,565,568,2735
2987,5,1699999,0,user_12,565,568,2735
2990,6,1699999,0,user_14,565,568,2735
3135,7,1500000,17700000,user_31,567,568,
3137,8,1100000,0,user_33,567,568,
3003,9,999999,0,user_18,565,568,2734
3134,10,650000,0,user_31,567,568,
3124,11,630000,0,user_21,567,568,
3015,12,240000,0,user_29,565,568,
3042,13,219999,0,user_3,566,568,2697
3108,14,219999,0,user_2,567,568,2697
3133,15,150000,0,user_30,567,568,
3132,16,98000,0,user_30,567,568,
3051,17,80001,0,user_11,566,568,2931
3043,18,79999,0,user_4,566,568,2931
3044,19,79999,0,user_7,566,568,2931
3071,0,27000000,322000,user_37,566,569,
3063,1,6100000,24700,user_26,566,569,
3195,2,5000000,0,user_35,568,569,
3081,3,3600000,594000,user_47,566,569,
3125,4,3600000,0,user_24,567,569,
2868,5,3500000,0,user_48,563,569,
2961,6,2600000,0,user_48,564,569,
3142,7,2500000,0,user_37,567,569,
3048,8,2300001,0,user_9,566,569,2946
3181,9,2300001,0,user_15,568,569,2946
3168,10,2299999,0,user_2,568,569,2946
3180,11,2299999,0,user_15,568,569,2946
3186,12,2100000,0,user_24,568,569,
3126,13,1800000,0,user_24,567,569,
2996,14,1699999,0,user_16,565,569,2735
2998,15,1699999,0,user_16,565,569,2735
2999,16,1699999,0,user_16,565,569,2735
3000,17,1699999,0,user_16,565,569,2735
3004,18,1699999,0,user_19,565,569,2735
3058,19,1699999,0,user_19,566,569,2735
2957,20,1500000,15700,user_44,564,569,
3060,21,1500000,0,user_24,566,569,
3151,22,1500000,0,user_47,567,569,
3072,23,1400000,0,user_37,566,569,
2948,24,1200000,0,user_34,564,569,
2956,25,1000000,11200,user_44,564,569,
3013,26,1000000,0,user_26,565,569,
3054,27,999999,0,user_16,566,569,2734
3047,28,999999,0,user_9,566,569,2734
3049,29,999999,0,user_9,566,569,2734
3053,30,999999,0,user_15,566,569,2734
3115,31,999999,0,user_9,567,569,2734
2960,32,670000,0,user_48,564,569,
3036,33,660000,0,user_48,565,569,
3190,34,660000,0,user_30,568,569,
3069,35,630000,0,user_35,566,569,
3136,36,530000,296000,user_32,567,569,
3187,37,530000,0,user_24,568,569,
3191,38,460000,10700,user_31,568,569,
3068,39,420000,769000,user_35,566,569,
3220,40,419999,0,user_1,569,569,3068
3197,41,300000,0,user_37,568,569,
3111,42,220001,0,user_4,567,569,2697
3112,43,220001,0,user_5,567,569,2697
3109,44,219999,0,user_3,567,569,2697
3045,45,219999,0,user_8,566,569,2697
3110,46,219999,0,user_4,567,569,2697
3113,47,219999,0,user_7,567,569,2697
3080,48,150000,0,user_46,566,569,
2962,49,120000,0,user_48,564,569,
3012,50,120000,0,user_26,565,569,
3061,51,110000,0,user_24,566,569,
3070,52,85000,5180,user_37,566,569,
2997,53,84001,0,user_16,565,569,2797
3173,54,84001,0,user_9,568,569,2797
3050,55,83999,0,user_9,566,569,2797
3046,56,80001,0,user_8,566,569,2931
3219,57,80001,0,user_0,569,569,2931
3052,58,79999,0,user_14,566,569,2931
3064,59,73000,0,user_26,566,569,
3239,0,2300000,0,user_25,569,570,
3252,1,2100000,369000,user_37,569,570,
3271,2,1100000,31700,user_47,569,570,
3244,3,1000000,0,user_30,569,570,
3248,4,530000,0,user_35,569,570,
3274,5,420001,0,user_0,570,570,3068
3226,6,419999,0,user_9,569,570,3068
3275,7,419999,0,user_1,570,570,3068
3247,8,340000,0,user_35,569,570,
3237,9,87000,10700,user_21,569,570,
3227,10,86999,0,user_9,569,570,3011
3192,0,5200000,0,user_32,568,571,
3280,1,5000001,0,user_9,570,571,2694
3297,2,5000000,0,user_21,570,571,
3330,3,4999999,0,user_1,571,571,2694
3311,4,2500000,0,user_37,570,571,
3304,5,2400000,0,user_31,570,571,
3300,6,1600000,75000,user_24,570,571,
3193,7,1400000,0,user_32,568,571,
3310,8,1400000,0,user_35,570,571,
3326,9,1100000,0,user_47,570,571,
3305,10,630000,0,user_31,570,571,
3307,11,420000,0,user_33,570,571,
3291,12,419999,0,user_15,570,571,3068
3245,13,170000,0,user_32,569,571,
3303,14,110000,0,user_30,570,571,
3328,15,86999,0,user_0,571,571,3011
3329,16,86999,0,user_1,571,571,3011
3256,0,43000000,0,user_40,569,573,
3464,1,30000001,0,builder_2,572,572,2941
2941,1,30000000,68100,user_28,564,573,
2955,3,6100000,0,user_43,564,573,
3333,7,5000001,0,user_7,571,573,2694
3338,8,5000001,0,user_11,571,573,2694
3388,9,5000001,0,user_2,572,573,2694
3465,7,3500001,0,builder_2,572,572,2869
2869,18,3500000,16400,user_49,563,573,
3264,19,3500000,0,user_41,569,573,
3295,32,2300001,0,user_18,570,573,2946
3258,33,2300000,0,user_40,569,573,
3234,45,2299999,0,user_17,569,573,2946
3281,46,2299999,0,user_10,570,573,2946
3466,14,2100001,0,builder_2,572,572,3145
3145,48,2100000,128000,user_40,567,573,
3033,47,2100000,0,user_43,565,573,
3467,17,2000001,0,builder_2,572,572,3006
3006,49,2000000,5640,user_23,565,573,
3262,51,2000000,0,user_41,569,573,
2870,52,1800000,0,user_49,563,573,
3468,21,1600001,0,builder_2,572,572,3198
3198,55,1600000,15700,user_38,568,573,
3029,54,1600000,0,user_41,565,573,
3028,60,1500000,0,user_40,565,573,
3001,63,1000001,0,user_17,565,573,2734
3032,64,1000000,0,user_43,565,573,
3200,67,970000,0,user_40,568,573,
3022,74,470000,0,user_38,565,573,
3469,29,350001,0,builder_2,572,572,2858
2858,78,350000,84800,user_38,563,573,
3470,31,310001,0,builder_2,572,572,2932
2932,80,310000,7840,user_23,564,573,
3255,81,310000,0,user_40,569,573,
2953,82,300000,0,user_40,564,573,
3037,83,260000,0,user_49,565,573,
3315,84,260000,0,user_40,570,573,
3263,97,160000,15700,user_41,569,573,
3471,38,159999,0,builder_2,572,572,3263
3472,39,79001,0,builder_2,572,572,3261
3261,40,79000,84800,user_41,569,572,
2942,94,160000,0,user_28,564,573,
3031,95,160000,0,user_43,565,573,
3034,96,160000,0,user_43,565,573,
3266,98,160000,0,user_43,569,573,
2963,99,150000,0,user_49,564,573,
3260,46,150000,0,user_41,569,572,
2930,47,130000,0,user_20,564,572,
2952,48,130000,0,user_40,564,572,
3210,49,120000,0,user_49,568,572,
3238,50,110000,0,user_23,569,572,
3014,51,100000,0,user_28,565,572,
3332,52,87001,0,user_6,571,572,3011
3259,53,85000,0,user_40,569,572,
3314,54,82000,0,user_40,570,572,
3257,55,79000,0,user_40,569,572,
3236,56,70000,0,user_20,569,572,
3256,0,43000000,0,user_40,569,573,
2941,1,30000000,68100,user_28,564,573,
3422,2,19000000,0,user_30,572,573,
2955,3,6100000,0,user_43,564,573,
3055,4,5000001,0,user_17,566,573,2694
3224,5,5000001,0,user_7,569,573,2694
3331,6,5000001,0,user_2,571,573,2694
3333,7,5000001,0,user_7,571,573,2694
3338,8,5000001,0,user_11,571,573,2694
3388,9,5000001,0,user_2,572,573,2694
3473,10,5000001,0,user_1,573,573,2694
3170,11,4999999,0,user_4,568,573,2694
3117,12,4999999,0,user_10,567,573,2694
3076,13,4500000,0,user_41,566,573,
3428,14,4500000,0,user_31,572,573,
3189,15,4200000,0,user_29,568,573,
3202,16,4200000,0,user_43,568,573,
3184,17,3600000,0,user_23,568,573,
2869,18,3500000,16400,user_49,563,573,
3264,19,3500000,0,user_41,569,573,
3208,20,2600000,0,user_46,568,573,
3130,21,2400000,0,user_29,567,573,
3169,22,2300001,0,user_3,568,573,2946
3171,23,2300001,0,user_7,568,573,2946
3172,24,2300001,0,user_7,568,573,2946
3175,25,2300001,0,user_11,568,573,2946
3229,26,2300001,0,user_12,569,573,2946
3183,27,2300001,0,user_18,568,573,2946
3283,28,2300001,0,user_11,570,573,2946
3284,29,2300001,0,user_11,570,573,2946
3286,30,2300001,0,user_11,570,573,2946
3289,31,2300001,0,user_13,570,573,2946
3295,32,2300001,0,user_18,570,573,2946
3258,33,2300000,0,user_40,569,573,
3118,34,2299999,0,user_12,567,573,2946
3176,35,2299999,0,user_13,568,573,2946
3177,36,2299999,0,user_13,568,573,2946
3178,37,2299999,0,user_14,568,573,2946
3222,38,2299999,0,user_7,569,573,2946
3223,39,2299999,0,user_7,569,573,2946
3230,40,2299999,0,user_13,569,573,2946
3225,41,2299999,0,user_8,569,573,2946
3232,42,2299999,0,user_14,569,573,2946
3277,43,2299999,0,user_7,570,573,2946
3288,44,2299999,0,user_13,570,573,2946
3234,45,2299999,0,user_17,569,573,2946
3281,46,2299999,0,user_10,570,573,2946
3033,47,2100000,0,user_43,565,573,
3145,48,2100000,128000,user_40,567,573,
3006,49,2000000,5640,user_23,565,573,
3059,50,2000000,11200,user_20,566,573,
3262,51,2000000,0,user_41,569,573,
2870,52,1800000,0,user_49,563,573,
3206,53,1700000,0,user_46,568,573,
3029,54,1600000,0,user_41,565,573,
3198,55,1600000,15700,user_38,568,573,
3221,56,1500001,0,user_4,569,573,3135
3231,57,1500001,0,user_13,569,573,3135
3282,58,1500001,0,user_11,570,573,3135
3285,59,1500001,0,user_11,570,573,3135
3028,60,1500000,0,user_40,565,573,
3387,61,1499999,0,user_0,572,573,3135
3358,62,1400000,0,user_37,571,573,
3001,63,1000001,0,user_17,565,573,2734
3032,64,1000000,0,user_43,565,573,
3371,65,1000000,0,user_47,571,573,
3424,66,1000000,0,user_30,572,573,
3200,67,970000,0,user_40,568,573,
3150,68,910000,0,user_46,567,573,
3073,69,910000,67500,user_38,566,573,
3083,70,910000,0,user_49,566,573,
3201,71,660000,0,user_41,568,573,
3131,72,630000,0,user_29,567,573,
3084,73,530000,0,user_49,566,573,
3022,74,470000,0,user_38,565,573,
3335,75,419999,0,user_9,571,573,3068
3340,76,419999,0,user_15,571,573,3068
3207,77,370000,23500,user_46,568,573,
2858,78,350000,84800,user_38,563,573,
3129,79,320000,0,user_28,567,573,
2932,80,310000,7840,user_23,564,573,
3255,81,310000,0,user_40,569,573,
2953,82,300000,0,user_40,564,573,
3037,83,260000,0,user_49,565,573,
3315,84,260000,0,user_40,570,573,
3123,85,240000,84800,user_20,567,573,
3114,86,220001,0,user_8,567,573,2697
3116,87,220001,0,user_10,567,573,2697
3057,88,220001,0,user_18,566,573,2697
3120,89,220001,0,user_18,567,573,2697
3078,90,220000,0,user_43,566,573,
3306,91,220000,0,user_32,570,573,
3357,92,220000,0,user_37,571,573,
3415,93,190000,0,user_25,572,573,
2942,94,160000,0,user_28,564,573,
3031,95,160000,0,user_43,565,573,
3034,96,160000,0,user_43,565,573,
3263,97,160000,15700,user_41,569,573,
3266,98,160000,0,user_43,569,573,
2963,99,150000,0,user_49,564,573,
3085,0,150000,0,user_49,566,574,
3086,1,130000,0,user_49,566,574,
3146,2,120000,0,user_41,567,574,
3153,3,100000,0,user_49,567,574,
3087,4,83000,13900,user_49,566,574,
3056,5,80001,0,user_18,566,574,2931
3143,6,70000,15700,user_38,567,574,
3494,3,6300000,0,user_23,573,579,
3401,17,5000001,0,user_14,572,577,2694
3402,18,5000001,0,user_14,572,577,2694
3547,19,5000001,0,user_2,574,577,2694
3613,18,5000001,0,user_10,575,579,2694
3396,25,4999999,0,user_8,572,577,2694
3399,26,4999999,0,user_12,572,577,2694
3477,27,4999999,0,user_4,573,577,2694
3552,31,4999999,0,user_7,574,579,2694
3148,31,4500000,0,user_44,567,577,
3563,58,2100000,0,user_20,574,579,
3475,52,1500001,0,user_3,573,577,3135
3486,53,1500001,0,user_13,573,577,3135
3611,65,1500001,0,user_7,575,579,3135
3567,76,1300000,0,user_23,574,579,
3561,81,1100000,0,user_20,574,579,
3517,84,1000000,0,user_41,573,579,
3590,85,1000000,0,user_43,574,579,
3571,94,910000,0,user_28,574,579,
3564,98,670000,36800,user_20,574,579,
3152,71,650000,8520,user_48,567,577,
3128,76,530000,0,user_26,567,577,
3432,22,460000,100000,user_38,572,575,
3500,23,260000,0,user_28,573,575,
3082,92,240000,0,user_48,566,577,
3412,93,240000,0,user_22,572,577,
3119,97,219999,0,user_16,567,577,2697
3121,98,219999,0,user_19,567,577,2697
3067,28,170000,0,user_34,566,575,
3562,29,170000,0,user_20,574,575,
3588,30,170000,12300,user_41,574,575,
3373,31,150000,0,user_49,571,575,
3560,32,150000,0,user_20,574,575,
3359,33,110000,0,user_38,571,575,
3482,34,87001,0,user_11,573,575,3011
3551,35,87001,0,user_7,574,575,3011
3495,36,83000,0,user_23,573,575,
3122,37,79999,0,user_19,567,575,2931
3490,38,77001,0,user_17,573,575,3243
3476,39,77001,0,user_3,573,575,3243
3585,1,19000000,369000,user_38,574,579,
3623,24,5000001,0,user_17,575,579,2694
3668,47,4999999,0,user_10,576,579,2694
3513,49,4500000,0,user_38,573,579,
3514,60,1900000,0,user_38,573,579,
3584,67,1500000,0,user_38,574,579,
3622,72,1499999,0,user_17,575,579,3135
3665,70,1499999,0,user_7,576,579,3135
3581,86,1000000,0,user_38,574,579,
3652,9,370000,769000,user_43,575,576,
3582,10,220000,0,user_38,574,576,
3649,11,120000,0,user_41,575,576,
3583,12,110000,0,user_38,574,576,
3512,13,85000,108000,user_38,573,576,
3529,14,77000,0,user_49,573,576,
3508,0,43000000,0,user_35,573,577,
3299,1,27000000,0,user_23,570,577,
3687,2,27000000,0,user_21,576,577,
3565,3,6300000,231000,user_21,574,577,
3578,4,6300000,12800,user_33,574,577,
3496,5,6100000,7190000,user_25,573,577,
3691,6,6100000,0,user_25,576,577,
3390,7,5000001,0,user_3,572,577,2694
3391,8,5000001,0,user_3,572,577,2694
3278,9,5000001,0,user_8,570,577,2694
3287,10,5000001,0,user_12,570,577,2694
3334,11,5000001,0,user_8,571,577,2694
3336,12,5000001,0,user_10,571,577,2694
3337,13,5000001,0,user_10,571,577,2694
3344,14,5000001,0,user_18,571,577,2694
3400,15,5000001,0,user_13,572,577,2694
3546,16,5000001,0,user_0,574,577,2694
3401,17,5000001,0,user_14,572,577,2694
3402,18,5000001,0,user_14,572,577,2694
3547,19,5000001,0,user_2,574,577,2694
3558,20,5000001,0,user_15,574,577,2694
3617,21,5000001,0,user_15,575,577,2694
3308,22,5000000,0,user_34,570,577,
3393,23,4999999,0,user_5,572,577,2694
3474,24,4999999,0,user_2,573,577,2694
3396,25,4999999,0,user_8,572,577,2694
3399,26,4999999,0,user_12,572,577,2694
3477,27,4999999,0,user_4,573,577,2694
3612,28,4999999,0,user_9,575,577,2694
3659,29,4999999,0,user_0,576,577,2694
3683,30,4999999,0,user_15,576,577,2694
3148,31,4500000,0,user_44,567,577,
3572,32,4500000,0,user_30,574,577,
3429,33,3600000,0,user_35,572,577,
3577,34,3600000,0,user_33,574,577,
3635,35,3600000,350000,user_31,575,577,
3188,36,3500000,0,user_26,568,577,
3704,37,3500000,0,user_35,576,577,
3506,38,3200000,0,user_33,573,577,
3575,39,2600000,0,user_32,574,577,
3700,40,2600000,64600,user_33,576,577,
3293,41,2300001,0,user_17,570,577,2946
3351,42,2300000,181000,user_29,571,577,
3568,43,2300000,0,user_24,574,577,
3345,44,2299999,0,user_19,571,577,2946
3294,45,2299999,0,user_17,570,577,2946
3636,46,2100000,0,user_31,575,577,
3302,47,2000000,0,user_28,570,577,
3643,48,2000000,0,user_35,575,577,
3194,49,1900000,0,user_34,568,577,
3322,50,1600000,0,user_44,570,577,
3395,51,1500001,0,user_7,572,577,3135
3475,52,1500001,0,user_3,573,577,3135
3486,53,1500001,0,user_13,573,577,3135
3602,54,1500001,0,user_0,575,577,3135
3722,55,1500001,0,user_1,577,577,3135
3628,56,1500000,0,user_24,575,577,
3392,57,1499999,0,user_4,572,577,3135
3717,58,1499999,0,user_0,577,577,3135
3719,59,1499999,0,user_1,577,577,3135
3370,60,1400000,0,user_46,571,577,
3272,61,1400000,18600,user_48,569,577,
3497,62,1400000,0,user_25,573,577,
3629,63,1400000,0,user_25,575,577,
3639,64,1200000,0,user_31,575,577,
3309,65,1100000,0,user_34,570,577,
3323,66,1000000,0,user_44,570,577,
3574,67,1000000,0,user_31,574,577,
3644,68,1000000,33100,user_37,575,577,
3431,69,970000,0,user_37,572,577,
3573,70,660000,0,user_30,574,577,
3152,71,650000,8520,user_48,567,577,
3354,72,630000,0,user_32,571,577,
3209,73,600000,0,user_48,568,577,
3688,74,600000,0,user_21,576,577,
3703,75,600000,0,user_35,576,577,
3128,76,530000,0,user_26,567,577,
3348,77,530000,285000,user_26,571,577,
3406,78,420001,0,user_15,572,577,3068
3488,79,420001,0,user_15,573,577,3068
3566,80,420000,0,user_21,574,577,
3594,81,420000,0,user_47,574,577,
3701,82,420000,36800,user_33,576,577,
3397,83,419999,0,user_9,572,577,3068
3403,84,419999,0,user_15,572,577,3068
3404,85,419999,0,user_15,572,577,3068
3246,86,360000,0,user_34,569,577,
3503,87,360000,12300,user_30,573,577,
3630,88,340000,0,user_25,575,577,
3640,89,340000,0,user_33,575,577,
3316,90,310000,0,user_41,570,577,
3240,91,260000,0,user_26,569,577,
3082,92,240000,0,user_48,566,577,
3412,93,240000,0,user_22,572,577,
3235,94,220001,0,user_19,569,577,2697
3341,95,220001,0,user_16,571,577,2697
3325,96,220000,0,user_46,570,577,
3119,97,219999,0,user_16,567,577,2697
3121,98,219999,0,user_19,567,577,2697
3233,99,219999,0,user_16,569,577,2697
3292,0,219999,0,user_16,570,578,2697
3296,1,219999,0,user_19,570,578,2697
3298,2,160000,0,user_22,570,578,
3273,3,160000,0,user_49,569,578,
3253,4,100000,0,user_38,569,578,
3339,5,86999,0,user_12,571,578,3011
3241,6,85000,0,user_26,569,578,
3347,7,83000,0,user_26,571,578,
3279,8,77001,0,user_8,570,578,3243
3290,9,76999,0,user_14,570,578,3243
3352,10,70000,0,user_29,571,578,
3416,0,43000000,0,user_26,572,579,
3585,1,19000000,369000,user_38,574,579,
3815,2,19000000,0,user_31,578,579,
3494,3,6300000,0,user_23,573,579,
3769,4,6100001,0,user_2,578,579,3496
3436,5,6100000,0,user_44,572,579,
3484,6,5000001,0,user_12,573,579,2694
3343,7,5000001,0,user_17,571,579,2694
3481,8,5000001,0,user_10,573,579,2694
3554,9,5000001,0,user_11,574,579,2694
3616,10,5000001,0,user_13,575,579,2694
3614,11,5000001,0,user_12,575,579,2694
3660,12,5000001,0,user_4,576,579,2694
3662,13,5000001,0,user_4,576,579,2694
3618,14,5000001,0,user_16,575,579,2694
3619,15,5000001,0,user_16,575,579,2694
3621,16,5000001,0,user_16,575,579,2694
3663,17,5000001,0,user_5,576,579,2694
3613,18,5000001,0,user_10,575,579,2694
3671,19,5000001,0,user_11,576,579,2694
3677,20,5000001,0,user_13,576,579,2694
3723,21,5000001,0,user_3,577,579,2694
3724,22,5000001,0,user_5,577,579,2694
3725,23,5000001,0,user_5,577,579,2694
3623,24,5000001,0,user_17,575,579,2694
3743,25,5000000,0,user_21,577,579,
3548,26,4999999,0,user_3,574,579,2694
3479,27,4999999,0,user_8,573,579,2694
3485,28,4999999,0,user_12,573,579,2694
3549,29,4999999,0,user_4,574,579,2694
3480,30,4999999,0,user_10,573,579,2694
3552,31,4999999,0,user_7,574,579,2694
3491,32,4999999,0,user_18,573,579,2694
3555,33,4999999,0,user_13,574,579,2694
3556,34,4999999,0,user_13,574,579,2694
3553,35,4999999,0,user_8,574,579,2694
3606,36,4999999,0,user_5,575,579,2694
3607,37,4999999,0,user_6,575,579,2694
3615,38,4999999,0,user_12,575,579,2694
3661,39,4999999,0,user_4,576,579,2694
3620,40,4999999,0,user_16,575,579,2694
3625,41,4999999,0,user_19,575,579,2694
3664,42,4999999,0,user_6,576,579,2694
3669,43,4999999,0,user_11,576,579,2694
3670,44,4999999,0,user_11,576,579,2694
3673,45,4999999,0,user_13,576,579,2694
3676,46,4999999,0,user_13,576,579,2694
3668,47,4999999,0,user_10,576,579,2694
3726,48,4999999,0,user_7,577,579,2694
3513,49,4500000,0,user_38,573,579,
3437,50,4200000,0,user_44,572,579,
3356,51,3600000,0,user_34,571,579,
3758,52,3500000,5630,user_37,577,579,
3501,53,3500000,0,user_29,573,579,
3367,54,2600000,0,user_43,571,579,
3365,55,2500000,0,user_43,571,579,
3817,56,2500000,0,user_31,578,579,
3634,57,2300000,13900,user_29,575,579,
3563,58,2100000,0,user_20,574,579,
3372,59,2000000,0,user_48,571,579,
3514,60,1900000,0,user_38,573,579,
3595,61,1800000,24700,user_48,574,579,
3493,62,1600000,35100,user_22,573,579,
3362,63,1600000,0,user_41,571,579,
3735,64,1500001,0,user_15,577,579,3135
3611,65,1500001,0,user_7,575,579,3135
3672,66,1500001,0,user_11,576,579,3135
3584,67,1500000,0,user_38,574,579,
3550,68,1499999,0,user_5,574,579,3135
3559,69,1499999,0,user_19,574,579,3135
3665,70,1499999,0,user_7,576,579,3135
3684,71,1499999,0,user_16,576,579,3135
3622,72,1499999,0,user_17,575,579,3135
3355,73,1400000,0,user_34,571,579,
3502,74,1300000,121000,user_29,573,579,
3525,75,1300000,0,user_44,573,579,
3567,76,1300000,0,user_23,574,579,
3410,77,1200000,0,user_20,572,579,
3754,78,1100000,0,user_31,577,579,
3435,79,1100000,0,user_41,572,579,
3648,80,1100000,0,user_40,575,579,
3561,81,1100000,0,user_20,574,579,
3327,82,1000000,0,user_49,570,579,
3413,83,1000000,215000,user_23,572,579,
3517,84,1000000,0,user_41,573,579,
3590,85,1000000,0,user_43,574,579,
3581,86,1000000,0,user_38,574,579,
3802,87,1000000,0,user_25,578,579,
3814,88,1000000,33300,user_30,578,579,
3821,89,1000000,0,user_35,578,579,
3746,90,970000,0,user_24,577,579,
3408,91,970000,0,user_20,572,579,
3692,92,970000,0,user_26,576,579,
3818,93,970000,3130,user_31,578,579,
3571,94,910000,0,user_28,574,579,
3753,95,870000,0,user_30,577,579,
3747,96,870000,0,user_24,577,579,
3587,97,670000,0,user_40,574,579,
3564,98,670000,36800,user_20,574,579,
3627,99,600000,0,user_22,575,579,
2651,0,5000000,0,user_0,580,580,
2652,1,970000,0,user_1,580,580,
2650,2,650000,0,user_0,580,580,
2706,0,43000001,0,user_0,581,581,2691
2691,1,43000000,16400,user_37,580,581,
2707,2,42999999,0,user_1,581,581,2691
2685,3,30000000,0,user_31,580,581,
2662,4,1100000,0,user_9,580,581,
2653,5,870000,0,user_2,580,581,
2677,6,310000,0,user_21,580,581,
2678,7,310000,0,user_21,580,581,
2690,8,170000,0,user_37,580,581,
2680,9,160000,0,user_24,580,581,
2703,10,120000,0,user_47,580,581,
2654,11,110000,0,user_2,580,581,
2708,0,43000001,0,user_2,581,583,2691
2722,1,43000001,0,user_15,581,583,2691
2788,2,43000000,0,user_25,582,583,
2764,3,42999999,0,user_0,582,583,2691
2776,4,42999999,0,user_15,582,583,2691
2781,5,5000000,0,user_21,582,583,
2785,6,5000000,0,user_24,582,583,
2741,7,4500000,0,user_31,581,583,
2756,8,4500000,0,user_47,581,583,
2820,9,2000001,0,user_0,583,583,2786
2667,10,2000000,11200,user_13,580,583,
2786,11,2000000,30200,user_24,582,583,
2656,12,1900000,5180,user_5,580,583,
2765,13,1600001,0,user_0,582,583,2745
2821,14,1600001,0,user_1,583,583,2745
2687,15,1600000,0,user_32,580,583,
2745,16,1600000,35600,user_35,581,583,
2774,17,1599999,0,user_9,582,583,2745
2747,18,1500000,0,user_37,581,583,
2793,19,1500000,0,user_30,582,583,
2812,20,1400000,0,user_47,582,583,
2811,21,1300000,15700,user_47,582,583,
2743,22,1100000,0,user_33,581,583,
2658,23,970000,0,user_6,580,583,
2664,24,910000,0,user_11,580,583,
2657,25,530000,0,user_6,580,583,
2660,26,460000,0,user_7,580,583,
2783,27,460000,15100,user_21,582,583,
2794,28,460000,0,user_31,582,583,
2686,29,260000,0,user_32,580,583,
2688,30,260000,0,user_32,580,583,
2795,31,260000,0,user_31,582,583,
2800,32,260000,0,user_35,582,583,
2655,33,220000,0,user_3,580,583,
2740,34,220000,71800,user_30,581,583,
2787,35,220000,0,user_24,582,583,
2799,36,170000,0,user_35,582,583,
2744,37,160000,30200,user_33,581,583,
2659,38,120000,0,user_6,580,583,
2731,39,120000,0,user_21,581,583,
2742,40,120000,0,user_32,581,583,
2666,41,110000,0,user_13,580,583,
2801,42,98000,0,user_37,582,583,
2782,43,87000,100000,user_21,582,583,
2730,44,85000,0,user_21,581,583,
2733,45,85000,0,user_25,581,583,
2784,46,80000,0,user_24,582,583,
2711,0,43000001,0,user_5,581,584,2691
2719,1,43000001,0,user_11,581,584,2691
2712,2,42999999,0,user_5,581,584,2691
2715,3,42999999,0,user_10,581,584,2691
2668,4,30000000,0,user_14,580,584,
2675,5,6300000,0,user_18,580,584,
2853,6,6100000,0,user_30,583,584,
2694,7,5000000,959000,user_40,580,584,
2673,8,5000000,0,user_17,580,584,
2867,9,5000000,0,user_47,583,584,
2771,10,4999999,0,user_6,582,584,2694
2704,11,4200000,0,user_48,580,584,
2796,12,2100000,0,user_32,582,584,
2727,13,2000001,0,user_19,581,584,2667
2770,14,2000001,0,user_6,582,584,2667
2709,15,1999999,0,user_5,581,584,2667
2710,16,1999999,0,user_5,581,584,2667
2766,17,1999999,0,user_3,582,584,2667
2723,18,1999999,0,user_16,581,584,2667
2716,19,1999999,0,user_10,581,584,2667
2717,20,1999999,0,user_10,581,584,2667
2713,21,1900001,0,user_7,581,584,2656
2718,22,1900001,0,user_11,581,584,2656
2720,23,1900001,0,user_13,581,584,2656
2679,24,1900000,0,user_22,580,584,
2669,25,1899999,0,user_16,580,584,2656
2735,26,1700000,100000,user_26,581,584,
2698,27,1500000,0,user_44,580,584,
2671,28,1500000,0,user_17,580,584,
2695,29,1500000,0,user_41,580,584,
2845,30,1500000,0,user_24,583,584,
2856,31,1300000,0,user_35,583,584,
2832,32,1299999,0,user_15,583,584,2811
2702,33,1200000,0,user_46,580,584,
2848,34,1200000,0,user_25,583,584,
2822,35,1000001,0,user_2,583,584,2734
2734,36,1000000,121000,user_26,581,584,
2714,37,660000,0,user_8,581,584,
2676,38,600000,6390,user_20,580,584,
2772,39,599999,0,user_7,582,584,2676
2674,40,460000,0,user_17,580,584,
2857,41,460000,0,user_35,583,584,
2749,42,420000,0,user_40,581,584,
2683,43,420000,0,user_28,580,584,
2696,44,420000,0,user_43,580,584,
2842,45,420000,0,user_21,583,584,
2684,46,370000,0,user_29,580,584,
2721,47,350000,0,user_14,581,584,
2663,48,340000,0,user_10,580,584,
2855,49,310000,0,user_35,583,584,
2670,50,260000,0,user_17,580,584,
2769,51,220001,0,user_5,582,584,2697
2697,52,220000,410000,user_44,580,584,
2854,53,220000,0,user_31,583,584,
2726,54,219999,0,user_19,581,584,2697
2701,55,170000,0,user_46,580,584,
2689,56,160000,0,user_34,580,584,
2852,57,160000,0,user_30,583,584,
2665,58,110000,0,user_12,580,584,
2846,59,98000,0,user_24,583,584,
2847,60,87000,0,user_25,583,584,
2899,61,84001,0,user_0,584,584,2797
2900,62,84001,0,user_1,584,584,2797
2797,63,84000,108000,user_32,582,584,
2767,64,83001,0,user_4,582,584,2661
2681,65,83000,0,user_26,580,584,
2661,66,83000,68100,user_8,580,584,
2768,67,82999,0,user_4,582,584,2661
2739,68,77000,17000,user_29,581,584,
2672,69,73000,0,user_17,580,584,
2827,0,42999999,0,user_10,583,586,2691
2798,1,30000000,0,user_34,582,586,
2728,2,27000000,0,user_20,581,586,
2732,5,19000000,0,user_23,581,586,
2789,7,5200000,0,user_26,582,586,
2979,8,5000001,0,user_2,585,586,2694
2902,11,4999999,0,user_3,584,586,2694
2844,13,3500000,0,user_22,583,586,
2851,18,2300000,0,user_29,583,586,
2828,22,2000001,0,user_10,583,586,2667
2805,25,1900000,0,user_41,582,586,
2724,27,1899999,0,user_17,581,586,2656
2903,30,1700001,0,user_3,584,586,2735
2904,31,1700001,0,user_4,584,586,2735
2907,32,1700001,0,user_4,584,586,2735
2908,33,1700001,0,user_4,584,586,2735
2840,34,1700001,0,user_19,583,586,2735
2912,35,1700001,0,user_5,584,586,2735
2837,36,1700001,0,user_18,583,586,2735
2918,37,1700001,0,user_11,584,586,2735
2920,38,1700001,0,user_13,584,586,2735
2905,39,1699999,0,user_4,584,586,2735
2911,40,1699999,0,user_5,584,586,2735
2913,41,1699999,0,user_5,584,586,2735
2914,42,1699999,0,user_6,584,586,2735
2915,43,1699999,0,user_7,584,586,2735
2835,44,1699999,0,user_18,583,586,2735
2754,45,1500000,0,user_43,581,586,
2826,51,1000001,0,user_8,583,586,2734
2831,52,1000001,0,user_12,583,586,2734
2777,53,1000001,0,user_16,582,586,2734
2778,54,1000001,0,user_16,582,586,2734
2779,56,999999,0,user_19,582,586,2734
2839,57,999999,0,user_19,583,586,2734
2910,58,999999,0,user_5,584,586,2734
2836,59,999999,0,user_18,583,586,2734
2859,60,870000,0,user_40,583,586,
2751,62,650000,0,user_41,581,586,
2692,63,630000,0,user_38,580,586,
2860,64,460000,0,user_40,583,586,
2729,65,420000,0,user_20,581,586,
2780,66,420000,0,user_20,582,586,
2807,67,350000,0,user_43,582,586,
3038,43,310001,0,builder_2,585,585,2757
2757,68,310000,35600,user_48,581,586,
2866,72,260000,0,user_46,583,586,
2843,73,240000,0,user_22,583,586,
2909,74,220001,0,user_5,584,586,2697
2738,76,220000,0,user_28,581,586,
2750,77,220000,0,user_41,581,586,
2809,79,170000,0,user_44,582,586,
2791,80,150000,0,user_28,582,586,
2755,81,120000,0,user_44,581,586,
2849,82,110000,0,user_26,583,586,
2752,83,110000,0,user_41,581,586,
2737,84,100000,0,user_28,581,586,
2838,86,87001,0,user_18,583,586,2782
2906,91,84001,0,user_4,584,586,2797
2753,97,77000,0,user_41,581,586,
2808,98,77000,0,user_43,582,586,
2850,60,70000,0,user_29,583,585,
2827,0,42999999,0,user_10,583,586,2691
2798,1,30000000,0,user_34,582,586,
2728,2,27000000,0,user_20,581,586,
3035,3,27000000,0,user_47,585,586,
2934,4,19000000,0,user_25,584,586,
2732,5,19000000,0,user_23,581,586,
2947,6,5200000,0,user_33,584,586,
2789,7,5200000,0,user_26,582,586,
2979,8,5000001,0,user_2,585,586,2694
2994,9,5000001,0,user_15,585,586,2694
2829,10,4999999,0,user_11,583,586,2694
2902,11,4999999,0,user_3,584,586,2694
2993,12,4999999,0,user_15,585,586,2694
2844,13,3500000,0,user_22,583,586,
3021,14,3500000,0,user_37,585,586,
2792,15,3200000,0,user_29,582,586,
2804,16,2600000,32900,user_40,582,586,
2995,17,2300001,0,user_15,585,586,2946
2851,18,2300000,0,user_29,583,586,
2946,19,2300000,510000,user_32,584,586,
2991,20,2299999,0,user_15,585,586,2946
2992,21,2299999,0,user_15,585,586,2946
2828,22,2000001,0,user_10,583,586,2667
3018,23,2000000,0,user_33,585,586,
3019,24,2000000,24700,user_35,585,586,
2805,25,1900000,0,user_41,582,586,
2725,26,1899999,0,user_18,581,586,2656
2724,27,1899999,0,user_17,581,586,2656
2825,28,1700001,0,user_6,583,586,2735
2830,29,1700001,0,user_11,583,586,2735
2903,30,1700001,0,user_3,584,586,2735
2904,31,1700001,0,user_4,584,586,2735
2907,32,1700001,0,user_4,584,586,2735
2908,33,1700001,0,user_4,584,586,2735
2840,34,1700001,0,user_19,583,586,2735
2912,35,1700001,0,user_5,584,586,2735
2837,36,1700001,0,user_18,583,586,2735
2918,37,1700001,0,user_11,584,586,2735
2920,38,1700001,0,user_13,584,586,2735
2905,39,1699999,0,user_4,584,586,2735
2911,40,1699999,0,user_5,584,586,2735
2913,41,1699999,0,user_5,584,586,2735
2914,42,1699999,0,user_6,584,586,2735
2915,43,1699999,0,user_7,584,586,2735
2835,44,1699999,0,user_18,583,586,2735
2754,45,1500000,0,user_43,581,586,
2945,46,1500000,0,user_32,584,586,
3007,47,1400000,35100,user_24,585,586,
2950,48,1200000,49100,user_35,584,586,
2823,49,1000001,0,user_3,583,586,2734
2824,50,1000001,0,user_4,583,586,2734
2826,51,1000001,0,user_8,583,586,2734
2831,52,1000001,0,user_12,583,586,2734
2777,53,1000001,0,user_16,582,586,2734
2778,54,1000001,0,user_16,582,586,2734
3009,55,1000000,0,user_24,585,586,
2779,56,999999,0,user_19,582,586,2734
2839,57,999999,0,user_19,583,586,2734
2910,58,999999,0,user_5,584,586,2734
2836,59,999999,0,user_18,583,586,2734
2859,60,870000,0,user_40,583,586,
3008,61,660000,0,user_24,585,586,
2751,62,650000,0,user_41,581,586,
2692,63,630000,0,user_38,580,586,
2860,64,460000,0,user_40,583,586,
2729,65,420000,0,user_20,581,586,
2780,66,420000,0,user_20,582,586,
2807,67,350000,0,user_43,582,586,
2757,68,310000,35600,user_48,581,586,
3017,69,310000,0,user_31,585,586,
3016,70,300000,0,user_31,585,586,
2959,71,260000,0,user_47,584,586,
2866,72,260000,0,user_46,583,586,
2843,73,240000,0,user_22,583,586,
2909,74,220001,0,user_5,584,586,2697
3040,75,220001,0,user_1,586,586,2697
2738,76,220000,0,user_28,581,586,
2750,77,220000,0,user_41,581,586,
3010,78,220000,10700,user_25,585,586,
2809,79,170000,0,user_44,582,586,
2791,80,150000,0,user_28,582,586,
2755,81,120000,0,user_44,581,586,
2849,82,110000,0,user_26,583,586,
2752,83,110000,0,user_41,581,586,
2737,84,100000,0,user_28,581,586,
2922,85,87001,0,user_15,584,586,2782
2838,86,87001,0,user_18,583,586,2782
3011,87,87000,1100000,user_25,585,586,
2978,88,86999,0,user_0,585,586,2782
2949,89,85000,0,user_35,584,586,
2923,90,84001,0,user_15,584,586,2797
2906,91,84001,0,user_4,584,586,2797
2901,92,83999,0,user_2,584,586,2797
2916,93,83999,0,user_9,584,586,2797
3039,94,83999,0,user_0,586,586,2797
2775,95,82999,0,user_12,582,586,2661
2931,96,80000,1100000,user_21,584,586,
2753,97,77000,0,user_41,581,586,
2808,98,77000,0,user_43,582,586,
3005,99,77000,0,user_21,585,586,
3041,0,5000001,0,user_2,586,587,2694
3062,1,5000000,0,user_25,586,587,
3066,2,2300000,0,user_33,586,587,
2833,3,1899999,0,user_17,583,587,2656
2834,4,1899999,0,user_17,583,587,2656
2928,5,1700001,0,user_16,584,587,2735
2983,6,1700001,0,user_7,585,587,2735
2929,7,1700001,0,user_18,584,587,2735
2984,8,1700001,0,user_11,585,587,2735
2921,9,1699999,0,user_14,584,587,2735
2980,10,1699999,0,user_4,585,587,2735
2924,11,1699999,0,user_16,584,587,2735
2926,12,1699999,0,user_16,584,587,2735
2927,13,1699999,0,user_16,584,587,2735
2982,14,1699999,0,user_5,585,587,2735
2917,15,1699999,0,user_10,584,587,2735
2985,16,1699999,0,user_11,585,587,2735
2986,17,1699999,0,user_11,585,587,2735
2989,18,1699999,0,user_13,585,587,2735
2935,19,910000,0,user_26,584,587,
2861,20,870000,30200,user_41,583,587,
2813,21,460000,0,user_49,582,587,
2863,22,260000,0,user_43,583,587,
2981,23,220001,0,user_4,585,587,2697
2919,24,219999,0,user_12,584,587,2697
3065,25,190000,0,user_31,586,587,
2943,26,170000,6390,user_29,584,587,
2802,27,170000,0,user_38,582,587,
2841,28,150000,10700,user_20,583,587,
2944,29,120000,0,user_29,584,587,
2758,30,100000,0,user_49,581,587,
2958,31,98000,0,user_46,584,587,
2925,32,84001,0,user_16,584,587,2797
3107,33,79999,0,user_1,587,587,2931
3127,0,27000000,0,user_25,587,588,
3138,1,6100000,0,user_33,587,588,
3167,2,4999999,0,user_1,588,588,2694
2988,3,1700001,0,user_12,585,588,2735
3002,4,1700001,0,user_18,585,588,2735
2987,5,1699999,0,user_12,585,588,2735
2990,6,1699999,0,user_14,585,588,2735
3135,7,1500000,17700000,user_31,587,588,
3137,8,1100000,0,user_33,587,588,
3003,9,999999,0,user_18,585,588,2734
3134,10,650000,0,user_31,587,588,
3124,11,630000,0,user_21,587,588,
3015,12,240000,0,user_29,585,588,
3042,13,219999,0,user_3,586,588,2697
3108,14,219999,0,user_2,587,588,2697
3133,15,150000,0,user_30,587,588,
3132,16,98000,0,user_30,587,588,
3051,17,80001,0,user_11,586,588,2931
3043,18,79999,0,user_4,586,588,2931
3044,19,79999,0,user_7,586,588,2931
3071,0,27000000,322000,user_37,586,589,
3063,1,6100000,24700,user_26,586,589,
3195,2,5000000,0,user_35,588,589,
3081,3,3600000,594000,user_47,586,589,
3125,4,3600000,0,user_24,587,589,
2868,5,3500000,0,user_48,583,589,
2961,6,2600000,0,user_48,584,589,
3142,7,2500000,0,user_37,587,589,
3048,8,2300001,0,user_9,586,589,2946
3181,9,2300001,0,user_15,588,589,2946
3168,10,2299999,0,user_2,588,589,2946
3180,11,2299999,0,user_15,588,589,2946
3186,12,2100000,0,user_24,588,589,
3126,13,1800000,0,user_24,587,589,
2996,14,1699999,0,user_16,585,589,2735
2998,15,1699999,0,user_16,585,589,2735
2999,16,1699999,0,user_16,585,589,2735
3000,17,1699999,0,user_16,585,589,2735
3004,18,1699999,0,user_19,585,589,2735
3058,19,1699999,0,user_19,586,589,2735
2957,20,1500000,15700,user_44,584,589,
3060,21,1500000,0,user_24,586,589,
3151,22,1500000,0,user_47,587,589,
3072,23,1400000,0,user_37,586,589,
2948,24,1200000,0,user_34,584,589,
2956,25,1000000,11200,user_44,584,589,
3013,26,1000000,0,user_26,585,589,
3054,27,999999,0,user_16,586,589,2734
3047,28,999999,0,user_9,586,589,2734
3049,29,999999,0,user_9,586,589,2734
3053,30,999999,0,user_15,586,589,2734
3115,31,999999,0,user_9,587,589,2734
2960,32,670000,0,user_48,584,589,
3036,33,660000,0,user_48,585,589,
3190,34,660000,0,user_30,588,589,
3069,35,630000,0,user_35,586,589,
3136,36,530000,296000,user_32,587,589,
3187,37,530000,0,user_24,588,589,
3191,38,460000,10700,user_31,588,589,
3068,39,420000,769000,user_35,586,589,
3220,40,419999,0,user_1,589,589,3068
3197,41,300000,0,user_37,588,589,
3111,42,220001,0,user_4,587,589,2697
3112,43,220001,0,user_5,587,589,2697
3109,44,219999,0,user_3,587,589,2697
3045,45,219999,0,user_8,586,589,2697
3110,46,219999,0,user_4,587,589,2697
3113,47,219999,0,user_7,587,589,2697
3080,48,150000,0,user_46,586,589,
2962,49,120000,0,user_48,584,589,
3012,50,120000,0,user_26,585,589,
3061,51,110000,0,user_24,586,589,
3070,52,85000,5180,user_37,586,589,
2997,53,84001,0,user_16,585,589,2797
3173,54,84001,0,user_9,588,589,2797
3050,55,83999,0,user_9,586,589,2797
3046,56,80001,0,user_8,586,589,2931
3219,57,80001,0,user_0,589,589,2931
3052,58,79999,0,user_14,586,589,2931
3064,59,73000,0,user_26,586,589,
3239,0,2300000,0,user_25,589,590,
3252,1,2100000,369000,user_37,589,590,
3271,2,1100000,31700,user_47,589,590,
3244,3,1000000,0,user_30,589,590,
3248,4,530000,0,user_35,589,590,
3274,5,420001,0,user_0,590,590,3068
3226,6,419999,0,user_9,589,590,3068
3275,7,419999,0,user_1,590,590,3068
3247,8,340000,0,user_35,589,590,
3237,9,87000,10700,user_21,589,590,
3227,10,86999,0,user_9,589,590,3011
3192,0,5200000,0,user_32,588,591,
3280,1,5000001,0,user_9,590,591,2694
3297,2,5000000,0,user_21,590,591,
3330,3,4999999,0,user_1,591,591,2694
3311,4,2500000,0,user_37,590,591,
3304,5,2400000,0,user_31,590,591,
3300,6,1600000,75000,user_24,590,591,
3193,7,1400000,0,user_32,588,591,
3310,8,1400000,0,user_35,590,591,
3326,9,1100000,0,user_47,590,591,
3305,10,630000,0,user_31,590,591,
3307,11,420000,0,user_33,590,591,
3291,12,419999,0,user_15,590,591,3068
3245,13,170000,0,user_32,589,591,
3303,14,110000,0,user_30,590,591,
3328,15,86999,0,user_0,591,591,3011
3329,16,86999,0,user_1,591,591,3011
3256,0,43000000,0,user_40,589,593,
3464,1,30000001,0,builder_2,592,592,2941
2941,1,30000000,68100,user_28,584,593,
2955,3,6100000,0,user_43,584,593,
3333,7,5000001,0,user_7,591,593,2694
3338,8,5000001,0,user_11,591,593,2694
3388,9,5000001,0,user_2,592,593,2694
3465,7,3500001,0,builder_2,592,592,2869
2869,18,3500000,16400,user_49,583,593,
3264,19,3500000,0,user_41,589,593,
3295,32,2300001,0,user_18,590,593,2946
3258,33,2300000,0,user_40,589,593,
3234,45,2299999,0,user_17,589,593,2946
3281,46,2299999,0,user_10,590,593,2946
3466,14,2100001,0,builder_2,592,592,3145
3145,48,2100000,128000,user_40,587,593,
3033,47,2100000,0,user_43,585,593,
3467,17,2000001,0,builder_2,592,592,3006
3006,49,2000000,5640,user_23,585,593,
3262,51,2000000,0,user_41,589,593,
2870,52,1800000,0,user_49,583,593,
3468,21,1600001,0,builder_2,592,592,3198
3198,55,1600000,15700,user_38,588,593,
3029,54,1600000,0,user_41,585,593,
3028,60,1500000,0,user_40,585,593,
3001,63,1000001,0,user_17,585,593,2734
3032,64,1000000,0,user_43,585,593,
3200,67,970000,0,user_40,588,593,
3022,74,470000,0,user_38,585,593,
3469,29,350001,0,builder_2,592,592,2858
2858,78,350000,84800,user_38,583,593,
3470,31,310001,0,builder_2,592,592,2932
2932,80,310000,7840,user_23,584,593,
3255,81,310000,0,user_40,589,593,
2953,82,300000,0,user_40,584,593,
3037,83,260000,0,user_49,585,593,
3315,84,260000,0,user_40,590,593,
3263,97,160000,15700,user_41,589,593,
3471,38,159999,0,builder_2,592,592,3263
3472,39,79001,0,builder_2,592,592,3261
3261,40,79000,84800,user_41,589,592,
2942,94,160000,0,user_28,584,593,
3031,95,160000,0,user_43,585,593,
3034,96,160000,0,user_43,585,593,
3266,98,160000,0,user_43,589,593,
2963,99,150000,0,user_49,584,593,
3260,46,150000,0,user_41,589,592,
2930,47,130000,0,user_20,584,592,
2952,48,130000,0,user_40,584,592,
3210,49,120000,0,user_49,588,592,
3238,50,110000,0,user_23,589,592,
3014,51,100000,0,user_28,585,592,
3332,52,87001,0,user_6,591,592,3011
3259,53,85000,0,user_40,589,592,
3314,54,82000,0,user_40,590,592,
3257,55,79000,0,user_40,589,592,
3236,56,70000,0,user_20,589,592,
3256,0,43000000,0,user_40,589,593,
2941,1,30000000,68100,user_28,584,593,
3422,2,19000000,0,user_30,592,593,
2955,3,6100000,0,user_43,584,593,
3055,4,5000001,0,user_17,586,593,2694
3224,5,5000001,0,user_7,589,593,2694
3331,6,5000001,0,user_2,591,593,2694
3333,7,5000001,0,user_7,591,593,2694
3338,8,5000001,0,user_11,591,593,2694
3388,9,5000001,0,user_2,592,593,2694
3473,10,5000001,0,user_1,593,593,2694
3170,11,4999999,0,user_4,588,593,2694
3117,12,4999999,0,user_10,587,593,2694
3076,13,4500000,0,user_41,586,593,
3428,14,4500000,0,user_31,592,593,
3189,15,4200000,0,user_29,588,593,
3202,16,4200000,0,user_43,588,593,
3184,17,3600000,0,user_23,588,593,
2869,18,3500000,16400,user_49,583,593,
3264,19,3500000,0,user_41,589,593,
3208,20,2600000,0,user_46,588,593,
3130,21,2400000,0,user_29,587,593,
3169,22,2300001,0,user_3,588,593,2946
3171,23,2300001,0,user_7,588,593,2946
3172,24,2300001,0,user_7,588,593,2946
3175,25,2300001,0,user_11,588,593,2946
3229,26,2300001,0,user_12,589,593,2946
3183,27,2300001,0,user_18,588,593,2946
3283,28,2300001,0,user_11,590,593,2946
3284,29,2300001,0,user_11,590,593,2946
3286,30,2300001,0,user_11,590,593,2946
3289,31,2300001,0,user_13,590,593,2946
3295,32,2300001,0,user_18,590,593,2946
3258,33,2300000,0,user_40,589,593,
3118,34,2299999,0,user_12,587,593,2946
3176,35,2299999,0,user_13,588,593,2946
3177,36,2299999,0,user_13,588,593,2946
3178,37,2299999,0,user_14,588,593,2946
3222,38,2299999,0,user_7,589,593,2946
3223,39,2299999,0,user_7,589,593,2946
3230,40,2299999,0,user_13,589,593,2946
3225,41,2299999,0,user_8,589,593,2946
3232,42,2299999,0,user_14,589,593,2946
3277,43,2299999,0,user_7,590,593,2946
3288,44,2299999,0,user_13,590,593,2946
3234,45,2299999,0,user_17,589,593,2946
3281,46,2299999,0,user_10,590,593,2946
3033,47,2100000,0,user_43,585,593,
3145,48,2100000,128000,user_40,587,593,
3006,49,2000000,5640,user_23,585,593,
3059,50,2000000,11200,user_20,586,593,
3262,51,2000000,0,user_41,589,593,
2870,52,1800000,0,user_49,583,593,
3206,53,1700000,0,user_46,588,593,
3029,54,1600000,0,user_41,585,593,
3198,55,1600000,15700,user_38,588,593,
3221,56,1500001,0,user_4,589,593,3135
3231,57,1500001,0,user_13,589,593,3135
3282,58,1500001,0,user_11,590,593,3135
3285,59,1500001,0,user_11,590,593,3135
3028,60,1500000,0,user_40,585,593,
3387,61,1499999,0,user_0,592,593,3135
3358,62,1400000,0,user_37,591,593,
3001,63,1000001,0,user_17,585,593,2734
3032,64,1000000,0,user_43,585,593,
3371,65,1000000,0,user_47,591,593,
3424,66,1000000,0,user_30,592,593,
3200,67,970000,0,user_40,588,593,
3150,68,910000,0,user_46,587,593,
3073,69,910000,67500,user_38,586,593,
3083,70,910000,0,user_49,586,593,
3201,71,660000,0,user_41,588,593,
3131,72,630000,0,user_29,587,593,
3084,73,530000,0,user_49,586,593,
3022,74,470000,0,user_38,585,593,
3335,75,419999,0,user_9,591,593,3068
3340,76,419999,0,user_15,591,593,3068
3207,77,370000,23500,user_46,588,593,
2858,78,350000,84800,user_38,583,593,
3129,79,320000,0,user_28,587,593,
2932,80,310000,7840,user_23,584,593,
3255,81,310000,0,user_40,589,593,
2953,82,300000,0,user_40,584,593,
3037,83,260000,0,user_49,585,593,
3315,84,260000,0,user_40,590,593,
3123,85,240000,84800,user_20,587,593,
3114,86,220001,0,user_8,587,593,2697
3116,87,220001,0,user_10,587,593,2697
3057,88,220001,0,user_18,586,593,2697
3120,89,220001,0,user_18,587,593,2697
3078,90,220000,0,user_43,586,593,
3306,91,220000,0,user_32,590,593,
3357,92,220000,0,user_37,591,593,
3415,93,190000,0,user_25,592,593,
2942,94,160000,0,user_28,584,593,
3031,95,160000,0,user_43,585,593,
3034,96,160000,0,user_43,585,593,
3263,97,160000,15700,user_41,589,593,
3266,98,160000,0,user_43,589,593,
2963,99,150000,0,user_49,584,593,
3085,0,150000,0,user_49,586,594,
3086,1,130000,0,user_49,586,594,
3146,2,120000,0,user_41,587,594,
3153,3,100000,0,user_49,587,594,
3087,4,83000,13900,user_49,586,594,
3056,5,80001,0,user_18,586,594,2931
3143,6,70000,15700,user_38,587,594,
3494,3,6300000,0,user_23,593,599,
3401,17,5000001,0,user_14,592,597,2694
3402,18,5000001,0,user_14,592,597,2694
3547,19,5000001,0,user_2,594,597,2694
3613,18,5000001,0,user_10,595,599,2694
3396,25,4999999,0,user_8,592,597,2694
3399,26,4999999,0,user_12,592,597,2694
3477,27,4999999,0,user_4,593,597,2694
3552,31,4999999,0,user_7,594,599,2694
3148,31,4500000,0,user_44,587,597,
3563,58,2100000,0,user_20,594,599,
3475,52,1500001,0,user_3,593,597,3135
3486,53,1500001,0,user_13,593,597,3135
3611,65,1500001,0,user_7,595,599,3135
3567,76,1300000,0,user_23,594,599,
3561,81,1100000,0,user_20,594,599,
3517,84,1000000,0,user_41,593,599,
3590,85,1000000,0,user_43,594,599,
3571,94,910000,0,user_28,594,599,
3564,98,670000,36800,user_20,594,599,
3152,71,650000,8520,user_48,587,597,
3128,76,530000,0,user_26,587,597,
3432,22,460000,100000,user_38,592,595,
3500,23,260000,0,user_28,593,595,
3082,92,240000,0,user_48,586,597,
3412,93,240000,0,user_22,592,597,
3119,97,219999,0,user_16,587,597,2697
3121,98,219999,0,user_19,587,597,2697
3067,28,170000,0,user_34,586,595,
3562,29,170000,0,user_20,594,595,
3588,30,170000,12300,user_41,594,595,
3373,31,150000,0,user_49,591,595,
3560,32,150000,0,user_20,594,595,
3359,33,110000,0,user_38,591,595,
3482,34,87001,0,user_11,593,595,3011
3551,35,87001,0,user_7,594,595,3011
3495,36,83000,0,user_23,593,595,
3122,37,79999,0,user_19,587,595,2931
3490,38,77001,0,user_17,593,595,3243
3476,39,77001,0,user_3,593,595,3243
3585,1,19000000,369000,user_38,594,599,
3623,24,5000001,0,user_17,595,599,2694
3668,47,4999999,0,user_10,596,599,2694
3513,49,4500000,0,user_38,593,599,
3514,60,1900000,0,user_38,593,599,
3584,67,1500000,0,user_38,594,599,
3622,72,1499999,0,user_17,595,599,3135
3665,70,1499999,0,user_7,596,599,3135
3581,86,1000000,0,user_38,594,599,
3652,9,370000,769000,user_43,595,596,
3582,10,220000,0,user_38,594,596,
3649,11,120000,0,user_41,595,596,
3583,12,110000,0,user_38,594,596,
3512,13,85000,108000,user_38,593,596,
3529,14,77000,0,user_49,593,596,
3508,0,43000000,0,user_35,593,597,
3299,1,27000000,0,user_23,590,597,
3687,2,27000000,0,user_21,596,597,
3565,3,6300000,231000,user_21,594,597,
3578,4,6300000,12800,user_33,594,597,
3496,5,6100000,7190000,user_25,593,597,
3691,6,6100000,0,user_25,596,597,
3390,7,5000001,0,user_3,592,597,2694
3391,8,5000001,0,user_3,592,597,2694
3278,9,5000001,0,user_8,590,597,2694
3287,10,5000001,0,user_12,590,597,2694
3334,11,5000001,0,user_8,591,597,2694
3336,12,5000001,0,user_10,591,597,2694
3337,13,5000001,0,user_10,591,597,2694
3344,14,5000001,0,user_18,591,597,2694
3400,15,5000001,0,user_13,592,597,2694
3546,16,5000001,0,user_0,594,597,2694
3401,17,5000001,0,user_14,592,597,2694
3402,18,5000001,0,user_14,592,597,2694
3547,19,5000001,0,user_2,594,597,2694
3558,20,5000001,0,user_15,594,597,2694
3617,21,5000001,0,user_15,595,597,2694
3308,22,5000000,0,user_34,590,597,
3393,23,4999999,0,user_5,592,597,2694
3474,24,4999999,0,user_2,593,597,2694
3396,25,4999999,0,user_8,592,597,2694
3399,26,4999999,0,user_12,592,597,2694
3477,27,4999999,0,user_4,593,597,2694
3612,28,4999999,0,user_9,595,597,2694
3659,29,4999999,0,user_0,596,597,2694
3683,30,4999999,0,user_15,596,597,2694
3148,31,4500000,0,user_44,587,597,
3572,32,4500000,0,user_30,594,597,
3429,33,3600000,0,user_35,592,597,
3577,34,3600000,0,user_33,594,597,
3635,35,3600000,350000,user_31,595,597,
3188,36,3500000,0,user_26,588,597,
3704,37,3500000,0,user_35,596,597,
3506,38,3200000,0,user_33,593,597,
3575,39,2600000,0,user_32,594,597,
3700,40,2600000,64600,user_33,596,597,
3293,41,2300001,0,user_17,590,597,2946
3351,42,2300000,181000,user_29,591,597,
3568,43,2300000,0,user_24,594,597,
3345,44,2299999,0,user_19,591,597,2946
3294,45,2299999,0,user_17,590,597,2946
3636,46,2100000,0,user_31,595,597,
3302,47,2000000,0,user_28,590,597,
3643,48,2000000,0,user_35,595,597,
3194,49,1900000,0,user_34,588,597,
3322,50,1600000,0,user_44,590,597,
3395,51,1500001,0,user_7,592,597,3135
3475,52,1500001,0,user_3,593,597,3135
3486,53,1500001,0,user_13,593,597,3135
3602,54,1500001,0,user_0,595,597,3135
3722,55,1500001,0,user_1,597,597,3135
3628,56,1500000,0,user_24,595,597,
3392,57,1499999,0,user_4,592,597,3135
3717,58,1499999,0,user_0,597,597,3135
3719,59,1499999,0,user_1,597,597,3135
3370,60,1400000,0,user_46,591,597,
3272,61,1400000,18600,user_48,589,597,
3497,62,1400000,0,user_25,593,597,
3629,63,1400000,0,user_25,595,597,
3639,64,1200000,0,user_31,595,597,
3309,65,1100000,0,user_34,590,597,
3323,66,1000000,0,user_44,590,597,
3574,67,1000000,0,user_31,594,597,
3644,68,1000000,33100,user_37,595,597,
3431,69,970000,0,user_37,592,597,
3573,70,660000,0,user_30,594,597,
3152,71,650000,8520,user_48,587,597,
3354,72,630000,0,user_32,591,597,
3209,73,600000,0,user_48,588,597,
3688,74,600000,0,user_21,596,597,
3703,75,600000,0,user_35,596,597,
3128,76,530000,0,user_26,587,597,
3348,77,530000,285000,user_26,591,597,
3406,78,420001,0,user_15,592,597,3068
3488,79,420001,0,user_15,593,597,3068
3566,80,420000,0,user_21,594,597,
3594,81,420000,0,user_47,594,597,
3701,82,420000,36800,user_33,596,597,
3397,83,419999,0,user_9,592,597,3068
3403,84,419999,0,user_15,592,597,3068
3404,85,419999,0,user_15,592,597,3068
3246,86,360000,0,user_34,589,597,
3503,87,360000,12300,user_30,593,597,
3630,88,340000,0,user_25,595,597,
3640,89,340000,0,user_33,595,597,
3316,90,310000,0,user_41,590,597,
3240,91,260000,0,user_26,589,597,
3082,92,240000,0,user_48,586,597,
3412,93,240000,0,user_22,592,597,
3235,94,220001,0,user_19,589,597,2697
3341,95,220001,0,user_16,591,597,2697
3325,96,220000,0,user_46,590,597,
3119,97,219999,0,user_16,587,597,2697
3121,98,219999,0,user_19,587,597,2697
3233,99,219999,0,user_16,589,597,2697
3292,0,219999,0,user_16,590,598,2697
3296,1,219999,0,user_19,590,598,2697
3298,2,160000,0,user_22,590,598,
3273,3,160000,0,user_49,589,598,
3253,4,100000,0,user_38,589,598,
3339,5,86999,0,user_12,591,598,3011
3241,6,85000,0,user_26,589,598,
3347,7,83000,0,user_26,591,598,
3279,8,77001,0,user_8,590,598,3243
3290,9,76999,0,user_14,590,598,3243
3352,10,70000,0,user_29,591,598,
3416,0,43000000,0,user_26,592,599,
3585,1,19000000,369000,user_38,594,599,
3815,2,19000000,0,user_31,598,599,
3494,3,6300000,0,user_23,593,599,
3769,4,6100001,0,user_2,598,599,3496
3436,5,6100000,0,user_44,592,599,
3484,6,5000001,0,user_12,593,599,2694
3343,7,5000001,0,user_17,591,599,2694
3481,8,5000001,0,user_10,593,599,2694
3554,9,5000001,0,user_11,594,599,2694
3616,10,5000001,0,user_13,595,599,2694
3614,11,5000001,0,user_12,595,599,2694
3660,12,5000001,0,user_4,596,599,2694
3662,13,5000001,0,user_4,596,599,2694
3618,14,5000001,0,user_16,595,599,2694
3619,15,5000001,0,user_16,595,599,2694
3621,16,5000001,0,user_16,595,599,2694
3663,17,5000001,0,user_5,596,599,2694
3613,18,5000001,0,user_10,595,599,2694
3671,19,5000001,0,user_11,596,599,2694
3677,20,5000001,0,user_13,596,599,2694
3723,21,5000001,0,user_3,597,599,2694
3724,22,5000001,0,user_5,597,599,2694
3725,23,5000001,0,user_5,597,599,2694
3623,24,5000001,0,user_17,595,599,2694
3743,25,5000000,0,user_21,597,599,
3548,26,4999999,0,user_3,594,599,2694
3479,27,4999999,0,user_8,593,599,2694
3485,28,4999999,0,user_12,593,599,2694
3549,29,4999999,0,user_4,594,599,2694
3480,30,4999999,0,user_10,593,599,2694
3552,31,4999999,0,user_7,594,599,2694
3491,32,4999999,0,user_18,593,599,2694
3555,33,4999999,0,user_13,594,599,2694
3556,34,4999999,0,user_13,594,599,2694
3553,35,4999999,0,user_8,594,599,2694
3606,36,4999999,0,user_5,595,599,2694
3607,37,4999999,0,user_6,595,599,2694
3615,38,4999999,0,user_12,595,599,2694
3661,39,4999999,0,user_4,596,599,2694
3620,40,4999999,0,user_16,595,599,2694
3625,41,4999999,0,user_19,595,599,2694
3664,42,4999999,0,user_6,596,599,2694
3669,43,4999999,0,user_11,596,599,2694
3670,44,4999999,0,user_11,596,599,2694
3673,45,4999999,0,user_13,596,599,2694
3676,46,4999999,0,user_13,596,599,2694
3668,47,4999999,0,user_10,596,599,2694
3726,48,4999999,0,user_7,597,599,2694
3513,49,4500000,0,user_38,593,599,
3437,50,4200000,0,user_44,592,599,
3356,51,3600000,0,user_34,591,599,
3758,52,3500000,5630,user_37,597,599,
3501,53,3500000,0,user_29,593,599,
3367,54,2600000,0,user_43,591,599,
3365,55,2500000,0,user_43,591,599,
3817,56,2500000,0,user_31,598,599,
3634,57,2300000,13900,user_29,595,599,
3563,58,2100000,0,user_20,594,599,
3372,59,2000000,0,user_48,591,599,
3514,60,1900000,0,user_38,593,599,
3595,61,1800000,24700,user_48,594,599,
3493,62,1600000,35100,user_22,593,599,
3362,63,1600000,0,user_41,591,599,
3735,64,1500001,0,user_15,597,599,3135
3611,65,1500001,0,user_7,595,599,3135
3672,66,1500001,0,user_11,596,599,3135
3584,67,1500000,0,user_38,594,599,
3550,68,1499999,0,user_5,594,599,3135
3559,69,1499999,0,user_19,594,599,3135
3665,70,1499999,0,user_7,596,599,3135
3684,71,1499999,0,user_16,596,599,3135
3622,72,1499999,0,user_17,595,599,3135
3355,73,1400000,0,user_34,591,599,
3502,74,1300000,121000,user_29,593,599,
3525,75,1300000,0,user_44,593,599,
3567,76,1300000,0,user_23,594,599,
3410,77,1200000,0,user_20,592,599,
3754,78,1100000,0,user_31,597,599,
3435,79,1100000,0,user_41,592,599,
3648,80,1100000,0,user_40,595,599,
3561,81,1100000,0,user_20,594,599,
3327,82,1000000,0,user_49,590,599,
3413,83,1000000,215000,user_23,592,599,
3517,84,1000000,0,user_41,593,599,
3590,85,1000000,0,user_43,594,599,
3581,86,1000000,0,user_38,594,599,
3802,87,1000000,0,user_25,598,599,
3814,88,1000000,33300,user_30,598,599,
3821,89,1000000,0,user_35,598,599,
3746,90,970000,0,user_24,597,599,
3408,91,970000,0,user_20,592,599,
3692,92,970000,0,user_26,596,599,
3818,93,970000,3130,user_31,598,599,
3571,94,910000,0,user_28,594,599,
3753,95,870000,0,user_30,597,599,
3747,96,870000,0,user_24,597,599,
3587,97,670000,0,user_40,594,599,
3564,98,670000,36800,user_20,594,599,
3627,99,600000,0,user_22,595,599,
2651,0,5000000,0,user_0,600,600,
2652,1,970000,0,user_1,600,600,
2650,2,650000,0,user_0,600,600,
2706,0,43000001,0,user_0,601,601,2691
2691,1,43000000,16400,user_37,600,601,
2707,2,42999999,0,user_1,601,601,2691
2685,3,30000000,0,user_31,600,601,
2662,4,1100000,0,user_9,600,601,
2653,5,870000,0,user_2,600,601,
2677,6,310000,0,user_21,600,601,
2678,7,310000,0,user_21,600,601,
2690,8,170000,0,user_37,600,601,
2680,9,160000,0,user_24,600,601,
2703,10,120000,0,user_47,600,601,
2654,11,110000,0,user_2,600,601,
2708,0,43000001,0,user_2,601,603,2691
2722,1,43000001,0,user_15,601,603,2691
2788,2,43000000,0,user_25,602,603,
2764,3,42999999,0,user_0,602,603,2691
2776,4,42999999,0,user_15,602,603,2691
2781,5,5000000,0,user_21,602,603,
2785,6,5000000,0,user_24,602,603,
2741,7,4500000,0,user_31,601,603,
2756,8,4500000,0,user_47,601,603,
2820,9,2000001,0,user_0,603,603,2786
2667,10,2000000,11200,user_13,600,603,
2786,11,2000000,30200,user_24,602,603,
2656,12,1900000,5180,user_5,600,603,
2765,13,1600001,0,user_0,602,603,2745
2821,14,1600001,0,user_1,603,603,2745
2687,15,1600000,0,user_32,600,603,
2745,16,1600000,35600,user_35,601,603,
2774,17,1599999,0,user_9,602,603,2745
2747,18,1500000,0,user_37,601,603,
2793,19,1500000,0,user_30,602,603,
2812,20,1400000,0,user_47,602,603,
2811,21,1300000,15700,user_47,602,603,
2743,22,1100000,0,user_33,601,603,
2658,23,970000,0,user_6,600,603,
2664,24,910000,0,user_11,600,603,
2657,25,530000,0,user_6,600,603,
2660,26,460000,0,user_7,600,603,
2783,27,460000,15100,user_21,602,603,
2794,28,460000,0,user_31,602,603,
2686,29,260000,0,user_32,600,603,
2688,30,260000,0,user_32,600,603,
2795,31,260000,0,user_31,602,603,
2800,32,260000,0,user_35,602,603,
2655,33,220000,0,user_3,600,603,
2740,34,220000,71800,user_30,601,603,
2787,35,220000,0,user_24,602,603,
2799,36,170000,0,user_35,602,603,
2744,37,160000,30200,user_33,601,603,
2659,38,120000,0,user_6,600,603,
2731,39,120000,0,user_21,601,603,
2742,40,120000,0,user_32,601,603,
2666,41,110000,0,user_13,600,603,
2801,42,98000,0,user_37,602,603,
2782,43,87000,100000,user_21,602,603,
2730,44,85000,0,user_21,601,603,
2733,45,85000,0,user_25,601,603,
2784,46,80000,0,user_24,602,603,
2711,0,43000001,0,user_5,601,604,2691
2719,1,43000001,0,user_11,601,604,2691
2712,2,42999999,0,user_5,601,604,2691
2715,3,42999999,0,user_10,601,604,2691
2668,4,30000000,0,user_14,600,604,
2675,5,6300000,0,user_18,600,604,
2853,6,6100000,0,user_30,603,604,
2694,7,5000000,959000,user_40,600,604,
2673,8,5000000,0,user_17,600,604,
2867,9,5000000,0,user_47,603,604,
2771,10,4999999,0,user_6,602,604,2694
2704,11,4200000,0,user_48,600,604,
2796,12,2100000,0,user_32,602,604,
2727,13,2000001,0,user_19,601,604,2667
2770,14,2000001,0,user_6,602,604,2667
2709,15,1999999,0,user_5,601,604,2667
2710,16,1999999,0,user_5,601,604,2667
2766,17,1999999,0,user_3,602,604,2667
2723,18,1999999,0,user_16,601,604,2667
2716,19,1999999,0,user_10,601,604,2667
2717,20,1999999,0,user_10,601,604,2667
2713,21,1900001,0,user_7,601,604,2656
2718,22,1900001,0,user_11,601,604,2656
2720,23,1900001,0,user_13,601,604,2656
2679,24,1900000,0,user_22,600,604,
2669,25,1899999,0,user_16,600,604,2656
2735,26,1700000,100000,user_26,601,604,
2698,27,1500000,0,user_44,600,604,
2671,28,1500000,0,user_17,600,604,
2695,29,1500000,0,user_41,600,604,
2845,30,1500000,0,user_24,603,604,
2856,31,1300000,0,user_35,603,604,
2832,32,1299999,0,user_15,603,604,2811
2702,33,1200000,0,user_46,600,604,
2848,34,1200000,0,user_25,603,604,
2822,35,1000001,0,user_2,603,604,2734
2734,36,1000000,121000,user_26,601,604,
2714,37,660000,0,user_8,601,604,
2676,38,600000,6390,user_20,600,604,
2772,39,599999,0,user_7,602,604,2676
2674,40,460000,0,user_17,600,604,
2857,41,460000,0,user_35,603,604,
2749,42,420000,0,user_40,601,604,
2683,43,420000,0,user_28,600,604,
2696,44,420000,0,user_43,600,604,
2842,45,420000,0,user_21,603,604,
2684,46,370000,0,user_29,600,604,
2721,47,350000,0,user_14,601,604,
2663,48,340000,0,user_10,600,604,
2855,49,310000,0,user_35,603,604,
2670,50,260000,0,user_17,600,604,
2769,51,220001,0,user_5,602,604,2697
2697,52,220000,410000,user_44,600,604,
2854,53,220000,0,user_31,603,604,
2726,54,219999,0,user_19,601,604,2697
2701,55,170000,0,user_46,600,604,
2689,56,160000,0,user_34,600,604,
2852,57,160000,0,user_30,603,604,
2665,58,110000,0,user_12,600,604,
2846,59,98000,0,user_24,603,604,
2847,60,87000,0,user_25,603,604,
2899,61,84001,0,user_0,604,604,2797
2900,62,84001,0,user_1,604,604,2797
2797,63,84000,108000,user_32,602,604,
2767,64,83001,0,user_4,602,604,2661
2681,65,83000,0,user_26,600,604,
2661,66,83000,68100,user_8,600,604,
2768,67,82999,0,user_4,602,604,2661
2739,68,77000,17000,user_29,601,604,
2672,69,73000,0,user_17,600,604,
2827,0,42999999,0,user_10,603,606,2691
2798,1,30000000,0,user_34,602,606,
2728,2,27000000,0,user_20,601,606,
2732,5,19000000,0,user_23,601,606,
2789,7,5200000,0,user_26,602,606,
2979,8,5000001,0,user_2,605,606,2694
2902,11,4999999,0,user_3,604,606,2694
2844,13,3500000,0,user_22,603,606,
2851,18,2300000,0,user_29,603,606,
2828,22,2000001,0,user_10,603,606,2667
2805,25,1900000,0,user_41,602,606,
2724,27,1899999,0,user_17,601,606,2656
2903,30,1700001,0,user_3,604,606,2735
2904,31,1700001,0,user_4,604,606,2735
2907,32,1700001,0,user_4,604,606,2735
2908,33,1700001,0,user_4,604,606,2735
2840,34,1700001,0,user_19,603,606,2735
2912,35,1700001,0,user_5,604,606,2735
2837,36,1700001,0,user_18,603,606,2735
2918,37,1700001,0,user_11,604,606,2735
2920,38,1700001,0,user_13,604,606,2735
2905,39,1699999,0,user_4,604,606,2735
2911,40,1699999,0,user_5,604,606,2735
2913,41,1699999,0,user_5,604,606,2735
2914,42,1699999,0,user_6,604,606,2735
2915,43,1699999,0,user_7,604,606,2735
2835,44,1699999,0,user_18,603,606,2735
2754,45,1500000,0,user_43,601,606,
2826,51,1000001,0,user_8,603,606,2734
2831,52,1000001,0,user_12,603,606,2734
2777,53,1000001,0,user_16,602,606,2734
2778,54,1000001,0,user_16,602,606,2734
2779,56,999999,0,user_19,602,606,2734
2839,57,999999,0,user_19,603,606,2734
2910,58,999999,0,user_5,604,606,2734
2836,59,999999,0,user_18,603,606,2734
2859,60,870000,0,user_40,603,606,
2751,62,650000,0,user_41,601,606,
2692,63,630000,0,user_38,600,606,
2860,64,460000,0,user_40,603,606,
2729,65,420000,0,user_20,601,606,
2780,66,420000,0,user_20,602,606,
2807,67,350000,0,user_43,602,606,
3038,43,310001,0,builder_2,605,605,2757
2757,68,310000,35600,user_48,601,606,
2866,72,260000,0,user_46,603,606,
2843,73,240000,0,user_22,603,606,
2909,74,220001,0,user_5,604,606,2697
2738,76,220000,0,user_28,601,606,
2750,77,220000,0,user_41,601,606,
2809,79,170000,0,user_44,602,606,
2791,80,150000,0,user_28,602,606,
2755,81,120000,0,user_44,601,606,
2849,82,110000,0,user_26,603,606,
2752,83,110000,0,user_41,601,606,
2737,84,100000,0,user_28,601,606,
2838,86,87001,0,user_18,603,606,2782
2906,91,84001,0,user_4,604,606,2797
2753,97,77000,0,user_41,601,606,
2808,98,77000,0,user_43,602,606,
2850,60,70000,0,user_29,603,605,
2827,0,42999999,0,user_10,603,606,2691
2798,1,30000000,0,user_34,602,606,
2728,2,27000000,0,user_20,601,606,
3035,3,27000000,0,user_47,605,606,
2934,4,19000000,0,user_25,604,606,
2732,5,19000000,0,user_23,601,606,
2947,6,5200000,0,user_33,604,606,
2789,7,5200000,0,user_26,602,606,
2979,8,5000001,0,user_2,605,606,2694
2994,9,5000001,0,user_15,605,606,2694
2829,10,4999999,0,user_11,603,606,2694
2902,11,4999999,0,user_3,604,606,2694
2993,12,4999999,0,user_15,605,606,2694
2844,13,3500000,0,user_22,603,606,
3021,14,3500000,0,user_37,605,606,
2792,15,3200000,0,user_29,602,606,
2804,16,2600000,32900,user_40,602,606,
2995,17,2300001,0,user_15,605,606,2946
2851,18,2300000,0,user_29,603,606,
2946,19,2300000,510000,user_32,604,606,
2991,20,2299999,0,user_15,605,606,2946
2992,21,2299999,0,user_15,605,606,2946
2828,22,2000001,0,user_10,603,606,2667
3018,23,2000000,0,user_33,605,606,
3019,24,2000000,24700,user_35,605,606,
2805,25,1900000,0,user_41,602,606,
2725,26,1899999,0,user_18,601,606,2656
2724,27,1899999,0,user_17,601,606,2656
2825,28,1700001,0,user_6,603,606,2735
2830,29,1700001,0,user_11,603,606,2735
2903,30,1700001,0,user_3,604,606,2735
2904,31,1700001,0,user_4,604,606,2735
2907,32,1700001,0,user_4,604,606,2735
2908,33,1700001,0,user_4,604,606,2735
2840,34,1700001,0,user_19,603,606,2735
2912,35,1700001,0,user_5,604,606,2735
2837,36,1700001,0,user_18,603,606,2735
2918,37,1700001,0,user_11,604,606,2735
2920,38,1700001,0,user_13,604,606,2735
2905,39,1699999,0,user_4,604,606,2735
2911,40,1699999,0,user_5,604,606,2735
2913,41,1699999,0,user_5,604,606,2735
2914,42,1699999,0,user_6,604,606,2735
2915,43,1699999,0,user_7,604,606,2735
2835,44,1699999,0,user_18,603,606,2735
2754,45,1500000,0,user_43,601,606,
2945,46,1500000,0,user_32,604,606,
3007,47,1400000,35100,user_24,605,606,
2950,48,1200000,49100,user_35,604,606,
2823,49,1000001,0,user_3,603,606,2734
2824,50,1000001,0,user_4,603,606,2734
2826,51,1000001,0,user_8,603,606,2734
2831,52,1000001,0,user_12,603,606,2734
2777,53,1000001,0,user_16,602,606,2734
2778,54,1000001,0,user_16,602,606,2734
3009,55,1000000,0,user_24,605,606,
2779,56,999999,0,user_19,602,606,2734
2839,57,999999,0,user_19,603,606,2734
2910,58,999999,0,user_5,604,606,2734
2836,59,999999,0,user_18,603,606,2734
2859,60,870000,0,user_40,603,606,
3008,61,660000,0,user_24,605,606,
2751,62,650000,0,user_41,601,606,
2692,63,630000,0,user_38,600,606,
2860,64,460000,0,user_40,603,606,
2729,65,420000,0,user_20,601,606,
2780,66,420000,0,user_20,602,606,
2807,67,350000,0,user_43,602,606,
2757,68,310000,35600,user_48,601,606,
3017,69,310000,0,user_31,605,606,
3016,70,300000,0,user_31,605,606,
2959,71,260000,0,user_47,604,606,
2866,72,260000,0,user_46,603,606,
2843,73,240000,0,user_22,603,606,
2909,74,220001,0,user_5,604,606,2697
3040,75,220001,0,user_1,606,606,2697
2738,76,220000,0,user_28,601,606,
2750,77,220000,0,user_41,601,606,
3010,78,220000,10700,user_25,605,606,
2809,79,170000,0,user_44,602,606,
2791,80,150000,0,user_28,602,606,
2755,81,120000,0,user_44,601,606,
2849,82,110000,0,user_26,603,606,
2752,83,110000,0,user_41,601,606,
2737,84,100000,0,user_28,601,606,
2922,85,87001,0,user_15,604,606,2782
2838,86,87001,0,user_18,603,606,2782
3011,87,87000,1100000,user_25,605,606,
2978,88,86999,0,user_0,605,606,2782
2949,89,85000,0,user_35,604,606,
2923,90,84001,0,user_15,604,606,2797
2906,91,84001,0,user_4,604,606,2797
2901,92,83999,0,user_2,604,606,2797
2916,93,83999,0,user_9,604,606,2797
3039,94,83999,0,user_0,606,606,2797
2775,95,82999,0,user_12,602,606,2661
2931,96,80000,1100000,user_21,604,606,
2753,97,77000,0,user_41,601,606,
2808,98,77000,0,user_43,602,606,
3005,99,77000,0,user_21,605,606,
3041,0,5000001,0,user_2,606,607,2694
3062,1,5000000,0,user_25,606,607,
3066,2,2300000,0,user_33,606,607,
2833,3,1899999,0,user_17,603,607,2656
2834,4,1899999,0,user_17,603,607,2656
2928,5,1700001,0,user_16,604,607,2735
2983,6,1700001,0,user_7,605,607,2735
2929,7,1700001,0,user_18,604,607,2735
2984,8,1700001,0,user_11,605,607,2735
2921,9,1699999,0,user_14,604,607,2735
2980,10,1699999,0,user_4,605,607,2735
2924,11,1699999,0,user_16,604,607,2735
2926,12,1699999,0,user_16,604,607,2735
2927,13,1699999,0,user_16,604,607,2735
2982,14,1699999,0,user_5,605,607,2735
2917,15,1699999,0,user_10,604,607,2735
2985,16,1699999,0,user_11,605,607,2735
2986,17,1699999,0,user_11,605,607,2735
2989,18,1699999,0,user_13,605,607,2735
2935,19,910000,0,user_26,604,607,
2861,20,870000,30200,user_41,603,607,
2813,21,460000,0,user_49,602,607,
2863,22,260000,0,user_43,603,607,
2981,23,220001,0,user_4,605,607,2697
2919,24,219999,0,user_12,604,607,2697
3065,25,190000,0,user_31,606,607,
2943,26,170000,6390,user_29,604,607,
2802,27,170000,0,user_38,602,607,
2841,28,150000,10700,user_20,603,607,
2944,29,120000,0,user_29,604,607,
2758,30,100000,0,user_49,601,607,
2958,31,98000,0,user_46,604,607,
2925,32,84001,0,user_16,604,607,2797
3107,33,79999,0,user_1,607,607,2931
3127,0,27000000,0,user_25,607,608,
3138,1,6100000,0,user_33,607,608,
3167,2,4999999,0,user_1,608,608,2694
2988,3,1700001,0,user_12,605,608,2735
3002,4,1700001,0,user_18,605,608,2735
2987,5,1699999,0,user_12,605,608,2735
2990,6,1699999,0,user_14,605,608,2735
3135,7,1500000,17700000,user_31,607,608,
3137,8,1100000,0,user_33,607,608,
3003,9,999999,0,user_18,605,608,2734
3134,10,650000,0,user_31,607,608,
3124,11,630000,0,user_21,607,608,
3015,12,240000,0,user_29,605,608,
3042,13,219999,0,user_3,606,608,2697
3108,14,219999,0,user_2,607,608,2697
3133,15,150000,0,user_30,607,608,
3132,16,98000,0,user_30,607,608,
3051,17,80001,0,user_11,606,608,2931
3043,18,79999,0,user_4,606,608,2931
3044,19,79999,0,user_7,606,608,2931
3071,0,27000000,322000,user_37,606,609,
3063,1,6100000,24700,user_26,606,609,
3195,2,5000000,0,user_35,608,609,
3081,3,3600000,594000,user_47,606,609,
3125,4,3600000,0,user_24,607,609,
2868,5,3500000,0,user_48,603,609,
2961,6,2600000,0,user_48,604,609,
3142,7,2500000,0,user_37,607,609,
3048,8,2300001,0,user_9,606,609,2946
3181,9,2300001,0,user_15,608,609,2946
3168,10,2299999,0,user_2,608,609,2946
3180,11,2299999,0,user_15,608,609,2946
3186,12,2100000,0,user_24,608,609,
3126,13,1800000,0,user_24,607,609,
2996,14,1699999,0,user_16,605,609,2735
2998,15,1699999,0,user_16,605,609,2735
2999,16,1699999,0,user_16,605,609,2735
3000,17,1699999,0,user_16,605,609,2735
3004,18,1699999,0,user_19,605,609,2735
3058,19,1699999,0,user_19,606,609,2735
2957,20,1500000,15700,user_44,604,609,
3060,21,1500000,0,user_24,606,609,
3151,22,1500000,0,user_47,607,609,
3072,23,1400000,0,user_37,606,609,
2948,24,1200000,0,user_34,604,609,
2956,25,1000000,11200,user_44,604,609,
3013,26,1000000,0,user_26,605,609,
3054,27,999999,0,user_16,606,609,2734
3047,28,999999,0,user_9,606,609,2734
3049,29,999999,0,user_9,606,609,2734
3053,30,999999,0,user_15,606,609,2734
3115,31,999999,0,user_9,607,609,2734
2960,32,670000,0,user_48,604,609,
3036,33,660000,0,user_48,605,609,
3190,34,660000,0,user_30,608,609,
3069,35,630000,0,user_35,606,609,
3136,36,530000,296000,user_32,607,609,
3187,37,530000,0,user_24,608,609,
3191,38,460000,10700,user_31,608,609,
3068,39,420000,769000,user_35,606,609,
3220,40,419999,0,user_1,609,609,3068
3197,41,300000,0,user_37,608,609,
3111,42,220001,0,user_4,607,609,2697
3112,43,220001,0,user_5,607,609,2697
3109,44,219999,0,user_3,607,609,2697
3045,45,219999,0,user_8,606,609,2697
3110,46,219999,0,user_4,607,609,2697
3113,47,219999,0,user_7,607,609,2697
3080,48,150000,0,user_46,606,609,
2962,49,120000,0,user_48,604,609,
3012,50,120000,0,user_26,605,609,
3061,51,110000,0,user_24,606,609,
3070,52,85000,5180,user_37,606,609,
2997,53,84001,0,user_16,605,609,2797
3173,54,84001,0,user_9,608,609,2797
3050,55,83999,0,user_9,606,609,2797
3046,56,80001,0,user_8,606,609,2931
3219,57,80001,0,user_0,609,609,2931
3052,58,79999,0,user_14,606,609,2931
3064,59,73000,0,user_26,606,609,
3239,0,2300000,0,user_25,609,610,
3252,1,2100000,369000,user_37,609,610,
3271,2,1100000,31700,user_47,609,610,
3244,3,1000000,0,user_30,609,610,
3248,4,530000,0,user_35,609,610,
3274,5,420001,0,user_0,610,610,3068
3226,6,419999,0,user_9,609,610,3068
3275,7,419999,0,user_1,610,610,3068
3247,8,340000,0,user_35,609,610,
3237,9,87000,10700,user_21,609,610,
3227,10,86999,0,user_9,609,610,3011
3192,0,5200000,0,user_32,608,611,
3280,1,5000001,0,user_9,610,611,2694
3297,2,5000000,0,user_21,610,611,
3330,3,4999999,0,user_1,611,611,2694
3311,4,2500000,0,user_37,610,611,
3304,5,2400000,0,user_31,610,611,
3300,6,1600000,75000,user_24,610,611,
3193,7,1400000,0,user_32,608,611,
3310,8,1400000,0,user_35,610,611,
3326,9,1100000,0,user_47,610,611,
3305,10,630000,0,user_31,610,611,
3307,11,420000,0,user_33,610,611,
3291,12,419999,0,user_15,610,611,3068
3245,13,170000,0,user_32,609,611,
3303,14,110000,0,user_30,610,611,
3328,15,86999,0,user_0,611,611,3011
3329,16,86999,0,user_1,611,611,3011
3256,0,43000000,0,user_40,609,613,
3464,1,30000001,0,builder_2,612,612,2941
2941,1,30000000,68100,user_28,604,613,
2955,3,6100000,0,user_43,604,613,
3333,7,5000001,0,user_7,611,613,2694
3338,8,5000001,0,user_11,611,613,2694
3388,9,5000001,0,user_2,612,613,2694
3465,7,3500001,0,builder_2,612,612,2869
2869,18,3500000,16400,user_49,603,613,
3264,19,3500000,0,user_41,609,613,
3295,32,2300001,0,user_18,610,613,2946
3258,33,2300000,0,user_40,609,613,
3234,45,2299999,0,user_17,609,613,2946
3281,46,2299999,0,user_10,610,613,2946
3466,14,2100001,0,builder_2,612,612,3145
3145,48,2100000,128000,user_40,607,613,
3033,47,2100000,0,user_43,605,613,
3467,17,2000001,0,builder_2,612,612,3006
3006,49,2000000,5640,user_23,605,613,
3262,51,2000000,0,user_41,609,613,
2870,52,1800000,0,user_49,603,613,
3468,21,1600001,0,builder_2,612,612,3198
3198,55,1600000,15700,user_38,608,613,
3029,54,1600000,0,user_41,605,613,
3028,60,1500000,0,user_40,605,613,
3001,63,1000001,0,user_17,605,613,2734
3032,64,1000000,0,user_43,605,613,
3200,67,970000,0,user_40,608,613,
3022,74,470000,0,user_38,605,613,
3469,29,350001,0,builder_2,612,612,2858
2858,78,350000,84800,user_38,603,613,
3470,31,310001,0,builder_2,612,612,2932
2932,80,310000,7840,user_23,604,613,
3255,81,310000,0,user_40,609,613,
2953,82,300000,0,user_40,604,613,
3037,83,260000,0,user_49,605,613,
3315,84,260000,0,user_40,610,613,
3263,97,160000,15700,user_41,609,613,
3471,38,159999,0,builder_2,612,612,3263
3472,39,79001,0,builder_2,612,612,3261
3261,40,79000,84800,user_41,609,612,
2942,94,160000,0,user_28,604,613,
3031,95,160000,0,user_43,605,613,
3034,96,160000,0,user_43,605,613,
3266,98,160000,0,user_43,609,613,
2963,99,150000,0,user_49,604,613,
3260,46,150000,0,user_41,609,612,
2930,47,130000,0,user_20,604,612,
2952,48,130000,0,user_40,604,612,
3210,49,120000,0,user_49,608,612,
3238,50,110000,0,user_23,609,612,
3014,51,100000,0,user_28,605,612,
3332,52,87001,0,user_6,611,612,3011
3259,53,85000,0,user_40,609,612,
3314,54,82000,0,user_40,610,612,
3257,55,79000,0,user_40,609,612,
3236,56,70000,0,user_20,609,612,
3256,0,43000000,0,user_40,609,613,
2941,1,30000000,68100,user_28,604,613,
3422,2,19000000,0,user_30,612,613,
2955,3,6100000,0,user_43,604,613,
3055,4,5000001,0,user_17,606,613,2694
3224,5,5000001,0,user_7,609,613,2694
3331,6,5000001,0,user_2,611,613,2694
3333,7,5000001,0,user_7,611,613,2694
3338,8,5000001,0,user_11,611,613,2694
3388,9,5000001,0,user_2,612,613,2694
3473,10,5000001,0,user_1,613,613,2694
3170,11,4999999,0,user_4,608,613,2694
3117,12,4999999,0,user_10,607,613,2694
3076,13,4500000,0,user_41,606,613,
3428,14,4500000,0,user_31,612,613,
3189,15,4200000,0,user_29,608,613,
3202,16,4200000,0,user_43,608,613,
3184,17,3600000,0,user_23,608,613,
2869,18,3500000,16400,user_49,603,613,
3264,19,3500000,0,user_41,609,613,
3208,20,2600000,0,user_46,608,613,
3130,21,2400000,0,user_29,607,613,
3169,22,2300001,0,user_3,608,613,2946
3171,23,2300001,0,user_7,608,613,2946
3172,24,2300001,0,user_7,608,613,2946
3175,25,2300001,0,user_11,608,613,2946
3229,26,2300001,0,user_12,609,613,2946
3183,27,2300001,0,user_18,608,613,2946
3283,28,2300001,0,user_11,610,613,2946
3284,29,2300001,0,user_11,610,613,2946
3286,30,2300001,0,user_11,610,613,2946
3289,31,2300001,0,user_13,610,613,2946
3295,32,2300001,0,user_18,610,613,2946
3258,33,2300000,0,user_40,609,613,
3118,34,2299999,0,user_12,607,613,2946
3176,35,2299999,0,user_13,608,613,2946
3177,36,2299999,0,user_13,608,613,2946
3178,37,2299999,0,user_14,608,613,2946
3222,38,2299999,0,user_7,609,613,2946
3223,39,2299999,0,user_7,609,613,2946
3230,40,2299999,0,user_13,609,613,2946
3225,41,2299999,0,user_8,609,613,2946
3232,42,2299999,0,user_14,609,613,2946
3277,43,2299999,0,user_7,610,613,2946
3288,44,2299999,0,user_13,610,613,2946
3234,45,2299999,0,user_17,609,613,2946
3281,46,2299999,0,user_10,610,613,2946
3033,47,2100000,0,user_43,605,613,
3145,48,2100000,128000,user_40,607,613,
3006,49,2000000,5640,user_23,605,613,
3059,50,2000000,11200,user_20,606,613,
3262,51,2000000,0,user_41,609,613,
2870,52,1800000,0,user_49,603,613,
3206,53,1700000,0,user_46,608,613,
3029,54,1600000,0,user_41,605,613,
3198,55,1600000,15700,user_38,608,613,
3221,56,1500001,0,user_4,609,613,3135
3231,57,1500001,0,user_13,609,613,3135
3282,58,1500001,0,user_11,610,613,3135
3285,59,1500001,0,user_11,610,613,3135
3028,60,1500000,0,user_40,605,613,
3387,61,1499999,0,user_0,612,613,3135
3358,62,1400000,0,user_37,611,613,
3001,63,1000001,0,user_17,605,613,2734
3032,64,1000000,0,user_43,605,613,
3371,65,1000000,0,user_47,611,613,
3424,66,1000000,0,user_30,612,613,
3200,67,970000,0,user_40,608,613,
3150,68,910000,0,user_46,607,613,
3073,69,910000,67500,user_38,606,613,
3083,70,910000,0,user_49,606,613,
3201,71,660000,0,user_41,608,613,
3131,72,630000,0,user_29,607,613,
3084,73,530000,0,user_49,606,613,
3022,74,470000,0,user_38,605,613,
3335,75,419999,0,user_9,611,613,3068
3340,76,419999,0,user_15,611,613,3068
3207,77,370000,23500,user_46,608,613,
2858,78,350000,84800,user_38,603,613,
3129,79,320000,0,user_28,607,613,
2932,80,310000,7840,user_23,604,613,
3255,81,310000,0,user_40,609,613,
2953,82,300000,0,user_40,604,613,
3037,83,260000,0,user_49,605,613,
3315,84,260000,0,user_40,610,613,
3123,85,240000,84800,user_20,607,613,
3114,86,220001,0,user_8,607,613,2697
3116,87,220001,0,user_10,607,613,2697
3057,88,220001,0,user_18,606,613,2697
3120,89,220001,0,user_18,607,613,2697
3078,90,220000,0,user_43,606,613,
3306,91,220000,0,user_32,610,613,
3357,92,220000,0,user_37,611,613,
3415,93,190000,0,user_25,612,613,
2942,94,160000,0,user_28,604,613,
3031,95,160000,0,user_43,605,613,
3034,96,160000,0,user_43,605,613,
3263,97,160000,15700,user_41,609,613,
3266,98,160000,0,user_43,609,613,
2963,99,150000,0,user_49,604,613,
3085,0,150000,0,user_49,606,614,
3086,1,130000,0,user_49,606,614,
3146,2,120000,0,user_41,607,614,
3153,3,100000,0,user_49,607,614,
3087,4,83000,13900,user_49,606,614,
3056,5,80001,0,user_18,606,614,2931
3143,6,70000,15700,user_38,607,614,
3494,3,6300000,0,user_23,613,619,
3401,17,5000001,0,user_14,612,617,2694
3402,18,5000001,0,user_14,612,617,2694
3547,19,5000001,0,user_2,614,617,2694
3613,18,5000001,0,user_10,615,619,2694
3396,25,4999999,0,user_8,612,617,2694
3399,26,4999999,0,user_12,612,617,2694
3477,27,4999999,0,user_4,613,617,2694
3552,31,4999999,0,user_7,614,619,2694
3148,31,4500000,0,user_44,607,617,
3563,58,2100000,0,user_20,614,619,
3475,52,1500001,0,user_3,613,617,3135
3486,53,1500001,0,user_13,613,617,3135
3611,65,1500001,0,user_7,615,619,3135
3567,76,1300000,0,user_23,614,619,
3561,81,1100000,0,user_20,614,619,
3517,84,1000000,0,user_41,613,619,
3590,85,1000000,0,user_43,614,619,
3571,94,910000,0,user_28,614,619,
3564,98,670000,36800,user_20,614,619,
3152,71,650000,8520,user_48,607,617,
3128,76,530000,0,user_26,607,617,
3432,22,460000,100000,user_38,612,615,
3500,23,260000,0,user_28,613,615,
3082,92,240000,0,user_48,606,617,
3412,93,240000,0,user_22,612,617,
3119,97,219999,0,user_16,607,617,2697
3121,98,219999,0,user_19,607,617,2697
3067,28,170000,0,user_34,606,615,
3562,29,170000,0,user_20,614,615,
3588,30,170000,12300,user_41,614,615,
3373,31,150000,0,user_49,611,615,
3560,32,150000,0,user_20,614,615,
3359,33,110000,0,user_38,611,615,
3482,34,87001,0,user_11,613,615,3011
3551,35,87001,0,user_7,614,615,3011
3495,36,83000,0,user_23,613,615,
3122,37,79999,0,user_19,607,615,2931
3490,38,77001,0,user_17,613,615,3243
3476,39,77001,0,user_3,613,615,3243
3585,1,19000000,369000,user_38,614,619,
3623,24,5000001,0,user_17,615,619,2694
3668,47,4999999,0,user_10,616,619,2694
3513,49,4500000,0,user_38,613,619,
3514,60,1900000,0,user_38,613,619,
3584,67,1500000,0,user_38,614,619,
3622,72,1499999,0,user_17,615,619,3135
3665,70,1499999,0,user_7,616,619,3135
3581,86,1000000,0,user_38,614,619,
3652,9,370000,769000,user_43,615,616,
3582,10,220000,0,user_38,614,616,
3649,11,120000,0,user_41,615,616,
3583,12,110000,0,user_38,614,616,
3512,13,85000,108000,user_38,613,616,
3529,14,77000,0,user_49,613,616,
3508,0,43000000,0,user_35,613,617,
3299,1,27000000,0,user_23,610,617,
3687,2,27000000,0,user_21,616,617,
3565,3,6300000,231000,user_21,614,617,
3578,4,6300000,12800,user_33,614,617,
3496,5,6100000,7190000,user_25,613,617,
3691,6,6100000,0,user_25,616,617,
3390,7,5000001,0,user_3,612,617,2694
3391,8,5000001,0,user_3,612,617,2694
3278,9,5000001,0,user_8,610,617,2694
3287,10,5000001,0,user_12,610,617,2694
3334,11,5000001,0,user_8,611,617,2694
3336,12,5000001,0,user_10,611,617,2694
3337,13,5000001,0,user_10,611,617,2694
3344,14,5000001,0,user_18,611,617,2694
3400,15,5000001,0,user_13,612,617,2694
3546,16,5000001,0,user_0,614,617,2694
3401,17,5000001,0,user_14,612,617,2694
3402,18,5000001,0,user_14,612,617,2694
3547,19,5000001,0,user_2,614,617,2694
3558,20,5000001,0,user_15,614,617,2694
3617,21,5000001,0,user_15,615,617,2694
3308,22,5000000,0,user_34,610,617,
3393,23,4999999,0,user_5,612,617,2694
3474,24,4999999,0,user_2,613,617,2694
3396,25,4999999,0,user_8,612,617,2694
3399,26,4999999,0,user_12,612,617,2694
3477,27,4999999,0,user_4,613,617,2694
3612,28,4999999,0,user_9,615,617,2694
3659,29,4999999,0,user_0,616,617,2694
3683,30,4999999,0,user_15,616,617,2694
3148,31,4500000,0,user_44,607,617,
3572,32,4500000,0,user_30,614,617,
3429,33,3600000,0,user_35,612,617,
3577,34,3600000,0,user_33,614,617,
3635,35,3600000,350000,user_31,615,617,
3188,36,3500000,0,user_26,608,617,
3704,37,3500000,0,user_35,616,617,
3506,38,3200000,0,user_33,613,617,
3575,39,2600000,0,user_32,614,617,
3700,40,2600000,64600,user_33,616,617,
3293,41,2300001,0,user_17,610,617,2946
3351,42,2300000,181000,user_29,611,617,
3568,43,2300000,0,user_24,614,617,
3345,44,2299999,0,user_19,611,617,2946
3294,45,2299999,0,user_17,610,617,2946
3636,46,2100000,0,user_31,615,617,
3302,47,2000000,0,user_28,610,617,
3643,48,2000000,0,user_35,615,617,
3194,49,1900000,0,user_34,608,617,
3322,50,1600000,0,user_44,610,617,
3395,51,1500001,0,user_7,612,617,3135
3475,52,1500001,0,user_3,613,617,3135
3486,53,1500001,0,user_13,613,617,3135
3602,54,1500001,0,user_0,615,617,3135
3722,55,1500001,0,user_1,617,617,3135
3628,56,1500000,0,user_24,615,617,
3392,57,1499999,0,user_4,612,617,3135
3717,58,1499999,0,user_0,617,617,3135
3719,59,1499999,0,user_1,617,617,3135
3370,60,1400000,0,user_46,611,617,
3272,61,1400000,18600,user_48,609,617,
3497,62,1400000,0,user_25,613,617,
3629,63,1400000,0,user_25,615,617,
3639,64,1200000,0,user_31,615,617,
3309,65,1100000,0,user_34,610,617,
3323,66,1000000,0,user_44,610,617,
3574,67,1000000,0,user_31,614,617,
3644,68,1000000,33100,user_37,615,617,
3431,69,970000,0,user_37,612,617,
3573,70,660000,0,user_30,614,617,
3152,71,650000,8520,user_48,607,617,
3354,72,630000,0,user_32,611,617,
3209,73,600000,0,user_48,608,617,
3688,74,600000,0,user_21,616,617,
3703,75,600000,0,user_35,616,617,
3128,76,530000,0,user_26,607,617,
3348,77,530000,285000,user_26,611,617,
3406,78,420001,0,user_15,612,617,3068
3488,79,420001,0,user_15,613,617,3068
3566,80,420000,0,user_21,614,617,
3594,81,420000,0,user_47,614,617,
3701,82,420000,36800,user_33,616,617,
3397,83,419999,0,user_9,612,617,3068
3403,84,419999,0,user_15,612,617,3068
3404,85,419999,0,user_15,612,617,3068
3246,86,360000,0,user_34,609,617,
3503,87,360000,12300,user_30,613,617,
3630,88,340000,0,user_25,615,617,
3640,89,340000,0,user_33,615,617,
3316,90,310000,0,user_41,610,617,
3240,91,260000,0,user_26,609,617,
3082,92,240000,0,user_48,606,617,
3412,93,240000,0,user_22,612,617,
3235,94,220001,0,user_19,609,617,2697
3341,95,220001,0,user_16,611,617,2697
3325,96,220000,0,user_46,610,617,
3119,97,219999,0,user_16,607,617,2697
3121,98,219999,0,user_19,607,617,2697
3233,99,219999,0,user_16,609,617,2697
3292,0,219999,0,user_16,610,618,2697
3296,1,219999,0,user_19,610,618,2697
3298,2,160000,0,user_22,610,618,
3273,3,160000,0,user_49,609,618,
3253,4,100000,0,user_38,609,618,
3339,5,86999,0,user_12,611,618,3011
3241,6,85000,0,user_26,609,618,
3347,7,83000,0,user_26,611,618,
3279,8,77001,0,user_8,610,618,3243
3290,9,76999,0,user_14,610,618,3243
3352,10,70000,0,user_29,611,618,
3416,0,43000000,0,user_26,612,619,
3585,1,19000000,369000,user_38,614,619,
3815,2,19000000,0,user_31,618,619,
3494,3,6300000,0,user_23,613,619,
3769,4,6100001,0,user_2,618,619,3496
3436,5,6100000,0,user_44,612,619,
3484,6,5000001,0,user_12,613,619,2694
3343,7,5000001,0,user_17,611,619,2694
3481,8,5000001,0,user_10,613,619,2694
3554,9,5000001,0,user_11,614,619,2694
3616,10,5000001,0,user_13,615,619,2694
3614,11,5000001,0,user_12,615,619,2694
3660,12,5000001,0,user_4,616,619,2694
3662,13,5000001,0,user_4,616,619,2694
3618,14,5000001,0,user_16,615,619,2694
3619,15,5000001,0,user_16,615,619,2694
3621,16,5000001,0,user_16,615,619,2694
3663,17,5000001,0,user_5,616,619,2694
3613,18,5000001,0,user_10,615,619,2694
3671,19,5000001,0,user_11,616,619,2694
3677,20,5000001,0,user_13,616,619,2694
3723,21,5000001,0,user_3,617,619,2694
3724,22,5000001,0,user_5,617,619,2694
3725,23,5000001,0,user_5,617,619,2694
3623,24,5000001,0,user_17,615,619,2694
3743,25,5000000,0,user_21,617,619,
3548,26,4999999,0,user_3,614,619,2694
3479,27,4999999,0,user_8,613,619,2694
3485,28,4999999,0,user_12,613,619,2694
3549,29,4999999,0,user_4,614,619,2694
3480,30,4999999,0,user_10,613,619,2694
3552,31,4999999,0,user_7,614,619,2694
3491,32,4999999,0,user_18,613,619,2694
3555,33,4999999,0,user_13,614,619,2694
3556,34,4999999,0,user_13,614,619,2694
3553,35,4999999,0,user_8,614,619,2694
3606,36,4999999,0,user_5,615,619,2694
3607,37,4999999,0,user_6,615,619,2694
3615,38,4999999,0,user_12,615,619,2694
3661,39,4999999,0,user_4,616,619,2694
3620,40,4999999,0,user_16,615,619,2694
3625,41,4999999,0,user_19,615,619,2694
3664,42,4999999,0,user_6,616,619,2694
3669,43,4999999,0,user_11,616,619,2694
3670,44,4999999,0,user_11,616,619,2694
3673,45,4999999,0,user_13,616,619,2694
3676,46,4999999,0,user_13,616,619,2694
3668,47,4999999,0,user_10,616,619,2694
3726,48,4999999,0,user_7,617,619,2694
3513,49,4500000,0,user_38,613,619,
3437,50,4200000,0,user_44,612,619,
3356,51,3600000,0,user_34,611,619,
3758,52,3500000,5630,user_37,617,619,
3501,53,3500000,0,user_29,613,619,
3367,54,2600000,0,user_43,611,619,
3365,55,2500000,0,user_43,611,619,
3817,56,2500000,0,user_31,618,619,
3634,57,2300000,13900,user_29,615,619,
3563,58,2100000,0,user_20,614,619,
3372,59,2000000,0,user_48,611,619,
3514,60,1900000,0,user_38,613,619,
3595,61,1800000,24700,user_48,614,619,
3493,62,1600000,35100,user_22,613,619,
3362,63,1600000,0,user_41,611,619,
3735,64,1500001,0,user_15,617,619,3135
3611,65,1500001,0,user_7,615,619,3135
3672,66,1500001,0,user_11,616,619,3135
3584,67,1500000,0,user_38,614,619,
3550,68,1499999,0,user_5,614,619,3135
3559,69,1499999,0,user_19,614,619,3135
3665,70,1499999,0,user_7,616,619,3135
3684,71,1499999,0,user_16,616,619,3135
3622,72,1499999,0,user_17,615,619,3135
3355,73,1400000,0,user_34,611,619,
3502,74,1300000,121000,user_29,613,619,
3525,75,1300000,0,user_44,613,619,
3567,76,1300000,0,user_23,614,619,
3410,77,1200000,0,user_20,612,619,
3754,78,1100000,0,user_31,617,619,
3435,79,1100000,0,user_41,612,619,
3648,80,1100000,0,user_40,615,619,
3561,81,1100000,0,user_20,614,619,
3327,82,1000000,0,user_49,610,619,
3413,83,1000000,215000,user_23,612,619,
3517,84,1000000,0,user_41,613,619,
3590,85,1000000,0,user_43,614,619,
3581,86,1000000,0,user_38,614,619,
3802,87,1000000,0,user_25,618,619,
3814,88,1000000,33300,user_30,618,619,
3821,89,1000000,0,user_35,618,619,
3746,90,970000,0,user_24,617,619,
3408,91,970000,0,user_20,612,619,
3692,92,970000,0,user_26,616,619,
3818,93,970000,3130,user_31,618,619,
3571,94,910000,0,user_28,614,619,
3753,95,870000,0,user_30,617,619,
3747,96,870000,0,user_24,617,619,
3587,97,670000,0,user_40,614,619,
3564,98,670000,36800,user_20,614,619,
3627,99,600000,0,user_22,615,619,
2651,0,5000000,0,user_0,620,620,
2652,1,970000,0,user_1,620,620,
2650,2,650000,0,user_0,620,620,
2706,0,43000001,0,user_0,621,621,2691
2691,1,43000000,16400,user_37,620,621,
2707,2,42999999,0,user_1,621,621,2691
2685,3,30000000,0,user_31,620,621,
2662,4,1100000,0,user_9,620,621,
2653,5,870000,0,user_2,620,621,
2677,6,310000,0,user_21,620,621,
2678,7,310000,0,user_21,620,621,
2690,8,170000,0,user_37,620,621,
2680,9,160000,0,user_24,620,621,
2703,10,120000,0,user_47,620,621,
2654,11,110000,0,user_2,620,621,
2708,0,43000001,0,user_2,621,623,2691
2722,1,43000001,0,user_15,621,623,2691
2788,2,43000000,0,user_25,622,623,
2764,3,42999999,0,user_0,622,623,2691
2776,4,42999999,0,user_15,622,623,2691
2781,5,5000000,0,user_21,622,623,
2785,6,5000000,0,user_24,622,623,
2741,7,4500000,0,user_31,621,623,
2756,8,4500000,0,user_47,621,623,
2820,9,2000001,0,user_0,623,623,2786
2667,10,2000000,11200,user_13,620,623,
2786,11,2000000,30200,user_24,622,623,
2656,12,1900000,5180,user_5,620,623,
2765,13,1600001,0,user_0,622,623,2745
2821,14,1600001,0,user_1,623,623,2745
2687,15,1600000,0,user_32,620,623,
2745,16,1600000,35600,user_35,621,623,
2774,17,1599999,0,user_9,622,623,2745
2747,18,1500000,0,user_37,621,623,
2793,19,1500000,0,user_30,622,623,
2812,20,1400000,0,user_47,622,623,
2811,21,1300000,15700,user_47,622,623,
2743,22,1100000,0,user_33,621,623,
2658,23,970000,0,user_6,620,623,
2664,24,910000,0,user_11,620,623,
2657,25,530000,0,user_6,620,623,
2660,26,460000,0,user_7,620,623,
2783,27,460000,15100,user_21,622,623,
2794,28,460000,0,user_31,622,623,
2686,29,260000,0,user_32,620,623,
2688,30,260000,0,user_32,620,623,
2795,31,260000,0,user_31,622,623,
2800,32,260000,0,user_35,622,623,
2655,33,220000,0,user_3,620,623,
2740,34,220000,71800,user_30,621,623,
2787,35,220000,0,user_24,622,623,
2799,36,170000,0,user_35,622,623,
2744,37,160000,30200,user_33,621,623,
2659,38,120000,0,user_6,620,623,
2731,39,120000,0,user_21,621,623,
2742,40,120000,0,user_32,621,623,
2666,41,110000,0,user_13,620,623,
2801,42,98000,0,user_37,622,623,
2782,43,87000,100000,user_21,622,623,
2730,44,85000,0,user_21,621,623,
2733,45,85000,0,user_25,621,623,
2784,46,80000,0,user_24,622,623,
2711,0,43000001,0,user_5,621,624,2691
2719,1,43000001,0,user_11,621,624,2691
2712,2,42999999,0,user_5,621,624,2691
2715,3,42999999,0,user_10,621,624,2691
2668,4,30000000,0,user_14,620,624,
2675,5,6300000,0,user_18,620,624,
2853,6,6100000,0,user_30,623,624,
2694,7,5000000,959000,user_40,620,624,
2673,8,5000000,0,user_17,620,624,
2867,9,5000000,0,user_47,623,624,
2771,10,4999999,0,user_6,622,624,2694
2704,11,4200000,0,user_48,620,624,
2796,12,2100000,0,user_32,622,624,
2727,13,2000001,0,user_19,621,624,2667
2770,14,2000001,0,user_6,622,624,2667
2709,15,1999999,0,user_5,621,624,2667
2710,16,1999999,0,user_5,621,624,2667
2766,17,1999999,0,user_3,622,624,2667
2723,18,1999999,0,user_16,621,624,2667
2716,19,1999999,0,user_10,621,624,2667
2717,20,1999999,0,user_10,621,624,2667
2713,21,1900001,0,user_7,621,624,2656
2718,22,1900001,0,user_11,621,624,2656
2720,23,1900001,0,user_13,621,624,2656
2679,24,1900000,0,user_22,620,624,
2669,25,1899999,0,user_16,620,624,2656
2735,26,1700000,100000,user_26,621,624,
2698,27,1500000,0,user_44,620,624,
2671,28,1500000,0,user_17,620,624,
2695,29,1500000,0,user_41,620,624,
2845,30,1500000,0,user_24,623,624,
2856,31,1300000,0,user_35,623,624,
2832,32,1299999,0,user_15,623,624,2811
2702,33,1200000,0,user_46,620,624,
2848,34,1200000,0,user_25,623,624,
2822,35,1000001,0,user_2,623,624,2734
2734,36,1000000,121000,user_26,621,624,
2714,37,660000,0,user_8,621,624,
2676,38,600000,6390,user_20,620,624,
2772,39,599999,0,user_7,622,624,2676
2674,40,460000,0,user_17,620,624,
2857,41,460000,0,user_35,623,624,
2749,42,420000,0,user_40,621,624,
2683,43,420000,0,user_28,620,624,
2696,44,420000,0,user_43,620,624,
2842,45,420000,0,user_21,623,624,
2684,46,370000,0,user_29,620,624,
2721,47,350000,0,user_14,621,624,
2663,48,340000,0,user_10,620,624,
2855,49,310000,0,user_35,623,624,
2670,50,260000,0,user_17,620,624,
2769,51,220001,0,user_5,622,624,2697
2697,52,220000,410000,user_44,620,624,
2854,53,220000,0,user_31,623,624,
2726,54,219999,0,user_19,621,624,2697
2701,55,170000,0,user_46,620,624,
2689,56,160000,0,user_34,620,624,
2852,57,160000,0,user_30,623,624,
2665,58,110000,0,user_12,620,624,
2846,59,98000,0,user_24,623,624,
2847,60,87000,0,user_25,623,624,
2899,61,84001,0,user_0,624,624,2797
2900,62,84001,0,user_1,624,624,2797
2797,63,84000,108000,user_32,622,624,
2767,64,83001,0,user_4,622,624,2661
2681,65,83000,0,user_26,620,624,
2661,66,83000,68100,user_8,620,624,
2768,67,82999,0,user_4,622,624,2661
2739,68,77000,17000,user_29,621,624,
2672,69,73000,0,user_17,620,624,
2827,0,42999999,0,user_10,623,626,2691
2798,1,30000000,0,user_34,622,626,
2728,2,27000000,0,user_20,621,626,
2732,5,19000000,0,user_23,621,626,
2789,7,5200000,0,user_26,622,626,
2979,8,5000001,0,user_2,625,626,2694
2902,11,4999999,0,user_3,624,626,2694
2844,13,3500000,0,user_22,623,626,
2851,18,2300000,0,user_29,623,626,
2828,22,2000001,0,user_10,623,626,2667
2805,25,1900000,0,user_41,622,626,
2724,27,1899999,0,user_17,621,626,2656
2903,30,1700001,0,user_3,624,626,2735
2904,31,1700001,0,user_4,624,626,2735
2907,32,1700001,0,user_4,624,626,2735
2908,33,1700001,0,user_4,624,626,2735
2840,34,1700001,0,user_19,623,626,2735
2912,35,1700001,0,user_5,624,626,2735
2837,36,1700001,0,user_18,623,626,2735
2918,37,1700001,0,user_11,624,626,2735
2920,38,1700001,0,user_13,624,626,2735
2905,39,1699999,0,user_4,624,626,2735
2911,40,1699999,0,user_5,624,626,2735
2913,41,1699999,0,user_5,624,626,2735
2914,42,1699999,0,user_6,624,626,2735
2915,43,1699999,0,user_7,624,626,2735
2835,44,1699999,0,user_18,623,626,2735
2754,45,1500000,0,user_43,621,626,
2826,51,1000001,0,user_8,623,626,2734
2831,52,1000001,0,user_12,623,626,2734
2777,53,1000001,0,user_16,622,626,2734
2778,54,1000001,0,user_16,622,626,2734
2779,56,999999,0,user_19,622,626,2734
2839,57,999999,0,user_19,623,626,2734
2910,58,999999,0,user_5,624,626,2734
2836,59,999999,0,user_18,623,626,2734
2859,60,870000,0,user_40,623,626,
2751,62,650000,0,user_41,621,626,
2692,63,630000,0,user_38,620,626,
2860,64,460000,0,user_40,623,626,
2729,65,420000,0,user_20,621,626,
2780,66,420000,0,user_20,622,626,
2807,67,350000,0,user_43,622,626,
3038,43,310001,0,builder_2,625,625,2757
2757,68,310000,35600,user_48,621,626,
2866,72,260000,0,user_46,623,626,
2843,73,240000,0,user_22,623,626,
2909,74,220001,0,user_5,624,626,2697
2738,76,220000,0,user_28,621,626,
2750,77,220000,0,user_41,621,626,
2809,79,170000,0,user_44,622,626,
2791,80,150000,0,user_28,622,626,
2755,81,120000,0,user_44,621,626,
2849,82,110000,0,user_26,623,626,
2752,83,110000,0,user_41,621,626,
2737,84,100000,0,user_28,621,626,
2838,86,87001,0,user_18,623,626,2782
2906,91,84001,0,user_4,624,626,2797
2753,97,77000,0,user_41,621,626,
2808,98,77000,0,user_43,622,626,
2850,60,70000,0,user_29,623,625,
2827,0,42999999,0,user_10,623,626,2691
2798,1,30000000,0,user_34,622,626,
2728,2,27000000,0,user_20,621,626,
3035,3,27000000,0,user_47,625,626,
2934,4,19000000,0,user_25,624,626,
2732,5,19000000,0,user_23,621,626,
2947,6,5200000,0,user_33,624,626,
2789,7,5200000,0,user_26,622,626,
2979,8,5000001,0,user_2,625,626,2694
2994,9,5000001,0,user_15,625,626,2694
2829,10,4999999,0,user_11,623,626,2694
2902,11,4999999,0,user_3,624,626,2694
2993,12,4999999,0,user_15,625,626,2694
2844,13,3500000,0,user_22,623,626,
3021,14,3500000,0,user_37,625,626,
2792,15,3200000,0,user_29,622,626,
2804,16,2600000,32900,user_40,622,626,
2995,17,2300001,0,user_15,625,626,2946
2851,18,2300000,0,user_29,623,626,
2946,19,2300000,510000,user_32,624,626,
2991,20,2299999,0,user_15,625,626,2946
2992,21,2299999,0,user_15,625,626,2946
2828,22,2000001,0,user_10,623,626,2667
3018,23,2000000,0,user_33,625,626,
3019,24,2000000,24700,user_35,625,626,
2805,25,1900000,0,user_41,622,626,
2725,26,1899999,0,user_18,621,626,2656
2724,27,1899999,0,user_17,621,626,2656
2825,28,1700001,0,user_6,623,626,2735
2830,29,1700001,0,user_11,623,626,2735
2903,30,1700001,0,user_3,624,626,2735
2904,31,1700001,0,user_4,624,626,2735
2907,32,1700001,0,user_4,624,626,2735
2908,33,1700001,0,user_4,624,626,2735
2840,34,1700001,0,user_19,623,626,2735
2912,35,1700001,0,user_5,624,626,2735
2837,36,1700001,0,user_18,623,626,2735
2918,37,1700001,0,user_11,624,626,2735
2920,38,1700001,0,user_13,624,626,2735
2905,39,1699999,0,user_4,624,626,2735
2911,40,1699999,0,user_5,624,626,2735
2913,41,1699999,0,user_5,624,626,2735
2914,42,1699999,0,user_6,624,626,2735
2915,43,1699999,0,user_7,624,626,2735
2835,44,1699999,0,user_18,623,626,2735
2754,45,1500000,0,user_43,621,626,
2945,46,1500000,0,user_32,624,626,
3007,47,1400000,35100,user_24,625,626,
2950,48,1200000,49100,user_35,624,626,
2823,49,1000001,0,user_3,623,626,2734
2824,50,1000001,0,user_4,623,626,2734
2826,51,1000001,0,user_8,623,626,2734
2831,52,1000001,0,user_12,623,626,2734
2777,53,1000001,0,user_16,622,626,2734
2778,54,1000001,0,user_16,622,626,2734
3009,55,1000000,0,user_24,625,626,
2779,56,999999,0,user_19,622,626,2734
2839,57,999999,0,user_19,623,626,2734
2910,58,999999,0,user_5,624,626,2734
2836,59,999999,0,user_18,623,626,2734
2859,60,870000,0,user_40,623,626,
3008,61,660000,0,user_24,625,626,
2751,62,650000,0,user_41,621,626,
2692,63,630000,0,user_38,620,626,
2860,64,460000,0,user_40,623,626,
2729,65,420000,0,user_20,621,626,
2780,66,420000,0,user_20,622,626,
2807,67,350000,0,user_43,622,626,
2757,68,310000,35600,user_48,621,626,
3017,69,310000,0,user_31,625,626,
3016,70,300000,0,user_31,625,626,
2959,71,260000,0,user_47,624,626,
2866,72,260000,0,user_46,623,626,
2843,73,240000,0,user_22,623,626,
2909,74,220001,0,user_5,624,626,2697
3040,75,220001,0,user_1,626,626,2697
2738,76,220000,0,user_28,621,626,
2750,77,220000,0,user_41,621,626,
3010,78,220000,10700,user_25,625,626,
2809,79,170000,0,user_44,622,626,
2791,80,150000,0,user_28,622,626,
2755,81,120000,0,user_44,621,626,
2849,82,110000,0,user_26,623,626,
2752,83,110000,0,user_41,621,626,
2737,84,100000,0,user_28,621,626,
2922,85,87001,0,user_15,624,626,2782
2838,86,87001,0,user_18,623,626,2782
3011,87,87000,1100000,user_25,625,626,
2978,88,86999,0,user_0,625,626,2782
2949,89,85000,0,user_35,624,626,
2923,90,84001,0,user_15,624,626,2797
2906,91,84001,0,user_4,624,626,2797
2901,92,83999,0,user_2,624,626,2797
2916,93,83999,0,user_9,624,626,2797
3039,94,83999,0,user_0,626,626,2797
2775,95,82999,0,user_12,622,626,2661
2931,96,80000,1100000,user_21,624,626,
2753,97,77000,0,user_41,621,626,
2808,98,77000,0,user_43,622,626,
3005,99,77000,0,user_21,625,626,
3041,0,5000001,0,user_2,626,627,2694
3062,1,5000000,0,user_25,626,627,
3066,2,2300000,0,user_33,626,627,
2833,3,1899999,0,user_17,623,627,2656
2834,4,1899999,0,user_17,623,627,2656
2928,5,1700001,0,user_16,624,627,2735
2983,6,1700001,0,user_7,625,627,2735
2929,7,1700001,0,user_18,624,627,2735
2984,8,1700001,0,user_11,625,627,2735
2921,9,1699999,0,user_14,624,627,2735
2980,10,1699999,0,user_4,625,627,2735
2924,11,1699999,0,user_16,624,627,2735
2926,12,1699999,0,user_16,624,627,2735
2927,13,1699999,0,user_16,624,627,2735
2982,14,1699999,0,user_5,625,627,2735
2917,15,1699999,0,user_10,624,627,2735
2985,16,1699999,0,user_11,625,627,2735
2986,17,1699999,0,user_11,625,627,2735
2989,18,1699999,0,user_13,625,627,2735
2935,19,910000,0,user_26,624,627,
2861,20,870000,30200,user_41,623,627,
2813,21,460000,0,user_49,622,627,
2863,22,260000,0,user_43,623,627,
2981,23,220001,0,user_4,625,627,2697
2919,24,219999,0,user_12,624,627,2697
3065,25,190000,0,user_31,626,627,
2943,26,170000,6390,user_29,624,627,
2802,27,170000,0,user_38,622,627,
2841,28,150000,10700,user_20,623,627,
2944,29,120000,0,user_29,624,627,
2758,30,100000,0,user_49,621,627,
2958,31,98000,0,user_46,624,627,
2925,32,84001,0,user_16,624,627,2797
3107,33,79999,0,user_1,627,627,2931
3127,0,27000000,0,user_25,627,628,
3138,1,6100000,0,user_33,627,628,
3167,2,4999999,0,user_1,628,628,2694
2988,3,1700001,0,user_12,625,628,2735
3002,4,1700001,0,user_18,625,628,2735
2987,5,1699999,0,user_12,625,628,2735
2990,6,1699999,0,user_14,625,628,2735
3135,7,1500000,17700000,user_31,627,628,
3137,8,1100000,0,user_33,627,628,
3003,9,999999,0,user_18,625,628,2734
3134,10,650000,0,user_31,627,628,
3124,11,630000,0,user_21,627,628,
3015,12,240000,0,user_29,625,628,
3042,13,219999,0,user_3,626,628,2697
3108,14,219999,0,user_2,627,628,2697
3133,15,150000,0,user_30,627,628,
3132,16,98000,0,user_30,627,628,
3051,17,80001,0,user_11,626,628,2931
3043,18,79999,0,user_4,626,628,2931
3044,19,79999,0,user_7,626,628,2931
3071,0,27000000,322000,user_37,626,629,
3063,1,6100000,24700,user_26,626,629,
3195,2,5000000,0,user_35,628,629,
3081,3,3600000,594000,user_47,626,629,
3125,4,3600000,0,user_24,627,629,
2868,5,3500000,0,user_48,623,629,
2961,6,2600000,0,user_48,624,629,
3142,7,2500000,0,user_37,627,629,
3048,8,2300001,0,user_9,626,629,2946
3181,9,2300001,0,user_15,628,629,2946
3168,10,2299999,0,user_2,628,629,2946
3180,11,2299999,0,user_15,628,629,2946
3186,12,2100000,0,user_24,628,629,
3126,13,1800000,0,user_24,627,629,
2996,14,1699999,0,user_16,625,629,2735
2998,15,1699999,0,user_16,625,629,2735
2999,16,1699999,0,user_16,625,629,2735
3000,17,1699999,0,user_16,625,629,2735
3004,18,1699999,0,user_19,625,629,2735
3058,19,1699999,0,user_19,626,629,2735
2957,20,1500000,15700,user_44,624,629,
3060,21,1500000,0,user_24,626,629,
3151,22,1500000,0,user_47,627,629,
3072,23,1400000,0,user_37,626,629,
2948,24,1200000,0,user_34,624,629,
2956,25,1000000,11200,user_44,624,629,
3013,26,1000000,0,user_26,625,629,
3054,27,999999,0,user_16,626,629,2734
3047,28,999999,0,user_9,626,629,2734
3049,29,999999,0,user_9,626,629,2734
3053,30,999999,0,user_15,626,629,2734
3115,31,999999,0,user_9,627,629,2734
2960,32,670000,0,user_48,624,629,
3036,33,660000,0,user_48,625,629,
3190,34,660000,0,user_30,628,629,
3069,35,630000,0,user_35,626,629,
3136,36,530000,296000,user_32,627,629,
3187,37,530000,0,user_24,628,629,
3191,38,460000,10700,user_31,628,629,
3068,39,420000,769000,user_35,626,629,
3220,40,419999,0,user_1,629,629,3068
3197,41,300000,0,user_37,628,629,
3111,42,220001,0,user_4,627,629,2697
3112,43,220001,0,user_5,627,629,2697
3109,44,219999,0,user_3,627,629,2697
3045,45,219999,0,user_8,626,629,2697
3110,46,219999,0,user_4,627,629,2697
3113,47,219999,0,user_7,627,629,2697
3080,48,150000,0,user_46,626,629,
2962,49,120000,0,user_48,624,629,
3012,50,120000,0,user_26,625,629,
3061,51,110000,0,user_24,626,629,
3070,52,85000,5180,user_37,626,629,
2997,53,84001,0,user_16,625,629,2797
3173,54,84001,0,user_9,628,629,2797
3050,55,83999,0,user_9,626,629,2797
3046,56,80001,0,user_8,626,629,2931
3219,57,80001,0,user_0,629,629,2931
3052,58,79999,0,user_14,626,629,2931
3064,59,73000,0,user_26,626,629,
3239,0,2300000,0,user_25,629,630,
3252,1,2100000,369000,user_37,629,630,
3271,2,1100000,31700,user_47,629,630,
3244,3,1000000,0,user_30,629,630,
3248,4,530000,0,user_35,629,630,
3274,5,420001,0,user_0,630,630,3068
3226,6,419999,0,user_9,629,630,3068
3275,7,419999,0,user_1,630,630,3068
3247,8,340000,0,user_35,629,630,
3237,9,87000,10700,user_21,629,630,
3227,10,86999,0,user_9,629,630,3011
3192,0,5200000,0,user_32,628,631,
3280,1,5000001,0,user_9,630,631,2694
3297,2,5000000,0,user_21,630,631,
3330,3,4999999,0,user_1,631,631,2694
3311,4,2500000,0,user_37,630,631,
3304,5,2400000,0,user_31,630,631,
3300,6,1600000,75000,user_24,630,631,
3193,7,1400000,0,user_32,628,631,
3310,8,1400000,0,user_35,630,631,
3326,9,1100000,0,user_47,630,631,
3305,10,630000,0,user_31,630,631,
3307,11,420000,0,user_33,630,631,
3291,12,419999,0,user_15,630,631,3068
3245,13,170000,0,user_32,629,631,
3303,14,110000,0,user_30,630,631,
3328,15,86999,0,user_0,631,631,3011
3329,16,86999,0,user_1,631,631,3011
3256,0,43000000,0,user_40,629,633,
3464,1,30000001,0,builder_2,632,632,2941
2941,1,30000000,68100,user_28,624,633,
2955,3,6100000,0,user_43,624,633,
3333,7,5000001,0,user_7,631,633,2694
3338,8,5000001,0,user_11,631,633,2694
3388,9,5000001,0,user_2,632,633,2694
3465,7,3500001,0,builder_2,632,632,2869
2869,18,3500000,16400,user_49,623,633,
3264,19,3500000,0,user_41,629,633,
3295,32,2300001,0,user_18,630,633,2946
3258,33,2300000,0,user_40,629,633,
3234,45,2299999,0,user_17,629,633,2946
3281,46,2299999,0,user_10,630,633,2946
3466,14,2100001,0,builder_2,632,632,3145
3145,48,2100000,128000,user_40,627,633,
3033,47,2100000,0,user_43,625,633,
3467,17,2000001,0,builder_2,632,632,3006
3006,49,2000000,5640,user_23,625,633,
3262,51,2000000,0,user_41,629,633,
2870,52,1800000,0,user_49,623,633,
3468,21,1600001,0,builder_2,632,632,3198
3198,55,1600000,15700,user_38,628,633,
3029,54,1600000,0,user_41,625,633,
3028,60,1500000,0,user_40,625,633,
3001,63,1000001,0,user_17,625,633,2734
3032,64,1000000,0,user_43,625,633,
3200,67,970000,0,user_40,628,633,
3022,74,470000,0,user_38,625,633,
3469,29,350001,0,builder_2,632,632,2858
2858,78,350000,84800,user_38,623,633,
3470,31,310001,0,builder_2,632,632,2932
2932,80,310000,7840,user_23,624,633,
3255,81,310000,0,user_40,629,633,
2953,82,300000,0,user_40,624,633,
3037,83,260000,0,user_49,625,633,
3315,84,260000,0,user_40,630,633,
3263,97,160000,15700,user_41,629,633,
3471,38,159999,0,builder_2,632,632,3263
3472,39,79001,0,builder_2,632,632,3261
3261,40,79000,84800,user_41,629,632,
2942,94,160000,0,user_28,624,633,
3031,95,160000,0,user_43,625,633,
3034,96,160000,0,user_43,625,633,
3266,98,160000,0,user_43,629,633,
2963,99,150000,0,user_49,624,633,
3260,46,150000,0,user_41,629,632,
2930,47,130000,0,user_20,624,632,
2952,48,130000,0,user_40,624,632,
3210,49,120000,0,user_49,628,632,
3238,50,110000,0,user_23,629,632,
3014,51,100000,0,user_28,625,632,
3332,52,87001,0,user_6,631,632,3011
3259,53,85000,0,user_40,629,632,
3314,54,82000,0,user_40,630,632,
3257,55,79000,0,user_40,629,632,
3236,56,70000,0,user_20,629,632,
3256,0,43000000,0,user_40,629,633,
2941,1,30000000,68100,user_28,624,633,
3422,2,19000000,0,user_30,632,633,
2955,3,6100000,0,user_43,624,633,
3055,4,5000001,0,user_17,626,633,2694
3224,5,5000001,0,user_7,629,633,2694
3331,6,5000001,0,user_2,631,633,2694
3333,7,5000001,0,user_7,631,633,2694
3338,8,5000001,0,user_11,631,633,2694
3388,9,5000001,0,user_2,632,633,2694
3473,10,5000001,0,user_1,633,633,2694
3170,11,4999999,0,user_4,628,633,2694
3117,12,4999999,0,user_10,627,633,2694
3076,13,4500000,0,user_41,626,633,
3428,14,4500000,0,user_31,632,633,
3189,15,4200000,0,user_29,628,633,
3202,16,4200000,0,user_43,628,633,
3184,17,3600000,0,user_23,628,633,
2869,18,3500000,16400,user_49,623,633,
3264,19,3500000,0,user_41,629,633,
3208,20,2600000,0,user_46,628,633,
3130,21,2400000,0,user_29,627,633,
3169,22,2300001,0,user_3,628,633,2946
3171,23,2300001,0,user_7,628,633,2946
3172,24,2300001,0,user_7,628,633,2946
3175,25,2300001,0,user_11,628,633,2946
3229,26,2300001,0,user_12,629,633,2946
3183,27,2300001,0,user_18,628,633,2946
3283,28,2300001,0,user_11,630,633,2946
3284,29,2300001,0,user_11,630,633,2946
3286,30,2300001,0,user_11,630,633,2946
3289,31,2300001,0,user_13,630,633,2946
3295,32,2300001,0,user_18,630,633,2946
3258,33,2300000,0,user_40,629,633,
3118,34,2299999,0,user_12,627,633,2946
3176,35,2299999,0,user_13,628,633,2946
3177,36,2299999,0,user_13,628,633,2946
3178,37,2299999,0,user_14,628,633,2946
3222,38,2299999,0,user_7,629,633,2946
3223,39,2299999,0,user_7,629,633,2946
3230,40,2299999,0,user_13,629,633,2946
3225,41,2299999,0,user_8,629,633,2946
3232,42,2299999,0,user_14,629,633,2946
3277,43,2299999,0,user_7,630,633,2946
3288,44,2299999,0,user_13,630,633,2946
3234,45,2299999,0,user_17,629,633,2946
3281,46,2299999,0,user_10,630,633,2946
3033,47,2100000,0,user_43,625,633,
3145,48,2100000,128000,user_40,627,633,
3006,49,2000000,5640,user_23,625,633,
3059,50,2000000,11200,user_20,626,633,
3262,51,2000000,0,user_41,629,633,
2870,52,1800000,0,user_49,623,633,
3206,53,1700000,0,user_46,628,633,
3029,54,1600000,0,user_41,625,633,
3198,55,1600000,15700,user_38,628,633,
3221,56,1500001,0,user_4,629,633,3135
3231,57,1500001,0,user_13,629,633,3135
3282,58,1500001,0,user_11,630,633,3135
3285,59,1500001,0,user_11,630,633,3135
3028,60,1500000,0,user_40,625,633,
3387,61,1499999,0,user_0,632,633,3135
3358,62,1400000,0,user_37,631,633,
3001,63,1000001,0,user_17,625,633,2734
3032,64,1000000,0,user_43,625,633,
3371,65,1000000,0,user_47,631,633,
3424,66,1000000,0,user_30,632,633,
3200,67,970000,0,user_40,628,633,
3150,68,910000,0,user_46,627,633,
3073,69,910000,67500,user_38,626,633,
3083,70,910000,0,user_49,626,633,
3201,71,660000,0,user_41,628,633,
3131,72,630000,0,user_29,627,633,
3084,73,530000,0,user_49,626,633,
3022,74,470000,0,user_38,625,633,
3335,75,419999,0,user_9,631,633,3068
3340,76,419999,0,user_15,631,633,3068
3207,77,370000,23500,user_46,628,633,
2858,78,350000,84800,user_38,623,633,
3129,79,320000,0,user_28,627,633,
2932,80,310000,7840,user_23,624,633,
3255,81,310000,0,user_40,629,633,
2953,82,300000,0,user_40,624,633,
3037,83,260000,0,user_49,625,633,
3315,84,260000,0,user_40,630,633,
3123,85,240000,84800,user_20,627,633,
3114,86,220001,0,user_8,627,633,2697
3116,87,220001,0,user_10,627,633,2697
3057,88,220001,0,user_18,626,633,2697
3120,89,220001,0,user_18,627,633,2697
3078,90,220000,0,user_43,626,633,
3306,91,220000,0,user_32,630,633,
3357,92,220000,0,user_37,631,633,
3415,93,190000,0,user_25,632,633,
2942,94,160000,0,user_28,624,633,
3031,95,160000,0,user_43,625,633,
3034,96,160000,0,user_43,625,633,
3263,97,160000,15700,user_41,629,633,
3266,98,160000,0,user_43,629,633,
2963,99,150000,0,user_49,624,633,
3085,0,150000,0,user_49,626,634,
3086,1,130000,0,user_49,626,634,
3146,2,120000,0,user_41,627,634,
3153,3,100000,0,user_49,627,634,
3087,4,83000,13900,user_49,626,634,
3056,5,80001,0,user_18,626,634,2931
3143,6,70000,15700,user_38,627,634,
3494,3,6300000,0,user_23,633,639,
3401,17,5000001,0,user_14,632,637,2694
3402,18,5000001,0,user_14,632,637,2694
3547,19,5000001,0,user_2,634,637,2694
3613,18,5000001,0,user_10,635,639,2694
3396,25,4999999,0,user_8,632,637,2694
3399,26,4999999,0,user_12,632,637,2694
3477,27,4999999,0,user_4,633,637,2694
3552,31,4999999,0,user_7,634,639,2694
3148,31,4500000,0,user_44,627,637,
3563,58,2100000,0,user_20,634,639,
3475,52,1500001,0,user_3,633,637,3135
3486,53,1500001,0,user_13,633,637,3135
3611,65,1500001,0,user_7,635,639,3135
3567,76,1300000,0,user_23,634,639,
3561,81,1100000,0,user_20,634,639,
3517,84,1000000,0,user_41,633,639,
3590,85,1000000,0,user_43,634,639,
3571,94,910000,0,user_28,634,639,
3564,98,670000,36800,user_20,634,639,
3152,71,650000,8520,user_48,627,637,
3128,76,530000,0,user_26,627,637,
3432,22,460000,100000,user_38,632,635,
3500,23,260000,0,user_28,633,635,
3082,92,240000,0,user_48,626,637,
3412,93,240000,0,user_22,632,637,
3119,97,219999,0,user_16,627,637,2697
3121,98,219999,0,user_19,627,637,2697
3067,28,170000,0,user_34,626,635,
3562,29,170000,0,user_20,634,635,
3588,30,170000,12300,user_41,634,635,
3373,31,150000,0,user_49,631,635,
3560,32,150000,0,user_20,634,635,
3359,33,110000,0,user_38,631,635,
3482,34,87001,0,user_11,633,635,3011
3551,35,87001,0,user_7,634,635,3011
3495,36,83000,0,user_23,633,635,
3122,37,79999,0,user_19,627,635,2931
3490,38,77001,0,user_17,633,635,3243
3476,39,77001,0,user_3,633,635,3243
3585,1,19000000,369000,user_38,634,639,
3623,24,5000001,0,user_17,635,639,2694
3668,47,4999999,0,user_10,636,639,2694
3513,49,4500000,0,user_38,633,639,
3514,60,1900000,0,user_38,633,639,
3584,67,1500000,0,user_38,634,639,
3622,72,1499999,0,user_17,635,639,3135
3665,70,1499999,0,user_7,636,639,3135
3581,86,1000000,0,user_38,634,639,
3652,9,370000,769000,user_43,635,636,
3582,10,220000,0,user_38,634,636,
3649,11,120000,0,user_41,635,636,
3583,12,110000,0,user_38,634,636,
3512,13,85000,108000,user_38,633,636,
3529,14,77000,0,user_49,633,636,
3508,0,43000000,0,user_35,633,637,
3299,1,27000000,0,user_23,630,637,
3687,2,27000000,0,user_21,636,637,
3565,3,6300000,231000,user_21,634,637,
3578,4,6300000,12800,user_33,634,637,
3496,5,6100000,7190000,user_25,633,637,
3691,6,6100000,0,user_25,636,637,
3390,7,5000001,0,user_3,632,637,2694
3391,8,5000001,0,user_3,632,637,2694
3278,9,5000001,0,user_8,630,637,2694
3287,10,5000001,0,user_12,630,637,2694
3334,11,5000001,0,user_8,631,637,2694
3336,12,5000001,0,user_10,631,637,2694
3337,13,5000001,0,user_10,631,637,2694
3344,14,5000001,0,user_18,631,637,2694
3400,15,5000001,0,user_13,632,637,2694
3546,16,5000001,0,user_0,634,637,2694
3401,17,5000001,0,user_14,632,637,2694
3402,18,5000001,0,user_14,632,637,2694
3547,19,5000001,0,user_2,634,637,2694
3558,20,5000001,0,user_15,634,637,2694
3617,21,5000001,0,user_15,635,637,2694
3308,22,5000000,0,user_34,630,637,
3393,23,4999999,0,user_5,632,637,2694
3474,24,4999999,0,user_2,633,637,2694
3396,25,4999999,0,user_8,632,637,2694
3399,26,4999999,0,user_12,632,637,2694
3477,27,4999999,0,user_4,633,637,2694
3612,28,4999999,0,user_9,635,637,2694
3659,29,4999999,0,user_0,636,637,2694
3683,30,4999999,0,user_15,636,637,2694
3148,31,4500000,0,user_44,627,637,
3572,32,4500000,0,user_30,634,637,
3429,33,3600000,0,user_35,632,637,
3577,34,3600000,0,user_33,634,637,
3635,35,3600000,350000,user_31,635,637,
3188,36,3500000,0,user_26,628,637,
3704,37,3500000,0,user_35,636,637,
3506,38,3200000,0,user_33,633,637,
3575,39,2600000,0,user_32,634,637,
3700,40,2600000,64600,user_33,636,637,
3293,41,2300001,0,user_17,630,637,2946
3351,42,2300000,181000,user_29,631,637,
3568,43,2300000,0,user_24,634,637,
3345,44,2299999,0,user_19,631,637,2946
3294,45,2299999,0,user_17,630,637,2946
3636,46,2100000,0,user_31,635,637,
3302,47,2000000,0,user_28,630,637,
3643,48,2000000,0,user_35,635,637,
3194,49,1900000,0,user_34,628,637,
3322,50,1600000,0,user_44,630,637,
3395,51,1500001,0,user_7,632,637,3135
3475,52,1500001,0,user_3,633,637,3135
3486,53,1500001,0,user_13,633,637,3135
3602,54,1500001,0,user_0,635,637,3135
3722,55,1500001,0,user_1,637,637,3135
3628,56,1500000,0,user_24,635,637,
3392,57,1499999,0,user_4,632,637,3135
3717,58,1499999,0,user_0,637,637,3135
3719,59,1499999,0,user_1,637,637,3135
3370,60,1400000,0,user_46,631,637,
3272,61,1400000,18600,user_48,629,637,
3497,62,1400000,0,user_25,633,637,
3629,63,1400000,0,user_25,635,637,
3639,64,1200000,0,user_31,635,637,
3309,65,1100000,0,user_34,630,637,
3323,66,1000000,0,user_44,630,637,
3574,67,1000000,0,user_31,634,637,
3644,68,1000000,33100,user_37,635,637,
3431,69,970000,0,user_37,632,637,
3573,70,660000,0,user_30,634,637,
3152,71,650000,8520,user_48,627,637,
3354,72,630000,0,user_32,631,637,
3209,73,600000,0,user_48,628,637,
3688,74,600000,0,user_21,636,637,
3703,75,600000,0,user_35,636,637,
3128,76,530000,0,user_26,627,637,
3348,77,530000,285000,user_26,631,637,
3406,78,420001,0,user_15,632,637,3068
3488,79,420001,0,user_15,633,637,3068
3566,80,420000,0,user_21,634,637,
3594,81,420000,0,user_47,634,637,
3701,82,420000,36800,user_33,636,637,
3397,83,419999,0,user_9,632,637,3068
3403,84,419999,0,user_15,632,637,3068
3404,85,419999,0,user_15,632,637,3068
3246,86,360000,0,user_34,629,637,
3503,87,360000,12300,user_30,633,637,
3630,88,340000,0,user_25,635,637,
3640,89,340000,0,user_33,635,637,
3316,90,310000,0,user_41,630,637,
3240,91,260000,0,user_26,629,637,
3082,92,240000,0,user_48,626,637,
3412,93,240000,0,user_22,632,637,
3235,94,220001,0,user_19,629,637,2697
3341,95,220001,0,user_16,631,637,2697
3325,96,220000,0,user_46,630,637,
3119,97,219999,0,user_16,627,637,2697
3121,98,219999,0,user_19,627,637,2697
3233,99,219999,0,user_16,629,637,2697
3292,0,219999,0,user_16,630,638,2697
3296,1,219999,0,user_19,630,638,2697
3298,2,160000,0,user_22,630,638,
3273,3,160000,0,user_49,629,638,
3253,4,100000,0,user_38,629,638,
3339,5,86999,0,user_12,631,638,3011
3241,6,85000,0,user_26,629,638,
3347,7,83000,0,user_26,631,638,
3279,8,77001,0,user_8,630,638,3243
3290,9,76999,0,user_14,630,638,3243
3352,10,70000,0,user_29,631,638,
3416,0,43000000,0,user_26,632,639,
3585,1,19000000,369000,user_38,634,639,
3815,2,19000000,0,user_31,638,639,
3494,3,6300000,0,user_23,633,639,
3769,4,6100001,0,user_2,638,639,3496
3436,5,6100000,0,user_44,632,639,
3484,6,5000001,0,user_12,633,639,2694
3343,7,5000001,0,user_17,631,639,2694
3481,8,5000001,0,user_10,633,639,2694
3554,9,5000001,0,user_11,634,639,2694
3616,10,5000001,0,user_13,635,639,2694
3614,11,5000001,0,user_12,635,639,2694
3660,12,5000001,0,user_4,636,639,2694
3662,13,5000001,0,user_4,636,639,2694
3618,14,5000001,0,user_16,635,639,2694
3619,15,5000001,0,user_16,635,639,2694
3621,16,5000001,0,user_16,635,639,2694
3663,17,5000001,0,user_5,636,639,2694
3613,18,5000001,0,user_10,635,639,2694
3671,19,5000001,0,user_11,636,639,2694
3677,20,5000001,0,user_13,636,639,2694
3723,21,5000001,0,user_3,637,639,2694
3724,22,5000001,0,user_5,637,639,2694
3725,23,5000001,0,user_5,637,639,2694
3623,24,5000001,0,user_17,635,639,2694
3743,25,5000000,0,user_21,637,639,
3548,26,4999999,0,user_3,634,639,2694
3479,27,4999999,0,user_8,633,639,2694
3485,28,4999999,0,user_12,633,639,2694
3549,29,4999999,0,user_4,634,639,2694
3480,30,4999999,0,user_10,633,639,2694
3552,31,4999999,0,user_7,634,639,2694
3491,32,4999999,0,user_18,633,639,2694
3555,33,4999999,0,user_13,634,639,2694
3556,34,4999999,0,user_13,634,639,2694
3553,35,4999999,0,user_8,634,639,2694
3606,36,4999999,0,user_5,635,639,2694
3607,37,4999999,0,user_6,635,639,2694
3615,38,4999999,0,user_12,635,639,2694
3661,39,4999999,0,user_4,636,639,2694
3620,40,4999999,0,user_16,635,639,2694
3625,41,4999999,0,user_19,635,639,2694
3664,42,4999999,0,user_6,636,639,2694
3669,43,4999999,0,user_11,636,639,2694
3670,44,4999999,0,user_11,636,639,2694
3673,45,4999999,0,user_13,636,639,2694
3676,46,4999999,0,user_13,636,639,2694
3668,47,4999999,0,user_10,636,639,2694
3726,48,4999999,0,user_7,637,639,2694
3513,49,4500000,0,user_38,633,639,
3437,50,4200000,0,user_44,632,639,
3356,51,3600000,0,user_34,631,639,
3758,52,3500000,5630,user_37,637,639,
3501,53,3500000,0,user_29,633,639,
3367,54,2600000,0,user_43,631,639,
3365,55,2500000,0,user_43,631,639,
3817,56,2500000,0,user_31,638,639,
3634,57,2300000,13900,user_29,635,639,
3563,58,2100000,0,user_20,634,639,
3372,59,2000000,0,user_48,631,639,
3514,60,1900000,0,user_38,633,639,
3595,61,1800000,24700,user_48,634,639,
3493,62,1600000,35100,user_22,633,639,
3362,63,1600000,0,user_41,631,639,
3735,64,1500001,0,user_15,637,639,3135
3611,65,1500001,0,user_7,635,639,3135
3672,66,1500001,0,user_11,636,639,3135
3584,67,1500000,0,user_38,634,639,
3550,68,1499999,0,user_5,634,639,3135
3559,69,1499999,0,user_19,634,639,3135
3665,70,1499999,0,user_7,636,639,3135
3684,71,1499999,0,user_16,636,639,3135
3622,72,1499999,0,user_17,635,639,3135
3355,73,1400000,0,user_34,631,639,
3502,74,1300000,121000,user_29,633,639,
3525,75,1300000,0,user_44,633,639,
3567,76,1300000,0,user_23,634,639,
3410,77,1200000,0,user_20,632,639,
3754,78,1100000,0,user_31,637,639,
3435,79,1100000,0,user_41,632,639,
3648,80,1100000,0,user_40,635,639,
3561,81,1100000,0,user_20,634,639,
3327,82,1000000,0,user_49,630,639,
3413,83,1000000,215000,user_23,632,639,
3517,84,1000000,0,user_41,633,639,
3590,85,1000000,0,user_43,634,639,
3581,86,1000000,0,user_38,634,639,
3802,87,1000000,0,user_25,638,639,
3814,88,1000000,33300,user_30,638,639,
3821,89,1000000,0,user_35,638,639,
3746,90,970000,0,user_24,637,639,
3408,91,970000,0,user_20,632,639,
3692,92,970000,0,user_26,636,639,
3818,93,970000,3130,user_31,638,639,
3571,94,910000,0,user_28,634,639,
3753,95,870000,0,user_30,637,639,
3747,96,870000,0,user_24,637,639,
3587,97,670000,0,user_40,634,639,
3564,98,670000,36800,user_20,634,639,
3627,99,600000,0,user_22,635,639,
2651,0,5000000,0,user_0,640,640,
2652,1,970000,0,user_1,640,640,
2650,2,650000,0,user_0,640,640,
2706,0,43000001,0,user_0,641,641,2691
2691,1,43000000,16400,user_37,640,641,
2707,2,42999999,0,user_1,641,641,2691
2685,3,30000000,0,user_31,640,641,
2662,4,1100000,0,user_9,640,641,
2653,5,870000,0,user_2,640,641,
2677,6,310000,0,user_21,640,641,
2678,7,310000,0,user_21,640,641,
2690,8,170000,0,user_37,640,641,
2680,9,160000,0,user_24,640,641,
2703,10,120000,0,user_47,640,641,
2654,11,110000,0,user_2,640,641,
2708,0,43000001,0,user_2,641,643,2691
2722,1,43000001,0,user_15,641,643,2691
2788,2,43000000,0,user_25,642,643,
2764,3,42999999,0,user_0,642,643,2691
2776,4,42999999,0,user_15,642,643,2691
2781,5,5000000,0,user_21,642,643,
2785,6,5000000,0,user_24,642,643,
2741,7,4500000,0,user_31,641,643,
2756,8,4500000,0,user_47,641,643,
2820,9,2000001,0,user_0,643,643,2786
2667,10,2000000,11200,user_13,640,643,
2786,11,2000000,30200,user_24,642,643,
2656,12,1900000,5180,user_5,640,643,
2765,13,1600001,0,user_0,642,643,2745
2821,14,1600001,0,user_1,643,643,2745
2687,15,1600000,0,user_32,640,643,
2745,16,1600000,35600,user_35,641,643,
2774,17,1599999,0,user_9,642,643,2745
2747,18,1500000,0,user_37,641,643,
2793,19,1500000,0,user_30,642,643,
2812,20,1400000,0,user_47,642,643,
2811,21,1300000,15700,user_47,642,643,
2743,22,1100000,0,user_33,641,643,
2658,23,970000,0,user_6,640,643,
2664,24,910000,0,user_11,640,643,
2657,25,530000,0,user_6,640,643,
2660,26,460000,0,user_7,640,643,
2783,27,460000,15100,user_21,642,643,
2794,28,460000,0,user_31,642,643,
2686,29,260000,0,user_32,640,643,
2688,30,260000,0,user_32,640,643,
2795,31,260000,0,user_31,642,643,
2800,32,260000,0,user_35,642,643,
2655,33,220000,0,user_3,640,643,
2740,34,220000,71800,user_30,641,643,
2787,35,220000,0,user_24,642,643,
2799,36,170000,0,user_35,642,643,
2744,37,160000,30200,user_33,641,643,
2659,38,120000,0,user_6,640,643,
2731,39,120000,0,user_21,641,643,
2742,40,120000,0,user_32,641,643,
2666,41,110000,0,user_13,640,643,
2801,42,98000,0,user_37,642,643,
2782,43,87000,100000,user_21,642,643,
2730,44,85000,0,user_21,641,643,
2733,45,85000,0,user_25,641,643,
2784,46,80000,0,user_24,642,643,
2711,0,43000001,0,user_5,641,644,2691
2719,1,43000001,0,user_11,641,644,2691
2712,2,42999999,0,user_5,641,644,2691
2715,3,42999999,0,user_10,641,644,2691
2668,4,30000000,0,user_14,640,644,
2675,5,6300000,0,user_18,640,644,
2853,6,6100000,0,user_30,643,644,
2694,7,5000000,959000,user_40,640,644,
2673,8,5000000,0,user_17,640,644,
2867,9,5000000,0,user_47,643,644,
2771,10,4999999,0,user_6,642,644,2694
2704,11,4200000,0,user_48,640,644,
2796,12,2100000,0,user_32,642,644,
2727,13,2000001,0,user_19,641,644,2667
2770,14,2000001,0,user_6,642,644,2667
2709,15,1999999,0,user_5,641,644,2667
2710,16,1999999,0,user_5,641,644,2667
2766,17,1999999,0,user_3,642,644,2667
2723,18,1999999,0,user_16,641,644,2667
2716,19,1999999,0,user_10,641,644,2667
2717,20,1999999,0,user_10,641,644,2667
2713,21,1900001,0,user_7,641,644,2656
2718,22,1900001,0,user_11,641,644,2656
2720,23,1900001,0,user_13,641,644,2656
2679,24,1900000,0,user_22,640,644,
2669,25,1899999,0,user_16,640,644,2656
2735,26,1700000,100000,user_26,641,644,
2698,27,1500000,0,user_44,640,644,
2671,28,1500000,0,user_17,640,644,
2695,29,1500000,0,user_41,640,644,
2845,30,1500000,0,user_24,643,644,
2856,31,1300000,0,user_35,643,644,
2832,32,1299999,0,user_15,643,644,2811
2702,33,1200000,0,user_46,640,644,
2848,34,1200000,0,user_25,643,644,
2822,35,1000001,0,user_2,643,644,2734
2734,36,1000000,121000,user_26,641,644,
2714,37,660000,0,user_8,641,644,
2676,38,600000,6390,user_20,640,644,
2772,39,599999,0,user_7,642,644,2676
2674,40,460000,0,user_17,640,644,
2857,41,460000,0,user_35,643,644,
2749,42,420000,0,user_40,641,644,
2683,43,420000,0,user_28,640,644,
2696,44,420000,0,user_43,640,644,
2842,45,420000,0,user_21,643,644,
2684,46,370000,0,user_29,640,644,
2721,47,350000,0,user_14,641,644,
2663,48,340000,0,user_10,640,644,
2855,49,310000,0,user_35,643,644,
2670,50,260000,0,user_17,640,644,
2769,51,220001,0,user_5,642,644,2697
2697,52,220000,410000,user_44,640,644,
2854,53,220000,0,user_31,643,644,
2726,54,219999,0,user_19,641,644,2697
2701,55,170000,0,user_46,640,644,
2689,56,160000,0,user_34,640,644,
2852,57,160000,0,user_30,643,644,
2665,58,110000,0,user_12,640,644,
2846,59,98000,0,user_24,643,644,
2847,60,87000,0,user_25,643,644,
2899,61,84001,0,user_0,644,644,2797
2900,62,84001,0,user_1,644,644,2797
2797,63,84000,108000,user_32,642,644,
2767,64,83001,0,user_4,642,644,2661
2681,65,83000,0,user_26,640,644,
2661,66,83000,68100,user_8,640,644,
2768,67,82999,0,user_4,642,644,2661
2739,68,77000,17000,user_29,641,644,
2672,69,73000,0,user_17,640,644,
2827,0,42999999,0,user_10,643,646,2691
2798,1,30000000,0,user_34,642,646,
2728,2,27000000,0,user_20,641,646,
2732,5,19000000,0,user_23,641,646,
2789,7,5200000,0,user_26,642,646,
2979,8,5000001,0,user_2,645,646,2694
2902,11,4999999,0,user_3,644,646,2694
2844,13,3500000,0,user_22,643,646,
2851,18,2300000,0,user_29,643,646,
2828,22,2000001,0,user_10,643,646,2667
2805,25,1900000,0,user_41,642,646,
2724,27,1899999,0,user_17,641,646,2656
2903,30,1700001,0,user_3,644,646,2735
2904,31,1700001,0,user_4,644,646,2735
2907,32,1700001,0,user_4,644,646,2735
2908,33,1700001,0,user_4,644,646,2735
2840,34,1700001,0,user_19,643,646,2735
2912,35,1700001,0,user_5,644,646,2735
2837,36,1700001,0,user_18,643,646,2735
2918,37,1700001,0,user_11,644,646,2735
2920,38,1700001,0,user_13,644,646,2735
2905,39,1699999,0,user_4,644,646,2735
2911,40,1699999,0,user_5,644,646,2735
2913,41,1699999,0,user_5,644,646,2735
2914,42,1699999,0,user_6,644,646,2735
2915,43,1699999,0,user_7,644,646,2735
2835,44,1699999,0,user_18,643,646,2735
2754,45,1500000,0,user_43,641,646,
2826,51,1000001,0,user_8,643,646,2734
2831,52,1000001,0,user_12,643,646,2734
2777,53,1000001,0,user_16,642,646,2734
2778,54,1000001,0,user_16,642,646,2734
2779,56,999999,0,user_19,642,646,2734
2839,57,999999,0,user_19,643,646,2734
2910,58,999999,0,user_5,644,646,2734
2836,59,999999,0,user_18,643,646,2734
2859,60,870000,0,user_40,643,646,
2751,62,650000,0,user_41,641,646,
2692,63,630000,0,user_38,640,646,
2860,64,460000,0,user_40,643,646,
2729,65,420000,0,user_20,641,646,
2780,66,420000,0,user_20,642,646,
2807,67,350000,0,user_43,642,646,
3038,43,310001,0,builder_2,645,645,2757
2757,68,310000,35600,user_48,641,646,
2866,72,260000,0,user_46,643,646,
2843,73,240000,0,user_22,643,646,
2909,74,220001,0,user_5,644,646,2697
2738,76,220000,0,user_28,641,646,
2750,77,220000,0,user_41,641,646,
2809,79,170000,0,user_44,642,646,
2791,80,150000,0,user_28,642,646,
2755,81,120000,0,user_44,641,646,
2849,82,110000,0,user_26,643,646,
2752,83,110000,0,user_41,641,646,
2737,84,100000,0,user_28,641,646,
2838,86,87001,0,user_18,643,646,2782
2906,91,84001,0,user_4,644,646,2797
2753,97,77000,0,user_41,641,646,
2808,98,77000,0,user_43,642,646,
2850,60,70000,0,user_29,643,645,
2827,0,42999999,0,user_10,643,646,2691
2798,1,30000000,0,user_34,642,646,
2728,2,27000000,0,user_20,641,646,
3035,3,27000000,0,user_47,645,646,
2934,4,19000000,0,user_25,644,646,
2732,5,19000000,0,user_23,641,646,
2947,6,5200000,0,user_33,644,646,
2789,7,5200000,0,user_26,642,646,
2979,8,5000001,0,user_2,645,646,2694
2994,9,5000001,0,user_15,645,646,2694
2829,10,4999999,0,user_11,643,646,2694
2902,11,4999999,0,user_3,644,646,2694
2993,12,4999999,0,user_15,645,646,2694
2844,13,3500000,0,user_22,643,646,
3021,14,3500000,0,user_37,645,646,
2792,15,3200000,0,user_29,642,646,
2804,16,2600000,32900,user_40,642,646,
2995,17,2300001,0,user_15,645,646,2946
2851,18,2300000,0,user_29,643,646,
2946,19,2300000,510000,user_32,644,646,
2991,20,2299999,0,user_15,645,646,2946
2992,21,2299999,0,user_15,645,646,2946
2828,22,2000001,0,user_10,643,646,2667
3018,23,2000000,0,user_33,645,646,
3019,24,2000000,24700,user_35,645,646,
2805,25,1900000,0,user_41,642,646,
2725,26,1899999,0,user_18,641,646,2656
2724,27,1899999,0,user_17,641,646,2656
2825,28,1700001,0,user_6,643,646,2735
2830,29,1700001,0,user_11,643,646,2735
2903,30,1700001,0,user_3,644,646,2735
2904,31,1700001,0,user_4,644,646,2735
2907,32,1700001,0,user_4,644,646,2735
2908,33,1700001,0,user_4,644,646,2735
2840,34,1700001,0,user_19,643,646,2735
2912,35,1700001,0,user_5,644,646,2735
2837,36,1700001,0,user_18,643,646,2735
2918,37,1700001,0,user_11,644,646,2735
2920,38,1700001,0,user_13,644,646,2735
2905,39,1699999,0,user_4,644,646,2735
2911,40,1699999,0,user_5,644,646,2735
2913,41,1699999,0,user_5,644,646,2735
2914,42,1699999,0,user_6,644,646,2735
2915,43,1699999,0,user_7,644,646,2735
2835,44,1699999,0,user_18,643,646,2735
2754,45,1500000,0,user_43,641,646,
2945,46,1500000,0,user_32,644,646,
3007,47,1400000,35100,user_24,645,646,
2950,48,1200000,49100,user_35,644,646,
2823,49,1000001,0,user_3,643,646,2734
2824,50,1000001,0,user_4,643,646,2734
2826,51,1000001,0,user_8,643,646,2734
2831,52,1000001,0,user_12,643,646,2734
2777,53,1000001,0,user_16,642,646,2734
2778,54,1000001,0,user_16,642,646,2734
3009,55,1000000,0,user_24,645,646,
2779,56,999999,0,user_19,642,646,2734
2839,57,999999,0,user_19,643,646,2734
2910,58,999999,0,user_5,644,646,2734
2836,59,999999,0,user_18,643,646,2734
2859,60,870000,0,user_40,643,646,
3008,61,660000,0,user_24,645,646,
2751,62,650000,0,user_41,641,646,
2692,63,630000,0,user_38,640,646,
2860,64,460000,0,user_40,643,646,
2729,65,420000,0,user_20,641,646,
2780,66,420000,0,user_20,642,646,
2807,67,350000,0,user_43,642,646,
2757,68,310000,35600,user_48,641,646,
3017,69,310000,0,user_31,645,646,
3016,70,300000,0,user_31,645,646,
2959,71,260000,0,user_47,644,646,
2866,72,260000,0,user_46,643,646,
2843,73,240000,0,user_22,643,646,
2909,74,220001,0,user_5,644,646,2697
3040,75,220001,0,user_1,646,646,2697
2738,76,220000,0,user_28,641,646,
2750,77,220000,0,user_41,641,646,
3010,78,220000,10700,user_25,645,646,
2809,79,170000,0,user_44,642,646,
2791,80,150000,0,user_28,642,646,
2755,81,120000,0,user_44,641,646,
2849,82,110000,0,user_26,643,646,
2752,83,110000,0,user_41,641,646,
2737,84,100000,0,user_28,641,646,
2922,85,87001,0,user_15,644,646,2782
2838,86,87001,0,user_18,643,646,2782
3011,87,87000,1100000,user_25,645,646,
2978,88,86999,0,user_0,645,646,2782
2949,89,85000,0,user_35,644,646,
2923,90,84001,0,user_15,644,646,2797
2906,91,84001,0,user_4,644,646,2797
2901,92,83999,0,user_2,644,646,2797
2916,93,83999,0,user_9,644,646,2797
3039,94,83999,0,user_0,646,646,2797
2775,95,82999,0,user_12,642,646,2661
2931,96,80000,1100000,user_21,644,646,
2753,97,77000,0,user_41,641,646,
2808,98,77000,0,user_43,642,646,
3005,99,77000,0,user_21,645,646,
3041,0,5000001,0,user_2,646,647,2694
3062,1,5000000,0,user_25,646,647,
3066,2,2300000,0,user_33,646,647,
2833,3,1899999,0,user_17,643,647,2656
2834,4,1899999,0,user_17,643,647,2656
2928,5,1700001,0,user_16,644,647,2735
2983,6,1700001,0,user_7,645,647,2735
2929,7,1700001,0,user_18,644,647,2735
2984,8,1700001,0,user_11,645,647,2735
2921,9,1699999,0,user_14,644,647,2735
2980,10,1699999,0,user_4,645,647,2735
2924,11,1699999,0,user_16,644,647,2735
2926,12,1699999,0,user_16,644,647,2735
2927,13,1699999,0,user_16,644,647,2735
2982,14,1699999,0,user_5,645,647,2735
2917,15,1699999,0,user_10,644,647,2735
2985,16,1699999,0,user_11,645,647,2735
2986,17,1699999,0,user_11,645,647,2735
2989,18,1699999,0,user_13,645,647,2735
2935,19,910000,0,user_26,644,647,
2861,20,870000,30200,user_41,643,647,
2813,21,460000,0,user_49,642,647,
2863,22,260000,0,user_43,643,647,
2981,23,220001,0,user_4,645,647,2697
2919,24,219999,0,user_12,644,647,2697
3065,25,190000,0,user_31,646,647,
2943,26,170000,6390,user_29,644,647,
2802,27,170000,0,user_38,642,647,
2841,28,150000,10700,user_20,643,647,
2944,29,120000,0,user_29,644,647,
2758,30,100000,0,user_49,641,647,
2958,31,98000,0,user_46,644,647,
2925,32,84001,0,user_16,644,647,2797
3107,33,79999,0,user_1,647,647,2931
3127,0,27000000,0,user_25,647,648,
3138,1,6100000,0,user_33,647,648,
3167,2,4999999,0,user_1,648,648,2694
2988,3,1700001,0,user_12,645,648,2735
3002,4,1700001,0,user_18,645,648,2735
2987,5,1699999,0,user_12,645,648,2735
2990,6,1699999,0,user_14,645,648,2735
3135,7,1500000,17700000,user_31,647,648,
3137,8,1100000,0,user_33,647,648,
3003,9,999999,0,user_18,645,648,2734
3134,10,650000,0,user_31,647,648,
3124,11,630000,0,user_21,647,648,
3015,12,240000,0,user_29,645,648,
3042,13,219999,0,user_3,646,648,2697
3108,14,219999,0,user_2,647,648,2697
3133,15,150000,0,user_30,647,648,
3132,16,98000,0,user_30,647,648,
3051,17,80001,0,user_11,646,648,2931
3043,18,79999,0,user_4,646,648,2931
3044,19,79999,0,user_7,646,648,2931
3071,0,27000000,322000,user_37,646,649,
3063,1,6100000,24700,user_26,646,649,
3195,2,5000000,0,user_35,648,649,
3081,3,3600000,594000,user_47,646,649,
3125,4,3600000,0,user_24,647,649,
2868,5,3500000,0,user_48,643,649,
2961,6,2600000,0,user_48,644,649,
3142,7,2500000,0,user_37,647,649,
3048,8,2300001,0,user_9,646,649,2946
3181,9,2300001,0,user_15,648,649,2946
3168,10,2299999,0,user_2,648,649,2946
3180,11,2299999,0,user_15,648,649,2946
3186,12,2100000,0,user_24,648,649,
3126,13,1800000,0,user_24,647,649,
2996,14,1699999,0,user_16,645,649,2735
2998,15,1699999,0,user_16,645,649,2735
2999,16,1699999,0,user_16,645,649,2735
3000,17,1699999,0,user_16,645,649,2735
3004,18,1699999,0,user_19,645,649,2735
3058,19,1699999,0,user_19,646,649,2735
2957,20,1500000,15700,user_44,644,649,
3060,21,1500000,0,user_24,646,649,
3151,22,1500000,0,user_47,647,649,
3072,23,1400000,0,user_37,646,649,
2948,24,1200000,0,user_34,644,649,
2956,25,1000000,11200,user_44,644,649,
3013,26,1000000,0,user_26,645,649,
3054,27,999999,0,user_16,646,649,2734
3047,28,999999,0,user_9,646,649,2734
3049,29,999999,0,user_9,646,649,2734
3053,30,999999,0,user_15,646,649,2734
3115,31,999999,0,user_9,647,649,2734
2960,32,670000,0,user_48,644,649,
3036,33,660000,0,user_48,645,649,
3190,34,660000,0,user_30,648,649,
3069,35,630000,0,user_35,646,649,
3136,36,530000,296000,user_32,647,649,
3187,37,530000,0,user_24,648,649,
3191,38,460000,10700,user_31,648,649,
3068,39,420000,769000,user_35,646,649,
3220,40,419999,0,user_1,649,649,3068
3197,41,300000,0,user_37,648,649,
3111,42,220001,0,user_4,647,649,2697
3112,43,220001,0,user_5,647,649,2697
3109,44,219999,0,user_3,647,649,2697
3045,45,219999,0,user_8,646,649,2697
3110,46,219999,0,user_4,647,649,2697
3113,47,219999,0,user_7,647,649,2697
3080,48,150000,0,user_46,646,649,
2962,49,120000,0,user_48,644,649,
3012,50,120000,0,user_26,645,649,
3061,51,110000,0,user_24,646,649,
3070,52,85000,5180,user_37,646,649,
2997,53,84001,0,user_16,645,649,2797
3173,54,84001,0,user_9,648,649,2797
3050,55,83999,0,user_9,646,649,2797
3046,56,80001,0,user_8,646,649,2931
3219,57,80001,0,user_0,649,649,2931
3052,58,79999,0,user_14,646,649,2931
3064,59,73000,0,user_26,646,649,
3239,0,2300000,0,user_25,649,650,
3252,1,2100000,369000,user_37,649,650,
3271,2,1100000,31700,user_47,649,650,
3244,3,1000000,0,user_30,649,650,
3248,4,530000,0,user_35,649,650,
3274,5,420001,0,user_0,650,650,3068
3226,6,419999,0,user_9,649,650,3068
3275,7,419999,0,user_1,650,650,3068
3247,8,340000,0,user_35,649,650,
3237,9,87000,10700,user_21,649,650,
3227,10,86999,0,user_9,649,650,3011
3192,0,5200000,0,user_32,648,651,
3280,1,5000001,0,user_9,650,651,2694
3297,2,5000000,0,user_21,650,651,
3330,3,4999999,0,user_1,651,651,2694
3311,4,2500000,0,user_37,650,651,
3304,5,2400000,0,user_31,650,651,
3300,6,1600000,75000,user_24,650,651,
3193,7,1400000,0,user_32,648,651,
3310,8,1400000,0,user_35,650,651,
3326,9,1100000,0,user_47,650,651,
3305,10,630000,0,user_31,650,651,
3307,11,420000,0,user_33,650,651,
3291,12,419999,0,user_15,650,651,3068
3245,13,170000,0,user_32,649,651,
3303,14,110000,0,user_30,650,651,
3328,15,86999,0,user_0,651,651,3011
3329,16,86999,0,user_1,651,651,3011
3256,0,43000000,0,user_40,649,653,
3464,1,30000001,0,builder_2,652,652,2941
2941,1,30000000,68100,user_28,644,653,
2955,3,6100000,0,user_43,644,653,
3333,7,5000001,0,user_7,651,653,2694
3338,8,5000001,0,user_11,651,653,2694
3388,9,5000001,0,user_2,652,653,2694
3465,7,3500001,0,builder_2,652,652,2869
2869,18,3500000,16400,user_49,643,653,
3264,19,3500000,0,user_41,649,653,
3295,32,2300001,0,user_18,650,653,2946
3258,33,2300000,0,user_40,649,653,
3234,45,2299999,0,user_17,649,653,2946
3281,46,2299999,0,user_10,650,653,2946
3466,14,2100001,0,builder_2,652,652,3145
3145,48,2100000,128000,user_40,647,653,
3033,47,2100000,0,user_43,645,653,
3467,17,2000001,0,builder_2,652,652,3006
3006,49,2000000,5640,user_23,645,653,
3262,51,2000000,0,user_41,649,653,
2870,52,1800000,0,user_49,643,653,
3468,21,1600001,0,builder_2,652,652,3198
3198,55,1600000,15700,user_38,648,653,
3029,54,1600000,0,user_41,645,653,
3028,60,1500000,0,user_40,645,653,
3001,63,1000001,0,user_17,645,653,2734
3032,64,1000000,0,user_43,645,653,
3200,67,970000,0,user_40,648,653,
3022,74,470000,0,user_38,645,653,
3469,29,350001,0,builder_2,652,652,2858
2858,78,350000,84800,user_38,643,653,
3470,31,310001,0,builder_2,652,652,2932
2932,80,310000,7840,user_23,644,653,
3255,81,310000,0,user_40,649,653,
2953,82,300000,0,user_40,644,653,
3037,83,260000,0,user_49,645,653,
3315,84,260000,0,user_40,650,653,
3263,97,160000,15700,user_41,649,653,
3471,38,159999,0,builder_2,652,652,3263
3472,39,79001,0,builder_2,652,652,3261
3261,40,79000,84800,user_41,649,652,
2942,94,160000,0,user_28,644,653,
3031,95,160000,0,user_43,645,653,
3034,96,160000,0,user_43,645,653,
3266,98,160000,0,user_43,649,653,
2963,99,150000,0,user_49,644,653,
3260,46,150000,0,user_41,649,652,
2930,47,130000,0,user_20,644,652,
2952,48,130000,0,user_40,644,652,
3210,49,120000,0,user_49,648,652,
3238,50,110000,0,user_23,649,652,
3014,51,100000,0,user_28,645,652,
3332,52,87001,0,user_6,651,652,3011
3259,53,85000,0,user_40,649,652,
3314,54,82000,0,user_40,650,652,
3257,55,79000,0,user_40,649,652,
3236,56,70000,0,user_20,649,652,
3256,0,43000000,0,user_40,649,653,
2941,1,30000000,68100,user_28,644,653,
3422,2,19000000,0,user_30,652,653,
2955,3,6100000,0,user_43,644,653,
3055,4,5000001,0,user_17,646,653,2694
3224,5,5000001,0,user_7,649,653,2694
3331,6,5000001,0,user_2,651,653,2694
3333,7,5000001,0,user_7,651,653,2694
3338,8,5000001,0,user_11,651,653,2694
3388,9,5000001,0,user_2,652,653,2694
3473,10,5000001,0,user_1,653,653,2694
3170,11,4999999,0,user_4,648,653,2694
3117,12,4999999,0,user_10,647,653,2694
3076,13,4500000,0,user_41,646,653,
3428,14,4500000,0,user_31,652,653,
3189,15,4200000,0,user_29,648,653,
3202,16,4200000,0,user_43,648,653,
3184,17,3600000,0,user_23,648,653,
2869,18,3500000,16400,user_49,643,653,
3264,19,3500000,0,user_41,649,653,
3208,20,2600000,0,user_46,648,653,
3130,21,2400000,0,user_29,647,653,
3169,22,2300001,0,user_3,648,653,2946
3171,23,2300001,0,user_7,648,653,2946
3172,24,2300001,0,user_7,648,653,2946
3175,25,2300001,0,user_11,648,653,2946
3229,26,2300001,0,user_12,649,653,2946
3183,27,2300001,0,user_18,648,653,2946
3283,28,2300001,0,user_11,650,653,2946
3284,29,2300001,0,user_11,650,653,2946
3286,30,2300001,0,user_11,650,653,2946
3289,31,2300001,0,user_13,650,653,2946
3295,32,2300001,0,user_18,650,653,2946
3258,33,2300000,0,user_40,649,653,
3118,34,2299999,0,user_12,647,653,2946
3176,35,2299999,0,user_13,648,653,2946
3177,36,2299999,0,user_13,648,653,2946
3178,37,2299999,0,user_14,648,653,2946
3222,38,2299999,0,user_7,649,653,2946
3223,39,2299999,0,user_7,649,653,2946
3230,40,2299999,0,user_13,649,653,2946
3225,41,2299999,0,user_8,649,653,2946
3232,42,2299999,0,user_14,649,653,2946
3277,43,2299999,0,user_7,650,653,2946
3288,44,2299999,0,user_13,650,653,2946
3234,45,2299999,0,user_17,649,653,2946
3281,46,2299999,0,user_10,650,653,2946
3033,47,2100000,0,user_43,645,653,
3145,48,2100000,128000,user_40,647,653,
3006,49,2000000,5640,user_23,645,653,
3059,50,2000000,11200,user_20,646,653,
3262,51,2000000,0,user_41,649,653,
2870,52,1800000,0,user_49,643,653,
3206,53,1700000,0,user_46,648,653,
3029,54,1600000,0,user_41,645,653,
3198,55,1600000,15700,user_38,648,653,
3221,56,1500001,0,user_4,649,653,3135
3231,57,1500001,0,user_13,649,653,3135
3282,58,1500001,0,user_11,650,653,3135
3285,59,1500001,0,user_11,650,653,3135
3028,60,1500000,0,user_40,645,653,
3387,61,1499999,0,user_0,652,653,3135
3358,62,1400000,0,user_37,651,653,
3001,63,1000001,0,user_17,645,653,2734
3032,64,1000000,0,user_43,645,653,
3371,65,1000000,0,user_47,651,653,
3424,66,1000000,0,user_30,652,653,
3200,67,970000,0,user_40,648,653,
3150,68,910000,0,user_46,647,653,
3073,69,910000,67500,user_38,646,653,
3083,70,910000,0,user_49,646,653,
3201,71,660000,0,user_41,648,653,
3131,72,630000,0,user_29,647,653,
3084,73,530000,0,user_49,646,653,
3022,74,470000,0,user_38,645,653,
3335,75,419999,0,user_9,651,653,3068
3340,76,419999,0,user_15,651,653,3068
3207,77,370000,23500,user_46,648,653,
2858,78,350000,84800,user_38,643,653,
3129,79,320000,0,user_28,647,653,
2932,80,310000,7840,user_23,644,653,
3255,81,310000,0,user_40,649,653,
2953,82,300000,0,user_40,644,653,
3037,83,260000,0,user_49,645,653,
3315,84,260000,0,user_40,650,653,
3123,85,240000,84800,user_20,647,653,
3114,86,220001,0,user_8,647,653,2697
3116,87,220001,0,user_10,647,653,2697
3057,88,220001,0,user_18,646,653,2697
3120,89,220001,0,user_18,647,653,2697
3078,90,220000,0,user_43,646,653,
3306,91,220000,0,user_32,650,653,
3357,92,220000,0,user_37,651,653,
3415,93,190000,0,user_25,652,653,
2942,94,160000,0,user_28,644,653,
3031,95,160000,0,user_43,645,653,
3034,96,160000,0,user_43,645,653,
3263,97,160000,15700,user_41,649,653,
3266,98,160000,0,user_43,649,653,
2963,99,150000,0,user_49,644,653,
3085,0,150000,0,user_49,646,654,
3086,1,130000,0,user_49,646,654,
3146,2,120000,0,user_41,647,654,
3153,3,100000,0,user_49,647,654,
3087,4,83000,13900,user_49,646,654,
3056,5,80001,0,user_18,646,654,2931
3143,6,70000,15700,user_38,647,654,
3494,3,6300000,0,user_23,653,659,
3401,17,5000001,0,user_14,652,657,2694
3402,18,5000001,0,user_14,652,657,2694
3547,19,5000001,0,user_2,654,657,2694
3613,18,5000001,0,user_10,655,659,2694
3396,25,4999999,0,user_8,652,657,2694
3399,26,4999999,0,user_12,652,657,2694
3477,27,4999999,0,user_4,653,657,2694
3552,31,4999999,0,user_7,654,659,2694
3148,31,4500000,0,user_44,647,657,
3563,58,2100000,0,user_20,654,659,
3475,52,1500001,0,user_3,653,657,3135
3486,53,1500001,0,user_13,653,657,3135
3611,65,1500001,0,user_7,655,659,3135
3567,76,1300000,0,user_23,654,659,
3561,81,1100000,0,user_20,654,659,
3517,84,1000000,0,user_41,653,659,
3590,85,1000000,0,user_43,654,659,
3571,94,910000,0,user_28,654,659,
3564,98,670000,36800,user_20,654,659,
3152,71,650000,8520,user_48,647,657,
3128,76,530000,0,user_26,647,657,
3432,22,460000,100000,user_38,652,655,
3500,23,260000,0,user_28,653,655,
3082,92,240000,0,user_48,646,657,
3412,93,240000,0,user_22,652,657,
3119,97,219999,0,user_16,647,657,2697
3121,98,219999,0,user_19,647,657,2697
3067,28,170000,0,user_34,646,655,
3562,29,170000,0,user_20,654,655,
3588,30,170000,12300,user_41,654,655,
3373,31,150000,0,user_49,651,655,
3560,32,150000,0,user_20,654,655,
3359,33,110000,0,user_38,651,655,
3482,34,87001,0,user_11,653,655,3011
3551,35,87001,0,user_7,654,655,3011
3495,36,83000,0,user_23,653,655,
3122,37,79999,0,user_19,647,655,2931
3490,38,77001,0,user_17,653,655,3243
3476,39,77001,0,user_3,653,655,3243
3585,1,19000000,369000,user_38,654,659,
3623,24,5000001,0,user_17,655,659,2694
3668,47,4999999,0,user_10,656,659,2694
3513,49,4500000,0,user_38,653,659,
3514,60,1900000,0,user_38,653,659,
3584,67,1500000,0,user_38,654,659,
3622,72,1499999,0,user_17,655,659,3135
3665,70,1499999,0,user_7,656,659,3135
3581,86,1000000,0,user_38,654,659,
3652,9,370000,769000,user_43,655,656,
3582,10,220000,0,user_38,654,656,
3649,11,120000,0,user_41,655,656,
3583,12,110000,0,user_38,654,656,
3512,13,85000,108000,user_38,653,656,
3529,14,77000,0,user_49,653,656,
3508,0,43000000,0,user_35,653,657,
3299,1,27000000,0,user_23,650,657,
3687,2,27000000,0,user_21,656,657,
3565,3,6300000,231000,user_21,654,657,
3578,4,6300000,12800,user_33,654,657,
3496,5,6100000,7190000,user_25,653,657,
3691,6,6100000,0,user_25,656,657,
3390,7,5000001,0,user_3,652,657,2694
3391,8,5000001,0,user_3,652,657,2694
3278,9,5000001,0,user_8,650,657,2694
3287,10,5000001,0,user_12,650,657,2694
3334,11,5000001,0,user_8,651,657,2694
3336,12,5000001,0,user_10,651,657,2694
3337,13,5000001,0,user_10,651,657,2694
3344,14,5000001,0,user_18,651,657,2694
3400,15,5000001,0,user_13,652,657,2694
3546,16,5000001,0,user_0,654,657,2694
3401,17,5000001,0,user_14,652,657,2694
3402,18,5000001,0,user_14,652,657,2694
3547,19,5000001,0,user_2,654,657,2694
3558,20,5000001,0,user_15,654,657,2694
3617,21,5000001,0,user_15,655,657,2694
3308,22,5000000,0,user_34,650,657,
3393,23,4999999,0,user_5,652,657,2694
3474,24,4999999,0,user_2,653,657,2694
3396,25,4999999,0,user_8,652,657,2694
3399,26,4999999,0,user_12,652,657,2694
3477,27,4999999,0,user_4,653,657,2694
3612,28,4999999,0,user_9,655,657,2694
3659,29,4999999,0,user_0,656,657,2694
3683,30,4999999,0,user_15,656,657,2694
3148,31,4500000,0,user_44,647,657,
3572,32,4500000,0,user_30,654,657,
3429,33,3600000,0,user_35,652,657,
3577,34,3600000,0,user_33,654,657,
3635,35,3600000,350000,user_31,655,657,
3188,36,3500000,0,user_26,648,657,
3704,37,3500000,0,user_35,656,657,
3506,38,3200000,0,user_33,653,657,
3575,39,2600000,0,user_32,654,657,
3700,40,2600000,64600,user_33,656,657,
3293,41,2300001,0,user_17,650,657,2946
3351,42,2300000,181000,user_29,651,657,
3568,43,2300000,0,user_24,654,657,
3345,44,2299999,0,user_19,651,657,2946
3294,45,2299999,0,user_17,650,657,2946
3636,46,2100000,0,user_31,655,657,
3302,47,2000000,0,user_28,650,657,
3643,48,2000000,0,user_35,655,657,
3194,49,1900000,0,user_34,648,657,
3322,50,1600000,0,user_44,650,657,
3395,51,1500001,0,user_7,652,657,3135
3475,52,1500001,0,user_3,653,657,3135
3486,53,1500001,0,user_13,653,657,3135
3602,54,1500001,0,user_0,655,657,3135
3722,55,1500001,0,user_1,657,657,3135
3628,56,1500000,0,user_24,655,657,
3392,57,1499999,0,user_4,652,657,3135
3717,58,1499999,0,user_0,657,657,3135
3719,59,1499999,0,user_1,657,657,3135
3370,60,1400000,0,user_46,651,657,
3272,61,1400000,18600,user_48,649,657,
3497,62,1400000,0,user_25,653,657,
3629,63,1400000,0,user_25,655,657,
3639,64,1200000,0,user_31,655,657,
3309,65,1100000,0,user_34,650,657,
3323,66,1000000,0,user_44,650,657,
3574,67,1000000,0,user_31,654,657,
3644,68,1000000,33100,user_37,655,657,
3431,69,970000,0,user_37,652,657,
3573,70,660000,0,user_30,654,657,
3152,71,650000,8520,user_48,647,657,
3354,72,630000,0,user_32,651,657,
3209,73,600000,0,user_48,648,657,
3688,74,600000,0,user_21,656,657,
3703,75,600000,0,user_35,656,657,
3128,76,530000,0,user_26,647,657,
3348,77,530000,285000,user_26,651,657,
3406,78,420001,0,user_15,652,657,3068
3488,79,420001,0,user_15,653,657,3068
3566,80,420000,0,user_21,654,657,
3594,81,420000,0,user_47,654,657,
3701,82,420000,36800,user_33,656,657,
3397,83,419999,0,user_9,652,657,3068
3403,84,419999,0,user_15,652,657,3068
3404,85,419999,0,user_15,652,657,3068
3246,86,360000,0,user_34,649,657,
3503,87,360000,12300,user_30,653,657,
3630,88,340000,0,user_25,655,657,
3640,89,340000,0,user_33,655,657,
3316,90,310000,0,user_41,650,657,
3240,91,260000,0,user_26,649,657,
3082,92,240000,0,user_48,646,657,
3412,93,240000,0,user_22,652,657,
3235,94,220001,0,user_19,649,657,2697
3341,95,220001,0,user_16,651,657,2697
3325,96,220000,0,user_46,650,657,
3119,97,219999,0,user_16,647,657,2697
3121,98,219999,0,user_19,647,657,2697
3233,99,219999,0,user_16,649,657,2697
3292,0,219999,0,user_16,650,658,2697
3296,1,219999,0,user_19,650,658,2697
3298,2,160000,0,user_22,650,658,
3273,3,160000,0,user_49,649,658,
3253,4,100000,0,user_38,649,658,
3339,5,86999,0,user_12,651,658,3011
3241,6,85000,0,user_26,649,658,
3347,7,83000,0,user_26,651,658,
3279,8,77001,0,user_8,650,658,3243
3290,9,76999,0,user_14,650,658,3243
3352,10,70000,0,user_29,651,658,
3416,0,43000000,0,user_26,652,659,
3585,1,19000000,369000,user_38,654,659,
3815,2,19000000,0,user_31,658,659,
3494,3,6300000,0,user_23,653,659,
3769,4,6100001,0,user_2,658,659,3496
3436,5,6100000,0,user_44,652,659,
3484,6,5000001,0,user_12,653,659,2694
3343,7,5000001,0,user_17,651,659,2694
3481,8,5000001,0,user_10,653,659,2694
3554,9,5000001,0,user_11,654,659,2694
3616,10,5000001,0,user_13,655,659,2694
3614,11,5000001,0,user_12,655,659,2694
3660,12,5000001,0,user_4,656,659,2694
3662,13,5000001,0,user_4,656,659,2694
3618,14,5000001,0,user_16,655,659,2694
3619,15,5000001,0,user_16,655,659,2694
3621,16,5000001,0,user_16,655,659,2694
3663,17,5000001,0,user_5,656,659,2694
3613,18,5000001,0,user_10,655,659,2694
3671,19,5000001,0,user_11,656,659,2694
3677,20,5000001,0,user_13,656,659,2694
3723,21,5000001,0,user_3,657,659,2694
3724,22,5000001,0,user_5,657,659,2694
3725,23,5000001,0,user_5,657,659,2694
3623,24,5000001,0,user_17,655,659,2694
3743,25,5000000,0,user_21,657,659,
3548,26,4999999,0,user_3,654,659,2694
3479,27,4999999,0,user_8,653,659,2694
3485,28,4999999,0,user_12,653,659,2694
3549,29,4999999,0,user_4,654,659,2694
3480,30,4999999,0,user_10,653,659,2694
3552,31,4999999,0,user_7,654,659,2694
3491,32,4999999,0,user_18,653,659,2694
3555,33,4999999,0,user_13,654,659,2694
3556,34,4999999,0,user_13,654,659,2694
3553,35,4999999,0,user_8,654,659,2694
3606,36,4999999,0,user_5,655,659,2694
3607,37,4999999,0,user_6,655,659,2694
3615,38,4999999,0,user_12,655,659,2694
3661,39,4999999,0,user_4,656,659,2694
3620,40,4999999,0,user_16,655,659,2694
3625,41,4999999,0,user_19,655,659,2694
3664,42,4999999,0,user_6,656,659,2694
3669,43,4999999,0,user_11,656,659,2694
3670,44,4999999,0,user_11,656,659,2694
3673,45,4999999,0,user_13,656,659,2694
3676,46,4999999,0,user_13,656,659,2694
3668,47,4999999,0,user_10,656,659,2694
3726,48,4999999,0,user_7,657,659,2694
3513,49,4500000,0,user_38,653,659,
3437,50,4200000,0,user_44,652,659,
3356,51,3600000,0,user_34,651,659,
3758,52,3500000,5630,user_37,657,659,
3501,53,3500000,0,user_29,653,659,
3367,54,2600000,0,user_43,651,659,
3365,55,2500000,0,user_43,651,659,
3817,56,2500000,0,user_31,658,659,
3634,57,2300000,13900,user_29,655,659,
3563,58,2100000,0,user_20,654,659,
3372,59,2000000,0,user_48,651,659,
3514,60,1900000,0,user_38,653,659,
3595,61,1800000,24700,user_48,654,659,
3493,62,1600000,35100,user_22,653,659,
3362,63,1600000,0,user_41,651,659,
3735,64,1500001,0,user_15,657,659,3135
3611,65,1500001,0,user_7,655,659,3135
3672,66,1500001,0,user_11,656,659,3135
3584,67,1500000,0,user_38,654,659,
3550,68,1499999,0,user_5,654,659,3135
3559,69,1499999,0,user_19,654,659,3135
3665,70,1499999,0,user_7,656,659,3135
3684,71,1499999,0,user_16,656,659,3135
3622,72,1499999,0,user_17,655,659,3135
3355,73,1400000,0,user_34,651,659,
3502,74,1300000,121000,user_29,653,659,
3525,75,1300000,0,user_44,653,659,
3567,76,1300000,0,user_23,654,659,
3410,77,1200000,0,user_20,652,659,
3754,78,1100000,0,user_31,657,659,
3435,79,1100000,0,user_41,652,659,
3648,80,1100000,0,user_40,655,659,
3561,81,1100000,0,user_20,654,659,
3327,82,1000000,0,user_49,650,659,
3413,83,1000000,215000,user_23,652,659,
3517,84,1000000,0,user_41,653,659,
3590,85,1000000,0,user_43,654,659,
3581,86,1000000,0,user_38,654,659,
3802,87,1000000,0,user_25,658,659,
3814,88,1000000,33300,user_30,658,659,
3821,89,1000000,0,user_35,658,659,
3746,90,970000,0,user_24,657,659,
3408,91,970000,0,user_20,652,659,
3692,92,970000,0,user_26,656,659,
3818,93,970000,3130,user_31,658,659,
3571,94,910000,0,user_28,654,659,
3753,95,870000,0,user_30,657,659,
3747,96,870000,0,user_24,657,659,
3587,97,670000,0,user_40,654,659,
3564,98,670000,36800,user_20,654,659,
3627,99,600000,0,user_22,655,659,
2651,0,5000000,0,user_0,660,660,
2652,1,970000,0,user_1,660,660,
2650,2,650000,0,user_0,660,660,
2706,0,43000001,0,user_0,661,661,2691
2691,1,43000000,16400,user_37,660,661,
2707,2,42999999,0,user_1,661,661,2691
2685,3,30000000,0,user_31,660,661,
2662,4,1100000,0,user_9,660,661,
2653,5,870000,0,user_2,660,661,
2677,6,310000,0,user_21,660,661,
2678,7,310000,0,user_21,660,661,
2690,8,170000,0,user_37,660,661,
2680,9,160000,0,user_24,660,661,
2703,10,120000,0,user_47,660,661,
2654,11,110000,0,user_2,660,661,
2708,0,43000001,0,user_2,661,663,2691
2722,1,43000001,0,user_15,661,663,2691
2788,2,43000000,0,user_25,662,663,
2764,3,42999999,0,user_0,662,663,2691
2776,4,42999999,0,user_15,662,663,2691
2781,5,5000000,0,user_21,662,663,
2785,6,5000000,0,user_24,662,663,
2741,7,4500000,0,user_31,661,663,
2756,8,4500000,0,user_47,661,663,
2820,9,2000001,0,user_0,663,663,2786
2667,10,2000000,11200,user_13,660,663,
2786,11,2000000,30200,user_24,662,663,
2656,12,1900000,5180,user_5,660,663,
2765,13,1600001,0,user_0,662,663,2745
2821,14,1600001,0,user_1,663,663,2745
2687,15,1600000,0,user_32,660,663,
2745,16,1600000,35600,user_35,661,663,
2774,17,1599999,0,user_9,662,663,2745
2747,18,1500000,0,user_37,661,663,
2793,19,1500000,0,user_30,662,663,
2812,20,1400000,0,user_47,662,663,
2811,21,1300000,15700,user_47,662,663,
2743,22,1100000,0,user_33,661,663,
2658,23,970000,0,user_6,660,663,
2664,24,910000,0,user_11,660,663,
2657,25,530000,0,user_6,660,663,
2660,26,460000,0,user_7,660,663,
2783,27,460000,15100,user_21,662,663,
2794,28,460000,0,user_31,662,663,
2686,29,260000,0,user_32,660,663,
2688,30,260000,0,user_32,660,663,
2795,31,260000,0,user_31,662,663,
2800,32,260000,0,user_35,662,663,
2655,33,220000,0,user_3,660,663,
2740,34,220000,71800,user_30,661,663,
2787,35,220000,0,user_24,662,663,
2799,36,170000,0,user_35,662,663,
2744,37,160000,30200,user_33,661,663,
2659,38,120000,0,user_6,660,663,
2731,39,120000,0,user_21,661,663,
2742,40,120000,0,user_32,661,663,
2666,41,110000,0,user_13,660,663,
2801,42,98000,0,user_37,662,663,
2782,43,87000,100000,user_21,662,663,
2730,44,85000,0,user_21,661,663,
2733,45,85000,0,user_25,661,663,
2784,46,80000,0,user_24,662,663,
2711,0,43000001,0,user_5,661,664,2691
2719,1,43000001,0,user_11,661,664,2691
2712,2,42999999,0,user_5,661,664,2691
2715,3,42999999,0,user_10,661,664,2691
2668,4,30000000,0,user_14,660,664,
2675,5,6300000,0,user_18,660,664,
2853,6,6100000,0,user_30,663,664,
2694,7,5000000,959000,user_40,660,664,
2673,8,5000000,0,user_17,660,664,
2867,9,5000000,0,user_47,663,664,
2771,10,4999999,0,user_6,662,664,2694
2704,11,4200000,0,user_48,660,664,
2796,12,2100000,0,user_32,662,664,
2727,13,2000001,0,user_19,661,664,2667
2770,14,2000001,0,user_6,662,664,2667
2709,15,1999999,0,user_5,661,664,2667
2710,16,1999999,0,user_5,661,664,2667
2766,17,1999999,0,user_3,662,664,2667
2723,18,1999999,0,user_16,661,664,2667
2716,19,1999999,0,user_10,661,664,2667
2717,20,1999999,0,user_10,661,664,2667
2713,21,1900001,0,user_7,661,664,2656
2718,22,1900001,0,user_11,661,664,2656
2720,23,1900001,0,user_13,661,664,2656
2679,24,1900000,0,user_22,660,664,
2669,25,1899999,0,user_16,660,664,2656
2735,26,1700000,100000,user_26,661,664,
2698,27,1500000,0,user_44,660,664,
2671,28,1500000,0,user_17,660,664,
2695,29,1500000,0,user_41,660,664,
2845,30,1500000,0,user_24,663,664,
2856,31,1300000,0,user_35,663,664,
2832,32,1299999,0,user_15,663,664,2811
2702,33,1200000,0,user_46,660,664,
2848,34,1200000,0,user_25,663,664,
2822,35,1000001,0,user_2,663,664,2734
2734,36,1000000,121000,user_26,661,664,
2714,37,660000,0,user_8,661,664,
2676,38,600000,6390,user_20,660,664,
2772,39,599999,0,user_7,662,664,2676
2674,40,460000,0,user_17,660,664,
2857,41,460000,0,user_35,663,664,
2749,42,420000,0,user_40,661,664,
2683,43,420000,0,user_28,660,664,
2696,44,420000,0,user_43,660,664,
2842,45,420000,0,user_21,663,664,
2684,46,370000,0,user_29,660,664,
2721,47,350000,0,user_14,661,664,
2663,48,340000,0,user_10,660,664,
2855,49,310000,0,user_35,663,664,
2670,50,260000,0,user_17,660,664,
2769,51,220001,0,user_5,662,664,2697
2697,52,220000,410000,user_44,660,664,
2854,53,220000,0,user_31,663,664,
2726,54,219999,0,user_19,661,664,2697
2701,55,170000,0,user_46,660,664,
2689,56,160000,0,user_34,660,664,
2852,57,160000,0,user_30,663,664,
2665,58,110000,0,user_12,660,664,
2846,59,98000,0,user_24,663,664,
2847,60,87000,0,user_25,663,664,
2899,61,84001,0,user_0,664,664,2797
2900,62,84001,0,user_1,664,664,2797
2797,63,84000,108000,user_32,662,664,
2767,64,83001,0,user_4,662,664,2661
2681,65,83000,0,user_26,660,664,
2661,66,83000,68100,user_8,660,664,
2768,67,82999,0,user_4,662,664,2661
2739,68,77000,17000,user_29,661,664,
2672,69,73000,0,user_17,660,664,
2827,0,42999999,0,user_10,663,666,2691
2798,1,30000000,0,user_34,662,666,
2728,2,27000000,0,user_20,661,666,
2732,5,19000000,0,user_23,661,666,
2789,7,5200000,0,user_26,662,666,
2979,8,5000001,0,user_2,665,666,2694
2902,11,4999999,0,user_3,664,666,2694
2844,13,3500000,0,user_22,663,666,
2851,18,2300000,0,user_29,663,666,
2828,22,2000001,0,user_10,663,666,2667
2805,25,1900000,0,user_41,662,666,
2724,27,1899999,0,user_17,661,666,2656
2903,30,1700001,0,user_3,664,666,2735
2904,31,1700001,0,user_4,664,666,2735
2907,32,1700001,0,user_4,664,666,2735
2908,33,1700001,0,user_4,664,666,2735
2840,34,1700001,0,user_19,663,666,2735
2912,35,1700001,0,user_5,664,666,2735
2837,36,1700001,0,user_18,663,666,2735
2918,37,1700001,0,user_11,664,666,2735
2920,38,1700001,0,user_13,664,666,2735
2905,39,1699999,0,user_4,664,666,2735
2911,40,1699999,0,user_5,664,666,2735
2913,41,1699999,0,user_5,664,666,2735
2914,42,1699999,0,user_6,664,666,2735
2915,43,1699999,0,user_7,664,666,2735
2835,44,1699999,0,user_18,663,666,2735
2754,45,1500000,0,user_43,661,666,
2826,51,1000001,0,user_8,663,666,2734
2831,52,1000001,0,user_12,663,666,2734
2777,53,1000001,0,user_16,662,666,2734
2778,54,1000001,0,user_16,662,666,2734
2779,56,999999,0,user_19,662,666,2734
2839,57,999999,0,user_19,663,666,2734
2910,58,999999,0,user_5,664,666,2734
2836,59,999999,0,user_18,663,666,2734
2859,60,870000,0,user_40,663,666,
2751,62,650000,0,user_41,661,666,
2692,63,630000,0,user_38,660,666,
2860,64,460000,0,user_40,663,666,
2729,65,420000,0,user_20,661,666,
2780,66,420000,0,user_20,662,666,
2807,67,350000,0,user_43,662,666,
3038,43,310001,0,builder_2,665,665,2757
2757,68,310000,35600,user_48,661,666,
2866,72,260000,0,user_46,663,666,
2843,73,240000,0,user_22,663,666,
2909,74,220001,0,user_5,664,666,2697
2738,76,220000,0,user_28,661,666,
2750,77,220000,0,user_41,661,666,
2809,79,170000,0,user_44,662,666,
2791,80,150000,0,user_28,662,666,
2755,81,120000,0,user_44,661,666,
2849,82,110000,0,user_26,663,666,
2752,83,110000,0,user_41,661,666,
2737,84,100000,0,user_28,661,666,
2838,86,87001,0,user_18,663,666,2782
2906,91,84001,0,user_4,664,666,2797
2753,97,77000,0,user_41,661,666,
2808,98,77000,0,user_43,662,666,
2850,60,70000,0,user_29,663,665,
2827,0,42999999,0,user_10,663,666,2691
2798,1,30000000,0,user_34,662,666,
2728,2,27000000,0,user_20,661,666,
3035,3,27000000,0,user_47,665,666,
2934,4,19000000,0,user_25,664,666,
2732,5,19000000,0,user_23,661,666,
2947,6,5200000,0,user_33,664,666,
2789,7,5200000,0,user_26,662,666,
2979,8,5000001,0,user_2,665,666,2694
2994,9,5000001,0,user_15,665,666,2694
2829,10,4999999,0,user_11,663,666,2694
2902,11,4999999,0,user_3,664,666,2694
2993,12,4999999,0,user_15,665,666,2694
2844,13,3500000,0,user_22,663,666,
3021,14,3500000,0,user_37,665,666,
2792,15,3200000,0,user_29,662,666,
2804,16,2600000,32900,user_40,662,666,
2995,17,2300001,0,user_15,665,666,2946
2851,18,2300000,0,user_29,663,666,
2946,19,2300000,510000,user_32,664,666,
2991,20,2299999,0,user_15,665,666,2946
2992,21,2299999,0,user_15,665,666,2946
2828,22,2000001,0,user_10,663,666,2667
3018,23,2000000,0,user_33,665,666,
3019,24,2000000,24700,user_35,665,666,
2805,25,1900000,0,user_41,662,666,
2725,26,1899999,0,user_18,661,666,2656
2724,27,1899999,0,user_17,661,666,2656
2825,28,1700001,0,user_6,663,666,2735
2830,29,1700001,0,user_11,663,666,2735
2903,30,1700001,0,user_3,664,666,2735
2904,31,1700001,0,user_4,664,666,2735
2907,32,1700001,0,user_4,664,666,2735
2908,33,1700001,0,user_4,664,666,2735
2840,34,1700001,0,user_19,663,666,2735
2912,35,1700001,0,user_5,664,666,2735
2837,36,1700001,0,user_18,663,666,2735
2918,37,1700001,0,user_11,664,666,2735
2920,38,1700001,0,user_13,664,666,2735
2905,39,1699999,0,user_4,664,666,2735
2911,40,1699999,0,user_5,664,666,2735
2913,41,1699999,0,user_5,664,666,2735
2914,42,1699999,0,user_6,664,666,2735
2915,43,1699999,0,user_7,664,666,2735
2835,44,1699999,0,user_18,663,666,2735
2754,45,1500000,0,user_43,661,666,
2945,46,1500000,0,user_32,664,666,
3007,47,1400000,35100,user_24,665,666,
2950,48,1200000,49100,user_35,664,666,
2823,49,1000001,0,user_3,663,666,2734
2824,50,1000001,0,user_4,663,666,2734
2826,51,1000001,0,user_8,663,666,2734
2831,52,1000001,0,user_12,663,666,2734
2777,53,1000001,0,user_16,662,666,2734
2778,54,1000001,0,user_16,662,666,2734
3009,55,1000000,0,user_24,665,666,
2779,56,999999,0,user_19,662,666,2734
2839,57,999999,0,user_19,663,666,2734
2910,58,999999,0,user_5,664,666,2734
2836,59,999999,0,user_18,663,666,2734
2859,60,870000,0,user_40,663,666,
3008,61,660000,0,user_24,665,666,
2751,62,650000,0,user_41,661,666,
2692,63,630000,0,user_38,660,666,
2860,64,460000,0,user_40,663,666,
2729,65,420000,0,user_20,661,666,
2780,66,420000,0,user_20,662,666,
2807,67,350000,0,user_43,662,666,
2757,68,310000,35600,user_48,661,666,
3017,69,310000,0,user_31,665,666,
3016,70,300000,0,user_31,665,666,
2959,71,260000,0,user_47,664,666,
2866,72,260000,0,user_46,663,666,
2843,73,240000,0,user_22,663,666,
2909,74,220001,0,user_5,664,666,2697
3040,75,220001,0,user_1,666,666,2697
2738,76,220000,0,user_28,661,666,
2750,77,220000,0,user_41,661,666,
3010,78,220000,10700,user_25,665,666,
2809,79,170000,0,user_44,662,666,
2791,80,150000,0,user_28,662,666,
2755,81,120000,0,user_44,661,666,
2849,82,110000,0,user_26,663,666,
2752,83,110000,0,user_41,661,666,
2737,84,100000,0,user_28,661,666,
2922,85,87001,0,user_15,664,666,2782
2838,86,87001,0,user_18,663,666,2782
3011,87,87000,1100000,user_25,665,666,
2978,88,86999,0,user_0,665,666,2782
2949,89,85000,0,user_35,664,666,
2923,90,84001,0,user_15,664,666,2797
2906,91,84001,0,user_4,664,666,2797
2901,92,83999,0,user_2,664,666,2797
2916,93,83999,0,user_9,664,666,2797
3039,94,83999,0,user_0,666,666,2797
2775,95,82999,0,user_12,662,666,2661
2931,96,80000,1100000,user_21,664,666,
2753,97,77000,0,user_41,661,666,
2808,98,77000,0,user_43,662,666,
3005,99,77000,0,user_21,665,666,
3041,0,5000001,0,user_2,666,667,2694
3062,1,5000000,0,user_25,666,667,
3066,2,2300000,0,user_33,666,667,
2833,3,1899999,0,user_17,663,667,2656
2834,4,1899999,0,user_17,663,667,2656
2928,5,1700001,0,user_16,664,667,2735
2983,6,1700001,0,user_7,665,667,2735
2929,7,1700001,0,user_18,664,667,2735
2984,8,1700001,0,user_11,665,667,2735
2921,9,1699999,0,user_14,664,667,2735
2980,10,1699999,0,user_4,665,667,2735
2924,11,1699999,0,user_16,664,667,2735
2926,12,1699999,0,user_16,664,667,2735
2927,13,1699999,0,user_16,664,667,2735
2982,14,1699999,0,user_5,665,667,2735
2917,15,1699999,0,user_10,664,667,2735
2985,16,1699999,0,user_11,665,667,2735
2986,17,1699999,0,user_11,665,667,2735
2989,18,1699999,0,user_13,665,667,2735
2935,19,910000,0,user_26,664,667,
2861,20,870000,30200,user_41,663,667,
2813,21,460000,0,user_49,662,667,
2863,22,260000,0,user_43,663,667,
2981,23,220001,0,user_4,665,667,2697
2919,24,219999,0,user_12,664,667,2697
3065,25,190000,0,user_31,666,667,
2943,26,170000,6390,user_29,664,667,
2802,27,170000,0,user_38,662,667,
2841,28,150000,10700,user_20,663,667,
2944,29,120000,0,user_29,664,667,
2758,30,100000,0,user_49,661,667,
2958,31,98000,0,user_46,664,667,
2925,32,84001,0,user_16,664,667,2797
3107,33,79999,0,user_1,667,667,2931
3127,0,27000000,0,user_25,667,668,
3138,1,6100000,0,user_33,667,668,
3167,2,4999999,0,user_1,668,668,2694
2988,3,1700001,0,user_12,665,668,2735
3002,4,1700001,0,user_18,665,668,2735
2987,5,1699999,0,user_12,665,668,2735
2990,6,1699999,0,user_14,665,668,2735
3135,7,1500000,17700000,user_31,667,668,
3137,8,1100000,0,user_33,667,668,
3003,9,999999,0,user_18,665,668,2734
3134,10,650000,0,user_31,667,668,
3124,11,630000,0,user_21,667,668,
3015,12,240000,0,user_29,665,668,
3042,13,219999,0,user_3,666,668,2697
3108,14,219999,0,user_2,667,668,2697
3133,15,150000,0,user_30,667,668,
3132,16,98000,0,user_30,667,668,
3051,17,80001,0,user_11,666,668,2931
3043,18,79999,0,user_4,666,668,2931
3044,19,79999,0,user_7,666,668,2931
3071,0,27000000,322000,user_37,666,669,
3063,1,6100000,24700,user_26,666,669,
3195,2,5000000,0,user_35,668,669,
3081,3,3600000,594000,user_47,666,669,
3125,4,3600000,0,user_24,667,669,
2868,5,3500000,0,user_48,663,669,
2961,6,2600000,0,user_48,664,669,
3142,7,2500000,0,user_37,667,669,
3048,8,2300001,0,user_9,666,669,2946
3181,9,2300001,0,user_15,668,669,2946
3168,10,2299999,0,user_2,668,669,2946
3180,11,2299999,0,user_15,668,669,2946
3186,12,2100000,0,user_24,668,669,
3126,13,1800000,0,user_24,667,669,
2996,14,1699999,0,user_16,665,669,2735
2998,15,1699999,0,user_16,665,669,2735
2999,16,1699999,0,user_16,665,669,2735
3000,17,1699999,0,user_16,665,669,2735
3004,18,1699999,0,user_19,665,669,2735
3058,19,1699999,0,user_19,666,669,2735
2957,20,1500000,15700,user_44,664,669,
3060,21,1500000,0,user_24,666,669,
3151,22,1500000,0,user_47,667,669,
3072,23,1400000,0,user_37,666,669,
2948,24,1200000,0,user_34,664,669,
2956,25,1000000,11200,user_44,664,669,
3013,26,1000000,0,user_26,665,669,
3054,27,999999,0,user_16,666,669,2734
3047,28,999999,0,user_9,666,669,2734
3049,29,999999,0,user_9,666,669,2734
3053,30,999999,0,user_15,666,669,2734
3115,31,999999,0,user_9,667,669,2734
2960,32,670000,0,user_48,664,669,
3036,33,660000,0,user_48,665,669,
3190,34,660000,0,user_30,668,669,
3069,35,630000,0,user_35,666,669,
3136,36,530000,296000,user_32,667,669,
3187,37,530000,0,user_24,668,669,
3191,38,460000,10700,user_31,668,669,
3068,39,420000,769000,user_35,666,669,
3220,40,419999,0,user_1,669,669,3068
3197,41,300000,0,user_37,668,669,
3111,42,220001,0,user_4,667,669,2697
3112,43,220001,0,user_5,667,669,2697
3109,44,219999,0,user_3,667,669,2697
3045,45,219999,0,user_8,666,669,2697
3110,46,219999,0,user_4,667,669,2697
3113,47,219999,0,user_7,667,669,2697
3080,48,150000,0,user_46,666,669,
2962,49,120000,0,user_48,664,669,
3012,50,120000,0,user_26,665,669,
3061,51,110000,0,user_24,666,669,
3070,52,85000,5180,user_37,666,669,
2997,53,84001,0,user_16,665,669,2797
3173,54,84001,0,user_9,668,669,2797
3050,55,83999,0,user_9,666,669,2797
3046,56,80001,0,user_8,666,669,2931
3219,57,80001,0,user_0,669,669,2931
3052,58,79999,0,user_14,666,669,2931
3064,59,73000,0,user_26,666,669,
3239,0,2300000,0,user_25,669,670,
3252,1,2100000,369000,user_37,669,670,
3271,2,1100000,31700,user_47,669,670,
3244,3,1000000,0,user_30,669,670,
3248,4,530000,0,user_35,669,670,
3274,5,420001,0,user_0,670,670,3068
3226,6,419999,0,user_9,669,670,3068
3275,7,419999,0,user_1,670,670,3068
3247,8,340000,0,user_35,669,670,
3237,9,87000,10700,user_21,669,670,
3227,10,86999,0,user_9,669,670,3011
3192,0,5200000,0,user_32,668,671,
3280,1,5000001,0,user_9,670,671,2694
3297,2,5000000,0,user_21,670,671,
3330,3,4999999,0,user_1,671,671,2694
3311,4,2500000,0,user_37,670,671,
3304,5,2400000,0,user_31,670,671,
3300,6,1600000,75000,user_24,670,671,
3193,7,1400000,0,user_32,668,671,
3310,8,1400000,0,user_35,670,671,
3326,9,1100000,0,user_47,670,671,
3305,10,630000,0,user_31,670,671,
3307,11,420000,0,user_33,670,671,
3291,12,419999,0,user_15,670,671,3068
3245,13,170000,0,user_32,669,671,
3303,14,110000,0,user_30,670,671,
3328,15,86999,0,user_0,671,671,3011
3329,16,86999,0,user_1,671,671,3011
3256,0,43000000,0,user_40,669,673,
3464,1,30000001,0,builder_2,672,672,2941
2941,1,30000000,68100,user_28,664,673,
2955,3,6100000,0,user_43,664,673,
3333,7,5000001,0,user_7,671,673,2694
3338,8,5000001,0,user_11,671,673,2694
3388,9,5000001,0,user_2,672,673,2694
3465,7,3500001,0,builder_2,672,672,2869
2869,18,3500000,16400,user_49,663,673,
3264,19,3500000,0,user_41,669,673,
3295,32,2300001,0,user_18,670,673,2946
3258,33,2300000,0,user_40,669,673,
3234,45,2299999,0,user_17,669,673,2946
3281,46,2299999,0,user_10,670,673,2946
3466,14,2100001,0,builder_2,672,672,3145
3145,48,2100000,128000,user_40,667,673,
3033,47,2100000,0,user_43,665,673,
3467,17,2000001,0,builder_2,672,672,3006
3006,49,2000000,5640,user_23,665,673,
3262,51,2000000,0,user_41,669,673,
2870,52,1800000,0,user_49,663,673,
3468,21,1600001,0,builder_2,672,672,3198
3198,55,1600000,15700,user_38,668,673,
3029,54,1600000,0,user_41,665,673,
3028,60,1500000,0,user_40,665,673,
3001,63,1000001,0,user_17,665,673,2734
3032,64,1000000,0,user_43,665,673,
3200,67,970000,0,user_40,668,673,
3022,74,470000,0,user_38,665,673,
3469,29,350001,0,builder_2,672,672,2858
2858,78,350000,84800,user_38,663,673,
3470,31,310001,0,builder_2,672,672,2932
2932,80,310000,7840,user_23,664,673,
3255,81,310000,0,user_40,669,673,
2953,82,300000,0,user_40,664,673,
3037,83,260000,0,user_49,665,673,
3315,84,260000,0,user_40,670,673,
3263,97,160000,15700,user_41,669,673,
3471,38,159999,0,builder_2,672,672,3263
3472,39,79001,0,builder_2,672,672,3261
3261,40,79000,84800,user_41,669,672,
2942,94,160000,0,user_28,664,673,
3031,95,160000,0,user_43,665,673,
3034,96,160000,0,user_43,665,673,
3266,98,160000,0,user_43,669,673,
2963,99,150000,0,user_49,664,673,
3260,46,150000,0,user_41,669,672,
2930,47,130000,0,user_20,664,672,
2952,48,130000,0,user_40,664,672,
3210,49,120000,0,user_49,668,672,
3238,50,110000,0,user_23,669,672,
3014,51,100000,0,user_28,665,672,
3332,52,87001,0,user_6,671,672,3011
3259,53,85000,0,user_40,669,672,
3314,54,82000,0,user_40,670,672,
3257,55,79000,0,user_40,669,672,
3236,56,70000,0,user_20,669,672,
3256,0,43000000,0,user_40,669,673,
2941,1,30000000,68100,user_28,664,673,
3422,2,19000000,0,user_30,672,673,
2955,3,6100000,0,user_43,664,673,
3055,4,5000001,0,user_17,666,673,2694
3224,5,5000001,0,user_7,669,673,2694
3331,6,5000001,0,user_2,671,673,2694
3333,7,5000001,0,user_7,671,673,2694
3338,8,5000001,0,user_11,671,673,2694
3388,9,5000001,0,user_2,672,673,2694
3473,10,5000001,0,user_1,673,673,2694
3170,11,4999999,0,user_4,668,673,2694
3117,12,4999999,0,user_10,667,673,2694
3076,13,4500000,0,user_41,666,673,
3428,14,4500000,0,user_31,672,673,
3189,15,4200000,0,user_29,668,673,
3202,16,4200000,0,user_43,668,673,
3184,17,3600000,0,user_23,668,673,
2869,18,3500000,16400,user_49,663,673,
3264,19,3500000,0,user_41,669,673,
3208,20,2600000,0,user_46,668,673,
3130,21,2400000,0,user_29,667,673,
3169,22,2300001,0,user_3,668,673,2946
3171,23,2300001,0,user_7,668,673,2946
3172,24,2300001,0,user_7,668,673,2946
3175,25,2300001,0,user_11,668,673,2946
3229,26,2300001,0,user_12,669,673,2946
3183,27,2300001,0,user_18,668,673,2946
3283,28,2300001,0,user_11,670,673,2946
3284,29,2300001,0,user_11,670,673,2946
3286,30,2300001,0,user_11,670,673,2946
3289,31,2300001,0,user_13,670,673,2946
3295,32,2300001,0,user_18,670,673,2946
3258,33,2300000,0,user_40,669,673,
3118,34,2299999,0,user_12,667,673,2946
3176,35,2299999,0,user_13,668,673,2946
3177,36,2299999,0,user_13,668,673,2946
3178,37,2299999,0,user_14,668,673,2946
3222,38,2299999,0,user_7,669,673,2946
3223,39,2299999,0,user_7,669,673,2946
3230,40,2299999,0,user_13,669,673,2946
3225,41,2299999,0,user_8,669,673,2946
3232,42,2299999,0,user_14,669,673,2946
3277,43,2299999,0,user_7,670,673,2946
3288,44,2299999,0,user_13,670,673,2946
3234,45,2299999,0,user_17,669,673,2946
3281,46,2299999,0,user_10,670,673,2946
3033,47,2100000,0,user_43,665,673,
3145,48,2100000,128000,user_40,667,673,
3006,49,2000000,5640,user_23,665,673,
3059,50,2000000,11200,user_20,666,673,
3262,51,2000000,0,user_41,669,673,
2870,52,1800000,0,user_49,663,673,
3206,53,1700000,0,user_46,668,673,
3029,54,1600000,0,user_41,665,673,
3198,55,1600000,15700,user_38,668,673,
3221,56,1500001,0,user_4,669,673,3135
3231,57,1500001,0,user_13,669,673,3135
3282,58,1500001,0,user_11,670,673,3135
3285,59,1500001,0,user_11,670,673,3135
3028,60,1500000,0,user_40,665,673,
3387,61,1499999,0,user_0,672,673,3135
3358,62,1400000,0,user_37,671,673,
3001,63,1000001,0,user_17,665,673,2734
3032,64,1000000,0,user_43,665,673,
3371,65,1000000,0,user_47,671,673,
3424,66,1000000,0,user_30,672,673,
3200,67,970000,0,user_40,668,673,
3150,68,910000,0,user_46,667,673,
3073,69,910000,67500,user_38,666,673,
3083,70,910000,0,user_49,666,673,
3201,71,660000,0,user_41,668,673,
3131,72,630000,0,user_29,667,673,
3084,73,530000,0,user_49,666,673,
3022,74,470000,0,user_38,665,673,
3335,75,419999,0,user_9,671,673,3068
3340,76,419999,0,user_15,671,673,3068
3207,77,370000,23500,user_46,668,673,
2858,78,350000,84800,user_38,663,673,
3129,79,320000,0,user_28,667,673,
2932,80,310000,7840,user_23,664,673,
3255,81,310000,0,user_40,669,673,
2953,82,300000,0,user_40,664,673,
3037,83,260000,0,user_49,665,673,
3315,84,260000,0,user_40,670,673,
3123,85,240000,84800,user_20,667,673,
3114,86,220001,0,user_8,667,673,2697
3116,87,220001,0,user_10,667,673,2697
3057,88,220001,0,user_18,666,673,2697
3120,89,220001,0,user_18,667,673,2697
3078,90,220000,0,user_43,666,673,
3306,91,220000,0,user_32,670,673,
3357,92,220000,0,user_37,671,673,
3415,93,190000,0,user_25,672,673,
2942,94,160000,0,user_28,664,673,
3031,95,160000,0,user_43,665,673,
3034,96,160000,0,user_43,665,673,
3263,97,160000,15700,user_41,669,673,
3266,98,160000,0,user_43,669,673,
2963,99,150000,0,user_49,664,673,
3085,0,150000,0,user_49,666,674,
3086,1,130000,0,user_49,666,674,
3146,2,120000,0,user_41,667,674,
3153,3,100000,0,user_49,667,674,
3087,4,83000,13900,user_49,666,674,
3056,5,80001,0,user_18,666,674,2931
3143,6,70000,15700,user_38,667,674,
3494,3,6300000,0,user_23,673,679,
3401,17,5000001,0,user_14,672,677,2694
3402,18,5000001,0,user_14,672,677,2694
3547,19,5000001,0,user_2,674,677,2694
3613,18,5000001,0,user_10,675,679,2694
3396,25,4999999,0,user_8,672,677,2694
3399,26,4999999,0,user_12,672,677,2694
3477,27,4999999,0,user_4,673,677,2694
3552,31,4999999,0,user_7,674,679,2694
3148,31,4500000,0,user_44,667,677,
3563,58,2100000,0,user_20,674,679,
3475,52,1500001,0,user_3,673,677,3135
3486,53,1500001,0,user_13,673,677,3135
3611,65,1500001,0,user_7,675,679,3135
3567,76,1300000,0,user_23,674,679,
3561,81,1100000,0,user_20,674,679,
3517,84,1000000,0,user_41,673,679,
3590,85,1000000,0,user_43,674,679,
3571,94,910000,0,user_28,674,679,
3564,98,670000,36800,user_20,674,679,
3152,71,650000,8520,user_48,667,677,
3128,76,530000,0,user_26,667,677,
3432,22,460000,100000,user_38,672,675,
3500,23,260000,0,user_28,673,675,
3082,92,240000,0,user_48,666,677,
3412,93,240000,0,user_22,672,677,
3119,97,219999,0,user_16,667,677,2697
3121,98,219999,0,user_19,667,677,2697
3067,28,170000,0,user_34,666,675,
3562,29,170000,0,user_20,674,675,
3588,30,170000,12300,user_41,674,675,
3373,31,150000,0,user_49,671,675,
3560,32,150000,0,user_20,674,675,
3359,33,110000,0,user_38,671,675,
3482,34,87001,0,user_11,673,675,3011
3551,35,87001,0,user_7,674,675,3011
3495,36,83000,0,user_23,673,675,
3122,37,79999,0,user_19,667,675,2931
3490,38,77001,0,user_17,673,675,3243
3476,39,77001,0,user_3,673,675,3243
3585,1,19000000,369000,user_38,674,679,
3623,24,5000001,0,user_17,675,679,2694
3668,47,4999999,0,user_10,676,679,2694
3513,49,4500000,0,user_38,673,679,
3514,60,1900000,0,user_38,673,679,
3584,67,1500000,0,user_38,674,679,
3622,72,1499999,0,user_17,675,679,3135
3665,70,1499999,0,user_7,676,679,3135
3581,86,1000000,0,user_38,674,679,
3652,9,370000,769000,user_43,675,676,
3582,10,220000,0,user_38,674,676,
3649,11,120000,0,user_41,675,676,
3583,12,110000,0,user_38,674,676,
3512,13,85000,108000,user_38,673,676,
3529,14,77000,0,user_49,673,676,
3508,0,43000000,0,user_35,673,677,
3299,1,27000000,0,user_23,670,677,
3687,2,27000000,0,user_21,676,677,
3565,3,6300000,231000,user_21,674,677,
3578,4,6300000,12800,user_33,674,677,
3496,5,6100000,7190000,user_25,673,677,
3691,6,6100000,0,user_25,676,677,
3390,7,5000001,0,user_3,672,677,2694
3391,8,5000001,0,user_3,672,677,2694
3278,9,5000001,0,user_8,670,677,2694
3287,10,5000001,0,user_12,670,677,2694
3334,11,5000001,0,user_8,671,677,2694
3336,12,5000001,0,user_10,671,677,2694
3337,13,5000001,0,user_10,671,677,2694
3344,14,5000001,0,user_18,671,677,2694
3400,15,5000001,0,user_13,672,677,2694
3546,16,5000001,0,user_0,674,677,2694
3401,17,5000001,0,user_14,672,677,2694
3402,18,5000001,0,user_14,672,677,2694
3547,19,5000001,0,user_2,674,677,2694
3558,20,5000001,0,user_15,674,677,2694
3617,21,5000001,0,user_15,675,677,2694
3308,22,5000000,0,user_34,670,677,
3393,23,4999999,0,user_5,672,677,2694
3474,24,4999999,0,user_2,673,677,2694
3396,25,4999999,0,user_8,672,677,2694
3399,26,4999999,0,user_12,672,677,2694
3477,27,4999999,0,user_4,673,677,2694
3612,28,4999999,0,user_9,675,677,2694
3659,29,4999999,0,user_0,676,677,2694
3683,30,4999999,0,user_15,676,677,2694
3148,31,4500000,0,user_44,667,677,
3572,32,4500000,0,user_30,674,677,
3429,33,3600000,0,user_35,672,677,
3577,34,3600000,0,user_33,674,677,
3635,35,3600000,350000,user_31,675,677,
3188,36,3500000,0,user_26,668,677,
3704,37,3500000,0,user_35,676,677,
3506,38,3200000,0,user_33,673,677,
3575,39,2600000,0,user_32,674,677,
3700,40,2600000,64600,user_33,676,677,
3293,41,2300001,0,user_17,670,677,2946
3351,42,2300000,181000,user_29,671,677,
3568,43,2300000,0,user_24,674,677,
3345,44,2299999,0,user_19,671,677,2946
3294,45,2299999,0,user_17,670,677,2946
3636,46,2100000,0,user_31,675,677,
3302,47,2000000,0,user_28,670,677,
3643,48,2000000,0,user_35,675,677,
3194,49,1900000,0,user_34,668,677,
3322,50,1600000,0,user_44,670,677,
3395,51,1500001,0,user_7,672,677,3135
3475,52,1500001,0,user_3,673,677,3135
3486,53,1500001,0,user_13,673,677,3135
3602,54,1500001,0,user_0,675,677,3135
3722,55,1500001,0,user_1,677,677,3135
3628,56,1500000,0,user_24,675,677,
3392,57,1499999,0,user_4,672,677,3135
3717,58,1499999,0,user_0,677,677,3135
3719,59,1499999,0,user_1,677,677,3135
3370,60,1400000,0,user_46,671,677,
3272,61,1400000,18600,user_48,669,677,
3497,62,1400000,0,user_25,673,677,
3629,63,1400000,0,user_25,675,677,
3639,64,1200000,0,user_31,675,677,
3309,65,1100000,0,user_34,670,677,
3323,66,1000000,0,user_44,670,677,
3574,67,1000000,0,user_31,674,677,
3644,68,1000000,33100,user_37,675,677,
3431,69,970000,0,user_37,672,677,
3573,70,660000,0,user_30,674,677,
3152,71,650000,8520,user_48,667,677,
3354,72,630000,0,user_32,671,677,
3209,73,600000,0,user_48,668,677,
3688,74,600000,0,user_21,676,677,
3703,75,600000,0,user_35,676,677,
3128,76,530000,0,user_26,667,677,
3348,77,530000,285000,user_26,671,677,
3406,78,420001,0,user_15,672,677,3068
3488,79,420001,0,user_15,673,677,3068
3566,80,420000,0,user_21,674,677,
3594,81,420000,0,user_47,674,677,
3701,82,420000,36800,user_33,676,677,
3397,83,419999,0,user_9,672,677,3068
3403,84,419999,0,user_15,672,677,3068
3404,85,419999,0,user_15,672,677,3068
3246,86,360000,0,user_34,669,677,
3503,87,360000,12300,user_30,673,677,
3630,88,340000,0,user_25,675,677,
3640,89,340000,0,user_33,675,677,
3316,90,310000,0,user_41,670,677,
3240,91,260000,0,user_26,669,677,
3082,92,240000,0,user_48,666,677,
3412,93,240000,0,user_22,672,677,
3235,94,220001,0,user_19,669,677,2697
3341,95,220001,0,user_16,671,677,2697
3325,96,220000,0,user_46,670,677,
3119,97,219999,0,user_16,667,677,2697
3121,98,219999,0,user_19,667,677,2697
3233,99,219999,0,user_16,669,677,2697
3292,0,219999,0,user_16,670,678,2697
3296,1,219999,0,user_19,670,678,2697
3298,2,160000,0,user_22,670,678,
3273,3,160000,0,user_49,669,678,
3253,4,100000,0,user_38,669,678,
3339,5,86999,0,user_12,671,678,3011
3241,6,85000,0,user_26,669,678,
3347,7,83000,0,user_26,671,678,
3279,8,77001,0,user_8,670,678,3243
3290,9,76999,0,user_14,670,678,3243
3352,10,70000,0,user_29,671,678,
3416,0,43000000,0,user_26,672,679,
3585,1,19000000,369000,user_38,674,679,
3815,2,19000000,0,user_31,678,679,
3494,3,6300000,0,user_23,673,679,
3769,4,6100001,0,user_2,678,679,3496
3436,5,6100000,0,user_44,672,679,
3484,6,5000001,0,user_12,673,679,2694
3343,7,5000001,0,user_17,671,679,2694
3481,8,5000001,0,user_10,673,679,2694
3554,9,5000001,0,user_11,674,679,2694
3616,10,5000001,0,user_13,675,679,2694
3614,11,5000001,0,user_12,675,679,2694
3660,12,5000001,0,user_4,676,679,2694
3662,13,5000001,0,user_4,676,679,2694
3618,14,5000001,0,user_16,675,679,2694
3619,15,5000001,0,user_16,675,679,2694
3621,16,5000001,0,user_16,675,679,2694
3663,17,5000001,0,user_5,676,679,2694
3613,18,5000001,0,user_10,675,679,2694
3671,19,5000001,0,user_11,676,679,2694
3677,20,5000001,0,user_13,676,679,2694
3723,21,5000001,0,user_3,677,679,2694
3724,22,5000001,0,user_5,677,679,2694
3725,23,5000001,0,user_5,677,679,2694
3623,24,5000001,0,user_17,675,679,2694
3743,25,5000000,0,user_21,677,679,
3548,26,4999999,0,user_3,674,679,2694
3479,27,4999999,0,user_8,673,679,2694
3485,28,4999999,0,user_12,673,679,2694
3549,29,4999999,0,user_4,674,679,2694
3480,30,4999999,0,user_10,673,679,2694
3552,31,4999999,0,user_7,674,679,2694
3491,32,4999999,0,user_18,673,679,2694
3555,33,4999999,0,user_13,674,679,2694
3556,34,4999999,0,user_13,674,679,2694
3553,35,4999999,0,user_8,674,679,2694
3606,36,4999999,0,user_5,675,679,2694
3607,37,4999999,0,user_6,675,679,2694
3615,38,4999999,0,user_12,675,679,2694
3661,39,4999999,0,user_4,676,679,2694
3620,40,4999999,0,user_16,675,679,2694
3625,41,4999999,0,user_19,675,679,2694
3664,42,4999999,0,user_6,676,679,2694
3669,43,4999999,0,user_11,676,679,2694
3670,44,4999999,0,user_11,676,679,2694
3673,45,4999999,0,user_13,676,679,2694
3676,46,4999999,0,user_13,676,679,2694
3668,47,4999999,0,user_10,676,679,2694
3726,48,4999999,0,user_7,677,679,2694
3513,49,4500000,0,user_38,673,679,
3437,50,4200000,0,user_44,672,679,
3356,51,3600000,0,user_34,671,679,
3758,52,3500000,5630,user_37,677,679,
3501,53,3500000,0,user_29,673,679,
3367,54,2600000,0,user_43,671,679,
3365,55,2500000,0,user_43,671,679,
3817,56,2500000,0,user_31,678,679,
3634,57,2300000,13900,user_29,675,679,
3563,58,2100000,0,user_20,674,679,
3372,59,2000000,0,user_48,671,679,
3514,60,1900000,0,user_38,673,679,
3595,61,1800000,24700,user_48,674,679,
3493,62,1600000,35100,user_22,673,679,
3362,63,1600000,0,user_41,671,679,
3735,64,1500001,0,user_15,677,679,3135
3611,65,1500001,0,user_7,675,679,3135
3672,66,1500001,0,user_11,676,679,3135
3584,67,1500000,0,user_38,674,679,
3550,68,1499999,0,user_5,674,679,3135
3559,69,1499999,0,user_19,674,679,3135
3665,70,1499999,0,user_7,676,679,3135
3684,71,1499999,0,user_16,676,679,3135
3622,72,1499999,0,user_17,675,679,3135
3355,73,1400000,0,user_34,671,679,
3502,74,1300000,121000,user_29,673,679,
3525,75,1300000,0,user_44,673,679,
3567,76,1300000,0,user_23,674,679,
3410,77,1200000,0,user_20,672,679,
3754,78,1100000,0,user_31,677,679,
3435,79,1100000,0,user_41,672,679,
3648,80,1100000,0,user_40,675,679,
3561,81,1100000,0,user_20,674,679,
3327,82,1000000,0,user_49,670,679,
3413,83,1000000,215000,user_23,672,679,
3517,84,1000000,0,user_41,673,679,
3590,85,1000000,0,user_43,674,679,
3581,86,1000000,0,user_38,674,679,
3802,87,1000000,0,user_25,678,679,
3814,88,1000000,33300,user_30,678,679,
3821,89,1000000,0,user_35,678,679,
3746,90,970000,0,user_24,677,679,
3408,91,970000,0,user_20,672,679,
3692,92,970000,0,user_26,676,679,
3818,93,970000,3130,user_31,678,679,
3571,94,910000,0,user_28,674,679,
3753,95,870000,0,user_30,677,679,
3747,96,870000,0,user_24,677,679,
3587,97,670000,0,user_40,674,679,
3564,98,670000,36800,user_20,674,679,
3627,99,600000,0,user_22,675,679,
2651,0,5000000,0,user_0,680,680,
2652,1,970000,0,user_1,680,680,
2650,2,650000,0,user_0,680,680,
2706,0,43000001,0,user_0,681,681,2691
2691,1,43000000,16400,user_37,680,681,
2707,2,42999999,0,user_1,681,681,2691
2685,3,30000000,0,user_31,680,681,
2662,4,1100000,0,user_9,680,681,
2653,5,870000,0,user_2,680,681,
2677,6,310000,0,user_21,680,681,
2678,7,310000,0,user_21,680,681,
2690,8,170000,0,user_37,680,681,
2680,9,160000,0,user_24,680,681,
2703,10,120000,0,user_47,680,681,
2654,11,110000,0,user_2,680,681,
2708,0,43000001,0,user_2,681,683,2691
2722,1,43000001,0,user_15,681,683,2691
2788,2,43000000,0,user_25,682,683,
2764,3,42999999,0,user_0,682,683,2691
2776,4,42999999,0,user_15,682,683,2691
2781,5,5000000,0,user_21,682,683,
2785,6,5000000,0,user_24,682,683,
2741,7,4500000,0,user_31,681,683,
2756,8,4500000,0,user_47,681,683,
2820,9,2000001,0,user_0,683,683,2786
2667,10,2000000,11200,user_13,680,683,
2786,11,2000000,30200,user_24,682,683,
2656,12,1900000,5180,user_5,680,683,
2765,13,1600001,0,user_0,682,683,2745
2821,14,1600001,0,user_1,683,683,2745
2687,15,1600000,0,user_32,680,683,
2745,16,1600000,35600,user_35,681,683,
2774,17,1599999,0,user_9,682,683,2745
2747,18,1500000,0,user_37,681,683,
2793,19,1500000,0,user_30,682,683,
2812,20,1400000,0,user_47,682,683,
2811,21,1300000,15700,user_47,682,683,
2743,22,1100000,0,user_33,681,683,
2658,23,970000,0,user_6,680,683,
2664,24,910000,0,user_11,680,683,
2657,25,530000,0,user_6,680,683,
2660,26,460000,0,user_7,680,683,
2783,27,460000,15100,user_21,682,683,
2794,28,460000,0,user_31,682,683,
2686,29,260000,0,user_32,680,683,
2688,30,260000,0,user_32,680,683,
2795,31,260000,0,user_31,682,683,
2800,32,260000,0,user_35,682,683,
2655,33,220000,0,user_3,680,683,
2740,34,220000,71800,user_30,681,683,
2787,35,220000,0,user_24,682,683,
2799,36,170000,0,user_35,682,683,
2744,37,160000,30200,user_33,681,683,
2659,38,120000,0,user_6,680,683,
2731,39,120000,0,user_21,681,683,
2742,40,120000,0,user_32,681,683,
2666,41,110000,0,user_13,680,683,
2801,42,98000,0,user_37,682,683,
2782,43,87000,100000,user_21,682,683,
2730,44,85000,0,user_21,681,683,
2733,45,85000,0,user_25,681,683,
2784,46,80000,0,user_24,682,683,
2711,0,43000001,0,user_5,681,684,2691
2719,1,43000001,0,user_11,681,684,2691
2712,2,42999999,0,user_5,681,684,2691
2715,3,42999999,0,user_10,681,684,2691
2668,4,30000000,0,user_14,680,684,
2675,5,6300000,0,user_18,680,684,
2853,6,6100000,0,user_30,683,684,
2694,7,5000000,959000,user_40,680,684,
2673,8,5000000,0,user_17,680,684,
2867,9,5000000,0,user_47,683,684,
2771,10,4999999,0,user_6,682,684,2694
2704,11,4200000,0,user_48,680,684,
2796,12,2100000,0,user_32,682,684,
2727,13,2000001,0,user_19,681,684,2667
2770,14,2000001,0,user_6,682,684,2667
2709,15,1999999,0,user_5,681,684,2667
2710,16,1999999,0,user_5,681,684,2667
2766,17,1999999,0,user_3,682,684,2667
2723,18,1999999,0,user_16,681,684,2667
2716,19,1999999,0,user_10,681,684,2667
2717,20,1999999,0,user_10,681,684,2667
2713,21,1900001,0,user_7,681,684,2656
2718,22,1900001,0,user_11,681,684,2656
2720,23,1900001,0,user_13,681,684,2656
2679,24,1900000,0,user_22,680,684,
2669,25,1899999,0,user_16,680,684,2656
2735,26,1700000,100000,user_26,681,684,
2698,27,1500000,0,user_44,680,684,
2671,28,1500000,0,user_17,680,684,
2695,29,1500000,0,user_41,680,684,
2845,30,1500000,0,user_24,683,684,
2856,31,1300000,0,user_35,683,684,
2832,32,1299999,0,user_15,683,684,2811
2702,33,1200000,0,user_46,680,684,
2848,34,1200000,0,user_25,683,684,
2822,35,1000001,0,user_2,683,684,2734
2734,36,1000000,121000,user_26,681,684,
2714,37,660000,0,user_8,681,684,
2676,38,600000,6390,user_20,680,684,
2772,39,599999,0,user_7,682,684,2676
2674,40,460000,0,user_17,680,684,
2857,41,460000,0,user_35,683,684,
2749,42,420000,0,user_40,681,684,
2683,43,420000,0,user_28,680,684,
2696,44,420000,0,user_43,680,684,
2842,45,420000,0,user_21,683,684,
2684,46,370000,0,user_29,680,684,
2721,47,350000,0,user_14,681,684,
2663,48,340000,0,user_10,680,684,
2855,49,310000,0,user_35,683,684,
2670,50,260000,0,user_17,680,684,
2769,51,220001,0,user_5,682,684,2697
2697,52,220000,410000,user_44,680,684,
2854,53,220000,0,user_31,683,684,
2726,54,219999,0,user_19,681,684,2697
2701,55,170000,0,user_46,680,684,
2689,56,160000,0,user_34,680,684,
2852,57,160000,0,user_30,683,684,
2665,58,110000,0,user_12,680,684,
2846,59,98000,0,user_24,683,684,
2847,60,87000,0,user_25,683,684,
2899,61,84001,0,user_0,684,684,2797
2900,62,84001,0,user_1,684,684,2797
2797,63,84000,108000,user_32,682,684,
2767,64,83001,0,user_4,682,684,2661
2681,65,83000,0,user_26,680,684,
2661,66,83000,68100,user_8,680,684,
2768,67,82999,0,user_4,682,684,2661
2739,68,77000,17000,user_29,681,684,
2672,69,73000,0,user_17,680,684,
2827,0,42999999,0,user_10,683,686,2691
2798,1,30000000,0,user_34,682,686,
2728,2,27000000,0,user_20,681,686,
2732,5,19000000,0,user_23,681,686,
2789,7,5200000,0,user_26,682,686,
2979,8,5000001,0,user_2,685,686,2694
2902,11,4999999,0,user_3,684,686,2694
2844,13,3500000,0,user_22,683,686,
2851,18,2300000,0,user_29,683,686,
2828,22,2000001,0,user_10,683,686,2667
2805,25,1900000,0,user_41,682,686,
2724,27,1899999,0,user_17,681,686,2656
2903,30,1700001,0,user_3,684,686,2735
2904,31,1700001,0,user_4,684,686,2735
2907,32,1700001,0,user_4,684,686,2735
2908,33,1700001,0,user_4,684,686,2735
2840,34,1700001,0,user_19,683,686,2735
2912,35,1700001,0,user_5,684,686,2735
2837,36,1700001,0,user_18,683,686,2735
2918,37,1700001,0,user_11,684,686,2735
2920,38,1700001,0,user_13,684,686,2735
2905,39,1699999,0,user_4,684,686,2735
2911,40,1699999,0,user_5,684,686,2735
2913,41,1699999,0,user_5,684,686,2735
2914,42,1699999,0,user_6,684,686,2735
2915,43,1699999,0,user_7,684,686,2735
2835,44,1699999,0,user_18,683,686,2735
2754,45,1500000,0,user_43,681,686,
2826,51,1000001,0,user_8,683,686,2734
2831,52,1000001,0,user_12,683,686,2734
2777,53,1000001,0,user_16,682,686,2734
2778,54,1000001,0,user_16,682,686,2734
2779,56,999999,0,user_19,682,686,2734
2839,57,999999,0,user_19,683,686,2734
2910,58,999999,0,user_5,684,686,2734
2836,59,999999,0,user_18,683,686,2734
2859,60,870000,0,user_40,683,686,
2751,62,650000,0,user_41,681,686,
2692,63,630000,0,user_38,680,686,
2860,64,460000,0,user_40,683,686,
2729,65,420000,0,user_20,681,686,
2780,66,420000,0,user_20,682,686,
2807,67,350000,0,user_43,682,686,
3038,43,310001,0,builder_2,685,685,2757
2757,68,310000,35600,user_48,681,686,
2866,72,260000,0,user_46,683,686,
2843,73,240000,0,user_22,683,686,
2909,74,220001,0,user_5,684,686,2697
2738,76,220000,0,user_28,681,686,
2750,77,220000,0,user_41,681,686,
2809,79,170000,0,user_44,682,686,
2791,80,150000,0,user_28,682,686,
2755,81,120000,0,user_44,681,686,
2849,82,110000,0,user_26,683,686,
2752,83,110000,0,user_41,681,686,
2737,84,100000,0,user_28,681,686,
2838,86,87001,0,user_18,683,686,2782
2906,91,84001,0,user_4,684,686,2797
2753,97,77000,0,user_41,681,686,
2808,98,77000,0,user_43,682,686,
2850,60,70000,0,user_29,683,685,
2827,0,42999999,0,user_10,683,686,2691
2798,1,30000000,0,user_34,682,686,
2728,2,27000000,0,user_20,681,686,
3035,3,27000000,0,user_47,685,686,
2934,4,19000000,0,user_25,684,686,
2732,5,19000000,0,user_23,681,686,
2947,6,5200000,0,user_33,684,686,
2789,7,5200000,0,user_26,682,686,
2979,8,5000001,0,user_2,685,686,2694
2994,9,5000001,0,user_15,685,686,2694
2829,10,4999999,0,user_11,683,686,2694
2902,11,4999999,0,user_3,684,686,2694
2993,12,4999999,0,user_15,685,686,2694
2844,13,3500000,0,user_22,683,686,
3021,14,3500000,0,user_37,685,686,
2792,15,3200000,0,user_29,682,686,
2804,16,2600000,32900,user_40,682,686,
2995,17,2300001,0,user_15,685,686,2946
2851,18,2300000,0,user_29,683,686,
2946,19,2300000,510000,user_32,684,686,
2991,20,2299999,0,user_15,685,686,2946
2992,21,2299999,0,user_15,685,686,2946
2828,22,2000001,0,user_10,683,686,2667
3018,23,2000000,0,user_33,685,686,
3019,24,2000000,24700,user_35,685,686,
2805,25,1900000,0,user_41,682,686,
2725,26,1899999,0,user_18,681,686,2656
2724,27,1899999,0,user_17,681,686,2656
2825,28,1700001,0,user_6,683,686,2735
2830,29,1700001,0,user_11,683,686,2735
2903,30,1700001,0,user_3,684,686,2735
2904,31,1700001,0,user_4,684,686,2735
2907,32,1700001,0,user_4,684,686,2735
2908,33,1700001,0,user_4,684,686,2735
2840,34,1700001,0,user_19,683,686,2735
2912,35,1700001,0,user_5,684,686,2735
2837,36,1700001,0,user_18,683,686,2735
2918,37,1700001,0,user_11,684,686,2735
2920,38,1700001,0,user_13,684,686,2735
2905,39,1699999,0,user_4,684,686,2735
2911,40,1699999,0,user_5,684,686,2735
2913,41,1699999,0,user_5,684,686,2735
2914,42,1699999,0,user_6,684,686,2735
2915,43,1699999,0,user_7,684,686,2735
2835,44,1699999,0,user_18,683,686,2735
2754,45,1500000,0,user_43,681,686,
2945,46,1500000,0,user_32,684,686,
3007,47,1400000,35100,user_24,685,686,
2950,48,1200000,49100,user_35,684,686,
2823,49,1000001,0,user_3,683,686,2734
2824,50,1000001,0,user_4,683,686,2734
2826,51,1000001,0,user_8,683,686,2734
2831,52,1000001,0,user_12,683,686,2734
2777,53,1000001,0,user_16,682,686,2734
2778,54,1000001,0,user_16,682,686,2734
3009,55,1000000,0,user_24,685,686,
2779,56,999999,0,user_19,682,686,2734
2839,57,999999,0,user_19,683,686,2734
2910,58,999999,0,user_5,684,686,2734
2836,59,999999,0,user_18,683,686,2734
2859,60,870000,0,user_40,683,686,
3008,61,660000,0,user_24,685,686,
2751,62,650000,0,user_41,681,686,
2692,63,630000,0,user_38,680,686,
2860,64,460000,0,user_40,683,686,
2729,65,420000,0,user_20,681,686,
2780,66,420000,0,user_20,682,686,
2807,67,350000,0,user_43,682,686,
2757,68,310000,35600,user_48,681,686,
3017,69,310000,0,user_31,685,686,
3016,70,300000,0,user_31,685,686,
2959,71,260000,0,user_47,684,686,
2866,72,260000,0,user_46,683,686,
2843,73,240000,0,user_22,683,686,
2909,74,220001,0,user_5,684,686,2697
3040,75,220001,0,user_1,686,686,2697
2738,76,220000,0,user_28,681,686,
2750,77,220000,0,user_41,681,686,
3010,78,220000,10700,user_25,685,686,
2809,79,170000,0,user_44,682,686,
2791,80,150000,0,user_28,682,686,
2755,81,120000,0,user_44,681,686,
2849,82,110000,0,user_26,683,686,
2752,83,110000,0,user_41,681,686,
2737,84,100000,0,user_28,681,686,
2922,85,87001,0,user_15,684,686,2782
2838,86,87001,0,user_18,683,686,2782
3011,87,87000,1100000,user_25,685,686,
2978,88,86999,0,user_0,685,686,2782
2949,89,85000,0,user_35,684,686,
2923,90,84001,0,user_15,684,686,2797
2906,91,84001,0,user_4,684,686,2797
2901,92,83999,0,user_2,684,686,2797
2916,93,83999,0,user_9,684,686,2797
3039,94,83999,0,user_0,686,686,2797
2775,95,82999,0,user_12,682,686,2661
2931,96,80000,1100000,user_21,684,686,
2753,97,77000,0,user_41,681,686,
2808,98,77000,0,user_43,682,686,
3005,99,77000,0,user_21,685,686,
3041,0,5000001,0,user_2,686,687,2694
3062,1,5000000,0,user_25,686,687,
3066,2,2300000,0,user_33,686,687,
2833,3,1899999,0,user_17,683,687,2656
2834,4,1899999,0,user_17,683,687,2656
2928,5,1700001,0,user_16,684,687,2735
2983,6,1700001,0,user_7,685,687,2735
2929,7,1700001,0,user_18,684,687,2735
2984,8,1700001,0,user_11,685,687,2735
2921,9,1699999,0,user_14,684,687,2735
2980,10,1699999,0,user_4,685,687,2735
2924,11,1699999,0,user_16,684,687,2735
2926,12,1699999,0,user_16,684,687,2735
2927,13,1699999,0,user_16,684,687,2735
2982,14,1699999,0,user_5,685,687,2735
2917,15,1699999,0,user_10,684,687,2735
2985,16,1699999,0,user_11,685,687,2735
2986,17,1699999,0,user_11,685,687,2735
2989,18,1699999,0,user_13,685,687,2735
2935,19,910000,0,user_26,684,687,
2861,20,870000,30200,user_41,683,687,
2813,21,460000,0,user_49,682,687,
2863,22,260000,0,user_43,683,687,
2981,23,220001,0,user_4,685,687,2697
2919,24,219999,0,user_12,684,687,2697
3065,25,190000,0,user_31,686,687,
2943,26,170000,6390,user_29,684,687,
2802,27,170000,0,user_38,682,687,
2841,28,150000,10700,user_20,683,687,
2944,29,120000,0,user_29,684,687,
2758,30,100000,0,user_49,681,687,
2958,31,98000,0,user_46,684,687,
2925,32,84001,0,user_16,684,687,2797
3107,33,79999,0,user_1,687,687,2931
3127,0,27000000,0,user_25,687,688,
3138,1,6100000,0,user_33,687,688,
3167,2,4999999,0,user_1,688,688,2694
2988,3,1700001,0,user_12,685,688,2735
3002,4,1700001,0,user_18,685,688,2735
2987,5,1699999,0,user_12,685,688,2735
2990,6,1699999,0,user_14,685,688,2735
3135,7,1500000,17700000,user_31,687,688,
3137,8,1100000,0,user_33,687,688,
3003,9,999999,0,user_18,685,688,2734
3134,10,650000,0,user_31,687,688,
3124,11,630000,0,user_21,687,688,
3015,12,240000,0,user_29,685,688,
3042,13,219999,0,user_3,686,688,2697
3108,14,219999,0,user_2,687,688,2697
3133,15,150000,0,user_30,687,688,
3132,16,98000,0,user_30,687,688,
3051,17,80001,0,user_11,686,688,2931
3043,18,79999,0,user_4,686,688,2931
3044,19,79999,0,user_7,686,688,2931
3071,0,27000000,322000,user_37,686,689,
3063,1,6100000,24700,user_26,686,689,
3195,2,5000000,0,user_35,688,689,
3081,3,3600000,594000,user_47,686,689,
3125,4,3600000,0,user_24,687,689,
2868,5,3500000,0,user_48,683,689,
2961,6,2600000,0,user_48,684,689,
3142,7,2500000,0,user_37,687,689,
3048,8,2300001,0,user_9,686,689,2946
3181,9,2300001,0,user_15,688,689,2946
3168,10,2299999,0,user_2,688,689,2946
3180,11,2299999,0,user_15,688,689,2946
3186,12,2100000,0,user_24,688,689,
3126,13,1800000,0,user_24,687,689,
2996,14,1699999,0,user_16,685,689,2735
2998,15,1699999,0,user_16,685,689,2735
2999,16,1699999,0,user_16,685,689,2735
3000,17,1699999,0,user_16,685,689,2735
3004,18,1699999,0,user_19,685,689,2735
3058,19,1699999,0,user_19,686,689,2735
2957,20,1500000,15700,user_44,684,689,
3060,21,1500000,0,user_24,686,689,
3151,22,1500000,0,user_47,687,689,
3072,23,1400000,0,user_37,686,689,
2948,24,1200000,0,user_34,684,689,
2956,25,1000000,11200,user_44,684,689,
3013,26,1000000,0,user_26,685,689,
3054,27,999999,0,user_16,686,689,2734
3047,28,999999,0,user_9,686,689,2734
3049,29,999999,0,user_9,686,689,2734
3053,30,999999,0,user_15,686,689,2734
3115,31,999999,0,user_9,687,689,2734
2960,32,670000,0,user_48,684,689,
3036,33,660000,0,user_48,685,689,
3190,34,660000,0,user_30,688,689,
3069,35,630000,0,user_35,686,689,
3136,36,530000,296000,user_32,687,689,
3187,37,530000,0,user_24,688,689,
3191,38,460000,10700,user_31,688,689,
3068,39,420000,769000,user_35,686,689,
3220,40,419999,0,user_1,689,689,3068
3197,41,300000,0,user_37,688,689,
3111,42,220001,0,user_4,687,689,2697
3112,43,220001,0,user_5,687,689,2697
3109,44,219999,0,user_3,687,689,2697
3045,45,219999,0,user_8,686,689,2697
3110,46,219999,0,user_4,687,689,2697
3113,47,219999,0,user_7,687,689,2697
3080,48,150000,0,user_46,686,689,
2962,49,120000,0,user_48,684,689,
3012,50,120000,0,user_26,685,689,
3061,51,110000,0,user_24,686,689,
3070,52,85000,5180,user_37,686,689,
2997,53,84001,0,user_16,685,689,2797
3173,54,84001,0,user_9,688,689,2797
3050,55,83999,0,user_9,686,689,2797
3046,56,80001,0,user_8,686,689,2931
3219,57,80001,0,user_0,689,689,2931
3052,58,79999,0,user_14,686,689,2931
3064,59,73000,0,user_26,686,689,
3239,0,2300000,0,user_25,689,690,
3252,1,2100000,369000,user_37,689,690,
3271,2,1100000,31700,user_47,689,690,
3244,3,1000000,0,user_30,689,690,
3248,4,530000,0,user_35,689,690,
3274,5,420001,0,user_0,690,690,3068
3226,6,419999,0,user_9,689,690,3068
3275,7,419999,0,user_1,690,690,3068
3247,8,340000,0,user_35,689,690,
3237,9,87000,10700,user_21,689,690,
3227,10,86999,0,user_9,689,690,3011
3192,0,5200000,0,user_32,688,691,
3280,1,5000001,0,user_9,690,691,2694
3297,2,5000000,0,user_21,690,691,
3330,3,4999999,0,user_1,691,691,2694
3311,4,2500000,0,user_37,690,691,
3304,5,2400000,0,user_31,690,691,
3300,6,1600000,75000,user_24,690,691,
3193,7,1400000,0,user_32,688,691,
3310,8,1400000,0,user_35,690,691,
3326,9,1100000,0,user_47,690,691,
3305,10,630000,0,user_31,690,691,
3307,11,420000,0,user_33,690,691,
3291,12,419999,0,user_15,690,691,3068
3245,13,170000,0,user_32,689,691,
3303,14,110000,0,user_30,690,691,
3328,15,86999,0,user_0,691,691,3011
3329,16,86999,0,user_1,691,691,3011
3256,0,43000000,0,user_40,689,693,
3464,1,30000001,0,builder_2,692,692,2941
2941,1,30000000,68100,user_28,684,693,
2955,3,6100000,0,user_43,684,693,
3333,7,5000001,0,user_7,691,693,2694
3338,8,5000001,0,user_11,691,693,2694
3388,9,5000001,0,user_2,692,693,2694
3465,7,3500001,0,builder_2,692,692,2869
2869,18,3500000,16400,user_49,683,693,
3264,19,3500000,0,user_41,689,693,
3295,32,2300001,0,user_18,690,693,2946
3258,33,2300000,0,user_40,689,693,
3234,45,2299999,0,user_17,689,693,2946
3281,46,2299999,0,user_10,690,693,2946
3466,14,2100001,0,builder_2,692,692,3145
3145,48,2100000,128000,user_40,687,693,
3033,47,2100000,0,user_43,685,693,
3467,17,2000001,0,builder_2,692,692,3006
3006,49,2000000,5640,user_23,685,693,
3262,51,2000000,0,user_41,689,693,
2870,52,1800000,0,user_49,683,693,
3468,21,1600001,0,builder_2,692,692,3198
3198,55,1600000,15700,user_38,688,693,
3029,54,1600000,0,user_41,685,693,
3028,60,1500000,0,user_40,685,693,
3001,63,1000001,0,user_17,685,693,2734
3032,64,1000000,0,user_43,685,693,
3200,67,970000,0,user_40,688,693,
3022,74,470000,0,user_38,685,693,
3469,29,350001,0,builder_2,692,692,2858
2858,78,350000,84800,user_38,683,693,
3470,31,310001,0,builder_2,692,692,2932
2932,80,310000,7840,user_23,684,693,
3255,81,310000,0,user_40,689,693,
2953,82,300000,0,user_40,684,693,
3037,83,260000,0,user_49,685,693,
3315,84,260000,0,user_40,690,693,
3263,97,160000,15700,user_41,689,693,
3471,38,159999,0,builder_2,692,692,3263
3472,39,79001,0,builder_2,692,692,3261
3261,40,79000,84800,user_41,689,692,
2942,94,160000,0,user_28,684,693,
3031,95,160000,0,user_43,685,693,
3034,96,160000,0,user_43,685,693,
3266,98,160000,0,user_43,689,693,
2963,99,150000,0,user_49,684,693,
3260,46,150000,0,user_41,689,692,
2930,47,130000,0,user_20,684,692,
2952,48,130000,0,user_40,684,692,
3210,49,120000,0,user_49,688,692,
3238,50,110000,0,user_23,689,692,
3014,51,100000,0,user_28,685,692,
3332,52,87001,0,user_6,691,692,3011
3259,53,85000,0,user_40,689,692,
3314,54,82000,0,user_40,690,692,
3257,55,79000,0,user_40,689,692,
3236,56,70000,0,user_20,689,692,
3256,0,43000000,0,user_40,689,693,
2941,1,30000000,68100,user_28,684,693,
3422,2,19000000,0,user_30,692,693,
2955,3,6100000,0,user_43,684,693,
3055,4,5000001,0,user_17,686,693,2694
3224,5,5000001,0,user_7,689,693,2694
3331,6,5000001,0,user_2,691,693,2694
3333,7,5000001,0,user_7,691,693,2694
3338,8,5000001,0,user_11,691,693,2694
3388,9,5000001,0,user_2,692,693,2694
3473,10,5000001,0,user_1,693,693,2694
3170,11,4999999,0,user_4,688,693,2694
3117,12,4999999,0,user_10,687,693,2694
3076,13,4500000,0,user_41,686,693,
3428,14,4500000,0,user_31,692,693,
3189,15,4200000,0,user_29,688,693,
3202,16,4200000,0,user_43,688,693,
3184,17,3600000,0,user_23,688,693,
2869,18,3500000,16400,user_49,683,693,
3264,19,3500000,0,user_41,689,693,
3208,20,2600000,0,user_46,688,693,
3130,21,2400000,0,user_29,687,693,
3169,22,2300001,0,user_3,688,693,2946
3171,23,2300001,0,user_7,688,693,2946
3172,24,2300001,0,user_7,688,693,2946
3175,25,2300001,0,user_11,688,693,2946
3229,26,2300001,0,user_12,689,693,2946
3183,27,2300001,0,user_18,688,693,2946
3283,28,2300001,0,user_11,690,693,2946
3284,29,2300001,0,user_11,690,693,2946
3286,30,2300001,0,user_11,690,693,2946
3289,31,2300001,0,user_13,690,693,2946
3295,32,2300001,0,user_18,690,693,2946
3258,33,2300000,0,user_40,689,693,
3118,34,2299999,0,user_12,687,693,2946
3176,35,2299999,0,user_13,688,693,2946
3177,36,2299999,0,user_13,688,693,2946
3178,37,2299999,0,user_14,688,693,2946
3222,38,2299999,0,user_7,689,693,2946
3223,39,2299999,0,user_7,689,693,2946
3230,40,2299999,0,user_13,689,693,2946
3225,41,2299999,0,user_8,689,693,2946
3232,42,2299999,0,user_14,689,693,2946
3277,43,2299999,0,user_7,690,693,2946
3288,44,2299999,0,user_13,690,693,2946
3234,45,2299999,0,user_17,689,693,2946
3281,46,2299999,0,user_10,690,693,2946
3033,47,2100000,0,user_43,685,693,
3145,48,2100000,128000,user_40,687,693,
3006,49,2000000,5640,user_23,685,693,
3059,50,2000000,11200,user_20,686,693,
3262,51,2000000,0,user_41,689,693,
2870,52,1800000,0,user_49,683,693,
3206,53,1700000,0,user_46,688,693,
3029,54,1600000,0,user_41,685,693,
3198,55,1600000,15700,user_38,688,693,
3221,56,1500001,0,user_4,689,693,3135
3231,57,1500001,0,user_13,689,693,3135
3282,58,1500001,0,user_11,690,693,3135
3285,59,1500001,0,user_11,690,693,3135
3028,60,1500000,0,user_40,685,693,
3387,61,1499999,0,user_0,692,693,3135
3358,62,1400000,0,user_37,691,693,
3001,63,1000001,0,user_17,685,693,2734
3032,64,1000000,0,user_43,685,693,
3371,65,1000000,0,user_47,691,693,
3424,66,1000000,0,user_30,692,693,
3200,67,970000,0,user_40,688,693,
3150,68,910000,0,user_46,687,693,
3073,69,910000,67500,user_38,686,693,
3083,70,910000,0,user_49,686,693,
3201,71,660000,0,user_41,688,693,
3131,72,630000,0,user_29,687,693,
3084,73,530000,0,user_49,686,693,
3022,74,470000,0,user_38,685,693,
3335,75,419999,0,user_9,691,693,3068
3340,76,419999,0,user_15,691,693,3068
3207,77,370000,23500,user_46,688,693,
2858,78,350000,84800,user_38,683,693,
3129,79,320000,0,user_28,687,693,
2932,80,310000,7840,user_23,684,693,
3255,81,310000,0,user_40,689,693,
2953,82,300000,0,user_40,684,693,
3037,83,260000,0,user_49,685,693,
3315,84,260000,0,user_40,690,693,
3123,85,240000,84800,user_20,687,693,
3114,86,220001,0,user_8,687,693,2697
3116,87,220001,0,user_10,687,693,2697
3057,88,220001,0,user_18,686,693,2697
3120,89,220001,0,user_18,687,693,2697
3078,90,220000,0,user_43,686,693,
3306,91,220000,0,user_32,690,693,
3357,92,220000,0,user_37,691,693,
3415,93,190000,0,user_25,692,693,
2942,94,160000,0,user_28,684,693,
3031,95,160000,0,user_43,685,693,
3034,96,160000,0,user_43,685,693,
3263,97,160000,15700,user_41,689,693,
3266,98,160000,0,user_43,689,693,
2963,99,150000,0,user_49,684,693,
3085,0,150000,0,user_49,686,694,
3086,1,130000,0,user_49,686,694,
3146,2,120000,0,user_41,687,694,
3153,3,100000,0,user_49,687,694,
3087,4,83000,13900,user_49,686,694,
3056,5,80001,0,user_18,686,694,2931
3143,6,70000,15700,user_38,687,694,
3494,3,6300000,0,user_23,693,699,
3401,17,5000001,0,user_14,692,697,2694
3402,18,5000001,0,user_14,692,697,2694
3547,19,5000001,0,user_2,694,697,2694
3613,18,5000001,0,user_10,695,699,2694
3396,25,4999999,0,user_8,692,697,2694
3399,26,4999999,0,user_12,692,697,2694
3477,27,4999999,0,user_4,693,697,2694
3552,31,4999999,0,user_7,694,699,2694
3148,31,4500000,0,user_44,687,697,
3563,58,2100000,0,user_20,694,699,
3475,52,1500001,0,user_3,693,697,3135
3486,53,1500001,0,user_13,693,697,3135
3611,65,1500001,0,user_7,695,699,3135
3567,76,1300000,0,user_23,694,699,
3561,81,1100000,0,user_20,694,699,
3517,84,1000000,0,user_41,693,699,
3590,85,1000000,0,user_43,694,699,
3571,94,910000,0,user_28,694,699,
3564,98,670000,36800,user_20,694,699,
3152,71,650000,8520,user_48,687,697,
3128,76,530000,0,user_26,687,697,
3432,22,460000,100000,user_38,692,695,
3500,23,260000,0,user_28,693,695,
3082,92,240000,0,user_48,686,697,
3412,93,240000,0,user_22,692,697,
3119,97,219999,0,user_16,687,697,2697
3121,98,219999,0,user_19,687,697,2697
3067,28,170000,0,user_34,686,695,
3562,29,170000,0,user_20,694,695,
3588,30,170000,12300,user_41,694,695,
3373,31,150000,0,user_49,691,695,
3560,32,150000,0,user_20,694,695,
3359,33,110000,0,user_38,691,695,
3482,34,87001,0,user_11,693,695,3011
3551,35,87001,0,user_7,694,695,3011
3495,36,83000,0,user_23,693,695,
3122,37,79999,0,user_19,687,695,2931
3490,38,77001,0,user_17,693,695,3243
3476,39,77001,0,user_3,693,695,3243
3585,1,19000000,369000,user_38,694,699,
3623,24,5000001,0,user_17,695,699,2694
3668,47,4999999,0,user_10,696,699,2694
3513,49,4500000,0,user_38,693,699,
3514,60,1900000,0,user_38,693,699,
3584,67,1500000,0,user_38,694,699,
3622,72,1499999,0,user_17,695,699,3135
3665,70,1499999,0,user_7,696,699,3135
3581,86,1000000,0,user_38,694,699,
3652,9,370000,769000,user_43,695,696,
3582,10,220000,0,user_38,694,696,
3649,11,120000,0,user_41,695,696,
3583,12,110000,0,user_38,694,696,
3512,13,85000,108000,user_38,693,696,
3529,14,77000,0,user_49,693,696,
3508,0,43000000,0,user_35,693,697,
3299,1,27000000,0,user_23,690,697,
3687,2,27000000,0,user_21,696,697,
3565,3,6300000,231000,user_21,694,697,
3578,4,6300000,12800,user_33,694,697,
3496,5,6100000,7190000,user_25,693,697,
3691,6,6100000,0,user_25,696,697,
3390,7,5000001,0,user_3,692,697,2694
3391,8,5000001,0,user_3,692,697,2694
3278,9,5000001,0,user_8,690,697,2694
3287,10,5000001,0,user_12,690,697,2694
3334,11,5000001,0,user_8,691,697,2694
3336,12,5000001,0,user_10,691,697,2694
3337,13,5000001,0,user_10,691,697,2694
3344,14,5000001,0,user_18,691,697,2694
3400,15,5000001,0,user_13,692,697,2694
3546,16,5000001,0,user_0,694,697,2694
3401,17,5000001,0,user_14,692,697,2694
3402,18,5000001,0,user_14,692,697,2694
3547,19,5000001,0,user_2,694,697,2694
3558,20,5000001,0,user_15,694,697,2694
3617,21,5000001,0,user_15,695,697,2694
3308,22,5000000,0,user_34,690,697,
3393,23,4999999,0,user_5,692,697,2694
3474,24,4999999,0,user_2,693,697,2694
3396,25,4999999,0,user_8,692,697,2694
3399,26,4999999,0,user_12,692,697,2694
3477,27,4999999,0,user_4,693,697,2694
3612,28,4999999,0,user_9,695,697,2694
3659,29,4999999,0,user_0,696,697,2694
3683,30,4999999,0,user_15,696,697,2694
3148,31,4500000,0,user_44,687,697,
3572,32,4500000,0,user_30,694,697,
3429,33,3600000,0,user_35,692,697,
3577,34,3600000,0,user_33,694,697,
3635,35,3600000,350000,user_31,695,697,
3188,36,3500000,0,user_26,688,697,
3704,37,3500000,0,user_35,696,697,
3506,38,3200000,0,user_33,693,697,
3575,39,2600000,0,user_32,694,697,
3700,40,2600000,64600,user_33,696,697,
3293,41,2300001,0,user_17,690,697,2946
3351,42,2300000,181000,user_29,691,697,
3568,43,2300000,0,user_24,694,697,
3345,44,2299999,0,user_19,691,697,2946
3294,45,2299999,0,user_17,690,697,2946
3636,46,2100000,0,user_31,695,697,
3302,47,2000000,0,user_28,690,697,
3643,48,2000000,0,user_35,695,697,
3194,49,1900000,0,user_34,688,697,
3322,50,1600000,0,user_44,690,697,
3395,51,1500001,0,user_7,692,697,3135
3475,52,1500001,0,user_3,693,697,3135
3486,53,1500001,0,user_13,693,697,3135
3602,54,1500001,0,user_0,695,697,3135
3722,55,1500001,0,user_1,697,697,3135
3628,56,1500000,0,user_24,695,697,
3392,57,1499999,0,user_4,692,697,3135
3717,58,1499999,0,user_0,697,697,3135
3719,59,1499999,0,user_1,697,697,3135
3370,60,1400000,0,user_46,691,697,
3272,61,1400000,18600,user_48,689,697,
3497,62,1400000,0,user_25,693,697,
3629,63,1400000,0,user_25,695,697,
3639,64,1200000,0,user_31,695,697,
3309,65,1100000,0,user_34,690,697,
3323,66,1000000,0,user_44,690,697,
3574,67,1000000,0,user_31,694,697,
3644,68,1000000,33100,user_37,695,697,
3431,69,970000,0,user_37,692,697,
3573,70,660000,0,user_30,694,697,
3152,71,650000,8520,user_48,687,697,
3354,72,630000,0,user_32,691,697,
3209,73,600000,0,user_48,688,697,
3688,74,600000,0,user_21,696,697,
3703,75,600000,0,user_35,696,697,
3128,76,530000,0,user_26,687,697,
3348,77,530000,285000,user_26,691,697,
3406,78,420001,0,user_15,692,697,3068
3488,79,420001,0,user_15,693,697,3068
3566,80,420000,0,user_21,694,697,
3594,81,420000,0,user_47,694,697,
3701,82,420000,36800,user_33,696,697,
3397,83,419999,0,user_9,692,697,3068
3403,84,419999,0,user_15,692,697,3068
3404,85,419999,0,user_15,692,697,3068
3246,86,360000,0,user_34,689,697,
3503,87,360000,12300,user_30,693,697,
3630,88,340000,0,user_25,695,697,
3640,89,340000,0,user_33,695,697,
3316,90,310000,0,user_41,690,697,
3240,91,260000,0,user_26,689,697,
3082,92,240000,0,user_48,686,697,
3412,93,240000,0,user_22,692,697,
3235,94,220001,0,user_19,689,697,2697
3341,95,220001,0,user_16,691,697,2697
3325,96,220000,0,user_46,690,697,
3119,97,219999,0,user_16,687,697,2697
3121,98,219999,0,user_19,687,697,2697
3233,99,219999,0,user_16,689,697,2697
3292,0,219999,0,user_16,690,698,2697
3296,1,219999,0,user_19,690,698,2697
3298,2,160000,0,user_22,690,698,
3273,3,160000,0,user_49,689,698,
3253,4,100000,0,user_38,689,698,
3339,5,86999,0,user_12,691,698,3011
3241,6,85000,0,user_26,689,698,
3347,7,83000,0,user_26,691,698,
3279,8,77001,0,user_8,690,698,3243
3290,9,76999,0,user_14,690,698,3243
3352,10,70000,0,user_29,691,698,
3416,0,43000000,0,user_26,692,699,
3585,1,19000000,369000,user_38,694,699,
3815,2,19000000,0,user_31,698,699,
3494,3,6300000,0,user_23,693,699,
3769,4,6100001,0,user_2,698,699,3496
3436,5,6100000,0,user_44,692,699,
3484,6,5000001,0,user_12,693,699,2694
3343,7,5000001,0,user_17,691,699,2694
3481,8,5000001,0,user_10,693,699,2694
3554,9,5000001,0,user_11,694,699,2694
3616,10,5000001,0,user_13,695,699,2694
3614,11,5000001,0,user_12,695,699,2694
3660,12,5000001,0,user_4,696,699,2694
3662,13,5000001,0,user_4,696,699,2694
3618,14,5000001,0,user_16,695,699,2694
3619,15,5000001,0,user_16,695,699,2694
3621,16,5000001,0,user_16,695,699,2694
3663,17,5000001,0,user_5,696,699,2694
3613,18,5000001,0,user_10,695,699,2694
3671,19,5000001,0,user_11,696,699,2694
3677,20,5000001,0,user_13,696,699,2694
3723,21,5000001,0,user_3,697,699,2694
3724,22,5000001,0,user_5,697,699,2694
3725,23,5000001,0,user_5,697,699,2694
3623,24,5000001,0,user_17,695,699,2694
3743,25,5000000,0,user_21,697,699,
3548,26,4999999,0,user_3,694,699,2694
3479,27,4999999,0,user_8,693,699,2694
3485,28,4999999,0,user_12,693,699,2694
3549,29,4999999,0,user_4,694,699,2694
3480,30,4999999,0,user_10,693,699,2694
3552,31,4999999,0,user_7,694,699,2694
3491,32,4999999,0,user_18,693,699,2694
3555,33,4999999,0,user_13,694,699,2694
3556,34,4999999,0,user_13,694,699,2694
3553,35,4999999,0,user_8,694,699,2694
3606,36,4999999,0,user_5,695,699,2694
3607,37,4999999,0,user_6,695,699,2694
3615,38,4999999,0,user_12,695,699,2694
3661,39,4999999,0,user_4,696,699,2694
3620,40,4999999,0,user_16,695,699,2694
3625,41,4999999,0,user_19,695,699,2694
3664,42,4999999,0,user_6,696,699,2694
3669,43,4999999,0,user_11,696,699,2694
3670,44,4999999,0,user_11,696,699,2694
3673,45,4999999,0,user_13,696,699,2694
3676,46,4999999,0,user_13,696,699,2694
3668,47,4999999,0,user_10,696,699,2694
3726,48,4999999,0,user_7,697,699,2694
3513,49,4500000,0,user_38,693,699,
3437,50,4200000,0,user_44,692,699,
3356,51,3600000,0,user_34,691,699,
3758,52,3500000,5630,user_37,697,699,
3501,53,3500000,0,user_29,693,699,
3367,54,2600000,0,user_43,691,699,
3365,55,2500000,0,user_43,691,699,
3817,56,2500000,0,user_31,698,699,
3634,57,2300000,13900,user_29,695,699,
3563,58,2100000,0,user_20,694,699,
3372,59,2000000,0,user_48,691,699,
3514,60,1900000,0,user_38,693,699,
3595,61,1800000,24700,user_48,694,699,
3493,62,1600000,35100,user_22,693,699,
3362,63,1600000,0,user_41,691,699,
3735,64,1500001,0,user_15,697,699,3135
3611,65,1500001,0,user_7,695,699,3135
3672,66,1500001,0,user_11,696,699,3135
3584,67,1500000,0,user_38,694,699,
3550,68,1499999,0,user_5,694,699,3135
3559,69,1499999,0,user_19,694,699,3135
3665,70,1499999,0,user_7,696,699,3135
3684,71,1499999,0,user_16,696,699,3135
3622,72,1499999,0,user_17,695,699,3135
3355,73,1400000,0,user_34,691,699,
3502,74,1300000,121000,user_29,693,699,
3525,75,1300000,0,user_44,693,699,
3567,76,1300000,0,user_23,694,699,
3410,77,1200000,0,user_20,692,699,
3754,78,1100000,0,user_31,697,699,
3435,79,1100000,0,user_41,692,699,
3648,80,1100000,0,user_40,695,699,
3561,81,1100000,0,user_20,694,699,
3327,82,1000000,0,user_49,690,699,
3413,83,1000000,215000,user_23,692,699,
3517,84,1000000,0,user_41,693,699,
3590,85,1000000,0,user_43,694,699,
3581,86,1000000,0,user_38,694,699,
3802,87,1000000,0,user_25,698,699,
3814,88,1000000,33300,user_30,698,699,
3821,89,1000000,0,user_35,698,699,
3746,90,970000,0,user_24,697,699,
3408,91,970000,0,user_20,692,699,
3692,92,970000,0,user_26,696,699,
3818,93,970000,3130,user_31,698,699,
3571,94,910000,0,user_28,694,699,
3753,95,870000,0,user_30,697,699,
3747,96,870000,0,user_24,697,699,
3587,97,670000,0,user_40,694,699,
3564,98,670000,36800,user_20,694,699,
3627,99,600000,0,user_22,695,699,
2651,0,5000000,0,user_0,700,700,
2652,1,970000,0,user_1,700,700,
2650,2,650000,0,user_0,700,700,
2706,0,43000001,0,user_0,701,701,2691
2691,1,43000000,16400,user_37,700,701,
2707,2,42999999,0,user_1,701,701,2691
2685,3,30000000,0,user_31,700,701,
2662,4,1100000,0,user_9,700,701,
2653,5,870000,0,user_2,700,701,
2677,6,310000,0,user_21,700,701,
2678,7,310000,0,user_21,700,701,
2690,8,170000,0,user_37,700,701,
2680,9,160000,0,user_24,700,701,
2703,10,120000,0,user_47,700,701,
2654,11,110000,0,user_2,700,701,
2708,0,43000001,0,user_2,701,703,2691
2722,1,43000001,0,user_15,701,703,2691
2788,2,43000000,0,user_25,702,703,
2764,3,42999999,0,user_0,702,703,2691
2776,4,42999999,0,user_15,702,703,2691
2781,5,5000000,0,user_21,702,703,
2785,6,5000000,0,user_24,702,703,
2741,7,4500000,0,user_31,701,703,
2756,8,4500000,0,user_47,701,703,
2820,9,2000001,0,user_0,703,703,2786
2667,10,2000000,11200,user_13,700,703,
2786,11,2000000,30200,user_24,702,703,
2656,12,1900000,5180,user_5,700,703,
2765,13,1600001,0,user_0,702,703,2745
2821,14,1600001,0,user_1,703,703,2745
2687,15,1600000,0,user_32,700,703,
2745,16,1600000,35600,user_35,701,703,
2774,17,1599999,0,user_9,702,703,2745
2747,18,1500000,0,user_37,701,703,
2793,19,1500000,0,user_30,702,703,
2812,20,1400000,0,user_47,702,703,
2811,21,1300000,15700,user_47,702,703,
2743,22,1100000,0,user_33,701,703,
2658,23,970000,0,user_6,700,703,
2664,24,910000,0,user_11,700,703,
2657,25,530000,0,user_6,700,703,
2660,26,460000,0,user_7,700,703,
2783,27,460000,15100,user_21,702,703,
2794,28,460000,0,user_31,702,703,
2686,29,260000,0,user_32,700,703,
2688,30,260000,0,user_32,700,703,
2795,31,260000,0,user_31,702,703,
2800,32,260000,0,user_35,702,703,
2655,33,220000,0,user_3,700,703,
2740,34,220000,71800,user_30,701,703,
2787,35,220000,0,user_24,702,703,
2799,36,170000,0,user_35,702,703,
2744,37,160000,30200,user_33,701,703,
2659,38,120000,0,user_6,700,703,
2731,39,120000,0,user_21,701,703,
2742,40,120000,0,user_32,701,703,
2666,41,110000,0,user_13,700,703,
2801,42,98000,0,user_37,702,703,
2782,43,87000,100000,user_21,702,703,
2730,44,85000,0,user_21,701,703,
2733,45,85000,0,user_25,701,703,
2784,46,80000,0,user_24,702,703,
2711,0,43000001,0,user_5,701,704,2691
2719,1,43000001,0,user_11,701,704,2691
2712,2,42999999,0,user_5,701,704,2691
2715,3,42999999,0,user_10,701,704,2691
2668,4,30000000,0,user_14,700,704,
2675,5,6300000,0,user_18,700,704,
2853,6,6100000,0,user_30,703,704,
2694,7,5000000,959000,user_40,700,704,
2673,8,5000000,0,user_17,700,704,
2867,9,5000000,0,user_47,703,704,
2771,10,4999999,0,user_6,702,704,2694
2704,11,4200000,0,user_48,700,704,
2796,12,2100000,0,user_32,702,704,
2727,13,2000001,0,user_19,701,704,2667
2770,14,2000001,0,user_6,702,704,2667
2709,15,1999999,0,user_5,701,704,2667
2710,16,1999999,0,user_5,701,704,2667
2766,17,1999999,0,user_3,702,704,2667
2723,18,1999999,0,user_16,701,704,2667
2716,19,1999999,0,user_10,701,704,2667
2717,20,1999999,0,user_10,701,704,2667
2713,21,1900001,0,user_7,701,704,2656
2718,22,1900001,0,user_11,701,704,2656
2720,23,1900001,0,user_13,701,704,2656
2679,24,1900000,0,user_22,700,704,
2669,25,1899999,0,user_16,700,704,2656
2735,26,1700000,100000,user_26,701,704,
2698,27,1500000,0,user_44,700,704,
2671,28,1500000,0,user_17,700,704,
2695,29,1500000,0,user_41,700,704,
2845,30,1500000,0,user_24,703,704,
2856,31,1300000,0,user_35,703,704,
2832,32,1299999,0,user_15,703,704,2811
2702,33,1200000,0,user_46,700,704,
2848,34,1200000,0,user_25,703,704,
2822,35,1000001,0,user_2,703,704,2734
2734,36,1000000,121000,user_26,701,704,
2714,37,660000,0,user_8,701,704,
2676,38,600000,6390,user_20,700,704,
2772,39,599999,0,user_7,702,704,2676
2674,40,460000,0,user_17,700,704,
2857,41,460000,0,user_35,703,704,
2749,42,420000,0,user_40,701,704,
2683,43,420000,0,user_28,700,704,
2696,44,420000,0,user_43,700,704,
2842,45,420000,0,user_21,703,704,
2684,46,370000,0,user_29,700,704,
2721,47,350000,0,user_14,701,704,
2663,48,340000,0,user_10,700,704,
2855,49,310000,0,user_35,703,704,
2670,50,260000,0,user_17,700,704,
2769,51,220001,0,user_5,702,704,2697
2697,52,220000,410000,user_44,700,704,
2854,53,220000,0,user_31,703,704,
2726,54,219999,0,user_19,701,704,2697
2701,55,170000,0,user_46,700,704,
2689,56,160000,0,user_34,700,704,
2852,57,160000,0,user_30,703,704,
2665,58,110000,0,user_12,700,704,
2846,59,98000,0,user_24,703,704,
2847,60,87000,0,user_25,703,704,
2899,61,84001,0,user_0,704,704,2797
2900,62,84001,0,user_1,704,704,2797
2797,63,84000,108000,user_32,702,704,
2767,64,83001,0,user_4,702,704,2661
2681,65,83000,0,user_26,700,704,
2661,66,83000,68100,user_8,700,704,
2768,67,82999,0,user_4,702,704,2661
2739,68,77000,17000,user_29,701,704,
2672,69,73000,0,user_17,700,704,
2827,0,42999999,0,user_10,703,706,2691
2798,1,30000000,0,user_34,702,706,
2728,2,27000000,0,user_20,701,706,
2732,5,19000000,0,user_23,701,706,
2789,7,5200000,0,user_26,702,706,
2979,8,5000001,0,user_2,705,706,2694
2902,11,4999999,0,user_3,704,706,2694
2844,13,3500000,0,user_22,703,706,
2851,18,2300000,0,user_29,703,706,
2828,22,2000001,0,user_10,703,706,2667
2805,25,1900000,0,user_41,702,706,
2724,27,1899999,0,user_17,701,706,2656
2903,30,1700001,0,user_3,704,706,2735
2904,31,1700001,0,user_4,704,706,2735
2907,32,1700001,0,user_4,704,706,2735
2908,33,1700001,0,user_4,704,706,2735
2840,34,1700001,0,user_19,703,706,2735
2912,35,1700001,0,user_5,704,706,2735
2837,36,1700001,0,user_18,703,706,2735
2918,37,1700001,0,user_11,704,706,2735
2920,38,1700001,0,user_13,704,706,2735
2905,39,1699999,0,user_4,704,706,2735
2911,40,1699999,0,user_5,704,706,2735
2913,41,1699999,0,user_5,704,706,2735
2914,42,1699999,0,user_6,704,706,2735
2915,43,1699999,0,user_7,704,706,2735
2835,44,1699999,0,user_18,703,706,2735
2754,45,1500000,0,user_43,701,706,
2826,51,1000001,0,user_8,703,706,2734
2831,52,1000001,0,user_12,703,706,2734
2777,53,1000001,0,user_16,702,706,2734
2778,54,1000001,0,user_16,702,706,2734
2779,56,999999,0,user_19,702,706,2734
2839,57,999999,0,user_19,703,706,2734
2910,58,999999,0,user_5,704,706,2734
2836,59,999999,0,user_18,703,706,2734
2859,60,870000,0,user_40,703,706,
2751,62,650000,0,user_41,701,706,
2692,63,630000,0,user_38,700,706,
2860,64,460000,0,user_40,703,706,
2729,65,420000,0,user_20,701,706,
2780,66,420000,0,user_20,702,706,
2807,67,350000,0,user_43,702,706,
3038,43,310001,0,builder_2,705,705,2757
2757,68,310000,35600,user_48,701,706,
2866,72,260000,0,user_46,703,706,
2843,73,240000,0,user_22,703,706,
2909,74,220001,0,user_5,704,706,2697
2738,76,220000,0,user_28,701,706,
2750,77,220000,0,user_41,701,706,
2809,79,170000,0,user_44,702,706,
2791,80,150000,0,user_28,702,706,
2755,81,120000,0,user_44,701,706,
2849,82,110000,0,user_26,703,706,
2752,83,110000,0,user_41,701,706,
2737,84,100000,0,user_28,701,706,
2838,86,87001,0,user_18,703,706,2782
2906,91,84001,0,user_4,704,706,2797
2753,97,77000,0,user_41,701,706,
2808,98,77000,0,user_43,702,706,
2850,60,70000,0,user_29,703,705,
2827,0,42999999,0,user_10,703,706,2691
2798,1,30000000,0,user_34,702,706,
2728,2,27000000,0,user_20,701,706,
3035,3,27000000,0,user_47,705,706,
2934,4,19000000,0,user_25,704,706,
2732,5,19000000,0,user_23,701,706,
2947,6,5200000,0,user_33,704,706,
2789,7,5200000,0,user_26,702,706,
2979,8,5000001,0,user_2,705,706,2694
2994,9,5000001,0,user_15,705,706,2694
2829,10,4999999,0,user_11,703,706,2694
2902,11,4999999,0,user_3,704,706,2694
2993,12,4999999,0,user_15,705,706,2694
2844,13,3500000,0,user_22,703,706,
3021,14,3500000,0,user_37,705,706,
2792,15,3200000,0,user_29,702,706,
2804,16,2600000,32900,user_40,702,706,
2995,17,2300001,0,user_15,705,706,2946
2851,18,2300000,0,user_29,703,706,
2946,19,2300000,510000,user_32,704,706,
2991,20,2299999,0,user_15,705,706,2946
2992,21,2299999,0,user_15,705,706,2946
2828,22,2000001,0,user_10,703,706,2667
3018,23,2000000,0,user_33,705,706,
3019,24,2000000,24700,user_35,705,706,
2805,25,1900000,0,user_41,702,706,
2725,26,1899999,0,user_18,701,706,2656
2724,27,1899999,0,user_17,701,706,2656
2825,28,1700001,0,user_6,703,706,2735
2830,29,1700001,0,user_11,703,706,2735
2903,30,1700001,0,user_3,704,706,2735
2904,31,1700001,0,user_4,704,706,2735
2907,32,1700001,0,user_4,704,706,2735
2908,33,1700001,0,user_4,704,706,2735
2840,34,1700001,0,user_19,703,706,2735
2912,35,1700001,0,user_5,704,706,2735
2837,36,1700001,0,user_18,703,706,2735
2918,37,1700001,0,user_11,704,706,2735
2920,38,1700001,0,user_13,704,706,2735
2905,39,1699999,0,user_4,704,706,2735
2911,40,1699999,0,user_5,704,706,2735
2913,41,1699999,0,user_5,704,706,2735
2914,42,1699999,0,user_6,704,706,2735
2915,43,1699999,0,user_7,704,706,2735
2835,44,1699999,0,user_18,703,706,2735
2754,45,1500000,0,user_43,701,706,
2945,46,1500000,0,user_32,704,706,
3007,47,1400000,35100,user_24,705,706,
2950,48,1200000,49100,user_35,704,706,
2823,49,1000001,0,user_3,703,706,2734
2824,50,1000001,0,user_4,703,706,2734
2826,51,1000001,0,user_8,703,706,2734
2831,52,1000001,0,user_12,703,706,2734
2777,53,1000001,0,user_16,702,706,2734
2778,54,1000001,0,user_16,702,706,2734
3009,55,1000000,0,user_24,705,706,
2779,56,999999,0,user_19,702,706,2734
2839,57,999999,0,user_19,703,706,2734
2910,58,999999,0,user_5,704,706,2734
2836,59,999999,0,user_18,703,706,2734
2859,60,870000,0,user_40,703,706,
3008,61,660000,0,user_24,705,706,
2751,62,650000,0,user_41,701,706,
2692,63,630000,0,user_38,700,706,
2860,64,460000,0,user_40,703,706,
2729,65,420000,0,user_20,701,706,
2780,66,420000,0,user_20,702,706,
2807,67,350000,0,user_43,702,706,
2757,68,310000,35600,user_48,701,706,
3017,69,310000,0,user_31,705,706,
3016,70,300000,0,user_31,705,706,
2959,71,260000,0,user_47,704,706,
2866,72,260000,0,user_46,703,706,
2843,73,240000,0,user_22,703,706,
2909,74,220001,0,user_5,704,706,2697
3040,75,220001,0,user_1,706,706,2697
2738,76,220000,0,user_28,701,706,
2750,77,220000,0,user_41,701,706,
3010,78,220000,10700,user_25,705,706,
2809,79,170000,0,user_44,702,706,
2791,80,150000,0,user_28,702,706,
2755,81,120000,0,user_44,701,706,
2849,82,110000,0,user_26,703,706,
2752,83,110000,0,user_41,701,706,
2737,84,100000,0,user_28,701,706,
2922,85,87001,0,user_15,704,706,2782
2838,86,87001,0,user_18,703,706,2782
3011,87,87000,1100000,user_25,705,706,
2978,88,86999,0,user_0,705,706,2782
2949,89,85000,0,user_35,704,706,
2923,90,84001,0,user_15,704,706,2797
2906,91,84001,0,user_4,704,706,2797
2901,92,83999,0,user_2,704,706,2797
2916,93,83999,0,user_9,704,706,2797
3039,94,83999,0,user_0,706,706,2797
2775,95,82999,0,user_12,702,706,2661
2931,96,80000,1100000,user_21,704,706,
2753,97,77000,0,user_41,701,706,
2808,98,77000,0,user_43,702,706,
3005,99,77000,0,user_21,705,706,
3041,0,5000001,0,user_2,706,707,2694
3062,1,5000000,0,user_25,706,707,
3066,2,2300000,0,user_33,706,707,
2833,3,1899999,0,user_17,703,707,2656
2834,4,1899999,0,user_17,703,707,2656
2928,5,1700001,0,user_16,704,707,2735
2983,6,1700001,0,user_7,705,707,2735
2929,7,1700001,0,user_18,704,707,2735
2984,8,1700001,0,user_11,705,707,2735
2921,9,1699999,0,user_14,704,707,2735
2980,10,1699999,0,user_4,705,707,2735
2924,11,1699999,0,user_16,704,707,2735
2926,12,1699999,0,user_16,704,707,2735
2927,13,1699999,0,user_16,704,707,2735
2982,14,1699999,0,user_5,705,707,2735
2917,15,1699999,0,user_10,704,707,2735
2985,16,1699999,0,user_11,705,707,2735
2986,17,1699999,0,user_11,705,707,2735
2989,18,1699999,0,user_13,705,707,2735
2935,19,910000,0,user_26,704,707,
2861,20,870000,30200,user_41,703,707,
2813,21,460000,0,user_49,702,707,
2863,22,260000,0,user_43,703,707,
2981,23,220001,0,user_4,705,707,2697
2919,24,219999,0,user_12,704,707,2697
3065,25,190000,0,user_31,706,707,
2943,26,170000,6390,user_29,704,707,
2802,27,170000,0,user_38,702,707,
2841,28,150000,10700,user_20,703,707,
2944,29,120000,0,user_29,704,707,
2758,30,100000,0,user_49,701,707,
2958,31,98000,0,user_46,704,707,
2925,32,84001,0,user_16,704,707,2797
3107,33,79999,0,user_1,707,707,2931
3127,0,27000000,0,user_25,707,708,
3138,1,6100000,0,user_33,707,708,
3167,2,4999999,0,user_1,708,708,2694
2988,3,1700001,0,user_12,705,708,2735
3002,4,1700001,0,user_18,705,708,2735
2987,5,1699999,0,user_12,705,708,2735
2990,6,1699999,0,user_14,705,708,2735
3135,7,1500000,17700000,user_31,707,708,
3137,8,1100000,0,user_33,707,708,
3003,9,999999,0,user_18,705,708,2734
3134,10,650000,0,user_31,707,708,
3124,11,630000,0,user_21,707,708,
3015,12,240000,0,user_29,705,708,
3042,13,219999,0,user_3,706,708,2697
3108,14,219999,0,user_2,707,708,2697
3133,15,150000,0,user_30,707,708,
3132,16,98000,0,user_30,707,708,
3051,17,80001,0,user_11,706,708,2931
3043,18,79999,0,user_4,706,708,2931
3044,19,79999,0,user_7,706,708,2931
3071,0,27000000,322000,user_37,706,709,
3063,1,6100000,24700,user_26,706,709,
3195,2,5000000,0,user_35,708,709,
3081,3,3600000,594000,user_47,706,709,
3125,4,3600000,0,user_24,707,709,
2868,5,3500000,0,user_48,703,709,
2961,6,2600000,0,user_48,704,709,
3142,7,2500000,0,user_37,707,709,
3048,8,2300001,0,user_9,706,709,2946
3181,9,2300001,0,user_15,708,709,2946
3168,10,2299999,0,user_2,708,709,2946
3180,11,2299999,0,user_15,708,709,2946
3186,12,2100000,0,user_24,708,709,
3126,13,1800000,0,user_24,707,709,
2996,14,1699999,0,user_16,705,709,2735
2998,15,1699999,0,user_16,705,709,2735
2999,16,1699999,0,user_16,705,709,2735
3000,17,1699999,0,user_16,705,709,2735
3004,18,1699999,0,user_19,705,709,2735
3058,19,1699999,0,user_19,706,709,2735
2957,20,1500000,15700,user_44,704,709,
3060,21,1500000,0,user_24,706,709,
3151,22,1500000,0,user_47,707,709,
3072,23,1400000,0,user_37,706,709,
2948,24,1200000,0,user_34,704,709,
2956,25,1000000,11200,user_44,704,709,
3013,26,1000000,0,user_26,705,709,
3054,27,999999,0,user_16,706,709,2734
3047,28,999999,0,user_9,706,709,2734
3049,29,999999,0,user_9,706,709,2734
3053,30,999999,0,user_15,706,709,2734
3115,31,999999,0,user_9,707,709,2734
2960,32,670000,0,user_48,704,709,
3036,33,660000,0,user_48,705,709,
3190,34,660000,0,user_30,708,709,
3069,35,630000,0,user_35,706,709,
3136,36,530000,296000,user_32,707,709,
3187,37,530000,0,user_24,708,709,
3191,38,460000,10700,user_31,708,709,
3068,39,420000,769000,user_35,706,709,
3220,40,419999,0,user_1,709,709,3068
3197,41,300000,0,user_37,708,709,
3111,42,220001,0,user_4,707,709,2697
3112,43,220001,0,user_5,707,709,2697
3109,44,219999,0,user_3,707,709,2697
3045,45,219999,0,user_8,706,709,2697
3110,46,219999,0,user_4,707,709,2697
3113,47,219999,0,user_7,707,709,2697
3080,48,150000,0,user_46,706,709,
2962,49,120000,0,user_48,704,709,
3012,50,120000,0,user_26,705,709,
3061,51,110000,0,user_24,706,709,
3070,52,85000,5180,user_37,706,709,
2997,53,84001,0,user_16,705,709,2797
3173,54,84001,0,user_9,708,709,2797
3050,55,83999,0,user_9,706,709,2797
3046,56,80001,0,user_8,706,709,2931
3219,57,80001,0,user_0,709,709,2931
3052,58,79999,0,user_14,706,709,2931
3064,59,73000,0,user_26,706,709,
3239,0,2300000,0,user_25,709,710,
3252,1,2100000,369000,user_37,709,710,
3271,2,1100000,31700,user_47,709,710,
3244,3,1000000,0,user_30,709,710,
3248,4,530000,0,user_35,709,710,
3274,5,420001,0,user_0,710,710,3068
3226,6,419999,0,user_9,709,710,3068
3275,7,419999,0,user_1,710,710,3068
3247,8,340000,0,user_35,709,710,
3237,9,87000,10700,user_21,709,710,
3227,10,86999,0,user_9,709,710,3011
3192,0,5200000,0,user_32,708,711,
3280,1,5000001,0,user_9,710,711,2694
3297,2,5000000,0,user_21,710,711,
3330,3,4999999,0,user_1,711,711,2694
3311,4,2500000,0,user_37,710,711,
3304,5,2400000,0,user_31,710,711,
3300,6,1600000,75000,user_24,710,711,
3193,7,1400000,0,user_32,708,711,
3310,8,1400000,0,user_35,710,711,
3326,9,1100000,0,user_47,710,711,
3305,10,630000,0,user_31,710,711,
3307,11,420000,0,user_33,710,711,
3291,12,419999,0,user_15,710,711,3068
3245,13,170000,0,user_32,709,711,
3303,14,110000,0,user_30,710,711,
3328,15,86999,0,user_0,711,711,3011
3329,16,86999,0,user_1,711,711,3011
3256,0,43000000,0,user_40,709,713,
3464,1,30000001,0,builder_2,712,712,2941
2941,1,30000000,68100,user_28,704,713,
2955,3,6100000,0,user_43,704,713,
3333,7,5000001,0,user_7,711,713,2694
3338,8,5000001,0,user_11,711,713,2694
3388,9,5000001,0,user_2,712,713,2694
3465,7,3500001,0,builder_2,712,712,2869
2869,18,3500000,16400,user_49,703,713,
3264,19,3500000,0,user_41,709,713,
3295,32,2300001,0,user_18,710,713,2946
3258,33,2300000,0,user_40,709,713,
3234,45,2299999,0,user_17,709,713,2946
3281,46,2299999,0,user_10,710,713,2946
3466,14,2100001,0,builder_2,712,712,3145
3145,48,2100000,128000,user_40,707,713,
3033,47,2100000,0,user_43,705,713,
3467,17,2000001,0,builder_2,712,712,3006
3006,49,2000000,5640,user_23,705,713,
3262,51,2000000,0,user_41,709,713,
2870,52,1800000,0,user_49,703,713,
3468,21,1600001,0,builder_2,712,712,3198
3198,55,1600000,15700,user_38,708,713,
3029,54,1600000,0,user_41,705,713,
3028,60,1500000,0,user_40,705,713,
3001,63,1000001,0,user_17,705,713,2734
3032,64,1000000,0,user_43,705,713,
3200,67,970000,0,user_40,708,713,
3022,74,470000,0,user_38,705,713,
3469,29,350001,0,builder_2,712,712,2858
2858,78,350000,84800,user_38,703,713,
3470,31,310001,0,builder_2,712,712,2932
2932,80,310000,7840,user_23,704,713,
3255,81,310000,0,user_40,709,713,
2953,82,300000,0,user_40,704,713,
3037,83,260000,0,user_49,705,713,
3315,84,260000,0,user_40,710,713,
3263,97,160000,15700,user_41,709,713,
3471,38,159999,0,builder_2,712,712,3263
3472,39,79001,0,builder_2,712,712,3261
3261,40,79000,84800,user_41,709,712,
2942,94,160000,0,user_28,704,713,
3031,95,160000,0,user_43,705,713,
3034,96,160000,0,user_43,705,713,
3266,98,160000,0,user_43,709,713,
2963,99,150000,0,user_49,704,713,
3260,46,150000,0,user_41,709,712,
2930,47,130000,0,user_20,704,712,
2952,48,130000,0,user_40,704,712,
3210,49,120000,0,user_49,708,712,
3238,50,110000,0,user_23,709,712,
3014,51,100000,0,user_28,705,712,
3332,52,87001,0,user_6,711,712,3011
3259,53,85000,0,user_40,709,712,
3314,54,82000,0,user_40,710,712,
3257,55,79000,0,user_40,709,712,
3236,56,70000,0,user_20,709,712,
3256,0,43000000,0,user_40,709,713,
2941,1,30000000,68100,user_28,704,713,
3422,2,19000000,0,user_30,712,713,
2955,3,6100000,0,user_43,704,713,
3055,4,5000001,0,user_17,706,713,2694
3224,5,5000001,0,user_7,709,713,2694
3331,6,5000001,0,user_2,711,713,2694
3333,7,5000001,0,user_7,711,713,2694
3338,8,5000001,0,user_11,711,713,2694
3388,9,5000001,0,user_2,712,713,2694
3473,10,5000001,0,user_1,713,713,2694
3170,11,4999999,0,user_4,708,713,2694
3117,12,4999999,0,user_10,707,713,2694
3076,13,4500000,0,user_41,706,713,
3428,14,4500000,0,user_31,712,713,
3189,15,4200000,0,user_29,708,713,
3202,16,4200000,0,user_43,708,713,
3184,17,3600000,0,user_23,708,713,
2869,18,3500000,16400,user_49,703,713,
3264,19,3500000,0,user_41,709,713,
3208,20,2600000,0,user_46,708,713,
3130,21,2400000,0,user_29,707,713,
3169,22,2300001,0,user_3,708,713,2946
3171,23,2300001,0,user_7,708,713,2946
3172,24,2300001,0,user_7,708,713,2946
3175,25,2300001,0,user_11,708,713,2946
3229,26,2300001,0,user_12,709,713,2946
3183,27,2300001,0,user_18,708,713,2946
3283,28,2300001,0,user_11,710,713,2946
3284,29,2300001,0,user_11,710,713,2946
3286,30,2300001,0,user_11,710,713,2946
3289,31,2300001,0,user_13,710,713,2946
3295,32,2300001,0,user_18,710,713,2946
3258,33,2300000,0,user_40,709,713,
3118,34,2299999,0,user_12,707,713,2946
3176,35,2299999,0,user_13,708,713,2946
3177,36,2299999,0,user_13,708,713,2946
3178,37,2299999,0,user_14,708,713,2946
3222,38,2299999,0,user_7,709,713,2946
3223,39,2299999,0,user_7,709,713,2946
3230,40,2299999,0,user_13,709,713,2946
3225,41,2299999,0,user_8,709,713,2946
3232,42,2299999,0,user_14,709,713,2946
3277,43,2299999,0,user_7,710,713,2946
3288,44,2299999,0,user_13,710,713,2946
3234,45,2299999,0,user_17,709,713,2946
3281,46,2299999,0,user_10,710,713,2946
3033,47,2100000,0,user_43,705,713,
3145,48,2100000,128000,user_40,707,713,
3006,49,2000000,5640,user_23,705,713,
3059,50,2000000,11200,user_20,706,713,
3262,51,2000000,0,user_41,709,713,
2870,52,1800000,0,user_49,703,713,
3206,53,1700000,0,user_46,708,713,
3029,54,1600000,0,user_41,705,713,
3198,55,1600000,15700,user_38,708,713,
3221,56,1500001,0,user_4,709,713,3135
3231,57,1500001,0,user_13,709,713,3135
3282,58,1500001,0,user_11,710,713,3135
3285,59,1500001,0,user_11,710,713,3135
3028,60,1500000,0,user_40,705,713,
3387,61,1499999,0,user_0,712,713,3135
3358,62,1400000,0,user_37,711,713,
3001,63,1000001,0,user_17,705,713,2734
3032,64,1000000,0,user_43,705,713,
3371,65,1000000,0,user_47,711,713,
3424,66,1000000,0,user_30,712,713,
3200,67,970000,0,user_40,708,713,
3150,68,910000,0,user_46,707,713,
3073,69,910000,67500,user_38,706,713,
3083,70,910000,0,user_49,706,713,
3201,71,660000,0,user_41,708,713,
3131,72,630000,0,user_29,707,713,
3084,73,530000,0,user_49,706,713,
3022,74,470000,0,user_38,705,713,
3335,75,419999,0,user_9,711,713,3068
3340,76,419999,0,user_15,711,713,3068
3207,77,370000,23500,user_46,708,713,
2858,78,350000,84800,user_38,703,713,
3129,79,320000,0,user_28,707,713,
2932,80,310000,7840,user_23,704,713,
3255,81,310000,0,user_40,709,713,
2953,82,300000,0,user_40,704,713,
3037,83,260000,0,user_49,705,713,
3315,84,260000,0,user_40,710,713,
3123,85,240000,84800,user_20,707,713,
3114,86,220001,0,user_8,707,713,2697
3116,87,220001,0,user_10,707,713,2697
3057,88,220001,0,user_18,706,713,2697
3120,89,220001,0,user_18,707,713,2697
3078,90,220000,0,user_43,706,713,
3306,91,220000,0,user_32,710,713,
3357,92,220000,0,user_37,711,713,
3415,93,190000,0,user_25,712,713,
2942,94,160000,0,user_28,704,713,
3031,95,160000,0,user_43,705,713,
3034,96,160000,0,user_43,705,713,
3263,97,160000,15700,user_41,709,713,
3266,98,160000,0,user_43,709,713,
2963,99,150000,0,user_49,704,713,
3085,0,150000,0,user_49,706,714,
3086,1,130000,0,user_49,706,714,
3146,2,120000,0,user_41,707,714,
3153,3,100000,0,user_49,707,714,
3087,4,83000,13900,user_49,706,714,
3056,5,80001,0,user_18,706,714,2931
3143,6,70000,15700,user_38,707,714,
3494,3,6300000,0,user_23,713,719,
3401,17,5000001,0,user_14,712,717,2694
3402,18,5000001,0,user_14,712,717,2694
3547,19,5000001,0,user_2,714,717,2694
3613,18,5000001,0,user_10,715,719,2694
3396,25,4999999,0,user_8,712,717,2694
3399,26,4999999,0,user_12,712,717,2694
3477,27,4999999,0,user_4,713,717,2694
3552,31,4999999,0,user_7,714,719,2694
3148,31,4500000,0,user_44,707,717,
3563,58,2100000,0,user_20,714,719,
3475,52,1500001,0,user_3,713,717,3135
3486,53,1500001,0,user_13,713,717,3135
3611,65,1500001,0,user_7,715,719,3135
3567,76,1300000,0,user_23,714,719,
3561,81,1100000,0,user_20,714,719,
3517,84,1000000,0,user_41,713,719,
3590,85,1000000,0,user_43,714,719,
3571,94,910000,0,user_28,714,719,
3564,98,670000,36800,user_20,714,719,
3152,71,650000,8520,user_48,707,717,
3128,76,530000,0,user_26,707,717,
3432,22,460000,100000,user_38,712,715,
3500,23,260000,0,user_28,713,715,
3082,92,240000,0,user_48,706,717,
3412,93,240000,0,user_22,712,717,
3119,97,219999,0,user_16,707,717,2697
3121,98,219999,0,user_19,707,717,2697
3067,28,170000,0,user_34,706,715,
3562,29,170000,0,user_20,714,715,
3588,30,170000,12300,user_41,714,715,
3373,31,150000,0,user_49,711,715,
3560,32,150000,0,user_20,714,715,
3359,33,110000,0,user_38,711,715,
3482,34,87001,0,user_11,713,715,3011
3551,35,87001,0,user_7,714,715,3011
3495,36,83000,0,user_23,713,715,
3122,37,79999,0,user_19,707,715,2931
3490,38,77001,0,user_17,713,715,3243
3476,39,77001,0,user_3,713,715,3243
3585,1,19000000,369000,user_38,714,719,
3623,24,5000001,0,user_17,715,719,2694
3668,47,4999999,0,user_10,716,719,2694
3513,49,4500000,0,user_38,713,719,
3514,60,1900000,0,user_38,713,719,
3584,67,1500000,0,user_38,714,719,
3622,72,1499999,0,user_17,715,719,3135
3665,70,1499999,0,user_7,716,719,3135
3581,86,1000000,0,user_38,714,719,
3652,9,370000,769000,user_43,715,716,
3582,10,220000,0,user_38,714,716,
3649,11,120000,0,user_41,715,716,
3583,12,110000,0,user_38,714,716,
3512,13,85000,108000,user_38,713,716,
3529,14,77000,0,user_49,713,716,
3508,0,43000000,0,user_35,713,717,
3299,1,27000000,0,user_23,710,717,
3687,2,27000000,0,user_21,716,717,
3565,3,6300000,231000,user_21,714,717,
3578,4,6300000,12800,user_33,714,717,
3496,5,6100000,7190000,user_25,713,717,
3691,6,6100000,0,user_25,716,717,
3390,7,5000001,0,user_3,712,717,2694
3391,8,5000001,0,user_3,712,717,2694
3278,9,5000001,0,user_8,710,717,2694
3287,10,5000001,0,user_12,710,717,2694
3334,11,5000001,0,user_8,711,717,2694
3336,12,5000001,0,user_10,711,717,2694
3337,13,5000001,0,user_10,711,717,2694
3344,14,5000001,0,user_18,711,717,2694
3400,15,5000001,0,user_13,712,717,2694
3546,16,5000001,0,user_0,714,717,2694
3401,17,5000001,0,user_14,712,717,2694
3402,18,5000001,0,user_14,712,717,2694
3547,19,5000001,0,user_2,714,717,2694
3558,20,5000001,0,user_15,714,717,2694
3617,21,5000001,0,user_15,715,717,2694
3308,22,5000000,0,user_34,710,717,
3393,23,4999999,0,user_5,712,717,2694
3474,24,4999999,0,user_2,713,717,2694
3396,25,4999999,0,user_8,712,717,2694
3399,26,4999999,0,user_12,712,717,2694
3477,27,4999999,0,user_4,713,717,2694
3612,28,4999999,0,user_9,715,717,2694
3659,29,4999999,0,user_0,716,717,2694
3683,30,4999999,0,user_15,716,717,2694
3148,31,4500000,0,user_44,707,717,
3572,32,4500000,0,user_30,714,717,
3429,33,3600000,0,user_35,712,717,
3577,34,3600000,0,user_33,714,717,
3635,35,3600000,350000,user_31,715,717,
3188,36,3500000,0,user_26,708,717,
3704,37,3500000,0,user_35,716,717,
3506,38,3200000,0,user_33,713,717,
3575,39,2600000,0,user_32,714,717,
3700,40,2600000,64600,user_33,716,717,
3293,41,2300001,0,user_17,710,717,2946
3351,42,2300000,181000,user_29,711,717,
3568,43,2300000,0,user_24,714,717,
3345,44,2299999,0,user_19,711,717,2946
3294,45,2299999,0,user_17,710,717,2946
3636,46,2100000,0,user_31,715,717,
3302,47,2000000,0,user_28,710,717,
3643,48,2000000,0,user_35,715,717,
3194,49,1900000,0,user_34,708,717,
3322,50,1600000,0,user_44,710,717,
3395,51,1500001,0,user_7,712,717,3135
3475,52,1500001,0,user_3,713,717,3135
3486,53,1500001,0,user_13,713,717,3135
3602,54,1500001,0,user_0,715,717,3135
3722,55,1500001,0,user_1,717,717,3135
3628,56,1500000,0,user_24,715,717,
3392,57,1499999,0,user_4,712,717,3135
3717,58,1499999,0,user_0,717,717,3135
3719,59,1499999,0,user_1,717,717,3135
3370,60,1400000,0,user_46,711,717,
3272,61,1400000,18600,user_48,709,717,
3497,62,1400000,0,user_25,713,717,
3629,63,1400000,0,user_25,715,717,
3639,64,1200000,0,user_31,715,717,
3309,65,1100000,0,user_34,710,717,
3323,66,1000000,0,user_44,710,717,
3574,67,1000000,0,user_31,714,717,
3644,68,1000000,33100,user_37,715,717,
3431,69,970000,0,user_37,712,717,
3573,70,660000,0,user_30,714,717,
3152,71,650000,8520,user_48,707,717,
3354,72,630000,0,user_32,711,717,
3209,73,600000,0,user_48,708,717,
3688,74,600000,0,user_21,716,717,
3703,75,600000,0,user_35,716,717,
3128,76,530000,0,user_26,707,717,
3348,77,530000,285000,user_26,711,717,
3406,78,420001,0,user_15,712,717,3068
3488,79,420001,0,user_15,713,717,3068
3566,80,420000,0,user_21,714,717,
3594,81,420000,0,user_47,714,717,
3701,82,420000,36800,user_33,716,717,
3397,83,419999,0,user_9,712,717,3068
3403,84,419999,0,user_15,712,717,3068
3404,85,419999,0,user_15,712,717,3068
3246,86,360000,0,user_34,709,717,
3503,87,360000,12300,user_30,713,717,
3630,88,340000,0,user_25,715,717,
3640,89,340000,0,user_33,715,717,
3316,90,310000,0,user_41,710,717,
3240,91,260000,0,user_26,709,717,
3082,92,240000,0,user_48,706,717,
3412,93,240000,0,user_22,712,717,
3235,94,220001,0,user_19,709,717,2697
3341,95,220001,0,user_16,711,717,2697
3325,96,220000,0,user_46,710,717,
3119,97,219999,0,user_16,707,717,2697
3121,98,219999,0,user_19,707,717,2697
3233,99,219999,0,user_16,709,717,2697
3292,0,219999,0,user_16,710,718,2697
3296,1,219999,0,user_19,710,718,2697
3298,2,160000,0,user_22,710,718,
3273,3,160000,0,user_49,709,718,
3253,4,100000,0,user_38,709,718,
3339,5,86999,0,user_12,711,718,3011
3241,6,85000,0,user_26,709,718,
3347,7,83000,0,user_26,711,718,
3279,8,77001,0,user_8,710,718,3243
3290,9,76999,0,user_14,710,718,3243
3352,10,70000,0,user_29,711,718,
3416,0,43000000,0,user_26,712,719,
3585,1,19000000,369000,user_38,714,719,
3815,2,19000000,0,user_31,718,719,
3494,3,6300000,0,user_23,713,719,
3769,4,6100001,0,user_2,718,719,3496
3436,5,6100000,0,user_44,712,719,
3484,6,5000001,0,user_12,713,719,2694
3343,7,5000001,0,user_17,711,719,2694
3481,8,5000001,0,user_10,713,719,2694
3554,9,5000001,0,user_11,714,719,2694
3616,10,5000001,0,user_13,715,719,2694
3614,11,5000001,0,user_12,715,719,2694
3660,12,5000001,0,user_4,716,719,2694
3662,13,5000001,0,user_4,716,719,2694
3618,14,5000001,0,user_16,715,719,2694
3619,15,5000001,0,user_16,715,719,2694
3621,16,5000001,0,user_16,715,719,2694
3663,17,5000001,0,user_5,716,719,2694
3613,18,5000001,0,user_10,715,719,2694
3671,19,5000001,0,user_11,716,719,2694
3677,20,5000001,0,user_13,716,719,2694
3723,21,5000001,0,user_3,717,719,2694
3724,22,5000001,0,user_5,717,719,2694
3725,23,5000001,0,user_5,717,719,2694
3623,24,5000001,0,user_17,715,719,2694
3743,25,5000000,0,user_21,717,719,
3548,26,4999999,0,user_3,714,719,2694
3479,27,4999999,0,user_8,713,719,2694
3485,28,4999999,0,user_12,713,719,2694
3549,29,4999999,0,user_4,714,719,2694
3480,30,4999999,0,user_10,713,719,2694
3552,31,4999999,0,user_7,714,719,2694
3491,32,4999999,0,user_18,713,719,2694
3555,33,4999999,0,user_13,714,719,2694
3556,34,4999999,0,user_13,714,719,2694
3553,35,4999999,0,user_8,714,719,2694
3606,36,4999999,0,user_5,715,719,2694
3607,37,4999999,0,user_6,715,719,2694
3615,38,4999999,0,user_12,715,719,2694
3661,39,4999999,0,user_4,716,719,2694
3620,40,4999999,0,user_16,715,719,2694
3625,41,4999999,0,user_19,715,719,2694
3664,42,4999999,0,user_6,716,719,2694
3669,43,4999999,0,user_11,716,719,2694
3670,44,4999999,0,user_11,716,719,2694
3673,45,4999999,0,user_13,716,719,2694
3676,46,4999999,0,user_13,716,719,2694
3668,47,4999999,0,user_10,716,719,2694
3726,48,4999999,0,user_7,717,719,2694
3513,49,4500000,0,user_38,713,719,
3437,50,4200000,0,user_44,712,719,
3356,51,3600000,0,user_34,711,719,
3758,52,3500000,5630,user_37,717,719,
3501,53,3500000,0,user_29,713,719,
3367,54,2600000,0,user_43,711,719,
3365,55,2500000,0,user_43,711,719,
3817,56,2500000,0,user_31,718,719,
3634,57,2300000,13900,user_29,715,719,
3563,58,2100000,0,user_20,714,719,
3372,59,2000000,0,user_48,711,719,
3514,60,1900000,0,user_38,713,719,
3595,61,1800000,24700,user_48,714,719,
3493,62,1600000,35100,user_22,713,719,
3362,63,1600000,0,user_41,711,719,
3735,64,1500001,0,user_15,717,719,3135
3611,65,1500001,0,user_7,715,719,3135
3672,66,1500001,0,user_11,716,719,3135
3584,67,1500000,0,user_38,714,719,
3550,68,1499999,0,user_5,714,719,3135
3559,69,1499999,0,user_19,714,719,3135
3665,70,1499999,0,user_7,716,719,3135
3684,71,1499999,0,user_16,716,719,3135
3622,72,1499999,0,user_17,715,719,3135
3355,73,1400000,0,user_34,711,719,
3502,74,1300000,121000,user_29,713,719,
3525,75,1300000,0,user_44,713,719,
3567,76,1300000,0,user_23,714,719,
3410,77,1200000,0,user_20,712,719,
3754,78,1100000,0,user_31,717,719,
3435,79,1100000,0,user_41,712,719,
3648,80,1100000,0,user_40,715,719,
3561,81,1100000,0,user_20,714,719,
3327,82,1000000,0,user_49,710,719,
3413,83,1000000,215000,user_23,712,719,
3517,84,1000000,0,user_41,713,719,
3590,85,1000000,0,user_43,714,719,
3581,86,1000000,0,user_38,714,719,
3802,87,1000000,0,user_25,718,719,
3814,88,1000000,33300,user_30,718,719,
3821,89,1000000,0,user_35,718,719,
3746,90,970000,0,user_24,717,719,
3408,91,970000,0,user_20,712,719,
3692,92,970000,0,user_26,716,719,
3818,93,970000,3130,user_31,718,719,
3571,94,910000,0,user_28,714,719,
3753,95,870000,0,user_30,717,719,
3747,96,870000,0,user_24,717,719,
3587,97,670000,0,user_40,714,719,
3564,98,670000,36800,user_20,714,719,
3627,99,600000,0,user_22,715,719,
2651,0,5000000,0,user_0,720,720,
2652,1,970000,0,user_1,720,720,
2650,2,650000,0,user_0,720,720,
2706,0,43000001,0,user_0,721,721,2691
2691,1,43000000,16400,user_37,720,721,
2707,2,42999999,0,user_1,721,721,2691
2685,3,30000000,0,user_31,720,721,
2662,4,1100000,0,user_9,720,721,
2653,5,870000,0,user_2,720,721,
2677,6,310000,0,user_21,720,721,
2678,7,310000,0,user_21,720,721,
2690,8,170000,0,user_37,720,721,
2680,9,160000,0,user_24,720,721,
2703,10,120000,0,user_47,720,721,
2654,11,110000,0,user_2,720,721,
2708,0,43000001,0,user_2,721,723,2691
2722,1,43000001,0,user_15,721,723,2691
2788,2,43000000,0,user_25,722,723,
2764,3,42999999,0,user_0,722,723,2691
2776,4,42999999,0,user_15,722,723,2691
2781,5,5000000,0,user_21,722,723,
2785,6,5000000,0,user_24,722,723,
2741,7,4500000,0,user_31,721,723,
2756,8,4500000,0,user_47,721,723,
2820,9,2000001,0,user_0,723,723,2786
2667,10,2000000,11200,user_13,720,723,
2786,11,2000000,30200,user_24,722,723,
2656,12,1900000,5180,user_5,720,723,
2765,13,1600001,0,user_0,722,723,2745
2821,14,1600001,0,user_1,723,723,2745
2687,15,1600000,0,user_32,720,723,
2745,16,1600000,35600,user_35,721,723,
2774,17,1599999,0,user_9,722,723,2745
2747,18,1500000,0,user_37,721,723,
2793,19,1500000,0,user_30,722,723,
2812,20,1400000,0,user_47,722,723,
2811,21,1300000,15700,user_47,722,723,
2743,22,1100000,0,user_33,721,723,
2658,23,970000,0,user_6,720,723,
2664,24,910000,0,user_11,720,723,
2657,25,530000,0,user_6,720,723,
2660,26,460000,0,user_7,720,723,
2783,27,460000,15100,user_21,722,723,
2794,28,460000,0,user_31,722,723,
2686,29,260000,0,user_32,720,723,
2688,30,260000,0,user_32,720,723,
2795,31,260000,0,user_31,722,723,
2800,32,260000,0,user_35,722,723,
2655,33,220000,0,user_3,720,723,
2740,34,220000,71800,user_30,721,723,
2787,35,220000,0,user_24,722,723,
2799,36,170000,0,user_35,722,723,
2744,37,160000,30200,user_33,721,723,
2659,38,120000,0,user_6,720,723,
2731,39,120000,0,user_21,721,723,
2742,40,120000,0,user_32,721,723,
2666,41,110000,0,user_13,720,723,
2801,42,98000,0,user_37,722,723,
2782,43,87000,100000,user_21,722,723,
2730,44,85000,0,user_21,721,723,
2733,45,85000,0,user_25,721,723,
2784,46,80000,0,user_24,722,723,
2711,0,43000001,0,user_5,721,724,2691
2719,1,43000001,0,user_11,721,724,2691
2712,2,42999999,0,user_5,721,724,2691
2715,3,42999999,0,user_10,721,724,2691
2668,4,30000000,0,user_14,720,724,
2675,5,6300000,0,user_18,720,724,
2853,6,6100000,0,user_30,723,724,
2694,7,5000000,959000,user_40,720,724,
2673,8,5000000,0,user_17,720,724,
2867,9,5000000,0,user_47,723,724,
2771,10,4999999,0,user_6,722,724,2694
2704,11,4200000,0,user_48,720,724,
2796,12,2100000,0,user_32,722,724,
2727,13,2000001,0,user_19,721,724,2667
2770,14,2000001,0,user_6,722,724,2667
2709,15,1999999,0,user_5,721,724,2667
2710,16,1999999,0,user_5,721,724,2667
2766,17,1999999,0,user_3,722,724,2667
2723,18,1999999,0,user_16,721,724,2667
2716,19,1999999,0,user_10,721,724,2667
2717,20,1999999,0,user_10,721,724,2667
2713,21,1900001,0,user_7,721,724,2656
2718,22,1900001,0,user_11,721,724,2656
2720,23,1900001,0,user_13,721,724,2656
2679,24,1900000,0,user_22,720,724,
2669,25,1899999,0,user_16,720,724,2656
2735,26,1700000,100000,user_26,721,724,
2698,27,1500000,0,user_44,720,724,
2671,28,1500000,0,user_17,720,724,
2695,29,1500000,0,user_41,720,724,
2845,30,1500000,0,user_24,723,724,
2856,31,1300000,0,user_35,723,724,
2832,32,1299999,0,user_15,723,724,2811
2702,33,1200000,0,user_46,720,724,
2848,34,1200000,0,user_25,723,724,
2822,35,1000001,0,user_2,723,724,2734
2734,36,1000000,121000,user_26,721,724,
2714,37,660000,0,user_8,721,724,
2676,38,600000,6390,user_20,720,724,
2772,39,599999,0,user_7,722,724,2676
2674,40,460000,0,user_17,720,724,
2857,41,460000,0,user_35,723,724,
2749,42,420000,0,user_40,721,724,
2683,43,420000,0,user_28,720,724,
2696,44,420000,0,user_43,720,724,
2842,45,420000,0,user_21,723,724,
2684,46,370000,0,user_29,720,724,
2721,47,350000,0,user_14,721,724,
2663,48,340000,0,user_10,720,724,
2855,49,310000,0,user_35,723,724,
2670,50,260000,0,user_17,720,724,
2769,51,220001,0,user_5,722,724,2697
2697,52,220000,410000,user_44,720,724,
2854,53,220000,0,user_31,723,724,
2726,54,219999,0,user_19,721,724,2697
2701,55,170000,0,user_46,720,724,
2689,56,160000,0,user_34,720,724,
2852,57,160000,0,user_30,723,724,
2665,58,110000,0,user_12,720,724,
2846,59,98000,0,user_24,723,724,
2847,60,87000,0,user_25,723,724,
2899,61,84001,0,user_0,724,724,2797
2900,62,84001,0,user_1,724,724,2797
2797,63,84000,108000,user_32,722,724,
2767,64,83001,0,user_4,722,724,2661
2681,65,83000,0,user_26,720,724,
2661,66,83000,68100,user_8,720,724,
2768,67,82999,0,user_4,722,724,2661
2739,68,77000,17000,user_29,721,724,
2672,69,73000,0,user_17,720,724,
2827,0,42999999,0,user_10,723,726,2691
2798,1,30000000,0,user_34,722,726,
2728,2,27000000,0,user_20,721,726,
2732,5,19000000,0,user_23,721,726,
2789,7,5200000,0,user_26,722,726,
2979,8,5000001,0,user_2,725,726,2694
2902,11,4999999,0,user_3,724,726,2694
2844,13,3500000,0,user_22,723,726,
2851,18,2300000,0,user_29,723,726,
2828,22,2000001,0,user_10,723,726,2667
2805,25,1900000,0,user_41,722,726,
2724,27,1899999,0,user_17,721,726,2656
2903,30,1700001,0,user_3,724,726,2735
2904,31,1700001,0,user_4,724,726,2735
2907,32,1700001,0,user_4,724,726,2735
2908,33,1700001,0,user_4,724,726,2735
2840,34,1700001,0,user_19,723,726,2735
2912,35,1700001,0,user_5,724,726,2735
2837,36,1700001,0,user_18,723,726,2735
2918,37,1700001,0,user_11,724,726,2735
2920,38,1700001,0,user_13,724,726,2735
2905,39,1699999,0,user_4,724,726,2735
2911,40,1699999,0,user_5,724,726,2735
2913,41,1699999,0,user_5,724,726,2735
2914,42,1699999,0,user_6,724,726,2735
2915,43,1699999,0,user_7,724,726,2735
2835,44,1699999,0,user_18,723,726,2735
2754,45,1500000,0,user_43,721,726,
2826,51,1000001,0,user_8,723,726,2734
2831,52,1000001,0,user_12,723,726,2734
2777,53,1000001,0,user_16,722,726,2734
2778,54,1000001,0,user_16,722,726,2734
2779,56,999999,0,user_19,722,726,2734
2839,57,999999,0,user_19,723,726,2734
2910,58,999999,0,user_5,724,726,2734
2836,59,999999,0,user_18,723,726,2734
2859,60,870000,0,user_40,723,726,
2751,62,650000,0,user_41,721,726,
2692,63,630000,0,user_38,720,726,
2860,64,460000,0,user_40,723,726,
2729,65,420000,0,user_20,721,726,
2780,66,420000,0,user_20,722,726,
2807,67,350000,0,user_43,722,726,
3038,43,310001,0,builder_2,725,725,2757
2757,68,310000,35600,user_48,721,726,
2866,72,260000,0,user_46,723,726,
2843,73,240000,0,user_22,723,726,
2909,74,220001,0,user_5,724,726,2697
2738,76,220000,0,user_28,721,726,
2750,77,220000,0,user_41,721,726,
2809,79,170000,0,user_44,722,726,
2791,80,150000,0,user_28,722,726,
2755,81,120000,0,user_44,721,726,
2849,82,110000,0,user_26,723,726,
2752,83,110000,0,user_41,721,726,
2737,84,100000,0,user_28,721,726,
2838,86,87001,0,user_18,723,726,2782
2906,91,84001,0,user_4,724,726,2797
2753,97,77000,0,user_41,721,726,
2808,98,77000,0,user_43,722,726,
2850,60,70000,0,user_29,723,725,
2827,0,42999999,0,user_10,723,726,2691
2798,1,30000000,0,user_34,722,726,
2728,2,27000000,0,user_20,721,726,
3035,3,27000000,0,user_47,725,726,
2934,4,19000000,0,user_25,724,726,
2732,5,19000000,0,user_23,721,726,
2947,6,5200000,0,user_33,724,726,
2789,7,5200000,0,user_26,722,726,
2979,8,5000001,0,user_2,725,726,2694
2994,9,5000001,0,user_15,725,726,2694
2829,10,4999999,0,user_11,723,726,2694
2902,11,4999999,0,user_3,724,726,2694
2993,12,4999999,0,user_15,725,726,2694
2844,13,3500000,0,user_22,723,726,
3021,14,3500000,0,user_37,725,726,
2792,15,3200000,0,user_29,722,726,
2804,16,2600000,32900,user_40,722,726,
2995,17,2300001,0,user_15,725,726,2946
2851,18,2300000,0,user_29,723,726,
2946,19,2300000,510000,user_32,724,726,
2991,20,2299999,0,user_15,725,726,2946
2992,21,2299999,0,user_15,725,726,2946
2828,22,2000001,0,user_10,723,726,2667
3018,23,2000000,0,user_33,725,726,
3019,24,2000000,24700,user_35,725,726,
2805,25,1900000,0,user_41,722,726,
2725,26,1899999,0,user_18,721,726,2656
2724,27,1899999,0,user_17,721,726,2656
2825,28,1700001,0,user_6,723,726,2735
2830,29,1700001,0,user_11,723,726,2735
2903,30,1700001,0,user_3,724,726,2735
2904,31,1700001,0,user_4,724,726,2735
2907,32,1700001,0,user_4,724,726,2735
2908,33,1700001,0,user_4,724,726,2735
2840,34,1700001,0,user_19,723,726,2735
2912,35,1700001,0,user_5,724,726,2735
2837,36,1700001,0,user_18,723,726,2735
2918,37,1700001,0,user_11,724,726,2735
2920,38,1700001,0,user_13,724,726,2735
2905,39,1699999,0,user_4,724,726,2735
2911,40,1699999,0,user_5,724,726,2735
2913,41,1699999,0,user_5,724,726,2735
2914,42,1699999,0,user_6,724,726,2735
2915,43,1699999,0,user_7,724,726,2735
2835,44,1699999,0,user_18,723,726,2735
2754,45,1500000,0,user_43,721,726,
2945,46,1500000,0,user_32,724,726,
3007,47,1400000,35100,user_24,725,726,
2950,48,1200000,49100,user_35,724,726,
2823,49,1000001,0,user_3,723,726,2734
2824,50,1000001,0,user_4,723,726,2734
2826,51,1000001,0,user_8,723,726,2734
2831,52,1000001,0,user_12,723,726,2734
2777,53,1000001,0,user_16,722,726,2734
2778,54,1000001,0,user_16,722,726,2734
3009,55,1000000,0,user_24,725,726,
2779,56,999999,0,user_19,722,726,2734
2839,57,999999,0,user_19,723,726,2734
2910,58,999999,0,user_5,724,726,2734
2836,59,999999,0,user_18,723,726,2734
2859,60,870000,0,user_40,723,726,
3008,61,660000,0,user_24,725,726,
2751,62,650000,0,user_41,721,726,
2692,63,630000,0,user_38,720,726,
2860,64,460000,0,user_40,723,726,
2729,65,420000,0,user_20,721,726,
2780,66,420000,0,user_20,722,726,
2807,67,350000,0,user_43,722,726,
2757,68,310000,35600,user_48,721,726,
3017,69,310000,0,user_31,725,726,
3016,70,300000,0,user_31,725,726,
2959,71,260000,0,user_47,724,726,
2866,72,260000,0,user_46,723,726,
2843,73,240000,0,user_22,723,726,
2909,74,220001,0,user_5,724,726,2697
3040,75,220001,0,user_1,726,726,2697
2738,76,220000,0,user_28,721,726,
2750,77,220000,0,user_41,721,726,
3010,78,220000,10700,user_25,725,726,
2809,79,170000,0,user_44,722,726,
2791,80,150000,0,user_28,722,726,
2755,81,120000,0,user_44,721,726,
2849,82,110000,0,user_26,723,726,
2752,83,110000,0,user_41,721,726,
2737,84,100000,0,user_28,721,726,
2922,85,87001,0,user_15,724,726,2782
2838,86,87001,0,user_18,723,726,2782
3011,87,87000,1100000,user_25,725,726,
2978,88,86999,0,user_0,725,726,2782
2949,89,85000,0,user_35,724,726,
2923,90,84001,0,user_15,724,726,2797
2906,91,84001,0,user_4,724,726,2797
2901,92,83999,0,user_2,724,726,2797
2916,93,83999,0,user_9,724,726,2797
3039,94,83999,0,user_0,726,726,2797
2775,95,82999,0,user_12,722,726,2661
2931,96,80000,1100000,user_21,724,726,
2753,97,77000,0,user_41,721,726,
2808,98,77000,0,user_43,722,726,
3005,99,77000,0,user_21,725,726,
3041,0,5000001,0,user_2,726,727,2694
3062,1,5000000,0,user_25,726,727,
3066,2,2300000,0,user_33,726,727,
2833,3,1899999,0,user_17,723,727,2656
2834,4,1899999,0,user_17,723,727,2656
2928,5,1700001,0,user_16,724,727,2735
2983,6,1700001,0,user_7,725,727,2735
2929,7,1700001,0,user_18,724,727,2735
2984,8,1700001,0,user_11,725,727,2735
2921,9,1699999,0,user_14,724,727,2735
2980,10,1699999,0,user_4,725,727,2735
2924,11,1699999,0,user_16,724,727,2735
2926,12,1699999,0,user_16,724,727,2735
2927,13,1699999,0,user_16,724,727,2735
2982,14,1699999,0,user_5,725,727,2735
2917,15,1699999,0,user_10,724,727,2735
2985,16,1699999,0,user_11,725,727,2735
2986,17,1699999,0,user_11,725,727,2735
2989,18,1699999,0,user_13,725,727,2735
2935,19,910000,0,user_26,724,727,
2861,20,870000,30200,user_41,723,727,
2813,21,460000,0,user_49,722,727,
2863,22,260000,0,user_43,723,727,
2981,23,220001,0,user_4,725,727,2697
2919,24,219999,0,user_12,724,727,2697
3065,25,190000,0,user_31,726,727,
2943,26,170000,6390,user_29,724,727,
2802,27,170000,0,user_38,722,727,
2841,28,150000,10700,user_20,723,727,
2944,29,120000,0,user_29,724,727,
2758,30,100000,0,user_49,721,727,
2958,31,98000,0,user_46,724,727,
2925,32,84001,0,user_16,724,727,2797
3107,33,79999,0,user_1,727,727,2931
3127,0,27000000,0,user_25,727,728,
3138,1,6100000,0,user_33,727,728,
3167,2,4999999,0,user_1,728,728,2694
2988,3,1700001,0,user_12,725,728,2735
3002,4,1700001,0,user_18,725,728,2735
2987,5,1699999,0,user_12,725,728,2735
2990,6,1699999,0,user_14,725,728,2735
3135,7,1500000,17700000,user_31,727,728,
3137,8,1100000,0,user_33,727,728,
3003,9,999999,0,user_18,725,728,2734
3134,10,650000,0,user_31,727,728,
3124,11,630000,0,user_21,727,728,
3015,12,240000,0,user_29,725,728,
3042,13,219999,0,user_3,726,728,2697
3108,14,219999,0,user_2,727,728,2697
3133,15,150000,0,user_30,727,728,
3132,16,98000,0,user_30,727,728,
3051,17,80001,0,user_11,726,728,2931
3043,18,79999,0,user_4,726,728,2931
3044,19,79999,0,user_7,726,728,2931
3071,0,27000000,322000,user_37,726,729,
3063,1,6100000,24700,user_26,726,729,
3195,2,5000000,0,user_35,728,729,
3081,3,3600000,594000,user_47,726,729,
3125,4,3600000,0,user_24,727,729,
2868,5,3500000,0,user_48,723,729,
2961,6,2600000,0,user_48,724,729,
3142,7,2500000,0,user_37,727,729,
3048,8,2300001,0,user_9,726,729,2946
3181,9,2300001,0,user_15,728,729,2946
3168,10,2299999,0,user_2,728,729,2946
3180,11,2299999,0,user_15,728,729,2946
3186,12,2100000,0,user_24,728,729,
3126,13,1800000,0,user_24,727,729,
2996,14,1699999,0,user_16,725,729,2735
2998,15,1699999,0,user_16,725,729,2735
2999,16,1699999,0,user_16,725,729,2735
3000,17,1699999,0,user_16,725,729,2735
3004,18,1699999,0,user_19,725,729,2735
3058,19,1699999,0,user_19,726,729,2735
2957,20,1500000,15700,user_44,724,729,
3060,21,1500000,0,user_24,726,729,
3151,22,1500000,0,user_47,727,729,
3072,23,1400000,0,user_37,726,729,
2948,24,1200000,0,user_34,724,729,
2956,25,1000000,11200,user_44,724,729,
3013,26,1000000,0,user_26,725,729,
3054,27,999999,0,user_16,726,729,2734
3047,28,999999,0,user_9,726,729,2734
3049,29,999999,0,user_9,726,729,2734
3053,30,999999,0,user_15,726,729,2734
3115,31,999999,0,user_9,727,729,2734
2960,32,670000,0,user_48,724,729,
3036,33,660000,0,user_48,725,729,
3190,34,660000,0,user_30,728,729,
3069,35,630000,0,user_35,726,729,
3136,36,530000,296000,user_32,727,729,
3187,37,530000,0,user_24,728,729,
3191,38,460000,10700,user_31,728,729,
3068,39,420000,769000,user_35,726,729,
3220,40,419999,0,user_1,729,729,3068
3197,41,300000,0,user_37,728,729,
3111,42,220001,0,user_4,727,729,2697
3112,43,220001,0,user_5,727,729,2697
3109,44,219999,0,user_3,727,729,2697
3045,45,219999,0,user_8,726,729,2697
3110,46,219999,0,user_4,727,729,2697
3113,47,219999,0,user_7,727,729,2697
3080,48,150000,0,user_46,726,729,
2962,49,120000,0,user_48,724,729,
3012,50,120000,0,user_26,725,729,
3061,51,110000,0,user_24,726,729,
3070,52,85000,5180,user_37,726,729,
2997,53,84001,0,user_16,725,729,2797
3173,54,84001,0,user_9,728,729,2797
3050,55,83999,0,user_9,726,729,2797
3046,56,80001,0,user_8,726,729,2931
3219,57,80001,0,user_0,729,729,2931
3052,58,79999,0,user_14,726,729,2931
3064,59,73000,0,user_26,726,729,
3239,0,2300000,0,user_25,729,730,
3252,1,2100000,369000,user_37,729,730,
3271,2,1100000,31700,user_47,729,730,
3244,3,1000000,0,user_30,729,730,
3248,4,530000,0,user_35,729,730,
3274,5,420001,0,user_0,730,730,3068
3226,6,419999,0,user_9,729,730,3068
3275,7,419999,0,user_1,730,730,3068
3247,8,340000,0,user_35,729,730,
3237,9,87000,10700,user_21,729,730,
3227,10,86999,0,user_9,729,730,3011
3192,0,5200000,0,user_32,728,731,
3280,1,5000001,0,user_9,730,731,2694
3297,2,5000000,0,user_21,730,731,
3330,3,4999999,0,user_1,731,731,2694
3311,4,2500000,0,user_37,730,731,
3304,5,2400000,0,user_31,730,731,
3300,6,1600000,75000,user_24,730,731,
3193,7,1400000,0,user_32,728,731,
3310,8,1400000,0,user_35,730,731,
3326,9,1100000,0,user_47,730,731,
3305,10,630000,0,user_31,730,731,
3307,11,420000,0,user_33,730,731,
3291,12,419999,0,user_15,730,731,3068
3245,13,170000,0,user_32,729,731,
3303,14,110000,0,user_30,730,731,
3328,15,86999,0,user_0,731,731,3011
3329,16,86999,0,user_1,731,731,3011
3256,0,43000000,0,user_40,729,733,
3464,1,30000001,0,builder_2,732,732,2941
2941,1,30000000,68100,user_28,724,733,
2955,3,6100000,0,user_43,724,733,
3333,7,5000001,0,user_7,731,733,2694
3338,8,5000001,0,user_11,731,733,2694
3388,9,5000001,0,user_2,732,733,2694
3465,7,3500001,0,builder_2,732,732,2869
2869,18,3500000,16400,user_49,723,733,
3264,19,3500000,0,user_41,729,733,
3295,32,2300001,0,user_18,730,733,2946
3258,33,2300000,0,user_40,729,733,
3234,45,2299999,0,user_17,729,733,2946
3281,46,2299999,0,user_10,730,733,2946
3466,14,2100001,0,builder_2,732,732,3145
3145,48,2100000,128000,user_40,727,733,
3033,47,2100000,0,user_43,725,733,
3467,17,2000001,0,builder_2,732,732,3006
3006,49,2000000,5640,user_23,725,733,
3262,51,2000000,0,user_41,729,733,
2870,52,1800000,0,user_49,723,733,
3468,21,1600001,0,builder_2,732,732,3198
3198,55,1600000,15700,user_38,728,733,
3029,54,1600000,0,user_41,725,733,
3028,60,1500000,0,user_40,725,733,
3001,63,1000001,0,user_17,725,733,2734
3032,64,1000000,0,user_43,725,733,
3200,67,970000,0,user_40,728,733,
3022,74,470000,0,user_38,725,733,
3469,29,350001,0,builder_2,732,732,2858
2858,78,350000,84800,user_38,723,733,
3470,31,310001,0,builder_2,732,732,2932
2932,80,310000,7840,user_23,724,733,
3255,81,310000,0,user_40,729,733,
2953,82,300000,0,user_40,724,733,
3037,83,260000,0,user_49,725,733,
3315,84,260000,0,user_40,730,733,
3263,97,160000,15700,user_41,729,733,
3471,38,159999,0,builder_2,732,732,3263
3472,39,79001,0,builder_2,732,732,3261
3261,40,79000,84800,user_41,729,732,
2942,94,160000,0,user_28,724,733,
3031,95,160000,0,user_43,725,733,
3034,96,160000,0,user_43,725,733,
3266,98,160000,0,user_43,729,733,
2963,99,150000,0,user_49,724,733,
3260,46,150000,0,user_41,729,732,
2930,47,130000,0,user_20,724,732,
2952,48,130000,0,user_40,724,732,
3210,49,120000,0,user_49,728,732,
3238,50,110000,0,user_23,729,732,
3014,51,100000,0,user_28,725,732,
3332,52,87001,0,user_6,731,732,3011
3259,53,85000,0,user_40,729,732,
3314,54,82000,0,user_40,730,732,
3257,55,79000,0,user_40,729,732,
3236,56,70000,0,user_20,729,732,
3256,0,43000000,0,user_40,729,733,
2941,1,30000000,68100,user_28,724,733,
3422,2,19000000,0,user_30,732,733,
2955,3,6100000,0,user_43,724,733,
3055,4,5000001,0,user_17,726,733,2694
3224,5,5000001,0,user_7,729,733,2694
3331,6,5000001,0,user_2,731,733,2694
3333,7,5000001,0,user_7,731,733,2694
3338,8,5000001,0,user_11,731,733,2694
3388,9,5000001,0,user_2,732,733,2694
3473,10,5000001,0,user_1,733,733,2694
3170,11,4999999,0,user_4,728,733,2694
3117,12,4999999,0,user_10,727,733,2694
3076,13,4500000,0,user_41,726,733,
3428,14,4500000,0,user_31,732,733,
3189,15,4200000,0,user_29,728,733,
3202,16,4200000,0,user_43,728,733,
3184,17,3600000,0,user_23,728,733,
2869,18,3500000,16400,user_49,723,733,
3264,19,3500000,0,user_41,729,733,
3208,20,2600000,0,user_46,728,733,
3130,21,2400000,0,user_29,727,733,
3169,22,2300001,0,user_3,728,733,2946
3171,23,2300001,0,user_7,728,733,2946
3172,24,2300001,0,user_7,728,733,2946
3175,25,2300001,0,user_11,728,733,2946
3229,26,2300001,0,user_12,729,733,2946
3183,27,2300001,0,user_18,728,733,2946
3283,28,2300001,0,user_11,730,733,2946
3284,29,2300001,0,user_11,730,733,2946
3286,30,2300001,0,user_11,730,733,2946
3289,31,2300001,0,user_13,730,733,2946
3295,32,2300001,0,user_18,730,733,2946
3258,33,2300000,0,user_40,729,733,
3118,34,2299999,0,user_12,727,733,2946
3176,35,2299999,0,user_13,728,733,2946
3177,36,2299999,0,user_13,728,733,2946
3178,37,2299999,0,user_14,728,733,2946
3222,38,2299999,0,user_7,729,733,2946
3223,39,2299999,0,user_7,729,733,2946
3230,40,2299999,0,user_13,729,733,2946
3225,41,2299999,0,user_8,729,733,2946
3232,42,2299999,0,user_14,729,733,2946
3277,43,2299999,0,user_7,730,733,2946
3288,44,2299999,0,user_13,730,733,2946
3234,45,2299999,0,user_17,729,733,2946
3281,46,2299999,0,user_10,730,733,2946
3033,47,2100000,0,user_43,725,733,
3145,48,2100000,128000,user_40,727,733,
3006,49,2000000,5640,user_23,725,733,
3059,50,2000000,11200,user_20,726,733,
3262,51,2000000,0,user_41,729,733,
2870,52,1800000,0,user_49,723,733,
3206,53,1700000,0,user_46,728,733,
3029,54,1600000,0,user_41,725,733,
3198,55,1600000,15700,user_38,728,733,
3221,56,1500001,0,user_4,729,733,3135
3231,57,1500001,0,user_13,729,733,3135
3282,58,1500001,0,user_11,730,733,3135
3285,59,1500001,0,user_11,730,733,3135
3028,60,1500000,0,user_40,725,733,
3387,61,1499999,0,user_0,732,733,3135
3358,62,1400000,0,user_37,731,733,
3001,63,1000001,0,user_17,725,733,2734
3032,64,1000000,0,user_43,725,733,
3371,65,1000000,0,user_47,731,733,
3424,66,1000000,0,user_30,732,733,
3200,67,970000,0,user_40,728,733,
3150,68,910000,0,user_46,727,733,
3073,69,910000,67500,user_38,726,733,
3083,70,910000,0,user_49,726,733,
3201,71,660000,0,user_41,728,733,
3131,72,630000,0,user_29,727,733,
3084,73,530000,0,user_49,726,733,
3022,74,470000,0,user_38,725,733,
3335,75,419999,0,user_9,731,733,3068
3340,76,419999,0,user_15,731,733,3068
3207,77,370000,23500,user_46,728,733,
2858,78,350000,84800,user_38,723,733,
3129,79,320000,0,user_28,727,733,
2932,80,310000,7840,user_23,724,733,
3255,81,310000,0,user_40,729,733,
2953,82,300000,0,user_40,724,733,
3037,83,260000,0,user_49,725,733,
3315,84,260000,0,user_40,730,733,
3123,85,240000,84800,user_20,727,733,
3114,86,220001,0,user_8,727,733,2697
3116,87,220001,0,user_10,727,733,2697
3057,88,220001,0,user_18,726,733,2697
3120,89,220001,0,user_18,727,733,2697
3078,90,220000,0,user_43,726,733,
3306,91,220000,0,user_32,730,733,
3357,92,220000,0,user_37,731,733,
3415,93,190000,0,user_25,732,733,
2942,94,160000,0,user_28,724,733,
3031,95,160000,0,user_43,725,733,
3034,96,160000,0,user_43,725,733,
3263,97,160000,15700,user_41,729,733,
3266,98,160000,0,user_43,729,733,
2963,99,150000,0,user_49,724,733,
3085,0,150000,0,user_49,726,734,
3086,1,130000,0,user_49,726,734,
3146,2,120000,0,user_41,727,734,
3153,3,100000,0,user_49,727,734,
3087,4,83000,13900,user_49,726,734,
3056,5,80001,0,user_18,726,734,2931
3143,6,70000,15700,user_38,727,734,
3494,3,6300000,0,user_23,733,739,
3401,17,5000001,0,user_14,732,737,2694
3402,18,5000001,0,user_14,732,737,2694
3547,19,5000001,0,user_2,734,737,2694
3613,18,5000001,0,user_10,735,739,2694
3396,25,4999999,0,user_8,732,737,2694
3399,26,4999999,0,user_12,732,737,2694
3477,27,4999999,0,user_4,733,737,2694
3552,31,4999999,0,user_7,734,739,2694
3148,31,4500000,0,user_44,727,737,
3563,58,2100000,0,user_20,734,739,
3475,52,1500001,0,user_3,733,737,3135
3486,53,1500001,0,user_13,733,737,3135
3611,65,1500001,0,user_7,735,739,3135
3567,76,1300000,0,user_23,734,739,
3561,81,1100000,0,user_20,734,739,
3517,84,1000000,0,user_41,733,739,
3590,85,1000000,0,user_43,734,739,
3571,94,910000,0,user_28,734,739,
3564,98,670000,36800,user_20,734,739,
3152,71,650000,8520,user_48,727,737,
3128,76,530000,0,user_26,727,737,
3432,22,460000,100000,user_38,732,735,
3500,23,260000,0,user_28,733,735,
3082,92,240000,0,user_48,726,737,
3412,93,240000,0,user_22,732,737,
3119,97,219999,0,user_16,727,737,2697
3121,98,219999,0,user_19,727,737,2697
3067,28,170000,0,user_34,726,735,
3562,29,170000,0,user_20,734,735,
3588,30,170000,12300,user_41,734,735,
3373,31,150000,0,user_49,731,735,
3560,32,150000,0,user_20,734,735,
3359,33,110000,0,user_38,731,735,
3482,34,87001,0,user_11,733,735,3011
3551,35,87001,0,user_7,734,735,3011
3495,36,83000,0,user_23,733,735,
3122,37,79999,0,user_19,727,735,2931
3490,38,77001,0,user_17,733,735,3243
3476,39,77001,0,user_3,733,735,3243
3585,1,19000000,369000,user_38,734,739,
3623,24,5000001,0,user_17,735,739,2694
3668,47,4999999,0,user_10,736,739,2694
3513,49,4500000,0,user_38,733,739,
3514,60,1900000,0,user_38,733,739,
3584,67,1500000,0,user_38,734,739,
3622,72,1499999,0,user_17,735,739,3135
3665,70,1499999,0,user_7,736,739,3135
3581,86,1000000,0,user_38,734,739,
3652,9,370000,769000,user_43,735,736,
3582,10,220000,0,user_38,734,736,
3649,11,120000,0,user_41,735,736,
3583,12,110000,0,user_38,734,736,
3512,13,85000,108000,user_38,733,736,
3529,14,77000,0,user_49,733,736,
3508,0,43000000,0,user_35,733,737,
3299,1,27000000,0,user_23,730,737,
3687,2,27000000,0,user_21,736,737,
3565,3,6300000,231000,user_21,734,737,
3578,4,6300000,12800,user_33,734,737,
3496,5,6100000,7190000,user_25,733,737,
3691,6,6100000,0,user_25,736,737,
3390,7,5000001,0,user_3,732,737,2694
3391,8,5000001,0,user_3,732,737,2694
3278,9,5000001,0,user_8,730,737,2694
3287,10,5000001,0,user_12,730,737,2694
3334,11,5000001,0,user_8,731,737,2694
3336,12,5000001,0,user_10,731,737,2694
3337,13,5000001,0,user_10,731,737,2694
3344,14,5000001,0,user_18,731,737,2694
3400,15,5000001,0,user_13,732,737,2694
3546,16,5000001,0,user_0,734,737,2694
3401,17,5000001,0,user_14,732,737,2694
3402,18,5000001,0,user_14,732,737,2694
3547,19,5000001,0,user_2,734,737,2694
3558,20,5000001,0,user_15,734,737,2694
3617,21,5000001,0,user_15,735,737,2694
3308,22,5000000,0,user_34,730,737,
3393,23,4999999,0,user_5,732,737,2694
3474,24,4999999,0,user_2,733,737,2694
3396,25,4999999,0,user_8,732,737,2694
3399,26,4999999,0,user_12,732,737,2694
3477,27,4999999,0,user_4,733,737,2694
3612,28,4999999,0,user_9,735,737,2694
3659,29,4999999,0,user_0,736,737,2694
3683,30,4999999,0,user_15,736,737,2694
3148,31,4500000,0,user_44,727,737,
3572,32,4500000,0,user_30,734,737,
3429,33,3600000,0,user_35,732,737,
3577,34,3600000,0,user_33,734,737,
3635,35,3600000,350000,user_31,735,737,
3188,36,3500000,0,user_26,728,737,
3704,37,3500000,0,user_35,736,737,
3506,38,3200000,0,user_33,733,737,
3575,39,2600000,0,user_32,734,737,
3700,40,2600000,64600,user_33,736,737,
3293,41,2300001,0,user_17,730,737,2946
3351,42,2300000,181000,user_29,731,737,
3568,43,2300000,0,user_24,734,737,
3345,44,2299999,0,user_19,731,737,2946
3294,45,2299999,0,user_17,730,737,2946
3636,46,2100000,0,user_31,735,737,
3302,47,2000000,0,user_28,730,737,
3643,48,2000000,0,user_35,735,737,
3194,49,1900000,0,user_34,728,737,
3322,50,1600000,0,user_44,730,737,
3395,51,1500001,0,user_7,732,737,3135
3475,52,1500001,0,user_3,733,737,3135
3486,53,1500001,0,user_13,733,737,3135
3602,54,1500001,0,user_0,735,737,3135
3722,55,1500001,0,user_1,737,737,3135
3628,56,1500000,0,user_24,735,737,
3392,57,1499999,0,user_4,732,737,3135
3717,58,1499999,0,user_0,737,737,3135
3719,59,1499999,0,user_1,737,737,3135
3370,60,1400000,0,user_46,731,737,
3272,61,1400000,18600,user_48,729,737,
3497,62,1400000,0,user_25,733,737,
3629,63,1400000,0,user_25,735,737,
3639,64,1200000,0,user_31,735,737,
3309,65,1100000,0,user_34,730,737,
3323,66,1000000,0,user_44,730,737,
3574,67,1000000,0,user_31,734,737,
3644,68,1000000,33100,user_37,735,737,
3431,69,970000,0,user_37,732,737,
3573,70,660000,0,user_30,734,737,
3152,71,650000,8520,user_48,727,737,
3354,72,630000,0,user_32,731,737,
3209,73,600000,0,user_48,728,737,
3688,74,600000,0,user_21,736,737,
3703,75,600000,0,user_35,736,737,
3128,76,530000,0,user_26,727,737,
3348,77,530000,285000,user_26,731,737,
3406,78,420001,0,user_15,732,737,3068
3488,79,420001,0,user_15,733,737,3068
3566,80,420000,0,user_21,734,737,
3594,81,420000,0,user_47,734,737,
3701,82,420000,36800,user_33,736,737,
3397,83,419999,0,user_9,732,737,3068
3403,84,419999,0,user_15,732,737,3068
3404,85,419999,0,user_15,732,737,3068
3246,86,360000,0,user_34,729,737,
3503,87,360000,12300,user_30,733,737,
3630,88,340000,0,user_25,735,737,
3640,89,340000,0,user_33,735,737,
3316,90,310000,0,user_41,730,737,
3240,91,260000,0,user_26,729,737,
3082,92,240000,0,user_48,726,737,
3412,93,240000,0,user_22,732,737,
3235,94,220001,0,user_19,729,737,2697
3341,95,220001,0,user_16,731,737,2697
3325,96,220000,0,user_46,730,737,
3119,97,219999,0,user_16,727,737,2697
3121,98,219999,0,user_19,727,737,2697
3233,99,219999,0,user_16,729,737,2697
3292,0,219999,0,user_16,730,738,2697
3296,1,219999,0,user_19,730,738,2697
3298,2,160000,0,user_22,730,738,
3273,3,160000,0,user_49,729,738,
3253,4,100000,0,user_38,729,738,
3339,5,86999,0,user_12,731,738,3011
3241,6,85000,0,user_26,729,738,
3347,7,83000,0,user_26,731,738,
3279,8,77001,0,user_8,730,738,3243
3290,9,76999,0,user_14,730,738,3243
3352,10,70000,0,user_29,731,738,
3416,0,43000000,0,user_26,732,739,
3585,1,19000000,369000,user_38,734,739,
3815,2,19000000,0,user_31,738,739,
3494,3,6300000,0,user_23,733,739,
3769,4,6100001,0,user_2,738,739,3496
3436,5,6100000,0,user_44,732,739,
3484,6,5000001,0,user_12,733,739,2694
3343,7,5000001,0,user_17,731,739,2694
3481,8,5000001,0,user_10,733,739,2694
3554,9,5000001,0,user_11,734,739,2694
3616,10,5000001,0,user_13,735,739,2694
3614,11,5000001,0,user_12,735,739,2694
3660,12,5000001,0,user_4,736,739,2694
3662,13,5000001,0,user_4,736,739,2694
3618,14,5000001,0,user_16,735,739,2694
3619,15,5000001,0,user_16,735,739,2694
3621,16,5000001,0,user_16,735,739,2694
3663,17,5000001,0,user_5,736,739,2694
3613,18,5000001,0,user_10,735,739,2694
3671,19,5000001,0,user_11,736,739,2694
3677,20,5000001,0,user_13,736,739,2694
3723,21,5000001,0,user_3,737,739,2694
3724,22,5000001,0,user_5,737,739,2694
3725,23,5000001,0,user_5,737,739,2694
3623,24,5000001,0,user_17,735,739,2694
3743,25,5000000,0,user_21,737,739,
3548,26,4999999,0,user_3,734,739,2694
3479,27,4999999,0,user_8,733,739,2694
3485,28,4999999,0,user_12,733,739,2694
3549,29,4999999,0,user_4,734,739,2694
3480,30,4999999,0,user_10,733,739,2694
3552,31,4999999,0,user_7,734,739,2694
3491,32,4999999,0,user_18,733,739,2694
3555,33,4999999,0,user_13,734,739,2694
3556,34,4999999,0,user_13,734,739,2694
3553,35,4999999,0,user_8,734,739,2694
3606,36,4999999,0,user_5,735,739,2694
3607,37,4999999,0,user_6,735,739,2694
3615,38,4999999,0,user_12,735,739,2694
3661,39,4999999,0,user_4,736,739,2694
3620,40,4999999,0,user_16,735,739,2694
3625,41,4999999,0,user_19,735,739,2694
3664,42,4999999,0,user_6,736,739,2694
3669,43,4999999,0,user_11,736,739,2694
3670,44,4999999,0,user_11,736,739,2694
3673,45,4999999,0,user_13,736,739,2694
3676,46,4999999,0,user_13,736,739,2694
3668,47,4999999,0,user_10,736,739,2694
3726,48,4999999,0,user_7,737,739,2694
3513,49,4500000,0,user_38,733,739,
3437,50,4200000,0,user_44,732,739,
3356,51,3600000,0,user_34,731,739,
3758,52,3500000,5630,user_37,737,739,
3501,53,3500000,0,user_29,733,739,
3367,54,2600000,0,user_43,731,739,
3365,55,2500000,0,user_43,731,739,
3817,56,2500000,0,user_31,738,739,
3634,57,2300000,13900,user_29,735,739,
3563,58,2100000,0,user_20,734,739,
3372,59,2000000,0,user_48,731,739,
3514,60,1900000,0,user_38,733,739,
3595,61,1800000,24700,user_48,734,739,
3493,62,1600000,35100,user_22,733,739,
3362,63,1600000,0,user_41,731,739,
3735,64,1500001,0,user_15,737,739,3135
3611,65,1500001,0,user_7,735,739,3135
3672,66,1500001,0,user_11,736,739,3135
3584,67,1500000,0,user_38,734,739,
3550,68,1499999,0,user_5,734,739,3135
3559,69,1499999,0,user_19,734,739,3135
3665,70,1499999,0,user_7,736,739,3135
3684,71,1499999,0,user_16,736,739,3135
3622,72,1499999,0,user_17,735,739,3135
3355,73,1400000,0,user_34,731,739,
3502,74,1300000,121000,user_29,733,739,
3525,75,1300000,0,user_44,733,739,
3567,76,1300000,0,user_23,734,739,
3410,77,1200000,0,user_20,732,739,
3754,78,1100000,0,user_31,737,739,
3435,79,1100000,0,user_41,732,739,
3648,80,1100000,0,user_40,735,739,
3561,81,1100000,0,user_20,734,739,
3327,82,1000000,0,user_49,730,739,
3413,83,1000000,215000,user_23,732,739,
3517,84,1000000,0,user_41,733,739,
3590,85,1000000,0,user_43,734,739,
3581,86,1000000,0,user_38,734,739,
3802,87,1000000,0,user_25,738,739,
3814,88,1000000,33300,user_30,738,739,
3821,89,1000000,0,user_35,738,739,
3746,90,970000,0,user_24,737,739,
3408,91,970000,0,user_20,732,739,
3692,92,970000,0,user_26,736,739,
3818,93,970000,3130,user_31,738,739,
3571,94,910000,0,user_28,734,739,
3753,95,870000,0,user_30,737,739,
3747,96,870000,0,user_24,737,739,
3587,97,670000,0,user_40,734,739,
3564,98,670000,36800,user_20,734,739,
3627,99,600000,0,user_22,735,739,
2651,0,5000000,0,user_0,740,740,
2652,1,970000,0,user_1,740,740,
2650,2,650000,0,user_0,740,740,
2706,0,43000001,0,user_0,741,741,2691
2691,1,43000000,16400,user_37,740,741,
2707,2,42999999,0,user_1,741,741,2691
2685,3,30000000,0,user_31,740,741,
2662,4,1100000,0,user_9,740,741,
2653,5,870000,0,user_2,740,741,
2677,6,310000,0,user_21,740,741,
2678,7,310000,0,user_21,740,741,
2690,8,170000,0,user_37,740,741,
2680,9,160000,0,user_24,740,741,
2703,10,120000,0,user_47,740,741,
2654,11,110000,0,user_2,740,741,
2708,0,43000001,0,user_2,741,743,2691
2722,1,43000001,0,user_15,741,743,2691
2788,2,43000000,0,user_25,742,743,
2764,3,42999999,0,user_0,742,743,2691
2776,4,42999999,0,user_15,742,743,2691
2781,5,5000000,0,user_21,742,743,
2785,6,5000000,0,user_24,742,743,
2741,7,4500000,0,user_31,741,743,
2756,8,4500000,0,user_47,741,743,
2820,9,2000001,0,user_0,743,743,2786
2667,10,2000000,11200,user_13,740,743,
2786,11,2000000,30200,user_24,742,743,
2656,12,1900000,5180,user_5,740,743,
2765,13,1600001,0,user_0,742,743,2745
2821,14,1600001,0,user_1,743,743,2745
2687,15,1600000,0,user_32,740,743,
2745,16,1600000,35600,user_35,741,743,
2774,17,1599999,0,user_9,742,743,2745
2747,18,1500000,0,user_37,741,743,
2793,19,1500000,0,user_30,742,743,
2812,20,1400000,0,user_47,742,743,
2811,21,1300000,15700,user_47,742,743,
2743,22,1100000,0,user_33,741,743,
2658,23,970000,0,user_6,740,743,
2664,24,910000,0,user_11,740,743,
2657,25,530000,0,user_6,740,743,
2660,26,460000,0,user_7,740,743,
2783,27,460000,15100,user_21,742,743,
2794,28,460000,0,user_31,742,743,
2686,29,260000,0,user_32,740,743,
2688,30,260000,0,user_32,740,743,
2795,31,260000,0,user_31,742,743,
2800,32,260000,0,user_35,742,743,
2655,33,220000,0,user_3,740,743,
2740,34,220000,71800,user_30,741,743,
2787,35,220000,0,user_24,742,743,
2799,36,170000,0,user_35,742,743,
2744,37,160000,30200,user_33,741,743,
2659,38,120000,0,user_6,740,743,
2731,39,120000,0,user_21,741,743,
2742,40,120000,0,user_32,741,743,
2666,41,110000,0,user_13,740,743,
2801,42,98000,0,user_37,742,743,
2782,43,87000,100000,user_21,742,743,
2730,44,85000,0,user_21,741,743,
2733,45,85000,0,user_25,741,743,
2784,46,80000,0,user_24,742,743,
2711,0,43000001,0,user_5,741,744,2691
2719,1,43000001,0,user_11,741,744,2691
2712,2,42999999,0,user_5,741,744,2691
2715,3,42999999,0,user_10,741,744,2691
2668,4,30000000,0,user_14,740,744,
2675,5,6300000,0,user_18,740,744,
2853,6,6100000,0,user_30,743,744,
2694,7,5000000,959000,user_40,740,744,
2673,8,5000000,0,user_17,740,744,
2867,9,5000000,0,user_47,743,744,
2771,10,4999999,0,user_6,742,744,2694
2704,11,4200000,0,user_48,740,744,
2796,12,2100000,0,user_32,742,744,
2727,13,2000001,0,user_19,741,744,2667
2770,14,2000001,0,user_6,742,744,2667
2709,15,1999999,0,user_5,741,744,2667
2710,16,1999999,0,user_5,741,744,2667
2766,17,1999999,0,user_3,742,744,2667
2723,18,1999999,0,user_16,741,744,2667
2716,19,1999999,0,user_10,741,744,2667
2717,20,1999999,0,user_10,741,744,2667
2713,21,1900001,0,user_7,741,744,2656
2718,22,1900001,0,user_11,741,744,2656
2720,23,1900001,0,user_13,741,744,2656
2679,24,1900000,0,user_22,740,744,
2669,25,1899999,0,user_16,740,744,2656
2735,26,1700000,100000,user_26,741,744,
2698,27,1500000,0,user_44,740,744,
2671,28,1500000,0,user_17,740,744,
2695,29,1500000,0,user_41,740,744,
2845,30,1500000,0,user_24,743,744,
2856,31,1300000,0,user_35,743,744,
2832,32,1299999,0,user_15,743,744,2811
2702,33,1200000,0,user_46,740,744,
2848,34,1200000,0,user_25,743,744,
2822,35,1000001,0,user_2,743,744,2734
2734,36,1000000,121000,user_26,741,744,
2714,37,660000,0,user_8,741,744,
2676,38,600000,6390,user_20,740,744,
2772,39,599999,0,user_7,742,744,2676
2674,40,460000,0,user_17,740,744,
2857,41,460000,0,user_35,743,744,
2749,42,420000,0,user_40,741,744,
2683,43,420000,0,user_28,740,744,
2696,44,420000,0,user_43,740,744,
2842,45,420000,0,user_21,743,744,
2684,46,370000,0,user_29,740,744,
2721,47,350000,0,user_14,741,744,
2663,48,340000,0,user_10,740,744,
2855,49,310000,0,user_35,743,744,
2670,50,260000,0,user_17,740,744,
2769,51,220001,0,user_5,742,744,2697
2697,52,220000,410000,user_44,740,744,
2854,53,220000,0,user_31,743,744,
2726,54,219999,0,user_19,741,744,2697
2701,55,170000,0,user_46,740,744,
2689,56,160000,0,user_34,740,744,
2852,57,160000,0,user_30,743,744,
2665,58,110000,0,user_12,740,744,
2846,59,98000,0,user_24,743,744,
2847,60,87000,0,user_25,743,744,
2899,61,84001,0,user_0,744,744,2797
2900,62,84001,0,user_1,744,744,2797
2797,63,84000,108000,user_32,742,744,
2767,64,83001,0,user_4,742,744,2661
2681,65,83000,0,user_26,740,744,
2661,66,83000,68100,user_8,740,744,
2768,67,82999,0,user_4,742,744,2661
2739,68,77000,17000,user_29,741,744,
2672,69,73000,0,user_17,740,744,
2827,0,42999999,0,user_10,743,746,2691
2798,1,30000000,0,user_34,742,746,
2728,2,27000000,0,user_20,741,746,
2732,5,19000000,0,user_23,741,746,
2789,7,5200000,0,user_26,742,746,
2979,8,5000001,0,user_2,745,746,2694
2902,11,4999999,0,user_3,744,746,2694
2844,13,3500000,0,user_22,743,746,
2851,18,2300000,0,user_29,743,746,
2828,22,2000001,0,user_10,743,746,2667
2805,25,1900000,0,user_41,742,746,
2724,27,1899999,0,user_17,741,746,2656
2903,30,1700001,0,user_3,744,746,2735
2904,31,1700001,0,user_4,744,746,2735
2907,32,1700001,0,user_4,744,746,2735
2908,33,1700001,0,user_4,744,746,2735
2840,34,1700001,0,user_19,743,746,2735
2912,35,1700001,0,user_5,744,746,2735
2837,36,1700001,0,user_18,743,746,2735
2918,37,1700001,0,user_11,744,746,2735
2920,38,1700001,0,user_13,744,746,2735
2905,39,1699999,0,user_4,744,746,2735
2911,40,1699999,0,user_5,744,746,2735
2913,41,1699999,0,user_5,744,746,2735
2914,42,1699999,0,user_6,744,746,2735
2915,43,1699999,0,user_7,744,746,2735
2835,44,1699999,0,user_18,743,746,2735
2754,45,1500000,0,user_43,741,746,
2826,51,1000001,0,user_8,743,746,2734
2831,52,1000001,0,user_12,743,746,2734
2777,53,1000001,0,user_16,742,746,2734
2778,54,1000001,0,user_16,742,746,2734
2779,56,999999,0,user_19,742,746,2734
2839,57,999999,0,user_19,743,746,2734
2910,58,999999,0,user_5,744,746,2734
2836,59,999999,0,user_18,743,746,2734
2859,60,870000,0,user_40,743,746,
2751,62,650000,0,user_41,741,746,
2692,63,630000,0,user_38,740,746,
2860,64,460000,0,user_40,743,746,
2729,65,420000,0,user_20,741,746,
2780,66,420000,0,user_20,742,746,
2807,67,350000,0,user_43,742,746,
3038,43,310001,0,builder_2,745,745,2757
2757,68,310000,35600,user_48,741,746,
2866,72,260000,0,user_46,743,746,
2843,73,240000,0,user_22,743,746,
2909,74,220001,0,user_5,744,746,2697
2738,76,220000,0,user_28,741,746,
2750,77,220000,0,user_41,741,746,
2809,79,170000,0,user_44,742,746,
2791,80,150000,0,user_28,742,746,
2755,81,120000,0,user_44,741,746,
2849,82,110000,0,user_26,743,746,
2752,83,110000,0,user_41,741,746,
2737,84,100000,0,user_28,741,746,
2838,86,87001,0,user_18,743,746,2782
2906,91,84001,0,user_4,744,746,2797
2753,97,77000,0,user_41,741,746,
2808,98,77000,0,user_43,742,746,
2850,60,70000,0,user_29,743,745,
2827,0,42999999,0,user_10,743,746,2691
2798,1,30000000,0,user_34,742,746,
2728,2,27000000,0,user_20,741,746,
3035,3,27000000,0,user_47,745,746,
2934,4,19000000,0,user_25,744,746,
2732,5,19000000,0,user_23,741,746,
2947,6,5200000,0,user_33,744,746,
2789,7,5200000,0,user_26,742,746,
2979,8,5000001,0,user_2,745,746,2694
2994,9,5000001,0,user_15,745,746,2694
2829,10,4999999,0,user_11,743,746,2694
2902,11,4999999,0,user_3,744,746,2694
2993,12,4999999,0,user_15,745,746,2694
2844,13,3500000,0,user_22,743,746,
3021,14,3500000,0,user_37,745,746,
2792,15,3200000,0,user_29,742,746,
2804,16,2600000,32900,user_40,742,746,
2995,17,2300001,0,user_15,745,746,2946
2851,18,2300000,0,user_29,743,746,
2946,19,2300000,510000,user_32,744,746,
2991,20,2299999,0,user_15,745,746,2946
2992,21,2299999,0,user_15,745,746,2946
2828,22,2000001,0,user_10,743,746,2667
3018,23,2000000,0,user_33,745,746,
3019,24,2000000,24700,user_35,745,746,
2805,25,1900000,0,user_41,742,746,
2725,26,1899999,0,user_18,741,746,2656
2724,27,1899999,0,user_17,741,746,2656
2825,28,1700001,0,user_6,743,746,2735
2830,29,1700001,0,user_11,743,746,2735
2903,30,1700001,0,user_3,744,746,2735
2904,31,1700001,0,user_4,744,746,2735
2907,32,1700001,0,user_4,744,746,2735
2908,33,1700001,0,user_4,744,746,2735
2840,34,1700001,0,user_19,743,746,2735
2912,35,1700001,0,user_5,744,746,2735
2837,36,1700001,0,user_18,743,746,2735
2918,37,1700001,0,user_11,744,746,2735
2920,38,1700001,0,user_13,744,746,2735
2905,39,1699999,0,user_4,744,746,2735
2911,40,1699999,0,user_5,744,746,2735
2913,41,1699999,0,user_5,744,746,2735
2914,42,1699999,0,user_6,744,746,2735
2915,43,1699999,0,user_7,744,746,2735
2835,44,1699999,0,user_18,743,746,2735
2754,45,1500000,0,user_43,741,746,
2945,46,1500000,0,user_32,744,746,
3007,47,1400000,35100,user_24,745,746,
2950,48,1200000,49100,user_35,744,746,
2823,49,1000001,0,user_3,743,746,2734
2824,50,1000001,0,user_4,743,746,2734
2826,51,1000001,0,user_8,743,746,2734
2831,52,1000001,0,user_12,743,746,2734
2777,53,1000001,0,user_16,742,746,2734
2778,54,1000001,0,user_16,742,746,2734
3009,55,1000000,0,user_24,745,746,
2779,56,999999,0,user_19,742,746,2734
2839,57,999999,0,user_19,743,746,2734
2910,58,999999,0,user_5,744,746,2734
2836,59,999999,0,user_18,743,746,2734
2859,60,870000,0,user_40,743,746,
3008,61,660000,0,user_24,745,746,
2751,62,650000,0,user_41,741,746,
2692,63,630000,0,user_38,740,746,
2860,64,460000,0,user_40,743,746,
2729,65,420000,0,user_20,741,746,
2780,66,420000,0,user_20,742,746,
2807,67,350000,0,user_43,742,746,
2757,68,310000,35600,user_48,741,746,
3017,69,310000,0,user_31,745,746,
3016,70,300000,0,user_31,745,746,
2959,71,260000,0,user_47,744,746,
2866,72,260000,0,user_46,743,746,
2843,73,240000,0,user_22,743,746,
2909,74,220001,0,user_5,744,746,2697
3040,75,220001,0,user_1,746,746,2697
2738,76,220000,0,user_28,741,746,
2750,77,220000,0,user_41,741,746,
3010,78,220000,10700,user_25,745,746,
2809,79,170000,0,user_44,742,746,
2791,80,150000,0,user_28,742,746,
2755,81,120000,0,user_44,741,746,
2849,82,110000,0,user_26,743,746,
2752,83,110000,0,user_41,741,746,
2737,84,100000,0,user_28,741,746,
2922,85,87001,0,user_15,744,746,2782
2838,86,87001,0,user_18,743,746,2782
3011,87,87000,1100000,user_25,745,746,
2978,88,86999,0,user_0,745,746,2782
2949,89,85000,0,user_35,744,746,
2923,90,84001,0,user_15,744,746,2797
2906,91,84001,0,user_4,744,746,2797
2901,92,83999,0,user_2,744,746,2797
2916,93,83999,0,user_9,744,746,2797
3039,94,83999,0,user_0,746,746,2797
2775,95,82999,0,user_12,742,746,2661
2931,96,80000,1100000,user_21,744,746,
2753,97,77000,0,user_41,741,746,
2808,98,77000,0,user_43,742,746,
3005,99,77000,0,user_21,745,746,
3041,0,5000001,0,user_2,746,747,2694
3062,1,5000000,0,user_25,746,747,
3066,2,2300000,0,user_33,746,747,
2833,3,1899999,0,user_17,743,747,2656
2834,4,1899999,0,user_17,743,747,2656
2928,5,1700001,0,user_16,744,747,2735
2983,6,1700001,0,user_7,745,747,2735
2929,7,1700001,0,user_18,744,747,2735
2984,8,1700001,0,user_11,745,747,2735
2921,9,1699999,0,user_14,744,747,2735
2980,10,1699999,0,user_4,745,747,2735
2924,11,1699999,0,user_16,744,747,2735
2926,12,1699999,0,user_16,744,747,2735
2927,13,1699999,0,user_16,744,747,2735
2982,14,1699999,0,user_5,745,747,2735
2917,15,1699999,0,user_10,744,747,2735
2985,16,1699999,0,user_11,745,747,2735
2986,17,1699999,0,user_11,745,747,2735
2989,18,1699999,0,user_13,745,747,2735
2935,19,910000,0,user_26,744,747,
2861,20,870000,30200,user_41,743,747,
2813,21,460000,0,user_49,742,747,
2863,22,260000,0,user_43,743,747,
2981,23,220001,0,user_4,745,747,2697
2919,24,219999,0,user_12,744,747,2697
3065,25,190000,0,user_31,746,747,
2943,26,170000,6390,user_29,744,747,
2802,27,170000,0,user_38,742,747,
2841,28,150000,10700,user_20,743,747,
2944,29,120000,0,user_29,744,747,
2758,30,100000,0,user_49,741,747,
2958,31,98000,0,user_46,744,747,
2925,32,84001,0,user_16,744,747,2797
3107,33,79999,0,user_1,747,747,2931
3127,0,27000000,0,user_25,747,748,
3138,1,6100000,0,user_33,747,748,
3167,2,4999999,0,user_1,748,748,2694
2988,3,1700001,0,user_12,745,748,2735
3002,4,1700001,0,user_18,745,748,2735
2987,5,1699999,0,user_12,745,748,2735
2990,6,1699999,0,user_14,745,748,2735
3135,7,1500000,17700000,user_31,747,748,
3137,8,1100000,0,user_33,747,748,
3003,9,999999,0,user_18,745,748,2734
3134,10,650000,0,user_31,747,748,
3124,11,630000,0,user_21,747,748,
3015,12,240000,0,user_29,745,748,
3042,13,219999,0,user_3,746,748,2697
3108,14,219999,0,user_2,747,748,2697
3133,15,150000,0,user_30,747,748,
3132,16,98000,0,user_30,747,748,
3051,17,80001,0,user_11,746,748,2931
3043,18,79999,0,user_4,746,748,2931
3044,19,79999,0,user_7,746,748,2931
3071,0,27000000,322000,user_37,746,749,
3063,1,6100000,24700,user_26,746,749,
3195,2,5000000,0,user_35,748,749,
3081,3,3600000,594000,user_47,746,749,
3125,4,3600000,0,user_24,747,749,
2868,5,3500000,0,user_48,743,749,
2961,6,2600000,0,user_48,744,749,
3142,7,2500000,0,user_37,747,749,
3048,8,2300001,0,user_9,746,749,2946
3181,9,2300001,0,user_15,748,749,2946
3168,10,2299999,0,user_2,748,749,2946
3180,11,2299999,0,user_15,748,749,2946
3186,12,2100000,0,user_24,748,749,
3126,13,1800000,0,user_24,747,749,
2996,14,1699999,0,user_16,745,749,2735
2998,15,1699999,0,user_16,745,749,2735
2999,16,1699999,0,user_16,745,749,2735
3000,17,1699999,0,user_16,745,749,2735
3004,18,1699999,0,user_19,745,749,2735
3058,19,1699999,0,user_19,746,749,2735
2957,20,1500000,15700,user_44,744,749,
3060,21,1500000,0,user_24,746,749,
3151,22,1500000,0,user_47,747,749,
3072,23,1400000,0,user_37,746,749,
2948,24,1200000,0,user_34,744,749,
2956,25,1000000,11200,user_44,744,749,
3013,26,1000000,0,user_26,745,749,
3054,27,999999,0,user_16,746,749,2734
3047,28,999999,0,user_9,746,749,2734
3049,29,999999,0,user_9,746,749,2734
3053,30,999999,0,user_15,746,749,2734
3115,31,999999,0,user_9,747,749,2734
2960,32,670000,0,user_48,744,749,
3036,33,660000,0,user_48,745,749,
3190,34,660000,0,user_30,748,749,
3069,35,630000,0,user_35,746,749,
3136,36,530000,296000,user_32,747,749,
3187,37,530000,0,user_24,748,749,
3191,38,460000,10700,user_31,748,749,
3068,39,420000,769000,user_35,746,749,
3220,40,419999,0,user_1,749,749,3068
3197,41,300000,0,user_37,748,749,
3111,42,220001,0,user_4,747,749,2697
3112,43,220001,0,user_5,747,749,2697
3109,44,219999,0,user_3,747,749,2697
3045,45,219999,0,user_8,746,749,2697
3110,46,219999,0,user_4,747,749,2697
3113,47,219999,0,user_7,747,749,2697
3080,48,150000,0,user_46,746,749,
2962,49,120000,0,user_48,744,749,
3012,50,120000,0,user_26,745,749,
3061,51,110000,0,user_24,746,749,
3070,52,85000,5180,user_37,746,749,
2997,53,84001,0,user_16,745,749,2797
3173,54,84001,0,user_9,748,749,2797
3050,55,83999,0,user_9,746,749,2797
3046,56,80001,0,user_8,746,749,2931
3219,57,80001,0,user_0,749,749,2931
3052,58,79999,0,user_14,746,749,2931
3064,59,73000,0,user_26,746,749,
3239,0,2300000,0,user_25,749,750,
3252,1,2100000,369000,user_37,749,750,
3271,2,1100000,31700,user_47,749,750,
3244,3,1000000,0,user_30,749,750,
3248,4,530000,0,user_35,749,750,
3274,5,420001,0,user_0,750,750,3068
3226,6,419999,0,user_9,749,750,3068
3275,7,419999,0,user_1,750,750,3068
3247,8,340000,0,user_35,749,750,
3237,9,87000,10700,user_21,749,750,
3227,10,86999,0,user_9,749,750,3011
3192,0,5200000,0,user_32,748,751,
3280,1,5000001,0,user_9,750,751,2694
3297,2,5000000,0,user_21,750,751,
3330,3,4999999,0,user_1,751,751,2694
3311,4,2500000,0,user_37,750,751,
3304,5,2400000,0,user_31,750,751,
3300,6,1600000,75000,user_24,750,751,
3193,7,1400000,0,user_32,748,751,
3310,8,1400000,0,user_35,750,751,
3326,9,1100000,0,user_47,750,751,
3305,10,630000,0,user_31,750,751,
3307,11,420000,0,user_33,750,751,
3291,12,419999,0,user_15,750,751,3068
3245,13,170000,0,user_32,749,751,
3303,14,110000,0,user_30,750,751,
3328,15,86999,0,user_0,751,751,3011
3329,16,86999,0,user_1,751,751,3011
3256,0,43000000,0,user_40,749,753,
3464,1,30000001,0,builder_2,752,752,2941
2941,1,30000000,68100,user_28,744,753,
2955,3,6100000,0,user_43,744,753,
3333,7,5000001,0,user_7,751,753,2694
3338,8,5000001,0,user_11,751,753,2694
3388,9,5000001,0,user_2,752,753,2694
3465,7,3500001,0,builder_2,752,752,2869
2869,18,3500000,16400,user_49,743,753,
3264,19,3500000,0,user_41,749,753,
3295,32,2300001,0,user_18,750,753,2946
3258,33,2300000,0,user_40,749,753,
3234,45,2299999,0,user_17,749,753,2946
3281,46,2299999,0,user_10,750,753,2946
3466,14,2100001,0,builder_2,752,752,3145
3145,48,2100000,128000,user_40,747,753,
3033,47,2100000,0,user_43,745,753,
3467,17,2000001,0,builder_2,752,752,3006
3006,49,2000000,5640,user_23,745,753,
3262,51,2000000,0,user_41,749,753,
2870,52,1800000,0,user_49,743,753,
3468,21,1600001,0,builder_2,752,752,3198
3198,55,1600000,15700,user_38,748,753,
3029,54,1600000,0,user_41,745,753,
3028,60,1500000,0,user_40,745,753,
3001,63,1000001,0,user_17,745,753,2734
3032,64,1000000,0,user_43,745,753,
3200,67,970000,0,user_40,748,753,
3022,74,470000,0,user_38,745,753,
3469,29,350001,0,builder_2,752,752,2858
2858,78,350000,84800,user_38,743,753,
3470,31,310001,0,builder_2,752,752,2932
2932,80,310000,7840,user_23,744,753,
3255,81,310000,0,user_40,749,753,
2953,82,300000,0,user_40,744,753,
3037,83,260000,0,user_49,745,753,
3315,84,260000,0,user_40,750,753,
3263,97,160000,15700,user_41,749,753,
3471,38,159999,0,builder_2,752,752,3263
3472,39,79001,0,builder_2,752,752,3261
3261,40,79000,84800,user_41,749,752,
2942,94,160000,0,user_28,744,753,
3031,95,160000,0,user_43,745,753,
3034,96,160000,0,user_43,745,753,
3266,98,160000,0,user_43,749,753,
2963,99,150000,0,user_49,744,753,
3260,46,150000,0,user_41,749,752,
2930,47,130000,0,user_20,744,752,
2952,48,130000,0,user_40,744,752,
3210,49,120000,0,user_49,748,752,
3238,50,110000,0,user_23,749,752,
3014,51,100000,0,user_28,745,752,
3332,52,87001,0,user_6,751,752,3011
3259,53,85000,0,user_40,749,752,
3314,54,82000,0,user_40,750,752,
3257,55,79000,0,user_40,749,752,
3236,56,70000,0,user_20,749,752,
3256,0,43000000,0,user_40,749,753,
2941,1,30000000,68100,user_28,744,753,
3422,2,19000000,0,user_30,752,753,
2955,3,6100000,0,user_43,744,753,
3055,4,5000001,0,user_17,746,753,2694
3224,5,5000001,0,user_7,749,753,2694
3331,6,5000001,0,user_2,751,753,2694
3333,7,5000001,0,user_7,751,753,2694
3338,8,5000001,0,user_11,751,753,2694
3388,9,5000001,0,user_2,752,753,2694
3473,10,5000001,0,user_1,753,753,2694
3170,11,4999999,0,user_4,748,753,2694
3117,12,4999999,0,user_10,747,753,2694
3076,13,4500000,0,user_41,746,753,
3428,14,4500000,0,user_31,752,753,
3189,15,4200000,0,user_29,748,753,
3202,16,4200000,0,user_43,748,753,
3184,17,3600000,0,user_23,748,753,
2869,18,3500000,16400,user_49,743,753,
3264,19,3500000,0,user_41,749,753,
3208,20,2600000,0,user_46,748,753,
3130,21,2400000,0,user_29,747,753,
3169,22,2300001,0,user_3,748,753,2946
3171,23,2300001,0,user_7,748,753,2946
3172,24,2300001,0,user_7,748,753,2946
3175,25,2300001,0,user_11,748,753,2946
3229,26,2300001,0,user_12,749,753,2946
3183,27,2300001,0,user_18,748,753,2946
3283,28,2300001,0,user_11,750,753,2946
3284,29,2300001,0,user_11,750,753,2946
3286,30,2300001,0,user_11,750,753,2946
3289,31,2300001,0,user_13,750,753,2946
3295,32,2300001,0,user_18,750,753,2946
3258,33,2300000,0,user_40,749,753,
3118,34,2299999,0,user_12,747,753,2946
3176,35,2299999,0,user_13,748,753,2946
3177,36,2299999,0,user_13,748,753,2946
3178,37,2299999,0,user_14,748,753,2946
3222,38,2299999,0,user_7,749,753,2946
3223,39,2299999,0,user_7,749,753,2946
3230,40,2299999,0,user_13,749,753,2946
3225,41,2299999,0,user_8,749,753,2946
3232,42,2299999,0,user_14,749,753,2946
3277,43,2299999,0,user_7,750,753,2946
3288,44,2299999,0,user_13,750,753,2946
3234,45,2299999,0,user_17,749,753,2946
3281,46,2299999,0,user_10,750,753,2946
3033,47,2100000,0,user_43,745,753,
3145,48,2100000,128000,user_40,747,753,
3006,49,2000000,5640,user_23,745,753,
3059,50,2000000,11200,user_20,746,753,
3262,51,2000000,0,user_41,749,753,
2870,52,1800000,0,user_49,743,753,
3206,53,1700000,0,user_46,748,753,
3029,54,1600000,0,user_41,745,753,
3198,55,1600000,15700,user_38,748,753,
3221,56,1500001,0,user_4,749,753,3135
3231,57,1500001,0,user_13,749,753,3135
3282,58,1500001,0,user_11,750,753,3135
3285,59,1500001,0,user_11,750,753,3135
3028,60,1500000,0,user_40,745,753,
3387,61,1499999,0,user_0,752,753,3135
3358,62,1400000,0,user_37,751,753,
3001,63,1000001,0,user_17,745,753,2734
3032,64,1000000,0,user_43,745,753,
3371,65,1000000,0,user_47,751,753,
3424,66,1000000,0,user_30,752,753,
3200,67,970000,0,user_40,748,753,
3150,68,910000,0,user_46,747,753,
3073,69,910000,67500,user_38,746,753,
3083,70,910000,0,user_49,746,753,
3201,71,660000,0,user_41,748,753,
3131,72,630000,0,user_29,747,753,
3084,73,530000,0,user_49,746,753,
3022,74,470000,0,user_38,745,753,
3335,75,419999,0,user_9,751,753,3068
3340,76,419999,0,user_15,751,753,3068
3207,77,370000,23500,user_46,748,753,
2858,78,350000,84800,user_38,743,753,
3129,79,320000,0,user_28,747,753,
2932,80,310000,7840,user_23,744,753,
3255,81,310000,0,user_40,749,753,
2953,82,300000,0,user_40,744,753,
3037,83,260000,0,user_49,745,753,
3315,84,260000,0,user_40,750,753,
3123,85,240000,84800,user_20,747,753,
3114,86,220001,0,user_8,747,753,2697
3116,87,220001,0,user_10,747,753,2697
3057,88,220001,0,user_18,746,753,2697
3120,89,220001,0,user_18,747,753,2697
3078,90,220000,0,user_43,746,753,
3306,91,220000,0,user_32,750,753,
3357,92,220000,0,user_37,751,753,
3415,93,190000,0,user_25,752,753,
2942,94,160000,0,user_28,744,753,
3031,95,160000,0,user_43,745,753,
3034,96,160000,0,user_43,745,753,
3263,97,160000,15700,user_41,749,753,
3266,98,160000,0,user_43,749,753,
2963,99,150000,0,user_49,744,753,
3085,0,150000,0,user_49,746,754,
3086,1,130000,0,user_49,746,754,
3146,2,120000,0,user_41,747,754,
3153,3,100000,0,user_49,747,754,
3087,4,83000,13900,user_49,746,754,
3056,5,80001,0,user_18,746,754,2931
3143,6,70000,15700,user_38,747,754,
3494,3,6300000,0,user_23,753,759,
3401,17,5000001,0,user_14,752,757,2694
3402,18,5000001,0,user_14,752,757,2694
3547,19,5000001,0,user_2,754,757,2694
3613,18,5000001,0,user_10,755,759,2694
3396,25,4999999,0,user_8,752,757,2694
3399,26,4999999,0,user_12,752,757,2694
3477,27,4999999,0,user_4,753,757,2694
3552,31,4999999,0,user_7,754,759,2694
3148,31,4500000,0,user_44,747,757,
3563,58,2100000,0,user_20,754,759,
3475,52,1500001,0,user_3,753,757,3135
3486,53,1500001,0,user_13,753,757,3135
3611,65,1500001,0,user_7,755,759,3135
3567,76,1300000,0,user_23,754,759,
3561,81,1100000,0,user_20,754,759,
3517,84,1000000,0,user_41,753,759,
3590,85,1000000,0,user_43,754,759,
3571,94,910000,0,user_28,754,759,
3564,98,670000,36800,user_20,754,759,
3152,71,650000,8520,user_48,747,757,
3128,76,530000,0,user_26,747,757,
3432,22,460000,100000,user_38,752,755,
3500,23,260000,0,user_28,753,755,
3082,92,240000,0,user_48,746,757,
3412,93,240000,0,user_22,752,757,
3119,97,219999,0,user_16,747,757,2697
3121,98,219999,0,user_19,747,757,2697
3067,28,170000,0,user_34,746,755,
3562,29,170000,0,user_20,754,755,
3588,30,170000,12300,user_41,754,755,
3373,31,150000,0,user_49,751,755,
3560,32,150000,0,user_20,754,755,
3359,33,110000,0,user_38,751,755,
3482,34,87001,0,user_11,753,755,3011
3551,35,87001,0,user_7,754,755,3011
3495,36,83000,0,user_23,753,755,
3122,37,79999,0,user_19,747,755,2931
3490,38,77001,0,user_17,753,755,3243
3476,39,77001,0,user_3,753,755,3243
3585,1,19000000,369000,user_38,754,759,
3623,24,5000001,0,user_17,755,759,2694
3668,47,4999999,0,user_10,756,759,2694
3513,49,4500000,0,user_38,753,759,
3514,60,1900000,0,user_38,753,759,
3584,67,1500000,0,user_38,754,759,
3622,72,1499999,0,user_17,755,759,3135
3665,70,1499999,0,user_7,756,759,3135
3581,86,1000000,0,user_38,754,759,
3652,9,370000,769000,user_43,755,756,
3582,10,220000,0,user_38,754,756,
3649,11,120000,0,user_41,755,756,
3583,12,110000,0,user_38,754,756,
3512,13,85000,108000,user_38,753,756,
3529,14,77000,0,user_49,753,756,
3508,0,43000000,0,user_35,753,757,
3299,1,27000000,0,user_23,750,757,
3687,2,27000000,0,user_21,756,757,
3565,3,6300000,231000,user_21,754,757,
3578,4,6300000,12800,user_33,754,757,
3496,5,6100000,7190000,user_25,753,757,
3691,6,6100000,0,user_25,756,757,
3390,7,5000001,0,user_3,752,757,2694
3391,8,5000001,0,user_3,752,757,2694
3278,9,5000001,0,user_8,750,757,2694
3287,10,5000001,0,user_12,750,757,2694
3334,11,5000001,0,user_8,751,757,2694
3336,12,5000001,0,user_10,751,757,2694
3337,13,5000001,0,user_10,751,757,2694
3344,14,5000001,0,user_18,751,757,2694
3400,15,5000001,0,user_13,752,757,2694
3546,16,5000001,0,user_0,754,757,2694
3401,17,5000001,0,user_14,752,757,2694
3402,18,5000001,0,user_14,752,757,2694
3547,19,5000001,0,user_2,754,757,2694
3558,20,5000001,0,user_15,754,757,2694
3617,21,5000001,0,user_15,755,757,2694
3308,22,5000000,0,user_34,750,757,
3393,23,4999999,0,user_5,752,757,2694
3474,24,4999999,0,user_2,753,757,2694
3396,25,4999999,0,user_8,752,757,2694
3399,26,4999999,0,user_12,752,757,2694
3477,27,4999999,0,user_4,753,757,2694
3612,28,4999999,0,user_9,755,757,2694
3659,29,4999999,0,user_0,756,757,2694
3683,30,4999999,0,user_15,756,757,2694
3148,31,4500000,0,user_44,747,757,
3572,32,4500000,0,user_30,754,757,
3429,33,3600000,0,user_35,752,757,
3577,34,3600000,0,user_33,754,757,
3635,35,3600000,350000,user_31,755,757,
3188,36,3500000,0,user_26,748,757,
3704,37,3500000,0,user_35,756,757,
3506,38,3200000,0,user_33,753,757,
3575,39,2600000,0,user_32,754,757,
3700,40,2600000,64600,user_33,756,757,
3293,41,2300001,0,user_17,750,757,2946
3351,42,2300000,181000,user_29,751,757,
3568,43,2300000,0,user_24,754,757,
3345,44,2299999,0,user_19,751,757,2946
3294,45,2299999,0,user_17,750,757,2946
3636,46,2100000,0,user_31,755,757,
3302,47,2000000,0,user_28,750,757,
3643,48,2000000,0,user_35,755,757,
3194,49,1900000,0,user_34,748,757,
3322,50,1600000,0,user_44,750,757,
3395,51,1500001,0,user_7,752,757,3135
3475,52,1500001,0,user_3,753,757,3135
3486,53,1500001,0,user_13,753,757,3135
3602,54,1500001,0,user_0,755,757,3135
3722,55,1500001,0,user_1,757,757,3135
3628,56,1500000,0,user_24,755,757,
3392,57,1499999,0,user_4,752,757,3135
3717,58,1499999,0,user_0,757,757,3135
3719,59,1499999,0,user_1,757,757,3135
3370,60,1400000,0,user_46,751,757,
3272,61,1400000,18600,user_48,749,757,
3497,62,1400000,0,user_25,753,757,
3629,63,1400000,0,user_25,755,757,
3639,64,1200000,0,user_31,755,757,
3309,65,1100000,0,user_34,750,757,
3323,66,1000000,0,user_44,750,757,
3574,67,1000000,0,user_31,754,757,
3644,68,1000000,33100,user_37,755,757,
3431,69,970000,0,user_37,752,757,
3573,70,660000,0,user_30,754,757,
3152,71,650000,8520,user_48,747,757,
3354,72,630000,0,user_32,751,757,
3209,73,600000,0,user_48,748,757,
3688,74,600000,0,user_21,756,757,
3703,75,600000,0,user_35,756,757,
3128,76,530000,0,user_26,747,757,
3348,77,530000,285000,user_26,751,757,
3406,78,420001,0,user_15,752,757,3068
3488,79,420001,0,user_15,753,757,3068
3566,80,420000,0,user_21,754,757,
3594,81,420000,0,user_47,754,757,
3701,82,420000,36800,user_33,756,757,
3397,83,419999,0,user_9,752,757,3068
3403,84,419999,0,user_15,752,757,3068
3404,85,419999,0,user_15,752,757,3068
3246,86,360000,0,user_34,749,757,
3503,87,360000,12300,user_30,753,757,
3630,88,340000,0,user_25,755,757,
3640,89,340000,0,user_33,755,757,
3316,90,310000,0,user_41,750,757,
3240,91,260000,0,user_26,749,757,
3082,92,240000,0,user_48,746,757,
3412,93,240000,0,user_22,752,757,
3235,94,220001,0,user_19,749,757,2697
3341,95,220001,0,user_16,751,757,2697
3325,96,220000,0,user_46,750,757,
3119,97,219999,0,user_16,747,757,2697
3121,98,219999,0,user_19,747,757,2697
3233,99,219999,0,user_16,749,757,2697
3292,0,219999,0,user_16,750,758,2697
3296,1,219999,0,user_19,750,758,2697
3298,2,160000,0,user_22,750,758,
3273,3,160000,0,user_49,749,758,
3253,4,100000,0,user_38,749,758,
3339,5,86999,0,user_12,751,758,3011
3241,6,85000,0,user_26,749,758,
3347,7,83000,0,user_26,751,758,
3279,8,77001,0,user_8,750,758,3243
3290,9,76999,0,user_14,750,758,3243
3352,10,70000,0,user_29,751,758,
3416,0,43000000,0,user_26,752,759,
3585,1,19000000,369000,user_38,754,759,
3815,2,19000000,0,user_31,758,759,
3494,3,6300000,0,user_23,753,759,
3769,4,6100001,0,user_2,758,759,3496
3436,5,6100000,0,user_44,752,759,
3484,6,5000001,0,user_12,753,759,2694
3343,7,5000001,0,user_17,751,759,2694
3481,8,5000001,0,user_10,753,759,2694
3554,9,5000001,0,user_11,754,759,2694
3616,10,5000001,0,user_13,755,759,2694
3614,11,5000001,0,user_12,755,759,2694
3660,12,5000001,0,user_4,756,759,2694
3662,13,5000001,0,user_4,756,759,2694
3618,14,5000001,0,user_16,755,759,2694
3619,15,5000001,0,user_16,755,759,2694
3621,16,5000001,0,user_16,755,759,2694
3663,17,5000001,0,user_5,756,759,2694
3613,18,5000001,0,user_10,755,759,2694
3671,19,5000001,0,user_11,756,759,2694
3677,20,5000001,0,user_13,756,759,2694
3723,21,5000001,0,user_3,757,759,2694
3724,22,5000001,0,user_5,757,759,2694
3725,23,5000001,0,user_5,757,759,2694
3623,24,5000001,0,user_17,755,759,2694
3743,25,5000000,0,user_21,757,759,
3548,26,4999999,0,user_3,754,759,2694
3479,27,4999999,0,user_8,753,759,2694
3485,28,4999999,0,user_12,753,759,2694
3549,29,4999999,0,user_4,754,759,2694
3480,30,4999999,0,user_10,753,759,2694
3552,31,4999999,0,user_7,754,759,2694
3491,32,4999999,0,user_18,753,759,2694
3555,33,4999999,0,user_13,754,759,2694
3556,34,4999999,0,user_13,754,759,2694
3553,35,4999999,0,user_8,754,759,2694
3606,36,4999999,0,user_5,755,759,2694
3607,37,4999999,0,user_6,755,759,2694
3615,38,4999999,0,user_12,755,759,2694
3661,39,4999999,0,user_4,756,759,2694
3620,40,4999999,0,user_16,755,759,2694
3625,41,4999999,0,user_19,755,759,2694
3664,42,4999999,0,user_6,756,759,2694
3669,43,4999999,0,user_11,756,759,2694
3670,44,4999999,0,user_11,756,759,2694
3673,45,4999999,0,user_13,756,759,2694
3676,46,4999999,0,user_13,756,759,2694
3668,47,4999999,0,user_10,756,759,2694
3726,48,4999999,0,user_7,757,759,2694
3513,49,4500000,0,user_38,753,759,
3437,50,4200000,0,user_44,752,759,
3356,51,3600000,0,user_34,751,759,
3758,52,3500000,5630,user_37,757,759,
3501,53,3500000,0,user_29,753,759,
3367,54,2600000,0,user_43,751,759,
3365,55,2500000,0,user_43,751,759,
3817,56,2500000,0,user_31,758,759,
3634,57,2300000,13900,user_29,755,759,
3563,58,2100000,0,user_20,754,759,
3372,59,2000000,0,user_48,751,759,
3514,60,1900000,0,user_38,753,759,
3595,61,1800000,24700,user_48,754,759,
3493,62,1600000,35100,user_22,753,759,
3362,63,1600000,0,user_41,751,759,
3735,64,1500001,0,user_15,757,759,3135
3611,65,1500001,0,user_7,755,759,3135
3672,66,1500001,0,user_11,756,759,3135
3584,67,1500000,0,user_38,754,759,
3550,68,1499999,0,user_5,754,759,3135
3559,69,1499999,0,user_19,754,759,3135
3665,70,1499999,0,user_7,756,759,3135
3684,71,1499999,0,user_16,756,759,3135
3622,72,1499999,0,user_17,755,759,3135
3355,73,1400000,0,user_34,751,759,
3502,74,1300000,121000,user_29,753,759,
3525,75,1300000,0,user_44,753,759,
3567,76,1300000,0,user_23,754,759,
3410,77,1200000,0,user_20,752,759,
3754,78,1100000,0,user_31,757,759,
3435,79,1100000,0,user_41,752,759,
3648,80,1100000,0,user_40,755,759,
3561,81,1100000,0,user_20,754,759,
3327,82,1000000,0,user_49,750,759,
3413,83,1000000,215000,user_23,752,759,
3517,84,1000000,0,user_41,753,759,
3590,85,1000000,0,user_43,754,759,
3581,86,1000000,0,user_38,754,759,
3802,87,1000000,0,user_25,758,759,
3814,88,1000000,33300,user_30,758,759,
3821,89,1000000,0,user_35,758,759,
3746,90,970000,0,user_24,757,759,
3408,91,970000,0,user_20,752,759,
3692,92,970000,0,user_26,756,759,
3818,93,970000,3130,user_31,758,759,
3571,94,910000,0,user_28,754,759,
3753,95,870000,0,user_30,757,759,
3747,96,870000,0,user_24,757,759,
3587,97,670000,0,user_40,754,759,
3564,98,670000,36800,user_20,754,759,
3627,99,600000,0,user_22,755,759,
2651,0,5000000,0,user_0,760,760,
2652,1,970000,0,user_1,760,760,
2650,2,650000,0,user_0,760,760,
2706,0,43000001,0,user_0,761,761,2691
2691,1,43000000,16400,user_37,760,761,
2707,2,42999999,0,user_1,761,761,2691
2685,3,30000000,0,user_31,760,761,
2662,4,1100000,0,user_9,760,761,
2653,5,870000,0,user_2,760,761,
2677,6,310000,0,user_21,760,761,
2678,7,310000,0,user_21,760,761,
2690,8,170000,0,user_37,760,761,
2680,9,160000,0,user_24,760,761,
2703,10,120000,0,user_47,760,761,
2654,11,110000,0,user_2,760,761,
2708,0,43000001,0,user_2,761,763,2691
2722,1,43000001,0,user_15,761,763,2691
2788,2,43000000,0,user_25,762,763,
2764,3,42999999,0,user_0,762,763,2691
2776,4,42999999,0,user_15,762,763,2691
2781,5,5000000,0,user_21,762,763,
2785,6,5000000,0,user_24,762,763,
2741,7,4500000,0,user_31,761,763,
2756,8,4500000,0,user_47,761,763,
2820,9,2000001,0,user_0,763,763,2786
2667,10,2000000,11200,user_13,760,763,
2786,11,2000000,30200,user_24,762,763,
2656,12,1900000,5180,user_5,760,763,
2765,13,1600001,0,user_0,762,763,2745
2821,14,1600001,0,user_1,763,763,2745
2687,15,1600000,0,user_32,760,763,
2745,16,1600000,35600,user_35,761,763,
2774,17,1599999,0,user_9,762,763,2745
2747,18,1500000,0,user_37,761,763,
2793,19,1500000,0,user_30,762,763,
2812,20,1400000,0,user_47,762,763,
2811,21,1300000,15700,user_47,762,763,
2743,22,1100000,0,user_33,761,763,
2658,23,970000,0,user_6,760,763,
2664,24,910000,0,user_11,760,763,
2657,25,530000,0,user_6,760,763,
2660,26,460000,0,user_7,760,763,
2783,27,460000,15100,user_21,762,763,
2794,28,460000,0,user_31,762,763,
2686,29,260000,0,user_32,760,763,
2688,30,260000,0,user_32,760,763,
2795,31,260000,0,user_31,762,763,
2800,32,260000,0,user_35,762,763,
2655,33,220000,0,user_3,760,763,
2740,34,220000,71800,user_30,761,763,
2787,35,220000,0,user_24,762,763,
2799,36,170000,0,user_35,762,763,
2744,37,160000,30200,user_33,761,763,
2659,38,120000,0,user_6,760,763,
2731,39,120000,0,user_21,761,763,
2742,40,120000,0,user_32,761,763,
2666,41,110000,0,user_13,760,763,
2801,42,98000,0,user_37,762,763,
2782,43,87000,100000,user_21,762,763,
2730,44,85000,0,user_21,761,763,
2733,45,85000,0,user_25,761,763,
2784,46,80000,0,user_24,762,763,
2711,0,43000001,0,user_5,761,764,2691
2719,1,43000001,0,user_11,761,764,2691
2712,2,42999999,0,user_5,761,764,2691
2715,3,42999999,0,user_10,761,764,2691
2668,4,30000000,0,user_14,760,764,
2675,5,6300000,0,user_18,760,764,
2853,6,6100000,0,user_30,763,764,
2694,7,5000000,959000,user_40,760,764,
2673,8,5000000,0,user_17,760,764,
2867,9,5000000,0,user_47,763,764,
2771,10,4999999,0,user_6,762,764,2694
2704,11,4200000,0,user_48,760,764,
2796,12,2100000,0,user_32,762,764,
2727,13,2000001,0,user_19,761,764,2667
2770,14,2000001,0,user_6,762,764,2667
2709,15,1999999,0,user_5,761,764,2667
2710,16,1999999,0,user_5,761,764,2667
2766,17,1999999,0,user_3,762,764,2667
2723,18,1999999,0,user_16,761,764,2667
2716,19,1999999,0,user_10,761,764,2667
2717,20,1999999,0,user_10,761,764,2667
2713,21,1900001,0,user_7,761,764,2656
2718,22,1900001,0,user_11,761,764,2656
2720,23,1900001,0,user_13,761,764,2656
2679,24,1900000,0,user_22,760,764,
2669,25,1899999,0,user_16,760,764,2656
2735,26,1700000,100000,user_26,761,764,
2698,27,1500000,0,user_44,760,764,
2671,28,1500000,0,user_17,760,764,
2695,29,1500000,0,user_41,760,764,
2845,30,1500000,0,user_24,763,764,
2856,31,1300000,0,user_35,763,764,
2832,32,1299999,0,user_15,763,764,2811
2702,33,1200000,0,user_46,760,764,
2848,34,1200000,0,user_25,763,764,
2822,35,1000001,0,user_2,763,764,2734
2734,36,1000000,121000,user_26,761,764,
2714,37,660000,0,user_8,761,764,
2676,38,600000,6390,user_20,760,764,
2772,39,599999,0,user_7,762,764,2676
2674,40,460000,0,user_17,760,764,
2857,41,460000,0,user_35,763,764,
2749,42,420000,0,user_40,761,764,
2683,43,420000,0,user_28,760,764,
2696,44,420000,0,user_43,760,764,
2842,45,420000,0,user_21,763,764,
2684,46,370000,0,user_29,760,764,
2721,47,350000,0,user_14,761,764,
2663,48,340000,0,user_10,760,764,
2855,49,310000,0,user_35,763,764,
2670,50,260000,0,user_17,760,764,
2769,51,220001,0,user_5,762,764,2697
2697,52,220000,410000,user_44,760,764,
2854,53,220000,0,user_31,763,764,
2726,54,219999,0,user_19,761,764,2697
2701,55,170000,0,user_46,760,764,
2689,56,160000,0,user_34,760,764,
2852,57,160000,0,user_30,763,764,
2665,58,110000,0,user_12,760,764,
2846,59,98000,0,user_24,763,764,
2847,60,87000,0,user_25,763,764,
2899,61,84001,0,user_0,764,764,2797
2900,62,84001,0,user_1,764,764,2797
2797,63,84000,108000,user_32,762,764,
2767,64,83001,0,user_4,762,764,2661
2681,65,83000,0,user_26,760,764,
2661,66,83000,68100,user_8,760,764,
2768,67,82999,0,user_4,762,764,2661
2739,68,77000,17000,user_29,761,764,
2672,69,73000,0,user_17,760,764,
2827,0,42999999,0,user_10,763,766,2691
2798,1,30000000,0,user_34,762,766,
2728,2,27000000,0,user_20,761,766,
2732,5,19000000,0,user_23,761,766,
2789,7,5200000,0,user_26,762,766,
2979,8,5000001,0,user_2,765,766,2694
2902,11,4999999,0,user_3,764,766,2694
2844,13,3500000,0,user_22,763,766,
2851,18,2300000,0,user_29,763,766,
2828,22,2000001,0,user_10,763,766,2667
2805,25,1900000,0,user_41,762,766,
2724,27,1899999,0,user_17,761,766,2656
2903,30,1700001,0,user_3,764,766,2735
2904,31,1700001,0,user_4,764,766,2735
2907,32,1700001,0,user_4,764,766,2735
2908,33,1700001,0,user_4,764,766,2735
2840,34,1700001,0,user_19,763,766,2735
2912,35,1700001,0,user_5,764,766,2735
2837,36,1700001,0,user_18,763,766,2735
2918,37,1700001,0,user_11,764,766,2735
2920,38,1700001,0,user_13,764,766,2735
2905,39,1699999,0,user_4,764,766,2735
2911,40,1699999,0,user_5,764,766,2735
2913,41,1699999,0,user_5,764,766,2735
2914,42,1699999,0,user_6,764,766,2735
2915,43,1699999,0,user_7,764,766,2735
2835,44,1699999,0,user_18,763,766,2735
2754,45,1500000,0,user_43,761,766,
2826,51,1000001,0,user_8,763,766,2734
2831,52,1000001,0,user_12,763,766,2734
2777,53,1000001,0,user_16,762,766,2734
2778,54,1000001,0,user_16,762,766,2734
2779,56,999999,0,user_19,762,766,2734
2839,57,999999,0,user_19,763,766,2734
2910,58,999999,0,user_5,764,766,2734
2836,59,999999,0,user_18,763,766,2734
2859,60,870000,0,user_40,763,766,
2751,62,650000,0,user_41,761,766,
2692,63,630000,0,user_38,760,766,
2860,64,460000,0,user_40,763,766,
2729,65,420000,0,user_20,761,766,
2780,66,420000,0,user_20,762,766,
2807,67,350000,0,user_43,762,766,
3038,43,310001,0,builder_2,765,765,2757
2757,68,310000,35600,user_48,761,766,
2866,72,260000,0,user_46,763,766,
2843,73,240000,0,user_22,763,766,
2909,74,220001,0,user_5,764,766,2697
2738,76,220000,0,user_28,761,766,
2750,77,220000,0,user_41,761,766,
2809,79,170000,0,user_44,762,766,
2791,80,150000,0,user_28,762,766,
2755,81,120000,0,user_44,761,766,
2849,82,110000,0,user_26,763,766,
2752,83,110000,0,user_41,761,766,
2737,84,100000,0,user_28,761,766,
2838,86,87001,0,user_18,763,766,2782
2906,91,84001,0,user_4,764,766,2797
2753,97,77000,0,user_41,761,766,
2808,98,77000,0,user_43,762,766,
2850,60,70000,0,user_29,763,765,
2827,0,42999999,0,user_10,763,766,2691
2798,1,30000000,0,user_34,762,766,
2728,2,27000000,0,user_20,761,766,
3035,3,27000000,0,user_47,765,766,
2934,4,19000000,0,user_25,764,766,
2732,5,19000000,0,user_23,761,766,
2947,6,5200000,0,user_33,764,766,
2789,7,5200000,0,user_26,762,766,
2979,8,5000001,0,user_2,765,766,2694
2994,9,5000001,0,user_15,765,766,2694
2829,10,4999999,0,user_11,763,766,2694
2902,11,4999999,0,user_3,764,766,2694
2993,12,4999999,0,user_15,765,766,2694
2844,13,3500000,0,user_22,763,766,
3021,14,3500000,0,user_37,765,766,
2792,15,3200000,0,user_29,762,766,
2804,16,2600000,32900,user_40,762,766,
2995,17,2300001,0,user_15,765,766,2946
2851,18,2300000,0,user_29,763,766,
2946,19,2300000,510000,user_32,764,766,
2991,20,2299999,0,user_15,765,766,2946
2992,21,2299999,0,user_15,765,766,2946
2828,22,2000001,0,user_10,763,766,2667
3018,23,2000000,0,user_33,765,766,
3019,24,2000000,24700,user_35,765,766,
2805,25,1900000,0,user_41,762,766,
2725,26,1899999,0,user_18,761,766,2656
2724,27,1899999,0,user_17,761,766,2656
2825,28,1700001,0,user_6,763,766,2735
2830,29,1700001,0,user_11,763,766,2735
2903,30,1700001,0,user_3,764,766,2735
2904,31,1700001,0,user_4,764,766,2735
2907,32,1700001,0,user_4,764,766,2735
2908,33,1700001,0,user_4,764,766,2735
2840,34,1700001,0,user_19,763,766,2735
2912,35,1700001,0,user_5,764,766,2735
2837,36,1700001,0,user_18,763,766,2735
2918,37,1700001,0,user_11,764,766,2735
2920,38,1700001,0,user_13,764,766,2735
2905,39,1699999,0,user_4,764,766,2735
2911,40,1699999,0,user_5,764,766,2735
2913,41,1699999,0,user_5,764,766,2735
2914,42,1699999,0,user_6,764,766,2735
2915,43,1699999,0,user_7,764,766,2735
2835,44,1699999,0,user_18,763,766,2735
2754,45,1500000,0,user_43,761,766,
2945,46,1500000,0,user_32,764,766,
3007,47,1400000,35100,user_24,765,766,
2950,48,1200000,49100,user_35,764,766,
2823,49,1000001,0,user_3,763,766,2734
2824,50,1000001,0,user_4,763,766,2734
2826,51,1000001,0,user_8,763,766,2734
2831,52,1000001,0,user_12,763,766,2734
2777,53,1000001,0,user_16,762,766,2734
2778,54,1000001,0,user_16,762,766,2734
3009,55,1000000,0,user_24,765,766,
2779,56,999999,0,user_19,762,766,2734
2839,57,999999,0,user_19,763,766,2734
2910,58,999999,0,user_5,764,766,2734
2836,59,999999,0,user_18,763,766,2734
2859,60,870000,0,user_40,763,766,
3008,61,660000,0,user_24,765,766,
2751,62,650000,0,user_41,761,766,
2692,63,630000,0,user_38,760,766,
2860,64,460000,0,user_40,763,766,
2729,65,420000,0,user_20,761,766,
2780,66,420000,0,user_20,762,766,
2807,67,350000,0,user_43,762,766,
2757,68,310000,35600,user_48,761,766,
3017,69,310000,0,user_31,765,766,
3016,70,300000,0,user_31,765,766,
2959,71,260000,0,user_47,764,766,
2866,72,260000,0,user_46,763,766,
2843,73,240000,0,user_22,763,766,
2909,74,220001,0,user_5,764,766,2697
3040,75,220001,0,user_1,766,766,2697
2738,76,220000,0,user_28,761,766,
2750,77,220000,0,user_41,761,766,
3010,78,220000,10700,user_25,765,766,
2809,79,170000,0,user_44,762,766,
2791,80,150000,0,user_28,762,766,
2755,81,120000,0,user_44,761,766,
2849,82,110000,0,user_26,763,766,
2752,83,110000,0,user_41,761,766,
2737,84,100000,0,user_28,761,766,
2922,85,87001,0,user_15,764,766,2782
2838,86,87001,0,user_18,763,766,2782
3011,87,87000,1100000,user_25,765,766,
2978,88,86999,0,user_0,765,766,2782
2949,89,85000,0,user_35,764,766,
2923,90,84001,0,user_15,764,766,2797
2906,91,84001,0,user_4,764,766,2797
2901,92,83999,0,user_2,764,766,2797
2916,93,83999,0,user_9,764,766,2797
3039,94,83999,0,user_0,766,766,2797
2775,95,82999,0,user_12,762,766,2661
2931,96,80000,1100000,user_21,764,766,
2753,97,77000,0,user_41,761,766,
2808,98,77000,0,user_43,762,766,
3005,99,77000,0,user_21,765,766,
3041,0,5000001,0,user_2,766,767,2694
3062,1,5000000,0,user_25,766,767,
3066,2,2300000,0,user_33,766,767,
2833,3,1899999,0,user_17,763,767,2656
2834,4,1899999,0,user_17,763,767,2656
2928,5,1700001,0,user_16,764,767,2735
2983,6,1700001,0,user_7,765,767,2735
2929,7,1700001,0,user_18,764,767,2735
2984,8,1700001,0,user_11,765,767,2735
2921,9,1699999,0,user_14,764,767,2735
2980,10,1699999,0,user_4,765,767,2735
2924,11,1699999,0,user_16,764,767,2735
2926,12,1699999,0,user_16,764,767,2735
2927,13,1699999,0,user_16,764,767,2735
2982,14,1699999,0,user_5,765,767,2735
2917,15,1699999,0,user_10,764,767,2735
2985,16,1699999,0,user_11,765,767,2735
2986,17,1699999,0,user_11,765,767,2735
2989,18,1699999,0,user_13,765,767,2735
2935,19,910000,0,user_26,764,767,
2861,20,870000,30200,user_41,763,767,
2813,21,460000,0,user_49,762,767,
2863,22,260000,0,user_43,763,767,
2981,23,220001,0,user_4,765,767,2697
2919,24,219999,0,user_12,764,767,2697
3065,25,190000,0,user_31,766,767,
2943,26,170000,6390,user_29,764,767,
2802,27,170000,0,user_38,762,767,
2841,28,150000,10700,user_20,763,767,
2944,29,120000,0,user_29,764,767,
2758,30,100000,0,user_49,761,767,
2958,31,98000,0,user_46,764,767,
2925,32,84001,0,user_16,764,767,2797
3107,33,79999,0,user_1,767,767,2931
3127,0,27000000,0,user_25,767,768,
3138,1,6100000,0,user_33,767,768,
3167,2,4999999,0,user_1,768,768,2694
2988,3,1700001,0,user_12,765,768,2735
3002,4,1700001,0,user_18,765,768,2735
2987,5,1699999,0,user_12,765,768,2735
2990,6,1699999,0,user_14,765,768,2735
3135,7,1500000,17700000,user_31,767,768,
3137,8,1100000,0,user_33,767,768,
3003,9,999999,0,user_18,765,768,2734
3134,10,650000,0,user_31,767,768,
3124,11,630000,0,user_21,767,768,
3015,12,240000,0,user_29,765,768,
3042,13,219999,0,user_3,766,768,2697
3108,14,219999,0,user_2,767,768,2697
3133,15,150000,0,user_30,767,768,
3132,16,98000,0,user_30,767,768,
3051,17,80001,0,user_11,766,768,2931
3043,18,79999,0,user_4,766,768,2931
3044,19,79999,0,user_7,766,768,2931
3071,0,27000000,322000,user_37,766,769,
3063,1,6100000,24700,user_26,766,769,
3195,2,5000000,0,user_35,768,769,
3081,3,3600000,594000,user_47,766,769,
3125,4,3600000,0,user_24,767,769,
2868,5,3500000,0,user_48,763,769,
2961,6,2600000,0,user_48,764,769,
3142,7,2500000,0,user_37,767,769,
3048,8,2300001,0,user_9,766,769,2946
3181,9,2300001,0,user_15,768,769,2946
3168,10,2299999,0,user_2,768,769,2946
3180,11,2299999,0,user_15,768,769,2946
3186,12,2100000,0,user_24,768,769,
3126,13,1800000,0,user_24,767,769,
2996,14,1699999,0,user_16,765,769,2735
2998,15,1699999,0,user_16,765,769,2735
2999,16,1699999,0,user_16,765,769,2735
3000,17,1699999,0,user_16,765,769,2735
3004,18,1699999,0,user_19,765,769,2735
3058,19,1699999,0,user_19,766,769,2735
2957,20,1500000,15700,user_44,764,769,
3060,21,1500000,0,user_24,766,769,
3151,22,1500000,0,user_47,767,769,
3072,23,1400000,0,user_37,766,769,
2948,24,1200000,0,user_34,764,769,
2956,25,1000000,11200,user_44,764,769,
3013,26,1000000,0,user_26,765,769,
3054,27,999999,0,user_16,766,769,2734
3047,28,999999,0,user_9,766,769,2734
3049,29,999999,0,user_9,766,769,2734
3053,30,999999,0,user_15,766,769,2734
3115,31,999999,0,user_9,767,769,2734
2960,32,670000,0,user_48,764,769,
3036,33,660000,0,user_48,765,769,
3190,34,660000,0,user_30,768,769,
3069,35,630000,0,user_35,766,769,
3136,36,530000,296000,user_32,767,769,
3187,37,530000,0,user_24,768,769,
3191,38,460000,10700,user_31,768,769,
3068,39,420000,769000,user_35,766,769,
3220,40,419999,0,user_1,769,769,3068
3197,41,300000,0,user_37,768,769,
3111,42,220001,0,user_4,767,769,2697
3112,43,220001,0,user_5,767,769,2697
3109,44,219999,0,user_3,767,769,2697
3045,45,219999,0,user_8,766,769,2697
3110,46,219999,0,user_4,767,769,2697
3113,47,219999,0,user_7,767,769,2697
3080,48,150000,0,user_46,766,769,
2962,49,120000,0,user_48,764,769,
3012,50,120000,0,user_26,765,769,
3061,51,110000,0,user_24,766,769,
3070,52,85000,5180,user_37,766,769,
2997,53,84001,0,user_16,765,769,2797
3173,54,84001,0,user_9,768,769,2797
3050,55,83999,0,user_9,766,769,2797
3046,56,80001,0,user_8,766,769,2931
3219,57,80001,0,user_0,769,769,2931
3052,58,79999,0,user_14,766,769,2931
3064,59,73000,0,user_26,766,769,
3239,0,2300000,0,user_25,769,770,
3252,1,2100000,369000,user_37,769,770,
3271,2,1100000,31700,user_47,769,770,
3244,3,1000000,0,user_30,769,770,
3248,4,530000,0,user_35,769,770,
3274,5,420001,0,user_0,770,770,3068
3226,6,419999,0,user_9,769,770,3068
3275,7,419999,0,user_1,770,770,3068
3247,8,340000,0,user_35,769,770,
3237,9,87000,10700,user_21,769,770,
3227,10,86999,0,user_9,769,770,3011
3192,0,5200000,0,user_32,768,771,
3280,1,5000001,0,user_9,770,771,2694
3297,2,5000000,0,user_21,770,771,
3330,3,4999999,0,user_1,771,771,2694
3311,4,2500000,0,user_37,770,771,
3304,5,2400000,0,user_31,770,771,
3300,6,1600000,75000,user_24,770,771,
3193,7,1400000,0,user_32,768,771,
3310,8,1400000,0,user_35,770,771,
3326,9,1100000,0,user_47,770,771,
3305,10,630000,0,user_31,770,771,
3307,11,420000,0,user_33,770,771,
3291,12,419999,0,user_15,770,771,3068
3245,13,170000,0,user_32,769,771,
3303,14,110000,0,user_30,770,771,
3328,15,86999,0,user_0,771,771,3011
3329,16,86999,0,user_1,771,771,3011
3256,0,43000000,0,user_40,769,773,
3464,1,30000001,0,builder_2,772,772,2941
2941,1,30000000,68100,user_28,764,773,
2955,3,6100000,0,user_43,764,773,
3333,7,5000001,0,user_7,771,773,2694
3338,8,5000001,0,user_11,771,773,2694
3388,9,5000001,0,user_2,772,773,2694
3465,7,3500001,0,builder_2,772,772,2869
2869,18,3500000,16400,user_49,763,773,
3264,19,3500000,0,user_41,769,773,
3295,32,2300001,0,user_18,770,773,2946
3258,33,2300000,0,user_40,769,773,
3234,45,2299999,0,user_17,769,773,2946
3281,46,2299999,0,user_10,770,773,2946
3466,14,2100001,0,builder_2,772,772,3145
3145,48,2100000,128000,user_40,767,773,
3033,47,2100000,0,user_43,765,773,
3467,17,2000001,0,builder_2,772,772,3006
3006,49,2000000,5640,user_23,765,773,
3262,51,2000000,0,user_41,769,773,
2870,52,1800000,0,user_49,763,773,
3468,21,1600001,0,builder_2,772,772,3198
3198,55,1600000,15700,user_38,768,773,
3029,54,1600000,0,user_41,765,773,
3028,60,1500000,0,user_40,765,773,
3001,63,1000001,0,user_17,765,773,2734
3032,64,1000000,0,user_43,765,773,
3200,67,970000,0,user_40,768,773,
3022,74,470000,0,user_38,765,773,
3469,29,350001,0,builder_2,772,772,2858
2858,78,350000,84800,user_38,763,773,
3470,31,310001,0,builder_2,772,772,2932
2932,80,310000,7840,user_23,764,773,
3255,81,310000,0,user_40,769,773,
2953,82,300000,0,user_40,764,773,
3037,83,260000,0,user_49,765,773,
3315,84,260000,0,user_40,770,773,
3263,97,160000,15700,user_41,769,773,
3471,38,159999,0,builder_2,772,772,3263
3472,39,79001,0,builder_2,772,772,3261
3261,40,79000,84800,user_41,769,772,
2942,94,160000,0,user_28,764,773,
3031,95,160000,0,user_43,765,773,
3034,96,160000,0,user_43,765,773,
3266,98,160000,0,user_43,769,773,
2963,99,150000,0,user_49,764,773,
3260,46,150000,0,user_41,769,772,
2930,47,130000,0,user_20,764,772,
2952,48,130000,0,user_40,764,772,
3210,49,120000,0,user_49,768,772,
3238,50,110000,0,user_23,769,772,
3014,51,100000,0,user_28,765,772,
3332,52,87001,0,user_6,771,772,3011
3259,53,85000,0,user_40,769,772,
3314,54,82000,0,user_40,770,772,
3257,55,79000,0,user_40,769,772,
3236,56,70000,0,user_20,769,772,
3256,0,43000000,0,user_40,769,773,
2941,1,30000000,68100,user_28,764,773,
3422,2,19000000,0,user_30,772,773,
2955,3,6100000,0,user_43,764,773,
3055,4,5000001,0,user_17,766,773,2694
3224,5,5000001,0,user_7,769,773,2694
3331,6,5000001,0,user_2,771,773,2694
3333,7,5000001,0,user_7,771,773,2694
3338,8,5000001,0,user_11,771,773,2694
3388,9,5000001,0,user_2,772,773,2694
3473,10,5000001,0,user_1,773,773,2694
3170,11,4999999,0,user_4,768,773,2694
3117,12,4999999,0,user_10,767,773,2694
3076,13,4500000,0,user_41,766,773,
3428,14,4500000,0,user_31,772,773,
3189,15,4200000,0,user_29,768,773,
3202,16,4200000,0,user_43,768,773,
3184,17,3600000,0,user_23,768,773,
2869,18,3500000,16400,user_49,763,773,
3264,19,3500000,0,user_41,769,773,
3208,20,2600000,0,user_46,768,773,
3130,21,2400000,0,user_29,767,773,
3169,22,2300001,0,user_3,768,773,2946
3171,23,2300001,0,user_7,768,773,2946
3172,24,2300001,0,user_7,768,773,2946
3175,25,2300001,0,user_11,768,773,2946
3229,26,2300001,0,user_12,769,773,2946
3183,27,2300001,0,user_18,768,773,2946
3283,28,2300001,0,user_11,770,773,2946
3284,29,2300001,0,user_11,770,773,2946
3286,30,2300001,0,user_11,770,773,2946
3289,31,2300001,0,user_13,770,773,2946
3295,32,2300001,0,user_18,770,773,2946
3258,33,2300000,0,user_40,769,773,
3118,34,2299999,0,user_12,767,773,2946
3176,35,2299999,0,user_13,768,773,2946
3177,36,2299999,0,user_13,768,773,2946
3178,37,2299999,0,user_14,768,773,2946
3222,38,2299999,0,user_7,769,773,2946
3223,39,2299999,0,user_7,769,773,2946
3230,40,2299999,0,user_13,769,773,2946
3225,41,2299999,0,user_8,769,773,2946
3232,42,2299999,0,user_14,769,773,2946
3277,43,2299999,0,user_7,770,773,2946
3288,44,2299999,0,user_13,770,773,2946
3234,45,2299999,0,user_17,769,773,2946
3281,46,2299999,0,user_10,770,773,2946
3033,47,2100000,0,user_43,765,773,
3145,48,2100000,128000,user_40,767,773,
3006,49,2000000,5640,user_23,765,773,
3059,50,2000000,11200,user_20,766,773,
3262,51,2000000,0,user_41,769,773,
2870,52,1800000,0,user_49,763,773,
3206,53,1700000,0,user_46,768,773,
3029,54,1600000,0,user_41,765,773,
3198,55,1600000,15700,user_38,768,773,
3221,56,1500001,0,user_4,769,773,3135
3231,57,1500001,0,user_13,769,773,3135
3282,58,1500001,0,user_11,770,773,3135
3285,59,1500001,0,user_11,770,773,3135
3028,60,1500000,0,user_40,765,773,
3387,61,1499999,0,user_0,772,773,3135
3358,62,1400000,0,user_37,771,773,
3001,63,1000001,0,user_17,765,773,2734
3032,64,1000000,0,user_43,765,773,
3371,65,1000000,0,user_47,771,773,
3424,66,1000000,0,user_30,772,773,
3200,67,970000,0,user_40,768,773,
3150,68,910000,0,user_46,767,773,
3073,69,910000,67500,user_38,766,773,
3083,70,910000,0,user_49,766,773,
3201,71,660000,0,user_41,768,773,
3131,72,630000,0,user_29,767,773,
3084,73,530000,0,user_49,766,773,
3022,74,470000,0,user_38,765,773,
3335,75,419999,0,user_9,771,773,3068
3340,76,419999,0,user_15,771,773,3068
3207,77,370000,23500,user_46,768,773,
2858,78,350000,84800,user_38,763,773,
3129,79,320000,0,user_28,767,773,
2932,80,310000,7840,user_23,764,773,
3255,81,310000,0,user_40,769,773,
2953,82,300000,0,user_40,764,773,
3037,83,260000,0,user_49,765,773,
3315,84,260000,0,user_40,770,773,
3123,85,240000,84800,user_20,767,773,
3114,86,220001,0,user_8,767,773,2697
3116,87,220001,0,user_10,767,773,2697
3057,88,220001,0,user_18,766,773,2697
3120,89,220001,0,user_18,767,773,2697
3078,90,220000,0,user_43,766,773,
3306,91,220000,0,user_32,770,773,
3357,92,220000,0,user_37,771,773,
3415,93,190000,0,user_25,772,773,
2942,94,160000,0,user_28,764,773,
3031,95,160000,0,user_43,765,773,
3034,96,160000,0,user_43,765,773,
3263,97,160000,15700,user_41,769,773,
3266,98,160000,0,user_43,769,773,
2963,99,150000,0,user_49,764,773,
3085,0,150000,0,user_49,766,774,
3086,1,130000,0,user_49,766,774,
3146,2,120000,0,user_41,767,774,
3153,3,100000,0,user_49,767,774,
3087,4,83000,13900,user_49,766,774,
3056,5,80001,0,user_18,766,774,2931
3143,6,70000,15700,user_38,767,774,
3494,3,6300000,0,user_23,773,779,
3401,17,5000001,0,user_14,772,777,2694
3402,18,5000001,0,user_14,772,777,2694
3547,19,5000001,0,user_2,774,777,2694
3613,18,5000001,0,user_10,775,779,2694
3396,25,4999999,0,user_8,772,777,2694
3399,26,4999999,0,user_12,772,777,2694
3477,27,4999999,0,user_4,773,777,2694
3552,31,4999999,0,user_7,774,779,2694
3148,31,4500000,0,user_44,767,777,
3563,58,2100000,0,user_20,774,779,
3475,52,1500001,0,user_3,773,777,3135
3486,53,1500001,0,user_13,773,777,3135
3611,65,1500001,0,user_7,775,779,3135
3567,76,1300000,0,user_23,774,779,
3561,81,1100000,0,user_20,774,779,
3517,84,1000000,0,user_41,773,779,
3590,85,1000000,0,user_43,774,779,
3571,94,910000,0,user_28,774,779,
3564,98,670000,36800,user_20,774,779,
3152,71,650000,8520,user_48,767,777,
3128,76,530000,0,user_26,767,777,
3432,22,460000,100000,user_38,772,775,
3500,23,260000,0,user_28,773,775,
3082,92,240000,0,user_48,766,777,
3412,93,240000,0,user_22,772,777,
3119,97,219999,0,user_16,767,777,2697
3121,98,219999,0,user_19,767,777,2697
3067,28,170000,0,user_34,766,775,
3562,29,170000,0,user_20,774,775,
3588,30,170000,12300,user_41,774,775,
3373,31,150000,0,user_49,771,775,
3560,32,150000,0,user_20,774,775,
3359,33,110000,0,user_38,771,775,
3482,34,87001,0,user_11,773,775,3011
3551,35,87001,0,user_7,774,775,3011
3495,36,83000,0,user_23,773,775,
3122,37,79999,0,user_19,767,775,2931
3490,38,77001,0,user_17,773,775,3243
3476,39,77001,0,user_3,773,775,3243
3585,1,19000000,369000,user_38,774,779,
3623,24,5000001,0,user_17,775,779,2694
3668,47,4999999,0,user_10,776,779,2694
3513,49,4500000,0,user_38,773,779,
3514,60,1900000,0,user_38,773,779,
3584,67,1500000,0,user_38,774,779,
3622,72,1499999,0,user_17,775,779,3135
3665,70,1499999,0,user_7,776,779,3135
3581,86,1000000,0,user_38,774,779,
3652,9,370000,769000,user_43,775,776,
3582,10,220000,0,user_38,774,776,
3649,11,120000,0,user_41,775,776,
3583,12,110000,0,user_38,774,776,
3512,13,85000,108000,user_38,773,776,
3529,14,77000,0,user_49,773,776,
3508,0,43000000,0,user_35,773,777,
3299,1,27000000,0,user_23,770,777,
3687,2,27000000,0,user_21,776,777,
3565,3,6300000,231000,user_21,774,777,
3578,4,6300000,12800,user_33,774,777,
3496,5,6100000,7190000,user_25,773,777,
3691,6,6100000,0,user_25,776,777,
3390,7,5000001,0,user_3,772,777,2694
3391,8,5000001,0,user_3,772,777,2694
3278,9,5000001,0,user_8,770,777,2694
3287,10,5000001,0,user_12,770,777,2694
3334,11,5000001,0,user_8,771,777,2694
3336,12,5000001,0,user_10,771,777,2694
3337,13,5000001,0,user_10,771,777,2694
3344,14,5000001,0,user_18,771,777,2694
3400,15,5000001,0,user_13,772,777,2694
3546,16,5000001,0,user_0,774,777,2694
3401,17,5000001,0,user_14,772,777,2694
3402,18,5000001,0,user_14,772,777,2694
3547,19,5000001,0,user_2,774,777,2694
3558,20,5000001,0,user_15,774,777,2694
3617,21,5000001,0,user_15,775,777,2694
3308,22,5000000,0,user_34,770,777,
3393,23,4999999,0,user_5,772,777,2694
3474,24,4999999,0,user_2,773,777,2694
3396,25,4999999,0,user_8,772,777,2694
3399,26,4999999,0,user_12,772,777,2694
3477,27,4999999,0,user_4,773,777,2694
3612,28,4999999,0,user_9,775,777,2694
3659,29,4999999,0,user_0,776,777,2694
3683,30,4999999,0,user_15,776,777,2694
3148,31,4500000,0,user_44,767,777,
3572,32,4500000,0,user_30,774,777,
3429,33,3600000,0,user_35,772,777,
3577,34,3600000,0,user_33,774,777,
3635,35,3600000,350000,user_31,775,777,
3188,36,3500000,0,user_26,768,777,
3704,37,3500000,0,user_35,776,777,
3506,38,3200000,0,user_33,773,777,
3575,39,2600000,0,user_32,774,777,
3700,40,2600000,64600,user_33,776,777,
3293,41,2300001,0,user_17,770,777,2946
3351,42,2300000,181000,user_29,771,777,
3568,43,2300000,0,user_24,774,777,
3345,44,2299999,0,user_19,771,777,2946
3294,45,2299999,0,user_17,770,777,2946
3636,46,2100000,0,user_31,775,777,
3302,47,2000000,0,user_28,770,777,
3643,48,2000000,0,user_35,775,777,
3194,49,1900000,0,user_34,768,777,
3322,50,1600000,0,user_44,770,777,
3395,51,1500001,0,user_7,772,777,3135
3475,52,1500001,0,user_3,773,777,3135
3486,53,1500001,0,user_13,773,777,3135
3602,54,1500001,0,user_0,775,777,3135
3722,55,1500001,0,user_1,777,777,3135
3628,56,1500000,0,user_24,775,777,
3392,57,1499999,0,user_4,772,777,3135
3717,58,1499999,0,user_0,777,777,3135
3719,59,1499999,0,user_1,777,777,3135
3370,60,1400000,0,user_46,771,777,
3272,61,1400000,18600,user_48,769,777,
3497,62,1400000,0,user_25,773,777,
3629,63,1400000,0,user_25,775,777,
3639,64,1200000,0,user_31,775,777,
3309,65,1100000,0,user_34,770,777,
3323,66,1000000,0,user_44,770,777,
3574,67,1000000,0,user_31,774,777,
3644,68,1000000,33100,user_37,775,777,
3431,69,970000,0,user_37,772,777,
3573,70,660000,0,user_30,774,777,
3152,71,650000,8520,user_48,767,777,
3354,72,630000,0,user_32,771,777,
3209,73,600000,0,user_48,768,777,
3688,74,600000,0,user_21,776,777,
3703,75,600000,0,user_35,776,777,
3128,76,530000,0,user_26,767,777,
3348,77,530000,285000,user_26,771,777,
3406,78,420001,0,user_15,772,777,3068
3488,79,420001,0,user_15,773,777,3068
3566,80,420000,0,user_21,774,777,
3594,81,420000,0,user_47,774,777,
3701,82,420000,36800,user_33,776,777,
3397,83,419999,0,user_9,772,777,3068
3403,84,419999,0,user_15,772,777,3068
3404,85,419999,0,user_15,772,777,3068
3246,86,360000,0,user_34,769,777,
3503,87,360000,12300,user_30,773,777,
3630,88,340000,0,user_25,775,777,
3640,89,340000,0,user_33,775,777,
3316,90,310000,0,user_41,770,777,
3240,91,260000,0,user_26,769,777,
3082,92,240000,0,user_48,766,777,
3412,93,240000,0,user_22,772,777,
3235,94,220001,0,user_19,769,777,2697
3341,95,220001,0,user_16,771,777,2697
3325,96,220000,0,user_46,770,777,
3119,97,219999,0,user_16,767,777,2697
3121,98,219999,0,user_19,767,777,2697
3233,99,219999,0,user_16,769,777,2697
3292,0,219999,0,user_16,770,778,2697
3296,1,219999,0,user_19,770,778,2697
3298,2,160000,0,user_22,770,778,
3273,3,160000,0,user_49,769,778,
3253,4,100000,0,user_38,769,778,
3339,5,86999,0,user_12,771,778,3011
3241,6,85000,0,user_26,769,778,
3347,7,83000,0,user_26,771,778,
3279,8,77001,0,user_8,770,778,3243
3290,9,76999,0,user_14,770,778,3243
3352,10,70000,0,user_29,771,778,
3416,0,43000000,0,user_26,772,779,
3585,1,19000000,369000,user_38,774,779,
3815,2,19000000,0,user_31,778,779,
3494,3,6300000,0,user_23,773,779,
3769,4,6100001,0,user_2,778,779,3496
3436,5,6100000,0,user_44,772,779,
3484,6,5000001,0,user_12,773,779,2694
3343,7,5000001,0,user_17,771,779,2694
3481,8,5000001,0,user_10,773,779,2694
3554,9,5000001,0,user_11,774,779,2694
3616,10,5000001,0,user_13,775,779,2694
3614,11,5000001,0,user_12,775,779,2694
3660,12,5000001,0,user_4,776,779,2694
3662,13,5000001,0,user_4,776,779,2694
3618,14,5000001,0,user_16,775,779,2694
3619,15,5000001,0,user_16,775,779,2694
3621,16,5000001,0,user_16,775,779,2694
3663,17,5000001,0,user_5,776,779,2694
3613,18,5000001,0,user_10,775,779,2694
3671,19,5000001,0,user_11,776,779,2694
3677,20,5000001,0,user_13,776,779,2694
3723,21,5000001,0,user_3,777,779,2694
3724,22,5000001,0,user_5,777,779,2694
3725,23,5000001,0,user_5,777,779,2694
3623,24,5000001,0,user_17,775,779,2694
3743,25,5000000,0,user_21,777,779,
3548,26,4999999,0,user_3,774,779,2694
3479,27,4999999,0,user_8,773,779,2694
3485,28,4999999,0,user_12,773,779,2694
3549,29,4999999,0,user_4,774,779,2694
3480,30,4999999,0,user_10,773,779,2694
3552,31,4999999,0,user_7,774,779,2694
3491,32,4999999,0,user_18,773,779,2694
3555,33,4999999,0,user_13,774,779,2694
3556,34,4999999,0,user_13,774,779,2694
3553,35,4999999,0,user_8,774,779,2694
3606,36,4999999,0,user_5,775,779,2694
3607,37,4999999,0,user_6,775,779,2694
3615,38,4999999,0,user_12,775,779,2694
3661,39,4999999,0,user_4,776,779,2694
3620,40,4999999,0,user_16,775,779,2694
3625,41,4999999,0,user_19,775,779,2694
3664,42,4999999,0,user_6,776,779,2694
3669,43,4999999,0,user_11,776,779,2694
3670,44,4999999,0,user_11,776,779,2694
3673,45,4999999,0,user_13,776,779,2694
3676,46,4999999,0,user_13,776,779,2694
3668,47,4999999,0,user_10,776,779,2694
3726,48,4999999,0,user_7,777,779,2694
3513,49,4500000,0,user_38,773,779,
3437,50,4200000,0,user_44,772,779,
3356,51,3600000,0,user_34,771,779,
3758,52,3500000,5630,user_37,777,779,
3501,53,3500000,0,user_29,773,779,
3367,54,2600000,0,user_43,771,779,
3365,55,2500000,0,user_43,771,779,
3817,56,2500000,0,user_31,778,779,
3634,57,2300000,13900,user_29,775,779,
3563,58,2100000,0,user_20,774,779,
3372,59,2000000,0,user_48,771,779,
3514,60,1900000,0,user_38,773,779,
3595,61,1800000,24700,user_48,774,779,
3493,62,1600000,35100,user_22,773,779,
3362,63,1600000,0,user_41,771,779,
3735,64,1500001,0,user_15,777,779,3135
3611,65,1500001,0,user_7,775,779,3135
3672,66,1500001,0,user_11,776,779,3135
3584,67,1500000,0,user_38,774,779,
3550,68,1499999,0,user_5,774,779,3135
3559,69,1499999,0,user_19,774,779,3135
3665,70,1499999,0,user_7,776,779,3135
3684,71,1499999,0,user_16,776,779,3135
3622,72,1499999,0,user_17,775,779,3135
3355,73,1400000,0,user_34,771,779,
3502,74,1300000,121000,user_29,773,779,
3525,75,1300000,0,user_44,773,779,
3567,76,1300000,0,user_23,774,779,
3410,77,1200000,0,user_20,772,779,
3754,78,1100000,0,user_31,777,779,
3435,79,1100000,0,user_41,772,779,
3648,80,1100000,0,user_40,775,779,
3561,81,1100000,0,user_20,774,779,
3327,82,1000000,0,user_49,770,779,
3413,83,1000000,215000,user_23,772,779,
3517,84,1000000,0,user_41,773,779,
3590,85,1000000,0,user_43,774,779,
3581,86,1000000,0,user_38,774,779,
3802,87,1000000,0,user_25,778,779,
3814,88,1000000,33300,user_30,778,779,
3821,89,1000000,0,user_35,778,779,
3746,90,970000,0,user_24,777,779,
3408,91,970000,0,user_20,772,779,
3692,92,970000,0,user_26,776,779,
3818,93,970000,3130,user_31,778,779,
3571,94,910000,0,user_28,774,779,
3753,95,870000,0,user_30,777,779,
3747,96,870000,0,user_24,777,779,
3587,97,670000,0,user_40,774,779,
3564,98,670000,36800,user_20,774,779,
3627,99,600000,0,user_22,775,779,
3961,0,470000,0,user_1,780,780,
3984,0,6100000,0,user_31,780,781,
3962,1,3600000,0,user_2,780,781,
3963,2,2500000,0,user_2,780,781,
3986,3,1500000,0,user_33,780,781,
3964,4,970000,0,user_2,780,781,
3965,5,240000,195000,user_2,780,781,
4004,6,239999,0,user_1,781,781,3965
3988,0,30000000,0,user_35,780,782,
3973,1,19000000,0,user_15,780,782,
3991,2,3600000,0,user_37,780,782,
4024,3,2500000,0,user_25,781,782,
3985,4,2100000,0,user_32,780,782,
4046,5,1400001,0,user_0,782,782,4010
4010,6,1400000,64600,user_9,781,782,
4022,7,650000,0,user_21,781,782,
3979,8,470000,18600,user_24,780,782,
4014,9,460000,0,user_15,781,782,
4030,10,340000,0,user_31,781,782,
4047,11,240001,0,user_1,782,782,3965
4048,12,240001,0,user_1,782,782,3965
4049,13,240001,0,user_1,782,782,3965
4050,14,239999,0,user_1,782,782,3965
4023,15,220000,0,user_24,781,782,
4013,16,160000,0,user_15,781,782,
4029,17,150000,0,user_30,781,782,
4032,18,150000,0,user_33,781,782,
3990,19,84000,0,user_37,780,782,
4068,19,27000000,0,user_20,782,789,
4076,27,5000000,108000,user_28,782,789,
4102,40,2100000,0,user_43,782,789,
4098,81,910000,0,user_41,782,789,
4044,96,420000,0,user_49,781,789,
4101,5,350000,0,user_43,782,783,
4036,6,260000,0,user_38,781,783,
4064,7,240001,0,user_17,782,783,3965
4122,8,240001,0,user_10,783,783,3965
4119,9,239999,0,user_7,783,783,3965
4080,0,4200000,31700,user_33,782,784,
4139,1,3500000,0,user_25,783,784,
4144,2,2100000,1100000,user_30,783,784,
4079,3,530000,0,user_31,782,784,
4145,4,530000,0,user_31,783,784,
4168,5,239999,0,user_1,784,784,3965
4146,6,170000,0,user_33,783,784,
4069,7,150000,0,user_21,782,784,
4083,8,130000,0,user_33,782,784,
4073,9,110000,0,user_25,782,784,
4131,10,100000,0,user_21,783,784,
4081,11,82000,0,user_33,782,784,
4082,12,79000,0,user_33,782,784,
4070,13,70000,0,user_21,782,784,
4224,13,27000001,0,user_7,785,789,4017
4186,69,1300000,0,user_23,784,789,
4184,2,360000,0,user_20,784,785,
4225,3,220001,0,user_7,785,785,4157
4229,4,219999,0,user_10,785,785,4157
4205,5,120000,0,user_43,784,785,
4165,0,6100000,0,user_47,783,786,
4088,1,5000000,0,user_35,782,786,
4200,2,4500000,0,user_33,784,786,
4152,3,3600000,0,user_37,783,786,
4211,4,3200000,0,user_47,784,786,
4282,5,2100001,0,user_1,786,786,4144
4215,6,2099999,0,user_0,785,786,4144
4193,7,1800000,0,user_30,784,786,
4197,8,1800000,0,user_33,784,786,
4199,9,1600000,0,user_33,784,786,
4203,10,1600000,0,user_35,784,786,
4110,11,1500000,0,user_47,782,786,
4091,12,1400000,56200,user_37,782,786,
4252,13,1100000,0,user_31,785,786,
4072,14,1000000,0,user_24,782,786,
4187,15,1000000,0,user_24,784,786,
4194,16,870000,0,user_30,784,786,
4188,17,650000,0,user_25,784,786,
4256,18,650000,0,user_33,785,786,
4255,19,600000,49100,user_33,785,786,
4126,20,470001,0,user_15,783,786,3979
4212,21,460000,0,user_47,784,786,
4113,22,420000,0,user_47,782,786,
4149,23,420000,5640,user_35,783,786,
4198,24,360000,0,user_33,784,786,
4031,25,350000,0,user_32,781,786,
4254,26,310000,108000,user_33,785,786,
4281,27,309999,0,user_1,786,786,4254
4056,28,240001,0,user_9,782,786,3965
4061,29,240001,0,user_15,782,786,3965
4178,30,240001,0,user_15,784,786,3965
4179,31,240001,0,user_15,784,786,3965
4060,32,239999,0,user_15,782,786,3965
4121,33,239999,0,user_9,783,786,3965
4172,34,239999,0,user_9,784,786,3965
4148,35,220000,0,user_35,783,786,
4111,36,170000,0,user_47,782,786,
4151,37,170000,30200,user_37,783,786,
4112,38,160000,0,user_47,782,786,
4150,39,110000,0,user_35,783,786,
4238,40,110000,34700,user_21,785,786,
4138,41,85000,0,user_24,783,786,
4090,42,83000,0,user_37,782,786,
4201,43,70000,0,user_33,784,786,
4288,0,43000001,0,user_6,786,789,4103
4294,1,43000001,0,user_13,786,789,4103
4298,2,42999999,0,user_17,786,792,4103
4231,6,42999999,0,user_16,785,789,4103
4375,7,42999999,0,user_2,787,789,4103
4230,14,27000001,0,user_12,785,789,4132
4226,21,26999999,0,user_8,785,789,4132
4251,28,5000000,0,user_29,785,789,
4271,29,5000000,0,user_46,785,789,
4330,12,2600000,23500,user_43,786,792,
3977,36,2400000,0,user_22,780,789,
4302,16,2400000,10700,user_20,786,792,
3999,47,2000000,16400,user_46,780,789,
4303,24,2000000,0,user_20,786,792,
4227,53,1999999,0,user_8,785,789,3999
3982,54,1900000,0,user_29,780,789,
3978,59,1600000,0,user_22,780,789,
3976,60,1600000,0,user_19,780,789,
4202,62,1500000,0,user_34,784,789,
4237,72,1000001,0,user_19,785,789,4213
4213,76,1000000,296000,user_48,784,789,
4381,31,999999,0,user_10,787,792,4213
3987,87,670000,0,user_34,780,789,
4327,39,670000,0,user_41,786,792,
3983,88,650000,0,user_29,780,789,
4301,48,420000,0,user_20,786,792,
3994,97,360000,0,user_40,780,789,
4240,27,350000,12800,user_22,785,787,
4304,61,340000,0,user_23,786,792,
3966,29,240001,0,user_3,780,787,3965
3967,30,240001,0,user_4,780,787,3965
3968,31,240001,0,user_8,780,787,3965
3970,32,240001,0,user_12,780,787,3965
4284,33,240001,0,user_3,786,787,3965
4285,34,240001,0,user_3,786,787,3965
4286,35,240001,0,user_4,786,787,3965
4181,36,240001,0,user_18,784,787,3965
4182,37,240001,0,user_18,784,787,3965
4292,38,240001,0,user_11,786,787,3965
3969,39,239999,0,user_11,780,787,3965
3971,40,239999,0,user_13,780,787,3965
3972,41,239999,0,user_14,780,787,3965
4233,42,239999,0,user_18,785,787,3965
4234,43,239999,0,user_18,785,787,3965
4235,44,239999,0,user_18,785,787,3965
4236,45,239999,0,user_18,785,787,3965
4379,46,220001,0,user_7,787,787,4157
4287,47,219999,0,user_5,786,787,4157
4241,48,120000,0,user_22,785,787,
4242,49,120000,0,user_22,785,787,
3975,50,110000,0,user_19,780,787,
4000,51,83000,0,user_48,780,787,
4239,52,77000,15700,user_22,785,787,
4445,0,43000001,0,user_10,788,792,4103
4299,8,42999999,0,user_18,786,789,4103
4436,9,42999999,0,user_2,788,789,4103
4390,11,3500000,0,user_20,787,792,
4444,18,2100001,0,user_10,788,792,4144
4325,86,870000,0,user_40,786,789,
4395,45,470000,0,user_23,787,792,
4400,63,340000,39400,user_28,787,792,
4393,64,310000,73100,user_20,787,792,
4293,9,240001,0,user_12,786,788,3965
4295,10,240001,0,user_14,786,788,3965
4296,11,240001,0,user_14,786,788,3965
4386,75,220001,0,user_17,787,792,4157
4377,13,220001,0,user_4,787,788,4157
4382,14,220001,0,user_11,787,788,4157
4442,73,220001,0,user_7,788,792,4157
4376,16,219999,0,user_3,787,788,4157
4378,17,219999,0,user_6,787,788,4157
4384,18,219999,0,user_13,787,788,4157
4441,79,219999,0,user_7,788,792,4157
4323,86,160000,0,user_38,786,792,
4392,88,150000,0,user_20,787,792,
4310,22,150000,0,user_29,786,788,
4389,92,120000,0,user_20,787,792,
4391,93,120000,256000,user_20,787,792,
4326,25,98000,0,user_40,786,788,
4417,98,73000,0,user_41,787,792,
4288,0,43000001,0,user_6,786,789,4103
4294,1,43000001,0,user_13,786,789,4103
4291,2,43000001,0,user_10,786,789,4103
4103,3,43000000,545000,user_44,782,789,
4183,4,42999999,0,user_19,784,789,4103
4218,5,42999999,0,user_5,785,789,4103
4231,6,42999999,0,user_16,785,789,4103
4375,7,42999999,0,user_2,787,789,4103
4299,8,42999999,0,user_18,786,789,4103
4436,9,42999999,0,user_2,788,789,4103
4135,10,30000000,0,user_23,783,789,
4411,11,30000000,0,user_37,787,789,
4171,12,27000001,0,user_7,784,789,4017
4224,13,27000001,0,user_7,785,789,4017
4230,14,27000001,0,user_12,785,789,4132
4025,15,27000000,0,user_26,781,789,
4071,16,27000000,0,user_22,782,789,
4017,17,27000000,84800,user_17,781,789,
4132,18,27000000,11200,user_22,783,789,
4068,19,27000000,0,user_20,782,789,
4057,20,26999999,0,user_10,782,789,4017
4226,21,26999999,0,user_8,785,789,4132
4129,22,19000000,0,user_20,783,789,
4243,23,19000000,39400,user_23,785,789,
4262,24,19000000,12800,user_41,785,789,
4170,25,5000001,0,user_7,784,789,4076
4174,26,5000001,0,user_10,784,789,4076
4076,27,5000000,108000,user_28,782,789,
4251,28,5000000,0,user_29,785,789,
4271,29,5000000,0,user_46,785,789,
4283,30,4999999,0,user_2,786,789,4076
4290,31,4199999,0,user_9,786,789,4080
4108,32,3500000,0,user_46,782,789,
4140,33,3500000,0,user_26,783,789,
3996,34,3200000,0,user_43,780,789,
4470,35,2500000,0,user_37,788,789,
3977,36,2400000,0,user_22,780,789,
4316,37,2300000,0,user_32,786,789,
4077,38,2100000,0,user_29,782,789,
4027,39,2100000,0,user_28,781,789,
4102,40,2100000,0,user_43,782,789,
4137,41,2100000,0,user_23,783,789,
4403,42,2100000,0,user_32,787,789,
4297,43,2099999,0,user_15,786,789,4144
4492,44,2099999,0,user_1,789,789,4144
4005,45,2000001,0,user_4,781,789,3999
4058,46,2000001,0,user_12,782,789,3999
3999,47,2000000,16400,user_46,780,789,
4106,48,2000000,0,user_46,782,789,
4266,49,2000000,0,user_41,785,789,
4464,50,2000000,0,user_30,788,789,
4009,51,1999999,0,user_8,781,789,3999
4051,52,1999999,0,user_4,782,789,3999
4227,53,1999999,0,user_8,785,789,3999
3982,54,1900000,0,user_29,780,789,
3981,55,1800000,0,user_28,780,789,
4143,56,1800000,0,user_29,783,789,
4154,57,1800000,0,user_38,783,789,
4115,58,1700000,0,user_48,782,789,
3978,59,1600000,0,user_22,780,789,
3976,60,1600000,0,user_19,780,789,
4021,61,1600000,0,user_20,781,789,
4202,62,1500000,0,user_34,784,789,
4450,63,1400001,0,user_15,788,789,4315
4311,64,1400000,0,user_30,786,789,
4306,65,1400000,0,user_24,786,789,
4315,66,1400000,181000,user_32,786,789,
4228,67,1399999,0,user_9,785,789,4091
4167,68,1300000,21800,user_48,783,789,
4186,69,1300000,0,user_23,784,789,
4312,70,1200000,0,user_30,786,789,
4162,71,1100000,0,user_44,783,789,
4237,72,1000001,0,user_19,785,789,4213
4105,73,1000000,0,user_46,782,789,
4084,74,1000000,5180,user_34,782,789,
4086,75,1000000,0,user_34,782,789,
4213,76,1000000,296000,user_48,784,789,
4214,77,1000000,0,user_49,784,789,
4459,78,1000000,0,user_24,788,789,
4166,79,970000,0,user_48,783,789,
4480,80,970000,0,user_47,788,789,
4098,81,910000,0,user_41,782,789,
4161,82,910000,0,user_43,783,789,
4314,83,910000,0,user_31,786,789,
4033,84,870000,0,user_34,781,789,
4130,85,870000,0,user_20,783,789,
4325,86,870000,0,user_40,786,789,
3987,87,670000,0,user_34,780,789,
3983,88,650000,0,user_29,780,789,
4163,89,650000,0,user_44,783,789,
4263,90,650000,0,user_41,785,789,
4423,91,600000,0,user_47,787,789,
4424,92,600000,0,user_47,787,789,
4273,93,460000,0,user_47,785,789,
4195,94,460000,0,user_32,784,789,
4204,95,460000,0,user_38,784,789,
4044,96,420000,0,user_49,781,789,
3994,97,360000,0,user_40,780,789,
4078,98,360000,0,user_29,782,789,
4039,99,360000,0,user_41,781,789,
4136,0,350000,0,user_23,783,790,
4158,1,350000,0,user_43,783,790,
4085,2,320000,0,user_34,782,790,
4059,3,310001,0,user_14,782,790,4042
4118,4,310001,0,user_4,783,790,4042
4123,5,310001,0,user_12,783,790,4042
4042,6,310000,12300,user_46,781,790,
4092,7,300000,0,user_38,782,790,
4007,8,240001,0,user_6,781,790,3965
4011,9,240001,0,user_13,781,790,3965
4012,10,240001,0,user_14,781,790,3965
4020,11,240001,0,user_19,781,790,3965
4052,12,240001,0,user_5,782,790,3965
4054,13,240001,0,user_6,782,790,3965
4124,14,240001,0,user_13,783,790,3965
4018,15,240001,0,user_18,781,790,3965
4065,16,240001,0,user_18,782,790,3965
4127,17,240001,0,user_16,783,790,3965
4128,18,240001,0,user_16,783,790,3965
4006,19,239999,0,user_5,781,790,3965
4008,20,239999,0,user_7,781,790,3965
4015,21,239999,0,user_16,781,790,3965
4019,22,239999,0,user_19,781,790,3965
4053,23,239999,0,user_6,782,790,3965
4055,24,239999,0,user_7,782,790,3965
4117,25,239999,0,user_3,783,790,3965
4062,26,239999,0,user_16,782,790,3965
4063,27,239999,0,user_16,782,790,3965
4066,28,239999,0,user_19,782,790,3965
4067,29,239999,0,user_19,782,790,3965
4028,30,220000,0,user_29,781,790,
4114,31,220000,0,user_48,782,790,
4157,32,220000,231000,user_41,783,790,
4153,33,220000,0,user_38,783,790,
4043,34,190000,0,user_46,781,790,
4125,35,160001,0,user_14,783,790,4109
4109,36,160000,369000,user_46,782,790,
4159,37,160000,0,user_43,783,790,
4120,38,159999,0,user_8,783,790,4109
3997,39,150000,0,user_43,780,790,
4133,40,150000,0,user_23,783,790,
4160,41,150000,0,user_43,783,790,
4016,42,120000,0,user_17,781,790,
4156,43,120000,8520,user_40,783,790,
3974,44,110000,0,user_17,780,790,
4142,45,110000,0,user_29,783,790,
4147,46,110000,0,user_34,783,790,
4001,47,100000,0,user_49,780,790,
4038,48,87000,0,user_40,781,790,
4041,49,87000,0,user_43,781,790,
4087,50,87000,0,user_34,782,790,
4107,51,84000,0,user_46,782,790,
4134,52,83000,0,user_23,783,790,
4116,53,82000,0,user_49,782,790,
3992,54,77000,0,user_38,780,790,
4650,9,42999999,0,user_10,791,796,4103
4593,29,1300000,164000,user_23,790,796,
4611,48,670000,0,user_41,790,796,
4648,88,160001,0,user_7,791,793,4109
4529,69,160000,35100,user_38,789,796,
4586,71,159999,0,user_17,790,796,4109
4542,74,150000,350000,user_49,789,796,
4612,75,150000,0,user_43,790,796,
4196,8,120000,0,user_32,784,791,
4445,0,43000001,0,user_10,788,792,4103
4502,1,43000001,0,user_13,789,792,4103
4298,2,42999999,0,user_17,786,792,4103
4320,3,27000000,0,user_34,786,792,
4525,4,6100000,5180,user_32,789,792,
4511,5,5000000,0,user_21,789,792,
4528,6,5000000,0,user_37,789,792,
4519,7,4200000,0,user_30,789,792,
4398,8,3600000,0,user_26,787,792,
4605,9,3600000,0,user_33,790,792,
4523,10,3500000,0,user_30,789,792,
4390,11,3500000,0,user_20,787,792,
4330,12,2600000,23500,user_43,786,792,
4664,13,2600000,0,user_25,791,792,
4463,14,2500000,0,user_29,788,792,
4318,15,2400000,0,user_34,786,792,
4302,16,2400000,10700,user_20,786,792,
4668,17,2300000,0,user_30,791,792,
4444,18,2100001,0,user_10,788,792,4144
4574,19,2100001,0,user_9,790,792,4144
4684,20,2100001,0,user_0,792,792,4144
4495,21,2099999,0,user_4,789,792,4144
4685,22,2099999,0,user_1,792,792,4144
4257,23,2000000,0,user_34,785,792,
4303,24,2000000,0,user_20,786,792,
4604,25,2000000,0,user_33,790,792,
4669,26,1900000,0,user_31,791,792,
4595,27,1400000,16400,user_25,790,792,
4606,28,1200000,7190000,user_37,790,792,
4667,29,1100000,0,user_30,791,792,
4380,30,1000001,0,user_8,787,792,4213
4381,31,999999,0,user_10,787,792,4213
4449,32,999999,0,user_13,788,792,4213
4501,33,999999,0,user_13,789,792,4213
4583,34,999999,0,user_15,790,792,4213
4649,35,999999,0,user_9,791,792,4213
4601,36,970000,0,user_31,790,792,
4591,37,910000,0,user_21,790,792,
4596,38,910000,0,user_25,790,792,
4327,39,670000,0,user_41,786,792,
4540,40,660000,0,user_47,789,792,
4524,41,650000,0,user_31,789,792,
4520,42,630000,0,user_30,789,792,
4331,43,600000,0,user_44,786,792,
4603,44,530000,0,user_33,790,792,
4395,45,470000,0,user_23,787,792,
4416,46,460000,0,user_40,787,792,
4462,47,460000,0,user_29,788,792,
4301,48,420000,0,user_20,786,792,
4600,49,370000,0,user_30,790,792,
4493,50,350001,0,user_2,789,792,4272
4563,51,350001,0,user_0,790,792,4272
4494,52,350001,0,user_3,789,792,4272
4496,53,350001,0,user_7,789,792,4272
4576,54,350001,0,user_9,790,792,4272
4577,55,350001,0,user_9,790,792,4272
4497,56,349999,0,user_7,789,792,4272
4564,57,349999,0,user_2,790,792,4272
4575,58,349999,0,user_9,790,792,4272
4578,59,349999,0,user_9,790,792,4272
4657,60,349999,0,user_15,791,792,4272
4304,61,340000,0,user_23,786,792,
4514,62,340000,0,user_24,789,792,
4400,63,340000,39400,user_28,787,792,
4393,64,310000,73100,user_20,787,792,
4319,65,300000,108000,user_34,786,792,
4515,66,260000,0,user_25,789,792,
4504,67,240001,0,user_15,789,792,3965
4437,68,220001,0,user_3,788,792,4157
4383,69,220001,0,user_12,787,792,4157
4388,70,220001,0,user_19,787,792,4157
4439,71,220001,0,user_5,788,792,4157
4440,72,220001,0,user_6,788,792,4157
4442,73,220001,0,user_7,788,792,4157
4448,74,220001,0,user_13,788,792,4157
4386,75,220001,0,user_17,787,792,4157
4602,76,220000,0,user_33,790,792,
4438,77,219999,0,user_4,788,792,4157
4300,78,219999,0,user_19,786,792,4157
4441,79,219999,0,user_7,788,792,4157
4387,80,219999,0,user_18,787,792,4157
4446,81,219999,0,user_11,788,792,4157
4447,82,160001,0,user_12,788,792,4109
4521,83,160000,0,user_30,789,792,
4466,84,160000,0,user_32,788,792,
4479,85,160000,0,user_46,788,792,
4323,86,160000,0,user_38,786,792,
4498,87,159999,0,user_7,789,792,4109
4392,88,150000,0,user_20,787,792,
4317,89,130000,0,user_34,786,792,
4276,90,120000,0,user_48,785,792,
4522,91,120000,0,user_30,789,792,
4389,92,120000,0,user_20,787,792,
4391,93,120000,256000,user_20,787,792,
4401,94,110000,43600,user_29,787,792,
4594,95,110000,0,user_24,790,792,
4513,96,98000,0,user_24,789,792,
4503,97,79001,0,user_15,789,792,4305
4417,98,73000,0,user_41,787,792,
4507,0,43000001,0,user_17,789,793,4103
4454,1,43000001,0,user_18,788,793,4103
4759,5,43000001,0,user_1,793,795,4103
4644,3,42999999,0,user_4,791,793,4103
4646,4,42999999,0,user_5,791,793,4103
4455,5,42999999,0,user_18,788,793,4103
4579,6,5000001,0,user_10,790,793,4509
4518,7,5000000,0,user_29,789,793,
4509,8,5000000,1100000,user_20,789,793,
4717,20,5000000,0,user_33,792,795,
4420,10,4500000,0,user_44,787,793,
4510,11,4200000,0,user_20,789,793,
4713,24,4200000,0,user_30,792,795,
4714,25,4200000,0,user_31,792,795,
4474,14,3600000,0,user_40,788,793,
4609,15,3500000,0,user_40,790,793,
4421,16,3200000,0,user_44,787,793,
4481,17,3200000,0,user_48,788,793,
4499,18,2100001,0,user_8,789,793,4144
4573,19,2100001,0,user_8,790,793,4144
4589,20,2100001,0,user_19,790,793,4144
4473,21,2100000,6390,user_40,788,793,
4643,22,2099999,0,user_4,791,793,4144
4457,23,2099999,0,user_18,788,793,4144
4699,29,2099999,0,user_15,792,795,4144
4539,25,2000000,0,user_46,789,793,
4419,26,2000000,0,user_44,787,793,
4538,27,1700000,0,user_44,789,793,
4472,28,1400000,0,user_38,788,793,
4534,29,1400000,5630,user_41,789,793,
4686,30,1200001,0,user_2,792,793,4606
4695,36,1200001,0,user_9,792,795,4606
4703,42,1200000,0,user_21,792,795,
4471,33,1100000,0,user_38,788,793,
4641,34,1000001,0,user_4,791,793,4213
4645,35,1000001,0,user_4,791,793,4213
4585,36,1000001,0,user_16,790,793,4213
4590,37,1000001,0,user_19,790,793,4213
4758,48,1000001,0,user_0,793,795,4213
4477,39,1000000,0,user_43,788,793,
4500,40,999999,0,user_8,789,793,4213
4570,41,999999,0,user_7,790,793,4213
4461,42,970000,13900,user_28,788,793,
4412,43,970000,0,user_38,787,793,
4592,44,910000,0,user_22,790,793,
4458,45,870000,0,user_20,788,793,
4533,46,650000,0,user_41,789,793,
4418,47,600000,0,user_44,787,793,
4708,52,530000,0,user_25,792,795,
4706,53,460000,0,user_24,792,795,
4619,50,420000,146000,user_46,790,793,
4526,51,420000,0,user_34,789,793,
4475,52,370000,8520,user_41,788,793,
4566,53,350001,0,user_4,790,793,4272
4568,54,350001,0,user_5,790,793,4272
4569,55,350001,0,user_6,790,793,4272
4581,56,350001,0,user_13,790,793,4272
4572,57,350001,0,user_8,790,793,4272
4580,58,350001,0,user_12,790,793,4272
4584,59,350001,0,user_16,790,793,4272
4647,60,350001,0,user_6,791,793,4272
4651,61,350001,0,user_11,791,793,4272
4565,62,349999,0,user_3,790,793,4272
4567,63,349999,0,user_5,790,793,4272
4639,64,349999,0,user_3,791,793,4272
4640,65,349999,0,user_3,791,793,4272
4582,66,349999,0,user_14,790,793,4272
4588,67,349999,0,user_19,790,793,4272
4468,68,340000,0,user_34,788,793,
4618,69,340000,0,user_46,790,793,
4535,70,340000,0,user_41,789,793,
4616,71,320000,322000,user_46,790,793,
4610,72,320000,0,user_40,790,793,
4642,73,319999,0,user_4,791,793,4616
4620,74,310000,0,user_46,790,793,
4597,75,310000,0,user_26,790,793,
4537,76,310000,0,user_43,789,793,
4505,77,220001,0,user_16,789,793,4157
4508,78,220001,0,user_19,789,793,4157
4425,79,220000,0,user_48,787,793,
4599,80,220000,43600,user_29,790,793,
4617,81,220000,0,user_46,790,793,
4452,82,219999,0,user_16,788,793,4157
4453,83,219999,0,user_18,788,793,4157
4456,84,219999,0,user_18,788,793,4157
4587,85,219999,0,user_18,790,793,4157
4532,86,170000,1100000,user_41,789,793,
4571,87,160001,0,user_7,790,793,4109
4648,88,160001,0,user_7,791,793,4109
4476,89,160000,0,user_41,788,793,
4715,70,160000,0,user_31,792,795,
4707,72,150000,0,user_25,792,795,
4512,92,120000,283000,user_22,789,793,
4541,93,120000,0,user_48,789,793,
4710,76,120000,350000,user_25,792,795,
4506,95,119999,0,user_17,789,793,4391
4426,96,110000,0,user_49,787,793,
4709,79,110000,0,user_25,792,795,
4517,98,100000,0,user_28,789,793,
4413,99,87000,16400,user_38,787,793,
4405,0,85000,0,user_34,787,794,
4775,2,43000001,0,user_17,793,798,4103
4776,3,43000001,0,user_17,793,798,4103
4688,0,43000001,0,user_4,792,796,4103
4689,1,43000001,0,user_6,792,796,4103
4690,2,43000001,0,user_6,792,796,4103
4759,5,43000001,0,user_1,793,795,4103
4693,3,43000001,0,user_8,792,796,4103
4694,4,43000001,0,user_8,792,796,4103
4661,5,43000001,0,user_19,791,796,4103
4815,6,43000001,0,user_3,794,796,4103
4764,7,43000001,0,user_8,793,796,4103
4698,10,42999999,0,user_13,792,796,4103
4761,11,42999999,0,user_4,793,796,4103
4701,12,42999999,0,user_18,792,796,4103
4767,13,42999999,0,user_11,793,796,4103
4816,14,42999999,0,user_4,794,796,4103
4778,15,42999999,0,user_18,793,796,4103
4832,11,19000000,0,user_23,794,798,
4798,16,19000000,0,user_46,793,796,
4729,17,6100000,146000,user_44,792,796,
4717,20,5000000,0,user_33,792,795,
4774,17,4999999,0,user_17,793,798,4509
4777,18,4999999,0,user_18,793,796,4509
4863,18,4999999,0,user_10,795,798,4509
4713,24,4200000,0,user_30,792,795,
4714,25,4200000,0,user_31,792,795,
4679,19,4200000,0,user_44,791,796,
4652,22,2100001,0,user_12,791,796,4144
4824,23,2099999,0,user_17,794,798,4144
4699,29,2099999,0,user_15,792,795,4144
4760,24,2099999,0,user_3,793,796,4144
4702,25,2099999,0,user_19,792,796,4144
4833,25,2000000,0,user_23,794,798,
4733,27,1700000,0,user_46,792,796,
4674,28,1600000,36800,user_40,791,796,
4799,31,1400000,0,user_49,793,798,
4695,36,1200001,0,user_9,792,795,4606
4768,32,1200001,0,user_11,793,796,4606
4770,33,1200001,0,user_13,793,796,4606
4769,34,1200001,0,user_12,793,796,4606
4779,35,1200001,0,user_19,793,796,4606
4820,36,1200001,0,user_11,794,796,4606
4703,42,1200000,0,user_21,792,795,
4687,39,1199999,0,user_3,792,796,4606
4697,40,1199999,0,user_12,792,796,4606
4771,41,1199999,0,user_14,793,796,4606
4818,42,1199999,0,user_6,794,796,4606
4655,44,1000001,0,user_14,791,796,4213
4758,48,1000001,0,user_0,793,795,4213
4838,38,1000000,0,user_28,794,798,
4654,46,999999,0,user_14,791,796,4213
4732,49,650000,0,user_46,792,796,
4708,52,530000,0,user_25,792,795,
4706,53,460000,0,user_24,792,795,
4613,51,460000,0,user_44,790,796,
4730,53,420000,0,user_44,792,796,
4762,55,360001,0,user_5,793,796,4682
4763,56,360001,0,user_5,793,796,4682
4666,57,360000,0,user_29,791,796,
4682,58,360000,959000,user_48,791,796,
4855,59,359999,0,user_2,795,796,4682
4859,48,359999,0,user_7,795,798,4682
4658,61,349999,0,user_16,791,796,4272
4660,62,349999,0,user_18,791,796,4272
4719,54,340000,0,user_38,792,798,
4656,63,320001,0,user_14,791,796,4616
4727,64,310000,0,user_44,792,796,
4844,62,220000,594000,user_41,794,798,
4827,64,190000,0,user_20,794,798,
4817,66,170001,0,user_5,794,796,4532
4715,70,160000,0,user_31,792,795,
4653,70,159999,0,user_14,791,796,4109
4707,72,150000,0,user_25,792,795,
4712,76,150000,0,user_29,792,796,
4793,77,150000,0,user_40,793,796,
4794,85,120000,0,user_41,793,798,
4710,76,120000,350000,user_25,792,795,
4680,79,120000,16400,user_44,791,796,
4783,90,110000,0,user_28,793,798,
4709,79,110000,0,user_25,792,795,
4728,80,110000,0,user_44,792,796,
4800,91,98000,381000,user_49,793,798,
4704,86,80000,0,user_22,792,796,
4718,87,79000,0,user_34,792,796,
4721,88,79000,0,user_40,792,796,
4688,0,43000001,0,user_4,792,796,4103
4689,1,43000001,0,user_6,792,796,4103
4690,2,43000001,0,user_6,792,796,4103
4693,3,43000001,0,user_8,792,796,4103
4694,4,43000001,0,user_8,792,796,4103
4661,5,43000001,0,user_19,791,796,4103
4815,6,43000001,0,user_3,794,796,4103
4764,7,43000001,0,user_8,793,796,4103
4814,2,42999999,0,user_0,794,797,4103
4650,9,42999999,0,user_10,791,796,4103
4698,10,42999999,0,user_13,792,796,4103
4761,11,42999999,0,user_4,793,796,4103
4701,12,42999999,0,user_18,792,796,4103
4767,13,42999999,0,user_11,793,796,4103
4816,14,42999999,0,user_4,794,796,4103
4778,15,42999999,0,user_18,793,796,4103
4798,16,19000000,0,user_46,793,796,
4729,17,6100000,146000,user_44,792,796,
4777,18,4999999,0,user_18,793,796,4509
4679,19,4200000,0,user_44,791,796,
4876,7,3200000,0,user_21,795,797,
4829,9,2600000,0,user_21,794,797,
4652,22,2100001,0,user_12,791,796,4144
4692,23,2100001,0,user_7,792,796,4144
4760,24,2099999,0,user_3,793,796,4144
4702,25,2099999,0,user_19,792,796,4144
4875,14,1800000,0,user_21,795,797,
4733,27,1700000,0,user_46,792,796,
4674,28,1600000,36800,user_40,791,796,
4593,29,1300000,164000,user_23,790,796,
4773,16,1200001,0,user_15,793,797,4606
4691,31,1200001,0,user_7,792,796,4606
4768,32,1200001,0,user_11,793,796,4606
4770,33,1200001,0,user_13,793,796,4606
4769,34,1200001,0,user_12,793,796,4606
4779,35,1200001,0,user_19,793,796,4606
4820,36,1200001,0,user_11,794,796,4606
4919,17,1200001,0,user_1,796,797,4606
4772,18,1199999,0,user_15,793,797,4606
4687,39,1199999,0,user_3,792,796,4606
4697,40,1199999,0,user_12,792,796,4606
4771,41,1199999,0,user_14,793,796,4606
4818,42,1199999,0,user_6,794,796,4606
4790,22,1100000,146000,user_37,793,797,
4655,44,1000001,0,user_14,791,796,4213
4765,24,999999,0,user_9,793,797,4213
4654,46,999999,0,user_14,791,796,4213
4716,28,670000,0,user_32,792,797,
4611,48,670000,0,user_41,790,796,
4732,49,650000,0,user_46,792,796,
4828,30,460000,0,user_21,794,797,
4613,51,460000,0,user_44,790,796,
4780,31,420000,0,user_21,793,797,
4730,53,420000,0,user_44,792,796,
4784,32,370000,0,user_31,793,797,
4762,55,360001,0,user_5,793,796,4682
4763,56,360001,0,user_5,793,796,4682
4666,57,360000,0,user_29,791,796,
4682,58,360000,959000,user_48,791,796,
4855,59,359999,0,user_2,795,796,4682
4788,41,350000,0,user_35,793,797,
4658,61,349999,0,user_16,791,796,4272
4660,62,349999,0,user_18,791,796,4272
4656,63,320001,0,user_14,791,796,4616
4727,64,310000,0,user_44,792,796,
4882,43,260000,0,user_33,795,797,
4817,66,170001,0,user_5,794,796,4532
4921,45,170001,0,user_1,796,797,4532
4920,50,169999,0,user_1,796,797,4532
4529,69,160000,35100,user_38,789,796,
4653,70,159999,0,user_14,791,796,4109
4586,71,159999,0,user_17,790,796,4109
4830,56,150000,15300,user_21,794,797,
4841,57,150000,0,user_33,794,797,
4542,74,150000,350000,user_49,789,796,
4612,75,150000,0,user_43,790,796,
4712,76,150000,0,user_29,792,796,
4793,77,150000,0,user_40,793,796,
4786,60,120000,0,user_33,793,797,
4680,79,120000,16400,user_44,791,796,
4728,80,110000,0,user_44,792,796,
4880,61,110000,0,user_30,795,797,
4785,63,100000,0,user_33,793,797,
4781,65,98000,0,user_25,793,797,
4789,66,84000,0,user_35,793,797,
4835,70,82000,17700000,user_25,794,797,
4704,86,80000,0,user_22,792,796,
4718,87,79000,0,user_34,792,796,
4721,88,79000,0,user_40,792,796,
4826,0,43000001,0,user_18,794,798,4103
4825,7,42999999,0,user_18,794,798,4103
4814,2,42999999,0,user_0,794,797,4103
4823,14,5000001,0,user_16,794,798,4509
4960,4,5000000,0,user_41,796,797,
4998,1,4999999,0,user_7,797,799,4509
4896,6,3500000,285000,user_49,795,797,
4876,7,3200000,0,user_21,795,797,
4853,8,3200000,0,user_49,794,797,
4829,9,2600000,0,user_21,794,797,
4922,21,2100001,0,user_2,796,798,4144
4994,5,2100001,0,user_7,797,799,4144
4925,22,2099999,0,user_3,796,798,4144
4852,13,2000000,0,user_49,794,797,
4875,14,1800000,0,user_21,795,797,
4873,15,1400000,0,user_20,795,797,
4773,16,1200001,0,user_15,793,797,4606
4919,17,1200001,0,user_1,796,797,4606
4772,18,1199999,0,user_15,793,797,4606
4930,33,1199999,0,user_7,796,798,4606
4988,34,1199999,0,user_2,797,798,4606
4836,35,1100000,39400,user_26,794,798,
4790,22,1100000,146000,user_37,793,797,
4958,23,1000000,0,user_41,796,797,
4765,24,999999,0,user_9,793,797,4213
4874,25,910000,36800,user_20,795,797,
4963,26,870000,139000,user_43,796,797,
4889,27,670000,0,user_43,795,797,
4716,28,670000,0,user_32,792,797,
4872,29,460000,0,user_20,795,797,
4828,30,460000,0,user_21,794,797,
4780,31,420000,0,user_21,793,797,
4784,32,370000,0,user_31,793,797,
4939,33,360001,0,user_17,796,797,4682
4871,44,360001,0,user_18,795,798,4682
4856,45,359999,0,user_3,795,798,4682
4857,46,359999,0,user_5,795,798,4682
4858,47,359999,0,user_6,795,798,4682
4864,49,359999,0,user_11,795,798,4682
4866,50,359999,0,user_13,795,798,4682
4870,51,359999,0,user_18,795,798,4682
4788,41,350000,0,user_35,793,797,
4961,42,300000,381000,user_41,796,797,
4882,43,260000,0,user_33,795,797,
4843,44,220000,256000,user_38,794,797,
4921,45,170001,0,user_1,796,797,4532
4928,66,170001,0,user_7,796,798,4532
4929,67,170001,0,user_7,796,798,4532
4926,65,170001,0,user_5,796,798,4532
4996,13,170001,0,user_7,797,799,4532
4920,50,169999,0,user_1,796,797,4532
4931,77,169999,0,user_7,796,798,4532
4923,75,169999,0,user_3,796,798,4532
4927,76,169999,0,user_6,796,798,4532
4936,78,169999,0,user_11,796,798,4532
5002,55,169999,0,user_10,797,797,4532
4830,56,150000,15300,user_21,794,797,
4841,57,150000,0,user_33,794,797,
4957,58,150000,35600,user_41,796,797,
4887,59,120000,0,user_41,795,797,
4786,60,120000,0,user_33,793,797,
4880,61,110000,0,user_30,795,797,
4878,62,100000,0,user_28,795,797,
4785,63,100000,0,user_33,793,797,
4959,64,100000,139000,user_41,796,797,
4781,65,98000,0,user_25,793,797,
4789,66,84000,0,user_35,793,797,
4932,95,82001,0,user_7,796,798,4835
4995,25,82001,0,user_7,797,799,4835
4997,26,82001,0,user_7,797,799,4835
4835,70,82000,17700000,user_25,794,797,
4924,98,81999,0,user_3,796,798,4835
4826,0,43000001,0,user_18,794,798,4103
4869,1,43000001,0,user_15,795,798,4103
4775,2,43000001,0,user_17,793,798,4103
4776,3,43000001,0,user_17,793,798,4103
4696,4,42999999,0,user_10,792,798,4103
4700,5,42999999,0,user_17,792,798,4103
4766,6,42999999,0,user_10,793,798,4103
4825,7,42999999,0,user_18,794,798,4103
4935,8,42999999,0,user_9,796,798,4103
4885,9,30000000,0,user_37,795,798,
4954,10,19000000,0,user_37,796,798,
4832,11,19000000,0,user_23,794,798,
4840,12,5200000,0,user_32,794,798,
4883,13,5200000,121000,user_35,795,798,
4823,14,5000001,0,user_16,794,798,4509
4842,15,5000000,0,user_35,794,798,
4659,16,4999999,0,user_17,791,798,4509
4774,17,4999999,0,user_17,793,798,4509
4863,18,4999999,0,user_10,795,798,4509
5016,19,3600000,0,user_24,797,798,
4941,20,2600000,0,user_24,796,798,
4922,21,2100001,0,user_2,796,798,4144
4925,22,2099999,0,user_3,796,798,4144
4824,23,2099999,0,user_17,794,798,4144
4675,24,2000000,0,user_41,791,798,
4833,25,2000000,0,user_23,794,798,
4951,26,1900000,0,user_33,796,798,
4665,27,1700000,66100,user_28,791,798,
4942,28,1700000,0,user_24,796,798,
4677,29,1500000,410000,user_43,791,798,
4949,30,1400000,0,user_31,796,798,
4799,31,1400000,0,user_49,793,798,
5038,32,1400000,0,user_47,797,798,
4930,33,1199999,0,user_7,796,798,4606
4988,34,1199999,0,user_2,797,798,4606
4836,35,1100000,39400,user_26,794,798,
4881,36,1100000,0,user_32,795,798,
5024,37,1100000,0,user_35,797,798,
4838,38,1000000,0,user_28,794,798,
4884,39,910000,0,user_35,795,798,
5023,40,870000,0,user_35,797,798,
4944,41,600000,0,user_25,796,798,
4894,42,460000,73100,user_47,795,798,
4892,43,420000,0,user_47,795,798,
4871,44,360001,0,user_18,795,798,4682
4856,45,359999,0,user_3,795,798,4682
4857,46,359999,0,user_5,795,798,4682
4858,47,359999,0,user_6,795,798,4682
4859,48,359999,0,user_7,795,798,4682
4864,49,359999,0,user_11,795,798,4682
4866,50,359999,0,user_13,795,798,4682
4870,51,359999,0,user_18,795,798,4682
4834,52,340000,49100,user_24,794,798,
4895,53,340000,0,user_47,795,798,
4719,54,340000,0,user_38,792,798,
4943,55,320000,0,user_25,796,798,
4621,56,310000,0,user_49,790,798,
4607,57,260000,0,user_38,790,798,
4672,58,260000,0,user_38,791,798,
4947,59,260000,0,user_30,796,798,
4893,60,260000,0,user_47,795,798,
4705,61,220000,0,user_23,792,798,
4844,62,220000,594000,user_41,794,798,
5012,63,220000,0,user_21,797,798,
4827,64,190000,0,user_20,794,798,
4926,65,170001,0,user_5,796,798,4532
4928,66,170001,0,user_7,796,798,4532
4929,67,170001,0,user_7,796,798,4532
5001,68,170001,0,user_9,797,798,4532
5007,69,170001,0,user_15,797,798,4532
5008,70,170001,0,user_15,797,798,4532
5048,71,170001,0,user_1,798,798,4532
4862,72,169999,0,user_9,795,798,4532
4868,73,169999,0,user_15,795,798,4532
4987,74,169999,0,user_0,797,798,4532
4923,75,169999,0,user_3,796,798,4532
4927,76,169999,0,user_6,796,798,4532
4931,77,169999,0,user_7,796,798,4532
4936,78,169999,0,user_11,796,798,4532
5000,79,169999,0,user_9,797,798,4532
5045,80,169999,0,user_0,798,798,4532
4953,81,150000,0,user_37,796,798,
4662,82,120000,0,user_20,791,798,
4676,83,120000,0,user_43,791,798,
4965,84,120000,0,user_47,796,798,
4794,85,120000,0,user_41,793,798,
4663,86,110000,16400,user_23,791,798,
4722,87,110000,0,user_41,792,798,
4726,88,110000,0,user_43,792,798,
4948,89,110000,0,user_30,796,798,
4783,90,110000,0,user_28,793,798,
4800,91,98000,381000,user_49,793,798,
4683,92,87000,0,user_49,791,798,
5021,93,87000,0,user_31,797,798,
4950,94,84000,0,user_32,796,798,
4932,95,82001,0,user_7,796,798,4835
5046,96,82001,0,user_0,798,798,4835
5025,97,82000,0,user_37,797,798,
4924,98,81999,0,user_3,796,798,4835
5047,99,81999,0,user_0,798,798,4835
5090,0,5000000,0,user_31,798,799,
4998,1,4999999,0,user_7,797,799,4509
5092,2,3500000,0,user_35,798,799,
4991,3,2100001,0,user_5,797,799,4144
4993,4,2100001,0,user_6,797,799,4144
4994,5,2100001,0,user_7,797,799,4144
5051,6,2099999,0,user_2,798,799,4144
5084,7,1500000,0,user_24,798,799,
5003,8,1200001,0,user_11,797,799,4606
4945,9,660000,0,user_26,796,799,
5078,10,460000,0,user_21,798,799,
5077,11,310000,0,user_21,798,799,
4956,12,260000,0,user_40,796,799,
4996,13,170001,0,user_7,797,799,4532
5050,14,170001,0,user_2,798,799,4532
5063,15,170001,0,user_9,798,799,4532
5113,16,170001,0,user_0,799,799,4532
5114,17,170001,0,user_1,799,799,4532
4989,18,169999,0,user_3,797,799,4532
4990,19,169999,0,user_5,797,799,4532
4992,20,169999,0,user_6,797,799,4532
4940,21,169999,0,user_18,796,799,4532
5004,22,169999,0,user_11,797,799,4532
5053,23,169999,0,user_2,798,799,4532
5065,24,169999,0,user_9,798,799,4532
4995,25,82001,0,user_7,797,799,4835
4997,26,82001,0,user_7,797,799,4835
5049,27,82001,0,user_2,798,799,4835
5052,28,82001,0,user_2,798,799,4835
5064,29,82001,0,user_9,798,799,4835
5112,30,82001,0,user_0,799,799,4835
4678,31,79000,0,user_43,791,799,
3961,0,470000,0,user_1,800,800,
3984,0,6100000,0,user_31,800,801,
3962,1,3600000,0,user_2,800,801,
3963,2,2500000,0,user_2,800,801,
3986,3,1500000,0,user_33,800,801,
3964,4,970000,0,user_2,800,801,
3965,5,240000,195000,user_2,800,801,
4004,6,239999,0,user_1,801,801,3965
3988,0,30000000,0,user_35,800,802,
3973,1,19000000,0,user_15,800,802,
3991,2,3600000,0,user_37,800,802,
4024,3,2500000,0,user_25,801,802,
3985,4,2100000,0,user_32,800,802,
4046,5,1400001,0,user_0,802,802,4010
4010,6,1400000,64600,user_9,801,802,
4022,7,650000,0,user_21,801,802,
3979,8,470000,18600,user_24,800,802,
4014,9,460000,0,user_15,801,802,
4030,10,340000,0,user_31,801,802,
4047,11,240001,0,user_1,802,802,3965
4048,12,240001,0,user_1,802,802,3965
4049,13,240001,0,user_1,802,802,3965
4050,14,239999,0,user_1,802,802,3965
4023,15,220000,0,user_24,801,802,
4013,16,160000,0,user_15,801,802,
4029,17,150000,0,user_30,801,802,
4032,18,150000,0,user_33,801,802,
3990,19,84000,0,user_37,800,802,
4068,19,27000000,0,user_20,802,809,
4076,27,5000000,108000,user_28,802,809,
4102,40,2100000,0,user_43,802,809,
4098,81,910000,0,user_41,802,809,
4044,96,420000,0,user_49,801,809,
4101,5,350000,0,user_43,802,803,
4036,6,260000,0,user_38,801,803,
4064,7,240001,0,user_17,802,803,3965
4122,8,240001,0,user_10,803,803,3965
4119,9,239999,0,user_7,803,803,3965
4080,0,4200000,31700,user_33,802,804,
4139,1,3500000,0,user_25,803,804,
4144,2,2100000,1100000,user_30,803,804,
4079,3,530000,0,user_31,802,804,
4145,4,530000,0,user_31,803,804,
4168,5,239999,0,user_1,804,804,3965
4146,6,170000,0,user_33,803,804,
4069,7,150000,0,user_21,802,804,
4083,8,130000,0,user_33,802,804,
4073,9,110000,0,user_25,802,804,
4131,10,100000,0,user_21,803,804,
4081,11,82000,0,user_33,802,804,
4082,12,79000,0,user_33,802,804,
4070,13,70000,0,user_21,802,804,
4224,13,27000001,0,user_7,805,809,4017
4186,69,1300000,0,user_23,804,809,
4184,2,360000,0,user_20,804,805,
4225,3,220001,0,user_7,805,805,4157
4229,4,219999,0,user_10,805,805,4157
4205,5,120000,0,user_43,804,805,
4165,0,6100000,0,user_47,803,806,
4088,1,5000000,0,user_35,802,806,
4200,2,4500000,0,user_33,804,806,
4152,3,3600000,0,user_37,803,806,
4211,4,3200000,0,user_47,804,806,
4282,5,2100001,0,user_1,806,806,4144
4215,6,2099999,0,user_0,805,806,4144
4193,7,1800000,0,user_30,804,806,
4197,8,1800000,0,user_33,804,806,
4199,9,1600000,0,user_33,804,806,
4203,10,1600000,0,user_35,804,806,
4110,11,1500000,0,user_47,802,806,
4091,12,1400000,56200,user_37,802,806,
4252,13,1100000,0,user_31,805,806,
4072,14,1000000,0,user_24,802,806,
4187,15,1000000,0,user_24,804,806,
4194,16,870000,0,user_30,804,806,
4188,17,650000,0,user_25,804,806,
4256,18,650000,0,user_33,805,806,
4255,19,600000,49100,user_33,805,806,
4126,20,470001,0,user_15,803,806,3979
4212,21,460000,0,user_47,804,806,
4113,22,420000,0,user_47,802,806,
4149,23,420000,5640,user_35,803,806,
4198,24,360000,0,user_33,804,806,
4031,25,350000,0,user_32,801,806,
4254,26,310000,108000,user_33,805,806,
4281,27,309999,0,user_1,806,806,4254
4056,28,240001,0,user_9,802,806,3965
4061,29,240001,0,user_15,802,806,3965
4178,30,240001,0,user_15,804,806,3965
4179,31,240001,0,user_15,804,806,3965
4060,32,239999,0,user_15,802,806,3965
4121,33,239999,0,user_9,803,806,3965
4172,34,239999,0,user_9,804,806,3965
4148,35,220000,0,user_35,803,806,
4111,36,170000,0,user_47,802,806,
4151,37,170000,30200,user_37,803,806,
4112,38,160000,0,user_47,802,806,
4150,39,110000,0,user_35,803,806,
4238,40,110000,34700,user_21,805,806,
4138,41,85000,0,user_24,803,806,
4090,42,83000,0,user_37,802,806,
4201,43,70000,0,user_33,804,806,
4288,0,43000001,0,user_6,806,809,4103
4294,1,43000001,0,user_13,806,809,4103
4298,2,42999999,0,user_17,806,812,4103
4231,6,42999999,0,user_16,805,809,4103
4375,7,42999999,0,user_2,807,809,4103
4230,14,27000001,0,user_12,805,809,4132
4226,21,26999999,0,user_8,805,809,4132
4251,28,5000000,0,user_29,805,809,
4271,29,5000000,0,user_46,805,809,
4330,12,2600000,23500,user_43,806,812,
3977,36,2400000,0,user_22,800,809,
4302,16,2400000,10700,user_20,806,812,
3999,47,2000000,16400,user_46,800,809,
4303,24,2000000,0,user_20,806,812,
4227,53,1999999,0,user_8,805,809,3999
3982,54,1900000,0,user_29,800,809,
3978,59,1600000,0,user_22,800,809,
3976,60,1600000,0,user_19,800,809,
4202,62,1500000,0,user_34,804,809,
4237,72,1000001,0,user_19,805,809,4213
4213,76,1000000,296000,user_48,804,809,
4381,31,999999,0,user_10,807,812,4213
3987,87,670000,0,user_34,800,809,
4327,39,670000,0,user_41,806,812,
3983,88,650000,0,user_29,800,809,
4301,48,420000,0,user_20,806,812,
3994,97,360000,0,user_40,800,809,
4240,27,350000,12800,user_22,805,807,
4304,61,340000,0,user_23,806,812,
3966,29,240001,0,user_3,800,807,3965
3967,30,240001,0,user_4,800,807,3965
3968,31,240001,0,user_8,800,807,3965
3970,32,240001,0,user_12,800,807,3965
4284,33,240001,0,user_3,806,807,3965
4285,34,240001,0,user_3,806,807,3965
4286,35,240001,0,user_4,806,807,3965
4181,36,240001,0,user_18,804,807,3965
4182,37,240001,0,user_18,804,807,3965
4292,38,240001,0,user_11,806,807,3965
3969,39,239999,0,user_11,800,807,3965
3971,40,239999,0,user_13,800,807,3965
3972,41,239999,0,user_14,800,807,3965
4233,42,239999,0,user_18,805,807,3965
4234,43,239999,0,user_18,805,807,3965
4235,44,239999,0,user_18,805,807,3965
4236,45,239999,0,user_18,805,807,3965
4379,46,220001,0,user_7,807,807,4157
4287,47,219999,0,user_5,806,807,4157
4241,48,120000,0,user_22,805,807,
4242,49,120000,0,user_22,805,807,
3975,50,110000,0,user_19,800,807,
4000,51,83000,0,user_48,800,807,
4239,52,77000,15700,user_22,805,807,
4445,0,43000001,0,user_10,808,812,4103
4299,8,42999999,0,user_18,806,809,4103
4436,9,42999999,0,user_2,808,809,4103
4390,11,3500000,0,user_20,807,812,
4444,18,2100001,0,user_10,808,812,4144
4325,86,870000,0,user_40,806,809,
4395,45,470000,0,user_23,807,812,
4400,63,340000,39400,user_28,807,812,
4393,64,310000,73100,user_20,807,812,
4293,9,240001,0,user_12,806,808,3965
4295,10,240001,0,user_14,806,808,3965
4296,11,240001,0,user_14,806,808,3965
4386,75,220001,0,user_17,807,812,4157
4377,13,220001,0,user_4,807,808,4157
4382,14,220001,0,user_11,807,808,4157
4442,73,220001,0,user_7,808,812,4157
4376,16,219999,0,user_3,807,808,4157
4378,17,219999,0,user_6,807,808,4157
4384,18,219999,0,user_13,807,808,4157
4441,79,219999,0,user_7,808,812,4157
4323,86,160000,0,user_38,806,812,
4392,88,150000,0,user_20,807,812,
4310,22,150000,0,user_29,806,808,
4389,92,120000,0,user_20,807,812,
4391,93,120000,256000,user_20,807,812,
4326,25,98000,0,user_40,806,808,
4417,98,73000,0,user_41,807,812,
4288,0,43000001,0,user_6,806,809,4103
4294,1,43000001,0,user_13,806,809,4103
4291,2,43000001,0,user_10,806,809,4103
4103,3,43000000,545000,user_44,802,809,
4183,4,42999999,0,user_19,804,809,4103
4218,5,42999999,0,user_5,805,809,4103
4231,6,42999999,0,user_16,805,809,4103
4375,7,42999999,0,user_2,807,809,4103
4299,8,42999999,0,user_18,806,809,4103
4436,9,42999999,0,user_2,808,809,4103
4135,10,30000000,0,user_23,803,809,
4411,11,30000000,0,user_37,807,809,
4171,12,27000001,0,user_7,804,809,4017
4224,13,27000001,0,user_7,805,809,4017
4230,14,27000001,0,user_12,805,809,4132
4025,15,27000000,0,user_26,801,809,
4071,16,27000000,0,user_22,802,809,
4017,17,27000000,84800,user_17,801,809,
4132,18,27000000,11200,user_22,803,809,
4068,19,27000000,0,user_20,802,809,
4057,20,26999999,0,user_10,802,809,4017
4226,21,26999999,0,user_8,805,809,4132
4129,22,19000000,0,user_20,803,809,
4243,23,19000000,39400,user_23,805,809,
4262,24,19000000,12800,user_41,805,809,
4170,25,5000001,0,user_7,804,809,4076
4174,26,5000001,0,user_10,804,809,4076
4076,27,5000000,108000,user_28,802,809,
4251,28,5000000,0,user_29,805,809,
4271,29,5000000,0,user_46,805,809,
4283,30,4999999,0,user_2,806,809,4076
4290,31,4199999,0,user_9,806,809,4080
4108,32,3500000,0,user_46,802,809,
4140,33,3500000,0,user_26,803,809,
3996,34,3200000,0,user_43,800,809,
4470,35,2500000,0,user_37,808,809,
3977,36,2400000,0,user_22,800,809,
4316,37,2300000,0,user_32,806,809,
4077,38,2100000,0,user_29,802,809,
4027,39,2100000,0,user_28,801,809,
4102,40,2100000,0,user_43,802,809,
4137,41,2100000,0,user_23,803,809,
4403,42,2100000,0,user_32,807,809,
4297,43,2099999,0,user_15,806,809,4144
4492,44,2099999,0,user_1,809,809,4144
4005,45,2000001,0,user_4,801,809,3999
4058,46,2000001,0,user_12,802,809,3999
3999,47,2000000,16400,user_46,800,809,
4106,48,2000000,0,user_46,802,809,
4266,49,2000000,0,user_41,805,809,
4464,50,2000000,0,user_30,808,809,
4009,51,1999999,0,user_8,801,809,3999
4051,52,1999999,0,user_4,802,809,3999
4227,53,1999999,0,user_8,805,809,3999
3982,54,1900000,0,user_29,800,809,
3981,55,1800000,0,user_28,800,809,
4143,56,1800000,0,user_29,803,809,
4154,57,1800000,0,user_38,803,809,
4115,58,1700000,0,user_48,802,809,
3978,59,1600000,0,user_22,800,809,
3976,60,1600000,0,user_19,800,809,
4021,61,1600000,0,user_20,801,809,
4202,62,1500000,0,user_34,804,809,
4450,63,1400001,0,user_15,808,809,4315
4311,64,1400000,0,user_30,806,809,
4306,65,1400000,0,user_24,806,809,
4315,66,1400000,181000,user_32,806,809,
4228,67,1399999,0,user_9,805,809,4091
4167,68,1300000,21800,user_48,803,809,
4186,69,1300000,0,user_23,804,809,
4312,70,1200000,0,user_30,806,809,
4162,71,1100000,0,user_44,803,809,
4237,72,1000001,0,user_19,805,809,4213
4105,73,1000000,0,user_46,802,809,
4084,74,1000000,5180,user_34,802,809,
4086,75,1000000,0,user_34,802,809,
4213,76,1000000,296000,user_48,804,809,
4214,77,1000000,0,user_49,804,809,
4459,78,1000000,0,user_24,808,809,
4166,79,970000,0,user_48,803,809,
4480,80,970000,0,user_47,808,809,
4098,81,910000,0,user_41,802,809,
4161,82,910000,0,user_43,803,809,
4314,83,910000,0,user_31,806,809,
4033,84,870000,0,user_34,801,809,
4130,85,870000,0,user_20,803,809,
4325,86,870000,0,user_40,806,809,
3987,87,670000,0,user_34,800,809,
3983,88,650000,0,user_29,800,809,
4163,89,650000,0,user_44,803,809,
4263,90,650000,0,user_41,805,809,
4423,91,600000,0,user_47,807,809,
4424,92,600000,0,user_47,807,809,
4273,93,460000,0,user_47,805,809,
4195,94,460000,0,user_32,804,809,
4204,95,460000,0,user_38,804,809,
4044,96,420000,0,user_49,801,809,
3994,97,360000,0,user_40,800,809,
4078,98,360000,0,user_29,802,809,
4039,99,360000,0,user_41,801,809,
4136,0,350000,0,user_23,803,810,
4158,1,350000,0,user_43,803,810,
4085,2,320000,0,user_34,802,810,
4059,3,310001,0,user_14,802,810,4042
4118,4,310001,0,user_4,803,810,4042
4123,5,310001,0,user_12,803,810,4042
4042,6,310000,12300,user_46,801,810,
4092,7,300000,0,user_38,802,810,
4007,8,240001,0,user_6,801,810,3965
4011,9,240001,0,user_13,801,810,3965
4012,10,240001,0,user_14,801,810,3965
4020,11,240001,0,user_19,801,810,3965
4052,12,240001,0,user_5,802,810,3965
4054,13,240001,0,user_6,802,810,3965
4124,14,240001,0,user_13,803,810,3965
4018,15,240001,0,user_18,801,810,3965
4065,16,240001,0,user_18,802,810,3965
4127,17,240001,0,user_16,803,810,3965
4128,18,240001,0,user_16,803,810,3965
4006,19,239999,0,user_5,801,810,3965
4008,20,239999,0,user_7,801,810,3965
4015,21,239999,0,user_16,801,810,3965
4019,22,239999,0,user_19,801,810,3965
4053,23,239999,0,user_6,802,810,3965
4055,24,239999,0,user_7,802,810,3965
4117,25,239999,0,user_3,803,810,3965
4062,26,239999,0,user_16,802,810,3965
4063,27,239999,0,user_16,802,810,3965
4066,28,239999,0,user_19,802,810,3965
4067,29,239999,0,user_19,802,810,3965
4028,30,220000,0,user_29,801,810,
4114,31,220000,0,user_48,802,810,
4157,32,220000,231000,user_41,803,810,
4153,33,220000,0,user_38,803,810,
4043,34,190000,0,user_46,801,810,
4125,35,160001,0,user_14,803,810,4109
4109,36,160000,369000,user_46,802,810,
4159,37,160000,0,user_43,803,810,
4120,38,159999,0,user_8,803,810,4109
3997,39,150000,0,user_43,800,810,
4133,40,150000,0,user_23,803,810,
4160,41,150000,0,user_43,803,810,
4016,42,120000,0,user_17,801,810,
4156,43,120000,8520,user_40,803,810,
3974,44,110000,0,user_17,800,810,
4142,45,110000,0,user_29,803,810,
4147,46,110000,0,user_34,803,810,
4001,47,100000,0,user_49,800,810,
4038,48,87000,0,user_40,801,810,
4041,49,87000,0,user_43,801,810,
4087,50,87000,0,user_34,802,810,
4107,51,84000,0,user_46,802,810,
4134,52,83000,0,user_23,803,810,
4116,53,82000,0,user_49,802,810,
3992,54,77000,0,user_38,800,810,
4650,9,42999999,0,user_10,811,816,4103
4593,29,1300000,164000,user_23,810,816,
4611,48,670000,0,user_41,810,816,
4648,88,160001,0,user_7,811,813,4109
4529,69,160000,35100,user_38,809,816,
4586,71,159999,0,user_17,810,816,4109
4542,74,150000,350000,user_49,809,816,
4612,75,150000,0,user_43,810,816,
4196,8,120000,0,user_32,804,811,
4445,0,43000001,0,user_10,808,812,4103
4502,1,43000001,0,user_13,809,812,4103
4298,2,42999999,0,user_17,806,812,4103
4320,3,27000000,0,user_34,806,812,
4525,4,6100000,5180,user_32,809,812,
4511,5,5000000,0,user_21,809,812,
4528,6,5000000,0,user_37,809,812,
4519,7,4200000,0,user_30,809,812,
4398,8,3600000,0,user_26,807,812,
4605,9,3600000,0,user_33,810,812,
4523,10,3500000,0,user_30,809,812,
4390,11,3500000,0,user_20,807,812,
4330,12,2600000,23500,user_43,806,812,
4664,13,2600000,0,user_25,811,812,
4463,14,2500000,0,user_29,808,812,
4318,15,2400000,0,user_34,806,812,
4302,16,2400000,10700,user_20,806,812,
4668,17,2300000,0,user_30,811,812,
4444,18,2100001,0,user_10,808,812,4144
4574,19,2100001,0,user_9,810,812,4144
4684,20,2100001,0,user_0,812,812,4144
4495,21,2099999,0,user_4,809,812,4144
4685,22,2099999,0,user_1,812,812,4144
4257,23,2000000,0,user_34,805,812,
4303,24,2000000,0,user_20,806,812,
4604,25,2000000,0,user_33,810,812,
4669,26,1900000,0,user_31,811,812,
4595,27,1400000,16400,user_25,810,812,
4606,28,1200000,7190000,user_37,810,812,
4667,29,1100000,0,user_30,811,812,
4380,30,1000001,0,user_8,807,812,4213
4381,31,999999,0,user_10,807,812,4213
4449,32,999999,0,user_13,808,812,4213
4501,33,999999,0,user_13,809,812,4213
4583,34,999999,0,user_15,810,812,4213
4649,35,999999,0,user_9,811,812,4213
4601,36,970000,0,user_31,810,812,
4591,37,910000,0,user_21,810,812,
4596,38,910000,0,user_25,810,812,
4327,39,670000,0,user_41,806,812,
4540,40,660000,0,user_47,809,812,
4524,41,650000,0,user_31,809,812,
4520,42,630000,0,user_30,809,812,
4331,43,600000,0,user_44,806,812,
4603,44,530000,0,user_33,810,812,
4395,45,470000,0,user_23,807,812,
4416,46,460000,0,user_40,807,812,
4462,47,460000,0,user_29,808,812,
4301,48,420000,0,user_20,806,812,
4600,49,370000,0,user_30,810,812,
4493,50,350001,0,user_2,809,812,4272
4563,51,350001,0,user_0,810,812,4272
4494,52,350001,0,user_3,809,812,4272
4496,53,350001,0,user_7,809,812,4272
4576,54,350001,0,user_9,810,812,4272
4577,55,350001,0,user_9,810,812,4272
4497,56,349999,0,user_7,809,812,4272
4564,57,349999,0,user_2,810,812,4272
4575,58,349999,0,user_9,810,812,4272
4578,59,349999,0,user_9,810,812,4272
4657,60,349999,0,user_15,811,812,4272
4304,61,340000,0,user_23,806,812,
4514,62,340000,0,user_24,809,812,
4400,63,340000,39400,user_28,807,812,
4393,64,310000,73100,user_20,807,812,
4319,65,300000,108000,user_34,806,812,
4515,66,260000,0,user_25,809,812,
4504,67,240001,0,user_15,809,812,3965
4437,68,220001,0,user_3,808,812,4157
4383,69,220001,0,user_12,807,812,4157
4388,70,220001,0,user_19,807,812,4157
4439,71,220001,0,user_5,808,812,4157
4440,72,220001,0,user_6,808,812,4157
4442,73,220001,0,user_7,808,812,4157
4448,74,220001,0,user_13,808,812,4157
4386,75,220001,0,user_17,807,812,4157
4602,76,220000,0,user_33,810,812,
4438,77,219999,0,user_4,808,812,4157
4300,78,219999,0,user_19,806,812,4157
4441,79,219999,0,user_7,808,812,4157
4387,80,219999,0,user_18,807,812,4157
4446,81,219999,0,user_11,808,812,4157
4447,82,160001,0,user_12,808,812,4109
4521,83,160000,0,user_30,809,812,
4466,84,160000,0,user_32,808,812,
4479,85,160000,0,user_46,808,812,
4323,86,160000,0,user_38,806,812,
4498,87,159999,0,user_7,809,812,4109
4392,88,150000,0,user_20,807,812,
4317,89,130000,0,user_34,806,812,
4276,90,120000,0,user_48,805,812,
4522,91,120000,0,user_30,809,812,
4389,92,120000,0,user_20,807,812,
4391,93,120000,256000,user_20,807,812,
4401,94,110000,43600,user_29,807,812,
4594,95,110000,0,user_24,810,812,
4513,96,98000,0,user_24,809,812,
4503,97,79001,0,user_15,809,812,4305
4417,98,73000,0,user_41,807,812,
4507,0,43000001,0,user_17,809,813,4103
4454,1,43000001,0,user_18,808,813,4103
4759,5,43000001,0,user_1,813,815,4103
4644,3,42999999,0,user_4,811,813,4103
4646,4,42999999,0,user_5,811,813,4103
4455,5,42999999,0,user_18,808,813,4103
4579,6,5000001,0,user_10,810,813,4509
4518,7,5000000,0,user_29,809,813,
4509,8,5000000,1100000,user_20,809,813,
4717,20,5000000,0,user_33,812,815,
4420,10,4500000,0,user_44,807,813,
4510,11,4200000,0,user_20,809,813,
4713,24,4200000,0,user_30,812,815,
4714,25,4200000,0,user_31,812,815,
4474,14,3600000,0,user_40,808,813,
4609,15,3500000,0,user_40,810,813,
4421,16,3200000,0,user_44,807,813,
4481,17,3200000,0,user_48,808,813,
4499,18,2100001,0,user_8,809,813,4144
4573,19,2100001,0,user_8,810,813,4144
4589,20,2100001,0,user_19,810,813,4144
4473,21,2100000,6390,user_40,808,813,
4643,22,2099999,0,user_4,811,813,4144
4457,23,2099999,0,user_18,808,813,4144
4699,29,2099999,0,user_15,812,815,4144
4539,25,2000000,0,user_46,809,813,
4419,26,2000000,0,user_44,807,813,
4538,27,1700000,0,user_44,809,813,
4472,28,1400000,0,user_38,808,813,
4534,29,1400000,5630,user_41,809,813,
4686,30,1200001,0,user_2,812,813,4606
4695,36,1200001,0,user_9,812,815,4606
4703,42,1200000,0,user_21,812,815,
4471,33,1100000,0,user_38,808,813,
4641,34,1000001,0,user_4,811,813,4213
4645,35,1000001,0,user_4,811,813,4213
4585,36,1000001,0,user_16,810,813,4213
4590,37,1000001,0,user_19,810,813,4213
4758,48,1000001,0,user_0,813,815,4213
4477,39,1000000,0,user_43,808,813,
4500,40,999999,0,user_8,809,813,4213
4570,41,999999,0,user_7,810,813,4213
4461,42,970000,13900,user_28,808,813,
4412,43,970000,0,user_38,807,813,
4592,44,910000,0,user_22,810,813,
4458,45,870000,0,user_20,808,813,
4533,46,650000,0,user_41,809,813,
4418,47,600000,0,user_44,807,813,
4708,52,530000,0,user_25,812,815,
4706,53,460000,0,user_24,812,815,
4619,50,420000,146000,user_46,810,813,
4526,51,420000,0,user_34,809,813,
4475,52,370000,8520,user_41,808,813,
4566,53,350001,0,user_4,810,813,4272
4568,54,350001,0,user_5,810,813,4272
4569,55,350001,0,user_6,810,813,4272
4581,56,350001,0,user_13,810,813,4272
4572,57,350001,0,user_8,810,813,4272
4580,58,350001,0,user_12,810,813,4272
4584,59,350001,0,user_16,810,813,4272
4647,60,350001,0,user_6,811,813,4272
4651,61,350001,0,user_11,811,813,4272
4565,62,349999,0,user_3,810,813,4272
4567,63,349999,0,user_5,810,813,4272
4639,64,349999,0,user_3,811,813,4272
4640,65,349999,0,user_3,811,813,4272
4582,66,349999,0,user_14,810,813,4272
4588,67,349999,0,user_19,810,813,4272
4468,68,340000,0,user_34,808,813,
4618,69,340000,0,user_46,810,813,
4535,70,340000,0,user_41,809,813,
4616,71,320000,322000,user_46,810,813,
4610,72,320000,0,user_40,810,813,
4642,73,319999,0,user_4,811,813,4616
4620,74,310000,0,user_46,810,813,
4597,75,310000,0,user_26,810,813,
4537,76,310000,0,user_43,809,813,
4505,77,220001,0,user_16,809,813,4157
4508,78,220001,0,user_19,809,813,4157
4425,79,220000,0,user_48,807,813,
4599,80,220000,43600,user_29,810,813,
4617,81,220000,0,user_46,810,813,
4452,82,219999,0,user_16,808,813,4157
4453,83,219999,0,user_18,808,813,4157
4456,84,219999,0,user_18,808,813,4157
4587,85,219999,0,user_18,810,813,4157
4532,86,170000,1100000,user_41,809,813,
4571,87,160001,0,user_7,810,813,4109
4648,88,160001,0,user_7,811,813,4109
4476,89,160000,0,user_41,808,813,
4715,70,160000,0,user_31,812,815,
4707,72,150000,0,user_25,812,815,
4512,92,120000,283000,user_22,809,813,
4541,93,120000,0,user_48,809,813,
4710,76,120000,350000,user_25,812,815,
4506,95,119999,0,user_17,809,813,4391
4426,96,110000,0,user_49,807,813,
4709,79,110000,0,user_25,812,815,
4517,98,100000,0,user_28,809,813,
4413,99,87000,16400,user_38,807,813,
4405,0,85000,0,user_34,807,814,
4775,2,43000001,0,user_17,813,818,4103
4776,3,43000001,0,user_17,813,818,4103
4688,0,43000001,0,user_4,812,816,4103
4689,1,43000001,0,user_6,812,816,4103
4690,2,43000001,0,user_6,812,816,4103
4759,5,43000001,0,user_1,813,815,4103
4693,3,43000001,0,user_8,812,816,4103
4694,4,43000001,0,user_8,812,816,4103
4661,5,43000001,0,user_19,811,816,4103
4815,6,43000001,0,user_3,814,816,4103
4764,7,43000001,0,user_8,813,816,4103
4698,10,42999999,0,user_13,812,816,4103
4761,11,42999999,0,user_4,813,816,4103
4701,12,42999999,0,user_18,812,816,4103
4767,13,42999999,0,user_11,813,816,4103
4816,14,42999999,0,user_4,814,816,4103
4778,15,42999999,0,user_18,813,816,4103
4832,11,19000000,0,user_23,814,818,
4798,16,19000000,0,user_46,813,816,
4729,17,6100000,146000,user_44,812,816,
4717,20,5000000,0,user_33,812,815,
4774,17,4999999,0,user_17,813,818,4509
4777,18,4999999,0,user_18,813,816,4509
4863,18,4999999,0,user_10,815,818,4509
4713,24,4200000,0,user_30,812,815,
4714,25,4200000,0,user_31,812,815,
4679,19,4200000,0,user_44,811,816,
4652,22,2100001,0,user_12,811,816,4144
4824,23,2099999,0,user_17,814,818,4144
4699,29,2099999,0,user_15,812,815,4144
4760,24,2099999,0,user_3,813,816,4144
4702,25,2099999,0,user_19,812,816,4144
4833,25,2000000,0,user_23,814,818,
4733,27,1700000,0,user_46,812,816,
4674,28,1600000,36800,user_40,811,816,
4799,31,1400000,0,user_49,813,818,
4695,36,1200001,0,user_9,812,815,4606
4768,32,1200001,0,user_11,813,816,4606
4770,33,1200001,0,user_13,813,816,4606
4769,34,1200001,0,user_12,813,816,4606
4779,35,1200001,0,user_19,813,816,4606
4820,36,1200001,0,user_11,814,816,4606
4703,42,1200000,0,user_21,812,815,
4687,39,1199999,0,user_3,812,816,4606
4697,40,1199999,0,user_12,812,816,4606
4771,41,1199999,0,user_14,813,816,4606
4818,42,1199999,0,user_6,814,816,4606
4655,44,1000001,0,user_14,811,816,4213
4758,48,1000001,0,user_0,813,815,4213
4838,38,1000000,0,user_28,814,818,
4654,46,999999,0,user_14,811,816,4213
4732,49,650000,0,user_46,812,816,
4708,52,530000,0,user_25,812,815,
4706,53,460000,0,user_24,812,815,
4613,51,460000,0,user_44,810,816,
4730,53,420000,0,user_44,812,816,
4762,55,360001,0,user_5,813,816,4682
4763,56,360001,0,user_5,813,816,4682
4666,57,360000,0,user_29,811,816,
4682,58,360000,959000,user_48,811,816,
4855,59,359999,0,user_2,815,816,4682
4859,48,359999,0,user_7,815,818,4682
4658,61,349999,0,user_16,811,816,4272
4660,62,349999,0,user_18,811,816,4272
4719,54,340000,0,user_38,812,818,
4656,63,320001,0,user_14,811,816,4616
4727,64,310000,0,user_44,812,816,
4844,62,220000,594000,user_41,814,818,
4827,64,190000,0,user_20,814,818,
4817,66,170001,0,user_5,814,816,4532
4715,70,160000,0,user_31,812,815,
4653,70,159999,0,user_14,811,816,4109
4707,72,150000,0,user_25,812,815,
4712,76,150000,0,user_29,812,816,
4793,77,150000,0,user_40,813,816,
4794,85,120000,0,user_41,813,818,
4710,76,120000,350000,user_25,812,815,
4680,79,120000,16400,user_44,811,816,
4783,90,110000,0,user_28,813,818,
4709,79,110000,0,user_25,812,815,
4728,80,110000,0,user_44,812,816,
4800,91,98000,381000,user_49,813,818,
4704,86,80000,0,user_22,812,816,
4718,87,79000,0,user_34,812,816,
4721,88,79000,0,user_40,812,816,
4688,0,43000001,0,user_4,812,816,4103
4689,1,43000001,0,user_6,812,816,4103
4690,2,43000001,0,user_6,812,816,4103
4693,3,43000001,0,user_8,812,816,4103
4694,4,43000001,0,user_8,812,816,4103
4661,5,43000001,0,user_19,811,816,4103
4815,6,43000001,0,user_3,814,816,4103
4764,7,43000001,0,user_8,813,816,4103
4814,2,42999999,0,user_0,814,817,4103
4650,9,42999999,0,user_10,811,816,4103
4698,10,42999999,0,user_13,812,816,4103
4761,11,42999999,0,user_4,813,816,4103
4701,12,42999999,0,user_18,812,816,4103
4767,13,42999999,0,user_11,813,816,4103
4816,14,42999999,0,user_4,814,816,4103
4778,15,42999999,0,user_18,813,816,4103
4798,16,19000000,0,user_46,813,816,
4729,17,6100000,146000,user_44,812,816,
4777,18,4999999,0,user_18,813,816,4509
4679,19,4200000,0,user_44,811,816,
4876,7,3200000,0,user_21,815,817,
4829,9,2600000,0,user_21,814,817,
4652,22,2100001,0,user_12,811,816,4144
4692,23,2100001,0,user_7,812,816,4144
4760,24,2099999,0,user_3,813,816,4144
4702,25,2099999,0,user_19,812,816,4144
4875,14,1800000,0,user_21,815,817,
4733,27,1700000,0,user_46,812,816,
4674,28,1600000,36800,user_40,811,816,
4593,29,1300000,164000,user_23,810,816,
4773,16,1200001,0,user_15,813,817,4606
4691,31,1200001,0,user_7,812,816,4606
4768,32,1200001,0,user_11,813,816,4606
4770,33,1200001,0,user_13,813,816,4606
4769,34,1200001,0,user_12,813,816,4606
4779,35,1200001,0,user_19,813,816,4606
4820,36,1200001,0,user_11,814,816,4606
4919,17,1200001,0,user_1,816,817,4606
4772,18,1199999,0,user_15,813,817,4606
4687,39,1199999,0,user_3,812,816,4606
4697,40,1199999,0,user_12,812,816,4606
4771,41,1199999,0,user_14,813,816,4606
4818,42,1199999,0,user_6,814,816,4606
4790,22,1100000,146000,user_37,813,817,
4655,44,1000001,0,user_14,811,816,4213
4765,24,999999,0,user_9,813,817,4213
4654,46,999999,0,user_14,811,816,4213
4716,28,670000,0,user_32,812,817,
4611,48,670000,0,user_41,810,816,
4732,49,650000,0,user_46,812,816,
4828,30,460000,0,user_21,814,817,
4613,51,460000,0,user_44,810,816,
4780,31,420000,0,user_21,813,817,
4730,53,420000,0,user_44,812,816,
4784,32,370000,0,user_31,813,817,
4762,55,360001,0,user_5,813,816,4682
4763,56,360001,0,user_5,813,816,4682
4666,57,360000,0,user_29,811,816,
4682,58,360000,959000,user_48,811,816,
4855,59,359999,0,user_2,815,816,4682
4788,41,350000,0,user_35,813,817,
4658,61,349999,0,user_16,811,816,4272
4660,62,349999,0,user_18,811,816,4272
4656,63,320001,0,user_14,811,816,4616
4727,64,310000,0,user_44,812,816,
4882,43,260000,0,user_33,815,817,
4817,66,170001,0,user_5,814,816,4532
4921,45,170001,0,user_1,816,817,4532
4920,50,169999,0,user_1,816,817,4532
4529,69,160000,35100,user_38,809,816,
4653,70,159999,0,user_14,811,816,4109
4586,71,159999,0,user_17,810,816,4109
4830,56,150000,15300,user_21,814,817,
4841,57,150000,0,user_33,814,817,
4542,74,150000,350000,user_49,809,816,
4612,75,150000,0,user_43,810,816,
4712,76,150000,0,user_29,812,816,
4793,77,150000,0,user_40,813,816,
4786,60,120000,0,user_33,813,817,
4680,79,120000,16400,user_44,811,816,
4728,80,110000,0,user_44,812,816,
4880,61,110000,0,user_30,815,817,
4785,63,100000,0,user_33,813,817,
4781,65,98000,0,user_25,813,817,
4789,66,84000,0,user_35,813,817,
4835,70,82000,17700000,user_25,814,817,
4704,86,80000,0,user_22,812,816,
4718,87,79000,0,user_34,812,816,
4721,88,79000,0,user_40,812,816,
4826,0,43000001,0,user_18,814,818,4103
4825,7,42999999,0,user_18,814,818,4103
4814,2,42999999,0,user_0,814,817,4103
4823,14,5000001,0,user_16,814,818,4509
4960,4,5000000,0,user_41,816,817,
4998,1,4999999,0,user_7,817,819,4509
4896,6,3500000,285000,user_49,815,817,
4876,7,3200000,0,user_21,815,817,
4853,8,3200000,0,user_49,814,817,
4829,9,2600000,0,user_21,814,817,
4922,21,2100001,0,user_2,816,818,4144
4994,5,2100001,0,user_7,817,819,4144
4925,22,2099999,0,user_3,816,818,4144
4852,13,2000000,0,user_49,814,817,
4875,14,1800000,0,user_21,815,817,
4873,15,1400000,0,user_20,815,817,
4773,16,1200001,0,user_15,813,817,4606
4919,17,1200001,0,user_1,816,817,4606
4772,18,1199999,0,user_15,813,817,4606
4930,33,1199999,0,user_7,816,818,4606
4988,34,1199999,0,user_2,817,818,4606
4836,35,1100000,39400,user_26,814,818,
4790,22,1100000,146000,user_37,813,817,
4958,23,1000000,0,user_41,816,817,
4765,24,999999,0,user_9,813,817,4213
4874,25,910000,36800,user_20,815,817,
4963,26,870000,139000,user_43,816,817,
4889,27,670000,0,user_43,815,817,
4716,28,670000,0,user_32,812,817,
4872,29,460000,0,user_20,815,817,
4828,30,460000,0,user_21,814,817,
4780,31,420000,0,user_21,813,817,
4784,32,370000,0,user_31,813,817,
4939,33,360001,0,user_17,816,817,4682
4871,44,360001,0,user_18,815,818,4682
4856,45,359999,0,user_3,815,818,4682
4857,46,359999,0,user_5,815,818,4682
4858,47,359999,0,user_6,815,818,4682
4864,49,359999,0,user_11,815,818,4682
4866,50,359999,0,user_13,815,818,4682
4870,51,359999,0,user_18,815,818,4682
4788,41,350000,0,user_35,813,817,
4961,42,300000,381000,user_41,816,817,
4882,43,260000,0,user_33,815,817,
4843,44,220000,256000,user_38,814,817,
4921,45,170001,0,user_1,816,817,4532
4928,66,170001,0,user_7,816,818,4532
4929,67,170001,0,user_7,816,818,4532
4926,65,170001,0,user_5,816,818,4532
4996,13,170001,0,user_7,817,819,4532
4920,50,169999,0,user_1,816,817,4532
4931,77,169999,0,user_7,816,818,4532
4923,75,169999,0,user_3,816,818,4532
4927,76,169999,0,user_6,816,818,4532
4936,78,169999,0,user_11,816,818,4532
5002,55,169999,0,user_10,817,817,4532
4830,56,150000,15300,user_21,814,817,
4841,57,150000,0,user_33,814,817,
4957,58,150000,35600,user_41,816,817,
4887,59,120000,0,user_41,815,817,
4786,60,120000,0,user_33,813,817,
4880,61,110000,0,user_30,815,817,
4878,62,100000,0,user_28,815,817,
4785,63,100000,0,user_33,813,817,
4959,64,100000,139000,user_41,816,817,
4781,65,98000,0,user_25,813,817,
4789,66,84000,0,user_35,813,817,
4932,95,82001,0,user_7,816,818,4835
4995,25,82001,0,user_7,817,819,4835
4997,26,82001,0,user_7,817,819,4835
4835,70,82000,17700000,user_25,814,817,
4924,98,81999,0,user_3,816,818,4835
4826,0,43000001,0,user_18,814,818,4103
4869,1,43000001,0,user_15,815,818,4103
4775,2,43000001,0,user_17,813,818,4103
4776,3,43000001,0,user_17,813,818,4103
4696,4,42999999,0,user_10,812,818,4103
4700,5,42999999,0,user_17,812,818,4103
4766,6,42999999,0,user_10,813,818,4103
4825,7,42999999,0,user_18,814,818,4103
4935,8,42999999,0,user_9,816,818,4103
4885,9,30000000,0,user_37,815,818,
4954,10,19000000,0,user_37,816,818,
4832,11,19000000,0,user_23,814,818,
4840,12,5200000,0,user_32,814,818,
4883,13,5200000,121000,user_35,815,818,
4823,14,5000001,0,user_16,814,818,4509
4842,15,5000000,0,user_35,814,818,
4659,16,4999999,0,user_17,811,818,4509
4774,17,4999999,0,user_17,813,818,4509
4863,18,4999999,0,user_10,815,818,4509
5016,19,3600000,0,user_24,817,818,
4941,20,2600000,0,user_24,816,818,
4922,21,2100001,0,user_2,816,818,4144
4925,22,2099999,0,user_3,816,818,4144
4824,23,2099999,0,user_17,814,818,4144
4675,24,2000000,0,user_41,811,818,
4833,25,2000000,0,user_23,814,818,
4951,26,1900000,0,user_33,816,818,
4665,27,1700000,66100,user_28,811,818,
4942,28,1700000,0,user_24,816,818,
4677,29,1500000,410000,user_43,811,818,
4949,30,1400000,0,user_31,816,818,
4799,31,1400000,0,user_49,813,818,
5038,32,1400000,0,user_47,817,818,
4930,33,1199999,0,user_7,816,818,4606
4988,34,1199999,0,user_2,817,818,4606
4836,35,1100000,39400,user_26,814,818,
4881,36,1100000,0,user_32,815,818,
5024,37,1100000,0,user_35,817,818,
4838,38,1000000,0,user_28,814,818,
4884,39,910000,0,user_35,815,818,
5023,40,870000,0,user_35,817,818,
4944,41,600000,0,user_25,816,818,
4894,42,460000,73100,user_47,815,818,
4892,43,420000,0,user_47,815,818,
4871,44,360001,0,user_18,815,818,4682
4856,45,359999,0,user_3,815,818,4682
4857,46,359999,0,user_5,815,818,4682
4858,47,359999,0,user_6,815,818,4682
4859,48,359999,0,user_7,815,818,4682
4864,49,359999,0,user_11,815,818,4682
4866,50,359999,0,user_13,815,818,4682
4870,51,359999,0,user_18,815,818,4682
4834,52,340000,49100,user_24,814,818,
4895,53,340000,0,user_47,815,818,
4719,54,340000,0,user_38,812,818,
4943,55,320000,0,user_25,816,818,
4621,56,310000,0,user_49,810,818,
4607,57,260000,0,user_38,810,818,
4672,58,260000,0,user_38,811,818,
4947,59,260000,0,user_30,816,818,
4893,60,260000,0,user_47,815,818,
4705,61,220000,0,user_23,812,818,
4844,62,220000,594000,user_41,814,818,
5012,63,220000,0,user_21,817,818,
4827,64,190000,0,user_20,814,818,
4926,65,170001,0,user_5,816,818,4532
4928,66,170001,0,user_7,816,818,4532
4929,67,170001,0,user_7,816,818,4532
5001,68,170001,0,user_9,817,818,4532
5007,69,170001,0,user_15,817,818,4532
5008,70,170001,0,user_15,817,818,4532
5048,71,170001,0,user_1,818,818,4532
4862,72,169999,0,user_9,815,818,4532
4868,73,169999,0,user_15,815,818,4532
4987,74,169999,0,user_0,817,818,4532
4923,75,169999,0,user_3,816,818,4532
4927,76,169999,0,user_6,816,818,4532
4931,77,169999,0,user_7,816,818,4532
4936,78,169999,0,user_11,816,818,4532
5000,79,169999,0,user_9,817,818,4532
5045,80,169999,0,user_0,818,818,4532
4953,81,150000,0,user_37,816,818,
4662,82,120000,0,user_20,811,818,
4676,83,120000,0,user_43,811,818,
4965,84,120000,0,user_47,816,818,
4794,85,120000,0,user_41,813,818,
4663,86,110000,16400,user_23,811,818,
4722,87,110000,0,user_41,812,818,
4726,88,110000,0,user_43,812,818,
4948,89,110000,0,user_30,816,818,
4783,90,110000,0,user_28,813,818,
4800,91,98000,381000,user_49,813,818,
4683,92,87000,0,user_49,811,818,
5021,93,87000,0,user_31,817,818,
4950,94,84000,0,user_32,816,818,
4932,95,82001,0,user_7,816,818,4835
5046,96,82001,0,user_0,818,818,4835
5025,97,82000,0,user_37,817,818,
4924,98,81999,0,user_3,816,818,4835
5047,99,81999,0,user_0,818,818,4835
5090,0,5000000,0,user_31,818,819,
4998,1,4999999,0,user_7,817,819,4509
5092,2,3500000,0,user_35,818,819,
4991,3,2100001,0,user_5,817,819,4144
4993,4,2100001,0,user_6,817,819,4144
4994,5,2100001,0,user_7,817,819,4144
5051,6,2099999,0,user_2,818,819,4144
5084,7,1500000,0,user_24,818,819,
5003,8,1200001,0,user_11,817,819,4606
4945,9,660000,0,user_26,816,819,
5078,10,460000,0,user_21,818,819,
5077,11,310000,0,user_21,818,819,
4956,12,260000,0,user_40,816,819,
4996,13,170001,0,user_7,817,819,4532
5050,14,170001,0,user_2,818,819,4532
5063,15,170001,0,user_9,818,819,4532
5113,16,170001,0,user_0,819,819,4532
5114,17,170001,0,user_1,819,819,4532
4989,18,169999,0,user_3,817,819,4532
4990,19,169999,0,user_5,817,819,4532
4992,20,169999,0,user_6,817,819,4532
4940,21,169999,0,user_18,816,819,4532
5004,22,169999,0,user_11,817,819,4532
5053,23,169999,0,user_2,818,819,4532
5065,24,169999,0,user_9,818,819,4532
4995,25,82001,0,user_7,817,819,4835
4997,26,82001,0,user_7,817,819,4835
5049,27,82001,0,user_2,818,819,4835
5052,28,82001,0,user_2,818,819,4835
5064,29,82001,0,user_9,818,819,4835
5112,30,82001,0,user_0,819,819,4835
4678,31,79000,0,user_43,811,819,
3961,0,470000,0,user_1,820,820,
3984,0,6100000,0,user_31,820,821,
3962,1,3600000,0,user_2,820,821,
3963,2,2500000,0,user_2,820,821,
3986,3,1500000,0,user_33,820,821,
3964,4,970000,0,user_2,820,821,
3965,5,240000,195000,user_2,820,821,
4004,6,239999,0,user_1,821,821,3965
3988,0,30000000,0,user_35,820,822,
3973,1,19000000,0,user_15,820,822,
3991,2,3600000,0,user_37,820,822,
4024,3,2500000,0,user_25,821,822,
3985,4,2100000,0,user_32,820,822,
4046,5,1400001,0,user_0,822,822,4010
4010,6,1400000,64600,user_9,821,822,
4022,7,650000,0,user_21,821,822,
3979,8,470000,18600,user_24,820,822,
4014,9,460000,0,user_15,821,822,
4030,10,340000,0,user_31,821,822,
4047,11,240001,0,user_1,822,822,3965
4048,12,240001,0,user_1,822,822,3965
4049,13,240001,0,user_1,822,822,3965
4050,14,239999,0,user_1,822,822,3965
4023,15,220000,0,user_24,821,822,
4013,16,160000,0,user_15,821,822,
4029,17,150000,0,user_30,821,822,
4032,18,150000,0,user_33,821,822,
3990,19,84000,0,user_37,820,822,
4068,19,27000000,0,user_20,822,829,
4076,27,5000000,108000,user_28,822,829,
4102,40,2100000,0,user_43,822,829,
4098,81,910000,0,user_41,822,829,
4044,96,420000,0,user_49,821,829,
4101,5,350000,0,user_43,822,823,
4036,6,260000,0,user_38,821,823,
4064,7,240001,0,user_17,822,823,3965
4122,8,240001,0,user_10,823,823,3965
4119,9,239999,0,user_7,823,823,3965
4080,0,4200000,31700,user_33,822,824,
4139,1,3500000,0,user_25,823,824,
4144,2,2100000,1100000,user_30,823,824,
4079,3,530000,0,user_31,822,824,
4145,4,530000,0,user_31,823,824,
4168,5,239999,0,user_1,824,824,3965
4146,6,170000,0,user_33,823,824,
4069,7,150000,0,user_21,822,824,
4083,8,130000,0,user_33,822,824,
4073,9,110000,0,user_25,822,824,
4131,10,100000,0,user_21,823,824,
4081,11,82000,0,user_33,822,824,
4082,12,79000,0,user_33,822,824,
4070,13,70000,0,user_21,822,824,
4224,13,27000001,0,user_7,825,829,4017
4186,69,1300000,0,user_23,824,829,
4184,2,360000,0,user_20,824,825,
4225,3,220001,0,user_7,825,825,4157
4229,4,219999,0,user_10,825,825,4157
4205,5,120000,0,user_43,824,825,
4165,0,6100000,0,user_47,823,826,
4088,1,5000000,0,user_35,822,826,
4200,2,4500000,0,user_33,824,826,
4152,3,3600000,0,user_37,823,826,
4211,4,3200000,0,user_47,824,826,
4282,5,2100001,0,user_1,826,826,4144
4215,6,2099999,0,user_0,825,826,4144
4193,7,1800000,0,user_30,824,826,
4197,8,1800000,0,user_33,824,826,
4199,9,1600000,0,user_33,824,826,
4203,10,1600000,0,user_35,824,826,
4110,11,1500000,0,user_47,822,826,
4091,12,1400000,56200,user_37,822,826,
4252,13,1100000,0,user_31,825,826,
4072,14,1000000,0,user_24,822,826,
4187,15,1000000,0,user_24,824,826,
4194,16,870000,0,user_30,824,826,
4188,17,650000,0,user_25,824,826,
4256,18,650000,0,user_33,825,826,
4255,19,600000,49100,user_33,825,826,
4126,20,470001,0,user_15,823,826,3979
4212,21,460000,0,user_47,824,826,
4113,22,420000,0,user_47,822,826,
4149,23,420000,5640,user_35,823,826,
4198,24,360000,0,user_33,824,826,
4031,25,350000,0,user_32,821,826,
4254,26,310000,108000,user_33,825,826,
4281,27,309999,0,user_1,826,826,4254
4056,28,240001,0,user_9,822,826,3965
4061,29,240001,0,user_15,822,826,3965
4178,30,240001,0,user_15,824,826,3965
4179,31,240001,0,user_15,824,826,3965
4060,32,239999,0,user_15,822,826,3965
4121,33,239999,0,user_9,823,826,3965
4172,34,239999,0,user_9,824,826,3965
4148,35,220000,0,user_35,823,826,
4111,36,170000,0,user_47,822,826,
4151,37,170000,30200,user_37,823,826,
4112,38,160000,0,user_47,822,826,
4150,39,110000,0,user_35,823,826,
4238,40,110000,34700,user_21,825,826,
4138,41,85000,0,user_24,823,826,
4090,42,83000,0,user_37,822,826,
4201,43,70000,0,user_33,824,826,
4288,0,43000001,0,user_6,826,829,4103
4294,1,43000001,0,user_13,826,829,4103
4298,2,42999999,0,user_17,826,832,4103
4231,6,42999999,0,user_16,825,829,4103
4375,7,42999999,0,user_2,827,829,4103
4230,14,27000001,0,user_12,825,829,4132
4226,21,26999999,0,user_8,825,829,4132
4251,28,5000000,0,user_29,825,829,
4271,29,5000000,0,user_46,825,829,
4330,12,2600000,23500,user_43,826,832,
3977,36,2400000,0,user_22,820,829,
4302,16,2400000,10700,user_20,826,832,
3999,47,2000000,16400,user_46,820,829,
4303,24,2000000,0,user_20,826,832,
4227,53,1999999,0,user_8,825,829,3999
3982,54,1900000,0,user_29,820,829,
3978,59,1600000,0,user_22,820,829,
3976,60,1600000,0,user_19,820,829,
4202,62,1500000,0,user_34,824,829,
4237,72,1000001,0,user_19,825,829,4213
4213,76,1000000,296000,user_48,824,829,
4381,31,999999,0,user_10,827,832,4213
3987,87,670000,0,user_34,820,829,
4327,39,670000,0,user_41,826,832,
3983,88,650000,0,user_29,820,829,
4301,48,420000,0,user_20,826,832,
3994,97,360000,0,user_40,820,829,
4240,27,350000,12800,user_22,825,827,
4304,61,340000,0,user_23,826,832,
3966,29,240001,0,user_3,820,827,3965
3967,30,240001,0,user_4,820,827,3965
3968,31,240001,0,user_8,820,827,3965
3970,32,240001,0,user_12,820,827,3965
4284,33,240001,0,user_3,826,827,3965
4285,34,240001,0,user_3,826,827,3965
4286,35,240001,0,user_4,826,827,3965
4181,36,240001,0,user_18,824,827,3965
4182,37,240001,0,user_18,824,827,3965
4292,38,240001,0,user_11,826,827,3965
3969,39,239999,0,user_11,820,827,3965
3971,40,239999,0,user_13,820,827,3965
3972,41,239999,0,user_14,820,827,3965
4233,42,239999,0,user_18,825,827,3965
4234,43,239999,0,user_18,825,827,3965
4235,44,239999,0,user_18,825,827,3965
4236,45,239999,0,user_18,825,827,3965
4379,46,220001,0,user_7,827,827,4157
4287,47,219999,0,user_5,826,827,4157
4241,48,120000,0,user_22,825,827,
4242,49,120000,0,user_22,825,827,
3975,50,110000,0,user_19,820,827,
4000,51,83000,0,user_48,820,827,
4239,52,77000,15700,user_22,825,827,
4445,0,43000001,0,user_10,828,832,4103
4299,8,42999999,0,user_18,826,829,4103
4436,9,42999999,0,user_2,828,829,4103
4390,11,3500000,0,user_20,827,832,
4444,18,2100001,0,user_10,828,832,4144
4325,86,870000,0,user_40,826,829,
4395,45,470000,0,user_23,827,832,
4400,63,340000,39400,user_28,827,832,
4393,64,310000,73100,user_20,827,832,
4293,9,240001,0,user_12,826,828,3965
4295,10,240001,0,user_14,826,828,3965
4296,11,240001,0,user_14,826,828,3965
4386,75,220001,0,user_17,827,832,4157
4377,13,220001,0,user_4,827,828,4157
4382,14,220001,0,user_11,827,828,4157
4442,73,220001,0,user_7,828,832,4157
4376,16,219999,0,user_3,827,828,4157
4378,17,219999,0,user_6,827,828,4157
4384,18,219999,0,user_13,827,828,4157
4441,79,219999,0,user_7,828,832,4157
4323,86,160000,0,user_38,826,832,
4392,88,150000,0,user_20,827,832,
4310,22,150000,0,user_29,826,828,
4389,92,120000,0,user_20,827,832,
4391,93,120000,256000,user_20,827,832,
4326,25,98000,0,user_40,826,828,
4417,98,73000,0,user_41,827,832,
4288,0,43000001,0,user_6,826,829,4103
4294,1,43000001,0,user_13,826,829,4103
4291,2,43000001,0,user_10,826,829,4103
4103,3,43000000,545000,user_44,822,829,
4183,4,42999999,0,user_19,824,829,4103
4218,5,42999999,0,user_5,825,829,4103
4231,6,42999999,0,user_16,825,829,4103
4375,7,42999999,0,user_2,827,829,4103
4299,8,42999999,0,user_18,826,829,4103
4436,9,42999999,0,user_2,828,829,4103
4135,10,30000000,0,user_23,823,829,
4411,11,30000000,0,user_37,827,829,
4171,12,27000001,0,user_7,824,829,4017
4224,13,27000001,0,user_7,825,829,4017
4230,14,27000001,0,user_12,825,829,4132
4025,15,27000000,0,user_26,821,829,
4071,16,27000000,0,user_22,822,829,
4017,17,27000000,84800,user_17,821,829,
4132,18,27000000,11200,user_22,823,829,
4068,19,27000000,0,user_20,822,829,
4057,20,26999999,0,user_10,822,829,4017
4226,21,26999999,0,user_8,825,829,4132
4129,22,19000000,0,user_20,823,829,
4243,23,19000000,39400,user_23,825,829,
4262,24,19000000,12800,user_41,825,829,
4170,25,5000001,0,user_7,824,829,4076
4174,26,5000001,0,user_10,824,829,4076
4076,27,5000000,108000,user_28,822,829,
4251,28,5000000,0,user_29,825,829,
4271,29,5000000,0,user_46,825,829,
4283,30,4999999,0,user_2,826,829,4076
4290,31,4199999,0,user_9,826,829,4080
4108,32,3500000,0,user_46,822,829,
4140,33,3500000,0,user_26,823,829,
3996,34,3200000,0,user_43,820,829,
4470,35,2500000,0,user_37,828,829,
3977,36,2400000,0,user_22,820,829,
4316,37,2300000,0,user_32,826,829,
4077,38,2100000,0,user_29,822,829,
4027,39,2100000,0,user_28,821,829,
4102,40,2100000,0,user_43,822,829,
4137,41,2100000,0,user_23,823,829,
4403,42,2100000,0,user_32,827,829,
4297,43,2099999,0,user_15,826,829,4144
4492,44,2099999,0,user_1,829,829,4144
4005,45,2000001,0,user_4,821,829,3999
4058,46,2000001,0,user_12,822,829,3999
3999,47,2000000,16400,user_46,820,829,
4106,48,2000000,0,user_46,822,829,
4266,49,2000000,0,user_41,825,829,
4464,50,2000000,0,user_30,828,829,
4009,51,1999999,0,user_8,821,829,3999
4051,52,1999999,0,user_4,822,829,3999
4227,53,1999999,0,user_8,825,829,3999
3982,54,1900000,0,user_29,820,829,
3981,55,1800000,0,user_28,820,829,
4143,56,1800000,0,user_29,823,829,
4154,57,1800000,0,user_38,823,829,
4115,58,1700000,0,user_48,822,829,
3978,59,1600000,0,user_22,820,829,
3976,60,1600000,0,user_19,820,829,
4021,61,1600000,0,user_20,821,829,
4202,62,1500000,0,user_34,824,829,
4450,63,1400001,0,user_15,828,829,4315
4311,64,1400000,0,user_30,826,829,
4306,65,1400000,0,user_24,826,829,
4315,66,1400000,181000,user_32,826,829,
4228,67,1399999,0,user_9,825,829,4091
4167,68,1300000,21800,user_48,823,829,
4186,69,1300000,0,user_23,824,829,
4312,70,1200000,0,user_30,826,829,
4162,71,1100000,0,user_44,823,829,
4237,72,1000001,0,user_19,825,829,4213
4105,73,1000000,0,user_46,822,829,
4084,74,1000000,5180,user_34,822,829,
4086,75,1000000,0,user_34,822,829,
4213,76,1000000,296000,user_48,824,829,
4214,77,1000000,0,user_49,824,829,
4459,78,1000000,0,user_24,828,829,
4166,79,970000,0,user_48,823,829,
4480,80,970000,0,user_47,828,829,
4098,81,910000,0,user_41,822,829,
4161,82,910000,0,user_43,823,829,
4314,83,910000,0,user_31,826,829,
4033,84,870000,0,user_34,821,829,
4130,85,870000,0,user_20,823,829,
4325,86,870000,0,user_40,826,829,
3987,87,670000,0,user_34,820,829,
3983,88,650000,0,user_29,820,829,
4163,89,650000,0,user_44,823,829,
4263,90,650000,0,user_41,825,829,
4423,91,600000,0,user_47,827,829,
4424,92,600000,0,user_47,827,829,
4273,93,460000,0,user_47,825,829,
4195,94,460000,0,user_32,824,829,
4204,95,460000,0,user_38,824,829,
4044,96,420000,0,user_49,821,829,
3994,97,360000,0,user_40,820,829,
4078,98,360000,0,user_29,822,829,
4039,99,360000,0,user_41,821,829,
4136,0,350000,0,user_23,823,830,
4158,1,350000,0,user_43,823,830,
4085,2,320000,0,user_34,822,830,
4059,3,310001,0,user_14,822,830,4042
4118,4,310001,0,user_4,823,830,4042
4123,5,310001,0,user_12,823,830,4042
4042,6,310000,12300,user_46,821,830,
4092,7,300000,0,user_38,822,830,
4007,8,240001,0,user_6,821,830,3965
4011,9,240001,0,user_13,821,830,3965
4012,10,240001,0,user_14,821,830,3965
4020,11,240001,0,user_19,821,830,3965
4052,12,240001,0,user_5,822,830,3965
4054,13,240001,0,user_6,822,830,3965
4124,14,240001,0,user_13,823,830,3965
4018,15,240001,0,user_18,821,830,3965
4065,16,240001,0,user_18,822,830,3965
4127,17,240001,0,user_16,823,830,3965
4128,18,240001,0,user_16,823,830,3965
4006,19,239999,0,user_5,821,830,3965
4008,20,239999,0,user_7,821,830,3965
4015,21,239999,0,user_16,821,830,3965
4019,22,239999,0,user_19,821,830,3965
4053,23,239999,0,user_6,822,830,3965
4055,24,239999,0,user_7,822,830,3965
4117,25,239999,0,user_3,823,830,3965
4062,26,239999,0,user_16,822,830,3965
4063,27,239999,0,user_16,822,830,3965
4066,28,239999,0,user_19,822,830,3965
4067,29,239999,0,user_19,822,830,3965
4028,30,220000,0,user_29,821,830,
4114,31,220000,0,user_48,822,830,
4157,32,220000,231000,user_41,823,830,
4153,33,220000,0,user_38,823,830,
4043,34,190000,0,user_46,821,830,
4125,35,160001,0,user_14,823,830,4109
4109,36,160000,369000,user_46,822,830,
4159,37,160000,0,user_43,823,830,
4120,38,159999,0,user_8,823,830,4109
3997,39,150000,0,user_43,820,830,
4133,40,150000,0,user_23,823,830,
4160,41,150000,0,user_43,823,830,
4016,42,120000,0,user_17,821,830,
4156,43,120000,8520,user_40,823,830,
3974,44,110000,0,user_17,820,830,
4142,45,110000,0,user_29,823,830,
4147,46,110000,0,user_34,823,830,
4001,47,100000,0,user_49,820,830,
4038,48,87000,0,user_40,821,830,
4041,49,87000,0,user_43,821,830,
4087,50,87000,0,user_34,822,830,
4107,51,84000,0,user_46,822,830,
4134,52,83000,0,user_23,823,830,
4116,53,82000,0,user_49,822,830,
3992,54,77000,0,user_38,820,830,
4650,9,42999999,0,user_10,831,836,4103
4593,29,1300000,164000,user_23,830,836,
4611,48,670000,0,user_41,830,836,
4648,88,160001,0,user_7,831,833,4109
4529,69,160000,35100,user_38,829,836,
4586,71,159999,0,user_17,830,836,4109
4542,74,150000,350000,user_49,829,836,
4612,75,150000,0,user_43,830,836,
4196,8,120000,0,user_32,824,831,
4445,0,43000001,0,user_10,828,832,4103
4502,1,43000001,0,user_13,829,832,4103
4298,2,42999999,0,user_17,826,832,4103
4320,3,27000000,0,user_34,826,832,
4525,4,6100000,5180,user_32,829,832,
4511,5,5000000,0,user_21,829,832,
4528,6,5000000,0,user_37,829,832,
4519,7,4200000,0,user_30,829,832,
4398,8,3600000,0,user_26,827,832,
4605,9,3600000,0,user_33,830,832,
4523,10,3500000,0,user_30,829,832,
4390,11,3500000,0,user_20,827,832,
4330,12,2600000,23500,user_43,826,832,
4664,13,2600000,0,user_25,831,832,
4463,14,2500000,0,user_29,828,832,
4318,15,2400000,0,user_34,826,832,
4302,16,2400000,10700,user_20,826,832,
4668,17,2300000,0,user_30,831,832,
4444,18,2100001,0,user_10,828,832,4144
4574,19,2100001,0,user_9,830,832,4144
4684,20,2100001,0,user_0,832,832,4144
4495,21,2099999,0,user_4,829,832,4144
4685,22,2099999,0,user_1,832,832,4144
4257,23,2000000,0,user_34,825,832,
4303,24,2000000,0,user_20,826,832,
4604,25,2000000,0,user_33,830,832,
4669,26,1900000,0,user_31,831,832,
4595,27,1400000,16400,user_25,830,832,
4606,28,1200000,7190000,user_37,830,832,
4667,29,1100000,0,user_30,831,832,
4380,30,1000001,0,user_8,827,832,4213
4381,31,999999,0,user_10,827,832,4213
4449,32,999999,0,user_13,828,832,4213
4501,33,999999,0,user_13,829,832,4213
4583,34,999999,0,user_15,830,832,4213
4649,35,999999,0,user_9,831,832,4213
4601,36,970000,0,user_31,830,832,
4591,37,910000,0,user_21,830,832,
4596,38,910000,0,user_25,830,832,
4327,39,670000,0,user_41,826,832,
4540,40,660000,0,user_47,829,832,
4524,41,650000,0,user_31,829,832,
4520,42,630000,0,user_30,829,832,
4331,43,600000,0,user_44,826,832,
4603,44,530000,0,user_33,830,832,
4395,45,470000,0,user_23,827,832,
4416,46,460000,0,user_40,827,832,
4462,47,460000,0,user_29,828,832,
4301,48,420000,0,user_20,826,832,
4600,49,370000,0,user_30,830,832,
4493,50,350001,0,user_2,829,832,4272
4563,51,350001,0,user_0,830,832,4272
4494,52,350001,0,user_3,829,832,4272
4496,53,350001,0,user_7,829,832,4272
4576,54,350001,0,user_9,830,832,4272
4577,55,350001,0,user_9,830,832,4272
4497,56,349999,0,user_7,829,832,4272
4564,57,349999,0,user_2,830,832,4272
4575,58,349999,0,user_9,830,832,4272
4578,59,349999,0,user_9,830,832,4272
4657,60,349999,0,user_15,831,832,4272
4304,61,340000,0,user_23,826,832,
4514,62,340000,0,user_24,829,832,
4400,63,340000,39400,user_28,827,832,
4393,64,310000,73100,user_20,827,832,
4319,65,300000,108000,user_34,826,832,
4515,66,260000,0,user_25,829,832,
4504,67,240001,0,user_15,829,832,3965
4437,68,220001,0,user_3,828,832,4157
4383,69,220001,0,user_12,827,832,4157
4388,70,220001,0,user_19,827,832,4157
4439,71,220001,0,user_5,828,832,4157
4440,72,220001,0,user_6,828,832,4157
4442,73,220001,0,user_7,828,832,4157
4448,74,220001,0,user_13,828,832,4157
4386,75,220001,0,user_17,827,832,4157
4602,76,220000,0,user_33,830,832,
4438,77,219999,0,user_4,828,832,4157
4300,78,219999,0,user_19,826,832,4157
4441,79,219999,0,user_7,828,832,4157
4387,80,219999,0,user_18,827,832,4157
4446,81,219999,0,user_11,828,832,4157
4447,82,160001,0,user_12,828,832,4109
4521,83,160000,0,user_30,829,832,
4466,84,160000,0,user_32,828,832,
4479,85,160000,0,user_46,828,832,
4323,86,160000,0,user_38,826,832,
4498,87,159999,0,user_7,829,832,4109
4392,88,150000,0,user_20,827,832,
4317,89,130000,0,user_34,826,832,
4276,90,120000,0,user_48,825,832,
4522,91,120000,0,user_30,829,832,
4389,92,120000,0,user_20,827,832,
4391,93,120000,256000,user_20,827,832,
4401,94,110000,43600,user_29,827,832,
4594,95,110000,0,user_24,830,832,
4513,96,98000,0,user_24,829,832,
4503,97,79001,0,user_15,829,832,4305
4417,98,73000,0,user_41,827,832,
4507,0,43000001,0,user_17,829,833,4103
4454,1,43000001,0,user_18,828,833,4103
4759,5,43000001,0,user_1,833,835,4103
4644,3,42999999,0,user_4,831,833,4103
4646,4,42999999,0,user_5,831,833,4103
4455,5,42999999,0,user_18,828,833,4103
4579,6,5000001,0,user_10,830,833,4509
4518,7,5000000,0,user_29,829,833,
4509,8,5000000,1100000,user_20,829,833,
4717,20,5000000,0,user_33,832,835,
4420,10,4500000,0,user_44,827,833,
4510,11,4200000,0,user_20,829,833,
4713,24,4200000,0,user_30,832,835,
4714,25,4200000,0,user_31,832,835,
4474,14,3600000,0,user_40,828,833,
4609,15,3500000,0,user_40,830,833,
4421,16,3200000,0,user_44,827,833,
4481,17,3200000,0,user_48,828,833,
4499,18,2100001,0,user_8,829,833,4144
4573,19,2100001,0,user_8,830,833,4144
4589,20,2100001,0,user_19,830,833,4144
4473,21,2100000,6390,user_40,828,833,
4643,22,2099999,0,user_4,831,833,4144
4457,23,2099999,0,user_18,828,833,4144
4699,29,2099999,0,user_15,832,835,4144
4539,25,2000000,0,user_46,829,833,
4419,26,2000000,0,user_44,827,833,
4538,27,1700000,0,user_44,829,833,
4472,28,1400000,0,user_38,828,833,
4534,29,1400000,5630,user_41,829,833,
4686,30,1200001,0,user_2,832,833,4606
4695,36,1200001,0,user_9,832,835,4606
4703,42,1200000,0,user_21,832,835,
4471,33,1100000,0,user_38,828,833,
4641,34,1000001,0,user_4,831,833,4213
4645,35,1000001,0,user_4,831,833,4213
4585,36,1000001,0,user_16,830,833,4213
4590,37,1000001,0,user_19,830,833,4213
4758,48,1000001,0,user_0,833,835,4213
4477,39,1000000,0,user_43,828,833,
4500,40,999999,0,user_8,829,833,4213
4570,41,999999,0,user_7,830,833,4213
4461,42,970000,13900,user_28,828,833,
4412,43,970000,0,user_38,827,833,
4592,44,910000,0,user_22,830,833,
4458,45,870000,0,user_20,828,833,
4533,46,650000,0,user_41,829,833,
4418,47,600000,0,user_44,827,833,
4708,52,530000,0,user_25,832,835,
4706,53,460000,0,user_24,832,835,
4619,50,420000,146000,user_46,830,833,
4526,51,420000,0,user_34,829,833,
4475,52,370000,8520,user_41,828,833,
4566,53,350001,0,user_4,830,833,4272
4568,54,350001,0,user_5,830,833,4272
4569,55,350001,0,user_6,830,833,4272
4581,56,350001,0,user_13,830,833,4272
4572,57,350001,0,user_8,830,833,4272
4580,58,350001,0,user_12,830,833,4272
4584,59,350001,0,user_16,830,833,4272
4647,60,350001,0,user_6,831,833,4272
4651,61,350001,0,user_11,831,833,4272
4565,62,349999,0,user_3,830,833,4272
4567,63,349999,0,user_5,830,833,4272
4639,64,349999,0,user_3,831,833,4272
4640,65,349999,0,user_3,831,833,4272
4582,66,349999,0,user_14,830,833,4272
4588,67,349999,0,user_19,830,833,4272
4468,68,340000,0,user_34,828,833,
4618,69,340000,0,user_46,830,833,
4535,70,340000,0,user_41,829,833,
4616,71,320000,322000,user_46,830,833,
4610,72,320000,0,user_40,830,833,
4642,73,319999,0,user_4,831,833,4616
4620,74,310000,0,user_46,830,833,
4597,75,310000,0,user_26,830,833,
4537,76,310000,0,user_43,829,833,
4505,77,220001,0,user_16,829,833,4157
4508,78,220001,0,user_19,829,833,4157
4425,79,220000,0,user_48,827,833,
4599,80,220000,43600,user_29,830,833,
4617,81,220000,0,user_46,830,833,
4452,82,219999,0,user_16,828,833,4157
4453,83,219999,0,user_18,828,833,4157
4456,84,219999,0,user_18,828,833,4157
4587,85,219999,0,user_18,830,833,4157
4532,86,170000,1100000,user_41,829,833,
4571,87,160001,0,user_7,830,833,4109
4648,88,160001,0,user_7,831,833,4109
4476,89,160000,0,user_41,828,833,
4715,70,160000,0,user_31,832,835,
4707,72,150000,0,user_25,832,835,
4512,92,120000,283000,user_22,829,833,
4541,93,120000,0,user_48,829,833,
4710,76,120000,350000,user_25,832,835,
4506,95,119999,0,user_17,829,833,4391
4426,96,110000,0,user_49,827,833,
4709,79,110000,0,user_25,832,835,
4517,98,100000,0,user_28,829,833,
4413,99,87000,16400,user_38,827,833,
4405,0,85000,0,user_34,827,834,
4775,2,43000001,0,user_17,833,838,4103
4776,3,43000001,0,user_17,833,838,4103
4688,0,43000001,0,user_4,832,836,4103
4689,1,43000001,0,user_6,832,836,4103
4690,2,43000001,0,user_6,832,836,4103
4759,5,43000001,0,user_1,833,835,4103
4693,3,43000001,0,user_8,832,836,4103
4694,4,43000001,0,user_8,832,836,4103
4661,5,43000001,0,user_19,831,836,4103
4815,6,43000001,0,user_3,834,836,4103
4764,7,43000001,0,user_8,833,836,4103
4698,10,42999999,0,user_13,832,836,4103
4761,11,42999999,0,user_4,833,836,4103
4701,12,42999999,0,user_18,832,836,4103
4767,13,42999999,0,user_11,833,836,4103
4816,14,42999999,0,user_4,834,836,4103
4778,15,42999999,0,user_18,833,836,4103
4832,11,19000000,0,user_23,834,838,
4798,16,19000000,0,user_46,833,836,
4729,17,6100000,146000,user_44,832,836,
4717,20,5000000,0,user_33,832,835,
4774,17,4999999,0,user_17,833,838,4509
4777,18,4999999,0,user_18,833,836,4509
4863,18,4999999,0,user_10,835,838,4509
4713,24,4200000,0,user_30,832,835,
4714,25,4200000,0,user_31,832,835,
4679,19,4200000,0,user_44,831,836,
4652,22,2100001,0,user_12,831,836,4144
4824,23,2099999,0,user_17,834,838,4144
4699,29,2099999,0,user_15,832,835,4144
4760,24,2099999,0,user_3,833,836,4144
4702,25,2099999,0,user_19,832,836,4144
4833,25,2000000,0,user_23,834,838,
4733,27,1700000,0,user_46,832,836,
4674,28,1600000,36800,user_40,831,836,
4799,31,1400000,0,user_49,833,838,
4695,36,1200001,0,user_9,832,835,4606
4768,32,1200001,0,user_11,833,836,4606
4770,33,1200001,0,user_13,833,836,4606
4769,34,1200001,0,user_12,833,836,4606
4779,35,1200001,0,user_19,833,836,4606
4820,36,1200001,0,user_11,834,836,4606
4703,42,1200000,0,user_21,832,835,
4687,39,1199999,0,user_3,832,836,4606
4697,40,1199999,0,user_12,832,836,4606
4771,41,1199999,0,user_14,833,836,4606
4818,42,1199999,0,user_6,834,836,4606
4655,44,1000001,0,user_14,831,836,4213
4758,48,1000001,0,user_0,833,835,4213
4838,38,1000000,0,user_28,834,838,
4654,46,999999,0,user_14,831,836,4213
4732,49,650000,0,user_46,832,836,
4708,52,530000,0,user_25,832,835,
4706,53,460000,0,user_24,832,835,
4613,51,460000,0,user_44,830,836,
4730,53,420000,0,user_44,832,836,
4762,55,360001,0,user_5,833,836,4682
4763,56,360001,0,user_5,833,836,4682
4666,57,360000,0,user_29,831,836,
4682,58,360000,959000,user_48,831,836,
4855,59,359999,0,user_2,835,836,4682
4859,48,359999,0,user_7,835,838,4682
4658,61,349999,0,user_16,831,836,4272
4660,62,349999,0,user_18,831,836,4272
4719,54,340000,0,user_38,832,838,
4656,63,320001,0,user_14,831,836,4616
4727,64,310000,0,user_44,832,836,
4844,62,220000,594000,user_41,834,838,
4827,64,190000,0,user_20,834,838,
4817,66,170001,0,user_5,834,836,4532
4715,70,160000,0,user_31,832,835,
4653,70,159999,0,user_14,831,836,4109
4707,72,150000,0,user_25,832,835,
4712,76,150000,0,user_29,832,836,
4793,77,150000,0,user_40,833,836,
4794,85,120000,0,user_41,833,838,
4710,76,120000,350000,user_25,832,835,
4680,79,120000,16400,user_44,831,836,
4783,90,110000,0,user_28,833,838,
4709,79,110000,0,user_25,832,835,
4728,80,110000,0,user_44,832,836,
4800,91,98000,381000,user_49,833,838,
4704,86,80000,0,user_22,832,836,
4718,87,79000,0,user_34,832,836,
4721,88,79000,0,user_40,832,836,
4688,0,43000001,0,user_4,832,836,4103
4689,1,43000001,0,user_6,832,836,4103
4690,2,43000001,0,user_6,832,836,4103
4693,3,43000001,0,user_8,832,836,4103
4694,4,43000001,0,user_8,832,836,4103
4661,5,43000001,0,user_19,831,836,4103
4815,6,43000001,0,user_3,834,836,4103
4764,7,43000001,0,user_8,833,836,4103
4814,2,42999999,0,user_0,834,837,4103
4650,9,42999999,0,user_10,831,836,4103
4698,10,42999999,0,user_13,832,836,4103
4761,11,42999999,0,user_4,833,836,4103
4701,12,42999999,0,user_18,832,836,4103
4767,13,42999999,0,user_11,833,836,4103
4816,14,42999999,0,user_4,834,836,4103
4778,15,42999999,0,user_18,833,836,4103
4798,16,19000000,0,user_46,833,836,
4729,17,6100000,146000,user_44,832,836,
4777,18,4999999,0,user_18,833,836,4509
4679,19,4200000,0,user_44,831,836,
4876,7,3200000,0,user_21,835,837,
4829,9,2600000,0,user_21,834,837,
4652,22,2100001,0,user_12,831,836,4144
4692,23,2100001,0,user_7,832,836,4144
4760,24,2099999,0,user_3,833,836,4144
4702,25,2099999,0,user_19,832,836,4144
4875,14,1800000,0,user_21,835,837,
4733,27,1700000,0,user_46,832,836,
4674,28,1600000,36800,user_40,831,836,
4593,29,1300000,164000,user_23,830,836,
4773,16,1200001,0,user_15,833,837,4606
4691,31,1200001,0,user_7,832,836,4606
4768,32,1200001,0,user_11,833,836,4606
4770,33,1200001,0,user_13,833,836,4606
4769,34,1200001,0,user_12,833,836,4606
4779,35,1200001,0,user_19,833,836,4606
4820,36,1200001,0,user_11,834,836,4606
4919,17,1200001,0,user_1,836,837,4606
4772,18,1199999,0,user_15,833,837,4606
4687,39,1199999,0,user_3,832,836,4606
4697,40,1199999,0,user_12,832,836,4606
4771,41,1199999,0,user_14,833,836,4606
4818,42,1199999,0,user_6,834,836,4606
4790,22,1100000,146000,user_37,833,837,
4655,44,1000001,0,user_14,831,836,4213
4765,24,999999,0,user_9,833,837,4213
4654,46,999999,0,user_14,831,836,4213
4716,28,670000,0,user_32,832,837,
4611,48,670000,0,user_41,830,836,
4732,49,650000,0,user_46,832,836,
4828,30,460000,0,user_21,834,837,
4613,51,460000,0,user_44,830,836,
4780,31,420000,0,user_21,833,837,
4730,53,420000,0,user_44,832,836,
4784,32,370000,0,user_31,833,837,
4762,55,360001,0,user_5,833,836,4682
4763,56,360001,0,user_5,833,836,4682
4666,57,360000,0,user_29,831,836,
4682,58,360000,959000,user_48,831,836,
4855,59,359999,0,user_2,835,836,4682
4788,41,350000,0,user_35,833,837,
4658,61,349999,0,user_16,831,836,4272
4660,62,349999,0,user_18,831,836,4272
4656,63,320001,0,user_14,831,836,4616
4727,64,310000,0,user_44,832,836,
4882,43,260000,0,user_33,835,837,
4817,66,170001,0,user_5,834,836,4532
4921,45,170001,0,user_1,836,837,4532
4920,50,169999,0,user_1,836,837,4532
4529,69,160000,35100,user_38,829,836,
4653,70,159999,0,user_14,831,836,4109
4586,71,159999,0,user_17,830,836,4109
4830,56,150000,15300,user_21,834,837,
4841,57,150000,0,user_33,834,837,
4542,74,150000,350000,user_49,829,836,
4612,75,150000,0,user_43,830,836,
4712,76,150000,0,user_29,832,836,
4793,77,150000,0,user_40,833,836,
4786,60,120000,0,user_33,833,837,
4680,79,120000,16400,user_44,831,836,
4728,80,110000,0,user_44,832,836,
4880,61,110000,0,user_30,835,837,
4785,63,100000,0,user_33,833,837,
4781,65,98000,0,user_25,833,837,
4789,66,84000,0,user_35,833,837,
4835,70,82000,17700000,user_25,834,837,
4704,86,80000,0,user_22,832,836,
4718,87,79000,0,user_34,832,836,
4721,88,79000,0,user_40,832,836,
4826,0,43000001,0,user_18,834,838,4103
4825,7,42999999,0,user_18,834,838,4103
4814,2,42999999,0,user_0,834,837,4103
4823,14,5000001,0,user_16,834,838,4509
4960,4,5000000,0,user_41,836,837,
4998,1,4999999,0,user_7,837,839,4509
4896,6,3500000,285000,user_49,835,837,
4876,7,3200000,0,user_21,835,837,
4853,8,3200000,0,user_49,834,837,
4829,9,2600000,0,user_21,834,837,
4922,21,2100001,0,user_2,836,838,4144
4994,5,2100001,0,user_7,837,839,4144
4925,22,2099999,0,user_3,836,838,4144
4852,13,2000000,0,user_49,834,837,
4875,14,1800000,0,user_21,835,837,
4873,15,1400000,0,user_20,835,837,
4773,16,1200001,0,user_15,833,837,4606
4919,17,1200001,0,user_1,836,837,4606
4772,18,1199999,0,user_15,833,837,4606
4930,33,1199999,0,user_7,836,838,4606
4988,34,1199999,0,user_2,837,838,4606
4836,35,1100000,39400,user_26,834,838,
4790,22,1100000,146000,user_37,833,837,
4958,23,1000000,0,user_41,836,837,
4765,24,999999,0,user_9,833,837,4213
4874,25,910000,36800,user_20,835,837,
4963,26,870000,139000,user_43,836,837,
4889,27,670000,0,user_43,835,837,
4716,28,670000,0,user_32,832,837,
4872,29,460000,0,user_20,835,837,
4828,30,460000,0,user_21,834,837,
4780,31,420000,0,user_21,833,837,
4784,32,370000,0,user_31,833,837,
4939,33,360001,0,user_17,836,837,4682
4871,44,360001,0,user_18,835,838,4682
4856,45,359999,0,user_3,835,838,4682
4857,46,359999,0,user_5,835,838,4682
4858,47,359999,0,user_6,835,838,4682
4864,49,359999,0,user_11,835,838,4682
4866,50,359999,0,user_13,835,838,4682
4870,51,359999,0,user_18,835,838,4682
4788,41,350000,0,user_35,833,837,
4961,42,300000,381000,user_41,836,837,
4882,43,260000,0,user_33,835,837,
4843,44,220000,256000,user_38,834,837,
4921,45,170001,0,user_1,836,837,4532
4928,66,170001,0,user_7,836,838,4532
4929,67,170001,0,user_7,836,838,4532
4926,65,170001,0,user_5,836,838,4532
4996,13,170001,0,user_7,837,839,4532
4920,50,169999,0,user_1,836,837,4532
4931,77,169999,0,user_7,836,838,4532
4923,75,169999,0,user_3,836,838,4532
4927,76,169999,0,user_6,836,838,4532
4936,78,169999,0,user_11,836,838,4532
5002,55,169999,0,user_10,837,837,4532
4830,56,150000,15300,user_21,834,837,
4841,57,150000,0,user_33,834,837,
4957,58,150000,35600,user_41,836,837,
4887,59,120000,0,user_41,835,837,
4786,60,120000,0,user_33,833,837,
4880,61,110000,0,user_30,835,837,
4878,62,100000,0,user_28,835,837,
4785,63,100000,0,user_33,833,837,
4959,64,100000,139000,user_41,836,837,
4781,65,98000,0,user_25,833,837,
4789,66,84000,0,user_35,833,837,
4932,95,82001,0,user_7,836,838,4835
4995,25,82001,0,user_7,837,839,4835
4997,26,82001,0,user_7,837,839,4835
4835,70,82000,17700000,user_25,834,837,
4924,98,81999,0,user_3,836,838,4835
4826,0,43000001,0,user_18,834,838,4103
4869,1,43000001,0,user_15,835,838,4103
4775,2,43000001,0,user_17,833,838,4103
4776,3,43000001,0,user_17,833,838,4103
4696,4,42999999,0,user_10,832,838,4103
4700,5,42999999,0,user_17,832,838,4103
4766,6,42999999,0,user_10,833,838,4103
4825,7,42999999,0,user_18,834,838,4103
4935,8,42999999,0,user_9,836,838,4103
4885,9,30000000,0,user_37,835,838,
4954,10,19000000,0,user_37,836,838,
4832,11,19000000,0,user_23,834,838,
4840,12,5200000,0,user_32,834,838,
4883,13,5200000,121000,user_35,835,838,
4823,14,5000001,0,user_16,834,838,4509
4842,15,5000000,0,user_35,834,838,
4659,16,4999999,0,user_17,831,838,4509
4774,17,4999999,0,user_17,833,838,4509
4863,18,4999999,0,user_10,835,838,4509
5016,19,3600000,0,user_24,837,838,
4941,20,2600000,0,user_24,836,838,
4922,21,2100001,0,user_2,836,838,4144
4925,22,2099999,0,user_3,836,838,4144
4824,23,2099999,0,user_17,834,838,4144
4675,24,2000000,0,user_41,831,838,
4833,25,2000000,0,user_23,834,838,
4951,26,1900000,0,user_33,836,838,
4665,27,1700000,66100,user_28,831,838,
4942,28,1700000,0,user_24,836,838,
4677,29,1500000,410000,user_43,831,838,
4949,30,1400000,0,user_31,836,838,
4799,31,1400000,0,user_49,833,838,
5038,32,1400000,0,user_47,837,838,
4930,33,1199999,0,user_7,836,838,4606
4988,34,1199999,0,user_2,837,838,4606
4836,35,1100000,39400,user_26,834,838,
4881,36,1100000,0,user_32,835,838,
5024,37,1100000,0,user_35,837,838,
4838,38,1000000,0,user_28,834,838,
4884,39,910000,0,user_35,835,838,
5023,40,870000,0,user_35,837,838,
4944,41,600000,0,user_25,836,838,
4894,42,460000,73100,user_47,835,838,
4892,43,420000,0,user_47,835,838,
4871,44,360001,0,user_18,835,838,4682
4856,45,359999,0,user_3,835,838,4682
4857,46,359999,0,user_5,835,838,4682
4858,47,359999,0,user_6,835,838,4682
4859,48,359999,0,user_7,835,838,4682
4864,49,359999,0,user_11,835,838,4682
4866,50,359999,0,user_13,835,838,4682
4870,51,359999,0,user_18,835,838,4682
4834,52,340000,49100,user_24,834,838,
4895,53,340000,0,user_47,835,838,
4719,54,340000,0,user_38,832,838,
4943,55,320000,0,user_25,836,838,
4621,56,310000,0,user_49,830,838,
4607,57,260000,0,user_38,830,838,
4672,58,260000,0,user_38,831,838,
4947,59,260000,0,user_30,836,838,
4893,60,260000,0,user_47,835,838,
4705,61,220000,0,user_23,832,838,
4844,62,220000,594000,user_41,834,838,
5012,63,220000,0,user_21,837,838,
4827,64,190000,0,user_20,834,838,
4926,65,170001,0,user_5,836,838,4532
4928,66,170001,0,user_7,836,838,4532
4929,67,170001,0,user_7,836,838,4532
5001,68,170001,0,user_9,837,838,4532
5007,69,170001,0,user_15,837,838,4532
5008,70,170001,0,user_15,837,838,4532
5048,71,170001,0,user_1,838,838,4532
4862,72,169999,0,user_9,835,838,4532
4868,73,169999,0,user_15,835,838,4532
4987,74,169999,0,user_0,837,838,4532
4923,75,169999,0,user_3,836,838,4532
4927,76,169999,0,user_6,836,838,4532
4931,77,169999,0,user_7,836,838,4532
4936,78,169999,0,user_11,836,838,4532
5000,79,169999,0,user_9,837,838,4532
5045,80,169999,0,user_0,838,838,4532
4953,81,150000,0,user_37,836,838,
4662,82,120000,0,user_20,831,838,
4676,83,120000,0,user_43,831,838,
4965,84,120000,0,user_47,836,838,
4794,85,120000,0,user_41,833,838,
4663,86,110000,16400,user_23,831,838,
4722,87,110000,0,user_41,832,838,
4726,88,110000,0,user_43,832,838,
4948,89,110000,0,user_30,836,838,
4783,90,110000,0,user_28,833,838,
4800,91,98000,381000,user_49,833,838,
4683,92,87000,0,user_49,831,838,
5021,93,87000,0,user_31,837,838,
4950,94,84000,0,user_32,836,838,
4932,95,82001,0,user_7,836,838,4835
5046,96,82001,0,user_0,838,838,4835
5025,97,82000,0,user_37,837,838,
4924,98,81999,0,user_3,836,838,4835
5047,99,81999,0,user_0,838,838,4835
5090,0,5000000,0,user_31,838,839,
4998,1,4999999,0,user_7,837,839,4509
5092,2,3500000,0,user_35,838,839,
4991,3,2100001,0,user_5,837,839,4144
4993,4,2100001,0,user_6,837,839,4144
4994,5,2100001,0,user_7,837,839,4144
5051,6,2099999,0,user_2,838,839,4144
5084,7,1500000,0,user_24,838,839,
5003,8,1200001,0,user_11,837,839,4606
4945,9,660000,0,user_26,836,839,
5078,10,460000,0,user_21,838,839,
5077,11,310000,0,user_21,838,839,
4956,12,260000,0,user_40,836,839,
4996,13,170001,0,user_7,837,839,4532
5050,14,170001,0,user_2,838,839,4532
5063,15,170001,0,user_9,838,839,4532
5113,16,170001,0,user_0,839,839,4532
5114,17,170001,0,user_1,839,839,4532
4989,18,169999,0,user_3,837,839,4532
4990,19,169999,0,user_5,837,839,4532
4992,20,169999,0,user_6,837,839,4532
4940,21,169999,0,user_18,836,839,4532
5004,22,169999,0,user_11,837,839,4532
5053,23,169999,0,user_2,838,839,4532
5065,24,169999,0,user_9,838,839,4532
4995,25,82001,0,user_7,837,839,4835
4997,26,82001,0,user_7,837,839,4835
5049,27,82001,0,user_2,838,839,4835
5052,28,82001,0,user_2,838,839,4835
5064,29,82001,0,user_9,838,839,4835
5112,30,82001,0,user_0,839,839,4835
4678,31,79000,0,user_43,831,839,
3961,0,470000,0,user_1,840,840,
3984,0,6100000,0,user_31,840,841,
3962,1,3600000,0,user_2,840,841,
3963,2,2500000,0,user_2,840,841,
3986,3,1500000,0,user_33,840,841,
3964,4,970000,0,user_2,840,841,
3965,5,240000,195000,user_2,840,841,
4004,6,239999,0,user_1,841,841,3965
3988,0,30000000,0,user_35,840,842,
3973,1,19000000,0,user_15,840,842,
3991,2,3600000,0,user_37,840,842,
4024,3,2500000,0,user_25,841,842,
3985,4,2100000,0,user_32,840,842,
4046,5,1400001,0,user_0,842,842,4010
4010,6,1400000,64600,user_9,841,842,
4022,7,650000,0,user_21,841,842,
3979,8,470000,18600,user_24,840,842,
4014,9,460000,0,user_15,841,842,
4030,10,340000,0,user_31,841,842,
4047,11,240001,0,user_1,842,842,3965
4048,12,240001,0,user_1,842,842,3965
4049,13,240001,0,user_1,842,842,3965
4050,14,239999,0,user_1,842,842,3965
4023,15,220000,0,user_24,841,842,
4013,16,160000,0,user_15,841,842,
4029,17,150000,0,user_30,841,842,
4032,18,150000,0,user_33,841,842,
3990,19,84000,0,user_37,840,842,
4068,19,27000000,0,user_20,842,849,
4076,27,5000000,108000,user_28,842,849,
4102,40,2100000,0,user_43,842,849,
4098,81,910000,0,user_41,842,849,
4044,96,420000,0,user_49,841,849,
4101,5,350000,0,user_43,842,843,
4036,6,260000,0,user_38,841,843,
4064,7,240001,0,user_17,842,843,3965
4122,8,240001,0,user_10,843,843,3965
4119,9,239999,0,user_7,843,843,3965
4080,0,4200000,31700,user_33,842,844,
4139,1,3500000,0,user_25,843,844,
4144,2,2100000,1100000,user_30,843,844,
4079,3,530000,0,user_31,842,844,
4145,4,530000,0,user_31,843,844,
4168,5,239999,0,user_1,844,844,3965
4146,6,170000,0,user_33,843,844,
4069,7,150000,0,user_21,842,844,
4083,8,130000,0,user_33,842,844,
4073,9,110000,0,user_25,842,844,
4131,10,100000,0,user_21,843,844,
4081,11,82000,0,user_33,842,844,
4082,12,79000,0,user_33,842,844,
4070,13,70000,0,user_21,842,844,
4224,13,27000001,0,user_7,845,849,4017
4186,69,1300000,0,user_23,844,849,
4184,2,360000,0,user_20,844,845,
4225,3,220001,0,user_7,845,845,4157
4229,4,219999,0,user_10,845,845,4157
4205,5,120000,0,user_43,844,845,
4165,0,6100000,0,user_47,843,846,
4088,1,5000000,0,user_35,842,846,
4200,2,4500000,0,user_33,844,846,
4152,3,3600000,0,user_37,843,846,
4211,4,3200000,0,user_47,844,846,
4282,5,2100001,0,user_1,846,846,4144
4215,6,2099999,0,user_0,845,846,4144
4193,7,1800000,0,user_30,844,846,
4197,8,1800000,0,user_33,844,846,
4199,9,1600000,0,user_33,844,846,
4203,10,1600000,0,user_35,844,846,
4110,11,1500000,0,user_47,842,846,
4091,12,1400000,56200,user_37,842,846,
4252,13,1100000,0,user_31,845,846,
4072,14,1000000,0,user_24,842,846,
4187,15,1000000,0,user_24,844,846,
4194,16,870000,0,user_30,844,846,
4188,17,650000,0,user_25,844,846,
4256,18,650000,0,user_33,845,846,
4255,19,600000,49100,user_33,845,846,
4126,20,470001,0,user_15,843,846,3979
4212,21,460000,0,user_47,844,846,
4113,22,420000,0,user_47,842,846,
4149,23,420000,5640,user_35,843,846,
4198,24,360000,0,user_33,844,846,
4031,25,350000,0,user_32,841,846,
4254,26,310000,108000,user_33,845,846,
4281,27,309999,0,user_1,846,846,4254
4056,28,240001,0,user_9,842,846,3965
4061,29,240001,0,user_15,842,846,3965
4178,30,240001,0,user_15,844,846,3965
4179,31,240001,0,user_15,844,846,3965
4060,32,239999,0,user_15,842,846,3965
4121,33,239999,0,user_9,843,846,3965
4172,34,239999,0,user_9,844,846,3965
4148,35,220000,0,user_35,843,846,
4111,36,170000,0,user_47,842,846,
4151,37,170000,30200,user_37,843,846,
4112,38,160000,0,user_47,842,846,
4150,39,110000,0,user_35,843,846,
4238,40,110000,34700,user_21,845,846,
4138,41,85000,0,user_24,843,846,
4090,42,83000,0,user_37,842,846,
4201,43,70000,0,user_33,844,846,
4288,0,43000001,0,user_6,846,849,4103
4294,1,43000001,0,user_13,846,849,4103
4298,2,42999999,0,user_17,846,852,4103
4231,6,42999999,0,user_16,845,849,4103
4375,7,42999999,0,user_2,847,849,4103
4230,14,27000001,0,user_12,845,849,4132
4226,21,26999999,0,user_8,845,849,4132
4251,28,5000000,0,user_29,845,849,
4271,29,5000000,0,user_46,845,849,
4330,12,2600000,23500,user_43,846,852,
3977,36,2400000,0,user_22,840,849,
4302,16,2400000,10700,user_20,846,852,
3999,47,2000000,16400,user_46,840,849,
4303,24,2000000,0,user_20,846,852,
4227,53,1999999,0,user_8,845,849,3999
3982,54,1900000,0,user_29,840,849,
3978,59,1600000,0,user_22,840,849,
3976,60,1600000,0,user_19,840,849,
4202,62,1500000,0,user_34,844,849,
4237,72,1000001,0,user_19,845,849,4213
4213,76,1000000,296000,user_48,844,849,
4381,31,999999,0,user_10,847,852,4213
3987,87,670000,0,user_34,840,849,
4327,39,670000,0,user_41,846,852,
3983,88,650000,0,user_29,840,849,
4301,48,420000,0,user_20,846,852,
3994,97,360000,0,user_40,840,849,
4240,27,350000,12800,user_22,845,847,
4304,61,340000,0,user_23,846,852,
3966,29,240001,0,user_3,840,847,3965
3967,30,240001,0,user_4,840,847,3965
3968,31,240001,0,user_8,840,847,3965
3970,32,240001,0,user_12,840,847,3965
4284,33,240001,0,user_3,846,847,3965
4285,34,240001,0,user_3,846,847,3965
4286,35,240001,0,user_4,846,847,3965
4181,36,240001,0,user_18,844,847,3965
4182,37,240001,0,user_18,844,847,3965
4292,38,240001,0,user_11,846,847,3965
3969,39,239999,0,user_11,840,847,3965
3971,40,239999,0,user_13,840,847,3965
3972,41,239999,0,user_14,840,847,3965
4233,42,239999,0,user_18,845,847,3965
4234,43,239999,0,user_18,845,847,3965
4235,44,239999,0,user_18,845,847,3965
4236,45,239999,0,user_18,845,847,3965
4379,46,220001,0,user_7,847,847,4157
4287,47,219999,0,user_5,846,847,4157
4241,48,120000,0,user_22,845,847,
4242,49,120000,0,user_22,845,847,
3975,50,110000,0,user_19,840,847,
4000,51,83000,0,user_48,840,847,
4239,52,77000,15700,user_22,845,847,
4445,0,43000001,0,user_10,848,852,4103
4299,8,42999999,0,user_18,846,849,4103
4436,9,42999999,0,user_2,848,849,4103
4390,11,3500000,0,user_20,847,852,
4444,18,2100001,0,user_10,848,852,4144
4325,86,870000,0,user_40,846,849,
4395,45,470000,0,user_23,847,852,
4400,63,340000,39400,user_28,847,852,
4393,64,310000,73100,user_20,847,852,
4293,9,240001,0,user_12,846,848,3965
4295,10,240001,0,user_14,846,848,3965
4296,11,240001,0,user_14,846,848,3965
4386,75,220001,0,user_17,847,852,4157
4377,13,220001,0,user_4,847,848,4157
4382,14,220001,0,user_11,847,848,4157
4442,73,220001,0,user_7,848,852,4157
4376,16,219999,0,user_3,847,848,4157
4378,17,219999,0,user_6,847,848,4157
4384,18,219999,0,user_13,847,848,4157
4441,79,219999,0,user_7,848,852,4157
4323,86,160000,0,user_38,846,852,
4392,88,150000,0,user_20,847,852,
4310,22,150000,0,user_29,846,848,
4389,92,120000,0,user_20,847,852,
4391,93,120000,256000,user_20,847,852,
4326,25,98000,0,user_40,846,848,
4417,98,73000,0,user_41,847,852,
4288,0,43000001,0,user_6,846,849,4103
4294,1,43000001,0,user_13,846,849,4103
4291,2,43000001,0,user_10,846,849,4103
4103,3,43000000,545000,user_44,842,849,
4183,4,42999999,0,user_19,844,849,4103
4218,5,42999999,0,user_5,845,849,4103
4231,6,42999999,0,user_16,845,849,4103
4375,7,42999999,0,user_2,847,849,4103
4299,8,42999999,0,user_18,846,849,4103
4436,9,42999999,0,user_2,848,849,4103
4135,10,30000000,0,user_23,843,849,
4411,11,30000000,0,user_37,847,849,
4171,12,27000001,0,user_7,844,849,4017
4224,13,27000001,0,user_7,845,849,4017
4230,14,27000001,0,user_12,845,849,4132
4025,15,27000000,0,user_26,841,849,
4071,16,27000000,0,user_22,842,849,
4017,17,27000000,84800,user_17,841,849,
4132,18,27000000,11200,user_22,843,849,
4068,19,27000000,0,user_20,842,849,
4057,20,26999999,0,user_10,842,849,4017
4226,21,26999999,0,user_8,845,849,4132
4129,22,19000000,0,user_20,843,849,
4243,23,19000000,39400,user_23,845,849,
4262,24,19000000,12800,user_41,845,849,
4170,25,5000001,0,user_7,844,849,4076
4174,26,5000001,0,user_10,844,849,4076
4076,27,5000000,108000,user_28,842,849,
4251,28,5000000,0,user_29,845,849,
4271,29,5000000,0,user_46,845,849,
4283,30,4999999,0,user_2,846,849,4076
4290,31,4199999,0,user_9,846,849,4080
4108,32,3500000,0,user_46,842,849,
4140,33,3500000,0,user_26,843,849,
3996,34,3200000,0,user_43,840,849,
4470,35,2500000,0,user_37,848,849,
3977,36,2400000,0,user_22,840,849,
4316,37,2300000,0,user_32,846,849,
4077,38,2100000,0,user_29,842,849,
4027,39,2100000,0,user_28,841,849,
4102,40,2100000,0,user_43,842,849,
4137,41,2100000,0,user_23,843,849,
4403,42,2100000,0,user_32,847,849,
4297,43,2099999,0,user_15,846,849,4144
4492,44,2099999,0,user_1,849,849,4144
4005,45,2000001,0,user_4,841,849,3999
4058,46,2000001,0,user_12,842,849,3999
3999,47,2000000,16400,user_46,840,849,
4106,48,2000000,0,user_46,842,849,
4266,49,2000000,0,user_41,845,849,
4464,50,2000000,0,user_30,848,849,
4009,51,1999999,0,user_8,841,849,3999
4051,52,1999999,0,user_4,842,849,3999
4227,53,1999999,0,user_8,845,849,3999
3982,54,1900000,0,user_29,840,849,
3981,55,1800000,0,user_28,840,849,
4143,56,1800000,0,user_29,843,849,
4154,57,1800000,0,user_38,843,849,
4115,58,1700000,0,user_48,842,849,
3978,59,1600000,0,user_22,840,849,
3976,60,1600000,0,user_19,840,849,
4021,61,1600000,0,user_20,841,849,
4202,62,1500000,0,user_34,844,849,
4450,63,1400001,0,user_15,848,849,4315
4311,64,1400000,0,user_30,846,849,
4306,65,1400000,0,user_24,846,849,
4315,66,1400000,181000,user_32,846,849,
4228,67,1399999,0,user_9,845,849,4091
4167,68,1300000,21800,user_48,843,849,
4186,69,1300000,0,user_23,844,849,
4312,70,1200000,0,user_30,846,849,
4162,71,1100000,0,user_44,843,849,
4237,72,1000001,0,user_19,845,849,4213
4105,73,1000000,0,user_46,842,849,
4084,74,1000000,5180,user_34,842,849,
4086,75,1000000,0,user_34,842,849,
4213,76,1000000,296000,user_48,844,849,
4214,77,1000000,0,user_49,844,849,
4459,78,1000000,0,user_24,848,849,
4166,79,970000,0,user_48,843,849,
4480,80,970000,0,user_47,848,849,
4098,81,910000,0,user_41,842,849,
4161,82,910000,0,user_43,843,849,
4314,83,910000,0,user_31,846,849,
4033,84,870000,0,user_34,841,849,
4130,85,870000,0,user_20,843,849,
4325,86,870000,0,user_40,846,849,
3987,87,670000,0,user_34,840,849,
3983,88,650000,0,user_29,840,849,
4163,89,650000,0,user_44,843,849,
4263,90,650000,0,user_41,845,849,
4423,91,600000,0,user_47,847,849,
4424,92,600000,0,user_47,847,849,
4273,93,460000,0,user_47,845,849,
4195,94,460000,0,user_32,844,849,
4204,95,460000,0,user_38,844,849,
4044,96,420000,0,user_49,841,849,
3994,97,360000,0,user_40,840,849,
4078,98,360000,0,user_29,842,849,
4039,99,360000,0,user_41,841,849,
4136,0,350000,0,user_23,843,850,
4158,1,350000,0,user_43,843,850,
4085,2,320000,0,user_34,842,850,
4059,3,310001,0,user_14,842,850,4042
4118,4,310001,0,user_4,843,850,4042
4123,5,310001,0,user_12,843,850,4042
4042,6,310000,12300,user_46,841,850,
4092,7,300000,0,user_38,842,850,
4007,8,240001,0,user_6,841,850,3965
4011,9,240001,0,user_13,841,850,3965
4012,10,240001,0,user_14,841,850,3965
4020,11,240001,0,user_19,841,850,3965
4052,12,240001,0,user_5,842,850,3965
4054,13,240001,0,user_6,842,850,3965
4124,14,240001,0,user_13,843,850,3965
4018,15,240001,0,user_18,841,850,3965
4065,16,240001,0,user_18,842,850,3965
4127,17,240001,0,user_16,843,850,3965
4128,18,240001,0,user_16,843,850,3965
4006,19,239999,0,user_5,841,850,3965
4008,20,239999,0,user_7,841,850,3965
4015,21,239999,0,user_16,841,850,3965
4019,22,239999,0,user_19,841,850,3965
4053,23,239999,0,user_6,842,850,3965
4055,24,239999,0,user_7,842,850,3965
4117,25,239999,0,user_3,843,850,3965
4062,26,239999,0,user_16,842,850,3965
4063,27,239999,0,user_16,842,850,3965
4066,28,239999,0,user_19,842,850,3965
4067,29,239999,0,user_19,842,850,3965
4028,30,220000,0,user_29,841,850,
4114,31,220000,0,user_48,842,850,
4157,32,220000,231000,user_41,843,850,
4153,33,220000,0,user_38,843,850,
4043,34,190000,0,user_46,841,850,
4125,35,160001,0,user_14,843,850,4109
4109,36,160000,369000,user_46,842,850,
4159,37,160000,0,user_43,843,850,
4120,38,159999,0,user_8,843,850,4109
3997,39,150000,0,user_43,840,850,
4133,40,150000,0,user_23,843,850,
4160,41,150000,0,user_43,843,850,
4016,42,120000,0,user_17,841,850,
4156,43,120000,8520,user_40,843,850,
3974,44,110000,0,user_17,840,850,
4142,45,110000,0,user_29,843,850,
4147,46,110000,0,user_34,843,850,
4001,47,100000,0,user_49,840,850,
4038,48,87000,0,user_40,841,850,
4041,49,87000,0,user_43,841,850,
4087,50,87000,0,user_34,842,850,
4107,51,84000,0,user_46,842,850,
4134,52,83000,0,user_23,843,850,
4116,53,82000,0,user_49,842,850,
3992,54,77000,0,user_38,840,850,
4650,9,42999999,0,user_10,851,856,4103
4593,29,1300000,164000,user_23,850,856,
4611,48,670000,0,user_41,850,856,
4648,88,160001,0,user_7,851,853,4109
4529,69,160000,35100,user_38,849,856,
4586,71,159999,0,user_17,850,856,4109
4542,74,150000,350000,user_49,849,856,
4612,75,150000,0,user_43,850,856,
4196,8,120000,0,user_32,844,851,
4445,0,43000001,0,user_10,848,852,4103
4502,1,43000001,0,user_13,849,852,4103
4298,2,42999999,0,user_17,846,852,4103
4320,3,27000000,0,user_34,846,852,
4525,4,6100000,5180,user_32,849,852,
4511,5,5000000,0,user_21,849,852,
4528,6,5000000,0,user_37,849,852,
4519,7,4200000,0,user_30,849,852,
4398,8,3600000,0,user_26,847,852,
4605,9,3600000,0,user_33,850,852,
4523,10,3500000,0,user_30,849,852,
4390,11,3500000,0,user_20,847,852,
4330,12,2600000,23500,user_43,846,852,
4664,13,2600000,0,user_25,851,852,
4463,14,2500000,0,user_29,848,852,
4318,15,2400000,0,user_34,846,852,
4302,16,2400000,10700,user_20,846,852,
4668,17,2300000,0,user_30,851,852,
4444,18,2100001,0,user_10,848,852,4144
4574,19,2100001,0,user_9,850,852,4144
4684,20,2100001,0,user_0,852,852,4144
4495,21,2099999,0,user_4,849,852,4144
4685,22,2099999,0,user_1,852,852,4144
4257,23,2000000,0,user_34,845,852,
4303,24,2000000,0,user_20,846,852,
4604,25,2000000,0,user_33,850,852,
4669,26,1900000,0,user_31,851,852,
4595,27,1400000,16400,user_25,850,852,
4606,28,1200000,7190000,user_37,850,852,
4667,29,1100000,0,user_30,851,852,
4380,30,1000001,0,user_8,847,852,4213
4381,31,999999,0,user_10,847,852,4213
4449,32,999999,0,user_13,848,852,4213
4501,33,999999,0,user_13,849,852,4213
4583,34,999999,0,user_15,850,852,4213
4649,35,999999,0,user_9,851,852,4213
4601,36,970000,0,user_31,850,852,
4591,37,910000,0,user_21,850,852,
4596,38,910000,0,user_25,850,852,
4327,39,670000,0,user_41,846,852,
4540,40,660000,0,user_47,849,852,
4524,41,650000,0,user_31,849,852,
4520,42,630000,0,user_30,849,852,
4331,43,600000,0,user_44,846,852,
4603,44,530000,0,user_33,850,852,
4395,45,470000,0,user_23,847,852,
4416,46,460000,0,user_40,847,852,
4462,47,460000,0,user_29,848,852,
4301,48,420000,0,user_20,846,852,
4600,49,370000,0,user_30,850,852,
4493,50,350001,0,user_2,849,852,4272
4563,51,350001,0,user_0,850,852,4272
4494,52,350001,0,user_3,849,852,4272
4496,53,350001,0,user_7,849,852,4272
4576,54,350001,0,user_9,850,852,4272
4577,55,350001,0,user_9,850,852,4272
4497,56,349999,0,user_7,849,852,4272
4564,57,349999,0,user_2,850,852,4272
4575,58,349999,0,user_9,850,852,4272
4578,59,349999,0,user_9,850,852,4272
4657,60,349999,0,user_15,851,852,4272
4304,61,340000,0,user_23,846,852,
4514,62,340000,0,user_24,849,852,
4400,63,340000,39400,user_28,847,852,
4393,64,310000,73100,user_20,847,852,
4319,65,300000,108000,user_34,846,852,
4515,66,260000,0,user_25,849,852,
4504,67,240001,0,user_15,849,852,3965
4437,68,220001,0,user_3,848,852,4157
4383,69,220001,0,user_12,847,852,4157
4388,70,220001,0,user_19,847,852,4157
4439,71,220001,0,user_5,848,852,4157
4440,72,220001,0,user_6,848,852,4157
4442,73,220001,0,user_7,848,852,4157
4448,74,220001,0,user_13,848,852,4157
4386,75,220001,0,user_17,847,852,4157
4602,76,220000,0,user_33,850,852,
4438,77,219999,0,user_4,848,852,4157
4300,78,219999,0,user_19,846,852,4157
4441,79,219999,0,user_7,848,852,4157
4387,80,219999,0,user_18,847,852,4157
4446,81,219999,0,user_11,848,852,4157
4447,82,160001,0,user_12,848,852,4109
4521,83,160000,0,user_30,849,852,
4466,84,160000,0,user_32,848,852,
4479,85,160000,0,user_46,848,852,
4323,86,160000,0,user_38,846,852,
4498,87,159999,0,user_7,849,852,4109
4392,88,150000,0,user_20,847,852,
4317,89,130000,0,user_34,846,852,
4276,90,120000,0,user_48,845,852,
4522,91,120000,0,user_30,849,852,
4389,92,120000,0,user_20,847,852,
4391,93,120000,256000,user_20,847,852,
4401,94,110000,43600,user_29,847,852,
4594,95,110000,0,user_24,850,852,
4513,96,98000,0,user_24,849,852,
4503,97,79001,0,user_15,849,852,4305
4417,98,73000,0,user_41,847,852,
4507,0,43000001,0,user_17,849,853,4103
4454,1,43000001,0,user_18,848,853,4103
4759,5,43000001,0,user_1,853,855,4103
4644,3,42999999,0,user_4,851,853,4103
4646,4,42999999,0,user_5,851,853,4103
4455,5,42999999,0,user_18,848,853,4103
4579,6,5000001,0,user_10,850,853,4509
4518,7,5000000,0,user_29,849,853,
4509,8,5000000,1100000,user_20,849,853,
4717,20,5000000,0,user_33,852,855,
4420,10,4500000,0,user_44,847,853,
4510,11,4200000,0,user_20,849,853,
4713,24,4200000,0,user_30,852,855,
4714,25,4200000,0,user_31,852,855,
4474,14,3600000,0,user_40,848,853,
4609,15,3500000,0,user_40,850,853,
4421,16,3200000,0,user_44,847,853,
4481,17,3200000,0,user_48,848,853,
4499,18,2100001,0,user_8,849,853,4144
4573,19,2100001,0,user_8,850,853,4144
4589,20,2100001,0,user_19,850,853,4144
4473,21,2100000,6390,user_40,848,853,
4643,22,2099999,0,user_4,851,853,4144
4457,23,2099999,0,user_18,848,853,4144
4699,29,2099999,0,user_15,852,855,4144
4539,25,2000000,0,user_46,849,853,
4419,26,2000000,0,user_44,847,853,
4538,27,1700000,0,user_44,849,853,
4472,28,1400000,0,user_38,848,853,
4534,29,1400000,5630,user_41,849,853,
4686,30,1200001,0,user_2,852,853,4606
4695,36,1200001,0,user_9,852,855,4606
4703,42,1200000,0,user_21,852,855,
4471,33,1100000,0,user_38,848,853,
4641,34,1000001,0,user_4,851,853,4213
4645,35,1000001,0,user_4,851,853,4213
4585,36,1000001,0,user_16,850,853,4213
4590,37,1000001,0,user_19,850,853,4213
4758,48,1000001,0,user_0,853,855,4213
4477,39,1000000,0,user_43,848,853,
4500,40,999999,0,user_8,849,853,4213
4570,41,999999,0,user_7,850,853,4213
4461,42,970000,13900,user_28,848,853,
4412,43,970000,0,user_38,847,853,
4592,44,910000,0,user_22,850,853,
4458,45,870000,0,user_20,848,853,
4533,46,650000,0,user_41,849,853,
4418,47,600000,0,user_44,847,853,
4708,52,530000,0,user_25,852,855,
4706,53,460000,0,user_24,852,855,
4619,50,420000,146000,user_46,850,853,
4526,51,420000,0,user_34,849,853,
4475,52,370000,8520,user_41,848,853,
4566,53,350001,0,user_4,850,853,4272
4568,54,350001,0,user_5,850,853,4272
4569,55,350001,0,user_6,850,853,4272
4581,56,350001,0,user_13,850,853,4272
4572,57,350001,0,user_8,850,853,4272
4580,58,350001,0,user_12,850,853,4272
4584,59,350001,0,user_16,850,853,4272
4647,60,350001,0,user_6,851,853,4272
4651,61,350001,0,user_11,851,853,4272
4565,62,349999,0,user_3,850,853,4272
4567,63,349999,0,user_5,850,853,4272
4639,64,349999,0,user_3,851,853,4272
4640,65,349999,0,user_3,851,853,4272
4582,66,349999,0,user_14,850,853,4272
4588,67,349999,0,user_19,850,853,4272
4468,68,340000,0,user_34,848,853,
4618,69,340000,0,user_46,850,853,
4535,70,340000,0,user_41,849,853,
4616,71,320000,322000,user_46,850,853,
4610,72,320000,0,user_40,850,853,
4642,73,319999,0,user_4,851,853,4616
4620,74,310000,0,user_46,850,853,
4597,75,310000,0,user_26,850,853,
4537,76,310000,0,user_43,849,853,
4505,77,220001,0,user_16,849,853,4157
4508,78,220001,0,user_19,849,853,4157
4425,79,220000,0,user_48,847,853,
4599,80,220000,43600,user_29,850,853,
4617,81,220000,0,user_46,850,853,
4452,82,219999,0,user_16,848,853,4157
4453,83,219999,0,user_18,848,853,4157
4456,84,219999,0,user_18,848,853,4157
4587,85,219999,0,user_18,850,853,4157
4532,86,170000,1100000,user_41,849,853,
4571,87,160001,0,user_7,850,853,4109
4648,88,160001,0,user_7,851,853,4109
4476,89,160000,0,user_41,848,853,
4715,70,160000,0,user_31,852,855,
4707,72,150000,0,user_25,852,855,
4512,92,120000,283000,user_22,849,853,
4541,93,120000,0,user_48,849,853,
4710,76,120000,350000,user_25,852,855,
4506,95,119999,0,user_17,849,853,4391
4426,96,110000,0,user_49,847,853,
4709,79,110000,0,user_25,852,855,
4517,98,100000,0,user_28,849,853,
4413,99,87000,16400,user_38,847,853,
4405,0,85000,0,user_34,847,854,
4775,2,43000001,0,user_17,853,858,4103
4776,3,43000001,0,user_17,853,858,4103
4688,0,43000001,0,user_4,852,856,4103
4689,1,43000001,0,user_6,852,856,4103
4690,2,43000001,0,user_6,852,856,4103
4759,5,43000001,0,user_1,853,855,4103
4693,3,43000001,0,user_8,852,856,4103
4694,4,43000001,0,user_8,852,856,4103
4661,5,43000001,0,user_19,851,856,4103
4815,6,43000001,0,user_3,854,856,4103
4764,7,43000001,0,user_8,853,856,4103
4698,10,42999999,0,user_13,852,856,4103
4761,11,42999999,0,user_4,853,856,4103
4701,12,42999999,0,user_18,852,856,4103
4767,13,42999999,0,user_11,853,856,4103
4816,14,42999999,0,user_4,854,856,4103
4778,15,42999999,0,user_18,853,856,4103
4832,11,19000000,0,user_23,854,858,
4798,16,19000000,0,user_46,853,856,
4729,17,6100000,146000,user_44,852,856,
4717,20,5000000,0,user_33,852,855,
4774,17,4999999,0,user_17,853,858,4509
4777,18,4999999,0,user_18,853,856,4509
4863,18,4999999,0,user_10,855,858,4509
4713,24,4200000,0,user_30,852,855,
4714,25,4200000,0,user_31,852,855,
4679,19,4200000,0,user_44,851,856,
4652,22,2100001,0,user_12,851,856,4144
4824,23,2099999,0,user_17,854,858,4144
4699,29,2099999,0,user_15,852,855,4144
4760,24,2099999,0,user_3,853,856,4144
4702,25,2099999,0,user_19,852,856,4144
4833,25,2000000,0,user_23,854,858,
4733,27,1700000,0,user_46,852,856,
4674,28,1600000,36800,user_40,851,856,
4799,31,1400000,0,user_49,853,858,
4695,36,1200001,0,user_9,852,855,4606
4768,32,1200001,0,user_11,853,856,4606
4770,33,1200001,0,user_13,853,856,4606
4769,34,1200001,0,user_12,853,856,4606
4779,35,1200001,0,user_19,853,856,4606
4820,36,1200001,0,user_11,854,856,4606
4703,42,1200000,0,user_21,852,855,
4687,39,1199999,0,user_3,852,856,4606
4697,40,1199999,0,user_12,852,856,4606
4771,41,1199999,0,user_14,853,856,4606
4818,42,1199999,0,user_6,854,856,4606
4655,44,1000001,0,user_14,851,856,4213
4758,48,1000001,0,user_0,853,855,4213
4838,38,1000000,0,user_28,854,858,
4654,46,999999,0,user_14,851,856,4213
4732,49,650000,0,user_46,852,856,
4708,52,530000,0,user_25,852,855,
4706,53,460000,0,user_24,852,855,
4613,51,460000,0,user_44,850,856,
4730,53,420000,0,user_44,852,856,
4762,55,360001,0,user_5,853,856,4682
4763,56,360001,0,user_5,853,856,4682
4666,57,360000,0,user_29,851,856,
4682,58,360000,959000,user_48,851,856,
4855,59,359999,0,user_2,855,856,4682
4859,48,359999,0,user_7,855,858,4682
4658,61,349999,0,user_16,851,856,4272
4660,62,349999,0,user_18,851,856,4272
4719,54,340000,0,user_38,852,858,
4656,63,320001,0,user_14,851,856,4616
4727,64,310000,0,user_44,852,856,
4844,62,220000,594000,user_41,854,858,
4827,64,190000,0,user_20,854,858,
4817,66,170001,0,user_5,854,856,4532
4715,70,160000,0,user_31,852,855,
4653,70,159999,0,user_14,851,856,4109
4707,72,150000,0,user_25,852,855,
4712,76,150000,0,user_29,852,856,
4793,77,150000,0,user_40,853,856,
4794,85,120000,0,user_41,853,858,
4710,76,120000,350000,user_25,852,855,
4680,79,120000,16400,user_44,851,856,
4783,90,110000,0,user_28,853,858,
4709,79,110000,0,user_25,852,855,
4728,80,110000,0,user_44,852,856,
4800,91,98000,381000,user_49,853,858,
4704,86,80000,0,user_22,852,856,
4718,87,79000,0,user_34,852,856,
4721,88,79000,0,user_40,852,856,
4688,0,43000001,0,user_4,852,856,4103
4689,1,43000001,0,user_6,852,856,4103
4690,2,43000001,0,user_6,852,856,4103
4693,3,43000001,0,user_8,852,856,4103
4694,4,43000001,0,user_8,852,856,4103
4661,5,43000001,0,user_19,851,856,4103
4815,6,43000001,0,user_3,854,856,4103
4764,7,43000001,0,user_8,853,856,4103
4814,2,42999999,0,user_0,854,857,4103
4650,9,42999999,0,user_10,851,856,4103
4698,10,42999999,0,user_13,852,856,4103
4761,11,42999999,0,user_4,853,856,4103
4701,12,42999999,0,user_18,852,856,4103
4767,13,42999999,0,user_11,853,856,4103
4816,14,42999999,0,user_4,854,856,4103
4778,15,42999999,0,user_18,853,856,4103
4798,16,19000000,0,user_46,853,856,
4729,17,6100000,146000,user_44,852,856,
4777,18,4999999,0,user_18,853,856,4509
4679,19,4200000,0,user_44,851,856,
4876,7,3200000,0,user_21,855,857,
4829,9,2600000,0,user_21,854,857,
4652,22,2100001,0,user_12,851,856,4144
4692,23,2100001,0,user_7,852,856,4144
4760,24,2099999,0,user_3,853,856,4144
4702,25,2099999,0,user_19,852,856,4144
4875,14,1800000,0,user_21,855,857,
4733,27,1700000,0,user_46,852,856,
4674,28,1600000,36800,user_40,851,856,
4593,29,1300000,164000,user_23,850,856,
4773,16,1200001,0,user_15,853,857,4606
4691,31,1200001,0,user_7,852,856,4606
4768,32,1200001,0,user_11,853,856,4606
4770,33,1200001,0,user_13,853,856,4606
4769,34,1200001,0,user_12,853,856,4606
4779,35,1200001,0,user_19,853,856,4606
4820,36,1200001,0,user_11,854,856,4606
4919,17,1200001,0,user_1,856,857,4606
4772,18,1199999,0,user_15,853,857,4606
4687,39,1199999,0,user_3,852,856,4606
4697,40,1199999,0,user_12,852,856,4606
4771,41,1199999,0,user_14,853,856,4606
4818,42,1199999,0,user_6,854,856,4606
4790,22,1100000,146000,user_37,853,857,
4655,44,1000001,0,user_14,851,856,4213
4765,24,999999,0,user_9,853,857,4213
4654,46,999999,0,user_14,851,856,4213
4716,28,670000,0,user_32,852,857,
4611,48,670000,0,user_41,850,856,
4732,49,650000,0,user_46,852,856,
4828,30,460000,0,user_21,854,857,
4613,51,460000,0,user_44,850,856,
4780,31,420000,0,user_21,853,857,
4730,53,420000,0,user_44,852,856,
4784,32,370000,0,user_31,853,857,
4762,55,360001,0,user_5,853,856,4682
4763,56,360001,0,user_5,853,856,4682
4666,57,360000,0,user_29,851,856,
4682,58,360000,959000,user_48,851,856,
4855,59,359999,0,user_2,855,856,4682
4788,41,350000,0,user_35,853,857,
4658,61,349999,0,user_16,851,856,4272
4660,62,349999,0,user_18,851,856,4272
4656,63,320001,0,user_14,851,856,4616
4727,64,310000,0,user_44,852,856,
4882,43,260000,0,user_33,855,857,
4817,66,170001,0,user_5,854,856,4532
4921,45,170001,0,user_1,856,857,4532
4920,50,169999,0,user_1,856,857,4532
4529,69,160000,35100,user_38,849,856,
4653,70,159999,0,user_14,851,856,4109
4586,71,159999,0,user_17,850,856,4109
4830,56,150000,15300,user_21,854,857,
4841,57,150000,0,user_33,854,857,
4542,74,150000,350000,user_49,849,856,
4612,75,150000,0,user_43,850,856,
4712,76,150000,0,user_29,852,856,
4793,77,150000,0,user_40,853,856,
4786,60,120000,0,user_33,853,857,
4680,79,120000,16400,user_44,851,856,
4728,80,110000,0,user_44,852,856,
4880,61,110000,0,user_30,855,857,
4785,63,100000,0,user_33,853,857,
4781,65,98000,0,user_25,853,857,
4789,66,84000,0,user_35,853,857,
4835,70,82000,17700000,user_25,854,857,
4704,86,80000,0,user_22,852,856,
4718,87,79000,0,user_34,852,856,
4721,88,79000,0,user_40,852,856,
4826,0,43000001,0,user_18,854,858,4103
4825,7,42999999,0,user_18,854,858,4103
4814,2,42999999,0,user_0,854,857,4103
4823,14,5000001,0,user_16,854,858,4509
4960,4,5000000,0,user_41,856,857,
4998,1,4999999,0,user_7,857,859,4509
4896,6,3500000,285000,user_49,855,857,
4876,7,3200000,0,user_21,855,857,
4853,8,3200000,0,user_49,854,857,
4829,9,2600000,0,user_21,854,857,
4922,21,2100001,0,user_2,856,858,4144
4994,5,2100001,0,user_7,857,859,4144
4925,22,2099999,0,user_3,856,858,4144
4852,13,2000000,0,user_49,854,857,
4875,14,1800000,0,user_21,855,857,
4873,15,1400000,0,user_20,855,857,
4773,16,1200001,0,user_15,853,857,4606
4919,17,1200001,0,user_1,856,857,4606
4772,18,1199999,0,user_15,853,857,4606
4930,33,1199999,0,user_7,856,858,4606
4988,34,1199999,0,user_2,857,858,4606
4836,35,1100000,39400,user_26,854,858,
4790,22,1100000,146000,user_37,853,857,
4958,23,1000000,0,user_41,856,857,
4765,24,999999,0,user_9,853,857,4213
4874,25,910000,36800,user_20,855,857,
4963,26,870000,139000,user_43,856,857,
4889,27,670000,0,user_43,855,857,
4716,28,670000,0,user_32,852,857,
4872,29,460000,0,user_20,855,857,
4828,30,460000,0,user_21,854,857,
4780,31,420000,0,user_21,853,857,
4784,32,370000,0,user_31,853,857,
4939,33,360001,0,user_17,856,857,4682
4871,44,360001,0,user_18,855,858,4682
4856,45,359999,0,user_3,855,858,4682
4857,46,359999,0,user_5,855,858,4682
4858,47,359999,0,user_6,855,858,4682
4864,49,359999,0,user_11,855,858,4682
4866,50,359999,0,user_13,855,858,4682
4870,51,359999,0,user_18,855,858,4682
4788,41,350000,0,user_35,853,857,
4961,42,300000,381000,user_41,856,857,
4882,43,260000,0,user_33,855,857,
4843,44,220000,256000,user_38,854,857,
4921,45,170001,0,user_1,856,857,4532
4928,66,170001,0,user_7,856,858,4532
4929,67,170001,0,user_7,856,858,4532
4926,65,170001,0,user_5,856,858,4532
4996,13,170001,0,user_7,857,859,4532
4920,50,169999,0,user_1,856,857,4532
4931,77,169999,0,user_7,856,858,4532
4923,75,169999,0,user_3,856,858,4532
4927,76,169999,0,user_6,856,858,4532
4936,78,169999,0,user_11,856,858,4532
5002,55,169999,0,user_10,857,857,4532
4830,56,150000,15300,user_21,854,857,
4841,57,150000,0,user_33,854,857,
4957,58,150000,35600,user_41,856,857,
4887,59,120000,0,user_41,855,857,
4786,60,120000,0,user_33,853,857,
4880,61,110000,0,user_30,855,857,
4878,62,100000,0,user_28,855,857,
4785,63,100000,0,user_33,853,857,
4959,64,100000,139000,user_41,856,857,
4781,65,98000,0,user_25,853,857,
4789,66,84000,0,user_35,853,857,
4932,95,82001,0,user_7,856,858,4835
4995,25,82001,0,user_7,857,859,4835
4997,26,82001,0,user_7,857,859,4835
4835,70,82000,17700000,user_25,854,857,
4924,98,81999,0,user_3,856,858,4835
4826,0,43000001,0,user_18,854,858,4103
4869,1,43000001,0,user_15,855,858,4103
4775,2,43000001,0,user_17,853,858,4103
4776,3,43000001,0,user_17,853,858,4103
4696,4,42999999,0,user_10,852,858,4103
4700,5,42999999,0,user_17,852,858,4103
4766,6,42999999,0,user_10,853,858,4103
4825,7,42999999,0,user_18,854,858,4103
4935,8,42999999,0,user_9,856,858,4103
4885,9,30000000,0,user_37,855,858,
4954,10,19000000,0,user_37,856,858,
4832,11,19000000,0,user_23,854,858,
4840,12,5200000,0,user_32,854,858,
4883,13,5200000,121000,user_35,855,858,
4823,14,5000001,0,user_16,854,858,4509
4842,15,5000000,0,user_35,854,858,
4659,16,4999999,0,user_17,851,858,4509
4774,17,4999999,0,user_17,853,858,4509
4863,18,4999999,0,user_10,855,858,4509
5016,19,3600000,0,user_24,857,858,
4941,20,2600000,0,user_24,856,858,
4922,21,2100001,0,user_2,856,858,4144
4925,22,2099999,0,user_3,856,858,4144
4824,23,2099999,0,user_17,854,858,4144
4675,24,2000000,0,user_41,851,858,
4833,25,2000000,0,user_23,854,858,
4951,26,1900000,0,user_33,856,858,
4665,27,1700000,66100,user_28,851,858,
4942,28,1700000,0,user_24,856,858,
4677,29,1500000,410000,user_43,851,858,
4949,30,1400000,0,user_31,856,858,
4799,31,1400000,0,user_49,853,858,
5038,32,1400000,0,user_47,857,858,
4930,33,1199999,0,user_7,856,858,4606
4988,34,1199999,0,user_2,857,858,4606
4836,35,1100000,39400,user_26,854,858,
4881,36,1100000,0,user_32,855,858,
5024,37,1100000,0,user_35,857,858,
4838,38,1000000,0,user_28,854,858,
4884,39,910000,0,user_35,855,858,
5023,40,870000,0,user_35,857,858,
4944,41,600000,0,user_25,856,858,
4894,42,460000,73100,user_47,855,858,
4892,43,420000,0,user_47,855,858,
4871,44,360001,0,user_18,855,858,4682
4856,45,359999,0,user_3,855,858,4682
4857,46,359999,0,user_5,855,858,4682
4858,47,359999,0,user_6,855,858,4682
4859,48,359999,0,user_7,855,858,4682
4864,49,359999,0,user_11,855,858,4682
4866,50,359999,0,user_13,855,858,4682
4870,51,359999,0,user_18,855,858,4682
4834,52,340000,49100,user_24,854,858,
4895,53,340000,0,user_47,855,858,
4719,54,340000,0,user_38,852,858,
4943,55,320000,0,user_25,856,858,
4621,56,310000,0,user_49,850,858,
4607,57,260000,0,user_38,850,858,
4672,58,260000,0,user_38,851,858,
4947,59,260000,0,user_30,856,858,
4893,60,260000,0,user_47,855,858,
4705,61,220000,0,user_23,852,858,
4844,62,220000,594000,user_41,854,858,
5012,63,220000,0,user_21,857,858,
4827,64,190000,0,user_20,854,858,
4926,65,170001,0,user_5,856,858,4532
4928,66,170001,0,user_7,856,858,4532
4929,67,170001,0,user_7,856,858,4532
5001,68,170001,0,user_9,857,858,4532
5007,69,170001,0,user_15,857,858,4532
5008,70,170001,0,user_15,857,858,4532
5048,71,170001,0,user_1,858,858,4532
4862,72,169999,0,user_9,855,858,4532
4868,73,169999,0,user_15,855,858,4532
4987,74,169999,0,user_0,857,858,4532
4923,75,169999,0,user_3,856,858,4532
4927,76,169999,0,user_6,856,858,4532
4931,77,169999,0,user_7,856,858,4532
4936,78,169999,0,user_11,856,858,4532
5000,79,169999,0,user_9,857,858,4532
5045,80,169999,0,user_0,858,858,4532
4953,81,150000,0,user_37,856,858,
4662,82,120000,0,user_20,851,858,
4676,83,120000,0,user_43,851,858,
4965,84,120000,0,user_47,856,858,
4794,85,120000,0,user_41,853,858,
4663,86,110000,16400,user_23,851,858,
4722,87,110000,0,user_41,852,858,
4726,88,110000,0,user_43,852,858,
4948,89,110000,0,user_30,856,858,
4783,90,110000,0,user_28,853,858,
4800,91,98000,381000,user_49,853,858,
4683,92,87000,0,user_49,851,858,
5021,93,87000,0,user_31,857,858,
4950,94,84000,0,user_32,856,858,
4932,95,82001,0,user_7,856,858,4835
5046,96,82001,0,user_0,858,858,4835
5025,97,82000,0,user_37,857,858,
4924,98,81999,0,user_3,856,858,4835
5047,99,81999,0,user_0,858,858,4835
5090,0,5000000,0,user_31,858,859,
4998,1,4999999,0,user_7,857,859,4509
5092,2,3500000,0,user_35,858,859,
4991,3,2100001,0,user_5,857,859,4144
4993,4,2100001,0,user_6,857,859,4144
4994,5,2100001,0,user_7,857,859,4144
5051,6,2099999,0,user_2,858,859,4144
5084,7,1500000,0,user_24,858,859,
5003,8,1200001,0,user_11,857,859,4606
4945,9,660000,0,user_26,856,859,
5078,10,460000,0,user_21,858,859,
5077,11,310000,0,user_21,858,859,
4956,12,260000,0,user_40,856,859,
4996,13,170001,0,user_7,857,859,4532
5050,14,170001,0,user_2,858,859,4532
5063,15,170001,0,user_9,858,859,4532
5113,16,170001,0,user_0,859,859,4532
5114,17,170001,0,user_1,859,859,4532
4989,18,169999,0,user_3,857,859,4532
4990,19,169999,0,user_5,857,859,4532
4992,20,169999,0,user_6,857,859,4532
4940,21,169999,0,user_18,856,859,4532
5004,22,169999,0,user_11,857,859,4532
5053,23,169999,0,user_2,858,859,4532
5065,24,169999,0,user_9,858,859,4532
4995,25,82001,0,user_7,857,859,4835
4997,26,82001,0,user_7,857,859,4835
5049,27,82001,0,user_2,858,859,4835
5052,28,82001,0,user_2,858,859,4835
5064,29,82001,0,user_9,858,859,4835
5112,30,82001,0,user_0,859,859,4835
4678,31,79000,0,user_43,851,859,
3961,0,470000,0,user_1,860,860,
3984,0,6100000,0,user_31,860,861,
3962,1,3600000,0,user_2,860,861,
3963,2,2500000,0,user_2,860,861,
3986,3,1500000,0,user_33,860,861,
3964,4,970000,0,user_2,860,861,
3965,5,240000,195000,user_2,860,861,
4004,6,239999,0,user_1,861,861,3965
3988,0,30000000,0,user_35,860,862,
3973,1,19000000,0,user_15,860,862,
3991,2,3600000,0,user_37,860,862,
4024,3,2500000,0,user_25,861,862,
3985,4,2100000,0,user_32,860,862,
4046,5,1400001,0,user_0,862,862,4010
4010,6,1400000,64600,user_9,861,862,
4022,7,650000,0,user_21,861,862,
3979,8,470000,18600,user_24,860,862,
4014,9,460000,0,user_15,861,862,
4030,10,340000,0,user_31,861,862,
4047,11,240001,0,user_1,862,862,3965
4048,12,240001,0,user_1,862,862,3965
4049,13,240001,0,user_1,862,862,3965
4050,14,239999,0,user_1,862,862,3965
4023,15,220000,0,user_24,861,862,
4013,16,160000,0,user_15,861,862,
4029,17,150000,0,user_30,861,862,
4032,18,150000,0,user_33,861,862,
3990,19,84000,0,user_37,860,862,
4068,19,27000000,0,user_20,862,869,
4076,27,5000000,108000,user_28,862,869,
4102,40,2100000,0,user_43,862,869,
4098,81,910000,0,user_41,862,869,
4044,96,420000,0,user_49,861,869,
4101,5,350000,0,user_43,862,863,
4036,6,260000,0,user_38,861,863,
4064,7,240001,0,user_17,862,863,3965
4122,8,240001,0,user_10,863,863,3965
4119,9,239999,0,user_7,863,863,3965
4080,0,4200000,31700,user_33,862,864,
4139,1,3500000,0,user_25,863,864,
4144,2,2100000,1100000,user_30,863,864,
4079,3,530000,0,user_31,862,864,
4145,4,530000,0,user_31,863,864,
4168,5,239999,0,user_1,864,864,3965
4146,6,170000,0,user_33,863,864,
4069,7,150000,0,user_21,862,864,
4083,8,130000,0,user_33,862,864,
4073,9,110000,0,user_25,862,864,
4131,10,100000,0,user_21,863,864,
4081,11,82000,0,user_33,862,864,
4082,12,79000,0,user_33,862,864,
4070,13,70000,0,user_21,862,864,
4224,13,27000001,0,user_7,865,869,4017
4186,69,1300000,0,user_23,864,869,
4184,2,360000,0,user_20,864,865,
4225,3,220001,0,user_7,865,865,4157
4229,4,219999,0,user_10,865,865,4157
4205,5,120000,0,user_43,864,865,
4165,0,6100000,0,user_47,863,866,
4088,1,5000000,0,user_35,862,866,
4200,2,4500000,0,user_33,864,866,
4152,3,3600000,0,user_37,863,866,
4211,4,3200000,0,user_47,864,866,
4282,5,2100001,0,user_1,866,866,4144
4215,6,2099999,0,user_0,865,866,4144
4193,7,1800000,0,user_30,864,866,
4197,8,1800000,0,user_33,864,866,
4199,9,1600000,0,user_33,864,866,
4203,10,1600000,0,user_35,864,866,
4110,11,1500000,0,user_47,862,866,
4091,12,1400000,56200,user_37,862,866,
4252,13,1100000,0,user_31,865,866,
4072,14,1000000,0,user_24,862,866,
4187,15,1000000,0,user_24,864,866,
4194,16,870000,0,user_30,864,866,
4188,17,650000,0,user_25,864,866,
4256,18,650000,0,user_33,865,866,
4255,19,600000,49100,user_33,865,866,
4126,20,470001,0,user_15,863,866,3979
4212,21,460000,0,user_47,864,866,
4113,22,420000,0,user_47,862,866,
4149,23,420000,5640,user_35,863,866,
4198,24,360000,0,user_33,864,866,
4031,25,350000,0,user_32,861,866,
4254,26,310000,108000,user_33,865,866,
4281,27,309999,0,user_1,866,866,4254
4056,28,240001,0,user_9,862,866,3965
4061,29,240001,0,user_15,862,866,3965
4178,30,240001,0,user_15,864,866,3965
4179,31,240001,0,user_15,864,866,3965
4060,32,239999,0,user_15,862,866,3965
4121,33,239999,0,user_9,863,866,3965
4172,34,239999,0,user_9,864,866,3965
4148,35,220000,0,user_35,863,866,
4111,36,170000,0,user_47,862,866,
4151,37,170000,30200,user_37,863,866,
4112,38,160000,0,user_47,862,866,
4150,39,110000,0,user_35,863,866,
4238,40,110000,34700,user_21,865,866,
4138,41,85000,0,user_24,863,866,
4090,42,83000,0,user_37,862,866,
4201,43,70000,0,user_33,864,866,
4288,0,43000001,0,user_6,866,869,4103
4294,1,43000001,0,user_13,866,869,4103
4298,2,42999999,0,user_17,866,872,4103
4231,6,42999999,0,user_16,865,869,4103
4375,7,42999999,0,user_2,867,869,4103
4230,14,27000001,0,user_12,865,869,4132
4226,21,26999999,0,user_8,865,869,4132
4251,28,5000000,0,user_29,865,869,
4271,29,5000000,0,user_46,865,869,
4330,12,2600000,23500,user_43,866,872,
3977,36,2400000,0,user_22,860,869,
4302,16,2400000,10700,user_20,866,872,
3999,47,2000000,16400,user_46,860,869,
4303,24,2000000,0,user_20,866,872,
4227,53,1999999,0,user_8,865,869,3999
3982,54,1900000,0,user_29,860,869,
3978,59,1600000,0,user_22,860,869,
3976,60,1600000,0,user_19,860,869,
4202,62,1500000,0,user_34,864,869,
4237,72,1000001,0,user_19,865,869,4213
4213,76,1000000,296000,user_48,864,869,
4381,31,999999,0,user_10,867,872,4213
3987,87,670000,0,user_34,860,869,
4327,39,670000,0,user_41,866,872,
3983,88,650000,0,user_29,860,869,
4301,48,420000,0,user_20,866,872,
3994,97,360000,0,user_40,860,869,
4240,27,350000,12800,user_22,865,867,
4304,61,340000,0,user_23,866,872,
3966,29,240001,0,user_3,860,867,3965
3967,30,240001,0,user_4,860,867,3965
3968,31,240001,0,user_8,860,867,3965
3970,32,240001,0,user_12,860,867,3965
4284,33,240001,0,user_3,866,867,3965
4285,34,240001,0,user_3,866,867,3965
4286,35,240001,0,user_4,866,867,3965
4181,36,240001,0,user_18,864,867,3965
4182,37,240001,0,user_18,864,867,3965
4292,38,240001,0,user_11,866,867,3965
3969,39,239999,0,user_11,860,867,3965
3971,40,239999,0,user_13,860,867,3965
3972,41,239999,0,user_14,860,867,3965
4233,42,239999,0,user_18,865,867,3965
4234,43,239999,0,user_18,865,867,3965
4235,44,239999,0,user_18,865,867,3965
4236,45,239999,0,user_18,865,867,3965
4379,46,220001,0,user_7,867,867,4157
4287,47,219999,0,user_5,866,867,4157
4241,48,120000,0,user_22,865,867,
4242,49,120000,0,user_22,865,867,
3975,50,110000,0,user_19,860,867,
4000,51,83000,0,user_48,860,867,
4239,52,77000,15700,user_22,865,867,
4445,0,43000001,0,user_10,868,872,4103
4299,8,42999999,0,user_18,866,869,4103
4436,9,42999999,0,user_2,868,869,4103
4390,11,3500000,0,user_20,867,872,
4444,18,2100001,0,user_10,868,872,4144
4325,86,870000,0,user_40,866,869,
4395,45,470000,0,user_23,867,872,
4400,63,340000,39400,user_28,867,872,
4393,64,310000,73100,user_20,867,872,
4293,9,240001,0,user_12,866,868,3965
4295,10,240001,0,user_14,866,868,3965
4296,11,240001,0,user_14,866,868,3965
4386,75,220001,0,user_17,867,872,4157
4377,13,220001,0,user_4,867,868,4157
4382,14,220001,0,user_11,867,868,4157
4442,73,220001,0,user_7,868,872,4157
4376,16,219999,0,user_3,867,868,4157
4378,17,219999,0,user_6,867,868,4157
4384,18,219999,0,user_13,867,868,4157
4441,79,219999,0,user_7,868,872,4157
4323,86,160000,0,user_38,866,872,
4392,88,150000,0,user_20,867,872,
4310,22,150000,0,user_29,866,868,
4389,92,120000,0,user_20,867,872,
4391,93,120000,256000,user_20,867,872,
4326,25,98000,0,user_40,866,868,
4417,98,73000,0,user_41,867,872,
4288,0,43000001,0,user_6,866,869,4103
4294,1,43000001,0,user_13,866,869,4103
4291,2,43000001,0,user_10,866,869,4103
4103,3,43000000,545000,user_44,862,869,
4183,4,42999999,0,user_19,864,869,4103
4218,5,42999999,0,user_5,865,869,4103
4231,6,42999999,0,user_16,865,869,4103
4375,7,42999999,0,user_2,867,869,4103
4299,8,42999999,0,user_18,866,869,4103
4436,9,42999999,0,user_2,868,869,4103
4135,10,30000000,0,user_23,863,869,
4411,11,30000000,0,user_37,867,869,
4171,12,27000001,0,user_7,864,869,4017
4224,13,27000001,0,user_7,865,869,4017
4230,14,27000001,0,user_12,865,869,4132
4025,15,27000000,0,user_26,861,869,
4071,16,27000000,0,user_22,862,869,
4017,17,27000000,84800,user_17,861,869,
4132,18,27000000,11200,user_22,863,869,
4068,19,27000000,0,user_20,862,869,
4057,20,26999999,0,user_10,862,869,4017
4226,21,26999999,0,user_8,865,869,4132
4129,22,19000000,0,user_20,863,869,
4243,23,19000000,39400,user_23,865,869,
4262,24,19000000,12800,user_41,865,869,
4170,25,5000001,0,user_7,864,869,4076
4174,26,5000001,0,user_10,864,869,4076
4076,27,5000000,108000,user_28,862,869,
4251,28,5000000,0,user_29,865,869,
4271,29,5000000,0,user_46,865,869,
4283,30,4999999,0,user_2,866,869,4076
4290,31,4199999,0,user_9,866,869,4080
4108,32,3500000,0,user_46,862,869,
4140,33,3500000,0,user_26,863,869,
3996,34,3200000,0,user_43,860,869,
4470,35,2500000,0,user_37,868,869,
3977,36,2400000,0,user_22,860,869,
4316,37,2300000,0,user_32,866,869,
4077,38,2100000,0,user_29,862,869,
4027,39,2100000,0,user_28,861,869,
4102,40,2100000,0,user_43,862,869,
4137,41,2100000,0,user_23,863,869,
4403,42,2100000,0,user_32,867,869,
4297,43,2099999,0,user_15,866,869,4144
4492,44,2099999,0,user_1,869,869,4144
4005,45,2000001,0,user_4,861,869,3999
4058,46,2000001,0,user_12,862,869,3999
3999,47,2000000,16400,user_46,860,869,
4106,48,2000000,0,user_46,862,869,
4266,49,2000000,0,user_41,865,869,
4464,50,2000000,0,user_30,868,869,
4009,51,1999999,0,user_8,861,869,3999
4051,52,1999999,0,user_4,862,869,3999
4227,53,1999999,0,user_8,865,869,3999
3982,54,1900000,0,user_29,860,869,
3981,55,1800000,0,user_28,860,869,
4143,56,1800000,0,user_29,863,869,
4154,57,1800000,0,user_38,863,869,
4115,58,1700000,0,user_48,862,869,
3978,59,1600000,0,user_22,860,869,
3976,60,1600000,0,user_19,860,869,
4021,61,1600000,0,user_20,861,869,
4202,62,1500000,0,user_34,864,869,
4450,63,1400001,0,user_15,868,869,4315
4311,64,1400000,0,user_30,866,869,
4306,65,1400000,0,user_24,866,869,
4315,66,1400000,181000,user_32,866,869,
4228,67,1399999,0,user_9,865,869,4091
4167,68,1300000,21800,user_48,863,869,
4186,69,1300000,0,user_23,864,869,
4312,70,1200000,0,user_30,866,869,
4162,71,1100000,0,user_44,863,869,
4237,72,1000001,0,user_19,865,869,4213
4105,73,1000000,0,user_46,862,869,
4084,74,1000000,5180,user_34,862,869,
4086,75,1000000,0,user_34,862,869,
4213,76,1000000,296000,user_48,864,869,
4214,77,1000000,0,user_49,864,869,
4459,78,1000000,0,user_24,868,869,
4166,79,970000,0,user_48,863,869,
4480,80,970000,0,user_47,868,869,
4098,81,910000,0,user_41,862,869,
4161,82,910000,0,user_43,863,869,
4314,83,910000,0,user_31,866,869,
4033,84,870000,0,user_34,861,869,
4130,85,870000,0,user_20,863,869,
4325,86,870000,0,user_40,866,869,
3987,87,670000,0,user_34,860,869,
3983,88,650000,0,user_29,860,869,
4163,89,650000,0,user_44,863,869,
4263,90,650000,0,user_41,865,869,
4423,91,600000,0,user_47,867,869,
4424,92,600000,0,user_47,867,869,
4273,93,460000,0,user_47,865,869,
4195,94,460000,0,user_32,864,869,
4204,95,460000,0,user_38,864,869,
4044,96,420000,0,user_49,861,869,
3994,97,360000,0,user_40,860,869,
4078,98,360000,0,user_29,862,869,
4039,99,360000,0,user_41,861,869,
4136,0,350000,0,user_23,863,870,
4158,1,350000,0,user_43,863,870,
4085,2,320000,0,user_34,862,870,
4059,3,310001,0,user_14,862,870,4042
4118,4,310001,0,user_4,863,870,4042
4123,5,310001,0,user_12,863,870,4042
4042,6,310000,12300,user_46,861,870,
4092,7,300000,0,user_38,862,870,
4007,8,240001,0,user_6,861,870,3965
4011,9,240001,0,user_13,861,870,3965
4012,10,240001,0,user_14,861,870,3965
4020,11,240001,0,user_19,861,870,3965
4052,12,240001,0,user_5,862,870,3965
4054,13,240001,0,user_6,862,870,3965
4124,14,240001,0,user_13,863,870,3965
4018,15,240001,0,user_18,861,870,3965
4065,16,240001,0,user_18,862,870,3965
4127,17,240001,0,user_16,863,870,3965
4128,18,240001,0,user_16,863,870,3965
4006,19,239999,0,user_5,861,870,3965
4008,20,239999,0,user_7,861,870,3965
4015,21,239999,0,user_16,861,870,3965
4019,22,239999,0,user_19,861,870,3965
4053,23,239999,0,user_6,862,870,3965
4055,24,239999,0,user_7,862,870,3965
4117,25,239999,0,user_3,863,870,3965
4062,26,239999,0,user_16,862,870,3965
4063,27,239999,0,user_16,862,870,3965
4066,28,239999,0,user_19,862,870,3965
4067,29,239999,0,user_19,862,870,3965
4028,30,220000,0,user_29,861,870,
4114,31,220000,0,user_48,862,870,
4157,32,220000,231000,user_41,863,870,
4153,33,220000,0,user_38,863,870,
4043,34,190000,0,user_46,861,870,
4125,35,160001,0,user_14,863,870,4109
4109,36,160000,369000,user_46,862,870,
4159,37,160000,0,user_43,863,870,
4120,38,159999,0,user_8,863,870,4109
3997,39,150000,0,user_43,860,870,
4133,40,150000,0,user_23,863,870,
4160,41,150000,0,user_43,863,870,
4016,42,120000,0,user_17,861,870,
4156,43,120000,8520,user_40,863,870,
3974,44,110000,0,user_17,860,870,
4142,45,110000,0,user_29,863,870,
4147,46,110000,0,user_34,863,870,
4001,47,100000,0,user_49,860,870,
4038,48,87000,0,user_40,861,870,
4041,49,87000,0,user_43,861,870,
4087,50,87000,0,user_34,862,870,
4107,51,84000,0,user_46,862,870,
4134,52,83000,0,user_23,863,870,
4116,53,82000,0,user_49,862,870,
3992,54,77000,0,user_38,860,870,
4650,9,42999999,0,user_10,871,876,4103
4593,29,1300000,164000,user_23,870,876,
4611,48,670000,0,user_41,870,876,
4648,88,160001,0,user_7,871,873,4109
4529,69,160000,35100,user_38,869,876,
4586,71,159999,0,user_17,870,876,4109
4542,74,150000,350000,user_49,869,876,
4612,75,150000,0,user_43,870,876,
4196,8,120000,0,user_32,864,871,
4445,0,43000001,0,user_10,868,872,4103
4502,1,43000001,0,user_13,869,872,4103
4298,2,42999999,0,user_17,866,872,4103
4320,3,27000000,0,user_34,866,872,
4525,4,6100000,5180,user_32,869,872,
4511,5,5000000,0,user_21,869,872,
4528,6,5000000,0,user_37,869,872,
4519,7,4200000,0,user_30,869,872,
4398,8,3600000,0,user_26,867,872,
4605,9,3600000,0,user_33,870,872,
4523,10,3500000,0,user_30,869,872,
4390,11,3500000,0,user_20,867,872,
4330,12,2600000,23500,user_43,866,872,
4664,13,2600000,0,user_25,871,872,
4463,14,2500000,0,user_29,868,872,
4318,15,2400000,0,user_34,866,872,
4302,16,2400000,10700,user_20,866,872,
4668,17,2300000,0,user_30,871,872,
4444,18,2100001,0,user_10,868,872,4144
4574,19,2100001,0,user_9,870,872,4144
4684,20,2100001,0,user_0,872,872,4144
4495,21,2099999,0,user_4,869,872,4144
4685,22,2099999,0,user_1,872,872,4144
4257,23,2000000,0,user_34,865,872,
4303,24,2000000,0,user_20,866,872,
4604,25,2000000,0,user_33,870,872,
4669,26,1900000,0,user_31,871,872,
4595,27,1400000,16400,user_25,870,872,
4606,28,1200000,7190000,user_37,870,872,
4667,29,1100000,0,user_30,871,872,
4380,30,1000001,0,user_8,867,872,4213
4381,31,999999,0,user_10,867,872,4213
4449,32,999999,0,user_13,868,872,4213
4501,33,999999,0,user_13,869,872,4213
4583,34,999999,0,user_15,870,872,4213
4649,35,999999,0,user_9,871,872,4213
4601,36,970000,0,user_31,870,872,
4591,37,910000,0,user_21,870,872,
4596,38,910000,0,user_25,870,872,
4327,39,670000,0,user_41,866,872,
4540,40,660000,0,user_47,869,872,
4524,41,650000,0,user_31,869,872,
4520,42,630000,0,user_30,869,872,
4331,43,600000,0,user_44,866,872,
4603,44,530000,0,user_33,870,872,
4395,45,470000,0,user_23,867,872,
4416,46,460000,0,user_40,867,872,
4462,47,460000,0,user_29,868,872,
4301,48,420000,0,user_20,866,872,
4600,49,370000,0,user_30,870,872,
4493,50,350001,0,user_2,869,872,4272
4563,51,350001,0,user_0,870,872,4272
4494,52,350001,0,user_3,869,872,4272
4496,53,350001,0,user_7,869,872,4272
4576,54,350001,0,user_9,870,872,4272
4577,55,350001,0,user_9,870,872,4272
4497,56,349999,0,user_7,869,872,4272
4564,57,349999,0,user_2,870,872,4272
4575,58,349999,0,user_9,870,872,4272
4578,59,349999,0,user_9,870,872,4272
4657,60,349999,0,user_15,871,872,4272
4304,61,340000,0,user_23,866,872,
4514,62,340000,0,user_24,869,872,
4400,63,340000,39400,user_28,867,872,
4393,64,310000,73100,user_20,867,872,
4319,65,300000,108000,user_34,866,872,
4515,66,260000,0,user_25,869,872,
4504,67,240001,0,user_15,869,872,3965
4437,68,220001,0,user_3,868,872,4157
4383,69,220001,0,user_12,867,872,4157
4388,70,220001,0,user_19,867,872,4157
4439,71,220001,0,user_5,868,872,4157
4440,72,220001,0,user_6,868,872,4157
4442,73,220001,0,user_7,868,872,4157
4448,74,220001,0,user_13,868,872,4157
4386,75,220001,0,user_17,867,872,4157
4602,76,220000,0,user_33,870,872,
4438,77,219999,0,user_4,868,872,4157
4300,78,219999,0,user_19,866,872,4157
4441,79,219999,0,user_7,868,872,4157
4387,80,219999,0,user_18,867,872,4157
4446,81,219999,0,user_11,868,872,4157
4447,82,160001,0,user_12,868,872,4109
4521,83,160000,0,user_30,869,872,
4466,84,160000,0,user_32,868,872,
4479,85,160000,0,user_46,868,872,
4323,86,160000,0,user_38,866,872,
4498,87,159999,0,user_7,869,872,4109
4392,88,150000,0,user_20,867,872,
4317,89,130000,0,user_34,866,872,
4276,90,120000,0,user_48,865,872,
4522,91,120000,0,user_30,869,872,
4389,92,120000,0,user_20,867,872,
4391,93,120000,256000,user_20,867,872,
4401,94,110000,43600,user_29,867,872,
4594,95,110000,0,user_24,870,872,
4513,96,98000,0,user_24,869,872,
4503,97,79001,0,user_15,869,872,4305
4417,98,73000,0,user_41,867,872,
4507,0,43000001,0,user_17,869,873,4103
4454,1,43000001,0,user_18,868,873,4103
4759,5,43000001,0,user_1,873,875,4103
4644,3,42999999,0,user_4,871,873,4103
4646,4,42999999,0,user_5,871,873,4103
4455,5,42999999,0,user_18,868,873,4103
4579,6,5000001,0,user_10,870,873,4509
4518,7,5000000,0,user_29,869,873,
4509,8,5000000,1100000,user_20,869,873,
4717,20,5000000,0,user_33,872,875,
4420,10,4500000,0,user_44,867,873,
4510,11,4200000,0,user_20,869,873,
4713,24,4200000,0,user_30,872,875,
4714,25,4200000,0,user_31,872,875,
4474,14,3600000,0,user_40,868,873,
4609,15,3500000,0,user_40,870,873,
4421,16,3200000,0,user_44,867,873,
4481,17,3200000,0,user_48,868,873,
4499,18,2100001,0,user_8,869,873,4144
4573,19,2100001,0,user_8,870,873,4144
4589,20,2100001,0,user_19,870,873,4144
4473,21,2100000,6390,user_40,868,873,
4643,22,2099999,0,user_4,871,873,4144
4457,23,2099999,0,user_18,868,873,4144
4699,29,2099999,0,user_15,872,875,4144
4539,25,2000000,0,user_46,869,873,
4419,26,2000000,0,user_44,867,873,
4538,27,1700000,0,user_44,869,873,
4472,28,1400000,0,user_38,868,873,
4534,29,1400000,5630,user_41,869,873,
4686,30,1200001,0,user_2,872,873,4606
4695,36,1200001,0,user_9,872,875,4606
4703,42,1200000,0,user_21,872,875,
4471,33,1100000,0,user_38,868,873,
4641,34,1000001,0,user_4,871,873,4213
4645,35,1000001,0,user_4,871,873,4213
4585,36,1000001,0,user_16,870,873,4213
4590,37,1000001,0,user_19,870,873,4213
4758,48,1000001,0,user_0,873,875,4213
4477,39,1000000,0,user_43,868,873,
4500,40,999999,0,user_8,869,873,4213
4570,41,999999,0,user_7,870,873,4213
4461,42,970000,13900,user_28,868,873,
4412,43,970000,0,user_38,867,873,
4592,44,910000,0,user_22,870,873,
4458,45,870000,0,user_20,868,873,
4533,46,650000,0,user_41,869,873,
4418,47,600000,0,user_44,867,873,
4708,52,530000,0,user_25,872,875,
4706,53,460000,0,user_24,872,875,
4619,50,420000,146000,user_46,870,873,
4526,51,420000,0,user_34,869,873,
4475,52,370000,8520,user_41,868,873,
4566,53,350001,0,user_4,870,873,4272
4568,54,350001,0,user_5,870,873,4272
4569,55,350001,0,user_6,870,873,4272
4581,56,350001,0,user_13,870,873,4272
4572,57,350001,0,user_8,870,873,4272
4580,58,350001,0,user_12,870,873,4272
4584,59,350001,0,user_16,870,873,4272
4647,60,350001,0,user_6,871,873,4272
4651,61,350001,0,user_11,871,873,4272
4565,62,349999,0,user_3,870,873,4272
4567,63,349999,0,user_5,870,873,4272
4639,64,349999,0,user_3,871,873,4272
4640,65,349999,0,user_3,871,873,4272
4582,66,349999,0,user_14,870,873,4272
4588,67,349999,0,user_19,870,873,4272
4468,68,340000,0,user_34,868,873,
4618,69,340000,0,user_46,870,873,
4535,70,340000,0,user_41,869,873,
4616,71,320000,322000,user_46,870,873,
4610,72,320000,0,user_40,870,873,
4642,73,319999,0,user_4,871,873,4616
4620,74,310000,0,user_46,870,873,
4597,75,310000,0,user_26,870,873,
4537,76,310000,0,user_43,869,873,
4505,77,220001,0,user_16,869,873,4157
4508,78,220001,0,user_19,869,873,4157
4425,79,220000,0,user_48,867,873,
4599,80,220000,43600,user_29,870,873,
4617,81,220000,0,user_46,870,873,
4452,82,219999,0,user_16,868,873,4157
4453,83,219999,0,user_18,868,873,4157
4456,84,219999,0,user_18,868,873,4157
4587,85,219999,0,user_18,870,873,4157
4532,86,170000,1100000,user_41,869,873,
4571,87,160001,0,user_7,870,873,4109
4648,88,160001,0,user_7,871,873,4109
4476,89,160000,0,user_41,868,873,
4715,70,160000,0,user_31,872,875,
4707,72,150000,0,user_25,872,875,
4512,92,120000,283000,user_22,869,873,
4541,93,120000,0,user_48,869,873,
4710,76,120000,350000,user_25,872,875,
4506,95,119999,0,user_17,869,873,4391
4426,96,110000,0,user_49,867,873,
4709,79,110000,0,user_25,872,875,
4517,98,100000,0,user_28,869,873,
4413,99,87000,16400,user_38,867,873,
4405,0,85000,0,user_34,867,874,
4775,2,43000001,0,user_17,873,878,4103
4776,3,43000001,0,user_17,873,878,4103
4688,0,43000001,0,user_4,872,876,4103
4689,1,43000001,0,user_6,872,876,4103
4690,2,43000001,0,user_6,872,876,4103
4759,5,43000001,0,user_1,873,875,4103
4693,3,43000001,0,user_8,872,876,4103
4694,4,43000001,0,user_8,872,876,4103
4661,5,43000001,0,user_19,871,876,4103
4815,6,43000001,0,user_3,874,876,4103
4764,7,43000001,0,user_8,873,876,4103
4698,10,42999999,0,user_13,872,876,4103
4761,11,42999999,0,user_4,873,876,4103
4701,12,42999999,0,user_18,872,876,4103
4767,13,42999999,0,user_11,873,876,4103
4816,14,42999999,0,user_4,874,876,4103
4778,15,42999999,0,user_18,873,876,4103
4832,11,19000000,0,user_23,874,878,
4798,16,19000000,0,user_46,873,876,
4729,17,6100000,146000,user_44,872,876,
4717,20,5000000,0,user_33,872,875,
4774,17,4999999,0,user_17,873,878,4509
4777,18,4999999,0,user_18,873,876,4509
4863,18,4999999,0,user_10,875,878,4509
4713,24,4200000,0,user_30,872,875,
4714,25,4200000,0,user_31,872,875,
4679,19,4200000,0,user_44,871,876,
4652,22,2100001,0,user_12,871,876,4144
4824,23,2099999,0,user_17,874,878,4144
4699,29,2099999,0,user_15,872,875,4144
4760,24,2099999,0,user_3,873,876,4144
4702,25,2099999,0,user_19,872,876,4144
4833,25,2000000,0,user_23,874,878,
4733,27,1700000,0,user_46,872,876,
4674,28,1600000,36800,user_40,871,876,
4799,31,1400000,0,user_49,873,878,
4695,36,1200001,0,user_9,872,875,4606
4768,32,1200001,0,user_11,873,876,4606
4770,33,1200001,0,user_13,873,876,4606
4769,34,1200001,0,user_12,873,876,4606
4779,35,1200001,0,user_19,873,876,4606
4820,36,1200001,0,user_11,874,876,4606
4703,42,1200000,0,user_21,872,875,
4687,39,1199999,0,user_3,872,876,4606
4697,40,1199999,0,user_12,872,876,4606
4771,41,1199999,0,user_14,873,876,4606
4818,42,1199999,0,user_6,874,876,4606
4655,44,1000001,0,user_14,871,876,4213
4758,48,1000001,0,user_0,873,875,4213
4838,38,1000000,0,user_28,874,878,
4654,46,999999,0,user_14,871,876,4213
4732,49,650000,0,user_46,872,876,
4708,52,530000,0,user_25,872,875,
4706,53,460000,0,user_24,872,875,
4613,51,460000,0,user_44,870,876,
4730,53,420000,0,user_44,872,876,
4762,55,360001,0,user_5,873,876,4682
4763,56,360001,0,user_5,873,876,4682
4666,57,360000,0,user_29,871,876,
4682,58,360000,959000,user_48,871,876,
4855,59,359999,0,user_2,875,876,4682
4859,48,359999,0,user_7,875,878,4682
4658,61,349999,0,user_16,871,876,4272
4660,62,349999,0,user_18,871,876,4272
4719,54,340000,0,user_38,872,878,
4656,63,320001,0,user_14,871,876,4616
4727,64,310000,0,user_44,872,876,
4844,62,220000,594000,user_41,874,878,
4827,64,190000,0,user_20,874,878,
4817,66,170001,0,user_5,874,876,4532
4715,70,160000,0,user_31,872,875,
4653,70,159999,0,user_14,871,876,4109
4707,72,150000,0,user_25,872,875,
4712,76,150000,0,user_29,872,876,
4793,77,150000,0,user_40,873,876,
4794,85,120000,0,user_41,873,878,
4710,76,120000,350000,user_25,872,875,
4680,79,120000,16400,user_44,871,876,
4783,90,110000,0,user_28,873,878,
4709,79,110000,0,user_25,872,875,
4728,80,110000,0,user_44,872,876,
4800,91,98000,381000,user_49,873,878,
4704,86,80000,0,user_22,872,876,
4718,87,79000,0,user_34,872,876,
4721,88,79000,0,user_40,872,876,
4688,0,43000001,0,user_4,872,876,4103
4689,1,43000001,0,user_6,872,876,4103
4690,2,43000001,0,user_6,872,876,4103
4693,3,43000001,0,user_8,872,876,4103
4694,4,43000001,0,user_8,872,876,4103
4661,5,43000001,0,user_19,871,876,4103
4815,6,43000001,0,user_3,874,876,4103
4764,7,43000001,0,user_8,873,876,4103
4814,2,42999999,0,user_0,874,877,4103
4650,9,42999999,0,user_10,871,876,4103
4698,10,42999999,0,user_13,872,876,4103
4761,11,42999999,0,user_4,873,876,4103
4701,12,42999999,0,user_18,872,876,4103
4767,13,42999999,0,user_11,873,876,4103
4816,14,42999999,0,user_4,874,876,4103
4778,15,42999999,0,user_18,873,876,4103
4798,16,19000000,0,user_46,873,876,
4729,17,6100000,146000,user_44,872,876,
4777,18,4999999,0,user_18,873,876,4509
4679,19,4200000,0,user_44,871,876,
4876,7,3200000,0,user_21,875,877,
4829,9,2600000,0,user_21,874,877,
4652,22,2100001,0,user_12,871,876,4144
4692,23,2100001,0,user_7,872,876,4144
4760,24,2099999,0,user_3,873,876,4144
4702,25,2099999,0,user_19,872,876,4144
4875,14,1800000,0,user_21,875,877,
4733,27,1700000,0,user_46,872,876,
4674,28,1600000,36800,user_40,871,876,
4593,29,1300000,164000,user_23,870,876,
4773,16,1200001,0,user_15,873,877,4606
4691,31,1200001,0,user_7,872,876,4606
4768,32,1200001,0,user_11,873,876,4606
4770,33,1200001,0,user_13,873,876,4606
4769,34,1200001,0,user_12,873,876,4606
4779,35,1200001,0,user_19,873,876,4606
4820,36,1200001,0,user_11,874,876,4606
4919,17,1200001,0,user_1,876,877,4606
4772,18,1199999,0,user_15,873,877,4606
4687,39,1199999,0,user_3,872,876,4606
4697,40,1199999,0,user_12,872,876,4606
4771,41,1199999,0,user_14,873,876,4606
4818,42,1199999,0,user_6,874,876,4606
4790,22,1100000,146000,user_37,873,877,
4655,44,1000001,0,user_14,871,876,4213
4765,24,999999,0,user_9,873,877,4213
4654,46,999999,0,user_14,871,876,4213
4716,28,670000,0,user_32,872,877,
4611,48,670000,0,user_41,870,876,
4732,49,650000,0,user_46,872,876,
4828,30,460000,0,user_21,874,877,
4613,51,460000,0,user_44,870,876,
4780,31,420000,0,user_21,873,877,
4730,53,420000,0,user_44,872,876,
4784,32,370000,0,user_31,873,877,
4762,55,360001,0,user_5,873,876,4682
4763,56,360001,0,user_5,873,876,4682
4666,57,360000,0,user_29,871,876,
4682,58,360000,959000,user_48,871,876,
4855,59,359999,0,user_2,875,876,4682
4788,41,350000,0,user_35,873,877,
4658,61,349999,0,user_16,871,876,4272
4660,62,349999,0,user_18,871,876,4272
4656,63,320001,0,user_14,871,876,4616
4727,64,310000,0,user_44,872,876,
4882,43,260000,0,user_33,875,877,
4817,66,170001,0,user_5,874,876,4532
4921,45,170001,0,user_1,876,877,4532
4920,50,169999,0,user_1,876,877,4532
4529,69,160000,35100,user_38,869,876,
4653,70,159999,0,user_14,871,876,4109
4586,71,159999,0,user_17,870,876,4109
4830,56,150000,15300,user_21,874,877,
4841,57,150000,0,user_33,874,877,
4542,74,150000,350000,user_49,869,876,
4612,75,150000,0,user_43,870,876,
4712,76,150000,0,user_29,872,876,
4793,77,150000,0,user_40,873,876,
4786,60,120000,0,user_33,873,877,
4680,79,120000,16400,user_44,871,876,
4728,80,110000,0,user_44,872,876,
4880,61,110000,0,user_30,875,877,
4785,63,100000,0,user_33,873,877,
4781,65,98000,0,user_25,873,877,
4789,66,84000,0,user_35,873,877,
4835,70,82000,17700000,user_25,874,877,
4704,86,80000,0,user_22,872,876,
4718,87,79000,0,user_34,872,876,
4721,88,79000,0,user_40,872,876,
4826,0,43000001,0,user_18,874,878,4103
4825,7,42999999,0,user_18,874,878,4103
4814,2,42999999,0,user_0,874,877,4103
4823,14,5000001,0,user_16,874,878,4509
4960,4,5000000,0,user_41,876,877,
4998,1,4999999,0,user_7,877,879,4509
4896,6,3500000,285000,user_49,875,877,
4876,7,3200000,0,user_21,875,877,
4853,8,3200000,0,user_49,874,877,
4829,9,2600000,0,user_21,874,877,
4922,21,2100001,0,user_2,876,878,4144
4994,5,2100001,0,user_7,877,879,4144
4925,22,2099999,0,user_3,876,878,4144
4852,13,2000000,0,user_49,874,877,
4875,14,1800000,0,user_21,875,877,
4873,15,1400000,0,user_20,875,877,
4773,16,1200001,0,user_15,873,877,4606
4919,17,1200001,0,user_1,876,877,4606
4772,18,1199999,0,user_15,873,877,4606
4930,33,1199999,0,user_7,876,878,4606
4988,34,1199999,0,user_2,877,878,4606
4836,35,1100000,39400,user_26,874,878,
4790,22,1100000,146000,user_37,873,877,
4958,23,1000000,0,user_41,876,877,
4765,24,999999,0,user_9,873,877,4213
4874,25,910000,36800,user_20,875,877,
4963,26,870000,139000,user_43,876,877,
4889,27,670000,0,user_43,875,877,
4716,28,670000,0,user_32,872,877,
4872,29,460000,0,user_20,875,877,
4828,30,460000,0,user_21,874,877,
4780,31,420000,0,user_21,873,877,
4784,32,370000,0,user_31,873,877,
4939,33,360001,0,user_17,876,877,4682
4871,44,360001,0,user_18,875,878,4682
4856,45,359999,0,user_3,875,878,4682
4857,46,359999,0,user_5,875,878,4682
4858,47,359999,0,user_6,875,878,4682
4864,49,359999,0,user_11,875,878,4682
4866,50,359999,0,user_13,875,878,4682
4870,51,359999,0,user_18,875,878,4682
4788,41,350000,0,user_35,873,877,
4961,42,300000,381000,user_41,876,877,
4882,43,260000,0,user_33,875,877,
4843,44,220000,256000,user_38,874,877,
4921,45,170001,0,user_1,876,877,4532
4928,66,170001,0,user_7,876,878,4532
4929,67,170001,0,user_7,876,878,4532
4926,65,170001,0,user_5,876,878,4532
4996,13,170001,0,user_7,877,879,4532
4920,50,169999,0,user_1,876,877,4532
4931,77,169999,0,user_7,876,878,4532
4923,75,169999,0,user_3,876,878,4532
4927,76,169999,0,user_6,876,878,4532
4936,78,169999,0,user_11,876,878,4532
5002,55,169999,0,user_10,877,877,4532
4830,56,150000,15300,user_21,874,877,
4841,57,150000,0,user_33,874,877,
4957,58,150000,35600,user_41,876,877,
4887,59,120000,0,user_41,875,877,
4786,60,120000,0,user_33,873,877,
4880,61,110000,0,user_30,875,877,
4878,62,100000,0,user_28,875,877,
4785,63,100000,0,user_33,873,877,
4959,64,100000,139000,user_41,876,877,
4781,65,98000,0,user_25,873,877,
4789,66,84000,0,user_35,873,877,
4932,95,82001,0,user_7,876,878,4835
4995,25,82001,0,user_7,877,879,4835
4997,26,82001,0,user_7,877,879,4835
4835,70,82000,17700000,user_25,874,877,
4924,98,81999,0,user_3,876,878,4835
4826,0,43000001,0,user_18,874,878,4103
4869,1,43000001,0,user_15,875,878,4103
4775,2,43000001,0,user_17,873,878,4103
4776,3,43000001,0,user_17,873,878,4103
4696,4,42999999,0,user_10,872,878,4103
4700,5,42999999,0,user_17,872,878,4103
4766,6,42999999,0,user_10,873,878,4103
4825,7,42999999,0,user_18,874,878,4103
4935,8,42999999,0,user_9,876,878,4103
4885,9,30000000,0,user_37,875,878,
4954,10,19000000,0,user_37,876,878,
4832,11,19000000,0,user_23,874,878,
4840,12,5200000,0,user_32,874,878,
4883,13,5200000,121000,user_35,875,878,
4823,14,5000001,0,user_16,874,878,4509
4842,15,5000000,0,user_35,874,878,
4659,16,4999999,0,user_17,871,878,4509
4774,17,4999999,0,user_17,873,878,4509
4863,18,4999999,0,user_10,875,878,4509
5016,19,3600000,0,user_24,877,878,
4941,20,2600000,0,user_24,876,878,
4922,21,2100001,0,user_2,876,878,4144
4925,22,2099999,0,user_3,876,878,4144
4824,23,2099999,0,user_17,874,878,4144
4675,24,2000000,0,user_41,871,878,
4833,25,2000000,0,user_23,874,878,
4951,26,1900000,0,user_33,876,878,
4665,27,1700000,66100,user_28,871,878,
4942,28,1700000,0,user_24,876,878,
4677,29,1500000,410000,user_43,871,878,
4949,30,1400000,0,user_31,876,878,
4799,31,1400000,0,user_49,873,878,
5038,32,1400000,0,user_47,877,878,
4930,33,1199999,0,user_7,876,878,4606
4988,34,1199999,0,user_2,877,878,4606
4836,35,1100000,39400,user_26,874,878,
4881,36,1100000,0,user_32,875,878,
5024,37,1100000,0,user_35,877,878,
4838,38,1000000,0,user_28,874,878,
4884,39,910000,0,user_35,875,878,
5023,40,870000,0,user_35,877,878,
4944,41,600000,0,user_25,876,878,
4894,42,460000,73100,user_47,875,878,
4892,43,420000,0,user_47,875,878,
4871,44,360001,0,user_18,875,878,4682
4856,45,359999,0,user_3,875,878,4682
4857,46,359999,0,user_5,875,878,4682
4858,47,359999,0,user_6,875,878,4682
4859,48,359999,0,user_7,875,878,4682
4864,49,359999,0,user_11,875,878,4682
4866,50,359999,0,user_13,875,878,4682
4870,51,359999,0,user_18,875,878,4682
4834,52,340000,49100,user_24,874,878,
4895,53,340000,0,user_47,875,878,
4719,54,340000,0,user_38,872,878,
4943,55,320000,0,user_25,876,878,
4621,56,310000,0,user_49,870,878,
4607,57,260000,0,user_38,870,878,
4672,58,260000,0,user_38,871,878,
4947,59,260000,0,user_30,876,878,
4893,60,260000,0,user_47,875,878,
4705,61,220000,0,user_23,872,878,
4844,62,220000,594000,user_41,874,878,
5012,63,220000,0,user_21,877,878,
4827,64,190000,0,user_20,874,878,
4926,65,170001,0,user_5,876,878,4532
4928,66,170001,0,user_7,876,878,4532
4929,67,170001,0,user_7,876,878,4532
5001,68,170001,0,user_9,877,878,4532
5007,69,170001,0,user_15,877,878,4532
5008,70,170001,0,user_15,877,878,4532
5048,71,170001,0,user_1,878,878,4532
4862,72,169999,0,user_9,875,878,4532
4868,73,169999,0,user_15,875,878,4532
4987,74,169999,0,user_0,877,878,4532
4923,75,169999,0,user_3,876,878,4532
4927,76,169999,0,user_6,876,878,4532
4931,77,169999,0,user_7,876,878,4532
4936,78,169999,0,user_11,876,878,4532
5000,79,169999,0,user_9,877,878,4532
5045,80,169999,0,user_0,878,878,4532
4953,81,150000,0,user_37,876,878,
4662,82,120000,0,user_20,871,878,
4676,83,120000,0,user_43,871,878,
4965,84,120000,0,user_47,876,878,
4794,85,120000,0,user_41,873,878,
4663,86,110000,16400,user_23,871,878,
4722,87,110000,0,user_41,872,878,
4726,88,110000,0,user_43,872,878,
4948,89,110000,0,user_30,876,878,
4783,90,110000,0,user_28,873,878,
4800,91,98000,381000,user_49,873,878,
4683,92,87000,0,user_49,871,878,
5021,93,87000,0,user_31,877,878,
4950,94,84000,0,user_32,876,878,
4932,95,82001,0,user_7,876,878,4835
5046,96,82001,0,user_0,878,878,4835
5025,97,82000,0,user_37,877,878,
4924,98,81999,0,user_3,876,878,4835
5047,99,81999,0,user_0,878,878,4835
5090,0,5000000,0,user_31,878,879,
4998,1,4999999,0,user_7,877,879,4509
5092,2,3500000,0,user_35,878,879,
4991,3,2100001,0,user_5,877,879,4144
4993,4,2100001,0,user_6,877,879,4144
4994,5,2100001,0,user_7,877,879,4144
5051,6,2099999,0,user_2,878,879,4144
5084,7,1500000,0,user_24,878,879,
5003,8,1200001,0,user_11,877,879,4606
4945,9,660000,0,user_26,876,879,
5078,10,460000,0,user_21,878,879,
5077,11,310000,0,user_21,878,879,
4956,12,260000,0,user_40,876,879,
4996,13,170001,0,user_7,877,879,4532
5050,14,170001,0,user_2,878,879,4532
5063,15,170001,0,user_9,878,879,4532
5113,16,170001,0,user_0,879,879,4532
5114,17,170001,0,user_1,879,879,4532
4989,18,169999,0,user_3,877,879,4532
4990,19,169999,0,user_5,877,879,4532
4992,20,169999,0,user_6,877,879,4532
4940,21,169999,0,user_18,876,879,4532
5004,22,169999,0,user_11,877,879,4532
5053,23,169999,0,user_2,878,879,4532
5065,24,169999,0,user_9,878,879,4532
4995,25,82001,0,user_7,877,879,4835
4997,26,82001,0,user_7,877,879,4835
5049,27,82001,0,user_2,878,879,4835
5052,28,82001,0,user_2,878,879,4835
5064,29,82001,0,user_9,878,879,4835
5112,30,82001,0,user_0,879,879,4835
4678,31,79000,0,user_43,871,879,
3961,0,470000,0,user_1,880,880,
3984,0,6100000,0,user_31,880,881,
3962,1,3600000,0,user_2,880,881,
3963,2,2500000,0,user_2,880,881,
3986,3,1500000,0,user_33,880,881,
3964,4,970000,0,user_2,880,881,
3965,5,240000,195000,user_2,880,881,
4004,6,239999,0,user_1,881,881,3965
3988,0,30000000,0,user_35,880,882,
3973,1,19000000,0,user_15,880,882,
3991,2,3600000,0,user_37,880,882,
4024,3,2500000,0,user_25,881,882,
3985,4,2100000,0,user_32,880,882,
4046,5,1400001,0,user_0,882,882,4010
4010,6,1400000,64600,user_9,881,882,
4022,7,650000,0,user_21,881,882,
3979,8,470000,18600,user_24,880,882,
4014,9,460000,0,user_15,881,882,
4030,10,340000,0,user_31,881,882,
4047,11,240001,0,user_1,882,882,3965
4048,12,240001,0,user_1,882,882,3965
4049,13,240001,0,user_1,882,882,3965
4050,14,239999,0,user_1,882,882,3965
4023,15,220000,0,user_24,881,882,
4013,16,160000,0,user_15,881,882,
4029,17,150000,0,user_30,881,882,
4032,18,150000,0,user_33,881,882,
3990,19,84000,0,user_37,880,882,
4068,19,27000000,0,user_20,882,889,
4076,27,5000000,108000,user_28,882,889,
4102,40,2100000,0,user_43,882,889,
4098,81,910000,0,user_41,882,889,
4044,96,420000,0,user_49,881,889,
4101,5,350000,0,user_43,882,883,
4036,6,260000,0,user_38,881,883,
4064,7,240001,0,user_17,882,883,3965
4122,8,240001,0,user_10,883,883,3965
4119,9,239999,0,user_7,883,883,3965
4080,0,4200000,31700,user_33,882,884,
4139,1,3500000,0,user_25,883,884,
4144,2,2100000,1100000,user_30,883,884,
4079,3,530000,0,user_31,882,884,
4145,4,530000,0,user_31,883,884,
4168,5,239999,0,user_1,884,884,3965
4146,6,170000,0,user_33,883,884,
4069,7,150000,0,user_21,882,884,
4083,8,130000,0,user_33,882,884,
4073,9,110000,0,user_25,882,884,
4131,10,100000,0,user_21,883,884,
4081,11,82000,0,user_33,882,884,
4082,12,79000,0,user_33,882,884,
4070,13,70000,0,user_21,882,884,
4224,13,27000001,0,user_7,885,889,4017
4186,69,1300000,0,user_23,884,889,
4184,2,360000,0,user_20,884,885,
4225,3,220001,0,user_7,885,885,4157
4229,4,219999,0,user_10,885,885,4157
4205,5,120000,0,user_43,884,885,
4165,0,6100000,0,user_47,883,886,
4088,1,5000000,0,user_35,882,886,
4200,2,4500000,0,user_33,884,886,
4152,3,3600000,0,user_37,883,886,
4211,4,3200000,0,user_47,884,886,
4282,5,2100001,0,user_1,886,886,4144
4215,6,2099999,0,user_0,885,886,4144
4193,7,1800000,0,user_30,884,886,
4197,8,1800000,0,user_33,884,886,
4199,9,1600000,0,user_33,884,886,
4203,10,1600000,0,user_35,884,886,
4110,11,1500000,0,user_47,882,886,
4091,12,1400000,56200,user_37,882,886,
4252,13,1100000,0,user_31,885,886,
4072,14,1000000,0,user_24,882,886,
4187,15,1000000,0,user_24,884,886,
4194,16,870000,0,user_30,884,886,
4188,17,650000,0,user_25,884,886,
4256,18,650000,0,user_33,885,886,
4255,19,600000,49100,user_33,885,886,
4126,20,470001,0,user_15,883,886,3979
4212,21,460000,0,user_47,884,886,
4113,22,420000,0,user_47,882,886,
4149,23,420000,5640,user_35,883,886,
4198,24,360000,0,user_33,884,886,
4031,25,350000,0,user_32,881,886,
4254,26,310000,108000,user_33,885,886,
4281,27,309999,0,user_1,886,886,4254
4056,28,240001,0,user_9,882,886,3965
4061,29,240001,0,user_15,882,886,3965
4178,30,240001,0,user_15,884,886,3965
4179,31,240001,0,user_15,884,886,3965
4060,32,239999,0,user_15,882,886,3965
4121,33,239999,0,user_9,883,886,3965
4172,34,239999,0,user_9,884,886,3965
4148,35,220000,0,user_35,883,886,
4111,36,170000,0,user_47,882,886,
4151,37,170000,30200,user_37,883,886,
4112,38,160000,0,user_47,882,886,
4150,39,110000,0,user_35,883,886,
4238,40,110000,34700,user_21,885,886,
4138,41,85000,0,user_24,883,886,
4090,42,83000,0,user_37,882,886,
4201,43,70000,0,user_33,884,886,
4288,0,43000001,0,user_6,886,889,4103
4294,1,43000001,0,user_13,886,889,4103
4298,2,42999999,0,user_17,886,892,4103
4231,6,42999999,0,user_16,885,889,4103
4375,7,42999999,0,user_2,887,889,4103
4230,14,27000001,0,user_12,885,889,4132
4226,21,26999999,0,user_8,885,889,4132
4251,28,5000000,0,user_29,885,889,
4271,29,5000000,0,user_46,885,889,
4330,12,2600000,23500,user_43,886,892,
3977,36,2400000,0,user_22,880,889,
4302,16,2400000,10700,user_20,886,892,
3999,47,2000000,16400,user_46,880,889,
4303,24,2000000,0,user_20,886,892,
4227,53,1999999,0,user_8,885,889,3999
3982,54,1900000,0,user_29,880,889,
3978,59,1600000,0,user_22,880,889,
3976,60,1600000,0,user_19,880,889,
4202,62,1500000,0,user_34,884,889,
4237,72,1000001,0,user_19,885,889,4213
4213,76,1000000,296000,user_48,884,889,
4381,31,999999,0,user_10,887,892,4213
3987,87,670000,0,user_34,880,889,
4327,39,670000,0,user_41,886,892,
3983,88,650000,0,user_29,880,889,
4301,48,420000,0,user_20,886,892,
3994,97,360000,0,user_40,880,889,
4240,27,350000,12800,user_22,885,887,
4304,61,340000,0,user_23,886,892,
3966,29,240001,0,user_3,880,887,3965
3967,30,240001,0,user_4,880,887,3965
3968,31,240001,0,user_8,880,887,3965
3970,32,240001,0,user_12,880,887,3965
4284,33,240001,0,user_3,886,887,3965
4285,34,240001,0,user_3,886,887,3965
4286,35,240001,0,user_4,886,887,3965
4181,36,240001,0,user_18,884,887,3965
4182,37,240001,0,user_18,884,887,3965
4292,38,240001,0,user_11,886,887,3965
3969,39,239999,0,user_11,880,887,3965
3971,40,239999,0,user_13,880,887,3965
3972,41,239999,0,user_14,880,887,3965
4233,42,239999,0,user_18,885,887,3965
4234,43,239999,0,user_18,885,887,3965
4235,44,239999,0,user_18,885,887,3965
4236,45,239999,0,user_18,885,887,3965
4379,46,220001,0,user_7,887,887,4157
4287,47,219999,0,user_5,886,887,4157
4241,48,120000,0,user_22,885,887,
4242,49,120000,0,user_22,885,887,
3975,50,110000,0,user_19,880,887,
4000,51,83000,0,user_48,880,887,
4239,52,77000,15700,user_22,885,887,
4445,0,43000001,0,user_10,888,892,4103
4299,8,42999999,0,user_18,886,889,4103
4436,9,42999999,0,user_2,888,889,4103
4390,11,3500000,0,user_20,887,892,
4444,18,2100001,0,user_10,888,892,4144
4325,86,870000,0,user_40,886,889,
4395,45,470000,0,user_23,887,892,
4400,63,340000,39400,user_28,887,892,
4393,64,310000,73100,user_20,887,892,
4293,9,240001,0,user_12,886,888,3965
4295,10,240001,0,user_14,886,888,3965
4296,11,240001,0,user_14,886,888,3965
4386,75,220001,0,user_17,887,892,4157
4377,13,220001,0,user_4,887,888,4157
4382,14,220001,0,user_11,887,888,4157
4442,73,220001,0,user_7,888,892,4157
4376,16,219999,0,user_3,887,888,4157
4378,17,219999,0,user_6,887,888,4157
4384,18,219999,0,user_13,887,888,4157
4441,79,219999,0,user_7,888,892,4157
4323,86,160000,0,user_38,886,892,
4392,88,150000,0,user_20,887,892,
4310,22,150000,0,user_29,886,888,
4389,92,120000,0,user_20,887,892,
4391,93,120000,256000,user_20,887,892,
4326,25,98000,0,user_40,886,888,
4417,98,73000,0,user_41,887,892,
4288,0,43000001,0,user_6,886,889,4103
4294,1,43000001,0,user_13,886,889,4103
4291,2,43000001,0,user_10,886,889,4103
4103,3,43000000,545000,user_44,882,889,
4183,4,42999999,0,user_19,884,889,4103
4218,5,42999999,0,user_5,885,889,4103
4231,6,42999999,0,user_16,885,889,4103
4375,7,42999999,0,user_2,887,889,4103
4299,8,42999999,0,user_18,886,889,4103
4436,9,42999999,0,user_2,888,889,4103
4135,10,30000000,0,user_23,883,889,
4411,11,30000000,0,user_37,887,889,
4171,12,27000001,0,user_7,884,889,4017
4224,13,27000001,0,user_7,885,889,4017
4230,14,27000001,0,user_12,885,889,4132
4025,15,27000000,0,user_26,881,889,
4071,16,27000000,0,user_22,882,889,
4017,17,27000000,84800,user_17,881,889,
4132,18,27000000,11200,user_22,883,889,
4068,19,27000000,0,user_20,882,889,
4057,20,26999999,0,user_10,882,889,4017
4226,21,26999999,0,user_8,885,889,4132
4129,22,19000000,0,user_20,883,889,
4243,23,19000000,39400,user_23,885,889,
4262,24,19000000,12800,user_41,885,889,
4170,25,5000001,0,user_7,884,889,4076
4174,26,5000001,0,user_10,884,889,4076
4076,27,5000000,108000,user_28,882,889,
4251,28,5000000,0,user_29,885,889,
4271,29,5000000,0,user_46,885,889,
4283,30,4999999,0,user_2,886,889,4076
4290,31,4199999,0,user_9,886,889,4080
4108,32,3500000,0,user_46,882,889,
4140,33,3500000,0,user_26,883,889,
3996,34,3200000,0,user_43,880,889,
4470,35,2500000,0,user_37,888,889,
3977,36,2400000,0,user_22,880,889,
4316,37,2300000,0,user_32,886,889,
4077,38,2100000,0,user_29,882,889,
4027,39,2100000,0,user_28,881,889,
4102,40,2100000,0,user_43,882,889,
4137,41,2100000,0,user_23,883,889,
4403,42,2100000,0,user_32,887,889,
4297,43,2099999,0,user_15,886,889,4144
4492,44,2099999,0,user_1,889,889,4144
4005,45,2000001,0,user_4,881,889,3999
4058,46,2000001,0,user_12,882,889,3999
3999,47,2000000,16400,user_46,880,889,
4106,48,2000000,0,user_46,882,889,
4266,49,2000000,0,user_41,885,889,
4464,50,2000000,0,user_30,888,889,
4009,51,1999999,0,user_8,881,889,3999
4051,52,1999999,0,user_4,882,889,3999
4227,53,1999999,0,user_8,885,889,3999
3982,54,1900000,0,user_29,880,889,
3981,55,1800000,0,user_28,880,889,
4143,56,1800000,0,user_29,883,889,
4154,57,1800000,0,user_38,883,889,
4115,58,1700000,0,user_48,882,889,
3978,59,1600000,0,user_22,880,889,
3976,60,1600000,0,user_19,880,889,
4021,61,1600000,0,user_20,881,889,
4202,62,1500000,0,user_34,884,889,
4450,63,1400001,0,user_15,888,889,4315
4311,64,1400000,0,user_30,886,889,
4306,65,1400000,0,user_24,886,889,
4315,66,1400000,181000,user_32,886,889,
4228,67,1399999,0,user_9,885,889,4091
4167,68,1300000,21800,user_48,883,889,
4186,69,1300000,0,user_23,884,889,
4312,70,1200000,0,user_30,886,889,
4162,71,1100000,0,user_44,883,889,
4237,72,1000001,0,user_19,885,889,4213
4105,73,1000000,0,user_46,882,889,
4084,74,1000000,5180,user_34,882,889,
4086,75,1000000,0,user_34,882,889,
4213,76,1000000,296000,user_48,884,889,
4214,77,1000000,0,user_49,884,889,
4459,78,1000000,0,user_24,888,889,
4166,79,970000,0,user_48,883,889,
4480,80,970000,0,user_47,888,889,
4098,81,910000,0,user_41,882,889,
4161,82,910000,0,user_43,883,889,
4314,83,910000,0,user_31,886,889,
4033,84,870000,0,user_34,881,889,
4130,85,870000,0,user_20,883,889,
4325,86,870000,0,user_40,886,889,
3987,87,670000,0,user_34,880,889,
3983,88,650000,0,user_29,880,889,
4163,89,650000,0,user_44,883,889,
4263,90,650000,0,user_41,885,889,
4423,91,600000,0,user_47,887,889,
4424,92,600000,0,user_47,887,889,
4273,93,460000,0,user_47,885,889,
4195,94,460000,0,user_32,884,889,
4204,95,460000,0,user_38,884,889,
4044,96,420000,0,user_49,881,889,
3994,97,360000,0,user_40,880,889,
4078,98,360000,0,user_29,882,889,
4039,99,360000,0,user_41,881,889,
4136,0,350000,0,user_23,883,890,
4158,1,350000,0,user_43,883,890,
4085,2,320000,0,user_34,882,890,
4059,3,310001,0,user_14,882,890,4042
4118,4,310001,0,user_4,883,890,4042
4123,5,310001,0,user_12,883,890,4042
4042,6,310000,12300,user_46,881,890,
4092,7,300000,0,user_38,882,890,
4007,8,240001,0,user_6,881,890,3965
4011,9,240001,0,user_13,881,890,3965
4012,10,240001,0,user_14,881,890,3965
4020,11,240001,0,user_19,881,890,3965
4052,12,240001,0,user_5,882,890,3965
4054,13,240001,0,user_6,882,890,3965
4124,14,240001,0,user_13,883,890,3965
4018,15,240001,0,user_18,881,890,3965
4065,16,240001,0,user_18,882,890,3965
4127,17,240001,0,user_16,883,890,3965
4128,18,240001,0,user_16,883,890,3965
4006,19,239999,0,user_5,881,890,3965
4008,20,239999,0,user_7,881,890,3965
4015,21,239999,0,user_16,881,890,3965
4019,22,239999,0,user_19,881,890,3965
4053,23,239999,0,user_6,882,890,3965
4055,24,239999,0,user_7,882,890,3965
4117,25,239999,0,user_3,883,890,3965
4062,26,239999,0,user_16,882,890,3965
4063,27,239999,0,user_16,882,890,3965
4066,28,239999,0,user_19,882,890,3965
4067,29,239999,0,user_19,882,890,3965
4028,30,220000,0,user_29,881,890,
4114,31,220000,0,user_48,882,890,
4157,32,220000,231000,user_41,883,890,
4153,33,220000,0,user_38,883,890,
4043,34,190000,0,user_46,881,890,
4125,35,160001,0,user_14,883,890,4109
4109,36,160000,369000,user_46,882,890,
4159,37,160000,0,user_43,883,890,
4120,38,159999,0,user_8,883,890,4109
3997,39,150000,0,user_43,880,890,
4133,40,150000,0,user_23,883,890,
4160,41,150000,0,user_43,883,890,
4016,42,120000,0,user_17,881,890,
4156,43,120000,8520,user_40,883,890,
3974,44,110000,0,user_17,880,890,
4142,45,110000,0,user_29,883,890,
4147,46,110000,0,user_34,883,890,
4001,47,100000,0,user_49,880,890,
4038,48,87000,0,user_40,881,890,
4041,49,87000,0,user_43,881,890,
4087,50,87000,0,user_34,882,890,
4107,51,84000,0,user_46,882,890,
4134,52,83000,0,user_23,883,890,
4116,53,82000,0,user_49,882,890,
3992,54,77000,0,user_38,880,890,
4650,9,42999999,0,user_10,891,896,4103
4593,29,1300000,164000,user_23,890,896,
4611,48,670000,0,user_41,890,896,
4648,88,160001,0,user_7,891,893,4109
4529,69,160000,35100,user_38,889,896,
4586,71,159999,0,user_17,890,896,4109
4542,74,150000,350000,user_49,889,896,
4612,75,150000,0,user_43,890,896,
4196,8,120000,0,user_32,884,891,
4445,0,43000001,0,user_10,888,892,4103
4502,1,43000001,0,user_13,889,892,4103
4298,2,42999999,0,user_17,886,892,4103
4320,3,27000000,0,user_34,886,892,
4525,4,6100000,5180,user_32,889,892,
4511,5,5000000,0,user_21,889,892,
4528,6,5000000,0,user_37,889,892,
4519,7,4200000,0,user_30,889,892,
4398,8,3600000,0,user_26,887,892,
4605,9,3600000,0,user_33,890,892,
4523,10,3500000,0,user_30,889,892,
4390,11,3500000,0,user_20,887,892,
4330,12,2600000,23500,user_43,886,892,
4664,13,2600000,0,user_25,891,892,
4463,14,2500000,0,user_29,888,892,
4318,15,2400000,0,user_34,886,892,
4302,16,2400000,10700,user_20,886,892,
4668,17,2300000,0,user_30,891,892,
4444,18,2100001,0,user_10,888,892,4144
4574,19,2100001,0,user_9,890,892,4144
4684,20,2100001,0,user_0,892,892,4144
4495,21,2099999,0,user_4,889,892,4144
4685,22,2099999,0,user_1,892,892,4144
4257,23,2000000,0,user_34,885,892,
4303,24,2000000,0,user_20,886,892,
4604,25,2000000,0,user_33,890,892,
4669,26,1900000,0,user_31,891,892,
4595,27,1400000,16400,user_25,890,892,
4606,28,1200000,7190000,user_37,890,892,
4667,29,1100000,0,user_30,891,892,
4380,30,1000001,0,user_8,887,892,4213
4381,31,999999,0,user_10,887,892,4213
4449,32,999999,0,user_13,888,892,4213
4501,33,999999,0,user_13,889,892,4213
4583,34,999999,0,user_15,890,892,4213
4649,35,999999,0,user_9,891,892,4213
4601,36,970000,0,user_31,890,892,
4591,37,910000,0,user_21,890,892,
4596,38,910000,0,user_25,890,892,
4327,39,670000,0,user_41,886,892,
4540,40,660000,0,user_47,889,892,
4524,41,650000,0,user_31,889,892,
4520,42,630000,0,user_30,889,892,
4331,43,600000,0,user_44,886,892,
4603,44,530000,0,user_33,890,892,
4395,45,470000,0,user_23,887,892,
4416,46,460000,0,user_40,887,892,
4462,47,460000,0,user_29,888,892,
4301,48,420000,0,user_20,886,892,
4600,49,370000,0,user_30,890,892,
4493,50,350001,0,user_2,889,892,4272
4563,51,350001,0,user_0,890,892,4272
4494,52,350001,0,user_3,889,892,4272
4496,53,350001,0,user_7,889,892,4272
4576,54,350001,0,user_9,890,892,4272
4577,55,350001,0,user_9,890,892,4272
4497,56,349999,0,user_7,889,892,4272
4564,57,349999,0,user_2,890,892,4272
4575,58,349999,0,user_9,890,892,4272
4578,59,349999,0,user_9,890,892,4272
4657,60,349999,0,user_15,891,892,4272
4304,61,340000,0,user_23,886,892,
4514,62,340000,0,user_24,889,892,
4400,63,340000,39400,user_28,887,892,
4393,64,310000,73100,user_20,887,892,
4319,65,300000,108000,user_34,886,892,
4515,66,260000,0,user_25,889,892,
4504,67,240001,0,user_15,889,892,3965
4437,68,220001,0,user_3,888,892,4157
4383,69,220001,0,user_12,887,892,4157
4388,70,220001,0,user_19,887,892,4157
4439,71,220001,0,user_5,888,892,4157
4440,72,220001,0,user_6,888,892,4157
4442,73,220001,0,user_7,888,892,4157
4448,74,220001,0,user_13,888,892,4157
4386,75,220001,0,user_17,887,892,4157
4602,76,220000,0,user_33,890,892,
4438,77,219999,0,user_4,888,892,4157
4300,78,219999,0,user_19,886,892,4157
4441,79,219999,0,user_7,888,892,4157
4387,80,219999,0,user_18,887,892,4157
4446,81,219999,0,user_11,888,892,4157
4447,82,160001,0,user_12,888,892,4109
4521,83,160000,0,user_30,889,892,
4466,84,160000,0,user_32,888,892,
4479,85,160000,0,user_46,888,892,
4323,86,160000,0,user_38,886,892,
4498,87,159999,0,user_7,889,892,4109
4392,88,150000,0,user_20,887,892,
4317,89,130000,0,user_34,886,892,
4276,90,120000,0,user_48,885,892,
4522,91,120000,0,user_30,889,892,
4389,92,120000,0,user_20,887,892,
4391,93,120000,256000,user_20,887,892,
4401,94,110000,43600,user_29,887,892,
4594,95,110000,0,user_24,890,892,
4513,96,98000,0,user_24,889,892,
4503,97,79001,0,user_15,889,892,4305
4417,98,73000,0,user_41,887,892,
4507,0,43000001,0,user_17,889,893,4103
4454,1,43000001,0,user_18,888,893,4103
4759,5,43000001,0,user_1,893,895,4103
4644,3,42999999,0,user_4,891,893,4103
4646,4,42999999,0,user_5,891,893,4103
4455,5,42999999,0,user_18,888,893,4103
4579,6,5000001,0,user_10,890,893,4509
4518,7,5000000,0,user_29,889,893,
4509,8,5000000,1100000,user_20,889,893,
4717,20,5000000,0,user_33,892,895,
4420,10,4500000,0,user_44,887,893,
4510,11,4200000,0,user_20,889,893,
4713,24,4200000,0,user_30,892,895,
4714,25,4200000,0,user_31,892,895,
4474,14,3600000,0,user_40,888,893,
4609,15,3500000,0,user_40,890,893,
4421,16,3200000,0,user_44,887,893,
4481,17,3200000,0,user_48,888,893,
4499,18,2100001,0,user_8,889,893,4144
4573,19,2100001,0,user_8,890,893,4144
4589,20,2100001,0,user_19,890,893,4144
4473,21,2100000,6390,user_40,888,893,
4643,22,2099999,0,user_4,891,893,4144
4457,23,2099999,0,user_18,888,893,4144
4699,29,2099999,0,user_15,892,895,4144
4539,25,2000000,0,user_46,889,893,
4419,26,2000000,0,user_44,887,893,
4538,27,1700000,0,user_44,889,893,
4472,28,1400000,0,user_38,888,893,
4534,29,1400000,5630,user_41,889,893,
4686,30,1200001,0,user_2,892,893,4606
4695,36,1200001,0,user_9,892,895,4606
4703,42,1200000,0,user_21,892,895,
4471,33,1100000,0,user_38,888,893,
4641,34,1000001,0,user_4,891,893,4213
4645,35,1000001,0,user_4,891,893,4213
4585,36,1000001,0,user_16,890,893,4213
4590,37,1000001,0,user_19,890,893,4213
4758,48,1000001,0,user_0,893,895,4213
4477,39,1000000,0,user_43,888,893,
4500,40,999999,0,user_8,889,893,4213
4570,41,999999,0,user_7,890,893,4213
4461,42,970000,13900,user_28,888,893,
4412,43,970000,0,user_38,887,893,
4592,44,910000,0,user_22,890,893,
4458,45,870000,0,user_20,888,893,
4533,46,650000,0,user_41,889,893,
4418,47,600000,0,user_44,887,893,
4708,52,530000,0,user_25,892,895,
4706,53,460000,0,user_24,892,895,
4619,50,420000,146000,user_46,890,893,
4526,51,420000,0,user_34,889,893,
4475,52,370000,8520,user_41,888,893,
4566,53,350001,0,user_4,890,893,4272
4568,54,350001,0,user_5,890,893,4272
4569,55,350001,0,user_6,890,893,4272
4581,56,350001,0,user_13,890,893,4272
4572,57,350001,0,user_8,890,893,4272
4580,58,350001,0,user_12,890,893,4272
4584,59,350001,0,user_16,890,893,4272
4647,60,350001,0,user_6,891,893,4272
4651,61,350001,0,user_11,891,893,4272
4565,62,349999,0,user_3,890,893,4272
4567,63,349999,0,user_5,890,893,4272
4639,64,349999,0,user_3,891,893,4272
4640,65,349999,0,user_3,891,893,4272
4582,66,349999,0,user_14,890,893,4272
4588,67,349999,0,user_19,890,893,4272
4468,68,340000,0,user_34,888,893,
4618,69,340000,0,user_46,890,893,
4535,70,340000,0,user_41,889,893,
4616,71,320000,322000,user_46,890,893,
4610,72,320000,0,user_40,890,893,
4642,73,319999,0,user_4,891,893,4616
4620,74,310000,0,user_46,890,893,
4597,75,310000,0,user_26,890,893,
4537,76,310000,0,user_43,889,893,
4505,77,220001,0,user_16,889,893,4157
4508,78,220001,0,user_19,889,893,4157
4425,79,220000,0,user_48,887,893,
4599,80,220000,43600,user_29,890,893,
4617,81,220000,0,user_46,890,893,
4452,82,219999,0,user_16,888,893,4157
4453,83,219999,0,user_18,888,893,4157
4456,84,219999,0,user_18,888,893,4157
4587,85,219999,0,user_18,890,893,4157
4532,86,170000,1100000,user_41,889,893,
4571,87,160001,0,user_7,890,893,4109
4648,88,160001,0,user_7,891,893,4109
4476,89,160000,0,user_41,888,893,
4715,70,160000,0,user_31,892,895,
4707,72,150000,0,user_25,892,895,
4512,92,120000,283000,user_22,889,893,
4541,93,120000,0,user_48,889,893,
4710,76,120000,350000,user_25,892,895,
4506,95,119999,0,user_17,889,893,4391
4426,96,110000,0,user_49,887,893,
4709,79,110000,0,user_25,892,895,
4517,98,100000,0,user_28,889,893,
4413,99,87000,16400,user_38,887,893,
4405,0,85000,0,user_34,887,894,
4775,2,43000001,0,user_17,893,898,4103
4776,3,43000001,0,user_17,893,898,4103
4688,0,43000001,0,user_4,892,896,4103
4689,1,43000001,0,user_6,892,896,4103
4690,2,43000001,0,user_6,892,896,4103
4759,5,43000001,0,user_1,893,895,4103
4693,3,43000001,0,user_8,892,896,4103
4694,4,43000001,0,user_8,892,896,4103
4661,5,43000001,0,user_19,891,896,4103
4815,6,43000001,0,user_3,894,896,4103
4764,7,43000001,0,user_8,893,896,4103
4698,10,42999999,0,user_13,892,896,4103
4761,11,42999999,0,user_4,893,896,4103
4701,12,42999999,0,user_18,892,896,4103
4767,13,42999999,0,user_11,893,896,4103
4816,14,42999999,0,user_4,894,896,4103
4778,15,42999999,0,user_18,893,896,4103
4832,11,19000000,0,user_23,894,898,
4798,16,19000000,0,user_46,893,896,
4729,17,6100000,146000,user_44,892,896,
4717,20,5000000,0,user_33,892,895,
4774,17,4999999,0,user_17,893,898,4509
4777,18,4999999,0,user_18,893,896,4509
4863,18,4999999,0,user_10,895,898,4509
4713,24,4200000,0,user_30,892,895,
4714,25,4200000,0,user_31,892,895,
4679,19,4200000,0,user_44,891,896,
4652,22,2100001,0,user_12,891,896,4144
4824,23,2099999,0,user_17,894,898,4144
4699,29,2099999,0,user_15,892,895,4144
4760,24,2099999,0,user_3,893,896,4144
4702,25,2099999,0,user_19,892,896,4144
4833,25,2000000,0,user_23,894,898,
4733,27,1700000,0,user_46,892,896,
4674,28,1600000,36800,user_40,891,896,
4799,31,1400000,0,user_49,893,898,
4695,36,1200001,0,user_9,892,895,4606
4768,32,1200001,0,user_11,893,896,4606
4770,33,1200001,0,user_13,893,896,4606
4769,34,1200001,0,user_12,893,896,4606
4779,35,1200001,0,user_19,893,896,4606
4820,36,1200001,0,user_11,894,896,4606
4703,42,1200000,0,user_21,892,895,
4687,39,1199999,0,user_3,892,896,4606
4697,40,1199999,0,user_12,892,896,4606
4771,41,1199999,0,user_14,893,896,4606
4818,42,1199999,0,user_6,894,896,4606
4655,44,1000001,0,user_14,891,896,4213
4758,48,1000001,0,user_0,893,895,4213
4838,38,1000000,0,user_28,894,898,
4654,46,999999,0,user_14,891,896,4213
4732,49,650000,0,user_46,892,896,
4708,52,530000,0,user_25,892,895,
4706,53,460000,0,user_24,892,895,
4613,51,460000,0,user_44,890,896,
4730,53,420000,0,user_44,892,896,
4762,55,360001,0,user_5,893,896,4682
4763,56,360001,0,user_5,893,896,4682
4666,57,360000,0,user_29,891,896,
4682,58,360000,959000,user_48,891,896,
4855,59,359999,0,user_2,895,896,4682
4859,48,359999,0,user_7,895,898,4682
4658,61,349999,0,user_16,891,896,4272
4660,62,349999,0,user_18,891,896,4272
4719,54,340000,0,user_38,892,898,
4656,63,320001,0,user_14,891,896,4616
4727,64,310000,0,user_44,892,896,
4844,62,220000,594000,user_41,894,898,
4827,64,190000,0,user_20,894,898,
4817,66,170001,0,user_5,894,896,4532
4715,70,160000,0,user_31,892,895,
4653,70,159999,0,user_14,891,896,4109
4707,72,150000,0,user_25,892,895,
4712,76,150000,0,user_29,892,896,
4793,77,150000,0,user_40,893,896,
4794,85,120000,0,user_41,893,898,
4710,76,120000,350000,user_25,892,895,
4680,79,120000,16400,user_44,891,896,
4783,90,110000,0,user_28,893,898,
4709,79,110000,0,user_25,892,895,
4728,80,110000,0,user_44,892,896,
4800,91,98000,381000,user_49,893,898,
4704,86,80000,0,user_22,892,896,
4718,87,79000,0,user_34,892,896,
4721,88,79000,0,user_40,892,896,
4688,0,43000001,0,user_4,892,896,4103
4689,1,43000001,0,user_6,892,896,4103
4690,2,43000001,0,user_6,892,896,4103
4693,3,43000001,0,user_8,892,896,4103
4694,4,43000001,0,user_8,892,896,4103
4661,5,43000001,0,user_19,891,896,4103
4815,6,43000001,0,user_3,894,896,4103
4764,7,43000001,0,user_8,893,896,4103
4814,2,42999999,0,user_0,894,897,4103
4650,9,42999999,0,user_10,891,896,4103
4698,10,42999999,0,user_13,892,896,4103
4761,11,42999999,0,user_4,893,896,4103
4701,12,42999999,0,user_18,892,896,4103
4767,13,42999999,0,user_11,893,896,4103
4816,14,42999999,0,user_4,894,896,4103
4778,15,42999999,0,user_18,893,896,4103
4798,16,19000000,0,user_46,893,896,
4729,17,6100000,146000,user_44,892,896,
4777,18,4999999,0,user_18,893,896,4509
4679,19,4200000,0,user_44,891,896,
4876,7,3200000,0,user_21,895,897,
4829,9,2600000,0,user_21,894,897,
4652,22,2100001,0,user_12,891,896,4144
4692,23,2100001,0,user_7,892,896,4144
4760,24,2099999,0,user_3,893,896,4144
4702,25,2099999,0,user_19,892,896,4144
4875,14,1800000,0,user_21,895,897,
4733,27,1700000,0,user_46,892,896,
4674,28,1600000,36800,user_40,891,896,
4593,29,1300000,164000,user_23,890,896,
4773,16,1200001,0,user_15,893,897,4606
4691,31,1200001,0,user_7,892,896,4606
4768,32,1200001,0,user_11,893,896,4606
4770,33,1200001,0,user_13,893,896,4606
4769,34,1200001,0,user_12,893,896,4606
4779,35,1200001,0,user_19,893,896,4606
4820,36,1200001,0,user_11,894,896,4606
4919,17,1200001,0,user_1,896,897,4606
4772,18,1199999,0,user_15,893,897,4606
4687,39,1199999,0,user_3,892,896,4606
4697,40,1199999,0,user_12,892,896,4606
4771,41,1199999,0,user_14,893,896,4606
4818,42,1199999,0,user_6,894,896,4606
4790,22,1100000,146000,user_37,893,897,
4655,44,1000001,0,user_14,891,896,4213
4765,24,999999,0,user_9,893,897,4213
4654,46,999999,0,user_14,891,896,4213
4716,28,670000,0,user_32,892,897,
4611,48,670000,0,user_41,890,896,
4732,49,650000,0,user_46,892,896,
4828,30,460000,0,user_21,894,897,
4613,51,460000,0,user_44,890,896,
4780,31,420000,0,user_21,893,897,
4730,53,420000,0,user_44,892,896,
4784,32,370000,0,user_31,893,897,
4762,55,360001,0,user_5,893,896,4682
4763,56,360001,0,user_5,893,896,4682
4666,57,360000,0,user_29,891,896,
4682,58,360000,959000,user_48,891,896,
4855,59,359999,0,user_2,895,896,4682
4788,41,350000,0,user_35,893,897,
4658,61,349999,0,user_16,891,896,4272
4660,62,349999,0,user_18,891,896,4272
4656,63,320001,0,user_14,891,896,4616
4727,64,310000,0,user_44,892,896,
4882,43,260000,0,user_33,895,897,
4817,66,170001,0,user_5,894,896,4532
4921,45,170001,0,user_1,896,897,4532
4920,50,169999,0,user_1,896,897,4532
4529,69,160000,35100,user_38,889,896,
4653,70,159999,0,user_14,891,896,4109
4586,71,159999,0,user_17,890,896,4109
4830,56,150000,15300,user_21,894,897,
4841,57,150000,0,user_33,894,897,
4542,74,150000,350000,user_49,889,896,
4612,75,150000,0,user_43,890,896,
4712,76,150000,0,user_29,892,896,
4793,77,150000,0,user_40,893,896,
4786,60,120000,0,user_33,893,897,
4680,79,120000,16400,user_44,891,896,
4728,80,110000,0,user_44,892,896,
4880,61,110000,0,user_30,895,897,
4785,63,100000,0,user_33,893,897,
4781,65,98000,0,user_25,893,897,
4789,66,84000,0,user_35,893,897,
4835,70,82000,17700000,user_25,894,897,
4704,86,80000,0,user_22,892,896,
4718,87,79000,0,user_34,892,896,
4721,88,79000,0,user_40,892,896,
4826,0,43000001,0,user_18,894,898,4103
4825,7,42999999,0,user_18,894,898,4103
4814,2,42999999,0,user_0,894,897,4103
4823,14,5000001,0,user_16,894,898,4509
4960,4,5000000,0,user_41,896,897,
4998,1,4999999,0,user_7,897,899,4509
4896,6,3500000,285000,user_49,895,897,
4876,7,3200000,0,user_21,895,897,
4853,8,3200000,0,user_49,894,897,
4829,9,2600000,0,user_21,894,897,
4922,21,2100001,0,user_2,896,898,4144
4994,5,2100001,0,user_7,897,899,4144
4925,22,2099999,0,user_3,896,898,4144
4852,13,2000000,0,user_49,894,897,
4875,14,1800000,0,user_21,895,897,
4873,15,1400000,0,user_20,895,897,
4773,16,1200001,0,user_15,893,897,4606
4919,17,1200001,0,user_1,896,897,4606
4772,18,1199999,0,user_15,893,897,4606
4930,33,1199999,0,user_7,896,898,4606
4988,34,1199999,0,user_2,897,898,4606
4836,35,1100000,39400,user_26,894,898,
4790,22,1100000,146000,user_37,893,897,
4958,23,1000000,0,user_41,896,897,
4765,24,999999,0,user_9,893,897,4213
4874,25,910000,36800,user_20,895,897,
4963,26,870000,139000,user_43,896,897,
4889,27,670000,0,user_43,895,897,
4716,28,670000,0,user_32,892,897,
4872,29,460000,0,user_20,895,897,
4828,30,460000,0,user_21,894,897,
4780,31,420000,0,user_21,893,897,
4784,32,370000,0,user_31,893,897,
4939,33,360001,0,user_17,896,897,4682
4871,44,360001,0,user_18,895,898,4682
4856,45,359999,0,user_3,895,898,4682
4857,46,359999,0,user_5,895,898,4682
4858,47,359999,0,user_6,895,898,4682
4864,49,359999,0,user_11,895,898,4682
4866,50,359999,0,user_13,895,898,4682
4870,51,359999,0,user_18,895,898,4682
4788,41,350000,0,user_35,893,897,
4961,42,300000,381000,user_41,896,897,
4882,43,260000,0,user_33,895,897,
4843,44,220000,256000,user_38,894,897,
4921,45,170001,0,user_1,896,897,4532
4928,66,170001,0,user_7,896,898,4532
4929,67,170001,0,user_7,896,898,4532
4926,65,170001,0,user_5,896,898,4532
4996,13,170001,0,user_7,897,899,4532
4920,50,169999,0,user_1,896,897,4532
4931,77,169999,0,user_7,896,898,4532
4923,75,169999,0,user_3,896,898,4532
4927,76,169999,0,user_6,896,898,4532
4936,78,169999,0,user_11,896,898,4532
5002,55,169999,0,user_10,897,897,4532
4830,56,150000,15300,user_21,894,897,
4841,57,150000,0,user_33,894,897,
4957,58,150000,35600,user_41,896,897,
4887,59,120000,0,user_41,895,897,
4786,60,120000,0,user_33,893,897,
4880,61,110000,0,user_30,895,897,
4878,62,100000,0,user_28,895,897,
4785,63,100000,0,user_33,893,897,
4959,64,100000,139000,user_41,896,897,
4781,65,98000,0,user_25,893,897,
4789,66,84000,0,user_35,893,897,
4932,95,82001,0,user_7,896,898,4835
4995,25,82001,0,user_7,897,899,4835
4997,26,82001,0,user_7,897,899,4835
4835,70,82000,17700000,user_25,894,897,
4924,98,81999,0,user_3,896,898,4835
4826,0,43000001,0,user_18,894,898,4103
4869,1,43000001,0,user_15,895,898,4103
4775,2,43000001,0,user_17,893,898,4103
4776,3,43000001,0,user_17,893,898,4103
4696,4,42999999,0,user_10,892,898,4103
4700,5,42999999,0,user_17,892,898,4103
4766,6,42999999,0,user_10,893,898,4103
4825,7,42999999,0,user_18,894,898,4103
4935,8,42999999,0,user_9,896,898,4103
4885,9,30000000,0,user_37,895,898,
4954,10,19000000,0,user_37,896,898,
4832,11,19000000,0,user_23,894,898,
4840,12,5200000,0,user_32,894,898,
4883,13,5200000,121000,user_35,895,898,
4823,14,5000001,0,user_16,894,898,4509
4842,15,5000000,0,user_35,894,898,
4659,16,4999999,0,user_17,891,898,4509
4774,17,4999999,0,user_17,893,898,4509
4863,18,4999999,0,user_10,895,898,4509
5016,19,3600000,0,user_24,897,898,
4941,20,2600000,0,user_24,896,898,
4922,21,2100001,0,user_2,896,898,4144
4925,22,2099999,0,user_3,896,898,4144
4824,23,2099999,0,user_17,894,898,4144
4675,24,2000000,0,user_41,891,898,
4833,25,2000000,0,user_23,894,898,
4951,26,1900000,0,user_33,896,898,
4665,27,1700000,66100,user_28,891,898,
4942,28,1700000,0,user_24,896,898,
4677,29,1500000,410000,user_43,891,898,
4949,30,1400000,0,user_31,896,898,
4799,31,1400000,0,user_49,893,898,
5038,32,1400000,0,user_47,897,898,
4930,33,1199999,0,user_7,896,898,4606
4988,34,1199999,0,user_2,897,898,4606
4836,35,1100000,39400,user_26,894,898,
4881,36,1100000,0,user_32,895,898,
5024,37,1100000,0,user_35,897,898,
4838,38,1000000,0,user_28,894,898,
4884,39,910000,0,user_35,895,898,
5023,40,870000,0,user_35,897,898,
4944,41,600000,0,user_25,896,898,
4894,42,460000,73100,user_47,895,898,
4892,43,420000,0,user_47,895,898,
4871,44,360001,0,user_18,895,898,4682
4856,45,359999,0,user_3,895,898,4682
4857,46,359999,0,user_5,895,898,4682
4858,47,359999,0,user_6,895,898,4682
4859,48,359999,0,user_7,895,898,4682
4864,49,359999,0,user_11,895,898,4682
4866,50,359999,0,user_13,895,898,4682
4870,51,359999,0,user_18,895,898,4682
4834,52,340000,49100,user_24,894,898,
4895,53,340000,0,user_47,895,898,
4719,54,340000,0,user_38,892,898,
4943,55,320000,0,user_25,896,898,
4621,56,310000,0,user_49,890,898,
4607,57,260000,0,user_38,890,898,
4672,58,260000,0,user_38,891,898,
4947,59,260000,0,user_30,896,898,
4893,60,260000,0,user_47,895,898,
4705,61,220000,0,user_23,892,898,
4844,62,220000,594000,user_41,894,898,
5012,63,220000,0,user_21,897,898,
4827,64,190000,0,user_20,894,898,
4926,65,170001,0,user_5,896,898,4532
4928,66,170001,0,user_7,896,898,4532
4929,67,170001,0,user_7,896,898,4532
5001,68,170001,0,user_9,897,898,4532
5007,69,170001,0,user_15,897,898,4532
5008,70,170001,0,user_15,897,898,4532
5048,71,170001,0,user_1,898,898,4532
4862,72,169999,0,user_9,895,898,4532
4868,73,169999,0,user_15,895,898,4532
4987,74,169999,0,user_0,897,898,4532
4923,75,169999,0,user_3,896,898,4532
4927,76,169999,0,user_6,896,898,4532
4931,77,169999,0,user_7,896,898,4532
4936,78,169999,0,user_11,896,898,4532
5000,79,169999,0,user_9,897,898,4532
5045,80,169999,0,user_0,898,898,4532
4953,81,150000,0,user_37,896,898,
4662,82,120000,0,user_20,891,898,
4676,83,120000,0,user_43,891,898,
4965,84,120000,0,user_47,896,898,
4794,85,120000,0,user_41,893,898,
4663,86,110000,16400,user_23,891,898,
4722,87,110000,0,user_41,892,898,
4726,88,110000,0,user_43,892,898,
4948,89,110000,0,user_30,896,898,
4783,90,110000,0,user_28,893,898,
4800,91,98000,381000,user_49,893,898,
4683,92,87000,0,user_49,891,898,
5021,93,87000,0,user_31,897,898,
4950,94,84000,0,user_32,896,898,
4932,95,82001,0,user_7,896,898,4835
5046,96,82001,0,user_0,898,898,4835
5025,97,82000,0,user_37,897,898,
4924,98,81999,0,user_3,896,898,4835
5047,99,81999,0,user_0,898,898,4835
5090,0,5000000,0,user_31,898,899,
4998,1,4999999,0,user_7,897,899,4509
5092,2,3500000,0,user_35,898,899,
4991,3,2100001,0,user_5,897,899,4144
4993,4,2100001,0,user_6,897,899,4144
4994,5,2100001,0,user_7,897,899,4144
5051,6,2099999,0,user_2,898,899,4144
5084,7,1500000,0,user_24,898,899,
5003,8,1200001,0,user_11,897,899,4606
4945,9,660000,0,user_26,896,899,
5078,10,460000,0,user_21,898,899,
5077,11,310000,0,user_21,898,899,
4956,12,260000,0,user_40,896,899,
4996,13,170001,0,user_7,897,899,4532
5050,14,170001,0,user_2,898,899,4532
5063,15,170001,0,user_9,898,899,4532
5113,16,170001,0,user_0,899,899,4532
5114,17,170001,0,user_1,899,899,4532
4989,18,169999,0,user_3,897,899,4532
4990,19,169999,0,user_5,897,899,4532
4992,20,169999,0,user_6,897,899,4532
4940,21,169999,0,user_18,896,899,4532
5004,22,169999,0,user_11,897,899,4532
5053,23,169999,0,user_2,898,899,4532
5065,24,169999,0,user_9,898,899,4532
4995,25,82001,0,user_7,897,899,4835
4997,26,82001,0,user_7,897,899,4835
5049,27,82001,0,user_2,898,899,4835
5052,28,82001,0,user_2,898,899,4835
5064,29,82001,0,user_9,898,899,4835
5112,30,82001,0,user_0,899,899,4835
4678,31,79000,0,user_43,891,899,
3961,0,470000,0,user_1,900,900,
3984,0,6100000,0,user_31,900,901,
3962,1,3600000,0,user_2,900,901,
3963,2,2500000,0,user_2,900,901,
3986,3,1500000,0,user_33,900,901,
3964,4,970000,0,user_2,900,901,
3965,5,240000,195000,user_2,900,901,
4004,6,239999,0,user_1,901,901,3965
3988,0,30000000,0,user_35,900,902,
3973,1,19000000,0,user_15,900,902,
3991,2,3600000,0,user_37,900,902,
4024,3,2500000,0,user_25,901,902,
3985,4,2100000,0,user_32,900,902,
4046,5,1400001,0,user_0,902,902,4010
4010,6,1400000,64600,user_9,901,902,
4022,7,650000,0,user_21,901,902,
3979,8,470000,18600,user_24,900,902,
4014,9,460000,0,user_15,901,902,
4030,10,340000,0,user_31,901,902,
4047,11,240001,0,user_1,902,902,3965
4048,12,240001,0,user_1,902,902,3965
4049,13,240001,0,user_1,902,902,3965
4050,14,239999,0,user_1,902,902,3965
4023,15,220000,0,user_24,901,902,
4013,16,160000,0,user_15,901,902,
4029,17,150000,0,user_30,901,902,
4032,18,150000,0,user_33,901,902,
3990,19,84000,0,user_37,900,902,
4068,19,27000000,0,user_20,902,909,
4076,27,5000000,108000,user_28,902,909,
4102,40,2100000,0,user_43,902,909,
4098,81,910000,0,user_41,902,909,
4044,96,420000,0,user_49,901,909,
4101,5,350000,0,user_43,902,903,
4036,6,260000,0,user_38,901,903,
4064,7,240001,0,user_17,902,903,3965
4122,8,240001,0,user_10,903,903,3965
4119,9,239999,0,user_7,903,903,3965
4080,0,4200000,31700,user_33,902,904,
4139,1,3500000,0,user_25,903,904,
4144,2,2100000,1100000,user_30,903,904,
4079,3,530000,0,user_31,902,904,
4145,4,530000,0,user_31,903,904,
4168,5,239999,0,user_1,904,904,3965
4146,6,170000,0,user_33,903,904,
4069,7,150000,0,user_21,902,904,
4083,8,130000,0,user_33,902,904,
4073,9,110000,0,user_25,902,904,
4131,10,100000,0,user_21,903,904,
4081,11,82000,0,user_33,902,904,
4082,12,79000,0,user_33,902,904,
4070,13,70000,0,user_21,902,904,
4224,13,27000001,0,user_7,905,909,4017
4186,69,1300000,0,user_23,904,909,
4184,2,360000,0,user_20,904,905,
4225,3,220001,0,user_7,905,905,4157
4229,4,219999,0,user_10,905,905,4157
4205,5,120000,0,user_43,904,905,
4165,0,6100000,0,user_47,903,906,
4088,1,5000000,0,user_35,902,906,
4200,2,4500000,0,user_33,904,906,
4152,3,3600000,0,user_37,903,906,
4211,4,3200000,0,user_47,904,906,
4282,5,2100001,0,user_1,906,906,4144
4215,6,2099999,0,user_0,905,906,4144
4193,7,1800000,0,user_30,904,906,
4197,8,1800000,0,user_33,904,906,
4199,9,1600000,0,user_33,904,906,
4203,10,1600000,0,user_35,904,906,
4110,11,1500000,0,user_47,902,906,
4091,12,1400000,56200,user_37,902,906,
4252,13,1100000,0,user_31,905,906,
4072,14,1000000,0,user_24,902,906,
4187,15,1000000,0,user_24,904,906,
4194,16,870000,0,user_30,904,906,
4188,17,650000,0,user_25,904,906,
4256,18,650000,0,user_33,905,906,
4255,19,600000,49100,user_33,905,906,
4126,20,470001,0,user_15,903,906,3979
4212,21,460000,0,user_47,904,906,
4113,22,420000,0,user_47,902,906,
4149,23,420000,5640,user_35,903,906,
4198,24,360000,0,user_33,904,906,
4031,25,350000,0,user_32,901,906,
4254,26,310000,108000,user_33,905,906,
4281,27,309999,0,user_1,906,906,4254
4056,28,240001,0,user_9,902,906,3965
4061,29,240001,0,user_15,902,906,3965
4178,30,240001,0,user_15,904,906,3965
4179,31,240001,0,user_15,904,906,3965
4060,32,239999,0,user_15,902,906,3965
4121,33,239999,0,user_9,903,906,3965
4172,34,239999,0,user_9,904,906,3965
4148,35,220000,0,user_35,903,906,
4111,36,170000,0,user_47,902,906,
4151,37,170000,30200,user_37,903,906,
4112,38,160000,0,user_47,902,906,
4150,39,110000,0,user_35,903,906,
4238,40,110000,34700,user_21,905,906,
4138,41,85000,0,user_24,903,906,
4090,42,83000,0,user_37,902,906,
4201,43,70000,0,user_33,904,906,
4288,0,43000001,0,user_6,906,909,4103
4294,1,43000001,0,user_13,906,909,4103
4298,2,42999999,0,user_17,906,912,4103
4231,6,42999999,0,user_16,905,909,4103
4375,7,42999999,0,user_2,907,909,4103
4230,14,27000001,0,user_12,905,909,4132
4226,21,26999999,0,user_8,905,909,4132
4251,28,5000000,0,user_29,905,909,
4271,29,5000000,0,user_46,905,909,
4330,12,2600000,23500,user_43,906,912,
3977,36,2400000,0,user_22,900,909,
4302,16,2400000,10700,user_20,906,912,
3999,47,2000000,16400,user_46,900,909,
4303,24,2000000,0,user_20,906,912,
4227,53,1999999,0,user_8,905,909,3999
3982,54,1900000,0,user_29,900,909,
3978,59,1600000,0,user_22,900,909,
3976,60,1600000,0,user_19,900,909,
4202,62,1500000,0,user_34,904,909,
4237,72,1000001,0,user_19,905,909,4213
4213,76,1000000,296000,user_48,904,909,
4381,31,999999,0,user_10,907,912,4213
3987,87,670000,0,user_34,900,909,
4327,39,670000,0,user_41,906,912,
3983,88,650000,0,user_29,900,909,
4301,48,420000,0,user_20,906,912,
3994,97,360000,0,user_40,900,909,
4240,27,350000,12800,user_22,905,907,
4304,61,340000,0,user_23,906,912,
3966,29,240001,0,user_3,900,907,3965
3967,30,240001,0,user_4,900,907,3965
3968,31,240001,0,user_8,900,907,3965
3970,32,240001,0,user_12,900,907,3965
4284,33,240001,0,user_3,906,907,3965
4285,34,240001,0,user_3,906,907,3965
4286,35,240001,0,user_4,906,907,3965
4181,36,240001,0,user_18,904,907,3965
4182,37,240001,0,user_18,904,907,3965
4292,38,240001,0,user_11,906,907,3965
3969,39,239999,0,user_11,900,907,3965
3971,40,239999,0,user_13,900,907,3965
3972,41,239999,0,user_14,900,907,3965
4233,42,239999,0,user_18,905,907,3965
4234,43,239999,0,user_18,905,907,3965
4235,44,239999,0,user_18,905,907,3965
4236,45,239999,0,user_18,905,907,3965
4379,46,220001,0,user_7,907,907,4157
4287,47,219999,0,user_5,906,907,4157
4241,48,120000,0,user_22,905,907,
4242,49,120000,0,user_22,905,907,
3975,50,110000,0,user_19,900,907,
4000,51,83000,0,user_48,900,907,
4239,52,77000,15700,user_22,905,907,
4445,0,43000001,0,user_10,908,912,4103
4299,8,42999999,0,user_18,906,909,4103
4436,9,42999999,0,user_2,908,909,4103
4390,11,3500000,0,user_20,907,912,
4444,18,2100001,0,user_10,908,912,4144
4325,86,870000,0,user_40,906,909,
4395,45,470000,0,user_23,907,912,
4400,63,340000,39400,user_28,907,912,
4393,64,310000,73100,user_20,907,912,
4293,9,240001,0,user_12,906,908,3965
4295,10,240001,0,user_14,906,908,3965
4296,11,240001,0,user_14,906,908,3965
4386,75,220001,0,user_17,907,912,4157
4377,13,220001,0,user_4,907,908,4157
4382,14,220001,0,user_11,907,908,4157
4442,73,220001,0,user_7,908,912,4157
4376,16,219999,0,user_3,907,908,4157
4378,17,219999,0,user_6,907,908,4157
4384,18,219999,0,user_13,907,908,4157
4441,79,219999,0,user_7,908,912,4157
4323,86,160000,0,user_38,906,912,
4392,88,150000,0,user_20,907,912,
4310,22,150000,0,user_29,906,908,
4389,92,120000,0,user_20,907,912,
4391,93,120000,256000,user_20,907,912,
4326,25,98000,0,user_40,906,908,
4417,98,73000,0,user_41,907,912,
4288,0,43000001,0,user_6,906,909,4103
4294,1,43000001,0,user_13,906,909,4103
4291,2,43000001,0,user_10,906,909,4103
4103,3,43000000,545000,user_44,902,909,
4183,4,42999999,0,user_19,904,909,4103
4218,5,42999999,0,user_5,905,909,4103
4231,6,42999999,0,user_16,905,909,4103
4375,7,42999999,0,user_2,907,909,4103
4299,8,42999999,0,user_18,906,909,4103
4436,9,42999999,0,user_2,908,909,4103
4135,10,30000000,0,user_23,903,909,
4411,11,30000000,0,user_37,907,909,
4171,12,27000001,0,user_7,904,909,4017
4224,13,27000001,0,user_7,905,909,4017
4230,14,27000001,0,user_12,905,909,4132
4025,15,27000000,0,user_26,901,909,
4071,16,27000000,0,user_22,902,909,
4017,17,27000000,84800,user_17,901,909,
4132,18,27000000,11200,user_22,903,909,
4068,19,27000000,0,user_20,902,909,
4057,20,26999999,0,user_10,902,909,4017
4226,21,26999999,0,user_8,905,909,4132
4129,22,19000000,0,user_20,903,909,
4243,23,19000000,39400,user_23,905,909,
4262,24,19000000,12800,user_41,905,909,
4170,25,5000001,0,user_7,904,909,4076
4174,26,5000001,0,user_10,904,909,4076
4076,27,5000000,108000,user_28,902,909,
4251,28,5000000,0,user_29,905,909,
4271,29,5000000,0,user_46,905,909,
4283,30,4999999,0,user_2,906,909,4076
4290,31,4199999,0,user_9,906,909,4080
4108,32,3500000,0,user_46,902,909,
4140,33,3500000,0,user_26,903,909,
3996,34,3200000,0,user_43,900,909,
4470,35,2500000,0,user_37,908,909,
3977,36,2400000,0,user_22,900,909,
4316,37,2300000,0,user_32,906,909,
4077,38,2100000,0,user_29,902,909,
4027,39,2100000,0,user_28,901,909,
4102,40,2100000,0,user_43,902,909,
4137,41,2100000,0,user_23,903,909,
4403,42,2100000,0,user_32,907,909,
4297,43,2099999,0,user_15,906,909,4144
4492,44,2099999,0,user_1,909,909,4144
4005,45,2000001,0,user_4,901,909,3999
4058,46,2000001,0,user_12,902,909,3999
3999,47,2000000,16400,user_46,900,909,
4106,48,2000000,0,user_46,902,909,
4266,49,2000000,0,user_41,905,909,
4464,50,2000000,0,user_30,908,909,
4009,51,1999999,0,user_8,901,909,3999
4051,52,1999999,0,user_4,902,909,3999
4227,53,1999999,0,user_8,905,909,3999
3982,54,1900000,0,user_29,900,909,
3981,55,1800000,0,user_28,900,909,
4143,56,1800000,0,user_29,903,909,
4154,57,1800000,0,user_38,903,909,
4115,58,1700000,0,user_48,902,909,
3978,59,1600000,0,user_22,900,909,
3976,60,1600000,0,user_19,900,909,
4021,61,1600000,0,user_20,901,909,
4202,62,1500000,0,user_34,904,909,
4450,63,1400001,0,user_15,908,909,4315
4311,64,1400000,0,user_30,906,909,
4306,65,1400000,0,user_24,906,909,
4315,66,1400000,181000,user_32,906,909,
4228,67,1399999,0,user_9,905,909,4091
4167,68,1300000,21800,user_48,903,909,
4186,69,1300000,0,user_23,904,909,
4312,70,1200000,0,user_30,906,909,
4162,71,1100000,0,user_44,903,909,
4237,72,1000001,0,user_19,905,909,4213
4105,73,1000000,0,user_46,902,909,
4084,74,1000000,5180,user_34,902,909,
4086,75,1000000,0,user_34,902,909,
4213,76,1000000,296000,user_48,904,909,
4214,77,1000000,0,user_49,904,909,
4459,78,1000000,0,user_24,908,909,
4166,79,970000,0,user_48,903,909,
4480,80,970000,0,user_47,908,909,
4098,81,910000,0,user_41,902,909,
4161,82,910000,0,user_43,903,909,
4314,83,910000,0,user_31,906,909,
4033,84,870000,0,user_34,901,909,
4130,85,870000,0,user_20,903,909,
4325,86,870000,0,user_40,906,909,
3987,87,670000,0,user_34,900,909,
3983,88,650000,0,user_29,900,909,
4163,89,650000,0,user_44,903,909,
4263,90,650000,0,user_41,905,909,
4423,91,600000,0,user_47,907,909,
4424,92,600000,0,user_47,907,909,
4273,93,460000,0,user_47,905,909,
4195,94,460000,0,user_32,904,909,
4204,95,460000,0,user_38,904,909,
4044,96,420000,0,user_49,901,909,
3994,97,360000,0,user_40,900,909,
4078,98,360000,0,user_29,902,909,
4039,99,360000,0,user_41,901,909,
4136,0,350000,0,user_23,903,910,
4158,1,350000,0,user_43,903,910,
4085,2,320000,0,user_34,902,910,
4059,3,310001,0,user_14,902,910,4042
4118,4,310001,0,user_4,903,910,4042
4123,5,310001,0,user_12,903,910,4042
4042,6,310000,12300,user_46,901,910,
4092,7,300000,0,user_38,902,910,
4007,8,240001,0,user_6,901,910,3965
4011,9,240001,0,user_13,901,910,3965
4012,10,240001,0,user_14,901,910,3965
4020,11,240001,0,user_19,901,910,3965
4052,12,240001,0,user_5,902,910,3965
4054,13,240001,0,user_6,902,910,3965
4124,14,240001,0,user_13,903,910,3965
4018,15,240001,0,user_18,901,910,3965
4065,16,240001,0,user_18,902,910,3965
4127,17,240001,0,user_16,903,910,3965
4128,18,240001,0,user_16,903,910,3965
4006,19,239999,0,user_5,901,910,3965
4008,20,239999,0,user_7,901,910,3965
4015,21,239999,0,user_16,901,910,3965
4019,22,239999,0,user_19,901,910,3965
4053,23,239999,0,user_6,902,910,3965
4055,24,239999,0,user_7,902,910,3965
4117,25,239999,0,user_3,903,910,3965
4062,26,239999,0,user_16,902,910,3965
4063,27,239999,0,user_16,902,910,3965
4066,28,239999,0,user_19,902,910,3965
4067,29,239999,0,user_19,902,910,3965
4028,30,220000,0,user_29,901,910,
4114,31,220000,0,user_48,902,910,
4157,32,220000,231000,user_41,903,910,
4153,33,220000,0,user_38,903,910,
4043,34,190000,0,user_46,901,910,
4125,35,160001,0,user_14,903,910,4109
4109,36,160000,369000,user_46,902,910,
4159,37,160000,0,user_43,903,910,
4120,38,159999,0,user_8,903,910,4109
3997,39,150000,0,user_43,900,910,
4133,40,150000,0,user_23,903,910,
4160,41,150000,0,user_43,903,910,
4016,42,120000,0,user_17,901,910,
4156,43,120000,8520,user_40,903,910,
3974,44,110000,0,user_17,900,910,
4142,45,110000,0,user_29,903,910,
4147,46,110000,0,user_34,903,910,
4001,47,100000,0,user_49,900,910,
4038,48,87000,0,user_40,901,910,
4041,49,87000,0,user_43,901,910,
4087,50,87000,0,user_34,902,910,
4107,51,84000,0,user_46,902,910,
4134,52,83000,0,user_23,903,910,
4116,53,82000,0,user_49,902,910,
3992,54,77000,0,user_38,900,910,
4650,9,42999999,0,user_10,911,916,4103
4593,29,1300000,164000,user_23,910,916,
4611,48,670000,0,user_41,910,916,
4648,88,160001,0,user_7,911,913,4109
4529,69,160000,35100,user_38,909,916,
4586,71,159999,0,user_17,910,916,4109
4542,74,150000,350000,user_49,909,916,
4612,75,150000,0,user_43,910,916,
4196,8,120000,0,user_32,904,911,
4445,0,43000001,0,user_10,908,912,4103
4502,1,43000001,0,user_13,909,912,4103
4298,2,42999999,0,user_17,906,912,4103
4320,3,27000000,0,user_34,906,912,
4525,4,6100000,5180,user_32,909,912,
4511,5,5000000,0,user_21,909,912,
4528,6,5000000,0,user_37,909,912,
4519,7,4200000,0,user_30,909,912,
4398,8,3600000,0,user_26,907,912,
4605,9,3600000,0,user_33,910,912,
4523,10,3500000,0,user_30,909,912,
4390,11,3500000,0,user_20,907,912,
4330,12,2600000,23500,user_43,906,912,
4664,13,2600000,0,user_25,911,912,
4463,14,2500000,0,user_29,908,912,
4318,15,2400000,0,user_34,906,912,
4302,16,2400000,10700,user_20,906,912,
4668,17,2300000,0,user_30,911,912,
4444,18,2100001,0,user_10,908,912,4144
4574,19,2100001,0,user_9,910,912,4144
4684,20,2100001,0,user_0,912,912,4144
4495,21,2099999,0,user_4,909,912,4144
4685,22,2099999,0,user_1,912,912,4144
4257,23,2000000,0,user_34,905,912,
4303,24,2000000,0,user_20,906,912,
4604,25,2000000,0,user_33,910,912,
4669,26,1900000,0,user_31,911,912,
4595,27,1400000,16400,user_25,910,912,
4606,28,1200000,7190000,user_37,910,912,
4667,29,1100000,0,user_30,911,912,
4380,30,1000001,0,user_8,907,912,4213
4381,31,999999,0,user_10,907,912,4213
4449,32,999999,0,user_13,908,912,4213
4501,33,999999,0,user_13,909,912,4213
4583,34,999999,0,user_15,910,912,4213
4649,35,999999,0,user_9,911,912,4213
4601,36,970000,0,user_31,910,912,
4591,37,910000,0,user_21,910,912,
4596,38,910000,0,user_25,910,912,
4327,39,670000,0,user_41,906,912,
4540,40,660000,0,user_47,909,912,
4524,41,650000,0,user_31,909,912,
4520,42,630000,0,user_30,909,912,
4331,43,600000,0,user_44,906,912,
4603,44,530000,0,user_33,910,912,
4395,45,470000,0,user_23,907,912,
4416,46,460000,0,user_40,907,912,
4462,47,460000,0,user_29,908,912,
4301,48,420000,0,user_20,906,912,
4600,49,370000,0,user_30,910,912,
4493,50,350001,0,user_2,909,912,4272
4563,51,350001,0,user_0,910,912,4272
4494,52,350001,0,user_3,909,912,4272
4496,53,350001,0,user_7,909,912,4272
4576,54,350001,0,user_9,910,912,4272
4577,55,350001,0,user_9,910,912,4272
4497,56,349999,0,user_7,909,912,4272
4564,57,349999,0,user_2,910,912,4272
4575,58,349999,0,user_9,910,912,4272
4578,59,349999,0,user_9,910,912,4272
4657,60,349999,0,user_15,911,912,4272
4304,61,340000,0,user_23,906,912,
4514,62,340000,0,user_24,909,912,
4400,63,340000,39400,user_28,907,912,
4393,64,310000,73100,user_20,907,912,
4319,65,300000,108000,user_34,906,912,
4515,66,260000,0,user_25,909,912,
4504,67,240001,0,user_15,909,912,3965
4437,68,220001,0,user_3,908,912,4157
4383,69,220001,0,user_12,907,912,4157
4388,70,220001,0,user_19,907,912,4157
4439,71,220001,0,user_5,908,912,4157
4440,72,220001,0,user_6,908,912,4157
4442,73,220001,0,user_7,908,912,4157
4448,74,220001,0,user_13,908,912,4157
4386,75,220001,0,user_17,907,912,4157
4602,76,220000,0,user_33,910,912,
4438,77,219999,0,user_4,908,912,4157
4300,78,219999,0,user_19,906,912,4157
4441,79,219999,0,user_7,908,912,4157
4387,80,219999,0,user_18,907,912,4157
4446,81,219999,0,user_11,908,912,4157
4447,82,160001,0,user_12,908,912,4109
4521,83,160000,0,user_30,909,912,
4466,84,160000,0,user_32,908,912,
4479,85,160000,0,user_46,908,912,
4323,86,160000,0,user_38,906,912,
4498,87,159999,0,user_7,909,912,4109
4392,88,150000,0,user_20,907,912,
4317,89,130000,0,user_34,906,912,
4276,90,120000,0,user_48,905,912,
4522,91,120000,0,user_30,909,912,
4389,92,120000,0,user_20,907,912,
4391,93,120000,256000,user_20,907,912,
4401,94,110000,43600,user_29,907,912,
4594,95,110000,0,user_24,910,912,
4513,96,98000,0,user_24,909,912,
4503,97,79001,0,user_15,909,912,4305
4417,98,73000,0,user_41,907,912,
4507,0,43000001,0,user_17,909,913,4103
4454,1,43000001,0,user_18,908,913,4103
4759,5,43000001,0,user_1,913,915,4103
4644,3,42999999,0,user_4,911,913,4103
4646,4,42999999,0,user_5,911,913,4103
4455,5,42999999,0,user_18,908,913,4103
4579,6,5000001,0,user_10,910,913,4509
4518,7,5000000,0,user_29,909,913,
4509,8,5000000,1100000,user_20,909,913,
4717,20,5000000,0,user_33,912,915,
4420,10,4500000,0,user_44,907,913,
4510,11,4200000,0,user_20,909,913,
4713,24,4200000,0,user_30,912,915,
4714,25,4200000,0,user_31,912,915,
4474,14,3600000,0,user_40,908,913,
4609,15,3500000,0,user_40,910,913,
4421,16,3200000,0,user_44,907,913,
4481,17,3200000,0,user_48,908,913,
4499,18,2100001,0,user_8,909,913,4144
4573,19,2100001,0,user_8,910,913,4144
4589,20,2100001,0,user_19,910,913,4144
4473,21,2100000,6390,user_40,908,913,
4643,22,2099999,0,user_4,911,913,4144
4457,23,2099999,0,user_18,908,913,4144
4699,29,2099999,0,user_15,912,915,4144
4539,25,2000000,0,user_46,909,913,
4419,26,2000000,0,user_44,907,913,
4538,27,1700000,0,user_44,909,913,
4472,28,1400000,0,user_38,908,913,
4534,29,1400000,5630,user_41,909,913,
4686,30,1200001,0,user_2,912,913,4606
4695,36,1200001,0,user_9,912,915,4606
4703,42,1200000,0,user_21,912,915,
4471,33,1100000,0,user_38,908,913,
4641,34,1000001,0,user_4,911,913,4213
4645,35,1000001,0,user_4,911,913,4213
4585,36,1000001,0,user_16,910,913,4213
4590,37,1000001,0,user_19,910,913,4213
4758,48,1000001,0,user_0,913,915,4213
4477,39,1000000,0,user_43,908,913,
4500,40,999999,0,user_8,909,913,4213
4570,41,999999,0,user_7,910,913,4213
4461,42,970000,13900,user_28,908,913,
4412,43,970000,0,user_38,907,913,
4592,44,910000,0,user_22,910,913,
4458,45,870000,0,user_20,908,913,
4533,46,650000,0,user_41,909,913,
4418,47,600000,0,user_44,907,913,
4708,52,530000,0,user_25,912,915,
4706,53,460000,0,user_24,912,915,
4619,50,420000,146000,user_46,910,913,
4526,51,420000,0,user_34,909,913,
4475,52,370000,8520,user_41,908,913,
4566,53,350001,0,user_4,910,913,4272
4568,54,350001,0,user_5,910,913,4272
4569,55,350001,0,user_6,910,913,4272
4581,56,350001,0,user_13,910,913,4272
4572,57,350001,0,user_8,910,913,4272
4580,58,350001,0,user_12,910,913,4272
4584,59,350001,0,user_16,910,913,4272
4647,60,350001,0,user_6,911,913,4272
4651,61,350001,0,user_11,911,913,4272
4565,62,349999,0,user_3,910,913,4272
4567,63,349999,0,user_5,910,913,4272
4639,64,349999,0,user_3,911,913,4272
4640,65,349999,0,user_3,911,913,4272
4582,66,349999,0,user_14,910,913,4272
4588,67,349999,0,user_19,910,913,4272
4468,68,340000,0,user_34,908,913,
4618,69,340000,0,user_46,910,913,
4535,70,340000,0,user_41,909,913,
4616,71,320000,322000,user_46,910,913,
4610,72,320000,0,user_40,910,913,
4642,73,319999,0,user_4,911,913,4616
4620,74,310000,0,user_46,910,913,
4597,75,310000,0,user_26,910,913,
4537,76,310000,0,user_43,909,913,
4505,77,220001,0,user_16,909,913,4157
4508,78,220001,0,user_19,909,913,4157
4425,79,220000,0,user_48,907,913,
4599,80,220000,43600,user_29,910,913,
4617,81,220000,0,user_46,910,913,
4452,82,219999,0,user_16,908,913,4157
4453,83,219999,0,user_18,908,913,4157
4456,84,219999,0,user_18,908,913,4157
4587,85,219999,0,user_18,910,913,4157
4532,86,170000,1100000,user_41,909,913,
4571,87,160001,0,user_7,910,913,4109
4648,88,160001,0,user_7,911,913,4109
4476,89,160000,0,user_41,908,913,
4715,70,160000,0,user_31,912,915,
4707,72,150000,0,user_25,912,915,
4512,92,120000,283000,user_22,909,913,
4541,93,120000,0,user_48,909,913,
4710,76,120000,350000,user_25,912,915,
4506,95,119999,0,user_17,909,913,4391
4426,96,110000,0,user_49,907,913,
4709,79,110000,0,user_25,912,915,
4517,98,100000,0,user_28,909,913,
4413,99,87000,16400,user_38,907,913,
4405,0,85000,0,user_34,907,914,
4775,2,43000001,0,user_17,913,918,4103
4776,3,43000001,0,user_17,913,918,4103
4688,0,43000001,0,user_4,912,916,4103
4689,1,43000001,0,user_6,912,916,4103
4690,2,43000001,0,user_6,912,916,4103
4759,5,43000001,0,user_1,913,915,4103
4693,3,43000001,0,user_8,912,916,4103
4694,4,43000001,0,user_8,912,916,4103
4661,5,43000001,0,user_19,911,916,4103
4815,6,43000001,0,user_3,914,916,4103
4764,7,43000001,0,user_8,913,916,4103
4698,10,42999999,0,user_13,912,916,4103
4761,11,42999999,0,user_4,913,916,4103
4701,12,42999999,0,user_18,912,916,4103
4767,13,42999999,0,user_11,913,916,4103
4816,14,42999999,0,user_4,914,916,4103
4778,15,42999999,0,user_18,913,916,4103
4832,11,19000000,0,user_23,914,918,
4798,16,19000000,0,user_46,913,916,
4729,17,6100000,146000,user_44,912,916,
4717,20,5000000,0,user_33,912,915,
4774,17,4999999,0,user_17,913,918,4509
4777,18,4999999,0,user_18,913,916,4509
4863,18,4999999,0,user_10,915,918,4509
4713,24,4200000,0,user_30,912,915,
4714,25,4200000,0,user_31,912,915,
4679,19,4200000,0,user_44,911,916,
4652,22,2100001,0,user_12,911,916,4144
4824,23,2099999,0,user_17,914,918,4144
4699,29,2099999,0,user_15,912,915,4144
4760,24,2099999,0,user_3,913,916,4144
4702,25,2099999,0,user_19,912,916,4144
4833,25,2000000,0,user_23,914,918,
4733,27,1700000,0,user_46,912,916,
4674,28,1600000,36800,user_40,911,916,
4799,31,1400000,0,user_49,913,918,
4695,36,1200001,0,user_9,912,915,4606
4768,32,1200001,0,user_11,913,916,4606
4770,33,1200001,0,user_13,913,916,4606
4769,34,1200001,0,user_12,913,916,4606
4779,35,1200001,0,user_19,913,916,4606
4820,36,1200001,0,user_11,914,916,4606
4703,42,1200000,0,user_21,912,915,
4687,39,1199999,0,user_3,912,916,4606
4697,40,1199999,0,user_12,912,916,4606
4771,41,1199999,0,user_14,913,916,4606
4818,42,1199999,0,user_6,914,916,4606
4655,44,1000001,0,user_14,911,916,4213
4758,48,1000001,0,user_0,913,915,4213
4838,38,1000000,0,user_28,914,918,
4654,46,999999,0,user_14,911,916,4213
4732,49,650000,0,user_46,912,916,
4708,52,530000,0,user_25,912,915,
4706,53,460000,0,user_24,912,915,
4613,51,460000,0,user_44,910,916,
4730,53,420000,0,user_44,912,916,
4762,55,360001,0,user_5,913,916,4682
4763,56,360001,0,user_5,913,916,4682
4666,57,360000,0,user_29,911,916,
4682,58,360000,959000,user_48,911,916,
4855,59,359999,0,user_2,915,916,4682
4859,48,359999,0,user_7,915,918,4682
4658,61,349999,0,user_16,911,916,4272
4660,62,349999,0,user_18,911,916,4272
4719,54,340000,0,user_38,912,918,
4656,63,320001,0,user_14,911,916,4616
4727,64,310000,0,user_44,912,916,
4844,62,220000,594000,user_41,914,918,
4827,64,190000,0,user_20,914,918,
4817,66,170001,0,user_5,914,916,4532
4715,70,160000,0,user_31,912,915,
4653,70,159999,0,user_14,911,916,4109
4707,72,150000,0,user_25,912,915,
4712,76,150000,0,user_29,912,916,
4793,77,150000,0,user_40,913,916,
4794,85,120000,0,user_41,913,918,
4710,76,120000,350000,user_25,912,915,
4680,79,120000,16400,user_44,911,916,
4783,90,110000,0,user_28,913,918,
4709,79,110000,0,user_25,912,915,
4728,80,110000,0,user_44,912,916,
4800,91,98000,381000,user_49,913,918,
4704,86,80000,0,user_22,912,916,
4718,87,79000,0,user_34,912,916,
4721,88,79000,0,user_40,912,916,
4688,0,43000001,0,user_4,912,916,4103
4689,1,43000001,0,user_6,912,916,4103
4690,2,43000001,0,user_6,912,916,4103
4693,3,43000001,0,user_8,912,916,4103
4694,4,43000001,0,user_8,912,916,4103
4661,5,43000001,0,user_19,911,916,4103
4815,6,43000001,0,user_3,914,916,4103
4764,7,43000001,0,user_8,913,916,4103
4814,2,42999999,0,user_0,914,917,4103
4650,9,42999999,0,user_10,911,916,4103
4698,10,42999999,0,user_13,912,916,4103
4761,11,42999999,0,user_4,913,916,4103
4701,12,42999999,0,user_18,912,916,4103
4767,13,42999999,0,user_11,913,916,4103
4816,14,42999999,0,user_4,914,916,4103
4778,15,42999999,0,user_18,913,916,4103
4798,16,19000000,0,user_46,913,916,
4729,17,6100000,146000,user_44,912,916,
4777,18,4999999,0,user_18,913,916,4509
4679,19,4200000,0,user_44,911,916,
4876,7,3200000,0,user_21,915,917,
4829,9,2600000,0,user_21,914,917,
4652,22,2100001,0,user_12,911,916,4144
4692,23,2100001,0,user_7,912,916,4144
4760,24,2099999,0,user_3,913,916,4144
4702,25,2099999,0,user_19,912,916,4144
4875,14,1800000,0,user_21,915,917,
4733,27,1700000,0,user_46,912,916,
4674,28,1600000,36800,user_40,911,916,
4593,29,1300000,164000,user_23,910,916,
4773,16,1200001,0,user_15,913,917,4606
4691,31,1200001,0,user_7,912,916,4606
4768,32,1200001,0,user_11,913,916,4606
4770,33,1200001,0,user_13,913,916,4606
4769,34,1200001,0,user_12,913,916,4606
4779,35,1200001,0,user_19,913,916,4606
4820,36,1200001,0,user_11,914,916,4606
4919,17,1200001,0,user_1,916,917,4606
4772,18,1199999,0,user_15,913,917,4606
4687,39,1199999,0,user_3,912,916,4606
4697,40,1199999,0,user_12,912,916,4606
4771,41,1199999,0,user_14,913,916,4606
4818,42,1199999,0,user_6,914,916,4606
4790,22,1100000,146000,user_37,913,917,
4655,44,1000001,0,user_14,911,916,4213
4765,24,999999,0,user_9,913,917,4213
4654,46,999999,0,user_14,911,916,4213
4716,28,670000,0,user_32,912,917,
4611,48,670000,0,user_41,910,916,
4732,49,650000,0,user_46,912,916,
4828,30,460000,0,user_21,914,917,
4613,51,460000,0,user_44,910,916,
4780,31,420000,0,user_21,913,917,
4730,53,420000,0,user_44,912,916,
4784,32,370000,0,user_31,913,917,
4762,55,360001,0,user_5,913,916,4682
4763,56,360001,0,user_5,913,916,4682
4666,57,360000,0,user_29,911,916,
4682,58,360000,959000,user_48,911,916,
4855,59,359999,0,user_2,915,916,4682
4788,41,350000,0,user_35,913,917,
4658,61,349999,0,user_16,911,916,4272
4660,62,349999,0,user_18,911,916,4272
4656,63,320001,0,user_14,911,916,4616
4727,64,310000,0,user_44,912,916,
4882,43,260000,0,user_33,915,917,
4817,66,170001,0,user_5,914,916,4532
4921,45,170001,0,user_1,916,917,4532
4920,50,169999,0,user_1,916,917,4532
4529,69,160000,35100,user_38,909,916,
4653,70,159999,0,user_14,911,916,4109
4586,71,159999,0,user_17,910,916,4109
4830,56,150000,15300,user_21,914,917,
4841,57,150000,0,user_33,914,917,
4542,74,150000,350000,user_49,909,916,
4612,75,150000,0,user_43,910,916,
4712,76,150000,0,user_29,912,916,
4793,77,150000,0,user_40,913,916,
4786,60,120000,0,user_33,913,917,
4680,79,120000,16400,user_44,911,916,
4728,80,110000,0,user_44,912,916,
4880,61,110000,0,user_30,915,917,
4785,63,100000,0,user_33,913,917,
4781,65,98000,0,user_25,913,917,
4789,66,84000,0,user_35,913,917,
4835,70,82000,17700000,user_25,914,917,
4704,86,80000,0,user_22,912,916,
4718,87,79000,0,user_34,912,916,
4721,88,79000,0,user_40,912,916,
4826,0,43000001,0,user_18,914,918,4103
4825,7,42999999,0,user_18,914,918,4103
4814,2,42999999,0,user_0,914,917,4103
4823,14,5000001,0,user_16,914,918,4509
4960,4,5000000,0,user_41,916,917,
4998,1,4999999,0,user_7,917,919,4509
4896,6,3500000,285000,user_49,915,917,
4876,7,3200000,0,user_21,915,917,
4853,8,3200000,0,user_49,914,917,
4829,9,2600000,0,user_21,914,917,
4922,21,2100001,0,user_2,916,918,4144
4994,5,2100001,0,user_7,917,919,4144
4925,22,2099999,0,user_3,916,918,4144
4852,13,2000000,0,user_49,914,917,
4875,14,1800000,0,user_21,915,917,
4873,15,1400000,0,user_20,915,917,
4773,16,1200001,0,user_15,913,917,4606
4919,17,1200001,0,user_1,916,917,4606
4772,18,1199999,0,user_15,913,917,4606
4930,33,1199999,0,user_7,916,918,4606
4988,34,1199999,0,user_2,917,918,4606
4836,35,1100000,39400,user_26,914,918,
4790,22,1100000,146000,user_37,913,917,
4958,23,1000000,0,user_41,916,917,
4765,24,999999,0,user_9,913,917,4213
4874,25,910000,36800,user_20,915,917,
4963,26,870000,139000,user_43,916,917,
4889,27,670000,0,user_43,915,917,
4716,28,670000,0,user_32,912,917,
4872,29,460000,0,user_20,915,917,
4828,30,460000,0,user_21,914,917,
4780,31,420000,0,user_21,913,917,
4784,32,370000,0,user_31,913,917,
4939,33,360001,0,user_17,916,917,4682
4871,44,360001,0,user_18,915,918,4682
4856,45,359999,0,user_3,915,918,4682
4857,46,359999,0,user_5,915,918,4682
4858,47,359999,0,user_6,915,918,4682
4864,49,359999,0,user_11,915,918,4682
4866,50,359999,0,user_13,915,918,4682
4870,51,359999,0,user_18,915,918,4682
4788,41,350000,0,user_35,913,917,
4961,42,300000,381000,user_41,916,917,
4882,43,260000,0,user_33,915,917,
4843,44,220000,256000,user_38,914,917,
4921,45,170001,0,user_1,916,917,4532
4928,66,170001,0,user_7,916,918,4532
4929,67,170001,0,user_7,916,918,4532
4926,65,170001,0,user_5,916,918,4532
4996,13,170001,0,user_7,917,919,4532
4920,50,169999,0,user_1,916,917,4532
4931,77,169999,0,user_7,916,918,4532
4923,75,169999,0,user_3,916,918,4532
4927,76,169999,0,user_6,916,918,4532
4936,78,169999,0,user_11,916,918,4532
5002,55,169999,0,user_10,917,917,4532
4830,56,150000,15300,user_21,914,917,
4841,57,150000,0,user_33,914,917,
4957,58,150000,35600,user_41,916,917,
4887,59,120000,0,user_41,915,917,
4786,60,120000,0,user_33,913,917,
4880,61,110000,0,user_30,915,917,
4878,62,100000,0,user_28,915,917,
4785,63,100000,0,user_33,913,917,
4959,64,100000,139000,user_41,916,917,
4781,65,98000,0,user_25,913,917,
4789,66,84000,0,user_35,913,917,
4932,95,82001,0,user_7,916,918,4835
4995,25,82001,0,user_7,917,919,4835
4997,26,82001,0,user_7,917,919,4835
4835,70,82000,17700000,user_25,914,917,
4924,98,81999,0,user_3,916,918,4835
4826,0,43000001,0,user_18,914,918,4103
4869,1,43000001,0,user_15,915,918,4103
4775,2,43000001,0,user_17,913,918,4103
4776,3,43000001,0,user_17,913,918,4103
4696,4,42999999,0,user_10,912,918,4103
4700,5,42999999,0,user_17,912,918,4103
4766,6,42999999,0,user_10,913,918,4103
4825,7,42999999,0,user_18,914,918,4103
4935,8,42999999,0,user_9,916,918,4103
4885,9,30000000,0,user_37,915,918,
4954,10,19000000,0,user_37,916,918,
4832,11,19000000,0,user_23,914,918,
4840,12,5200000,0,user_32,914,918,
4883,13,5200000,121000,user_35,915,918,
4823,14,5000001,0,user_16,914,918,4509
4842,15,5000000,0,user_35,914,918,
4659,16,4999999,0,user_17,911,918,4509
4774,17,4999999,0,user_17,913,918,4509
4863,18,4999999,0,user_10,915,918,4509
5016,19,3600000,0,user_24,917,918,
4941,20,2600000,0,user_24,916,918,
4922,21,2100001,0,user_2,916,918,4144
4925,22,2099999,0,user_3,916,918,4144
4824,23,2099999,0,user_17,914,918,4144
4675,24,2000000,0,user_41,911,918,
4833,25,2000000,0,user_23,914,918,
4951,26,1900000,0,user_33,916,918,
4665,27,1700000,66100,user_28,911,918,
4942,28,1700000,0,user_24,916,918,
4677,29,1500000,410000,user_43,911,918,
4949,30,1400000,0,user_31,916,918,
4799,31,1400000,0,user_49,913,918,
5038,32,1400000,0,user_47,917,918,
4930,33,1199999,0,user_7,916,918,4606
4988,34,1199999,0,user_2,917,918,4606
4836,35,1100000,39400,user_26,914,918,
4881,36,1100000,0,user_32,915,918,
5024,37,1100000,0,user_35,917,918,
4838,38,1000000,0,user_28,914,918,
4884,39,910000,0,user_35,915,918,
5023,40,870000,0,user_35,917,918,
4944,41,600000,0,user_25,916,918,
4894,42,460000,73100,user_47,915,918,
4892,43,420000,0,user_47,915,918,
4871,44,360001,0,user_18,915,918,4682
4856,45,359999,0,user_3,915,918,4682
4857,46,359999,0,user_5,915,918,4682
4858,47,359999,0,user_6,915,918,4682
4859,48,359999,0,user_7,915,918,4682
4864,49,359999,0,user_11,915,918,4682
4866,50,359999,0,user_13,915,918,4682
4870,51,359999,0,user_18,915,918,4682
4834,52,340000,49100,user_24,914,918,
4895,53,340000,0,user_47,915,918,
4719,54,340000,0,user_38,912,918,
4943,55,320000,0,user_25,916,918,
4621,56,310000,0,user_49,910,918,
4607,57,260000,0,user_38,910,918,
4672,58,260000,0,user_38,911,918,
4947,59,260000,0,user_30,916,918,
4893,60,260000,0,user_47,915,918,
4705,61,220000,0,user_23,912,918,
4844,62,220000,594000,user_41,914,918,
5012,63,220000,0,user_21,917,918,
4827,64,190000,0,user_20,914,918,
4926,65,170001,0,user_5,916,918,4532
4928,66,170001,0,user_7,916,918,4532
4929,67,170001,0,user_7,916,918,4532
5001,68,170001,0,user_9,917,918,4532
5007,69,170001,0,user_15,917,918,4532
5008,70,170001,0,user_15,917,918,4532
5048,71,170001,0,user_1,918,918,4532
4862,72,169999,0,user_9,915,918,4532
4868,73,169999,0,user_15,915,918,4532
4987,74,169999,0,user_0,917,918,4532
4923,75,169999,0,user_3,916,918,4532
4927,76,169999,0,user_6,916,918,4532
4931,77,169999,0,user_7,916,918,4532
4936,78,169999,0,user_11,916,918,4532
5000,79,169999,0,user_9,917,918,4532
5045,80,169999,0,user_0,918,918,4532
4953,81,150000,0,user_37,916,918,
4662,82,120000,0,user_20,911,918,
4676,83,120000,0,user_43,911,918,
4965,84,120000,0,user_47,916,918,
4794,85,120000,0,user_41,913,918,
4663,86,110000,16400,user_23,911,918,
4722,87,110000,0,user_41,912,918,
4726,88,110000,0,user_43,912,918,
4948,89,110000,0,user_30,916,918,
4783,90,110000,0,user_28,913,918,
4800,91,98000,381000,user_49,913,918,
4683,92,87000,0,user_49,911,918,
5021,93,87000,0,user_31,917,918,
4950,94,84000,0,user_32,916,918,
4932,95,82001,0,user_7,916,918,4835
5046,96,82001,0,user_0,918,918,4835
5025,97,82000,0,user_37,917,918,
4924,98,81999,0,user_3,916,918,4835
5047,99,81999,0,user_0,918,918,4835
5090,0,5000000,0,user_31,918,919,
4998,1,4999999,0,user_7,917,919,4509
5092,2,3500000,0,user_35,918,919,
4991,3,2100001,0,user_5,917,919,4144
4993,4,2100001,0,user_6,917,919,4144
4994,5,2100001,0,user_7,917,919,4144
5051,6,2099999,0,user_2,918,919,4144
5084,7,1500000,0,user_24,918,919,
5003,8,1200001,0,user_11,917,919,4606
4945,9,660000,0,user_26,916,919,
5078,10,460000,0,user_21,918,919,
5077,11,310000,0,user_21,918,919,
4956,12,260000,0,user_40,916,919,
4996,13,170001,0,user_7,917,919,4532
5050,14,170001,0,user_2,918,919,4532
5063,15,170001,0,user_9,918,919,4532
5113,16,170001,0,user_0,919,919,4532
5114,17,170001,0,user_1,919,919,4532
4989,18,169999,0,user_3,917,919,4532
4990,19,169999,0,user_5,917,919,4532
4992,20,169999,0,user_6,917,919,4532
4940,21,169999,0,user_18,916,919,4532
5004,22,169999,0,user_11,917,919,4532
5053,23,169999,0,user_2,918,919,4532
5065,24,169999,0,user_9,918,919,4532
4995,25,82001,0,user_7,917,919,4835
4997,26,82001,0,user_7,917,919,4835
5049,27,82001,0,user_2,918,919,4835
5052,28,82001,0,user_2,918,919,4835
5064,29,82001,0,user_9,918,919,4835
5112,30,82001,0,user_0,919,919,4835
4678,31,79000,0,user_43,911,919,
3961,0,470000,0,user_1,920,920,
3984,0,6100000,0,user_31,920,921,
3962,1,3600000,0,user_2,920,921,
3963,2,2500000,0,user_2,920,921,
3986,3,1500000,0,user_33,920,921,
3964,4,970000,0,user_2,920,921,
3965,5,240000,195000,user_2,920,921,
4004,6,239999,0,user_1,921,921,3965
3988,0,30000000,0,user_35,920,922,
3973,1,19000000,0,user_15,920,922,
3991,2,3600000,0,user_37,920,922,
4024,3,2500000,0,user_25,921,922,
3985,4,2100000,0,user_32,920,922,
4046,5,1400001,0,user_0,922,922,4010
4010,6,1400000,64600,user_9,921,922,
4022,7,650000,0,user_21,921,922,
3979,8,470000,18600,user_24,920,922,
4014,9,460000,0,user_15,921,922,
4030,10,340000,0,user_31,921,922,
4047,11,240001,0,user_1,922,922,3965
4048,12,240001,0,user_1,922,922,3965
4049,13,240001,0,user_1,922,922,3965
4050,14,239999,0,user_1,922,922,3965
4023,15,220000,0,user_24,921,922,
4013,16,160000,0,user_15,921,922,
4029,17,150000,0,user_30,921,922,
4032,18,150000,0,user_33,921,922,
3990,19,84000,0,user_37,920,922,
4068,19,27000000,0,user_20,922,929,
4076,27,5000000,108000,user_28,922,929,
4102,40,2100000,0,user_43,922,929,
4098,81,910000,0,user_41,922,929,
4044,96,420000,0,user_49,921,929,
4101,5,350000,0,user_43,922,923,
4036,6,260000,0,user_38,921,923,
4064,7,240001,0,user_17,922,923,3965
4122,8,240001,0,user_10,923,923,3965
4119,9,239999,0,user_7,923,923,3965
4080,0,4200000,31700,user_33,922,924,
4139,1,3500000,0,user_25,923,924,
4144,2,2100000,1100000,user_30,923,924,
4079,3,530000,0,user_31,922,924,
4145,4,530000,0,user_31,923,924,
4168,5,239999,0,user_1,924,924,3965
4146,6,170000,0,user_33,923,924,
4069,7,150000,0,user_21,922,924,
4083,8,130000,0,user_33,922,924,
4073,9,110000,0,user_25,922,924,
4131,10,100000,0,user_21,923,924,
4081,11,82000,0,user_33,922,924,
4082,12,79000,0,user_33,922,924,
4070,13,70000,0,user_21,922,924,
4224,13,27000001,0,user_7,925,929,4017
4186,69,1300000,0,user_23,924,929,
4184,2,360000,0,user_20,924,925,
4225,3,220001,0,user_7,925,925,4157
4229,4,219999,0,user_10,925,925,4157
4205,5,120000,0,user_43,924,925,
4165,0,6100000,0,user_47,923,926,
4088,1,5000000,0,user_35,922,926,
4200,2,4500000,0,user_33,924,926,
4152,3,3600000,0,user_37,923,926,
4211,4,3200000,0,user_47,924,926,
4282,5,2100001,0,user_1,926,926,4144
4215,6,2099999,0,user_0,925,926,4144
4193,7,1800000,0,user_30,924,926,
4197,8,1800000,0,user_33,924,926,
4199,9,1600000,0,user_33,924,926,
4203,10,1600000,0,user_35,924,926,
4110,11,1500000,0,user_47,922,926,
4091,12,1400000,56200,user_37,922,926,
4252,13,1100000,0,user_31,925,926,
4072,14,1000000,0,user_24,922,926,
4187,15,1000000,0,user_24,924,926,
4194,16,870000,0,user_30,924,926,
4188,17,650000,0,user_25,924,926,
4256,18,650000,0,user_33,925,926,
4255,19,600000,49100,user_33,925,926,
4126,20,470001,0,user_15,923,926,3979
4212,21,460000,0,user_47,924,926,
4113,22,420000,0,user_47,922,926,
4149,23,420000,5640,user_35,923,926,
4198,24,360000,0,user_33,924,926,
4031,25,350000,0,user_32,921,926,
4254,26,310000,108000,user_33,925,926,
4281,27,309999,0,user_1,926,926,4254
4056,28,240001,0,user_9,922,926,3965
4061,29,240001,0,user_15,922,926,3965
4178,30,240001,0,user_15,924,926,3965
4179,31,240001,0,user_15,924,926,3965
4060,32,239999,0,user_15,922,926,3965
4121,33,239999,0,user_9,923,926,3965
4172,34,239999,0,user_9,924,926,3965
4148,35,220000,0,user_35,923,926,
4111,36,170000,0,user_47,922,926,
4151,37,170000,30200,user_37,923,926,
4112,38,160000,0,user_47,922,926,
4150,39,110000,0,user_35,923,926,
4238,40,110000,34700,user_21,925,926,
4138,41,85000,0,user_24,923,926,
4090,42,83000,0,user_37,922,926,
4201,43,70000,0,user_33,924,926,
4288,0,43000001,0,user_6,926,929,4103
4294,1,43000001,0,user_13,926,929,4103
4298,2,42999999,0,user_17,926,932,4103
4231,6,42999999,0,user_16,925,929,4103
4375,7,42999999,0,user_2,927,929,4103
4230,14,27000001,0,user_12,925,929,4132
4226,21,26999999,0,user_8,925,929,4132
4251,28,5000000,0,user_29,925,929,
4271,29,5000000,0,user_46,925,929,
4330,12,2600000,23500,user_43,926,932,
3977,36,2400000,0,user_22,920,929,
4302,16,2400000,10700,user_20,926,932,
3999,47,2000000,16400,user_46,920,929,
4303,24,2000000,0,user_20,926,932,
4227,53,1999999,0,user_8,925,929,3999
3982,54,1900000,0,user_29,920,929,
3978,59,1600000,0,user_22,920,929,
3976,60,1600000,0,user_19,920,929,
4202,62,1500000,0,user_34,924,929,
4237,72,1000001,0,user_19,925,929,4213
4213,76,1000000,296000,user_48,924,929,
4381,31,999999,0,user_10,927,932,4213
3987,87,670000,0,user_34,920,929,
4327,39,670000,0,user_41,926,932,
3983,88,650000,0,user_29,920,929,
4301,48,420000,0,user_20,926,932,
3994,97,360000,0,user_40,920,929,
4240,27,350000,12800,user_22,925,927,
4304,61,340000,0,user_23,926,932,
3966,29,240001,0,user_3,920,927,3965
3967,30,240001,0,user_4,920,927,3965
3968,31,240001,0,user_8,920,927,3965
3970,32,240001,0,user_12,920,927,3965
4284,33,240001,0,user_3,926,927,3965
4285,34,240001,0,user_3,926,927,3965
4286,35,240001,0,user_4,926,927,3965
4181,36,240001,0,user_18,924,927,3965
4182,37,240001,0,user_18,924,927,3965
4292,38,240001,0,user_11,926,927,3965
3969,39,239999,0,user_11,920,927,3965
3971,40,239999,0,user_13,920,927,3965
3972,41,239999,0,user_14,920,927,3965
4233,42,239999,0,user_18,925,927,3965
4234,43,239999,0,user_18,925,927,3965
4235,44,239999,0,user_18,925,927,3965
4236,45,239999,0,user_18,925,927,3965
4379,46,220001,0,user_7,927,927,4157
4287,47,219999,0,user_5,926,927,4157
4241,48,120000,0,user_22,925,927,
4242,49,120000,0,user_22,925,927,
3975,50,110000,0,user_19,920,927,
4000,51,83000,0,user_48,920,927,
4239,52,77000,15700,user_22,925,927,
4445,0,43000001,0,user_10,928,932,4103
4299,8,42999999,0,user_18,926,929,4103
4436,9,42999999,0,user_2,928,929,4103
4390,11,3500000,0,user_20,927,932,
4444,18,2100001,0,user_10,928,932,4144
4325,86,870000,0,user_40,926,929,
4395,45,470000,0,user_23,927,932,
4400,63,340000,39400,user_28,927,932,
4393,64,310000,73100,user_20,927,932,
4293,9,240001,0,user_12,926,928,3965
4295,10,240001,0,user_14,926,928,3965
4296,11,240001,0,user_14,926,928,3965
4386,75,220001,0,user_17,927,932,4157
4377,13,220001,0,user_4,927,928,4157
4382,14,220001,0,user_11,927,928,4157
4442,73,220001,0,user_7,928,932,4157
4376,16,219999,0,user_3,927,928,4157
4378,17,219999,0,user_6,927,928,4157
4384,18,219999,0,user_13,927,928,4157
4441,79,219999,0,user_7,928,932,4157
4323,86,160000,0,user_38,926,932,
4392,88,150000,0,user_20,927,932,
4310,22,150000,0,user_29,926,928,
4389,92,120000,0,user_20,927,932,
4391,93,120000,256000,user_20,927,932,
4326,25,98000,0,user_40,926,928,
4417,98,73000,0,user_41,927,932,
4288,0,43000001,0,user_6,926,929,4103
4294,1,43000001,0,user_13,926,929,4103
4291,2,43000001,0,user_10,926,929,4103
4103,3,43000000,545000,user_44,922,929,
4183,4,42999999,0,user_19,924,929,4103
4218,5,42999999,0,user_5,925,929,4103
4231,6,42999999,0,user_16,925,929,4103
4375,7,42999999,0,user_2,927,929,4103
4299,8,42999999,0,user_18,926,929,4103
4436,9,42999999,0,user_2,928,929,4103
4135,10,30000000,0,user_23,923,929,
4411,11,30000000,0,user_37,927,929,
4171,12,27000001,0,user_7,924,929,4017
4224,13,27000001,0,user_7,925,929,4017
4230,14,27000001,0,user_12,925,929,4132
4025,15,27000000,0,user_26,921,929,
4071,16,27000000,0,user_22,922,929,
4017,17,27000000,84800,user_17,921,929,
4132,18,27000000,11200,user_22,923,929,
4068,19,27000000,0,user_20,922,929,
4057,20,26999999,0,user_10,922,929,4017
4226,21,26999999,0,user_8,925,929,4132
4129,22,19000000,0,user_20,923,929,
4243,23,19000000,39400,user_23,925,929,
4262,24,19000000,12800,user_41,925,929,
4170,25,5000001,0,user_7,924,929,4076
4174,26,5000001,0,user_10,924,929,4076
4076,27,5000000,108000,user_28,922,929,
4251,28,5000000,0,user_29,925,929,
4271,29,5000000,0,user_46,925,929,
4283,30,4999999,0,user_2,926,929,4076
4290,31,4199999,0,user_9,926,929,4080
4108,32,3500000,0,user_46,922,929,
4140,33,3500000,0,user_26,923,929,
3996,34,3200000,0,user_43,920,929,
4470,35,2500000,0,user_37,928,929,
3977,36,2400000,0,user_22,920,929,
4316,37,2300000,0,user_32,926,929,
4077,38,2100000,0,user_29,922,929,
4027,39,2100000,0,user_28,921,929,
4102,40,2100000,0,user_43,922,929,
4137,41,2100000,0,user_23,923,929,
4403,42,2100000,0,user_32,927,929,
4297,43,2099999,0,user_15,926,929,4144
4492,44,2099999,0,user_1,929,929,4144
4005,45,2000001,0,user_4,921,929,3999
4058,46,2000001,0,user_12,922,929,3999
3999,47,2000000,16400,user_46,920,929,
4106,48,2000000,0,user_46,922,929,
4266,49,2000000,0,user_41,925,929,
4464,50,2000000,0,user_30,928,929,
4009,51,1999999,0,user_8,921,929,3999
4051,52,1999999,0,user_4,922,929,3999
4227,53,1999999,0,user_8,925,929,3999
3982,54,1900000,0,user_29,920,929,
3981,55,1800000,0,user_28,920,929,
4143,56,1800000,0,user_29,923,929,
4154,57,1800000,0,user_38,923,929,
4115,58,1700000,0,user_48,922,929,
3978,59,1600000,0,user_22,920,929,
3976,60,1600000,0,user_19,920,929,
4021,61,1600000,0,user_20,921,929,
4202,62,1500000,0,user_34,924,929,
4450,63,1400001,0,user_15,928,929,4315
4311,64,1400000,0,user_30,926,929,
4306,65,1400000,0,user_24,926,929,
4315,66,1400000,181000,user_32,926,929,
4228,67,1399999,0,user_9,925,929,4091
4167,68,1300000,21800,user_48,923,929,
4186,69,1300000,0,user_23,924,929,
4312,70,1200000,0,user_30,926,929,
4162,71,1100000,0,user_44,923,929,
4237,72,1000001,0,user_19,925,929,4213
4105,73,1000000,0,user_46,922,929,
4084,74,1000000,5180,user_34,922,929,
4086,75,1000000,0,user_34,922,929,
4213,76,1000000,296000,user_48,924,929,
4214,77,1000000,0,user_49,924,929,
4459,78,1000000,0,user_24,928,929,
4166,79,970000,0,user_48,923,929,
4480,80,970000,0,user_47,928,929,
4098,81,910000,0,user_41,922,929,
4161,82,910000,0,user_43,923,929,
4314,83,910000,0,user_31,926,929,
4033,84,870000,0,user_34,921,929,
4130,85,870000,0,user_20,923,929,
4325,86,870000,0,user_40,926,929,
3987,87,670000,0,user_34,920,929,
3983,88,650000,0,user_29,920,929,
4163,89,650000,0,user_44,923,929,
4263,90,650000,0,user_41,925,929,
4423,91,600000,0,user_47,927,929,
4424,92,600000,0,user_47,927,929,
4273,93,460000,0,user_47,925,929,
4195,94,460000,0,user_32,924,929,
4204,95,460000,0,user_38,924,929,
4044,96,420000,0,user_49,921,929,
3994,97,360000,0,user_40,920,929,
4078,98,360000,0,user_29,922,929,
4039,99,360000,0,user_41,921,929,
4136,0,350000,0,user_23,923,930,
4158,1,350000,0,user_43,923,930,
4085,2,320000,0,user_34,922,930,
4059,3,310001,0,user_14,922,930,4042
4118,4,310001,0,user_4,923,930,4042
4123,5,310001,0,user_12,923,930,4042
4042,6,310000,12300,user_46,921,930,
4092,7,300000,0,user_38,922,930,
4007,8,240001,0,user_6,921,930,3965
4011,9,240001,0,user_13,921,930,3965
4012,10,240001,0,user_14,921,930,3965
4020,11,240001,0,user_19,921,930,3965
4052,12,240001,0,user_5,922,930,3965
4054,13,240001,0,user_6,922,930,3965
4124,14,240001,0,user_13,923,930,3965
4018,15,240001,0,user_18,921,930,3965
4065,16,240001,0,user_18,922,930,3965
4127,17,240001,0,user_16,923,930,3965
4128,18,240001,0,user_16,923,930,3965
4006,19,239999,0,user_5,921,930,3965
4008,20,239999,0,user_7,921,930,3965
4015,21,239999,0,user_16,921,930,3965
4019,22,239999,0,user_19,921,930,3965
4053,23,239999,0,user_6,922,930,3965
4055,24,239999,0,user_7,922,930,3965
4117,25,239999,0,user_3,923,930,3965
4062,26,239999,0,user_16,922,930,3965
4063,27,239999,0,user_16,922,930,3965
4066,28,239999,0,user_19,922,930,3965
4067,29,239999,0,user_19,922,930,3965
4028,30,220000,0,user_29,921,930,
4114,31,220000,0,user_48,922,930,
4157,32,220000,231000,user_41,923,930,
4153,33,220000,0,user_38,923,930,
4043,34,190000,0,user_46,921,930,
4125,35,160001,0,user_14,923,930,4109
4109,36,160000,369000,user_46,922,930,
4159,37,160000,0,user_43,923,930,
4120,38,159999,0,user_8,923,930,4109
3997,39,150000,0,user_43,920,930,
4133,40,150000,0,user_23,923,930,
4160,41,150000,0,user_43,923,930,
4016,42,120000,0,user_17,921,930,
4156,43,120000,8520,user_40,923,930,
3974,44,110000,0,user_17,920,930,
4142,45,110000,0,user_29,923,930,
4147,46,110000,0,user_34,923,930,
4001,47,100000,0,user_49,920,930,
4038,48,87000,0,user_40,921,930,
4041,49,87000,0,user_43,921,930,
4087,50,87000,0,user_34,922,930,
4107,51,84000,0,user_46,922,930,
4134,52,83000,0,user_23,923,930,
4116,53,82000,0,user_49,922,930,
3992,54,77000,0,user_38,920,930,
4650,9,42999999,0,user_10,931,936,4103
4593,29,1300000,164000,user_23,930,936,
4611,48,670000,0,user_41,930,936,
4648,88,160001,0,user_7,931,933,4109
4529,69,160000,35100,user_38,929,936,
4586,71,159999,0,user_17,930,936,4109
4542,74,150000,350000,user_49,929,936,
4612,75,150000,0,user_43,930,936,
4196,8,120000,0,user_32,924,931,
4445,0,43000001,0,user_10,928,932,4103
4502,1,43000001,0,user_13,929,932,4103
4298,2,42999999,0,user_17,926,932,4103
4320,3,27000000,0,user_34,926,932,
4525,4,6100000,5180,user_32,929,932,
4511,5,5000000,0,user_21,929,932,
4528,6,5000000,0,user_37,929,932,
4519,7,4200000,0,user_30,929,932,
4398,8,3600000,0,user_26,927,932,
4605,9,3600000,0,user_33,930,932,
4523,10,3500000,0,user_30,929,932,
4390,11,3500000,0,user_20,927,932,
4330,12,2600000,23500,user_43,926,932,
4664,13,2600000,0,user_25,931,932,
4463,14,2500000,0,user_29,928,932,
4318,15,2400000,0,user_34,926,932,
4302,16,2400000,10700,user_20,926,932,
4668,17,2300000,0,user_30,931,932,
4444,18,2100001,0,user_10,928,932,4144
4574,19,2100001,0,user_9,930,932,4144
4684,20,2100001,0,user_0,932,932,4144
4495,21,2099999,0,user_4,929,932,4144
4685,22,2099999,0,user_1,932,932,4144
4257,23,2000000,0,user_34,925,932,
4303,24,2000000,0,user_20,926,932,
4604,25,2000000,0,user_33,930,932,
4669,26,1900000,0,user_31,931,932,
4595,27,1400000,16400,user_25,930,932,
4606,28,1200000,7190000,user_37,930,932,
4667,29,1100000,0,user_30,931,932,
4380,30,1000001,0,user_8,927,932,4213
4381,31,999999,0,user_10,927,932,4213
4449,32,999999,0,user_13,928,932,4213
4501,33,999999,0,user_13,929,932,4213
4583,34,999999,0,user_15,930,932,4213
4649,35,999999,0,user_9,931,932,4213
4601,36,970000,0,user_31,930,932,
4591,37,910000,0,user_21,930,932,
4596,38,910000,0,user_25,930,932,
4327,39,670000,0,user_41,926,932,
4540,40,660000,0,user_47,929,932,
4524,41,650000,0,user_31,929,932,
4520,42,630000,0,user_30,929,932,
4331,43,600000,0,user_44,926,932,
4603,44,530000,0,user_33,930,932,
4395,45,470000,0,user_23,927,932,
4416,46,460000,0,user_40,927,932,
4462,47,460000,0,user_29,928,932,
4301,48,420000,0,user_20,926,932,
4600,49,370000,0,user_30,930,932,
4493,50,350001,0,user_2,929,932,4272
4563,51,350001,0,user_0,930,932,4272
4494,52,350001,0,user_3,929,932,4272
4496,53,350001,0,user_7,929,932,4272
4576,54,350001,0,user_9,930,932,4272
4577,55,350001,0,user_9,930,932,4272
4497,56,349999,0,user_7,929,932,4272
4564,57,349999,0,user_2,930,932,4272
4575,58,349999,0,user_9,930,932,4272
4578,59,349999,0,user_9,930,932,4272
4657,60,349999,0,user_15,931,932,4272
4304,61,340000,0,user_23,926,932,
4514,62,340000,0,user_24,929,932,
4400,63,340000,39400,user_28,927,932,
4393,64,310000,73100,user_20,927,932,
4319,65,300000,108000,user_34,926,932,
4515,66,260000,0,user_25,929,932,
4504,67,240001,0,user_15,929,932,3965
4437,68,220001,0,user_3,928,932,4157
4383,69,220001,0,user_12,927,932,4157
4388,70,220001,0,user_19,927,932,4157
4439,71,220001,0,user_5,928,932,4157
4440,72,220001,0,user_6,928,932,4157
4442,73,220001,0,user_7,928,932,4157
4448,74,220001,0,user_13,928,932,4157
4386,75,220001,0,user_17,927,932,4157
4602,76,220000,0,user_33,930,932,
4438,77,219999,0,user_4,928,932,4157
4300,78,219999,0,user_19,926,932,4157
4441,79,219999,0,user_7,928,932,4157
4387,80,219999,0,user_18,927,932,4157
4446,81,219999,0,user_11,928,932,4157
4447,82,160001,0,user_12,928,932,4109
4521,83,160000,0,user_30,929,932,
4466,84,160000,0,user_32,928,932,
4479,85,160000,0,user_46,928,932,
4323,86,160000,0,user_38,926,932,
4498,87,159999,0,user_7,929,932,4109
4392,88,150000,0,user_20,927,932,
4317,89,130000,0,user_34,926,932,
4276,90,120000,0,user_48,925,932,
4522,91,120000,0,user_30,929,932,
4389,92,120000,0,user_20,927,932,
4391,93,120000,256000,user_20,927,932,
4401,94,110000,43600,user_29,927,932,
4594,95,110000,0,user_24,930,932,
4513,96,98000,0,user_24,929,932,
4503,97,79001,0,user_15,929,932,4305
4417,98,73000,0,user_41,927,932,
4507,0,43000001,0,user_17,929,933,4103
4454,1,43000001,0,user_18,928,933,4103
4759,5,43000001,0,user_1,933,935,4103
4644,3,42999999,0,user_4,931,933,4103
4646,4,42999999,0,user_5,931,933,4103
4455,5,42999999,0,user_18,928,933,4103
4579,6,5000001,0,user_10,930,933,4509
4518,7,5000000,0,user_29,929,933,
4509,8,5000000,1100000,user_20,929,933,
4717,20,5000000,0,user_33,932,935,
4420,10,4500000,0,user_44,927,933,
4510,11,4200000,0,user_20,929,933,
4713,24,4200000,0,user_30,932,935,
4714,25,4200000,0,user_31,932,935,
4474,14,3600000,0,user_40,928,933,
4609,15,3500000,0,user_40,930,933,
4421,16,3200000,0,user_44,927,933,
4481,17,3200000,0,user_48,928,933,
4499,18,2100001,0,user_8,929,933,4144
4573,19,2100001,0,user_8,930,933,4144
4589,20,2100001,0,user_19,930,933,4144
4473,21,2100000,6390,user_40,928,933,
4643,22,2099999,0,user_4,931,933,4144
4457,23,2099999,0,user_18,928,933,4144
4699,29,2099999,0,user_15,932,935,4144
4539,25,2000000,0,user_46,929,933,
4419,26,2000000,0,user_44,927,933,
4538,27,1700000,0,user_44,929,933,
4472,28,1400000,0,user_38,928,933,
4534,29,1400000,5630,user_41,929,933,
4686,30,1200001,0,user_2,932,933,4606
4695,36,1200001,0,user_9,932,935,4606
4703,42,1200000,0,user_21,932,935,
4471,33,1100000,0,user_38,928,933,
4641,34,1000001,0,user_4,931,933,4213
4645,35,1000001,0,user_4,931,933,4213
4585,36,1000001,0,user_16,930,933,4213
4590,37,1000001,0,user_19,930,933,4213
4758,48,1000001,0,user_0,933,935,4213
4477,39,1000000,0,user_43,928,933,
4500,40,999999,0,user_8,929,933,4213
4570,41,999999,0,user_7,930,933,4213
4461,42,970000,13900,user_28,928,933,
4412,43,970000,0,user_38,927,933,
4592,44,910000,0,user_22,930,933,
4458,45,870000,0,user_20,928,933,
4533,46,650000,0,user_41,929,933,
4418,47,600000,0,user_44,927,933,
4708,52,530000,0,user_25,932,935,
4706,53,460000,0,user_24,932,935,
4619,50,420000,146000,user_46,930,933,
4526,51,420000,0,user_34,929,933,
4475,52,370000,8520,user_41,928,933,
4566,53,350001,0,user_4,930,933,4272
4568,54,350001,0,user_5,930,933,4272
4569,55,350001,0,user_6,930,933,4272
4581,56,350001,0,user_13,930,933,4272
4572,57,350001,0,user_8,930,933,4272
4580,58,350001,0,user_12,930,933,4272
4584,59,350001,0,user_16,930,933,4272
4647,60,350001,0,user_6,931,933,4272
4651,61,350001,0,user_11,931,933,4272
4565,62,349999,0,user_3,930,933,4272
4567,63,349999,0,user_5,930,933,4272
4639,64,349999,0,user_3,931,933,4272
4640,65,349999,0,user_3,931,933,4272
4582,66,349999,0,user_14,930,933,4272
4588,67,349999,0,user_19,930,933,4272
4468,68,340000,0,user_34,928,933,
4618,69,340000,0,user_46,930,933,
4535,70,340000,0,user_41,929,933,
4616,71,320000,322000,user_46,930,933,
4610,72,320000,0,user_40,930,933,
4642,73,319999,0,user_4,931,933,4616
4620,74,310000,0,user_46,930,933,
4597,75,310000,0,user_26,930,933,
4537,76,310000,0,user_43,929,933,
4505,77,220001,0,user_16,929,933,4157
4508,78,220001,0,user_19,929,933,4157
4425,79,220000,0,user_48,927,933,
4599,80,220000,43600,user_29,930,933,
4617,81,220000,0,user_46,930,933,
4452,82,219999,0,user_16,928,933,4157
4453,83,219999,0,user_18,928,933,4157
4456,84,219999,0,user_18,928,933,4157
4587,85,219999,0,user_18,930,933,4157
4532,86,170000,1100000,user_41,929,933,
4571,87,160001,0,user_7,930,933,4109
4648,88,160001,0,user_7,931,933,4109
4476,89,160000,0,user_41,928,933,
4715,70,160000,0,user_31,932,935,
4707,72,150000,0,user_25,932,935,
4512,92,120000,283000,user_22,929,933,
4541,93,120000,0,user_48,929,933,
4710,76,120000,350000,user_25,932,935,
4506,95,119999,0,user_17,929,933,4391
4426,96,110000,0,user_49,927,933,
4709,79,110000,0,user_25,932,935,
4517,98,100000,0,user_28,929,933,
4413,99,87000,16400,user_38,927,933,
4405,0,85000,0,user_34,927,934,
4775,2,43000001,0,user_17,933,938,4103
4776,3,43000001,0,user_17,933,938,4103
4688,0,43000001,0,user_4,932,936,4103
4689,1,43000001,0,user_6,932,936,4103
4690,2,43000001,0,user_6,932,936,4103
4759,5,43000001,0,user_1,933,935,4103
4693,3,43000001,0,user_8,932,936,4103
4694,4,43000001,0,user_8,932,936,4103
4661,5,43000001,0,user_19,931,936,4103
4815,6,43000001,0,user_3,934,936,4103
4764,7,43000001,0,user_8,933,936,4103
4698,10,42999999,0,user_13,932,936,4103
4761,11,42999999,0,user_4,933,936,4103
4701,12,42999999,0,user_18,932,936,4103
4767,13,42999999,0,user_11,933,936,4103
4816,14,42999999,0,user_4,934,936,4103
4778,15,42999999,0,user_18,933,936,4103
4832,11,19000000,0,user_23,934,938,
4798,16,19000000,0,user_46,933,936,
4729,17,6100000,146000,user_44,932,936,
4717,20,5000000,0,user_33,932,935,
4774,17,4999999,0,user_17,933,938,4509
4777,18,4999999,0,user_18,933,936,4509
4863,18,4999999,0,user_10,935,938,4509
4713,24,4200000,0,user_30,932,935,
4714,25,4200000,0,user_31,932,935,
4679,19,4200000,0,user_44,931,936,
4652,22,2100001,0,user_12,931,936,4144
4824,23,2099999,0,user_17,934,938,4144
4699,29,2099999,0,user_15,932,935,4144
4760,24,2099999,0,user_3,933,936,4144
4702,25,2099999,0,user_19,932,936,4144
4833,25,2000000,0,user_23,934,938,
4733,27,1700000,0,user_46,932,936,
4674,28,1600000,36800,user_40,931,936,
4799,31,1400000,0,user_49,933,938,
4695,36,1200001,0,user_9,932,935,4606
4768,32,1200001,0,user_11,933,936,4606
4770,33,1200001,0,user_13,933,936,4606
4769,34,1200001,0,user_12,933,936,4606
4779,35,1200001,0,user_19,933,936,4606
4820,36,1200001,0,user_11,934,936,4606
4703,42,1200000,0,user_21,932,935,
4687,39,1199999,0,user_3,932,936,4606
4697,40,1199999,0,user_12,932,936,4606
4771,41,1199999,0,user_14,933,936,4606
4818,42,1199999,0,user_6,934,936,4606
4655,44,1000001,0,user_14,931,936,4213
4758,48,1000001,0,user_0,933,935,4213
4838,38,1000000,0,user_28,934,938,
4654,46,999999,0,user_14,931,936,4213
4732,49,650000,0,user_46,932,936,
4708,52,530000,0,user_25,932,935,
4706,53,460000,0,user_24,932,935,
4613,51,460000,0,user_44,930,936,
4730,53,420000,0,user_44,932,936,
4762,55,360001,0,user_5,933,936,4682
4763,56,360001,0,user_5,933,936,4682
4666,57,360000,0,user_29,931,936,
4682,58,360000,959000,user_48,931,936,
4855,59,359999,0,user_2,935,936,4682
4859,48,359999,0,user_7,935,938,4682
4658,61,349999,0,user_16,931,936,4272
4660,62,349999,0,user_18,931,936,4272
4719,54,340000,0,user_38,932,938,
4656,63,320001,0,user_14,931,936,4616
4727,64,310000,0,user_44,932,936,
4844,62,220000,594000,user_41,934,938,
4827,64,190000,0,user_20,934,938,
4817,66,170001,0,user_5,934,936,4532
4715,70,160000,0,user_31,932,935,
4653,70,159999,0,user_14,931,936,4109
4707,72,150000,0,user_25,932,935,
4712,76,150000,0,user_29,932,936,
4793,77,150000,0,user_40,933,936,
4794,85,120000,0,user_41,933,938,
4710,76,120000,350000,user_25,932,935,
4680,79,120000,16400,user_44,931,936,
4783,90,110000,0,user_28,933,938,
4709,79,110000,0,user_25,932,935,
4728,80,110000,0,user_44,932,936,
4800,91,98000,381000,user_49,933,938,
4704,86,80000,0,user_22,932,936,
4718,87,79000,0,user_34,932,936,
4721,88,79000,0,user_40,932,936,
4688,0,43000001,0,user_4,932,936,4103
4689,1,43000001,0,user_6,932,936,4103
4690,2,43000001,0,user_6,932,936,4103
4693,3,43000001,0,user_8,932,936,4103
4694,4,43000001,0,user_8,932,936,4103
4661,5,43000001,0,user_19,931,936,4103
4815,6,43000001,0,user_3,934,936,4103
4764,7,43000001,0,user_8,933,936,4103
4814,2,42999999,0,user_0,934,937,4103
4650,9,42999999,0,user_10,931,936,4103
4698,10,42999999,0,user_13,932,936,4103
4761,11,42999999,0,user_4,933,936,4103
4701,12,42999999,0,user_18,932,936,4103
4767,13,42999999,0,user_11,933,936,4103
4816,14,42999999,0,user_4,934,936,4103
4778,15,42999999,0,user_18,933,936,4103
4798,16,19000000,0,user_46,933,936,
4729,17,6100000,146000,user_44,932,936,
4777,18,4999999,0,user_18,933,936,4509
4679,19,4200000,0,user_44,931,936,
4876,7,3200000,0,user_21,935,937,
4829,9,2600000,0,user_21,934,937,
4652,22,2100001,0,user_12,931,936,4144
4692,23,2100001,0,user_7,932,936,4144
4760,24,2099999,0,user_3,933,936,4144
4702,25,2099999,0,user_19,932,936,4144
4875,14,1800000,0,user_21,935,937,
4733,27,1700000,0,user_46,932,936,
4674,28,1600000,36800,user_40,931,936,
4593,29,1300000,164000,user_23,930,936,
4773,16,1200001,0,user_15,933,937,4606
4691,31,1200001,0,user_7,932,936,4606
4768,32,1200001,0,user_11,933,936,4606
4770,33,1200001,0,user_13,933,936,4606
4769,34,1200001,0,user_12,933,936,4606
4779,35,1200001,0,user_19,933,936,4606
4820,36,1200001,0,user_11,934,936,4606
4919,17,1200001,0,user_1,936,937,4606
4772,18,1199999,0,user_15,933,937,4606
4687,39,1199999,0,user_3,932,936,4606
4697,40,1199999,0,user_12,932,936,4606
4771,41,1199999,0,user_14,933,936,4606
4818,42,1199999,0,user_6,934,936,4606
4790,22,1100000,146000,user_37,933,937,
4655,44,1000001,0,user_14,931,936,4213
4765,24,999999,0,user_9,933,937,4213
4654,46,999999,0,user_14,931,936,4213
4716,28,670000,0,user_32,932,937,
4611,48,670000,0,user_41,930,936,
4732,49,650000,0,user_46,932,936,
4828,30,460000,0,user_21,934,937,
4613,51,460000,0,user_44,930,936,
4780,31,420000,0,user_21,933,937,
4730,53,420000,0,user_44,932,936,
4784,32,370000,0,user_31,933,937,
4762,55,360001,0,user_5,933,936,4682
4763,56,360001,0,user_5,933,936,4682
4666,57,360000,0,user_29,931,936,
4682,58,360000,959000,user_48,931,936,
4855,59,359999,0,user_2,935,936,4682
4788,41,350000,0,user_35,933,937,
4658,61,349999,0,user_16,931,936,4272
4660,62,349999,0,user_18,931,936,4272
4656,63,320001,0,user_14,931,936,4616
4727,64,310000,0,user_44,932,936,
4882,43,260000,0,user_33,935,937,
4817,66,170001,0,user_5,934,936,4532
4921,45,170001,0,user_1,936,937,4532
4920,50,169999,0,user_1,936,937,4532
4529,69,160000,35100,user_38,929,936,
4653,70,159999,0,user_14,931,936,4109
4586,71,159999,0,user_17,930,936,4109
4830,56,150000,15300,user_21,934,937,
4841,57,150000,0,user_33,934,937,
4542,74,150000,350000,user_49,929,936,
4612,75,150000,0,user_43,930,936,
4712,76,150000,0,user_29,932,936,
4793,77,150000,0,user_40,933,936,
4786,60,120000,0,user_33,933,937,
4680,79,120000,16400,user_44,931,936,
4728,80,110000,0,user_44,932,936,
4880,61,110000,0,user_30,935,937,
4785,63,100000,0,user_33,933,937,
4781,65,98000,0,user_25,933,937,
4789,66,84000,0,user_35,933,937,
4835,70,82000,17700000,user_25,934,937,
4704,86,80000,0,user_22,932,936,
4718,87,79000,0,user_34,932,936,
4721,88,79000,0,user_40,932,936,
4826,0,43000001,0,user_18,934,938,4103
4825,7,42999999,0,user_18,934,938,4103
4814,2,42999999,0,user_0,934,937,4103
4823,14,5000001,0,user_16,934,938,4509
4960,4,5000000,0,user_41,936,937,
4998,1,4999999,0,user_7,937,939,4509
4896,6,3500000,285000,user_49,935,937,
4876,7,3200000,0,user_21,935,937,
4853,8,3200000,0,user_49,934,937,
4829,9,2600000,0,user_21,934,937,
4922,21,2100001,0,user_2,936,938,4144
4994,5,2100001,0,user_7,937,939,4144
4925,22,2099999,0,user_3,936,938,4144
4852,13,2000000,0,user_49,934,937,
4875,14,1800000,0,user_21,935,937,
4873,15,1400000,0,user_20,935,937,
4773,16,1200001,0,user_15,933,937,4606
4919,17,1200001,0,user_1,936,937,4606
4772,18,1199999,0,user_15,933,937,4606
4930,33,1199999,0,user_7,936,938,4606
4988,34,1199999,0,user_2,937,938,4606
4836,35,1100000,39400,user_26,934,938,
4790,22,1100000,146000,user_37,933,937,
4958,23,1000000,0,user_41,936,937,
4765,24,999999,0,user_9,933,937,4213
4874,25,910000,36800,user_20,935,937,
4963,26,870000,139000,user_43,936,937,
4889,27,670000,0,user_43,935,937,
4716,28,670000,0,user_32,932,937,
4872,29,460000,0,user_20,935,937,
4828,30,460000,0,user_21,934,937,
4780,31,420000,0,user_21,933,937,
4784,32,370000,0,user_31,933,937,
4939,33,360001,0,user_17,936,937,4682
4871,44,360001,0,user_18,935,938,4682
4856,45,359999,0,user_3,935,938,4682
4857,46,359999,0,user_5,935,938,4682
4858,47,359999,0,user_6,935,938,4682
4864,49,359999,0,user_11,935,938,4682
4866,50,359999,0,user_13,935,938,4682
4870,51,359999,0,user_18,935,938,4682
4788,41,350000,0,user_35,933,937,
4961,42,300000,381000,user_41,936,937,
4882,43,260000,0,user_33,935,937,
4843,44,220000,256000,user_38,934,937,
4921,45,170001,0,user_1,936,937,4532
4928,66,170001,0,user_7,936,938,4532
4929,67,170001,0,user_7,936,938,4532
4926,65,170001,0,user_5,936,938,4532
4996,13,170001,0,user_7,937,939,4532
4920,50,169999,0,user_1,936,937,4532
4931,77,169999,0,user_7,936,938,4532
4923,75,169999,0,user_3,936,938,4532
4927,76,169999,0,user_6,936,938,4532
4936,78,169999,0,user_11,936,938,4532
5002,55,169999,0,user_10,937,937,4532
4830,56,150000,15300,user_21,934,937,
4841,57,150000,0,user_33,934,937,
4957,58,150000,35600,user_41,936,937,
4887,59,120000,0,user_41,935,937,
4786,60,120000,0,user_33,933,937,
4880,61,110000,0,user_30,935,937,
4878,62,100000,0,user_28,935,937,
4785,63,100000,0,user_33,933,937,
4959,64,100000,139000,user_41,936,937,
4781,65,98000,0,user_25,933,937,
4789,66,84000,0,user_35,933,937,
4932,95,82001,0,user_7,936,938,4835
4995,25,82001,0,user_7,937,939,4835
4997,26,82001,0,user_7,937,939,4835
4835,70,82000,17700000,user_25,934,937,
4924,98,81999,0,user_3,936,938,4835
4826,0,43000001,0,user_18,934,938,4103
4869,1,43000001,0,user_15,935,938,4103
4775,2,43000001,0,user_17,933,938,4103
4776,3,43000001,0,user_17,933,938,4103
4696,4,42999999,0,user_10,932,938,4103
4700,5,42999999,0,user_17,932,938,4103
4766,6,42999999,0,user_10,933,938,4103
4825,7,42999999,0,user_18,934,938,4103
4935,8,42999999,0,user_9,936,938,4103
4885,9,30000000,0,user_37,935,938,
4954,10,19000000,0,user_37,936,938,
4832,11,19000000,0,user_23,934,938,
4840,12,5200000,0,user_32,934,938,
4883,13,5200000,121000,user_35,935,938,
4823,14,5000001,0,user_16,934,938,4509
4842,15,5000000,0,user_35,934,938,
4659,16,4999999,0,user_17,931,938,4509
4774,17,4999999,0,user_17,933,938,4509
4863,18,4999999,0,user_10,935,938,4509
5016,19,3600000,0,user_24,937,938,
4941,20,2600000,0,user_24,936,938,
4922,21,2100001,0,user_2,936,938,4144
4925,22,2099999,0,user_3,936,938,4144
4824,23,2099999,0,user_17,934,938,4144
4675,24,2000000,0,user_41,931,938,
4833,25,2000000,0,user_23,934,938,
4951,26,1900000,0,user_33,936,938,
4665,27,1700000,66100,user_28,931,938,
4942,28,1700000,0,user_24,936,938,
4677,29,1500000,410000,user_43,931,938,
4949,30,1400000,0,user_31,936,938,
4799,31,1400000,0,user_49,933,938,
5038,32,1400000,0,user_47,937,938,
4930,33,1199999,0,user_7,936,938,4606
4988,34,1199999,0,user_2,937,938,4606
4836,35,1100000,39400,user_26,934,938,
4881,36,1100000,0,user_32,935,938,
5024,37,1100000,0,user_35,937,938,
4838,38,1000000,0,user_28,934,938,
4884,39,910000,0,user_35,935,938,
5023,40,870000,0,user_35,937,938,
4944,41,600000,0,user_25,936,938,
4894,42,460000,73100,user_47,935,938,
4892,43,420000,0,user_47,935,938,
4871,44,360001,0,user_18,935,938,4682
4856,45,359999,0,user_3,935,938,4682
4857,46,359999,0,user_5,935,938,4682
4858,47,359999,0,user_6,935,938,4682
4859,48,359999,0,user_7,935,938,4682
4864,49,359999,0,user_11,935,938,4682
4866,50,359999,0,user_13,935,938,4682
4870,51,359999,0,user_18,935,938,4682
4834,52,340000,49100,user_24,934,938,
4895,53,340000,0,user_47,935,938,
4719,54,340000,0,user_38,932,938,
4943,55,320000,0,user_25,936,938,
4621,56,310000,0,user_49,930,938,
4607,57,260000,0,user_38,930,938,
4672,58,260000,0,user_38,931,938,
4947,59,260000,0,user_30,936,938,
4893,60,260000,0,user_47,935,938,
4705,61,220000,0,user_23,932,938,
4844,62,220000,594000,user_41,934,938,
5012,63,220000,0,user_21,937,938,
4827,64,190000,0,user_20,934,938,
4926,65,170001,0,user_5,936,938,4532
4928,66,170001,0,user_7,936,938,4532
4929,67,170001,0,user_7,936,938,4532
5001,68,170001,0,user_9,937,938,4532
5007,69,170001,0,user_15,937,938,4532
5008,70,170001,0,user_15,937,938,4532
5048,71,170001,0,user_1,938,938,4532
4862,72,169999,0,user_9,935,938,4532
4868,73,169999,0,user_15,935,938,4532
4987,74,169999,0,user_0,937,938,4532
4923,75,169999,0,user_3,936,938,4532
4927,76,169999,0,user_6,936,938,4532
4931,77,169999,0,user_7,936,938,4532
4936,78,169999,0,user_11,936,938,4532
5000,79,169999,0,user_9,937,938,4532
5045,80,169999,0,user_0,938,938,4532
4953,81,150000,0,user_37,936,938,
4662,82,120000,0,user_20,931,938,
4676,83,120000,0,user_43,931,938,
4965,84,120000,0,user_47,936,938,
4794,85,120000,0,user_41,933,938,
4663,86,110000,16400,user_23,931,938,
4722,87,110000,0,user_41,932,938,
4726,88,110000,0,user_43,932,938,
4948,89,110000,0,user_30,936,938,
4783,90,110000,0,user_28,933,938,
4800,91,98000,381000,user_49,933,938,
4683,92,87000,0,user_49,931,938,
5021,93,87000,0,user_31,937,938,
4950,94,84000,0,user_32,936,938,
4932,95,82001,0,user_7,936,938,4835
5046,96,82001,0,user_0,938,938,4835
5025,97,82000,0,user_37,937,938,
4924,98,81999,0,user_3,936,938,4835
5047,99,81999,0,user_0,938,938,4835
5090,0,5000000,0,user_31,938,939,
4998,1,4999999,0,user_7,937,939,4509
5092,2,3500000,0,user_35,938,939,
4991,3,2100001,0,user_5,937,939,4144
4993,4,2100001,0,user_6,937,939,4144
4994,5,2100001,0,user_7,937,939,4144
5051,6,2099999,0,user_2,938,939,4144
5084,7,1500000,0,user_24,938,939,
5003,8,1200001,0,user_11,937,939,4606
4945,9,660000,0,user_26,936,939,
5078,10,460000,0,user_21,938,939,
5077,11,310000,0,user_21,938,939,
4956,12,260000,0,user_40,936,939,
4996,13,170001,0,user_7,937,939,4532
5050,14,170001,0,user_2,938,939,4532
5063,15,170001,0,user_9,938,939,4532
5113,16,170001,0,user_0,939,939,4532
5114,17,170001,0,user_1,939,939,4532
4989,18,169999,0,user_3,937,939,4532
4990,19,169999,0,user_5,937,939,4532
4992,20,169999,0,user_6,937,939,4532
4940,21,169999,0,user_18,936,939,4532
5004,22,169999,0,user_11,937,939,4532
5053,23,169999,0,user_2,938,939,4532
5065,24,169999,0,user_9,938,939,4532
4995,25,82001,0,user_7,937,939,4835
4997,26,82001,0,user_7,937,939,4835
5049,27,82001,0,user_2,938,939,4835
5052,28,82001,0,user_2,938,939,4835
5064,29,82001,0,user_9,938,939,4835
5112,30,82001,0,user_0,939,939,4835
4678,31,79000,0,user_43,931,939,
3961,0,470000,0,user_1,940,940,
3984,0,6100000,0,user_31,940,941,
3962,1,3600000,0,user_2,940,941,
3963,2,2500000,0,user_2,940,941,
3986,3,1500000,0,user_33,940,941,
3964,4,970000,0,user_2,940,941,
3965,5,240000,195000,user_2,940,941,
4004,6,239999,0,user_1,941,941,3965
3988,0,30000000,0,user_35,940,942,
3973,1,19000000,0,user_15,940,942,
3991,2,3600000,0,user_37,940,942,
4024,3,2500000,0,user_25,941,942,
3985,4,2100000,0,user_32,940,942,
4046,5,1400001,0,user_0,942,942,4010
4010,6,1400000,64600,user_9,941,942,
4022,7,650000,0,user_21,941,942,
3979,8,470000,18600,user_24,940,942,
4014,9,460000,0,user_15,941,942,
4030,10,340000,0,user_31,941,942,
4047,11,240001,0,user_1,942,942,3965
4048,12,240001,0,user_1,942,942,3965
4049,13,240001,0,user_1,942,942,3965
4050,14,239999,0,user_1,942,942,3965
4023,15,220000,0,user_24,941,942,
4013,16,160000,0,user_15,941,942,
4029,17,150000,0,user_30,941,942,
4032,18,150000,0,user_33,941,942,
3990,19,84000,0,user_37,940,942,
4068,19,27000000,0,user_20,942,949,
4076,27,5000000,108000,user_28,942,949,
4102,40,2100000,0,user_43,942,949,
4098,81,910000,0,user_41,942,949,
4044,96,420000,0,user_49,941,949,
4101,5,350000,0,user_43,942,943,
4036,6,260000,0,user_38,941,943,
4064,7,240001,0,user_17,942,943,3965
4122,8,240001,0,user_10,943,943,3965
4119,9,239999,0,user_7,943,943,3965
4080,0,4200000,31700,user_33,942,944,
4139,1,3500000,0,user_25,943,944,
4144,2,2100000,1100000,user_30,943,944,
4079,3,530000,0,user_31,942,944,
4145,4,530000,0,user_31,943,944,
4168,5,239999,0,user_1,944,944,3965
4146,6,170000,0,user_33,943,944,
4069,7,150000,0,user_21,942,944,
4083,8,130000,0,user_33,942,944,
4073,9,110000,0,user_25,942,944,
4131,10,100000,0,user_21,943,944,
4081,11,82000,0,user_33,942,944,
4082,12,79000,0,user_33,942,944,
4070,13,70000,0,user_21,942,944,
4224,13,27000001,0,user_7,945,949,4017
4186,69,1300000,0,user_23,944,949,
4184,2,360000,0,user_20,944,945,
4225,3,220001,0,user_7,945,945,4157
4229,4,219999,0,user_10,945,945,4157
4205,5,120000,0,user_43,944,945,
4165,0,6100000,0,user_47,943,946,
4088,1,5000000,0,user_35,942,946,
4200,2,4500000,0,user_33,944,946,
4152,3,3600000,0,user_37,943,946,
4211,4,3200000,0,user_47,944,946,
4282,5,2100001,0,user_1,946,946,4144
4215,6,2099999,0,user_0,945,946,4144
4193,7,1800000,0,user_30,944,946,
4197,8,1800000,0,user_33,944,946,
4199,9,1600000,0,user_33,944,946,
4203,10,1600000,0,user_35,944,946,
4110,11,1500000,0,user_47,942,946,
4091,12,1400000,56200,user_37,942,946,
4252,13,1100000,0,user_31,945,946,
4072,14,1000000,0,user_24,942,946,
4187,15,1000000,0,user_24,944,946,
4194,16,870000,0,user_30,944,946,
4188,17,650000,0,user_25,944,946,
4256,18,650000,0,user_33,945,946,
4255,19,600000,49100,user_33,945,946,
4126,20,470001,0,user_15,943,946,3979
4212,21,460000,0,user_47,944,946,
4113,22,420000,0,user_47,942,946,
4149,23,420000,5640,user_35,943,946,
4198,24,360000,0,user_33,944,946,
4031,25,350000,0,user_32,941,946,
4254,26,310000,108000,user_33,945,946,
4281,27,309999,0,user_1,946,946,4254
4056,28,240001,0,user_9,942,946,3965
4061,29,240001,0,user_15,942,946,3965
4178,30,240001,0,user_15,944,946,3965
4179,31,240001,0,user_15,944,946,3965
4060,32,239999,0,user_15,942,946,3965
4121,33,239999,0,user_9,943,946,3965
4172,34,239999,0,user_9,944,946,3965
4148,35,220000,0,user_35,943,946,
4111,36,170000,0,user_47,942,946,
4151,37,170000,30200,user_37,943,946,
4112,38,160000,0,user_47,942,946,
4150,39,110000,0,user_35,943,946,
4238,40,110000,34700,user_21,945,946,
4138,41,85000,0,user_24,943,946,
4090,42,83000,0,user_37,942,946,
4201,43,70000,0,user_33,944,946,
4288,0,43000001,0,user_6,946,949,4103
4294,1,43000001,0,user_13,946,949,4103
4298,2,42999999,0,user_17,946,952,4103
4231,6,42999999,0,user_16,945,949,4103
4375,7,42999999,0,user_2,947,949,4103
4230,14,27000001,0,user_12,945,949,4132
4226,21,26999999,0,user_8,945,949,4132
4251,28,5000000,0,user_29,945,949,
4271,29,5000000,0,user_46,945,949,
4330,12,2600000,23500,user_43,946,952,
3977,36,2400000,0,user_22,940,949,
4302,16,2400000,10700,user_20,946,952,
3999,47,2000000,16400,user_46,940,949,
4303,24,2000000,0,user_20,946,952,
4227,53,1999999,0,user_8,945,949,3999
3982,54,1900000,0,user_29,940,949,
3978,59,1600000,0,user_22,940,949,
3976,60,1600000,0,user_19,940,949,
4202,62,1500000,0,user_34,944,949,
4237,72,1000001,0,user_19,945,949,4213
4213,76,1000000,296000,user_48,944,949,
4381,31,999999,0,user_10,947,952,4213
3987,87,670000,0,user_34,940,949,
4327,39,670000,0,user_41,946,952,
3983,88,650000,0,user_29,940,949,
4301,48,420000,0,user_20,946,952,
3994,97,360000,0,user_40,940,949,
4240,27,350000,12800,user_22,945,947,
4304,61,340000,0,user_23,946,952,
3966,29,240001,0,user_3,940,947,3965
3967,30,240001,0,user_4,940,947,3965
3968,31,240001,0,user_8,940,947,3965
3970,32,240001,0,user_12,940,947,3965
4284,33,240001,0,user_3,946,947,3965
4285,34,240001,0,user_3,946,947,3965
4286,35,240001,0,user_4,946,947,3965
4181,36,240001,0,user_18,944,947,3965
4182,37,240001,0,user_18,944,947,3965
4292,38,240001,0,user_11,946,947,3965
3969,39,239999,0,user_11,940,947,3965
3971,40,239999,0,user_13,940,947,3965
3972,41,239999,0,user_14,940,947,3965
4233,42,239999,0,user_18,945,947,3965
4234,43,239999,0,user_18,945,947,3965
4235,44,239999,0,user_18,945,947,3965
4236,45,239999,0,user_18,945,947,3965
4379,46,220001,0,user_7,947,947,4157
4287,47,219999,0,user_5,946,947,4157
4241,48,120000,0,user_22,945,947,
4242,49,120000,0,user_22,945,947,
3975,50,110000,0,user_19,940,947,
4000,51,83000,0,user_48,940,947,
4239,52,77000,15700,user_22,945,947,
4445,0,43000001,0,user_10,948,952,4103
4299,8,42999999,0,user_18,946,949,4103
4436,9,42999999,0,user_2,948,949,4103
4390,11,3500000,0,user_20,947,952,
4444,18,2100001,0,user_10,948,952,4144
4325,86,870000,0,user_40,946,949,
4395,45,470000,0,user_23,947,952,
4400,63,340000,39400,user_28,947,952,
4393,64,310000,73100,user_20,947,952,
4293,9,240001,0,user_12,946,948,3965
4295,10,240001,0,user_14,946,948,3965
4296,11,240001,0,user_14,946,948,3965
4386,75,220001,0,user_17,947,952,4157
4377,13,220001,0,user_4,947,948,4157
4382,14,220001,0,user_11,947,948,4157
4442,73,220001,0,user_7,948,952,4157
4376,16,219999,0,user_3,947,948,4157
4378,17,219999,0,user_6,947,948,4157
4384,18,219999,0,user_13,947,948,4157
4441,79,219999,0,user_7,948,952,4157
4323,86,160000,0,user_38,946,952,
4392,88,150000,0,user_20,947,952,
4310,22,150000,0,user_29,946,948,
4389,92,120000,0,user_20,947,952,
4391,93,120000,256000,user_20,947,952,
4326,25,98000,0,user_40,946,948,
4417,98,73000,0,user_41,947,952,
4288,0,43000001,0,user_6,946,949,4103
4294,1,43000001,0,user_13,946,949,4103
4291,2,43000001,0,user_10,946,949,4103
4103,3,43000000,545000,user_44,942,949,
4183,4,42999999,0,user_19,944,949,4103
4218,5,42999999,0,user_5,945,949,4103
4231,6,42999999,0,user_16,945,949,4103
4375,7,42999999,0,user_2,947,949,4103
4299,8,42999999,0,user_18,946,949,4103
4436,9,42999999,0,user_2,948,949,4103
4135,10,30000000,0,user_23,943,949,
4411,11,30000000,0,user_37,947,949,
4171,12,27000001,0,user_7,944,949,4017
4224,13,27000001,0,user_7,945,949,4017
4230,14,27000001,0,user_12,945,949,4132
4025,15,27000000,0,user_26,941,949,
4071,16,27000000,0,user_22,942,949,
4017,17,27000000,84800,user_17,941,949,
4132,18,27000000,11200,user_22,943,949,
4068,19,27000000,0,user_20,942,949,
4057,20,26999999,0,user_10,942,949,4017
4226,21,26999999,0,user_8,945,949,4132
4129,22,19000000,0,user_20,943,949,
4243,23,19000000,39400,user_23,945,949,
4262,24,19000000,12800,user_41,945,949,
4170,25,5000001,0,user_7,944,949,4076
4174,26,5000001,0,user_10,944,949,4076
4076,27,5000000,108000,user_28,942,949,
4251,28,5000000,0,user_29,945,949,
4271,29,5000000,0,user_46,945,949,
4283,30,4999999,0,user_2,946,949,4076
4290,31,4199999,0,user_9,946,949,4080
4108,32,3500000,0,user_46,942,949,
4140,33,3500000,0,user_26,943,949,
3996,34,3200000,0,user_43,940,949,
4470,35,2500000,0,user_37,948,949,
3977,36,2400000,0,user_22,940,949,
4316,37,2300000,0,user_32,946,949,
4077,38,2100000,0,user_29,942,949,
4027,39,2100000,0,user_28,941,949,
4102,40,2100000,0,user_43,942,949,
4137,41,2100000,0,user_23,943,949,
4403,42,2100000,0,user_32,947,949,
4297,43,2099999,0,user_15,946,949,4144
4492,44,2099999,0,user_1,949,949,4144
4005,45,2000001,0,user_4,941,949,3999
4058,46,2000001,0,user_12,942,949,3999
3999,47,2000000,16400,user_46,940,949,
4106,48,2000000,0,user_46,942,949,
4266,49,2000000,0,user_41,945,949,
4464,50,2000000,0,user_30,948,949,
4009,51,1999999,0,user_8,941,949,3999
4051,52,1999999,0,user_4,942,949,3999
4227,53,1999999,0,user_8,945,949,3999
3982,54,1900000,0,user_29,940,949,
3981,55,1800000,0,user_28,940,949,
4143,56,1800000,0,user_29,943,949,
4154,57,1800000,0,user_38,943,949,
4115,58,1700000,0,user_48,942,949,
3978,59,1600000,0,user_22,940,949,
3976,60,1600000,0,user_19,940,949,
4021,61,1600000,0,user_20,941,949,
4202,62,1500000,0,user_34,944,949,
4450,63,1400001,0,user_15,948,949,4315
4311,64,1400000,0,user_30,946,949,
4306,65,1400000,0,user_24,946,949,
4315,66,1400000,181000,user_32,946,949,
4228,67,1399999,0,user_9,945,949,4091
4167,68,1300000,21800,user_48,943,949,
4186,69,1300000,0,user_23,944,949,
4312,70,1200000,0,user_30,946,949,
4162,71,1100000,0,user_44,943,949,
4237,72,1000001,0,user_19,945,949,4213
4105,73,1000000,0,user_46,942,949,
4084,74,1000000,5180,user_34,942,949,
4086,75,1000000,0,user_34,942,949,
4213,76,1000000,296000,user_48,944,949,
4214,77,1000000,0,user_49,944,949,
4459,78,1000000,0,user_24,948,949,
4166,79,970000,0,user_48,943,949,
4480,80,970000,0,user_47,948,949,
4098,81,910000,0,user_41,942,949,
4161,82,910000,0,user_43,943,949,
4314,83,910000,0,user_31,946,949,
4033,84,870000,0,user_34,941,949,
4130,85,870000,0,user_20,943,949,
4325,86,870000,0,user_40,946,949,
3987,87,670000,0,user_34,940,949,
3983,88,650000,0,user_29,940,949,
4163,89,650000,0,user_44,943,949,
4263,90,650000,0,user_41,945,949,
4423,91,600000,0,user_47,947,949,
4424,92,600000,0,user_47,947,949,
4273,93,460000,0,user_47,945,949,
4195,94,460000,0,user_32,944,949,
4204,95,460000,0,user_38,944,949,
4044,96,420000,0,user_49,941,949,
3994,97,360000,0,user_40,940,949,
4078,98,360000,0,user_29,942,949,
4039,99,360000,0,user_41,941,949,
4136,0,350000,0,user_23,943,950,
4158,1,350000,0,user_43,943,950,
4085,2,320000,0,user_34,942,950,
4059,3,310001,0,user_14,942,950,4042
4118,4,310001,0,user_4,943,950,4042
4123,5,310001,0,user_12,943,950,4042
4042,6,310000,12300,user_46,941,950,
4092,7,300000,0,user_38,942,950,
4007,8,240001,0,user_6,941,950,3965
4011,9,240001,0,user_13,941,950,3965
4012,10,240001,0,user_14,941,950,3965
4020,11,240001,0,user_19,941,950,3965
4052,12,240001,0,user_5,942,950,3965
4054,13,240001,0,user_6,942,950,3965
4124,14,240001,0,user_13,943,950,3965
4018,15,240001,0,user_18,941,950,3965
4065,16,240001,0,user_18,942,950,3965
4127,17,240001,0,user_16,943,950,3965
4128,18,240001,0,user_16,943,950,3965
4006,19,239999,0,user_5,941,950,3965
4008,20,239999,0,user_7,941,950,3965
4015,21,239999,0,user_16,941,950,3965
4019,22,239999,0,user_19,941,950,3965
4053,23,239999,0,user_6,942,950,3965
4055,24,239999,0,user_7,942,950,3965
4117,25,239999,0,user_3,943,950,3965
4062,26,239999,0,user_16,942,950,3965
4063,27,239999,0,user_16,942,950,3965
4066,28,239999,0,user_19,942,950,3965
4067,29,239999,0,user_19,942,950,3965
4028,30,220000,0,user_29,941,950,
4114,31,220000,0,user_48,942,950,
4157,32,220000,231000,user_41,943,950,
4153,33,220000,0,user_38,943,950,
4043,34,190000,0,user_46,941,950,
4125,35,160001,0,user_14,943,950,4109
4109,36,160000,369000,user_46,942,950,
4159,37,160000,0,user_43,943,950,
4120,38,159999,0,user_8,943,950,4109
3997,39,150000,0,user_43,940,950,
4133,40,150000,0,user_23,943,950,
4160,41,150000,0,user_43,943,950,
4016,42,120000,0,user_17,941,950,
4156,43,120000,8520,user_40,943,950,
3974,44,110000,0,user_17,940,950,
4142,45,110000,0,user_29,943,950,
4147,46,110000,0,user_34,943,950,
4001,47,100000,0,user_49,940,950,
4038,48,87000,0,user_40,941,950,
4041,49,87000,0,user_43,941,950,
4087,50,87000,0,user_34,942,950,
4107,51,84000,0,user_46,942,950,
4134,52,83000,0,user_23,943,950,
4116,53,82000,0,user_49,942,950,
3992,54,77000,0,user_38,940,950,
4650,9,42999999,0,user_10,951,956,4103
4593,29,1300000,164000,user_23,950,956,
4611,48,670000,0,user_41,950,956,
4648,88,160001,0,user_7,951,953,4109
4529,69,160000,35100,user_38,949,956,
4586,71,159999,0,user_17,950,956,4109
4542,74,150000,350000,user_49,949,956,
4612,75,150000,0,user_43,950,956,
4196,8,120000,0,user_32,944,951,
4445,0,43000001,0,user_10,948,952,4103
4502,1,43000001,0,user_13,949,952,4103
4298,2,42999999,0,user_17,946,952,4103
4320,3,27000000,0,user_34,946,952,
4525,4,6100000,5180,user_32,949,952,
4511,5,5000000,0,user_21,949,952,
4528,6,5000000,0,user_37,949,952,
4519,7,4200000,0,user_30,949,952,
4398,8,3600000,0,user_26,947,952,
4605,9,3600000,0,user_33,950,952,
4523,10,3500000,0,user_30,949,952,
4390,11,3500000,0,user_20,947,952,
4330,12,2600000,23500,user_43,946,952,
4664,13,2600000,0,user_25,951,952,
4463,14,2500000,0,user_29,948,952,
4318,15,2400000,0,user_34,946,952,
4302,16,2400000,10700,user_20,946,952,
4668,17,2300000,0,user_30,951,952,
4444,18,2100001,0,user_10,948,952,4144
4574,19,2100001,0,user_9,950,952,4144
4684,20,2100001,0,user_0,952,952,4144
4495,21,2099999,0,user_4,949,952,4144
4685,22,2099999,0,user_1,952,952,4144
4257,23,2000000,0,user_34,945,952,
4303,24,2000000,0,user_20,946,952,
4604,25,2000000,0,user_33,950,952,
4669,26,1900000,0,user_31,951,952,
4595,27,1400000,16400,user_25,950,952,
4606,28,1200000,7190000,user_37,950,952,
4667,29,1100000,0,user_30,951,952,
4380,30,1000001,0,user_8,947,952,4213
4381,31,999999,0,user_10,947,952,4213
4449,32,999999,0,user_13,948,952,4213
4501,33,999999,0,user_13,949,952,4213
4583,34,999999,0,user_15,950,952,4213
4649,35,999999,0,user_9,951,952,4213
4601,36,970000,0,user_31,950,952,
4591,37,910000,0,user_21,950,952,
4596,38,910000,0,user_25,950,952,
4327,39,670000,0,user_41,946,952,
4540,40,660000,0,user_47,949,952,
4524,41,650000,0,user_31,949,952,
4520,42,630000,0,user_30,949,952,
4331,43,600000,0,user_44,946,952,
4603,44,530000,0,user_33,950,952,
4395,45,470000,0,user_23,947,952,
4416,46,460000,0,user_40,947,952,
4462,47,460000,0,user_29,948,952,
4301,48,420000,0,user_20,946,952,
4600,49,370000,0,user_30,950,952,
4493,50,350001,0,user_2,949,952,4272
4563,51,350001,0,user_0,950,952,4272
4494,52,350001,0,user_3,949,952,4272
4496,53,350001,0,user_7,949,952,4272
4576,54,350001,0,user_9,950,952,4272
4577,55,350001,0,user_9,950,952,4272
4497,56,349999,0,user_7,949,952,4272
4564,57,349999,0,user_2,950,952,4272
4575,58,349999,0,user_9,950,952,4272
4578,59,349999,0,user_9,950,952,4272
4657,60,349999,0,user_15,951,952,4272
4304,61,340000,0,user_23,946,952,
4514,62,340000,0,user_24,949,952,
4400,63,340000,39400,user_28,947,952,
4393,64,310000,73100,user_20,947,952,
4319,65,300000,108000,user_34,946,952,
4515,66,260000,0,user_25,949,952,
4504,67,240001,0,user_15,949,952,3965
4437,68,220001,0,user_3,948,952,4157
4383,69,220001,0,user_12,947,952,4157
4388,70,220001,0,user_19,947,952,4157
4439,71,220001,0,user_5,948,952,4157
4440,72,220001,0,user_6,948,952,4157
4442,73,220001,0,user_7,948,952,4157
4448,74,220001,0,user_13,948,952,4157
4386,75,220001,0,user_17,947,952,4157
4602,76,220000,0,user_33,950,952,
4438,77,219999,0,user_4,948,952,4157
4300,78,219999,0,user_19,946,952,4157
4441,79,219999,0,user_7,948,952,4157
4387,80,219999,0,user_18,947,952,4157
4446,81,219999,0,user_11,948,952,4157
4447,82,160001,0,user_12,948,952,4109
4521,83,160000,0,user_30,949,952,
4466,84,160000,0,user_32,948,952,
4479,85,160000,0,user_46,948,952,
4323,86,160000,0,user_38,946,952,
4498,87,159999,0,user_7,949,952,4109
4392,88,150000,0,user_20,947,952,
4317,89,130000,0,user_34,946,952,
4276,90,120000,0,user_48,945,952,
4522,91,120000,0,user_30,949,952,
4389,92,120000,0,user_20,947,952,
4391,93,120000,256000,user_20,947,952,
4401,94,110000,43600,user_29,947,952,
4594,95,110000,0,user_24,950,952,
4513,96,98000,0,user_24,949,952,
4503,97,79001,0,user_15,949,952,4305
4417,98,73000,0,user_41,947,952,
4507,0,43000001,0,user_17,949,953,4103
4454,1,43000001,0,user_18,948,953,4103
4759,5,43000001,0,user_1,953,955,4103
4644,3,42999999,0,user_4,951,953,4103
4646,4,42999999,0,user_5,951,953,4103
4455,5,42999999,0,user_18,948,953,4103
4579,6,5000001,0,user_10,950,953,4509
4518,7,5000000,0,user_29,949,953,
4509,8,5000000,1100000,user_20,949,953,
4717,20,5000000,0,user_33,952,955,
4420,10,4500000,0,user_44,947,953,
4510,11,4200000,0,user_20,949,953,
4713,24,4200000,0,user_30,952,955,
4714,25,4200000,0,user_31,952,955,
4474,14,3600000,0,user_40,948,953,
4609,15,3500000,0,user_40,950,953,
4421,16,3200000,0,user_44,947,953,
4481,17,3200000,0,user_48,948,953,
4499,18,2100001,0,user_8,949,953,4144
4573,19,2100001,0,user_8,950,953,4144
4589,20,2100001,0,user_19,950,953,4144
4473,21,2100000,6390,user_40,948,953,
4643,22,2099999,0,user_4,951,953,4144
4457,23,2099999,0,user_18,948,953,4144
4699,29,2099999,0,user_15,952,955,4144
4539,25,2000000,0,user_46,949,953,
4419,26,2000000,0,user_44,947,953,
4538,27,1700000,0,user_44,949,953,
4472,28,1400000,0,user_38,948,953,
4534,29,1400000,5630,user_41,949,953,
4686,30,1200001,0,user_2,952,953,4606
4695,36,1200001,0,user_9,952,955,4606
4703,42,1200000,0,user_21,952,955,
4471,33,1100000,0,user_38,948,953,
4641,34,1000001,0,user_4,951,953,4213
4645,35,1000001,0,user_4,951,953,4213
4585,36,1000001,0,user_16,950,953,4213
4590,37,1000001,0,user_19,950,953,4213
4758,48,1000001,0,user_0,953,955,4213
4477,39,1000000,0,user_43,948,953,
4500,40,999999,0,user_8,949,953,4213
4570,41,999999,0,user_7,950,953,4213
4461,42,970000,13900,user_28,948,953,
4412,43,970000,0,user_38,947,953,
4592,44,910000,0,user_22,950,953,
4458,45,870000,0,user_20,948,953,
4533,46,650000,0,user_41,949,953,
4418,47,600000,0,user_44,947,953,
4708,52,530000,0,user_25,952,955,
4706,53,460000,0,user_24,952,955,
4619,50,420000,146000,user_46,950,953,
4526,51,420000,0,user_34,949,953,
4475,52,370000,8520,user_41,948,953,
4566,53,350001,0,user_4,950,953,4272
4568,54,350001,0,user_5,950,953,4272
4569,55,350001,0,user_6,950,953,4272
4581,56,350001,0,user_13,950,953,4272
4572,57,350001,0,user_8,950,953,4272
4580,58,350001,0,user_12,950,953,4272
4584,59,350001,0,user_16,950,953,4272
4647,60,350001,0,user_6,951,953,4272
4651,61,350001,0,user_11,951,953,4272
4565,62,349999,0,user_3,950,953,4272
4567,63,349999,0,user_5,950,953,4272
4639,64,349999,0,user_3,951,953,4272
4640,65,349999,0,user_3,951,953,4272
4582,66,349999,0,user_14,950,953,4272
4588,67,349999,0,user_19,950,953,4272
4468,68,340000,0,user_34,948,953,
4618,69,340000,0,user_46,950,953,
4535,70,340000,0,user_41,949,953,
4616,71,320000,322000,user_46,950,953,
4610,72,320000,0,user_40,950,953,
4642,73,319999,0,user_4,951,953,4616
4620,74,310000,0,user_46,950,953,
4597,75,310000,0,user_26,950,953,
4537,76,310000,0,user_43,949,953,
4505,77,220001,0,user_16,949,953,4157
4508,78,220001,0,user_19,949,953,4157
4425,79,220000,0,user_48,947,953,
4599,80,220000,43600,user_29,950,953,
4617,81,220000,0,user_46,950,953,
4452,82,219999,0,user_16,948,953,4157
4453,83,219999,0,user_18,948,953,4157
4456,84,219999,0,user_18,948,953,4157
4587,85,219999,0,user_18,950,953,4157
4532,86,170000,1100000,user_41,949,953,
4571,87,160001,0,user_7,950,953,4109
4648,88,160001,0,user_7,951,953,4109
4476,89,160000,0,user_41,948,953,
4715,70,160000,0,user_31,952,955,
4707,72,150000,0,user_25,952,955,
4512,92,120000,283000,user_22,949,953,
4541,93,120000,0,user_48,949,953,
4710,76,120000,350000,user_25,952,955,
4506,95,119999,0,user_17,949,953,4391
4426,96,110000,0,user_49,947,953,
4709,79,110000,0,user_25,952,955,
4517,98,100000,0,user_28,949,953,
4413,99,87000,16400,user_38,947,953,
4405,0,85000,0,user_34,947,954,
4775,2,43000001,0,user_17,953,958,4103
4776,3,43000001,0,user_17,953,958,4103
4688,0,43000001,0,user_4,952,956,4103
4689,1,43000001,0,user_6,952,956,4103
4690,2,43000001,0,user_6,952,956,4103
4759,5,43000001,0,user_1,953,955,4103
4693,3,43000001,0,user_8,952,956,4103
4694,4,43000001,0,user_8,952,956,4103
4661,5,43000001,0,user_19,951,956,4103
4815,6,43000001,0,user_3,954,956,4103
4764,7,43000001,0,user_8,953,956,4103
4698,10,42999999,0,user_13,952,956,4103
4761,11,42999999,0,user_4,953,956,4103
4701,12,42999999,0,user_18,952,956,4103
4767,13,42999999,0,user_11,953,956,4103
4816,14,42999999,0,user_4,954,956,4103
4778,15,42999999,0,user_18,953,956,4103
4832,11,19000000,0,user_23,954,958,
4798,16,19000000,0,user_46,953,956,
4729,17,6100000,146000,user_44,952,956,
4717,20,5000000,0,user_33,952,955,
4774,17,4999999,0,user_17,953,958,4509
4777,18,4999999,0,user_18,953,956,4509
4863,18,4999999,0,user_10,955,958,4509
4713,24,4200000,0,user_30,952,955,
4714,25,4200000,0,user_31,952,955,
4679,19,4200000,0,user_44,951,956,
4652,22,2100001,0,user_12,951,956,4144
4824,23,2099999,0,user_17,954,958,4144
4699,29,2099999,0,user_15,952,955,4144
4760,24,2099999,0,user_3,953,956,4144
4702,25,2099999,0,user_19,952,956,4144
4833,25,2000000,0,user_23,954,958,
4733,27,1700000,0,user_46,952,956,
4674,28,1600000,36800,user_40,951,956,
4799,31,1400000,0,user_49,953,958,
4695,36,1200001,0,user_9,952,955,4606
4768,32,1200001,0,user_11,953,956,4606
4770,33,1200001,0,user_13,953,956,4606
4769,34,1200001,0,user_12,953,956,4606
4779,35,1200001,0,user_19,953,956,4606
4820,36,1200001,0,user_11,954,956,4606
4703,42,1200000,0,user_21,952,955,
4687,39,1199999,0,user_3,952,956,4606
4697,40,1199999,0,user_12,952,956,4606
4771,41,1199999,0,user_14,953,956,4606
4818,42,1199999,0,user_6,954,956,4606
4655,44,1000001,0,user_14,951,956,4213
4758,48,1000001,0,user_0,953,955,4213
4838,38,1000000,0,user_28,954,958,
4654,46,999999,0,user_14,951,956,4213
4732,49,650000,0,user_46,952,956,
4708,52,530000,0,user_25,952,955,
4706,53,460000,0,user_24,952,955,
4613,51,460000,0,user_44,950,956,
4730,53,420000,0,user_44,952,956,
4762,55,360001,0,user_5,953,956,4682
4763,56,360001,0,user_5,953,956,4682
4666,57,360000,0,user_29,951,956,
4682,58,360000,959000,user_48,951,956,
4855,59,359999,0,user_2,955,956,4682
4859,48,359999,0,user_7,955,958,4682
4658,61,349999,0,user_16,951,956,4272
4660,62,349999,0,user_18,951,956,4272
4719,54,340000,0,user_38,952,958,
4656,63,320001,0,user_14,951,956,4616
4727,64,310000,0,user_44,952,956,
4844,62,220000,594000,user_41,954,958,
4827,64,190000,0,user_20,954,958,
4817,66,170001,0,user_5,954,956,4532
4715,70,160000,0,user_31,952,955,
4653,70,159999,0,user_14,951,956,4109
4707,72,150000,0,user_25,952,955,
4712,76,150000,0,user_29,952,956,
4793,77,150000,0,user_40,953,956,
4794,85,120000,0,user_41,953,958,
4710,76,120000,350000,user_25,952,955,
4680,79,120000,16400,user_44,951,956,
4783,90,110000,0,user_28,953,958,
4709,79,110000,0,user_25,952,955,
4728,80,110000,0,user_44,952,956,
4800,91,98000,381000,user_49,953,958,
4704,86,80000,0,user_22,952,956,
4718,87,79000,0,user_34,952,956,
4721,88,79000,0,user_40,952,956,
4688,0,43000001,0,user_4,952,956,4103
4689,1,43000001,0,user_6,952,956,4103
4690,2,43000001,0,user_6,952,956,4103
4693,3,43000001,0,user_8,952,956,4103
4694,4,43000001,0,user_8,952,956,4103
4661,5,43000001,0,user_19,951,956,4103
4815,6,43000001,0,user_3,954,956,4103
4764,7,43000001,0,user_8,953,956,4103
4814,2,42999999,0,user_0,954,957,4103
4650,9,42999999,0,user_10,951,956,4103
4698,10,42999999,0,user_13,952,956,4103
4761,11,42999999,0,user_4,953,956,4103
4701,12,42999999,0,user_18,952,956,4103
4767,13,42999999,0,user_11,953,956,4103
4816,14,42999999,0,user_4,954,956,4103
4778,15,42999999,0,user_18,953,956,4103
4798,16,19000000,0,user_46,953,956,
4729,17,6100000,146000,user_44,952,956,
4777,18,4999999,0,user_18,953,956,4509
4679,19,4200000,0,user_44,951,956,
4876,7,3200000,0,user_21,955,957,
4829,9,2600000,0,user_21,954,957,
4652,22,2100001,0,user_12,951,956,4144
4692,23,2100001,0,user_7,952,956,4144
4760,24,2099999,0,user_3,953,956,4144
4702,25,2099999,0,user_19,952,956,4144
4875,14,1800000,0,user_21,955,957,
4733,27,1700000,0,user_46,952,956,
4674,28,1600000,36800,user_40,951,956,
4593,29,1300000,164000,user_23,950,956,
4773,16,1200001,0,user_15,953,957,4606
4691,31,1200001,0,user_7,952,956,4606
4768,32,1200001,0,user_11,953,956,4606
4770,33,1200001,0,user_13,953,956,4606
4769,34,1200001,0,user_12,953,956,4606
4779,35,1200001,0,user_19,953,956,4606
4820,36,1200001,0,user_11,954,956,4606
4919,17,1200001,0,user_1,956,957,4606
4772,18,1199999,0,user_15,953,957,4606
4687,39,1199999,0,user_3,952,956,4606
4697,40,1199999,0,user_12,952,956,4606
4771,41,1199999,0,user_14,953,956,4606
4818,42,1199999,0,user_6,954,956,4606
4790,22,1100000,146000,user_37,953,957,
4655,44,1000001,0,user_14,951,956,4213
4765,24,999999,0,user_9,953,957,4213
4654,46,999999,0,user_14,951,956,4213
4716,28,670000,0,user_32,952,957,
4611,48,670000,0,user_41,950,956,
4732,49,650000,0,user_46,952,956,
4828,30,460000,0,user_21,954,957,
4613,51,460000,0,user_44,950,956,
4780,31,420000,0,user_21,953,957,
4730,53,420000,0,user_44,952,956,
4784,32,370000,0,user_31,953,957,
4762,55,360001,0,user_5,953,956,4682
4763,56,360001,0,user_5,953,956,4682
4666,57,360000,0,user_29,951,956,
4682,58,360000,959000,user_48,951,956,
4855,59,359999,0,user_2,955,956,4682
4788,41,350000,0,user_35,953,957,
4658,61,349999,0,user_16,951,956,4272
4660,62,349999,0,user_18,951,956,4272
4656,63,320001,0,user_14,951,956,4616
4727,64,310000,0,user_44,952,956,
4882,43,260000,0,user_33,955,957,
4817,66,170001,0,user_5,954,956,4532
4921,45,170001,0,user_1,956,957,4532
4920,50,169999,0,user_1,956,957,4532
4529,69,160000,35100,user_38,949,956,
4653,70,159999,0,user_14,951,956,4109
4586,71,159999,0,user_17,950,956,4109
4830,56,150000,15300,user_21,954,957,
4841,57,150000,0,user_33,954,957,
4542,74,150000,350000,user_49,949,956,
4612,75,150000,0,user_43,950,956,
4712,76,150000,0,user_29,952,956,
4793,77,150000,0,user_40,953,956,
4786,60,120000,0,user_33,953,957,
4680,79,120000,16400,user_44,951,956,
4728,80,110000,0,user_44,952,956,
4880,61,110000,0,user_30,955,957,
4785,63,100000,0,user_33,953,957,
4781,65,98000,0,user_25,953,957,
4789,66,84000,0,user_35,953,957,
4835,70,82000,17700000,user_25,954,957,
4704,86,80000,0,user_22,952,956,
4718,87,79000,0,user_34,952,956,
4721,88,79000,0,user_40,952,956,
4826,0,43000001,0,user_18,954,958,4103
4825,7,42999999,0,user_18,954,958,4103
4814,2,42999999,0,user_0,954,957,4103
4823,14,5000001,0,user_16,954,958,4509
4960,4,5000000,0,user_41,956,957,
4998,1,4999999,0,user_7,957,959,4509
4896,6,3500000,285000,user_49,955,957,
4876,7,3200000,0,user_21,955,957,
4853,8,3200000,0,user_49,954,957,
4829,9,2600000,0,user_21,954,957,
4922,21,2100001,0,user_2,956,958,4144
4994,5,2100001,0,user_7,957,959,4144
4925,22,2099999,0,user_3,956,958,4144
4852,13,2000000,0,user_49,954,957,
4875,14,1800000,0,user_21,955,957,
4873,15,1400000,0,user_20,955,957,
4773,16,1200001,0,user_15,953,957,4606
4919,17,1200001,0,user_1,956,957,4606
4772,18,1199999,0,user_15,953,957,4606
4930,33,1199999,0,user_7,956,958,4606
4988,34,1199999,0,user_2,957,958,4606
4836,35,1100000,39400,user_26,954,958,
4790,22,1100000,146000,user_37,953,957,
4958,23,1000000,0,user_41,956,957,
4765,24,999999,0,user_9,953,957,4213
4874,25,910000,36800,user_20,955,957,
4963,26,870000,139000,user_43,956,957,
4889,27,670000,0,user_43,955,957,
4716,28,670000,0,user_32,952,957,
4872,29,460000,0,user_20,955,957,
4828,30,460000,0,user_21,954,957,
4780,31,420000,0,user_21,953,957,
4784,32,370000,0,user_31,953,957,
4939,33,360001,0,user_17,956,957,4682
4871,44,360001,0,user_18,955,958,4682
4856,45,359999,0,user_3,955,958,4682
4857,46,359999,0,user_5,955,958,4682
4858,47,359999,0,user_6,955,958,4682
4864,49,359999,0,user_11,955,958,4682
4866,50,359999,0,user_13,955,958,4682
4870,51,359999,0,user_18,955,958,4682
4788,41,350000,0,user_35,953,957,
4961,42,300000,381000,user_41,956,957,
4882,43,260000,0,user_33,955,957,
4843,44,220000,256000,user_38,954,957,
4921,45,170001,0,user_1,956,957,4532
4928,66,170001,0,user_7,956,958,4532
4929,67,170001,0,user_7,956,958,4532
4926,65,170001,0,user_5,956,958,4532
4996,13,170001,0,user_7,957,959,4532
4920,50,169999,0,user_1,956,957,4532
4931,77,169999,0,user_7,956,958,4532
4923,75,169999,0,user_3,956,958,4532
4927,76,169999,0,user_6,956,958,4532
4936,78,169999,0,user_11,956,958,4532
5002,55,169999,0,user_10,957,957,4532
4830,56,150000,15300,user_21,954,957,
4841,57,150000,0,user_33,954,957,
4957,58,150000,35600,user_41,956,957,
4887,59,120000,0,user_41,955,957,
4786,60,120000,0,user_33,953,957,
4880,61,110000,0,user_30,955,957,
4878,62,100000,0,user_28,955,957,
4785,63,100000,0,user_33,953,957,
4959,64,100000,139000,user_41,956,957,
4781,65,98000,0,user_25,953,957,
4789,66,84000,0,user_35,953,957,
4932,95,82001,0,user_7,956,958,4835
4995,25,82001,0,user_7,957,959,4835
4997,26,82001,0,user_7,957,959,4835
4835,70,82000,17700000,user_25,954,957,
4924,98,81999,0,user_3,956,958,4835
4826,0,43000001,0,user_18,954,958,4103
4869,1,43000001,0,user_15,955,958,4103
4775,2,43000001,0,user_17,953,958,4103
4776,3,43000001,0,user_17,953,958,4103
4696,4,42999999,0,user_10,952,958,4103
4700,5,42999999,0,user_17,952,958,4103
4766,6,42999999,0,user_10,953,958,4103
4825,7,42999999,0,user_18,954,958,4103
4935,8,42999999,0,user_9,956,958,4103
4885,9,30000000,0,user_37,955,958,
4954,10,19000000,0,user_37,956,958,
4832,11,19000000,0,user_23,954,958,
4840,12,5200000,0,user_32,954,958,
4883,13,5200000,121000,user_35,955,958,
4823,14,5000001,0,user_16,954,958,4509
4842,15,5000000,0,user_35,954,958,
4659,16,4999999,0,user_17,951,958,4509
4774,17,4999999,0,user_17,953,958,4509
4863,18,4999999,0,user_10,955,958,4509
5016,19,3600000,0,user_24,957,958,
4941,20,2600000,0,user_24,956,958,
4922,21,2100001,0,user_2,956,958,4144
4925,22,2099999,0,user_3,956,958,4144
4824,23,2099999,0,user_17,954,958,4144
4675,24,2000000,0,user_41,951,958,
4833,25,2000000,0,user_23,954,958,
4951,26,1900000,0,user_33,956,958,
4665,27,1700000,66100,user_28,951,958,
4942,28,1700000,0,user_24,956,958,
4677,29,1500000,410000,user_43,951,958,
4949,30,1400000,0,user_31,956,958,
4799,31,1400000,0,user_49,953,958,
5038,32,1400000,0,user_47,957,958,
4930,33,1199999,0,user_7,956,958,4606
4988,34,1199999,0,user_2,957,958,4606
4836,35,1100000,39400,user_26,954,958,
4881,36,1100000,0,user_32,955,958,
5024,37,1100000,0,user_35,957,958,
4838,38,1000000,0,user_28,954,958,
4884,39,910000,0,user_35,955,958,
5023,40,870000,0,user_35,957,958,
4944,41,600000,0,user_25,956,958,
4894,42,460000,73100,user_47,955,958,
4892,43,420000,0,user_47,955,958,
4871,44,360001,0,user_18,955,958,4682
4856,45,359999,0,user_3,955,958,4682
4857,46,359999,0,user_5,955,958,4682
4858,47,359999,0,user_6,955,958,4682
4859,48,359999,0,user_7,955,958,4682
4864,49,359999,0,user_11,955,958,4682
4866,50,359999,0,user_13,955,958,4682
4870,51,359999,0,user_18,955,958,4682
4834,52,340000,49100,user_24,954,958,
4895,53,340000,0,user_47,955,958,
4719,54,340000,0,user_38,952,958,
4943,55,320000,0,user_25,956,958,
4621,56,310000,0,user_49,950,958,
4607,57,260000,0,user_38,950,958,
4672,58,260000,0,user_38,951,958,
4947,59,260000,0,user_30,956,958,
4893,60,260000,0,user_47,955,958,
4705,61,220000,0,user_23,952,958,
4844,62,220000,594000,user_41,954,958,
5012,63,220000,0,user_21,957,958,
4827,64,190000,0,user_20,954,958,
4926,65,170001,0,user_5,956,958,4532
4928,66,170001,0,user_7,956,958,4532
4929,67,170001,0,user_7,956,958,4532
5001,68,170001,0,user_9,957,958,4532
5007,69,170001,0,user_15,957,958,4532
5008,70,170001,0,user_15,957,958,4532
5048,71,170001,0,user_1,958,958,4532
4862,72,169999,0,user_9,955,958,4532
4868,73,169999,0,user_15,955,958,4532
4987,74,169999,0,user_0,957,958,4532
4923,75,169999,0,user_3,956,958,4532
4927,76,169999,0,user_6,956,958,4532
4931,77,169999,0,user_7,956,958,4532
4936,78,169999,0,user_11,956,958,4532
5000,79,169999,0,user_9,957,958,4532
5045,80,169999,0,user_0,958,958,4532
4953,81,150000,0,user_37,956,958,
4662,82,120000,0,user_20,951,958,
4676,83,120000,0,user_43,951,958,
4965,84,120000,0,user_47,956,958,
4794,85,120000,0,user_41,953,958,
4663,86,110000,16400,user_23,951,958,
4722,87,110000,0,user_41,952,958,
4726,88,110000,0,user_43,952,958,
4948,89,110000,0,user_30,956,958,
4783,90,110000,0,user_28,953,958,
4800,91,98000,381000,user_49,953,958,
4683,92,87000,0,user_49,951,958,
5021,93,87000,0,user_31,957,958,
4950,94,84000,0,user_32,956,958,
4932,95,82001,0,user_7,956,958,4835
5046,96,82001,0,user_0,958,958,4835
5025,97,82000,0,user_37,957,958,
4924,98,81999,0,user_3,956,958,4835
5047,99,81999,0,user_0,958,958,4835
5090,0,5000000,0,user_31,958,959,
4998,1,4999999,0,user_7,957,959,4509
5092,2,3500000,0,user_35,958,959,
4991,3,2100001,0,user_5,957,959,4144
4993,4,2100001,0,user_6,957,959,4144
4994,5,2100001,0,user_7,957,959,4144
5051,6,2099999,0,user_2,958,959,4144
5084,7,1500000,0,user_24,958,959,
5003,8,1200001,0,user_11,957,959,4606
4945,9,660000,0,user_26,956,959,
5078,10,460000,0,user_21,958,959,
5077,11,310000,0,user_21,958,959,
4956,12,260000,0,user_40,956,959,
4996,13,170001,0,user_7,957,959,4532
5050,14,170001,0,user_2,958,959,4532
5063,15,170001,0,user_9,958,959,4532
5113,16,170001,0,user_0,959,959,4532
5114,17,170001,0,user_1,959,959,4532
4989,18,169999,0,user_3,957,959,4532
4990,19,169999,0,user_5,957,959,4532
4992,20,169999,0,user_6,957,959,4532
4940,21,169999,0,user_18,956,959,4532
5004,22,169999,0,user_11,957,959,4532
5053,23,169999,0,user_2,958,959,4532
5065,24,169999,0,user_9,958,959,4532
4995,25,82001,0,user_7,957,959,4835
4997,26,82001,0,user_7,957,959,4835
5049,27,82001,0,user_2,958,959,4835
5052,28,82001,0,user_2,958,959,4835
5064,29,82001,0,user_9,958,959,4835
5112,30,82001,0,user_0,959,959,4835
4678,31,79000,0,user_43,951,959,
3961,0,470000,0,user_1,960,960,
3984,0,6100000,0,user_31,960,961,
3962,1,3600000,0,user_2,960,961,
3963,2,2500000,0,user_2,960,961,
3986,3,1500000,0,user_33,960,961,
3964,4,970000,0,user_2,960,961,
3965,5,240000,195000,user_2,960,961,
4004,6,239999,0,user_1,961,961,3965
3988,0,30000000,0,user_35,960,962,
3973,1,19000000,0,user_15,960,962,
3991,2,3600000,0,user_37,960,962,
4024,3,2500000,0,user_25,961,962,
3985,4,2100000,0,user_32,960,962,
4046,5,1400001,0,user_0,962,962,4010
4010,6,1400000,64600,user_9,961,962,
4022,7,650000,0,user_21,961,962,
3979,8,470000,18600,user_24,960,962,
4014,9,460000,0,user_15,961,962,
4030,10,340000,0,user_31,961,962,
4047,11,240001,0,user_1,962,962,3965
4048,12,240001,0,user_1,962,962,3965
4049,13,240001,0,user_1,962,962,3965
4050,14,239999,0,user_1,962,962,3965
4023,15,220000,0,user_24,961,962,
4013,16,160000,0,user_15,961,962,
4029,17,150000,0,user_30,961,962,
4032,18,150000,0,user_33,961,962,
3990,19,84000,0,user_37,960,962,
4068,19,27000000,0,user_20,962,969,
4076,27,5000000,108000,user_28,962,969,
4102,40,2100000,0,user_43,962,969,
4098,81,910000,0,user_41,962,969,
4044,96,420000,0,user_49,961,969,
4101,5,350000,0,user_43,962,963,
4036,6,260000,0,user_38,961,963,
4064,7,240001,0,user_17,962,963,3965
4122,8,240001,0,user_10,963,963,3965
4119,9,239999,0,user_7,963,963,3965
4080,0,4200000,31700,user_33,962,964,
4139,1,3500000,0,user_25,963,964,
4144,2,2100000,1100000,user_30,963,964,
4079,3,530000,0,user_31,962,964,
4145,4,530000,0,user_31,963,964,
4168,5,239999,0,user_1,964,964,3965
4146,6,170000,0,user_33,963,964,
4069,7,150000,0,user_21,962,964,
4083,8,130000,0,user_33,962,964,
4073,9,110000,0,user_25,962,964,
4131,10,100000,0,user_21,963,964,
4081,11,82000,0,user_33,962,964,
4082,12,79000,0,user_33,962,964,
4070,13,70000,0,user_21,962,964,
4224,13,27000001,0,user_7,965,969,4017
4186,69,1300000,0,user_23,964,969,
4184,2,360000,0,user_20,964,965,
4225,3,220001,0,user_7,965,965,4157
4229,4,219999,0,user_10,965,965,4157
4205,5,120000,0,user_43,964,965,
4165,0,6100000,0,user_47,963,966,
4088,1,5000000,0,user_35,962,966,
4200,2,4500000,0,user_33,964,966,
4152,3,3600000,0,user_37,963,966,
4211,4,3200000,0,user_47,964,966,
4282,5,2100001,0,user_1,966,966,4144
4215,6,2099999,0,user_0,965,966,4144
4193,7,1800000,0,user_30,964,966,
4197,8,1800000,0,user_33,964,966,
4199,9,1600000,0,user_33,964,966,
4203,10,1600000,0,user_35,964,966,
4110,11,1500000,0,user_47,962,966,
4091,12,1400000,56200,user_37,962,966,
4252,13,1100000,0,user_31,965,966,
4072,14,1000000,0,user_24,962,966,
4187,15,1000000,0,user_24,964,966,
4194,16,870000,0,user_30,964,966,
4188,17,650000,0,user_25,964,966,
4256,18,650000,0,user_33,965,966,
4255,19,600000,49100,user_33,965,966,
4126,20,470001,0,user_15,963,966,3979
4212,21,460000,0,user_47,964,966,
4113,22,420000,0,user_47,962,966,
4149,23,420000,5640,user_35,963,966,
4198,24,360000,0,user_33,964,966,
4031,25,350000,0,user_32,961,966,
4254,26,310000,108000,user_33,965,966,
4281,27,309999,0,user_1,966,966,4254
4056,28,240001,0,user_9,962,966,3965
4061,29,240001,0,user_15,962,966,3965
4178,30,240001,0,user_15,964,966,3965
4179,31,240001,0,user_15,964,966,3965
4060,32,239999,0,user_15,962,966,3965
4121,33,239999,0,user_9,963,966,3965
4172,34,239999,0,user_9,964,966,3965
4148,35,220000,0,user_35,963,966,
4111,36,170000,0,user_47,962,966,
4151,37,170000,30200,user_37,963,966,
4112,38,160000,0,user_47,962,966,
4150,39,110000,0,user_35,963,966,
4238,40,110000,34700,user_21,965,966,
4138,41,85000,0,user_24,963,966,
4090,42,83000,0,user_37,962,966,
4201,43,70000,0,user_33,964,966,
4288,0,43000001,0,user_6,966,969,4103
4294,1,43000001,0,user_13,966,969,4103
4298,2,42999999,0,user_17,966,972,4103
4231,6,42999999,0,user_16,965,969,4103
4375,7,42999999,0,user_2,967,969,4103
4230,14,27000001,0,user_12,965,969,4132
4226,21,26999999,0,user_8,965,969,4132
4251,28,5000000,0,user_29,965,969,
4271,29,5000000,0,user_46,965,969,
4330,12,2600000,23500,user_43,966,972,
3977,36,2400000,0,user_22,960,969,
4302,16,2400000,10700,user_20,966,972,
3999,47,2000000,16400,user_46,960,969,
4303,24,2000000,0,user_20,966,972,
4227,53,1999999,0,user_8,965,969,3999
3982,54,1900000,0,user_29,960,969,
3978,59,1600000,0,user_22,960,969,
3976,60,1600000,0,user_19,960,969,
4202,62,1500000,0,user_34,964,969,
4237,72,1000001,0,user_19,965,969,4213
4213,76,1000000,296000,user_48,964,969,
4381,31,999999,0,user_10,967,972,4213
3987,87,670000,0,user_34,960,969,
4327,39,670000,0,user_41,966,972,
3983,88,650000,0,user_29,960,969,
4301,48,420000,0,user_20,966,972,
3994,97,360000,0,user_40,960,969,
4240,27,350000,12800,user_22,965,967,
4304,61,340000,0,user_23,966,972,
3966,29,240001,0,user_3,960,967,3965
3967,30,240001,0,user_4,960,967,3965
3968,31,240001,0,user_8,960,967,3965
3970,32,240001,0,user_12,960,967,3965
4284,33,240001,0,user_3,966,967,3965
4285,34,240001,0,user_3,966,967,3965
4286,35,240001,0,user_4,966,967,3965
4181,36,240001,0,user_18,964,967,3965
4182,37,240001,0,user_18,964,967,3965
4292,38,240001,0,user_11,966,967,3965
3969,39,239999,0,user_11,960,967,3965
3971,40,239999,0,user_13,960,967,3965
3972,41,239999,0,user_14,960,967,3965
4233,42,239999,0,user_18,965,967,3965
4234,43,239999,0,user_18,965,967,3965
4235,44,239999,0,user_18,965,967,3965
4236,45,239999,0,user_18,965,967,3965
4379,46,220001,0,user_7,967,967,4157
4287,47,219999,0,user_5,966,967,4157
4241,48,120000,0,user_22,965,967,
4242,49,120000,0,user_22,965,967,
3975,50,110000,0,user_19,960,967,
4000,51,83000,0,user_48,960,967,
4239,52,77000,15700,user_22,965,967,
4445,0,43000001,0,user_10,968,972,4103
4299,8,42999999,0,user_18,966,969,4103
4436,9,42999999,0,user_2,968,969,4103
4390,11,3500000,0,user_20,967,972,
4444,18,2100001,0,user_10,968,972,4144
4325,86,870000,0,user_40,966,969,
4395,45,470000,0,user_23,967,972,
4400,63,340000,39400,user_28,967,972,
4393,64,310000,73100,user_20,967,972,
4293,9,240001,0,user_12,966,968,3965
4295,10,240001,0,user_14,966,968,3965
4296,11,240001,0,user_14,966,968,3965
4386,75,220001,0,user_17,967,972,4157
4377,13,220001,0,user_4,967,968,4157
4382,14,220001,0,user_11,967,968,4157
4442,73,220001,0,user_7,968,972,4157
4376,16,219999,0,user_3,967,968,4157
4378,17,219999,0,user_6,967,968,4157
4384,18,219999,0,user_13,967,968,4157
4441,79,219999,0,user_7,968,972,4157
4323,86,160000,0,user_38,966,972,
4392,88,150000,0,user_20,967,972,
4310,22,150000,0,user_29,966,968,
4389,92,120000,0,user_20,967,972,
4391,93,120000,256000,user_20,967,972,
4326,25,98000,0,user_40,966,968,
4417,98,73000,0,user_41,967,972,
4288,0,43000001,0,user_6,966,969,4103
4294,1,43000001,0,user_13,966,969,4103
4291,2,43000001,0,user_10,966,969,4103
4103,3,43000000,545000,user_44,962,969,
4183,4,42999999,0,user_19,964,969,4103
4218,5,42999999,0,user_5,965,969,4103
4231,6,42999999,0,user_16,965,969,4103
4375,7,42999999,0,user_2,967,969,4103
4299,8,42999999,0,user_18,966,969,4103
4436,9,42999999,0,user_2,968,969,4103
4135,10,30000000,0,user_23,963,969,
4411,11,30000000,0,user_37,967,969,
4171,12,27000001,0,user_7,964,969,4017
4224,13,27000001,0,user_7,965,969,4017
4230,14,27000001,0,user_12,965,969,4132
4025,15,27000000,0,user_26,961,969,
4071,16,27000000,0,user_22,962,969,
4017,17,27000000,84800,user_17,961,969,
4132,18,27000000,11200,user_22,963,969,
4068,19,27000000,0,user_20,962,969,
4057,20,26999999,0,user_10,962,969,4017
4226,21,26999999,0,user_8,965,969,4132
4129,22,19000000,0,user_20,963,969,
4243,23,19000000,39400,user_23,965,969,
4262,24,19000000,12800,user_41,965,969,
4170,25,5000001,0,user_7,964,969,4076
4174,26,5000001,0,user_10,964,969,4076
4076,27,5000000,108000,user_28,962,969,
4251,28,5000000,0,user_29,965,969,
4271,29,5000000,0,user_46,965,969,
4283,30,4999999,0,user_2,966,969,4076
4290,31,4199999,0,user_9,966,969,4080
4108,32,3500000,0,user_46,962,969,
4140,33,3500000,0,user_26,963,969,
3996,34,3200000,0,user_43,960,969,
4470,35,2500000,0,user_37,968,969,
3977,36,2400000,0,user_22,960,969,
4316,37,2300000,0,user_32,966,969,
4077,38,2100000,0,user_29,962,969,
4027,39,2100000,0,user_28,961,969,
4102,40,2100000,0,user_43,962,969,
4137,41,2100000,0,user_23,963,969,
4403,42,2100000,0,user_32,967,969,
4297,43,2099999,0,user_15,966,969,4144
4492,44,2099999,0,user_1,969,969,4144
4005,45,2000001,0,user_4,961,969,3999
4058,46,2000001,0,user_12,962,969,3999
3999,47,2000000,16400,user_46,960,969,
4106,48,2000000,0,user_46,962,969,
4266,49,2000000,0,user_41,965,969,
4464,50,2000000,0,user_30,968,969,
4009,51,1999999,0,user_8,961,969,3999
4051,52,1999999,0,user_4,962,969,3999
4227,53,1999999,0,user_8,965,969,3999
3982,54,1900000,0,user_29,960,969,
3981,55,1800000,0,user_28,960,969,
4143,56,1800000,0,user_29,963,969,
4154,57,1800000,0,user_38,963,969,
4115,58,1700000,0,user_48,962,969,
3978,59,1600000,0,user_22,960,969,
3976,60,1600000,0,user_19,960,969,
4021,61,1600000,0,user_20,961,969,
4202,62,1500000,0,user_34,964,969,
4450,63,1400001,0,user_15,968,969,4315
4311,64,1400000,0,user_30,966,969,
4306,65,1400000,0,user_24,966,969,
4315,66,1400000,181000,user_32,966,969,
4228,67,1399999,0,user_9,965,969,4091
4167,68,1300000,21800,user_48,963,969,
4186,69,1300000,0,user_23,964,969,
4312,70,1200000,0,user_30,966,969,
4162,71,1100000,0,user_44,963,969,
4237,72,1000001,0,user_19,965,969,4213
4105,73,1000000,0,user_46,962,969,
4084,74,1000000,5180,user_34,962,969,
4086,75,1000000,0,user_34,962,969,
4213,76,1000000,296000,user_48,964,969,
4214,77,1000000,0,user_49,964,969,
4459,78,1000000,0,user_24,968,969,
4166,79,970000,0,user_48,963,969,
4480,80,970000,0,user_47,968,969,
4098,81,910000,0,user_41,962,969,
4161,82,910000,0,user_43,963,969,
4314,83,910000,0,user_31,966,969,
4033,84,870000,0,user_34,961,969,
4130,85,870000,0,user_20,963,969,
4325,86,870000,0,user_40,966,969,
3987,87,670000,0,user_34,960,969,
3983,88,650000,0,user_29,960,969,
4163,89,650000,0,user_44,963,969,
4263,90,650000,0,user_41,965,969,
4423,91,600000,0,user_47,967,969,
4424,92,600000,0,user_47,967,969,
4273,93,460000,0,user_47,965,969,
4195,94,460000,0,user_32,964,969,
4204,95,460000,0,user_38,964,969,
4044,96,420000,0,user_49,961,969,
3994,97,360000,0,user_40,960,969,
4078,98,360000,0,user_29,962,969,
4039,99,360000,0,user_41,961,969,
4136,0,350000,0,user_23,963,970,
4158,1,350000,0,user_43,963,970,
4085,2,320000,0,user_34,962,970,
4059,3,310001,0,user_14,962,970,4042
4118,4,310001,0,user_4,963,970,4042
4123,5,310001,0,user_12,963,970,4042
4042,6,310000,12300,user_46,961,970,
4092,7,300000,0,user_38,962,970,
4007,8,240001,0,user_6,961,970,3965
4011,9,240001,0,user_13,961,970,3965
4012,10,240001,0,user_14,961,970,3965
4020,11,240001,0,user_19,961,970,3965
4052,12,240001,0,user_5,962,970,3965
4054,13,240001,0,user_6,962,970,3965
4124,14,240001,0,user_13,963,970,3965
4018,15,240001,0,user_18,961,970,3965
4065,16,240001,0,user_18,962,970,3965
4127,17,240001,0,user_16,963,970,3965
4128,18,240001,0,user_16,963,970,3965
4006,19,239999,0,user_5,961,970,3965
4008,20,239999,0,user_7,961,970,3965
4015,21,239999,0,user_16,961,970,3965
4019,22,239999,0,user_19,961,970,3965
4053,23,239999,0,user_6,962,970,3965
4055,24,239999,0,user_7,962,970,3965
4117,25,239999,0,user_3,963,970,3965
4062,26,239999,0,user_16,962,970,3965
4063,27,239999,0,user_16,962,970,3965
4066,28,239999,0,user_19,962,970,3965
4067,29,239999,0,user_19,962,970,3965
4028,30,220000,0,user_29,961,970,
4114,31,220000,0,user_48,962,970,
4157,32,220000,231000,user_41,963,970,
4153,33,220000,0,user_38,963,970,
4043,34,190000,0,user_46,961,970,
4125,35,160001,0,user_14,963,970,4109
4109,36,160000,369000,user_46,962,970,
4159,37,160000,0,user_43,963,970,
4120,38,159999,0,user_8,963,970,4109
3997,39,150000,0,user_43,960,970,
4133,40,150000,0,user_23,963,970,
4160,41,150000,0,user_43,963,970,
4016,42,120000,0,user_17,961,970,
4156,43,120000,8520,user_40,963,970,
3974,44,110000,0,user_17,960,970,
4142,45,110000,0,user_29,963,970,
4147,46,110000,0,user_34,963,970,
4001,47,100000,0,user_49,960,970,
4038,48,87000,0,user_40,961,970,
4041,49,87000,0,user_43,961,970,
4087,50,87000,0,user_34,962,970,
4107,51,84000,0,user_46,962,970,
4134,52,83000,0,user_23,963,970,
4116,53,82000,0,user_49,962,970,
3992,54,77000,0,user_38,960,970,
4650,9,42999999,0,user_10,971,976,4103
4593,29,1300000,164000,user_23,970,976,
4611,48,670000,0,user_41,970,976,
4648,88,160001,0,user_7,971,973,4109
4529,69,160000,35100,user_38,969,976,
4586,71,159999,0,user_17,970,976,4109
4542,74,150000,350000,user_49,969,976,
4612,75,150000,0,user_43,970,976,
4196,8,120000,0,user_32,964,971,
4445,0,43000001,0,user_10,968,972,4103
4502,1,43000001,0,user_13,969,972,4103
4298,2,42999999,0,user_17,966,972,4103
4320,3,27000000,0,user_34,966,972,
4525,4,6100000,5180,user_32,969,972,
4511,5,5000000,0,user_21,969,972,
4528,6,5000000,0,user_37,969,972,
4519,7,4200000,0,user_30,969,972,
4398,8,3600000,0,user_26,967,972,
4605,9,3600000,0,user_33,970,972,
4523,10,3500000,0,user_30,969,972,
4390,11,3500000,0,user_20,967,972,
4330,12,2600000,23500,user_43,966,972,
4664,13,2600000,0,user_25,971,972,
4463,14,2500000,0,user_29,968,972,
4318,15,2400000,0,user_34,966,972,
4302,16,2400000,10700,user_20,966,972,
4668,17,2300000,0,user_30,971,972,
4444,18,2100001,0,user_10,968,972,4144
4574,19,2100001,0,user_9,970,972,4144
4684,20,2100001,0,user_0,972,972,4144
4495,21,2099999,0,user_4,969,972,4144
4685,22,2099999,0,user_1,972,972,4144
4257,23,2000000,0,user_34,965,972,
4303,24,2000000,0,user_20,966,972,
4604,25,2000000,0,user_33,970,972,
4669,26,1900000,0,user_31,971,972,
4595,27,1400000,16400,user_25,970,972,
4606,28,1200000,7190000,user_37,970,972,
4667,29,1100000,0,user_30,971,972,
4380,30,1000001,0,user_8,967,972,4213
4381,31,999999,0,user_10,967,972,4213
4449,32,999999,0,user_13,968,972,4213
4501,33,999999,0,user_13,969,972,4213
4583,34,999999,0,user_15,970,972,4213
4649,35,999999,0,user_9,971,972,4213
4601,36,970000,0,user_31,970,972,
4591,37,910000,0,user_21,970,972,
4596,38,910000,0,user_25,970,972,
4327,39,670000,0,user_41,966,972,
4540,40,660000,0,user_47,969,972,
4524,41,650000,0,user_31,969,972,
4520,42,630000,0,user_30,969,972,
4331,43,600000,0,user_44,966,972,
4603,44,530000,0,user_33,970,972,
4395,45,470000,0,user_23,967,972,
4416,46,460000,0,user_40,967,972,
4462,47,460000,0,user_29,968,972,
4301,48,420000,0,user_20,966,972,
4600,49,370000,0,user_30,970,972,
4493,50,350001,0,user_2,969,972,4272
4563,51,350001,0,user_0,970,972,4272
4494,52,350001,0,user_3,969,972,4272
4496,53,350001,0,user_7,969,972,4272
4576,54,350001,0,user_9,970,972,4272
4577,55,350001,0,user_9,970,972,4272
4497,56,349999,0,user_7,969,972,4272
4564,57,349999,0,user_2,970,972,4272
4575,58,349999,0,user_9,970,972,4272
4578,59,349999,0,user_9,970,972,4272
4657,60,349999,0,user_15,971,972,4272
4304,61,340000,0,user_23,966,972,
4514,62,340000,0,user_24,969,972,
4400,63,340000,39400,user_28,967,972,
4393,64,310000,73100,user_20,967,972,
4319,65,300000,108000,user_34,966,972,
4515,66,260000,0,user_25,969,972,
4504,67,240001,0,user_15,969,972,3965
4437,68,220001,0,user_3,968,972,4157
4383,69,220001,0,user_12,967,972,4157
4388,70,220001,0,user_19,967,972,4157
4439,71,220001,0,user_5,968,972,4157
4440,72,220001,0,user_6,968,972,4157
4442,73,220001,0,user_7,968,972,4157
4448,74,220001,0,user_13,968,972,4157
4386,75,220001,0,user_17,967,972,4157
4602,76,220000,0,user_33,970,972,
4438,77,219999,0,user_4,968,972,4157
4300,78,219999,0,user_19,966,972,4157
4441,79,219999,0,user_7,968,972,4157
4387,80,219999,0,user_18,967,972,4157
4446,81,219999,0,user_11,968,972,4157
4447,82,160001,0,user_12,968,972,4109
4521,83,160000,0,user_30,969,972,
4466,84,160000,0,user_32,968,972,
4479,85,160000,0,user_46,968,972,
4323,86,160000,0,user_38,966,972,
4498,87,159999,0,user_7,969,972,4109
4392,88,150000,0,user_20,967,972,
4317,89,130000,0,user_34,966,972,
4276,90,120000,0,user_48,965,972,
4522,91,120000,0,user_30,969,972,
4389,92,120000,0,user_20,967,972,
4391,93,120000,256000,user_20,967,972,
4401,94,110000,43600,user_29,967,972,
4594,95,110000,0,user_24,970,972,
4513,96,98000,0,user_24,969,972,
4503,97,79001,0,user_15,969,972,4305
4417,98,73000,0,user_41,967,972,
4507,0,43000001,0,user_17,969,973,4103
4454,1,43000001,0,user_18,968,973,4103
4759,5,43000001,0,user_1,973,975,4103
4644,3,42999999,0,user_4,971,973,4103
4646,4,42999999,0,user_5,971,973,4103
4455,5,42999999,0,user_18,968,973,4103
4579,6,5000001,0,user_10,970,973,4509
4518,7,5000000,0,user_29,969,973,
4509,8,5000000,1100000,user_20,969,973,
4717,20,5000000,0,user_33,972,975,
4420,10,4500000,0,user_44,967,973,
4510,11,4200000,0,user_20,969,973,
4713,24,4200000,0,user_30,972,975,
4714,25,4200000,0,user_31,972,975,
4474,14,3600000,0,user_40,968,973,
4609,15,3500000,0,user_40,970,973,
4421,16,3200000,0,user_44,967,973,
4481,17,3200000,0,user_48,968,973,
4499,18,2100001,0,user_8,969,973,4144
4573,19,2100001,0,user_8,970,973,4144
4589,20,2100001,0,user_19,970,973,4144
4473,21,2100000,6390,user_40,968,973,
4643,22,2099999,0,user_4,971,973,4144
4457,23,2099999,0,user_18,968,973,4144
4699,29,2099999,0,user_15,972,975,4144
4539,25,2000000,0,user_46,969,973,
4419,26,2000000,0,user_44,967,973,
4538,27,1700000,0,user_44,969,973,
4472,28,1400000,0,user_38,968,973,
4534,29,1400000,5630,user_41,969,973,
4686,30,1200001,0,user_2,972,973,4606
4695,36,1200001,0,user_9,972,975,4606
4703,42,1200000,0,user_21,972,975,
4471,33,1100000,0,user_38,968,973,
4641,34,1000001,0,user_4,971,973,4213
4645,35,1000001,0,user_4,971,973,4213
4585,36,1000001,0,user_16,970,973,4213
4590,37,1000001,0,user_19,970,973,4213
4758,48,1000001,0,user_0,973,975,4213
4477,39,1000000,0,user_43,968,973,
4500,40,999999,0,user_8,969,973,4213
4570,41,999999,0,user_7,970,973,4213
4461,42,970000,13900,user_28,968,973,
4412,43,970000,0,user_38,967,973,
4592,44,910000,0,user_22,970,973,
4458,45,870000,0,user_20,968,973,
4533,46,650000,0,user_41,969,973,
4418,47,600000,0,user_44,967,973,
4708,52,530000,0,user_25,972,975,
4706,53,460000,0,user_24,972,975,
4619,50,420000,146000,user_46,970,973,
4526,51,420000,0,user_34,969,973,
4475,52,370000,8520,user_41,968,973,
4566,53,350001,0,user_4,970,973,4272
4568,54,350001,0,user_5,970,973,4272
4569,55,350001,0,user_6,970,973,4272
4581,56,350001,0,user_13,970,973,4272
4572,57,350001,0,user_8,970,973,4272
4580,58,350001,0,user_12,970,973,4272
4584,59,350001,0,user_16,970,973,4272
4647,60,350001,0,user_6,971,973,4272
4651,61,350001,0,user_11,971,973,4272
4565,62,349999,0,user_3,970,973,4272
4567,63,349999,0,user_5,970,973,4272
4639,64,349999,0,user_3,971,973,4272
4640,65,349999,0,user_3,971,973,4272
4582,66,349999,0,user_14,970,973,4272
4588,67,349999,0,user_19,970,973,4272
4468,68,340000,0,user_34,968,973,
4618,69,340000,0,user_46,970,973,
4535,70,340000,0,user_41,969,973,
4616,71,320000,322000,user_46,970,973,
4610,72,320000,0,user_40,970,973,
4642,73,319999,0,user_4,971,973,4616
4620,74,310000,0,user_46,970,973,
4597,75,310000,0,user_26,970,973,
4537,76,310000,0,user_43,969,973,
4505,77,220001,0,user_16,969,973,4157
4508,78,220001,0,user_19,969,973,4157
4425,79,220000,0,user_48,967,973,
4599,80,220000,43600,user_29,970,973,
4617,81,220000,0,user_46,970,973,
4452,82,219999,0,user_16,968,973,4157
4453,83,219999,0,user_18,968,973,4157
4456,84,219999,0,user_18,968,973,4157
4587,85,219999,0,user_18,970,973,4157
4532,86,170000,1100000,user_41,969,973,
4571,87,160001,0,user_7,970,973,4109
4648,88,160001,0,user_7,971,973,4109
4476,89,160000,0,user_41,968,973,
4715,70,160000,0,user_31,972,975,
4707,72,150000,0,user_25,972,975,
4512,92,120000,283000,user_22,969,973,
4541,93,120000,0,user_48,969,973,
4710,76,120000,350000,user_25,972,975,
4506,95,119999,0,user_17,969,973,4391
4426,96,110000,0,user_49,967,973,
4709,79,110000,0,user_25,972,975,
4517,98,100000,0,user_28,969,973,
4413,99,87000,16400,user_38,967,973,
4405,0,85000,0,user_34,967,974,
4775,2,43000001,0,user_17,973,978,4103
4776,3,43000001,0,user_17,973,978,4103
4688,0,43000001,0,user_4,972,976,4103
4689,1,43000001,0,user_6,972,976,4103
4690,2,43000001,0,user_6,972,976,4103
4759,5,43000001,0,user_1,973,975,4103
4693,3,43000001,0,user_8,972,976,4103
4694,4,43000001,0,user_8,972,976,4103
4661,5,43000001,0,user_19,971,976,4103
4815,6,43000001,0,user_3,974,976,4103
4764,7,43000001,0,user_8,973,976,4103
4698,10,42999999,0,user_13,972,976,4103
4761,11,42999999,0,user_4,973,976,4103
4701,12,42999999,0,user_18,972,976,4103
4767,13,42999999,0,user_11,973,976,4103
4816,14,42999999,0,user_4,974,976,4103
4778,15,42999999,0,user_18,973,976,4103
4832,11,19000000,0,user_23,974,978,
4798,16,19000000,0,user_46,973,976,
4729,17,6100000,146000,user_44,972,976,
4717,20,5000000,0,user_33,972,975,
4774,17,4999999,0,user_17,973,978,4509
4777,18,4999999,0,user_18,973,976,4509
4863,18,4999999,0,user_10,975,978,4509
4713,24,4200000,0,user_30,972,975,
4714,25,4200000,0,user_31,972,975,
4679,19,4200000,0,user_44,971,976,
4652,22,2100001,0,user_12,971,976,4144
4824,23,2099999,0,user_17,974,978,4144
4699,29,2099999,0,user_15,972,975,4144
4760,24,2099999,0,user_3,973,976,4144
4702,25,2099999,0,user_19,972,976,4144
4833,25,2000000,0,user_23,974,978,
4733,27,1700000,0,user_46,972,976,
4674,28,1600000,36800,user_40,971,976,
4799,31,1400000,0,user_49,973,978,
4695,36,1200001,0,user_9,972,975,4606
4768,32,1200001,0,user_11,973,976,4606
4770,33,1200001,0,user_13,973,976,4606
4769,34,1200001,0,user_12,973,976,4606
4779,35,1200001,0,user_19,973,976,4606
4820,36,1200001,0,user_11,974,976,4606
4703,42,1200000,0,user_21,972,975,
4687,39,1199999,0,user_3,972,976,4606
4697,40,1199999,0,user_12,972,976,4606
4771,41,1199999,0,user_14,973,976,4606
4818,42,1199999,0,user_6,974,976,4606
4655,44,1000001,0,user_14,971,976,4213
4758,48,1000001,0,user_0,973,975,4213
4838,38,1000000,0,user_28,974,978,
4654,46,999999,0,user_14,971,976,4213
4732,49,650000,0,user_46,972,976,
4708,52,530000,0,user_25,972,975,
4706,53,460000,0,user_24,972,975,
4613,51,460000,0,user_44,970,976,
4730,53,420000,0,user_44,972,976,
4762,55,360001,0,user_5,973,976,4682
4763,56,360001,0,user_5,973,976,4682
4666,57,360000,0,user_29,971,976,
4682,58,360000,959000,user_48,971,976,
4855,59,359999,0,user_2,975,976,4682
4859,48,359999,0,user_7,975,978,4682
4658,61,349999,0,user_16,971,976,4272
4660,62,349999,0,user_18,971,976,4272
4719,54,340000,0,user_38,972,978,
4656,63,320001,0,user_14,971,976,4616
4727,64,310000,0,user_44,972,976,
4844,62,220000,594000,user_41,974,978,
4827,64,190000,0,user_20,974,978,
4817,66,170001,0,user_5,974,976,4532
4715,70,160000,0,user_31,972,975,
4653,70,159999,0,user_14,971,976,4109
4707,72,150000,0,user_25,972,975,
4712,76,150000,0,user_29,972,976,
4793,77,150000,0,user_40,973,976,
4794,85,120000,0,user_41,973,978,
4710,76,120000,350000,user_25,972,975,
4680,79,120000,16400,user_44,971,976,
4783,90,110000,0,user_28,973,978,
4709,79,110000,0,user_25,972,975,
4728,80,110000,0,user_44,972,976,
4800,91,98000,381000,user_49,973,978,
4704,86,80000,0,user_22,972,976,
4718,87,79000,0,user_34,972,976,
4721,88,79000,0,user_40,972,976,
4688,0,43000001,0,user_4,972,976,4103
4689,1,43000001,0,user_6,972,976,4103
4690,2,43000001,0,user_6,972,976,4103
4693,3,43000001,0,user_8,972,976,4103
4694,4,43000001,0,user_8,972,976,4103
4661,5,43000001,0,user_19,971,976,4103
4815,6,43000001,0,user_3,974,976,4103
4764,7,43000001,0,user_8,973,976,4103
4814,2,42999999,0,user_0,974,977,4103
4650,9,42999999,0,user_10,971,976,4103
4698,10,42999999,0,user_13,972,976,4103
4761,11,42999999,0,user_4,973,976,4103
4701,12,42999999,0,user_18,972,976,4103
4767,13,42999999,0,user_11,973,976,4103
4816,14,42999999,0,user_4,974,976,4103
4778,15,42999999,0,user_18,973,976,4103
4798,16,19000000,0,user_46,973,976,
4729,17,6100000,146000,user_44,972,976,
4777,18,4999999,0,user_18,973,976,4509
4679,19,4200000,0,user_44,971,976,
4876,7,3200000,0,user_21,975,977,
4829,9,2600000,0,user_21,974,977,
4652,22,2100001,0,user_12,971,976,4144
4692,23,2100001,0,user_7,972,976,4144
4760,24,2099999,0,user_3,973,976,4144
4702,25,2099999,0,user_19,972,976,4144
4875,14,1800000,0,user_21,975,977,
4733,27,1700000,0,user_46,972,976,
4674,28,1600000,36800,user_40,971,976,
4593,29,1300000,164000,user_23,970,976,
4773,16,1200001,0,user_15,973,977,4606
4691,31,1200001,0,user_7,972,976,4606
4768,32,1200001,0,user_11,973,976,4606
4770,33,1200001,0,user_13,973,976,4606
4769,34,1200001,0,user_12,973,976,4606
4779,35,1200001,0,user_19,973,976,4606
4820,36,1200001,0,user_11,974,976,4606
4919,17,1200001,0,user_1,976,977,4606
4772,18,1199999,0,user_15,973,977,4606
4687,39,1199999,0,user_3,972,976,4606
4697,40,1199999,0,user_12,972,976,4606
4771,41,1199999,0,user_14,973,976,4606
4818,42,1199999,0,user_6,974,976,4606
4790,22,1100000,146000,user_37,973,977,
4655,44,1000001,0,user_14,971,976,4213
4765,24,999999,0,user_9,973,977,4213
4654,46,999999,0,user_14,971,976,4213
4716,28,670000,0,user_32,972,977,
4611,48,670000,0,user_41,970,976,
4732,49,650000,0,user_46,972,976,
4828,30,460000,0,user_21,974,977,
4613,51,460000,0,user_44,970,976,
4780,31,420000,0,user_21,973,977,
4730,53,420000,0,user_44,972,976,
4784,32,370000,0,user_31,973,977,
4762,55,360001,0,user_5,973,976,4682
4763,56,360001,0,user_5,973,976,4682
4666,57,360000,0,user_29,971,976,
4682,58,360000,959000,user_48,971,976,
4855,59,359999,0,user_2,975,976,4682
4788,41,350000,0,user_35,973,977,
4658,61,349999,0,user_16,971,976,4272
4660,62,349999,0,user_18,971,976,4272
4656,63,320001,0,user_14,971,976,4616
4727,64,310000,0,user_44,972,976,
4882,43,260000,0,user_33,975,977,
4817,66,170001,0,user_5,974,976,4532
4921,45,170001,0,user_1,976,977,4532
4920,50,169999,0,user_1,976,977,4532
4529,69,160000,35100,user_38,969,976,
4653,70,159999,0,user_14,971,976,4109
4586,71,159999,0,user_17,970,976,4109
4830,56,150000,15300,user_21,974,977,
4841,57,150000,0,user_33,974,977,
4542,74,150000,350000,user_49,969,976,
4612,75,150000,0,user_43,970,976,
4712,76,150000,0,user_29,972,976,
4793,77,150000,0,user_40,973,976,
4786,60,120000,0,user_33,973,977,
4680,79,120000,16400,user_44,971,976,
4728,80,110000,0,user_44,972,976,
4880,61,110000,0,user_30,975,977,
4785,63,100000,0,user_33,973,977,
4781,65,98000,0,user_25,973,977,
4789,66,84000,0,user_35,973,977,
4835,70,82000,17700000,user_25,974,977,
4704,86,80000,0,user_22,972,976,
4718,87,79000,0,user_34,972,976,
4721,88,79000,0,user_40,972,976,
4826,0,43000001,0,user_18,974,978,4103
4825,7,42999999,0,user_18,974,978,4103
4814,2,42999999,0,user_0,974,977,4103
4823,14,5000001,0,user_16,974,978,4509
4960,4,5000000,0,user_41,976,977,
4998,1,4999999,0,user_7,977,979,4509
4896,6,3500000,285000,user_49,975,977,
4876,7,3200000,0,user_21,975,977,
4853,8,3200000,0,user_49,974,977,
4829,9,2600000,0,user_21,974,977,
4922,21,2100001,0,user_2,976,978,4144
4994,5,2100001,0,user_7,977,979,4144
4925,22,2099999,0,user_3,976,978,4144
4852,13,2000000,0,user_49,974,977,
4875,14,1800000,0,user_21,975,977,
4873,15,1400000,0,user_20,975,977,
4773,16,1200001,0,user_15,973,977,4606
4919,17,1200001,0,user_1,976,977,4606
4772,18,1199999,0,user_15,973,977,4606
4930,33,1199999,0,user_7,976,978,4606
4988,34,1199999,0,user_2,977,978,4606
4836,35,1100000,39400,user_26,974,978,
4790,22,1100000,146000,user_37,973,977,
4958,23,1000000,0,user_41,976,977,
4765,24,999999,0,user_9,973,977,4213
4874,25,910000,36800,user_20,975,977,
4963,26,870000,139000,user_43,976,977,
4889,27,670000,0,user_43,975,977,
4716,28,670000,0,user_32,972,977,
4872,29,460000,0,user_20,975,977,
4828,30,460000,0,user_21,974,977,
4780,31,420000,0,user_21,973,977,
4784,32,370000,0,user_31,973,977,
4939,33,360001,0,user_17,976,977,4682
4871,44,360001,0,user_18,975,978,4682
4856,45,359999,0,user_3,975,978,4682
4857,46,359999,0,user_5,975,978,4682
4858,47,359999,0,user_6,975,978,4682
4864,49,359999,0,user_11,975,978,4682
4866,50,359999,0,user_13,975,978,4682
4870,51,359999,0,user_18,975,978,4682
4788,41,350000,0,user_35,973,977,
4961,42,300000,381000,user_41,976,977,
4882,43,260000,0,user_33,975,977,
4843,44,220000,256000,user_38,974,977,
4921,45,170001,0,user_1,976,977,4532
4928,66,170001,0,user_7,976,978,4532
4929,67,170001,0,user_7,976,978,4532
4926,65,170001,0,user_5,976,978,4532
4996,13,170001,0,user_7,977,979,4532
4920,50,169999,0,user_1,976,977,4532
4931,77,169999,0,user_7,976,978,4532
4923,75,169999,0,user_3,976,978,4532
4927,76,169999,0,user_6,976,978,4532
4936,78,169999,0,user_11,976,978,4532
5002,55,169999,0,user_10,977,977,4532
4830,56,150000,15300,user_21,974,977,
4841,57,150000,0,user_33,974,977,
4957,58,150000,35600,user_41,976,977,
4887,59,120000,0,user_41,975,977,
4786,60,120000,0,user_33,973,977,
4880,61,110000,0,user_30,975,977,
4878,62,100000,0,user_28,975,977,
4785,63,100000,0,user_33,973,977,
4959,64,100000,139000,user_41,976,977,
4781,65,98000,0,user_25,973,977,
4789,66,84000,0,user_35,973,977,
4932,95,82001,0,user_7,976,978,4835
4995,25,82001,0,user_7,977,979,4835
4997,26,82001,0,user_7,977,979,4835
4835,70,82000,17700000,user_25,974,977,
4924,98,81999,0,user_3,976,978,4835
4826,0,43000001,0,user_18,974,978,4103
4869,1,43000001,0,user_15,975,978,4103
4775,2,43000001,0,user_17,973,978,4103
4776,3,43000001,0,user_17,973,978,4103
4696,4,42999999,0,user_10,972,978,4103
4700,5,42999999,0,user_17,972,978,4103
4766,6,42999999,0,user_10,973,978,4103
4825,7,42999999,0,user_18,974,978,4103
4935,8,42999999,0,user_9,976,978,4103
4885,9,30000000,0,user_37,975,978,
4954,10,19000000,0,user_37,976,978,
4832,11,19000000,0,user_23,974,978,
4840,12,5200000,0,user_32,974,978,
4883,13,5200000,121000,user_35,975,978,
4823,14,5000001,0,user_16,974,978,4509
4842,15,5000000,0,user_35,974,978,
4659,16,4999999,0,user_17,971,978,4509
4774,17,4999999,0,user_17,973,978,4509
4863,18,4999999,0,user_10,975,978,4509
5016,19,3600000,0,user_24,977,978,
4941,20,2600000,0,user_24,976,978,
4922,21,2100001,0,user_2,976,978,4144
4925,22,2099999,0,user_3,976,978,4144
4824,23,2099999,0,user_17,974,978,4144
4675,24,2000000,0,user_41,971,978,
4833,25,2000000,0,user_23,974,978,
4951,26,1900000,0,user_33,976,978,
4665,27,1700000,66100,user_28,971,978,
4942,28,1700000,0,user_24,976,978,
4677,29,1500000,410000,user_43,971,978,
4949,30,1400000,0,user_31,976,978,
4799,31,1400000,0,user_49,973,978,
5038,32,1400000,0,user_47,977,978,
4930,33,1199999,0,user_7,976,978,4606
4988,34,1199999,0,user_2,977,978,4606
4836,35,1100000,39400,user_26,974,978,
4881,36,1100000,0,user_32,975,978,
5024,37,1100000,0,user_35,977,978,
4838,38,1000000,0,user_28,974,978,
4884,39,910000,0,user_35,975,978,
5023,40,870000,0,user_35,977,978,
4944,41,600000,0,user_25,976,978,
4894,42,460000,73100,user_47,975,978,
4892,43,420000,0,user_47,975,978,
4871,44,360001,0,user_18,975,978,4682
4856,45,359999,0,user_3,975,978,4682
4857,46,359999,0,user_5,975,978,4682
4858,47,359999,0,user_6,975,978,4682
4859,48,359999,0,user_7,975,978,4682
4864,49,359999,0,user_11,975,978,4682
4866,50,359999,0,user_13,975,978,4682
4870,51,359999,0,user_18,975,978,4682
4834,52,340000,49100,user_24,974,978,
4895,53,340000,0,user_47,975,978,
4719,54,340000,0,user_38,972,978,
4943,55,320000,0,user_25,976,978,
4621,56,310000,0,user_49,970,978,
4607,57,260000,0,user_38,970,978,
4672,58,260000,0,user_38,971,978,
4947,59,260000,0,user_30,976,978,
4893,60,260000,0,user_47,975,978,
4705,61,220000,0,user_23,972,978,
4844,62,220000,594000,user_41,974,978,
5012,63,220000,0,user_21,977,978,
4827,64,190000,0,user_20,974,978,
4926,65,170001,0,user_5,976,978,4532
4928,66,170001,0,user_7,976,978,4532
4929,67,170001,0,user_7,976,978,4532
5001,68,170001,0,user_9,977,978,4532
5007,69,170001,0,user_15,977,978,4532
5008,70,170001,0,user_15,977,978,4532
5048,71,170001,0,user_1,978,978,4532
4862,72,169999,0,user_9,975,978,4532
4868,73,169999,0,user_15,975,978,4532
4987,74,169999,0,user_0,977,978,4532
4923,75,169999,0,user_3,976,978,4532
4927,76,169999,0,user_6,976,978,4532
4931,77,169999,0,user_7,976,978,4532
4936,78,169999,0,user_11,976,978,4532
5000,79,169999,0,user_9,977,978,4532
5045,80,169999,0,user_0,978,978,4532
4953,81,150000,0,user_37,976,978,
4662,82,120000,0,user_20,971,978,
4676,83,120000,0,user_43,971,978,
4965,84,120000,0,user_47,976,978,
4794,85,120000,0,user_41,973,978,
4663,86,110000,16400,user_23,971,978,
4722,87,110000,0,user_41,972,978,
4726,88,110000,0,user_43,972,978,
4948,89,110000,0,user_30,976,978,
4783,90,110000,0,user_28,973,978,
4800,91,98000,381000,user_49,973,978,
4683,92,87000,0,user_49,971,978,
5021,93,87000,0,user_31,977,978,
4950,94,84000,0,user_32,976,978,
4932,95,82001,0,user_7,976,978,4835
5046,96,82001,0,user_0,978,978,4835
5025,97,82000,0,user_37,977,978,
4924,98,81999,0,user_3,976,978,4835
5047,99,81999,0,user_0,978,978,4835
5090,0,5000000,0,user_31,978,979,
4998,1,4999999,0,user_7,977,979,4509
5092,2,3500000,0,user_35,978,979,
4991,3,2100001,0,user_5,977,979,4144
4993,4,2100001,0,user_6,977,979,4144
4994,5,2100001,0,user_7,977,979,4144
5051,6,2099999,0,user_2,978,979,4144
5084,7,1500000,0,user_24,978,979,
5003,8,1200001,0,user_11,977,979,4606
4945,9,660000,0,user_26,976,979,
5078,10,460000,0,user_21,978,979,
5077,11,310000,0,user_21,978,979,
4956,12,260000,0,user_40,976,979,
4996,13,170001,0,user_7,977,979,4532
5050,14,170001,0,user_2,978,979,4532
5063,15,170001,0,user_9,978,979,4532
5113,16,170001,0,user_0,979,979,4532
5114,17,170001,0,user_1,979,979,4532
4989,18,169999,0,user_3,977,979,4532
4990,19,169999,0,user_5,977,979,4532
4992,20,169999,0,user_6,977,979,4532
4940,21,169999,0,user_18,976,979,4532
5004,22,169999,0,user_11,977,979,4532
5053,23,169999,0,user_2,978,979,4532
5065,24,169999,0,user_9,978,979,4532
4995,25,82001,0,user_7,977,979,4835
4997,26,82001,0,user_7,977,979,4835
5049,27,82001,0,user_2,978,979,4835
5052,28,82001,0,user_2,978,979,4835
5064,29,82001,0,user_9,978,979,4835
5112,30,82001,0,user_0,979,979,4835
4678,31,79000,0,user_43,971,979,
3961,0,470000,0,user_1,980,980,
3984,0,6100000,0,user_31,980,981,
3962,1,3600000,0,user_2,980,981,
3963,2,2500000,0,user_2,980,981,
3986,3,1500000,0,user_33,980,981,
3964,4,970000,0,user_2,980,981,
3965,5,240000,195000,user_2,980,981,
4004,6,239999,0,user_1,981,981,3965
3988,0,30000000,0,user_35,980,982,
3973,1,19000000,0,user_15,980,982,
3991,2,3600000,0,user_37,980,982,
4024,3,2500000,0,user_25,981,982,
3985,4,2100000,0,user_32,980,982,
4046,5,1400001,0,user_0,982,982,4010
4010,6,1400000,64600,user_9,981,982,
4022,7,650000,0,user_21,981,982,
3979,8,470000,18600,user_24,980,982,
4014,9,460000,0,user_15,981,982,
4030,10,340000,0,user_31,981,982,
4047,11,240001,0,user_1,982,982,3965
4048,12,240001,0,user_1,982,982,3965
4049,13,240001,0,user_1,982,982,3965
4050,14,239999,0,user_1,982,982,3965
4023,15,220000,0,user_24,981,982,
4013,16,160000,0,user_15,981,982,
4029,17,150000,0,user_30,981,982,
4032,18,150000,0,user_33,981,982,
3990,19,84000,0,user_37,980,982,
4068,19,27000000,0,user_20,982,989,
4076,27,5000000,108000,user_28,982,989,
4102,40,2100000,0,user_43,982,989,
4098,81,910000,0,user_41,982,989,
4044,96,420000,0,user_49,981,989,
4101,5,350000,0,user_43,982,983,
4036,6,260000,0,user_38,981,983,
4064,7,240001,0,user_17,982,983,3965
4122,8,240001,0,user_10,983,983,3965
4119,9,239999,0,user_7,983,983,3965
4080,0,4200000,31700,user_33,982,984,
4139,1,3500000,0,user_25,983,984,
4144,2,2100000,1100000,user_30,983,984,
4079,3,530000,0,user_31,982,984,
4145,4,530000,0,user_31,983,984,
4168,5,239999,0,user_1,984,984,3965
4146,6,170000,0,user_33,983,984,
4069,7,150000,0,user_21,982,984,
4083,8,130000,0,user_33,982,984,
4073,9,110000,0,user_25,982,984,
4131,10,100000,0,user_21,983,984,
4081,11,82000,0,user_33,982,984,
4082,12,79000,0,user_33,982,984,
4070,13,70000,0,user_21,982,984,
4224,13,27000001,0,user_7,985,989,4017
4186,69,1300000,0,user_23,984,989,
4184,2,360000,0,user_20,984,985,
4225,3,220001,0,user_7,985,985,4157
4229,4,219999,0,user_10,985,985,4157
4205,5,120000,0,user_43,984,985,
4165,0,6100000,0,user_47,983,986,
4088,1,5000000,0,user_35,982,986,
4200,2,4500000,0,user_33,984,986,
4152,3,3600000,0,user_37,983,986,
4211,4,3200000,0,user_47,984,986,
4282,5,2100001,0,user_1,986,986,4144
4215,6,2099999,0,user_0,985,986,4144
4193,7,1800000,0,user_30,984,986,
4197,8,1800000,0,user_33,984,986,
4199,9,1600000,0,user_33,984,986,
4203,10,1600000,0,user_35,984,986,
4110,11,1500000,0,user_47,982,986,
4091,12,1400000,56200,user_37,982,986,
4252,13,1100000,0,user_31,985,986,
4072,14,1000000,0,user_24,982,986,
4187,15,1000000,0,user_24,984,986,
4194,16,870000,0,user_30,984,986,
4188,17,650000,0,user_25,984,986,
4256,18,650000,0,user_33,985,986,
4255,19,600000,49100,user_33,985,986,
4126,20,470001,0,user_15,983,986,3979
4212,21,460000,0,user_47,984,986,
4113,22,420000,0,user_47,982,986,
4149,23,420000,5640,user_35,983,986,
4198,24,360000,0,user_33,984,986,
4031,25,350000,0,user_32,981,986,
4254,26,310000,108000,user_33,985,986,
4281,27,309999,0,user_1,986,986,4254
4056,28,240001,0,user_9,982,986,3965
4061,29,240001,0,user_15,982,986,3965
4178,30,240001,0,user_15,984,986,3965
4179,31,240001,0,user_15,984,986,3965
4060,32,239999,0,user_15,982,986,3965
4121,33,239999,0,user_9,983,986,3965
4172,34,239999,0,user_9,984,986,3965
4148,35,220000,0,user_35,983,986,
4111,36,170000,0,user_47,982,986,
4151,37,170000,30200,user_37,983,986,
4112,38,160000,0,user_47,982,986,
4150,39,110000,0,user_35,983,986,
4238,40,110000,34700,user_21,985,986,
4138,41,85000,0,user_24,983,986,
4090,42,83000,0,user_37,982,986,
4201,43,70000,0,user_33,984,986,
4288,0,43000001,0,user_6,986,989,4103
4294,1,43000001,0,user_13,986,989,4103
4298,2,42999999,0,user_17,986,992,4103
4231,6,42999999,0,user_16,985,989,4103
4375,7,42999999,0,user_2,987,989,4103
4230,14,27000001,0,user_12,985,989,4132
4226,21,26999999,0,user_8,985,989,4132
4251,28,5000000,0,user_29,985,989,
4271,29,5000000,0,user_46,985,989,
4330,12,2600000,23500,user_43,986,992,
3977,36,2400000,0,user_22,980,989,
4302,16,2400000,10700,user_20,986,992,
3999,47,2000000,16400,user_46,980,989,
4303,24,2000000,0,user_20,986,992,
4227,53,1999999,0,user_8,985,989,3999
3982,54,1900000,0,user_29,980,989,
3978,59,1600000,0,user_22,980,989,
3976,60,1600000,0,user_19,980,989,
4202,62,1500000,0,user_34,984,989,
4237,72,1000001,0,user_19,985,989,4213
4213,76,1000000,296000,user_48,984,989,
4381,31,999999,0,user_10,987,992,4213
3987,87,670000,0,user_34,980,989,
4327,39,670000,0,user_41,986,992,
3983,88,650000,0,user_29,980,989,
4301,48,420000,0,user_20,986,992,
3994,97,360000,0,user_40,980,989,
4240,27,350000,12800,user_22,985,987,
4304,61,340000,0,user_23,986,992,
3966,29,240001,0,user_3,980,987,3965
3967,30,240001,0,user_4,980,987,3965
3968,31,240001,0,user_8,980,987,3965
3970,32,240001,0,user_12,980,987,3965
4284,33,240001,0,user_3,986,987,3965
4285,34,240001,0,user_3,986,987,3965
4286,35,240001,0,user_4,986,987,3965
4181,36,240001,0,user_18,984,987,3965
4182,37,240001,0,user_18,984,987,3965
4292,38,240001,0,user_11,986,987,3965
3969,39,239999,0,user_11,980,987,3965
3971,40,239999,0,user_13,980,987,3965
3972,41,239999,0,user_14,980,987,3965
4233,42,239999,0,user_18,985,987,3965
4234,43,239999,0,user_18,985,987,3965
4235,44,239999,0,user_18,985,987,3965
4236,45,239999,0,user_18,985,987,3965
4379,46,220001,0,user_7,987,987,4157
4287,47,219999,0,user_5,986,987,4157
4241,48,120000,0,user_22,985,987,
4242,49,120000,0,user_22,985,987,
3975,50,110000,0,user_19,980,987,
4000,51,83000,0,user_48,980,987,
4239,52,77000,15700,user_22,985,987,
4445,0,43000001,0,user_10,988,992,4103
4299,8,42999999,0,user_18,986,989,4103
4436,9,42999999,0,user_2,988,989,4103
4390,11,3500000,0,user_20,987,992,
4444,18,2100001,0,user_10,988,992,4144
4325,86,870000,0,user_40,986,989,
4395,45,470000,0,user_23,987,992,
4400,63,340000,39400,user_28,987,992,
4393,64,310000,73100,user_20,987,992,
4293,9,240001,0,user_12,986,988,3965
4295,10,240001,0,user_14,986,988,3965
4296,11,240001,0,user_14,986,988,3965
4386,75,220001,0,user_17,987,992,4157
4377,13,220001,0,user_4,987,988,4157
4382,14,220001,0,user_11,987,988,4157
4442,73,220001,0,user_7,988,992,4157
4376,16,219999,0,user_3,987,988,4157
4378,17,219999,0,user_6,987,988,4157
4384,18,219999,0,user_13,987,988,4157
4441,79,219999,0,user_7,988,992,4157
4323,86,160000,0,user_38,986,992,
4392,88,150000,0,user_20,987,992,
4310,22,150000,0,user_29,986,988,
4389,92,120000,0,user_20,987,992,
4391,93,120000,256000,user_20,987,992,
4326,25,98000,0,user_40,986,988,
4417,98,73000,0,user_41,987,992,
4288,0,43000001,0,user_6,986,989,4103
4294,1,43000001,0,user_13,986,989,4103
4291,2,43000001,0,user_10,986,989,4103
4103,3,43000000,545000,user_44,982,989,
4183,4,42999999,0,user_19,984,989,4103
4218,5,42999999,0,user_5,985,989,4103
4231,6,42999999,0,user_16,985,989,4103
4375,7,42999999,0,user_2,987,989,4103
4299,8,42999999,0,user_18,986,989,4103
4436,9,42999999,0,user_2,988,989,4103
4135,10,30000000,0,user_23,983,989,
4411,11,30000000,0,user_37,987,989,
4171,12,27000001,0,user_7,984,989,4017
4224,13,27000001,0,user_7,985,989,4017
4230,14,27000001,0,user_12,985,989,4132
4025,15,27000000,0,user_26,981,989,
4071,16,27000000,0,user_22,982,989,
4017,17,27000000,84800,user_17,981,989,
4132,18,27000000,11200,user_22,983,989,
4068,19,27000000,0,user_20,982,989,
4057,20,26999999,0,user_10,982,989,4017
4226,21,26999999,0,user_8,985,989,4132
4129,22,19000000,0,user_20,983,989,
4243,23,19000000,39400,user_23,985,989,
4262,24,19000000,12800,user_41,985,989,
4170,25,5000001,0,user_7,984,989,4076
4174,26,5000001,0,user_10,984,989,4076
4076,27,5000000,108000,user_28,982,989,
4251,28,5000000,0,user_29,985,989,
4271,29,5000000,0,user_46,985,989,
4283,30,4999999,0,user_2,986,989,4076
4290,31,4199999,0,user_9,986,989,4080
4108,32,3500000,0,user_46,982,989,
4140,33,3500000,0,user_26,983,989,
3996,34,3200000,0,user_43,980,989,
4470,35,2500000,0,user_37,988,989,
3977,36,2400000,0,user_22,980,989,
4316,37,2300000,0,user_32,986,989,
4077,38,2100000,0,user_29,982,989,
4027,39,2100000,0,user_28,981,989,
4102,40,2100000,0,user_43,982,989,
4137,41,2100000,0,user_23,983,989,
4403,42,2100000,0,user_32,987,989,
4297,43,2099999,0,user_15,986,989,4144
4492,44,2099999,0,user_1,989,989,4144
4005,45,2000001,0,user_4,981,989,3999
4058,46,2000001,0,user_12,982,989,3999
3999,47,2000000,16400,user_46,980,989,
4106,48,2000000,0,user_46,982,989,
4266,49,2000000,0,user_41,985,989,
4464,50,2000000,0,user_30,988,989,
4009,51,1999999,0,user_8,981,989,3999
4051,52,1999999,0,user_4,982,989,3999
4227,53,1999999,0,user_8,985,989,3999
3982,54,1900000,0,user_29,980,989,
3981,55,1800000,0,user_28,980,989,
4143,56,1800000,0,user_29,983,989,
4154,57,1800000,0,user_38,983,989,
4115,58,1700000,0,user_48,982,989,
3978,59,1600000,0,user_22,980,989,
3976,60,1600000,0,user_19,980,989,
4021,61,1600000,0,user_20,981,989,
4202,62,1500000,0,user_34,984,989,
4450,63,1400001,0,user_15,988,989,4315
4311,64,1400000,0,user_30,986,989,
4306,65,1400000,0,user_24,986,989,
4315,66,1400000,181000,user_32,986,989,
4228,67,1399999,0,user_9,985,989,4091
4167,68,1300000,21800,user_48,983,989,
4186,69,1300000,0,user_23,984,989,
4312,70,1200000,0,user_30,986,989,
4162,71,1100000,0,user_44,983,989,
4237,72,1000001,0,user_19,985,989,4213
4105,73,1000000,0,user_46,982,989,
4084,74,1000000,5180,user_34,982,989,
4086,75,1000000,0,user_34,982,989,
4213,76,1000000,296000,user_48,984,989,
4214,77,1000000,0,user_49,984,989,
4459,78,1000000,0,user_24,988,989,
4166,79,970000,0,user_48,983,989,
4480,80,970000,0,user_47,988,989,
4098,81,910000,0,user_41,982,989,
4161,82,910000,0,user_43,983,989,
4314,83,910000,0,user_31,986,989,
4033,84,870000,0,user_34,981,989,
4130,85,870000,0,user_20,983,989,
4325,86,870000,0,user_40,986,989,
3987,87,670000,0,user_34,980,989,
3983,88,650000,0,user_29,980,989,
4163,89,650000,0,user_44,983,989,
4263,90,650000,0,user_41,985,989,
4423,91,600000,0,user_47,987,989,
4424,92,600000,0,user_47,987,989,
4273,93,460000,0,user_47,985,989,
4195,94,460000,0,user_32,984,989,
4204,95,460000,0,user_38,984,989,
4044,96,420000,0,user_49,981,989,
3994,97,360000,0,user_40,980,989,
4078,98,360000,0,user_29,982,989,
4039,99,360000,0,user_41,981,989,
4136,0,350000,0,user_23,983,990,
4158,1,350000,0,user_43,983,990,
4085,2,320000,0,user_34,982,990,
4059,3,310001,0,user_14,982,990,4042
4118,4,310001,0,user_4,983,990,4042
4123,5,310001,0,user_12,983,990,4042
4042,6,310000,12300,user_46,981,990,
4092,7,300000,0,user_38,982,990,
4007,8,240001,0,user_6,981,990,3965
4011,9,240001,0,user_13,981,990,3965
4012,10,240001,0,user_14,981,990,3965
4020,11,240001,0,user_19,981,990,3965
4052,12,240001,0,user_5,982,990,3965
4054,13,240001,0,user_6,982,990,3965
4124,14,240001,0,user_13,983,990,3965
4018,15,240001,0,user_18,981,990,3965
4065,16,240001,0,user_18,982,990,3965
4127,17,240001,0,user_16,983,990,3965
4128,18,240001,0,user_16,983,990,3965
4006,19,239999,0,user_5,981,990,3965
4008,20,239999,0,user_7,981,990,3965
4015,21,239999,0,user_16,981,990,3965
4019,22,239999,0,user_19,981,990,3965
4053,23,239999,0,user_6,982,990,3965
4055,24,239999,0,user_7,982,990,3965
4117,25,239999,0,user_3,983,990,3965
4062,26,239999,0,user_16,982,990,3965
4063,27,239999,0,user_16,982,990,3965
4066,28,239999,0,user_19,982,990,3965
4067,29,239999,0,user_19,982,990,3965
4028,30,220000,0,user_29,981,990,
4114,31,220000,0,user_48,982,990,
4157,32,220000,231000,user_41,983,990,
4153,33,220000,0,user_38,983,990,
4043,34,190000,0,user_46,981,990,
4125,35,160001,0,user_14,983,990,4109
4109,36,160000,369000,user_46,982,990,
4159,37,160000,0,user_43,983,990,
4120,38,159999,0,user_8,983,990,4109
3997,39,150000,0,user_43,980,990,
4133,40,150000,0,user_23,983,990,
4160,41,150000,0,user_43,983,990,
4016,42,120000,0,user_17,981,990,
4156,43,120000,8520,user_40,983,990,
3974,44,110000,0,user_17,980,990,
4142,45,110000,0,user_29,983,990,
4147,46,110000,0,user_34,983,990,
4001,47,100000,0,user_49,980,990,
4038,48,87000,0,user_40,981,990,
4041,49,87000,0,user_43,981,990,
4087,50,87000,0,user_34,982,990,
4107,51,84000,0,user_46,982,990,
4134,52,83000,0,user_23,983,990,
4116,53,82000,0,user_49,982,990,
3992,54,77000,0,user_38,980,990,
4650,9,42999999,0,user_10,991,996,4103
4593,29,1300000,164000,user_23,990,996,
4611,48,670000,0,user_41,990,996,
4648,88,160001,0,user_7,991,993,4109
4529,69,160000,35100,user_38,989,996,
4586,71,159999,0,user_17,990,996,4109
4542,74,150000,350000,user_49,989,996,
4612,75,150000,0,user_43,990,996,
4196,8,120000,0,user_32,984,991,
4445,0,43000001,0,user_10,988,992,4103
4502,1,43000001,0,user_13,989,992,4103
4298,2,42999999,0,user_17,986,992,4103
4320,3,27000000,0,user_34,986,992,
4525,4,6100000,5180,user_32,989,992,
4511,5,5000000,0,user_21,989,992,
4528,6,5000000,0,user_37,989,992,
4519,7,4200000,0,user_30,989,992,
4398,8,3600000,0,user_26,987,992,
4605,9,3600000,0,user_33,990,992,
4523,10,3500000,0,user_30,989,992,
4390,11,3500000,0,user_20,987,992,
4330,12,2600000,23500,user_43,986,992,
4664,13,2600000,0,user_25,991,992,
4463,14,2500000,0,user_29,988,992,
4318,15,2400000,0,user_34,986,992,
4302,16,2400000,10700,user_20,986,992,
4668,17,2300000,0,user_30,991,992,
4444,18,2100001,0,user_10,988,992,4144
4574,19,2100001,0,user_9,990,992,4144
4684,20,2100001,0,user_0,992,992,4144
4495,21,2099999,0,user_4,989,992,4144
4685,22,2099999,0,user_1,992,992,4144
4257,23,2000000,0,user_34,985,992,
4303,24,2000000,0,user_20,986,992,
4604,25,2000000,0,user_33,990,992,
4669,26,1900000,0,user_31,991,992,
4595,27,1400000,16400,user_25,990,992,
4606,28,1200000,7190000,user_37,990,992,
4667,29,1100000,0,user_30,991,992,
4380,30,1000001,0,user_8,987,992,4213
4381,31,999999,0,user_10,987,992,4213
4449,32,999999,0,user_13,988,992,4213
4501,33,999999,0,user_13,989,992,4213
4583,34,999999,0,user_15,990,992,4213
4649,35,999999,0,user_9,991,992,4213
4601,36,970000,0,user_31,990,992,
4591,37,910000,0,user_21,990,992,
4596,38,910000,0,user_25,990,992,
4327,39,670000,0,user_41,986,992,
4540,40,660000,0,user_47,989,992,
4524,41,650000,0,user_31,989,992,
4520,42,630000,0,user_30,989,992,
4331,43,600000,0,user_44,986,992,
4603,44,530000,0,user_33,990,992,
4395,45,470000,0,user_23,987,992,
4416,46,460000,0,user_40,987,992,
4462,47,460000,0,user_29,988,992,
4301,48,420000,0,user_20,986,992,
4600,49,370000,0,user_30,990,992,
4493,50,350001,0,user_2,989,992,4272
4563,51,350001,0,user_0,990,992,4272
4494,52,350001,0,user_3,989,992,4272
4496,53,350001,0,user_7,989,992,4272
4576,54,350001,0,user_9,990,992,4272
4577,55,350001,0,user_9,990,992,4272
4497,56,349999,0,user_7,989,992,4272
4564,57,349999,0,user_2,990,992,4272
4575,58,349999,0,user_9,990,992,4272
4578,59,349999,0,user_9,990,992,4272
4657,60,349999,0,user_15,991,992,4272
4304,61,340000,0,user_23,986,992,
4514,62,340000,0,user_24,989,992,
4400,63,340000,39400,user_28,987,992,
4393,64,310000,73100,user_20,987,992,
4319,65,300000,108000,user_34,986,992,
4515,66,260000,0,user_25,989,992,
4504,67,240001,0,user_15,989,992,3965
4437,68,220001,0,user_3,988,992,4157
4383,69,220001,0,user_12,987,992,4157
4388,70,220001,0,user_19,987,992,4157
4439,71,220001,0,user_5,988,992,4157
4440,72,220001,0,user_6,988,992,4157
4442,73,220001,0,user_7,988,992,4157
4448,74,220001,0,user_13,988,992,4157
4386,75,220001,0,user_17,987,992,4157
4602,76,220000,0,user_33,990,992,
4438,77,219999,0,user_4,988,992,4157
4300,78,219999,0,user_19,986,992,4157
4441,79,219999,0,user_7,988,992,4157
4387,80,219999,0,user_18,987,992,4157
4446,81,219999,0,user_11,988,992,4157
4447,82,160001,0,user_12,988,992,4109
4521,83,160000,0,user_30,989,992,
4466,84,160000,0,user_32,988,992,
4479,85,160000,0,user_46,988,992,
4323,86,160000,0,user_38,986,992,
4498,87,159999,0,user_7,989,992,4109
4392,88,150000,0,user_20,987,992,
4317,89,130000,0,user_34,986,992,
4276,90,120000,0,user_48,985,992,
4522,91,120000,0,user_30,989,992,
4389,92,120000,0,user_20,987,992,
4391,93,120000,256000,user_20,987,992,
4401,94,110000,43600,user_29,987,992,
4594,95,110000,0,user_24,990,992,
4513,96,98000,0,user_24,989,992,
4503,97,79001,0,user_15,989,992,4305
4417,98,73000,0,user_41,987,992,
4507,0,43000001,0,user_17,989,993,4103
4454,1,43000001,0,user_18,988,993,4103
4759,5,43000001,0,user_1,993,995,4103
4644,3,42999999,0,user_4,991,993,4103
4646,4,42999999,0,user_5,991,993,4103
4455,5,42999999,0,user_18,988,993,4103
4579,6,5000001,0,user_10,990,993,4509
4518,7,5000000,0,user_29,989,993,
4509,8,5000000,1100000,user_20,989,993,
4717,20,5000000,0,user_33,992,995,
4420,10,4500000,0,user_44,987,993,
4510,11,4200000,0,user_20,989,993,
4713,24,4200000,0,user_30,992,995,
4714,25,4200000,0,user_31,992,995,
4474,14,3600000,0,user_40,988,993,
4609,15,3500000,0,user_40,990,993,
4421,16,3200000,0,user_44,987,993,
4481,17,3200000,0,user_48,988,993,
4499,18,2100001,0,user_8,989,993,4144
4573,19,2100001,0,user_8,990,993,4144
4589,20,2100001,0,user_19,990,993,4144
4473,21,2100000,6390,user_40,988,993,
4643,22,2099999,0,user_4,991,993,4144
4457,23,2099999,0,user_18,988,993,4144
4699,29,2099999,0,user_15,992,995,4144
4539,25,2000000,0,user_46,989,993,
4419,26,2000000,0,user_44,987,993,
4538,27,1700000,0,user_44,989,993,
4472,28,1400000,0,user_38,988,993,
4534,29,1400000,5630,user_41,989,993,
4686,30,1200001,0,user_2,992,993,4606
4695,36,1200001,0,user_9,992,995,4606
4703,42,1200000,0,user_21,992,995,
4471,33,1100000,0,user_38,988,993,
4641,34,1000001,0,user_4,991,993,4213
4645,35,1000001,0,user_4,991,993,4213
4585,36,1000001,0,user_16,990,993,4213
4590,37,1000001,0,user_19,990,993,4213
4758,48,1000001,0,user_0,993,995,4213
4477,39,1000000,0,user_43,988,993,
4500,40,999999,0,user_8,989,993,4213
4570,41,999999,0,user_7,990,993,4213
4461,42,970000,13900,user_28,988,993,
4412,43,970000,0,user_38,987,993,
4592,44,910000,0,user_22,990,993,
4458,45,870000,0,user_20,988,993,
4533,46,650000,0,user_41,989,993,
4418,47,600000,0,user_44,987,993,
4708,52,530000,0,user_25,992,995,
4706,53,460000,0,user_24,992,995,
4619,50,420000,146000,user_46,990,993,
4526,51,420000,0,user_34,989,993,
4475,52,370000,8520,user_41,988,993,
4566,53,350001,0,user_4,990,993,4272
4568,54,350001,0,user_5,990,993,4272
4569,55,350001,0,user_6,990,993,4272
4581,56,350001,0,user_13,990,993,4272
4572,57,350001,0,user_8,990,993,4272
4580,58,350001,0,user_12,990,993,4272
4584,59,350001,0,user_16,990,993,4272
4647,60,350001,0,user_6,991,993,4272
4651,61,350001,0,user_11,991,993,4272
4565,62,349999,0,user_3,990,993,4272
4567,63,349999,0,user_5,990,993,4272
4639,64,349999,0,user_3,991,993,4272
4640,65,349999,0,user_3,991,993,4272
4582,66,349999,0,user_14,990,993,4272
4588,67,349999,0,user_19,990,993,4272
4468,68,340000,0,user_34,988,993,
4618,69,340000,0,user_46,990,993,
4535,70,340000,0,user_41,989,993,
4616,71,320000,322000,user_46,990,993,
4610,72,320000,0,user_40,990,993,
4642,73,319999,0,user_4,991,993,4616
4620,74,310000,0,user_46,990,993,
4597,75,310000,0,user_26,990,993,
4537,76,310000,0,user_43,989,993,
4505,77,220001,0,user_16,989,993,4157
4508,78,220001,0,user_19,989,993,4157
4425,79,220000,0,user_48,987,993,
4599,80,220000,43600,user_29,990,993,
4617,81,220000,0,user_46,990,993,
4452,82,219999,0,user_16,988,993,4157
4453,83,219999,0,user_18,988,993,4157
4456,84,219999,0,user_18,988,993,4157
4587,85,219999,0,user_18,990,993,4157
4532,86,170000,1100000,user_41,989,993,
4571,87,160001,0,user_7,990,993,4109
4648,88,160001,0,user_7,991,993,4109
4476,89,160000,0,user_41,988,993,
4715,70,160000,0,user_31,992,995,
4707,72,150000,0,user_25,992,995,
4512,92,120000,283000,user_22,989,993,
4541,93,120000,0,user_48,989,993,
4710,76,120000,350000,user_25,992,995,
4506,95,119999,0,user_17,989,993,4391
4426,96,110000,0,user_49,987,993,
4709,79,110000,0,user_25,992,995,
4517,98,100000,0,user_28,989,993,
4413,99,87000,16400,user_38,987,993,
4405,0,85000,0,user_34,987,994,
4775,2,43000001,0,user_17,993,998,4103
4776,3,43000001,0,user_17,993,998,4103
4688,0,43000001,0,user_4,992,996,4103
4689,1,43000001,0,user_6,992,996,4103
4690,2,43000001,0,user_6,992,996,4103
4759,5,43000001,0,user_1,993,995,4103
4693,3,43000001,0,user_8,992,996,4103
4694,4,43000001,0,user_8,992,996,4103
4661,5,43000001,0,user_19,991,996,4103
4815,6,43000001,0,user_3,994,996,4103
4764,7,43000001,0,user_8,993,996,4103
4698,10,42999999,0,user_13,992,996,4103
4761,11,42999999,0,user_4,993,996,4103
4701,12,42999999,0,user_18,992,996,4103
4767,13,42999999,0,user_11,993,996,4103
4816,14,42999999,0,user_4,994,996,4103
4778,15,42999999,0,user_18,993,996,4103
4832,11,19000000,0,user_23,994,998,
4798,16,19000000,0,user_46,993,996,
4729,17,6100000,146000,user_44,992,996,
4717,20,5000000,0,user_33,992,995,
4774,17,4999999,0,user_17,993,998,4509
4777,18,4999999,0,user_18,993,996,4509
4863,18,4999999,0,user_10,995,998,4509
4713,24,4200000,0,user_30,992,995,
4714,25,4200000,0,user_31,992,995,
4679,19,4200000,0,user_44,991,996,
4652,22,2100001,0,user_12,991,996,4144
4824,23,2099999,0,user_17,994,998,4144
4699,29,2099999,0,user_15,992,995,4144
4760,24,2099999,0,user_3,993,996,4144
4702,25,2099999,0,user_19,992,996,4144
4833,25,2000000,0,user_23,994,998,
4733,27,1700000,0,user_46,992,996,
4674,28,1600000,36800,user_40,991,996,
4799,31,1400000,0,user_49,993,998,
4695,36,1200001,0,user_9,992,995,4606
4768,32,1200001,0,user_11,993,996,4606
4770,33,1200001,0,user_13,993,996,4606
4769,34,1200001,0,user_12,993,996,4606
4779,35,1200001,0,user_19,993,996,4606
4820,36,1200001,0,user_11,994,996,4606
4703,42,1200000,0,user_21,992,995,
4687,39,1199999,0,user_3,992,996,4606
4697,40,1199999,0,user_12,992,996,4606
4771,41,1199999,0,user_14,993,996,4606
4818,42,1199999,0,user_6,994,996,4606
4655,44,1000001,0,user_14,991,996,4213
4758,48,1000001,0,user_0,993,995,4213
4838,38,1000000,0,user_28,994,998,
4654,46,999999,0,user_14,991,996,4213
4732,49,650000,0,user_46,992,996,
4708,52,530000,0,user_25,992,995,
4706,53,460000,0,user_24,992,995,
4613,51,460000,0,user_44,990,996,
4730,53,420000,0,user_44,992,996,
4762,55,360001,0,user_5,993,996,4682
4763,56,360001,0,user_5,993,996,4682
4666,57,360000,0,user_29,991,996,
4682,58,360000,959000,user_48,991,996,
4855,59,359999,0,user_2,995,996,4682
4859,48,359999,0,user_7,995,998,4682
4658,61,349999,0,user_16,991,996,4272
4660,62,349999,0,user_18,991,996,4272
4719,54,340000,0,user_38,992,998,
4656,63,320001,0,user_14,991,996,4616
4727,64,310000,0,user_44,992,996,
4844,62,220000,594000,user_41,994,998,
4827,64,190000,0,user_20,994,998,
4817,66,170001,0,user_5,994,996,4532
4715,70,160000,0,user_31,992,995,
4653,70,159999,0,user_14,991,996,4109
4707,72,150000,0,user_25,992,995,
4712,76,150000,0,user_29,992,996,
4793,77,150000,0,user_40,993,996,
4794,85,120000,0,user_41,993,998,
4710,76,120000,350000,user_25,992,995,
4680,79,120000,16400,user_44,991,996,
4783,90,110000,0,user_28,993,998,
4709,79,110000,0,user_25,992,995,
4728,80,110000,0,user_44,992,996,
4800,91,98000,381000,user_49,993,998,
4704,86,80000,0,user_22,992,996,
4718,87,79000,0,user_34,992,996,
4721,88,79000,0,user_40,992,996,
4688,0,43000001,0,user_4,992,996,4103
4689,1,43000001,0,user_6,992,996,4103
4690,2,43000001,0,user_6,992,996,4103
4693,3,43000001,0,user_8,992,996,4103
4694,4,43000001,0,user_8,992,996,4103
4661,5,43000001,0,user_19,991,996,4103
4815,6,43000001,0,user_3,994,996,4103
4764,7,43000001,0,user_8,993,996,4103
4814,2,42999999,0,user_0,994,997,4103
4650,9,42999999,0,user_10,991,996,4103
4698,10,42999999,0,user_13,992,996,4103
4761,11,42999999,0,user_4,993,996,4103
4701,12,42999999,0,user_18,992,996,4103
4767,13,42999999,0,user_11,993,996,4103
4816,14,42999999,0,user_4,994,996,4103
4778,15,42999999,0,user_18,993,996,4103
4798,16,19000000,0,user_46,993,996,
4729,17,6100000,146000,user_44,992,996,
4777,18,4999999,0,user_18,993,996,4509
4679,19,4200000,0,user_44,991,996,
4876,7,3200000,0,user_21,995,997,
4829,9,2600000,0,user_21,994,997,
4652,22,2100001,0,user_12,991,996,4144
4692,23,2100001,0,user_7,992,996,4144
4760,24,2099999,0,user_3,993,996,4144
4702,25,2099999,0,user_19,992,996,4144
4875,14,1800000,0,user_21,995,997,
4733,27,1700000,0,user_46,992,996,
4674,28,1600000,36800,user_40,991,996,
4593,29,1300000,164000,user_23,990,996,
4773,16,1200001,0,user_15,993,997,4606
4691,31,1200001,0,user_7,992,996,4606
4768,32,1200001,0,user_11,993,996,4606
4770,33,1200001,0,user_13,993,996,4606
4769,34,1200001,0,user_12,993,996,4606
4779,35,1200001,0,user_19,993,996,4606
4820,36,1200001,0,user_11,994,996,4606
4919,17,1200001,0,user_1,996,997,4606
4772,18,1199999,0,user_15,993,997,4606
4687,39,1199999,0,user_3,992,996,4606
4697,40,1199999,0,user_12,992,996,4606
4771,41,1199999,0,user_14,993,996,4606
4818,42,1199999,0,user_6,994,996,4606
4790,22,1100000,146000,user_37,993,997,
4655,44,1000001,0,user_14,991,996,4213
4765,24,999999,0,user_9,993,997,4213
4654,46,999999,0,user_14,991,996,4213
4716,28,670000,0,user_32,992,997,
4611,48,670000,0,user_41,990,996,
4732,49,650000,0,user_46,992,996,
4828,30,460000,0,user_21,994,997,
4613,51,460000,0,user_44,990,996,
4780,31,420000,0,user_21,993,997,
4730,53,420000,0,user_44,992,996,
4784,32,370000,0,user_31,993,997,
4762,55,360001,0,user_5,993,996,4682
4763,56,360001,0,user_5,993,996,4682
4666,57,360000,0,user_29,991,996,
4682,58,360000,959000,user_48,991,996,
4855,59,359999,0,user_2,995,996,4682
4788,41,350000,0,user_35,993,997,
4658,61,349999,0,user_16,991,996,4272
4660,62,349999,0,user_18,991,996,4272
4656,63,320001,0,user_14,991,996,4616
4727,64,310000,0,user_44,992,996,
4882,43,260000,0,user_33,995,997,
4817,66,170001,0,user_5,994,996,4532
4921,45,170001,0,user_1,996,997,4532
4920,50,169999,0,user_1,996,997,4532
4529,69,160000,35100,user_38,989,996,
4653,70,159999,0,user_14,991,996,4109
4586,71,159999,0,user_17,990,996,4109
4830,56,150000,15300,user_21,994,997,
4841,57,150000,0,user_33,994,997,
4542,74,150000,350000,user_49,989,996,
4612,75,150000,0,user_43,990,996,
4712,76,150000,0,user_29,992,996,
4793,77,150000,0,user_40,993,996,
4786,60,120000,0,user_33,993,997,
4680,79,120000,16400,user_44,991,996,
4728,80,110000,0,user_44,992,996,
4880,61,110000,0,user_30,995,997,
4785,63,100000,0,user_33,993,997,
4781,65,98000,0,user_25,993,997,
4789,66,84000,0,user_35,993,997,
4835,70,82000,17700000,user_25,994,997,
4704,86,80000,0,user_22,992,996,
4718,87,79000,0,user_34,992,996,
4721,88,79000,0,user_40,992,996,
4826,0,43000001,0,user_18,994,998,4103
4825,7,42999999,0,user_18,994,998,4103
4814,2,42999999,0,user_0,994,997,4103
4823,14,5000001,0,user_16,994,998,4509
4960,4,5000000,0,user_41,996,997,
4998,1,4999999,0,user_7,997,999,4509
4896,6,3500000,285000,user_49,995,997,
4876,7,3200000,0,user_21,995,997,
4853,8,3200000,0,user_49,994,997,
4829,9,2600000,0,user_21,994,997,
4922,21,2100001,0,user_2,996,998,4144
4994,5,2100001,0,user_7,997,999,4144
4925,22,2099999,0,user_3,996,998,4144
4852,13,2000000,0,user_49,994,997,
4875,14,1800000,0,user_21,995,997,
4873,15,1400000,0,user_20,995,997,
4773,16,1200001,0,user_15,993,997,4606
4919,17,1200001,0,user_1,996,997,4606
4772,18,1199999,0,user_15,993,997,4606
4930,33,1199999,0,user_7,996,998,4606
4988,34,1199999,0,user_2,997,998,4606
4836,35,1100000,39400,user_26,994,998,
4790,22,1100000,146000,user_37,993,997,
4958,23,1000000,0,user_41,996,997,
4765,24,999999,0,user_9,993,997,4213
4874,25,910000,36800,user_20,995,997,
4963,26,870000,139000,user_43,996,997,
4889,27,670000,0,user_43,995,997,
4716,28,670000,0,user_32,992,997,
4872,29,460000,0,user_20,995,997,
4828,30,460000,0,user_21,994,997,
4780,31,420000,0,user_21,993,997,
4784,32,370000,0,user_31,993,997,
4939,33,360001,0,user_17,996,997,4682
4871,44,360001,0,user_18,995,998,4682
4856,45,359999,0,user_3,995,998,4682
4857,46,359999,0,user_5,995,998,4682
4858,47,359999,0,user_6,995,998,4682
4864,49,359999,0,user_11,995,998,4682
4866,50,359999,0,user_13,995,998,4682
4870,51,359999,0,user_18,995,998,4682
4788,41,350000,0,user_35,993,997,
4961,42,300000,381000,user_41,996,997,
4882,43,260000,0,user_33,995,997,
4843,44,220000,256000,user_38,994,997,
4921,45,170001,0,user_1,996,997,4532
4928,66,170001,0,user_7,996,998,4532
4929,67,170001,0,user_7,996,998,4532
4926,65,170001,0,user_5,996,998,4532
4996,13,170001,0,user_7,997,999,4532
4920,50,169999,0,user_1,996,997,4532
4931,77,169999,0,user_7,996,998,4532
4923,75,169999,0,user_3,996,998,4532
4927,76,169999,0,user_6,996,998,4532
4936,78,169999,0,user_11,996,998,4532
5002,55,169999,0,user_10,997,997,4532
4830,56,150000,15300,user_21,994,997,
4841,57,150000,0,user_33,994,997,
4957,58,150000,35600,user_41,996,997,
4887,59,120000,0,user_41,995,997,
4786,60,120000,0,user_33,993,997,
4880,61,110000,0,user_30,995,997,
4878,62,100000,0,user_28,995,997,
4785,63,100000,0,user_33,993,997,
4959,64,100000,139000,user_41,996,997,
4781,65,98000,0,user_25,993,997,
4789,66,84000,0,user_35,993,997,
4932,95,82001,0,user_7,996,998,4835
4995,25,82001,0,user_7,997,999,4835
4997,26,82001,0,user_7,997,999,4835
4835,70,82000,17700000,user_25,994,997,
4924,98,81999,0,user_3,996,998,4835
4826,0,43000001,0,user_18,994,998,4103
4869,1,43000001,0,user_15,995,998,4103
4775,2,43000001,0,user_17,993,998,4103
4776,3,43000001,0,user_17,993,998,4103
4696,4,42999999,0,user_10,992,998,4103
4700,5,42999999,0,user_17,992,998,4103
4766,6,42999999,0,user_10,993,998,4103
4825,7,42999999,0,user_18,994,998,4103
4935,8,42999999,0,user_9,996,998,4103
4885,9,30000000,0,user_37,995,998,
4954,10,19000000,0,user_37,996,998,
4832,11,19000000,0,user_23,994,998,
4840,12,5200000,0,user_32,994,998,
4883,13,5200000,121000,user_35,995,998,
4823,14,5000001,0,user_16,994,998,4509
4842,15,5000000,0,user_35,994,998,
4659,16,4999999,0,user_17,991,998,4509
4774,17,4999999,0,user_17,993,998,4509
4863,18,4999999,0,user_10,995,998,4509
5016,19,3600000,0,user_24,997,998,
4941,20,2600000,0,user_24,996,998,
4922,21,2100001,0,user_2,996,998,4144
4925,22,2099999,0,user_3,996,998,4144
4824,23,2099999,0,user_17,994,998,4144
4675,24,2000000,0,user_41,991,998,
4833,25,2000000,0,user_23,994,998,
4951,26,1900000,0,user_33,996,998,
4665,27,1700000,66100,user_28,991,998,
4942,28,1700000,0,user_24,996,998,
4677,29,1500000,410000,user_43,991,998,
4949,30,1400000,0,user_31,996,998,
4799,31,1400000,0,user_49,993,998,
5038,32,1400000,0,user_47,997,998,
4930,33,1199999,0,user_7,996,998,4606
4988,34,1199999,0,user_2,997,998,4606
4836,35,1100000,39400,user_26,994,998,
4881,36,1100000,0,user_32,995,998,
5024,37,1100000,0,user_35,997,998,
4838,38,1000000,0,user_28,994,998,
4884,39,910000,0,user_35,995,998,
5023,40,870000,0,user_35,997,998,
4944,41,600000,0,user_25,996,998,
4894,42,460000,73100,user_47,995,998,
4892,43,420000,0,user_47,995,998,
4871,44,360001,0,user_18,995,998,4682
4856,45,359999,0,user_3,995,998,4682
4857,46,359999,0,user_5,995,998,4682
4858,47,359999,0,user_6,995,998,4682
4859,48,359999,0,user_7,995,998,4682
4864,49,359999,0,user_11,995,998,4682
4866,50,359999,0,user_13,995,998,4682
4870,51,359999,0,user_18,995,998,4682
4834,52,340000,49100,user_24,994,998,
4895,53,340000,0,user_47,995,998,
4719,54,340000,0,user_38,992,998,
4943,55,320000,0,user_25,996,998,
4621,56,310000,0,user_49,990,998,
4607,57,260000,0,user_38,990,998,
4672,58,260000,0,user_38,991,998,
4947,59,260000,0,user_30,996,998,
4893,60,260000,0,user_47,995,998,
4705,61,220000,0,user_23,992,998,
4844,62,220000,594000,user_41,994,998,
5012,63,220000,0,user_21,997,998,
4827,64,190000,0,user_20,994,998,
4926,65,170001,0,user_5,996,998,4532
4928,66,170001,0,user_7,996,998,4532
4929,67,170001,0,user_7,996,998,4532
5001,68,170001,0,user_9,997,998,4532
5007,69,170001,0,user_15,997,998,4532
5008,70,170001,0,user_15,997,998,4532
5048,71,170001,0,user_1,998,998,4532
4862,72,169999,0,user_9,995,998,4532
4868,73,169999,0,user_15,995,998,4532
4987,74,169999,0,user_0,997,998,4532
4923,75,169999,0,user_3,996,998,4532
4927,76,169999,0,user_6,996,998,4532
4931,77,169999,0,user_7,996,998,4532
4936,78,169999,0,user_11,996,998,4532
5000,79,169999,0,user_9,997,998,4532
5045,80,169999,0,user_0,998,998,4532
4953,81,150000,0,user_37,996,998,
4662,82,120000,0,user_20,991,998,
4676,83,120000,0,user_43,991,998,
4965,84,120000,0,user_47,996,998,
4794,85,120000,0,user_41,993,998,
4663,86,110000,16400,user_23,991,998,
4722,87,110000,0,user_41,992,998,
4726,88,110000,0,user_43,992,998,
4948,89,110000,0,user_30,996,998,
4783,90,110000,0,user_28,993,998,
4800,91,98000,381000,user_49,993,998,
4683,92,87000,0,user_49,991,998,
5021,93,87000,0,user_31,997,998,
4950,94,84000,0,user_32,996,998,
4932,95,82001,0,user_7,996,998,4835
5046,96,82001,0,user_0,998,998,4835
5025,97,82000,0,user_37,997,998,
4924,98,81999,0,user_3,996,998,4835
5047,99,81999,0,user_0,998,998,4835
5090,0,5000000,0,user_31,998,999,
4998,1,4999999,0,user_7,997,999,4509
5092,2,3500000,0,user_35,998,999,
4991,3,2100001,0,user_5,997,999,4144
4993,4,2100001,0,user_6,997,999,4144
4994,5,2100001,0,user_7,997,999,4144
5051,6,2099999,0,user_2,998,999,4144
5084,7,1500000,0,user_24,998,999,
5003,8,1200001,0,user_11,997,999,4606
4945,9,660000,0,user_26,996,999,
5078,10,460000,0,user_21,998,999,
5077,11,310000,0,user_21,998,999,
4956,12,260000,0,user_40,996,999,
4996,13,170001,0,user_7,997,999,4532
5050,14,170001,0,user_2,998,999,4532
5063,15,170001,0,user_9,998,999,4532
5113,16,170001,0,user_0,999,999,4532
5114,17,170001,0,user_1,999,999,4532
4989,18,169999,0,user_3,997,999,4532
4990,19,169999,0,user_5,997,999,4532
4992,20,169999,0,user_6,997,999,4532
4940,21,169999,0,user_18,996,999,4532
5004,22,169999,0,user_11,997,999,4532
5053,23,169999,0,user_2,998,999,4532
5065,24,169999,0,user_9,998,999,4532
4995,25,82001,0,user_7,997,999,4835
4997,26,82001,0,user_7,997,999,4835
5049,27,82001,0,user_2,998,999,4835
5052,28,82001,0,user_2,998,999,4835
5064,29,82001,0,user_9,998,999,4835
5112,30,82001,0,user_0,999,999,4835
4678,31,79000,0,user_43,991,999,
