id,position,gas_fee,mev_potential,creator_id,created_at,included_at,target_tx
0,,3200000,0,user_0,0,,
1,,2100000,0,user_1,0,,
2,,110000,0,user_3,0,,
3,,120000,0,user_4,0,,
4,,5000000,0,user_4,0,,
5,,160000,0,user_5,0,,
6,,70000,3130,user_6,0,,
7,,84000,19700,user_7,0,,
8,,150000,0,user_7,0,,
9,,1200000,0,user_7,0,,
10,,460000,0,user_7,0,,
11,,260000,0,user_7,0,,
12,,170000,0,user_8,0,,
13,,1600000,0,user_8,0,,
14,,73000,0,user_9,0,,
15,,150000,0,user_9,0,,
16,,370000,0,user_10,0,,
17,,2600000,0,user_12,0,,
18,,300000,0,user_12,0,,
19,,460000,296000,user_12,0,,
20,,3500000,17000,user_14,0,,
21,,970000,0,user_15,0,,
22,,170000,0,user_16,0,,
23,,19000000,0,user_17,0,,
24,,170000,0,user_18,0,,
25,,110000,0,user_21,0,,
26,,1000000,0,user_23,0,,
27,,19000000,71800,user_23,0,,
28,,130000,0,user_25,0,,
29,,1100000,17700000,user_25,0,,
30,,2300000,410000,user_27,0,,
31,,73000,0,user_27,0,,
32,,1000000,0,user_29,0,,
33,,220000,0,user_30,0,,
34,,3600000,0,user_33,0,,
35,,360000,0,user_34,0,,
36,,310000,0,user_34,0,,
37,,1300000,0,user_35,0,,
38,,220000,0,user_36,0,,
39,,1000000,0,user_37,0,,
40,,77000,43600,user_38,0,,
41,,1700000,0,user_38,0,,
42,,420000,0,user_39,0,,
43,,5000000,0,user_40,0,,
44,,340000,5630,user_41,0,,
45,,340000,0,user_43,0,,
46,,1500000,283000,user_44,0,,
47,,160000,0,user_45,0,,
48,,5200000,0,user_45,0,,
49,,79000,0,user_46,0,,
50,,100000,0,user_47,0,,
51,,120000,35600,user_47,0,,
52,,170000,0,user_48,0,,
53,,300000,0,user_49,0,,
27,0,19000000,71800,user_23,0,0,
84,1,0,0,builder_4,0,0,27
23,2,19000000,0,user_17,0,0,
85,3,0,0,builder_4,0,0,29
29,4,1100000,17700000,user_25,0,0,
48,5,5200000,0,user_45,0,0,
4,6,5000000,0,user_4,0,0,
43,7,5000000,0,user_40,0,0,
34,8,3600000,0,user_33,0,0,
86,9,0,0,builder_4,0,0,20
20,10,3500000,17000,user_14,0,0,
0,11,3200000,0,user_0,0,0,
30,12,2300000,410000,user_27,0,0,
87,13,0,0,builder_4,0,0,30
17,14,2600000,0,user_12,0,0,
1,15,2100000,0,user_1,0,0,
46,16,1500000,283000,user_44,0,0,
88,17,0,0,builder_4,0,0,46
41,18,1700000,0,user_38,0,0,
13,19,1600000,0,user_8,0,0,
37,20,1300000,0,user_35,0,0,
26,21,1000000,0,user_23,0,0,
32,22,1000000,0,user_29,0,0,
39,23,1000000,0,user_37,0,0,
89,24,0,0,builder_4,0,0,19
19,25,460000,296000,user_12,0,0,
16,26,370000,0,user_10,0,0,
35,27,360000,0,user_34,0,0,
44,28,340000,5630,user_41,0,0,
90,29,0,0,builder_4,0,0,44
45,30,340000,0,user_43,0,0,
36,31,310000,0,user_34,0,0,
18,32,300000,0,user_12,0,0,
53,33,300000,0,user_49,0,0,
33,34,220000,0,user_30,0,0,
38,35,220000,0,user_36,0,0,
12,36,170000,0,user_8,0,0,
22,37,170000,0,user_16,0,0,
24,38,170000,0,user_18,0,0,
52,39,170000,0,user_48,0,0,
47,40,160000,0,user_45,0,0,
15,41,150000,0,user_9,0,0,
28,42,130000,0,user_25,0,0,
91,43,0,0,builder_4,0,0,40
40,44,77000,43600,user_38,0,0,
3,45,120000,0,user_4,0,0,
2,46,110000,0,user_3,0,0,
25,47,110000,0,user_21,0,0,
49,48,79000,0,user_46,0,0,
6,49,70000,3130,user_6,0,0,
92,50,0,0,builder_4,0,0,6
14,51,73000,0,user_9,0,0,
31,52,73000,0,user_27,0,0,
127,,2000000,0,user_0,1,,
128,,150000,0,user_0,1,,
129,,220000,0,user_2,1,,
130,,5000000,0,user_2,1,,
131,,5000000,0,user_2,1,,
132,,1400000,13900,user_2,1,,
133,,1100000,0,user_2,1,,
134,,3200000,0,user_4,1,,
135,,2400000,0,user_6,1,,
136,,98000,0,user_8,1,,
137,,1900000,19700,user_8,1,,
138,,660000,0,user_8,1,,
139,,150000,0,user_8,1,,
140,,83000,0,user_8,1,,
141,,460000,35600,user_9,1,,
142,,1100000,0,user_10,1,,
143,,130000,0,user_11,1,,
144,,420000,0,user_11,1,,
145,,2600000,0,user_11,1,,
146,,4200000,0,user_11,1,,
147,,660000,15300,user_11,1,,
148,,100000,17700000,user_12,1,,
149,,27000000,67500,user_13,1,,
150,,6300000,0,user_14,1,,
151,,910000,0,user_15,1,,
152,,2100000,256000,user_15,1,,
153,,80000,0,user_15,1,,
154,,360000,0,user_16,1,,
155,,130000,0,user_18,1,,
156,,150000,42000,user_19,1,,
157,,5000000,0,user_20,1,,
158,,85000,128000,user_21,1,,
159,,1900000,84800,user_22,1,,
160,,5200000,0,user_23,1,,
161,,2000000,0,user_24,1,,
162,,110000,0,user_24,1,,
163,,150000,0,user_24,1,,
164,,77000,0,user_26,1,,
165,,2300000,0,user_28,1,,
166,,2100000,0,user_29,1,,
167,,110000,0,user_30,1,,
168,,43000000,256000,user_31,1,,
169,,5000000,0,user_33,1,,
170,,83000,21800,user_33,1,,
171,,190000,12800,user_34,1,,
172,,1900000,0,user_35,1,,
173,,3500000,0,user_35,1,,
174,,2000000,0,user_37,1,,
175,,170000,11200,user_37,1,,
176,,170000,0,user_38,1,,
177,,120000,0,user_39,1,,
178,,2000000,0,user_42,1,,
179,,2500000,34700,user_43,1,,
180,,4200000,0,user_46,1,,
181,,2000000,0,user_49,1,,
168,0,43000000,256000,user_31,1,1,
149,1,27000000,67500,user_13,1,1,
150,2,6300000,0,user_14,1,1,
160,3,5200000,0,user_23,1,1,
130,4,5000000,0,user_2,1,1,
131,5,5000000,0,user_2,1,1,
157,6,5000000,0,user_20,1,1,
169,7,5000000,0,user_33,1,1,
146,8,4200000,0,user_11,1,1,
180,9,4200000,0,user_46,1,1,
173,10,3500000,0,user_35,1,1,
134,11,3200000,0,user_4,1,1,
145,12,2600000,0,user_11,1,1,
179,13,2500000,34700,user_43,1,1,
135,14,2400000,0,user_6,1,1,
165,15,2300000,0,user_28,1,1,
152,16,2100000,256000,user_15,1,1,
166,17,2100000,0,user_29,1,1,
127,18,2000000,0,user_0,1,1,
161,19,2000000,0,user_24,1,1,
174,20,2000000,0,user_37,1,1,
178,21,2000000,0,user_42,1,1,
181,22,2000000,0,user_49,1,1,
137,23,1900000,19700,user_8,1,1,
159,24,1900000,84800,user_22,1,1,
172,25,1900000,0,user_35,1,1,
132,26,1400000,13900,user_2,1,1,
133,27,1100000,0,user_2,1,1,
151,28,910000,0,user_15,1,1,
138,29,660000,0,user_8,1,1,
147,30,660000,15300,user_11,1,1,
144,31,420000,0,user_11,1,1,
154,32,360000,0,user_16,1,1,
129,33,220000,0,user_2,1,1,
171,34,190000,12800,user_34,1,1,
175,35,170000,11200,user_37,1,1,
128,36,150000,0,user_0,1,1,
139,37,150000,0,user_8,1,1,
156,38,150000,42000,user_19,1,1,
163,39,150000,0,user_24,1,1,
143,40,130000,0,user_11,1,1,
155,41,130000,0,user_18,1,1,
177,42,120000,0,user_39,1,1,
162,43,110000,0,user_24,1,1,
167,44,110000,0,user_30,1,1,
148,45,100000,17700000,user_12,1,1,
136,46,98000,0,user_8,1,1,
158,47,85000,128000,user_21,1,1,
140,48,83000,0,user_8,1,1,
170,49,83000,21800,user_33,1,1,
153,50,80000,0,user_15,1,1,
164,51,77000,0,user_26,1,1,
287,,77000,7840,user_0,2,,
288,,150000,0,user_1,2,,
289,,1100000,10700,user_3,2,,
290,,600000,0,user_4,2,,
291,,110000,0,user_6,2,,
292,,220000,0,user_6,2,,
293,,110000,0,user_7,2,,
294,,110000,73100,user_8,2,,
295,,630000,0,user_9,2,,
296,,460000,5640,user_11,2,,
297,,150000,0,user_11,2,,
298,,2400000,13900,user_13,2,,
299,,2000000,75000,user_13,2,,
300,,1100000,0,user_15,2,,
301,,1000000,0,user_17,2,,
302,,420000,0,user_18,2,,
303,,600000,0,user_19,2,,
304,,1000000,0,user_20,2,,
305,,77000,0,user_21,2,,
306,,160000,0,user_22,2,,
307,,420000,0,user_23,2,,
308,,30000000,84800,user_24,2,,
309,,170000,0,user_26,2,,
310,,670000,0,user_27,2,,
311,,150000,0,user_29,2,,
312,,2600000,0,user_31,2,,
313,,150000,0,user_32,2,,
314,,70000,0,user_33,2,,
315,,370000,0,user_34,2,,
316,,30000000,0,user_36,2,,
317,,1900000,0,user_37,2,,
318,,260000,0,user_38,2,,
319,,660000,0,user_38,2,,
320,,300000,0,user_39,2,,
321,,1700000,0,user_40,2,,
322,,120000,0,user_42,2,,
323,,150000,0,user_43,2,,
324,,1000000,0,user_44,2,,
325,,100000,0,user_44,2,,
326,,530000,3130,user_45,2,,
327,,1000000,75000,user_48,2,,
328,,350000,0,user_49,2,,
308,0,30000000,84800,user_24,2,2,
316,1,30000000,0,user_36,2,2,
312,2,2600000,0,user_31,2,2,
298,3,2400000,13900,user_13,2,2,
299,4,2000000,75000,user_13,2,2,
317,5,1900000,0,user_37,2,2,
321,6,1700000,0,user_40,2,2,
289,7,1100000,10700,user_3,2,2,
300,8,1100000,0,user_15,2,2,
301,9,1000000,0,user_17,2,2,
304,10,1000000,0,user_20,2,2,
324,11,1000000,0,user_44,2,2,
327,12,1000000,75000,user_48,2,2,
310,13,670000,0,user_27,2,2,
319,14,660000,0,user_38,2,2,
295,15,630000,0,user_9,2,2,
290,16,600000,0,user_4,2,2,
303,17,600000,0,user_19,2,2,
302,18,420000,0,user_18,2,2,
307,19,420000,0,user_23,2,2,
315,20,370000,0,user_34,2,2,
328,21,350000,0,user_49,2,2,
320,22,300000,0,user_39,2,2,
318,23,260000,0,user_38,2,2,
292,24,220000,0,user_6,2,2,
309,25,170000,0,user_26,2,2,
306,26,160000,0,user_22,2,2,
288,27,150000,0,user_1,2,2,
311,28,150000,0,user_29,2,2,
323,29,150000,0,user_43,2,2,
322,30,120000,0,user_42,2,2,
291,31,110000,0,user_6,2,2,
293,32,110000,0,user_7,2,2,
294,33,110000,73100,user_8,2,2,
325,34,100000,0,user_44,2,2,
287,35,77000,7840,user_0,2,2,
305,36,77000,0,user_21,2,2,
314,37,70000,0,user_33,2,2,
394,,220000,0,user_0,3,,
395,,310000,0,user_0,3,,
396,,1400000,0,user_2,3,,
397,,370000,0,user_3,3,,
398,,1400000,0,user_4,3,,
399,,30000000,0,user_5,3,,
400,,1800000,5180,user_6,3,,
401,,660000,0,user_7,3,,
402,,1400000,0,user_8,3,,
403,,650000,0,user_8,3,,
404,,220000,0,user_9,3,,
405,,1100000,0,user_10,3,,
406,,910000,13800,user_10,3,,
407,,1500000,0,user_11,3,,
408,,1100000,0,user_11,3,,
409,,120000,0,user_11,3,,
410,,360000,75000,user_11,3,,
411,,6300000,0,user_12,3,,
412,,240000,16400,user_14,3,,
413,,220000,0,user_15,3,,
414,,87000,0,user_17,3,,
415,,83000,0,user_19,3,,
416,,5000000,0,user_19,3,,
417,,2400000,0,user_19,3,,
418,,85000,0,user_19,3,,
419,,670000,0,user_20,3,,
420,,310000,0,user_22,3,,
421,,910000,0,user_24,3,,
422,,160000,0,user_25,3,,
423,,2000000,0,user_26,3,,
424,,420000,0,user_27,3,,
425,,1100000,0,user_29,3,,
426,,2100000,0,user_30,3,,
427,,4500000,0,user_31,3,,
428,,670000,35600,user_33,3,,
429,,19000000,0,user_34,3,,
430,,1800000,0,user_34,3,,
431,,370000,0,user_35,3,,
432,,30000000,0,user_35,3,,
433,,630000,0,user_36,3,,
434,,43000000,0,user_37,3,,
435,,73000,0,user_37,3,,
436,,670000,0,user_37,3,,
437,,310000,0,user_37,3,,
438,,84000,181000,user_38,3,,
439,,260000,67900,user_39,3,,
440,,160000,0,user_40,3,,
441,,420000,0,user_40,3,,
442,,110000,0,user_40,3,,
443,,120000,0,user_40,3,,
444,,87000,0,user_42,3,,
445,,84000,0,user_42,3,,
446,,84000,0,user_43,3,,
447,,83000,0,user_44,3,,
448,,4200000,161000,user_44,3,,
449,,84000,0,user_44,3,,
450,,1400000,161000,user_46,3,,
451,,80000,0,user_48,3,,
452,,2000000,285000,user_49,3,,
434,0,43000000,0,user_37,3,3,
399,1,30000000,0,user_5,3,3,
432,2,30000000,0,user_35,3,3,
429,3,19000000,0,user_34,3,3,
411,4,6300000,0,user_12,3,3,
416,5,5000000,0,user_19,3,3,
427,6,4500000,0,user_31,3,3,
448,7,4200000,161000,user_44,3,3,
417,8,2400000,0,user_19,3,3,
423,9,2000000,0,user_26,3,3,
452,10,2000000,285000,user_49,3,3,
400,11,1800000,5180,user_6,3,3,
430,12,1800000,0,user_34,3,3,
407,13,1500000,0,user_11,3,3,
396,14,1400000,0,user_2,3,3,
398,15,1400000,0,user_4,3,3,
402,16,1400000,0,user_8,3,3,
450,17,1400000,161000,user_46,3,3,
405,18,1100000,0,user_10,3,3,
408,19,1100000,0,user_11,3,3,
425,20,1100000,0,user_29,3,3,
406,21,910000,13800,user_10,3,3,
421,22,910000,0,user_24,3,3,
419,23,670000,0,user_20,3,3,
428,24,670000,35600,user_33,3,3,
436,25,670000,0,user_37,3,3,
401,26,660000,0,user_7,3,3,
403,27,650000,0,user_8,3,3,
424,28,420000,0,user_27,3,3,
397,29,370000,0,user_3,3,3,
431,30,370000,0,user_35,3,3,
410,31,360000,75000,user_11,3,3,
437,32,310000,0,user_37,3,3,
439,33,260000,67900,user_39,3,3,
404,34,220000,0,user_9,3,3,
413,35,220000,0,user_15,3,3,
422,36,160000,0,user_25,3,3,
409,37,120000,0,user_11,3,3,
414,38,87000,0,user_17,3,3,
444,39,87000,0,user_42,3,3,
418,40,85000,0,user_19,3,3,
438,41,84000,181000,user_38,3,3,
445,42,84000,0,user_42,3,3,
446,43,84000,0,user_43,3,3,
449,44,84000,0,user_44,3,3,
415,45,83000,0,user_19,3,3,
447,46,83000,0,user_44,3,3,
451,47,80000,0,user_48,3,3,
435,48,73000,0,user_37,3,3,
526,,1400000,0,user_2,4,,
527,,310000,0,user_4,4,,
528,,84000,0,user_4,4,,
529,,73000,0,user_4,4,,
530,,98000,0,user_4,4,,
531,,2500000,0,user_6,4,,
532,,6300000,0,user_7,4,,
533,,160000,0,user_8,4,,
534,,2400000,0,user_8,4,,
535,,6100000,0,user_10,4,,
536,,2100000,231000,user_12,4,,
537,,370000,0,user_12,4,,
538,,110000,231000,user_13,4,,
539,,670000,0,user_14,4,,
540,,110000,155000,user_15,4,,
541,,150000,0,user_15,4,,
542,,80000,0,user_17,4,,
543,,3500000,369000,user_19,4,,
544,,1400000,0,user_21,4,,
545,,420000,0,user_22,4,,
546,,190000,0,user_23,4,,
547,,1200000,0,user_23,4,,
548,,30000000,0,user_24,4,,
549,,1300000,0,user_25,4,,
550,,260000,0,user_25,4,,
551,,370000,0,user_26,4,,
552,,460000,779000,user_26,4,,
553,,120000,0,user_29,4,,
554,,310000,0,user_30,4,,
555,,150000,0,user_30,4,,
556,,650000,0,user_31,4,,
557,,150000,161000,user_31,4,,
558,,3600000,0,user_31,4,,
559,,1500000,5180,user_32,4,,
560,,1700000,0,user_33,4,,
561,,1300000,0,user_34,4,,
562,,84000,17000,user_35,4,,
563,,420000,0,user_35,4,,
564,,530000,0,user_37,4,,
565,,600000,15700,user_38,4,,
566,,2600000,0,user_38,4,,
567,,2000000,0,user_39,4,,
568,,2300000,0,user_41,4,,
569,,670000,0,user_45,4,,
570,,1100000,0,user_45,4,,
571,,260000,0,user_46,4,,
572,,4200000,0,user_47,4,,
573,,1400000,121000,user_48,4,,
574,,1100000,0,user_48,4,,
575,,1400000,0,user_48,4,,
576,,98000,0,user_48,4,,
577,,87000,0,user_48,4,,
578,,2600000,12800,user_49,4,,
579,,150000,0,user_49,4,,
580,,1100000,56200,user_49,4,,
581,,27000000,0,user_49,4,,
582,,130000,0,user_49,4,,
548,0,30000000,0,user_24,4,4,
581,1,27000000,0,user_49,4,4,
532,2,6300000,0,user_7,4,4,
535,3,6100000,0,user_10,4,4,
572,4,4200000,0,user_47,4,4,
558,5,3600000,0,user_31,4,4,
543,6,3500000,369000,user_19,4,4,
566,7,2600000,0,user_38,4,4,
578,8,2600000,12800,user_49,4,4,
531,9,2500000,0,user_6,4,4,
534,10,2400000,0,user_8,4,4,
536,11,2100000,231000,user_12,4,4,
567,12,2000000,0,user_39,4,4,
559,13,1500000,5180,user_32,4,4,
526,14,1400000,0,user_2,4,4,
544,15,1400000,0,user_21,4,4,
573,16,1400000,121000,user_48,4,4,
575,17,1400000,0,user_48,4,4,
549,18,1300000,0,user_25,4,4,
561,19,1300000,0,user_34,4,4,
547,20,1200000,0,user_23,4,4,
570,21,1100000,0,user_45,4,4,
574,22,1100000,0,user_48,4,4,
580,23,1100000,56200,user_49,4,4,
539,24,670000,0,user_14,4,4,
569,25,670000,0,user_45,4,4,
556,26,650000,0,user_31,4,4,
565,27,600000,15700,user_38,4,4,
564,28,530000,0,user_37,4,4,
552,29,460000,779000,user_26,4,4,
545,30,420000,0,user_22,4,4,
563,31,420000,0,user_35,4,4,
537,32,370000,0,user_12,4,4,
551,33,370000,0,user_26,4,4,
527,34,310000,0,user_4,4,4,
554,35,310000,0,user_30,4,4,
550,36,260000,0,user_25,4,4,
571,37,260000,0,user_46,4,4,
546,38,190000,0,user_23,4,4,
533,39,160000,0,user_8,4,4,
555,40,150000,0,user_30,4,4,
557,41,150000,161000,user_31,4,4,
579,42,150000,0,user_49,4,4,
582,43,130000,0,user_49,4,4,
553,44,120000,0,user_29,4,4,
538,45,110000,231000,user_13,4,4,
530,46,98000,0,user_4,4,4,
576,47,98000,0,user_48,4,4,
577,48,87000,0,user_48,4,4,
528,49,84000,0,user_4,4,4,
562,50,84000,17000,user_35,4,4,
542,51,80000,0,user_17,4,4,
529,52,73000,0,user_4,4,4,
674,,530000,0,user_0,5,,
675,,420000,0,user_2,5,,
676,,170000,47700,user_3,5,,
677,,70000,15300,user_4,5,,
678,,1100000,0,user_5,5,,
679,,670000,18600,user_6,5,,
680,,310000,779000,user_7,5,,
681,,470000,0,user_8,5,,
682,,1800000,60700,user_9,5,,
683,,460000,0,user_9,5,,
684,,1400000,36800,user_10,5,,
685,,83000,0,user_10,5,,
686,,360000,121000,user_10,5,,
687,,970000,47700,user_11,5,,
688,,27000000,0,user_12,5,,
689,,160000,0,user_13,5,,
690,,2100000,0,user_14,5,,
691,,660000,0,user_16,5,,
692,,170000,0,user_16,5,,
693,,870000,0,user_16,5,,
694,,1000000,0,user_16,5,,
695,,3200000,47700,user_17,5,,
696,,5200000,0,user_17,5,,
697,,970000,67900,user_20,5,,
698,,77000,164000,user_20,5,,
699,,650000,0,user_21,5,,
700,,190000,0,user_22,5,,
701,,310000,0,user_22,5,,
702,,1000000,0,user_22,5,,
703,,670000,0,user_22,5,,
704,,170000,0,user_22,5,,
705,,19000000,0,user_23,5,,
706,,1400000,4320000,user_23,5,,
707,,660000,0,user_25,5,,
708,,6100000,0,user_30,5,,
709,,970000,0,user_31,5,,
710,,82000,0,user_32,5,,
711,,83000,0,user_32,5,,
712,,1600000,64600,user_33,5,,
713,,2600000,0,user_33,5,,
714,,650000,161000,user_34,5,,
715,,85000,139000,user_35,5,,
716,,530000,0,user_36,5,,
717,,370000,0,user_37,5,,
718,,160000,0,user_39,5,,
719,,3500000,0,user_39,5,,
720,,70000,0,user_46,5,,
721,,660000,0,user_46,5,,
722,,460000,0,user_47,5,,
723,,1000000,0,user_49,5,,
688,0,27000000,0,user_12,5,5,
705,1,19000000,0,user_23,5,5,
708,2,6100000,0,user_30,5,5,
696,3,5200000,0,user_17,5,5,
719,4,3500000,0,user_39,5,5,
695,5,3200000,47700,user_17,5,5,
713,6,2600000,0,user_33,5,5,
690,7,2100000,0,user_14,5,5,
682,8,1800000,60700,user_9,5,5,
712,9,1600000,64600,user_33,5,5,
684,10,1400000,36800,user_10,5,5,
706,11,1400000,4320000,user_23,5,5,
678,12,1100000,0,user_5,5,5,
694,13,1000000,0,user_16,5,5,
702,14,1000000,0,user_22,5,5,
687,15,970000,47700,user_11,5,5,
697,16,970000,67900,user_20,5,5,
693,17,870000,0,user_16,5,5,
679,18,670000,18600,user_6,5,5,
703,19,670000,0,user_22,5,5,
691,20,660000,0,user_16,5,5,
721,21,660000,0,user_46,5,5,
699,22,650000,0,user_21,5,5,
714,23,650000,161000,user_34,5,5,
716,24,530000,0,user_36,5,5,
681,25,470000,0,user_8,5,5,
683,26,460000,0,user_9,5,5,
722,27,460000,0,user_47,5,5,
686,28,360000,121000,user_10,5,5,
680,29,310000,779000,user_7,5,5,
701,30,310000,0,user_22,5,5,
700,31,190000,0,user_22,5,5,
676,32,170000,47700,user_3,5,5,
692,33,170000,0,user_16,5,5,
704,34,170000,0,user_22,5,5,
689,35,160000,0,user_13,5,5,
718,36,160000,0,user_39,5,5,
715,37,85000,139000,user_35,5,5,
685,38,83000,0,user_10,5,5,
711,39,83000,0,user_32,5,5,
710,40,82000,0,user_32,5,5,
698,41,77000,164000,user_20,5,5,
720,42,70000,0,user_46,5,5,
825,,870000,0,user_0,6,,
826,,27000000,66100,user_1,6,,
827,,260000,0,user_1,6,,
828,,80000,0,user_2,6,,
829,,220000,0,user_2,6,,
830,,530000,0,user_4,6,,
831,,130000,0,user_5,6,,
832,,220000,0,user_6,6,,
833,,1600000,0,user_7,6,,
834,,120000,0,user_8,6,,
835,,350000,0,user_8,6,,
836,,110000,0,user_9,6,,
837,,420000,0,user_9,6,,
838,,160000,0,user_10,6,,
839,,1400000,0,user_11,6,,
840,,2600000,75000,user_11,6,,
841,,2000000,0,user_12,6,,
842,,30000000,12800,user_13,6,,
843,,120000,0,user_13,6,,
844,,1300000,0,user_13,6,,
845,,2100000,0,user_13,6,,
846,,1100000,0,user_13,6,,
847,,120000,594000,user_14,6,,
848,,370000,12800,user_15,6,,
849,,1500000,13800,user_15,6,,
850,,1300000,0,user_16,6,,
851,,1000000,0,user_16,6,,
852,,1600000,0,user_16,6,,
853,,120000,0,user_18,6,,
854,,150000,0,user_19,6,,
855,,120000,146000,user_21,6,,
856,,5000000,0,user_22,6,,
857,,220000,0,user_23,6,,
858,,460000,0,user_24,6,,
859,,1500000,100000,user_26,6,,
860,,220000,19700,user_27,6,,
861,,1400000,0,user_27,6,,
862,,6300000,0,user_28,6,,
863,,1100000,0,user_28,6,,
864,,1400000,0,user_30,6,,
865,,1600000,0,user_32,6,,
866,,1000000,0,user_33,6,,
867,,2100000,0,user_33,6,,
868,,5200000,0,user_35,6,,
869,,1800000,0,user_35,6,,
870,,110000,0,user_35,6,,
871,,77000,0,user_35,6,,
872,,190000,0,user_35,6,,
873,,370000,0,user_36,6,,
874,,150000,30200,user_37,6,,
875,,2000000,0,user_38,6,,
876,,910000,0,user_39,6,,
877,,470000,75000,user_43,6,,
878,,460000,0,user_44,6,,
879,,3200000,0,user_44,6,,
880,,340000,0,user_44,6,,
881,,220000,0,user_44,6,,
882,,530000,0,user_45,6,,
883,,1500000,0,user_47,6,,
884,,370000,769000,user_47,6,,
885,,110000,0,user_49,6,,
842,0,30000000,12800,user_13,6,6,
826,1,27000000,66100,user_1,6,6,
862,2,6300000,0,user_28,6,6,
868,3,5200000,0,user_35,6,6,
856,4,5000000,0,user_22,6,6,
879,5,3200000,0,user_44,6,6,
840,6,2600000,75000,user_11,6,6,
845,7,2100000,0,user_13,6,6,
867,8,2100000,0,user_33,6,6,
841,9,2000000,0,user_12,6,6,
875,10,2000000,0,user_38,6,6,
869,11,1800000,0,user_35,6,6,
833,12,1600000,0,user_7,6,6,
852,13,1600000,0,user_16,6,6,
865,14,1600000,0,user_32,6,6,
849,15,1500000,13800,user_15,6,6,
859,16,1500000,100000,user_26,6,6,
883,17,1500000,0,user_47,6,6,
839,18,1400000,0,user_11,6,6,
861,19,1400000,0,user_27,6,6,
864,20,1400000,0,user_30,6,6,
844,21,1300000,0,user_13,6,6,
850,22,1300000,0,user_16,6,6,
846,23,1100000,0,user_13,6,6,
863,24,1100000,0,user_28,6,6,
851,25,1000000,0,user_16,6,6,
866,26,1000000,0,user_33,6,6,
876,27,910000,0,user_39,6,6,
882,28,530000,0,user_45,6,6,
877,29,470000,75000,user_43,6,6,
878,30,460000,0,user_44,6,6,
837,31,420000,0,user_9,6,6,
848,32,370000,12800,user_15,6,6,
873,33,370000,0,user_36,6,6,
884,34,370000,769000,user_47,6,6,
835,35,350000,0,user_8,6,6,
880,36,340000,0,user_44,6,6,
827,37,260000,0,user_1,6,6,
832,38,220000,0,user_6,6,6,
857,39,220000,0,user_23,6,6,
860,40,220000,19700,user_27,6,6,
881,41,220000,0,user_44,6,6,
872,42,190000,0,user_35,6,6,
838,43,160000,0,user_10,6,6,
831,44,130000,0,user_5,6,6,
834,45,120000,0,user_8,6,6,
843,46,120000,0,user_13,6,6,
847,47,120000,594000,user_14,6,6,
855,48,120000,146000,user_21,6,6,
836,49,110000,0,user_9,6,6,
870,50,110000,0,user_35,6,6,
871,51,77000,0,user_35,6,6,
968,,2600000,0,user_0,7,,
969,,110000,0,user_0,7,,
970,,1900000,32900,user_0,7,,
971,,420000,0,user_1,7,,
972,,2600000,0,user_2,7,,
973,,160000,0,user_2,7,,
974,,1000000,0,user_3,7,,
975,,4200000,0,user_3,7,,
976,,80000,0,user_5,7,,
977,,660000,0,user_5,7,,
978,,220000,0,user_6,7,,
979,,240000,0,user_8,7,,
980,,2000000,30200,user_9,7,,
981,,1600000,43600,user_9,7,,
982,,310000,18600,user_10,7,,
983,,310000,0,user_10,7,,
984,,4500000,0,user_14,7,,
985,,73000,0,user_14,7,,
986,,310000,0,user_15,7,,
987,,1100000,0,user_16,7,,
988,,1100000,31700,user_17,7,,
989,,160000,0,user_17,7,,
990,,2300000,0,user_18,7,,
991,,470000,0,user_18,7,,
992,,1500000,0,user_19,7,,
993,,1500000,17000,user_20,7,,
994,,2600000,256000,user_20,7,,
995,,1600000,0,user_21,7,,
996,,80000,0,user_25,7,,
997,,80000,0,user_26,7,,
998,,98000,0,user_27,7,,
999,,5200000,0,user_28,7,,
1000,,1200000,0,user_30,7,,
1001,,600000,0,user_30,7,,
1002,,160000,5180,user_30,7,,
1003,,5200000,0,user_31,7,,
1004,,3500000,0,user_31,7,,
1005,,1500000,0,user_32,7,,
1006,,1000000,36800,user_34,7,,
1007,,2300000,0,user_35,7,,
1008,,470000,0,user_36,7,,
1009,,970000,0,user_36,7,,
1010,,360000,164000,user_38,7,,
1011,,1400000,0,user_39,7,,
1012,,470000,0,user_41,7,,
1013,,630000,0,user_42,7,,
1014,,120000,0,user_43,7,,
1015,,530000,0,user_46,7,,
1016,,6100000,5630,user_47,7,,
1017,0,0,0,builder_0,7,7,1016
1016,1,6100000,5630,user_47,7,7,
999,2,5200000,0,user_28,7,7,
1003,3,5200000,0,user_31,7,7,
984,4,4500000,0,user_14,7,7,
975,5,4200000,0,user_3,7,7,
1004,6,3500000,0,user_31,7,7,
994,7,2600000,256000,user_20,7,7,
1018,8,0,0,builder_0,7,7,994
968,9,2600000,0,user_0,7,7,
972,10,2600000,0,user_2,7,7,
990,11,2300000,0,user_18,7,7,
1007,12,2300000,0,user_35,7,7,
980,13,2000000,30200,user_9,7,7,
1019,14,0,0,builder_0,7,7,980
1020,15,0,0,builder_0,7,7,970
970,16,1900000,32900,user_0,7,7,
981,17,1600000,43600,user_9,7,7,
1021,18,0,0,builder_0,7,7,981
995,19,1600000,0,user_21,7,7,
1022,20,0,0,builder_0,7,7,993
993,21,1500000,17000,user_20,7,7,
992,22,1500000,0,user_19,7,7,
1005,23,1500000,0,user_32,7,7,
1000,24,1200000,0,user_30,7,7,
988,25,1100000,31700,user_17,7,7,
1023,26,0,0,builder_0,7,7,988
987,27,1100000,0,user_16,7,7,
974,28,1000000,0,user_3,7,7,
1009,29,970000,0,user_36,7,7,
1013,30,630000,0,user_42,7,7,
1001,31,600000,0,user_30,7,7,
1015,32,530000,0,user_46,7,7,
1024,33,0,0,builder_0,7,7,1010
1010,34,360000,164000,user_38,7,7,
991,35,470000,0,user_18,7,7,
1008,36,470000,0,user_36,7,7,
1012,37,470000,0,user_41,7,7,
971,38,420000,0,user_1,7,7,
982,39,310000,18600,user_10,7,7,
1025,40,0,0,builder_0,7,7,982
983,41,310000,0,user_10,7,7,
979,42,240000,0,user_8,7,7,
978,43,220000,0,user_6,7,7,
1002,44,160000,5180,user_30,7,7,
1026,45,0,0,builder_0,7,7,1002
973,46,160000,0,user_2,7,7,
989,47,160000,0,user_17,7,7,
1014,48,120000,0,user_43,7,7,
969,49,110000,0,user_0,7,7,
998,50,98000,0,user_27,7,7,
996,51,80000,0,user_25,7,7,
997,52,80000,0,user_26,7,7,
985,53,73000,0,user_14,7,7,
1091,,340000,0,user_1,8,,
1092,,420000,46500,user_1,8,,
1093,,870000,0,user_2,8,,
1094,,460000,0,user_4,8,,
1095,,970000,0,user_5,8,,
1096,,2000000,0,user_6,8,,
1097,,6100000,4320000,user_7,8,,
1098,,160000,0,user_8,8,,
1099,,220000,0,user_10,8,,
1100,,1600000,0,user_12,8,,
1101,,150000,0,user_12,8,,
1102,,1900000,24700,user_13,8,,
1103,,5000000,0,user_13,8,,
1104,,87000,0,user_16,8,,
1105,,6300000,0,user_17,8,,
1106,,150000,0,user_17,8,,
1107,,260000,779000,user_18,8,,
1108,,77000,121000,user_19,8,,
1109,,120000,60700,user_20,8,,
1110,,1700000,0,user_20,8,,
1111,,1000000,0,user_23,8,,
1112,,170000,0,user_24,8,,
1113,,3200000,0,user_25,8,,
1114,,120000,0,user_25,8,,
1115,,2000000,0,user_26,8,,
1116,,320000,0,user_27,8,,
1117,,870000,0,user_28,8,,
1118,,1900000,769000,user_30,8,,
1119,,1100000,283000,user_31,8,,
1120,,100000,161000,user_32,8,,
1121,,970000,0,user_33,8,,
1122,,1600000,0,user_34,8,,
1123,,1300000,34700,user_37,8,,
1124,,630000,0,user_38,8,,
1125,,82000,0,user_39,8,,
1126,,73000,0,user_39,8,,
1127,,150000,0,user_42,8,,
1128,,1200000,0,user_43,8,,
1129,,2300000,0,user_44,8,,
1130,,1700000,0,user_44,8,,
1131,,260000,0,user_45,8,,
1132,,370000,0,user_45,8,,
1133,,870000,510000,user_45,8,,
1134,,370000,0,user_45,8,,
1135,,150000,0,user_45,8,,
1136,,1000000,12300,user_46,8,,
1137,,82000,155000,user_49,8,,
1105,0,6300000,0,user_17,8,8,
1097,1,6100000,4320000,user_7,8,8,
1103,2,5000000,0,user_13,8,8,
1113,3,3200000,0,user_25,8,8,
1129,4,2300000,0,user_44,8,8,
1096,5,2000000,0,user_6,8,8,
1115,6,2000000,0,user_26,8,8,
1102,7,1900000,24700,user_13,8,8,
1118,8,1900000,769000,user_30,8,8,
1110,9,1700000,0,user_20,8,8,
1130,10,1700000,0,user_44,8,8,
1100,11,1600000,0,user_12,8,8,
1122,12,1600000,0,user_34,8,8,
1123,13,1300000,34700,user_37,8,8,
1128,14,1200000,0,user_43,8,8,
1119,15,1100000,283000,user_31,8,8,
1111,16,1000000,0,user_23,8,8,
1136,17,1000000,12300,user_46,8,8,
1095,18,970000,0,user_5,8,8,
1121,19,970000,0,user_33,8,8,
1093,20,870000,0,user_2,8,8,
1133,21,870000,510000,user_45,8,8,
1094,22,460000,0,user_4,8,8,
1092,23,420000,46500,user_1,8,8,
1132,24,370000,0,user_45,8,8,
1134,25,370000,0,user_45,8,8,
1091,26,340000,0,user_1,8,8,
1116,27,320000,0,user_27,8,8,
1107,28,260000,779000,user_18,8,8,
1131,29,260000,0,user_45,8,8,
1099,30,220000,0,user_10,8,8,
1098,31,160000,0,user_8,8,8,
1101,32,150000,0,user_12,8,8,
1106,33,150000,0,user_17,8,8,
1127,34,150000,0,user_42,8,8,
1135,35,150000,0,user_45,8,8,
1109,36,120000,60700,user_20,8,8,
1114,37,120000,0,user_25,8,8,
1104,38,87000,0,user_16,8,8,
1125,39,82000,0,user_39,8,8,
1137,40,82000,155000,user_49,8,8,
1126,41,73000,0,user_39,8,8,
1232,,70000,0,user_1,9,,
1233,,110000,164000,user_2,9,,
1234,,73000,0,user_3,9,,
1235,,77000,0,user_4,9,,
1236,,240000,0,user_5,9,,
1237,,320000,0,user_6,9,,
1238,,240000,128000,user_7,9,,
1239,,1500000,0,user_7,9,,
1240,,660000,0,user_8,9,,
1241,,79000,231000,user_12,9,,
1242,,110000,0,user_13,9,,
1243,,2000000,0,user_13,9,,
1244,,150000,0,user_14,9,,
1245,,350000,84800,user_14,9,,
1246,,1900000,5630,user_15,9,,
1247,,220000,0,user_16,9,,
1248,,370000,0,user_19,9,,
1249,,80000,30200,user_20,9,,
1250,,650000,0,user_22,9,,
1251,,300000,0,user_23,9,,
1252,,650000,19700,user_24,9,,
1253,,150000,0,user_25,9,,
1254,,2000000,0,user_25,9,,
1255,,220000,24700,user_26,9,,
1256,,150000,0,user_27,9,,
1257,,73000,0,user_27,9,,
1258,,70000,5180,user_28,9,,
1259,,110000,0,user_29,9,,
1260,,1000000,0,user_30,9,,
1261,,6100000,0,user_34,9,,
1262,,170000,0,user_34,9,,
1263,,1100000,0,user_35,9,,
1264,,4500000,0,user_35,9,,
1265,,670000,0,user_37,9,,
1266,,80000,0,user_38,9,,
1267,,470000,12800,user_39,9,,
1268,,1300000,0,user_39,9,,
1269,,130000,0,user_39,9,,
1270,,1400000,0,user_40,9,,
1271,,70000,0,user_40,9,,
1272,,420000,0,user_42,9,,
1273,,110000,0,user_43,9,,
1274,,360000,0,user_44,9,,
1275,,530000,35100,user_44,9,,
1276,,460000,31700,user_45,9,,
1277,,100000,0,user_45,9,,
1278,,2000000,0,user_46,9,,
1279,,110000,0,user_47,9,,
1280,,6100000,0,user_48,9,,
1281,,3200000,0,user_49,9,,
1261,0,6100000,0,user_34,9,9,
1280,1,6100000,0,user_48,9,9,
1264,2,4500000,0,user_35,9,9,
1281,3,3200000,0,user_49,9,9,
1243,4,2000000,0,user_13,9,9,
1254,5,2000000,0,user_25,9,9,
1278,6,2000000,0,user_46,9,9,
1246,7,1900000,5630,user_15,9,9,
1239,8,1500000,0,user_7,9,9,
1270,9,1400000,0,user_40,9,9,
1263,10,1100000,0,user_35,9,9,
1260,11,1000000,0,user_30,9,9,
1240,12,660000,0,user_8,9,9,
1250,13,650000,0,user_22,9,9,
1252,14,650000,19700,user_24,9,9,
1275,15,530000,35100,user_44,9,9,
1276,16,460000,31700,user_45,9,9,
1272,17,420000,0,user_42,9,9,
1248,18,370000,0,user_19,9,9,
1274,19,360000,0,user_44,9,9,
1245,20,350000,84800,user_14,9,9,
1237,21,320000,0,user_6,9,9,
1251,22,300000,0,user_23,9,9,
1236,23,240000,0,user_5,9,9,
1238,24,240000,128000,user_7,9,9,
1247,25,220000,0,user_16,9,9,
1262,26,170000,0,user_34,9,9,
1244,27,150000,0,user_14,9,9,
1253,28,150000,0,user_25,9,9,
1256,29,150000,0,user_27,9,9,
1233,30,110000,164000,user_2,9,9,
1242,31,110000,0,user_13,9,9,
1259,32,110000,0,user_29,9,9,
1273,33,110000,0,user_43,9,9,
1279,34,110000,0,user_47,9,9,
1277,35,100000,0,user_45,9,9,
1249,36,80000,30200,user_20,9,9,
1266,37,80000,0,user_38,9,9,
1234,38,73000,0,user_3,9,9,
1257,39,73000,0,user_27,9,9,
1271,40,70000,0,user_40,9,9,
1364,,320000,0,user_0,10,,
1365,,460000,0,user_1,10,,
1366,,360000,0,user_2,10,,
1367,,970000,0,user_3,10,,
1368,,870000,0,user_4,10,,
1369,,77000,0,user_5,10,,
1370,,1500000,0,user_5,10,,
1371,,340000,0,user_6,10,,
1372,,1000000,0,user_8,10,,
1373,,110000,0,user_10,10,,
1374,,5200000,108000,user_12,10,,
1375,,600000,139000,user_13,10,,
1376,,80000,0,user_14,10,,
1377,,910000,0,user_15,10,,
1378,,80000,0,user_17,10,,
1379,,83000,0,user_19,10,,
1380,,190000,0,user_19,10,,
1381,,160000,0,user_20,10,,
1382,,300000,0,user_22,10,,
1383,,4500000,0,user_22,10,,
1384,,73000,0,user_23,10,,
1385,,1900000,0,user_25,10,,
1386,,170000,13900,user_25,10,,
1387,,630000,100000,user_25,10,,
1388,,260000,0,user_25,10,,
1389,,19000000,0,user_27,10,,
1390,,1400000,35600,user_27,10,,
1391,,1900000,0,user_27,10,,
1392,,600000,0,user_27,10,,
1393,,84000,0,user_27,10,,
1394,,1900000,0,user_30,10,,
1395,,350000,0,user_32,10,,
1396,,150000,0,user_33,10,,
1397,,1500000,0,user_33,10,,
1398,,120000,0,user_34,10,,
1399,,1400000,0,user_34,10,,
1400,,310000,231000,user_35,10,,
1401,,150000,0,user_36,10,,
1402,,420000,0,user_36,10,,
1403,,420000,0,user_36,10,,
1404,,1500000,0,user_36,10,,
1405,,5000000,0,user_37,10,,
1406,,1600000,161000,user_38,10,,
1407,,150000,10700,user_40,10,,
1408,,460000,0,user_40,10,,
1409,,110000,0,user_46,10,,
1410,,1500000,0,user_47,10,,
1389,0,19000000,0,user_27,10,10,
1374,1,5200000,108000,user_12,10,10,
1405,2,5000000,0,user_37,10,10,
1383,3,4500000,0,user_22,10,10,
1385,4,1900000,0,user_25,10,10,
1391,5,1900000,0,user_27,10,10,
1394,6,1900000,0,user_30,10,10,
1406,7,1600000,161000,user_38,10,10,
1370,8,1500000,0,user_5,10,10,
1397,9,1500000,0,user_33,10,10,
1404,10,1500000,0,user_36,10,10,
1410,11,1500000,0,user_47,10,10,
1390,12,1400000,35600,user_27,10,10,
1399,13,1400000,0,user_34,10,10,
1372,14,1000000,0,user_8,10,10,
1367,15,970000,0,user_3,10,10,
1377,16,910000,0,user_15,10,10,
1368,17,870000,0,user_4,10,10,
1387,18,630000,100000,user_25,10,10,
1375,19,600000,139000,user_13,10,10,
1392,20,600000,0,user_27,10,10,
1365,21,460000,0,user_1,10,10,
1408,22,460000,0,user_40,10,10,
1402,23,420000,0,user_36,10,10,
1403,24,420000,0,user_36,10,10,
1366,25,360000,0,user_2,10,10,
1371,26,340000,0,user_6,10,10,
1364,27,320000,0,user_0,10,10,
1382,28,300000,0,user_22,10,10,
1388,29,260000,0,user_25,10,10,
1380,30,190000,0,user_19,10,10,
1386,31,170000,13900,user_25,10,10,
1381,32,160000,0,user_20,10,10,
1396,33,150000,0,user_33,10,10,
1401,34,150000,0,user_36,10,10,
1407,35,150000,10700,user_40,10,10,
1398,36,120000,0,user_34,10,10,
1393,37,84000,0,user_27,10,10,
1379,38,83000,0,user_19,10,10,
1376,39,80000,0,user_14,10,10,
1378,40,80000,0,user_17,10,10,
1369,41,77000,0,user_5,10,10,
1384,42,73000,0,user_23,10,10,
1467,,220000,0,user_0,11,,
1468,,190000,0,user_2,11,,
1469,,30000000,0,user_3,11,,
1470,,530000,0,user_6,11,,
1471,,320000,0,user_8,11,,
1472,,84000,15700,user_10,11,,
1473,,1300000,0,user_11,11,,
1474,,77000,0,user_12,11,,
1475,,150000,73100,user_13,11,,
1476,,2000000,369000,user_15,11,,
1477,,160000,0,user_16,11,,
1478,,2100000,0,user_16,11,,
1479,,910000,0,user_16,11,,
1480,,70000,0,user_16,11,,
1481,,19000000,0,user_16,11,,
1482,,110000,0,user_17,11,,
1483,,1400000,350000,user_18,11,,
1484,,470000,0,user_18,11,,
1485,,30000000,35600,user_19,11,,
1486,,160000,0,user_21,11,,
1487,,5000000,0,user_22,11,,
1488,,5000000,0,user_24,11,,
1489,,170000,0,user_25,11,,
1490,,1500000,0,user_27,11,,
1491,,98000,0,user_28,11,,
1492,,79000,31700,user_29,11,,
1493,,310000,13900,user_29,11,,
1494,,1400000,0,user_30,11,,
1495,,460000,0,user_31,11,,
1496,,98000,0,user_32,11,,
1497,,1400000,15700,user_33,11,,
1498,,85000,0,user_33,11,,
1499,,360000,0,user_33,11,,
1500,,470000,0,user_33,11,,
1501,,120000,0,user_34,11,,
1502,,320000,0,user_35,11,,
1503,,160000,0,user_36,11,,
1504,,98000,0,user_37,11,,
1505,,1900000,0,user_39,11,,
1506,,110000,0,user_39,11,,
1507,,1000000,35600,user_40,11,,
1508,,110000,0,user_41,11,,
1509,,4200000,0,user_42,11,,
1510,,2400000,0,user_42,11,,
1511,,220000,0,user_42,11,,
1512,,310000,164000,user_42,11,,
1513,,98000,0,user_42,11,,
1514,,2500000,0,user_43,11,,
1515,,2000000,0,user_49,11,,
1516,,1300000,35100,user_49,11,,
1469,0,30000000,0,user_3,11,11,
1485,1,30000000,35600,user_19,11,11,
1481,2,19000000,0,user_16,11,11,
1487,3,5000000,0,user_22,11,11,
1488,4,5000000,0,user_24,11,11,
1509,5,4200000,0,user_42,11,11,
1514,6,2500000,0,user_43,11,11,
1510,7,2400000,0,user_42,11,11,
1478,8,2100000,0,user_16,11,11,
1476,9,2000000,369000,user_15,11,11,
1515,10,2000000,0,user_49,11,11,
1505,11,1900000,0,user_39,11,11,
1483,12,1400000,350000,user_18,11,11,
1494,13,1400000,0,user_30,11,11,
1497,14,1400000,15700,user_33,11,11,
1473,15,1300000,0,user_11,11,11,
1516,16,1300000,35100,user_49,11,11,
1507,17,1000000,35600,user_40,11,11,
1479,18,910000,0,user_16,11,11,
1470,19,530000,0,user_6,11,11,
1484,20,470000,0,user_18,11,11,
1500,21,470000,0,user_33,11,11,
1495,22,460000,0,user_31,11,11,
1499,23,360000,0,user_33,11,11,
1471,24,320000,0,user_8,11,11,
1502,25,320000,0,user_35,11,11,
1493,26,310000,13900,user_29,11,11,
1512,27,310000,164000,user_42,11,11,
1467,28,220000,0,user_0,11,11,
1511,29,220000,0,user_42,11,11,
1468,30,190000,0,user_2,11,11,
1489,31,170000,0,user_25,11,11,
1477,32,160000,0,user_16,11,11,
1486,33,160000,0,user_21,11,11,
1475,34,150000,73100,user_13,11,11,
1501,35,120000,0,user_34,11,11,
1482,36,110000,0,user_17,11,11,
1506,37,110000,0,user_39,11,11,
1508,38,110000,0,user_41,11,11,
1491,39,98000,0,user_28,11,11,
1496,40,98000,0,user_32,11,11,
1504,41,98000,0,user_37,11,11,
1513,42,98000,0,user_42,11,11,
1498,43,85000,0,user_33,11,11,
1492,44,79000,31700,user_29,11,11,
1474,45,77000,0,user_12,11,11,
1480,46,70000,0,user_16,11,11,
1598,,5200000,0,user_0,12,,
1599,,220000,49100,user_2,12,,
1600,,150000,0,user_3,12,,
1601,,6300000,0,user_6,12,,
1602,,160000,0,user_6,12,,
1603,,5000000,0,user_7,12,,
1604,,1500000,0,user_8,12,,
1605,,260000,0,user_8,12,,
1606,,1100000,0,user_9,12,,
1607,,470000,12800,user_10,12,,
1608,,160000,0,user_12,12,,
1609,,120000,0,user_13,12,,
1610,,3500000,0,user_14,12,,
1611,,150000,0,user_15,12,,
1612,,530000,0,user_15,12,,
1613,,5200000,12300,user_17,12,,
1614,,160000,47700,user_17,12,,
1615,,1500000,410000,user_18,12,,
1616,,120000,0,user_19,12,,
1617,,460000,0,user_19,12,,
1618,,1400000,0,user_20,12,,
1619,,43000000,0,user_21,12,,
1620,,1100000,231000,user_22,12,,
1621,,310000,0,user_23,12,,
1622,,1200000,231000,user_25,12,,
1623,,85000,0,user_25,12,,
1624,,120000,64600,user_26,12,,
1625,,110000,0,user_27,12,,
1626,,530000,231000,user_29,12,,
1627,,1000000,0,user_29,12,,
1628,,1000000,0,user_30,12,,
1629,,130000,0,user_31,12,,
1630,,1000000,0,user_32,12,,
1631,,170000,0,user_34,12,,
1632,,190000,0,user_34,12,,
1633,,530000,0,user_34,12,,
1634,,2000000,33300,user_34,12,,
1635,,170000,0,user_35,12,,
1636,,1600000,0,user_36,12,,
1637,,1500000,35100,user_37,12,,
1638,,1000000,0,user_37,12,,
1639,,320000,1100000,user_39,12,,
1640,,2300000,31700,user_39,12,,
1641,,1500000,67500,user_39,12,,
1642,,84000,0,user_42,12,,
1643,,150000,350000,user_43,12,,
1644,,420000,0,user_44,12,,
1645,,1900000,0,user_44,12,,
1646,,240000,0,user_45,12,,
1647,,83000,0,user_46,12,,
1648,,2100000,0,user_49,12,,
1619,0,43000000,0,user_21,12,12,
1601,1,6300000,0,user_6,12,12,
1598,2,5200000,0,user_0,12,12,
1613,3,5200000,12300,user_17,12,12,
1603,4,5000000,0,user_7,12,12,
1610,5,3500000,0,user_14,12,12,
1640,6,2300000,31700,user_39,12,12,
1648,7,2100000,0,user_49,12,12,
1634,8,2000000,33300,user_34,12,12,
1645,9,1900000,0,user_44,12,12,
1636,10,1600000,0,user_36,12,12,
1604,11,1500000,0,user_8,12,12,
1615,12,1500000,410000,user_18,12,12,
1637,13,1500000,35100,user_37,12,12,
1641,14,1500000,67500,user_39,12,12,
1618,15,1400000,0,user_20,12,12,
1622,16,1200000,231000,user_25,12,12,
1606,17,1100000,0,user_9,12,12,
1620,18,1100000,231000,user_22,12,12,
1627,19,1000000,0,user_29,12,12,
1628,20,1000000,0,user_30,12,12,
1638,21,1000000,0,user_37,12,12,
1612,22,530000,0,user_15,12,12,
1626,23,530000,231000,user_29,12,12,
1633,24,530000,0,user_34,12,12,
1617,25,460000,0,user_19,12,12,
1644,26,420000,0,user_44,12,12,
1639,27,320000,1100000,user_39,12,12,
1621,28,310000,0,user_23,12,12,
1605,29,260000,0,user_8,12,12,
1599,30,220000,49100,user_2,12,12,
1632,31,190000,0,user_34,12,12,
1631,32,170000,0,user_34,12,12,
1602,33,160000,0,user_6,12,12,
1608,34,160000,0,user_12,12,12,
1614,35,160000,47700,user_17,12,12,
1600,36,150000,0,user_3,12,12,
1611,37,150000,0,user_15,12,12,
1643,38,150000,350000,user_43,12,12,
1629,39,130000,0,user_31,12,12,
1609,40,120000,0,user_13,12,12,
1616,41,120000,0,user_19,12,12,
1624,42,120000,64600,user_26,12,12,
1625,43,110000,0,user_27,12,12,
1623,44,85000,0,user_25,12,12,
1642,45,84000,0,user_42,12,12,
1753,,3600000,0,user_1,13,,
1754,,530000,0,user_2,13,,
1755,,4500000,0,user_3,13,,
1756,,82000,0,user_4,13,,
1757,,43000000,0,user_5,13,,
1758,,1500000,0,user_5,13,,
1759,,320000,0,user_6,13,,
1760,,150000,0,user_8,13,,
1761,,370000,0,user_8,13,,
1762,,87000,0,user_9,13,,
1763,,1400000,0,user_9,13,,
1764,,1700000,0,user_11,13,,
1765,,260000,0,user_13,13,,
1766,,260000,322000,user_14,13,,
1767,,170000,18600,user_14,13,,
1768,,300000,0,user_15,13,,
1769,,2500000,0,user_16,13,,
1770,,100000,0,user_17,13,,
1771,,170000,5640,user_18,13,,
1772,,5000000,0,user_19,13,,
1773,,300000,0,user_20,13,,
1774,,1500000,0,user_21,13,,
1775,,460000,0,user_22,13,,
1776,,6300000,36800,user_23,13,,
1777,,110000,0,user_24,13,,
1778,,5000000,0,user_25,13,,
1779,,1600000,0,user_26,13,,
1780,,320000,0,user_26,13,,
1781,,84000,0,user_26,13,,
1782,,340000,75000,user_26,13,,
1783,,70000,283000,user_27,13,,
1784,,970000,33300,user_27,13,,
1785,,460000,121000,user_28,13,,
1786,,470000,195000,user_29,13,,
1787,,6300000,0,user_30,13,,
1788,,1300000,0,user_33,13,,
1789,,1400000,13900,user_34,13,,
1790,,1500000,369000,user_36,13,,
1791,,150000,0,user_37,13,,
1792,,660000,33100,user_37,13,,
1793,,1600000,381000,user_37,13,,
1794,,2400000,0,user_37,13,,
1795,,2000000,0,user_38,13,,
1796,,150000,0,user_38,13,,
1797,,110000,0,user_39,13,,
1798,,970000,0,user_40,13,,
1799,,1000000,0,user_41,13,,
1800,,6100000,39400,user_42,13,,
1801,,1000000,43600,user_43,13,,
1802,,1100000,0,user_43,13,,
1803,,360000,10700,user_44,13,,
1804,,2000000,0,user_44,13,,
1805,,150000,0,user_45,13,,
1806,,6100000,0,user_46,13,,
1807,,4200000,0,user_46,13,,
1808,,27000000,769000,user_47,13,,
1809,,84000,0,user_48,13,,
1810,,2000000,0,user_49,13,,
1811,,2600000,0,user_49,13,,
1812,,130000,0,user_49,13,,
1813,,130000,0,user_49,13,,
1757,0,43000000,0,user_5,13,13,
1808,1,27000000,769000,user_47,13,13,
1776,2,6300000,36800,user_23,13,13,
1787,3,6300000,0,user_30,13,13,
1800,4,6100000,39400,user_42,13,13,
1806,5,6100000,0,user_46,13,13,
1772,6,5000000,0,user_19,13,13,
1778,7,5000000,0,user_25,13,13,
1755,8,4500000,0,user_3,13,13,
1807,9,4200000,0,user_46,13,13,
1811,10,2600000,0,user_49,13,13,
1769,11,2500000,0,user_16,13,13,
1794,12,2400000,0,user_37,13,13,
1804,13,2000000,0,user_44,13,13,
1810,14,2000000,0,user_49,13,13,
1764,15,1700000,0,user_11,13,13,
1779,16,1600000,0,user_26,13,13,
1793,17,1600000,381000,user_37,13,13,
1758,18,1500000,0,user_5,13,13,
1774,19,1500000,0,user_21,13,13,
1790,20,1500000,369000,user_36,13,13,
1763,21,1400000,0,user_9,13,13,
1789,22,1400000,13900,user_34,13,13,
1788,23,1300000,0,user_33,13,13,
1802,24,1100000,0,user_43,13,13,
1801,25,1000000,43600,user_43,13,13,
1784,26,970000,33300,user_27,13,13,
1798,27,970000,0,user_40,13,13,
1792,28,660000,33100,user_37,13,13,
1786,29,470000,195000,user_29,13,13,
1775,30,460000,0,user_22,13,13,
1785,31,460000,121000,user_28,13,13,
1803,32,360000,10700,user_44,13,13,
1782,33,340000,75000,user_26,13,13,
1780,34,320000,0,user_26,13,13,
1766,35,260000,322000,user_14,13,13,
1767,36,170000,18600,user_14,13,13,
1771,37,170000,5640,user_18,13,13,
1791,38,150000,0,user_37,13,13,
1805,39,150000,0,user_45,13,13,
1812,40,130000,0,user_49,13,13,
1813,41,130000,0,user_49,13,13,
1777,42,110000,0,user_24,13,13,
1797,43,110000,0,user_39,13,13,
1770,44,100000,0,user_17,13,13,
1762,45,87000,0,user_9,13,13,
1781,46,84000,0,user_26,13,13,
1809,47,84000,0,user_48,13,13,
1756,48,82000,0,user_4,13,13,
1783,49,70000,283000,user_27,13,13,
1932,,1900000,0,user_0,14,,
1933,,4500000,0,user_1,14,,
1934,,83000,0,user_2,14,,
1935,,1100000,60700,user_3,14,,
1936,,2600000,0,user_3,14,,
1937,,1800000,0,user_4,14,,
1938,,80000,0,user_6,14,,
1939,,5000000,231000,user_7,14,,
1940,,350000,0,user_8,14,,
1941,,83000,108000,user_8,14,,
1942,,6300000,0,user_10,14,,
1943,,970000,0,user_11,14,,
1944,,43000000,0,user_11,14,,
1945,,160000,0,user_12,14,,
1946,,910000,0,user_12,14,,
1947,,660000,0,user_13,14,,
1948,,360000,0,user_14,14,,
1949,,1500000,0,user_14,14,,
1950,,85000,0,user_14,14,,
1951,,170000,0,user_14,14,,
1952,,260000,0,user_14,14,,
1953,,630000,15100,user_16,14,,
1954,,4200000,0,user_16,14,,
1955,,2000000,0,user_16,14,,
1956,,650000,0,user_16,14,,
1957,,1000000,0,user_16,14,,
1958,,3500000,0,user_18,14,,
1959,,1100000,16400,user_18,14,,
1960,,84000,0,user_19,14,,
1961,,120000,0,user_21,14,,
1962,,1500000,769000,user_23,14,,
1963,,98000,6390,user_23,14,,
1964,,240000,67500,user_25,14,,
1965,,77000,0,user_26,14,,
1966,,130000,146000,user_26,14,,
1967,,260000,0,user_26,14,,
1968,,82000,0,user_28,14,,
1969,,98000,369000,user_29,14,,
1970,,2100000,0,user_29,14,,
1971,,3600000,0,user_30,14,,
1972,,160000,0,user_31,14,,
1973,,120000,0,user_31,14,,
1974,,3500000,0,user_32,14,,
1975,,320000,12800,user_33,14,,
1976,,2000000,0,user_34,14,,
1977,,6100000,256000,user_36,14,,
1978,,19000000,0,user_37,14,,
1979,,2600000,0,user_38,14,,
1980,,30000000,296000,user_39,14,,
1981,,1000000,0,user_39,14,,
1982,,110000,181000,user_43,14,,
1983,,170000,0,user_43,14,,
1984,,910000,60700,user_44,14,,
1985,,98000,161000,user_45,14,,
1986,,120000,73100,user_45,14,,
1987,,170000,0,user_47,14,,
1988,,150000,19700,user_49,14,,
1944,0,43000000,0,user_11,14,14,
1980,1,30000000,296000,user_39,14,14,
1978,2,19000000,0,user_37,14,14,
1942,3,6300000,0,user_10,14,14,
1977,4,6100000,256000,user_36,14,14,
1939,5,5000000,231000,user_7,14,14,
1933,6,4500000,0,user_1,14,14,
1954,7,4200000,0,user_16,14,14,
1971,8,3600000,0,user_30,14,14,
1958,9,3500000,0,user_18,14,14,
1936,10,2600000,0,user_3,14,14,
1970,11,2100000,0,user_29,14,14,
1955,12,2000000,0,user_16,14,14,
1976,13,2000000,0,user_34,14,14,
1932,14,1900000,0,user_0,14,14,
1937,15,1800000,0,user_4,14,14,
1962,16,1500000,769000,user_23,14,14,
1935,17,1100000,60700,user_3,14,14,
1959,18,1100000,16400,user_18,14,14,
1957,19,1000000,0,user_16,14,14,
1981,20,1000000,0,user_39,14,14,
1943,21,970000,0,user_11,14,14,
1946,22,910000,0,user_12,14,14,
1984,23,910000,60700,user_44,14,14,
1947,24,660000,0,user_13,14,14,
1956,25,650000,0,user_16,14,14,
1953,26,630000,15100,user_16,14,14,
1940,27,350000,0,user_8,14,14,
1975,28,320000,12800,user_33,14,14,
1967,29,260000,0,user_26,14,14,
1964,30,240000,67500,user_25,14,14,
1983,31,170000,0,user_43,14,14,
1987,32,170000,0,user_47,14,14,
1945,33,160000,0,user_12,14,14,
1972,34,160000,0,user_31,14,14,
1988,35,150000,19700,user_49,14,14,
1966,36,130000,146000,user_26,14,14,
1961,37,120000,0,user_21,14,14,
1973,38,120000,0,user_31,14,14,
1986,39,120000,73100,user_45,14,14,
1982,40,110000,181000,user_43,14,14,
1963,41,98000,6390,user_23,14,14,
1969,42,98000,369000,user_29,14,14,
1985,43,98000,161000,user_45,14,14,
1934,44,83000,0,user_2,14,14,
1941,45,83000,108000,user_8,14,14,
1938,46,80000,0,user_6,14,14,
1965,47,77000,0,user_26,14,14,
2114,,220000,0,user_0,15,,
2115,,650000,0,user_0,15,,
2116,,83000,0,user_1,15,,
2117,,160000,0,user_1,15,,
2118,,110000,0,user_1,15,,
2119,,150000,43600,user_1,15,,
2120,,150000,0,user_1,15,,
2121,,150000,0,user_2,15,,
2122,,420000,0,user_3,15,,
2123,,2600000,0,user_5,15,,
2124,,670000,0,user_7,15,,
2125,,1200000,0,user_8,15,,
2126,,120000,0,user_12,15,,
2127,,1300000,0,user_15,15,,
2128,,2000000,0,user_16,15,,
2129,,120000,0,user_19,15,,
2130,,3600000,0,user_19,15,,
2131,,4200000,0,user_20,15,,
2132,,650000,0,user_20,15,,
2133,,910000,0,user_21,15,,
2134,,120000,24700,user_22,15,,
2135,,3200000,0,user_23,15,,
2136,,77000,0,user_24,15,,
2137,,110000,0,user_26,15,,
2138,,120000,0,user_29,15,,
2139,,1500000,0,user_29,15,,
2140,,27000000,0,user_30,15,,
2141,,87000,0,user_31,15,,
2142,,1000000,0,user_32,15,,
2143,,120000,0,user_33,15,,
2144,,1100000,296000,user_34,15,,
2145,,2400000,0,user_34,15,,
2146,,6100000,0,user_35,15,,
2147,,1600000,0,user_36,15,,
2148,,110000,0,user_38,15,,
2149,,85000,0,user_39,15,,
2150,,30000000,0,user_40,15,,
2151,,260000,0,user_41,15,,
2152,,160000,33300,user_44,15,,
2153,,130000,10700,user_46,15,,
2154,,120000,0,user_46,15,,
2155,,470000,0,user_47,15,,
2156,,1900000,32900,user_48,15,,
2157,,310000,0,user_49,15,,
2150,0,30000000,0,user_40,15,15,
2140,1,27000000,0,user_30,15,15,
2146,2,6100000,0,user_35,15,15,
2131,3,4200000,0,user_20,15,15,
2130,4,3600000,0,user_19,15,15,
2135,5,3200000,0,user_23,15,15,
2123,6,2600000,0,user_5,15,15,
2145,7,2400000,0,user_34,15,15,
2128,8,2000000,0,user_16,15,15,
2156,9,1900000,32900,user_48,15,15,
2147,10,1600000,0,user_36,15,15,
2139,11,1500000,0,user_29,15,15,
2127,12,1300000,0,user_15,15,15,
2125,13,1200000,0,user_8,15,15,
2144,14,1100000,296000,user_34,15,15,
2142,15,1000000,0,user_32,15,15,
2133,16,910000,0,user_21,15,15,
2124,17,670000,0,user_7,15,15,
2115,18,650000,0,user_0,15,15,
2132,19,650000,0,user_20,15,15,
2155,20,470000,0,user_47,15,15,
2122,21,420000,0,user_3,15,15,
2157,22,310000,0,user_49,15,15,
2151,23,260000,0,user_41,15,15,
2114,24,220000,0,user_0,15,15,
2152,25,160000,33300,user_44,15,15,
2121,26,150000,0,user_2,15,15,
2153,27,130000,10700,user_46,15,15,
2129,28,120000,0,user_19,15,15,
2134,29,120000,24700,user_22,15,15,
2138,30,120000,0,user_29,15,15,
2143,31,120000,0,user_33,15,15,
2154,32,120000,0,user_46,15,15,
2148,33,110000,0,user_38,15,15,
2141,34,87000,0,user_31,15,15,
2136,35,77000,0,user_24,15,15,
2198,,170000,0,user_0,16,,
2199,,30000000,0,user_1,16,,
2200,,73000,3130,user_2,16,,
2201,,420000,0,user_2,16,,
2202,,220000,0,user_3,16,,
2203,,110000,30200,user_4,16,,
2204,,220000,0,user_4,16,,
2205,,1900000,0,user_5,16,,
2206,,110000,0,user_6,16,,
2207,,240000,0,user_6,16,,
2208,,27000000,0,user_6,16,,
2209,,470000,0,user_6,16,,
2210,,170000,0,user_7,16,,
2211,,420000,0,user_9,16,,
2212,,220000,0,user_9,16,,
2213,,1100000,0,user_9,16,,
2214,,1600000,0,user_10,16,,
2215,,1100000,0,user_11,16,,
2216,,1600000,256000,user_12,16,,
2217,,350000,0,user_15,16,,
2218,,1600000,0,user_15,16,,
2219,,160000,13900,user_16,16,,
2220,,19000000,0,user_16,16,,
2221,,77000,15300,user_17,16,,
2222,,98000,0,user_18,16,,
2223,,3200000,0,user_19,16,,
2224,,70000,0,user_20,16,,
2225,,170000,0,user_21,16,,
2226,,3500000,0,user_21,16,,
2227,,170000,0,user_24,16,,
2228,,5200000,0,user_25,16,,
2229,,4500000,0,user_26,16,,
2230,,43000000,0,user_27,16,,
2231,,260000,0,user_29,16,,
2232,,2500000,0,user_30,16,,
2233,,2000000,0,user_31,16,,
2234,,970000,0,user_32,16,,
2235,,2300000,0,user_33,16,,
2236,,1000000,35100,user_34,16,,
2237,,1200000,0,user_35,16,,
2238,,310000,0,user_39,16,,
2239,,1400000,0,user_40,16,,
2240,,600000,0,user_41,16,,
2241,,870000,0,user_42,16,,
2242,,650000,0,user_42,16,,
2243,,1000000,0,user_43,16,,
2244,,160000,0,user_45,16,,
2245,,1000000,10700,user_46,16,,
2246,,4200000,0,user_47,16,,
2247,,300000,13900,user_47,16,,
2248,,120000,0,user_48,16,,
2249,,1900000,0,user_49,16,,
2250,,340000,73100,user_49,16,,
2230,0,43000000,0,user_27,16,16,
2199,1,30000000,0,user_1,16,16,
2208,2,27000000,0,user_6,16,16,
2220,3,19000000,0,user_16,16,16,
2228,4,5200000,0,user_25,16,16,
2229,5,4500000,0,user_26,16,16,
2246,6,4200000,0,user_47,16,16,
2226,7,3500000,0,user_21,16,16,
2232,8,2500000,0,user_30,16,16,
2235,9,2300000,0,user_33,16,16,
2233,10,2000000,0,user_31,16,16,
2205,11,1900000,0,user_5,16,16,
2249,12,1900000,0,user_49,16,16,
2214,13,1600000,0,user_10,16,16,
2216,14,1600000,256000,user_12,16,16,
2218,15,1600000,0,user_15,16,16,
2239,16,1400000,0,user_40,16,16,
2237,17,1200000,0,user_35,16,16,
2215,18,1100000,0,user_11,16,16,
2236,19,1000000,35100,user_34,16,16,
2243,20,1000000,0,user_43,16,16,
2245,21,1000000,10700,user_46,16,16,
2241,22,870000,0,user_42,16,16,
2242,23,650000,0,user_42,16,16,
2240,24,600000,0,user_41,16,16,
2209,25,470000,0,user_6,16,16,
2201,26,420000,0,user_2,16,16,
2217,27,350000,0,user_15,16,16,
2250,28,340000,73100,user_49,16,16,
2238,29,310000,0,user_39,16,16,
2247,30,300000,13900,user_47,16,16,
2231,31,260000,0,user_29,16,16,
2207,32,240000,0,user_6,16,16,
2202,33,220000,0,user_3,16,16,
2204,34,220000,0,user_4,16,16,
2198,35,170000,0,user_0,16,16,
2210,36,170000,0,user_7,16,16,
2225,37,170000,0,user_21,16,16,
2219,38,160000,13900,user_16,16,16,
2244,39,160000,0,user_45,16,16,
2203,40,110000,30200,user_4,16,16,
2206,41,110000,0,user_6,16,16,
2222,42,98000,0,user_18,16,16,
2221,43,77000,15300,user_17,16,16,
2200,44,73000,3130,user_2,16,16,
2224,45,70000,0,user_20,16,16,
2311,,320000,0,user_0,17,,
2312,,190000,0,user_3,17,,
2313,,170000,0,user_3,17,,
2314,,460000,12800,user_3,17,,
2315,,30000000,33100,user_3,17,,
2316,,120000,0,user_3,17,,
2317,,130000,0,user_4,17,,
2318,,1500000,17700000,user_4,17,,
2319,,120000,15100,user_5,17,,
2320,,170000,0,user_7,17,,
2321,,27000000,0,user_7,17,,
2322,,1500000,0,user_8,17,,
2323,,420000,0,user_9,17,,
2324,,870000,0,user_11,17,,
2325,,670000,0,user_12,17,,
2326,,82000,12300,user_12,17,,
2327,,3200000,0,user_13,17,,
2328,,4500000,0,user_14,17,,
2329,,1500000,6390,user_16,17,,
2330,,310000,0,user_16,17,,
2331,,5000000,0,user_17,17,,
2332,,350000,0,user_17,17,,
2333,,1000000,369000,user_18,17,,
2334,,85000,0,user_19,17,,
2335,,2300000,0,user_20,17,,
2336,,190000,0,user_20,17,,
2337,,1500000,12300,user_24,17,,
2338,,220000,0,user_24,17,,
2339,,120000,0,user_25,17,,
2340,,120000,0,user_25,17,,
2341,,120000,0,user_26,17,,
2342,,1600000,0,user_27,17,,
2343,,2000000,0,user_28,17,,
2344,,150000,35600,user_30,17,,
2345,,1000000,283000,user_31,17,,
2346,,970000,0,user_32,17,,
2347,,970000,0,user_34,17,,
2348,,73000,164000,user_36,17,,
2349,,73000,0,user_37,17,,
2350,,160000,73100,user_38,17,,
2351,,420000,21800,user_42,17,,
2352,,1600000,0,user_43,17,,
2353,,98000,43600,user_43,17,,
2354,,150000,0,user_44,17,,
2355,,220000,0,user_46,17,,
2356,,1800000,84800,user_47,17,,
2357,,600000,0,user_48,17,,
2358,,1900000,0,user_48,17,,
2315,0,30000000,33100,user_3,17,17,
2321,1,27000000,0,user_7,17,17,
2331,2,5000000,0,user_17,17,17,
2328,3,4500000,0,user_14,17,17,
2327,4,3200000,0,user_13,17,17,
2335,5,2300000,0,user_20,17,17,
2343,6,2000000,0,user_28,17,17,
2358,7,1900000,0,user_48,17,17,
2356,8,1800000,84800,user_47,17,17,
2342,9,1600000,0,user_27,17,17,
2352,10,1600000,0,user_43,17,17,
2318,11,1500000,17700000,user_4,17,17,
2322,12,1500000,0,user_8,17,17,
2337,13,1500000,12300,user_24,17,17,
2333,14,1000000,369000,user_18,17,17,
2345,15,1000000,283000,user_31,17,17,
2347,16,970000,0,user_34,17,17,
2325,17,670000,0,user_12,17,17,
2357,18,600000,0,user_48,17,17,
2314,19,460000,12800,user_3,17,17,
2323,20,420000,0,user_9,17,17,
2351,21,420000,21800,user_42,17,17,
2332,22,350000,0,user_17,17,17,
2311,23,320000,0,user_0,17,17,
2338,24,220000,0,user_24,17,17,
2312,25,190000,0,user_3,17,17,
2336,26,190000,0,user_20,17,17,
2313,27,170000,0,user_3,17,17,
2320,28,170000,0,user_7,17,17,
2350,29,160000,73100,user_38,17,17,
2344,30,150000,35600,user_30,17,17,
2354,31,150000,0,user_44,17,17,
2317,32,130000,0,user_4,17,17,
2316,33,120000,0,user_3,17,17,
2319,34,120000,15100,user_5,17,17,
2339,35,120000,0,user_25,17,17,
2340,36,120000,0,user_25,17,17,
2341,37,120000,0,user_26,17,17,
2353,38,98000,43600,user_43,17,17,
2334,39,85000,0,user_19,17,17,
2326,40,82000,12300,user_12,17,17,
2348,41,73000,164000,user_36,17,17,
2349,42,73000,0,user_37,17,17,
2463,,1000000,0,user_1,18,,
2464,,910000,73100,user_2,18,,
2465,,110000,769000,user_3,18,,
2466,,2000000,0,user_6,18,,
2467,,1400000,56200,user_9,18,,
2468,,170000,0,user_11,18,,
2469,,320000,49100,user_12,18,,
2470,,73000,0,user_13,18,,
2471,,2300000,0,user_14,18,,
2472,,190000,0,user_15,18,,
2473,,1900000,0,user_16,18,,
2474,,1400000,1100000,user_17,18,,
2475,,150000,0,user_17,18,,
2476,,120000,0,user_17,18,,
2477,,460000,0,user_17,18,,
2478,,2000000,0,user_17,18,,
2479,,600000,0,user_18,18,,
2480,,2100000,0,user_20,18,,
2481,,110000,0,user_23,18,,
2482,,2000000,0,user_25,18,,
2483,,5000000,0,user_25,18,,
2484,,1800000,13900,user_26,18,,
2485,,310000,0,user_27,18,,
2486,,87000,47700,user_28,18,,
2487,,240000,0,user_28,18,,
2488,,2000000,0,user_29,18,,
2489,,240000,0,user_31,18,,
2490,,130000,33100,user_31,18,,
2491,,240000,5640,user_33,18,,
2492,,110000,0,user_34,18,,
2493,,530000,0,user_36,18,,
2494,,73000,11200,user_36,18,,
2495,,150000,0,user_36,18,,
2496,,1500000,0,user_36,18,,
2497,,170000,0,user_37,18,,
2498,,85000,7840,user_38,18,,
2499,,670000,0,user_41,18,,
2500,,73000,12300,user_42,18,,
2501,,1800000,0,user_42,18,,
2502,,1000000,0,user_43,18,,
2503,,1400000,0,user_44,18,,
2504,,43000000,0,user_45,18,,
2505,,220000,0,user_46,18,,
2506,,220000,0,user_46,18,,
2507,,160000,0,user_47,18,,
2508,,1000000,0,user_49,18,,
2504,0,43000000,0,user_45,18,18,
2520,1,0,0,builder_1,18,18,2474
2474,2,1400000,1100000,user_17,18,18,
2478,3,2000000,0,user_17,18,18,
2473,4,1900000,0,user_16,18,18,
2501,5,1800000,0,user_42,18,18,
2496,6,1500000,0,user_36,18,18,
2503,7,1400000,0,user_44,18,18,
2463,8,1000000,0,user_1,18,18,
2502,9,1000000,0,user_43,18,18,
2508,10,1000000,0,user_49,18,18,
2521,11,0,0,builder_1,18,18,2464
2464,12,910000,73100,user_2,18,18,
2479,13,600000,0,user_18,18,18,
2493,14,530000,0,user_36,18,18,
2477,15,460000,0,user_17,18,18,
2469,16,320000,49100,user_12,18,18,
2522,17,0,0,builder_1,18,18,2469
2485,18,310000,0,user_27,18,18,
2523,19,0,0,builder_1,18,18,2491
2491,20,240000,5640,user_33,18,18,
2487,21,240000,0,user_28,18,18,
2489,22,240000,0,user_31,18,18,
2505,23,220000,0,user_46,18,18,
2506,24,220000,0,user_46,18,18,
2472,25,190000,0,user_15,18,18,
2468,26,170000,0,user_11,18,18,
2497,27,170000,0,user_37,18,18,
2490,28,130000,33100,user_31,18,18,
2524,29,0,0,builder_1,18,18,2490
2475,30,150000,0,user_17,18,18,
2495,31,150000,0,user_36,18,18,
2525,32,0,0,builder_1,18,18,2486
2486,33,87000,47700,user_28,18,18,
2476,34,120000,0,user_17,18,18,
2492,35,110000,0,user_34,18,18,
2526,36,0,0,builder_1,18,18,2498
2498,37,85000,7840,user_38,18,18,
2527,38,0,0,builder_1,18,18,2500
2500,39,73000,12300,user_42,18,18,
2494,40,73000,11200,user_36,18,18,
2528,41,0,0,builder_1,18,18,2494
2595,,120000,0,user_0,19,,
2596,,310000,0,user_2,19,,
2597,,2500000,0,user_3,19,,
2598,,150000,0,user_4,19,,
2599,,120000,64600,user_8,19,,
2600,,3200000,0,user_9,19,,
2601,,650000,1100000,user_10,19,,
2602,,27000000,0,user_11,19,,
2603,,530000,0,user_12,19,,
2604,,240000,0,user_17,19,,
2605,,100000,60700,user_17,19,,
2606,,870000,0,user_21,19,,
2607,,3600000,35100,user_22,19,,
2608,,3600000,0,user_25,19,,
2609,,120000,0,user_26,19,,
2610,,3600000,0,user_27,19,,
2611,,2300000,0,user_28,19,,
2612,,110000,0,user_28,19,,
2613,,350000,0,user_28,19,,
2614,,220000,0,user_28,19,,
2615,,1000000,0,user_29,19,,
2616,,87000,17700000,user_29,19,,
2617,,1000000,0,user_30,19,,
2618,,420000,0,user_31,19,,
2619,,460000,0,user_32,19,,
2620,,100000,0,user_32,19,,
2621,,310000,0,user_32,19,,
2622,,2400000,0,user_32,19,,
2623,,370000,0,user_33,19,,
2624,,6300000,0,user_34,19,,
2625,,870000,0,user_34,19,,
2626,,1200000,0,user_34,19,,
2627,,2300000,0,user_34,19,,
2628,,3200000,0,user_34,19,,
2629,,130000,0,user_35,19,,
2630,,650000,13900,user_36,19,,
2631,,160000,0,user_37,19,,
2632,,170000,18600,user_38,19,,
2633,,3500000,0,user_39,19,,
2634,,98000,0,user_40,19,,
2635,,970000,0,user_40,19,,
2636,,2000000,0,user_42,19,,
2637,,1500000,0,user_45,19,,
2638,,77000,0,user_45,19,,
2639,,110000,0,user_46,19,,
2640,,70000,0,user_47,19,,
2641,,110000,369000,user_48,19,,
2602,0,27000000,0,user_11,19,19,
2624,1,6300000,0,user_34,19,19,
2607,2,3600000,35100,user_22,19,19,
2608,3,3600000,0,user_25,19,19,
2610,4,3600000,0,user_27,19,19,
2633,5,3500000,0,user_39,19,19,
2600,6,3200000,0,user_9,19,19,
2628,7,3200000,0,user_34,19,19,
2597,8,2500000,0,user_3,19,19,
2622,9,2400000,0,user_32,19,19,
2611,10,2300000,0,user_28,19,19,
2627,11,2300000,0,user_34,19,19,
2636,12,2000000,0,user_42,19,19,
2637,13,1500000,0,user_45,19,19,
2626,14,1200000,0,user_34,19,19,
2615,15,1000000,0,user_29,19,19,
2617,16,1000000,0,user_30,19,19,
2635,17,970000,0,user_40,19,19,
2606,18,870000,0,user_21,19,19,
2625,19,870000,0,user_34,19,19,
2630,20,650000,13900,user_36,19,19,
2603,21,530000,0,user_12,19,19,
2619,22,460000,0,user_32,19,19,
2623,23,370000,0,user_33,19,19,
2613,24,350000,0,user_28,19,19,
2621,25,310000,0,user_32,19,19,
2604,26,240000,0,user_17,19,19,
2614,27,220000,0,user_28,19,19,
2631,28,160000,0,user_37,19,19,
2598,29,150000,0,user_4,19,19,
2629,30,130000,0,user_35,19,19,
2595,31,120000,0,user_0,19,19,
2609,32,120000,0,user_26,19,19,
2612,33,110000,0,user_28,19,19,
2639,34,110000,0,user_46,19,19,
2641,35,110000,369000,user_48,19,19,
2605,36,100000,60700,user_17,19,19,
2620,37,100000,0,user_32,19,19,
2634,38,98000,0,user_40,19,19,
2616,39,87000,17700000,user_29,19,19,
2638,40,77000,0,user_45,19,19,
2640,41,70000,0,user_47,19,19,
2702,,27000000,146000,user_0,20,,
2703,,30000000,0,user_0,20,,
2704,,310000,0,user_1,20,,
2705,,120000,283000,user_2,20,,
2706,,1500000,56200,user_2,20,,
2707,,1000000,15300,user_2,20,,
2708,,2100000,0,user_2,20,,
2709,,350000,0,user_2,20,,
2710,,1100000,0,user_3,20,,
2711,,2000000,0,user_4,20,,
2712,,650000,0,user_5,20,,
2713,,470000,0,user_7,20,,
2714,,370000,0,user_9,20,,
2715,,870000,13900,user_10,20,,
2716,,670000,0,user_11,20,,
2717,,460000,256000,user_11,20,,
2718,,110000,0,user_11,20,,
2719,,150000,0,user_11,20,,
2720,,79000,0,user_11,20,,
2721,,83000,139000,user_12,20,,
2722,,1600000,0,user_13,20,,
2723,,1400000,0,user_13,20,,
2724,,1600000,0,user_13,20,,
2725,,5000000,0,user_13,20,,
2726,,2500000,0,user_14,20,,
2727,,160000,13900,user_17,20,,
2728,,5200000,0,user_20,20,,
2729,,460000,67900,user_20,20,,
2730,,1500000,0,user_21,20,,
2731,,3600000,0,user_22,20,,
2732,,2000000,0,user_22,20,,
2733,,77000,0,user_22,20,,
2734,,260000,0,user_22,20,,
2735,,30000000,0,user_23,20,,
2736,,650000,0,user_26,20,,
2737,,1000000,0,user_27,20,,
2738,,120000,0,user_30,20,,
2739,,110000,0,user_30,20,,
2740,,100000,0,user_30,20,,
2741,,420000,0,user_30,20,,
2742,,6100000,0,user_32,20,,
2743,,260000,0,user_34,20,,
2744,,1000000,0,user_36,20,,
2745,,27000000,283000,user_37,20,,
2746,,3600000,0,user_37,20,,
2747,,360000,0,user_37,20,,
2748,,4200000,0,user_37,20,,
2749,,150000,19700,user_37,20,,
2750,,110000,0,user_39,20,,
2751,,340000,0,user_40,20,,
2752,,1900000,0,user_40,20,,
2753,,1300000,0,user_42,20,,
2754,,1900000,139000,user_43,20,,
2755,,160000,0,user_44,20,,
2756,,120000,0,user_45,20,,
2757,,190000,0,user_45,20,,
2758,,84000,0,user_47,20,,
2759,,1600000,594000,user_47,20,,
2760,,530000,0,user_48,20,,
2761,,190000,0,user_49,20,,
2762,,79000,0,user_49,20,,
2703,0,30000000,0,user_0,20,20,
2735,1,30000000,0,user_23,20,20,
2745,2,27000000,283000,user_37,20,20,
2796,3,0,0,builder_3,20,20,2745
2702,4,27000000,146000,user_0,20,20,
2797,5,0,0,builder_3,20,20,2702
2742,6,6100000,0,user_32,20,20,
2728,7,5200000,0,user_20,20,20,
2725,8,5000000,0,user_13,20,20,
2748,9,4200000,0,user_37,20,20,
2731,10,3600000,0,user_22,20,20,
2746,11,3600000,0,user_37,20,20,
2726,12,2500000,0,user_14,20,20,
2798,13,0,0,builder_3,20,20,2759
2759,14,1600000,594000,user_47,20,20,
2708,15,2100000,0,user_2,20,20,
2754,16,1900000,139000,user_43,20,20,
2799,17,0,0,builder_3,20,20,2754
2711,18,2000000,0,user_4,20,20,
2732,19,2000000,0,user_22,20,20,
2752,20,1900000,0,user_40,20,20,
2722,21,1600000,0,user_13,20,20,
2724,22,1600000,0,user_13,20,20,
2706,23,1500000,56200,user_2,20,20,
2800,24,0,0,builder_3,20,20,2706
2730,25,1500000,0,user_21,20,20,
2723,26,1400000,0,user_13,20,20,
2753,27,1300000,0,user_42,20,20,
2710,28,1100000,0,user_3,20,20,
2707,29,1000000,15300,user_2,20,20,
2801,30,0,0,builder_3,20,20,2707
2744,31,1000000,0,user_36,20,20,
2715,32,870000,13900,user_10,20,20,
2802,33,0,0,builder_3,20,20,2715
2803,34,0,0,builder_3,20,20,2717
2717,35,460000,256000,user_11,20,20,
2716,36,670000,0,user_11,20,20,
2712,37,650000,0,user_5,20,20,
2736,38,650000,0,user_26,20,20,
2760,39,530000,0,user_48,20,20,
2804,40,0,0,builder_3,20,20,2729
2729,41,460000,67900,user_20,20,20,
2713,42,470000,0,user_7,20,20,
2741,43,420000,0,user_30,20,20,
2805,44,0,0,builder_3,20,20,2705
2705,45,120000,283000,user_2,20,20,
2747,46,360000,0,user_37,20,20,
2709,47,350000,0,user_2,20,20,
2751,48,340000,0,user_40,20,20,
2734,49,260000,0,user_22,20,20,
2743,50,260000,0,user_34,20,20,
2806,51,0,0,builder_3,20,20,2721
2721,52,83000,139000,user_12,20,20,
2757,53,190000,0,user_45,20,20,
2761,54,190000,0,user_49,20,20,
2727,55,160000,13900,user_17,20,20,
2807,56,0,0,builder_3,20,20,2727
2808,57,0,0,builder_3,20,20,2749
2749,58,150000,19700,user_37,20,20,
2755,59,160000,0,user_44,20,20,
2719,60,150000,0,user_11,20,20,
2738,61,120000,0,user_30,20,20,
2756,62,120000,0,user_45,20,20,
2718,63,110000,0,user_11,20,20,
2739,64,110000,0,user_30,20,20,
2750,65,110000,0,user_39,20,20,
2740,66,100000,0,user_30,20,20,
2758,67,84000,0,user_47,20,20,
2720,68,79000,0,user_11,20,20,
2762,69,79000,0,user_49,20,20,
2733,70,77000,0,user_22,20,20,
2859,,85000,0,user_0,21,,
2860,,120000,8520,user_1,21,,
2861,,73000,0,user_4,21,,
2862,,970000,0,user_5,21,,
2863,,2400000,8520,user_5,21,,
2864,,130000,100000,user_8,21,,
2865,,19000000,0,user_10,21,,
2866,,150000,0,user_11,21,,
2867,,87000,0,user_11,21,,
2868,,870000,0,user_12,21,,
2869,,87000,350000,user_13,21,,
2870,,5000000,256000,user_15,21,,
2871,,220000,0,user_16,21,,
2872,,2600000,56200,user_18,21,,
2873,,420000,0,user_18,21,,
2874,,2600000,0,user_20,21,,
2875,,630000,0,user_21,21,,
2876,,1300000,594000,user_22,21,,
2877,,82000,16400,user_23,21,,
2878,,110000,0,user_23,21,,
2879,,910000,0,user_23,21,,
2880,,120000,0,user_23,21,,
2881,,1900000,0,user_23,21,,
2882,,1000000,0,user_24,21,,
2883,,5000000,21800,user_25,21,,
2884,,87000,0,user_28,21,,
2885,,2600000,0,user_28,21,,
2886,,110000,15100,user_28,21,,
2887,,4200000,35100,user_28,21,,
2888,,73000,0,user_29,21,,
2889,,85000,0,user_31,21,,
2890,,260000,0,user_32,21,,
2891,,120000,0,user_32,21,,
2892,,1200000,13900,user_33,21,,
2893,,110000,0,user_35,21,,
2894,,130000,0,user_35,21,,
2895,,190000,0,user_36,21,,
2896,,27000000,0,user_37,21,,
2897,,4200000,0,user_39,21,,
2898,,420000,0,user_40,21,,
2899,,4500000,5640,user_42,21,,
2900,,1500000,0,user_43,21,,
2901,,4200000,16400,user_44,21,,
2902,,170000,43600,user_44,21,,
2903,,2300000,0,user_44,21,,
2904,,660000,0,user_44,21,,
2905,,120000,155000,user_44,21,,
2906,,110000,0,user_45,21,,
2907,,660000,31700,user_47,21,,
2908,,310000,0,user_49,21,,
2896,0,27000000,0,user_37,21,21,
2865,1,19000000,0,user_10,21,21,
3010,2,0,0,builder_8,21,21,2870
2870,3,5000000,256000,user_15,21,21,
2883,4,5000000,21800,user_25,21,21,
3011,5,0,0,builder_8,21,21,2883
2899,6,4500000,5640,user_42,21,21,
3012,7,0,0,builder_8,21,21,2899
2887,8,4200000,35100,user_28,21,21,
3013,9,0,0,builder_8,21,21,2887
3014,10,0,0,builder_8,21,21,2901
2901,11,4200000,16400,user_44,21,21,
2897,12,4200000,0,user_39,21,21,
2872,13,2600000,56200,user_18,21,21,
3015,14,0,0,builder_8,21,21,2872
2874,15,2600000,0,user_20,21,21,
2885,16,2600000,0,user_28,21,21,
3016,17,0,0,builder_8,21,21,2863
2863,18,2400000,8520,user_5,21,21,
2903,19,2300000,0,user_44,21,21,
2881,20,1900000,0,user_23,21,21,
3017,21,0,0,builder_8,21,21,2876
2876,22,1300000,594000,user_22,21,21,
3018,23,0,0,builder_8,21,21,2892
2892,24,1200000,13900,user_33,21,21,
2862,25,970000,0,user_5,21,21,
2879,26,910000,0,user_23,21,21,
2907,27,660000,31700,user_47,21,21,
3019,28,0,0,builder_8,21,21,2907
2904,29,660000,0,user_44,21,21,
2875,30,630000,0,user_21,21,21,
2869,31,87000,350000,user_13,21,21,
3020,32,0,0,builder_8,21,21,2869
2873,33,420000,0,user_18,21,21,
2908,34,310000,0,user_49,21,21,
3021,35,0,0,builder_8,21,21,2905
2905,36,120000,155000,user_44,21,21,
2890,37,260000,0,user_32,21,21,
2871,38,220000,0,user_16,21,21,
3022,39,0,0,builder_8,21,21,2902
2902,40,170000,43600,user_44,21,21,
2895,41,190000,0,user_36,21,21,
2866,42,150000,0,user_11,21,21,
2894,43,130000,0,user_35,21,21,
2886,44,110000,15100,user_28,21,21,
3023,45,0,0,builder_8,21,21,2886
2880,46,120000,0,user_23,21,21,
2891,47,120000,0,user_32,21,21,
2878,48,110000,0,user_23,21,21,
2893,49,110000,0,user_35,21,21,
3024,50,0,0,builder_8,21,21,2877
2877,51,82000,16400,user_23,21,21,
2867,52,87000,0,user_11,21,21,
2884,53,87000,0,user_28,21,21,
2859,54,85000,0,user_0,21,21,
2861,55,73000,0,user_4,21,21,
2888,56,73000,0,user_29,21,21,
3025,,82000,0,user_1,22,,
3026,,530000,0,user_3,22,,
3027,,1600000,0,user_3,22,,
3028,,320000,161000,user_5,22,,
3029,,79000,0,user_6,22,,
3030,,73000,0,user_7,22,,
3031,,1100000,35100,user_7,22,,
3032,,1300000,510000,user_9,22,,
3033,,670000,0,user_10,22,,
3034,,470000,0,user_10,22,,
3035,,670000,0,user_12,22,,
3036,,300000,13900,user_13,22,,
3037,,98000,121000,user_14,22,,
3038,,2500000,0,user_15,22,,
3039,,30000000,0,user_17,22,,
3040,,150000,4320000,user_18,22,,
3041,,2400000,0,user_19,22,,
3042,,160000,0,user_20,22,,
3043,,170000,0,user_21,22,,
3044,,3600000,0,user_21,22,,
3045,,5000000,0,user_22,22,,
3046,,150000,0,user_23,22,,
3047,,5000000,0,user_24,22,,
3048,,150000,0,user_25,22,,
3049,,120000,0,user_27,22,,
3050,,310000,0,user_27,22,,
3051,,4200000,10700,user_30,22,,
3052,,650000,0,user_31,22,,
3053,,460000,0,user_32,22,,
3054,,87000,0,user_33,22,,
3055,,3200000,0,user_34,22,,
3056,,110000,6390,user_36,22,,
3057,,340000,0,user_37,22,,
3058,,1500000,0,user_38,22,,
3059,,80000,0,user_39,22,,
3060,,300000,0,user_39,22,,
3061,,4500000,0,user_40,22,,
3062,,1500000,350000,user_40,22,,
3063,,43000000,36800,user_43,22,,
3064,,79000,19700,user_45,22,,
3065,,5200000,0,user_46,22,,
3066,,110000,60700,user_47,22,,
3067,,1900000,545000,user_48,22,,
3068,,460000,67900,user_49,22,,
3069,,120000,0,user_49,22,,
3063,0,43000000,36800,user_43,22,22,
3039,1,30000000,0,user_17,22,22,
3065,2,5200000,0,user_46,22,22,
3045,3,5000000,0,user_22,22,22,
3047,4,5000000,0,user_24,22,22,
3061,5,4500000,0,user_40,22,22,
3051,6,4200000,10700,user_30,22,22,
3044,7,3600000,0,user_21,22,22,
3055,8,3200000,0,user_34,22,22,
3038,9,2500000,0,user_15,22,22,
3041,10,2400000,0,user_19,22,22,
3067,11,1900000,545000,user_48,22,22,
3027,12,1600000,0,user_3,22,22,
3058,13,1500000,0,user_38,22,22,
3062,14,1500000,350000,user_40,22,22,
3032,15,1300000,510000,user_9,22,22,
3031,16,1100000,35100,user_7,22,22,
3033,17,670000,0,user_10,22,22,
3052,18,650000,0,user_31,22,22,
3026,19,530000,0,user_3,22,22,
3034,20,470000,0,user_10,22,22,
3053,21,460000,0,user_32,22,22,
3068,22,460000,67900,user_49,22,22,
3028,23,320000,161000,user_5,22,22,
3050,24,310000,0,user_27,22,22,
3036,25,300000,13900,user_13,22,22,
3043,26,170000,0,user_21,22,22,
3042,27,160000,0,user_20,22,22,
3040,28,150000,4320000,user_18,22,22,
3046,29,150000,0,user_23,22,22,
3048,30,150000,0,user_25,22,22,
3049,31,120000,0,user_27,22,22,
3069,32,120000,0,user_49,22,22,
3056,33,110000,6390,user_36,22,22,
3066,34,110000,60700,user_47,22,22,
3037,35,98000,121000,user_14,22,22,
3054,36,87000,0,user_33,22,22,
3029,37,79000,0,user_6,22,22,
3064,38,79000,19700,user_45,22,22,
3030,39,73000,0,user_7,22,22,
3168,,240000,60700,user_0,23,,
3169,,1000000,0,user_1,23,,
3170,,3200000,67900,user_2,23,,
3171,,2000000,60700,user_4,23,,
3172,,660000,594000,user_5,23,,
3173,,2300000,0,user_6,23,,
3174,,1900000,12800,user_6,23,,
3175,,3200000,0,user_6,23,,
3176,,1600000,0,user_8,23,,
3177,,220000,0,user_10,23,,
3178,,120000,0,user_10,23,,
3179,,600000,0,user_10,23,,
3180,,670000,256000,user_10,23,,
3181,,1700000,7190000,user_10,23,,
3182,,1000000,0,user_11,23,,
3183,,420000,0,user_11,23,,
3184,,240000,296000,user_12,23,,
3185,,240000,0,user_13,23,,
3186,,2100000,0,user_14,23,,
3187,,70000,0,user_15,23,,
3188,,1500000,12300,user_16,23,,
3189,,260000,71800,user_18,23,,
3190,,80000,0,user_20,23,,
3191,,110000,0,user_20,23,,
3192,,160000,0,user_20,23,,
3193,,77000,0,user_21,23,,
3194,,970000,0,user_21,23,,
3195,,240000,0,user_23,23,,
3196,,310000,0,user_24,23,,
3197,,150000,64600,user_25,23,,
3198,,19000000,0,user_25,23,,
3199,,2500000,23500,user_25,23,,
3200,,5200000,0,user_25,23,,
3201,,870000,0,user_25,23,,
3202,,120000,0,user_26,23,,
3203,,83000,0,user_29,23,,
3204,,98000,0,user_31,23,,
3205,,1600000,0,user_31,23,,
3206,,3200000,0,user_31,23,,
3207,,190000,19700,user_31,23,,
3208,,320000,0,user_34,23,,
3209,,27000000,0,user_34,23,,
3210,,4500000,0,user_35,23,,
3211,,3600000,0,user_36,23,,
3212,,2300000,0,user_37,23,,
3213,,310000,0,user_38,23,,
3214,,630000,161000,user_39,23,,
3215,,1500000,256000,user_39,23,,
3216,,260000,0,user_40,23,,
3217,,1000000,0,user_41,23,,
3218,,150000,0,user_41,23,,
3219,,1000000,11200,user_41,23,,
3220,,1000000,0,user_41,23,,
3221,,1700000,0,user_42,23,,
3222,,170000,0,user_44,23,,
3223,,160000,0,user_44,23,,
3224,,530000,0,user_45,23,,
3225,,77000,12800,user_46,23,,
3226,,1800000,0,user_46,23,,
3209,0,27000000,0,user_34,23,23,
3198,1,19000000,0,user_25,23,23,
3200,2,5200000,0,user_25,23,23,
3210,3,4500000,0,user_35,23,23,
3211,4,3600000,0,user_36,23,23,
3170,5,3200000,67900,user_2,23,23,
3175,6,3200000,0,user_6,23,23,
3206,7,3200000,0,user_31,23,23,
3199,8,2500000,23500,user_25,23,23,
3173,9,2300000,0,user_6,23,23,
3212,10,2300000,0,user_37,23,23,
3171,11,2000000,60700,user_4,23,23,
3174,12,1900000,12800,user_6,23,23,
3226,13,1800000,0,user_46,23,23,
3181,14,1700000,7190000,user_10,23,23,
3221,15,1700000,0,user_42,23,23,
3176,16,1600000,0,user_8,23,23,
3205,17,1600000,0,user_31,23,23,
3188,18,1500000,12300,user_16,23,23,
3215,19,1500000,256000,user_39,23,23,
3169,20,1000000,0,user_1,23,23,
3182,21,1000000,0,user_11,23,23,
3217,22,1000000,0,user_41,23,23,
3219,23,1000000,11200,user_41,23,23,
3220,24,1000000,0,user_41,23,23,
3194,25,970000,0,user_21,23,23,
3201,26,870000,0,user_25,23,23,
3180,27,670000,256000,user_10,23,23,
3172,28,660000,594000,user_5,23,23,
3214,29,630000,161000,user_39,23,23,
3179,30,600000,0,user_10,23,23,
3224,31,530000,0,user_45,23,23,
3183,32,420000,0,user_11,23,23,
3208,33,320000,0,user_34,23,23,
3189,34,260000,71800,user_18,23,23,
3216,35,260000,0,user_40,23,23,
3168,36,240000,60700,user_0,23,23,
3184,37,240000,296000,user_12,23,23,
3185,38,240000,0,user_13,23,23,
3195,39,240000,0,user_23,23,23,
3177,40,220000,0,user_10,23,23,
3207,41,190000,19700,user_31,23,23,
3222,42,170000,0,user_44,23,23,
3192,43,160000,0,user_20,23,23,
3223,44,160000,0,user_44,23,23,
3197,45,150000,64600,user_25,23,23,
3218,46,150000,0,user_41,23,23,
3178,47,120000,0,user_10,23,23,
3202,48,120000,0,user_26,23,23,
3191,49,110000,0,user_20,23,23,
3204,50,98000,0,user_31,23,23,
3203,51,83000,0,user_29,23,23,
3190,52,80000,0,user_20,23,23,
3193,53,77000,0,user_21,23,23,
3225,54,77000,12800,user_46,23,23,
3187,55,70000,0,user_15,23,23,
3353,,1100000,0,user_0,24,,
3354,,310000,0,user_1,24,,
3355,,1000000,0,user_1,24,,
3356,,73000,0,user_3,24,,
3357,,5200000,0,user_3,24,,
3358,,4200000,68100,user_5,24,,
3359,,82000,0,user_5,24,,
3360,,350000,0,user_6,24,,
3361,,2300000,779000,user_6,24,,
3362,,600000,49100,user_7,24,,
3363,,120000,0,user_8,24,,
3364,,310000,0,user_10,24,,
3365,,98000,0,user_11,24,,
3366,,460000,0,user_14,24,,
3367,,2500000,0,user_14,24,,
3368,,120000,5180,user_14,24,,
3369,,220000,0,user_14,24,,
3370,,190000,21800,user_14,24,,
3371,,220000,0,user_16,24,,
3372,,1100000,0,user_17,24,,
3373,,970000,369000,user_18,24,,
3374,,170000,0,user_18,24,,
3375,,2300000,0,user_20,24,,
3376,,120000,0,user_21,24,,
3377,,43000000,0,user_22,24,,
3378,,170000,3130,user_24,24,,
3379,,970000,0,user_25,24,,
3380,,110000,0,user_26,24,,
3381,,150000,0,user_26,24,,
3382,,19000000,0,user_32,24,,
3383,,1200000,0,user_33,24,,
3384,,260000,0,user_33,24,,
3385,,630000,11200,user_34,24,,
3386,,220000,0,user_35,24,,
3387,,1000000,0,user_36,24,,
3388,,1800000,0,user_37,24,,
3389,,1400000,0,user_38,24,,
3390,,220000,0,user_39,24,,
3391,,1100000,4320000,user_40,24,,
3392,,77000,0,user_41,24,,
3393,,1500000,256000,user_43,24,,
3394,,110000,161000,user_45,24,,
3395,,120000,0,user_46,24,,
3396,,4200000,0,user_49,24,,
3397,,110000,0,user_49,24,,
3377,0,43000000,0,user_22,24,24,
3382,1,19000000,0,user_32,24,24,
3357,2,5200000,0,user_3,24,24,
3358,3,4200000,68100,user_5,24,24,
3396,4,4200000,0,user_49,24,24,
3367,5,2500000,0,user_14,24,24,
3361,6,2300000,779000,user_6,24,24,
3375,7,2300000,0,user_20,24,24,
3393,8,1500000,256000,user_43,24,24,
3389,9,1400000,0,user_38,24,24,
3383,10,1200000,0,user_33,24,24,
3353,11,1100000,0,user_0,24,24,
3372,12,1100000,0,user_17,24,24,
3391,13,1100000,4320000,user_40,24,24,
3387,14,1000000,0,user_36,24,24,
3373,15,970000,369000,user_18,24,24,
3379,16,970000,0,user_25,24,24,
3385,17,630000,11200,user_34,24,24,
3362,18,600000,49100,user_7,24,24,
3366,19,460000,0,user_14,24,24,
3360,20,350000,0,user_6,24,24,
3364,21,310000,0,user_10,24,24,
3384,22,260000,0,user_33,24,24,
3369,23,220000,0,user_14,24,24,
3371,24,220000,0,user_16,24,24,
3386,25,220000,0,user_35,24,24,
3370,26,190000,21800,user_14,24,24,
3374,27,170000,0,user_18,24,24,
3378,28,170000,3130,user_24,24,24,
3363,29,120000,0,user_8,24,24,
3368,30,120000,5180,user_14,24,24,
3376,31,120000,0,user_21,24,24,
3395,32,120000,0,user_46,24,24,
3394,33,110000,161000,user_45,24,24,
3397,34,110000,0,user_49,24,24,
3365,35,98000,0,user_11,24,24,
3359,36,82000,0,user_5,24,24,
3392,37,77000,0,user_41,24,24,
3356,38,73000,0,user_3,24,24,
3470,,350000,0,user_0,25,,
3471,,150000,3130,user_1,25,,
3472,,170000,0,user_2,25,,
3473,,27000000,0,user_2,25,,
3474,,27000000,0,user_3,25,,
3475,,120000,0,user_5,25,,
3476,,150000,0,user_7,25,,
3477,,2000000,0,user_8,25,,
3478,,30000000,34700,user_11,25,,
3479,,1500000,181000,user_12,25,,
3480,,420000,56200,user_13,25,,
3481,,1200000,0,user_14,25,,
3482,,1500000,60700,user_15,25,,
3483,,120000,410000,user_16,25,,
3484,,120000,0,user_16,25,,
3485,,340000,0,user_17,25,,
3486,,1500000,0,user_17,25,,
3487,,110000,56200,user_18,25,,
3488,,120000,0,user_19,25,,
3489,,19000000,215000,user_20,25,,
3490,,80000,0,user_20,25,,
3491,,1300000,0,user_20,25,,
3492,,190000,0,user_20,25,,
3493,,600000,0,user_22,25,,
3494,,2100000,0,user_24,25,,
3495,,5200000,0,user_24,25,,
3496,,470000,0,user_25,25,,
3497,,98000,47700,user_26,25,,
3498,,6100000,0,user_26,25,,
3499,,320000,0,user_27,25,,
3500,,3500000,0,user_31,25,,
3501,,98000,4320000,user_31,25,,
3502,,2000000,0,user_32,25,,
3503,,87000,0,user_32,25,,
3504,,120000,0,user_36,25,,
3505,,300000,108000,user_37,25,,
3506,,350000,0,user_37,25,,
3507,,43000000,0,user_38,25,,
3508,,1000000,0,user_39,25,,
3509,,79000,13900,user_40,25,,
3510,,970000,181000,user_40,25,,
3511,,120000,0,user_41,25,,
3512,,260000,0,user_41,25,,
3513,,650000,0,user_42,25,,
3514,,1800000,0,user_44,25,,
3515,,220000,10700,user_46,25,,
3516,,2000000,34700,user_47,25,,
3517,,2300000,0,user_49,25,,
3507,0,43000000,0,user_38,25,25,
3478,1,30000000,34700,user_11,25,25,
3554,2,0,0,builder_3,25,25,3478
3473,3,27000000,0,user_2,25,25,
3474,4,27000000,0,user_3,25,25,
3489,5,19000000,215000,user_20,25,25,
3555,6,0,0,builder_3,25,25,3489
3498,7,6100000,0,user_26,25,25,
3495,8,5200000,0,user_24,25,25,
3556,9,0,0,builder_3,25,25,3501
3501,10,98000,4320000,user_31,25,25,
3500,11,3500000,0,user_31,25,25,
3517,12,2300000,0,user_49,25,25,
3494,13,2100000,0,user_24,25,25,
3557,14,0,0,builder_3,25,25,3516
3516,15,2000000,34700,user_47,25,25,
3502,16,2000000,0,user_32,25,25,
3514,17,1800000,0,user_44,25,25,
3558,18,0,0,builder_3,25,25,3479
3479,19,1500000,181000,user_12,25,25,
3559,20,0,0,builder_3,25,25,3482
3482,21,1500000,60700,user_15,25,25,
3486,22,1500000,0,user_17,25,25,
3491,23,1300000,0,user_20,25,25,
3481,24,1200000,0,user_14,25,25,
3510,25,970000,181000,user_40,25,25,
3560,26,0,0,builder_3,25,25,3510
3508,27,1000000,0,user_39,25,25,
3513,28,650000,0,user_42,25,25,
3493,29,600000,0,user_22,25,25,
3561,30,0,0,builder_3,25,25,3480
3480,31,420000,56200,user_13,25,25,
3562,32,0,0,builder_3,25,25,3505
3505,33,300000,108000,user_37,25,25,
3470,34,350000,0,user_0,25,25,
3506,35,350000,0,user_37,25,25,
3485,36,340000,0,user_17,25,25,
3512,37,260000,0,user_41,25,25,
3515,38,220000,10700,user_46,25,25,
3563,39,0,0,builder_3,25,25,3515
3492,40,190000,0,user_20,25,25,
3472,41,170000,0,user_2,25,25,
3564,42,0,0,builder_3,25,25,3487
3487,43,110000,56200,user_18,25,25,
3476,44,150000,0,user_7,25,25,
3497,45,98000,47700,user_26,25,25,
3565,46,0,0,builder_3,25,25,3497
3475,47,120000,0,user_5,25,25,
3488,48,120000,0,user_19,25,25,
3504,49,120000,0,user_36,25,25,
3511,50,120000,0,user_41,25,25,
3566,51,0,0,builder_3,25,25,3509
3509,52,79000,13900,user_40,25,25,
3503,53,87000,0,user_32,25,25,
3490,54,80000,0,user_20,25,25,
3621,,220000,0,user_0,26,,
3622,,84000,0,user_2,26,,
3623,,98000,0,user_3,26,,
3624,,120000,0,user_4,26,,
3625,,43000000,21800,user_5,26,,
3626,,1500000,296000,user_7,26,,
3627,,1400000,0,user_8,26,,
3628,,84000,0,user_8,26,,
3629,,1000000,64600,user_9,26,,
3630,,350000,0,user_10,26,,
3631,,4200000,0,user_10,26,,
3632,,670000,0,user_11,26,,
3633,,5000000,0,user_11,26,,
3634,,240000,21800,user_13,26,,
3635,,98000,0,user_14,26,,
3636,,77000,410000,user_15,26,,
3637,,82000,0,user_16,26,,
3638,,150000,410000,user_17,26,,
3639,,310000,0,user_18,26,,
3640,,110000,0,user_18,26,,
3641,,160000,13900,user_19,26,,
3642,,670000,0,user_19,26,,
3643,,6100000,0,user_20,26,,
3644,,670000,42000,user_21,26,,
3645,,3600000,0,user_21,26,,
3646,,320000,0,user_23,26,,
3647,,310000,8520,user_24,26,,
3648,,3200000,0,user_25,26,,
3649,,110000,161000,user_26,26,,
3650,,6100000,0,user_26,26,,
3651,,170000,0,user_26,26,,
3652,,85000,0,user_27,26,,
3653,,2400000,0,user_28,26,,
3654,,1000000,0,user_29,26,,
3655,,1000000,0,user_31,26,,
3656,,170000,0,user_32,26,,
3657,,110000,0,user_34,26,,
3658,,460000,0,user_36,26,,
3659,,4500000,0,user_36,26,,
3660,,1400000,283000,user_42,26,,
3661,,79000,10700,user_46,26,,
3662,,6100000,0,user_48,26,,
3625,0,43000000,21800,user_5,26,26,
3733,1,0,0,builder_8,26,26,3625
3643,2,6100000,0,user_20,26,26,
3650,3,6100000,0,user_26,26,26,
3662,4,6100000,0,user_48,26,26,
3633,5,5000000,0,user_11,26,26,
3659,6,4500000,0,user_36,26,26,
3631,7,4200000,0,user_10,26,26,
3645,8,3600000,0,user_21,26,26,
3648,9,3200000,0,user_25,26,26,
3653,10,2400000,0,user_28,26,26,
3734,11,0,0,builder_8,26,26,3626
3626,12,1500000,296000,user_7,26,26,
3735,13,0,0,builder_8,26,26,3660
3660,14,1400000,283000,user_42,26,26,
3736,15,0,0,builder_8,26,26,3629
3629,16,1000000,64600,user_9,26,26,
3654,17,1000000,0,user_29,26,26,
3644,18,670000,42000,user_21,26,26,
3737,19,0,0,builder_8,26,26,3644
3632,20,670000,0,user_11,26,26,
3642,21,670000,0,user_19,26,26,
3738,22,0,0,builder_8,26,26,3636
3636,23,77000,410000,user_15,26,26,
3658,24,460000,0,user_36,26,26,
3630,25,350000,0,user_10,26,26,
3646,26,320000,0,user_23,26,26,
3639,27,310000,0,user_18,26,26,
3739,28,0,0,builder_8,26,26,3649
3649,29,110000,161000,user_26,26,26,
3634,30,240000,21800,user_13,26,26,
3740,31,0,0,builder_8,26,26,3634
3621,32,220000,0,user_0,26,26,
3741,33,0,0,builder_8,26,26,3641
3641,34,160000,13900,user_19,26,26,
3651,35,170000,0,user_26,26,26,
3656,36,170000,0,user_32,26,26,
3624,37,120000,0,user_4,26,26,
3640,38,110000,0,user_18,26,26,
3623,39,98000,0,user_3,26,26,
3635,40,98000,0,user_14,26,26,
3742,41,0,0,builder_8,26,26,3661
3661,42,79000,10700,user_46,26,26,
3652,43,85000,0,user_27,26,26,
3622,44,84000,0,user_2,26,26,
3637,45,82000,0,user_16,26,26,
3743,,1100000,0,user_0,27,,
3744,,130000,0,user_0,27,,
3745,,220000,17000,user_4,27,,
3746,,170000,0,user_7,27,,
3747,,82000,0,user_7,27,,
3748,,160000,0,user_9,27,,
3749,,84000,0,user_10,27,,
3750,,4500000,0,user_10,27,,
3751,,460000,0,user_11,27,,
3752,,460000,21800,user_14,27,,
3753,,350000,13900,user_15,27,,
3754,,870000,0,user_16,27,,
3755,,1100000,13800,user_17,27,,
3756,,1600000,0,user_18,27,,
3757,,1700000,0,user_19,27,,
3758,,19000000,0,user_20,27,,
3759,,110000,0,user_22,27,,
3760,,80000,0,user_24,27,,
3761,,80000,0,user_25,27,,
3762,,1400000,0,user_26,27,,
3763,,350000,0,user_26,27,,
3764,,2000000,0,user_26,27,,
3765,,2000000,43600,user_26,27,,
3766,,3500000,0,user_26,27,,
3767,,4500000,0,user_27,27,,
3768,,1400000,0,user_28,27,,
3769,,910000,0,user_28,27,,
3770,,240000,0,user_29,27,,
3771,,2000000,5630,user_29,27,,
3772,,1500000,0,user_31,27,,
3773,,98000,0,user_32,27,,
3774,,160000,231000,user_33,27,,
3775,,1700000,0,user_35,27,,
3776,,470000,0,user_36,27,,
3777,,460000,0,user_38,27,,
3778,,300000,0,user_39,27,,
3779,,160000,0,user_41,27,,
3780,,470000,16400,user_41,27,,
3781,,220000,0,user_42,27,,
3782,,87000,0,user_43,27,,
3783,,170000,0,user_46,27,,
3784,,170000,0,user_47,27,,
3758,0,19000000,0,user_20,27,27,
3750,1,4500000,0,user_10,27,27,
3767,2,4500000,0,user_27,27,27,
3766,3,3500000,0,user_26,27,27,
3785,4,0,0,builder_0,27,27,3765
3765,5,2000000,43600,user_26,27,27,
3771,6,2000000,5630,user_29,27,27,
3786,7,0,0,builder_0,27,27,3771
3764,8,2000000,0,user_26,27,27,
3757,9,1700000,0,user_19,27,27,
3775,10,1700000,0,user_35,27,27,
3756,11,1600000,0,user_18,27,27,
3772,12,1500000,0,user_31,27,27,
3762,13,1400000,0,user_26,27,27,
3768,14,1400000,0,user_28,27,27,
3787,15,0,0,builder_0,27,27,3755
3755,16,1100000,13800,user_17,27,27,
3743,17,1100000,0,user_0,27,27,
3769,18,910000,0,user_28,27,27,
3754,19,870000,0,user_16,27,27,
3788,20,0,0,builder_0,27,27,3780
3780,21,470000,16400,user_41,27,27,
3789,22,0,0,builder_0,27,27,3752
3752,23,460000,21800,user_14,27,27,
3776,24,470000,0,user_36,27,27,
3751,25,460000,0,user_11,27,27,
3777,26,460000,0,user_38,27,27,
3774,27,160000,231000,user_33,27,27,
3790,28,0,0,builder_0,27,27,3774
3763,29,350000,0,user_26,27,27,
3770,30,240000,0,user_29,27,27,
3781,31,220000,0,user_42,27,27,
3746,32,170000,0,user_7,27,27,
3783,33,170000,0,user_46,27,27,
3784,34,170000,0,user_47,27,27,
3748,35,160000,0,user_9,27,27,
3779,36,160000,0,user_41,27,27,
3744,37,130000,0,user_0,27,27,
3759,38,110000,0,user_22,27,27,
3773,39,98000,0,user_32,27,27,
3782,40,87000,0,user_43,27,27,
3749,41,84000,0,user_10,27,27,
3747,42,82000,0,user_7,27,27,
3761,43,80000,0,user_25,27,27,
3840,,2100000,0,user_1,28,,
3841,,970000,0,user_3,28,,
3842,,27000000,17000,user_3,28,,
3843,,98000,0,user_5,28,,
3844,,4500000,0,user_7,28,,
3845,,160000,0,user_8,28,,
3846,,6300000,0,user_8,28,,
3847,,2000000,0,user_8,28,,
3848,,1800000,0,user_9,28,,
3849,,660000,0,user_9,28,,
3850,,1600000,0,user_9,28,,
3851,,910000,0,user_9,28,,
3852,,2600000,0,user_12,28,,
3853,,310000,0,user_12,28,,
3854,,260000,0,user_12,28,,
3855,,150000,0,user_12,28,,
3856,,1400000,16400,user_13,28,,
3857,,1600000,769000,user_14,28,,
3858,,650000,0,user_14,28,,
3859,,2500000,12800,user_14,28,,
3860,,220000,0,user_14,28,,
3861,,1800000,0,user_15,28,,
3862,,1500000,0,user_16,28,,
3863,,27000000,0,user_17,28,,
3864,,1300000,18600,user_19,28,,
3865,,5000000,0,user_19,28,,
3866,,660000,0,user_21,28,,
3867,,120000,0,user_22,28,,
3868,,170000,0,user_22,28,,
3869,,87000,0,user_25,28,,
3870,,1000000,0,user_26,28,,
3871,,43000000,0,user_26,28,,
3872,,1000000,17000,user_26,28,,
3873,,530000,0,user_26,28,,
3874,,87000,0,user_26,28,,
3875,,3600000,0,user_28,28,,
3876,,77000,0,user_28,28,,
3877,,320000,959000,user_30,28,,
3878,,310000,0,user_32,28,,
3879,,220000,64600,user_33,28,,
3880,,310000,0,user_34,28,,
3881,,2300000,0,user_34,28,,
3882,,87000,15700,user_35,28,,
3883,,1600000,0,user_36,28,,
3884,,2000000,0,user_37,28,,
3885,,360000,0,user_38,28,,
3886,,150000,0,user_39,28,,
3887,,120000,0,user_40,28,,
3888,,2000000,0,user_44,28,,
3889,,660000,0,user_45,28,,
3890,,240000,0,user_46,28,,
3891,,320000,0,user_47,28,,
3892,,6100000,0,user_48,28,,
3893,,27000000,0,user_49,28,,
3871,0,43000000,0,user_26,28,28,
3842,1,27000000,17000,user_3,28,28,
3863,2,27000000,0,user_17,28,28,
3893,3,27000000,0,user_49,28,28,
3846,4,6300000,0,user_8,28,28,
3892,5,6100000,0,user_48,28,28,
3865,6,5000000,0,user_19,28,28,
3844,7,4500000,0,user_7,28,28,
3875,8,3600000,0,user_28,28,28,
3852,9,2600000,0,user_12,28,28,
3859,10,2500000,12800,user_14,28,28,
3881,11,2300000,0,user_34,28,28,
3840,12,2100000,0,user_1,28,28,
3847,13,2000000,0,user_8,28,28,
3884,14,2000000,0,user_37,28,28,
3888,15,2000000,0,user_44,28,28,
3848,16,1800000,0,user_9,28,28,
3861,17,1800000,0,user_15,28,28,
3850,18,1600000,0,user_9,28,28,
3857,19,1600000,769000,user_14,28,28,
3883,20,1600000,0,user_36,28,28,
3856,21,1400000,16400,user_13,28,28,
3864,22,1300000,18600,user_19,28,28,
3870,23,1000000,0,user_26,28,28,
3872,24,1000000,17000,user_26,28,28,
3841,25,970000,0,user_3,28,28,
3851,26,910000,0,user_9,28,28,
3849,27,660000,0,user_9,28,28,
3866,28,660000,0,user_21,28,28,
3858,29,650000,0,user_14,28,28,
3873,30,530000,0,user_26,28,28,
3885,31,360000,0,user_38,28,28,
3877,32,320000,959000,user_30,28,28,
3891,33,320000,0,user_47,28,28,
3853,34,310000,0,user_12,28,28,
3880,35,310000,0,user_34,28,28,
3854,36,260000,0,user_12,28,28,
3860,37,220000,0,user_14,28,28,
3879,38,220000,64600,user_33,28,28,
3868,39,170000,0,user_22,28,28,
3845,40,160000,0,user_8,28,28,
3855,41,150000,0,user_12,28,28,
3886,42,150000,0,user_39,28,28,
3867,43,120000,0,user_22,28,28,
3887,44,120000,0,user_40,28,28,
3843,45,98000,0,user_5,28,28,
3869,46,87000,0,user_25,28,28,
3874,47,87000,0,user_26,28,28,
3876,48,77000,0,user_28,28,28,
3956,,220000,21800,user_1,29,,
3957,,1300000,322000,user_3,29,,
3958,,870000,0,user_4,29,,
3959,,87000,68100,user_5,29,,
3960,,1300000,0,user_9,29,,
3961,,110000,0,user_9,29,,
3962,,1500000,0,user_10,29,,
3963,,1400000,0,user_11,29,,
3964,,3200000,0,user_11,29,,
3965,,100000,0,user_12,29,,
3966,,190000,0,user_12,29,,
3967,,160000,0,user_12,29,,
3968,,120000,0,user_13,29,,
3969,,420000,0,user_13,29,,
3970,,2500000,215000,user_13,29,,
3971,,6100000,0,user_13,29,,
3972,,370000,381000,user_14,29,,
3973,,1000000,0,user_16,29,,
3974,,2500000,0,user_16,29,,
3975,,2000000,0,user_16,29,,
3976,,870000,0,user_17,29,,
3977,,1300000,0,user_19,29,,
3978,,1500000,0,user_20,29,,
3979,,2300000,0,user_21,29,,
3980,,220000,0,user_22,29,,
3981,,110000,0,user_23,29,,
3982,,79000,0,user_23,29,,
3983,,77000,0,user_24,29,,
3984,,1400000,0,user_25,29,,
3985,,120000,0,user_26,29,,
3986,,460000,0,user_26,29,,
3987,,100000,195000,user_29,29,,
3988,,910000,0,user_30,29,,
3989,,1200000,410000,user_31,29,,
3990,,530000,35600,user_32,29,,
3991,,220000,0,user_32,29,,
3992,,630000,0,user_33,29,,
3993,,150000,128000,user_34,29,,
3994,,1900000,0,user_35,29,,
3995,,2400000,0,user_37,29,,
3996,,310000,0,user_38,29,,
3997,,6100000,33300,user_40,29,,
3998,,73000,0,user_41,29,,
3999,,6300000,0,user_41,29,,
4000,,85000,49100,user_43,29,,
4001,,19000000,0,user_44,29,,
4002,,120000,0,user_45,29,,
4003,,1300000,0,user_47,29,,
4004,,600000,0,user_47,29,,
4005,,110000,0,user_48,29,,
4006,,2500000,0,user_49,29,,
4001,0,19000000,0,user_44,29,29,
3999,1,6300000,0,user_41,29,29,
3997,2,6100000,33300,user_40,29,29,
4007,3,0,0,builder_0,29,29,3997
3971,4,6100000,0,user_13,29,29,
3964,5,3200000,0,user_11,29,29,
3970,6,2500000,215000,user_13,29,29,
4008,7,0,0,builder_0,29,29,3970
3974,8,2500000,0,user_16,29,29,
4006,9,2500000,0,user_49,29,29,
3995,10,2400000,0,user_37,29,29,
3979,11,2300000,0,user_21,29,29,
3975,12,2000000,0,user_16,29,29,
3994,13,1900000,0,user_35,29,29,
4009,14,0,0,builder_0,29,29,3957
3957,15,1300000,322000,user_3,29,29,
3989,16,1200000,410000,user_31,29,29,
4010,17,0,0,builder_0,29,29,3989
3962,18,1500000,0,user_10,29,29,
3978,19,1500000,0,user_20,29,29,
3963,20,1400000,0,user_11,29,29,
3984,21,1400000,0,user_25,29,29,
3960,22,1300000,0,user_9,29,29,
3977,23,1300000,0,user_19,29,29,
4003,24,1300000,0,user_47,29,29,
3973,25,1000000,0,user_16,29,29,
3988,26,910000,0,user_30,29,29,
3976,27,870000,0,user_17,29,29,
3972,28,370000,381000,user_14,29,29,
4011,29,0,0,builder_0,29,29,3972
3992,30,630000,0,user_33,29,29,
4004,31,600000,0,user_47,29,29,
4012,32,0,0,builder_0,29,29,3990
3990,33,530000,35600,user_32,29,29,
3986,34,460000,0,user_26,29,29,
3969,35,420000,0,user_13,29,29,
3996,36,310000,0,user_38,29,29,
4013,37,0,0,builder_0,29,29,3987
3987,38,100000,195000,user_29,29,29,
4014,39,0,0,builder_0,29,29,3956
3956,40,220000,21800,user_1,29,29,
3980,41,220000,0,user_22,29,29,
3991,42,220000,0,user_32,29,29,
4015,43,0,0,builder_0,29,29,4000
4000,44,85000,49100,user_43,29,29,
3968,45,120000,0,user_13,29,29,
3985,46,120000,0,user_26,29,29,
3961,47,110000,0,user_9,29,29,
3981,48,110000,0,user_23,29,29,
4005,49,110000,0,user_48,29,29,
3982,50,79000,0,user_23,29,29,
3998,51,73000,0,user_41,29,29,
4083,,43000000,0,user_1,30,,
4084,,170000,0,user_1,30,,
4085,,160000,0,user_2,30,,
4086,,110000,0,user_3,30,,
4087,,370000,215000,user_4,30,,
4088,,190000,0,user_6,30,,
4089,,220000,0,user_7,30,,
4090,,1500000,0,user_7,30,,
4091,,1100000,0,user_7,30,,
4092,,73000,0,user_7,30,,
4093,,190000,108000,user_7,30,,
4094,,320000,0,user_8,30,,
4095,,87000,0,user_8,30,,
4096,,650000,0,user_8,30,,
4097,,2500000,8520,user_9,30,,
4098,,120000,15100,user_10,30,,
4099,,160000,0,user_10,30,,
4100,,1600000,0,user_11,30,,
4101,,150000,0,user_12,30,,
4102,,1100000,0,user_14,30,,
4103,,1600000,0,user_14,30,,
4104,,4200000,108000,user_16,30,,
4105,,2400000,0,user_17,30,,
4106,,4200000,0,user_19,30,,
4107,,170000,0,user_21,30,,
4108,,5000000,128000,user_22,30,,
4109,,6300000,0,user_24,30,,
4110,,460000,0,user_24,30,,
4111,,5200000,0,user_25,30,,
4112,,2500000,0,user_27,30,,
4113,,100000,0,user_28,30,,
4114,,910000,0,user_29,30,,
4115,,300000,0,user_30,30,,
4116,,1000000,0,user_30,30,,
4117,,1800000,0,user_30,30,,
4118,,150000,0,user_30,30,,
4119,,170000,0,user_32,30,,
4120,,1500000,4320000,user_33,30,,
4121,,2600000,0,user_35,30,,
4122,,360000,0,user_36,30,,
4123,,120000,0,user_36,30,,
4124,,150000,0,user_36,30,,
4125,,340000,0,user_37,30,,
4126,,1100000,0,user_39,30,,
4127,,370000,0,user_40,30,,
4128,,660000,11200,user_40,30,,
4129,,27000000,0,user_40,30,,
4130,,2500000,0,user_40,30,,
4131,,3200000,381000,user_42,30,,
4132,,5000000,0,user_43,30,,
4133,,660000,0,user_43,30,,
4134,,1000000,0,user_44,30,,
4135,,43000000,0,user_45,30,,
4136,,420000,0,user_47,30,,
4137,,2400000,510000,user_48,30,,
4138,,79000,18600,user_49,30,,
4083,0,43000000,0,user_1,30,30,
4135,1,43000000,0,user_45,30,30,
4129,2,27000000,0,user_40,30,30,
4109,3,6300000,0,user_24,30,30,
4120,4,1500000,4320000,user_33,30,30,
4174,5,0,0,builder_4,30,30,4120
4111,6,5200000,0,user_25,30,30,
4108,7,5000000,128000,user_22,30,30,
4175,8,0,0,builder_4,30,30,4108
4132,9,5000000,0,user_43,30,30,
4176,10,0,0,builder_4,30,30,4104
4104,11,4200000,108000,user_16,30,30,
4106,12,4200000,0,user_19,30,30,
4131,13,3200000,381000,user_42,30,30,
4177,14,0,0,builder_4,30,30,4131
4178,15,0,0,builder_4,30,30,4137
4137,16,2400000,510000,user_48,30,30,
4121,17,2600000,0,user_35,30,30,
4097,18,2500000,8520,user_9,30,30,
4179,19,0,0,builder_4,30,30,4097
4112,20,2500000,0,user_27,30,30,
4130,21,2500000,0,user_40,30,30,
4105,22,2400000,0,user_17,30,30,
4117,23,1800000,0,user_30,30,30,
4100,24,1600000,0,user_11,30,30,
4103,25,1600000,0,user_14,30,30,
4102,26,1100000,0,user_14,30,30,
4116,27,1000000,0,user_30,30,30,
4134,28,1000000,0,user_44,30,30,
4114,29,910000,0,user_29,30,30,
4128,30,660000,11200,user_40,30,30,
4180,31,0,0,builder_4,30,30,4128
4133,32,660000,0,user_43,30,30,
4096,33,650000,0,user_8,30,30,
4181,34,0,0,builder_4,30,30,4087
4087,35,370000,215000,user_4,30,30,
4110,36,460000,0,user_24,30,30,
4127,37,370000,0,user_40,30,30,
4122,38,360000,0,user_36,30,30,
4125,39,340000,0,user_37,30,30,
4094,40,320000,0,user_8,30,30,
4115,41,300000,0,user_30,30,30,
4088,42,190000,0,user_6,30,30,
4084,43,170000,0,user_1,30,30,
4107,44,170000,0,user_21,30,30,
4119,45,170000,0,user_32,30,30,
4085,46,160000,0,user_2,30,30,
4099,47,160000,0,user_10,30,30,
4101,48,150000,0,user_12,30,30,
4118,49,150000,0,user_30,30,30,
4124,50,150000,0,user_36,30,30,
4182,51,0,0,builder_4,30,30,4098
4098,52,120000,15100,user_10,30,30,
4123,53,120000,0,user_36,30,30,
4086,54,110000,0,user_3,30,30,
4113,55,100000,0,user_28,30,30,
4183,56,0,0,builder_4,30,30,4138
4138,57,79000,18600,user_49,30,30,
4095,58,87000,0,user_8,30,30,
4220,,1100000,0,user_3,31,,
4221,,260000,0,user_4,31,,
4222,,220000,959000,user_6,31,,
4223,,360000,0,user_6,31,,
4224,,5000000,0,user_8,31,,
4225,,1900000,0,user_8,31,,
4226,,87000,0,user_9,31,,
4227,,110000,0,user_10,31,,
4228,,77000,0,user_10,31,,
4229,,6100000,381000,user_11,31,,
4230,,310000,0,user_13,31,,
4231,,2300000,0,user_13,31,,
4232,,660000,0,user_14,31,,
4233,,170000,0,user_16,31,,
4234,,70000,30200,user_17,31,,
4235,,5000000,0,user_17,31,,
4236,,2000000,0,user_18,31,,
4237,,190000,0,user_19,31,,
4238,,2400000,0,user_21,31,,
4239,,27000000,0,user_22,31,,
4240,,300000,0,user_23,31,,
4241,,260000,0,user_26,31,,
4242,,4500000,0,user_28,31,,
4243,,310000,0,user_29,31,,
4244,,420000,164000,user_30,31,,
4245,,970000,0,user_30,31,,
4246,,5000000,0,user_30,31,,
4247,,530000,0,user_30,31,,
4248,,340000,155000,user_30,31,,
4249,,1900000,0,user_32,31,,
4250,,260000,0,user_32,31,,
4251,,5000000,24700,user_32,31,,
4252,,970000,0,user_32,31,,
4253,,3200000,100000,user_32,31,,
4254,,1500000,0,user_33,31,,
4255,,2000000,0,user_33,31,,
4256,,1500000,0,user_34,31,,
4257,,670000,0,user_35,31,,
4258,,220000,0,user_35,31,,
4259,,2600000,0,user_36,31,,
4260,,910000,0,user_37,31,,
4261,,82000,0,user_38,31,,
4262,,220000,769000,user_38,31,,
4263,,360000,0,user_39,31,,
4264,,600000,0,user_39,31,,
4265,,370000,0,user_41,31,,
4266,,3200000,13900,user_41,31,,
4267,,160000,0,user_41,31,,
4268,,160000,0,user_42,31,,
4269,,160000,0,user_42,31,,
4270,,1400000,35600,user_43,31,,
4271,,160000,0,user_44,31,,
4272,,460000,0,user_45,31,,
4273,,73000,0,user_46,31,,
4274,,160000,0,user_46,31,,
4275,,170000,3130,user_47,31,,
4276,,170000,16400,user_48,31,,
4277,,310000,231000,user_48,31,,
4278,,260000,0,user_48,31,,
4279,,670000,0,user_48,31,,
4280,,83000,0,user_48,31,,
4281,,2600000,0,user_49,31,,
4239,0,27000000,0,user_22,31,31,
4327,1,0,0,builder_4,31,31,4229
4229,2,6100000,381000,user_11,31,31,
4251,3,5000000,24700,user_32,31,31,
4328,4,0,0,builder_4,31,31,4251
4224,5,5000000,0,user_8,31,31,
4235,6,5000000,0,user_17,31,31,
4246,7,5000000,0,user_30,31,31,
4242,8,4500000,0,user_28,31,31,
4329,9,0,0,builder_4,31,31,4253
4253,10,3200000,100000,user_32,31,31,
4266,11,3200000,13900,user_41,31,31,
4330,12,0,0,builder_4,31,31,4266
4259,13,2600000,0,user_36,31,31,
4281,14,2600000,0,user_49,31,31,
4238,15,2400000,0,user_21,31,31,
4231,16,2300000,0,user_13,31,31,
4236,17,2000000,0,user_18,31,31,
4255,18,2000000,0,user_33,31,31,
4225,19,1900000,0,user_8,31,31,
4249,20,1900000,0,user_32,31,31,
4254,21,1500000,0,user_33,31,31,
4256,22,1500000,0,user_34,31,31,
4270,23,1400000,35600,user_43,31,31,
4331,24,0,0,builder_4,31,31,4270
4222,25,220000,959000,user_6,31,31,
4332,26,0,0,builder_4,31,31,4222
4220,27,1100000,0,user_3,31,31,
4333,28,0,0,builder_4,31,31,4262
4262,29,220000,769000,user_38,31,31,
4245,30,970000,0,user_30,31,31,
4252,31,970000,0,user_32,31,31,
4260,32,910000,0,user_37,31,31,
4257,33,670000,0,user_35,31,31,
4279,34,670000,0,user_48,31,31,
4232,35,660000,0,user_14,31,31,
4244,36,420000,164000,user_30,31,31,
4334,37,0,0,builder_4,31,31,4244
4277,38,310000,231000,user_48,31,31,
4335,39,0,0,builder_4,31,31,4277
4247,40,530000,0,user_30,31,31,
4336,41,0,0,builder_4,31,31,4248
4248,42,340000,155000,user_30,31,31,
4272,43,460000,0,user_45,31,31,
4265,44,370000,0,user_41,31,31,
4223,45,360000,0,user_6,31,31,
4230,46,310000,0,user_13,31,31,
4243,47,310000,0,user_29,31,31,
4240,48,300000,0,user_23,31,31,
4221,49,260000,0,user_4,31,31,
4241,50,260000,0,user_26,31,31,
4250,51,260000,0,user_32,31,31,
4278,52,260000,0,user_48,31,31,
4258,53,220000,0,user_35,31,31,
4237,54,190000,0,user_19,31,31,
4276,55,170000,16400,user_48,31,31,
4337,56,0,0,builder_4,31,31,4276
4233,57,170000,0,user_16,31,31,
4267,58,160000,0,user_41,31,31,
4268,59,160000,0,user_42,31,31,
4269,60,160000,0,user_42,31,31,
4271,61,160000,0,user_44,31,31,
4274,62,160000,0,user_46,31,31,
4227,63,110000,0,user_10,31,31,
4338,64,0,0,builder_4,31,31,4234
4234,65,70000,30200,user_17,31,31,
4226,66,87000,0,user_9,31,31,
4280,67,83000,0,user_48,31,31,
4261,68,82000,0,user_38,31,31,
4228,69,77000,0,user_10,31,31,
4273,70,73000,0,user_46,31,31,
4372,,98000,0,user_0,32,,
4373,,70000,0,user_0,32,,
4374,,110000,15100,user_0,32,,
4375,,1000000,17000,user_1,32,,
4376,,110000,0,user_2,32,,
4377,,170000,0,user_2,32,,
4378,,6300000,14200,user_2,32,,
4379,,160000,283000,user_2,32,,
4380,,1600000,0,user_2,32,,
4381,,150000,0,user_3,32,,
4382,,84000,0,user_3,32,,
4383,,360000,0,user_4,32,,
4384,,1000000,13900,user_6,32,,
4385,,3200000,0,user_7,32,,
4386,,260000,0,user_9,32,,
4387,,84000,0,user_10,32,,
4388,,110000,0,user_11,32,,
4389,,1000000,7190000,user_11,32,,
4390,,120000,164000,user_12,32,,
4391,,27000000,0,user_12,32,,
4392,,160000,0,user_13,32,,
4393,,120000,0,user_13,32,,
4394,,85000,0,user_14,32,,
4395,,220000,0,user_14,32,,
4396,,2500000,14200,user_14,32,,
4397,,220000,0,user_14,32,,
4398,,98000,0,user_16,32,,
4399,,110000,0,user_19,32,,
4400,,1000000,0,user_20,32,,
4401,,1900000,0,user_21,32,,
4402,,1100000,0,user_22,32,,
4403,,43000000,0,user_22,32,,
4404,,1000000,0,user_22,32,,
4405,,150000,0,user_22,32,,
4406,,190000,0,user_22,32,,
4407,,350000,0,user_25,32,,
4408,,220000,0,user_26,32,,
4409,,100000,0,user_27,32,,
4410,,2000000,0,user_29,32,,
4411,,82000,5640,user_30,32,,
4412,,220000,0,user_31,32,,
4413,,120000,0,user_32,32,,
4414,,170000,0,user_32,32,,
4415,,43000000,0,user_33,32,,
4416,,27000000,1100000,user_33,32,,
4417,,220000,0,user_33,32,,
4418,,1400000,195000,user_34,32,,
4419,,1800000,0,user_35,32,,
4420,,340000,0,user_36,32,,
4421,,240000,0,user_36,32,,
4422,,80000,0,user_36,32,,
4423,,100000,0,user_36,32,,
4424,,79000,0,user_37,32,,
4425,,160000,0,user_38,32,,
4426,,470000,13800,user_38,32,,
4427,,300000,0,user_39,32,,
4428,,100000,0,user_40,32,,
4429,,260000,0,user_41,32,,
4430,,460000,0,user_42,32,,
4431,,220000,181000,user_43,32,,
4432,,1400000,0,user_44,32,,
4433,,150000,30200,user_45,32,,
4434,,87000,0,user_47,32,,
4435,,120000,0,user_47,32,,
4436,,150000,0,user_47,32,,
4437,,310000,0,user_47,32,,
4438,,970000,285000,user_47,32,,
4439,,100000,0,user_49,32,,
4403,0,43000000,0,user_22,32,32,
4415,1,43000000,0,user_33,32,32,
4391,2,27000000,0,user_12,32,32,
4416,3,27000000,1100000,user_33,32,32,
4378,4,6300000,14200,user_2,32,32,
4385,5,3200000,0,user_7,32,32,
4396,6,2500000,14200,user_14,32,32,
4410,7,2000000,0,user_29,32,32,
4401,8,1900000,0,user_21,32,32,
4419,9,1800000,0,user_35,32,32,
4380,10,1600000,0,user_2,32,32,
4418,11,1400000,195000,user_34,32,32,
4432,12,1400000,0,user_44,32,32,
4402,13,1100000,0,user_22,32,32,
4375,14,1000000,17000,user_1,32,32,
4384,15,1000000,13900,user_6,32,32,
4389,16,1000000,7190000,user_11,32,32,
4400,17,1000000,0,user_20,32,32,
4404,18,1000000,0,user_22,32,32,
4438,19,970000,285000,user_47,32,32,
4430,20,460000,0,user_42,32,32,
4383,21,360000,0,user_4,32,32,
4407,22,350000,0,user_25,32,32,
4437,23,310000,0,user_47,32,32,
4427,24,300000,0,user_39,32,32,
4429,25,260000,0,user_41,32,32,
4395,26,220000,0,user_14,32,32,
4397,27,220000,0,user_14,32,32,
4408,28,220000,0,user_26,32,32,
4412,29,220000,0,user_31,32,32,
4417,30,220000,0,user_33,32,32,
4431,31,220000,181000,user_43,32,32,
4406,32,190000,0,user_22,32,32,
4377,33,170000,0,user_2,32,32,
4414,34,170000,0,user_32,32,32,
4379,35,160000,283000,user_2,32,32,
4392,36,160000,0,user_13,32,32,
4381,37,150000,0,user_3,32,32,
4405,38,150000,0,user_22,32,32,
4433,39,150000,30200,user_45,32,32,
4436,40,150000,0,user_47,32,32,
4390,41,120000,164000,user_12,32,32,
4393,42,120000,0,user_13,32,32,
4413,43,120000,0,user_32,32,32,
4435,44,120000,0,user_47,32,32,
4374,45,110000,15100,user_0,32,32,
4376,46,110000,0,user_2,32,32,
4388,47,110000,0,user_11,32,32,
4399,48,110000,0,user_19,32,32,
4428,49,100000,0,user_40,32,32,
4439,50,100000,0,user_49,32,32,
4372,51,98000,0,user_0,32,32,
4398,52,98000,0,user_16,32,32,
4434,53,87000,0,user_47,32,32,
4394,54,85000,0,user_14,32,32,
4382,55,84000,0,user_3,32,32,
4411,56,82000,5640,user_30,32,32,
4424,57,79000,0,user_37,32,32,
4373,58,70000,0,user_0,32,32,
4542,,1100000,0,user_1,33,,
4543,,77000,0,user_3,33,,
4544,,1300000,0,user_5,33,,
4545,,83000,0,user_6,33,,
4546,,3600000,73100,user_7,33,,
4547,,2500000,0,user_7,33,,
4548,,120000,0,user_8,33,,
4549,,1000000,769000,user_8,33,,
4550,,460000,0,user_9,33,,
4551,,98000,0,user_9,33,,
4552,,360000,0,user_9,33,,
4553,,19000000,0,user_9,33,,
4554,,260000,0,user_11,33,,
4555,,220000,510000,user_11,33,,
4556,,220000,47700,user_11,33,,
4557,,670000,0,user_11,33,,
4558,,910000,0,user_11,33,,
4559,,260000,34700,user_15,33,,
4560,,660000,164000,user_16,33,,
4561,,83000,296000,user_17,33,,
4562,,260000,0,user_18,33,,
4563,,530000,0,user_20,33,,
4564,,320000,0,user_20,33,,
4565,,650000,0,user_21,33,,
4566,,3500000,0,user_21,33,,
4567,,670000,0,user_22,33,,
4568,,4200000,12800,user_23,33,,
4569,,160000,0,user_24,33,,
4570,,120000,350000,user_25,33,,
4571,,310000,0,user_26,33,,
4572,,84000,8520,user_27,33,,
4573,,79000,0,user_28,33,,
4574,,2400000,11200,user_30,33,,
4575,,6300000,0,user_31,33,,
4576,,300000,0,user_31,33,,
4577,,80000,0,user_33,33,,
4578,,3500000,0,user_33,33,,
4579,,1600000,0,user_34,33,,
4580,,360000,0,user_35,33,,
4581,,350000,0,user_37,33,,
4582,,160000,15300,user_38,33,,
4583,,170000,0,user_38,33,,
4584,,160000,0,user_40,33,,
4585,,43000000,0,user_41,33,,
4586,,1000000,0,user_42,33,,
4587,,170000,545000,user_42,33,,
4588,,350000,0,user_44,33,,
4589,,2000000,0,user_45,33,,
4590,,660000,0,user_47,33,,
4591,,98000,0,user_48,33,,
4592,,3200000,0,user_48,33,,
4593,,19000000,0,user_48,33,,
4585,0,43000000,0,user_41,33,33,
4553,1,19000000,0,user_9,33,33,
4593,2,19000000,0,user_48,33,33,
4575,3,6300000,0,user_31,33,33,
4568,4,4200000,12800,user_23,33,33,
4546,5,3600000,73100,user_7,33,33,
4566,6,3500000,0,user_21,33,33,
4578,7,3500000,0,user_33,33,33,
4592,8,3200000,0,user_48,33,33,
4547,9,2500000,0,user_7,33,33,
4574,10,2400000,11200,user_30,33,33,
4589,11,2000000,0,user_45,33,33,
4579,12,1600000,0,user_34,33,33,
4544,13,1300000,0,user_5,33,33,
4549,14,1000000,769000,user_8,33,33,
4586,15,1000000,0,user_42,33,33,
4558,16,910000,0,user_11,33,33,
4557,17,670000,0,user_11,33,33,
4567,18,670000,0,user_22,33,33,
4560,19,660000,164000,user_16,33,33,
4590,20,660000,0,user_47,33,33,
4565,21,650000,0,user_21,33,33,
4563,22,530000,0,user_20,33,33,
4550,23,460000,0,user_9,33,33,
4552,24,360000,0,user_9,33,33,
4580,25,360000,0,user_35,33,33,
4588,26,350000,0,user_44,33,33,
4564,27,320000,0,user_20,33,33,
4576,28,300000,0,user_31,33,33,
4554,29,260000,0,user_11,33,33,
4559,30,260000,34700,user_15,33,33,
4562,31,260000,0,user_18,33,33,
4555,32,220000,510000,user_11,33,33,
4556,33,220000,47700,user_11,33,33,
4583,34,170000,0,user_38,33,33,
4587,35,170000,545000,user_42,33,33,
4569,36,160000,0,user_24,33,33,
4582,37,160000,15300,user_38,33,33,
4584,38,160000,0,user_40,33,33,
4548,39,120000,0,user_8,33,33,
4570,40,120000,350000,user_25,33,33,
4551,41,98000,0,user_9,33,33,
4591,42,98000,0,user_48,33,33,
4572,43,84000,8520,user_27,33,33,
4545,44,83000,0,user_6,33,33,
4561,45,83000,296000,user_17,33,33,
4577,46,80000,0,user_33,33,33,
4543,47,77000,0,user_3,33,33,
4681,,2600000,296000,user_0,34,,
4682,,1500000,0,user_0,34,,
4683,,1600000,0,user_0,34,,
4684,,80000,0,user_0,34,,
4685,,310000,0,user_1,34,,
4686,,470000,0,user_2,34,,
4687,,85000,71800,user_3,34,,
4688,,910000,0,user_4,34,,
4689,,300000,0,user_4,34,,
4690,,310000,0,user_4,34,,
4691,,83000,0,user_4,34,,
4692,,120000,0,user_6,34,,
4693,,910000,0,user_6,34,,
4694,,100000,36800,user_8,34,,
4695,,150000,0,user_12,34,,
4696,,30000000,0,user_14,34,,
4697,,300000,0,user_14,34,,
4698,,5200000,779000,user_15,34,,
4699,,43000000,0,user_17,34,,
4700,,220000,0,user_18,34,,
4701,,79000,0,user_21,34,,
4702,,170000,1100000,user_25,34,,
4703,,660000,0,user_27,34,,
4704,,1000000,769000,user_28,34,,
4705,,5000000,0,user_28,34,,
4706,,170000,0,user_30,34,,
4707,,220000,0,user_30,34,,
4708,,3500000,16400,user_31,34,,
4709,,260000,0,user_32,34,,
4710,,19000000,0,user_33,34,,
4711,,2100000,0,user_33,34,,
4712,,600000,0,user_34,34,,
4713,,220000,56200,user_35,34,,
4714,,82000,0,user_35,34,,
4715,,660000,0,user_37,34,,
4716,,1800000,100000,user_37,34,,
4717,,1800000,16400,user_39,34,,
4718,,1000000,0,user_40,34,,
4719,,82000,0,user_41,34,,
4720,,1600000,0,user_45,34,,
4721,,160000,0,user_47,34,,
4722,,27000000,0,user_49,34,,
4699,0,43000000,0,user_17,34,34,
4696,1,30000000,0,user_14,34,34,
4722,2,27000000,0,user_49,34,34,
4710,3,19000000,0,user_33,34,34,
4698,4,5200000,779000,user_15,34,34,
4705,5,5000000,0,user_28,34,34,
4708,6,3500000,16400,user_31,34,34,
4681,7,2600000,296000,user_0,34,34,
4711,8,2100000,0,user_33,34,34,
4716,9,1800000,100000,user_37,34,34,
4717,10,1800000,16400,user_39,34,34,
4683,11,1600000,0,user_0,34,34,
4720,12,1600000,0,user_45,34,34,
4682,13,1500000,0,user_0,34,34,
4704,14,1000000,769000,user_28,34,34,
4718,15,1000000,0,user_40,34,34,
4688,16,910000,0,user_4,34,34,
4693,17,910000,0,user_6,34,34,
4715,18,660000,0,user_37,34,34,
4712,19,600000,0,user_34,34,34,
4686,20,470000,0,user_2,34,34,
4685,21,310000,0,user_1,34,34,
4690,22,310000,0,user_4,34,34,
4689,23,300000,0,user_4,34,34,
4697,24,300000,0,user_14,34,34,
4709,25,260000,0,user_32,34,34,
4700,26,220000,0,user_18,34,34,
4707,27,220000,0,user_30,34,34,
4713,28,220000,56200,user_35,34,34,
4702,29,170000,1100000,user_25,34,34,
4706,30,170000,0,user_30,34,34,
4721,31,160000,0,user_47,34,34,
4695,32,150000,0,user_12,34,34,
4692,33,120000,0,user_6,34,34,
4694,34,100000,36800,user_8,34,34,
4687,35,85000,71800,user_3,34,34,
4691,36,83000,0,user_4,34,34,
4714,37,82000,0,user_35,34,34,
4719,38,82000,0,user_41,34,34,
4684,39,80000,0,user_0,34,34,
4701,40,79000,0,user_21,34,34,
4798,,82000,0,user_0,35,,
4799,,220000,23500,user_2,35,,
4800,,6100000,0,user_2,35,,
4801,,190000,0,user_4,35,,
4802,,27000000,0,user_4,35,,
4803,,2000000,0,user_4,35,,
4804,,2000000,0,user_6,35,,
4805,,170000,0,user_6,35,,
4806,,2300000,12800,user_8,35,,
4807,,130000,13900,user_8,35,,
4808,,4500000,0,user_8,35,,
4809,,110000,0,user_9,35,,
4810,,240000,0,user_10,35,,
4811,,150000,0,user_11,35,,
4812,,190000,0,user_12,35,,
4813,,30000000,0,user_13,35,,
4814,,1600000,75000,user_13,35,,
4815,,5000000,0,user_14,35,,
4816,,2400000,0,user_15,35,,
4817,,120000,0,user_16,35,,
4818,,1500000,0,user_16,35,,
4819,,4200000,0,user_17,35,,
4820,,240000,0,user_19,35,,
4821,,630000,0,user_19,35,,
4822,,260000,0,user_20,35,,
4823,,1700000,43600,user_21,35,,
4824,,27000000,0,user_23,35,,
4825,,120000,0,user_23,35,,
4826,,420000,0,user_23,35,,
4827,,1600000,0,user_24,35,,
4828,,1000000,8520,user_24,35,,
4829,,82000,0,user_25,35,,
4830,,19000000,46500,user_26,35,,
4831,,150000,0,user_26,35,,
4832,,1000000,100000,user_26,35,,
4833,,360000,0,user_26,35,,
4834,,120000,0,user_27,35,,
4835,,5000000,0,user_27,35,,
4836,,120000,0,user_28,35,,
4837,,2300000,0,user_30,35,,
4838,,310000,12800,user_31,35,,
4839,,460000,0,user_31,35,,
4840,,170000,0,user_31,35,,
4841,,1500000,0,user_31,35,,
4842,,150000,0,user_35,35,,
4843,,190000,0,user_36,35,,
4844,,2000000,164000,user_37,35,,
4845,,98000,0,user_39,35,,
4846,,260000,60700,user_40,35,,
4847,,3500000,0,user_41,35,,
4848,,660000,43600,user_42,35,,
4849,,170000,0,user_42,35,,
4850,,1000000,0,user_44,35,,
4851,,460000,0,user_46,35,,
4852,,110000,73100,user_47,35,,
4853,,77000,0,user_47,35,,
4854,,77000,510000,user_48,35,,
4855,,420000,7190000,user_48,35,,
4856,,360000,0,user_49,35,,
4813,0,30000000,0,user_13,35,35,
4802,1,27000000,0,user_4,35,35,
4824,2,27000000,0,user_23,35,35,
4906,3,0,0,builder_4,35,35,4830
4830,4,19000000,46500,user_26,35,35,
4855,5,420000,7190000,user_48,35,35,
4907,6,0,0,builder_4,35,35,4855
4800,7,6100000,0,user_2,35,35,
4815,8,5000000,0,user_14,35,35,
4835,9,5000000,0,user_27,35,35,
4808,10,4500000,0,user_8,35,35,
4819,11,4200000,0,user_17,35,35,
4847,12,3500000,0,user_41,35,35,
4806,13,2300000,12800,user_8,35,35,
4908,14,0,0,builder_4,35,35,4806
4837,15,2300000,0,user_30,35,35,
4844,16,2000000,164000,user_37,35,35,
4909,17,0,0,builder_4,35,35,4844
4803,18,2000000,0,user_4,35,35,
4804,19,2000000,0,user_6,35,35,
4910,20,0,0,builder_4,35,35,4823
4823,21,1700000,43600,user_21,35,35,
4814,22,1600000,75000,user_13,35,35,
4911,23,0,0,builder_4,35,35,4814
4827,24,1600000,0,user_24,35,35,
4818,25,1500000,0,user_16,35,35,
4841,26,1500000,0,user_31,35,35,
4912,27,0,0,builder_4,35,35,4832
4832,28,1000000,100000,user_26,35,35,
4913,29,0,0,builder_4,35,35,4828
4828,30,1000000,8520,user_24,35,35,
4850,31,1000000,0,user_44,35,35,
4848,32,660000,43600,user_42,35,35,
4914,33,0,0,builder_4,35,35,4848
4821,34,630000,0,user_19,35,35,
4854,35,77000,510000,user_48,35,35,
4915,36,0,0,builder_4,35,35,4854
4839,37,460000,0,user_31,35,35,
4851,38,460000,0,user_46,35,35,
4826,39,420000,0,user_23,35,35,
4833,40,360000,0,user_26,35,35,
4856,41,360000,0,user_49,35,35,
4916,42,0,0,builder_4,35,35,4838
4838,43,310000,12800,user_31,35,35,
4917,44,0,0,builder_4,35,35,4846
4846,45,260000,60700,user_40,35,35,
4822,46,260000,0,user_20,35,35,
4918,47,0,0,builder_4,35,35,4799
4799,48,220000,23500,user_2,35,35,
4810,49,240000,0,user_10,35,35,
4820,50,240000,0,user_19,35,35,
4801,51,190000,0,user_4,35,35,
4812,52,190000,0,user_12,35,35,
4843,53,190000,0,user_36,35,35,
4805,54,170000,0,user_6,35,35,
4840,55,170000,0,user_31,35,35,
4849,56,170000,0,user_42,35,35,
4811,57,150000,0,user_11,35,35,
4831,58,150000,0,user_26,35,35,
4842,59,150000,0,user_35,35,35,
4807,60,130000,13900,user_8,35,35,
4919,61,0,0,builder_4,35,35,4807
4817,62,120000,0,user_16,35,35,
4825,63,120000,0,user_23,35,35,
4834,64,120000,0,user_27,35,35,
4836,65,120000,0,user_28,35,35,
4809,66,110000,0,user_9,35,35,
4798,67,82000,0,user_0,35,35,
4829,68,82000,0,user_25,35,35,
0,,3200000,0,user_0,36,,
1,,2100000,0,user_1,36,,
2,,110000,0,user_3,36,,
3,,120000,0,user_4,36,,
4,,5000000,0,user_4,36,,
5,,160000,0,user_5,36,,
6,,70000,3130,user_6,36,,
7,,84000,19700,user_7,36,,
8,,150000,0,user_7,36,,
9,,1200000,0,user_7,36,,
10,,460000,0,user_7,36,,
11,,260000,0,user_7,36,,
12,,170000,0,user_8,36,,
13,,1600000,0,user_8,36,,
14,,73000,0,user_9,36,,
15,,150000,0,user_9,36,,
16,,370000,0,user_10,36,,
17,,2600000,0,user_12,36,,
18,,300000,0,user_12,36,,
19,,460000,296000,user_12,36,,
20,,3500000,17000,user_14,36,,
21,,970000,0,user_15,36,,
22,,170000,0,user_16,36,,
23,,19000000,0,user_17,36,,
24,,170000,0,user_18,36,,
25,,110000,0,user_21,36,,
26,,1000000,0,user_23,36,,
27,,19000000,71800,user_23,36,,
28,,130000,0,user_25,36,,
29,,1100000,17700000,user_25,36,,
30,,2300000,410000,user_27,36,,
31,,73000,0,user_27,36,,
32,,1000000,0,user_29,36,,
33,,220000,0,user_30,36,,
34,,3600000,0,user_33,36,,
35,,360000,0,user_34,36,,
36,,310000,0,user_34,36,,
37,,1300000,0,user_35,36,,
38,,220000,0,user_36,36,,
39,,1000000,0,user_37,36,,
40,,77000,43600,user_38,36,,
41,,1700000,0,user_38,36,,
42,,420000,0,user_39,36,,
43,,5000000,0,user_40,36,,
44,,340000,5630,user_41,36,,
45,,340000,0,user_43,36,,
46,,1500000,283000,user_44,36,,
47,,160000,0,user_45,36,,
48,,5200000,0,user_45,36,,
49,,79000,0,user_46,36,,
50,,100000,0,user_47,36,,
51,,120000,35600,user_47,36,,
52,,170000,0,user_48,36,,
53,,300000,0,user_49,36,,
27,0,19000000,71800,user_23,36,36,
84,1,0,0,builder_4,36,36,27
23,2,19000000,0,user_17,36,36,
85,3,0,0,builder_4,36,36,29
29,4,1100000,17700000,user_25,36,36,
48,5,5200000,0,user_45,36,36,
4,6,5000000,0,user_4,36,36,
43,7,5000000,0,user_40,36,36,
34,8,3600000,0,user_33,36,36,
86,9,0,0,builder_4,36,36,20
20,10,3500000,17000,user_14,36,36,
0,11,3200000,0,user_0,36,36,
30,12,2300000,410000,user_27,36,36,
87,13,0,0,builder_4,36,36,30
17,14,2600000,0,user_12,36,36,
1,15,2100000,0,user_1,36,36,
46,16,1500000,283000,user_44,36,36,
88,17,0,0,builder_4,36,36,46
41,18,1700000,0,user_38,36,36,
13,19,1600000,0,user_8,36,36,
37,20,1300000,0,user_35,36,36,
26,21,1000000,0,user_23,36,36,
32,22,1000000,0,user_29,36,36,
39,23,1000000,0,user_37,36,36,
89,24,0,0,builder_4,36,36,19
19,25,460000,296000,user_12,36,36,
16,26,370000,0,user_10,36,36,
35,27,360000,0,user_34,36,36,
44,28,340000,5630,user_41,36,36,
90,29,0,0,builder_4,36,36,44
45,30,340000,0,user_43,36,36,
36,31,310000,0,user_34,36,36,
18,32,300000,0,user_12,36,36,
53,33,300000,0,user_49,36,36,
33,34,220000,0,user_30,36,36,
38,35,220000,0,user_36,36,36,
12,36,170000,0,user_8,36,36,
22,37,170000,0,user_16,36,36,
24,38,170000,0,user_18,36,36,
52,39,170000,0,user_48,36,36,
47,40,160000,0,user_45,36,36,
15,41,150000,0,user_9,36,36,
28,42,130000,0,user_25,36,36,
91,43,0,0,builder_4,36,36,40
40,44,77000,43600,user_38,36,36,
3,45,120000,0,user_4,36,36,
2,46,110000,0,user_3,36,36,
25,47,110000,0,user_21,36,36,
49,48,79000,0,user_46,36,36,
6,49,70000,3130,user_6,36,36,
92,50,0,0,builder_4,36,36,6
14,51,73000,0,user_9,36,36,
31,52,73000,0,user_27,36,36,
127,,2000000,0,user_0,37,,
128,,150000,0,user_0,37,,
129,,220000,0,user_2,37,,
130,,5000000,0,user_2,37,,
131,,5000000,0,user_2,37,,
132,,1400000,13900,user_2,37,,
133,,1100000,0,user_2,37,,
134,,3200000,0,user_4,37,,
135,,2400000,0,user_6,37,,
136,,98000,0,user_8,37,,
137,,1900000,19700,user_8,37,,
138,,660000,0,user_8,37,,
139,,150000,0,user_8,37,,
140,,83000,0,user_8,37,,
141,,460000,35600,user_9,37,,
142,,1100000,0,user_10,37,,
143,,130000,0,user_11,37,,
144,,420000,0,user_11,37,,
145,,2600000,0,user_11,37,,
146,,4200000,0,user_11,37,,
147,,660000,15300,user_11,37,,
148,,100000,17700000,user_12,37,,
149,,27000000,67500,user_13,37,,
150,,6300000,0,user_14,37,,
151,,910000,0,user_15,37,,
152,,2100000,256000,user_15,37,,
153,,80000,0,user_15,37,,
154,,360000,0,user_16,37,,
155,,130000,0,user_18,37,,
156,,150000,42000,user_19,37,,
157,,5000000,0,user_20,37,,
158,,85000,128000,user_21,37,,
159,,1900000,84800,user_22,37,,
160,,5200000,0,user_23,37,,
161,,2000000,0,user_24,37,,
162,,110000,0,user_24,37,,
163,,150000,0,user_24,37,,
164,,77000,0,user_26,37,,
165,,2300000,0,user_28,37,,
166,,2100000,0,user_29,37,,
167,,110000,0,user_30,37,,
168,,43000000,256000,user_31,37,,
169,,5000000,0,user_33,37,,
170,,83000,21800,user_33,37,,
171,,190000,12800,user_34,37,,
172,,1900000,0,user_35,37,,
173,,3500000,0,user_35,37,,
174,,2000000,0,user_37,37,,
175,,170000,11200,user_37,37,,
176,,170000,0,user_38,37,,
177,,120000,0,user_39,37,,
178,,2000000,0,user_42,37,,
179,,2500000,34700,user_43,37,,
180,,4200000,0,user_46,37,,
181,,2000000,0,user_49,37,,
168,0,43000000,256000,user_31,37,37,
149,1,27000000,67500,user_13,37,37,
150,2,6300000,0,user_14,37,37,
160,3,5200000,0,user_23,37,37,
130,4,5000000,0,user_2,37,37,
131,5,5000000,0,user_2,37,37,
157,6,5000000,0,user_20,37,37,
169,7,5000000,0,user_33,37,37,
146,8,4200000,0,user_11,37,37,
180,9,4200000,0,user_46,37,37,
173,10,3500000,0,user_35,37,37,
134,11,3200000,0,user_4,37,37,
145,12,2600000,0,user_11,37,37,
179,13,2500000,34700,user_43,37,37,
135,14,2400000,0,user_6,37,37,
165,15,2300000,0,user_28,37,37,
152,16,2100000,256000,user_15,37,37,
166,17,2100000,0,user_29,37,37,
127,18,2000000,0,user_0,37,37,
161,19,2000000,0,user_24,37,37,
174,20,2000000,0,user_37,37,37,
178,21,2000000,0,user_42,37,37,
181,22,2000000,0,user_49,37,37,
137,23,1900000,19700,user_8,37,37,
159,24,1900000,84800,user_22,37,37,
172,25,1900000,0,user_35,37,37,
132,26,1400000,13900,user_2,37,37,
133,27,1100000,0,user_2,37,37,
151,28,910000,0,user_15,37,37,
138,29,660000,0,user_8,37,37,
147,30,660000,15300,user_11,37,37,
144,31,420000,0,user_11,37,37,
154,32,360000,0,user_16,37,37,
129,33,220000,0,user_2,37,37,
171,34,190000,12800,user_34,37,37,
175,35,170000,11200,user_37,37,37,
128,36,150000,0,user_0,37,37,
139,37,150000,0,user_8,37,37,
156,38,150000,42000,user_19,37,37,
163,39,150000,0,user_24,37,37,
143,40,130000,0,user_11,37,37,
155,41,130000,0,user_18,37,37,
177,42,120000,0,user_39,37,37,
162,43,110000,0,user_24,37,37,
167,44,110000,0,user_30,37,37,
148,45,100000,17700000,user_12,37,37,
136,46,98000,0,user_8,37,37,
158,47,85000,128000,user_21,37,37,
140,48,83000,0,user_8,37,37,
170,49,83000,21800,user_33,37,37,
153,50,80000,0,user_15,37,37,
164,51,77000,0,user_26,37,37,
287,,77000,7840,user_0,38,,
288,,150000,0,user_1,38,,
289,,1100000,10700,user_3,38,,
290,,600000,0,user_4,38,,
291,,110000,0,user_6,38,,
292,,220000,0,user_6,38,,
293,,110000,0,user_7,38,,
294,,110000,73100,user_8,38,,
295,,630000,0,user_9,38,,
296,,460000,5640,user_11,38,,
297,,150000,0,user_11,38,,
298,,2400000,13900,user_13,38,,
299,,2000000,75000,user_13,38,,
300,,1100000,0,user_15,38,,
301,,1000000,0,user_17,38,,
302,,420000,0,user_18,38,,
303,,600000,0,user_19,38,,
304,,1000000,0,user_20,38,,
305,,77000,0,user_21,38,,
306,,160000,0,user_22,38,,
307,,420000,0,user_23,38,,
308,,30000000,84800,user_24,38,,
309,,170000,0,user_26,38,,
310,,670000,0,user_27,38,,
311,,150000,0,user_29,38,,
312,,2600000,0,user_31,38,,
313,,150000,0,user_32,38,,
314,,70000,0,user_33,38,,
315,,370000,0,user_34,38,,
316,,30000000,0,user_36,38,,
317,,1900000,0,user_37,38,,
318,,260000,0,user_38,38,,
319,,660000,0,user_38,38,,
320,,300000,0,user_39,38,,
321,,1700000,0,user_40,38,,
322,,120000,0,user_42,38,,
323,,150000,0,user_43,38,,
324,,1000000,0,user_44,38,,
325,,100000,0,user_44,38,,
326,,530000,3130,user_45,38,,
327,,1000000,75000,user_48,38,,
328,,350000,0,user_49,38,,
308,0,30000000,84800,user_24,38,38,
316,1,30000000,0,user_36,38,38,
312,2,2600000,0,user_31,38,38,
298,3,2400000,13900,user_13,38,38,
299,4,2000000,75000,user_13,38,38,
317,5,1900000,0,user_37,38,38,
321,6,1700000,0,user_40,38,38,
289,7,1100000,10700,user_3,38,38,
300,8,1100000,0,user_15,38,38,
301,9,1000000,0,user_17,38,38,
304,10,1000000,0,user_20,38,38,
324,11,1000000,0,user_44,38,38,
327,12,1000000,75000,user_48,38,38,
310,13,670000,0,user_27,38,38,
319,14,660000,0,user_38,38,38,
295,15,630000,0,user_9,38,38,
290,16,600000,0,user_4,38,38,
303,17,600000,0,user_19,38,38,
302,18,420000,0,user_18,38,38,
307,19,420000,0,user_23,38,38,
315,20,370000,0,user_34,38,38,
328,21,350000,0,user_49,38,38,
320,22,300000,0,user_39,38,38,
318,23,260000,0,user_38,38,38,
292,24,220000,0,user_6,38,38,
309,25,170000,0,user_26,38,38,
306,26,160000,0,user_22,38,38,
288,27,150000,0,user_1,38,38,
311,28,150000,0,user_29,38,38,
323,29,150000,0,user_43,38,38,
322,30,120000,0,user_42,38,38,
291,31,110000,0,user_6,38,38,
293,32,110000,0,user_7,38,38,
294,33,110000,73100,user_8,38,38,
325,34,100000,0,user_44,38,38,
287,35,77000,7840,user_0,38,38,
305,36,77000,0,user_21,38,38,
314,37,70000,0,user_33,38,38,
394,,220000,0,user_0,39,,
395,,310000,0,user_0,39,,
396,,1400000,0,user_2,39,,
397,,370000,0,user_3,39,,
398,,1400000,0,user_4,39,,
399,,30000000,0,user_5,39,,
400,,1800000,5180,user_6,39,,
401,,660000,0,user_7,39,,
402,,1400000,0,user_8,39,,
403,,650000,0,user_8,39,,
404,,220000,0,user_9,39,,
405,,1100000,0,user_10,39,,
406,,910000,13800,user_10,39,,
407,,1500000,0,user_11,39,,
408,,1100000,0,user_11,39,,
409,,120000,0,user_11,39,,
410,,360000,75000,user_11,39,,
411,,6300000,0,user_12,39,,
412,,240000,16400,user_14,39,,
413,,220000,0,user_15,39,,
414,,87000,0,user_17,39,,
415,,83000,0,user_19,39,,
416,,5000000,0,user_19,39,,
417,,2400000,0,user_19,39,,
418,,85000,0,user_19,39,,
419,,670000,0,user_20,39,,
420,,310000,0,user_22,39,,
421,,910000,0,user_24,39,,
422,,160000,0,user_25,39,,
423,,2000000,0,user_26,39,,
424,,420000,0,user_27,39,,
425,,1100000,0,user_29,39,,
426,,2100000,0,user_30,39,,
427,,4500000,0,user_31,39,,
428,,670000,35600,user_33,39,,
429,,19000000,0,user_34,39,,
430,,1800000,0,user_34,39,,
431,,370000,0,user_35,39,,
432,,30000000,0,user_35,39,,
433,,630000,0,user_36,39,,
434,,43000000,0,user_37,39,,
435,,73000,0,user_37,39,,
436,,670000,0,user_37,39,,
437,,310000,0,user_37,39,,
438,,84000,181000,user_38,39,,
439,,260000,67900,user_39,39,,
440,,160000,0,user_40,39,,
441,,420000,0,user_40,39,,
442,,110000,0,user_40,39,,
443,,120000,0,user_40,39,,
444,,87000,0,user_42,39,,
445,,84000,0,user_42,39,,
446,,84000,0,user_43,39,,
447,,83000,0,user_44,39,,
448,,4200000,161000,user_44,39,,
449,,84000,0,user_44,39,,
450,,1400000,161000,user_46,39,,
451,,80000,0,user_48,39,,
452,,2000000,285000,user_49,39,,
434,0,43000000,0,user_37,39,39,
399,1,30000000,0,user_5,39,39,
432,2,30000000,0,user_35,39,39,
429,3,19000000,0,user_34,39,39,
411,4,6300000,0,user_12,39,39,
416,5,5000000,0,user_19,39,39,
427,6,4500000,0,user_31,39,39,
448,7,4200000,161000,user_44,39,39,
417,8,2400000,0,user_19,39,39,
423,9,2000000,0,user_26,39,39,
452,10,2000000,285000,user_49,39,39,
400,11,1800000,5180,user_6,39,39,
430,12,1800000,0,user_34,39,39,
407,13,1500000,0,user_11,39,39,
396,14,1400000,0,user_2,39,39,
398,15,1400000,0,user_4,39,39,
402,16,1400000,0,user_8,39,39,
450,17,1400000,161000,user_46,39,39,
405,18,1100000,0,user_10,39,39,
408,19,1100000,0,user_11,39,39,
425,20,1100000,0,user_29,39,39,
406,21,910000,13800,user_10,39,39,
421,22,910000,0,user_24,39,39,
419,23,670000,0,user_20,39,39,
428,24,670000,35600,user_33,39,39,
436,25,670000,0,user_37,39,39,
401,26,660000,0,user_7,39,39,
403,27,650000,0,user_8,39,39,
424,28,420000,0,user_27,39,39,
397,29,370000,0,user_3,39,39,
431,30,370000,0,user_35,39,39,
410,31,360000,75000,user_11,39,39,
437,32,310000,0,user_37,39,39,
439,33,260000,67900,user_39,39,39,
404,34,220000,0,user_9,39,39,
413,35,220000,0,user_15,39,39,
422,36,160000,0,user_25,39,39,
409,37,120000,0,user_11,39,39,
414,38,87000,0,user_17,39,39,
444,39,87000,0,user_42,39,39,
418,40,85000,0,user_19,39,39,
438,41,84000,181000,user_38,39,39,
445,42,84000,0,user_42,39,39,
446,43,84000,0,user_43,39,39,
449,44,84000,0,user_44,39,39,
415,45,83000,0,user_19,39,39,
447,46,83000,0,user_44,39,39,
451,47,80000,0,user_48,39,39,
435,48,73000,0,user_37,39,39,
526,,1400000,0,user_2,40,,
527,,310000,0,user_4,40,,
528,,84000,0,user_4,40,,
529,,73000,0,user_4,40,,
530,,98000,0,user_4,40,,
531,,2500000,0,user_6,40,,
532,,6300000,0,user_7,40,,
533,,160000,0,user_8,40,,
534,,2400000,0,user_8,40,,
535,,6100000,0,user_10,40,,
536,,2100000,231000,user_12,40,,
537,,370000,0,user_12,40,,
538,,110000,231000,user_13,40,,
539,,670000,0,user_14,40,,
540,,110000,155000,user_15,40,,
541,,150000,0,user_15,40,,
542,,80000,0,user_17,40,,
543,,3500000,369000,user_19,40,,
544,,1400000,0,user_21,40,,
545,,420000,0,user_22,40,,
546,,190000,0,user_23,40,,
547,,1200000,0,user_23,40,,
548,,30000000,0,user_24,40,,
549,,1300000,0,user_25,40,,
550,,260000,0,user_25,40,,
551,,370000,0,user_26,40,,
552,,460000,779000,user_26,40,,
553,,120000,0,user_29,40,,
554,,310000,0,user_30,40,,
555,,150000,0,user_30,40,,
556,,650000,0,user_31,40,,
557,,150000,161000,user_31,40,,
558,,3600000,0,user_31,40,,
559,,1500000,5180,user_32,40,,
560,,1700000,0,user_33,40,,
561,,1300000,0,user_34,40,,
562,,84000,17000,user_35,40,,
563,,420000,0,user_35,40,,
564,,530000,0,user_37,40,,
565,,600000,15700,user_38,40,,
566,,2600000,0,user_38,40,,
567,,2000000,0,user_39,40,,
568,,2300000,0,user_41,40,,
569,,670000,0,user_45,40,,
570,,1100000,0,user_45,40,,
571,,260000,0,user_46,40,,
572,,4200000,0,user_47,40,,
573,,1400000,121000,user_48,40,,
574,,1100000,0,user_48,40,,
575,,1400000,0,user_48,40,,
576,,98000,0,user_48,40,,
577,,87000,0,user_48,40,,
578,,2600000,12800,user_49,40,,
579,,150000,0,user_49,40,,
580,,1100000,56200,user_49,40,,
581,,27000000,0,user_49,40,,
582,,130000,0,user_49,40,,
548,0,30000000,0,user_24,40,40,
581,1,27000000,0,user_49,40,40,
532,2,6300000,0,user_7,40,40,
535,3,6100000,0,user_10,40,40,
572,4,4200000,0,user_47,40,40,
558,5,3600000,0,user_31,40,40,
543,6,3500000,369000,user_19,40,40,
566,7,2600000,0,user_38,40,40,
578,8,2600000,12800,user_49,40,40,
531,9,2500000,0,user_6,40,40,
534,10,2400000,0,user_8,40,40,
536,11,2100000,231000,user_12,40,40,
567,12,2000000,0,user_39,40,40,
559,13,1500000,5180,user_32,40,40,
526,14,1400000,0,user_2,40,40,
544,15,1400000,0,user_21,40,40,
573,16,1400000,121000,user_48,40,40,
575,17,1400000,0,user_48,40,40,
549,18,1300000,0,user_25,40,40,
561,19,1300000,0,user_34,40,40,
547,20,1200000,0,user_23,40,40,
570,21,1100000,0,user_45,40,40,
574,22,1100000,0,user_48,40,40,
580,23,1100000,56200,user_49,40,40,
539,24,670000,0,user_14,40,40,
569,25,670000,0,user_45,40,40,
556,26,650000,0,user_31,40,40,
565,27,600000,15700,user_38,40,40,
564,28,530000,0,user_37,40,40,
552,29,460000,779000,user_26,40,40,
545,30,420000,0,user_22,40,40,
563,31,420000,0,user_35,40,40,
537,32,370000,0,user_12,40,40,
551,33,370000,0,user_26,40,40,
527,34,310000,0,user_4,40,40,
554,35,310000,0,user_30,40,40,
550,36,260000,0,user_25,40,40,
571,37,260000,0,user_46,40,40,
546,38,190000,0,user_23,40,40,
533,39,160000,0,user_8,40,40,
555,40,150000,0,user_30,40,40,
557,41,150000,161000,user_31,40,40,
579,42,150000,0,user_49,40,40,
582,43,130000,0,user_49,40,40,
553,44,120000,0,user_29,40,40,
538,45,110000,231000,user_13,40,40,
530,46,98000,0,user_4,40,40,
576,47,98000,0,user_48,40,40,
577,48,87000,0,user_48,40,40,
528,49,84000,0,user_4,40,40,
562,50,84000,17000,user_35,40,40,
542,51,80000,0,user_17,40,40,
529,52,73000,0,user_4,40,40,
674,,530000,0,user_0,41,,
675,,420000,0,user_2,41,,
676,,170000,47700,user_3,41,,
677,,70000,15300,user_4,41,,
678,,1100000,0,user_5,41,,
679,,670000,18600,user_6,41,,
680,,310000,779000,user_7,41,,
681,,470000,0,user_8,41,,
682,,1800000,60700,user_9,41,,
683,,460000,0,user_9,41,,
684,,1400000,36800,user_10,41,,
685,,83000,0,user_10,41,,
686,,360000,121000,user_10,41,,
687,,970000,47700,user_11,41,,
688,,27000000,0,user_12,41,,
689,,160000,0,user_13,41,,
690,,2100000,0,user_14,41,,
691,,660000,0,user_16,41,,
692,,170000,0,user_16,41,,
693,,870000,0,user_16,41,,
694,,1000000,0,user_16,41,,
695,,3200000,47700,user_17,41,,
696,,5200000,0,user_17,41,,
697,,970000,67900,user_20,41,,
698,,77000,164000,user_20,41,,
699,,650000,0,user_21,41,,
700,,190000,0,user_22,41,,
701,,310000,0,user_22,41,,
702,,1000000,0,user_22,41,,
703,,670000,0,user_22,41,,
704,,170000,0,user_22,41,,
705,,19000000,0,user_23,41,,
706,,1400000,4320000,user_23,41,,
707,,660000,0,user_25,41,,
708,,6100000,0,user_30,41,,
709,,970000,0,user_31,41,,
710,,82000,0,user_32,41,,
711,,83000,0,user_32,41,,
712,,1600000,64600,user_33,41,,
713,,2600000,0,user_33,41,,
714,,650000,161000,user_34,41,,
715,,85000,139000,user_35,41,,
716,,530000,0,user_36,41,,
717,,370000,0,user_37,41,,
718,,160000,0,user_39,41,,
719,,3500000,0,user_39,41,,
720,,70000,0,user_46,41,,
721,,660000,0,user_46,41,,
722,,460000,0,user_47,41,,
723,,1000000,0,user_49,41,,
688,0,27000000,0,user_12,41,41,
705,1,19000000,0,user_23,41,41,
708,2,6100000,0,user_30,41,41,
696,3,5200000,0,user_17,41,41,
719,4,3500000,0,user_39,41,41,
695,5,3200000,47700,user_17,41,41,
713,6,2600000,0,user_33,41,41,
690,7,2100000,0,user_14,41,41,
682,8,1800000,60700,user_9,41,41,
712,9,1600000,64600,user_33,41,41,
684,10,1400000,36800,user_10,41,41,
706,11,1400000,4320000,user_23,41,41,
678,12,1100000,0,user_5,41,41,
694,13,1000000,0,user_16,41,41,
702,14,1000000,0,user_22,41,41,
687,15,970000,47700,user_11,41,41,
697,16,970000,67900,user_20,41,41,
693,17,870000,0,user_16,41,41,
679,18,670000,18600,user_6,41,41,
703,19,670000,0,user_22,41,41,
691,20,660000,0,user_16,41,41,
721,21,660000,0,user_46,41,41,
699,22,650000,0,user_21,41,41,
714,23,650000,161000,user_34,41,41,
716,24,530000,0,user_36,41,41,
681,25,470000,0,user_8,41,41,
683,26,460000,0,user_9,41,41,
722,27,460000,0,user_47,41,41,
686,28,360000,121000,user_10,41,41,
680,29,310000,779000,user_7,41,41,
701,30,310000,0,user_22,41,41,
700,31,190000,0,user_22,41,41,
676,32,170000,47700,user_3,41,41,
692,33,170000,0,user_16,41,41,
704,34,170000,0,user_22,41,41,
689,35,160000,0,user_13,41,41,
718,36,160000,0,user_39,41,41,
715,37,85000,139000,user_35,41,41,
685,38,83000,0,user_10,41,41,
711,39,83000,0,user_32,41,41,
710,40,82000,0,user_32,41,41,
698,41,77000,164000,user_20,41,41,
720,42,70000,0,user_46,41,41,
825,,870000,0,user_0,42,,
826,,27000000,66100,user_1,42,,
827,,260000,0,user_1,42,,
828,,80000,0,user_2,42,,
829,,220000,0,user_2,42,,
830,,530000,0,user_4,42,,
831,,130000,0,user_5,42,,
832,,220000,0,user_6,42,,
833,,1600000,0,user_7,42,,
834,,120000,0,user_8,42,,
835,,350000,0,user_8,42,,
836,,110000,0,user_9,42,,
837,,420000,0,user_9,42,,
838,,160000,0,user_10,42,,
839,,1400000,0,user_11,42,,
840,,2600000,75000,user_11,42,,
841,,2000000,0,user_12,42,,
842,,30000000,12800,user_13,42,,
843,,120000,0,user_13,42,,
844,,1300000,0,user_13,42,,
845,,2100000,0,user_13,42,,
846,,1100000,0,user_13,42,,
847,,120000,594000,user_14,42,,
848,,370000,12800,user_15,42,,
849,,1500000,13800,user_15,42,,
850,,1300000,0,user_16,42,,
851,,1000000,0,user_16,42,,
852,,1600000,0,user_16,42,,
853,,120000,0,user_18,42,,
854,,150000,0,user_19,42,,
855,,120000,146000,user_21,42,,
856,,5000000,0,user_22,42,,
857,,220000,0,user_23,42,,
858,,460000,0,user_24,42,,
859,,1500000,100000,user_26,42,,
860,,220000,19700,user_27,42,,
861,,1400000,0,user_27,42,,
862,,6300000,0,user_28,42,,
863,,1100000,0,user_28,42,,
864,,1400000,0,user_30,42,,
865,,1600000,0,user_32,42,,
866,,1000000,0,user_33,42,,
867,,2100000,0,user_33,42,,
868,,5200000,0,user_35,42,,
869,,1800000,0,user_35,42,,
870,,110000,0,user_35,42,,
871,,77000,0,user_35,42,,
872,,190000,0,user_35,42,,
873,,370000,0,user_36,42,,
874,,150000,30200,user_37,42,,
875,,2000000,0,user_38,42,,
876,,910000,0,user_39,42,,
877,,470000,75000,user_43,42,,
878,,460000,0,user_44,42,,
879,,3200000,0,user_44,42,,
880,,340000,0,user_44,42,,
881,,220000,0,user_44,42,,
882,,530000,0,user_45,42,,
883,,1500000,0,user_47,42,,
884,,370000,769000,user_47,42,,
885,,110000,0,user_49,42,,
842,0,30000000,12800,user_13,42,42,
826,1,27000000,66100,user_1,42,42,
862,2,6300000,0,user_28,42,42,
868,3,5200000,0,user_35,42,42,
856,4,5000000,0,user_22,42,42,
879,5,3200000,0,user_44,42,42,
840,6,2600000,75000,user_11,42,42,
845,7,2100000,0,user_13,42,42,
867,8,2100000,0,user_33,42,42,
841,9,2000000,0,user_12,42,42,
875,10,2000000,0,user_38,42,42,
869,11,1800000,0,user_35,42,42,
833,12,1600000,0,user_7,42,42,
852,13,1600000,0,user_16,42,42,
865,14,1600000,0,user_32,42,42,
849,15,1500000,13800,user_15,42,42,
859,16,1500000,100000,user_26,42,42,
883,17,1500000,0,user_47,42,42,
839,18,1400000,0,user_11,42,42,
861,19,1400000,0,user_27,42,42,
864,20,1400000,0,user_30,42,42,
844,21,1300000,0,user_13,42,42,
850,22,1300000,0,user_16,42,42,
846,23,1100000,0,user_13,42,42,
863,24,1100000,0,user_28,42,42,
851,25,1000000,0,user_16,42,42,
866,26,1000000,0,user_33,42,42,
876,27,910000,0,user_39,42,42,
882,28,530000,0,user_45,42,42,
877,29,470000,75000,user_43,42,42,
878,30,460000,0,user_44,42,42,
837,31,420000,0,user_9,42,42,
848,32,370000,12800,user_15,42,42,
873,33,370000,0,user_36,42,42,
884,34,370000,769000,user_47,42,42,
835,35,350000,0,user_8,42,42,
880,36,340000,0,user_44,42,42,
827,37,260000,0,user_1,42,42,
832,38,220000,0,user_6,42,42,
857,39,220000,0,user_23,42,42,
860,40,220000,19700,user_27,42,42,
881,41,220000,0,user_44,42,42,
872,42,190000,0,user_35,42,42,
838,43,160000,0,user_10,42,42,
831,44,130000,0,user_5,42,42,
834,45,120000,0,user_8,42,42,
843,46,120000,0,user_13,42,42,
847,47,120000,594000,user_14,42,42,
855,48,120000,146000,user_21,42,42,
836,49,110000,0,user_9,42,42,
870,50,110000,0,user_35,42,42,
871,51,77000,0,user_35,42,42,
968,,2600000,0,user_0,43,,
969,,110000,0,user_0,43,,
970,,1900000,32900,user_0,43,,
971,,420000,0,user_1,43,,
972,,2600000,0,user_2,43,,
973,,160000,0,user_2,43,,
974,,1000000,0,user_3,43,,
975,,4200000,0,user_3,43,,
976,,80000,0,user_5,43,,
977,,660000,0,user_5,43,,
978,,220000,0,user_6,43,,
979,,240000,0,user_8,43,,
980,,2000000,30200,user_9,43,,
981,,1600000,43600,user_9,43,,
982,,310000,18600,user_10,43,,
983,,310000,0,user_10,43,,
984,,4500000,0,user_14,43,,
985,,73000,0,user_14,43,,
986,,310000,0,user_15,43,,
987,,1100000,0,user_16,43,,
988,,1100000,31700,user_17,43,,
989,,160000,0,user_17,43,,
990,,2300000,0,user_18,43,,
991,,470000,0,user_18,43,,
992,,1500000,0,user_19,43,,
993,,1500000,17000,user_20,43,,
994,,2600000,256000,user_20,43,,
995,,1600000,0,user_21,43,,
996,,80000,0,user_25,43,,
997,,80000,0,user_26,43,,
998,,98000,0,user_27,43,,
999,,5200000,0,user_28,43,,
1000,,1200000,0,user_30,43,,
1001,,600000,0,user_30,43,,
1002,,160000,5180,user_30,43,,
1003,,5200000,0,user_31,43,,
1004,,3500000,0,user_31,43,,
1005,,1500000,0,user_32,43,,
1006,,1000000,36800,user_34,43,,
1007,,2300000,0,user_35,43,,
1008,,470000,0,user_36,43,,
1009,,970000,0,user_36,43,,
1010,,360000,164000,user_38,43,,
1011,,1400000,0,user_39,43,,
1012,,470000,0,user_41,43,,
1013,,630000,0,user_42,43,,
1014,,120000,0,user_43,43,,
1015,,530000,0,user_46,43,,
1016,,6100000,5630,user_47,43,,
1017,0,0,0,builder_0,43,43,1016
1016,1,6100000,5630,user_47,43,43,
999,2,5200000,0,user_28,43,43,
1003,3,5200000,0,user_31,43,43,
984,4,4500000,0,user_14,43,43,
975,5,4200000,0,user_3,43,43,
1004,6,3500000,0,user_31,43,43,
994,7,2600000,256000,user_20,43,43,
1018,8,0,0,builder_0,43,43,994
968,9,2600000,0,user_0,43,43,
972,10,2600000,0,user_2,43,43,
990,11,2300000,0,user_18,43,43,
1007,12,2300000,0,user_35,43,43,
980,13,2000000,30200,user_9,43,43,
1019,14,0,0,builder_0,43,43,980
1020,15,0,0,builder_0,43,43,970
970,16,1900000,32900,user_0,43,43,
981,17,1600000,43600,user_9,43,43,
1021,18,0,0,builder_0,43,43,981
995,19,1600000,0,user_21,43,43,
1022,20,0,0,builder_0,43,43,993
993,21,1500000,17000,user_20,43,43,
992,22,1500000,0,user_19,43,43,
1005,23,1500000,0,user_32,43,43,
1000,24,1200000,0,user_30,43,43,
988,25,1100000,31700,user_17,43,43,
1023,26,0,0,builder_0,43,43,988
987,27,1100000,0,user_16,43,43,
974,28,1000000,0,user_3,43,43,
1009,29,970000,0,user_36,43,43,
1013,30,630000,0,user_42,43,43,
1001,31,600000,0,user_30,43,43,
1015,32,530000,0,user_46,43,43,
1024,33,0,0,builder_0,43,43,1010
1010,34,360000,164000,user_38,43,43,
991,35,470000,0,user_18,43,43,
1008,36,470000,0,user_36,43,43,
1012,37,470000,0,user_41,43,43,
971,38,420000,0,user_1,43,43,
982,39,310000,18600,user_10,43,43,
1025,40,0,0,builder_0,43,43,982
983,41,310000,0,user_10,43,43,
979,42,240000,0,user_8,43,43,
978,43,220000,0,user_6,43,43,
1002,44,160000,5180,user_30,43,43,
1026,45,0,0,builder_0,43,43,1002
973,46,160000,0,user_2,43,43,
989,47,160000,0,user_17,43,43,
1014,48,120000,0,user_43,43,43,
969,49,110000,0,user_0,43,43,
998,50,98000,0,user_27,43,43,
996,51,80000,0,user_25,43,43,
997,52,80000,0,user_26,43,43,
985,53,73000,0,user_14,43,43,
1091,,340000,0,user_1,44,,
1092,,420000,46500,user_1,44,,
1093,,870000,0,user_2,44,,
1094,,460000,0,user_4,44,,
1095,,970000,0,user_5,44,,
1096,,2000000,0,user_6,44,,
1097,,6100000,4320000,user_7,44,,
1098,,160000,0,user_8,44,,
1099,,220000,0,user_10,44,,
1100,,1600000,0,user_12,44,,
1101,,150000,0,user_12,44,,
1102,,1900000,24700,user_13,44,,
1103,,5000000,0,user_13,44,,
1104,,87000,0,user_16,44,,
1105,,6300000,0,user_17,44,,
1106,,150000,0,user_17,44,,
1107,,260000,779000,user_18,44,,
1108,,77000,121000,user_19,44,,
1109,,120000,60700,user_20,44,,
1110,,1700000,0,user_20,44,,
1111,,1000000,0,user_23,44,,
1112,,170000,0,user_24,44,,
1113,,3200000,0,user_25,44,,
1114,,120000,0,user_25,44,,
1115,,2000000,0,user_26,44,,
1116,,320000,0,user_27,44,,
1117,,870000,0,user_28,44,,
1118,,1900000,769000,user_30,44,,
1119,,1100000,283000,user_31,44,,
1120,,100000,161000,user_32,44,,
1121,,970000,0,user_33,44,,
1122,,1600000,0,user_34,44,,
1123,,1300000,34700,user_37,44,,
1124,,630000,0,user_38,44,,
1125,,82000,0,user_39,44,,
1126,,73000,0,user_39,44,,
1127,,150000,0,user_42,44,,
1128,,1200000,0,user_43,44,,
1129,,2300000,0,user_44,44,,
1130,,1700000,0,user_44,44,,
1131,,260000,0,user_45,44,,
1132,,370000,0,user_45,44,,
1133,,870000,510000,user_45,44,,
1134,,370000,0,user_45,44,,
1135,,150000,0,user_45,44,,
1136,,1000000,12300,user_46,44,,
1137,,82000,155000,user_49,44,,
1105,0,6300000,0,user_17,44,44,
1097,1,6100000,4320000,user_7,44,44,
1103,2,5000000,0,user_13,44,44,
1113,3,3200000,0,user_25,44,44,
1129,4,2300000,0,user_44,44,44,
1096,5,2000000,0,user_6,44,44,
1115,6,2000000,0,user_26,44,44,
1102,7,1900000,24700,user_13,44,44,
1118,8,1900000,769000,user_30,44,44,
1110,9,1700000,0,user_20,44,44,
1130,10,1700000,0,user_44,44,44,
1100,11,1600000,0,user_12,44,44,
1122,12,1600000,0,user_34,44,44,
1123,13,1300000,34700,user_37,44,44,
1128,14,1200000,0,user_43,44,44,
1119,15,1100000,283000,user_31,44,44,
1111,16,1000000,0,user_23,44,44,
1136,17,1000000,12300,user_46,44,44,
1095,18,970000,0,user_5,44,44,
1121,19,970000,0,user_33,44,44,
1093,20,870000,0,user_2,44,44,
1133,21,870000,510000,user_45,44,44,
1094,22,460000,0,user_4,44,44,
1092,23,420000,46500,user_1,44,44,
1132,24,370000,0,user_45,44,44,
1134,25,370000,0,user_45,44,44,
1091,26,340000,0,user_1,44,44,
1116,27,320000,0,user_27,44,44,
1107,28,260000,779000,user_18,44,44,
1131,29,260000,0,user_45,44,44,
1099,30,220000,0,user_10,44,44,
1098,31,160000,0,user_8,44,44,
1101,32,150000,0,user_12,44,44,
1106,33,150000,0,user_17,44,44,
1127,34,150000,0,user_42,44,44,
1135,35,150000,0,user_45,44,44,
1109,36,120000,60700,user_20,44,44,
1114,37,120000,0,user_25,44,44,
1104,38,87000,0,user_16,44,44,
1125,39,82000,0,user_39,44,44,
1137,40,82000,155000,user_49,44,44,
1126,41,73000,0,user_39,44,44,
1232,,70000,0,user_1,45,,
1233,,110000,164000,user_2,45,,
1234,,73000,0,user_3,45,,
1235,,77000,0,user_4,45,,
1236,,240000,0,user_5,45,,
1237,,320000,0,user_6,45,,
1238,,240000,128000,user_7,45,,
1239,,1500000,0,user_7,45,,
1240,,660000,0,user_8,45,,
1241,,79000,231000,user_12,45,,
1242,,110000,0,user_13,45,,
1243,,2000000,0,user_13,45,,
1244,,150000,0,user_14,45,,
1245,,350000,84800,user_14,45,,
1246,,1900000,5630,user_15,45,,
1247,,220000,0,user_16,45,,
1248,,370000,0,user_19,45,,
1249,,80000,30200,user_20,45,,
1250,,650000,0,user_22,45,,
1251,,300000,0,user_23,45,,
1252,,650000,19700,user_24,45,,
1253,,150000,0,user_25,45,,
1254,,2000000,0,user_25,45,,
1255,,220000,24700,user_26,45,,
1256,,150000,0,user_27,45,,
1257,,73000,0,user_27,45,,
1258,,70000,5180,user_28,45,,
1259,,110000,0,user_29,45,,
1260,,1000000,0,user_30,45,,
1261,,6100000,0,user_34,45,,
1262,,170000,0,user_34,45,,
1263,,1100000,0,user_35,45,,
1264,,4500000,0,user_35,45,,
1265,,670000,0,user_37,45,,
1266,,80000,0,user_38,45,,
1267,,470000,12800,user_39,45,,
1268,,1300000,0,user_39,45,,
1269,,130000,0,user_39,45,,
1270,,1400000,0,user_40,45,,
1271,,70000,0,user_40,45,,
1272,,420000,0,user_42,45,,
1273,,110000,0,user_43,45,,
1274,,360000,0,user_44,45,,
1275,,530000,35100,user_44,45,,
1276,,460000,31700,user_45,45,,
1277,,100000,0,user_45,45,,
1278,,2000000,0,user_46,45,,
1279,,110000,0,user_47,45,,
1280,,6100000,0,user_48,45,,
1281,,3200000,0,user_49,45,,
1261,0,6100000,0,user_34,45,45,
1280,1,6100000,0,user_48,45,45,
1264,2,4500000,0,user_35,45,45,
1281,3,3200000,0,user_49,45,45,
1243,4,2000000,0,user_13,45,45,
1254,5,2000000,0,user_25,45,45,
1278,6,2000000,0,user_46,45,45,
1246,7,1900000,5630,user_15,45,45,
1239,8,1500000,0,user_7,45,45,
1270,9,1400000,0,user_40,45,45,
1263,10,1100000,0,user_35,45,45,
1260,11,1000000,0,user_30,45,45,
1240,12,660000,0,user_8,45,45,
1250,13,650000,0,user_22,45,45,
1252,14,650000,19700,user_24,45,45,
1275,15,530000,35100,user_44,45,45,
1276,16,460000,31700,user_45,45,45,
1272,17,420000,0,user_42,45,45,
1248,18,370000,0,user_19,45,45,
1274,19,360000,0,user_44,45,45,
1245,20,350000,84800,user_14,45,45,
1237,21,320000,0,user_6,45,45,
1251,22,300000,0,user_23,45,45,
1236,23,240000,0,user_5,45,45,
1238,24,240000,128000,user_7,45,45,
1247,25,220000,0,user_16,45,45,
1262,26,170000,0,user_34,45,45,
1244,27,150000,0,user_14,45,45,
1253,28,150000,0,user_25,45,45,
1256,29,150000,0,user_27,45,45,
1233,30,110000,164000,user_2,45,45,
1242,31,110000,0,user_13,45,45,
1259,32,110000,0,user_29,45,45,
1273,33,110000,0,user_43,45,45,
1279,34,110000,0,user_47,45,45,
1277,35,100000,0,user_45,45,45,
1249,36,80000,30200,user_20,45,45,
1266,37,80000,0,user_38,45,45,
1234,38,73000,0,user_3,45,45,
1257,39,73000,0,user_27,45,45,
1271,40,70000,0,user_40,45,45,
1364,,320000,0,user_0,46,,
1365,,460000,0,user_1,46,,
1366,,360000,0,user_2,46,,
1367,,970000,0,user_3,46,,
1368,,870000,0,user_4,46,,
1369,,77000,0,user_5,46,,
1370,,1500000,0,user_5,46,,
1371,,340000,0,user_6,46,,
1372,,1000000,0,user_8,46,,
1373,,110000,0,user_10,46,,
1374,,5200000,108000,user_12,46,,
1375,,600000,139000,user_13,46,,
1376,,80000,0,user_14,46,,
1377,,910000,0,user_15,46,,
1378,,80000,0,user_17,46,,
1379,,83000,0,user_19,46,,
1380,,190000,0,user_19,46,,
1381,,160000,0,user_20,46,,
1382,,300000,0,user_22,46,,
1383,,4500000,0,user_22,46,,
1384,,73000,0,user_23,46,,
1385,,1900000,0,user_25,46,,
1386,,170000,13900,user_25,46,,
1387,,630000,100000,user_25,46,,
1388,,260000,0,user_25,46,,
1389,,19000000,0,user_27,46,,
1390,,1400000,35600,user_27,46,,
1391,,1900000,0,user_27,46,,
1392,,600000,0,user_27,46,,
1393,,84000,0,user_27,46,,
1394,,1900000,0,user_30,46,,
1395,,350000,0,user_32,46,,
1396,,150000,0,user_33,46,,
1397,,1500000,0,user_33,46,,
1398,,120000,0,user_34,46,,
1399,,1400000,0,user_34,46,,
1400,,310000,231000,user_35,46,,
1401,,150000,0,user_36,46,,
1402,,420000,0,user_36,46,,
1403,,420000,0,user_36,46,,
1404,,1500000,0,user_36,46,,
1405,,5000000,0,user_37,46,,
1406,,1600000,161000,user_38,46,,
1407,,150000,10700,user_40,46,,
1408,,460000,0,user_40,46,,
1409,,110000,0,user_46,46,,
1410,,1500000,0,user_47,46,,
1389,0,19000000,0,user_27,46,46,
1374,1,5200000,108000,user_12,46,46,
1405,2,5000000,0,user_37,46,46,
1383,3,4500000,0,user_22,46,46,
1385,4,1900000,0,user_25,46,46,
1391,5,1900000,0,user_27,46,46,
1394,6,1900000,0,user_30,46,46,
1406,7,1600000,161000,user_38,46,46,
1370,8,1500000,0,user_5,46,46,
1397,9,1500000,0,user_33,46,46,
1404,10,1500000,0,user_36,46,46,
1410,11,1500000,0,user_47,46,46,
1390,12,1400000,35600,user_27,46,46,
1399,13,1400000,0,user_34,46,46,
1372,14,1000000,0,user_8,46,46,
1367,15,970000,0,user_3,46,46,
1377,16,910000,0,user_15,46,46,
1368,17,870000,0,user_4,46,46,
1387,18,630000,100000,user_25,46,46,
1375,19,600000,139000,user_13,46,46,
1392,20,600000,0,user_27,46,46,
1365,21,460000,0,user_1,46,46,
1408,22,460000,0,user_40,46,46,
1402,23,420000,0,user_36,46,46,
1403,24,420000,0,user_36,46,46,
1366,25,360000,0,user_2,46,46,
1371,26,340000,0,user_6,46,46,
1364,27,320000,0,user_0,46,46,
1382,28,300000,0,user_22,46,46,
1388,29,260000,0,user_25,46,46,
1380,30,190000,0,user_19,46,46,
1386,31,170000,13900,user_25,46,46,
1381,32,160000,0,user_20,46,46,
1396,33,150000,0,user_33,46,46,
1401,34,150000,0,user_36,46,46,
1407,35,150000,10700,user_40,46,46,
1398,36,120000,0,user_34,46,46,
1393,37,84000,0,user_27,46,46,
1379,38,83000,0,user_19,46,46,
1376,39,80000,0,user_14,46,46,
1378,40,80000,0,user_17,46,46,
1369,41,77000,0,user_5,46,46,
1384,42,73000,0,user_23,46,46,
1467,,220000,0,user_0,47,,
1468,,190000,0,user_2,47,,
1469,,30000000,0,user_3,47,,
1470,,530000,0,user_6,47,,
1471,,320000,0,user_8,47,,
1472,,84000,15700,user_10,47,,
1473,,1300000,0,user_11,47,,
1474,,77000,0,user_12,47,,
1475,,150000,73100,user_13,47,,
1476,,2000000,369000,user_15,47,,
1477,,160000,0,user_16,47,,
1478,,2100000,0,user_16,47,,
1479,,910000,0,user_16,47,,
1480,,70000,0,user_16,47,,
1481,,19000000,0,user_16,47,,
1482,,110000,0,user_17,47,,
1483,,1400000,350000,user_18,47,,
1484,,470000,0,user_18,47,,
1485,,30000000,35600,user_19,47,,
1486,,160000,0,user_21,47,,
1487,,5000000,0,user_22,47,,
1488,,5000000,0,user_24,47,,
1489,,170000,0,user_25,47,,
1490,,1500000,0,user_27,47,,
1491,,98000,0,user_28,47,,
1492,,79000,31700,user_29,47,,
1493,,310000,13900,user_29,47,,
1494,,1400000,0,user_30,47,,
1495,,460000,0,user_31,47,,
1496,,98000,0,user_32,47,,
1497,,1400000,15700,user_33,47,,
1498,,85000,0,user_33,47,,
1499,,360000,0,user_33,47,,
1500,,470000,0,user_33,47,,
1501,,120000,0,user_34,47,,
1502,,320000,0,user_35,47,,
1503,,160000,0,user_36,47,,
1504,,98000,0,user_37,47,,
1505,,1900000,0,user_39,47,,
1506,,110000,0,user_39,47,,
1507,,1000000,35600,user_40,47,,
1508,,110000,0,user_41,47,,
1509,,4200000,0,user_42,47,,
1510,,2400000,0,user_42,47,,
1511,,220000,0,user_42,47,,
1512,,310000,164000,user_42,47,,
1513,,98000,0,user_42,47,,
1514,,2500000,0,user_43,47,,
1515,,2000000,0,user_49,47,,
1516,,1300000,35100,user_49,47,,
1469,0,30000000,0,user_3,47,47,
1485,1,30000000,35600,user_19,47,47,
1481,2,19000000,0,user_16,47,47,
1487,3,5000000,0,user_22,47,47,
1488,4,5000000,0,user_24,47,47,
1509,5,4200000,0,user_42,47,47,
1514,6,2500000,0,user_43,47,47,
1510,7,2400000,0,user_42,47,47,
1478,8,2100000,0,user_16,47,47,
1476,9,2000000,369000,user_15,47,47,
1515,10,2000000,0,user_49,47,47,
1505,11,1900000,0,user_39,47,47,
1483,12,1400000,350000,user_18,47,47,
1494,13,1400000,0,user_30,47,47,
1497,14,1400000,15700,user_33,47,47,
1473,15,1300000,0,user_11,47,47,
1516,16,1300000,35100,user_49,47,47,
1507,17,1000000,35600,user_40,47,47,
1479,18,910000,0,user_16,47,47,
1470,19,530000,0,user_6,47,47,
1484,20,470000,0,user_18,47,47,
1500,21,470000,0,user_33,47,47,
1495,22,460000,0,user_31,47,47,
1499,23,360000,0,user_33,47,47,
1471,24,320000,0,user_8,47,47,
1502,25,320000,0,user_35,47,47,
1493,26,310000,13900,user_29,47,47,
1512,27,310000,164000,user_42,47,47,
1467,28,220000,0,user_0,47,47,
1511,29,220000,0,user_42,47,47,
1468,30,190000,0,user_2,47,47,
1489,31,170000,0,user_25,47,47,
1477,32,160000,0,user_16,47,47,
1486,33,160000,0,user_21,47,47,
1475,34,150000,73100,user_13,47,47,
1501,35,120000,0,user_34,47,47,
1482,36,110000,0,user_17,47,47,
1506,37,110000,0,user_39,47,47,
1508,38,110000,0,user_41,47,47,
1491,39,98000,0,user_28,47,47,
1496,40,98000,0,user_32,47,47,
1504,41,98000,0,user_37,47,47,
1513,42,98000,0,user_42,47,47,
1498,43,85000,0,user_33,47,47,
1492,44,79000,31700,user_29,47,47,
1474,45,77000,0,user_12,47,47,
1480,46,70000,0,user_16,47,47,
1598,,5200000,0,user_0,48,,
1599,,220000,49100,user_2,48,,
1600,,150000,0,user_3,48,,
1601,,6300000,0,user_6,48,,
1602,,160000,0,user_6,48,,
1603,,5000000,0,user_7,48,,
1604,,1500000,0,user_8,48,,
1605,,260000,0,user_8,48,,
1606,,1100000,0,user_9,48,,
1607,,470000,12800,user_10,48,,
1608,,160000,0,user_12,48,,
1609,,120000,0,user_13,48,,
1610,,3500000,0,user_14,48,,
1611,,150000,0,user_15,48,,
1612,,530000,0,user_15,48,,
1613,,5200000,12300,user_17,48,,
1614,,160000,47700,user_17,48,,
1615,,1500000,410000,user_18,48,,
1616,,120000,0,user_19,48,,
1617,,460000,0,user_19,48,,
1618,,1400000,0,user_20,48,,
1619,,43000000,0,user_21,48,,
1620,,1100000,231000,user_22,48,,
1621,,310000,0,user_23,48,,
1622,,1200000,231000,user_25,48,,
1623,,85000,0,user_25,48,,
1624,,120000,64600,user_26,48,,
1625,,110000,0,user_27,48,,
1626,,530000,231000,user_29,48,,
1627,,1000000,0,user_29,48,,
1628,,1000000,0,user_30,48,,
1629,,130000,0,user_31,48,,
1630,,1000000,0,user_32,48,,
1631,,170000,0,user_34,48,,
1632,,190000,0,user_34,48,,
1633,,530000,0,user_34,48,,
1634,,2000000,33300,user_34,48,,
1635,,170000,0,user_35,48,,
1636,,1600000,0,user_36,48,,
1637,,1500000,35100,user_37,48,,
1638,,1000000,0,user_37,48,,
1639,,320000,1100000,user_39,48,,
1640,,2300000,31700,user_39,48,,
1641,,1500000,67500,user_39,48,,
1642,,84000,0,user_42,48,,
1643,,150000,350000,user_43,48,,
1644,,420000,0,user_44,48,,
1645,,1900000,0,user_44,48,,
1646,,240000,0,user_45,48,,
1647,,83000,0,user_46,48,,
1648,,2100000,0,user_49,48,,
1619,0,43000000,0,user_21,48,48,
1601,1,6300000,0,user_6,48,48,
1598,2,5200000,0,user_0,48,48,
1613,3,5200000,12300,user_17,48,48,
1603,4,5000000,0,user_7,48,48,
1610,5,3500000,0,user_14,48,48,
1640,6,2300000,31700,user_39,48,48,
1648,7,2100000,0,user_49,48,48,
1634,8,2000000,33300,user_34,48,48,
1645,9,1900000,0,user_44,48,48,
1636,10,1600000,0,user_36,48,48,
1604,11,1500000,0,user_8,48,48,
1615,12,1500000,410000,user_18,48,48,
1637,13,1500000,35100,user_37,48,48,
1641,14,1500000,67500,user_39,48,48,
1618,15,1400000,0,user_20,48,48,
1622,16,1200000,231000,user_25,48,48,
1606,17,1100000,0,user_9,48,48,
1620,18,1100000,231000,user_22,48,48,
1627,19,1000000,0,user_29,48,48,
1628,20,1000000,0,user_30,48,48,
1638,21,1000000,0,user_37,48,48,
1612,22,530000,0,user_15,48,48,
1626,23,530000,231000,user_29,48,48,
1633,24,530000,0,user_34,48,48,
1617,25,460000,0,user_19,48,48,
1644,26,420000,0,user_44,48,48,
1639,27,320000,1100000,user_39,48,48,
1621,28,310000,0,user_23,48,48,
1605,29,260000,0,user_8,48,48,
1599,30,220000,49100,user_2,48,48,
1632,31,190000,0,user_34,48,48,
1631,32,170000,0,user_34,48,48,
1602,33,160000,0,user_6,48,48,
1608,34,160000,0,user_12,48,48,
1614,35,160000,47700,user_17,48,48,
1600,36,150000,0,user_3,48,48,
1611,37,150000,0,user_15,48,48,
1643,38,150000,350000,user_43,48,48,
1629,39,130000,0,user_31,48,48,
1609,40,120000,0,user_13,48,48,
1616,41,120000,0,user_19,48,48,
1624,42,120000,64600,user_26,48,48,
1625,43,110000,0,user_27,48,48,
1623,44,85000,0,user_25,48,48,
1642,45,84000,0,user_42,48,48,
1753,,3600000,0,user_1,49,,
1754,,530000,0,user_2,49,,
1755,,4500000,0,user_3,49,,
1756,,82000,0,user_4,49,,
1757,,43000000,0,user_5,49,,
1758,,1500000,0,user_5,49,,
1759,,320000,0,user_6,49,,
1760,,150000,0,user_8,49,,
1761,,370000,0,user_8,49,,
1762,,87000,0,user_9,49,,
1763,,1400000,0,user_9,49,,
1764,,1700000,0,user_11,49,,
1765,,260000,0,user_13,49,,
1766,,260000,322000,user_14,49,,
1767,,170000,18600,user_14,49,,
1768,,300000,0,user_15,49,,
1769,,2500000,0,user_16,49,,
1770,,100000,0,user_17,49,,
1771,,170000,5640,user_18,49,,
1772,,5000000,0,user_19,49,,
1773,,300000,0,user_20,49,,
1774,,1500000,0,user_21,49,,
1775,,460000,0,user_22,49,,
1776,,6300000,36800,user_23,49,,
1777,,110000,0,user_24,49,,
1778,,5000000,0,user_25,49,,
1779,,1600000,0,user_26,49,,
1780,,320000,0,user_26,49,,
1781,,84000,0,user_26,49,,
1782,,340000,75000,user_26,49,,
1783,,70000,283000,user_27,49,,
1784,,970000,33300,user_27,49,,
1785,,460000,121000,user_28,49,,
1786,,470000,195000,user_29,49,,
1787,,6300000,0,user_30,49,,
1788,,1300000,0,user_33,49,,
1789,,1400000,13900,user_34,49,,
1790,,1500000,369000,user_36,49,,
1791,,150000,0,user_37,49,,
1792,,660000,33100,user_37,49,,
1793,,1600000,381000,user_37,49,,
1794,,2400000,0,user_37,49,,
1795,,2000000,0,user_38,49,,
1796,,150000,0,user_38,49,,
1797,,110000,0,user_39,49,,
1798,,970000,0,user_40,49,,
1799,,1000000,0,user_41,49,,
1800,,6100000,39400,user_42,49,,
1801,,1000000,43600,user_43,49,,
1802,,1100000,0,user_43,49,,
1803,,360000,10700,user_44,49,,
1804,,2000000,0,user_44,49,,
1805,,150000,0,user_45,49,,
1806,,6100000,0,user_46,49,,
1807,,4200000,0,user_46,49,,
1808,,27000000,769000,user_47,49,,
1809,,84000,0,user_48,49,,
1810,,2000000,0,user_49,49,,
1811,,2600000,0,user_49,49,,
1812,,130000,0,user_49,49,,
1813,,130000,0,user_49,49,,
1757,0,43000000,0,user_5,49,49,
1808,1,27000000,769000,user_47,49,49,
1776,2,6300000,36800,user_23,49,49,
1787,3,6300000,0,user_30,49,49,
1800,4,6100000,39400,user_42,49,49,
1806,5,6100000,0,user_46,49,49,
1772,6,5000000,0,user_19,49,49,
1778,7,5000000,0,user_25,49,49,
1755,8,4500000,0,user_3,49,49,
1807,9,4200000,0,user_46,49,49,
1811,10,2600000,0,user_49,49,49,
1769,11,2500000,0,user_16,49,49,
1794,12,2400000,0,user_37,49,49,
1804,13,2000000,0,user_44,49,49,
1810,14,2000000,0,user_49,49,49,
1764,15,1700000,0,user_11,49,49,
1779,16,1600000,0,user_26,49,49,
1793,17,1600000,381000,user_37,49,49,
1758,18,1500000,0,user_5,49,49,
1774,19,1500000,0,user_21,49,49,
1790,20,1500000,369000,user_36,49,49,
1763,21,1400000,0,user_9,49,49,
1789,22,1400000,13900,user_34,49,49,
1788,23,1300000,0,user_33,49,49,
1802,24,1100000,0,user_43,49,49,
1801,25,1000000,43600,user_43,49,49,
1784,26,970000,33300,user_27,49,49,
1798,27,970000,0,user_40,49,49,
1792,28,660000,33100,user_37,49,49,
1786,29,470000,195000,user_29,49,49,
1775,30,460000,0,user_22,49,49,
1785,31,460000,121000,user_28,49,49,
1803,32,360000,10700,user_44,49,49,
1782,33,340000,75000,user_26,49,49,
1780,34,320000,0,user_26,49,49,
1766,35,260000,322000,user_14,49,49,
1767,36,170000,18600,user_14,49,49,
1771,37,170000,5640,user_18,49,49,
1791,38,150000,0,user_37,49,49,
1805,39,150000,0,user_45,49,49,
1812,40,130000,0,user_49,49,49,
1813,41,130000,0,user_49,49,49,
1777,42,110000,0,user_24,49,49,
1797,43,110000,0,user_39,49,49,
1770,44,100000,0,user_17,49,49,
1762,45,87000,0,user_9,49,49,
1781,46,84000,0,user_26,49,49,
1809,47,84000,0,user_48,49,49,
1756,48,82000,0,user_4,49,49,
1783,49,70000,283000,user_27,49,49,
1932,,1900000,0,user_0,50,,
1933,,4500000,0,user_1,50,,
1934,,83000,0,user_2,50,,
1935,,1100000,60700,user_3,50,,
1936,,2600000,0,user_3,50,,
1937,,1800000,0,user_4,50,,
1938,,80000,0,user_6,50,,
1939,,5000000,231000,user_7,50,,
1940,,350000,0,user_8,50,,
1941,,83000,108000,user_8,50,,
1942,,6300000,0,user_10,50,,
1943,,970000,0,user_11,50,,
1944,,43000000,0,user_11,50,,
1945,,160000,0,user_12,50,,
1946,,910000,0,user_12,50,,
1947,,660000,0,user_13,50,,
1948,,360000,0,user_14,50,,
1949,,1500000,0,user_14,50,,
1950,,85000,0,user_14,50,,
1951,,170000,0,user_14,50,,
1952,,260000,0,user_14,50,,
1953,,630000,15100,user_16,50,,
1954,,4200000,0,user_16,50,,
1955,,2000000,0,user_16,50,,
1956,,650000,0,user_16,50,,
1957,,1000000,0,user_16,50,,
1958,,3500000,0,user_18,50,,
1959,,1100000,16400,user_18,50,,
1960,,84000,0,user_19,50,,
1961,,120000,0,user_21,50,,
1962,,1500000,769000,user_23,50,,
1963,,98000,6390,user_23,50,,
1964,,240000,67500,user_25,50,,
1965,,77000,0,user_26,50,,
1966,,130000,146000,user_26,50,,
1967,,260000,0,user_26,50,,
1968,,82000,0,user_28,50,,
1969,,98000,369000,user_29,50,,
1970,,2100000,0,user_29,50,,
1971,,3600000,0,user_30,50,,
1972,,160000,0,user_31,50,,
1973,,120000,0,user_31,50,,
1974,,3500000,0,user_32,50,,
1975,,320000,12800,user_33,50,,
1976,,2000000,0,user_34,50,,
1977,,6100000,256000,user_36,50,,
1978,,19000000,0,user_37,50,,
1979,,2600000,0,user_38,50,,
1980,,30000000,296000,user_39,50,,
1981,,1000000,0,user_39,50,,
1982,,110000,181000,user_43,50,,
1983,,170000,0,user_43,50,,
1984,,910000,60700,user_44,50,,
1985,,98000,161000,user_45,50,,
1986,,120000,73100,user_45,50,,
1987,,170000,0,user_47,50,,
1988,,150000,19700,user_49,50,,
1944,0,43000000,0,user_11,50,50,
1980,1,30000000,296000,user_39,50,50,
1978,2,19000000,0,user_37,50,50,
1942,3,6300000,0,user_10,50,50,
1977,4,6100000,256000,user_36,50,50,
1939,5,5000000,231000,user_7,50,50,
1933,6,4500000,0,user_1,50,50,
1954,7,4200000,0,user_16,50,50,
1971,8,3600000,0,user_30,50,50,
1958,9,3500000,0,user_18,50,50,
1936,10,2600000,0,user_3,50,50,
1970,11,2100000,0,user_29,50,50,
1955,12,2000000,0,user_16,50,50,
1976,13,2000000,0,user_34,50,50,
1932,14,1900000,0,user_0,50,50,
1937,15,1800000,0,user_4,50,50,
1962,16,1500000,769000,user_23,50,50,
1935,17,1100000,60700,user_3,50,50,
1959,18,1100000,16400,user_18,50,50,
1957,19,1000000,0,user_16,50,50,
1981,20,1000000,0,user_39,50,50,
1943,21,970000,0,user_11,50,50,
1946,22,910000,0,user_12,50,50,
1984,23,910000,60700,user_44,50,50,
1947,24,660000,0,user_13,50,50,
1956,25,650000,0,user_16,50,50,
1953,26,630000,15100,user_16,50,50,
1940,27,350000,0,user_8,50,50,
1975,28,320000,12800,user_33,50,50,
1967,29,260000,0,user_26,50,50,
1964,30,240000,67500,user_25,50,50,
1983,31,170000,0,user_43,50,50,
1987,32,170000,0,user_47,50,50,
1945,33,160000,0,user_12,50,50,
1972,34,160000,0,user_31,50,50,
1988,35,150000,19700,user_49,50,50,
1966,36,130000,146000,user_26,50,50,
1961,37,120000,0,user_21,50,50,
1973,38,120000,0,user_31,50,50,
1986,39,120000,73100,user_45,50,50,
1982,40,110000,181000,user_43,50,50,
1963,41,98000,6390,user_23,50,50,
1969,42,98000,369000,user_29,50,50,
1985,43,98000,161000,user_45,50,50,
1934,44,83000,0,user_2,50,50,
1941,45,83000,108000,user_8,50,50,
1938,46,80000,0,user_6,50,50,
1965,47,77000,0,user_26,50,50,
2114,,220000,0,user_0,51,,
2115,,650000,0,user_0,51,,
2116,,83000,0,user_1,51,,
2117,,160000,0,user_1,51,,
2118,,110000,0,user_1,51,,
2119,,150000,43600,user_1,51,,
2120,,150000,0,user_1,51,,
2121,,150000,0,user_2,51,,
2122,,420000,0,user_3,51,,
2123,,2600000,0,user_5,51,,
2124,,670000,0,user_7,51,,
2125,,1200000,0,user_8,51,,
2126,,120000,0,user_12,51,,
2127,,1300000,0,user_15,51,,
2128,,2000000,0,user_16,51,,
2129,,120000,0,user_19,51,,
2130,,3600000,0,user_19,51,,
2131,,4200000,0,user_20,51,,
2132,,650000,0,user_20,51,,
2133,,910000,0,user_21,51,,
2134,,120000,24700,user_22,51,,
2135,,3200000,0,user_23,51,,
2136,,77000,0,user_24,51,,
2137,,110000,0,user_26,51,,
2138,,120000,0,user_29,51,,
2139,,1500000,0,user_29,51,,
2140,,27000000,0,user_30,51,,
2141,,87000,0,user_31,51,,
2142,,1000000,0,user_32,51,,
2143,,120000,0,user_33,51,,
2144,,1100000,296000,user_34,51,,
2145,,2400000,0,user_34,51,,
2146,,6100000,0,user_35,51,,
2147,,1600000,0,user_36,51,,
2148,,110000,0,user_38,51,,
2149,,85000,0,user_39,51,,
2150,,30000000,0,user_40,51,,
2151,,260000,0,user_41,51,,
2152,,160000,33300,user_44,51,,
2153,,130000,10700,user_46,51,,
2154,,120000,0,user_46,51,,
2155,,470000,0,user_47,51,,
2156,,1900000,32900,user_48,51,,
2157,,310000,0,user_49,51,,
2150,0,30000000,0,user_40,51,51,
2140,1,27000000,0,user_30,51,51,
2146,2,6100000,0,user_35,51,51,
2131,3,4200000,0,user_20,51,51,
2130,4,3600000,0,user_19,51,51,
2135,5,3200000,0,user_23,51,51,
2123,6,2600000,0,user_5,51,51,
2145,7,2400000,0,user_34,51,51,
2128,8,2000000,0,user_16,51,51,
2156,9,1900000,32900,user_48,51,51,
2147,10,1600000,0,user_36,51,51,
2139,11,1500000,0,user_29,51,51,
2127,12,1300000,0,user_15,51,51,
2125,13,1200000,0,user_8,51,51,
2144,14,1100000,296000,user_34,51,51,
2142,15,1000000,0,user_32,51,51,
2133,16,910000,0,user_21,51,51,
2124,17,670000,0,user_7,51,51,
2115,18,650000,0,user_0,51,51,
2132,19,650000,0,user_20,51,51,
2155,20,470000,0,user_47,51,51,
2122,21,420000,0,user_3,51,51,
2157,22,310000,0,user_49,51,51,
2151,23,260000,0,user_41,51,51,
2114,24,220000,0,user_0,51,51,
2152,25,160000,33300,user_44,51,51,
2121,26,150000,0,user_2,51,51,
2153,27,130000,10700,user_46,51,51,
2129,28,120000,0,user_19,51,51,
2134,29,120000,24700,user_22,51,51,
2138,30,120000,0,user_29,51,51,
2143,31,120000,0,user_33,51,51,
2154,32,120000,0,user_46,51,51,
2148,33,110000,0,user_38,51,51,
2141,34,87000,0,user_31,51,51,
2136,35,77000,0,user_24,51,51,
2198,,170000,0,user_0,52,,
2199,,30000000,0,user_1,52,,
2200,,73000,3130,user_2,52,,
2201,,420000,0,user_2,52,,
2202,,220000,0,user_3,52,,
2203,,110000,30200,user_4,52,,
2204,,220000,0,user_4,52,,
2205,,1900000,0,user_5,52,,
2206,,110000,0,user_6,52,,
2207,,240000,0,user_6,52,,
2208,,27000000,0,user_6,52,,
2209,,470000,0,user_6,52,,
2210,,170000,0,user_7,52,,
2211,,420000,0,user_9,52,,
2212,,220000,0,user_9,52,,
2213,,1100000,0,user_9,52,,
2214,,1600000,0,user_10,52,,
2215,,1100000,0,user_11,52,,
2216,,1600000,256000,user_12,52,,
2217,,350000,0,user_15,52,,
2218,,1600000,0,user_15,52,,
2219,,160000,13900,user_16,52,,
2220,,19000000,0,user_16,52,,
2221,,77000,15300,user_17,52,,
2222,,98000,0,user_18,52,,
2223,,3200000,0,user_19,52,,
2224,,70000,0,user_20,52,,
2225,,170000,0,user_21,52,,
2226,,3500000,0,user_21,52,,
2227,,170000,0,user_24,52,,
2228,,5200000,0,user_25,52,,
2229,,4500000,0,user_26,52,,
2230,,43000000,0,user_27,52,,
2231,,260000,0,user_29,52,,
2232,,2500000,0,user_30,52,,
2233,,2000000,0,user_31,52,,
2234,,970000,0,user_32,52,,
2235,,2300000,0,user_33,52,,
2236,,1000000,35100,user_34,52,,
2237,,1200000,0,user_35,52,,
2238,,310000,0,user_39,52,,
2239,,1400000,0,user_40,52,,
2240,,600000,0,user_41,52,,
2241,,870000,0,user_42,52,,
2242,,650000,0,user_42,52,,
2243,,1000000,0,user_43,52,,
2244,,160000,0,user_45,52,,
2245,,1000000,10700,user_46,52,,
2246,,4200000,0,user_47,52,,
2247,,300000,13900,user_47,52,,
2248,,120000,0,user_48,52,,
2249,,1900000,0,user_49,52,,
2250,,340000,73100,user_49,52,,
2230,0,43000000,0,user_27,52,52,
2199,1,30000000,0,user_1,52,52,
2208,2,27000000,0,user_6,52,52,
2220,3,19000000,0,user_16,52,52,
2228,4,5200000,0,user_25,52,52,
2229,5,4500000,0,user_26,52,52,
2246,6,4200000,0,user_47,52,52,
2226,7,3500000,0,user_21,52,52,
2232,8,2500000,0,user_30,52,52,
2235,9,2300000,0,user_33,52,52,
2233,10,2000000,0,user_31,52,52,
2205,11,1900000,0,user_5,52,52,
2249,12,1900000,0,user_49,52,52,
2214,13,1600000,0,user_10,52,52,
2216,14,1600000,256000,user_12,52,52,
2218,15,1600000,0,user_15,52,52,
2239,16,1400000,0,user_40,52,52,
2237,17,1200000,0,user_35,52,52,
2215,18,1100000,0,user_11,52,52,
2236,19,1000000,35100,user_34,52,52,
2243,20,1000000,0,user_43,52,52,
2245,21,1000000,10700,user_46,52,52,
2241,22,870000,0,user_42,52,52,
2242,23,650000,0,user_42,52,52,
2240,24,600000,0,user_41,52,52,
2209,25,470000,0,user_6,52,52,
2201,26,420000,0,user_2,52,52,
2217,27,350000,0,user_15,52,52,
2250,28,340000,73100,user_49,52,52,
2238,29,310000,0,user_39,52,52,
2247,30,300000,13900,user_47,52,52,
2231,31,260000,0,user_29,52,52,
2207,32,240000,0,user_6,52,52,
2202,33,220000,0,user_3,52,52,
2204,34,220000,0,user_4,52,52,
2198,35,170000,0,user_0,52,52,
2210,36,170000,0,user_7,52,52,
2225,37,170000,0,user_21,52,52,
2219,38,160000,13900,user_16,52,52,
2244,39,160000,0,user_45,52,52,
2203,40,110000,30200,user_4,52,52,
2206,41,110000,0,user_6,52,52,
2222,42,98000,0,user_18,52,52,
2221,43,77000,15300,user_17,52,52,
2200,44,73000,3130,user_2,52,52,
2224,45,70000,0,user_20,52,52,
2311,,320000,0,user_0,53,,
2312,,190000,0,user_3,53,,
2313,,170000,0,user_3,53,,
2314,,460000,12800,user_3,53,,
2315,,30000000,33100,user_3,53,,
2316,,120000,0,user_3,53,,
2317,,130000,0,user_4,53,,
2318,,1500000,17700000,user_4,53,,
2319,,120000,15100,user_5,53,,
2320,,170000,0,user_7,53,,
2321,,27000000,0,user_7,53,,
2322,,1500000,0,user_8,53,,
2323,,420000,0,user_9,53,,
2324,,870000,0,user_11,53,,
2325,,670000,0,user_12,53,,
2326,,82000,12300,user_12,53,,
2327,,3200000,0,user_13,53,,
2328,,4500000,0,user_14,53,,
2329,,1500000,6390,user_16,53,,
2330,,310000,0,user_16,53,,
2331,,5000000,0,user_17,53,,
2332,,350000,0,user_17,53,,
2333,,1000000,369000,user_18,53,,
2334,,85000,0,user_19,53,,
2335,,2300000,0,user_20,53,,
2336,,190000,0,user_20,53,,
2337,,1500000,12300,user_24,53,,
2338,,220000,0,user_24,53,,
2339,,120000,0,user_25,53,,
2340,,120000,0,user_25,53,,
2341,,120000,0,user_26,53,,
2342,,1600000,0,user_27,53,,
2343,,2000000,0,user_28,53,,
2344,,150000,35600,user_30,53,,
2345,,1000000,283000,user_31,53,,
2346,,970000,0,user_32,53,,
2347,,970000,0,user_34,53,,
2348,,73000,164000,user_36,53,,
2349,,73000,0,user_37,53,,
2350,,160000,73100,user_38,53,,
2351,,420000,21800,user_42,53,,
2352,,1600000,0,user_43,53,,
2353,,98000,43600,user_43,53,,
2354,,150000,0,user_44,53,,
2355,,220000,0,user_46,53,,
2356,,1800000,84800,user_47,53,,
2357,,600000,0,user_48,53,,
2358,,1900000,0,user_48,53,,
2315,0,30000000,33100,user_3,53,53,
2321,1,27000000,0,user_7,53,53,
2331,2,5000000,0,user_17,53,53,
2328,3,4500000,0,user_14,53,53,
2327,4,3200000,0,user_13,53,53,
2335,5,2300000,0,user_20,53,53,
2343,6,2000000,0,user_28,53,53,
2358,7,1900000,0,user_48,53,53,
2356,8,1800000,84800,user_47,53,53,
2342,9,1600000,0,user_27,53,53,
2352,10,1600000,0,user_43,53,53,
2318,11,1500000,17700000,user_4,53,53,
2322,12,1500000,0,user_8,53,53,
2337,13,1500000,12300,user_24,53,53,
2333,14,1000000,369000,user_18,53,53,
2345,15,1000000,283000,user_31,53,53,
2347,16,970000,0,user_34,53,53,
2325,17,670000,0,user_12,53,53,
2357,18,600000,0,user_48,53,53,
2314,19,460000,12800,user_3,53,53,
2323,20,420000,0,user_9,53,53,
2351,21,420000,21800,user_42,53,53,
2332,22,350000,0,user_17,53,53,
2311,23,320000,0,user_0,53,53,
2338,24,220000,0,user_24,53,53,
2312,25,190000,0,user_3,53,53,
2336,26,190000,0,user_20,53,53,
2313,27,170000,0,user_3,53,53,
2320,28,170000,0,user_7,53,53,
2350,29,160000,73100,user_38,53,53,
2344,30,150000,35600,user_30,53,53,
2354,31,150000,0,user_44,53,53,
2317,32,130000,0,user_4,53,53,
2316,33,120000,0,user_3,53,53,
2319,34,120000,15100,user_5,53,53,
2339,35,120000,0,user_25,53,53,
2340,36,120000,0,user_25,53,53,
2341,37,120000,0,user_26,53,53,
2353,38,98000,43600,user_43,53,53,
2334,39,85000,0,user_19,53,53,
2326,40,82000,12300,user_12,53,53,
2348,41,73000,164000,user_36,53,53,
2349,42,73000,0,user_37,53,53,
2463,,1000000,0,user_1,54,,
2464,,910000,73100,user_2,54,,
2465,,110000,769000,user_3,54,,
2466,,2000000,0,user_6,54,,
2467,,1400000,56200,user_9,54,,
2468,,170000,0,user_11,54,,
2469,,320000,49100,user_12,54,,
2470,,73000,0,user_13,54,,
2471,,2300000,0,user_14,54,,
2472,,190000,0,user_15,54,,
2473,,1900000,0,user_16,54,,
2474,,1400000,1100000,user_17,54,,
2475,,150000,0,user_17,54,,
2476,,120000,0,user_17,54,,
2477,,460000,0,user_17,54,,
2478,,2000000,0,user_17,54,,
2479,,600000,0,user_18,54,,
2480,,2100000,0,user_20,54,,
2481,,110000,0,user_23,54,,
2482,,2000000,0,user_25,54,,
2483,,5000000,0,user_25,54,,
2484,,1800000,13900,user_26,54,,
2485,,310000,0,user_27,54,,
2486,,87000,47700,user_28,54,,
2487,,240000,0,user_28,54,,
2488,,2000000,0,user_29,54,,
2489,,240000,0,user_31,54,,
2490,,130000,33100,user_31,54,,
2491,,240000,5640,user_33,54,,
2492,,110000,0,user_34,54,,
2493,,530000,0,user_36,54,,
2494,,73000,11200,user_36,54,,
2495,,150000,0,user_36,54,,
2496,,1500000,0,user_36,54,,
2497,,170000,0,user_37,54,,
2498,,85000,7840,user_38,54,,
2499,,670000,0,user_41,54,,
2500,,73000,12300,user_42,54,,
2501,,1800000,0,user_42,54,,
2502,,1000000,0,user_43,54,,
2503,,1400000,0,user_44,54,,
2504,,43000000,0,user_45,54,,
2505,,220000,0,user_46,54,,
2506,,220000,0,user_46,54,,
2507,,160000,0,user_47,54,,
2508,,1000000,0,user_49,54,,
2504,0,43000000,0,user_45,54,54,
2520,1,0,0,builder_1,54,54,2474
2474,2,1400000,1100000,user_17,54,54,
2478,3,2000000,0,user_17,54,54,
2473,4,1900000,0,user_16,54,54,
2501,5,1800000,0,user_42,54,54,
2496,6,1500000,0,user_36,54,54,
2503,7,1400000,0,user_44,54,54,
2463,8,1000000,0,user_1,54,54,
2502,9,1000000,0,user_43,54,54,
2508,10,1000000,0,user_49,54,54,
2521,11,0,0,builder_1,54,54,2464
2464,12,910000,73100,user_2,54,54,
2479,13,600000,0,user_18,54,54,
2493,14,530000,0,user_36,54,54,
2477,15,460000,0,user_17,54,54,
2469,16,320000,49100,user_12,54,54,
2522,17,0,0,builder_1,54,54,2469
2485,18,310000,0,user_27,54,54,
2523,19,0,0,builder_1,54,54,2491
2491,20,240000,5640,user_33,54,54,
2487,21,240000,0,user_28,54,54,
2489,22,240000,0,user_31,54,54,
2505,23,220000,0,user_46,54,54,
2506,24,220000,0,user_46,54,54,
2472,25,190000,0,user_15,54,54,
2468,26,170000,0,user_11,54,54,
2497,27,170000,0,user_37,54,54,
2490,28,130000,33100,user_31,54,54,
2524,29,0,0,builder_1,54,54,2490
2475,30,150000,0,user_17,54,54,
2495,31,150000,0,user_36,54,54,
2525,32,0,0,builder_1,54,54,2486
2486,33,87000,47700,user_28,54,54,
2476,34,120000,0,user_17,54,54,
2492,35,110000,0,user_34,54,54,
2526,36,0,0,builder_1,54,54,2498
2498,37,85000,7840,user_38,54,54,
2527,38,0,0,builder_1,54,54,2500
2500,39,73000,12300,user_42,54,54,
2494,40,73000,11200,user_36,54,54,
2528,41,0,0,builder_1,54,54,2494
2595,,120000,0,user_0,55,,
2596,,310000,0,user_2,55,,
2597,,2500000,0,user_3,55,,
2598,,150000,0,user_4,55,,
2599,,120000,64600,user_8,55,,
2600,,3200000,0,user_9,55,,
2601,,650000,1100000,user_10,55,,
2602,,27000000,0,user_11,55,,
2603,,530000,0,user_12,55,,
2604,,240000,0,user_17,55,,
2605,,100000,60700,user_17,55,,
2606,,870000,0,user_21,55,,
2607,,3600000,35100,user_22,55,,
2608,,3600000,0,user_25,55,,
2609,,120000,0,user_26,55,,
2610,,3600000,0,user_27,55,,
2611,,2300000,0,user_28,55,,
2612,,110000,0,user_28,55,,
2613,,350000,0,user_28,55,,
2614,,220000,0,user_28,55,,
2615,,1000000,0,user_29,55,,
2616,,87000,17700000,user_29,55,,
2617,,1000000,0,user_30,55,,
2618,,420000,0,user_31,55,,
2619,,460000,0,user_32,55,,
2620,,100000,0,user_32,55,,
2621,,310000,0,user_32,55,,
2622,,2400000,0,user_32,55,,
2623,,370000,0,user_33,55,,
2624,,6300000,0,user_34,55,,
2625,,870000,0,user_34,55,,
2626,,1200000,0,user_34,55,,
2627,,2300000,0,user_34,55,,
2628,,3200000,0,user_34,55,,
2629,,130000,0,user_35,55,,
2630,,650000,13900,user_36,55,,
2631,,160000,0,user_37,55,,
2632,,170000,18600,user_38,55,,
2633,,3500000,0,user_39,55,,
2634,,98000,0,user_40,55,,
2635,,970000,0,user_40,55,,
2636,,2000000,0,user_42,55,,
2637,,1500000,0,user_45,55,,
2638,,77000,0,user_45,55,,
2639,,110000,0,user_46,55,,
2640,,70000,0,user_47,55,,
2641,,110000,369000,user_48,55,,
2602,0,27000000,0,user_11,55,55,
2624,1,6300000,0,user_34,55,55,
2607,2,3600000,35100,user_22,55,55,
2608,3,3600000,0,user_25,55,55,
2610,4,3600000,0,user_27,55,55,
2633,5,3500000,0,user_39,55,55,
2600,6,3200000,0,user_9,55,55,
2628,7,3200000,0,user_34,55,55,
2597,8,2500000,0,user_3,55,55,
2622,9,2400000,0,user_32,55,55,
2611,10,2300000,0,user_28,55,55,
2627,11,2300000,0,user_34,55,55,
2636,12,2000000,0,user_42,55,55,
2637,13,1500000,0,user_45,55,55,
2626,14,1200000,0,user_34,55,55,
2615,15,1000000,0,user_29,55,55,
2617,16,1000000,0,user_30,55,55,
2635,17,970000,0,user_40,55,55,
2606,18,870000,0,user_21,55,55,
2625,19,870000,0,user_34,55,55,
2630,20,650000,13900,user_36,55,55,
2603,21,530000,0,user_12,55,55,
2619,22,460000,0,user_32,55,55,
2623,23,370000,0,user_33,55,55,
2613,24,350000,0,user_28,55,55,
2621,25,310000,0,user_32,55,55,
2604,26,240000,0,user_17,55,55,
2614,27,220000,0,user_28,55,55,
2631,28,160000,0,user_37,55,55,
2598,29,150000,0,user_4,55,55,
2629,30,130000,0,user_35,55,55,
2595,31,120000,0,user_0,55,55,
2609,32,120000,0,user_26,55,55,
2612,33,110000,0,user_28,55,55,
2639,34,110000,0,user_46,55,55,
2641,35,110000,369000,user_48,55,55,
2605,36,100000,60700,user_17,55,55,
2620,37,100000,0,user_32,55,55,
2634,38,98000,0,user_40,55,55,
2616,39,87000,17700000,user_29,55,55,
2638,40,77000,0,user_45,55,55,
2640,41,70000,0,user_47,55,55,
2702,,27000000,146000,user_0,56,,
2703,,30000000,0,user_0,56,,
2704,,310000,0,user_1,56,,
2705,,120000,283000,user_2,56,,
2706,,1500000,56200,user_2,56,,
2707,,1000000,15300,user_2,56,,
2708,,2100000,0,user_2,56,,
2709,,350000,0,user_2,56,,
2710,,1100000,0,user_3,56,,
2711,,2000000,0,user_4,56,,
2712,,650000,0,user_5,56,,
2713,,470000,0,user_7,56,,
2714,,370000,0,user_9,56,,
2715,,870000,13900,user_10,56,,
2716,,670000,0,user_11,56,,
2717,,460000,256000,user_11,56,,
2718,,110000,0,user_11,56,,
2719,,150000,0,user_11,56,,
2720,,79000,0,user_11,56,,
2721,,83000,139000,user_12,56,,
2722,,1600000,0,user_13,56,,
2723,,1400000,0,user_13,56,,
2724,,1600000,0,user_13,56,,
2725,,5000000,0,user_13,56,,
2726,,2500000,0,user_14,56,,
2727,,160000,13900,user_17,56,,
2728,,5200000,0,user_20,56,,
2729,,460000,67900,user_20,56,,
2730,,1500000,0,user_21,56,,
2731,,3600000,0,user_22,56,,
2732,,2000000,0,user_22,56,,
2733,,77000,0,user_22,56,,
2734,,260000,0,user_22,56,,
2735,,30000000,0,user_23,56,,
2736,,650000,0,user_26,56,,
2737,,1000000,0,user_27,56,,
2738,,120000,0,user_30,56,,
2739,,110000,0,user_30,56,,
2740,,100000,0,user_30,56,,
2741,,420000,0,user_30,56,,
2742,,6100000,0,user_32,56,,
2743,,260000,0,user_34,56,,
2744,,1000000,0,user_36,56,,
2745,,27000000,283000,user_37,56,,
2746,,3600000,0,user_37,56,,
2747,,360000,0,user_37,56,,
2748,,4200000,0,user_37,56,,
2749,,150000,19700,user_37,56,,
2750,,110000,0,user_39,56,,
2751,,340000,0,user_40,56,,
2752,,1900000,0,user_40,56,,
2753,,1300000,0,user_42,56,,
2754,,1900000,139000,user_43,56,,
2755,,160000,0,user_44,56,,
2756,,120000,0,user_45,56,,
2757,,190000,0,user_45,56,,
2758,,84000,0,user_47,56,,
2759,,1600000,594000,user_47,56,,
2760,,530000,0,user_48,56,,
2761,,190000,0,user_49,56,,
2762,,79000,0,user_49,56,,
2703,0,30000000,0,user_0,56,56,
2735,1,30000000,0,user_23,56,56,
2745,2,27000000,283000,user_37,56,56,
2796,3,0,0,builder_3,56,56,2745
2702,4,27000000,146000,user_0,56,56,
2797,5,0,0,builder_3,56,56,2702
2742,6,6100000,0,user_32,56,56,
2728,7,5200000,0,user_20,56,56,
2725,8,5000000,0,user_13,56,56,
2748,9,4200000,0,user_37,56,56,
2731,10,3600000,0,user_22,56,56,
2746,11,3600000,0,user_37,56,56,
2726,12,2500000,0,user_14,56,56,
2798,13,0,0,builder_3,56,56,2759
2759,14,1600000,594000,user_47,56,56,
2708,15,2100000,0,user_2,56,56,
2754,16,1900000,139000,user_43,56,56,
2799,17,0,0,builder_3,56,56,2754
2711,18,2000000,0,user_4,56,56,
2732,19,2000000,0,user_22,56,56,
2752,20,1900000,0,user_40,56,56,
2722,21,1600000,0,user_13,56,56,
2724,22,1600000,0,user_13,56,56,
2706,23,1500000,56200,user_2,56,56,
2800,24,0,0,builder_3,56,56,2706
2730,25,1500000,0,user_21,56,56,
2723,26,1400000,0,user_13,56,56,
2753,27,1300000,0,user_42,56,56,
2710,28,1100000,0,user_3,56,56,
2707,29,1000000,15300,user_2,56,56,
2801,30,0,0,builder_3,56,56,2707
2744,31,1000000,0,user_36,56,56,
2715,32,870000,13900,user_10,56,56,
2802,33,0,0,builder_3,56,56,2715
2803,34,0,0,builder_3,56,56,2717
2717,35,460000,256000,user_11,56,56,
2716,36,670000,0,user_11,56,56,
2712,37,650000,0,user_5,56,56,
2736,38,650000,0,user_26,56,56,
2760,39,530000,0,user_48,56,56,
2804,40,0,0,builder_3,56,56,2729
2729,41,460000,67900,user_20,56,56,
2713,42,470000,0,user_7,56,56,
2741,43,420000,0,user_30,56,56,
2805,44,0,0,builder_3,56,56,2705
2705,45,120000,283000,user_2,56,56,
2747,46,360000,0,user_37,56,56,
2709,47,350000,0,user_2,56,56,
2751,48,340000,0,user_40,56,56,
2734,49,260000,0,user_22,56,56,
2743,50,260000,0,user_34,56,56,
2806,51,0,0,builder_3,56,56,2721
2721,52,83000,139000,user_12,56,56,
2757,53,190000,0,user_45,56,56,
2761,54,190000,0,user_49,56,56,
2727,55,160000,13900,user_17,56,56,
2807,56,0,0,builder_3,56,56,2727
2808,57,0,0,builder_3,56,56,2749
2749,58,150000,19700,user_37,56,56,
2755,59,160000,0,user_44,56,56,
2719,60,150000,0,user_11,56,56,
2738,61,120000,0,user_30,56,56,
2756,62,120000,0,user_45,56,56,
2718,63,110000,0,user_11,56,56,
2739,64,110000,0,user_30,56,56,
2750,65,110000,0,user_39,56,56,
2740,66,100000,0,user_30,56,56,
2758,67,84000,0,user_47,56,56,
2720,68,79000,0,user_11,56,56,
2762,69,79000,0,user_49,56,56,
2733,70,77000,0,user_22,56,56,
2859,,85000,0,user_0,57,,
2860,,120000,8520,user_1,57,,
2861,,73000,0,user_4,57,,
2862,,970000,0,user_5,57,,
2863,,2400000,8520,user_5,57,,
2864,,130000,100000,user_8,57,,
2865,,19000000,0,user_10,57,,
2866,,150000,0,user_11,57,,
2867,,87000,0,user_11,57,,
2868,,870000,0,user_12,57,,
2869,,87000,350000,user_13,57,,
2870,,5000000,256000,user_15,57,,
2871,,220000,0,user_16,57,,
2872,,2600000,56200,user_18,57,,
2873,,420000,0,user_18,57,,
2874,,2600000,0,user_20,57,,
2875,,630000,0,user_21,57,,
2876,,1300000,594000,user_22,57,,
2877,,82000,16400,user_23,57,,
2878,,110000,0,user_23,57,,
2879,,910000,0,user_23,57,,
2880,,120000,0,user_23,57,,
2881,,1900000,0,user_23,57,,
2882,,1000000,0,user_24,57,,
2883,,5000000,21800,user_25,57,,
2884,,87000,0,user_28,57,,
2885,,2600000,0,user_28,57,,
2886,,110000,15100,user_28,57,,
2887,,4200000,35100,user_28,57,,
2888,,73000,0,user_29,57,,
2889,,85000,0,user_31,57,,
2890,,260000,0,user_32,57,,
2891,,120000,0,user_32,57,,
2892,,1200000,13900,user_33,57,,
2893,,110000,0,user_35,57,,
2894,,130000,0,user_35,57,,
2895,,190000,0,user_36,57,,
2896,,27000000,0,user_37,57,,
2897,,4200000,0,user_39,57,,
2898,,420000,0,user_40,57,,
2899,,4500000,5640,user_42,57,,
2900,,1500000,0,user_43,57,,
2901,,4200000,16400,user_44,57,,
2902,,170000,43600,user_44,57,,
2903,,2300000,0,user_44,57,,
2904,,660000,0,user_44,57,,
2905,,120000,155000,user_44,57,,
2906,,110000,0,user_45,57,,
2907,,660000,31700,user_47,57,,
2908,,310000,0,user_49,57,,
2896,0,27000000,0,user_37,57,57,
2865,1,19000000,0,user_10,57,57,
3010,2,0,0,builder_8,57,57,2870
2870,3,5000000,256000,user_15,57,57,
2883,4,5000000,21800,user_25,57,57,
3011,5,0,0,builder_8,57,57,2883
2899,6,4500000,5640,user_42,57,57,
3012,7,0,0,builder_8,57,57,2899
2887,8,4200000,35100,user_28,57,57,
3013,9,0,0,builder_8,57,57,2887
3014,10,0,0,builder_8,57,57,2901
2901,11,4200000,16400,user_44,57,57,
2897,12,4200000,0,user_39,57,57,
2872,13,2600000,56200,user_18,57,57,
3015,14,0,0,builder_8,57,57,2872
2874,15,2600000,0,user_20,57,57,
2885,16,2600000,0,user_28,57,57,
3016,17,0,0,builder_8,57,57,2863
2863,18,2400000,8520,user_5,57,57,
2903,19,2300000,0,user_44,57,57,
2881,20,1900000,0,user_23,57,57,
3017,21,0,0,builder_8,57,57,2876
2876,22,1300000,594000,user_22,57,57,
3018,23,0,0,builder_8,57,57,2892
2892,24,1200000,13900,user_33,57,57,
2862,25,970000,0,user_5,57,57,
2879,26,910000,0,user_23,57,57,
2907,27,660000,31700,user_47,57,57,
3019,28,0,0,builder_8,57,57,2907
2904,29,660000,0,user_44,57,57,
2875,30,630000,0,user_21,57,57,
2869,31,87000,350000,user_13,57,57,
3020,32,0,0,builder_8,57,57,2869
2873,33,420000,0,user_18,57,57,
2908,34,310000,0,user_49,57,57,
3021,35,0,0,builder_8,57,57,2905
2905,36,120000,155000,user_44,57,57,
2890,37,260000,0,user_32,57,57,
2871,38,220000,0,user_16,57,57,
3022,39,0,0,builder_8,57,57,2902
2902,40,170000,43600,user_44,57,57,
2895,41,190000,0,user_36,57,57,
2866,42,150000,0,user_11,57,57,
2894,43,130000,0,user_35,57,57,
2886,44,110000,15100,user_28,57,57,
3023,45,0,0,builder_8,57,57,2886
2880,46,120000,0,user_23,57,57,
2891,47,120000,0,user_32,57,57,
2878,48,110000,0,user_23,57,57,
2893,49,110000,0,user_35,57,57,
3024,50,0,0,builder_8,57,57,2877
2877,51,82000,16400,user_23,57,57,
2867,52,87000,0,user_11,57,57,
2884,53,87000,0,user_28,57,57,
2859,54,85000,0,user_0,57,57,
2861,55,73000,0,user_4,57,57,
2888,56,73000,0,user_29,57,57,
3025,,82000,0,user_1,58,,
3026,,530000,0,user_3,58,,
3027,,1600000,0,user_3,58,,
3028,,320000,161000,user_5,58,,
3029,,79000,0,user_6,58,,
3030,,73000,0,user_7,58,,
3031,,1100000,35100,user_7,58,,
3032,,1300000,510000,user_9,58,,
3033,,670000,0,user_10,58,,
3034,,470000,0,user_10,58,,
3035,,670000,0,user_12,58,,
3036,,300000,13900,user_13,58,,
3037,,98000,121000,user_14,58,,
3038,,2500000,0,user_15,58,,
3039,,30000000,0,user_17,58,,
3040,,150000,4320000,user_18,58,,
3041,,2400000,0,user_19,58,,
3042,,160000,0,user_20,58,,
3043,,170000,0,user_21,58,,
3044,,3600000,0,user_21,58,,
3045,,5000000,0,user_22,58,,
3046,,150000,0,user_23,58,,
3047,,5000000,0,user_24,58,,
3048,,150000,0,user_25,58,,
3049,,120000,0,user_27,58,,
3050,,310000,0,user_27,58,,
3051,,4200000,10700,user_30,58,,
3052,,650000,0,user_31,58,,
3053,,460000,0,user_32,58,,
3054,,87000,0,user_33,58,,
3055,,3200000,0,user_34,58,,
3056,,110000,6390,user_36,58,,
3057,,340000,0,user_37,58,,
3058,,1500000,0,user_38,58,,
3059,,80000,0,user_39,58,,
3060,,300000,0,user_39,58,,
3061,,4500000,0,user_40,58,,
3062,,1500000,350000,user_40,58,,
3063,,43000000,36800,user_43,58,,
3064,,79000,19700,user_45,58,,
3065,,5200000,0,user_46,58,,
3066,,110000,60700,user_47,58,,
3067,,1900000,545000,user_48,58,,
3068,,460000,67900,user_49,58,,
3069,,120000,0,user_49,58,,
3063,0,43000000,36800,user_43,58,58,
3039,1,30000000,0,user_17,58,58,
3065,2,5200000,0,user_46,58,58,
3045,3,5000000,0,user_22,58,58,
3047,4,5000000,0,user_24,58,58,
3061,5,4500000,0,user_40,58,58,
3051,6,4200000,10700,user_30,58,58,
3044,7,3600000,0,user_21,58,58,
3055,8,3200000,0,user_34,58,58,
3038,9,2500000,0,user_15,58,58,
3041,10,2400000,0,user_19,58,58,
3067,11,1900000,545000,user_48,58,58,
3027,12,1600000,0,user_3,58,58,
3058,13,1500000,0,user_38,58,58,
3062,14,1500000,350000,user_40,58,58,
3032,15,1300000,510000,user_9,58,58,
3031,16,1100000,35100,user_7,58,58,
3033,17,670000,0,user_10,58,58,
3052,18,650000,0,user_31,58,58,
3026,19,530000,0,user_3,58,58,
3034,20,470000,0,user_10,58,58,
3053,21,460000,0,user_32,58,58,
3068,22,460000,67900,user_49,58,58,
3028,23,320000,161000,user_5,58,58,
3050,24,310000,0,user_27,58,58,
3036,25,300000,13900,user_13,58,58,
3043,26,170000,0,user_21,58,58,
3042,27,160000,0,user_20,58,58,
3040,28,150000,4320000,user_18,58,58,
3046,29,150000,0,user_23,58,58,
3048,30,150000,0,user_25,58,58,
3049,31,120000,0,user_27,58,58,
3069,32,120000,0,user_49,58,58,
3056,33,110000,6390,user_36,58,58,
3066,34,110000,60700,user_47,58,58,
3037,35,98000,121000,user_14,58,58,
3054,36,87000,0,user_33,58,58,
3029,37,79000,0,user_6,58,58,
3064,38,79000,19700,user_45,58,58,
3030,39,73000,0,user_7,58,58,
3168,,240000,60700,user_0,59,,
3169,,1000000,0,user_1,59,,
3170,,3200000,67900,user_2,59,,
3171,,2000000,60700,user_4,59,,
3172,,660000,594000,user_5,59,,
3173,,2300000,0,user_6,59,,
3174,,1900000,12800,user_6,59,,
3175,,3200000,0,user_6,59,,
3176,,1600000,0,user_8,59,,
3177,,220000,0,user_10,59,,
3178,,120000,0,user_10,59,,
3179,,600000,0,user_10,59,,
3180,,670000,256000,user_10,59,,
3181,,1700000,7190000,user_10,59,,
3182,,1000000,0,user_11,59,,
3183,,420000,0,user_11,59,,
3184,,240000,296000,user_12,59,,
3185,,240000,0,user_13,59,,
3186,,2100000,0,user_14,59,,
3187,,70000,0,user_15,59,,
3188,,1500000,12300,user_16,59,,
3189,,260000,71800,user_18,59,,
3190,,80000,0,user_20,59,,
3191,,110000,0,user_20,59,,
3192,,160000,0,user_20,59,,
3193,,77000,0,user_21,59,,
3194,,970000,0,user_21,59,,
3195,,240000,0,user_23,59,,
3196,,310000,0,user_24,59,,
3197,,150000,64600,user_25,59,,
3198,,19000000,0,user_25,59,,
3199,,2500000,23500,user_25,59,,
3200,,5200000,0,user_25,59,,
3201,,870000,0,user_25,59,,
3202,,120000,0,user_26,59,,
3203,,83000,0,user_29,59,,
3204,,98000,0,user_31,59,,
3205,,1600000,0,user_31,59,,
3206,,3200000,0,user_31,59,,
3207,,190000,19700,user_31,59,,
3208,,320000,0,user_34,59,,
3209,,27000000,0,user_34,59,,
3210,,4500000,0,user_35,59,,
3211,,3600000,0,user_36,59,,
3212,,2300000,0,user_37,59,,
3213,,310000,0,user_38,59,,
3214,,630000,161000,user_39,59,,
3215,,1500000,256000,user_39,59,,
3216,,260000,0,user_40,59,,
3217,,1000000,0,user_41,59,,
3218,,150000,0,user_41,59,,
3219,,1000000,11200,user_41,59,,
3220,,1000000,0,user_41,59,,
3221,,1700000,0,user_42,59,,
3222,,170000,0,user_44,59,,
3223,,160000,0,user_44,59,,
3224,,530000,0,user_45,59,,
3225,,77000,12800,user_46,59,,
3226,,1800000,0,user_46,59,,
3209,0,27000000,0,user_34,59,59,
3198,1,19000000,0,user_25,59,59,
3200,2,5200000,0,user_25,59,59,
3210,3,4500000,0,user_35,59,59,
3211,4,3600000,0,user_36,59,59,
3170,5,3200000,67900,user_2,59,59,
3175,6,3200000,0,user_6,59,59,
3206,7,3200000,0,user_31,59,59,
3199,8,2500000,23500,user_25,59,59,
3173,9,2300000,0,user_6,59,59,
3212,10,2300000,0,user_37,59,59,
3171,11,2000000,60700,user_4,59,59,
3174,12,1900000,12800,user_6,59,59,
3226,13,1800000,0,user_46,59,59,
3181,14,1700000,7190000,user_10,59,59,
3221,15,1700000,0,user_42,59,59,
3176,16,1600000,0,user_8,59,59,
3205,17,1600000,0,user_31,59,59,
3188,18,1500000,12300,user_16,59,59,
3215,19,1500000,256000,user_39,59,59,
3169,20,1000000,0,user_1,59,59,
3182,21,1000000,0,user_11,59,59,
3217,22,1000000,0,user_41,59,59,
3219,23,1000000,11200,user_41,59,59,
3220,24,1000000,0,user_41,59,59,
3194,25,970000,0,user_21,59,59,
3201,26,870000,0,user_25,59,59,
3180,27,670000,256000,user_10,59,59,
3172,28,660000,594000,user_5,59,59,
3214,29,630000,161000,user_39,59,59,
3179,30,600000,0,user_10,59,59,
3224,31,530000,0,user_45,59,59,
3183,32,420000,0,user_11,59,59,
3208,33,320000,0,user_34,59,59,
3189,34,260000,71800,user_18,59,59,
3216,35,260000,0,user_40,59,59,
3168,36,240000,60700,user_0,59,59,
3184,37,240000,296000,user_12,59,59,
3185,38,240000,0,user_13,59,59,
3195,39,240000,0,user_23,59,59,
3177,40,220000,0,user_10,59,59,
3207,41,190000,19700,user_31,59,59,
3222,42,170000,0,user_44,59,59,
3192,43,160000,0,user_20,59,59,
3223,44,160000,0,user_44,59,59,
3197,45,150000,64600,user_25,59,59,
3218,46,150000,0,user_41,59,59,
3178,47,120000,0,user_10,59,59,
3202,48,120000,0,user_26,59,59,
3191,49,110000,0,user_20,59,59,
3204,50,98000,0,user_31,59,59,
3203,51,83000,0,user_29,59,59,
3190,52,80000,0,user_20,59,59,
3193,53,77000,0,user_21,59,59,
3225,54,77000,12800,user_46,59,59,
3187,55,70000,0,user_15,59,59,
3353,,1100000,0,user_0,60,,
3354,,310000,0,user_1,60,,
3355,,1000000,0,user_1,60,,
3356,,73000,0,user_3,60,,
3357,,5200000,0,user_3,60,,
3358,,4200000,68100,user_5,60,,
3359,,82000,0,user_5,60,,
3360,,350000,0,user_6,60,,
3361,,2300000,779000,user_6,60,,
3362,,600000,49100,user_7,60,,
3363,,120000,0,user_8,60,,
3364,,310000,0,user_10,60,,
3365,,98000,0,user_11,60,,
3366,,460000,0,user_14,60,,
3367,,2500000,0,user_14,60,,
3368,,120000,5180,user_14,60,,
3369,,220000,0,user_14,60,,
3370,,190000,21800,user_14,60,,
3371,,220000,0,user_16,60,,
3372,,1100000,0,user_17,60,,
3373,,970000,369000,user_18,60,,
3374,,170000,0,user_18,60,,
3375,,2300000,0,user_20,60,,
3376,,120000,0,user_21,60,,
3377,,43000000,0,user_22,60,,
3378,,170000,3130,user_24,60,,
3379,,970000,0,user_25,60,,
3380,,110000,0,user_26,60,,
3381,,150000,0,user_26,60,,
3382,,19000000,0,user_32,60,,
3383,,1200000,0,user_33,60,,
3384,,260000,0,user_33,60,,
3385,,630000,11200,user_34,60,,
3386,,220000,0,user_35,60,,
3387,,1000000,0,user_36,60,,
3388,,1800000,0,user_37,60,,
3389,,1400000,0,user_38,60,,
3390,,220000,0,user_39,60,,
3391,,1100000,4320000,user_40,60,,
3392,,77000,0,user_41,60,,
3393,,1500000,256000,user_43,60,,
3394,,110000,161000,user_45,60,,
3395,,120000,0,user_46,60,,
3396,,4200000,0,user_49,60,,
3397,,110000,0,user_49,60,,
3377,0,43000000,0,user_22,60,60,
3382,1,19000000,0,user_32,60,60,
3357,2,5200000,0,user_3,60,60,
3358,3,4200000,68100,user_5,60,60,
3396,4,4200000,0,user_49,60,60,
3367,5,2500000,0,user_14,60,60,
3361,6,2300000,779000,user_6,60,60,
3375,7,2300000,0,user_20,60,60,
3393,8,1500000,256000,user_43,60,60,
3389,9,1400000,0,user_38,60,60,
3383,10,1200000,0,user_33,60,60,
3353,11,1100000,0,user_0,60,60,
3372,12,1100000,0,user_17,60,60,
3391,13,1100000,4320000,user_40,60,60,
3387,14,1000000,0,user_36,60,60,
3373,15,970000,369000,user_18,60,60,
3379,16,970000,0,user_25,60,60,
3385,17,630000,11200,user_34,60,60,
3362,18,600000,49100,user_7,60,60,
3366,19,460000,0,user_14,60,60,
3360,20,350000,0,user_6,60,60,
3364,21,310000,0,user_10,60,60,
3384,22,260000,0,user_33,60,60,
3369,23,220000,0,user_14,60,60,
3371,24,220000,0,user_16,60,60,
3386,25,220000,0,user_35,60,60,
3370,26,190000,21800,user_14,60,60,
3374,27,170000,0,user_18,60,60,
3378,28,170000,3130,user_24,60,60,
3363,29,120000,0,user_8,60,60,
3368,30,120000,5180,user_14,60,60,
3376,31,120000,0,user_21,60,60,
3395,32,120000,0,user_46,60,60,
3394,33,110000,161000,user_45,60,60,
3397,34,110000,0,user_49,60,60,
3365,35,98000,0,user_11,60,60,
3359,36,82000,0,user_5,60,60,
3392,37,77000,0,user_41,60,60,
3356,38,73000,0,user_3,60,60,
3470,,350000,0,user_0,61,,
3471,,150000,3130,user_1,61,,
3472,,170000,0,user_2,61,,
3473,,27000000,0,user_2,61,,
3474,,27000000,0,user_3,61,,
3475,,120000,0,user_5,61,,
3476,,150000,0,user_7,61,,
3477,,2000000,0,user_8,61,,
3478,,30000000,34700,user_11,61,,
3479,,1500000,181000,user_12,61,,
3480,,420000,56200,user_13,61,,
3481,,1200000,0,user_14,61,,
3482,,1500000,60700,user_15,61,,
3483,,120000,410000,user_16,61,,
3484,,120000,0,user_16,61,,
3485,,340000,0,user_17,61,,
3486,,1500000,0,user_17,61,,
3487,,110000,56200,user_18,61,,
3488,,120000,0,user_19,61,,
3489,,19000000,215000,user_20,61,,
3490,,80000,0,user_20,61,,
3491,,1300000,0,user_20,61,,
3492,,190000,0,user_20,61,,
3493,,600000,0,user_22,61,,
3494,,2100000,0,user_24,61,,
3495,,5200000,0,user_24,61,,
3496,,470000,0,user_25,61,,
3497,,98000,47700,user_26,61,,
3498,,6100000,0,user_26,61,,
3499,,320000,0,user_27,61,,
3500,,3500000,0,user_31,61,,
3501,,98000,4320000,user_31,61,,
3502,,2000000,0,user_32,61,,
3503,,87000,0,user_32,61,,
3504,,120000,0,user_36,61,,
3505,,300000,108000,user_37,61,,
3506,,350000,0,user_37,61,,
3507,,43000000,0,user_38,61,,
3508,,1000000,0,user_39,61,,
3509,,79000,13900,user_40,61,,
3510,,970000,181000,user_40,61,,
3511,,120000,0,user_41,61,,
3512,,260000,0,user_41,61,,
3513,,650000,0,user_42,61,,
3514,,1800000,0,user_44,61,,
3515,,220000,10700,user_46,61,,
3516,,2000000,34700,user_47,61,,
3517,,2300000,0,user_49,61,,
3507,0,43000000,0,user_38,61,61,
3478,1,30000000,34700,user_11,61,61,
3554,2,0,0,builder_3,61,61,3478
3473,3,27000000,0,user_2,61,61,
3474,4,27000000,0,user_3,61,61,
3489,5,19000000,215000,user_20,61,61,
3555,6,0,0,builder_3,61,61,3489
3498,7,6100000,0,user_26,61,61,
3495,8,5200000,0,user_24,61,61,
3556,9,0,0,builder_3,61,61,3501
3501,10,98000,4320000,user_31,61,61,
3500,11,3500000,0,user_31,61,61,
3517,12,2300000,0,user_49,61,61,
3494,13,2100000,0,user_24,61,61,
3557,14,0,0,builder_3,61,61,3516
3516,15,2000000,34700,user_47,61,61,
3502,16,2000000,0,user_32,61,61,
3514,17,1800000,0,user_44,61,61,
3558,18,0,0,builder_3,61,61,3479
3479,19,1500000,181000,user_12,61,61,
3559,20,0,0,builder_3,61,61,3482
3482,21,1500000,60700,user_15,61,61,
3486,22,1500000,0,user_17,61,61,
3491,23,1300000,0,user_20,61,61,
3481,24,1200000,0,user_14,61,61,
3510,25,970000,181000,user_40,61,61,
3560,26,0,0,builder_3,61,61,3510
3508,27,1000000,0,user_39,61,61,
3513,28,650000,0,user_42,61,61,
3493,29,600000,0,user_22,61,61,
3561,30,0,0,builder_3,61,61,3480
3480,31,420000,56200,user_13,61,61,
3562,32,0,0,builder_3,61,61,3505
3505,33,300000,108000,user_37,61,61,
3470,34,350000,0,user_0,61,61,
3506,35,350000,0,user_37,61,61,
3485,36,340000,0,user_17,61,61,
3512,37,260000,0,user_41,61,61,
3515,38,220000,10700,user_46,61,61,
3563,39,0,0,builder_3,61,61,3515
3492,40,190000,0,user_20,61,61,
3472,41,170000,0,user_2,61,61,
3564,42,0,0,builder_3,61,61,3487
3487,43,110000,56200,user_18,61,61,
3476,44,150000,0,user_7,61,61,
3497,45,98000,47700,user_26,61,61,
3565,46,0,0,builder_3,61,61,3497
3475,47,120000,0,user_5,61,61,
3488,48,120000,0,user_19,61,61,
3504,49,120000,0,user_36,61,61,
3511,50,120000,0,user_41,61,61,
3566,51,0,0,builder_3,61,61,3509
3509,52,79000,13900,user_40,61,61,
3503,53,87000,0,user_32,61,61,
3490,54,80000,0,user_20,61,61,
3621,,220000,0,user_0,62,,
3622,,84000,0,user_2,62,,
3623,,98000,0,user_3,62,,
3624,,120000,0,user_4,62,,
3625,,43000000,21800,user_5,62,,
3626,,1500000,296000,user_7,62,,
3627,,1400000,0,user_8,62,,
3628,,84000,0,user_8,62,,
3629,,1000000,64600,user_9,62,,
3630,,350000,0,user_10,62,,
3631,,4200000,0,user_10,62,,
3632,,670000,0,user_11,62,,
3633,,5000000,0,user_11,62,,
3634,,240000,21800,user_13,62,,
3635,,98000,0,user_14,62,,
3636,,77000,410000,user_15,62,,
3637,,82000,0,user_16,62,,
3638,,150000,410000,user_17,62,,
3639,,310000,0,user_18,62,,
3640,,110000,0,user_18,62,,
3641,,160000,13900,user_19,62,,
3642,,670000,0,user_19,62,,
3643,,6100000,0,user_20,62,,
3644,,670000,42000,user_21,62,,
3645,,3600000,0,user_21,62,,
3646,,320000,0,user_23,62,,
3647,,310000,8520,user_24,62,,
3648,,3200000,0,user_25,62,,
3649,,110000,161000,user_26,62,,
3650,,6100000,0,user_26,62,,
3651,,170000,0,user_26,62,,
3652,,85000,0,user_27,62,,
3653,,2400000,0,user_28,62,,
3654,,1000000,0,user_29,62,,
3655,,1000000,0,user_31,62,,
3656,,170000,0,user_32,62,,
3657,,110000,0,user_34,62,,
3658,,460000,0,user_36,62,,
3659,,4500000,0,user_36,62,,
3660,,1400000,283000,user_42,62,,
3661,,79000,10700,user_46,62,,
3662,,6100000,0,user_48,62,,
3625,0,43000000,21800,user_5,62,62,
3733,1,0,0,builder_8,62,62,3625
3643,2,6100000,0,user_20,62,62,
3650,3,6100000,0,user_26,62,62,
3662,4,6100000,0,user_48,62,62,
3633,5,5000000,0,user_11,62,62,
3659,6,4500000,0,user_36,62,62,
3631,7,4200000,0,user_10,62,62,
3645,8,3600000,0,user_21,62,62,
3648,9,3200000,0,user_25,62,62,
3653,10,2400000,0,user_28,62,62,
3734,11,0,0,builder_8,62,62,3626
3626,12,1500000,296000,user_7,62,62,
3735,13,0,0,builder_8,62,62,3660
3660,14,1400000,283000,user_42,62,62,
3736,15,0,0,builder_8,62,62,3629
3629,16,1000000,64600,user_9,62,62,
3654,17,1000000,0,user_29,62,62,
3644,18,670000,42000,user_21,62,62,
3737,19,0,0,builder_8,62,62,3644
3632,20,670000,0,user_11,62,62,
3642,21,670000,0,user_19,62,62,
3738,22,0,0,builder_8,62,62,3636
3636,23,77000,410000,user_15,62,62,
3658,24,460000,0,user_36,62,62,
3630,25,350000,0,user_10,62,62,
3646,26,320000,0,user_23,62,62,
3639,27,310000,0,user_18,62,62,
3739,28,0,0,builder_8,62,62,3649
3649,29,110000,161000,user_26,62,62,
3634,30,240000,21800,user_13,62,62,
3740,31,0,0,builder_8,62,62,3634
3621,32,220000,0,user_0,62,62,
3741,33,0,0,builder_8,62,62,3641
3641,34,160000,13900,user_19,62,62,
3651,35,170000,0,user_26,62,62,
3656,36,170000,0,user_32,62,62,
3624,37,120000,0,user_4,62,62,
3640,38,110000,0,user_18,62,62,
3623,39,98000,0,user_3,62,62,
3635,40,98000,0,user_14,62,62,
3742,41,0,0,builder_8,62,62,3661
3661,42,79000,10700,user_46,62,62,
3652,43,85000,0,user_27,62,62,
3622,44,84000,0,user_2,62,62,
3637,45,82000,0,user_16,62,62,
3743,,1100000,0,user_0,63,,
3744,,130000,0,user_0,63,,
3745,,220000,17000,user_4,63,,
3746,,170000,0,user_7,63,,
3747,,82000,0,user_7,63,,
3748,,160000,0,user_9,63,,
3749,,84000,0,user_10,63,,
3750,,4500000,0,user_10,63,,
3751,,460000,0,user_11,63,,
3752,,460000,21800,user_14,63,,
3753,,350000,13900,user_15,63,,
3754,,870000,0,user_16,63,,
3755,,1100000,13800,user_17,63,,
3756,,1600000,0,user_18,63,,
3757,,1700000,0,user_19,63,,
3758,,19000000,0,user_20,63,,
3759,,110000,0,user_22,63,,
3760,,80000,0,user_24,63,,
3761,,80000,0,user_25,63,,
3762,,1400000,0,user_26,63,,
3763,,350000,0,user_26,63,,
3764,,2000000,0,user_26,63,,
3765,,2000000,43600,user_26,63,,
3766,,3500000,0,user_26,63,,
3767,,4500000,0,user_27,63,,
3768,,1400000,0,user_28,63,,
3769,,910000,0,user_28,63,,
3770,,240000,0,user_29,63,,
3771,,2000000,5630,user_29,63,,
3772,,1500000,0,user_31,63,,
3773,,98000,0,user_32,63,,
3774,,160000,231000,user_33,63,,
3775,,1700000,0,user_35,63,,
3776,,470000,0,user_36,63,,
3777,,460000,0,user_38,63,,
3778,,300000,0,user_39,63,,
3779,,160000,0,user_41,63,,
3780,,470000,16400,user_41,63,,
3781,,220000,0,user_42,63,,
3782,,87000,0,user_43,63,,
3783,,170000,0,user_46,63,,
3784,,170000,0,user_47,63,,
3758,0,19000000,0,user_20,63,63,
3750,1,4500000,0,user_10,63,63,
3767,2,4500000,0,user_27,63,63,
3766,3,3500000,0,user_26,63,63,
3785,4,0,0,builder_0,63,63,3765
3765,5,2000000,43600,user_26,63,63,
3771,6,2000000,5630,user_29,63,63,
3786,7,0,0,builder_0,63,63,3771
3764,8,2000000,0,user_26,63,63,
3757,9,1700000,0,user_19,63,63,
3775,10,1700000,0,user_35,63,63,
3756,11,1600000,0,user_18,63,63,
3772,12,1500000,0,user_31,63,63,
3762,13,1400000,0,user_26,63,63,
3768,14,1400000,0,user_28,63,63,
3787,15,0,0,builder_0,63,63,3755
3755,16,1100000,13800,user_17,63,63,
3743,17,1100000,0,user_0,63,63,
3769,18,910000,0,user_28,63,63,
3754,19,870000,0,user_16,63,63,
3788,20,0,0,builder_0,63,63,3780
3780,21,470000,16400,user_41,63,63,
3789,22,0,0,builder_0,63,63,3752
3752,23,460000,21800,user_14,63,63,
3776,24,470000,0,user_36,63,63,
3751,25,460000,0,user_11,63,63,
3777,26,460000,0,user_38,63,63,
3774,27,160000,231000,user_33,63,63,
3790,28,0,0,builder_0,63,63,3774
3763,29,350000,0,user_26,63,63,
3770,30,240000,0,user_29,63,63,
3781,31,220000,0,user_42,63,63,
3746,32,170000,0,user_7,63,63,
3783,33,170000,0,user_46,63,63,
3784,34,170000,0,user_47,63,63,
3748,35,160000,0,user_9,63,63,
3779,36,160000,0,user_41,63,63,
3744,37,130000,0,user_0,63,63,
3759,38,110000,0,user_22,63,63,
3773,39,98000,0,user_32,63,63,
3782,40,87000,0,user_43,63,63,
3749,41,84000,0,user_10,63,63,
3747,42,82000,0,user_7,63,63,
3761,43,80000,0,user_25,63,63,
3840,,2100000,0,user_1,64,,
3841,,970000,0,user_3,64,,
3842,,27000000,17000,user_3,64,,
3843,,98000,0,user_5,64,,
3844,,4500000,0,user_7,64,,
3845,,160000,0,user_8,64,,
3846,,6300000,0,user_8,64,,
3847,,2000000,0,user_8,64,,
3848,,1800000,0,user_9,64,,
3849,,660000,0,user_9,64,,
3850,,1600000,0,user_9,64,,
3851,,910000,0,user_9,64,,
3852,,2600000,0,user_12,64,,
3853,,310000,0,user_12,64,,
3854,,260000,0,user_12,64,,
3855,,150000,0,user_12,64,,
3856,,1400000,16400,user_13,64,,
3857,,1600000,769000,user_14,64,,
3858,,650000,0,user_14,64,,
3859,,2500000,12800,user_14,64,,
3860,,220000,0,user_14,64,,
3861,,1800000,0,user_15,64,,
3862,,1500000,0,user_16,64,,
3863,,27000000,0,user_17,64,,
3864,,1300000,18600,user_19,64,,
3865,,5000000,0,user_19,64,,
3866,,660000,0,user_21,64,,
3867,,120000,0,user_22,64,,
3868,,170000,0,user_22,64,,
3869,,87000,0,user_25,64,,
3870,,1000000,0,user_26,64,,
3871,,43000000,0,user_26,64,,
3872,,1000000,17000,user_26,64,,
3873,,530000,0,user_26,64,,
3874,,87000,0,user_26,64,,
3875,,3600000,0,user_28,64,,
3876,,77000,0,user_28,64,,
3877,,320000,959000,user_30,64,,
3878,,310000,0,user_32,64,,
3879,,220000,64600,user_33,64,,
3880,,310000,0,user_34,64,,
3881,,2300000,0,user_34,64,,
3882,,87000,15700,user_35,64,,
3883,,1600000,0,user_36,64,,
3884,,2000000,0,user_37,64,,
3885,,360000,0,user_38,64,,
3886,,150000,0,user_39,64,,
3887,,120000,0,user_40,64,,
3888,,2000000,0,user_44,64,,
3889,,660000,0,user_45,64,,
3890,,240000,0,user_46,64,,
3891,,320000,0,user_47,64,,
3892,,6100000,0,user_48,64,,
3893,,27000000,0,user_49,64,,
3871,0,43000000,0,user_26,64,64,
3842,1,27000000,17000,user_3,64,64,
3863,2,27000000,0,user_17,64,64,
3893,3,27000000,0,user_49,64,64,
3846,4,6300000,0,user_8,64,64,
3892,5,6100000,0,user_48,64,64,
3865,6,5000000,0,user_19,64,64,
3844,7,4500000,0,user_7,64,64,
3875,8,3600000,0,user_28,64,64,
3852,9,2600000,0,user_12,64,64,
3859,10,2500000,12800,user_14,64,64,
3881,11,2300000,0,user_34,64,64,
3840,12,2100000,0,user_1,64,64,
3847,13,2000000,0,user_8,64,64,
3884,14,2000000,0,user_37,64,64,
3888,15,2000000,0,user_44,64,64,
3848,16,1800000,0,user_9,64,64,
3861,17,1800000,0,user_15,64,64,
3850,18,1600000,0,user_9,64,64,
3857,19,1600000,769000,user_14,64,64,
3883,20,1600000,0,user_36,64,64,
3856,21,1400000,16400,user_13,64,64,
3864,22,1300000,18600,user_19,64,64,
3870,23,1000000,0,user_26,64,64,
3872,24,1000000,17000,user_26,64,64,
3841,25,970000,0,user_3,64,64,
3851,26,910000,0,user_9,64,64,
3849,27,660000,0,user_9,64,64,
3866,28,660000,0,user_21,64,64,
3858,29,650000,0,user_14,64,64,
3873,30,530000,0,user_26,64,64,
3885,31,360000,0,user_38,64,64,
3877,32,320000,959000,user_30,64,64,
3891,33,320000,0,user_47,64,64,
3853,34,310000,0,user_12,64,64,
3880,35,310000,0,user_34,64,64,
3854,36,260000,0,user_12,64,64,
3860,37,220000,0,user_14,64,64,
3879,38,220000,64600,user_33,64,64,
3868,39,170000,0,user_22,64,64,
3845,40,160000,0,user_8,64,64,
3855,41,150000,0,user_12,64,64,
3886,42,150000,0,user_39,64,64,
3867,43,120000,0,user_22,64,64,
3887,44,120000,0,user_40,64,64,
3843,45,98000,0,user_5,64,64,
3869,46,87000,0,user_25,64,64,
3874,47,87000,0,user_26,64,64,
3876,48,77000,0,user_28,64,64,
3956,,220000,21800,user_1,65,,
3957,,1300000,322000,user_3,65,,
3958,,870000,0,user_4,65,,
3959,,87000,68100,user_5,65,,
3960,,1300000,0,user_9,65,,
3961,,110000,0,user_9,65,,
3962,,1500000,0,user_10,65,,
3963,,1400000,0,user_11,65,,
3964,,3200000,0,user_11,65,,
3965,,100000,0,user_12,65,,
3966,,190000,0,user_12,65,,
3967,,160000,0,user_12,65,,
3968,,120000,0,user_13,65,,
3969,,420000,0,user_13,65,,
3970,,2500000,215000,user_13,65,,
3971,,6100000,0,user_13,65,,
3972,,370000,381000,user_14,65,,
3973,,1000000,0,user_16,65,,
3974,,2500000,0,user_16,65,,
3975,,2000000,0,user_16,65,,
3976,,870000,0,user_17,65,,
3977,,1300000,0,user_19,65,,
3978,,1500000,0,user_20,65,,
3979,,2300000,0,user_21,65,,
3980,,220000,0,user_22,65,,
3981,,110000,0,user_23,65,,
3982,,79000,0,user_23,65,,
3983,,77000,0,user_24,65,,
3984,,1400000,0,user_25,65,,
3985,,120000,0,user_26,65,,
3986,,460000,0,user_26,65,,
3987,,100000,195000,user_29,65,,
3988,,910000,0,user_30,65,,
3989,,1200000,410000,user_31,65,,
3990,,530000,35600,user_32,65,,
3991,,220000,0,user_32,65,,
3992,,630000,0,user_33,65,,
3993,,150000,128000,user_34,65,,
3994,,1900000,0,user_35,65,,
3995,,2400000,0,user_37,65,,
3996,,310000,0,user_38,65,,
3997,,6100000,33300,user_40,65,,
3998,,73000,0,user_41,65,,
3999,,6300000,0,user_41,65,,
4000,,85000,49100,user_43,65,,
4001,,19000000,0,user_44,65,,
4002,,120000,0,user_45,65,,
4003,,1300000,0,user_47,65,,
4004,,600000,0,user_47,65,,
4005,,110000,0,user_48,65,,
4006,,2500000,0,user_49,65,,
4001,0,19000000,0,user_44,65,65,
3999,1,6300000,0,user_41,65,65,
3997,2,6100000,33300,user_40,65,65,
4007,3,0,0,builder_0,65,65,3997
3971,4,6100000,0,user_13,65,65,
3964,5,3200000,0,user_11,65,65,
3970,6,2500000,215000,user_13,65,65,
4008,7,0,0,builder_0,65,65,3970
3974,8,2500000,0,user_16,65,65,
4006,9,2500000,0,user_49,65,65,
3995,10,2400000,0,user_37,65,65,
3979,11,2300000,0,user_21,65,65,
3975,12,2000000,0,user_16,65,65,
3994,13,1900000,0,user_35,65,65,
4009,14,0,0,builder_0,65,65,3957
3957,15,1300000,322000,user_3,65,65,
3989,16,1200000,410000,user_31,65,65,
4010,17,0,0,builder_0,65,65,3989
3962,18,1500000,0,user_10,65,65,
3978,19,1500000,0,user_20,65,65,
3963,20,1400000,0,user_11,65,65,
3984,21,1400000,0,user_25,65,65,
3960,22,1300000,0,user_9,65,65,
3977,23,1300000,0,user_19,65,65,
4003,24,1300000,0,user_47,65,65,
3973,25,1000000,0,user_16,65,65,
3988,26,910000,0,user_30,65,65,
3976,27,870000,0,user_17,65,65,
3972,28,370000,381000,user_14,65,65,
4011,29,0,0,builder_0,65,65,3972
3992,30,630000,0,user_33,65,65,
4004,31,600000,0,user_47,65,65,
4012,32,0,0,builder_0,65,65,3990
3990,33,530000,35600,user_32,65,65,
3986,34,460000,0,user_26,65,65,
3969,35,420000,0,user_13,65,65,
3996,36,310000,0,user_38,65,65,
4013,37,0,0,builder_0,65,65,3987
3987,38,100000,195000,user_29,65,65,
4014,39,0,0,builder_0,65,65,3956
3956,40,220000,21800,user_1,65,65,
3980,41,220000,0,user_22,65,65,
3991,42,220000,0,user_32,65,65,
4015,43,0,0,builder_0,65,65,4000
4000,44,85000,49100,user_43,65,65,
3968,45,120000,0,user_13,65,65,
3985,46,120000,0,user_26,65,65,
3961,47,110000,0,user_9,65,65,
3981,48,110000,0,user_23,65,65,
4005,49,110000,0,user_48,65,65,
3982,50,79000,0,user_23,65,65,
3998,51,73000,0,user_41,65,65,
4083,,43000000,0,user_1,66,,
4084,,170000,0,user_1,66,,
4085,,160000,0,user_2,66,,
4086,,110000,0,user_3,66,,
4087,,370000,215000,user_4,66,,
4088,,190000,0,user_6,66,,
4089,,220000,0,user_7,66,,
4090,,1500000,0,user_7,66,,
4091,,1100000,0,user_7,66,,
4092,,73000,0,user_7,66,,
4093,,190000,108000,user_7,66,,
4094,,320000,0,user_8,66,,
4095,,87000,0,user_8,66,,
4096,,650000,0,user_8,66,,
4097,,2500000,8520,user_9,66,,
4098,,120000,15100,user_10,66,,
4099,,160000,0,user_10,66,,
4100,,1600000,0,user_11,66,,
4101,,150000,0,user_12,66,,
4102,,1100000,0,user_14,66,,
4103,,1600000,0,user_14,66,,
4104,,4200000,108000,user_16,66,,
4105,,2400000,0,user_17,66,,
4106,,4200000,0,user_19,66,,
4107,,170000,0,user_21,66,,
4108,,5000000,128000,user_22,66,,
4109,,6300000,0,user_24,66,,
4110,,460000,0,user_24,66,,
4111,,5200000,0,user_25,66,,
4112,,2500000,0,user_27,66,,
4113,,100000,0,user_28,66,,
4114,,910000,0,user_29,66,,
4115,,300000,0,user_30,66,,
4116,,1000000,0,user_30,66,,
4117,,1800000,0,user_30,66,,
4118,,150000,0,user_30,66,,
4119,,170000,0,user_32,66,,
4120,,1500000,4320000,user_33,66,,
4121,,2600000,0,user_35,66,,
4122,,360000,0,user_36,66,,
4123,,120000,0,user_36,66,,
4124,,150000,0,user_36,66,,
4125,,340000,0,user_37,66,,
4126,,1100000,0,user_39,66,,
4127,,370000,0,user_40,66,,
4128,,660000,11200,user_40,66,,
4129,,27000000,0,user_40,66,,
4130,,2500000,0,user_40,66,,
4131,,3200000,381000,user_42,66,,
4132,,5000000,0,user_43,66,,
4133,,660000,0,user_43,66,,
4134,,1000000,0,user_44,66,,
4135,,43000000,0,user_45,66,,
4136,,420000,0,user_47,66,,
4137,,2400000,510000,user_48,66,,
4138,,79000,18600,user_49,66,,
4083,0,43000000,0,user_1,66,66,
4135,1,43000000,0,user_45,66,66,
4129,2,27000000,0,user_40,66,66,
4109,3,6300000,0,user_24,66,66,
4120,4,1500000,4320000,user_33,66,66,
4174,5,0,0,builder_4,66,66,4120
4111,6,5200000,0,user_25,66,66,
4108,7,5000000,128000,user_22,66,66,
4175,8,0,0,builder_4,66,66,4108
4132,9,5000000,0,user_43,66,66,
4176,10,0,0,builder_4,66,66,4104
4104,11,4200000,108000,user_16,66,66,
4106,12,4200000,0,user_19,66,66,
4131,13,3200000,381000,user_42,66,66,
4177,14,0,0,builder_4,66,66,4131
4178,15,0,0,builder_4,66,66,4137
4137,16,2400000,510000,user_48,66,66,
4121,17,2600000,0,user_35,66,66,
4097,18,2500000,8520,user_9,66,66,
4179,19,0,0,builder_4,66,66,4097
4112,20,2500000,0,user_27,66,66,
4130,21,2500000,0,user_40,66,66,
4105,22,2400000,0,user_17,66,66,
4117,23,1800000,0,user_30,66,66,
4100,24,1600000,0,user_11,66,66,
4103,25,1600000,0,user_14,66,66,
4102,26,1100000,0,user_14,66,66,
4116,27,1000000,0,user_30,66,66,
4134,28,1000000,0,user_44,66,66,
4114,29,910000,0,user_29,66,66,
4128,30,660000,11200,user_40,66,66,
4180,31,0,0,builder_4,66,66,4128
4133,32,660000,0,user_43,66,66,
4096,33,650000,0,user_8,66,66,
4181,34,0,0,builder_4,66,66,4087
4087,35,370000,215000,user_4,66,66,
4110,36,460000,0,user_24,66,66,
4127,37,370000,0,user_40,66,66,
4122,38,360000,0,user_36,66,66,
4125,39,340000,0,user_37,66,66,
4094,40,320000,0,user_8,66,66,
4115,41,300000,0,user_30,66,66,
4088,42,190000,0,user_6,66,66,
4084,43,170000,0,user_1,66,66,
4107,44,170000,0,user_21,66,66,
4119,45,170000,0,user_32,66,66,
4085,46,160000,0,user_2,66,66,
4099,47,160000,0,user_10,66,66,
4101,48,150000,0,user_12,66,66,
4118,49,150000,0,user_30,66,66,
4124,50,150000,0,user_36,66,66,
4182,51,0,0,builder_4,66,66,4098
4098,52,120000,15100,user_10,66,66,
4123,53,120000,0,user_36,66,66,
4086,54,110000,0,user_3,66,66,
4113,55,100000,0,user_28,66,66,
4183,56,0,0,builder_4,66,66,4138
4138,57,79000,18600,user_49,66,66,
4095,58,87000,0,user_8,66,66,
4220,,1100000,0,user_3,67,,
4221,,260000,0,user_4,67,,
4222,,220000,959000,user_6,67,,
4223,,360000,0,user_6,67,,
4224,,5000000,0,user_8,67,,
4225,,1900000,0,user_8,67,,
4226,,87000,0,user_9,67,,
4227,,110000,0,user_10,67,,
4228,,77000,0,user_10,67,,
4229,,6100000,381000,user_11,67,,
4230,,310000,0,user_13,67,,
4231,,2300000,0,user_13,67,,
4232,,660000,0,user_14,67,,
4233,,170000,0,user_16,67,,
4234,,70000,30200,user_17,67,,
4235,,5000000,0,user_17,67,,
4236,,2000000,0,user_18,67,,
4237,,190000,0,user_19,67,,
4238,,2400000,0,user_21,67,,
4239,,27000000,0,user_22,67,,
4240,,300000,0,user_23,67,,
4241,,260000,0,user_26,67,,
4242,,4500000,0,user_28,67,,
4243,,310000,0,user_29,67,,
4244,,420000,164000,user_30,67,,
4245,,970000,0,user_30,67,,
4246,,5000000,0,user_30,67,,
4247,,530000,0,user_30,67,,
4248,,340000,155000,user_30,67,,
4249,,1900000,0,user_32,67,,
4250,,260000,0,user_32,67,,
4251,,5000000,24700,user_32,67,,
4252,,970000,0,user_32,67,,
4253,,3200000,100000,user_32,67,,
4254,,1500000,0,user_33,67,,
4255,,2000000,0,user_33,67,,
4256,,1500000,0,user_34,67,,
4257,,670000,0,user_35,67,,
4258,,220000,0,user_35,67,,
4259,,2600000,0,user_36,67,,
4260,,910000,0,user_37,67,,
4261,,82000,0,user_38,67,,
4262,,220000,769000,user_38,67,,
4263,,360000,0,user_39,67,,
4264,,600000,0,user_39,67,,
4265,,370000,0,user_41,67,,
4266,,3200000,13900,user_41,67,,
4267,,160000,0,user_41,67,,
4268,,160000,0,user_42,67,,
4269,,160000,0,user_42,67,,
4270,,1400000,35600,user_43,67,,
4271,,160000,0,user_44,67,,
4272,,460000,0,user_45,67,,
4273,,73000,0,user_46,67,,
4274,,160000,0,user_46,67,,
4275,,170000,3130,user_47,67,,
4276,,170000,16400,user_48,67,,
4277,,310000,231000,user_48,67,,
4278,,260000,0,user_48,67,,
4279,,670000,0,user_48,67,,
4280,,83000,0,user_48,67,,
4281,,2600000,0,user_49,67,,
4239,0,27000000,0,user_22,67,67,
4327,1,0,0,builder_4,67,67,4229
4229,2,6100000,381000,user_11,67,67,
4251,3,5000000,24700,user_32,67,67,
4328,4,0,0,builder_4,67,67,4251
4224,5,5000000,0,user_8,67,67,
4235,6,5000000,0,user_17,67,67,
4246,7,5000000,0,user_30,67,67,
4242,8,4500000,0,user_28,67,67,
4329,9,0,0,builder_4,67,67,4253
4253,10,3200000,100000,user_32,67,67,
4266,11,3200000,13900,user_41,67,67,
4330,12,0,0,builder_4,67,67,4266
4259,13,2600000,0,user_36,67,67,
4281,14,2600000,0,user_49,67,67,
4238,15,2400000,0,user_21,67,67,
4231,16,2300000,0,user_13,67,67,
4236,17,2000000,0,user_18,67,67,
4255,18,2000000,0,user_33,67,67,
4225,19,1900000,0,user_8,67,67,
4249,20,1900000,0,user_32,67,67,
4254,21,1500000,0,user_33,67,67,
4256,22,1500000,0,user_34,67,67,
4270,23,1400000,35600,user_43,67,67,
4331,24,0,0,builder_4,67,67,4270
4222,25,220000,959000,user_6,67,67,
4332,26,0,0,builder_4,67,67,4222
4220,27,1100000,0,user_3,67,67,
4333,28,0,0,builder_4,67,67,4262
4262,29,220000,769000,user_38,67,67,
4245,30,970000,0,user_30,67,67,
4252,31,970000,0,user_32,67,67,
4260,32,910000,0,user_37,67,67,
4257,33,670000,0,user_35,67,67,
4279,34,670000,0,user_48,67,67,
4232,35,660000,0,user_14,67,67,
4244,36,420000,164000,user_30,67,67,
4334,37,0,0,builder_4,67,67,4244
4277,38,310000,231000,user_48,67,67,
4335,39,0,0,builder_4,67,67,4277
4247,40,530000,0,user_30,67,67,
4336,41,0,0,builder_4,67,67,4248
4248,42,340000,155000,user_30,67,67,
4272,43,460000,0,user_45,67,67,
4265,44,370000,0,user_41,67,67,
4223,45,360000,0,user_6,67,67,
4230,46,310000,0,user_13,67,67,
4243,47,310000,0,user_29,67,67,
4240,48,300000,0,user_23,67,67,
4221,49,260000,0,user_4,67,67,
4241,50,260000,0,user_26,67,67,
4250,51,260000,0,user_32,67,67,
4278,52,260000,0,user_48,67,67,
4258,53,220000,0,user_35,67,67,
4237,54,190000,0,user_19,67,67,
4276,55,170000,16400,user_48,67,67,
4337,56,0,0,builder_4,67,67,4276
4233,57,170000,0,user_16,67,67,
4267,58,160000,0,user_41,67,67,
4268,59,160000,0,user_42,67,67,
4269,60,160000,0,user_42,67,67,
4271,61,160000,0,user_44,67,67,
4274,62,160000,0,user_46,67,67,
4227,63,110000,0,user_10,67,67,
4338,64,0,0,builder_4,67,67,4234
4234,65,70000,30200,user_17,67,67,
4226,66,87000,0,user_9,67,67,
4280,67,83000,0,user_48,67,67,
4261,68,82000,0,user_38,67,67,
4228,69,77000,0,user_10,67,67,
4273,70,73000,0,user_46,67,67,
4372,,98000,0,user_0,68,,
4373,,70000,0,user_0,68,,
4374,,110000,15100,user_0,68,,
4375,,1000000,17000,user_1,68,,
4376,,110000,0,user_2,68,,
4377,,170000,0,user_2,68,,
4378,,6300000,14200,user_2,68,,
4379,,160000,283000,user_2,68,,
4380,,1600000,0,user_2,68,,
4381,,150000,0,user_3,68,,
4382,,84000,0,user_3,68,,
4383,,360000,0,user_4,68,,
4384,,1000000,13900,user_6,68,,
4385,,3200000,0,user_7,68,,
4386,,260000,0,user_9,68,,
4387,,84000,0,user_10,68,,
4388,,110000,0,user_11,68,,
4389,,1000000,7190000,user_11,68,,
4390,,120000,164000,user_12,68,,
4391,,27000000,0,user_12,68,,
4392,,160000,0,user_13,68,,
4393,,120000,0,user_13,68,,
4394,,85000,0,user_14,68,,
4395,,220000,0,user_14,68,,
4396,,2500000,14200,user_14,68,,
4397,,220000,0,user_14,68,,
4398,,98000,0,user_16,68,,
4399,,110000,0,user_19,68,,
4400,,1000000,0,user_20,68,,
4401,,1900000,0,user_21,68,,
4402,,1100000,0,user_22,68,,
4403,,43000000,0,user_22,68,,
4404,,1000000,0,user_22,68,,
4405,,150000,0,user_22,68,,
4406,,190000,0,user_22,68,,
4407,,350000,0,user_25,68,,
4408,,220000,0,user_26,68,,
4409,,100000,0,user_27,68,,
4410,,2000000,0,user_29,68,,
4411,,82000,5640,user_30,68,,
4412,,220000,0,user_31,68,,
4413,,120000,0,user_32,68,,
4414,,170000,0,user_32,68,,
4415,,43000000,0,user_33,68,,
4416,,27000000,1100000,user_33,68,,
4417,,220000,0,user_33,68,,
4418,,1400000,195000,user_34,68,,
4419,,1800000,0,user_35,68,,
4420,,340000,0,user_36,68,,
4421,,240000,0,user_36,68,,
4422,,80000,0,user_36,68,,
4423,,100000,0,user_36,68,,
4424,,79000,0,user_37,68,,
4425,,160000,0,user_38,68,,
4426,,470000,13800,user_38,68,,
4427,,300000,0,user_39,68,,
4428,,100000,0,user_40,68,,
4429,,260000,0,user_41,68,,
4430,,460000,0,user_42,68,,
4431,,220000,181000,user_43,68,,
4432,,1400000,0,user_44,68,,
4433,,150000,30200,user_45,68,,
4434,,87000,0,user_47,68,,
4435,,120000,0,user_47,68,,
4436,,150000,0,user_47,68,,
4437,,310000,0,user_47,68,,
4438,,970000,285000,user_47,68,,
4439,,100000,0,user_49,68,,
4403,0,43000000,0,user_22,68,68,
4415,1,43000000,0,user_33,68,68,
4391,2,27000000,0,user_12,68,68,
4416,3,27000000,1100000,user_33,68,68,
4378,4,6300000,14200,user_2,68,68,
4385,5,3200000,0,user_7,68,68,
4396,6,2500000,14200,user_14,68,68,
4410,7,2000000,0,user_29,68,68,
4401,8,1900000,0,user_21,68,68,
4419,9,1800000,0,user_35,68,68,
4380,10,1600000,0,user_2,68,68,
4418,11,1400000,195000,user_34,68,68,
4432,12,1400000,0,user_44,68,68,
4402,13,1100000,0,user_22,68,68,
4375,14,1000000,17000,user_1,68,68,
4384,15,1000000,13900,user_6,68,68,
4389,16,1000000,7190000,user_11,68,68,
4400,17,1000000,0,user_20,68,68,
4404,18,1000000,0,user_22,68,68,
4438,19,970000,285000,user_47,68,68,
4430,20,460000,0,user_42,68,68,
4383,21,360000,0,user_4,68,68,
4407,22,350000,0,user_25,68,68,
4437,23,310000,0,user_47,68,68,
4427,24,300000,0,user_39,68,68,
4429,25,260000,0,user_41,68,68,
4395,26,220000,0,user_14,68,68,
4397,27,220000,0,user_14,68,68,
4408,28,220000,0,user_26,68,68,
4412,29,220000,0,user_31,68,68,
4417,30,220000,0,user_33,68,68,
4431,31,220000,181000,user_43,68,68,
4406,32,190000,0,user_22,68,68,
4377,33,170000,0,user_2,68,68,
4414,34,170000,0,user_32,68,68,
4379,35,160000,283000,user_2,68,68,
4392,36,160000,0,user_13,68,68,
4381,37,150000,0,user_3,68,68,
4405,38,150000,0,user_22,68,68,
4433,39,150000,30200,user_45,68,68,
4436,40,150000,0,user_47,68,68,
4390,41,120000,164000,user_12,68,68,
4393,42,120000,0,user_13,68,68,
4413,43,120000,0,user_32,68,68,
4435,44,120000,0,user_47,68,68,
4374,45,110000,15100,user_0,68,68,
4376,46,110000,0,user_2,68,68,
4388,47,110000,0,user_11,68,68,
4399,48,110000,0,user_19,68,68,
4428,49,100000,0,user_40,68,68,
4439,50,100000,0,user_49,68,68,
4372,51,98000,0,user_0,68,68,
4398,52,98000,0,user_16,68,68,
4434,53,87000,0,user_47,68,68,
4394,54,85000,0,user_14,68,68,
4382,55,84000,0,user_3,68,68,
4411,56,82000,5640,user_30,68,68,
4424,57,79000,0,user_37,68,68,
4373,58,70000,0,user_0,68,68,
4542,,1100000,0,user_1,69,,
4543,,77000,0,user_3,69,,
4544,,1300000,0,user_5,69,,
4545,,83000,0,user_6,69,,
4546,,3600000,73100,user_7,69,,
4547,,2500000,0,user_7,69,,
4548,,120000,0,user_8,69,,
4549,,1000000,769000,user_8,69,,
4550,,460000,0,user_9,69,,
4551,,98000,0,user_9,69,,
4552,,360000,0,user_9,69,,
4553,,19000000,0,user_9,69,,
4554,,260000,0,user_11,69,,
4555,,220000,510000,user_11,69,,
4556,,220000,47700,user_11,69,,
4557,,670000,0,user_11,69,,
4558,,910000,0,user_11,69,,
4559,,260000,34700,user_15,69,,
4560,,660000,164000,user_16,69,,
4561,,83000,296000,user_17,69,,
4562,,260000,0,user_18,69,,
4563,,530000,0,user_20,69,,
4564,,320000,0,user_20,69,,
4565,,650000,0,user_21,69,,
4566,,3500000,0,user_21,69,,
4567,,670000,0,user_22,69,,
4568,,4200000,12800,user_23,69,,
4569,,160000,0,user_24,69,,
4570,,120000,350000,user_25,69,,
4571,,310000,0,user_26,69,,
4572,,84000,8520,user_27,69,,
4573,,79000,0,user_28,69,,
4574,,2400000,11200,user_30,69,,
4575,,6300000,0,user_31,69,,
4576,,300000,0,user_31,69,,
4577,,80000,0,user_33,69,,
4578,,3500000,0,user_33,69,,
4579,,1600000,0,user_34,69,,
4580,,360000,0,user_35,69,,
4581,,350000,0,user_37,69,,
4582,,160000,15300,user_38,69,,
4583,,170000,0,user_38,69,,
4584,,160000,0,user_40,69,,
4585,,43000000,0,user_41,69,,
4586,,1000000,0,user_42,69,,
4587,,170000,545000,user_42,69,,
4588,,350000,0,user_44,69,,
4589,,2000000,0,user_45,69,,
4590,,660000,0,user_47,69,,
4591,,98000,0,user_48,69,,
4592,,3200000,0,user_48,69,,
4593,,19000000,0,user_48,69,,
4585,0,43000000,0,user_41,69,69,
4553,1,19000000,0,user_9,69,69,
4593,2,19000000,0,user_48,69,69,
4575,3,6300000,0,user_31,69,69,
4568,4,4200000,12800,user_23,69,69,
4546,5,3600000,73100,user_7,69,69,
4566,6,3500000,0,user_21,69,69,
4578,7,3500000,0,user_33,69,69,
4592,8,3200000,0,user_48,69,69,
4547,9,2500000,0,user_7,69,69,
4574,10,2400000,11200,user_30,69,69,
4589,11,2000000,0,user_45,69,69,
4579,12,1600000,0,user_34,69,69,
4544,13,1300000,0,user_5,69,69,
4549,14,1000000,769000,user_8,69,69,
4586,15,1000000,0,user_42,69,69,
4558,16,910000,0,user_11,69,69,
4557,17,670000,0,user_11,69,69,
4567,18,670000,0,user_22,69,69,
4560,19,660000,164000,user_16,69,69,
4590,20,660000,0,user_47,69,69,
4565,21,650000,0,user_21,69,69,
4563,22,530000,0,user_20,69,69,
4550,23,460000,0,user_9,69,69,
4552,24,360000,0,user_9,69,69,
4580,25,360000,0,user_35,69,69,
4588,26,350000,0,user_44,69,69,
4564,27,320000,0,user_20,69,69,
4576,28,300000,0,user_31,69,69,
4554,29,260000,0,user_11,69,69,
4559,30,260000,34700,user_15,69,69,
4562,31,260000,0,user_18,69,69,
4555,32,220000,510000,user_11,69,69,
4556,33,220000,47700,user_11,69,69,
4583,34,170000,0,user_38,69,69,
4587,35,170000,545000,user_42,69,69,
4569,36,160000,0,user_24,69,69,
4582,37,160000,15300,user_38,69,69,
4584,38,160000,0,user_40,69,69,
4548,39,120000,0,user_8,69,69,
4570,40,120000,350000,user_25,69,69,
4551,41,98000,0,user_9,69,69,
4591,42,98000,0,user_48,69,69,
4572,43,84000,8520,user_27,69,69,
4545,44,83000,0,user_6,69,69,
4561,45,83000,296000,user_17,69,69,
4577,46,80000,0,user_33,69,69,
4543,47,77000,0,user_3,69,69,
4681,,2600000,296000,user_0,70,,
4682,,1500000,0,user_0,70,,
4683,,1600000,0,user_0,70,,
4684,,80000,0,user_0,70,,
4685,,310000,0,user_1,70,,
4686,,470000,0,user_2,70,,
4687,,85000,71800,user_3,70,,
4688,,910000,0,user_4,70,,
4689,,300000,0,user_4,70,,
4690,,310000,0,user_4,70,,
4691,,83000,0,user_4,70,,
4692,,120000,0,user_6,70,,
4693,,910000,0,user_6,70,,
4694,,100000,36800,user_8,70,,
4695,,150000,0,user_12,70,,
4696,,30000000,0,user_14,70,,
4697,,300000,0,user_14,70,,
4698,,5200000,779000,user_15,70,,
4699,,43000000,0,user_17,70,,
4700,,220000,0,user_18,70,,
4701,,79000,0,user_21,70,,
4702,,170000,1100000,user_25,70,,
4703,,660000,0,user_27,70,,
4704,,1000000,769000,user_28,70,,
4705,,5000000,0,user_28,70,,
4706,,170000,0,user_30,70,,
4707,,220000,0,user_30,70,,
4708,,3500000,16400,user_31,70,,
4709,,260000,0,user_32,70,,
4710,,19000000,0,user_33,70,,
4711,,2100000,0,user_33,70,,
4712,,600000,0,user_34,70,,
4713,,220000,56200,user_35,70,,
4714,,82000,0,user_35,70,,
4715,,660000,0,user_37,70,,
4716,,1800000,100000,user_37,70,,
4717,,1800000,16400,user_39,70,,
4718,,1000000,0,user_40,70,,
4719,,82000,0,user_41,70,,
4720,,1600000,0,user_45,70,,
4721,,160000,0,user_47,70,,
4722,,27000000,0,user_49,70,,
4699,0,43000000,0,user_17,70,70,
4696,1,30000000,0,user_14,70,70,
4722,2,27000000,0,user_49,70,70,
4710,3,19000000,0,user_33,70,70,
4698,4,5200000,779000,user_15,70,70,
4705,5,5000000,0,user_28,70,70,
4708,6,3500000,16400,user_31,70,70,
4681,7,2600000,296000,user_0,70,70,
4711,8,2100000,0,user_33,70,70,
4716,9,1800000,100000,user_37,70,70,
4717,10,1800000,16400,user_39,70,70,
4683,11,1600000,0,user_0,70,70,
4720,12,1600000,0,user_45,70,70,
4682,13,1500000,0,user_0,70,70,
4704,14,1000000,769000,user_28,70,70,
4718,15,1000000,0,user_40,70,70,
4688,16,910000,0,user_4,70,70,
4693,17,910000,0,user_6,70,70,
4715,18,660000,0,user_37,70,70,
4712,19,600000,0,user_34,70,70,
4686,20,470000,0,user_2,70,70,
4685,21,310000,0,user_1,70,70,
4690,22,310000,0,user_4,70,70,
4689,23,300000,0,user_4,70,70,
4697,24,300000,0,user_14,70,70,
4709,25,260000,0,user_32,70,70,
4700,26,220000,0,user_18,70,70,
4707,27,220000,0,user_30,70,70,
4713,28,220000,56200,user_35,70,70,
4702,29,170000,1100000,user_25,70,70,
4706,30,170000,0,user_30,70,70,
4721,31,160000,0,user_47,70,70,
4695,32,150000,0,user_12,70,70,
4692,33,120000,0,user_6,70,70,
4694,34,100000,36800,user_8,70,70,
4687,35,85000,71800,user_3,70,70,
4691,36,83000,0,user_4,70,70,
4714,37,82000,0,user_35,70,70,
4719,38,82000,0,user_41,70,70,
4684,39,80000,0,user_0,70,70,
4701,40,79000,0,user_21,70,70,
4798,,82000,0,user_0,71,,
4799,,220000,23500,user_2,71,,
4800,,6100000,0,user_2,71,,
4801,,190000,0,user_4,71,,
4802,,27000000,0,user_4,71,,
4803,,2000000,0,user_4,71,,
4804,,2000000,0,user_6,71,,
4805,,170000,0,user_6,71,,
4806,,2300000,12800,user_8,71,,
4807,,130000,13900,user_8,71,,
4808,,4500000,0,user_8,71,,
4809,,110000,0,user_9,71,,
4810,,240000,0,user_10,71,,
4811,,150000,0,user_11,71,,
4812,,190000,0,user_12,71,,
4813,,30000000,0,user_13,71,,
4814,,1600000,75000,user_13,71,,
4815,,5000000,0,user_14,71,,
4816,,2400000,0,user_15,71,,
4817,,120000,0,user_16,71,,
4818,,1500000,0,user_16,71,,
4819,,4200000,0,user_17,71,,
4820,,240000,0,user_19,71,,
4821,,630000,0,user_19,71,,
4822,,260000,0,user_20,71,,
4823,,1700000,43600,user_21,71,,
4824,,27000000,0,user_23,71,,
4825,,120000,0,user_23,71,,
4826,,420000,0,user_23,71,,
4827,,1600000,0,user_24,71,,
4828,,1000000,8520,user_24,71,,
4829,,82000,0,user_25,71,,
4830,,19000000,46500,user_26,71,,
4831,,150000,0,user_26,71,,
4832,,1000000,100000,user_26,71,,
4833,,360000,0,user_26,71,,
4834,,120000,0,user_27,71,,
4835,,5000000,0,user_27,71,,
4836,,120000,0,user_28,71,,
4837,,2300000,0,user_30,71,,
4838,,310000,12800,user_31,71,,
4839,,460000,0,user_31,71,,
4840,,170000,0,user_31,71,,
4841,,1500000,0,user_31,71,,
4842,,150000,0,user_35,71,,
4843,,190000,0,user_36,71,,
4844,,2000000,164000,user_37,71,,
4845,,98000,0,user_39,71,,
4846,,260000,60700,user_40,71,,
4847,,3500000,0,user_41,71,,
4848,,660000,43600,user_42,71,,
4849,,170000,0,user_42,71,,
4850,,1000000,0,user_44,71,,
4851,,460000,0,user_46,71,,
4852,,110000,73100,user_47,71,,
4853,,77000,0,user_47,71,,
4854,,77000,510000,user_48,71,,
4855,,420000,7190000,user_48,71,,
4856,,360000,0,user_49,71,,
4813,0,30000000,0,user_13,71,71,
4802,1,27000000,0,user_4,71,71,
4824,2,27000000,0,user_23,71,71,
4906,3,0,0,builder_4,71,71,4830
4830,4,19000000,46500,user_26,71,71,
4855,5,420000,7190000,user_48,71,71,
4907,6,0,0,builder_4,71,71,4855
4800,7,6100000,0,user_2,71,71,
4815,8,5000000,0,user_14,71,71,
4835,9,5000000,0,user_27,71,71,
4808,10,4500000,0,user_8,71,71,
4819,11,4200000,0,user_17,71,71,
4847,12,3500000,0,user_41,71,71,
4806,13,2300000,12800,user_8,71,71,
4908,14,0,0,builder_4,71,71,4806
4837,15,2300000,0,user_30,71,71,
4844,16,2000000,164000,user_37,71,71,
4909,17,0,0,builder_4,71,71,4844
4803,18,2000000,0,user_4,71,71,
4804,19,2000000,0,user_6,71,71,
4910,20,0,0,builder_4,71,71,4823
4823,21,1700000,43600,user_21,71,71,
4814,22,1600000,75000,user_13,71,71,
4911,23,0,0,builder_4,71,71,4814
4827,24,1600000,0,user_24,71,71,
4818,25,1500000,0,user_16,71,71,
4841,26,1500000,0,user_31,71,71,
4912,27,0,0,builder_4,71,71,4832
4832,28,1000000,100000,user_26,71,71,
4913,29,0,0,builder_4,71,71,4828
4828,30,1000000,8520,user_24,71,71,
4850,31,1000000,0,user_44,71,71,
4848,32,660000,43600,user_42,71,71,
4914,33,0,0,builder_4,71,71,4848
4821,34,630000,0,user_19,71,71,
4854,35,77000,510000,user_48,71,71,
4915,36,0,0,builder_4,71,71,4854
4839,37,460000,0,user_31,71,71,
4851,38,460000,0,user_46,71,71,
4826,39,420000,0,user_23,71,71,
4833,40,360000,0,user_26,71,71,
4856,41,360000,0,user_49,71,71,
4916,42,0,0,builder_4,71,71,4838
4838,43,310000,12800,user_31,71,71,
4917,44,0,0,builder_4,71,71,4846
4846,45,260000,60700,user_40,71,71,
4822,46,260000,0,user_20,71,71,
4918,47,0,0,builder_4,71,71,4799
4799,48,220000,23500,user_2,71,71,
4810,49,240000,0,user_10,71,71,
4820,50,240000,0,user_19,71,71,
4801,51,190000,0,user_4,71,71,
4812,52,190000,0,user_12,71,71,
4843,53,190000,0,user_36,71,71,
4805,54,170000,0,user_6,71,71,
4840,55,170000,0,user_31,71,71,
4849,56,170000,0,user_42,71,71,
4811,57,150000,0,user_11,71,71,
4831,58,150000,0,user_26,71,71,
4842,59,150000,0,user_35,71,71,
4807,60,130000,13900,user_8,71,71,
4919,61,0,0,builder_4,71,71,4807
4817,62,120000,0,user_16,71,71,
4825,63,120000,0,user_23,71,71,
4834,64,120000,0,user_27,71,71,
4836,65,120000,0,user_28,71,71,
4809,66,110000,0,user_9,71,71,
4798,67,82000,0,user_0,71,71,
4829,68,82000,0,user_25,71,71,
0,,3200000,0,user_0,72,,
1,,2100000,0,user_1,72,,
2,,110000,0,user_3,72,,
3,,120000,0,user_4,72,,
4,,5000000,0,user_4,72,,
5,,160000,0,user_5,72,,
6,,70000,3130,user_6,72,,
7,,84000,19700,user_7,72,,
8,,150000,0,user_7,72,,
9,,1200000,0,user_7,72,,
10,,460000,0,user_7,72,,
11,,260000,0,user_7,72,,
12,,170000,0,user_8,72,,
13,,1600000,0,user_8,72,,
14,,73000,0,user_9,72,,
15,,150000,0,user_9,72,,
16,,370000,0,user_10,72,,
17,,2600000,0,user_12,72,,
18,,300000,0,user_12,72,,
19,,460000,296000,user_12,72,,
20,,3500000,17000,user_14,72,,
21,,970000,0,user_15,72,,
22,,170000,0,user_16,72,,
23,,19000000,0,user_17,72,,
24,,170000,0,user_18,72,,
25,,110000,0,user_21,72,,
26,,1000000,0,user_23,72,,
27,,19000000,71800,user_23,72,,
28,,130000,0,user_25,72,,
29,,1100000,17700000,user_25,72,,
30,,2300000,410000,user_27,72,,
31,,73000,0,user_27,72,,
32,,1000000,0,user_29,72,,
33,,220000,0,user_30,72,,
34,,3600000,0,user_33,72,,
35,,360000,0,user_34,72,,
36,,310000,0,user_34,72,,
37,,1300000,0,user_35,72,,
38,,220000,0,user_36,72,,
39,,1000000,0,user_37,72,,
40,,77000,43600,user_38,72,,
41,,1700000,0,user_38,72,,
42,,420000,0,user_39,72,,
43,,5000000,0,user_40,72,,
44,,340000,5630,user_41,72,,
45,,340000,0,user_43,72,,
46,,1500000,283000,user_44,72,,
47,,160000,0,user_45,72,,
48,,5200000,0,user_45,72,,
49,,79000,0,user_46,72,,
50,,100000,0,user_47,72,,
51,,120000,35600,user_47,72,,
52,,170000,0,user_48,72,,
53,,300000,0,user_49,72,,
27,0,19000000,71800,user_23,72,72,
84,1,0,0,builder_4,72,72,27
23,2,19000000,0,user_17,72,72,
85,3,0,0,builder_4,72,72,29
29,4,1100000,17700000,user_25,72,72,
48,5,5200000,0,user_45,72,72,
4,6,5000000,0,user_4,72,72,
43,7,5000000,0,user_40,72,72,
34,8,3600000,0,user_33,72,72,
86,9,0,0,builder_4,72,72,20
20,10,3500000,17000,user_14,72,72,
0,11,3200000,0,user_0,72,72,
30,12,2300000,410000,user_27,72,72,
87,13,0,0,builder_4,72,72,30
17,14,2600000,0,user_12,72,72,
1,15,2100000,0,user_1,72,72,
46,16,1500000,283000,user_44,72,72,
88,17,0,0,builder_4,72,72,46
41,18,1700000,0,user_38,72,72,
13,19,1600000,0,user_8,72,72,
37,20,1300000,0,user_35,72,72,
26,21,1000000,0,user_23,72,72,
32,22,1000000,0,user_29,72,72,
39,23,1000000,0,user_37,72,72,
89,24,0,0,builder_4,72,72,19
19,25,460000,296000,user_12,72,72,
16,26,370000,0,user_10,72,72,
35,27,360000,0,user_34,72,72,
44,28,340000,5630,user_41,72,72,
90,29,0,0,builder_4,72,72,44
45,30,340000,0,user_43,72,72,
36,31,310000,0,user_34,72,72,
18,32,300000,0,user_12,72,72,
53,33,300000,0,user_49,72,72,
33,34,220000,0,user_30,72,72,
38,35,220000,0,user_36,72,72,
12,36,170000,0,user_8,72,72,
22,37,170000,0,user_16,72,72,
24,38,170000,0,user_18,72,72,
52,39,170000,0,user_48,72,72,
47,40,160000,0,user_45,72,72,
15,41,150000,0,user_9,72,72,
28,42,130000,0,user_25,72,72,
91,43,0,0,builder_4,72,72,40
40,44,77000,43600,user_38,72,72,
3,45,120000,0,user_4,72,72,
2,46,110000,0,user_3,72,72,
25,47,110000,0,user_21,72,72,
49,48,79000,0,user_46,72,72,
6,49,70000,3130,user_6,72,72,
92,50,0,0,builder_4,72,72,6
14,51,73000,0,user_9,72,72,
31,52,73000,0,user_27,72,72,
127,,2000000,0,user_0,73,,
128,,150000,0,user_0,73,,
129,,220000,0,user_2,73,,
130,,5000000,0,user_2,73,,
131,,5000000,0,user_2,73,,
132,,1400000,13900,user_2,73,,
133,,1100000,0,user_2,73,,
134,,3200000,0,user_4,73,,
135,,2400000,0,user_6,73,,
136,,98000,0,user_8,73,,
137,,1900000,19700,user_8,73,,
138,,660000,0,user_8,73,,
139,,150000,0,user_8,73,,
140,,83000,0,user_8,73,,
141,,460000,35600,user_9,73,,
142,,1100000,0,user_10,73,,
143,,130000,0,user_11,73,,
144,,420000,0,user_11,73,,
145,,2600000,0,user_11,73,,
146,,4200000,0,user_11,73,,
147,,660000,15300,user_11,73,,
148,,100000,17700000,user_12,73,,
149,,27000000,67500,user_13,73,,
150,,6300000,0,user_14,73,,
151,,910000,0,user_15,73,,
152,,2100000,256000,user_15,73,,
153,,80000,0,user_15,73,,
154,,360000,0,user_16,73,,
155,,130000,0,user_18,73,,
156,,150000,42000,user_19,73,,
157,,5000000,0,user_20,73,,
158,,85000,128000,user_21,73,,
159,,1900000,84800,user_22,73,,
160,,5200000,0,user_23,73,,
161,,2000000,0,user_24,73,,
162,,110000,0,user_24,73,,
163,,150000,0,user_24,73,,
164,,77000,0,user_26,73,,
165,,2300000,0,user_28,73,,
166,,2100000,0,user_29,73,,
167,,110000,0,user_30,73,,
168,,43000000,256000,user_31,73,,
169,,5000000,0,user_33,73,,
170,,83000,21800,user_33,73,,
171,,190000,12800,user_34,73,,
172,,1900000,0,user_35,73,,
173,,3500000,0,user_35,73,,
174,,2000000,0,user_37,73,,
175,,170000,11200,user_37,73,,
176,,170000,0,user_38,73,,
177,,120000,0,user_39,73,,
178,,2000000,0,user_42,73,,
179,,2500000,34700,user_43,73,,
180,,4200000,0,user_46,73,,
181,,2000000,0,user_49,73,,
168,0,43000000,256000,user_31,73,73,
149,1,27000000,67500,user_13,73,73,
150,2,6300000,0,user_14,73,73,
160,3,5200000,0,user_23,73,73,
130,4,5000000,0,user_2,73,73,
131,5,5000000,0,user_2,73,73,
157,6,5000000,0,user_20,73,73,
169,7,5000000,0,user_33,73,73,
146,8,4200000,0,user_11,73,73,
180,9,4200000,0,user_46,73,73,
173,10,3500000,0,user_35,73,73,
134,11,3200000,0,user_4,73,73,
145,12,2600000,0,user_11,73,73,
179,13,2500000,34700,user_43,73,73,
135,14,2400000,0,user_6,73,73,
165,15,2300000,0,user_28,73,73,
152,16,2100000,256000,user_15,73,73,
166,17,2100000,0,user_29,73,73,
127,18,2000000,0,user_0,73,73,
161,19,2000000,0,user_24,73,73,
174,20,2000000,0,user_37,73,73,
178,21,2000000,0,user_42,73,73,
181,22,2000000,0,user_49,73,73,
137,23,1900000,19700,user_8,73,73,
159,24,1900000,84800,user_22,73,73,
172,25,1900000,0,user_35,73,73,
132,26,1400000,13900,user_2,73,73,
133,27,1100000,0,user_2,73,73,
151,28,910000,0,user_15,73,73,
138,29,660000,0,user_8,73,73,
147,30,660000,15300,user_11,73,73,
144,31,420000,0,user_11,73,73,
154,32,360000,0,user_16,73,73,
129,33,220000,0,user_2,73,73,
171,34,190000,12800,user_34,73,73,
175,35,170000,11200,user_37,73,73,
128,36,150000,0,user_0,73,73,
139,37,150000,0,user_8,73,73,
156,38,150000,42000,user_19,73,73,
163,39,150000,0,user_24,73,73,
143,40,130000,0,user_11,73,73,
155,41,130000,0,user_18,73,73,
177,42,120000,0,user_39,73,73,
162,43,110000,0,user_24,73,73,
167,44,110000,0,user_30,73,73,
148,45,100000,17700000,user_12,73,73,
136,46,98000,0,user_8,73,73,
158,47,85000,128000,user_21,73,73,
140,48,83000,0,user_8,73,73,
170,49,83000,21800,user_33,73,73,
153,50,80000,0,user_15,73,73,
164,51,77000,0,user_26,73,73,
287,,77000,7840,user_0,74,,
288,,150000,0,user_1,74,,
289,,1100000,10700,user_3,74,,
290,,600000,0,user_4,74,,
291,,110000,0,user_6,74,,
292,,220000,0,user_6,74,,
293,,110000,0,user_7,74,,
294,,110000,73100,user_8,74,,
295,,630000,0,user_9,74,,
296,,460000,5640,user_11,74,,
297,,150000,0,user_11,74,,
298,,2400000,13900,user_13,74,,
299,,2000000,75000,user_13,74,,
300,,1100000,0,user_15,74,,
301,,1000000,0,user_17,74,,
302,,420000,0,user_18,74,,
303,,600000,0,user_19,74,,
304,,1000000,0,user_20,74,,
305,,77000,0,user_21,74,,
306,,160000,0,user_22,74,,
307,,420000,0,user_23,74,,
308,,30000000,84800,user_24,74,,
309,,170000,0,user_26,74,,
310,,670000,0,user_27,74,,
311,,150000,0,user_29,74,,
312,,2600000,0,user_31,74,,
313,,150000,0,user_32,74,,
314,,70000,0,user_33,74,,
315,,370000,0,user_34,74,,
316,,30000000,0,user_36,74,,
317,,1900000,0,user_37,74,,
318,,260000,0,user_38,74,,
319,,660000,0,user_38,74,,
320,,300000,0,user_39,74,,
321,,1700000,0,user_40,74,,
322,,120000,0,user_42,74,,
323,,150000,0,user_43,74,,
324,,1000000,0,user_44,74,,
325,,100000,0,user_44,74,,
326,,530000,3130,user_45,74,,
327,,1000000,75000,user_48,74,,
328,,350000,0,user_49,74,,
308,0,30000000,84800,user_24,74,74,
316,1,30000000,0,user_36,74,74,
312,2,2600000,0,user_31,74,74,
298,3,2400000,13900,user_13,74,74,
299,4,2000000,75000,user_13,74,74,
317,5,1900000,0,user_37,74,74,
321,6,1700000,0,user_40,74,74,
289,7,1100000,10700,user_3,74,74,
300,8,1100000,0,user_15,74,74,
301,9,1000000,0,user_17,74,74,
304,10,1000000,0,user_20,74,74,
324,11,1000000,0,user_44,74,74,
327,12,1000000,75000,user_48,74,74,
310,13,670000,0,user_27,74,74,
319,14,660000,0,user_38,74,74,
295,15,630000,0,user_9,74,74,
290,16,600000,0,user_4,74,74,
303,17,600000,0,user_19,74,74,
302,18,420000,0,user_18,74,74,
307,19,420000,0,user_23,74,74,
315,20,370000,0,user_34,74,74,
328,21,350000,0,user_49,74,74,
320,22,300000,0,user_39,74,74,
318,23,260000,0,user_38,74,74,
292,24,220000,0,user_6,74,74,
309,25,170000,0,user_26,74,74,
306,26,160000,0,user_22,74,74,
288,27,150000,0,user_1,74,74,
311,28,150000,0,user_29,74,74,
323,29,150000,0,user_43,74,74,
322,30,120000,0,user_42,74,74,
291,31,110000,0,user_6,74,74,
293,32,110000,0,user_7,74,74,
294,33,110000,73100,user_8,74,74,
325,34,100000,0,user_44,74,74,
287,35,77000,7840,user_0,74,74,
305,36,77000,0,user_21,74,74,
314,37,70000,0,user_33,74,74,
394,,220000,0,user_0,75,,
395,,310000,0,user_0,75,,
396,,1400000,0,user_2,75,,
397,,370000,0,user_3,75,,
398,,1400000,0,user_4,75,,
399,,30000000,0,user_5,75,,
400,,1800000,5180,user_6,75,,
401,,660000,0,user_7,75,,
402,,1400000,0,user_8,75,,
403,,650000,0,user_8,75,,
404,,220000,0,user_9,75,,
405,,1100000,0,user_10,75,,
406,,910000,13800,user_10,75,,
407,,1500000,0,user_11,75,,
408,,1100000,0,user_11,75,,
409,,120000,0,user_11,75,,
410,,360000,75000,user_11,75,,
411,,6300000,0,user_12,75,,
412,,240000,16400,user_14,75,,
413,,220000,0,user_15,75,,
414,,87000,0,user_17,75,,
415,,83000,0,user_19,75,,
416,,5000000,0,user_19,75,,
417,,2400000,0,user_19,75,,
418,,85000,0,user_19,75,,
419,,670000,0,user_20,75,,
420,,310000,0,user_22,75,,
421,,910000,0,user_24,75,,
422,,160000,0,user_25,75,,
423,,2000000,0,user_26,75,,
424,,420000,0,user_27,75,,
425,,1100000,0,user_29,75,,
426,,2100000,0,user_30,75,,
427,,4500000,0,user_31,75,,
428,,670000,35600,user_33,75,,
429,,19000000,0,user_34,75,,
430,,1800000,0,user_34,75,,
431,,370000,0,user_35,75,,
432,,30000000,0,user_35,75,,
433,,630000,0,user_36,75,,
434,,43000000,0,user_37,75,,
435,,73000,0,user_37,75,,
436,,670000,0,user_37,75,,
437,,310000,0,user_37,75,,
438,,84000,181000,user_38,75,,
439,,260000,67900,user_39,75,,
440,,160000,0,user_40,75,,
441,,420000,0,user_40,75,,
442,,110000,0,user_40,75,,
443,,120000,0,user_40,75,,
444,,87000,0,user_42,75,,
445,,84000,0,user_42,75,,
446,,84000,0,user_43,75,,
447,,83000,0,user_44,75,,
448,,4200000,161000,user_44,75,,
449,,84000,0,user_44,75,,
450,,1400000,161000,user_46,75,,
451,,80000,0,user_48,75,,
452,,2000000,285000,user_49,75,,
434,0,43000000,0,user_37,75,75,
399,1,30000000,0,user_5,75,75,
432,2,30000000,0,user_35,75,75,
429,3,19000000,0,user_34,75,75,
411,4,6300000,0,user_12,75,75,
416,5,5000000,0,user_19,75,75,
427,6,4500000,0,user_31,75,75,
448,7,4200000,161000,user_44,75,75,
417,8,2400000,0,user_19,75,75,
423,9,2000000,0,user_26,75,75,
452,10,2000000,285000,user_49,75,75,
400,11,1800000,5180,user_6,75,75,
430,12,1800000,0,user_34,75,75,
407,13,1500000,0,user_11,75,75,
396,14,1400000,0,user_2,75,75,
398,15,1400000,0,user_4,75,75,
402,16,1400000,0,user_8,75,75,
450,17,1400000,161000,user_46,75,75,
405,18,1100000,0,user_10,75,75,
408,19,1100000,0,user_11,75,75,
425,20,1100000,0,user_29,75,75,
406,21,910000,13800,user_10,75,75,
421,22,910000,0,user_24,75,75,
419,23,670000,0,user_20,75,75,
428,24,670000,35600,user_33,75,75,
436,25,670000,0,user_37,75,75,
401,26,660000,0,user_7,75,75,
403,27,650000,0,user_8,75,75,
424,28,420000,0,user_27,75,75,
397,29,370000,0,user_3,75,75,
431,30,370000,0,user_35,75,75,
410,31,360000,75000,user_11,75,75,
437,32,310000,0,user_37,75,75,
439,33,260000,67900,user_39,75,75,
404,34,220000,0,user_9,75,75,
413,35,220000,0,user_15,75,75,
422,36,160000,0,user_25,75,75,
409,37,120000,0,user_11,75,75,
414,38,87000,0,user_17,75,75,
444,39,87000,0,user_42,75,75,
418,40,85000,0,user_19,75,75,
438,41,84000,181000,user_38,75,75,
445,42,84000,0,user_42,75,75,
446,43,84000,0,user_43,75,75,
449,44,84000,0,user_44,75,75,
415,45,83000,0,user_19,75,75,
447,46,83000,0,user_44,75,75,
451,47,80000,0,user_48,75,75,
435,48,73000,0,user_37,75,75,
526,,1400000,0,user_2,76,,
527,,310000,0,user_4,76,,
528,,84000,0,user_4,76,,
529,,73000,0,user_4,76,,
530,,98000,0,user_4,76,,
531,,2500000,0,user_6,76,,
532,,6300000,0,user_7,76,,
533,,160000,0,user_8,76,,
534,,2400000,0,user_8,76,,
535,,6100000,0,user_10,76,,
536,,2100000,231000,user_12,76,,
537,,370000,0,user_12,76,,
538,,110000,231000,user_13,76,,
539,,670000,0,user_14,76,,
540,,110000,155000,user_15,76,,
541,,150000,0,user_15,76,,
542,,80000,0,user_17,76,,
543,,3500000,369000,user_19,76,,
544,,1400000,0,user_21,76,,
545,,420000,0,user_22,76,,
546,,190000,0,user_23,76,,
547,,1200000,0,user_23,76,,
548,,30000000,0,user_24,76,,
549,,1300000,0,user_25,76,,
550,,260000,0,user_25,76,,
551,,370000,0,user_26,76,,
552,,460000,779000,user_26,76,,
553,,120000,0,user_29,76,,
554,,310000,0,user_30,76,,
555,,150000,0,user_30,76,,
556,,650000,0,user_31,76,,
557,,150000,161000,user_31,76,,
558,,3600000,0,user_31,76,,
559,,1500000,5180,user_32,76,,
560,,1700000,0,user_33,76,,
561,,1300000,0,user_34,76,,
562,,84000,17000,user_35,76,,
563,,420000,0,user_35,76,,
564,,530000,0,user_37,76,,
565,,600000,15700,user_38,76,,
566,,2600000,0,user_38,76,,
567,,2000000,0,user_39,76,,
568,,2300000,0,user_41,76,,
569,,670000,0,user_45,76,,
570,,1100000,0,user_45,76,,
571,,260000,0,user_46,76,,
572,,4200000,0,user_47,76,,
573,,1400000,121000,user_48,76,,
574,,1100000,0,user_48,76,,
575,,1400000,0,user_48,76,,
576,,98000,0,user_48,76,,
577,,87000,0,user_48,76,,
578,,2600000,12800,user_49,76,,
579,,150000,0,user_49,76,,
580,,1100000,56200,user_49,76,,
581,,27000000,0,user_49,76,,
582,,130000,0,user_49,76,,
548,0,30000000,0,user_24,76,76,
581,1,27000000,0,user_49,76,76,
532,2,6300000,0,user_7,76,76,
535,3,6100000,0,user_10,76,76,
572,4,4200000,0,user_47,76,76,
558,5,3600000,0,user_31,76,76,
543,6,3500000,369000,user_19,76,76,
566,7,2600000,0,user_38,76,76,
578,8,2600000,12800,user_49,76,76,
531,9,2500000,0,user_6,76,76,
534,10,2400000,0,user_8,76,76,
536,11,2100000,231000,user_12,76,76,
567,12,2000000,0,user_39,76,76,
559,13,1500000,5180,user_32,76,76,
526,14,1400000,0,user_2,76,76,
544,15,1400000,0,user_21,76,76,
573,16,1400000,121000,user_48,76,76,
575,17,1400000,0,user_48,76,76,
549,18,1300000,0,user_25,76,76,
561,19,1300000,0,user_34,76,76,
547,20,1200000,0,user_23,76,76,
570,21,1100000,0,user_45,76,76,
574,22,1100000,0,user_48,76,76,
580,23,1100000,56200,user_49,76,76,
539,24,670000,0,user_14,76,76,
569,25,670000,0,user_45,76,76,
556,26,650000,0,user_31,76,76,
565,27,600000,15700,user_38,76,76,
564,28,530000,0,user_37,76,76,
552,29,460000,779000,user_26,76,76,
545,30,420000,0,user_22,76,76,
563,31,420000,0,user_35,76,76,
537,32,370000,0,user_12,76,76,
551,33,370000,0,user_26,76,76,
527,34,310000,0,user_4,76,76,
554,35,310000,0,user_30,76,76,
550,36,260000,0,user_25,76,76,
571,37,260000,0,user_46,76,76,
546,38,190000,0,user_23,76,76,
533,39,160000,0,user_8,76,76,
555,40,150000,0,user_30,76,76,
557,41,150000,161000,user_31,76,76,
579,42,150000,0,user_49,76,76,
582,43,130000,0,user_49,76,76,
553,44,120000,0,user_29,76,76,
538,45,110000,231000,user_13,76,76,
530,46,98000,0,user_4,76,76,
576,47,98000,0,user_48,76,76,
577,48,87000,0,user_48,76,76,
528,49,84000,0,user_4,76,76,
562,50,84000,17000,user_35,76,76,
542,51,80000,0,user_17,76,76,
529,52,73000,0,user_4,76,76,
674,,530000,0,user_0,77,,
675,,420000,0,user_2,77,,
676,,170000,47700,user_3,77,,
677,,70000,15300,user_4,77,,
678,,1100000,0,user_5,77,,
679,,670000,18600,user_6,77,,
680,,310000,779000,user_7,77,,
681,,470000,0,user_8,77,,
682,,1800000,60700,user_9,77,,
683,,460000,0,user_9,77,,
684,,1400000,36800,user_10,77,,
685,,83000,0,user_10,77,,
686,,360000,121000,user_10,77,,
687,,970000,47700,user_11,77,,
688,,27000000,0,user_12,77,,
689,,160000,0,user_13,77,,
690,,2100000,0,user_14,77,,
691,,660000,0,user_16,77,,
692,,170000,0,user_16,77,,
693,,870000,0,user_16,77,,
694,,1000000,0,user_16,77,,
695,,3200000,47700,user_17,77,,
696,,5200000,0,user_17,77,,
697,,970000,67900,user_20,77,,
698,,77000,164000,user_20,77,,
699,,650000,0,user_21,77,,
700,,190000,0,user_22,77,,
701,,310000,0,user_22,77,,
702,,1000000,0,user_22,77,,
703,,670000,0,user_22,77,,
704,,170000,0,user_22,77,,
705,,19000000,0,user_23,77,,
706,,1400000,4320000,user_23,77,,
707,,660000,0,user_25,77,,
708,,6100000,0,user_30,77,,
709,,970000,0,user_31,77,,
710,,82000,0,user_32,77,,
711,,83000,0,user_32,77,,
712,,1600000,64600,user_33,77,,
713,,2600000,0,user_33,77,,
714,,650000,161000,user_34,77,,
715,,85000,139000,user_35,77,,
716,,530000,0,user_36,77,,
717,,370000,0,user_37,77,,
718,,160000,0,user_39,77,,
719,,3500000,0,user_39,77,,
720,,70000,0,user_46,77,,
721,,660000,0,user_46,77,,
722,,460000,0,user_47,77,,
723,,1000000,0,user_49,77,,
688,0,27000000,0,user_12,77,77,
705,1,19000000,0,user_23,77,77,
708,2,6100000,0,user_30,77,77,
696,3,5200000,0,user_17,77,77,
719,4,3500000,0,user_39,77,77,
695,5,3200000,47700,user_17,77,77,
713,6,2600000,0,user_33,77,77,
690,7,2100000,0,user_14,77,77,
682,8,1800000,60700,user_9,77,77,
712,9,1600000,64600,user_33,77,77,
684,10,1400000,36800,user_10,77,77,
706,11,1400000,4320000,user_23,77,77,
678,12,1100000,0,user_5,77,77,
694,13,1000000,0,user_16,77,77,
702,14,1000000,0,user_22,77,77,
687,15,970000,47700,user_11,77,77,
697,16,970000,67900,user_20,77,77,
693,17,870000,0,user_16,77,77,
679,18,670000,18600,user_6,77,77,
703,19,670000,0,user_22,77,77,
691,20,660000,0,user_16,77,77,
721,21,660000,0,user_46,77,77,
699,22,650000,0,user_21,77,77,
714,23,650000,161000,user_34,77,77,
716,24,530000,0,user_36,77,77,
681,25,470000,0,user_8,77,77,
683,26,460000,0,user_9,77,77,
722,27,460000,0,user_47,77,77,
686,28,360000,121000,user_10,77,77,
680,29,310000,779000,user_7,77,77,
701,30,310000,0,user_22,77,77,
700,31,190000,0,user_22,77,77,
676,32,170000,47700,user_3,77,77,
692,33,170000,0,user_16,77,77,
704,34,170000,0,user_22,77,77,
689,35,160000,0,user_13,77,77,
718,36,160000,0,user_39,77,77,
715,37,85000,139000,user_35,77,77,
685,38,83000,0,user_10,77,77,
711,39,83000,0,user_32,77,77,
710,40,82000,0,user_32,77,77,
698,41,77000,164000,user_20,77,77,
720,42,70000,0,user_46,77,77,
825,,870000,0,user_0,78,,
826,,27000000,66100,user_1,78,,
827,,260000,0,user_1,78,,
828,,80000,0,user_2,78,,
829,,220000,0,user_2,78,,
830,,530000,0,user_4,78,,
831,,130000,0,user_5,78,,
832,,220000,0,user_6,78,,
833,,1600000,0,user_7,78,,
834,,120000,0,user_8,78,,
835,,350000,0,user_8,78,,
836,,110000,0,user_9,78,,
837,,420000,0,user_9,78,,
838,,160000,0,user_10,78,,
839,,1400000,0,user_11,78,,
840,,2600000,75000,user_11,78,,
841,,2000000,0,user_12,78,,
842,,30000000,12800,user_13,78,,
843,,120000,0,user_13,78,,
844,,1300000,0,user_13,78,,
845,,2100000,0,user_13,78,,
846,,1100000,0,user_13,78,,
847,,120000,594000,user_14,78,,
848,,370000,12800,user_15,78,,
849,,1500000,13800,user_15,78,,
850,,1300000,0,user_16,78,,
851,,1000000,0,user_16,78,,
852,,1600000,0,user_16,78,,
853,,120000,0,user_18,78,,
854,,150000,0,user_19,78,,
855,,120000,146000,user_21,78,,
856,,5000000,0,user_22,78,,
857,,220000,0,user_23,78,,
858,,460000,0,user_24,78,,
859,,1500000,100000,user_26,78,,
860,,220000,19700,user_27,78,,
861,,1400000,0,user_27,78,,
862,,6300000,0,user_28,78,,
863,,1100000,0,user_28,78,,
864,,1400000,0,user_30,78,,
865,,1600000,0,user_32,78,,
866,,1000000,0,user_33,78,,
867,,2100000,0,user_33,78,,
868,,5200000,0,user_35,78,,
869,,1800000,0,user_35,78,,
870,,110000,0,user_35,78,,
871,,77000,0,user_35,78,,
872,,190000,0,user_35,78,,
873,,370000,0,user_36,78,,
874,,150000,30200,user_37,78,,
875,,2000000,0,user_38,78,,
876,,910000,0,user_39,78,,
877,,470000,75000,user_43,78,,
878,,460000,0,user_44,78,,
879,,3200000,0,user_44,78,,
880,,340000,0,user_44,78,,
881,,220000,0,user_44,78,,
882,,530000,0,user_45,78,,
883,,1500000,0,user_47,78,,
884,,370000,769000,user_47,78,,
885,,110000,0,user_49,78,,
842,0,30000000,12800,user_13,78,78,
826,1,27000000,66100,user_1,78,78,
862,2,6300000,0,user_28,78,78,
868,3,5200000,0,user_35,78,78,
856,4,5000000,0,user_22,78,78,
879,5,3200000,0,user_44,78,78,
840,6,2600000,75000,user_11,78,78,
845,7,2100000,0,user_13,78,78,
867,8,2100000,0,user_33,78,78,
841,9,2000000,0,user_12,78,78,
875,10,2000000,0,user_38,78,78,
869,11,1800000,0,user_35,78,78,
833,12,1600000,0,user_7,78,78,
852,13,1600000,0,user_16,78,78,
865,14,1600000,0,user_32,78,78,
849,15,1500000,13800,user_15,78,78,
859,16,1500000,100000,user_26,78,78,
883,17,1500000,0,user_47,78,78,
839,18,1400000,0,user_11,78,78,
861,19,1400000,0,user_27,78,78,
864,20,1400000,0,user_30,78,78,
844,21,1300000,0,user_13,78,78,
850,22,1300000,0,user_16,78,78,
846,23,1100000,0,user_13,78,78,
863,24,1100000,0,user_28,78,78,
851,25,1000000,0,user_16,78,78,
866,26,1000000,0,user_33,78,78,
876,27,910000,0,user_39,78,78,
882,28,530000,0,user_45,78,78,
877,29,470000,75000,user_43,78,78,
878,30,460000,0,user_44,78,78,
837,31,420000,0,user_9,78,78,
848,32,370000,12800,user_15,78,78,
873,33,370000,0,user_36,78,78,
884,34,370000,769000,user_47,78,78,
835,35,350000,0,user_8,78,78,
880,36,340000,0,user_44,78,78,
827,37,260000,0,user_1,78,78,
832,38,220000,0,user_6,78,78,
857,39,220000,0,user_23,78,78,
860,40,220000,19700,user_27,78,78,
881,41,220000,0,user_44,78,78,
872,42,190000,0,user_35,78,78,
838,43,160000,0,user_10,78,78,
831,44,130000,0,user_5,78,78,
834,45,120000,0,user_8,78,78,
843,46,120000,0,user_13,78,78,
847,47,120000,594000,user_14,78,78,
855,48,120000,146000,user_21,78,78,
836,49,110000,0,user_9,78,78,
870,50,110000,0,user_35,78,78,
871,51,77000,0,user_35,78,78,
968,,2600000,0,user_0,79,,
969,,110000,0,user_0,79,,
970,,1900000,32900,user_0,79,,
971,,420000,0,user_1,79,,
972,,2600000,0,user_2,79,,
973,,160000,0,user_2,79,,
974,,1000000,0,user_3,79,,
975,,4200000,0,user_3,79,,
976,,80000,0,user_5,79,,
977,,660000,0,user_5,79,,
978,,220000,0,user_6,79,,
979,,240000,0,user_8,79,,
980,,2000000,30200,user_9,79,,
981,,1600000,43600,user_9,79,,
982,,310000,18600,user_10,79,,
983,,310000,0,user_10,79,,
984,,4500000,0,user_14,79,,
985,,73000,0,user_14,79,,
986,,310000,0,user_15,79,,
987,,1100000,0,user_16,79,,
988,,1100000,31700,user_17,79,,
989,,160000,0,user_17,79,,
990,,2300000,0,user_18,79,,
991,,470000,0,user_18,79,,
992,,1500000,0,user_19,79,,
993,,1500000,17000,user_20,79,,
994,,2600000,256000,user_20,79,,
995,,1600000,0,user_21,79,,
996,,80000,0,user_25,79,,
997,,80000,0,user_26,79,,
998,,98000,0,user_27,79,,
999,,5200000,0,user_28,79,,
1000,,1200000,0,user_30,79,,
1001,,600000,0,user_30,79,,
1002,,160000,5180,user_30,79,,
1003,,5200000,0,user_31,79,,
1004,,3500000,0,user_31,79,,
1005,,1500000,0,user_32,79,,
1006,,1000000,36800,user_34,79,,
1007,,2300000,0,user_35,79,,
1008,,470000,0,user_36,79,,
1009,,970000,0,user_36,79,,
1010,,360000,164000,user_38,79,,
1011,,1400000,0,user_39,79,,
1012,,470000,0,user_41,79,,
1013,,630000,0,user_42,79,,
1014,,120000,0,user_43,79,,
1015,,530000,0,user_46,79,,
1016,,6100000,5630,user_47,79,,
1017,0,0,0,builder_0,79,79,1016
1016,1,6100000,5630,user_47,79,79,
999,2,5200000,0,user_28,79,79,
1003,3,5200000,0,user_31,79,79,
984,4,4500000,0,user_14,79,79,
975,5,4200000,0,user_3,79,79,
1004,6,3500000,0,user_31,79,79,
994,7,2600000,256000,user_20,79,79,
1018,8,0,0,builder_0,79,79,994
968,9,2600000,0,user_0,79,79,
972,10,2600000,0,user_2,79,79,
990,11,2300000,0,user_18,79,79,
1007,12,2300000,0,user_35,79,79,
980,13,2000000,30200,user_9,79,79,
1019,14,0,0,builder_0,79,79,980
1020,15,0,0,builder_0,79,79,970
970,16,1900000,32900,user_0,79,79,
981,17,1600000,43600,user_9,79,79,
1021,18,0,0,builder_0,79,79,981
995,19,1600000,0,user_21,79,79,
1022,20,0,0,builder_0,79,79,993
993,21,1500000,17000,user_20,79,79,
992,22,1500000,0,user_19,79,79,
1005,23,1500000,0,user_32,79,79,
1000,24,1200000,0,user_30,79,79,
988,25,1100000,31700,user_17,79,79,
1023,26,0,0,builder_0,79,79,988
987,27,1100000,0,user_16,79,79,
974,28,1000000,0,user_3,79,79,
1009,29,970000,0,user_36,79,79,
1013,30,630000,0,user_42,79,79,
1001,31,600000,0,user_30,79,79,
1015,32,530000,0,user_46,79,79,
1024,33,0,0,builder_0,79,79,1010
1010,34,360000,164000,user_38,79,79,
991,35,470000,0,user_18,79,79,
1008,36,470000,0,user_36,79,79,
1012,37,470000,0,user_41,79,79,
971,38,420000,0,user_1,79,79,
982,39,310000,18600,user_10,79,79,
1025,40,0,0,builder_0,79,79,982
983,41,310000,0,user_10,79,79,
979,42,240000,0,user_8,79,79,
978,43,220000,0,user_6,79,79,
1002,44,160000,5180,user_30,79,79,
1026,45,0,0,builder_0,79,79,1002
973,46,160000,0,user_2,79,79,
989,47,160000,0,user_17,79,79,
1014,48,120000,0,user_43,79,79,
969,49,110000,0,user_0,79,79,
998,50,98000,0,user_27,79,79,
996,51,80000,0,user_25,79,79,
997,52,80000,0,user_26,79,79,
985,53,73000,0,user_14,79,79,
1091,,340000,0,user_1,80,,
1092,,420000,46500,user_1,80,,
1093,,870000,0,user_2,80,,
1094,,460000,0,user_4,80,,
1095,,970000,0,user_5,80,,
1096,,2000000,0,user_6,80,,
1097,,6100000,4320000,user_7,80,,
1098,,160000,0,user_8,80,,
1099,,220000,0,user_10,80,,
1100,,1600000,0,user_12,80,,
1101,,150000,0,user_12,80,,
1102,,1900000,24700,user_13,80,,
1103,,5000000,0,user_13,80,,
1104,,87000,0,user_16,80,,
1105,,6300000,0,user_17,80,,
1106,,150000,0,user_17,80,,
1107,,260000,779000,user_18,80,,
1108,,77000,121000,user_19,80,,
1109,,120000,60700,user_20,80,,
1110,,1700000,0,user_20,80,,
1111,,1000000,0,user_23,80,,
1112,,170000,0,user_24,80,,
1113,,3200000,0,user_25,80,,
1114,,120000,0,user_25,80,,
1115,,2000000,0,user_26,80,,
1116,,320000,0,user_27,80,,
1117,,870000,0,user_28,80,,
1118,,1900000,769000,user_30,80,,
1119,,1100000,283000,user_31,80,,
1120,,100000,161000,user_32,80,,
1121,,970000,0,user_33,80,,
1122,,1600000,0,user_34,80,,
1123,,1300000,34700,user_37,80,,
1124,,630000,0,user_38,80,,
1125,,82000,0,user_39,80,,
1126,,73000,0,user_39,80,,
1127,,150000,0,user_42,80,,
1128,,1200000,0,user_43,80,,
1129,,2300000,0,user_44,80,,
1130,,1700000,0,user_44,80,,
1131,,260000,0,user_45,80,,
1132,,370000,0,user_45,80,,
1133,,870000,510000,user_45,80,,
1134,,370000,0,user_45,80,,
1135,,150000,0,user_45,80,,
1136,,1000000,12300,user_46,80,,
1137,,82000,155000,user_49,80,,
1105,0,6300000,0,user_17,80,80,
1097,1,6100000,4320000,user_7,80,80,
1103,2,5000000,0,user_13,80,80,
1113,3,3200000,0,user_25,80,80,
1129,4,2300000,0,user_44,80,80,
1096,5,2000000,0,user_6,80,80,
1115,6,2000000,0,user_26,80,80,
1102,7,1900000,24700,user_13,80,80,
1118,8,1900000,769000,user_30,80,80,
1110,9,1700000,0,user_20,80,80,
1130,10,1700000,0,user_44,80,80,
1100,11,1600000,0,user_12,80,80,
1122,12,1600000,0,user_34,80,80,
1123,13,1300000,34700,user_37,80,80,
1128,14,1200000,0,user_43,80,80,
1119,15,1100000,283000,user_31,80,80,
1111,16,1000000,0,user_23,80,80,
1136,17,1000000,12300,user_46,80,80,
1095,18,970000,0,user_5,80,80,
1121,19,970000,0,user_33,80,80,
1093,20,870000,0,user_2,80,80,
1133,21,870000,510000,user_45,80,80,
1094,22,460000,0,user_4,80,80,
1092,23,420000,46500,user_1,80,80,
1132,24,370000,0,user_45,80,80,
1134,25,370000,0,user_45,80,80,
1091,26,340000,0,user_1,80,80,
1116,27,320000,0,user_27,80,80,
1107,28,260000,779000,user_18,80,80,
1131,29,260000,0,user_45,80,80,
1099,30,220000,0,user_10,80,80,
1098,31,160000,0,user_8,80,80,
1101,32,150000,0,user_12,80,80,
1106,33,150000,0,user_17,80,80,
1127,34,150000,0,user_42,80,80,
1135,35,150000,0,user_45,80,80,
1109,36,120000,60700,user_20,80,80,
1114,37,120000,0,user_25,80,80,
1104,38,87000,0,user_16,80,80,
1125,39,82000,0,user_39,80,80,
1137,40,82000,155000,user_49,80,80,
1126,41,73000,0,user_39,80,80,
1232,,70000,0,user_1,81,,
1233,,110000,164000,user_2,81,,
1234,,73000,0,user_3,81,,
1235,,77000,0,user_4,81,,
1236,,240000,0,user_5,81,,
1237,,320000,0,user_6,81,,
1238,,240000,128000,user_7,81,,
1239,,1500000,0,user_7,81,,
1240,,660000,0,user_8,81,,
1241,,79000,231000,user_12,81,,
1242,,110000,0,user_13,81,,
1243,,2000000,0,user_13,81,,
1244,,150000,0,user_14,81,,
1245,,350000,84800,user_14,81,,
1246,,1900000,5630,user_15,81,,
1247,,220000,0,user_16,81,,
1248,,370000,0,user_19,81,,
1249,,80000,30200,user_20,81,,
1250,,650000,0,user_22,81,,
1251,,300000,0,user_23,81,,
1252,,650000,19700,user_24,81,,
1253,,150000,0,user_25,81,,
1254,,2000000,0,user_25,81,,
1255,,220000,24700,user_26,81,,
1256,,150000,0,user_27,81,,
1257,,73000,0,user_27,81,,
1258,,70000,5180,user_28,81,,
1259,,110000,0,user_29,81,,
1260,,1000000,0,user_30,81,,
1261,,6100000,0,user_34,81,,
1262,,170000,0,user_34,81,,
1263,,1100000,0,user_35,81,,
1264,,4500000,0,user_35,81,,
1265,,670000,0,user_37,81,,
1266,,80000,0,user_38,81,,
1267,,470000,12800,user_39,81,,
1268,,1300000,0,user_39,81,,
1269,,130000,0,user_39,81,,
1270,,1400000,0,user_40,81,,
1271,,70000,0,user_40,81,,
1272,,420000,0,user_42,81,,
1273,,110000,0,user_43,81,,
1274,,360000,0,user_44,81,,
1275,,530000,35100,user_44,81,,
1276,,460000,31700,user_45,81,,
1277,,100000,0,user_45,81,,
1278,,2000000,0,user_46,81,,
1279,,110000,0,user_47,81,,
1280,,6100000,0,user_48,81,,
1281,,3200000,0,user_49,81,,
1261,0,6100000,0,user_34,81,81,
1280,1,6100000,0,user_48,81,81,
1264,2,4500000,0,user_35,81,81,
1281,3,3200000,0,user_49,81,81,
1243,4,2000000,0,user_13,81,81,
1254,5,2000000,0,user_25,81,81,
1278,6,2000000,0,user_46,81,81,
1246,7,1900000,5630,user_15,81,81,
1239,8,1500000,0,user_7,81,81,
1270,9,1400000,0,user_40,81,81,
1263,10,1100000,0,user_35,81,81,
1260,11,1000000,0,user_30,81,81,
1240,12,660000,0,user_8,81,81,
1250,13,650000,0,user_22,81,81,
1252,14,650000,19700,user_24,81,81,
1275,15,530000,35100,user_44,81,81,
1276,16,460000,31700,user_45,81,81,
1272,17,420000,0,user_42,81,81,
1248,18,370000,0,user_19,81,81,
1274,19,360000,0,user_44,81,81,
1245,20,350000,84800,user_14,81,81,
1237,21,320000,0,user_6,81,81,
1251,22,300000,0,user_23,81,81,
1236,23,240000,0,user_5,81,81,
1238,24,240000,128000,user_7,81,81,
1247,25,220000,0,user_16,81,81,
1262,26,170000,0,user_34,81,81,
1244,27,150000,0,user_14,81,81,
1253,28,150000,0,user_25,81,81,
1256,29,150000,0,user_27,81,81,
1233,30,110000,164000,user_2,81,81,
1242,31,110000,0,user_13,81,81,
1259,32,110000,0,user_29,81,81,
1273,33,110000,0,user_43,81,81,
1279,34,110000,0,user_47,81,81,
1277,35,100000,0,user_45,81,81,
1249,36,80000,30200,user_20,81,81,
1266,37,80000,0,user_38,81,81,
1234,38,73000,0,user_3,81,81,
1257,39,73000,0,user_27,81,81,
1271,40,70000,0,user_40,81,81,
1364,,320000,0,user_0,82,,
1365,,460000,0,user_1,82,,
1366,,360000,0,user_2,82,,
1367,,970000,0,user_3,82,,
1368,,870000,0,user_4,82,,
1369,,77000,0,user_5,82,,
1370,,1500000,0,user_5,82,,
1371,,340000,0,user_6,82,,
1372,,1000000,0,user_8,82,,
1373,,110000,0,user_10,82,,
1374,,5200000,108000,user_12,82,,
1375,,600000,139000,user_13,82,,
1376,,80000,0,user_14,82,,
1377,,910000,0,user_15,82,,
1378,,80000,0,user_17,82,,
1379,,83000,0,user_19,82,,
1380,,190000,0,user_19,82,,
1381,,160000,0,user_20,82,,
1382,,300000,0,user_22,82,,
1383,,4500000,0,user_22,82,,
1384,,73000,0,user_23,82,,
1385,,1900000,0,user_25,82,,
1386,,170000,13900,user_25,82,,
1387,,630000,100000,user_25,82,,
1388,,260000,0,user_25,82,,
1389,,19000000,0,user_27,82,,
1390,,1400000,35600,user_27,82,,
1391,,1900000,0,user_27,82,,
1392,,600000,0,user_27,82,,
1393,,84000,0,user_27,82,,
1394,,1900000,0,user_30,82,,
1395,,350000,0,user_32,82,,
1396,,150000,0,user_33,82,,
1397,,1500000,0,user_33,82,,
1398,,120000,0,user_34,82,,
1399,,1400000,0,user_34,82,,
1400,,310000,231000,user_35,82,,
1401,,150000,0,user_36,82,,
1402,,420000,0,user_36,82,,
1403,,420000,0,user_36,82,,
1404,,1500000,0,user_36,82,,
1405,,5000000,0,user_37,82,,
1406,,1600000,161000,user_38,82,,
1407,,150000,10700,user_40,82,,
1408,,460000,0,user_40,82,,
1409,,110000,0,user_46,82,,
1410,,1500000,0,user_47,82,,
1389,0,19000000,0,user_27,82,82,
1374,1,5200000,108000,user_12,82,82,
1405,2,5000000,0,user_37,82,82,
1383,3,4500000,0,user_22,82,82,
1385,4,1900000,0,user_25,82,82,
1391,5,1900000,0,user_27,82,82,
1394,6,1900000,0,user_30,82,82,
1406,7,1600000,161000,user_38,82,82,
1370,8,1500000,0,user_5,82,82,
1397,9,1500000,0,user_33,82,82,
1404,10,1500000,0,user_36,82,82,
1410,11,1500000,0,user_47,82,82,
1390,12,1400000,35600,user_27,82,82,
1399,13,1400000,0,user_34,82,82,
1372,14,1000000,0,user_8,82,82,
1367,15,970000,0,user_3,82,82,
1377,16,910000,0,user_15,82,82,
1368,17,870000,0,user_4,82,82,
1387,18,630000,100000,user_25,82,82,
1375,19,600000,139000,user_13,82,82,
1392,20,600000,0,user_27,82,82,
1365,21,460000,0,user_1,82,82,
1408,22,460000,0,user_40,82,82,
1402,23,420000,0,user_36,82,82,
1403,24,420000,0,user_36,82,82,
1366,25,360000,0,user_2,82,82,
1371,26,340000,0,user_6,82,82,
1364,27,320000,0,user_0,82,82,
1382,28,300000,0,user_22,82,82,
1388,29,260000,0,user_25,82,82,
1380,30,190000,0,user_19,82,82,
1386,31,170000,13900,user_25,82,82,
1381,32,160000,0,user_20,82,82,
1396,33,150000,0,user_33,82,82,
1401,34,150000,0,user_36,82,82,
1407,35,150000,10700,user_40,82,82,
1398,36,120000,0,user_34,82,82,
1393,37,84000,0,user_27,82,82,
1379,38,83000,0,user_19,82,82,
1376,39,80000,0,user_14,82,82,
1378,40,80000,0,user_17,82,82,
1369,41,77000,0,user_5,82,82,
1384,42,73000,0,user_23,82,82,
1467,,220000,0,user_0,83,,
1468,,190000,0,user_2,83,,
1469,,30000000,0,user_3,83,,
1470,,530000,0,user_6,83,,
1471,,320000,0,user_8,83,,
1472,,84000,15700,user_10,83,,
1473,,1300000,0,user_11,83,,
1474,,77000,0,user_12,83,,
1475,,150000,73100,user_13,83,,
1476,,2000000,369000,user_15,83,,
1477,,160000,0,user_16,83,,
1478,,2100000,0,user_16,83,,
1479,,910000,0,user_16,83,,
1480,,70000,0,user_16,83,,
1481,,19000000,0,user_16,83,,
1482,,110000,0,user_17,83,,
1483,,1400000,350000,user_18,83,,
1484,,470000,0,user_18,83,,
1485,,30000000,35600,user_19,83,,
1486,,160000,0,user_21,83,,
1487,,5000000,0,user_22,83,,
1488,,5000000,0,user_24,83,,
1489,,170000,0,user_25,83,,
1490,,1500000,0,user_27,83,,
1491,,98000,0,user_28,83,,
1492,,79000,31700,user_29,83,,
1493,,310000,13900,user_29,83,,
1494,,1400000,0,user_30,83,,
1495,,460000,0,user_31,83,,
1496,,98000,0,user_32,83,,
1497,,1400000,15700,user_33,83,,
1498,,85000,0,user_33,83,,
1499,,360000,0,user_33,83,,
1500,,470000,0,user_33,83,,
1501,,120000,0,user_34,83,,
1502,,320000,0,user_35,83,,
1503,,160000,0,user_36,83,,
1504,,98000,0,user_37,83,,
1505,,1900000,0,user_39,83,,
1506,,110000,0,user_39,83,,
1507,,1000000,35600,user_40,83,,
1508,,110000,0,user_41,83,,
1509,,4200000,0,user_42,83,,
1510,,2400000,0,user_42,83,,
1511,,220000,0,user_42,83,,
1512,,310000,164000,user_42,83,,
1513,,98000,0,user_42,83,,
1514,,2500000,0,user_43,83,,
1515,,2000000,0,user_49,83,,
1516,,1300000,35100,user_49,83,,
1469,0,30000000,0,user_3,83,83,
1485,1,30000000,35600,user_19,83,83,
1481,2,19000000,0,user_16,83,83,
1487,3,5000000,0,user_22,83,83,
1488,4,5000000,0,user_24,83,83,
1509,5,4200000,0,user_42,83,83,
1514,6,2500000,0,user_43,83,83,
1510,7,2400000,0,user_42,83,83,
1478,8,2100000,0,user_16,83,83,
1476,9,2000000,369000,user_15,83,83,
1515,10,2000000,0,user_49,83,83,
1505,11,1900000,0,user_39,83,83,
1483,12,1400000,350000,user_18,83,83,
1494,13,1400000,0,user_30,83,83,
1497,14,1400000,15700,user_33,83,83,
1473,15,1300000,0,user_11,83,83,
1516,16,1300000,35100,user_49,83,83,
1507,17,1000000,35600,user_40,83,83,
1479,18,910000,0,user_16,83,83,
1470,19,530000,0,user_6,83,83,
1484,20,470000,0,user_18,83,83,
1500,21,470000,0,user_33,83,83,
1495,22,460000,0,user_31,83,83,
1499,23,360000,0,user_33,83,83,
1471,24,320000,0,user_8,83,83,
1502,25,320000,0,user_35,83,83,
1493,26,310000,13900,user_29,83,83,
1512,27,310000,164000,user_42,83,83,
1467,28,220000,0,user_0,83,83,
1511,29,220000,0,user_42,83,83,
1468,30,190000,0,user_2,83,83,
1489,31,170000,0,user_25,83,83,
1477,32,160000,0,user_16,83,83,
1486,33,160000,0,user_21,83,83,
1475,34,150000,73100,user_13,83,83,
1501,35,120000,0,user_34,83,83,
1482,36,110000,0,user_17,83,83,
1506,37,110000,0,user_39,83,83,
1508,38,110000,0,user_41,83,83,
1491,39,98000,0,user_28,83,83,
1496,40,98000,0,user_32,83,83,
1504,41,98000,0,user_37,83,83,
1513,42,98000,0,user_42,83,83,
1498,43,85000,0,user_33,83,83,
1492,44,79000,31700,user_29,83,83,
1474,45,77000,0,user_12,83,83,
1480,46,70000,0,user_16,83,83,
1598,,5200000,0,user_0,84,,
1599,,220000,49100,user_2,84,,
1600,,150000,0,user_3,84,,
1601,,6300000,0,user_6,84,,
1602,,160000,0,user_6,84,,
1603,,5000000,0,user_7,84,,
1604,,1500000,0,user_8,84,,
1605,,260000,0,user_8,84,,
1606,,1100000,0,user_9,84,,
1607,,470000,12800,user_10,84,,
1608,,160000,0,user_12,84,,
1609,,120000,0,user_13,84,,
1610,,3500000,0,user_14,84,,
1611,,150000,0,user_15,84,,
1612,,530000,0,user_15,84,,
1613,,5200000,12300,user_17,84,,
1614,,160000,47700,user_17,84,,
1615,,1500000,410000,user_18,84,,
1616,,120000,0,user_19,84,,
1617,,460000,0,user_19,84,,
1618,,1400000,0,user_20,84,,
1619,,43000000,0,user_21,84,,
1620,,1100000,231000,user_22,84,,
1621,,310000,0,user_23,84,,
1622,,1200000,231000,user_25,84,,
1623,,85000,0,user_25,84,,
1624,,120000,64600,user_26,84,,
1625,,110000,0,user_27,84,,
1626,,530000,231000,user_29,84,,
1627,,1000000,0,user_29,84,,
1628,,1000000,0,user_30,84,,
1629,,130000,0,user_31,84,,
1630,,1000000,0,user_32,84,,
1631,,170000,0,user_34,84,,
1632,,190000,0,user_34,84,,
1633,,530000,0,user_34,84,,
1634,,2000000,33300,user_34,84,,
1635,,170000,0,user_35,84,,
1636,,1600000,0,user_36,84,,
1637,,1500000,35100,user_37,84,,
1638,,1000000,0,user_37,84,,
1639,,320000,1100000,user_39,84,,
1640,,2300000,31700,user_39,84,,
1641,,1500000,67500,user_39,84,,
1642,,84000,0,user_42,84,,
1643,,150000,350000,user_43,84,,
1644,,420000,0,user_44,84,,
1645,,1900000,0,user_44,84,,
1646,,240000,0,user_45,84,,
1647,,83000,0,user_46,84,,
1648,,2100000,0,user_49,84,,
1619,0,43000000,0,user_21,84,84,
1601,1,6300000,0,user_6,84,84,
1598,2,5200000,0,user_0,84,84,
1613,3,5200000,12300,user_17,84,84,
1603,4,5000000,0,user_7,84,84,
1610,5,3500000,0,user_14,84,84,
1640,6,2300000,31700,user_39,84,84,
1648,7,2100000,0,user_49,84,84,
1634,8,2000000,33300,user_34,84,84,
1645,9,1900000,0,user_44,84,84,
1636,10,1600000,0,user_36,84,84,
1604,11,1500000,0,user_8,84,84,
1615,12,1500000,410000,user_18,84,84,
1637,13,1500000,35100,user_37,84,84,
1641,14,1500000,67500,user_39,84,84,
1618,15,1400000,0,user_20,84,84,
1622,16,1200000,231000,user_25,84,84,
1606,17,1100000,0,user_9,84,84,
1620,18,1100000,231000,user_22,84,84,
1627,19,1000000,0,user_29,84,84,
1628,20,1000000,0,user_30,84,84,
1638,21,1000000,0,user_37,84,84,
1612,22,530000,0,user_15,84,84,
1626,23,530000,231000,user_29,84,84,
1633,24,530000,0,user_34,84,84,
1617,25,460000,0,user_19,84,84,
1644,26,420000,0,user_44,84,84,
1639,27,320000,1100000,user_39,84,84,
1621,28,310000,0,user_23,84,84,
1605,29,260000,0,user_8,84,84,
1599,30,220000,49100,user_2,84,84,
1632,31,190000,0,user_34,84,84,
1631,32,170000,0,user_34,84,84,
1602,33,160000,0,user_6,84,84,
1608,34,160000,0,user_12,84,84,
1614,35,160000,47700,user_17,84,84,
1600,36,150000,0,user_3,84,84,
1611,37,150000,0,user_15,84,84,
1643,38,150000,350000,user_43,84,84,
1629,39,130000,0,user_31,84,84,
1609,40,120000,0,user_13,84,84,
1616,41,120000,0,user_19,84,84,
1624,42,120000,64600,user_26,84,84,
1625,43,110000,0,user_27,84,84,
1623,44,85000,0,user_25,84,84,
1642,45,84000,0,user_42,84,84,
1753,,3600000,0,user_1,85,,
1754,,530000,0,user_2,85,,
1755,,4500000,0,user_3,85,,
1756,,82000,0,user_4,85,,
1757,,43000000,0,user_5,85,,
1758,,1500000,0,user_5,85,,
1759,,320000,0,user_6,85,,
1760,,150000,0,user_8,85,,
1761,,370000,0,user_8,85,,
1762,,87000,0,user_9,85,,
1763,,1400000,0,user_9,85,,
1764,,1700000,0,user_11,85,,
1765,,260000,0,user_13,85,,
1766,,260000,322000,user_14,85,,
1767,,170000,18600,user_14,85,,
1768,,300000,0,user_15,85,,
1769,,2500000,0,user_16,85,,
1770,,100000,0,user_17,85,,
1771,,170000,5640,user_18,85,,
1772,,5000000,0,user_19,85,,
1773,,300000,0,user_20,85,,
1774,,1500000,0,user_21,85,,
1775,,460000,0,user_22,85,,
1776,,6300000,36800,user_23,85,,
1777,,110000,0,user_24,85,,
1778,,5000000,0,user_25,85,,
1779,,1600000,0,user_26,85,,
1780,,320000,0,user_26,85,,
1781,,84000,0,user_26,85,,
1782,,340000,75000,user_26,85,,
1783,,70000,283000,user_27,85,,
1784,,970000,33300,user_27,85,,
1785,,460000,121000,user_28,85,,
1786,,470000,195000,user_29,85,,
1787,,6300000,0,user_30,85,,
1788,,1300000,0,user_33,85,,
1789,,1400000,13900,user_34,85,,
1790,,1500000,369000,user_36,85,,
1791,,150000,0,user_37,85,,
1792,,660000,33100,user_37,85,,
1793,,1600000,381000,user_37,85,,
1794,,2400000,0,user_37,85,,
1795,,2000000,0,user_38,85,,
1796,,150000,0,user_38,85,,
1797,,110000,0,user_39,85,,
1798,,970000,0,user_40,85,,
1799,,1000000,0,user_41,85,,
1800,,6100000,39400,user_42,85,,
1801,,1000000,43600,user_43,85,,
1802,,1100000,0,user_43,85,,
1803,,360000,10700,user_44,85,,
1804,,2000000,0,user_44,85,,
1805,,150000,0,user_45,85,,
1806,,6100000,0,user_46,85,,
1807,,4200000,0,user_46,85,,
1808,,27000000,769000,user_47,85,,
1809,,84000,0,user_48,85,,
1810,,2000000,0,user_49,85,,
1811,,2600000,0,user_49,85,,
1812,,130000,0,user_49,85,,
1813,,130000,0,user_49,85,,
1757,0,43000000,0,user_5,85,85,
1808,1,27000000,769000,user_47,85,85,
1776,2,6300000,36800,user_23,85,85,
1787,3,6300000,0,user_30,85,85,
1800,4,6100000,39400,user_42,85,85,
1806,5,6100000,0,user_46,85,85,
1772,6,5000000,0,user_19,85,85,
1778,7,5000000,0,user_25,85,85,
1755,8,4500000,0,user_3,85,85,
1807,9,4200000,0,user_46,85,85,
1811,10,2600000,0,user_49,85,85,
1769,11,2500000,0,user_16,85,85,
1794,12,2400000,0,user_37,85,85,
1804,13,2000000,0,user_44,85,85,
1810,14,2000000,0,user_49,85,85,
1764,15,1700000,0,user_11,85,85,
1779,16,1600000,0,user_26,85,85,
1793,17,1600000,381000,user_37,85,85,
1758,18,1500000,0,user_5,85,85,
1774,19,1500000,0,user_21,85,85,
1790,20,1500000,369000,user_36,85,85,
1763,21,1400000,0,user_9,85,85,
1789,22,1400000,13900,user_34,85,85,
1788,23,1300000,0,user_33,85,85,
1802,24,1100000,0,user_43,85,85,
1801,25,1000000,43600,user_43,85,85,
1784,26,970000,33300,user_27,85,85,
1798,27,970000,0,user_40,85,85,
1792,28,660000,33100,user_37,85,85,
1786,29,470000,195000,user_29,85,85,
1775,30,460000,0,user_22,85,85,
1785,31,460000,121000,user_28,85,85,
1803,32,360000,10700,user_44,85,85,
1782,33,340000,75000,user_26,85,85,
1780,34,320000,0,user_26,85,85,
1766,35,260000,322000,user_14,85,85,
1767,36,170000,18600,user_14,85,85,
1771,37,170000,5640,user_18,85,85,
1791,38,150000,0,user_37,85,85,
1805,39,150000,0,user_45,85,85,
1812,40,130000,0,user_49,85,85,
1813,41,130000,0,user_49,85,85,
1777,42,110000,0,user_24,85,85,
1797,43,110000,0,user_39,85,85,
1770,44,100000,0,user_17,85,85,
1762,45,87000,0,user_9,85,85,
1781,46,84000,0,user_26,85,85,
1809,47,84000,0,user_48,85,85,
1756,48,82000,0,user_4,85,85,
1783,49,70000,283000,user_27,85,85,
1932,,1900000,0,user_0,86,,
1933,,4500000,0,user_1,86,,
1934,,83000,0,user_2,86,,
1935,,1100000,60700,user_3,86,,
1936,,2600000,0,user_3,86,,
1937,,1800000,0,user_4,86,,
1938,,80000,0,user_6,86,,
1939,,5000000,231000,user_7,86,,
1940,,350000,0,user_8,86,,
1941,,83000,108000,user_8,86,,
1942,,6300000,0,user_10,86,,
1943,,970000,0,user_11,86,,
1944,,43000000,0,user_11,86,,
1945,,160000,0,user_12,86,,
1946,,910000,0,user_12,86,,
1947,,660000,0,user_13,86,,
1948,,360000,0,user_14,86,,
1949,,1500000,0,user_14,86,,
1950,,85000,0,user_14,86,,
1951,,170000,0,user_14,86,,
1952,,260000,0,user_14,86,,
1953,,630000,15100,user_16,86,,
1954,,4200000,0,user_16,86,,
1955,,2000000,0,user_16,86,,
1956,,650000,0,user_16,86,,
1957,,1000000,0,user_16,86,,
1958,,3500000,0,user_18,86,,
1959,,1100000,16400,user_18,86,,
1960,,84000,0,user_19,86,,
1961,,120000,0,user_21,86,,
1962,,1500000,769000,user_23,86,,
1963,,98000,6390,user_23,86,,
1964,,240000,67500,user_25,86,,
1965,,77000,0,user_26,86,,
1966,,130000,146000,user_26,86,,
1967,,260000,0,user_26,86,,
1968,,82000,0,user_28,86,,
1969,,98000,369000,user_29,86,,
1970,,2100000,0,user_29,86,,
1971,,3600000,0,user_30,86,,
1972,,160000,0,user_31,86,,
1973,,120000,0,user_31,86,,
1974,,3500000,0,user_32,86,,
1975,,320000,12800,user_33,86,,
1976,,2000000,0,user_34,86,,
1977,,6100000,256000,user_36,86,,
1978,,19000000,0,user_37,86,,
1979,,2600000,0,user_38,86,,
1980,,30000000,296000,user_39,86,,
1981,,1000000,0,user_39,86,,
1982,,110000,181000,user_43,86,,
1983,,170000,0,user_43,86,,
1984,,910000,60700,user_44,86,,
1985,,98000,161000,user_45,86,,
1986,,120000,73100,user_45,86,,
1987,,170000,0,user_47,86,,
1988,,150000,19700,user_49,86,,
1944,0,43000000,0,user_11,86,86,
1980,1,30000000,296000,user_39,86,86,
1978,2,19000000,0,user_37,86,86,
1942,3,6300000,0,user_10,86,86,
1977,4,6100000,256000,user_36,86,86,
1939,5,5000000,231000,user_7,86,86,
1933,6,4500000,0,user_1,86,86,
1954,7,4200000,0,user_16,86,86,
1971,8,3600000,0,user_30,86,86,
1958,9,3500000,0,user_18,86,86,
1936,10,2600000,0,user_3,86,86,
1970,11,2100000,0,user_29,86,86,
1955,12,2000000,0,user_16,86,86,
1976,13,2000000,0,user_34,86,86,
1932,14,1900000,0,user_0,86,86,
1937,15,1800000,0,user_4,86,86,
1962,16,1500000,769000,user_23,86,86,
1935,17,1100000,60700,user_3,86,86,
1959,18,1100000,16400,user_18,86,86,
1957,19,1000000,0,user_16,86,86,
1981,20,1000000,0,user_39,86,86,
1943,21,970000,0,user_11,86,86,
1946,22,910000,0,user_12,86,86,
1984,23,910000,60700,user_44,86,86,
1947,24,660000,0,user_13,86,86,
1956,25,650000,0,user_16,86,86,
1953,26,630000,15100,user_16,86,86,
1940,27,350000,0,user_8,86,86,
1975,28,320000,12800,user_33,86,86,
1967,29,260000,0,user_26,86,86,
1964,30,240000,67500,user_25,86,86,
1983,31,170000,0,user_43,86,86,
1987,32,170000,0,user_47,86,86,
1945,33,160000,0,user_12,86,86,
1972,34,160000,0,user_31,86,86,
1988,35,150000,19700,user_49,86,86,
1966,36,130000,146000,user_26,86,86,
1961,37,120000,0,user_21,86,86,
1973,38,120000,0,user_31,86,86,
1986,39,120000,73100,user_45,86,86,
1982,40,110000,181000,user_43,86,86,
1963,41,98000,6390,user_23,86,86,
1969,42,98000,369000,user_29,86,86,
1985,43,98000,161000,user_45,86,86,
1934,44,83000,0,user_2,86,86,
1941,45,83000,108000,user_8,86,86,
1938,46,80000,0,user_6,86,86,
1965,47,77000,0,user_26,86,86,
2114,,220000,0,user_0,87,,
2115,,650000,0,user_0,87,,
2116,,83000,0,user_1,87,,
2117,,160000,0,user_1,87,,
2118,,110000,0,user_1,87,,
2119,,150000,43600,user_1,87,,
2120,,150000,0,user_1,87,,
2121,,150000,0,user_2,87,,
2122,,420000,0,user_3,87,,
2123,,2600000,0,user_5,87,,
2124,,670000,0,user_7,87,,
2125,,1200000,0,user_8,87,,
2126,,120000,0,user_12,87,,
2127,,1300000,0,user_15,87,,
2128,,2000000,0,user_16,87,,
2129,,120000,0,user_19,87,,
2130,,3600000,0,user_19,87,,
2131,,4200000,0,user_20,87,,
2132,,650000,0,user_20,87,,
2133,,910000,0,user_21,87,,
2134,,120000,24700,user_22,87,,
2135,,3200000,0,user_23,87,,
2136,,77000,0,user_24,87,,
2137,,110000,0,user_26,87,,
2138,,120000,0,user_29,87,,
2139,,1500000,0,user_29,87,,
2140,,27000000,0,user_30,87,,
2141,,87000,0,user_31,87,,
2142,,1000000,0,user_32,87,,
2143,,120000,0,user_33,87,,
2144,,1100000,296000,user_34,87,,
2145,,2400000,0,user_34,87,,
2146,,6100000,0,user_35,87,,
2147,,1600000,0,user_36,87,,
2148,,110000,0,user_38,87,,
2149,,85000,0,user_39,87,,
2150,,30000000,0,user_40,87,,
2151,,260000,0,user_41,87,,
2152,,160000,33300,user_44,87,,
2153,,130000,10700,user_46,87,,
2154,,120000,0,user_46,87,,
2155,,470000,0,user_47,87,,
2156,,1900000,32900,user_48,87,,
2157,,310000,0,user_49,87,,
2150,0,30000000,0,user_40,87,87,
2140,1,27000000,0,user_30,87,87,
2146,2,6100000,0,user_35,87,87,
2131,3,4200000,0,user_20,87,87,
2130,4,3600000,0,user_19,87,87,
2135,5,3200000,0,user_23,87,87,
2123,6,2600000,0,user_5,87,87,
2145,7,2400000,0,user_34,87,87,
2128,8,2000000,0,user_16,87,87,
2156,9,1900000,32900,user_48,87,87,
2147,10,1600000,0,user_36,87,87,
2139,11,1500000,0,user_29,87,87,
2127,12,1300000,0,user_15,87,87,
2125,13,1200000,0,user_8,87,87,
2144,14,1100000,296000,user_34,87,87,
2142,15,1000000,0,user_32,87,87,
2133,16,910000,0,user_21,87,87,
2124,17,670000,0,user_7,87,87,
2115,18,650000,0,user_0,87,87,
2132,19,650000,0,user_20,87,87,
2155,20,470000,0,user_47,87,87,
2122,21,420000,0,user_3,87,87,
2157,22,310000,0,user_49,87,87,
2151,23,260000,0,user_41,87,87,
2114,24,220000,0,user_0,87,87,
2152,25,160000,33300,user_44,87,87,
2121,26,150000,0,user_2,87,87,
2153,27,130000,10700,user_46,87,87,
2129,28,120000,0,user_19,87,87,
2134,29,120000,24700,user_22,87,87,
2138,30,120000,0,user_29,87,87,
2143,31,120000,0,user_33,87,87,
2154,32,120000,0,user_46,87,87,
2148,33,110000,0,user_38,87,87,
2141,34,87000,0,user_31,87,87,
2136,35,77000,0,user_24,87,87,
2198,,170000,0,user_0,88,,
2199,,30000000,0,user_1,88,,
2200,,73000,3130,user_2,88,,
2201,,420000,0,user_2,88,,
2202,,220000,0,user_3,88,,
2203,,110000,30200,user_4,88,,
2204,,220000,0,user_4,88,,
2205,,1900000,0,user_5,88,,
2206,,110000,0,user_6,88,,
2207,,240000,0,user_6,88,,
2208,,27000000,0,user_6,88,,
2209,,470000,0,user_6,88,,
2210,,170000,0,user_7,88,,
2211,,420000,0,user_9,88,,
2212,,220000,0,user_9,88,,
2213,,1100000,0,user_9,88,,
2214,,1600000,0,user_10,88,,
2215,,1100000,0,user_11,88,,
2216,,1600000,256000,user_12,88,,
2217,,350000,0,user_15,88,,
2218,,1600000,0,user_15,88,,
2219,,160000,13900,user_16,88,,
2220,,19000000,0,user_16,88,,
2221,,77000,15300,user_17,88,,
2222,,98000,0,user_18,88,,
2223,,3200000,0,user_19,88,,
2224,,70000,0,user_20,88,,
2225,,170000,0,user_21,88,,
2226,,3500000,0,user_21,88,,
2227,,170000,0,user_24,88,,
2228,,5200000,0,user_25,88,,
2229,,4500000,0,user_26,88,,
2230,,43000000,0,user_27,88,,
2231,,260000,0,user_29,88,,
2232,,2500000,0,user_30,88,,
2233,,2000000,0,user_31,88,,
2234,,970000,0,user_32,88,,
2235,,2300000,0,user_33,88,,
2236,,1000000,35100,user_34,88,,
2237,,1200000,0,user_35,88,,
2238,,310000,0,user_39,88,,
2239,,1400000,0,user_40,88,,
2240,,600000,0,user_41,88,,
2241,,870000,0,user_42,88,,
2242,,650000,0,user_42,88,,
2243,,1000000,0,user_43,88,,
2244,,160000,0,user_45,88,,
2245,,1000000,10700,user_46,88,,
2246,,4200000,0,user_47,88,,
2247,,300000,13900,user_47,88,,
2248,,120000,0,user_48,88,,
2249,,1900000,0,user_49,88,,
2250,,340000,73100,user_49,88,,
2230,0,43000000,0,user_27,88,88,
2199,1,30000000,0,user_1,88,88,
2208,2,27000000,0,user_6,88,88,
2220,3,19000000,0,user_16,88,88,
2228,4,5200000,0,user_25,88,88,
2229,5,4500000,0,user_26,88,88,
2246,6,4200000,0,user_47,88,88,
2226,7,3500000,0,user_21,88,88,
2232,8,2500000,0,user_30,88,88,
2235,9,2300000,0,user_33,88,88,
2233,10,2000000,0,user_31,88,88,
2205,11,1900000,0,user_5,88,88,
2249,12,1900000,0,user_49,88,88,
2214,13,1600000,0,user_10,88,88,
2216,14,1600000,256000,user_12,88,88,
2218,15,1600000,0,user_15,88,88,
2239,16,1400000,0,user_40,88,88,
2237,17,1200000,0,user_35,88,88,
2215,18,1100000,0,user_11,88,88,
2236,19,1000000,35100,user_34,88,88,
2243,20,1000000,0,user_43,88,88,
2245,21,1000000,10700,user_46,88,88,
2241,22,870000,0,user_42,88,88,
2242,23,650000,0,user_42,88,88,
2240,24,600000,0,user_41,88,88,
2209,25,470000,0,user_6,88,88,
2201,26,420000,0,user_2,88,88,
2217,27,350000,0,user_15,88,88,
2250,28,340000,73100,user_49,88,88,
2238,29,310000,0,user_39,88,88,
2247,30,300000,13900,user_47,88,88,
2231,31,260000,0,user_29,88,88,
2207,32,240000,0,user_6,88,88,
2202,33,220000,0,user_3,88,88,
2204,34,220000,0,user_4,88,88,
2198,35,170000,0,user_0,88,88,
2210,36,170000,0,user_7,88,88,
2225,37,170000,0,user_21,88,88,
2219,38,160000,13900,user_16,88,88,
2244,39,160000,0,user_45,88,88,
2203,40,110000,30200,user_4,88,88,
2206,41,110000,0,user_6,88,88,
2222,42,98000,0,user_18,88,88,
2221,43,77000,15300,user_17,88,88,
2200,44,73000,3130,user_2,88,88,
2224,45,70000,0,user_20,88,88,
2311,,320000,0,user_0,89,,
2312,,190000,0,user_3,89,,
2313,,170000,0,user_3,89,,
2314,,460000,12800,user_3,89,,
2315,,30000000,33100,user_3,89,,
2316,,120000,0,user_3,89,,
2317,,130000,0,user_4,89,,
2318,,1500000,17700000,user_4,89,,
2319,,120000,15100,user_5,89,,
2320,,170000,0,user_7,89,,
2321,,27000000,0,user_7,89,,
2322,,1500000,0,user_8,89,,
2323,,420000,0,user_9,89,,
2324,,870000,0,user_11,89,,
2325,,670000,0,user_12,89,,
2326,,82000,12300,user_12,89,,
2327,,3200000,0,user_13,89,,
2328,,4500000,0,user_14,89,,
2329,,1500000,6390,user_16,89,,
2330,,310000,0,user_16,89,,
2331,,5000000,0,user_17,89,,
2332,,350000,0,user_17,89,,
2333,,1000000,369000,user_18,89,,
2334,,85000,0,user_19,89,,
2335,,2300000,0,user_20,89,,
2336,,190000,0,user_20,89,,
2337,,1500000,12300,user_24,89,,
2338,,220000,0,user_24,89,,
2339,,120000,0,user_25,89,,
2340,,120000,0,user_25,89,,
2341,,120000,0,user_26,89,,
2342,,1600000,0,user_27,89,,
2343,,2000000,0,user_28,89,,
2344,,150000,35600,user_30,89,,
2345,,1000000,283000,user_31,89,,
2346,,970000,0,user_32,89,,
2347,,970000,0,user_34,89,,
2348,,73000,164000,user_36,89,,
2349,,73000,0,user_37,89,,
2350,,160000,73100,user_38,89,,
2351,,420000,21800,user_42,89,,
2352,,1600000,0,user_43,89,,
2353,,98000,43600,user_43,89,,
2354,,150000,0,user_44,89,,
2355,,220000,0,user_46,89,,
2356,,1800000,84800,user_47,89,,
2357,,600000,0,user_48,89,,
2358,,1900000,0,user_48,89,,
2315,0,30000000,33100,user_3,89,89,
2321,1,27000000,0,user_7,89,89,
2331,2,5000000,0,user_17,89,89,
2328,3,4500000,0,user_14,89,89,
2327,4,3200000,0,user_13,89,89,
2335,5,2300000,0,user_20,89,89,
2343,6,2000000,0,user_28,89,89,
2358,7,1900000,0,user_48,89,89,
2356,8,1800000,84800,user_47,89,89,
2342,9,1600000,0,user_27,89,89,
2352,10,1600000,0,user_43,89,89,
2318,11,1500000,17700000,user_4,89,89,
2322,12,1500000,0,user_8,89,89,
2337,13,1500000,12300,user_24,89,89,
2333,14,1000000,369000,user_18,89,89,
2345,15,1000000,283000,user_31,89,89,
2347,16,970000,0,user_34,89,89,
2325,17,670000,0,user_12,89,89,
2357,18,600000,0,user_48,89,89,
2314,19,460000,12800,user_3,89,89,
2323,20,420000,0,user_9,89,89,
2351,21,420000,21800,user_42,89,89,
2332,22,350000,0,user_17,89,89,
2311,23,320000,0,user_0,89,89,
2338,24,220000,0,user_24,89,89,
2312,25,190000,0,user_3,89,89,
2336,26,190000,0,user_20,89,89,
2313,27,170000,0,user_3,89,89,
2320,28,170000,0,user_7,89,89,
2350,29,160000,73100,user_38,89,89,
2344,30,150000,35600,user_30,89,89,
2354,31,150000,0,user_44,89,89,
2317,32,130000,0,user_4,89,89,
2316,33,120000,0,user_3,89,89,
2319,34,120000,15100,user_5,89,89,
2339,35,120000,0,user_25,89,89,
2340,36,120000,0,user_25,89,89,
2341,37,120000,0,user_26,89,89,
2353,38,98000,43600,user_43,89,89,
2334,39,85000,0,user_19,89,89,
2326,40,82000,12300,user_12,89,89,
2348,41,73000,164000,user_36,89,89,
2349,42,73000,0,user_37,89,89,
2463,,1000000,0,user_1,90,,
2464,,910000,73100,user_2,90,,
2465,,110000,769000,user_3,90,,
2466,,2000000,0,user_6,90,,
2467,,1400000,56200,user_9,90,,
2468,,170000,0,user_11,90,,
2469,,320000,49100,user_12,90,,
2470,,73000,0,user_13,90,,
2471,,2300000,0,user_14,90,,
2472,,190000,0,user_15,90,,
2473,,1900000,0,user_16,90,,
2474,,1400000,1100000,user_17,90,,
2475,,150000,0,user_17,90,,
2476,,120000,0,user_17,90,,
2477,,460000,0,user_17,90,,
2478,,2000000,0,user_17,90,,
2479,,600000,0,user_18,90,,
2480,,2100000,0,user_20,90,,
2481,,110000,0,user_23,90,,
2482,,2000000,0,user_25,90,,
2483,,5000000,0,user_25,90,,
2484,,1800000,13900,user_26,90,,
2485,,310000,0,user_27,90,,
2486,,87000,47700,user_28,90,,
2487,,240000,0,user_28,90,,
2488,,2000000,0,user_29,90,,
2489,,240000,0,user_31,90,,
2490,,130000,33100,user_31,90,,
2491,,240000,5640,user_33,90,,
2492,,110000,0,user_34,90,,
2493,,530000,0,user_36,90,,
2494,,73000,11200,user_36,90,,
2495,,150000,0,user_36,90,,
2496,,1500000,0,user_36,90,,
2497,,170000,0,user_37,90,,
2498,,85000,7840,user_38,90,,
2499,,670000,0,user_41,90,,
2500,,73000,12300,user_42,90,,
2501,,1800000,0,user_42,90,,
2502,,1000000,0,user_43,90,,
2503,,1400000,0,user_44,90,,
2504,,43000000,0,user_45,90,,
2505,,220000,0,user_46,90,,
2506,,220000,0,user_46,90,,
2507,,160000,0,user_47,90,,
2508,,1000000,0,user_49,90,,
2504,0,43000000,0,user_45,90,90,
2520,1,0,0,builder_1,90,90,2474
2474,2,1400000,1100000,user_17,90,90,
2478,3,2000000,0,user_17,90,90,
2473,4,1900000,0,user_16,90,90,
2501,5,1800000,0,user_42,90,90,
2496,6,1500000,0,user_36,90,90,
2503,7,1400000,0,user_44,90,90,
2463,8,1000000,0,user_1,90,90,
2502,9,1000000,0,user_43,90,90,
2508,10,1000000,0,user_49,90,90,
2521,11,0,0,builder_1,90,90,2464
2464,12,910000,73100,user_2,90,90,
2479,13,600000,0,user_18,90,90,
2493,14,530000,0,user_36,90,90,
2477,15,460000,0,user_17,90,90,
2469,16,320000,49100,user_12,90,90,
2522,17,0,0,builder_1,90,90,2469
2485,18,310000,0,user_27,90,90,
2523,19,0,0,builder_1,90,90,2491
2491,20,240000,5640,user_33,90,90,
2487,21,240000,0,user_28,90,90,
2489,22,240000,0,user_31,90,90,
2505,23,220000,0,user_46,90,90,
2506,24,220000,0,user_46,90,90,
2472,25,190000,0,user_15,90,90,
2468,26,170000,0,user_11,90,90,
2497,27,170000,0,user_37,90,90,
2490,28,130000,33100,user_31,90,90,
2524,29,0,0,builder_1,90,90,2490
2475,30,150000,0,user_17,90,90,
2495,31,150000,0,user_36,90,90,
2525,32,0,0,builder_1,90,90,2486
2486,33,87000,47700,user_28,90,90,
2476,34,120000,0,user_17,90,90,
2492,35,110000,0,user_34,90,90,
2526,36,0,0,builder_1,90,90,2498
2498,37,85000,7840,user_38,90,90,
2527,38,0,0,builder_1,90,90,2500
2500,39,73000,12300,user_42,90,90,
2494,40,73000,11200,user_36,90,90,
2528,41,0,0,builder_1,90,90,2494
2595,,120000,0,user_0,91,,
2596,,310000,0,user_2,91,,
2597,,2500000,0,user_3,91,,
2598,,150000,0,user_4,91,,
2599,,120000,64600,user_8,91,,
2600,,3200000,0,user_9,91,,
2601,,650000,1100000,user_10,91,,
2602,,27000000,0,user_11,91,,
2603,,530000,0,user_12,91,,
2604,,240000,0,user_17,91,,
2605,,100000,60700,user_17,91,,
2606,,870000,0,user_21,91,,
2607,,3600000,35100,user_22,91,,
2608,,3600000,0,user_25,91,,
2609,,120000,0,user_26,91,,
2610,,3600000,0,user_27,91,,
2611,,2300000,0,user_28,91,,
2612,,110000,0,user_28,91,,
2613,,350000,0,user_28,91,,
2614,,220000,0,user_28,91,,
2615,,1000000,0,user_29,91,,
2616,,87000,17700000,user_29,91,,
2617,,1000000,0,user_30,91,,
2618,,420000,0,user_31,91,,
2619,,460000,0,user_32,91,,
2620,,100000,0,user_32,91,,
2621,,310000,0,user_32,91,,
2622,,2400000,0,user_32,91,,
2623,,370000,0,user_33,91,,
2624,,6300000,0,user_34,91,,
2625,,870000,0,user_34,91,,
2626,,1200000,0,user_34,91,,
2627,,2300000,0,user_34,91,,
2628,,3200000,0,user_34,91,,
2629,,130000,0,user_35,91,,
2630,,650000,13900,user_36,91,,
2631,,160000,0,user_37,91,,
2632,,170000,18600,user_38,91,,
2633,,3500000,0,user_39,91,,
2634,,98000,0,user_40,91,,
2635,,970000,0,user_40,91,,
2636,,2000000,0,user_42,91,,
2637,,1500000,0,user_45,91,,
2638,,77000,0,user_45,91,,
2639,,110000,0,user_46,91,,
2640,,70000,0,user_47,91,,
2641,,110000,369000,user_48,91,,
2602,0,27000000,0,user_11,91,91,
2624,1,6300000,0,user_34,91,91,
2607,2,3600000,35100,user_22,91,91,
2608,3,3600000,0,user_25,91,91,
2610,4,3600000,0,user_27,91,91,
2633,5,3500000,0,user_39,91,91,
2600,6,3200000,0,user_9,91,91,
2628,7,3200000,0,user_34,91,91,
2597,8,2500000,0,user_3,91,91,
2622,9,2400000,0,user_32,91,91,
2611,10,2300000,0,user_28,91,91,
2627,11,2300000,0,user_34,91,91,
2636,12,2000000,0,user_42,91,91,
2637,13,1500000,0,user_45,91,91,
2626,14,1200000,0,user_34,91,91,
2615,15,1000000,0,user_29,91,91,
2617,16,1000000,0,user_30,91,91,
2635,17,970000,0,user_40,91,91,
2606,18,870000,0,user_21,91,91,
2625,19,870000,0,user_34,91,91,
2630,20,650000,13900,user_36,91,91,
2603,21,530000,0,user_12,91,91,
2619,22,460000,0,user_32,91,91,
2623,23,370000,0,user_33,91,91,
2613,24,350000,0,user_28,91,91,
2621,25,310000,0,user_32,91,91,
2604,26,240000,0,user_17,91,91,
2614,27,220000,0,user_28,91,91,
2631,28,160000,0,user_37,91,91,
2598,29,150000,0,user_4,91,91,
2629,30,130000,0,user_35,91,91,
2595,31,120000,0,user_0,91,91,
2609,32,120000,0,user_26,91,91,
2612,33,110000,0,user_28,91,91,
2639,34,110000,0,user_46,91,91,
2641,35,110000,369000,user_48,91,91,
2605,36,100000,60700,user_17,91,91,
2620,37,100000,0,user_32,91,91,
2634,38,98000,0,user_40,91,91,
2616,39,87000,17700000,user_29,91,91,
2638,40,77000,0,user_45,91,91,
2640,41,70000,0,user_47,91,91,
2702,,27000000,146000,user_0,92,,
2703,,30000000,0,user_0,92,,
2704,,310000,0,user_1,92,,
2705,,120000,283000,user_2,92,,
2706,,1500000,56200,user_2,92,,
2707,,1000000,15300,user_2,92,,
2708,,2100000,0,user_2,92,,
2709,,350000,0,user_2,92,,
2710,,1100000,0,user_3,92,,
2711,,2000000,0,user_4,92,,
2712,,650000,0,user_5,92,,
2713,,470000,0,user_7,92,,
2714,,370000,0,user_9,92,,
2715,,870000,13900,user_10,92,,
2716,,670000,0,user_11,92,,
2717,,460000,256000,user_11,92,,
2718,,110000,0,user_11,92,,
2719,,150000,0,user_11,92,,
2720,,79000,0,user_11,92,,
2721,,83000,139000,user_12,92,,
2722,,1600000,0,user_13,92,,
2723,,1400000,0,user_13,92,,
2724,,1600000,0,user_13,92,,
2725,,5000000,0,user_13,92,,
2726,,2500000,0,user_14,92,,
2727,,160000,13900,user_17,92,,
2728,,5200000,0,user_20,92,,
2729,,460000,67900,user_20,92,,
2730,,1500000,0,user_21,92,,
2731,,3600000,0,user_22,92,,
2732,,2000000,0,user_22,92,,
2733,,77000,0,user_22,92,,
2734,,260000,0,user_22,92,,
2735,,30000000,0,user_23,92,,
2736,,650000,0,user_26,92,,
2737,,1000000,0,user_27,92,,
2738,,120000,0,user_30,92,,
2739,,110000,0,user_30,92,,
2740,,100000,0,user_30,92,,
2741,,420000,0,user_30,92,,
2742,,6100000,0,user_32,92,,
2743,,260000,0,user_34,92,,
2744,,1000000,0,user_36,92,,
2745,,27000000,283000,user_37,92,,
2746,,3600000,0,user_37,92,,
2747,,360000,0,user_37,92,,
2748,,4200000,0,user_37,92,,
2749,,150000,19700,user_37,92,,
2750,,110000,0,user_39,92,,
2751,,340000,0,user_40,92,,
2752,,1900000,0,user_40,92,,
2753,,1300000,0,user_42,92,,
2754,,1900000,139000,user_43,92,,
2755,,160000,0,user_44,92,,
2756,,120000,0,user_45,92,,
2757,,190000,0,user_45,92,,
2758,,84000,0,user_47,92,,
2759,,1600000,594000,user_47,92,,
2760,,530000,0,user_48,92,,
2761,,190000,0,user_49,92,,
2762,,79000,0,user_49,92,,
2703,0,30000000,0,user_0,92,92,
2735,1,30000000,0,user_23,92,92,
2745,2,27000000,283000,user_37,92,92,
2796,3,0,0,builder_3,92,92,2745
2702,4,27000000,146000,user_0,92,92,
2797,5,0,0,builder_3,92,92,2702
2742,6,6100000,0,user_32,92,92,
2728,7,5200000,0,user_20,92,92,
2725,8,5000000,0,user_13,92,92,
2748,9,4200000,0,user_37,92,92,
2731,10,3600000,0,user_22,92,92,
2746,11,3600000,0,user_37,92,92,
2726,12,2500000,0,user_14,92,92,
2798,13,0,0,builder_3,92,92,2759
2759,14,1600000,594000,user_47,92,92,
2708,15,2100000,0,user_2,92,92,
2754,16,1900000,139000,user_43,92,92,
2799,17,0,0,builder_3,92,92,2754
2711,18,2000000,0,user_4,92,92,
2732,19,2000000,0,user_22,92,92,
2752,20,1900000,0,user_40,92,92,
2722,21,1600000,0,user_13,92,92,
2724,22,1600000,0,user_13,92,92,
2706,23,1500000,56200,user_2,92,92,
2800,24,0,0,builder_3,92,92,2706
2730,25,1500000,0,user_21,92,92,
2723,26,1400000,0,user_13,92,92,
2753,27,1300000,0,user_42,92,92,
2710,28,1100000,0,user_3,92,92,
2707,29,1000000,15300,user_2,92,92,
2801,30,0,0,builder_3,92,92,2707
2744,31,1000000,0,user_36,92,92,
2715,32,870000,13900,user_10,92,92,
2802,33,0,0,builder_3,92,92,2715
2803,34,0,0,builder_3,92,92,2717
2717,35,460000,256000,user_11,92,92,
2716,36,670000,0,user_11,92,92,
2712,37,650000,0,user_5,92,92,
2736,38,650000,0,user_26,92,92,
2760,39,530000,0,user_48,92,92,
2804,40,0,0,builder_3,92,92,2729
2729,41,460000,67900,user_20,92,92,
2713,42,470000,0,user_7,92,92,
2741,43,420000,0,user_30,92,92,
2805,44,0,0,builder_3,92,92,2705
2705,45,120000,283000,user_2,92,92,
2747,46,360000,0,user_37,92,92,
2709,47,350000,0,user_2,92,92,
2751,48,340000,0,user_40,92,92,
2734,49,260000,0,user_22,92,92,
2743,50,260000,0,user_34,92,92,
2806,51,0,0,builder_3,92,92,2721
2721,52,83000,139000,user_12,92,92,
2757,53,190000,0,user_45,92,92,
2761,54,190000,0,user_49,92,92,
2727,55,160000,13900,user_17,92,92,
2807,56,0,0,builder_3,92,92,2727
2808,57,0,0,builder_3,92,92,2749
2749,58,150000,19700,user_37,92,92,
2755,59,160000,0,user_44,92,92,
2719,60,150000,0,user_11,92,92,
2738,61,120000,0,user_30,92,92,
2756,62,120000,0,user_45,92,92,
2718,63,110000,0,user_11,92,92,
2739,64,110000,0,user_30,92,92,
2750,65,110000,0,user_39,92,92,
2740,66,100000,0,user_30,92,92,
2758,67,84000,0,user_47,92,92,
2720,68,79000,0,user_11,92,92,
2762,69,79000,0,user_49,92,92,
2733,70,77000,0,user_22,92,92,
2859,,85000,0,user_0,93,,
2860,,120000,8520,user_1,93,,
2861,,73000,0,user_4,93,,
2862,,970000,0,user_5,93,,
2863,,2400000,8520,user_5,93,,
2864,,130000,100000,user_8,93,,
2865,,19000000,0,user_10,93,,
2866,,150000,0,user_11,93,,
2867,,87000,0,user_11,93,,
2868,,870000,0,user_12,93,,
2869,,87000,350000,user_13,93,,
2870,,5000000,256000,user_15,93,,
2871,,220000,0,user_16,93,,
2872,,2600000,56200,user_18,93,,
2873,,420000,0,user_18,93,,
2874,,2600000,0,user_20,93,,
2875,,630000,0,user_21,93,,
2876,,1300000,594000,user_22,93,,
2877,,82000,16400,user_23,93,,
2878,,110000,0,user_23,93,,
2879,,910000,0,user_23,93,,
2880,,120000,0,user_23,93,,
2881,,1900000,0,user_23,93,,
2882,,1000000,0,user_24,93,,
2883,,5000000,21800,user_25,93,,
2884,,87000,0,user_28,93,,
2885,,2600000,0,user_28,93,,
2886,,110000,15100,user_28,93,,
2887,,4200000,35100,user_28,93,,
2888,,73000,0,user_29,93,,
2889,,85000,0,user_31,93,,
2890,,260000,0,user_32,93,,
2891,,120000,0,user_32,93,,
2892,,1200000,13900,user_33,93,,
2893,,110000,0,user_35,93,,
2894,,130000,0,user_35,93,,
2895,,190000,0,user_36,93,,
2896,,27000000,0,user_37,93,,
2897,,4200000,0,user_39,93,,
2898,,420000,0,user_40,93,,
2899,,4500000,5640,user_42,93,,
2900,,1500000,0,user_43,93,,
2901,,4200000,16400,user_44,93,,
2902,,170000,43600,user_44,93,,
2903,,2300000,0,user_44,93,,
2904,,660000,0,user_44,93,,
2905,,120000,155000,user_44,93,,
2906,,110000,0,user_45,93,,
2907,,660000,31700,user_47,93,,
2908,,310000,0,user_49,93,,
2896,0,27000000,0,user_37,93,93,
2865,1,19000000,0,user_10,93,93,
3010,2,0,0,builder_8,93,93,2870
2870,3,5000000,256000,user_15,93,93,
2883,4,5000000,21800,user_25,93,93,
3011,5,0,0,builder_8,93,93,2883
2899,6,4500000,5640,user_42,93,93,
3012,7,0,0,builder_8,93,93,2899
2887,8,4200000,35100,user_28,93,93,
3013,9,0,0,builder_8,93,93,2887
3014,10,0,0,builder_8,93,93,2901
2901,11,4200000,16400,user_44,93,93,
2897,12,4200000,0,user_39,93,93,
2872,13,2600000,56200,user_18,93,93,
3015,14,0,0,builder_8,93,93,2872
2874,15,2600000,0,user_20,93,93,
2885,16,2600000,0,user_28,93,93,
3016,17,0,0,builder_8,93,93,2863
2863,18,2400000,8520,user_5,93,93,
2903,19,2300000,0,user_44,93,93,
2881,20,1900000,0,user_23,93,93,
3017,21,0,0,builder_8,93,93,2876
2876,22,1300000,594000,user_22,93,93,
3018,23,0,0,builder_8,93,93,2892
2892,24,1200000,13900,user_33,93,93,
2862,25,970000,0,user_5,93,93,
2879,26,910000,0,user_23,93,93,
2907,27,660000,31700,user_47,93,93,
3019,28,0,0,builder_8,93,93,2907
2904,29,660000,0,user_44,93,93,
2875,30,630000,0,user_21,93,93,
2869,31,87000,350000,user_13,93,93,
3020,32,0,0,builder_8,93,93,2869
2873,33,420000,0,user_18,93,93,
2908,34,310000,0,user_49,93,93,
3021,35,0,0,builder_8,93,93,2905
2905,36,120000,155000,user_44,93,93,
2890,37,260000,0,user_32,93,93,
2871,38,220000,0,user_16,93,93,
3022,39,0,0,builder_8,93,93,2902
2902,40,170000,43600,user_44,93,93,
2895,41,190000,0,user_36,93,93,
2866,42,150000,0,user_11,93,93,
2894,43,130000,0,user_35,93,93,
2886,44,110000,15100,user_28,93,93,
3023,45,0,0,builder_8,93,93,2886
2880,46,120000,0,user_23,93,93,
2891,47,120000,0,user_32,93,93,
2878,48,110000,0,user_23,93,93,
2893,49,110000,0,user_35,93,93,
3024,50,0,0,builder_8,93,93,2877
2877,51,82000,16400,user_23,93,93,
2867,52,87000,0,user_11,93,93,
2884,53,87000,0,user_28,93,93,
2859,54,85000,0,user_0,93,93,
2861,55,73000,0,user_4,93,93,
2888,56,73000,0,user_29,93,93,
3025,,82000,0,user_1,94,,
3026,,530000,0,user_3,94,,
3027,,1600000,0,user_3,94,,
3028,,320000,161000,user_5,94,,
3029,,79000,0,user_6,94,,
3030,,73000,0,user_7,94,,
3031,,1100000,35100,user_7,94,,
3032,,1300000,510000,user_9,94,,
3033,,670000,0,user_10,94,,
3034,,470000,0,user_10,94,,
3035,,670000,0,user_12,94,,
3036,,300000,13900,user_13,94,,
3037,,98000,121000,user_14,94,,
3038,,2500000,0,user_15,94,,
3039,,30000000,0,user_17,94,,
3040,,150000,4320000,user_18,94,,
3041,,2400000,0,user_19,94,,
3042,,160000,0,user_20,94,,
3043,,170000,0,user_21,94,,
3044,,3600000,0,user_21,94,,
3045,,5000000,0,user_22,94,,
3046,,150000,0,user_23,94,,
3047,,5000000,0,user_24,94,,
3048,,150000,0,user_25,94,,
3049,,120000,0,user_27,94,,
3050,,310000,0,user_27,94,,
3051,,4200000,10700,user_30,94,,
3052,,650000,0,user_31,94,,
3053,,460000,0,user_32,94,,
3054,,87000,0,user_33,94,,
3055,,3200000,0,user_34,94,,
3056,,110000,6390,user_36,94,,
3057,,340000,0,user_37,94,,
3058,,1500000,0,user_38,94,,
3059,,80000,0,user_39,94,,
3060,,300000,0,user_39,94,,
3061,,4500000,0,user_40,94,,
3062,,1500000,350000,user_40,94,,
3063,,43000000,36800,user_43,94,,
3064,,79000,19700,user_45,94,,
3065,,5200000,0,user_46,94,,
3066,,110000,60700,user_47,94,,
3067,,1900000,545000,user_48,94,,
3068,,460000,67900,user_49,94,,
3069,,120000,0,user_49,94,,
3063,0,43000000,36800,user_43,94,94,
3039,1,30000000,0,user_17,94,94,
3065,2,5200000,0,user_46,94,94,
3045,3,5000000,0,user_22,94,94,
3047,4,5000000,0,user_24,94,94,
3061,5,4500000,0,user_40,94,94,
3051,6,4200000,10700,user_30,94,94,
3044,7,3600000,0,user_21,94,94,
3055,8,3200000,0,user_34,94,94,
3038,9,2500000,0,user_15,94,94,
3041,10,2400000,0,user_19,94,94,
3067,11,1900000,545000,user_48,94,94,
3027,12,1600000,0,user_3,94,94,
3058,13,1500000,0,user_38,94,94,
3062,14,1500000,350000,user_40,94,94,
3032,15,1300000,510000,user_9,94,94,
3031,16,1100000,35100,user_7,94,94,
3033,17,670000,0,user_10,94,94,
3052,18,650000,0,user_31,94,94,
3026,19,530000,0,user_3,94,94,
3034,20,470000,0,user_10,94,94,
3053,21,460000,0,user_32,94,94,
3068,22,460000,67900,user_49,94,94,
3028,23,320000,161000,user_5,94,94,
3050,24,310000,0,user_27,94,94,
3036,25,300000,13900,user_13,94,94,
3043,26,170000,0,user_21,94,94,
3042,27,160000,0,user_20,94,94,
3040,28,150000,4320000,user_18,94,94,
3046,29,150000,0,user_23,94,94,
3048,30,150000,0,user_25,94,94,
3049,31,120000,0,user_27,94,94,
3069,32,120000,0,user_49,94,94,
3056,33,110000,6390,user_36,94,94,
3066,34,110000,60700,user_47,94,94,
3037,35,98000,121000,user_14,94,94,
3054,36,87000,0,user_33,94,94,
3029,37,79000,0,user_6,94,94,
3064,38,79000,19700,user_45,94,94,
3030,39,73000,0,user_7,94,94,
3168,,240000,60700,user_0,95,,
3169,,1000000,0,user_1,95,,
3170,,3200000,67900,user_2,95,,
3171,,2000000,60700,user_4,95,,
3172,,660000,594000,user_5,95,,
3173,,2300000,0,user_6,95,,
3174,,1900000,12800,user_6,95,,
3175,,3200000,0,user_6,95,,
3176,,1600000,0,user_8,95,,
3177,,220000,0,user_10,95,,
3178,,120000,0,user_10,95,,
3179,,600000,0,user_10,95,,
3180,,670000,256000,user_10,95,,
3181,,1700000,7190000,user_10,95,,
3182,,1000000,0,user_11,95,,
3183,,420000,0,user_11,95,,
3184,,240000,296000,user_12,95,,
3185,,240000,0,user_13,95,,
3186,,2100000,0,user_14,95,,
3187,,70000,0,user_15,95,,
3188,,1500000,12300,user_16,95,,
3189,,260000,71800,user_18,95,,
3190,,80000,0,user_20,95,,
3191,,110000,0,user_20,95,,
3192,,160000,0,user_20,95,,
3193,,77000,0,user_21,95,,
3194,,970000,0,user_21,95,,
3195,,240000,0,user_23,95,,
3196,,310000,0,user_24,95,,
3197,,150000,64600,user_25,95,,
3198,,19000000,0,user_25,95,,
3199,,2500000,23500,user_25,95,,
3200,,5200000,0,user_25,95,,
3201,,870000,0,user_25,95,,
3202,,120000,0,user_26,95,,
3203,,83000,0,user_29,95,,
3204,,98000,0,user_31,95,,
3205,,1600000,0,user_31,95,,
3206,,3200000,0,user_31,95,,
3207,,190000,19700,user_31,95,,
3208,,320000,0,user_34,95,,
3209,,27000000,0,user_34,95,,
3210,,4500000,0,user_35,95,,
3211,,3600000,0,user_36,95,,
3212,,2300000,0,user_37,95,,
3213,,310000,0,user_38,95,,
3214,,630000,161000,user_39,95,,
3215,,1500000,256000,user_39,95,,
3216,,260000,0,user_40,95,,
3217,,1000000,0,user_41,95,,
3218,,150000,0,user_41,95,,
3219,,1000000,11200,user_41,95,,
3220,,1000000,0,user_41,95,,
3221,,1700000,0,user_42,95,,
3222,,170000,0,user_44,95,,
3223,,160000,0,user_44,95,,
3224,,530000,0,user_45,95,,
3225,,77000,12800,user_46,95,,
3226,,1800000,0,user_46,95,,
3209,0,27000000,0,user_34,95,95,
3198,1,19000000,0,user_25,95,95,
3200,2,5200000,0,user_25,95,95,
3210,3,4500000,0,user_35,95,95,
3211,4,3600000,0,user_36,95,95,
3170,5,3200000,67900,user_2,95,95,
3175,6,3200000,0,user_6,95,95,
3206,7,3200000,0,user_31,95,95,
3199,8,2500000,23500,user_25,95,95,
3173,9,2300000,0,user_6,95,95,
3212,10,2300000,0,user_37,95,95,
3171,11,2000000,60700,user_4,95,95,
3174,12,1900000,12800,user_6,95,95,
3226,13,1800000,0,user_46,95,95,
3181,14,1700000,7190000,user_10,95,95,
3221,15,1700000,0,user_42,95,95,
3176,16,1600000,0,user_8,95,95,
3205,17,1600000,0,user_31,95,95,
3188,18,1500000,12300,user_16,95,95,
3215,19,1500000,256000,user_39,95,95,
3169,20,1000000,0,user_1,95,95,
3182,21,1000000,0,user_11,95,95,
3217,22,1000000,0,user_41,95,95,
3219,23,1000000,11200,user_41,95,95,
3220,24,1000000,0,user_41,95,95,
3194,25,970000,0,user_21,95,95,
3201,26,870000,0,user_25,95,95,
3180,27,670000,256000,user_10,95,95,
3172,28,660000,594000,user_5,95,95,
3214,29,630000,161000,user_39,95,95,
3179,30,600000,0,user_10,95,95,
3224,31,530000,0,user_45,95,95,
3183,32,420000,0,user_11,95,95,
3208,33,320000,0,user_34,95,95,
3189,34,260000,71800,user_18,95,95,
3216,35,260000,0,user_40,95,95,
3168,36,240000,60700,user_0,95,95,
3184,37,240000,296000,user_12,95,95,
3185,38,240000,0,user_13,95,95,
3195,39,240000,0,user_23,95,95,
3177,40,220000,0,user_10,95,95,
3207,41,190000,19700,user_31,95,95,
3222,42,170000,0,user_44,95,95,
3192,43,160000,0,user_20,95,95,
3223,44,160000,0,user_44,95,95,
3197,45,150000,64600,user_25,95,95,
3218,46,150000,0,user_41,95,95,
3178,47,120000,0,user_10,95,95,
3202,48,120000,0,user_26,95,95,
3191,49,110000,0,user_20,95,95,
3204,50,98000,0,user_31,95,95,
3203,51,83000,0,user_29,95,95,
3190,52,80000,0,user_20,95,95,
3193,53,77000,0,user_21,95,95,
3225,54,77000,12800,user_46,95,95,
3187,55,70000,0,user_15,95,95,
3353,,1100000,0,user_0,96,,
3354,,310000,0,user_1,96,,
3355,,1000000,0,user_1,96,,
3356,,73000,0,user_3,96,,
3357,,5200000,0,user_3,96,,
3358,,4200000,68100,user_5,96,,
3359,,82000,0,user_5,96,,
3360,,350000,0,user_6,96,,
3361,,2300000,779000,user_6,96,,
3362,,600000,49100,user_7,96,,
3363,,120000,0,user_8,96,,
3364,,310000,0,user_10,96,,
3365,,98000,0,user_11,96,,
3366,,460000,0,user_14,96,,
3367,,2500000,0,user_14,96,,
3368,,120000,5180,user_14,96,,
3369,,220000,0,user_14,96,,
3370,,190000,21800,user_14,96,,
3371,,220000,0,user_16,96,,
3372,,1100000,0,user_17,96,,
3373,,970000,369000,user_18,96,,
3374,,170000,0,user_18,96,,
3375,,2300000,0,user_20,96,,
3376,,120000,0,user_21,96,,
3377,,43000000,0,user_22,96,,
3378,,170000,3130,user_24,96,,
3379,,970000,0,user_25,96,,
3380,,110000,0,user_26,96,,
3381,,150000,0,user_26,96,,
3382,,19000000,0,user_32,96,,
3383,,1200000,0,user_33,96,,
3384,,260000,0,user_33,96,,
3385,,630000,11200,user_34,96,,
3386,,220000,0,user_35,96,,
3387,,1000000,0,user_36,96,,
3388,,1800000,0,user_37,96,,
3389,,1400000,0,user_38,96,,
3390,,220000,0,user_39,96,,
3391,,1100000,4320000,user_40,96,,
3392,,77000,0,user_41,96,,
3393,,1500000,256000,user_43,96,,
3394,,110000,161000,user_45,96,,
3395,,120000,0,user_46,96,,
3396,,4200000,0,user_49,96,,
3397,,110000,0,user_49,96,,
3377,0,43000000,0,user_22,96,96,
3382,1,19000000,0,user_32,96,96,
3357,2,5200000,0,user_3,96,96,
3358,3,4200000,68100,user_5,96,96,
3396,4,4200000,0,user_49,96,96,
3367,5,2500000,0,user_14,96,96,
3361,6,2300000,779000,user_6,96,96,
3375,7,2300000,0,user_20,96,96,
3393,8,1500000,256000,user_43,96,96,
3389,9,1400000,0,user_38,96,96,
3383,10,1200000,0,user_33,96,96,
3353,11,1100000,0,user_0,96,96,
3372,12,1100000,0,user_17,96,96,
3391,13,1100000,4320000,user_40,96,96,
3387,14,1000000,0,user_36,96,96,
3373,15,970000,369000,user_18,96,96,
3379,16,970000,0,user_25,96,96,
3385,17,630000,11200,user_34,96,96,
3362,18,600000,49100,user_7,96,96,
3366,19,460000,0,user_14,96,96,
3360,20,350000,0,user_6,96,96,
3364,21,310000,0,user_10,96,96,
3384,22,260000,0,user_33,96,96,
3369,23,220000,0,user_14,96,96,
3371,24,220000,0,user_16,96,96,
3386,25,220000,0,user_35,96,96,
3370,26,190000,21800,user_14,96,96,
3374,27,170000,0,user_18,96,96,
3378,28,170000,3130,user_24,96,96,
3363,29,120000,0,user_8,96,96,
3368,30,120000,5180,user_14,96,96,
3376,31,120000,0,user_21,96,96,
3395,32,120000,0,user_46,96,96,
3394,33,110000,161000,user_45,96,96,
3397,34,110000,0,user_49,96,96,
3365,35,98000,0,user_11,96,96,
3359,36,82000,0,user_5,96,96,
3392,37,77000,0,user_41,96,96,
3356,38,73000,0,user_3,96,96,
3470,,350000,0,user_0,97,,
3471,,150000,3130,user_1,97,,
3472,,170000,0,user_2,97,,
3473,,27000000,0,user_2,97,,
3474,,27000000,0,user_3,97,,
3475,,120000,0,user_5,97,,
3476,,150000,0,user_7,97,,
3477,,2000000,0,user_8,97,,
3478,,30000000,34700,user_11,97,,
3479,,1500000,181000,user_12,97,,
3480,,420000,56200,user_13,97,,
3481,,1200000,0,user_14,97,,
3482,,1500000,60700,user_15,97,,
3483,,120000,410000,user_16,97,,
3484,,120000,0,user_16,97,,
3485,,340000,0,user_17,97,,
3486,,1500000,0,user_17,97,,
3487,,110000,56200,user_18,97,,
3488,,120000,0,user_19,97,,
3489,,19000000,215000,user_20,97,,
3490,,80000,0,user_20,97,,
3491,,1300000,0,user_20,97,,
3492,,190000,0,user_20,97,,
3493,,600000,0,user_22,97,,
3494,,2100000,0,user_24,97,,
3495,,5200000,0,user_24,97,,
3496,,470000,0,user_25,97,,
3497,,98000,47700,user_26,97,,
3498,,6100000,0,user_26,97,,
3499,,320000,0,user_27,97,,
3500,,3500000,0,user_31,97,,
3501,,98000,4320000,user_31,97,,
3502,,2000000,0,user_32,97,,
3503,,87000,0,user_32,97,,
3504,,120000,0,user_36,97,,
3505,,300000,108000,user_37,97,,
3506,,350000,0,user_37,97,,
3507,,43000000,0,user_38,97,,
3508,,1000000,0,user_39,97,,
3509,,79000,13900,user_40,97,,
3510,,970000,181000,user_40,97,,
3511,,120000,0,user_41,97,,
3512,,260000,0,user_41,97,,
3513,,650000,0,user_42,97,,
3514,,1800000,0,user_44,97,,
3515,,220000,10700,user_46,97,,
3516,,2000000,34700,user_47,97,,
3517,,2300000,0,user_49,97,,
3507,0,43000000,0,user_38,97,97,
3478,1,30000000,34700,user_11,97,97,
3554,2,0,0,builder_3,97,97,3478
3473,3,27000000,0,user_2,97,97,
3474,4,27000000,0,user_3,97,97,
3489,5,19000000,215000,user_20,97,97,
3555,6,0,0,builder_3,97,97,3489
3498,7,6100000,0,user_26,97,97,
3495,8,5200000,0,user_24,97,97,
3556,9,0,0,builder_3,97,97,3501
3501,10,98000,4320000,user_31,97,97,
3500,11,3500000,0,user_31,97,97,
3517,12,2300000,0,user_49,97,97,
3494,13,2100000,0,user_24,97,97,
3557,14,0,0,builder_3,97,97,3516
3516,15,2000000,34700,user_47,97,97,
3502,16,2000000,0,user_32,97,97,
3514,17,1800000,0,user_44,97,97,
3558,18,0,0,builder_3,97,97,3479
3479,19,1500000,181000,user_12,97,97,
3559,20,0,0,builder_3,97,97,3482
3482,21,1500000,60700,user_15,97,97,
3486,22,1500000,0,user_17,97,97,
3491,23,1300000,0,user_20,97,97,
3481,24,1200000,0,user_14,97,97,
3510,25,970000,181000,user_40,97,97,
3560,26,0,0,builder_3,97,97,3510
3508,27,1000000,0,user_39,97,97,
3513,28,650000,0,user_42,97,97,
3493,29,600000,0,user_22,97,97,
3561,30,0,0,builder_3,97,97,3480
3480,31,420000,56200,user_13,97,97,
3562,32,0,0,builder_3,97,97,3505
3505,33,300000,108000,user_37,97,97,
3470,34,350000,0,user_0,97,97,
3506,35,350000,0,user_37,97,97,
3485,36,340000,0,user_17,97,97,
3512,37,260000,0,user_41,97,97,
3515,38,220000,10700,user_46,97,97,
3563,39,0,0,builder_3,97,97,3515
3492,40,190000,0,user_20,97,97,
3472,41,170000,0,user_2,97,97,
3564,42,0,0,builder_3,97,97,3487
3487,43,110000,56200,user_18,97,97,
3476,44,150000,0,user_7,97,97,
3497,45,98000,47700,user_26,97,97,
3565,46,0,0,builder_3,97,97,3497
3475,47,120000,0,user_5,97,97,
3488,48,120000,0,user_19,97,97,
3504,49,120000,0,user_36,97,97,
3511,50,120000,0,user_41,97,97,
3566,51,0,0,builder_3,97,97,3509
3509,52,79000,13900,user_40,97,97,
3503,53,87000,0,user_32,97,97,
3490,54,80000,0,user_20,97,97,
3621,,220000,0,user_0,98,,
3622,,84000,0,user_2,98,,
3623,,98000,0,user_3,98,,
3624,,120000,0,user_4,98,,
3625,,43000000,21800,user_5,98,,
3626,,1500000,296000,user_7,98,,
3627,,1400000,0,user_8,98,,
3628,,84000,0,user_8,98,,
3629,,1000000,64600,user_9,98,,
3630,,350000,0,user_10,98,,
3631,,4200000,0,user_10,98,,
3632,,670000,0,user_11,98,,
3633,,5000000,0,user_11,98,,
3634,,240000,21800,user_13,98,,
3635,,98000,0,user_14,98,,
3636,,77000,410000,user_15,98,,
3637,,82000,0,user_16,98,,
3638,,150000,410000,user_17,98,,
3639,,310000,0,user_18,98,,
3640,,110000,0,user_18,98,,
3641,,160000,13900,user_19,98,,
3642,,670000,0,user_19,98,,
3643,,6100000,0,user_20,98,,
3644,,670000,42000,user_21,98,,
3645,,3600000,0,user_21,98,,
3646,,320000,0,user_23,98,,
3647,,310000,8520,user_24,98,,
3648,,3200000,0,user_25,98,,
3649,,110000,161000,user_26,98,,
3650,,6100000,0,user_26,98,,
3651,,170000,0,user_26,98,,
3652,,85000,0,user_27,98,,
3653,,2400000,0,user_28,98,,
3654,,1000000,0,user_29,98,,
3655,,1000000,0,user_31,98,,
3656,,170000,0,user_32,98,,
3657,,110000,0,user_34,98,,
3658,,460000,0,user_36,98,,
3659,,4500000,0,user_36,98,,
3660,,1400000,283000,user_42,98,,
3661,,79000,10700,user_46,98,,
3662,,6100000,0,user_48,98,,
3625,0,43000000,21800,user_5,98,98,
3733,1,0,0,builder_8,98,98,3625
3643,2,6100000,0,user_20,98,98,
3650,3,6100000,0,user_26,98,98,
3662,4,6100000,0,user_48,98,98,
3633,5,5000000,0,user_11,98,98,
3659,6,4500000,0,user_36,98,98,
3631,7,4200000,0,user_10,98,98,
3645,8,3600000,0,user_21,98,98,
3648,9,3200000,0,user_25,98,98,
3653,10,2400000,0,user_28,98,98,
3734,11,0,0,builder_8,98,98,3626
3626,12,1500000,296000,user_7,98,98,
3735,13,0,0,builder_8,98,98,3660
3660,14,1400000,283000,user_42,98,98,
3736,15,0,0,builder_8,98,98,3629
3629,16,1000000,64600,user_9,98,98,
3654,17,1000000,0,user_29,98,98,
3644,18,670000,42000,user_21,98,98,
3737,19,0,0,builder_8,98,98,3644
3632,20,670000,0,user_11,98,98,
3642,21,670000,0,user_19,98,98,
3738,22,0,0,builder_8,98,98,3636
3636,23,77000,410000,user_15,98,98,
3658,24,460000,0,user_36,98,98,
3630,25,350000,0,user_10,98,98,
3646,26,320000,0,user_23,98,98,
3639,27,310000,0,user_18,98,98,
3739,28,0,0,builder_8,98,98,3649
3649,29,110000,161000,user_26,98,98,
3634,30,240000,21800,user_13,98,98,
3740,31,0,0,builder_8,98,98,3634
3621,32,220000,0,user_0,98,98,
3741,33,0,0,builder_8,98,98,3641
3641,34,160000,13900,user_19,98,98,
3651,35,170000,0,user_26,98,98,
3656,36,170000,0,user_32,98,98,
3624,37,120000,0,user_4,98,98,
3640,38,110000,0,user_18,98,98,
3623,39,98000,0,user_3,98,98,
3635,40,98000,0,user_14,98,98,
3742,41,0,0,builder_8,98,98,3661
3661,42,79000,10700,user_46,98,98,
3652,43,85000,0,user_27,98,98,
3622,44,84000,0,user_2,98,98,
3637,45,82000,0,user_16,98,98,
3743,,1100000,0,user_0,99,,
3744,,130000,0,user_0,99,,
3745,,220000,17000,user_4,99,,
3746,,170000,0,user_7,99,,
3747,,82000,0,user_7,99,,
3748,,160000,0,user_9,99,,
3749,,84000,0,user_10,99,,
3750,,4500000,0,user_10,99,,
3751,,460000,0,user_11,99,,
3752,,460000,21800,user_14,99,,
3753,,350000,13900,user_15,99,,
3754,,870000,0,user_16,99,,
3755,,1100000,13800,user_17,99,,
3756,,1600000,0,user_18,99,,
3757,,1700000,0,user_19,99,,
3758,,19000000,0,user_20,99,,
3759,,110000,0,user_22,99,,
3760,,80000,0,user_24,99,,
3761,,80000,0,user_25,99,,
3762,,1400000,0,user_26,99,,
3763,,350000,0,user_26,99,,
3764,,2000000,0,user_26,99,,
3765,,2000000,43600,user_26,99,,
3766,,3500000,0,user_26,99,,
3767,,4500000,0,user_27,99,,
3768,,1400000,0,user_28,99,,
3769,,910000,0,user_28,99,,
3770,,240000,0,user_29,99,,
3771,,2000000,5630,user_29,99,,
3772,,1500000,0,user_31,99,,
3773,,98000,0,user_32,99,,
3774,,160000,231000,user_33,99,,
3775,,1700000,0,user_35,99,,
3776,,470000,0,user_36,99,,
3777,,460000,0,user_38,99,,
3778,,300000,0,user_39,99,,
3779,,160000,0,user_41,99,,
3780,,470000,16400,user_41,99,,
3781,,220000,0,user_42,99,,
3782,,87000,0,user_43,99,,
3783,,170000,0,user_46,99,,
3784,,170000,0,user_47,99,,
3758,0,19000000,0,user_20,99,99,
3750,1,4500000,0,user_10,99,99,
3767,2,4500000,0,user_27,99,99,
3766,3,3500000,0,user_26,99,99,
3785,4,0,0,builder_0,99,99,3765
3765,5,2000000,43600,user_26,99,99,
3771,6,2000000,5630,user_29,99,99,
3786,7,0,0,builder_0,99,99,3771
3764,8,2000000,0,user_26,99,99,
3757,9,1700000,0,user_19,99,99,
3775,10,1700000,0,user_35,99,99,
3756,11,1600000,0,user_18,99,99,
3772,12,1500000,0,user_31,99,99,
3762,13,1400000,0,user_26,99,99,
3768,14,1400000,0,user_28,99,99,
3787,15,0,0,builder_0,99,99,3755
3755,16,1100000,13800,user_17,99,99,
3743,17,1100000,0,user_0,99,99,
3769,18,910000,0,user_28,99,99,
3754,19,870000,0,user_16,99,99,
3788,20,0,0,builder_0,99,99,3780
3780,21,470000,16400,user_41,99,99,
3789,22,0,0,builder_0,99,99,3752
3752,23,460000,21800,user_14,99,99,
3776,24,470000,0,user_36,99,99,
3751,25,460000,0,user_11,99,99,
3777,26,460000,0,user_38,99,99,
3774,27,160000,231000,user_33,99,99,
3790,28,0,0,builder_0,99,99,3774
3763,29,350000,0,user_26,99,99,
3770,30,240000,0,user_29,99,99,
3781,31,220000,0,user_42,99,99,
3746,32,170000,0,user_7,99,99,
3783,33,170000,0,user_46,99,99,
3784,34,170000,0,user_47,99,99,
3748,35,160000,0,user_9,99,99,
3779,36,160000,0,user_41,99,99,
3744,37,130000,0,user_0,99,99,
3759,38,110000,0,user_22,99,99,
3773,39,98000,0,user_32,99,99,
3782,40,87000,0,user_43,99,99,
3749,41,84000,0,user_10,99,99,
3747,42,82000,0,user_7,99,99,
3761,43,80000,0,user_25,99,99,
3840,,2100000,0,user_1,100,,
3841,,970000,0,user_3,100,,
3842,,27000000,17000,user_3,100,,
3843,,98000,0,user_5,100,,
3844,,4500000,0,user_7,100,,
3845,,160000,0,user_8,100,,
3846,,6300000,0,user_8,100,,
3847,,2000000,0,user_8,100,,
3848,,1800000,0,user_9,100,,
3849,,660000,0,user_9,100,,
3850,,1600000,0,user_9,100,,
3851,,910000,0,user_9,100,,
3852,,2600000,0,user_12,100,,
3853,,310000,0,user_12,100,,
3854,,260000,0,user_12,100,,
3855,,150000,0,user_12,100,,
3856,,1400000,16400,user_13,100,,
3857,,1600000,769000,user_14,100,,
3858,,650000,0,user_14,100,,
3859,,2500000,12800,user_14,100,,
3860,,220000,0,user_14,100,,
3861,,1800000,0,user_15,100,,
3862,,1500000,0,user_16,100,,
3863,,27000000,0,user_17,100,,
3864,,1300000,18600,user_19,100,,
3865,,5000000,0,user_19,100,,
3866,,660000,0,user_21,100,,
3867,,120000,0,user_22,100,,
3868,,170000,0,user_22,100,,
3869,,87000,0,user_25,100,,
3870,,1000000,0,user_26,100,,
3871,,43000000,0,user_26,100,,
3872,,1000000,17000,user_26,100,,
3873,,530000,0,user_26,100,,
3874,,87000,0,user_26,100,,
3875,,3600000,0,user_28,100,,
3876,,77000,0,user_28,100,,
3877,,320000,959000,user_30,100,,
3878,,310000,0,user_32,100,,
3879,,220000,64600,user_33,100,,
3880,,310000,0,user_34,100,,
3881,,2300000,0,user_34,100,,
3882,,87000,15700,user_35,100,,
3883,,1600000,0,user_36,100,,
3884,,2000000,0,user_37,100,,
3885,,360000,0,user_38,100,,
3886,,150000,0,user_39,100,,
3887,,120000,0,user_40,100,,
3888,,2000000,0,user_44,100,,
3889,,660000,0,user_45,100,,
3890,,240000,0,user_46,100,,
3891,,320000,0,user_47,100,,
3892,,6100000,0,user_48,100,,
3893,,27000000,0,user_49,100,,
3871,0,43000000,0,user_26,100,100,
3842,1,27000000,17000,user_3,100,100,
3863,2,27000000,0,user_17,100,100,
3893,3,27000000,0,user_49,100,100,
3846,4,6300000,0,user_8,100,100,
3892,5,6100000,0,user_48,100,100,
3865,6,5000000,0,user_19,100,100,
3844,7,4500000,0,user_7,100,100,
3875,8,3600000,0,user_28,100,100,
3852,9,2600000,0,user_12,100,100,
3859,10,2500000,12800,user_14,100,100,
3881,11,2300000,0,user_34,100,100,
3840,12,2100000,0,user_1,100,100,
3847,13,2000000,0,user_8,100,100,
3884,14,2000000,0,user_37,100,100,
3888,15,2000000,0,user_44,100,100,
3848,16,1800000,0,user_9,100,100,
3861,17,1800000,0,user_15,100,100,
3850,18,1600000,0,user_9,100,100,
3857,19,1600000,769000,user_14,100,100,
3883,20,1600000,0,user_36,100,100,
3856,21,1400000,16400,user_13,100,100,
3864,22,1300000,18600,user_19,100,100,
3870,23,1000000,0,user_26,100,100,
3872,24,1000000,17000,user_26,100,100,
3841,25,970000,0,user_3,100,100,
3851,26,910000,0,user_9,100,100,
3849,27,660000,0,user_9,100,100,
3866,28,660000,0,user_21,100,100,
3858,29,650000,0,user_14,100,100,
3873,30,530000,0,user_26,100,100,
3885,31,360000,0,user_38,100,100,
3877,32,320000,959000,user_30,100,100,
3891,33,320000,0,user_47,100,100,
3853,34,310000,0,user_12,100,100,
3880,35,310000,0,user_34,100,100,
3854,36,260000,0,user_12,100,100,
3860,37,220000,0,user_14,100,100,
3879,38,220000,64600,user_33,100,100,
3868,39,170000,0,user_22,100,100,
3845,40,160000,0,user_8,100,100,
3855,41,150000,0,user_12,100,100,
3886,42,150000,0,user_39,100,100,
3867,43,120000,0,user_22,100,100,
3887,44,120000,0,user_40,100,100,
3843,45,98000,0,user_5,100,100,
3869,46,87000,0,user_25,100,100,
3874,47,87000,0,user_26,100,100,
3876,48,77000,0,user_28,100,100,
3956,,220000,21800,user_1,101,,
3957,,1300000,322000,user_3,101,,
3958,,870000,0,user_4,101,,
3959,,87000,68100,user_5,101,,
3960,,1300000,0,user_9,101,,
3961,,110000,0,user_9,101,,
3962,,1500000,0,user_10,101,,
3963,,1400000,0,user_11,101,,
3964,,3200000,0,user_11,101,,
3965,,100000,0,user_12,101,,
3966,,190000,0,user_12,101,,
3967,,160000,0,user_12,101,,
3968,,120000,0,user_13,101,,
3969,,420000,0,user_13,101,,
3970,,2500000,215000,user_13,101,,
3971,,6100000,0,user_13,101,,
3972,,370000,381000,user_14,101,,
3973,,1000000,0,user_16,101,,
3974,,2500000,0,user_16,101,,
3975,,2000000,0,user_16,101,,
3976,,870000,0,user_17,101,,
3977,,1300000,0,user_19,101,,
3978,,1500000,0,user_20,101,,
3979,,2300000,0,user_21,101,,
3980,,220000,0,user_22,101,,
3981,,110000,0,user_23,101,,
3982,,79000,0,user_23,101,,
3983,,77000,0,user_24,101,,
3984,,1400000,0,user_25,101,,
3985,,120000,0,user_26,101,,
3986,,460000,0,user_26,101,,
3987,,100000,195000,user_29,101,,
3988,,910000,0,user_30,101,,
3989,,1200000,410000,user_31,101,,
3990,,530000,35600,user_32,101,,
3991,,220000,0,user_32,101,,
3992,,630000,0,user_33,101,,
3993,,150000,128000,user_34,101,,
3994,,1900000,0,user_35,101,,
3995,,2400000,0,user_37,101,,
3996,,310000,0,user_38,101,,
3997,,6100000,33300,user_40,101,,
3998,,73000,0,user_41,101,,
3999,,6300000,0,user_41,101,,
4000,,85000,49100,user_43,101,,
4001,,19000000,0,user_44,101,,
4002,,120000,0,user_45,101,,
4003,,1300000,0,user_47,101,,
4004,,600000,0,user_47,101,,
4005,,110000,0,user_48,101,,
4006,,2500000,0,user_49,101,,
4001,0,19000000,0,user_44,101,101,
3999,1,6300000,0,user_41,101,101,
3997,2,6100000,33300,user_40,101,101,
4007,3,0,0,builder_0,101,101,3997
3971,4,6100000,0,user_13,101,101,
3964,5,3200000,0,user_11,101,101,
3970,6,2500000,215000,user_13,101,101,
4008,7,0,0,builder_0,101,101,3970
3974,8,2500000,0,user_16,101,101,
4006,9,2500000,0,user_49,101,101,
3995,10,2400000,0,user_37,101,101,
3979,11,2300000,0,user_21,101,101,
3975,12,2000000,0,user_16,101,101,
3994,13,1900000,0,user_35,101,101,
4009,14,0,0,builder_0,101,101,3957
3957,15,1300000,322000,user_3,101,101,
3989,16,1200000,410000,user_31,101,101,
4010,17,0,0,builder_0,101,101,3989
3962,18,1500000,0,user_10,101,101,
3978,19,1500000,0,user_20,101,101,
3963,20,1400000,0,user_11,101,101,
3984,21,1400000,0,user_25,101,101,
3960,22,1300000,0,user_9,101,101,
3977,23,1300000,0,user_19,101,101,
4003,24,1300000,0,user_47,101,101,
3973,25,1000000,0,user_16,101,101,
3988,26,910000,0,user_30,101,101,
3976,27,870000,0,user_17,101,101,
3972,28,370000,381000,user_14,101,101,
4011,29,0,0,builder_0,101,101,3972
3992,30,630000,0,user_33,101,101,
4004,31,600000,0,user_47,101,101,
4012,32,0,0,builder_0,101,101,3990
3990,33,530000,35600,user_32,101,101,
3986,34,460000,0,user_26,101,101,
3969,35,420000,0,user_13,101,101,
3996,36,310000,0,user_38,101,101,
4013,37,0,0,builder_0,101,101,3987
3987,38,100000,195000,user_29,101,101,
4014,39,0,0,builder_0,101,101,3956
3956,40,220000,21800,user_1,101,101,
3980,41,220000,0,user_22,101,101,
3991,42,220000,0,user_32,101,101,
4015,43,0,0,builder_0,101,101,4000
4000,44,85000,49100,user_43,101,101,
3968,45,120000,0,user_13,101,101,
3985,46,120000,0,user_26,101,101,
3961,47,110000,0,user_9,101,101,
3981,48,110000,0,user_23,101,101,
4005,49,110000,0,user_48,101,101,
3982,50,79000,0,user_23,101,101,
3998,51,73000,0,user_41,101,101,
4083,,43000000,0,user_1,102,,
4084,,170000,0,user_1,102,,
4085,,160000,0,user_2,102,,
4086,,110000,0,user_3,102,,
4087,,370000,215000,user_4,102,,
4088,,190000,0,user_6,102,,
4089,,220000,0,user_7,102,,
4090,,1500000,0,user_7,102,,
4091,,1100000,0,user_7,102,,
4092,,73000,0,user_7,102,,
4093,,190000,108000,user_7,102,,
4094,,320000,0,user_8,102,,
4095,,87000,0,user_8,102,,
4096,,650000,0,user_8,102,,
4097,,2500000,8520,user_9,102,,
4098,,120000,15100,user_10,102,,
4099,,160000,0,user_10,102,,
4100,,1600000,0,user_11,102,,
4101,,150000,0,user_12,102,,
4102,,1100000,0,user_14,102,,
4103,,1600000,0,user_14,102,,
4104,,4200000,108000,user_16,102,,
4105,,2400000,0,user_17,102,,
4106,,4200000,0,user_19,102,,
4107,,170000,0,user_21,102,,
4108,,5000000,128000,user_22,102,,
4109,,6300000,0,user_24,102,,
4110,,460000,0,user_24,102,,
4111,,5200000,0,user_25,102,,
4112,,2500000,0,user_27,102,,
4113,,100000,0,user_28,102,,
4114,,910000,0,user_29,102,,
4115,,300000,0,user_30,102,,
4116,,1000000,0,user_30,102,,
4117,,1800000,0,user_30,102,,
4118,,150000,0,user_30,102,,
4119,,170000,0,user_32,102,,
4120,,1500000,4320000,user_33,102,,
4121,,2600000,0,user_35,102,,
4122,,360000,0,user_36,102,,
4123,,120000,0,user_36,102,,
4124,,150000,0,user_36,102,,
4125,,340000,0,user_37,102,,
4126,,1100000,0,user_39,102,,
4127,,370000,0,user_40,102,,
4128,,660000,11200,user_40,102,,
4129,,27000000,0,user_40,102,,
4130,,2500000,0,user_40,102,,
4131,,3200000,381000,user_42,102,,
4132,,5000000,0,user_43,102,,
4133,,660000,0,user_43,102,,
4134,,1000000,0,user_44,102,,
4135,,43000000,0,user_45,102,,
4136,,420000,0,user_47,102,,
4137,,2400000,510000,user_48,102,,
4138,,79000,18600,user_49,102,,
4083,0,43000000,0,user_1,102,102,
4135,1,43000000,0,user_45,102,102,
4129,2,27000000,0,user_40,102,102,
4109,3,6300000,0,user_24,102,102,
4120,4,1500000,4320000,user_33,102,102,
4174,5,0,0,builder_4,102,102,4120
4111,6,5200000,0,user_25,102,102,
4108,7,5000000,128000,user_22,102,102,
4175,8,0,0,builder_4,102,102,4108
4132,9,5000000,0,user_43,102,102,
4176,10,0,0,builder_4,102,102,4104
4104,11,4200000,108000,user_16,102,102,
4106,12,4200000,0,user_19,102,102,
4131,13,3200000,381000,user_42,102,102,
4177,14,0,0,builder_4,102,102,4131
4178,15,0,0,builder_4,102,102,4137
4137,16,2400000,510000,user_48,102,102,
4121,17,2600000,0,user_35,102,102,
4097,18,2500000,8520,user_9,102,102,
4179,19,0,0,builder_4,102,102,4097
4112,20,2500000,0,user_27,102,102,
4130,21,2500000,0,user_40,102,102,
4105,22,2400000,0,user_17,102,102,
4117,23,1800000,0,user_30,102,102,
4100,24,1600000,0,user_11,102,102,
4103,25,1600000,0,user_14,102,102,
4102,26,1100000,0,user_14,102,102,
4116,27,1000000,0,user_30,102,102,
4134,28,1000000,0,user_44,102,102,
4114,29,910000,0,user_29,102,102,
4128,30,660000,11200,user_40,102,102,
4180,31,0,0,builder_4,102,102,4128
4133,32,660000,0,user_43,102,102,
4096,33,650000,0,user_8,102,102,
4181,34,0,0,builder_4,102,102,4087
4087,35,370000,215000,user_4,102,102,
4110,36,460000,0,user_24,102,102,
4127,37,370000,0,user_40,102,102,
4122,38,360000,0,user_36,102,102,
4125,39,340000,0,user_37,102,102,
4094,40,320000,0,user_8,102,102,
4115,41,300000,0,user_30,102,102,
4088,42,190000,0,user_6,102,102,
4084,43,170000,0,user_1,102,102,
4107,44,170000,0,user_21,102,102,
4119,45,170000,0,user_32,102,102,
4085,46,160000,0,user_2,102,102,
4099,47,160000,0,user_10,102,102,
4101,48,150000,0,user_12,102,102,
4118,49,150000,0,user_30,102,102,
4124,50,150000,0,user_36,102,102,
4182,51,0,0,builder_4,102,102,4098
4098,52,120000,15100,user_10,102,102,
4123,53,120000,0,user_36,102,102,
4086,54,110000,0,user_3,102,102,
4113,55,100000,0,user_28,102,102,
4183,56,0,0,builder_4,102,102,4138
4138,57,79000,18600,user_49,102,102,
4095,58,87000,0,user_8,102,102,
4220,,1100000,0,user_3,103,,
4221,,260000,0,user_4,103,,
4222,,220000,959000,user_6,103,,
4223,,360000,0,user_6,103,,
4224,,5000000,0,user_8,103,,
4225,,1900000,0,user_8,103,,
4226,,87000,0,user_9,103,,
4227,,110000,0,user_10,103,,
4228,,77000,0,user_10,103,,
4229,,6100000,381000,user_11,103,,
4230,,310000,0,user_13,103,,
4231,,2300000,0,user_13,103,,
4232,,660000,0,user_14,103,,
4233,,170000,0,user_16,103,,
4234,,70000,30200,user_17,103,,
4235,,5000000,0,user_17,103,,
4236,,2000000,0,user_18,103,,
4237,,190000,0,user_19,103,,
4238,,2400000,0,user_21,103,,
4239,,27000000,0,user_22,103,,
4240,,300000,0,user_23,103,,
4241,,260000,0,user_26,103,,
4242,,4500000,0,user_28,103,,
4243,,310000,0,user_29,103,,
4244,,420000,164000,user_30,103,,
4245,,970000,0,user_30,103,,
4246,,5000000,0,user_30,103,,
4247,,530000,0,user_30,103,,
4248,,340000,155000,user_30,103,,
4249,,1900000,0,user_32,103,,
4250,,260000,0,user_32,103,,
4251,,5000000,24700,user_32,103,,
4252,,970000,0,user_32,103,,
4253,,3200000,100000,user_32,103,,
4254,,1500000,0,user_33,103,,
4255,,2000000,0,user_33,103,,
4256,,1500000,0,user_34,103,,
4257,,670000,0,user_35,103,,
4258,,220000,0,user_35,103,,
4259,,2600000,0,user_36,103,,
4260,,910000,0,user_37,103,,
4261,,82000,0,user_38,103,,
4262,,220000,769000,user_38,103,,
4263,,360000,0,user_39,103,,
4264,,600000,0,user_39,103,,
4265,,370000,0,user_41,103,,
4266,,3200000,13900,user_41,103,,
4267,,160000,0,user_41,103,,
4268,,160000,0,user_42,103,,
4269,,160000,0,user_42,103,,
4270,,1400000,35600,user_43,103,,
4271,,160000,0,user_44,103,,
4272,,460000,0,user_45,103,,
4273,,73000,0,user_46,103,,
4274,,160000,0,user_46,103,,
4275,,170000,3130,user_47,103,,
4276,,170000,16400,user_48,103,,
4277,,310000,231000,user_48,103,,
4278,,260000,0,user_48,103,,
4279,,670000,0,user_48,103,,
4280,,83000,0,user_48,103,,
4281,,2600000,0,user_49,103,,
4239,0,27000000,0,user_22,103,103,
4327,1,0,0,builder_4,103,103,4229
4229,2,6100000,381000,user_11,103,103,
4251,3,5000000,24700,user_32,103,103,
4328,4,0,0,builder_4,103,103,4251
4224,5,5000000,0,user_8,103,103,
4235,6,5000000,0,user_17,103,103,
4246,7,5000000,0,user_30,103,103,
4242,8,4500000,0,user_28,103,103,
4329,9,0,0,builder_4,103,103,4253
4253,10,3200000,100000,user_32,103,103,
4266,11,3200000,13900,user_41,103,103,
4330,12,0,0,builder_4,103,103,4266
4259,13,2600000,0,user_36,103,103,
4281,14,2600000,0,user_49,103,103,
4238,15,2400000,0,user_21,103,103,
4231,16,2300000,0,user_13,103,103,
4236,17,2000000,0,user_18,103,103,
4255,18,2000000,0,user_33,103,103,
4225,19,1900000,0,user_8,103,103,
4249,20,1900000,0,user_32,103,103,
4254,21,1500000,0,user_33,103,103,
4256,22,1500000,0,user_34,103,103,
4270,23,1400000,35600,user_43,103,103,
4331,24,0,0,builder_4,103,103,4270
4222,25,220000,959000,user_6,103,103,
4332,26,0,0,builder_4,103,103,4222
4220,27,1100000,0,user_3,103,103,
4333,28,0,0,builder_4,103,103,4262
4262,29,220000,769000,user_38,103,103,
4245,30,970000,0,user_30,103,103,
4252,31,970000,0,user_32,103,103,
4260,32,910000,0,user_37,103,103,
4257,33,670000,0,user_35,103,103,
4279,34,670000,0,user_48,103,103,
4232,35,660000,0,user_14,103,103,
4244,36,420000,164000,user_30,103,103,
4334,37,0,0,builder_4,103,103,4244
4277,38,310000,231000,user_48,103,103,
4335,39,0,0,builder_4,103,103,4277
4247,40,530000,0,user_30,103,103,
4336,41,0,0,builder_4,103,103,4248
4248,42,340000,155000,user_30,103,103,
4272,43,460000,0,user_45,103,103,
4265,44,370000,0,user_41,103,103,
4223,45,360000,0,user_6,103,103,
4230,46,310000,0,user_13,103,103,
4243,47,310000,0,user_29,103,103,
4240,48,300000,0,user_23,103,103,
4221,49,260000,0,user_4,103,103,
4241,50,260000,0,user_26,103,103,
4250,51,260000,0,user_32,103,103,
4278,52,260000,0,user_48,103,103,
4258,53,220000,0,user_35,103,103,
4237,54,190000,0,user_19,103,103,
4276,55,170000,16400,user_48,103,103,
4337,56,0,0,builder_4,103,103,4276
4233,57,170000,0,user_16,103,103,
4267,58,160000,0,user_41,103,103,
4268,59,160000,0,user_42,103,103,
4269,60,160000,0,user_42,103,103,
4271,61,160000,0,user_44,103,103,
4274,62,160000,0,user_46,103,103,
4227,63,110000,0,user_10,103,103,
4338,64,0,0,builder_4,103,103,4234
4234,65,70000,30200,user_17,103,103,
4226,66,87000,0,user_9,103,103,
4280,67,83000,0,user_48,103,103,
4261,68,82000,0,user_38,103,103,
4228,69,77000,0,user_10,103,103,
4273,70,73000,0,user_46,103,103,
4372,,98000,0,user_0,104,,
4373,,70000,0,user_0,104,,
4374,,110000,15100,user_0,104,,
4375,,1000000,17000,user_1,104,,
4376,,110000,0,user_2,104,,
4377,,170000,0,user_2,104,,
4378,,6300000,14200,user_2,104,,
4379,,160000,283000,user_2,104,,
4380,,1600000,0,user_2,104,,
4381,,150000,0,user_3,104,,
4382,,84000,0,user_3,104,,
4383,,360000,0,user_4,104,,
4384,,1000000,13900,user_6,104,,
4385,,3200000,0,user_7,104,,
4386,,260000,0,user_9,104,,
4387,,84000,0,user_10,104,,
4388,,110000,0,user_11,104,,
4389,,1000000,7190000,user_11,104,,
4390,,120000,164000,user_12,104,,
4391,,27000000,0,user_12,104,,
4392,,160000,0,user_13,104,,
4393,,120000,0,user_13,104,,
4394,,85000,0,user_14,104,,
4395,,220000,0,user_14,104,,
4396,,2500000,14200,user_14,104,,
4397,,220000,0,user_14,104,,
4398,,98000,0,user_16,104,,
4399,,110000,0,user_19,104,,
4400,,1000000,0,user_20,104,,
4401,,1900000,0,user_21,104,,
4402,,1100000,0,user_22,104,,
4403,,43000000,0,user_22,104,,
4404,,1000000,0,user_22,104,,
4405,,150000,0,user_22,104,,
4406,,190000,0,user_22,104,,
4407,,350000,0,user_25,104,,
4408,,220000,0,user_26,104,,
4409,,100000,0,user_27,104,,
4410,,2000000,0,user_29,104,,
4411,,82000,5640,user_30,104,,
4412,,220000,0,user_31,104,,
4413,,120000,0,user_32,104,,
4414,,170000,0,user_32,104,,
4415,,43000000,0,user_33,104,,
4416,,27000000,1100000,user_33,104,,
4417,,220000,0,user_33,104,,
4418,,1400000,195000,user_34,104,,
4419,,1800000,0,user_35,104,,
4420,,340000,0,user_36,104,,
4421,,240000,0,user_36,104,,
4422,,80000,0,user_36,104,,
4423,,100000,0,user_36,104,,
4424,,79000,0,user_37,104,,
4425,,160000,0,user_38,104,,
4426,,470000,13800,user_38,104,,
4427,,300000,0,user_39,104,,
4428,,100000,0,user_40,104,,
4429,,260000,0,user_41,104,,
4430,,460000,0,user_42,104,,
4431,,220000,181000,user_43,104,,
4432,,1400000,0,user_44,104,,
4433,,150000,30200,user_45,104,,
4434,,87000,0,user_47,104,,
4435,,120000,0,user_47,104,,
4436,,150000,0,user_47,104,,
4437,,310000,0,user_47,104,,
4438,,970000,285000,user_47,104,,
4439,,100000,0,user_49,104,,
4403,0,43000000,0,user_22,104,104,
4415,1,43000000,0,user_33,104,104,
4391,2,27000000,0,user_12,104,104,
4416,3,27000000,1100000,user_33,104,104,
4378,4,6300000,14200,user_2,104,104,
4385,5,3200000,0,user_7,104,104,
4396,6,2500000,14200,user_14,104,104,
4410,7,2000000,0,user_29,104,104,
4401,8,1900000,0,user_21,104,104,
4419,9,1800000,0,user_35,104,104,
4380,10,1600000,0,user_2,104,104,
4418,11,1400000,195000,user_34,104,104,
4432,12,1400000,0,user_44,104,104,
4402,13,1100000,0,user_22,104,104,
4375,14,1000000,17000,user_1,104,104,
4384,15,1000000,13900,user_6,104,104,
4389,16,1000000,7190000,user_11,104,104,
4400,17,1000000,0,user_20,104,104,
4404,18,1000000,0,user_22,104,104,
4438,19,970000,285000,user_47,104,104,
4430,20,460000,0,user_42,104,104,
4383,21,360000,0,user_4,104,104,
4407,22,350000,0,user_25,104,104,
4437,23,310000,0,user_47,104,104,
4427,24,300000,0,user_39,104,104,
4429,25,260000,0,user_41,104,104,
4395,26,220000,0,user_14,104,104,
4397,27,220000,0,user_14,104,104,
4408,28,220000,0,user_26,104,104,
4412,29,220000,0,user_31,104,104,
4417,30,220000,0,user_33,104,104,
4431,31,220000,181000,user_43,104,104,
4406,32,190000,0,user_22,104,104,
4377,33,170000,0,user_2,104,104,
4414,34,170000,0,user_32,104,104,
4379,35,160000,283000,user_2,104,104,
4392,36,160000,0,user_13,104,104,
4381,37,150000,0,user_3,104,104,
4405,38,150000,0,user_22,104,104,
4433,39,150000,30200,user_45,104,104,
4436,40,150000,0,user_47,104,104,
4390,41,120000,164000,user_12,104,104,
4393,42,120000,0,user_13,104,104,
4413,43,120000,0,user_32,104,104,
4435,44,120000,0,user_47,104,104,
4374,45,110000,15100,user_0,104,104,
4376,46,110000,0,user_2,104,104,
4388,47,110000,0,user_11,104,104,
4399,48,110000,0,user_19,104,104,
4428,49,100000,0,user_40,104,104,
4439,50,100000,0,user_49,104,104,
4372,51,98000,0,user_0,104,104,
4398,52,98000,0,user_16,104,104,
4434,53,87000,0,user_47,104,104,
4394,54,85000,0,user_14,104,104,
4382,55,84000,0,user_3,104,104,
4411,56,82000,5640,user_30,104,104,
4424,57,79000,0,user_37,104,104,
4373,58,70000,0,user_0,104,104,
4542,,1100000,0,user_1,105,,
4543,,77000,0,user_3,105,,
4544,,1300000,0,user_5,105,,
4545,,83000,0,user_6,105,,
4546,,3600000,73100,user_7,105,,
4547,,2500000,0,user_7,105,,
4548,,120000,0,user_8,105,,
4549,,1000000,769000,user_8,105,,
4550,,460000,0,user_9,105,,
4551,,98000,0,user_9,105,,
4552,,360000,0,user_9,105,,
4553,,19000000,0,user_9,105,,
4554,,260000,0,user_11,105,,
4555,,220000,510000,user_11,105,,
4556,,220000,47700,user_11,105,,
4557,,670000,0,user_11,105,,
4558,,910000,0,user_11,105,,
4559,,260000,34700,user_15,105,,
4560,,660000,164000,user_16,105,,
4561,,83000,296000,user_17,105,,
4562,,260000,0,user_18,105,,
4563,,530000,0,user_20,105,,
4564,,320000,0,user_20,105,,
4565,,650000,0,user_21,105,,
4566,,3500000,0,user_21,105,,
4567,,670000,0,user_22,105,,
4568,,4200000,12800,user_23,105,,
4569,,160000,0,user_24,105,,
4570,,120000,350000,user_25,105,,
4571,,310000,0,user_26,105,,
4572,,84000,8520,user_27,105,,
4573,,79000,0,user_28,105,,
4574,,2400000,11200,user_30,105,,
4575,,6300000,0,user_31,105,,
4576,,300000,0,user_31,105,,
4577,,80000,0,user_33,105,,
4578,,3500000,0,user_33,105,,
4579,,1600000,0,user_34,105,,
4580,,360000,0,user_35,105,,
4581,,350000,0,user_37,105,,
4582,,160000,15300,user_38,105,,
4583,,170000,0,user_38,105,,
4584,,160000,0,user_40,105,,
4585,,43000000,0,user_41,105,,
4586,,1000000,0,user_42,105,,
4587,,170000,545000,user_42,105,,
4588,,350000,0,user_44,105,,
4589,,2000000,0,user_45,105,,
4590,,660000,0,user_47,105,,
4591,,98000,0,user_48,105,,
4592,,3200000,0,user_48,105,,
4593,,19000000,0,user_48,105,,
4585,0,43000000,0,user_41,105,105,
4553,1,19000000,0,user_9,105,105,
4593,2,19000000,0,user_48,105,105,
4575,3,6300000,0,user_31,105,105,
4568,4,4200000,12800,user_23,105,105,
4546,5,3600000,73100,user_7,105,105,
4566,6,3500000,0,user_21,105,105,
4578,7,3500000,0,user_33,105,105,
4592,8,3200000,0,user_48,105,105,
4547,9,2500000,0,user_7,105,105,
4574,10,2400000,11200,user_30,105,105,
4589,11,2000000,0,user_45,105,105,
4579,12,1600000,0,user_34,105,105,
4544,13,1300000,0,user_5,105,105,
4549,14,1000000,769000,user_8,105,105,
4586,15,1000000,0,user_42,105,105,
4558,16,910000,0,user_11,105,105,
4557,17,670000,0,user_11,105,105,
4567,18,670000,0,user_22,105,105,
4560,19,660000,164000,user_16,105,105,
4590,20,660000,0,user_47,105,105,
4565,21,650000,0,user_21,105,105,
4563,22,530000,0,user_20,105,105,
4550,23,460000,0,user_9,105,105,
4552,24,360000,0,user_9,105,105,
4580,25,360000,0,user_35,105,105,
4588,26,350000,0,user_44,105,105,
4564,27,320000,0,user_20,105,105,
4576,28,300000,0,user_31,105,105,
4554,29,260000,0,user_11,105,105,
4559,30,260000,34700,user_15,105,105,
4562,31,260000,0,user_18,105,105,
4555,32,220000,510000,user_11,105,105,
4556,33,220000,47700,user_11,105,105,
4583,34,170000,0,user_38,105,105,
4587,35,170000,545000,user_42,105,105,
4569,36,160000,0,user_24,105,105,
4582,37,160000,15300,user_38,105,105,
4584,38,160000,0,user_40,105,105,
4548,39,120000,0,user_8,105,105,
4570,40,120000,350000,user_25,105,105,
4551,41,98000,0,user_9,105,105,
4591,42,98000,0,user_48,105,105,
4572,43,84000,8520,user_27,105,105,
4545,44,83000,0,user_6,105,105,
4561,45,83000,296000,user_17,105,105,
4577,46,80000,0,user_33,105,105,
4543,47,77000,0,user_3,105,105,
4681,,2600000,296000,user_0,106,,
4682,,1500000,0,user_0,106,,
4683,,1600000,0,user_0,106,,
4684,,80000,0,user_0,106,,
4685,,310000,0,user_1,106,,
4686,,470000,0,user_2,106,,
4687,,85000,71800,user_3,106,,
4688,,910000,0,user_4,106,,
4689,,300000,0,user_4,106,,
4690,,310000,0,user_4,106,,
4691,,83000,0,user_4,106,,
4692,,120000,0,user_6,106,,
4693,,910000,0,user_6,106,,
4694,,100000,36800,user_8,106,,
4695,,150000,0,user_12,106,,
4696,,30000000,0,user_14,106,,
4697,,300000,0,user_14,106,,
4698,,5200000,779000,user_15,106,,
4699,,43000000,0,user_17,106,,
4700,,220000,0,user_18,106,,
4701,,79000,0,user_21,106,,
4702,,170000,1100000,user_25,106,,
4703,,660000,0,user_27,106,,
4704,,1000000,769000,user_28,106,,
4705,,5000000,0,user_28,106,,
4706,,170000,0,user_30,106,,
4707,,220000,0,user_30,106,,
4708,,3500000,16400,user_31,106,,
4709,,260000,0,user_32,106,,
4710,,19000000,0,user_33,106,,
4711,,2100000,0,user_33,106,,
4712,,600000,0,user_34,106,,
4713,,220000,56200,user_35,106,,
4714,,82000,0,user_35,106,,
4715,,660000,0,user_37,106,,
4716,,1800000,100000,user_37,106,,
4717,,1800000,16400,user_39,106,,
4718,,1000000,0,user_40,106,,
4719,,82000,0,user_41,106,,
4720,,1600000,0,user_45,106,,
4721,,160000,0,user_47,106,,
4722,,27000000,0,user_49,106,,
4699,0,43000000,0,user_17,106,106,
4696,1,30000000,0,user_14,106,106,
4722,2,27000000,0,user_49,106,106,
4710,3,19000000,0,user_33,106,106,
4698,4,5200000,779000,user_15,106,106,
4705,5,5000000,0,user_28,106,106,
4708,6,3500000,16400,user_31,106,106,
4681,7,2600000,296000,user_0,106,106,
4711,8,2100000,0,user_33,106,106,
4716,9,1800000,100000,user_37,106,106,
4717,10,1800000,16400,user_39,106,106,
4683,11,1600000,0,user_0,106,106,
4720,12,1600000,0,user_45,106,106,
4682,13,1500000,0,user_0,106,106,
4704,14,1000000,769000,user_28,106,106,
4718,15,1000000,0,user_40,106,106,
4688,16,910000,0,user_4,106,106,
4693,17,910000,0,user_6,106,106,
4715,18,660000,0,user_37,106,106,
4712,19,600000,0,user_34,106,106,
4686,20,470000,0,user_2,106,106,
4685,21,310000,0,user_1,106,106,
4690,22,310000,0,user_4,106,106,
4689,23,300000,0,user_4,106,106,
4697,24,300000,0,user_14,106,106,
4709,25,260000,0,user_32,106,106,
4700,26,220000,0,user_18,106,106,
4707,27,220000,0,user_30,106,106,
4713,28,220000,56200,user_35,106,106,
4702,29,170000,1100000,user_25,106,106,
4706,30,170000,0,user_30,106,106,
4721,31,160000,0,user_47,106,106,
4695,32,150000,0,user_12,106,106,
4692,33,120000,0,user_6,106,106,
4694,34,100000,36800,user_8,106,106,
4687,35,85000,71800,user_3,106,106,
4691,36,83000,0,user_4,106,106,
4714,37,82000,0,user_35,106,106,
4719,38,82000,0,user_41,106,106,
4684,39,80000,0,user_0,106,106,
4701,40,79000,0,user_21,106,106,
4798,,82000,0,user_0,107,,
4799,,220000,23500,user_2,107,,
4800,,6100000,0,user_2,107,,
4801,,190000,0,user_4,107,,
4802,,27000000,0,user_4,107,,
4803,,2000000,0,user_4,107,,
4804,,2000000,0,user_6,107,,
4805,,170000,0,user_6,107,,
4806,,2300000,12800,user_8,107,,
4807,,130000,13900,user_8,107,,
4808,,4500000,0,user_8,107,,
4809,,110000,0,user_9,107,,
4810,,240000,0,user_10,107,,
4811,,150000,0,user_11,107,,
4812,,190000,0,user_12,107,,
4813,,30000000,0,user_13,107,,
4814,,1600000,75000,user_13,107,,
4815,,5000000,0,user_14,107,,
4816,,2400000,0,user_15,107,,
4817,,120000,0,user_16,107,,
4818,,1500000,0,user_16,107,,
4819,,4200000,0,user_17,107,,
4820,,240000,0,user_19,107,,
4821,,630000,0,user_19,107,,
4822,,260000,0,user_20,107,,
4823,,1700000,43600,user_21,107,,
4824,,27000000,0,user_23,107,,
4825,,120000,0,user_23,107,,
4826,,420000,0,user_23,107,,
4827,,1600000,0,user_24,107,,
4828,,1000000,8520,user_24,107,,
4829,,82000,0,user_25,107,,
4830,,19000000,46500,user_26,107,,
4831,,150000,0,user_26,107,,
4832,,1000000,100000,user_26,107,,
4833,,360000,0,user_26,107,,
4834,,120000,0,user_27,107,,
4835,,5000000,0,user_27,107,,
4836,,120000,0,user_28,107,,
4837,,2300000,0,user_30,107,,
4838,,310000,12800,user_31,107,,
4839,,460000,0,user_31,107,,
4840,,170000,0,user_31,107,,
4841,,1500000,0,user_31,107,,
4842,,150000,0,user_35,107,,
4843,,190000,0,user_36,107,,
4844,,2000000,164000,user_37,107,,
4845,,98000,0,user_39,107,,
4846,,260000,60700,user_40,107,,
4847,,3500000,0,user_41,107,,
4848,,660000,43600,user_42,107,,
4849,,170000,0,user_42,107,,
4850,,1000000,0,user_44,107,,
4851,,460000,0,user_46,107,,
4852,,110000,73100,user_47,107,,
4853,,77000,0,user_47,107,,
4854,,77000,510000,user_48,107,,
4855,,420000,7190000,user_48,107,,
4856,,360000,0,user_49,107,,
4813,0,30000000,0,user_13,107,107,
4802,1,27000000,0,user_4,107,107,
4824,2,27000000,0,user_23,107,107,
4906,3,0,0,builder_4,107,107,4830
4830,4,19000000,46500,user_26,107,107,
4855,5,420000,7190000,user_48,107,107,
4907,6,0,0,builder_4,107,107,4855
4800,7,6100000,0,user_2,107,107,
4815,8,5000000,0,user_14,107,107,
4835,9,5000000,0,user_27,107,107,
4808,10,4500000,0,user_8,107,107,
4819,11,4200000,0,user_17,107,107,
4847,12,3500000,0,user_41,107,107,
4806,13,2300000,12800,user_8,107,107,
4908,14,0,0,builder_4,107,107,4806
4837,15,2300000,0,user_30,107,107,
4844,16,2000000,164000,user_37,107,107,
4909,17,0,0,builder_4,107,107,4844
4803,18,2000000,0,user_4,107,107,
4804,19,2000000,0,user_6,107,107,
4910,20,0,0,builder_4,107,107,4823
4823,21,1700000,43600,user_21,107,107,
4814,22,1600000,75000,user_13,107,107,
4911,23,0,0,builder_4,107,107,4814
4827,24,1600000,0,user_24,107,107,
4818,25,1500000,0,user_16,107,107,
4841,26,1500000,0,user_31,107,107,
4912,27,0,0,builder_4,107,107,4832
4832,28,1000000,100000,user_26,107,107,
4913,29,0,0,builder_4,107,107,4828
4828,30,1000000,8520,user_24,107,107,
4850,31,1000000,0,user_44,107,107,
4848,32,660000,43600,user_42,107,107,
4914,33,0,0,builder_4,107,107,4848
4821,34,630000,0,user_19,107,107,
4854,35,77000,510000,user_48,107,107,
4915,36,0,0,builder_4,107,107,4854
4839,37,460000,0,user_31,107,107,
4851,38,460000,0,user_46,107,107,
4826,39,420000,0,user_23,107,107,
4833,40,360000,0,user_26,107,107,
4856,41,360000,0,user_49,107,107,
4916,42,0,0,builder_4,107,107,4838
4838,43,310000,12800,user_31,107,107,
4917,44,0,0,builder_4,107,107,4846
4846,45,260000,60700,user_40,107,107,
4822,46,260000,0,user_20,107,107,
4918,47,0,0,builder_4,107,107,4799
4799,48,220000,23500,user_2,107,107,
4810,49,240000,0,user_10,107,107,
4820,50,240000,0,user_19,107,107,
4801,51,190000,0,user_4,107,107,
4812,52,190000,0,user_12,107,107,
4843,53,190000,0,user_36,107,107,
4805,54,170000,0,user_6,107,107,
4840,55,170000,0,user_31,107,107,
4849,56,170000,0,user_42,107,107,
4811,57,150000,0,user_11,107,107,
4831,58,150000,0,user_26,107,107,
4842,59,150000,0,user_35,107,107,
4807,60,130000,13900,user_8,107,107,
4919,61,0,0,builder_4,107,107,4807
4817,62,120000,0,user_16,107,107,
4825,63,120000,0,user_23,107,107,
4834,64,120000,0,user_27,107,107,
4836,65,120000,0,user_28,107,107,
4809,66,110000,0,user_9,107,107,
4798,67,82000,0,user_0,107,107,
4829,68,82000,0,user_25,107,107,
0,,3200000,0,user_0,108,,
1,,2100000,0,user_1,108,,
2,,110000,0,user_3,108,,
3,,120000,0,user_4,108,,
4,,5000000,0,user_4,108,,
5,,160000,0,user_5,108,,
6,,70000,3130,user_6,108,,
7,,84000,19700,user_7,108,,
8,,150000,0,user_7,108,,
9,,1200000,0,user_7,108,,
10,,460000,0,user_7,108,,
11,,260000,0,user_7,108,,
12,,170000,0,user_8,108,,
13,,1600000,0,user_8,108,,
14,,73000,0,user_9,108,,
15,,150000,0,user_9,108,,
16,,370000,0,user_10,108,,
17,,2600000,0,user_12,108,,
18,,300000,0,user_12,108,,
19,,460000,296000,user_12,108,,
20,,3500000,17000,user_14,108,,
21,,970000,0,user_15,108,,
22,,170000,0,user_16,108,,
23,,19000000,0,user_17,108,,
24,,170000,0,user_18,108,,
25,,110000,0,user_21,108,,
26,,1000000,0,user_23,108,,
27,,19000000,71800,user_23,108,,
28,,130000,0,user_25,108,,
29,,1100000,17700000,user_25,108,,
30,,2300000,410000,user_27,108,,
31,,73000,0,user_27,108,,
32,,1000000,0,user_29,108,,
33,,220000,0,user_30,108,,
34,,3600000,0,user_33,108,,
35,,360000,0,user_34,108,,
36,,310000,0,user_34,108,,
37,,1300000,0,user_35,108,,
38,,220000,0,user_36,108,,
39,,1000000,0,user_37,108,,
40,,77000,43600,user_38,108,,
41,,1700000,0,user_38,108,,
42,,420000,0,user_39,108,,
43,,5000000,0,user_40,108,,
44,,340000,5630,user_41,108,,
45,,340000,0,user_43,108,,
46,,1500000,283000,user_44,108,,
47,,160000,0,user_45,108,,
48,,5200000,0,user_45,108,,
49,,79000,0,user_46,108,,
50,,100000,0,user_47,108,,
51,,120000,35600,user_47,108,,
52,,170000,0,user_48,108,,
53,,300000,0,user_49,108,,
27,0,19000000,71800,user_23,108,108,
84,1,0,0,builder_4,108,108,27
23,2,19000000,0,user_17,108,108,
85,3,0,0,builder_4,108,108,29
29,4,1100000,17700000,user_25,108,108,
48,5,5200000,0,user_45,108,108,
4,6,5000000,0,user_4,108,108,
43,7,5000000,0,user_40,108,108,
34,8,3600000,0,user_33,108,108,
86,9,0,0,builder_4,108,108,20
20,10,3500000,17000,user_14,108,108,
0,11,3200000,0,user_0,108,108,
30,12,2300000,410000,user_27,108,108,
87,13,0,0,builder_4,108,108,30
17,14,2600000,0,user_12,108,108,
1,15,2100000,0,user_1,108,108,
46,16,1500000,283000,user_44,108,108,
88,17,0,0,builder_4,108,108,46
41,18,1700000,0,user_38,108,108,
13,19,1600000,0,user_8,108,108,
37,20,1300000,0,user_35,108,108,
26,21,1000000,0,user_23,108,108,
32,22,1000000,0,user_29,108,108,
39,23,1000000,0,user_37,108,108,
89,24,0,0,builder_4,108,108,19
19,25,460000,296000,user_12,108,108,
16,26,370000,0,user_10,108,108,
35,27,360000,0,user_34,108,108,
44,28,340000,5630,user_41,108,108,
90,29,0,0,builder_4,108,108,44
45,30,340000,0,user_43,108,108,
36,31,310000,0,user_34,108,108,
18,32,300000,0,user_12,108,108,
53,33,300000,0,user_49,108,108,
33,34,220000,0,user_30,108,108,
38,35,220000,0,user_36,108,108,
12,36,170000,0,user_8,108,108,
22,37,170000,0,user_16,108,108,
24,38,170000,0,user_18,108,108,
52,39,170000,0,user_48,108,108,
47,40,160000,0,user_45,108,108,
15,41,150000,0,user_9,108,108,
28,42,130000,0,user_25,108,108,
91,43,0,0,builder_4,108,108,40
40,44,77000,43600,user_38,108,108,
3,45,120000,0,user_4,108,108,
2,46,110000,0,user_3,108,108,
25,47,110000,0,user_21,108,108,
49,48,79000,0,user_46,108,108,
6,49,70000,3130,user_6,108,108,
92,50,0,0,builder_4,108,108,6
14,51,73000,0,user_9,108,108,
31,52,73000,0,user_27,108,108,
127,,2000000,0,user_0,109,,
128,,150000,0,user_0,109,,
129,,220000,0,user_2,109,,
130,,5000000,0,user_2,109,,
131,,5000000,0,user_2,109,,
132,,1400000,13900,user_2,109,,
133,,1100000,0,user_2,109,,
134,,3200000,0,user_4,109,,
135,,2400000,0,user_6,109,,
136,,98000,0,user_8,109,,
137,,1900000,19700,user_8,109,,
138,,660000,0,user_8,109,,
139,,150000,0,user_8,109,,
140,,83000,0,user_8,109,,
141,,460000,35600,user_9,109,,
142,,1100000,0,user_10,109,,
143,,130000,0,user_11,109,,
144,,420000,0,user_11,109,,
145,,2600000,0,user_11,109,,
146,,4200000,0,user_11,109,,
147,,660000,15300,user_11,109,,
148,,100000,17700000,user_12,109,,
149,,27000000,67500,user_13,109,,
150,,6300000,0,user_14,109,,
151,,910000,0,user_15,109,,
152,,2100000,256000,user_15,109,,
153,,80000,0,user_15,109,,
154,,360000,0,user_16,109,,
155,,130000,0,user_18,109,,
156,,150000,42000,user_19,109,,
157,,5000000,0,user_20,109,,
158,,85000,128000,user_21,109,,
159,,1900000,84800,user_22,109,,
160,,5200000,0,user_23,109,,
161,,2000000,0,user_24,109,,
162,,110000,0,user_24,109,,
163,,150000,0,user_24,109,,
164,,77000,0,user_26,109,,
165,,2300000,0,user_28,109,,
166,,2100000,0,user_29,109,,
167,,110000,0,user_30,109,,
168,,43000000,256000,user_31,109,,
169,,5000000,0,user_33,109,,
170,,83000,21800,user_33,109,,
171,,190000,12800,user_34,109,,
172,,1900000,0,user_35,109,,
173,,3500000,0,user_35,109,,
174,,2000000,0,user_37,109,,
175,,170000,11200,user_37,109,,
176,,170000,0,user_38,109,,
177,,120000,0,user_39,109,,
178,,2000000,0,user_42,109,,
179,,2500000,34700,user_43,109,,
180,,4200000,0,user_46,109,,
181,,2000000,0,user_49,109,,
168,0,43000000,256000,user_31,109,109,
149,1,27000000,67500,user_13,109,109,
150,2,6300000,0,user_14,109,109,
160,3,5200000,0,user_23,109,109,
130,4,5000000,0,user_2,109,109,
131,5,5000000,0,user_2,109,109,
157,6,5000000,0,user_20,109,109,
169,7,5000000,0,user_33,109,109,
146,8,4200000,0,user_11,109,109,
180,9,4200000,0,user_46,109,109,
173,10,3500000,0,user_35,109,109,
134,11,3200000,0,user_4,109,109,
145,12,2600000,0,user_11,109,109,
179,13,2500000,34700,user_43,109,109,
135,14,2400000,0,user_6,109,109,
165,15,2300000,0,user_28,109,109,
152,16,2100000,256000,user_15,109,109,
166,17,2100000,0,user_29,109,109,
127,18,2000000,0,user_0,109,109,
161,19,2000000,0,user_24,109,109,
174,20,2000000,0,user_37,109,109,
178,21,2000000,0,user_42,109,109,
181,22,2000000,0,user_49,109,109,
137,23,1900000,19700,user_8,109,109,
159,24,1900000,84800,user_22,109,109,
172,25,1900000,0,user_35,109,109,
132,26,1400000,13900,user_2,109,109,
133,27,1100000,0,user_2,109,109,
151,28,910000,0,user_15,109,109,
138,29,660000,0,user_8,109,109,
147,30,660000,15300,user_11,109,109,
144,31,420000,0,user_11,109,109,
154,32,360000,0,user_16,109,109,
129,33,220000,0,user_2,109,109,
171,34,190000,12800,user_34,109,109,
175,35,170000,11200,user_37,109,109,
128,36,150000,0,user_0,109,109,
139,37,150000,0,user_8,109,109,
156,38,150000,42000,user_19,109,109,
163,39,150000,0,user_24,109,109,
143,40,130000,0,user_11,109,109,
155,41,130000,0,user_18,109,109,
177,42,120000,0,user_39,109,109,
162,43,110000,0,user_24,109,109,
167,44,110000,0,user_30,109,109,
148,45,100000,17700000,user_12,109,109,
136,46,98000,0,user_8,109,109,
158,47,85000,128000,user_21,109,109,
140,48,83000,0,user_8,109,109,
170,49,83000,21800,user_33,109,109,
153,50,80000,0,user_15,109,109,
164,51,77000,0,user_26,109,109,
287,,77000,7840,user_0,110,,
288,,150000,0,user_1,110,,
289,,1100000,10700,user_3,110,,
290,,600000,0,user_4,110,,
291,,110000,0,user_6,110,,
292,,220000,0,user_6,110,,
293,,110000,0,user_7,110,,
294,,110000,73100,user_8,110,,
295,,630000,0,user_9,110,,
296,,460000,5640,user_11,110,,
297,,150000,0,user_11,110,,
298,,2400000,13900,user_13,110,,
299,,2000000,75000,user_13,110,,
300,,1100000,0,user_15,110,,
301,,1000000,0,user_17,110,,
302,,420000,0,user_18,110,,
303,,600000,0,user_19,110,,
304,,1000000,0,user_20,110,,
305,,77000,0,user_21,110,,
306,,160000,0,user_22,110,,
307,,420000,0,user_23,110,,
308,,30000000,84800,user_24,110,,
309,,170000,0,user_26,110,,
310,,670000,0,user_27,110,,
311,,150000,0,user_29,110,,
312,,2600000,0,user_31,110,,
313,,150000,0,user_32,110,,
314,,70000,0,user_33,110,,
315,,370000,0,user_34,110,,
316,,30000000,0,user_36,110,,
317,,1900000,0,user_37,110,,
318,,260000,0,user_38,110,,
319,,660000,0,user_38,110,,
320,,300000,0,user_39,110,,
321,,1700000,0,user_40,110,,
322,,120000,0,user_42,110,,
323,,150000,0,user_43,110,,
324,,1000000,0,user_44,110,,
325,,100000,0,user_44,110,,
326,,530000,3130,user_45,110,,
327,,1000000,75000,user_48,110,,
328,,350000,0,user_49,110,,
308,0,30000000,84800,user_24,110,110,
316,1,30000000,0,user_36,110,110,
312,2,2600000,0,user_31,110,110,
298,3,2400000,13900,user_13,110,110,
299,4,2000000,75000,user_13,110,110,
317,5,1900000,0,user_37,110,110,
321,6,1700000,0,user_40,110,110,
289,7,1100000,10700,user_3,110,110,
300,8,1100000,0,user_15,110,110,
301,9,1000000,0,user_17,110,110,
304,10,1000000,0,user_20,110,110,
324,11,1000000,0,user_44,110,110,
327,12,1000000,75000,user_48,110,110,
310,13,670000,0,user_27,110,110,
319,14,660000,0,user_38,110,110,
295,15,630000,0,user_9,110,110,
290,16,600000,0,user_4,110,110,
303,17,600000,0,user_19,110,110,
302,18,420000,0,user_18,110,110,
307,19,420000,0,user_23,110,110,
315,20,370000,0,user_34,110,110,
328,21,350000,0,user_49,110,110,
320,22,300000,0,user_39,110,110,
318,23,260000,0,user_38,110,110,
292,24,220000,0,user_6,110,110,
309,25,170000,0,user_26,110,110,
306,26,160000,0,user_22,110,110,
288,27,150000,0,user_1,110,110,
311,28,150000,0,user_29,110,110,
323,29,150000,0,user_43,110,110,
322,30,120000,0,user_42,110,110,
291,31,110000,0,user_6,110,110,
293,32,110000,0,user_7,110,110,
294,33,110000,73100,user_8,110,110,
325,34,100000,0,user_44,110,110,
287,35,77000,7840,user_0,110,110,
305,36,77000,0,user_21,110,110,
314,37,70000,0,user_33,110,110,
394,,220000,0,user_0,111,,
395,,310000,0,user_0,111,,
396,,1400000,0,user_2,111,,
397,,370000,0,user_3,111,,
398,,1400000,0,user_4,111,,
399,,30000000,0,user_5,111,,
400,,1800000,5180,user_6,111,,
401,,660000,0,user_7,111,,
402,,1400000,0,user_8,111,,
403,,650000,0,user_8,111,,
404,,220000,0,user_9,111,,
405,,1100000,0,user_10,111,,
406,,910000,13800,user_10,111,,
407,,1500000,0,user_11,111,,
408,,1100000,0,user_11,111,,
409,,120000,0,user_11,111,,
410,,360000,75000,user_11,111,,
411,,6300000,0,user_12,111,,
412,,240000,16400,user_14,111,,
413,,220000,0,user_15,111,,
414,,87000,0,user_17,111,,
415,,83000,0,user_19,111,,
416,,5000000,0,user_19,111,,
417,,2400000,0,user_19,111,,
418,,85000,0,user_19,111,,
419,,670000,0,user_20,111,,
420,,310000,0,user_22,111,,
421,,910000,0,user_24,111,,
422,,160000,0,user_25,111,,
423,,2000000,0,user_26,111,,
424,,420000,0,user_27,111,,
425,,1100000,0,user_29,111,,
426,,2100000,0,user_30,111,,
427,,4500000,0,user_31,111,,
428,,670000,35600,user_33,111,,
429,,19000000,0,user_34,111,,
430,,1800000,0,user_34,111,,
431,,370000,0,user_35,111,,
432,,30000000,0,user_35,111,,
433,,630000,0,user_36,111,,
434,,43000000,0,user_37,111,,
435,,73000,0,user_37,111,,
436,,670000,0,user_37,111,,
437,,310000,0,user_37,111,,
438,,84000,181000,user_38,111,,
439,,260000,67900,user_39,111,,
440,,160000,0,user_40,111,,
441,,420000,0,user_40,111,,
442,,110000,0,user_40,111,,
443,,120000,0,user_40,111,,
444,,87000,0,user_42,111,,
445,,84000,0,user_42,111,,
446,,84000,0,user_43,111,,
447,,83000,0,user_44,111,,
448,,4200000,161000,user_44,111,,
449,,84000,0,user_44,111,,
450,,1400000,161000,user_46,111,,
451,,80000,0,user_48,111,,
452,,2000000,285000,user_49,111,,
434,0,43000000,0,user_37,111,111,
399,1,30000000,0,user_5,111,111,
432,2,30000000,0,user_35,111,111,
429,3,19000000,0,user_34,111,111,
411,4,6300000,0,user_12,111,111,
416,5,5000000,0,user_19,111,111,
427,6,4500000,0,user_31,111,111,
448,7,4200000,161000,user_44,111,111,
417,8,2400000,0,user_19,111,111,
423,9,2000000,0,user_26,111,111,
452,10,2000000,285000,user_49,111,111,
400,11,1800000,5180,user_6,111,111,
430,12,1800000,0,user_34,111,111,
407,13,1500000,0,user_11,111,111,
396,14,1400000,0,user_2,111,111,
398,15,1400000,0,user_4,111,111,
402,16,1400000,0,user_8,111,111,
450,17,1400000,161000,user_46,111,111,
405,18,1100000,0,user_10,111,111,
408,19,1100000,0,user_11,111,111,
425,20,1100000,0,user_29,111,111,
406,21,910000,13800,user_10,111,111,
421,22,910000,0,user_24,111,111,
419,23,670000,0,user_20,111,111,
428,24,670000,35600,user_33,111,111,
436,25,670000,0,user_37,111,111,
401,26,660000,0,user_7,111,111,
403,27,650000,0,user_8,111,111,
424,28,420000,0,user_27,111,111,
397,29,370000,0,user_3,111,111,
431,30,370000,0,user_35,111,111,
410,31,360000,75000,user_11,111,111,
437,32,310000,0,user_37,111,111,
439,33,260000,67900,user_39,111,111,
404,34,220000,0,user_9,111,111,
413,35,220000,0,user_15,111,111,
422,36,160000,0,user_25,111,111,
409,37,120000,0,user_11,111,111,
414,38,87000,0,user_17,111,111,
444,39,87000,0,user_42,111,111,
418,40,85000,0,user_19,111,111,
438,41,84000,181000,user_38,111,111,
445,42,84000,0,user_42,111,111,
446,43,84000,0,user_43,111,111,
449,44,84000,0,user_44,111,111,
415,45,83000,0,user_19,111,111,
447,46,83000,0,user_44,111,111,
451,47,80000,0,user_48,111,111,
435,48,73000,0,user_37,111,111,
526,,1400000,0,user_2,112,,
527,,310000,0,user_4,112,,
528,,84000,0,user_4,112,,
529,,73000,0,user_4,112,,
530,,98000,0,user_4,112,,
531,,2500000,0,user_6,112,,
532,,6300000,0,user_7,112,,
533,,160000,0,user_8,112,,
534,,2400000,0,user_8,112,,
535,,6100000,0,user_10,112,,
536,,2100000,231000,user_12,112,,
537,,370000,0,user_12,112,,
538,,110000,231000,user_13,112,,
539,,670000,0,user_14,112,,
540,,110000,155000,user_15,112,,
541,,150000,0,user_15,112,,
542,,80000,0,user_17,112,,
543,,3500000,369000,user_19,112,,
544,,1400000,0,user_21,112,,
545,,420000,0,user_22,112,,
546,,190000,0,user_23,112,,
547,,1200000,0,user_23,112,,
548,,30000000,0,user_24,112,,
549,,1300000,0,user_25,112,,
550,,260000,0,user_25,112,,
551,,370000,0,user_26,112,,
552,,460000,779000,user_26,112,,
553,,120000,0,user_29,112,,
554,,310000,0,user_30,112,,
555,,150000,0,user_30,112,,
556,,650000,0,user_31,112,,
557,,150000,161000,user_31,112,,
558,,3600000,0,user_31,112,,
559,,1500000,5180,user_32,112,,
560,,1700000,0,user_33,112,,
561,,1300000,0,user_34,112,,
562,,84000,17000,user_35,112,,
563,,420000,0,user_35,112,,
564,,530000,0,user_37,112,,
565,,600000,15700,user_38,112,,
566,,2600000,0,user_38,112,,
567,,2000000,0,user_39,112,,
568,,2300000,0,user_41,112,,
569,,670000,0,user_45,112,,
570,,1100000,0,user_45,112,,
571,,260000,0,user_46,112,,
572,,4200000,0,user_47,112,,
573,,1400000,121000,user_48,112,,
574,,1100000,0,user_48,112,,
575,,1400000,0,user_48,112,,
576,,98000,0,user_48,112,,
577,,87000,0,user_48,112,,
578,,2600000,12800,user_49,112,,
579,,150000,0,user_49,112,,
580,,1100000,56200,user_49,112,,
581,,27000000,0,user_49,112,,
582,,130000,0,user_49,112,,
548,0,30000000,0,user_24,112,112,
581,1,27000000,0,user_49,112,112,
532,2,6300000,0,user_7,112,112,
535,3,6100000,0,user_10,112,112,
572,4,4200000,0,user_47,112,112,
558,5,3600000,0,user_31,112,112,
543,6,3500000,369000,user_19,112,112,
566,7,2600000,0,user_38,112,112,
578,8,2600000,12800,user_49,112,112,
531,9,2500000,0,user_6,112,112,
534,10,2400000,0,user_8,112,112,
536,11,2100000,231000,user_12,112,112,
567,12,2000000,0,user_39,112,112,
559,13,1500000,5180,user_32,112,112,
526,14,1400000,0,user_2,112,112,
544,15,1400000,0,user_21,112,112,
573,16,1400000,121000,user_48,112,112,
575,17,1400000,0,user_48,112,112,
549,18,1300000,0,user_25,112,112,
561,19,1300000,0,user_34,112,112,
547,20,1200000,0,user_23,112,112,
570,21,1100000,0,user_45,112,112,
574,22,1100000,0,user_48,112,112,
580,23,1100000,56200,user_49,112,112,
539,24,670000,0,user_14,112,112,
569,25,670000,0,user_45,112,112,
556,26,650000,0,user_31,112,112,
565,27,600000,15700,user_38,112,112,
564,28,530000,0,user_37,112,112,
552,29,460000,779000,user_26,112,112,
545,30,420000,0,user_22,112,112,
563,31,420000,0,user_35,112,112,
537,32,370000,0,user_12,112,112,
551,33,370000,0,user_26,112,112,
527,34,310000,0,user_4,112,112,
554,35,310000,0,user_30,112,112,
550,36,260000,0,user_25,112,112,
571,37,260000,0,user_46,112,112,
546,38,190000,0,user_23,112,112,
533,39,160000,0,user_8,112,112,
555,40,150000,0,user_30,112,112,
557,41,150000,161000,user_31,112,112,
579,42,150000,0,user_49,112,112,
582,43,130000,0,user_49,112,112,
553,44,120000,0,user_29,112,112,
538,45,110000,231000,user_13,112,112,
530,46,98000,0,user_4,112,112,
576,47,98000,0,user_48,112,112,
577,48,87000,0,user_48,112,112,
528,49,84000,0,user_4,112,112,
562,50,84000,17000,user_35,112,112,
542,51,80000,0,user_17,112,112,
529,52,73000,0,user_4,112,112,
674,,530000,0,user_0,113,,
675,,420000,0,user_2,113,,
676,,170000,47700,user_3,113,,
677,,70000,15300,user_4,113,,
678,,1100000,0,user_5,113,,
679,,670000,18600,user_6,113,,
680,,310000,779000,user_7,113,,
681,,470000,0,user_8,113,,
682,,1800000,60700,user_9,113,,
683,,460000,0,user_9,113,,
684,,1400000,36800,user_10,113,,
685,,83000,0,user_10,113,,
686,,360000,121000,user_10,113,,
687,,970000,47700,user_11,113,,
688,,27000000,0,user_12,113,,
689,,160000,0,user_13,113,,
690,,2100000,0,user_14,113,,
691,,660000,0,user_16,113,,
692,,170000,0,user_16,113,,
693,,870000,0,user_16,113,,
694,,1000000,0,user_16,113,,
695,,3200000,47700,user_17,113,,
696,,5200000,0,user_17,113,,
697,,970000,67900,user_20,113,,
698,,77000,164000,user_20,113,,
699,,650000,0,user_21,113,,
700,,190000,0,user_22,113,,
701,,310000,0,user_22,113,,
702,,1000000,0,user_22,113,,
703,,670000,0,user_22,113,,
704,,170000,0,user_22,113,,
705,,19000000,0,user_23,113,,
706,,1400000,4320000,user_23,113,,
707,,660000,0,user_25,113,,
708,,6100000,0,user_30,113,,
709,,970000,0,user_31,113,,
710,,82000,0,user_32,113,,
711,,83000,0,user_32,113,,
712,,1600000,64600,user_33,113,,
713,,2600000,0,user_33,113,,
714,,650000,161000,user_34,113,,
715,,85000,139000,user_35,113,,
716,,530000,0,user_36,113,,
717,,370000,0,user_37,113,,
718,,160000,0,user_39,113,,
719,,3500000,0,user_39,113,,
720,,70000,0,user_46,113,,
721,,660000,0,user_46,113,,
722,,460000,0,user_47,113,,
723,,1000000,0,user_49,113,,
688,0,27000000,0,user_12,113,113,
705,1,19000000,0,user_23,113,113,
708,2,6100000,0,user_30,113,113,
696,3,5200000,0,user_17,113,113,
719,4,3500000,0,user_39,113,113,
695,5,3200000,47700,user_17,113,113,
713,6,2600000,0,user_33,113,113,
690,7,2100000,0,user_14,113,113,
682,8,1800000,60700,user_9,113,113,
712,9,1600000,64600,user_33,113,113,
684,10,1400000,36800,user_10,113,113,
706,11,1400000,4320000,user_23,113,113,
678,12,1100000,0,user_5,113,113,
694,13,1000000,0,user_16,113,113,
702,14,1000000,0,user_22,113,113,
687,15,970000,47700,user_11,113,113,
697,16,970000,67900,user_20,113,113,
693,17,870000,0,user_16,113,113,
679,18,670000,18600,user_6,113,113,
703,19,670000,0,user_22,113,113,
691,20,660000,0,user_16,113,113,
721,21,660000,0,user_46,113,113,
699,22,650000,0,user_21,113,113,
714,23,650000,161000,user_34,113,113,
716,24,530000,0,user_36,113,113,
681,25,470000,0,user_8,113,113,
683,26,460000,0,user_9,113,113,
722,27,460000,0,user_47,113,113,
686,28,360000,121000,user_10,113,113,
680,29,310000,779000,user_7,113,113,
701,30,310000,0,user_22,113,113,
700,31,190000,0,user_22,113,113,
676,32,170000,47700,user_3,113,113,
692,33,170000,0,user_16,113,113,
704,34,170000,0,user_22,113,113,
689,35,160000,0,user_13,113,113,
718,36,160000,0,user_39,113,113,
715,37,85000,139000,user_35,113,113,
685,38,83000,0,user_10,113,113,
711,39,83000,0,user_32,113,113,
710,40,82000,0,user_32,113,113,
698,41,77000,164000,user_20,113,113,
720,42,70000,0,user_46,113,113,
825,,870000,0,user_0,114,,
826,,27000000,66100,user_1,114,,
827,,260000,0,user_1,114,,
828,,80000,0,user_2,114,,
829,,220000,0,user_2,114,,
830,,530000,0,user_4,114,,
831,,130000,0,user_5,114,,
832,,220000,0,user_6,114,,
833,,1600000,0,user_7,114,,
834,,120000,0,user_8,114,,
835,,350000,0,user_8,114,,
836,,110000,0,user_9,114,,
837,,420000,0,user_9,114,,
838,,160000,0,user_10,114,,
839,,1400000,0,user_11,114,,
840,,2600000,75000,user_11,114,,
841,,2000000,0,user_12,114,,
842,,30000000,12800,user_13,114,,
843,,120000,0,user_13,114,,
844,,1300000,0,user_13,114,,
845,,2100000,0,user_13,114,,
846,,1100000,0,user_13,114,,
847,,120000,594000,user_14,114,,
848,,370000,12800,user_15,114,,
849,,1500000,13800,user_15,114,,
850,,1300000,0,user_16,114,,
851,,1000000,0,user_16,114,,
852,,1600000,0,user_16,114,,
853,,120000,0,user_18,114,,
854,,150000,0,user_19,114,,
855,,120000,146000,user_21,114,,
856,,5000000,0,user_22,114,,
857,,220000,0,user_23,114,,
858,,460000,0,user_24,114,,
859,,1500000,100000,user_26,114,,
860,,220000,19700,user_27,114,,
861,,1400000,0,user_27,114,,
862,,6300000,0,user_28,114,,
863,,1100000,0,user_28,114,,
864,,1400000,0,user_30,114,,
865,,1600000,0,user_32,114,,
866,,1000000,0,user_33,114,,
867,,2100000,0,user_33,114,,
868,,5200000,0,user_35,114,,
869,,1800000,0,user_35,114,,
870,,110000,0,user_35,114,,
871,,77000,0,user_35,114,,
872,,190000,0,user_35,114,,
873,,370000,0,user_36,114,,
874,,150000,30200,user_37,114,,
875,,2000000,0,user_38,114,,
876,,910000,0,user_39,114,,
877,,470000,75000,user_43,114,,
878,,460000,0,user_44,114,,
879,,3200000,0,user_44,114,,
880,,340000,0,user_44,114,,
881,,220000,0,user_44,114,,
882,,530000,0,user_45,114,,
883,,1500000,0,user_47,114,,
884,,370000,769000,user_47,114,,
885,,110000,0,user_49,114,,
842,0,30000000,12800,user_13,114,114,
826,1,27000000,66100,user_1,114,114,
862,2,6300000,0,user_28,114,114,
868,3,5200000,0,user_35,114,114,
856,4,5000000,0,user_22,114,114,
879,5,3200000,0,user_44,114,114,
840,6,2600000,75000,user_11,114,114,
845,7,2100000,0,user_13,114,114,
867,8,2100000,0,user_33,114,114,
841,9,2000000,0,user_12,114,114,
875,10,2000000,0,user_38,114,114,
869,11,1800000,0,user_35,114,114,
833,12,1600000,0,user_7,114,114,
852,13,1600000,0,user_16,114,114,
865,14,1600000,0,user_32,114,114,
849,15,1500000,13800,user_15,114,114,
859,16,1500000,100000,user_26,114,114,
883,17,1500000,0,user_47,114,114,
839,18,1400000,0,user_11,114,114,
861,19,1400000,0,user_27,114,114,
864,20,1400000,0,user_30,114,114,
844,21,1300000,0,user_13,114,114,
850,22,1300000,0,user_16,114,114,
846,23,1100000,0,user_13,114,114,
863,24,1100000,0,user_28,114,114,
851,25,1000000,0,user_16,114,114,
866,26,1000000,0,user_33,114,114,
876,27,910000,0,user_39,114,114,
882,28,530000,0,user_45,114,114,
877,29,470000,75000,user_43,114,114,
878,30,460000,0,user_44,114,114,
837,31,420000,0,user_9,114,114,
848,32,370000,12800,user_15,114,114,
873,33,370000,0,user_36,114,114,
884,34,370000,769000,user_47,114,114,
835,35,350000,0,user_8,114,114,
880,36,340000,0,user_44,114,114,
827,37,260000,0,user_1,114,114,
832,38,220000,0,user_6,114,114,
857,39,220000,0,user_23,114,114,
860,40,220000,19700,user_27,114,114,
881,41,220000,0,user_44,114,114,
872,42,190000,0,user_35,114,114,
838,43,160000,0,user_10,114,114,
831,44,130000,0,user_5,114,114,
834,45,120000,0,user_8,114,114,
843,46,120000,0,user_13,114,114,
847,47,120000,594000,user_14,114,114,
855,48,120000,146000,user_21,114,114,
836,49,110000,0,user_9,114,114,
870,50,110000,0,user_35,114,114,
871,51,77000,0,user_35,114,114,
968,,2600000,0,user_0,115,,
969,,110000,0,user_0,115,,
970,,1900000,32900,user_0,115,,
971,,420000,0,user_1,115,,
972,,2600000,0,user_2,115,,
973,,160000,0,user_2,115,,
974,,1000000,0,user_3,115,,
975,,4200000,0,user_3,115,,
976,,80000,0,user_5,115,,
977,,660000,0,user_5,115,,
978,,220000,0,user_6,115,,
979,,240000,0,user_8,115,,
980,,2000000,30200,user_9,115,,
981,,1600000,43600,user_9,115,,
982,,310000,18600,user_10,115,,
983,,310000,0,user_10,115,,
984,,4500000,0,user_14,115,,
985,,73000,0,user_14,115,,
986,,310000,0,user_15,115,,
987,,1100000,0,user_16,115,,
988,,1100000,31700,user_17,115,,
989,,160000,0,user_17,115,,
990,,2300000,0,user_18,115,,
991,,470000,0,user_18,115,,
992,,1500000,0,user_19,115,,
993,,1500000,17000,user_20,115,,
994,,2600000,256000,user_20,115,,
995,,1600000,0,user_21,115,,
996,,80000,0,user_25,115,,
997,,80000,0,user_26,115,,
998,,98000,0,user_27,115,,
999,,5200000,0,user_28,115,,
1000,,1200000,0,user_30,115,,
1001,,600000,0,user_30,115,,
1002,,160000,5180,user_30,115,,
1003,,5200000,0,user_31,115,,
1004,,3500000,0,user_31,115,,
1005,,1500000,0,user_32,115,,
1006,,1000000,36800,user_34,115,,
1007,,2300000,0,user_35,115,,
1008,,470000,0,user_36,115,,
1009,,970000,0,user_36,115,,
1010,,360000,164000,user_38,115,,
1011,,1400000,0,user_39,115,,
1012,,470000,0,user_41,115,,
1013,,630000,0,user_42,115,,
1014,,120000,0,user_43,115,,
1015,,530000,0,user_46,115,,
1016,,6100000,5630,user_47,115,,
1017,0,0,0,builder_0,115,115,1016
1016,1,6100000,5630,user_47,115,115,
999,2,5200000,0,user_28,115,115,
1003,3,5200000,0,user_31,115,115,
984,4,4500000,0,user_14,115,115,
975,5,4200000,0,user_3,115,115,
1004,6,3500000,0,user_31,115,115,
994,7,2600000,256000,user_20,115,115,
1018,8,0,0,builder_0,115,115,994
968,9,2600000,0,user_0,115,115,
972,10,2600000,0,user_2,115,115,
990,11,2300000,0,user_18,115,115,
1007,12,2300000,0,user_35,115,115,
980,13,2000000,30200,user_9,115,115,
1019,14,0,0,builder_0,115,115,980
1020,15,0,0,builder_0,115,115,970
970,16,1900000,32900,user_0,115,115,
981,17,1600000,43600,user_9,115,115,
1021,18,0,0,builder_0,115,115,981
995,19,1600000,0,user_21,115,115,
1022,20,0,0,builder_0,115,115,993
993,21,1500000,17000,user_20,115,115,
992,22,1500000,0,user_19,115,115,
1005,23,1500000,0,user_32,115,115,
1000,24,1200000,0,user_30,115,115,
988,25,1100000,31700,user_17,115,115,
1023,26,0,0,builder_0,115,115,988
987,27,1100000,0,user_16,115,115,
974,28,1000000,0,user_3,115,115,
1009,29,970000,0,user_36,115,115,
1013,30,630000,0,user_42,115,115,
1001,31,600000,0,user_30,115,115,
1015,32,530000,0,user_46,115,115,
1024,33,0,0,builder_0,115,115,1010
1010,34,360000,164000,user_38,115,115,
991,35,470000,0,user_18,115,115,
1008,36,470000,0,user_36,115,115,
1012,37,470000,0,user_41,115,115,
971,38,420000,0,user_1,115,115,
982,39,310000,18600,user_10,115,115,
1025,40,0,0,builder_0,115,115,982
983,41,310000,0,user_10,115,115,
979,42,240000,0,user_8,115,115,
978,43,220000,0,user_6,115,115,
1002,44,160000,5180,user_30,115,115,
1026,45,0,0,builder_0,115,115,1002
973,46,160000,0,user_2,115,115,
989,47,160000,0,user_17,115,115,
1014,48,120000,0,user_43,115,115,
969,49,110000,0,user_0,115,115,
998,50,98000,0,user_27,115,115,
996,51,80000,0,user_25,115,115,
997,52,80000,0,user_26,115,115,
985,53,73000,0,user_14,115,115,
1091,,340000,0,user_1,116,,
1092,,420000,46500,user_1,116,,
1093,,870000,0,user_2,116,,
1094,,460000,0,user_4,116,,
1095,,970000,0,user_5,116,,
1096,,2000000,0,user_6,116,,
1097,,6100000,4320000,user_7,116,,
1098,,160000,0,user_8,116,,
1099,,220000,0,user_10,116,,
1100,,1600000,0,user_12,116,,
1101,,150000,0,user_12,116,,
1102,,1900000,24700,user_13,116,,
1103,,5000000,0,user_13,116,,
1104,,87000,0,user_16,116,,
1105,,6300000,0,user_17,116,,
1106,,150000,0,user_17,116,,
1107,,260000,779000,user_18,116,,
1108,,77000,121000,user_19,116,,
1109,,120000,60700,user_20,116,,
1110,,1700000,0,user_20,116,,
1111,,1000000,0,user_23,116,,
1112,,170000,0,user_24,116,,
1113,,3200000,0,user_25,116,,
1114,,120000,0,user_25,116,,
1115,,2000000,0,user_26,116,,
1116,,320000,0,user_27,116,,
1117,,870000,0,user_28,116,,
1118,,1900000,769000,user_30,116,,
1119,,1100000,283000,user_31,116,,
1120,,100000,161000,user_32,116,,
1121,,970000,0,user_33,116,,
1122,,1600000,0,user_34,116,,
1123,,1300000,34700,user_37,116,,
1124,,630000,0,user_38,116,,
1125,,82000,0,user_39,116,,
1126,,73000,0,user_39,116,,
1127,,150000,0,user_42,116,,
1128,,1200000,0,user_43,116,,
1129,,2300000,0,user_44,116,,
1130,,1700000,0,user_44,116,,
1131,,260000,0,user_45,116,,
1132,,370000,0,user_45,116,,
1133,,870000,510000,user_45,116,,
1134,,370000,0,user_45,116,,
1135,,150000,0,user_45,116,,
1136,,1000000,12300,user_46,116,,
1137,,82000,155000,user_49,116,,
1105,0,6300000,0,user_17,116,116,
1097,1,6100000,4320000,user_7,116,116,
1103,2,5000000,0,user_13,116,116,
1113,3,3200000,0,user_25,116,116,
1129,4,2300000,0,user_44,116,116,
1096,5,2000000,0,user_6,116,116,
1115,6,2000000,0,user_26,116,116,
1102,7,1900000,24700,user_13,116,116,
1118,8,1900000,769000,user_30,116,116,
1110,9,1700000,0,user_20,116,116,
1130,10,1700000,0,user_44,116,116,
1100,11,1600000,0,user_12,116,116,
1122,12,1600000,0,user_34,116,116,
1123,13,1300000,34700,user_37,116,116,
1128,14,1200000,0,user_43,116,116,
1119,15,1100000,283000,user_31,116,116,
1111,16,1000000,0,user_23,116,116,
1136,17,1000000,12300,user_46,116,116,
1095,18,970000,0,user_5,116,116,
1121,19,970000,0,user_33,116,116,
1093,20,870000,0,user_2,116,116,
1133,21,870000,510000,user_45,116,116,
1094,22,460000,0,user_4,116,116,
1092,23,420000,46500,user_1,116,116,
1132,24,370000,0,user_45,116,116,
1134,25,370000,0,user_45,116,116,
1091,26,340000,0,user_1,116,116,
1116,27,320000,0,user_27,116,116,
1107,28,260000,779000,user_18,116,116,
1131,29,260000,0,user_45,116,116,
1099,30,220000,0,user_10,116,116,
1098,31,160000,0,user_8,116,116,
1101,32,150000,0,user_12,116,116,
1106,33,150000,0,user_17,116,116,
1127,34,150000,0,user_42,116,116,
1135,35,150000,0,user_45,116,116,
1109,36,120000,60700,user_20,116,116,
1114,37,120000,0,user_25,116,116,
1104,38,87000,0,user_16,116,116,
1125,39,82000,0,user_39,116,116,
1137,40,82000,155000,user_49,116,116,
1126,41,73000,0,user_39,116,116,
1232,,70000,0,user_1,117,,
1233,,110000,164000,user_2,117,,
1234,,73000,0,user_3,117,,
1235,,77000,0,user_4,117,,
1236,,240000,0,user_5,117,,
1237,,320000,0,user_6,117,,
1238,,240000,128000,user_7,117,,
1239,,1500000,0,user_7,117,,
1240,,660000,0,user_8,117,,
1241,,79000,231000,user_12,117,,
1242,,110000,0,user_13,117,,
1243,,2000000,0,user_13,117,,
1244,,150000,0,user_14,117,,
1245,,350000,84800,user_14,117,,
1246,,1900000,5630,user_15,117,,
1247,,220000,0,user_16,117,,
1248,,370000,0,user_19,117,,
1249,,80000,30200,user_20,117,,
1250,,650000,0,user_22,117,,
1251,,300000,0,user_23,117,,
1252,,650000,19700,user_24,117,,
1253,,150000,0,user_25,117,,
1254,,2000000,0,user_25,117,,
1255,,220000,24700,user_26,117,,
1256,,150000,0,user_27,117,,
1257,,73000,0,user_27,117,,
1258,,70000,5180,user_28,117,,
1259,,110000,0,user_29,117,,
1260,,1000000,0,user_30,117,,
1261,,6100000,0,user_34,117,,
1262,,170000,0,user_34,117,,
1263,,1100000,0,user_35,117,,
1264,,4500000,0,user_35,117,,
1265,,670000,0,user_37,117,,
1266,,80000,0,user_38,117,,
1267,,470000,12800,user_39,117,,
1268,,1300000,0,user_39,117,,
1269,,130000,0,user_39,117,,
1270,,1400000,0,user_40,117,,
1271,,70000,0,user_40,117,,
1272,,420000,0,user_42,117,,
1273,,110000,0,user_43,117,,
1274,,360000,0,user_44,117,,
1275,,530000,35100,user_44,117,,
1276,,460000,31700,user_45,117,,
1277,,100000,0,user_45,117,,
1278,,2000000,0,user_46,117,,
1279,,110000,0,user_47,117,,
1280,,6100000,0,user_48,117,,
1281,,3200000,0,user_49,117,,
1261,0,6100000,0,user_34,117,117,
1280,1,6100000,0,user_48,117,117,
1264,2,4500000,0,user_35,117,117,
1281,3,3200000,0,user_49,117,117,
1243,4,2000000,0,user_13,117,117,
1254,5,2000000,0,user_25,117,117,
1278,6,2000000,0,user_46,117,117,
1246,7,1900000,5630,user_15,117,117,
1239,8,1500000,0,user_7,117,117,
1270,9,1400000,0,user_40,117,117,
1263,10,1100000,0,user_35,117,117,
1260,11,1000000,0,user_30,117,117,
1240,12,660000,0,user_8,117,117,
1250,13,650000,0,user_22,117,117,
1252,14,650000,19700,user_24,117,117,
1275,15,530000,35100,user_44,117,117,
1276,16,460000,31700,user_45,117,117,
1272,17,420000,0,user_42,117,117,
1248,18,370000,0,user_19,117,117,
1274,19,360000,0,user_44,117,117,
1245,20,350000,84800,user_14,117,117,
1237,21,320000,0,user_6,117,117,
1251,22,300000,0,user_23,117,117,
1236,23,240000,0,user_5,117,117,
1238,24,240000,128000,user_7,117,117,
1247,25,220000,0,user_16,117,117,
1262,26,170000,0,user_34,117,117,
1244,27,150000,0,user_14,117,117,
1253,28,150000,0,user_25,117,117,
1256,29,150000,0,user_27,117,117,
1233,30,110000,164000,user_2,117,117,
1242,31,110000,0,user_13,117,117,
1259,32,110000,0,user_29,117,117,
1273,33,110000,0,user_43,117,117,
1279,34,110000,0,user_47,117,117,
1277,35,100000,0,user_45,117,117,
1249,36,80000,30200,user_20,117,117,
1266,37,80000,0,user_38,117,117,
1234,38,73000,0,user_3,117,117,
1257,39,73000,0,user_27,117,117,
1271,40,70000,0,user_40,117,117,
1364,,320000,0,user_0,118,,
1365,,460000,0,user_1,118,,
1366,,360000,0,user_2,118,,
1367,,970000,0,user_3,118,,
1368,,870000,0,user_4,118,,
1369,,77000,0,user_5,118,,
1370,,1500000,0,user_5,118,,
1371,,340000,0,user_6,118,,
1372,,1000000,0,user_8,118,,
1373,,110000,0,user_10,118,,
1374,,5200000,108000,user_12,118,,
1375,,600000,139000,user_13,118,,
1376,,80000,0,user_14,118,,
1377,,910000,0,user_15,118,,
1378,,80000,0,user_17,118,,
1379,,83000,0,user_19,118,,
1380,,190000,0,user_19,118,,
1381,,160000,0,user_20,118,,
1382,,300000,0,user_22,118,,
1383,,4500000,0,user_22,118,,
1384,,73000,0,user_23,118,,
1385,,1900000,0,user_25,118,,
1386,,170000,13900,user_25,118,,
1387,,630000,100000,user_25,118,,
1388,,260000,0,user_25,118,,
1389,,19000000,0,user_27,118,,
1390,,1400000,35600,user_27,118,,
1391,,1900000,0,user_27,118,,
1392,,600000,0,user_27,118,,
1393,,84000,0,user_27,118,,
1394,,1900000,0,user_30,118,,
1395,,350000,0,user_32,118,,
1396,,150000,0,user_33,118,,
1397,,1500000,0,user_33,118,,
1398,,120000,0,user_34,118,,
1399,,1400000,0,user_34,118,,
1400,,310000,231000,user_35,118,,
1401,,150000,0,user_36,118,,
1402,,420000,0,user_36,118,,
1403,,420000,0,user_36,118,,
1404,,1500000,0,user_36,118,,
1405,,5000000,0,user_37,118,,
1406,,1600000,161000,user_38,118,,
1407,,150000,10700,user_40,118,,
1408,,460000,0,user_40,118,,
1409,,110000,0,user_46,118,,
1410,,1500000,0,user_47,118,,
1389,0,19000000,0,user_27,118,118,
1374,1,5200000,108000,user_12,118,118,
1405,2,5000000,0,user_37,118,118,
1383,3,4500000,0,user_22,118,118,
1385,4,1900000,0,user_25,118,118,
1391,5,1900000,0,user_27,118,118,
1394,6,1900000,0,user_30,118,118,
1406,7,1600000,161000,user_38,118,118,
1370,8,1500000,0,user_5,118,118,
1397,9,1500000,0,user_33,118,118,
1404,10,1500000,0,user_36,118,118,
1410,11,1500000,0,user_47,118,118,
1390,12,1400000,35600,user_27,118,118,
1399,13,1400000,0,user_34,118,118,
1372,14,1000000,0,user_8,118,118,
1367,15,970000,0,user_3,118,118,
1377,16,910000,0,user_15,118,118,
1368,17,870000,0,user_4,118,118,
1387,18,630000,100000,user_25,118,118,
1375,19,600000,139000,user_13,118,118,
1392,20,600000,0,user_27,118,118,
1365,21,460000,0,user_1,118,118,
1408,22,460000,0,user_40,118,118,
1402,23,420000,0,user_36,118,118,
1403,24,420000,0,user_36,118,118,
1366,25,360000,0,user_2,118,118,
1371,26,340000,0,user_6,118,118,
1364,27,320000,0,user_0,118,118,
1382,28,300000,0,user_22,118,118,
1388,29,260000,0,user_25,118,118,
1380,30,190000,0,user_19,118,118,
1386,31,170000,13900,user_25,118,118,
1381,32,160000,0,user_20,118,118,
1396,33,150000,0,user_33,118,118,
1401,34,150000,0,user_36,118,118,
1407,35,150000,10700,user_40,118,118,
1398,36,120000,0,user_34,118,118,
1393,37,84000,0,user_27,118,118,
1379,38,83000,0,user_19,118,118,
1376,39,80000,0,user_14,118,118,
1378,40,80000,0,user_17,118,118,
1369,41,77000,0,user_5,118,118,
1384,42,73000,0,user_23,118,118,
1467,,220000,0,user_0,119,,
1468,,190000,0,user_2,119,,
1469,,30000000,0,user_3,119,,
1470,,530000,0,user_6,119,,
1471,,320000,0,user_8,119,,
1472,,84000,15700,user_10,119,,
1473,,1300000,0,user_11,119,,
1474,,77000,0,user_12,119,,
1475,,150000,73100,user_13,119,,
1476,,2000000,369000,user_15,119,,
1477,,160000,0,user_16,119,,
1478,,2100000,0,user_16,119,,
1479,,910000,0,user_16,119,,
1480,,70000,0,user_16,119,,
1481,,19000000,0,user_16,119,,
1482,,110000,0,user_17,119,,
1483,,1400000,350000,user_18,119,,
1484,,470000,0,user_18,119,,
1485,,30000000,35600,user_19,119,,
1486,,160000,0,user_21,119,,
1487,,5000000,0,user_22,119,,
1488,,5000000,0,user_24,119,,
1489,,170000,0,user_25,119,,
1490,,1500000,0,user_27,119,,
1491,,98000,0,user_28,119,,
1492,,79000,31700,user_29,119,,
1493,,310000,13900,user_29,119,,
1494,,1400000,0,user_30,119,,
1495,,460000,0,user_31,119,,
1496,,98000,0,user_32,119,,
1497,,1400000,15700,user_33,119,,
1498,,85000,0,user_33,119,,
1499,,360000,0,user_33,119,,
1500,,470000,0,user_33,119,,
1501,,120000,0,user_34,119,,
1502,,320000,0,user_35,119,,
1503,,160000,0,user_36,119,,
1504,,98000,0,user_37,119,,
1505,,1900000,0,user_39,119,,
1506,,110000,0,user_39,119,,
1507,,1000000,35600,user_40,119,,
1508,,110000,0,user_41,119,,
1509,,4200000,0,user_42,119,,
1510,,2400000,0,user_42,119,,
1511,,220000,0,user_42,119,,
1512,,310000,164000,user_42,119,,
1513,,98000,0,user_42,119,,
1514,,2500000,0,user_43,119,,
1515,,2000000,0,user_49,119,,
1516,,1300000,35100,user_49,119,,
1469,0,30000000,0,user_3,119,119,
1485,1,30000000,35600,user_19,119,119,
1481,2,19000000,0,user_16,119,119,
1487,3,5000000,0,user_22,119,119,
1488,4,5000000,0,user_24,119,119,
1509,5,4200000,0,user_42,119,119,
1514,6,2500000,0,user_43,119,119,
1510,7,2400000,0,user_42,119,119,
1478,8,2100000,0,user_16,119,119,
1476,9,2000000,369000,user_15,119,119,
1515,10,2000000,0,user_49,119,119,
1505,11,1900000,0,user_39,119,119,
1483,12,1400000,350000,user_18,119,119,
1494,13,1400000,0,user_30,119,119,
1497,14,1400000,15700,user_33,119,119,
1473,15,1300000,0,user_11,119,119,
1516,16,1300000,35100,user_49,119,119,
1507,17,1000000,35600,user_40,119,119,
1479,18,910000,0,user_16,119,119,
1470,19,530000,0,user_6,119,119,
1484,20,470000,0,user_18,119,119,
1500,21,470000,0,user_33,119,119,
1495,22,460000,0,user_31,119,119,
1499,23,360000,0,user_33,119,119,
1471,24,320000,0,user_8,119,119,
1502,25,320000,0,user_35,119,119,
1493,26,310000,13900,user_29,119,119,
1512,27,310000,164000,user_42,119,119,
1467,28,220000,0,user_0,119,119,
1511,29,220000,0,user_42,119,119,
1468,30,190000,0,user_2,119,119,
1489,31,170000,0,user_25,119,119,
1477,32,160000,0,user_16,119,119,
1486,33,160000,0,user_21,119,119,
1475,34,150000,73100,user_13,119,119,
1501,35,120000,0,user_34,119,119,
1482,36,110000,0,user_17,119,119,
1506,37,110000,0,user_39,119,119,
1508,38,110000,0,user_41,119,119,
1491,39,98000,0,user_28,119,119,
1496,40,98000,0,user_32,119,119,
1504,41,98000,0,user_37,119,119,
1513,42,98000,0,user_42,119,119,
1498,43,85000,0,user_33,119,119,
1492,44,79000,31700,user_29,119,119,
1474,45,77000,0,user_12,119,119,
1480,46,70000,0,user_16,119,119,
1598,,5200000,0,user_0,120,,
1599,,220000,49100,user_2,120,,
1600,,150000,0,user_3,120,,
1601,,6300000,0,user_6,120,,
1602,,160000,0,user_6,120,,
1603,,5000000,0,user_7,120,,
1604,,1500000,0,user_8,120,,
1605,,260000,0,user_8,120,,
1606,,1100000,0,user_9,120,,
1607,,470000,12800,user_10,120,,
1608,,160000,0,user_12,120,,
1609,,120000,0,user_13,120,,
1610,,3500000,0,user_14,120,,
1611,,150000,0,user_15,120,,
1612,,530000,0,user_15,120,,
1613,,5200000,12300,user_17,120,,
1614,,160000,47700,user_17,120,,
1615,,1500000,410000,user_18,120,,
1616,,120000,0,user_19,120,,
1617,,460000,0,user_19,120,,
1618,,1400000,0,user_20,120,,
1619,,43000000,0,user_21,120,,
1620,,1100000,231000,user_22,120,,
1621,,310000,0,user_23,120,,
1622,,1200000,231000,user_25,120,,
1623,,85000,0,user_25,120,,
1624,,120000,64600,user_26,120,,
1625,,110000,0,user_27,120,,
1626,,530000,231000,user_29,120,,
1627,,1000000,0,user_29,120,,
1628,,1000000,0,user_30,120,,
1629,,130000,0,user_31,120,,
1630,,1000000,0,user_32,120,,
1631,,170000,0,user_34,120,,
1632,,190000,0,user_34,120,,
1633,,530000,0,user_34,120,,
1634,,2000000,33300,user_34,120,,
1635,,170000,0,user_35,120,,
1636,,1600000,0,user_36,120,,
1637,,1500000,35100,user_37,120,,
1638,,1000000,0,user_37,120,,
1639,,320000,1100000,user_39,120,,
1640,,2300000,31700,user_39,120,,
1641,,1500000,67500,user_39,120,,
1642,,84000,0,user_42,120,,
1643,,150000,350000,user_43,120,,
1644,,420000,0,user_44,120,,
1645,,1900000,0,user_44,120,,
1646,,240000,0,user_45,120,,
1647,,83000,0,user_46,120,,
1648,,2100000,0,user_49,120,,
1619,0,43000000,0,user_21,120,120,
1601,1,6300000,0,user_6,120,120,
1598,2,5200000,0,user_0,120,120,
1613,3,5200000,12300,user_17,120,120,
1603,4,5000000,0,user_7,120,120,
1610,5,3500000,0,user_14,120,120,
1640,6,2300000,31700,user_39,120,120,
1648,7,2100000,0,user_49,120,120,
1634,8,2000000,33300,user_34,120,120,
1645,9,1900000,0,user_44,120,120,
1636,10,1600000,0,user_36,120,120,
1604,11,1500000,0,user_8,120,120,
1615,12,1500000,410000,user_18,120,120,
1637,13,1500000,35100,user_37,120,120,
1641,14,1500000,67500,user_39,120,120,
1618,15,1400000,0,user_20,120,120,
1622,16,1200000,231000,user_25,120,120,
1606,17,1100000,0,user_9,120,120,
1620,18,1100000,231000,user_22,120,120,
1627,19,1000000,0,user_29,120,120,
1628,20,1000000,0,user_30,120,120,
1638,21,1000000,0,user_37,120,120,
1612,22,530000,0,user_15,120,120,
1626,23,530000,231000,user_29,120,120,
1633,24,530000,0,user_34,120,120,
1617,25,460000,0,user_19,120,120,
1644,26,420000,0,user_44,120,120,
1639,27,320000,1100000,user_39,120,120,
1621,28,310000,0,user_23,120,120,
1605,29,260000,0,user_8,120,120,
1599,30,220000,49100,user_2,120,120,
1632,31,190000,0,user_34,120,120,
1631,32,170000,0,user_34,120,120,
1602,33,160000,0,user_6,120,120,
1608,34,160000,0,user_12,120,120,
1614,35,160000,47700,user_17,120,120,
1600,36,150000,0,user_3,120,120,
1611,37,150000,0,user_15,120,120,
1643,38,150000,350000,user_43,120,120,
1629,39,130000,0,user_31,120,120,
1609,40,120000,0,user_13,120,120,
1616,41,120000,0,user_19,120,120,
1624,42,120000,64600,user_26,120,120,
1625,43,110000,0,user_27,120,120,
1623,44,85000,0,user_25,120,120,
1642,45,84000,0,user_42,120,120,
1753,,3600000,0,user_1,121,,
1754,,530000,0,user_2,121,,
1755,,4500000,0,user_3,121,,
1756,,82000,0,user_4,121,,
1757,,43000000,0,user_5,121,,
1758,,1500000,0,user_5,121,,
1759,,320000,0,user_6,121,,
1760,,150000,0,user_8,121,,
1761,,370000,0,user_8,121,,
1762,,87000,0,user_9,121,,
1763,,1400000,0,user_9,121,,
1764,,1700000,0,user_11,121,,
1765,,260000,0,user_13,121,,
1766,,260000,322000,user_14,121,,
1767,,170000,18600,user_14,121,,
1768,,300000,0,user_15,121,,
1769,,2500000,0,user_16,121,,
1770,,100000,0,user_17,121,,
1771,,170000,5640,user_18,121,,
1772,,5000000,0,user_19,121,,
1773,,300000,0,user_20,121,,
1774,,1500000,0,user_21,121,,
1775,,460000,0,user_22,121,,
1776,,6300000,36800,user_23,121,,
1777,,110000,0,user_24,121,,
1778,,5000000,0,user_25,121,,
1779,,1600000,0,user_26,121,,
1780,,320000,0,user_26,121,,
1781,,84000,0,user_26,121,,
1782,,340000,75000,user_26,121,,
1783,,70000,283000,user_27,121,,
1784,,970000,33300,user_27,121,,
1785,,460000,121000,user_28,121,,
1786,,470000,195000,user_29,121,,
1787,,6300000,0,user_30,121,,
1788,,1300000,0,user_33,121,,
1789,,1400000,13900,user_34,121,,
1790,,1500000,369000,user_36,121,,
1791,,150000,0,user_37,121,,
1792,,660000,33100,user_37,121,,
1793,,1600000,381000,user_37,121,,
1794,,2400000,0,user_37,121,,
1795,,2000000,0,user_38,121,,
1796,,150000,0,user_38,121,,
1797,,110000,0,user_39,121,,
1798,,970000,0,user_40,121,,
1799,,1000000,0,user_41,121,,
1800,,6100000,39400,user_42,121,,
1801,,1000000,43600,user_43,121,,
1802,,1100000,0,user_43,121,,
1803,,360000,10700,user_44,121,,
1804,,2000000,0,user_44,121,,
1805,,150000,0,user_45,121,,
1806,,6100000,0,user_46,121,,
1807,,4200000,0,user_46,121,,
1808,,27000000,769000,user_47,121,,
1809,,84000,0,user_48,121,,
1810,,2000000,0,user_49,121,,
1811,,2600000,0,user_49,121,,
1812,,130000,0,user_49,121,,
1813,,130000,0,user_49,121,,
1757,0,43000000,0,user_5,121,121,
1808,1,27000000,769000,user_47,121,121,
1776,2,6300000,36800,user_23,121,121,
1787,3,6300000,0,user_30,121,121,
1800,4,6100000,39400,user_42,121,121,
1806,5,6100000,0,user_46,121,121,
1772,6,5000000,0,user_19,121,121,
1778,7,5000000,0,user_25,121,121,
1755,8,4500000,0,user_3,121,121,
1807,9,4200000,0,user_46,121,121,
1811,10,2600000,0,user_49,121,121,
1769,11,2500000,0,user_16,121,121,
1794,12,2400000,0,user_37,121,121,
1804,13,2000000,0,user_44,121,121,
1810,14,2000000,0,user_49,121,121,
1764,15,1700000,0,user_11,121,121,
1779,16,1600000,0,user_26,121,121,
1793,17,1600000,381000,user_37,121,121,
1758,18,1500000,0,user_5,121,121,
1774,19,1500000,0,user_21,121,121,
1790,20,1500000,369000,user_36,121,121,
1763,21,1400000,0,user_9,121,121,
1789,22,1400000,13900,user_34,121,121,
1788,23,1300000,0,user_33,121,121,
1802,24,1100000,0,user_43,121,121,
1801,25,1000000,43600,user_43,121,121,
1784,26,970000,33300,user_27,121,121,
1798,27,970000,0,user_40,121,121,
1792,28,660000,33100,user_37,121,121,
1786,29,470000,195000,user_29,121,121,
1775,30,460000,0,user_22,121,121,
1785,31,460000,121000,user_28,121,121,
1803,32,360000,10700,user_44,121,121,
1782,33,340000,75000,user_26,121,121,
1780,34,320000,0,user_26,121,121,
1766,35,260000,322000,user_14,121,121,
1767,36,170000,18600,user_14,121,121,
1771,37,170000,5640,user_18,121,121,
1791,38,150000,0,user_37,121,121,
1805,39,150000,0,user_45,121,121,
1812,40,130000,0,user_49,121,121,
1813,41,130000,0,user_49,121,121,
1777,42,110000,0,user_24,121,121,
1797,43,110000,0,user_39,121,121,
1770,44,100000,0,user_17,121,121,
1762,45,87000,0,user_9,121,121,
1781,46,84000,0,user_26,121,121,
1809,47,84000,0,user_48,121,121,
1756,48,82000,0,user_4,121,121,
1783,49,70000,283000,user_27,121,121,
1932,,1900000,0,user_0,122,,
1933,,4500000,0,user_1,122,,
1934,,83000,0,user_2,122,,
1935,,1100000,60700,user_3,122,,
1936,,2600000,0,user_3,122,,
1937,,1800000,0,user_4,122,,
1938,,80000,0,user_6,122,,
1939,,5000000,231000,user_7,122,,
1940,,350000,0,user_8,122,,
1941,,83000,108000,user_8,122,,
1942,,6300000,0,user_10,122,,
1943,,970000,0,user_11,122,,
1944,,43000000,0,user_11,122,,
1945,,160000,0,user_12,122,,
1946,,910000,0,user_12,122,,
1947,,660000,0,user_13,122,,
1948,,360000,0,user_14,122,,
1949,,1500000,0,user_14,122,,
1950,,85000,0,user_14,122,,
1951,,170000,0,user_14,122,,
1952,,260000,0,user_14,122,,
1953,,630000,15100,user_16,122,,
1954,,4200000,0,user_16,122,,
1955,,2000000,0,user_16,122,,
1956,,650000,0,user_16,122,,
1957,,1000000,0,user_16,122,,
1958,,3500000,0,user_18,122,,
1959,,1100000,16400,user_18,122,,
1960,,84000,0,user_19,122,,
1961,,120000,0,user_21,122,,
1962,,1500000,769000,user_23,122,,
1963,,98000,6390,user_23,122,,
1964,,240000,67500,user_25,122,,
1965,,77000,0,user_26,122,,
1966,,130000,146000,user_26,122,,
1967,,260000,0,user_26,122,,
1968,,82000,0,user_28,122,,
1969,,98000,369000,user_29,122,,
1970,,2100000,0,user_29,122,,
1971,,3600000,0,user_30,122,,
1972,,160000,0,user_31,122,,
1973,,120000,0,user_31,122,,
1974,,3500000,0,user_32,122,,
1975,,320000,12800,user_33,122,,
1976,,2000000,0,user_34,122,,
1977,,6100000,256000,user_36,122,,
1978,,19000000,0,user_37,122,,
1979,,2600000,0,user_38,122,,
1980,,30000000,296000,user_39,122,,
1981,,1000000,0,user_39,122,,
1982,,110000,181000,user_43,122,,
1983,,170000,0,user_43,122,,
1984,,910000,60700,user_44,122,,
1985,,98000,161000,user_45,122,,
1986,,120000,73100,user_45,122,,
1987,,170000,0,user_47,122,,
1988,,150000,19700,user_49,122,,
1944,0,43000000,0,user_11,122,122,
1980,1,30000000,296000,user_39,122,122,
1978,2,19000000,0,user_37,122,122,
1942,3,6300000,0,user_10,122,122,
1977,4,6100000,256000,user_36,122,122,
1939,5,5000000,231000,user_7,122,122,
1933,6,4500000,0,user_1,122,122,
1954,7,4200000,0,user_16,122,122,
1971,8,3600000,0,user_30,122,122,
1958,9,3500000,0,user_18,122,122,
1936,10,2600000,0,user_3,122,122,
1970,11,2100000,0,user_29,122,122,
1955,12,2000000,0,user_16,122,122,
1976,13,2000000,0,user_34,122,122,
1932,14,1900000,0,user_0,122,122,
1937,15,1800000,0,user_4,122,122,
1962,16,1500000,769000,user_23,122,122,
1935,17,1100000,60700,user_3,122,122,
1959,18,1100000,16400,user_18,122,122,
1957,19,1000000,0,user_16,122,122,
1981,20,1000000,0,user_39,122,122,
1943,21,970000,0,user_11,122,122,
1946,22,910000,0,user_12,122,122,
1984,23,910000,60700,user_44,122,122,
1947,24,660000,0,user_13,122,122,
1956,25,650000,0,user_16,122,122,
1953,26,630000,15100,user_16,122,122,
1940,27,350000,0,user_8,122,122,
1975,28,320000,12800,user_33,122,122,
1967,29,260000,0,user_26,122,122,
1964,30,240000,67500,user_25,122,122,
1983,31,170000,0,user_43,122,122,
1987,32,170000,0,user_47,122,122,
1945,33,160000,0,user_12,122,122,
1972,34,160000,0,user_31,122,122,
1988,35,150000,19700,user_49,122,122,
1966,36,130000,146000,user_26,122,122,
1961,37,120000,0,user_21,122,122,
1973,38,120000,0,user_31,122,122,
1986,39,120000,73100,user_45,122,122,
1982,40,110000,181000,user_43,122,122,
1963,41,98000,6390,user_23,122,122,
1969,42,98000,369000,user_29,122,122,
1985,43,98000,161000,user_45,122,122,
1934,44,83000,0,user_2,122,122,
1941,45,83000,108000,user_8,122,122,
1938,46,80000,0,user_6,122,122,
1965,47,77000,0,user_26,122,122,
2114,,220000,0,user_0,123,,
2115,,650000,0,user_0,123,,
2116,,83000,0,user_1,123,,
2117,,160000,0,user_1,123,,
2118,,110000,0,user_1,123,,
2119,,150000,43600,user_1,123,,
2120,,150000,0,user_1,123,,
2121,,150000,0,user_2,123,,
2122,,420000,0,user_3,123,,
2123,,2600000,0,user_5,123,,
2124,,670000,0,user_7,123,,
2125,,1200000,0,user_8,123,,
2126,,120000,0,user_12,123,,
2127,,1300000,0,user_15,123,,
2128,,2000000,0,user_16,123,,
2129,,120000,0,user_19,123,,
2130,,3600000,0,user_19,123,,
2131,,4200000,0,user_20,123,,
2132,,650000,0,user_20,123,,
2133,,910000,0,user_21,123,,
2134,,120000,24700,user_22,123,,
2135,,3200000,0,user_23,123,,
2136,,77000,0,user_24,123,,
2137,,110000,0,user_26,123,,
2138,,120000,0,user_29,123,,
2139,,1500000,0,user_29,123,,
2140,,27000000,0,user_30,123,,
2141,,87000,0,user_31,123,,
2142,,1000000,0,user_32,123,,
2143,,120000,0,user_33,123,,
2144,,1100000,296000,user_34,123,,
2145,,2400000,0,user_34,123,,
2146,,6100000,0,user_35,123,,
2147,,1600000,0,user_36,123,,
2148,,110000,0,user_38,123,,
2149,,85000,0,user_39,123,,
2150,,30000000,0,user_40,123,,
2151,,260000,0,user_41,123,,
2152,,160000,33300,user_44,123,,
2153,,130000,10700,user_46,123,,
2154,,120000,0,user_46,123,,
2155,,470000,0,user_47,123,,
2156,,1900000,32900,user_48,123,,
2157,,310000,0,user_49,123,,
2150,0,30000000,0,user_40,123,123,
2140,1,27000000,0,user_30,123,123,
2146,2,6100000,0,user_35,123,123,
2131,3,4200000,0,user_20,123,123,
2130,4,3600000,0,user_19,123,123,
2135,5,3200000,0,user_23,123,123,
2123,6,2600000,0,user_5,123,123,
2145,7,2400000,0,user_34,123,123,
2128,8,2000000,0,user_16,123,123,
2156,9,1900000,32900,user_48,123,123,
2147,10,1600000,0,user_36,123,123,
2139,11,1500000,0,user_29,123,123,
2127,12,1300000,0,user_15,123,123,
2125,13,1200000,0,user_8,123,123,
2144,14,1100000,296000,user_34,123,123,
2142,15,1000000,0,user_32,123,123,
2133,16,910000,0,user_21,123,123,
2124,17,670000,0,user_7,123,123,
2115,18,650000,0,user_0,123,123,
2132,19,650000,0,user_20,123,123,
2155,20,470000,0,user_47,123,123,
2122,21,420000,0,user_3,123,123,
2157,22,310000,0,user_49,123,123,
2151,23,260000,0,user_41,123,123,
2114,24,220000,0,user_0,123,123,
2152,25,160000,33300,user_44,123,123,
2121,26,150000,0,user_2,123,123,
2153,27,130000,10700,user_46,123,123,
2129,28,120000,0,user_19,123,123,
2134,29,120000,24700,user_22,123,123,
2138,30,120000,0,user_29,123,123,
2143,31,120000,0,user_33,123,123,
2154,32,120000,0,user_46,123,123,
2148,33,110000,0,user_38,123,123,
2141,34,87000,0,user_31,123,123,
2136,35,77000,0,user_24,123,123,
2198,,170000,0,user_0,124,,
2199,,30000000,0,user_1,124,,
2200,,73000,3130,user_2,124,,
2201,,420000,0,user_2,124,,
2202,,220000,0,user_3,124,,
2203,,110000,30200,user_4,124,,
2204,,220000,0,user_4,124,,
2205,,1900000,0,user_5,124,,
2206,,110000,0,user_6,124,,
2207,,240000,0,user_6,124,,
2208,,27000000,0,user_6,124,,
2209,,470000,0,user_6,124,,
2210,,170000,0,user_7,124,,
2211,,420000,0,user_9,124,,
2212,,220000,0,user_9,124,,
2213,,1100000,0,user_9,124,,
2214,,1600000,0,user_10,124,,
2215,,1100000,0,user_11,124,,
2216,,1600000,256000,user_12,124,,
2217,,350000,0,user_15,124,,
2218,,1600000,0,user_15,124,,
2219,,160000,13900,user_16,124,,
2220,,19000000,0,user_16,124,,
2221,,77000,15300,user_17,124,,
2222,,98000,0,user_18,124,,
2223,,3200000,0,user_19,124,,
2224,,70000,0,user_20,124,,
2225,,170000,0,user_21,124,,
2226,,3500000,0,user_21,124,,
2227,,170000,0,user_24,124,,
2228,,5200000,0,user_25,124,,
2229,,4500000,0,user_26,124,,
2230,,43000000,0,user_27,124,,
2231,,260000,0,user_29,124,,
2232,,2500000,0,user_30,124,,
2233,,2000000,0,user_31,124,,
2234,,970000,0,user_32,124,,
2235,,2300000,0,user_33,124,,
2236,,1000000,35100,user_34,124,,
2237,,1200000,0,user_35,124,,
2238,,310000,0,user_39,124,,
2239,,1400000,0,user_40,124,,
2240,,600000,0,user_41,124,,
2241,,870000,0,user_42,124,,
2242,,650000,0,user_42,124,,
2243,,1000000,0,user_43,124,,
2244,,160000,0,user_45,124,,
2245,,1000000,10700,user_46,124,,
2246,,4200000,0,user_47,124,,
2247,,300000,13900,user_47,124,,
2248,,120000,0,user_48,124,,
2249,,1900000,0,user_49,124,,
2250,,340000,73100,user_49,124,,
2230,0,43000000,0,user_27,124,124,
2199,1,30000000,0,user_1,124,124,
2208,2,27000000,0,user_6,124,124,
2220,3,19000000,0,user_16,124,124,
2228,4,5200000,0,user_25,124,124,
2229,5,4500000,0,user_26,124,124,
2246,6,4200000,0,user_47,124,124,
2226,7,3500000,0,user_21,124,124,
2232,8,2500000,0,user_30,124,124,
2235,9,2300000,0,user_33,124,124,
2233,10,2000000,0,user_31,124,124,
2205,11,1900000,0,user_5,124,124,
2249,12,1900000,0,user_49,124,124,
2214,13,1600000,0,user_10,124,124,
2216,14,1600000,256000,user_12,124,124,
2218,15,1600000,0,user_15,124,124,
2239,16,1400000,0,user_40,124,124,
2237,17,1200000,0,user_35,124,124,
2215,18,1100000,0,user_11,124,124,
2236,19,1000000,35100,user_34,124,124,
2243,20,1000000,0,user_43,124,124,
2245,21,1000000,10700,user_46,124,124,
2241,22,870000,0,user_42,124,124,
2242,23,650000,0,user_42,124,124,
2240,24,600000,0,user_41,124,124,
2209,25,470000,0,user_6,124,124,
2201,26,420000,0,user_2,124,124,
2217,27,350000,0,user_15,124,124,
2250,28,340000,73100,user_49,124,124,
2238,29,310000,0,user_39,124,124,
2247,30,300000,13900,user_47,124,124,
2231,31,260000,0,user_29,124,124,
2207,32,240000,0,user_6,124,124,
2202,33,220000,0,user_3,124,124,
2204,34,220000,0,user_4,124,124,
2198,35,170000,0,user_0,124,124,
2210,36,170000,0,user_7,124,124,
2225,37,170000,0,user_21,124,124,
2219,38,160000,13900,user_16,124,124,
2244,39,160000,0,user_45,124,124,
2203,40,110000,30200,user_4,124,124,
2206,41,110000,0,user_6,124,124,
2222,42,98000,0,user_18,124,124,
2221,43,77000,15300,user_17,124,124,
2200,44,73000,3130,user_2,124,124,
2224,45,70000,0,user_20,124,124,
2311,,320000,0,user_0,125,,
2312,,190000,0,user_3,125,,
2313,,170000,0,user_3,125,,
2314,,460000,12800,user_3,125,,
2315,,30000000,33100,user_3,125,,
2316,,120000,0,user_3,125,,
2317,,130000,0,user_4,125,,
2318,,1500000,17700000,user_4,125,,
2319,,120000,15100,user_5,125,,
2320,,170000,0,user_7,125,,
2321,,27000000,0,user_7,125,,
2322,,1500000,0,user_8,125,,
2323,,420000,0,user_9,125,,
2324,,870000,0,user_11,125,,
2325,,670000,0,user_12,125,,
2326,,82000,12300,user_12,125,,
2327,,3200000,0,user_13,125,,
2328,,4500000,0,user_14,125,,
2329,,1500000,6390,user_16,125,,
2330,,310000,0,user_16,125,,
2331,,5000000,0,user_17,125,,
2332,,350000,0,user_17,125,,
2333,,1000000,369000,user_18,125,,
2334,,85000,0,user_19,125,,
2335,,2300000,0,user_20,125,,
2336,,190000,0,user_20,125,,
2337,,1500000,12300,user_24,125,,
2338,,220000,0,user_24,125,,
2339,,120000,0,user_25,125,,
2340,,120000,0,user_25,125,,
2341,,120000,0,user_26,125,,
2342,,1600000,0,user_27,125,,
2343,,2000000,0,user_28,125,,
2344,,150000,35600,user_30,125,,
2345,,1000000,283000,user_31,125,,
2346,,970000,0,user_32,125,,
2347,,970000,0,user_34,125,,
2348,,73000,164000,user_36,125,,
2349,,73000,0,user_37,125,,
2350,,160000,73100,user_38,125,,
2351,,420000,21800,user_42,125,,
2352,,1600000,0,user_43,125,,
2353,,98000,43600,user_43,125,,
2354,,150000,0,user_44,125,,
2355,,220000,0,user_46,125,,
2356,,1800000,84800,user_47,125,,
2357,,600000,0,user_48,125,,
2358,,1900000,0,user_48,125,,
2315,0,30000000,33100,user_3,125,125,
2321,1,27000000,0,user_7,125,125,
2331,2,5000000,0,user_17,125,125,
2328,3,4500000,0,user_14,125,125,
2327,4,3200000,0,user_13,125,125,
2335,5,2300000,0,user_20,125,125,
2343,6,2000000,0,user_28,125,125,
2358,7,1900000,0,user_48,125,125,
2356,8,1800000,84800,user_47,125,125,
2342,9,1600000,0,user_27,125,125,
2352,10,1600000,0,user_43,125,125,
2318,11,1500000,17700000,user_4,125,125,
2322,12,1500000,0,user_8,125,125,
2337,13,1500000,12300,user_24,125,125,
2333,14,1000000,369000,user_18,125,125,
2345,15,1000000,283000,user_31,125,125,
2347,16,970000,0,user_34,125,125,
2325,17,670000,0,user_12,125,125,
2357,18,600000,0,user_48,125,125,
2314,19,460000,12800,user_3,125,125,
2323,20,420000,0,user_9,125,125,
2351,21,420000,21800,user_42,125,125,
2332,22,350000,0,user_17,125,125,
2311,23,320000,0,user_0,125,125,
2338,24,220000,0,user_24,125,125,
2312,25,190000,0,user_3,125,125,
2336,26,190000,0,user_20,125,125,
2313,27,170000,0,user_3,125,125,
2320,28,170000,0,user_7,125,125,
2350,29,160000,73100,user_38,125,125,
2344,30,150000,35600,user_30,125,125,
2354,31,150000,0,user_44,125,125,
2317,32,130000,0,user_4,125,125,
2316,33,120000,0,user_3,125,125,
2319,34,120000,15100,user_5,125,125,
2339,35,120000,0,user_25,125,125,
2340,36,120000,0,user_25,125,125,
2341,37,120000,0,user_26,125,125,
2353,38,98000,43600,user_43,125,125,
2334,39,85000,0,user_19,125,125,
2326,40,82000,12300,user_12,125,125,
2348,41,73000,164000,user_36,125,125,
2349,42,73000,0,user_37,125,125,
2463,,1000000,0,user_1,126,,
2464,,910000,73100,user_2,126,,
2465,,110000,769000,user_3,126,,
2466,,2000000,0,user_6,126,,
2467,,1400000,56200,user_9,126,,
2468,,170000,0,user_11,126,,
2469,,320000,49100,user_12,126,,
2470,,73000,0,user_13,126,,
2471,,2300000,0,user_14,126,,
2472,,190000,0,user_15,126,,
2473,,1900000,0,user_16,126,,
2474,,1400000,1100000,user_17,126,,
2475,,150000,0,user_17,126,,
2476,,120000,0,user_17,126,,
2477,,460000,0,user_17,126,,
2478,,2000000,0,user_17,126,,
2479,,600000,0,user_18,126,,
2480,,2100000,0,user_20,126,,
2481,,110000,0,user_23,126,,
2482,,2000000,0,user_25,126,,
2483,,5000000,0,user_25,126,,
2484,,1800000,13900,user_26,126,,
2485,,310000,0,user_27,126,,
2486,,87000,47700,user_28,126,,
2487,,240000,0,user_28,126,,
2488,,2000000,0,user_29,126,,
2489,,240000,0,user_31,126,,
2490,,130000,33100,user_31,126,,
2491,,240000,5640,user_33,126,,
2492,,110000,0,user_34,126,,
2493,,530000,0,user_36,126,,
2494,,73000,11200,user_36,126,,
2495,,150000,0,user_36,126,,
2496,,1500000,0,user_36,126,,
2497,,170000,0,user_37,126,,
2498,,85000,7840,user_38,126,,
2499,,670000,0,user_41,126,,
2500,,73000,12300,user_42,126,,
2501,,1800000,0,user_42,126,,
2502,,1000000,0,user_43,126,,
2503,,1400000,0,user_44,126,,
2504,,43000000,0,user_45,126,,
2505,,220000,0,user_46,126,,
2506,,220000,0,user_46,126,,
2507,,160000,0,user_47,126,,
2508,,1000000,0,user_49,126,,
2504,0,43000000,0,user_45,126,126,
2520,1,0,0,builder_1,126,126,2474
2474,2,1400000,1100000,user_17,126,126,
2478,3,2000000,0,user_17,126,126,
2473,4,1900000,0,user_16,126,126,
2501,5,1800000,0,user_42,126,126,
2496,6,1500000,0,user_36,126,126,
2503,7,1400000,0,user_44,126,126,
2463,8,1000000,0,user_1,126,126,
2502,9,1000000,0,user_43,126,126,
2508,10,1000000,0,user_49,126,126,
2521,11,0,0,builder_1,126,126,2464
2464,12,910000,73100,user_2,126,126,
2479,13,600000,0,user_18,126,126,
2493,14,530000,0,user_36,126,126,
2477,15,460000,0,user_17,126,126,
2469,16,320000,49100,user_12,126,126,
2522,17,0,0,builder_1,126,126,2469
2485,18,310000,0,user_27,126,126,
2523,19,0,0,builder_1,126,126,2491
2491,20,240000,5640,user_33,126,126,
2487,21,240000,0,user_28,126,126,
2489,22,240000,0,user_31,126,126,
2505,23,220000,0,user_46,126,126,
2506,24,220000,0,user_46,126,126,
2472,25,190000,0,user_15,126,126,
2468,26,170000,0,user_11,126,126,
2497,27,170000,0,user_37,126,126,
2490,28,130000,33100,user_31,126,126,
2524,29,0,0,builder_1,126,126,2490
2475,30,150000,0,user_17,126,126,
2495,31,150000,0,user_36,126,126,
2525,32,0,0,builder_1,126,126,2486
2486,33,87000,47700,user_28,126,126,
2476,34,120000,0,user_17,126,126,
2492,35,110000,0,user_34,126,126,
2526,36,0,0,builder_1,126,126,2498
2498,37,85000,7840,user_38,126,126,
2527,38,0,0,builder_1,126,126,2500
2500,39,73000,12300,user_42,126,126,
2494,40,73000,11200,user_36,126,126,
2528,41,0,0,builder_1,126,126,2494
2595,,120000,0,user_0,127,,
2596,,310000,0,user_2,127,,
2597,,2500000,0,user_3,127,,
2598,,150000,0,user_4,127,,
2599,,120000,64600,user_8,127,,
2600,,3200000,0,user_9,127,,
2601,,650000,1100000,user_10,127,,
2602,,27000000,0,user_11,127,,
2603,,530000,0,user_12,127,,
2604,,240000,0,user_17,127,,
2605,,100000,60700,user_17,127,,
2606,,870000,0,user_21,127,,
2607,,3600000,35100,user_22,127,,
2608,,3600000,0,user_25,127,,
2609,,120000,0,user_26,127,,
2610,,3600000,0,user_27,127,,
2611,,2300000,0,user_28,127,,
2612,,110000,0,user_28,127,,
2613,,350000,0,user_28,127,,
2614,,220000,0,user_28,127,,
2615,,1000000,0,user_29,127,,
2616,,87000,17700000,user_29,127,,
2617,,1000000,0,user_30,127,,
2618,,420000,0,user_31,127,,
2619,,460000,0,user_32,127,,
2620,,100000,0,user_32,127,,
2621,,310000,0,user_32,127,,
2622,,2400000,0,user_32,127,,
2623,,370000,0,user_33,127,,
2624,,6300000,0,user_34,127,,
2625,,870000,0,user_34,127,,
2626,,1200000,0,user_34,127,,
2627,,2300000,0,user_34,127,,
2628,,3200000,0,user_34,127,,
2629,,130000,0,user_35,127,,
2630,,650000,13900,user_36,127,,
2631,,160000,0,user_37,127,,
2632,,170000,18600,user_38,127,,
2633,,3500000,0,user_39,127,,
2634,,98000,0,user_40,127,,
2635,,970000,0,user_40,127,,
2636,,2000000,0,user_42,127,,
2637,,1500000,0,user_45,127,,
2638,,77000,0,user_45,127,,
2639,,110000,0,user_46,127,,
2640,,70000,0,user_47,127,,
2641,,110000,369000,user_48,127,,
2602,0,27000000,0,user_11,127,127,
2624,1,6300000,0,user_34,127,127,
2607,2,3600000,35100,user_22,127,127,
2608,3,3600000,0,user_25,127,127,
2610,4,3600000,0,user_27,127,127,
2633,5,3500000,0,user_39,127,127,
2600,6,3200000,0,user_9,127,127,
2628,7,3200000,0,user_34,127,127,
2597,8,2500000,0,user_3,127,127,
2622,9,2400000,0,user_32,127,127,
2611,10,2300000,0,user_28,127,127,
2627,11,2300000,0,user_34,127,127,
2636,12,2000000,0,user_42,127,127,
2637,13,1500000,0,user_45,127,127,
2626,14,1200000,0,user_34,127,127,
2615,15,1000000,0,user_29,127,127,
2617,16,1000000,0,user_30,127,127,
2635,17,970000,0,user_40,127,127,
2606,18,870000,0,user_21,127,127,
2625,19,870000,0,user_34,127,127,
2630,20,650000,13900,user_36,127,127,
2603,21,530000,0,user_12,127,127,
2619,22,460000,0,user_32,127,127,
2623,23,370000,0,user_33,127,127,
2613,24,350000,0,user_28,127,127,
2621,25,310000,0,user_32,127,127,
2604,26,240000,0,user_17,127,127,
2614,27,220000,0,user_28,127,127,
2631,28,160000,0,user_37,127,127,
2598,29,150000,0,user_4,127,127,
2629,30,130000,0,user_35,127,127,
2595,31,120000,0,user_0,127,127,
2609,32,120000,0,user_26,127,127,
2612,33,110000,0,user_28,127,127,
2639,34,110000,0,user_46,127,127,
2641,35,110000,369000,user_48,127,127,
2605,36,100000,60700,user_17,127,127,
2620,37,100000,0,user_32,127,127,
2634,38,98000,0,user_40,127,127,
2616,39,87000,17700000,user_29,127,127,
2638,40,77000,0,user_45,127,127,
2640,41,70000,0,user_47,127,127,
2702,,27000000,146000,user_0,128,,
2703,,30000000,0,user_0,128,,
2704,,310000,0,user_1,128,,
2705,,120000,283000,user_2,128,,
2706,,1500000,56200,user_2,128,,
2707,,1000000,15300,user_2,128,,
2708,,2100000,0,user_2,128,,
2709,,350000,0,user_2,128,,
2710,,1100000,0,user_3,128,,
2711,,2000000,0,user_4,128,,
2712,,650000,0,user_5,128,,
2713,,470000,0,user_7,128,,
2714,,370000,0,user_9,128,,
2715,,870000,13900,user_10,128,,
2716,,670000,0,user_11,128,,
2717,,460000,256000,user_11,128,,
2718,,110000,0,user_11,128,,
2719,,150000,0,user_11,128,,
2720,,79000,0,user_11,128,,
2721,,83000,139000,user_12,128,,
2722,,1600000,0,user_13,128,,
2723,,1400000,0,user_13,128,,
2724,,1600000,0,user_13,128,,
2725,,5000000,0,user_13,128,,
2726,,2500000,0,user_14,128,,
2727,,160000,13900,user_17,128,,
2728,,5200000,0,user_20,128,,
2729,,460000,67900,user_20,128,,
2730,,1500000,0,user_21,128,,
2731,,3600000,0,user_22,128,,
2732,,2000000,0,user_22,128,,
2733,,77000,0,user_22,128,,
2734,,260000,0,user_22,128,,
2735,,30000000,0,user_23,128,,
2736,,650000,0,user_26,128,,
2737,,1000000,0,user_27,128,,
2738,,120000,0,user_30,128,,
2739,,110000,0,user_30,128,,
2740,,100000,0,user_30,128,,
2741,,420000,0,user_30,128,,
2742,,6100000,0,user_32,128,,
2743,,260000,0,user_34,128,,
2744,,1000000,0,user_36,128,,
2745,,27000000,283000,user_37,128,,
2746,,3600000,0,user_37,128,,
2747,,360000,0,user_37,128,,
2748,,4200000,0,user_37,128,,
2749,,150000,19700,user_37,128,,
2750,,110000,0,user_39,128,,
2751,,340000,0,user_40,128,,
2752,,1900000,0,user_40,128,,
2753,,1300000,0,user_42,128,,
2754,,1900000,139000,user_43,128,,
2755,,160000,0,user_44,128,,
2756,,120000,0,user_45,128,,
2757,,190000,0,user_45,128,,
2758,,84000,0,user_47,128,,
2759,,1600000,594000,user_47,128,,
2760,,530000,0,user_48,128,,
2761,,190000,0,user_49,128,,
2762,,79000,0,user_49,128,,
2703,0,30000000,0,user_0,128,128,
2735,1,30000000,0,user_23,128,128,
2745,2,27000000,283000,user_37,128,128,
2796,3,0,0,builder_3,128,128,2745
2702,4,27000000,146000,user_0,128,128,
2797,5,0,0,builder_3,128,128,2702
2742,6,6100000,0,user_32,128,128,
2728,7,5200000,0,user_20,128,128,
2725,8,5000000,0,user_13,128,128,
2748,9,4200000,0,user_37,128,128,
2731,10,3600000,0,user_22,128,128,
2746,11,3600000,0,user_37,128,128,
2726,12,2500000,0,user_14,128,128,
2798,13,0,0,builder_3,128,128,2759
2759,14,1600000,594000,user_47,128,128,
2708,15,2100000,0,user_2,128,128,
2754,16,1900000,139000,user_43,128,128,
2799,17,0,0,builder_3,128,128,2754
2711,18,2000000,0,user_4,128,128,
2732,19,2000000,0,user_22,128,128,
2752,20,1900000,0,user_40,128,128,
2722,21,1600000,0,user_13,128,128,
2724,22,1600000,0,user_13,128,128,
2706,23,1500000,56200,user_2,128,128,
2800,24,0,0,builder_3,128,128,2706
2730,25,1500000,0,user_21,128,128,
2723,26,1400000,0,user_13,128,128,
2753,27,1300000,0,user_42,128,128,
2710,28,1100000,0,user_3,128,128,
2707,29,1000000,15300,user_2,128,128,
2801,30,0,0,builder_3,128,128,2707
2744,31,1000000,0,user_36,128,128,
2715,32,870000,13900,user_10,128,128,
2802,33,0,0,builder_3,128,128,2715
2803,34,0,0,builder_3,128,128,2717
2717,35,460000,256000,user_11,128,128,
2716,36,670000,0,user_11,128,128,
2712,37,650000,0,user_5,128,128,
2736,38,650000,0,user_26,128,128,
2760,39,530000,0,user_48,128,128,
2804,40,0,0,builder_3,128,128,2729
2729,41,460000,67900,user_20,128,128,
2713,42,470000,0,user_7,128,128,
2741,43,420000,0,user_30,128,128,
2805,44,0,0,builder_3,128,128,2705
2705,45,120000,283000,user_2,128,128,
2747,46,360000,0,user_37,128,128,
2709,47,350000,0,user_2,128,128,
2751,48,340000,0,user_40,128,128,
2734,49,260000,0,user_22,128,128,
2743,50,260000,0,user_34,128,128,
2806,51,0,0,builder_3,128,128,2721
2721,52,83000,139000,user_12,128,128,
2757,53,190000,0,user_45,128,128,
2761,54,190000,0,user_49,128,128,
2727,55,160000,13900,user_17,128,128,
2807,56,0,0,builder_3,128,128,2727
2808,57,0,0,builder_3,128,128,2749
2749,58,150000,19700,user_37,128,128,
2755,59,160000,0,user_44,128,128,
2719,60,150000,0,user_11,128,128,
2738,61,120000,0,user_30,128,128,
2756,62,120000,0,user_45,128,128,
2718,63,110000,0,user_11,128,128,
2739,64,110000,0,user_30,128,128,
2750,65,110000,0,user_39,128,128,
2740,66,100000,0,user_30,128,128,
2758,67,84000,0,user_47,128,128,
2720,68,79000,0,user_11,128,128,
2762,69,79000,0,user_49,128,128,
2733,70,77000,0,user_22,128,128,
2859,,85000,0,user_0,129,,
2860,,120000,8520,user_1,129,,
2861,,73000,0,user_4,129,,
2862,,970000,0,user_5,129,,
2863,,2400000,8520,user_5,129,,
2864,,130000,100000,user_8,129,,
2865,,19000000,0,user_10,129,,
2866,,150000,0,user_11,129,,
2867,,87000,0,user_11,129,,
2868,,870000,0,user_12,129,,
2869,,87000,350000,user_13,129,,
2870,,5000000,256000,user_15,129,,
2871,,220000,0,user_16,129,,
2872,,2600000,56200,user_18,129,,
2873,,420000,0,user_18,129,,
2874,,2600000,0,user_20,129,,
2875,,630000,0,user_21,129,,
2876,,1300000,594000,user_22,129,,
2877,,82000,16400,user_23,129,,
2878,,110000,0,user_23,129,,
2879,,910000,0,user_23,129,,
2880,,120000,0,user_23,129,,
2881,,1900000,0,user_23,129,,
2882,,1000000,0,user_24,129,,
2883,,5000000,21800,user_25,129,,
2884,,87000,0,user_28,129,,
2885,,2600000,0,user_28,129,,
2886,,110000,15100,user_28,129,,
2887,,4200000,35100,user_28,129,,
2888,,73000,0,user_29,129,,
2889,,85000,0,user_31,129,,
2890,,260000,0,user_32,129,,
2891,,120000,0,user_32,129,,
2892,,1200000,13900,user_33,129,,
2893,,110000,0,user_35,129,,
2894,,130000,0,user_35,129,,
2895,,190000,0,user_36,129,,
2896,,27000000,0,user_37,129,,
2897,,4200000,0,user_39,129,,
2898,,420000,0,user_40,129,,
2899,,4500000,5640,user_42,129,,
2900,,1500000,0,user_43,129,,
2901,,4200000,16400,user_44,129,,
2902,,170000,43600,user_44,129,,
2903,,2300000,0,user_44,129,,
2904,,660000,0,user_44,129,,
2905,,120000,155000,user_44,129,,
2906,,110000,0,user_45,129,,
2907,,660000,31700,user_47,129,,
2908,,310000,0,user_49,129,,
2896,0,27000000,0,user_37,129,129,
2865,1,19000000,0,user_10,129,129,
3010,2,0,0,builder_8,129,129,2870
2870,3,5000000,256000,user_15,129,129,
2883,4,5000000,21800,user_25,129,129,
3011,5,0,0,builder_8,129,129,2883
2899,6,4500000,5640,user_42,129,129,
3012,7,0,0,builder_8,129,129,2899
2887,8,4200000,35100,user_28,129,129,
3013,9,0,0,builder_8,129,129,2887
3014,10,0,0,builder_8,129,129,2901
2901,11,4200000,16400,user_44,129,129,
2897,12,4200000,0,user_39,129,129,
2872,13,2600000,56200,user_18,129,129,
3015,14,0,0,builder_8,129,129,2872
2874,15,2600000,0,user_20,129,129,
2885,16,2600000,0,user_28,129,129,
3016,17,0,0,builder_8,129,129,2863
2863,18,2400000,8520,user_5,129,129,
2903,19,2300000,0,user_44,129,129,
2881,20,1900000,0,user_23,129,129,
3017,21,0,0,builder_8,129,129,2876
2876,22,1300000,594000,user_22,129,129,
3018,23,0,0,builder_8,129,129,2892
2892,24,1200000,13900,user_33,129,129,
2862,25,970000,0,user_5,129,129,
2879,26,910000,0,user_23,129,129,
2907,27,660000,31700,user_47,129,129,
3019,28,0,0,builder_8,129,129,2907
2904,29,660000,0,user_44,129,129,
2875,30,630000,0,user_21,129,129,
2869,31,87000,350000,user_13,129,129,
3020,32,0,0,builder_8,129,129,2869
2873,33,420000,0,user_18,129,129,
2908,34,310000,0,user_49,129,129,
3021,35,0,0,builder_8,129,129,2905
2905,36,120000,155000,user_44,129,129,
2890,37,260000,0,user_32,129,129,
2871,38,220000,0,user_16,129,129,
3022,39,0,0,builder_8,129,129,2902
2902,40,170000,43600,user_44,129,129,
2895,41,190000,0,user_36,129,129,
2866,42,150000,0,user_11,129,129,
2894,43,130000,0,user_35,129,129,
2886,44,110000,15100,user_28,129,129,
3023,45,0,0,builder_8,129,129,2886
2880,46,120000,0,user_23,129,129,
2891,47,120000,0,user_32,129,129,
2878,48,110000,0,user_23,129,129,
2893,49,110000,0,user_35,129,129,
3024,50,0,0,builder_8,129,129,2877
2877,51,82000,16400,user_23,129,129,
2867,52,87000,0,user_11,129,129,
2884,53,87000,0,user_28,129,129,
2859,54,85000,0,user_0,129,129,
2861,55,73000,0,user_4,129,129,
2888,56,73000,0,user_29,129,129,
3025,,82000,0,user_1,130,,
3026,,530000,0,user_3,130,,
3027,,1600000,0,user_3,130,,
3028,,320000,161000,user_5,130,,
3029,,79000,0,user_6,130,,
3030,,73000,0,user_7,130,,
3031,,1100000,35100,user_7,130,,
3032,,1300000,510000,user_9,130,,
3033,,670000,0,user_10,130,,
3034,,470000,0,user_10,130,,
3035,,670000,0,user_12,130,,
3036,,300000,13900,user_13,130,,
3037,,98000,121000,user_14,130,,
3038,,2500000,0,user_15,130,,
3039,,30000000,0,user_17,130,,
3040,,150000,4320000,user_18,130,,
3041,,2400000,0,user_19,130,,
3042,,160000,0,user_20,130,,
3043,,170000,0,user_21,130,,
3044,,3600000,0,user_21,130,,
3045,,5000000,0,user_22,130,,
3046,,150000,0,user_23,130,,
3047,,5000000,0,user_24,130,,
3048,,150000,0,user_25,130,,
3049,,120000,0,user_27,130,,
3050,,310000,0,user_27,130,,
3051,,4200000,10700,user_30,130,,
3052,,650000,0,user_31,130,,
3053,,460000,0,user_32,130,,
3054,,87000,0,user_33,130,,
3055,,3200000,0,user_34,130,,
3056,,110000,6390,user_36,130,,
3057,,340000,0,user_37,130,,
3058,,1500000,0,user_38,130,,
3059,,80000,0,user_39,130,,
3060,,300000,0,user_39,130,,
3061,,4500000,0,user_40,130,,
3062,,1500000,350000,user_40,130,,
3063,,43000000,36800,user_43,130,,
3064,,79000,19700,user_45,130,,
3065,,5200000,0,user_46,130,,
3066,,110000,60700,user_47,130,,
3067,,1900000,545000,user_48,130,,
3068,,460000,67900,user_49,130,,
3069,,120000,0,user_49,130,,
3063,0,43000000,36800,user_43,130,130,
3039,1,30000000,0,user_17,130,130,
3065,2,5200000,0,user_46,130,130,
3045,3,5000000,0,user_22,130,130,
3047,4,5000000,0,user_24,130,130,
3061,5,4500000,0,user_40,130,130,
3051,6,4200000,10700,user_30,130,130,
3044,7,3600000,0,user_21,130,130,
3055,8,3200000,0,user_34,130,130,
3038,9,2500000,0,user_15,130,130,
3041,10,2400000,0,user_19,130,130,
3067,11,1900000,545000,user_48,130,130,
3027,12,1600000,0,user_3,130,130,
3058,13,1500000,0,user_38,130,130,
3062,14,1500000,350000,user_40,130,130,
3032,15,1300000,510000,user_9,130,130,
3031,16,1100000,35100,user_7,130,130,
3033,17,670000,0,user_10,130,130,
3052,18,650000,0,user_31,130,130,
3026,19,530000,0,user_3,130,130,
3034,20,470000,0,user_10,130,130,
3053,21,460000,0,user_32,130,130,
3068,22,460000,67900,user_49,130,130,
3028,23,320000,161000,user_5,130,130,
3050,24,310000,0,user_27,130,130,
3036,25,300000,13900,user_13,130,130,
3043,26,170000,0,user_21,130,130,
3042,27,160000,0,user_20,130,130,
3040,28,150000,4320000,user_18,130,130,
3046,29,150000,0,user_23,130,130,
3048,30,150000,0,user_25,130,130,
3049,31,120000,0,user_27,130,130,
3069,32,120000,0,user_49,130,130,
3056,33,110000,6390,user_36,130,130,
3066,34,110000,60700,user_47,130,130,
3037,35,98000,121000,user_14,130,130,
3054,36,87000,0,user_33,130,130,
3029,37,79000,0,user_6,130,130,
3064,38,79000,19700,user_45,130,130,
3030,39,73000,0,user_7,130,130,
3168,,240000,60700,user_0,131,,
3169,,1000000,0,user_1,131,,
3170,,3200000,67900,user_2,131,,
3171,,2000000,60700,user_4,131,,
3172,,660000,594000,user_5,131,,
3173,,2300000,0,user_6,131,,
3174,,1900000,12800,user_6,131,,
3175,,3200000,0,user_6,131,,
3176,,1600000,0,user_8,131,,
3177,,220000,0,user_10,131,,
3178,,120000,0,user_10,131,,
3179,,600000,0,user_10,131,,
3180,,670000,256000,user_10,131,,
3181,,1700000,7190000,user_10,131,,
3182,,1000000,0,user_11,131,,
3183,,420000,0,user_11,131,,
3184,,240000,296000,user_12,131,,
3185,,240000,0,user_13,131,,
3186,,2100000,0,user_14,131,,
3187,,70000,0,user_15,131,,
3188,,1500000,12300,user_16,131,,
3189,,260000,71800,user_18,131,,
3190,,80000,0,user_20,131,,
3191,,110000,0,user_20,131,,
3192,,160000,0,user_20,131,,
3193,,77000,0,user_21,131,,
3194,,970000,0,user_21,131,,
3195,,240000,0,user_23,131,,
3196,,310000,0,user_24,131,,
3197,,150000,64600,user_25,131,,
3198,,19000000,0,user_25,131,,
3199,,2500000,23500,user_25,131,,
3200,,5200000,0,user_25,131,,
3201,,870000,0,user_25,131,,
3202,,120000,0,user_26,131,,
3203,,83000,0,user_29,131,,
3204,,98000,0,user_31,131,,
3205,,1600000,0,user_31,131,,
3206,,3200000,0,user_31,131,,
3207,,190000,19700,user_31,131,,
3208,,320000,0,user_34,131,,
3209,,27000000,0,user_34,131,,
3210,,4500000,0,user_35,131,,
3211,,3600000,0,user_36,131,,
3212,,2300000,0,user_37,131,,
3213,,310000,0,user_38,131,,
3214,,630000,161000,user_39,131,,
3215,,1500000,256000,user_39,131,,
3216,,260000,0,user_40,131,,
3217,,1000000,0,user_41,131,,
3218,,150000,0,user_41,131,,
3219,,1000000,11200,user_41,131,,
3220,,1000000,0,user_41,131,,
3221,,1700000,0,user_42,131,,
3222,,170000,0,user_44,131,,
3223,,160000,0,user_44,131,,
3224,,530000,0,user_45,131,,
3225,,77000,12800,user_46,131,,
3226,,1800000,0,user_46,131,,
3209,0,27000000,0,user_34,131,131,
3198,1,19000000,0,user_25,131,131,
3200,2,5200000,0,user_25,131,131,
3210,3,4500000,0,user_35,131,131,
3211,4,3600000,0,user_36,131,131,
3170,5,3200000,67900,user_2,131,131,
3175,6,3200000,0,user_6,131,131,
3206,7,3200000,0,user_31,131,131,
3199,8,2500000,23500,user_25,131,131,
3173,9,2300000,0,user_6,131,131,
3212,10,2300000,0,user_37,131,131,
3171,11,2000000,60700,user_4,131,131,
3174,12,1900000,12800,user_6,131,131,
3226,13,1800000,0,user_46,131,131,
3181,14,1700000,7190000,user_10,131,131,
3221,15,1700000,0,user_42,131,131,
3176,16,1600000,0,user_8,131,131,
3205,17,1600000,0,user_31,131,131,
3188,18,1500000,12300,user_16,131,131,
3215,19,1500000,256000,user_39,131,131,
3169,20,1000000,0,user_1,131,131,
3182,21,1000000,0,user_11,131,131,
3217,22,1000000,0,user_41,131,131,
3219,23,1000000,11200,user_41,131,131,
3220,24,1000000,0,user_41,131,131,
3194,25,970000,0,user_21,131,131,
3201,26,870000,0,user_25,131,131,
3180,27,670000,256000,user_10,131,131,
3172,28,660000,594000,user_5,131,131,
3214,29,630000,161000,user_39,131,131,
3179,30,600000,0,user_10,131,131,
3224,31,530000,0,user_45,131,131,
3183,32,420000,0,user_11,131,131,
3208,33,320000,0,user_34,131,131,
3189,34,260000,71800,user_18,131,131,
3216,35,260000,0,user_40,131,131,
3168,36,240000,60700,user_0,131,131,
3184,37,240000,296000,user_12,131,131,
3185,38,240000,0,user_13,131,131,
3195,39,240000,0,user_23,131,131,
3177,40,220000,0,user_10,131,131,
3207,41,190000,19700,user_31,131,131,
3222,42,170000,0,user_44,131,131,
3192,43,160000,0,user_20,131,131,
3223,44,160000,0,user_44,131,131,
3197,45,150000,64600,user_25,131,131,
3218,46,150000,0,user_41,131,131,
3178,47,120000,0,user_10,131,131,
3202,48,120000,0,user_26,131,131,
3191,49,110000,0,user_20,131,131,
3204,50,98000,0,user_31,131,131,
3203,51,83000,0,user_29,131,131,
3190,52,80000,0,user_20,131,131,
3193,53,77000,0,user_21,131,131,
3225,54,77000,12800,user_46,131,131,
3187,55,70000,0,user_15,131,131,
3353,,1100000,0,user_0,132,,
3354,,310000,0,user_1,132,,
3355,,1000000,0,user_1,132,,
3356,,73000,0,user_3,132,,
3357,,5200000,0,user_3,132,,
3358,,4200000,68100,user_5,132,,
3359,,82000,0,user_5,132,,
3360,,350000,0,user_6,132,,
3361,,2300000,779000,user_6,132,,
3362,,600000,49100,user_7,132,,
3363,,120000,0,user_8,132,,
3364,,310000,0,user_10,132,,
3365,,98000,0,user_11,132,,
3366,,460000,0,user_14,132,,
3367,,2500000,0,user_14,132,,
3368,,120000,5180,user_14,132,,
3369,,220000,0,user_14,132,,
3370,,190000,21800,user_14,132,,
3371,,220000,0,user_16,132,,
3372,,1100000,0,user_17,132,,
3373,,970000,369000,user_18,132,,
3374,,170000,0,user_18,132,,
3375,,2300000,0,user_20,132,,
3376,,120000,0,user_21,132,,
3377,,43000000,0,user_22,132,,
3378,,170000,3130,user_24,132,,
3379,,970000,0,user_25,132,,
3380,,110000,0,user_26,132,,
3381,,150000,0,user_26,132,,
3382,,19000000,0,user_32,132,,
3383,,1200000,0,user_33,132,,
3384,,260000,0,user_33,132,,
3385,,630000,11200,user_34,132,,
3386,,220000,0,user_35,132,,
3387,,1000000,0,user_36,132,,
3388,,1800000,0,user_37,132,,
3389,,1400000,0,user_38,132,,
3390,,220000,0,user_39,132,,
3391,,1100000,4320000,user_40,132,,
3392,,77000,0,user_41,132,,
3393,,1500000,256000,user_43,132,,
3394,,110000,161000,user_45,132,,
3395,,120000,0,user_46,132,,
3396,,4200000,0,user_49,132,,
3397,,110000,0,user_49,132,,
3377,0,43000000,0,user_22,132,132,
3382,1,19000000,0,user_32,132,132,
3357,2,5200000,0,user_3,132,132,
3358,3,4200000,68100,user_5,132,132,
3396,4,4200000,0,user_49,132,132,
3367,5,2500000,0,user_14,132,132,
3361,6,2300000,779000,user_6,132,132,
3375,7,2300000,0,user_20,132,132,
3393,8,1500000,256000,user_43,132,132,
3389,9,1400000,0,user_38,132,132,
3383,10,1200000,0,user_33,132,132,
3353,11,1100000,0,user_0,132,132,
3372,12,1100000,0,user_17,132,132,
3391,13,1100000,4320000,user_40,132,132,
3387,14,1000000,0,user_36,132,132,
3373,15,970000,369000,user_18,132,132,
3379,16,970000,0,user_25,132,132,
3385,17,630000,11200,user_34,132,132,
3362,18,600000,49100,user_7,132,132,
3366,19,460000,0,user_14,132,132,
3360,20,350000,0,user_6,132,132,
3364,21,310000,0,user_10,132,132,
3384,22,260000,0,user_33,132,132,
3369,23,220000,0,user_14,132,132,
3371,24,220000,0,user_16,132,132,
3386,25,220000,0,user_35,132,132,
3370,26,190000,21800,user_14,132,132,
3374,27,170000,0,user_18,132,132,
3378,28,170000,3130,user_24,132,132,
3363,29,120000,0,user_8,132,132,
3368,30,120000,5180,user_14,132,132,
3376,31,120000,0,user_21,132,132,
3395,32,120000,0,user_46,132,132,
3394,33,110000,161000,user_45,132,132,
3397,34,110000,0,user_49,132,132,
3365,35,98000,0,user_11,132,132,
3359,36,82000,0,user_5,132,132,
3392,37,77000,0,user_41,132,132,
3356,38,73000,0,user_3,132,132,
3470,,350000,0,user_0,133,,
3471,,150000,3130,user_1,133,,
3472,,170000,0,user_2,133,,
3473,,27000000,0,user_2,133,,
3474,,27000000,0,user_3,133,,
3475,,120000,0,user_5,133,,
3476,,150000,0,user_7,133,,
3477,,2000000,0,user_8,133,,
3478,,30000000,34700,user_11,133,,
3479,,1500000,181000,user_12,133,,
3480,,420000,56200,user_13,133,,
3481,,1200000,0,user_14,133,,
3482,,1500000,60700,user_15,133,,
3483,,120000,410000,user_16,133,,
3484,,120000,0,user_16,133,,
3485,,340000,0,user_17,133,,
3486,,1500000,0,user_17,133,,
3487,,110000,56200,user_18,133,,
3488,,120000,0,user_19,133,,
3489,,19000000,215000,user_20,133,,
3490,,80000,0,user_20,133,,
3491,,1300000,0,user_20,133,,
3492,,190000,0,user_20,133,,
3493,,600000,0,user_22,133,,
3494,,2100000,0,user_24,133,,
3495,,5200000,0,user_24,133,,
3496,,470000,0,user_25,133,,
3497,,98000,47700,user_26,133,,
3498,,6100000,0,user_26,133,,
3499,,320000,0,user_27,133,,
3500,,3500000,0,user_31,133,,
3501,,98000,4320000,user_31,133,,
3502,,2000000,0,user_32,133,,
3503,,87000,0,user_32,133,,
3504,,120000,0,user_36,133,,
3505,,300000,108000,user_37,133,,
3506,,350000,0,user_37,133,,
3507,,43000000,0,user_38,133,,
3508,,1000000,0,user_39,133,,
3509,,79000,13900,user_40,133,,
3510,,970000,181000,user_40,133,,
3511,,120000,0,user_41,133,,
3512,,260000,0,user_41,133,,
3513,,650000,0,user_42,133,,
3514,,1800000,0,user_44,133,,
3515,,220000,10700,user_46,133,,
3516,,2000000,34700,user_47,133,,
3517,,2300000,0,user_49,133,,
3507,0,43000000,0,user_38,133,133,
3478,1,30000000,34700,user_11,133,133,
3554,2,0,0,builder_3,133,133,3478
3473,3,27000000,0,user_2,133,133,
3474,4,27000000,0,user_3,133,133,
3489,5,19000000,215000,user_20,133,133,
3555,6,0,0,builder_3,133,133,3489
3498,7,6100000,0,user_26,133,133,
3495,8,5200000,0,user_24,133,133,
3556,9,0,0,builder_3,133,133,3501
3501,10,98000,4320000,user_31,133,133,
3500,11,3500000,0,user_31,133,133,
3517,12,2300000,0,user_49,133,133,
3494,13,2100000,0,user_24,133,133,
3557,14,0,0,builder_3,133,133,3516
3516,15,2000000,34700,user_47,133,133,
3502,16,2000000,0,user_32,133,133,
3514,17,1800000,0,user_44,133,133,
3558,18,0,0,builder_3,133,133,3479
3479,19,1500000,181000,user_12,133,133,
3559,20,0,0,builder_3,133,133,3482
3482,21,1500000,60700,user_15,133,133,
3486,22,1500000,0,user_17,133,133,
3491,23,1300000,0,user_20,133,133,
3481,24,1200000,0,user_14,133,133,
3510,25,970000,181000,user_40,133,133,
3560,26,0,0,builder_3,133,133,3510
3508,27,1000000,0,user_39,133,133,
3513,28,650000,0,user_42,133,133,
3493,29,600000,0,user_22,133,133,
3561,30,0,0,builder_3,133,133,3480
3480,31,420000,56200,user_13,133,133,
3562,32,0,0,builder_3,133,133,3505
3505,33,300000,108000,user_37,133,133,
3470,34,350000,0,user_0,133,133,
3506,35,350000,0,user_37,133,133,
3485,36,340000,0,user_17,133,133,
3512,37,260000,0,user_41,133,133,
3515,38,220000,10700,user_46,133,133,
3563,39,0,0,builder_3,133,133,3515
3492,40,190000,0,user_20,133,133,
3472,41,170000,0,user_2,133,133,
3564,42,0,0,builder_3,133,133,3487
3487,43,110000,56200,user_18,133,133,
3476,44,150000,0,user_7,133,133,
3497,45,98000,47700,user_26,133,133,
3565,46,0,0,builder_3,133,133,3497
3475,47,120000,0,user_5,133,133,
3488,48,120000,0,user_19,133,133,
3504,49,120000,0,user_36,133,133,
3511,50,120000,0,user_41,133,133,
3566,51,0,0,builder_3,133,133,3509
3509,52,79000,13900,user_40,133,133,
3503,53,87000,0,user_32,133,133,
3490,54,80000,0,user_20,133,133,
3621,,220000,0,user_0,134,,
3622,,84000,0,user_2,134,,
3623,,98000,0,user_3,134,,
3624,,120000,0,user_4,134,,
3625,,43000000,21800,user_5,134,,
3626,,1500000,296000,user_7,134,,
3627,,1400000,0,user_8,134,,
3628,,84000,0,user_8,134,,
3629,,1000000,64600,user_9,134,,
3630,,350000,0,user_10,134,,
3631,,4200000,0,user_10,134,,
3632,,670000,0,user_11,134,,
3633,,5000000,0,user_11,134,,
3634,,240000,21800,user_13,134,,
3635,,98000,0,user_14,134,,
3636,,77000,410000,user_15,134,,
3637,,82000,0,user_16,134,,
3638,,150000,410000,user_17,134,,
3639,,310000,0,user_18,134,,
3640,,110000,0,user_18,134,,
3641,,160000,13900,user_19,134,,
3642,,670000,0,user_19,134,,
3643,,6100000,0,user_20,134,,
3644,,670000,42000,user_21,134,,
3645,,3600000,0,user_21,134,,
3646,,320000,0,user_23,134,,
3647,,310000,8520,user_24,134,,
3648,,3200000,0,user_25,134,,
3649,,110000,161000,user_26,134,,
3650,,6100000,0,user_26,134,,
3651,,170000,0,user_26,134,,
3652,,85000,0,user_27,134,,
3653,,2400000,0,user_28,134,,
3654,,1000000,0,user_29,134,,
3655,,1000000,0,user_31,134,,
3656,,170000,0,user_32,134,,
3657,,110000,0,user_34,134,,
3658,,460000,0,user_36,134,,
3659,,4500000,0,user_36,134,,
3660,,1400000,283000,user_42,134,,
3661,,79000,10700,user_46,134,,
3662,,6100000,0,user_48,134,,
3625,0,43000000,21800,user_5,134,134,
3733,1,0,0,builder_8,134,134,3625
3643,2,6100000,0,user_20,134,134,
3650,3,6100000,0,user_26,134,134,
3662,4,6100000,0,user_48,134,134,
3633,5,5000000,0,user_11,134,134,
3659,6,4500000,0,user_36,134,134,
3631,7,4200000,0,user_10,134,134,
3645,8,3600000,0,user_21,134,134,
3648,9,3200000,0,user_25,134,134,
3653,10,2400000,0,user_28,134,134,
3734,11,0,0,builder_8,134,134,3626
3626,12,1500000,296000,user_7,134,134,
3735,13,0,0,builder_8,134,134,3660
3660,14,1400000,283000,user_42,134,134,
3736,15,0,0,builder_8,134,134,3629
3629,16,1000000,64600,user_9,134,134,
3654,17,1000000,0,user_29,134,134,
3644,18,670000,42000,user_21,134,134,
3737,19,0,0,builder_8,134,134,3644
3632,20,670000,0,user_11,134,134,
3642,21,670000,0,user_19,134,134,
3738,22,0,0,builder_8,134,134,3636
3636,23,77000,410000,user_15,134,134,
3658,24,460000,0,user_36,134,134,
3630,25,350000,0,user_10,134,134,
3646,26,320000,0,user_23,134,134,
3639,27,310000,0,user_18,134,134,
3739,28,0,0,builder_8,134,134,3649
3649,29,110000,161000,user_26,134,134,
3634,30,240000,21800,user_13,134,134,
3740,31,0,0,builder_8,134,134,3634
3621,32,220000,0,user_0,134,134,
3741,33,0,0,builder_8,134,134,3641
3641,34,160000,13900,user_19,134,134,
3651,35,170000,0,user_26,134,134,
3656,36,170000,0,user_32,134,134,
3624,37,120000,0,user_4,134,134,
3640,38,110000,0,user_18,134,134,
3623,39,98000,0,user_3,134,134,
3635,40,98000,0,user_14,134,134,
3742,41,0,0,builder_8,134,134,3661
3661,42,79000,10700,user_46,134,134,
3652,43,85000,0,user_27,134,134,
3622,44,84000,0,user_2,134,134,
3637,45,82000,0,user_16,134,134,
3743,,1100000,0,user_0,135,,
3744,,130000,0,user_0,135,,
3745,,220000,17000,user_4,135,,
3746,,170000,0,user_7,135,,
3747,,82000,0,user_7,135,,
3748,,160000,0,user_9,135,,
3749,,84000,0,user_10,135,,
3750,,4500000,0,user_10,135,,
3751,,460000,0,user_11,135,,
3752,,460000,21800,user_14,135,,
3753,,350000,13900,user_15,135,,
3754,,870000,0,user_16,135,,
3755,,1100000,13800,user_17,135,,
3756,,1600000,0,user_18,135,,
3757,,1700000,0,user_19,135,,
3758,,19000000,0,user_20,135,,
3759,,110000,0,user_22,135,,
3760,,80000,0,user_24,135,,
3761,,80000,0,user_25,135,,
3762,,1400000,0,user_26,135,,
3763,,350000,0,user_26,135,,
3764,,2000000,0,user_26,135,,
3765,,2000000,43600,user_26,135,,
3766,,3500000,0,user_26,135,,
3767,,4500000,0,user_27,135,,
3768,,1400000,0,user_28,135,,
3769,,910000,0,user_28,135,,
3770,,240000,0,user_29,135,,
3771,,2000000,5630,user_29,135,,
3772,,1500000,0,user_31,135,,
3773,,98000,0,user_32,135,,
3774,,160000,231000,user_33,135,,
3775,,1700000,0,user_35,135,,
3776,,470000,0,user_36,135,,
3777,,460000,0,user_38,135,,
3778,,300000,0,user_39,135,,
3779,,160000,0,user_41,135,,
3780,,470000,16400,user_41,135,,
3781,,220000,0,user_42,135,,
3782,,87000,0,user_43,135,,
3783,,170000,0,user_46,135,,
3784,,170000,0,user_47,135,,
3758,0,19000000,0,user_20,135,135,
3750,1,4500000,0,user_10,135,135,
3767,2,4500000,0,user_27,135,135,
3766,3,3500000,0,user_26,135,135,
3785,4,0,0,builder_0,135,135,3765
3765,5,2000000,43600,user_26,135,135,
3771,6,2000000,5630,user_29,135,135,
3786,7,0,0,builder_0,135,135,3771
3764,8,2000000,0,user_26,135,135,
3757,9,1700000,0,user_19,135,135,
3775,10,1700000,0,user_35,135,135,
3756,11,1600000,0,user_18,135,135,
3772,12,1500000,0,user_31,135,135,
3762,13,1400000,0,user_26,135,135,
3768,14,1400000,0,user_28,135,135,
3787,15,0,0,builder_0,135,135,3755
3755,16,1100000,13800,user_17,135,135,
3743,17,1100000,0,user_0,135,135,
3769,18,910000,0,user_28,135,135,
3754,19,870000,0,user_16,135,135,
3788,20,0,0,builder_0,135,135,3780
3780,21,470000,16400,user_41,135,135,
3789,22,0,0,builder_0,135,135,3752
3752,23,460000,21800,user_14,135,135,
3776,24,470000,0,user_36,135,135,
3751,25,460000,0,user_11,135,135,
3777,26,460000,0,user_38,135,135,
3774,27,160000,231000,user_33,135,135,
3790,28,0,0,builder_0,135,135,3774
3763,29,350000,0,user_26,135,135,
3770,30,240000,0,user_29,135,135,
3781,31,220000,0,user_42,135,135,
3746,32,170000,0,user_7,135,135,
3783,33,170000,0,user_46,135,135,
3784,34,170000,0,user_47,135,135,
3748,35,160000,0,user_9,135,135,
3779,36,160000,0,user_41,135,135,
3744,37,130000,0,user_0,135,135,
3759,38,110000,0,user_22,135,135,
3773,39,98000,0,user_32,135,135,
3782,40,87000,0,user_43,135,135,
3749,41,84000,0,user_10,135,135,
3747,42,82000,0,user_7,135,135,
3761,43,80000,0,user_25,135,135,
3840,,2100000,0,user_1,136,,
3841,,970000,0,user_3,136,,
3842,,27000000,17000,user_3,136,,
3843,,98000,0,user_5,136,,
3844,,4500000,0,user_7,136,,
3845,,160000,0,user_8,136,,
3846,,6300000,0,user_8,136,,
3847,,2000000,0,user_8,136,,
3848,,1800000,0,user_9,136,,
3849,,660000,0,user_9,136,,
3850,,1600000,0,user_9,136,,
3851,,910000,0,user_9,136,,
3852,,2600000,0,user_12,136,,
3853,,310000,0,user_12,136,,
3854,,260000,0,user_12,136,,
3855,,150000,0,user_12,136,,
3856,,1400000,16400,user_13,136,,
3857,,1600000,769000,user_14,136,,
3858,,650000,0,user_14,136,,
3859,,2500000,12800,user_14,136,,
3860,,220000,0,user_14,136,,
3861,,1800000,0,user_15,136,,
3862,,1500000,0,user_16,136,,
3863,,27000000,0,user_17,136,,
3864,,1300000,18600,user_19,136,,
3865,,5000000,0,user_19,136,,
3866,,660000,0,user_21,136,,
3867,,120000,0,user_22,136,,
3868,,170000,0,user_22,136,,
3869,,87000,0,user_25,136,,
3870,,1000000,0,user_26,136,,
3871,,43000000,0,user_26,136,,
3872,,1000000,17000,user_26,136,,
3873,,530000,0,user_26,136,,
3874,,87000,0,user_26,136,,
3875,,3600000,0,user_28,136,,
3876,,77000,0,user_28,136,,
3877,,320000,959000,user_30,136,,
3878,,310000,0,user_32,136,,
3879,,220000,64600,user_33,136,,
3880,,310000,0,user_34,136,,
3881,,2300000,0,user_34,136,,
3882,,87000,15700,user_35,136,,
3883,,1600000,0,user_36,136,,
3884,,2000000,0,user_37,136,,
3885,,360000,0,user_38,136,,
3886,,150000,0,user_39,136,,
3887,,120000,0,user_40,136,,
3888,,2000000,0,user_44,136,,
3889,,660000,0,user_45,136,,
3890,,240000,0,user_46,136,,
3891,,320000,0,user_47,136,,
3892,,6100000,0,user_48,136,,
3893,,27000000,0,user_49,136,,
3871,0,43000000,0,user_26,136,136,
3842,1,27000000,17000,user_3,136,136,
3863,2,27000000,0,user_17,136,136,
3893,3,27000000,0,user_49,136,136,
3846,4,6300000,0,user_8,136,136,
3892,5,6100000,0,user_48,136,136,
3865,6,5000000,0,user_19,136,136,
3844,7,4500000,0,user_7,136,136,
3875,8,3600000,0,user_28,136,136,
3852,9,2600000,0,user_12,136,136,
3859,10,2500000,12800,user_14,136,136,
3881,11,2300000,0,user_34,136,136,
3840,12,2100000,0,user_1,136,136,
3847,13,2000000,0,user_8,136,136,
3884,14,2000000,0,user_37,136,136,
3888,15,2000000,0,user_44,136,136,
3848,16,1800000,0,user_9,136,136,
3861,17,1800000,0,user_15,136,136,
3850,18,1600000,0,user_9,136,136,
3857,19,1600000,769000,user_14,136,136,
3883,20,1600000,0,user_36,136,136,
3856,21,1400000,16400,user_13,136,136,
3864,22,1300000,18600,user_19,136,136,
3870,23,1000000,0,user_26,136,136,
3872,24,1000000,17000,user_26,136,136,
3841,25,970000,0,user_3,136,136,
3851,26,910000,0,user_9,136,136,
3849,27,660000,0,user_9,136,136,
3866,28,660000,0,user_21,136,136,
3858,29,650000,0,user_14,136,136,
3873,30,530000,0,user_26,136,136,
3885,31,360000,0,user_38,136,136,
3877,32,320000,959000,user_30,136,136,
3891,33,320000,0,user_47,136,136,
3853,34,310000,0,user_12,136,136,
3880,35,310000,0,user_34,136,136,
3854,36,260000,0,user_12,136,136,
3860,37,220000,0,user_14,136,136,
3879,38,220000,64600,user_33,136,136,
3868,39,170000,0,user_22,136,136,
3845,40,160000,0,user_8,136,136,
3855,41,150000,0,user_12,136,136,
3886,42,150000,0,user_39,136,136,
3867,43,120000,0,user_22,136,136,
3887,44,120000,0,user_40,136,136,
3843,45,98000,0,user_5,136,136,
3869,46,87000,0,user_25,136,136,
3874,47,87000,0,user_26,136,136,
3876,48,77000,0,user_28,136,136,
3956,,220000,21800,user_1,137,,
3957,,1300000,322000,user_3,137,,
3958,,870000,0,user_4,137,,
3959,,87000,68100,user_5,137,,
3960,,1300000,0,user_9,137,,
3961,,110000,0,user_9,137,,
3962,,1500000,0,user_10,137,,
3963,,1400000,0,user_11,137,,
3964,,3200000,0,user_11,137,,
3965,,100000,0,user_12,137,,
3966,,190000,0,user_12,137,,
3967,,160000,0,user_12,137,,
3968,,120000,0,user_13,137,,
3969,,420000,0,user_13,137,,
3970,,2500000,215000,user_13,137,,
3971,,6100000,0,user_13,137,,
3972,,370000,381000,user_14,137,,
3973,,1000000,0,user_16,137,,
3974,,2500000,0,user_16,137,,
3975,,2000000,0,user_16,137,,
3976,,870000,0,user_17,137,,
3977,,1300000,0,user_19,137,,
3978,,1500000,0,user_20,137,,
3979,,2300000,0,user_21,137,,
3980,,220000,0,user_22,137,,
3981,,110000,0,user_23,137,,
3982,,79000,0,user_23,137,,
3983,,77000,0,user_24,137,,
3984,,1400000,0,user_25,137,,
3985,,120000,0,user_26,137,,
3986,,460000,0,user_26,137,,
3987,,100000,195000,user_29,137,,
3988,,910000,0,user_30,137,,
3989,,1200000,410000,user_31,137,,
3990,,530000,35600,user_32,137,,
3991,,220000,0,user_32,137,,
3992,,630000,0,user_33,137,,
3993,,150000,128000,user_34,137,,
3994,,1900000,0,user_35,137,,
3995,,2400000,0,user_37,137,,
3996,,310000,0,user_38,137,,
3997,,6100000,33300,user_40,137,,
3998,,73000,0,user_41,137,,
3999,,6300000,0,user_41,137,,
4000,,85000,49100,user_43,137,,
4001,,19000000,0,user_44,137,,
4002,,120000,0,user_45,137,,
4003,,1300000,0,user_47,137,,
4004,,600000,0,user_47,137,,
4005,,110000,0,user_48,137,,
4006,,2500000,0,user_49,137,,
4001,0,19000000,0,user_44,137,137,
3999,1,6300000,0,user_41,137,137,
3997,2,6100000,33300,user_40,137,137,
4007,3,0,0,builder_0,137,137,3997
3971,4,6100000,0,user_13,137,137,
3964,5,3200000,0,user_11,137,137,
3970,6,2500000,215000,user_13,137,137,
4008,7,0,0,builder_0,137,137,3970
3974,8,2500000,0,user_16,137,137,
4006,9,2500000,0,user_49,137,137,
3995,10,2400000,0,user_37,137,137,
3979,11,2300000,0,user_21,137,137,
3975,12,2000000,0,user_16,137,137,
3994,13,1900000,0,user_35,137,137,
4009,14,0,0,builder_0,137,137,3957
3957,15,1300000,322000,user_3,137,137,
3989,16,1200000,410000,user_31,137,137,
4010,17,0,0,builder_0,137,137,3989
3962,18,1500000,0,user_10,137,137,
3978,19,1500000,0,user_20,137,137,
3963,20,1400000,0,user_11,137,137,
3984,21,1400000,0,user_25,137,137,
3960,22,1300000,0,user_9,137,137,
3977,23,1300000,0,user_19,137,137,
4003,24,1300000,0,user_47,137,137,
3973,25,1000000,0,user_16,137,137,
3988,26,910000,0,user_30,137,137,
3976,27,870000,0,user_17,137,137,
3972,28,370000,381000,user_14,137,137,
4011,29,0,0,builder_0,137,137,3972
3992,30,630000,0,user_33,137,137,
4004,31,600000,0,user_47,137,137,
4012,32,0,0,builder_0,137,137,3990
3990,33,530000,35600,user_32,137,137,
3986,34,460000,0,user_26,137,137,
3969,35,420000,0,user_13,137,137,
3996,36,310000,0,user_38,137,137,
4013,37,0,0,builder_0,137,137,3987
3987,38,100000,195000,user_29,137,137,
4014,39,0,0,builder_0,137,137,3956
3956,40,220000,21800,user_1,137,137,
3980,41,220000,0,user_22,137,137,
3991,42,220000,0,user_32,137,137,
4015,43,0,0,builder_0,137,137,4000
4000,44,85000,49100,user_43,137,137,
3968,45,120000,0,user_13,137,137,
3985,46,120000,0,user_26,137,137,
3961,47,110000,0,user_9,137,137,
3981,48,110000,0,user_23,137,137,
4005,49,110000,0,user_48,137,137,
3982,50,79000,0,user_23,137,137,
3998,51,73000,0,user_41,137,137,
4083,,43000000,0,user_1,138,,
4084,,170000,0,user_1,138,,
4085,,160000,0,user_2,138,,
4086,,110000,0,user_3,138,,
4087,,370000,215000,user_4,138,,
4088,,190000,0,user_6,138,,
4089,,220000,0,user_7,138,,
4090,,1500000,0,user_7,138,,
4091,,1100000,0,user_7,138,,
4092,,73000,0,user_7,138,,
4093,,190000,108000,user_7,138,,
4094,,320000,0,user_8,138,,
4095,,87000,0,user_8,138,,
4096,,650000,0,user_8,138,,
4097,,2500000,8520,user_9,138,,
4098,,120000,15100,user_10,138,,
4099,,160000,0,user_10,138,,
4100,,1600000,0,user_11,138,,
4101,,150000,0,user_12,138,,
4102,,1100000,0,user_14,138,,
4103,,1600000,0,user_14,138,,
4104,,4200000,108000,user_16,138,,
4105,,2400000,0,user_17,138,,
4106,,4200000,0,user_19,138,,
4107,,170000,0,user_21,138,,
4108,,5000000,128000,user_22,138,,
4109,,6300000,0,user_24,138,,
4110,,460000,0,user_24,138,,
4111,,5200000,0,user_25,138,,
4112,,2500000,0,user_27,138,,
4113,,100000,0,user_28,138,,
4114,,910000,0,user_29,138,,
4115,,300000,0,user_30,138,,
4116,,1000000,0,user_30,138,,
4117,,1800000,0,user_30,138,,
4118,,150000,0,user_30,138,,
4119,,170000,0,user_32,138,,
4120,,1500000,4320000,user_33,138,,
4121,,2600000,0,user_35,138,,
4122,,360000,0,user_36,138,,
4123,,120000,0,user_36,138,,
4124,,150000,0,user_36,138,,
4125,,340000,0,user_37,138,,
4126,,1100000,0,user_39,138,,
4127,,370000,0,user_40,138,,
4128,,660000,11200,user_40,138,,
4129,,27000000,0,user_40,138,,
4130,,2500000,0,user_40,138,,
4131,,3200000,381000,user_42,138,,
4132,,5000000,0,user_43,138,,
4133,,660000,0,user_43,138,,
4134,,1000000,0,user_44,138,,
4135,,43000000,0,user_45,138,,
4136,,420000,0,user_47,138,,
4137,,2400000,510000,user_48,138,,
4138,,79000,18600,user_49,138,,
4083,0,43000000,0,user_1,138,138,
4135,1,43000000,0,user_45,138,138,
4129,2,27000000,0,user_40,138,138,
4109,3,6300000,0,user_24,138,138,
4120,4,1500000,4320000,user_33,138,138,
4174,5,0,0,builder_4,138,138,4120
4111,6,5200000,0,user_25,138,138,
4108,7,5000000,128000,user_22,138,138,
4175,8,0,0,builder_4,138,138,4108
4132,9,5000000,0,user_43,138,138,
4176,10,0,0,builder_4,138,138,4104
4104,11,4200000,108000,user_16,138,138,
4106,12,4200000,0,user_19,138,138,
4131,13,3200000,381000,user_42,138,138,
4177,14,0,0,builder_4,138,138,4131
4178,15,0,0,builder_4,138,138,4137
4137,16,2400000,510000,user_48,138,138,
4121,17,2600000,0,user_35,138,138,
4097,18,2500000,8520,user_9,138,138,
4179,19,0,0,builder_4,138,138,4097
4112,20,2500000,0,user_27,138,138,
4130,21,2500000,0,user_40,138,138,
4105,22,2400000,0,user_17,138,138,
4117,23,1800000,0,user_30,138,138,
4100,24,1600000,0,user_11,138,138,
4103,25,1600000,0,user_14,138,138,
4102,26,1100000,0,user_14,138,138,
4116,27,1000000,0,user_30,138,138,
4134,28,1000000,0,user_44,138,138,
4114,29,910000,0,user_29,138,138,
4128,30,660000,11200,user_40,138,138,
4180,31,0,0,builder_4,138,138,4128
4133,32,660000,0,user_43,138,138,
4096,33,650000,0,user_8,138,138,
4181,34,0,0,builder_4,138,138,4087
4087,35,370000,215000,user_4,138,138,
4110,36,460000,0,user_24,138,138,
4127,37,370000,0,user_40,138,138,
4122,38,360000,0,user_36,138,138,
4125,39,340000,0,user_37,138,138,
4094,40,320000,0,user_8,138,138,
4115,41,300000,0,user_30,138,138,
4088,42,190000,0,user_6,138,138,
4084,43,170000,0,user_1,138,138,
4107,44,170000,0,user_21,138,138,
4119,45,170000,0,user_32,138,138,
4085,46,160000,0,user_2,138,138,
4099,47,160000,0,user_10,138,138,
4101,48,150000,0,user_12,138,138,
4118,49,150000,0,user_30,138,138,
4124,50,150000,0,user_36,138,138,
4182,51,0,0,builder_4,138,138,4098
4098,52,120000,15100,user_10,138,138,
4123,53,120000,0,user_36,138,138,
4086,54,110000,0,user_3,138,138,
4113,55,100000,0,user_28,138,138,
4183,56,0,0,builder_4,138,138,4138
4138,57,79000,18600,user_49,138,138,
4095,58,87000,0,user_8,138,138,
4220,,1100000,0,user_3,139,,
4221,,260000,0,user_4,139,,
4222,,220000,959000,user_6,139,,
4223,,360000,0,user_6,139,,
4224,,5000000,0,user_8,139,,
4225,,1900000,0,user_8,139,,
4226,,87000,0,user_9,139,,
4227,,110000,0,user_10,139,,
4228,,77000,0,user_10,139,,
4229,,6100000,381000,user_11,139,,
4230,,310000,0,user_13,139,,
4231,,2300000,0,user_13,139,,
4232,,660000,0,user_14,139,,
4233,,170000,0,user_16,139,,
4234,,70000,30200,user_17,139,,
4235,,5000000,0,user_17,139,,
4236,,2000000,0,user_18,139,,
4237,,190000,0,user_19,139,,
4238,,2400000,0,user_21,139,,
4239,,27000000,0,user_22,139,,
4240,,300000,0,user_23,139,,
4241,,260000,0,user_26,139,,
4242,,4500000,0,user_28,139,,
4243,,310000,0,user_29,139,,
4244,,420000,164000,user_30,139,,
4245,,970000,0,user_30,139,,
4246,,5000000,0,user_30,139,,
4247,,530000,0,user_30,139,,
4248,,340000,155000,user_30,139,,
4249,,1900000,0,user_32,139,,
4250,,260000,0,user_32,139,,
4251,,5000000,24700,user_32,139,,
4252,,970000,0,user_32,139,,
4253,,3200000,100000,user_32,139,,
4254,,1500000,0,user_33,139,,
4255,,2000000,0,user_33,139,,
4256,,1500000,0,user_34,139,,
4257,,670000,0,user_35,139,,
4258,,220000,0,user_35,139,,
4259,,2600000,0,user_36,139,,
4260,,910000,0,user_37,139,,
4261,,82000,0,user_38,139,,
4262,,220000,769000,user_38,139,,
4263,,360000,0,user_39,139,,
4264,,600000,0,user_39,139,,
4265,,370000,0,user_41,139,,
4266,,3200000,13900,user_41,139,,
4267,,160000,0,user_41,139,,
4268,,160000,0,user_42,139,,
4269,,160000,0,user_42,139,,
4270,,1400000,35600,user_43,139,,
4271,,160000,0,user_44,139,,
4272,,460000,0,user_45,139,,
4273,,73000,0,user_46,139,,
4274,,160000,0,user_46,139,,
4275,,170000,3130,user_47,139,,
4276,,170000,16400,user_48,139,,
4277,,310000,231000,user_48,139,,
4278,,260000,0,user_48,139,,
4279,,670000,0,user_48,139,,
4280,,83000,0,user_48,139,,
4281,,2600000,0,user_49,139,,
4239,0,27000000,0,user_22,139,139,
4327,1,0,0,builder_4,139,139,4229
4229,2,6100000,381000,user_11,139,139,
4251,3,5000000,24700,user_32,139,139,
4328,4,0,0,builder_4,139,139,4251
4224,5,5000000,0,user_8,139,139,
4235,6,5000000,0,user_17,139,139,
4246,7,5000000,0,user_30,139,139,
4242,8,4500000,0,user_28,139,139,
4329,9,0,0,builder_4,139,139,4253
4253,10,3200000,100000,user_32,139,139,
4266,11,3200000,13900,user_41,139,139,
4330,12,0,0,builder_4,139,139,4266
4259,13,2600000,0,user_36,139,139,
4281,14,2600000,0,user_49,139,139,
4238,15,2400000,0,user_21,139,139,
4231,16,2300000,0,user_13,139,139,
4236,17,2000000,0,user_18,139,139,
4255,18,2000000,0,user_33,139,139,
4225,19,1900000,0,user_8,139,139,
4249,20,1900000,0,user_32,139,139,
4254,21,1500000,0,user_33,139,139,
4256,22,1500000,0,user_34,139,139,
4270,23,1400000,35600,user_43,139,139,
4331,24,0,0,builder_4,139,139,4270
4222,25,220000,959000,user_6,139,139,
4332,26,0,0,builder_4,139,139,4222
4220,27,1100000,0,user_3,139,139,
4333,28,0,0,builder_4,139,139,4262
4262,29,220000,769000,user_38,139,139,
4245,30,970000,0,user_30,139,139,
4252,31,970000,0,user_32,139,139,
4260,32,910000,0,user_37,139,139,
4257,33,670000,0,user_35,139,139,
4279,34,670000,0,user_48,139,139,
4232,35,660000,0,user_14,139,139,
4244,36,420000,164000,user_30,139,139,
4334,37,0,0,builder_4,139,139,4244
4277,38,310000,231000,user_48,139,139,
4335,39,0,0,builder_4,139,139,4277
4247,40,530000,0,user_30,139,139,
4336,41,0,0,builder_4,139,139,4248
4248,42,340000,155000,user_30,139,139,
4272,43,460000,0,user_45,139,139,
4265,44,370000,0,user_41,139,139,
4223,45,360000,0,user_6,139,139,
4230,46,310000,0,user_13,139,139,
4243,47,310000,0,user_29,139,139,
4240,48,300000,0,user_23,139,139,
4221,49,260000,0,user_4,139,139,
4241,50,260000,0,user_26,139,139,
4250,51,260000,0,user_32,139,139,
4278,52,260000,0,user_48,139,139,
4258,53,220000,0,user_35,139,139,
4237,54,190000,0,user_19,139,139,
4276,55,170000,16400,user_48,139,139,
4337,56,0,0,builder_4,139,139,4276
4233,57,170000,0,user_16,139,139,
4267,58,160000,0,user_41,139,139,
4268,59,160000,0,user_42,139,139,
4269,60,160000,0,user_42,139,139,
4271,61,160000,0,user_44,139,139,
4274,62,160000,0,user_46,139,139,
4227,63,110000,0,user_10,139,139,
4338,64,0,0,builder_4,139,139,4234
4234,65,70000,30200,user_17,139,139,
4226,66,87000,0,user_9,139,139,
4280,67,83000,0,user_48,139,139,
4261,68,82000,0,user_38,139,139,
4228,69,77000,0,user_10,139,139,
4273,70,73000,0,user_46,139,139,
4372,,98000,0,user_0,140,,
4373,,70000,0,user_0,140,,
4374,,110000,15100,user_0,140,,
4375,,1000000,17000,user_1,140,,
4376,,110000,0,user_2,140,,
4377,,170000,0,user_2,140,,
4378,,6300000,14200,user_2,140,,
4379,,160000,283000,user_2,140,,
4380,,1600000,0,user_2,140,,
4381,,150000,0,user_3,140,,
4382,,84000,0,user_3,140,,
4383,,360000,0,user_4,140,,
4384,,1000000,13900,user_6,140,,
4385,,3200000,0,user_7,140,,
4386,,260000,0,user_9,140,,
4387,,84000,0,user_10,140,,
4388,,110000,0,user_11,140,,
4389,,1000000,7190000,user_11,140,,
4390,,120000,164000,user_12,140,,
4391,,27000000,0,user_12,140,,
4392,,160000,0,user_13,140,,
4393,,120000,0,user_13,140,,
4394,,85000,0,user_14,140,,
4395,,220000,0,user_14,140,,
4396,,2500000,14200,user_14,140,,
4397,,220000,0,user_14,140,,
4398,,98000,0,user_16,140,,
4399,,110000,0,user_19,140,,
4400,,1000000,0,user_20,140,,
4401,,1900000,0,user_21,140,,
4402,,1100000,0,user_22,140,,
4403,,43000000,0,user_22,140,,
4404,,1000000,0,user_22,140,,
4405,,150000,0,user_22,140,,
4406,,190000,0,user_22,140,,
4407,,350000,0,user_25,140,,
4408,,220000,0,user_26,140,,
4409,,100000,0,user_27,140,,
4410,,2000000,0,user_29,140,,
4411,,82000,5640,user_30,140,,
4412,,220000,0,user_31,140,,
4413,,120000,0,user_32,140,,
4414,,170000,0,user_32,140,,
4415,,43000000,0,user_33,140,,
4416,,27000000,1100000,user_33,140,,
4417,,220000,0,user_33,140,,
4418,,1400000,195000,user_34,140,,
4419,,1800000,0,user_35,140,,
4420,,340000,0,user_36,140,,
4421,,240000,0,user_36,140,,
4422,,80000,0,user_36,140,,
4423,,100000,0,user_36,140,,
4424,,79000,0,user_37,140,,
4425,,160000,0,user_38,140,,
4426,,470000,13800,user_38,140,,
4427,,300000,0,user_39,140,,
4428,,100000,0,user_40,140,,
4429,,260000,0,user_41,140,,
4430,,460000,0,user_42,140,,
4431,,220000,181000,user_43,140,,
4432,,1400000,0,user_44,140,,
4433,,150000,30200,user_45,140,,
4434,,87000,0,user_47,140,,
4435,,120000,0,user_47,140,,
4436,,150000,0,user_47,140,,
4437,,310000,0,user_47,140,,
4438,,970000,285000,user_47,140,,
4439,,100000,0,user_49,140,,
4403,0,43000000,0,user_22,140,140,
4415,1,43000000,0,user_33,140,140,
4391,2,27000000,0,user_12,140,140,
4416,3,27000000,1100000,user_33,140,140,
4378,4,6300000,14200,user_2,140,140,
4385,5,3200000,0,user_7,140,140,
4396,6,2500000,14200,user_14,140,140,
4410,7,2000000,0,user_29,140,140,
4401,8,1900000,0,user_21,140,140,
4419,9,1800000,0,user_35,140,140,
4380,10,1600000,0,user_2,140,140,
4418,11,1400000,195000,user_34,140,140,
4432,12,1400000,0,user_44,140,140,
4402,13,1100000,0,user_22,140,140,
4375,14,1000000,17000,user_1,140,140,
4384,15,1000000,13900,user_6,140,140,
4389,16,1000000,7190000,user_11,140,140,
4400,17,1000000,0,user_20,140,140,
4404,18,1000000,0,user_22,140,140,
4438,19,970000,285000,user_47,140,140,
4430,20,460000,0,user_42,140,140,
4383,21,360000,0,user_4,140,140,
4407,22,350000,0,user_25,140,140,
4437,23,310000,0,user_47,140,140,
4427,24,300000,0,user_39,140,140,
4429,25,260000,0,user_41,140,140,
4395,26,220000,0,user_14,140,140,
4397,27,220000,0,user_14,140,140,
4408,28,220000,0,user_26,140,140,
4412,29,220000,0,user_31,140,140,
4417,30,220000,0,user_33,140,140,
4431,31,220000,181000,user_43,140,140,
4406,32,190000,0,user_22,140,140,
4377,33,170000,0,user_2,140,140,
4414,34,170000,0,user_32,140,140,
4379,35,160000,283000,user_2,140,140,
4392,36,160000,0,user_13,140,140,
4381,37,150000,0,user_3,140,140,
4405,38,150000,0,user_22,140,140,
4433,39,150000,30200,user_45,140,140,
4436,40,150000,0,user_47,140,140,
4390,41,120000,164000,user_12,140,140,
4393,42,120000,0,user_13,140,140,
4413,43,120000,0,user_32,140,140,
4435,44,120000,0,user_47,140,140,
4374,45,110000,15100,user_0,140,140,
4376,46,110000,0,user_2,140,140,
4388,47,110000,0,user_11,140,140,
4399,48,110000,0,user_19,140,140,
4428,49,100000,0,user_40,140,140,
4439,50,100000,0,user_49,140,140,
4372,51,98000,0,user_0,140,140,
4398,52,98000,0,user_16,140,140,
4434,53,87000,0,user_47,140,140,
4394,54,85000,0,user_14,140,140,
4382,55,84000,0,user_3,140,140,
4411,56,82000,5640,user_30,140,140,
4424,57,79000,0,user_37,140,140,
4373,58,70000,0,user_0,140,140,
4542,,1100000,0,user_1,141,,
4543,,77000,0,user_3,141,,
4544,,1300000,0,user_5,141,,
4545,,83000,0,user_6,141,,
4546,,3600000,73100,user_7,141,,
4547,,2500000,0,user_7,141,,
4548,,120000,0,user_8,141,,
4549,,1000000,769000,user_8,141,,
4550,,460000,0,user_9,141,,
4551,,98000,0,user_9,141,,
4552,,360000,0,user_9,141,,
4553,,19000000,0,user_9,141,,
4554,,260000,0,user_11,141,,
4555,,220000,510000,user_11,141,,
4556,,220000,47700,user_11,141,,
4557,,670000,0,user_11,141,,
4558,,910000,0,user_11,141,,
4559,,260000,34700,user_15,141,,
4560,,660000,164000,user_16,141,,
4561,,83000,296000,user_17,141,,
4562,,260000,0,user_18,141,,
4563,,530000,0,user_20,141,,
4564,,320000,0,user_20,141,,
4565,,650000,0,user_21,141,,
4566,,3500000,0,user_21,141,,
4567,,670000,0,user_22,141,,
4568,,4200000,12800,user_23,141,,
4569,,160000,0,user_24,141,,
4570,,120000,350000,user_25,141,,
4571,,310000,0,user_26,141,,
4572,,84000,8520,user_27,141,,
4573,,79000,0,user_28,141,,
4574,,2400000,11200,user_30,141,,
4575,,6300000,0,user_31,141,,
4576,,300000,0,user_31,141,,
4577,,80000,0,user_33,141,,
4578,,3500000,0,user_33,141,,
4579,,1600000,0,user_34,141,,
4580,,360000,0,user_35,141,,
4581,,350000,0,user_37,141,,
4582,,160000,15300,user_38,141,,
4583,,170000,0,user_38,141,,
4584,,160000,0,user_40,141,,
4585,,43000000,0,user_41,141,,
4586,,1000000,0,user_42,141,,
4587,,170000,545000,user_42,141,,
4588,,350000,0,user_44,141,,
4589,,2000000,0,user_45,141,,
4590,,660000,0,user_47,141,,
4591,,98000,0,user_48,141,,
4592,,3200000,0,user_48,141,,
4593,,19000000,0,user_48,141,,
4585,0,43000000,0,user_41,141,141,
4553,1,19000000,0,user_9,141,141,
4593,2,19000000,0,user_48,141,141,
4575,3,6300000,0,user_31,141,141,
4568,4,4200000,12800,user_23,141,141,
4546,5,3600000,73100,user_7,141,141,
4566,6,3500000,0,user_21,141,141,
4578,7,3500000,0,user_33,141,141,
4592,8,3200000,0,user_48,141,141,
4547,9,2500000,0,user_7,141,141,
4574,10,2400000,11200,user_30,141,141,
4589,11,2000000,0,user_45,141,141,
4579,12,1600000,0,user_34,141,141,
4544,13,1300000,0,user_5,141,141,
4549,14,1000000,769000,user_8,141,141,
4586,15,1000000,0,user_42,141,141,
4558,16,910000,0,user_11,141,141,
4557,17,670000,0,user_11,141,141,
4567,18,670000,0,user_22,141,141,
4560,19,660000,164000,user_16,141,141,
4590,20,660000,0,user_47,141,141,
4565,21,650000,0,user_21,141,141,
4563,22,530000,0,user_20,141,141,
4550,23,460000,0,user_9,141,141,
4552,24,360000,0,user_9,141,141,
4580,25,360000,0,user_35,141,141,
4588,26,350000,0,user_44,141,141,
4564,27,320000,0,user_20,141,141,
4576,28,300000,0,user_31,141,141,
4554,29,260000,0,user_11,141,141,
4559,30,260000,34700,user_15,141,141,
4562,31,260000,0,user_18,141,141,
4555,32,220000,510000,user_11,141,141,
4556,33,220000,47700,user_11,141,141,
4583,34,170000,0,user_38,141,141,
4587,35,170000,545000,user_42,141,141,
4569,36,160000,0,user_24,141,141,
4582,37,160000,15300,user_38,141,141,
4584,38,160000,0,user_40,141,141,
4548,39,120000,0,user_8,141,141,
4570,40,120000,350000,user_25,141,141,
4551,41,98000,0,user_9,141,141,
4591,42,98000,0,user_48,141,141,
4572,43,84000,8520,user_27,141,141,
4545,44,83000,0,user_6,141,141,
4561,45,83000,296000,user_17,141,141,
4577,46,80000,0,user_33,141,141,
4543,47,77000,0,user_3,141,141,
4681,,2600000,296000,user_0,142,,
4682,,1500000,0,user_0,142,,
4683,,1600000,0,user_0,142,,
4684,,80000,0,user_0,142,,
4685,,310000,0,user_1,142,,
4686,,470000,0,user_2,142,,
4687,,85000,71800,user_3,142,,
4688,,910000,0,user_4,142,,
4689,,300000,0,user_4,142,,
4690,,310000,0,user_4,142,,
4691,,83000,0,user_4,142,,
4692,,120000,0,user_6,142,,
4693,,910000,0,user_6,142,,
4694,,100000,36800,user_8,142,,
4695,,150000,0,user_12,142,,
4696,,30000000,0,user_14,142,,
4697,,300000,0,user_14,142,,
4698,,5200000,779000,user_15,142,,
4699,,43000000,0,user_17,142,,
4700,,220000,0,user_18,142,,
4701,,79000,0,user_21,142,,
4702,,170000,1100000,user_25,142,,
4703,,660000,0,user_27,142,,
4704,,1000000,769000,user_28,142,,
4705,,5000000,0,user_28,142,,
4706,,170000,0,user_30,142,,
4707,,220000,0,user_30,142,,
4708,,3500000,16400,user_31,142,,
4709,,260000,0,user_32,142,,
4710,,19000000,0,user_33,142,,
4711,,2100000,0,user_33,142,,
4712,,600000,0,user_34,142,,
4713,,220000,56200,user_35,142,,
4714,,82000,0,user_35,142,,
4715,,660000,0,user_37,142,,
4716,,1800000,100000,user_37,142,,
4717,,1800000,16400,user_39,142,,
4718,,1000000,0,user_40,142,,
4719,,82000,0,user_41,142,,
4720,,1600000,0,user_45,142,,
4721,,160000,0,user_47,142,,
4722,,27000000,0,user_49,142,,
4699,0,43000000,0,user_17,142,142,
4696,1,30000000,0,user_14,142,142,
4722,2,27000000,0,user_49,142,142,
4710,3,19000000,0,user_33,142,142,
4698,4,5200000,779000,user_15,142,142,
4705,5,5000000,0,user_28,142,142,
4708,6,3500000,16400,user_31,142,142,
4681,7,2600000,296000,user_0,142,142,
4711,8,2100000,0,user_33,142,142,
4716,9,1800000,100000,user_37,142,142,
4717,10,1800000,16400,user_39,142,142,
4683,11,1600000,0,user_0,142,142,
4720,12,1600000,0,user_45,142,142,
4682,13,1500000,0,user_0,142,142,
4704,14,1000000,769000,user_28,142,142,
4718,15,1000000,0,user_40,142,142,
4688,16,910000,0,user_4,142,142,
4693,17,910000,0,user_6,142,142,
4715,18,660000,0,user_37,142,142,
4712,19,600000,0,user_34,142,142,
4686,20,470000,0,user_2,142,142,
4685,21,310000,0,user_1,142,142,
4690,22,310000,0,user_4,142,142,
4689,23,300000,0,user_4,142,142,
4697,24,300000,0,user_14,142,142,
4709,25,260000,0,user_32,142,142,
4700,26,220000,0,user_18,142,142,
4707,27,220000,0,user_30,142,142,
4713,28,220000,56200,user_35,142,142,
4702,29,170000,1100000,user_25,142,142,
4706,30,170000,0,user_30,142,142,
4721,31,160000,0,user_47,142,142,
4695,32,150000,0,user_12,142,142,
4692,33,120000,0,user_6,142,142,
4694,34,100000,36800,user_8,142,142,
4687,35,85000,71800,user_3,142,142,
4691,36,83000,0,user_4,142,142,
4714,37,82000,0,user_35,142,142,
4719,38,82000,0,user_41,142,142,
4684,39,80000,0,user_0,142,142,
4701,40,79000,0,user_21,142,142,
4798,,82000,0,user_0,143,,
4799,,220000,23500,user_2,143,,
4800,,6100000,0,user_2,143,,
4801,,190000,0,user_4,143,,
4802,,27000000,0,user_4,143,,
4803,,2000000,0,user_4,143,,
4804,,2000000,0,user_6,143,,
4805,,170000,0,user_6,143,,
4806,,2300000,12800,user_8,143,,
4807,,130000,13900,user_8,143,,
4808,,4500000,0,user_8,143,,
4809,,110000,0,user_9,143,,
4810,,240000,0,user_10,143,,
4811,,150000,0,user_11,143,,
4812,,190000,0,user_12,143,,
4813,,30000000,0,user_13,143,,
4814,,1600000,75000,user_13,143,,
4815,,5000000,0,user_14,143,,
4816,,2400000,0,user_15,143,,
4817,,120000,0,user_16,143,,
4818,,1500000,0,user_16,143,,
4819,,4200000,0,user_17,143,,
4820,,240000,0,user_19,143,,
4821,,630000,0,user_19,143,,
4822,,260000,0,user_20,143,,
4823,,1700000,43600,user_21,143,,
4824,,27000000,0,user_23,143,,
4825,,120000,0,user_23,143,,
4826,,420000,0,user_23,143,,
4827,,1600000,0,user_24,143,,
4828,,1000000,8520,user_24,143,,
4829,,82000,0,user_25,143,,
4830,,19000000,46500,user_26,143,,
4831,,150000,0,user_26,143,,
4832,,1000000,100000,user_26,143,,
4833,,360000,0,user_26,143,,
4834,,120000,0,user_27,143,,
4835,,5000000,0,user_27,143,,
4836,,120000,0,user_28,143,,
4837,,2300000,0,user_30,143,,
4838,,310000,12800,user_31,143,,
4839,,460000,0,user_31,143,,
4840,,170000,0,user_31,143,,
4841,,1500000,0,user_31,143,,
4842,,150000,0,user_35,143,,
4843,,190000,0,user_36,143,,
4844,,2000000,164000,user_37,143,,
4845,,98000,0,user_39,143,,
4846,,260000,60700,user_40,143,,
4847,,3500000,0,user_41,143,,
4848,,660000,43600,user_42,143,,
4849,,170000,0,user_42,143,,
4850,,1000000,0,user_44,143,,
4851,,460000,0,user_46,143,,
4852,,110000,73100,user_47,143,,
4853,,77000,0,user_47,143,,
4854,,77000,510000,user_48,143,,
4855,,420000,7190000,user_48,143,,
4856,,360000,0,user_49,143,,
4813,0,30000000,0,user_13,143,143,
4802,1,27000000,0,user_4,143,143,
4824,2,27000000,0,user_23,143,143,
4906,3,0,0,builder_4,143,143,4830
4830,4,19000000,46500,user_26,143,143,
4855,5,420000,7190000,user_48,143,143,
4907,6,0,0,builder_4,143,143,4855
4800,7,6100000,0,user_2,143,143,
4815,8,5000000,0,user_14,143,143,
4835,9,5000000,0,user_27,143,143,
4808,10,4500000,0,user_8,143,143,
4819,11,4200000,0,user_17,143,143,
4847,12,3500000,0,user_41,143,143,
4806,13,2300000,12800,user_8,143,143,
4908,14,0,0,builder_4,143,143,4806
4837,15,2300000,0,user_30,143,143,
4844,16,2000000,164000,user_37,143,143,
4909,17,0,0,builder_4,143,143,4844
4803,18,2000000,0,user_4,143,143,
4804,19,2000000,0,user_6,143,143,
4910,20,0,0,builder_4,143,143,4823
4823,21,1700000,43600,user_21,143,143,
4814,22,1600000,75000,user_13,143,143,
4911,23,0,0,builder_4,143,143,4814
4827,24,1600000,0,user_24,143,143,
4818,25,1500000,0,user_16,143,143,
4841,26,1500000,0,user_31,143,143,
4912,27,0,0,builder_4,143,143,4832
4832,28,1000000,100000,user_26,143,143,
4913,29,0,0,builder_4,143,143,4828
4828,30,1000000,8520,user_24,143,143,
4850,31,1000000,0,user_44,143,143,
4848,32,660000,43600,user_42,143,143,
4914,33,0,0,builder_4,143,143,4848
4821,34,630000,0,user_19,143,143,
4854,35,77000,510000,user_48,143,143,
4915,36,0,0,builder_4,143,143,4854
4839,37,460000,0,user_31,143,143,
4851,38,460000,0,user_46,143,143,
4826,39,420000,0,user_23,143,143,
4833,40,360000,0,user_26,143,143,
4856,41,360000,0,user_49,143,143,
4916,42,0,0,builder_4,143,143,4838
4838,43,310000,12800,user_31,143,143,
4917,44,0,0,builder_4,143,143,4846
4846,45,260000,60700,user_40,143,143,
4822,46,260000,0,user_20,143,143,
4918,47,0,0,builder_4,143,143,4799
4799,48,220000,23500,user_2,143,143,
4810,49,240000,0,user_10,143,143,
4820,50,240000,0,user_19,143,143,
4801,51,190000,0,user_4,143,143,
4812,52,190000,0,user_12,143,143,
4843,53,190000,0,user_36,143,143,
4805,54,170000,0,user_6,143,143,
4840,55,170000,0,user_31,143,143,
4849,56,170000,0,user_42,143,143,
4811,57,150000,0,user_11,143,143,
4831,58,150000,0,user_26,143,143,
4842,59,150000,0,user_35,143,143,
4807,60,130000,13900,user_8,143,143,
4919,61,0,0,builder_4,143,143,4807
4817,62,120000,0,user_16,143,143,
4825,63,120000,0,user_23,143,143,
4834,64,120000,0,user_27,143,143,
4836,65,120000,0,user_28,143,143,
4809,66,110000,0,user_9,143,143,
4798,67,82000,0,user_0,143,143,
4829,68,82000,0,user_25,143,143,
0,,3200000,0,user_0,144,,
1,,2100000,0,user_1,144,,
2,,110000,0,user_3,144,,
3,,120000,0,user_4,144,,
4,,5000000,0,user_4,144,,
5,,160000,0,user_5,144,,
6,,70000,3130,user_6,144,,
7,,84000,19700,user_7,144,,
8,,150000,0,user_7,144,,
9,,1200000,0,user_7,144,,
10,,460000,0,user_7,144,,
11,,260000,0,user_7,144,,
12,,170000,0,user_8,144,,
13,,1600000,0,user_8,144,,
14,,73000,0,user_9,144,,
15,,150000,0,user_9,144,,
16,,370000,0,user_10,144,,
17,,2600000,0,user_12,144,,
18,,300000,0,user_12,144,,
19,,460000,296000,user_12,144,,
20,,3500000,17000,user_14,144,,
21,,970000,0,user_15,144,,
22,,170000,0,user_16,144,,
23,,19000000,0,user_17,144,,
24,,170000,0,user_18,144,,
25,,110000,0,user_21,144,,
26,,1000000,0,user_23,144,,
27,,19000000,71800,user_23,144,,
28,,130000,0,user_25,144,,
29,,1100000,17700000,user_25,144,,
30,,2300000,410000,user_27,144,,
31,,73000,0,user_27,144,,
32,,1000000,0,user_29,144,,
33,,220000,0,user_30,144,,
34,,3600000,0,user_33,144,,
35,,360000,0,user_34,144,,
36,,310000,0,user_34,144,,
37,,1300000,0,user_35,144,,
38,,220000,0,user_36,144,,
39,,1000000,0,user_37,144,,
40,,77000,43600,user_38,144,,
41,,1700000,0,user_38,144,,
42,,420000,0,user_39,144,,
43,,5000000,0,user_40,144,,
44,,340000,5630,user_41,144,,
45,,340000,0,user_43,144,,
46,,1500000,283000,user_44,144,,
47,,160000,0,user_45,144,,
48,,5200000,0,user_45,144,,
49,,79000,0,user_46,144,,
50,,100000,0,user_47,144,,
51,,120000,35600,user_47,144,,
52,,170000,0,user_48,144,,
53,,300000,0,user_49,144,,
27,0,19000000,71800,user_23,144,144,
84,1,0,0,builder_4,144,144,27
23,2,19000000,0,user_17,144,144,
85,3,0,0,builder_4,144,144,29
29,4,1100000,17700000,user_25,144,144,
48,5,5200000,0,user_45,144,144,
4,6,5000000,0,user_4,144,144,
43,7,5000000,0,user_40,144,144,
34,8,3600000,0,user_33,144,144,
86,9,0,0,builder_4,144,144,20
20,10,3500000,17000,user_14,144,144,
0,11,3200000,0,user_0,144,144,
30,12,2300000,410000,user_27,144,144,
87,13,0,0,builder_4,144,144,30
17,14,2600000,0,user_12,144,144,
1,15,2100000,0,user_1,144,144,
46,16,1500000,283000,user_44,144,144,
88,17,0,0,builder_4,144,144,46
41,18,1700000,0,user_38,144,144,
13,19,1600000,0,user_8,144,144,
37,20,1300000,0,user_35,144,144,
26,21,1000000,0,user_23,144,144,
32,22,1000000,0,user_29,144,144,
39,23,1000000,0,user_37,144,144,
89,24,0,0,builder_4,144,144,19
19,25,460000,296000,user_12,144,144,
16,26,370000,0,user_10,144,144,
35,27,360000,0,user_34,144,144,
44,28,340000,5630,user_41,144,144,
90,29,0,0,builder_4,144,144,44
45,30,340000,0,user_43,144,144,
36,31,310000,0,user_34,144,144,
18,32,300000,0,user_12,144,144,
53,33,300000,0,user_49,144,144,
33,34,220000,0,user_30,144,144,
38,35,220000,0,user_36,144,144,
12,36,170000,0,user_8,144,144,
22,37,170000,0,user_16,144,144,
24,38,170000,0,user_18,144,144,
52,39,170000,0,user_48,144,144,
47,40,160000,0,user_45,144,144,
15,41,150000,0,user_9,144,144,
28,42,130000,0,user_25,144,144,
91,43,0,0,builder_4,144,144,40
40,44,77000,43600,user_38,144,144,
3,45,120000,0,user_4,144,144,
2,46,110000,0,user_3,144,144,
25,47,110000,0,user_21,144,144,
49,48,79000,0,user_46,144,144,
6,49,70000,3130,user_6,144,144,
92,50,0,0,builder_4,144,144,6
14,51,73000,0,user_9,144,144,
31,52,73000,0,user_27,144,144,
127,,2000000,0,user_0,145,,
128,,150000,0,user_0,145,,
129,,220000,0,user_2,145,,
130,,5000000,0,user_2,145,,
131,,5000000,0,user_2,145,,
132,,1400000,13900,user_2,145,,
133,,1100000,0,user_2,145,,
134,,3200000,0,user_4,145,,
135,,2400000,0,user_6,145,,
136,,98000,0,user_8,145,,
137,,1900000,19700,user_8,145,,
138,,660000,0,user_8,145,,
139,,150000,0,user_8,145,,
140,,83000,0,user_8,145,,
141,,460000,35600,user_9,145,,
142,,1100000,0,user_10,145,,
143,,130000,0,user_11,145,,
144,,420000,0,user_11,145,,
145,,2600000,0,user_11,145,,
146,,4200000,0,user_11,145,,
147,,660000,15300,user_11,145,,
148,,100000,17700000,user_12,145,,
149,,27000000,67500,user_13,145,,
150,,6300000,0,user_14,145,,
151,,910000,0,user_15,145,,
152,,2100000,256000,user_15,145,,
153,,80000,0,user_15,145,,
154,,360000,0,user_16,145,,
155,,130000,0,user_18,145,,
156,,150000,42000,user_19,145,,
157,,5000000,0,user_20,145,,
158,,85000,128000,user_21,145,,
159,,1900000,84800,user_22,145,,
160,,5200000,0,user_23,145,,
161,,2000000,0,user_24,145,,
162,,110000,0,user_24,145,,
163,,150000,0,user_24,145,,
164,,77000,0,user_26,145,,
165,,2300000,0,user_28,145,,
166,,2100000,0,user_29,145,,
167,,110000,0,user_30,145,,
168,,43000000,256000,user_31,145,,
169,,5000000,0,user_33,145,,
170,,83000,21800,user_33,145,,
171,,190000,12800,user_34,145,,
172,,1900000,0,user_35,145,,
173,,3500000,0,user_35,145,,
174,,2000000,0,user_37,145,,
175,,170000,11200,user_37,145,,
176,,170000,0,user_38,145,,
177,,120000,0,user_39,145,,
178,,2000000,0,user_42,145,,
179,,2500000,34700,user_43,145,,
180,,4200000,0,user_46,145,,
181,,2000000,0,user_49,145,,
168,0,43000000,256000,user_31,145,145,
149,1,27000000,67500,user_13,145,145,
150,2,6300000,0,user_14,145,145,
160,3,5200000,0,user_23,145,145,
130,4,5000000,0,user_2,145,145,
131,5,5000000,0,user_2,145,145,
157,6,5000000,0,user_20,145,145,
169,7,5000000,0,user_33,145,145,
146,8,4200000,0,user_11,145,145,
180,9,4200000,0,user_46,145,145,
173,10,3500000,0,user_35,145,145,
134,11,3200000,0,user_4,145,145,
145,12,2600000,0,user_11,145,145,
179,13,2500000,34700,user_43,145,145,
135,14,2400000,0,user_6,145,145,
165,15,2300000,0,user_28,145,145,
152,16,2100000,256000,user_15,145,145,
166,17,2100000,0,user_29,145,145,
127,18,2000000,0,user_0,145,145,
161,19,2000000,0,user_24,145,145,
174,20,2000000,0,user_37,145,145,
178,21,2000000,0,user_42,145,145,
181,22,2000000,0,user_49,145,145,
137,23,1900000,19700,user_8,145,145,
159,24,1900000,84800,user_22,145,145,
172,25,1900000,0,user_35,145,145,
132,26,1400000,13900,user_2,145,145,
133,27,1100000,0,user_2,145,145,
151,28,910000,0,user_15,145,145,
138,29,660000,0,user_8,145,145,
147,30,660000,15300,user_11,145,145,
144,31,420000,0,user_11,145,145,
154,32,360000,0,user_16,145,145,
129,33,220000,0,user_2,145,145,
171,34,190000,12800,user_34,145,145,
175,35,170000,11200,user_37,145,145,
128,36,150000,0,user_0,145,145,
139,37,150000,0,user_8,145,145,
156,38,150000,42000,user_19,145,145,
163,39,150000,0,user_24,145,145,
143,40,130000,0,user_11,145,145,
155,41,130000,0,user_18,145,145,
177,42,120000,0,user_39,145,145,
162,43,110000,0,user_24,145,145,
167,44,110000,0,user_30,145,145,
148,45,100000,17700000,user_12,145,145,
136,46,98000,0,user_8,145,145,
158,47,85000,128000,user_21,145,145,
140,48,83000,0,user_8,145,145,
170,49,83000,21800,user_33,145,145,
153,50,80000,0,user_15,145,145,
164,51,77000,0,user_26,145,145,
287,,77000,7840,user_0,146,,
288,,150000,0,user_1,146,,
289,,1100000,10700,user_3,146,,
290,,600000,0,user_4,146,,
291,,110000,0,user_6,146,,
292,,220000,0,user_6,146,,
293,,110000,0,user_7,146,,
294,,110000,73100,user_8,146,,
295,,630000,0,user_9,146,,
296,,460000,5640,user_11,146,,
297,,150000,0,user_11,146,,
298,,2400000,13900,user_13,146,,
299,,2000000,75000,user_13,146,,
300,,1100000,0,user_15,146,,
301,,1000000,0,user_17,146,,
302,,420000,0,user_18,146,,
303,,600000,0,user_19,146,,
304,,1000000,0,user_20,146,,
305,,77000,0,user_21,146,,
306,,160000,0,user_22,146,,
307,,420000,0,user_23,146,,
308,,30000000,84800,user_24,146,,
309,,170000,0,user_26,146,,
310,,670000,0,user_27,146,,
311,,150000,0,user_29,146,,
312,,2600000,0,user_31,146,,
313,,150000,0,user_32,146,,
314,,70000,0,user_33,146,,
315,,370000,0,user_34,146,,
316,,30000000,0,user_36,146,,
317,,1900000,0,user_37,146,,
318,,260000,0,user_38,146,,
319,,660000,0,user_38,146,,
320,,300000,0,user_39,146,,
321,,1700000,0,user_40,146,,
322,,120000,0,user_42,146,,
323,,150000,0,user_43,146,,
324,,1000000,0,user_44,146,,
325,,100000,0,user_44,146,,
326,,530000,3130,user_45,146,,
327,,1000000,75000,user_48,146,,
328,,350000,0,user_49,146,,
308,0,30000000,84800,user_24,146,146,
316,1,30000000,0,user_36,146,146,
312,2,2600000,0,user_31,146,146,
298,3,2400000,13900,user_13,146,146,
299,4,2000000,75000,user_13,146,146,
317,5,1900000,0,user_37,146,146,
321,6,1700000,0,user_40,146,146,
289,7,1100000,10700,user_3,146,146,
300,8,1100000,0,user_15,146,146,
301,9,1000000,0,user_17,146,146,
304,10,1000000,0,user_20,146,146,
324,11,1000000,0,user_44,146,146,
327,12,1000000,75000,user_48,146,146,
310,13,670000,0,user_27,146,146,
319,14,660000,0,user_38,146,146,
295,15,630000,0,user_9,146,146,
290,16,600000,0,user_4,146,146,
303,17,600000,0,user_19,146,146,
302,18,420000,0,user_18,146,146,
307,19,420000,0,user_23,146,146,
315,20,370000,0,user_34,146,146,
328,21,350000,0,user_49,146,146,
320,22,300000,0,user_39,146,146,
318,23,260000,0,user_38,146,146,
292,24,220000,0,user_6,146,146,
309,25,170000,0,user_26,146,146,
306,26,160000,0,user_22,146,146,
288,27,150000,0,user_1,146,146,
311,28,150000,0,user_29,146,146,
323,29,150000,0,user_43,146,146,
322,30,120000,0,user_42,146,146,
291,31,110000,0,user_6,146,146,
293,32,110000,0,user_7,146,146,
294,33,110000,73100,user_8,146,146,
325,34,100000,0,user_44,146,146,
287,35,77000,7840,user_0,146,146,
305,36,77000,0,user_21,146,146,
314,37,70000,0,user_33,146,146,
394,,220000,0,user_0,147,,
395,,310000,0,user_0,147,,
396,,1400000,0,user_2,147,,
397,,370000,0,user_3,147,,
398,,1400000,0,user_4,147,,
399,,30000000,0,user_5,147,,
400,,1800000,5180,user_6,147,,
401,,660000,0,user_7,147,,
402,,1400000,0,user_8,147,,
403,,650000,0,user_8,147,,
404,,220000,0,user_9,147,,
405,,1100000,0,user_10,147,,
406,,910000,13800,user_10,147,,
407,,1500000,0,user_11,147,,
408,,1100000,0,user_11,147,,
409,,120000,0,user_11,147,,
410,,360000,75000,user_11,147,,
411,,6300000,0,user_12,147,,
412,,240000,16400,user_14,147,,
413,,220000,0,user_15,147,,
414,,87000,0,user_17,147,,
415,,83000,0,user_19,147,,
416,,5000000,0,user_19,147,,
417,,2400000,0,user_19,147,,
418,,85000,0,user_19,147,,
419,,670000,0,user_20,147,,
420,,310000,0,user_22,147,,
421,,910000,0,user_24,147,,
422,,160000,0,user_25,147,,
423,,2000000,0,user_26,147,,
424,,420000,0,user_27,147,,
425,,1100000,0,user_29,147,,
426,,2100000,0,user_30,147,,
427,,4500000,0,user_31,147,,
428,,670000,35600,user_33,147,,
429,,19000000,0,user_34,147,,
430,,1800000,0,user_34,147,,
431,,370000,0,user_35,147,,
432,,30000000,0,user_35,147,,
433,,630000,0,user_36,147,,
434,,43000000,0,user_37,147,,
435,,73000,0,user_37,147,,
436,,670000,0,user_37,147,,
437,,310000,0,user_37,147,,
438,,84000,181000,user_38,147,,
439,,260000,67900,user_39,147,,
440,,160000,0,user_40,147,,
441,,420000,0,user_40,147,,
442,,110000,0,user_40,147,,
443,,120000,0,user_40,147,,
444,,87000,0,user_42,147,,
445,,84000,0,user_42,147,,
446,,84000,0,user_43,147,,
447,,83000,0,user_44,147,,
448,,4200000,161000,user_44,147,,
449,,84000,0,user_44,147,,
450,,1400000,161000,user_46,147,,
451,,80000,0,user_48,147,,
452,,2000000,285000,user_49,147,,
434,0,43000000,0,user_37,147,147,
399,1,30000000,0,user_5,147,147,
432,2,30000000,0,user_35,147,147,
429,3,19000000,0,user_34,147,147,
411,4,6300000,0,user_12,147,147,
416,5,5000000,0,user_19,147,147,
427,6,4500000,0,user_31,147,147,
448,7,4200000,161000,user_44,147,147,
417,8,2400000,0,user_19,147,147,
423,9,2000000,0,user_26,147,147,
452,10,2000000,285000,user_49,147,147,
400,11,1800000,5180,user_6,147,147,
430,12,1800000,0,user_34,147,147,
407,13,1500000,0,user_11,147,147,
396,14,1400000,0,user_2,147,147,
398,15,1400000,0,user_4,147,147,
402,16,1400000,0,user_8,147,147,
450,17,1400000,161000,user_46,147,147,
405,18,1100000,0,user_10,147,147,
408,19,1100000,0,user_11,147,147,
425,20,1100000,0,user_29,147,147,
406,21,910000,13800,user_10,147,147,
421,22,910000,0,user_24,147,147,
419,23,670000,0,user_20,147,147,
428,24,670000,35600,user_33,147,147,
436,25,670000,0,user_37,147,147,
401,26,660000,0,user_7,147,147,
403,27,650000,0,user_8,147,147,
424,28,420000,0,user_27,147,147,
397,29,370000,0,user_3,147,147,
431,30,370000,0,user_35,147,147,
410,31,360000,75000,user_11,147,147,
437,32,310000,0,user_37,147,147,
439,33,260000,67900,user_39,147,147,
404,34,220000,0,user_9,147,147,
413,35,220000,0,user_15,147,147,
422,36,160000,0,user_25,147,147,
409,37,120000,0,user_11,147,147,
414,38,87000,0,user_17,147,147,
444,39,87000,0,user_42,147,147,
418,40,85000,0,user_19,147,147,
438,41,84000,181000,user_38,147,147,
445,42,84000,0,user_42,147,147,
446,43,84000,0,user_43,147,147,
449,44,84000,0,user_44,147,147,
415,45,83000,0,user_19,147,147,
447,46,83000,0,user_44,147,147,
451,47,80000,0,user_48,147,147,
435,48,73000,0,user_37,147,147,
526,,1400000,0,user_2,148,,
527,,310000,0,user_4,148,,
528,,84000,0,user_4,148,,
529,,73000,0,user_4,148,,
530,,98000,0,user_4,148,,
531,,2500000,0,user_6,148,,
532,,6300000,0,user_7,148,,
533,,160000,0,user_8,148,,
534,,2400000,0,user_8,148,,
535,,6100000,0,user_10,148,,
536,,2100000,231000,user_12,148,,
537,,370000,0,user_12,148,,
538,,110000,231000,user_13,148,,
539,,670000,0,user_14,148,,
540,,110000,155000,user_15,148,,
541,,150000,0,user_15,148,,
542,,80000,0,user_17,148,,
543,,3500000,369000,user_19,148,,
544,,1400000,0,user_21,148,,
545,,420000,0,user_22,148,,
546,,190000,0,user_23,148,,
547,,1200000,0,user_23,148,,
548,,30000000,0,user_24,148,,
549,,1300000,0,user_25,148,,
550,,260000,0,user_25,148,,
551,,370000,0,user_26,148,,
552,,460000,779000,user_26,148,,
553,,120000,0,user_29,148,,
554,,310000,0,user_30,148,,
555,,150000,0,user_30,148,,
556,,650000,0,user_31,148,,
557,,150000,161000,user_31,148,,
558,,3600000,0,user_31,148,,
559,,1500000,5180,user_32,148,,
560,,1700000,0,user_33,148,,
561,,1300000,0,user_34,148,,
562,,84000,17000,user_35,148,,
563,,420000,0,user_35,148,,
564,,530000,0,user_37,148,,
565,,600000,15700,user_38,148,,
566,,2600000,0,user_38,148,,
567,,2000000,0,user_39,148,,
568,,2300000,0,user_41,148,,
569,,670000,0,user_45,148,,
570,,1100000,0,user_45,148,,
571,,260000,0,user_46,148,,
572,,4200000,0,user_47,148,,
573,,1400000,121000,user_48,148,,
574,,1100000,0,user_48,148,,
575,,1400000,0,user_48,148,,
576,,98000,0,user_48,148,,
577,,87000,0,user_48,148,,
578,,2600000,12800,user_49,148,,
579,,150000,0,user_49,148,,
580,,1100000,56200,user_49,148,,
581,,27000000,0,user_49,148,,
582,,130000,0,user_49,148,,
548,0,30000000,0,user_24,148,148,
581,1,27000000,0,user_49,148,148,
532,2,6300000,0,user_7,148,148,
535,3,6100000,0,user_10,148,148,
572,4,4200000,0,user_47,148,148,
558,5,3600000,0,user_31,148,148,
543,6,3500000,369000,user_19,148,148,
566,7,2600000,0,user_38,148,148,
578,8,2600000,12800,user_49,148,148,
531,9,2500000,0,user_6,148,148,
534,10,2400000,0,user_8,148,148,
536,11,2100000,231000,user_12,148,148,
567,12,2000000,0,user_39,148,148,
559,13,1500000,5180,user_32,148,148,
526,14,1400000,0,user_2,148,148,
544,15,1400000,0,user_21,148,148,
573,16,1400000,121000,user_48,148,148,
575,17,1400000,0,user_48,148,148,
549,18,1300000,0,user_25,148,148,
561,19,1300000,0,user_34,148,148,
547,20,1200000,0,user_23,148,148,
570,21,1100000,0,user_45,148,148,
574,22,1100000,0,user_48,148,148,
580,23,1100000,56200,user_49,148,148,
539,24,670000,0,user_14,148,148,
569,25,670000,0,user_45,148,148,
556,26,650000,0,user_31,148,148,
565,27,600000,15700,user_38,148,148,
564,28,530000,0,user_37,148,148,
552,29,460000,779000,user_26,148,148,
545,30,420000,0,user_22,148,148,
563,31,420000,0,user_35,148,148,
537,32,370000,0,user_12,148,148,
551,33,370000,0,user_26,148,148,
527,34,310000,0,user_4,148,148,
554,35,310000,0,user_30,148,148,
550,36,260000,0,user_25,148,148,
571,37,260000,0,user_46,148,148,
546,38,190000,0,user_23,148,148,
533,39,160000,0,user_8,148,148,
555,40,150000,0,user_30,148,148,
557,41,150000,161000,user_31,148,148,
579,42,150000,0,user_49,148,148,
582,43,130000,0,user_49,148,148,
553,44,120000,0,user_29,148,148,
538,45,110000,231000,user_13,148,148,
530,46,98000,0,user_4,148,148,
576,47,98000,0,user_48,148,148,
577,48,87000,0,user_48,148,148,
528,49,84000,0,user_4,148,148,
562,50,84000,17000,user_35,148,148,
542,51,80000,0,user_17,148,148,
529,52,73000,0,user_4,148,148,
674,,530000,0,user_0,149,,
675,,420000,0,user_2,149,,
676,,170000,47700,user_3,149,,
677,,70000,15300,user_4,149,,
678,,1100000,0,user_5,149,,
679,,670000,18600,user_6,149,,
680,,310000,779000,user_7,149,,
681,,470000,0,user_8,149,,
682,,1800000,60700,user_9,149,,
683,,460000,0,user_9,149,,
684,,1400000,36800,user_10,149,,
685,,83000,0,user_10,149,,
686,,360000,121000,user_10,149,,
687,,970000,47700,user_11,149,,
688,,27000000,0,user_12,149,,
689,,160000,0,user_13,149,,
690,,2100000,0,user_14,149,,
691,,660000,0,user_16,149,,
692,,170000,0,user_16,149,,
693,,870000,0,user_16,149,,
694,,1000000,0,user_16,149,,
695,,3200000,47700,user_17,149,,
696,,5200000,0,user_17,149,,
697,,970000,67900,user_20,149,,
698,,77000,164000,user_20,149,,
699,,650000,0,user_21,149,,
700,,190000,0,user_22,149,,
701,,310000,0,user_22,149,,
702,,1000000,0,user_22,149,,
703,,670000,0,user_22,149,,
704,,170000,0,user_22,149,,
705,,19000000,0,user_23,149,,
706,,1400000,4320000,user_23,149,,
707,,660000,0,user_25,149,,
708,,6100000,0,user_30,149,,
709,,970000,0,user_31,149,,
710,,82000,0,user_32,149,,
711,,83000,0,user_32,149,,
712,,1600000,64600,user_33,149,,
713,,2600000,0,user_33,149,,
714,,650000,161000,user_34,149,,
715,,85000,139000,user_35,149,,
716,,530000,0,user_36,149,,
717,,370000,0,user_37,149,,
718,,160000,0,user_39,149,,
719,,3500000,0,user_39,149,,
720,,70000,0,user_46,149,,
721,,660000,0,user_46,149,,
722,,460000,0,user_47,149,,
723,,1000000,0,user_49,149,,
688,0,27000000,0,user_12,149,149,
705,1,19000000,0,user_23,149,149,
708,2,6100000,0,user_30,149,149,
696,3,5200000,0,user_17,149,149,
719,4,3500000,0,user_39,149,149,
695,5,3200000,47700,user_17,149,149,
713,6,2600000,0,user_33,149,149,
690,7,2100000,0,user_14,149,149,
682,8,1800000,60700,user_9,149,149,
712,9,1600000,64600,user_33,149,149,
684,10,1400000,36800,user_10,149,149,
706,11,1400000,4320000,user_23,149,149,
678,12,1100000,0,user_5,149,149,
694,13,1000000,0,user_16,149,149,
702,14,1000000,0,user_22,149,149,
687,15,970000,47700,user_11,149,149,
697,16,970000,67900,user_20,149,149,
693,17,870000,0,user_16,149,149,
679,18,670000,18600,user_6,149,149,
703,19,670000,0,user_22,149,149,
691,20,660000,0,user_16,149,149,
721,21,660000,0,user_46,149,149,
699,22,650000,0,user_21,149,149,
714,23,650000,161000,user_34,149,149,
716,24,530000,0,user_36,149,149,
681,25,470000,0,user_8,149,149,
683,26,460000,0,user_9,149,149,
722,27,460000,0,user_47,149,149,
686,28,360000,121000,user_10,149,149,
680,29,310000,779000,user_7,149,149,
701,30,310000,0,user_22,149,149,
700,31,190000,0,user_22,149,149,
676,32,170000,47700,user_3,149,149,
692,33,170000,0,user_16,149,149,
704,34,170000,0,user_22,149,149,
689,35,160000,0,user_13,149,149,
718,36,160000,0,user_39,149,149,
715,37,85000,139000,user_35,149,149,
685,38,83000,0,user_10,149,149,
711,39,83000,0,user_32,149,149,
710,40,82000,0,user_32,149,149,
698,41,77000,164000,user_20,149,149,
720,42,70000,0,user_46,149,149,
825,,870000,0,user_0,150,,
826,,27000000,66100,user_1,150,,
827,,260000,0,user_1,150,,
828,,80000,0,user_2,150,,
829,,220000,0,user_2,150,,
830,,530000,0,user_4,150,,
831,,130000,0,user_5,150,,
832,,220000,0,user_6,150,,
833,,1600000,0,user_7,150,,
834,,120000,0,user_8,150,,
835,,350000,0,user_8,150,,
836,,110000,0,user_9,150,,
837,,420000,0,user_9,150,,
838,,160000,0,user_10,150,,
839,,1400000,0,user_11,150,,
840,,2600000,75000,user_11,150,,
841,,2000000,0,user_12,150,,
842,,30000000,12800,user_13,150,,
843,,120000,0,user_13,150,,
844,,1300000,0,user_13,150,,
845,,2100000,0,user_13,150,,
846,,1100000,0,user_13,150,,
847,,120000,594000,user_14,150,,
848,,370000,12800,user_15,150,,
849,,1500000,13800,user_15,150,,
850,,1300000,0,user_16,150,,
851,,1000000,0,user_16,150,,
852,,1600000,0,user_16,150,,
853,,120000,0,user_18,150,,
854,,150000,0,user_19,150,,
855,,120000,146000,user_21,150,,
856,,5000000,0,user_22,150,,
857,,220000,0,user_23,150,,
858,,460000,0,user_24,150,,
859,,1500000,100000,user_26,150,,
860,,220000,19700,user_27,150,,
861,,1400000,0,user_27,150,,
862,,6300000,0,user_28,150,,
863,,1100000,0,user_28,150,,
864,,1400000,0,user_30,150,,
865,,1600000,0,user_32,150,,
866,,1000000,0,user_33,150,,
867,,2100000,0,user_33,150,,
868,,5200000,0,user_35,150,,
869,,1800000,0,user_35,150,,
870,,110000,0,user_35,150,,
871,,77000,0,user_35,150,,
872,,190000,0,user_35,150,,
873,,370000,0,user_36,150,,
874,,150000,30200,user_37,150,,
875,,2000000,0,user_38,150,,
876,,910000,0,user_39,150,,
877,,470000,75000,user_43,150,,
878,,460000,0,user_44,150,,
879,,3200000,0,user_44,150,,
880,,340000,0,user_44,150,,
881,,220000,0,user_44,150,,
882,,530000,0,user_45,150,,
883,,1500000,0,user_47,150,,
884,,370000,769000,user_47,150,,
885,,110000,0,user_49,150,,
842,0,30000000,12800,user_13,150,150,
826,1,27000000,66100,user_1,150,150,
862,2,6300000,0,user_28,150,150,
868,3,5200000,0,user_35,150,150,
856,4,5000000,0,user_22,150,150,
879,5,3200000,0,user_44,150,150,
840,6,2600000,75000,user_11,150,150,
845,7,2100000,0,user_13,150,150,
867,8,2100000,0,user_33,150,150,
841,9,2000000,0,user_12,150,150,
875,10,2000000,0,user_38,150,150,
869,11,1800000,0,user_35,150,150,
833,12,1600000,0,user_7,150,150,
852,13,1600000,0,user_16,150,150,
865,14,1600000,0,user_32,150,150,
849,15,1500000,13800,user_15,150,150,
859,16,1500000,100000,user_26,150,150,
883,17,1500000,0,user_47,150,150,
839,18,1400000,0,user_11,150,150,
861,19,1400000,0,user_27,150,150,
864,20,1400000,0,user_30,150,150,
844,21,1300000,0,user_13,150,150,
850,22,1300000,0,user_16,150,150,
846,23,1100000,0,user_13,150,150,
863,24,1100000,0,user_28,150,150,
851,25,1000000,0,user_16,150,150,
866,26,1000000,0,user_33,150,150,
876,27,910000,0,user_39,150,150,
882,28,530000,0,user_45,150,150,
877,29,470000,75000,user_43,150,150,
878,30,460000,0,user_44,150,150,
837,31,420000,0,user_9,150,150,
848,32,370000,12800,user_15,150,150,
873,33,370000,0,user_36,150,150,
884,34,370000,769000,user_47,150,150,
835,35,350000,0,user_8,150,150,
880,36,340000,0,user_44,150,150,
827,37,260000,0,user_1,150,150,
832,38,220000,0,user_6,150,150,
857,39,220000,0,user_23,150,150,
860,40,220000,19700,user_27,150,150,
881,41,220000,0,user_44,150,150,
872,42,190000,0,user_35,150,150,
838,43,160000,0,user_10,150,150,
831,44,130000,0,user_5,150,150,
834,45,120000,0,user_8,150,150,
843,46,120000,0,user_13,150,150,
847,47,120000,594000,user_14,150,150,
855,48,120000,146000,user_21,150,150,
836,49,110000,0,user_9,150,150,
870,50,110000,0,user_35,150,150,
871,51,77000,0,user_35,150,150,
968,,2600000,0,user_0,151,,
969,,110000,0,user_0,151,,
970,,1900000,32900,user_0,151,,
971,,420000,0,user_1,151,,
972,,2600000,0,user_2,151,,
973,,160000,0,user_2,151,,
974,,1000000,0,user_3,151,,
975,,4200000,0,user_3,151,,
976,,80000,0,user_5,151,,
977,,660000,0,user_5,151,,
978,,220000,0,user_6,151,,
979,,240000,0,user_8,151,,
980,,2000000,30200,user_9,151,,
981,,1600000,43600,user_9,151,,
982,,310000,18600,user_10,151,,
983,,310000,0,user_10,151,,
984,,4500000,0,user_14,151,,
985,,73000,0,user_14,151,,
986,,310000,0,user_15,151,,
987,,1100000,0,user_16,151,,
988,,1100000,31700,user_17,151,,
989,,160000,0,user_17,151,,
990,,2300000,0,user_18,151,,
991,,470000,0,user_18,151,,
992,,1500000,0,user_19,151,,
993,,1500000,17000,user_20,151,,
994,,2600000,256000,user_20,151,,
995,,1600000,0,user_21,151,,
996,,80000,0,user_25,151,,
997,,80000,0,user_26,151,,
998,,98000,0,user_27,151,,
999,,5200000,0,user_28,151,,
1000,,1200000,0,user_30,151,,
1001,,600000,0,user_30,151,,
1002,,160000,5180,user_30,151,,
1003,,5200000,0,user_31,151,,
1004,,3500000,0,user_31,151,,
1005,,1500000,0,user_32,151,,
1006,,1000000,36800,user_34,151,,
1007,,2300000,0,user_35,151,,
1008,,470000,0,user_36,151,,
1009,,970000,0,user_36,151,,
1010,,360000,164000,user_38,151,,
1011,,1400000,0,user_39,151,,
1012,,470000,0,user_41,151,,
1013,,630000,0,user_42,151,,
1014,,120000,0,user_43,151,,
1015,,530000,0,user_46,151,,
1016,,6100000,5630,user_47,151,,
1017,0,0,0,builder_0,151,151,1016
1016,1,6100000,5630,user_47,151,151,
999,2,5200000,0,user_28,151,151,
1003,3,5200000,0,user_31,151,151,
984,4,4500000,0,user_14,151,151,
975,5,4200000,0,user_3,151,151,
1004,6,3500000,0,user_31,151,151,
994,7,2600000,256000,user_20,151,151,
1018,8,0,0,builder_0,151,151,994
968,9,2600000,0,user_0,151,151,
972,10,2600000,0,user_2,151,151,
990,11,2300000,0,user_18,151,151,
1007,12,2300000,0,user_35,151,151,
980,13,2000000,30200,user_9,151,151,
1019,14,0,0,builder_0,151,151,980
1020,15,0,0,builder_0,151,151,970
970,16,1900000,32900,user_0,151,151,
981,17,1600000,43600,user_9,151,151,
1021,18,0,0,builder_0,151,151,981
995,19,1600000,0,user_21,151,151,
1022,20,0,0,builder_0,151,151,993
993,21,1500000,17000,user_20,151,151,
992,22,1500000,0,user_19,151,151,
1005,23,1500000,0,user_32,151,151,
1000,24,1200000,0,user_30,151,151,
988,25,1100000,31700,user_17,151,151,
1023,26,0,0,builder_0,151,151,988
987,27,1100000,0,user_16,151,151,
974,28,1000000,0,user_3,151,151,
1009,29,970000,0,user_36,151,151,
1013,30,630000,0,user_42,151,151,
1001,31,600000,0,user_30,151,151,
1015,32,530000,0,user_46,151,151,
1024,33,0,0,builder_0,151,151,1010
1010,34,360000,164000,user_38,151,151,
991,35,470000,0,user_18,151,151,
1008,36,470000,0,user_36,151,151,
1012,37,470000,0,user_41,151,151,
971,38,420000,0,user_1,151,151,
982,39,310000,18600,user_10,151,151,
1025,40,0,0,builder_0,151,151,982
983,41,310000,0,user_10,151,151,
979,42,240000,0,user_8,151,151,
978,43,220000,0,user_6,151,151,
1002,44,160000,5180,user_30,151,151,
1026,45,0,0,builder_0,151,151,1002
973,46,160000,0,user_2,151,151,
989,47,160000,0,user_17,151,151,
1014,48,120000,0,user_43,151,151,
969,49,110000,0,user_0,151,151,
998,50,98000,0,user_27,151,151,
996,51,80000,0,user_25,151,151,
997,52,80000,0,user_26,151,151,
985,53,73000,0,user_14,151,151,
1091,,340000,0,user_1,152,,
1092,,420000,46500,user_1,152,,
1093,,870000,0,user_2,152,,
1094,,460000,0,user_4,152,,
1095,,970000,0,user_5,152,,
1096,,2000000,0,user_6,152,,
1097,,6100000,4320000,user_7,152,,
1098,,160000,0,user_8,152,,
1099,,220000,0,user_10,152,,
1100,,1600000,0,user_12,152,,
1101,,150000,0,user_12,152,,
1102,,1900000,24700,user_13,152,,
1103,,5000000,0,user_13,152,,
1104,,87000,0,user_16,152,,
1105,,6300000,0,user_17,152,,
1106,,150000,0,user_17,152,,
1107,,260000,779000,user_18,152,,
1108,,77000,121000,user_19,152,,
1109,,120000,60700,user_20,152,,
1110,,1700000,0,user_20,152,,
1111,,1000000,0,user_23,152,,
1112,,170000,0,user_24,152,,
1113,,3200000,0,user_25,152,,
1114,,120000,0,user_25,152,,
1115,,2000000,0,user_26,152,,
1116,,320000,0,user_27,152,,
1117,,870000,0,user_28,152,,
1118,,1900000,769000,user_30,152,,
1119,,1100000,283000,user_31,152,,
1120,,100000,161000,user_32,152,,
1121,,970000,0,user_33,152,,
1122,,1600000,0,user_34,152,,
1123,,1300000,34700,user_37,152,,
1124,,630000,0,user_38,152,,
1125,,82000,0,user_39,152,,
1126,,73000,0,user_39,152,,
1127,,150000,0,user_42,152,,
1128,,1200000,0,user_43,152,,
1129,,2300000,0,user_44,152,,
1130,,1700000,0,user_44,152,,
1131,,260000,0,user_45,152,,
1132,,370000,0,user_45,152,,
1133,,870000,510000,user_45,152,,
1134,,370000,0,user_45,152,,
1135,,150000,0,user_45,152,,
1136,,1000000,12300,user_46,152,,
1137,,82000,155000,user_49,152,,
1105,0,6300000,0,user_17,152,152,
1097,1,6100000,4320000,user_7,152,152,
1103,2,5000000,0,user_13,152,152,
1113,3,3200000,0,user_25,152,152,
1129,4,2300000,0,user_44,152,152,
1096,5,2000000,0,user_6,152,152,
1115,6,2000000,0,user_26,152,152,
1102,7,1900000,24700,user_13,152,152,
1118,8,1900000,769000,user_30,152,152,
1110,9,1700000,0,user_20,152,152,
1130,10,1700000,0,user_44,152,152,
1100,11,1600000,0,user_12,152,152,
1122,12,1600000,0,user_34,152,152,
1123,13,1300000,34700,user_37,152,152,
1128,14,1200000,0,user_43,152,152,
1119,15,1100000,283000,user_31,152,152,
1111,16,1000000,0,user_23,152,152,
1136,17,1000000,12300,user_46,152,152,
1095,18,970000,0,user_5,152,152,
1121,19,970000,0,user_33,152,152,
1093,20,870000,0,user_2,152,152,
1133,21,870000,510000,user_45,152,152,
1094,22,460000,0,user_4,152,152,
1092,23,420000,46500,user_1,152,152,
1132,24,370000,0,user_45,152,152,
1134,25,370000,0,user_45,152,152,
1091,26,340000,0,user_1,152,152,
1116,27,320000,0,user_27,152,152,
1107,28,260000,779000,user_18,152,152,
1131,29,260000,0,user_45,152,152,
1099,30,220000,0,user_10,152,152,
1098,31,160000,0,user_8,152,152,
1101,32,150000,0,user_12,152,152,
1106,33,150000,0,user_17,152,152,
1127,34,150000,0,user_42,152,152,
1135,35,150000,0,user_45,152,152,
1109,36,120000,60700,user_20,152,152,
1114,37,120000,0,user_25,152,152,
1104,38,87000,0,user_16,152,152,
1125,39,82000,0,user_39,152,152,
1137,40,82000,155000,user_49,152,152,
1126,41,73000,0,user_39,152,152,
1232,,70000,0,user_1,153,,
1233,,110000,164000,user_2,153,,
1234,,73000,0,user_3,153,,
1235,,77000,0,user_4,153,,
1236,,240000,0,user_5,153,,
1237,,320000,0,user_6,153,,
1238,,240000,128000,user_7,153,,
1239,,1500000,0,user_7,153,,
1240,,660000,0,user_8,153,,
1241,,79000,231000,user_12,153,,
1242,,110000,0,user_13,153,,
1243,,2000000,0,user_13,153,,
1244,,150000,0,user_14,153,,
1245,,350000,84800,user_14,153,,
1246,,1900000,5630,user_15,153,,
1247,,220000,0,user_16,153,,
1248,,370000,0,user_19,153,,
1249,,80000,30200,user_20,153,,
1250,,650000,0,user_22,153,,
1251,,300000,0,user_23,153,,
1252,,650000,19700,user_24,153,,
1253,,150000,0,user_25,153,,
1254,,2000000,0,user_25,153,,
1255,,220000,24700,user_26,153,,
1256,,150000,0,user_27,153,,
1257,,73000,0,user_27,153,,
1258,,70000,5180,user_28,153,,
1259,,110000,0,user_29,153,,
1260,,1000000,0,user_30,153,,
1261,,6100000,0,user_34,153,,
1262,,170000,0,user_34,153,,
1263,,1100000,0,user_35,153,,
1264,,4500000,0,user_35,153,,
1265,,670000,0,user_37,153,,
1266,,80000,0,user_38,153,,
1267,,470000,12800,user_39,153,,
1268,,1300000,0,user_39,153,,
1269,,130000,0,user_39,153,,
1270,,1400000,0,user_40,153,,
1271,,70000,0,user_40,153,,
1272,,420000,0,user_42,153,,
1273,,110000,0,user_43,153,,
1274,,360000,0,user_44,153,,
1275,,530000,35100,user_44,153,,
1276,,460000,31700,user_45,153,,
1277,,100000,0,user_45,153,,
1278,,2000000,0,user_46,153,,
1279,,110000,0,user_47,153,,
1280,,6100000,0,user_48,153,,
1281,,3200000,0,user_49,153,,
1261,0,6100000,0,user_34,153,153,
1280,1,6100000,0,user_48,153,153,
1264,2,4500000,0,user_35,153,153,
1281,3,3200000,0,user_49,153,153,
1243,4,2000000,0,user_13,153,153,
1254,5,2000000,0,user_25,153,153,
1278,6,2000000,0,user_46,153,153,
1246,7,1900000,5630,user_15,153,153,
1239,8,1500000,0,user_7,153,153,
1270,9,1400000,0,user_40,153,153,
1263,10,1100000,0,user_35,153,153,
1260,11,1000000,0,user_30,153,153,
1240,12,660000,0,user_8,153,153,
1250,13,650000,0,user_22,153,153,
1252,14,650000,19700,user_24,153,153,
1275,15,530000,35100,user_44,153,153,
1276,16,460000,31700,user_45,153,153,
1272,17,420000,0,user_42,153,153,
1248,18,370000,0,user_19,153,153,
1274,19,360000,0,user_44,153,153,
1245,20,350000,84800,user_14,153,153,
1237,21,320000,0,user_6,153,153,
1251,22,300000,0,user_23,153,153,
1236,23,240000,0,user_5,153,153,
1238,24,240000,128000,user_7,153,153,
1247,25,220000,0,user_16,153,153,
1262,26,170000,0,user_34,153,153,
1244,27,150000,0,user_14,153,153,
1253,28,150000,0,user_25,153,153,
1256,29,150000,0,user_27,153,153,
1233,30,110000,164000,user_2,153,153,
1242,31,110000,0,user_13,153,153,
1259,32,110000,0,user_29,153,153,
1273,33,110000,0,user_43,153,153,
1279,34,110000,0,user_47,153,153,
1277,35,100000,0,user_45,153,153,
1249,36,80000,30200,user_20,153,153,
1266,37,80000,0,user_38,153,153,
1234,38,73000,0,user_3,153,153,
1257,39,73000,0,user_27,153,153,
1271,40,70000,0,user_40,153,153,
1364,,320000,0,user_0,154,,
1365,,460000,0,user_1,154,,
1366,,360000,0,user_2,154,,
1367,,970000,0,user_3,154,,
1368,,870000,0,user_4,154,,
1369,,77000,0,user_5,154,,
1370,,1500000,0,user_5,154,,
1371,,340000,0,user_6,154,,
1372,,1000000,0,user_8,154,,
1373,,110000,0,user_10,154,,
1374,,5200000,108000,user_12,154,,
1375,,600000,139000,user_13,154,,
1376,,80000,0,user_14,154,,
1377,,910000,0,user_15,154,,
1378,,80000,0,user_17,154,,
1379,,83000,0,user_19,154,,
1380,,190000,0,user_19,154,,
1381,,160000,0,user_20,154,,
1382,,300000,0,user_22,154,,
1383,,4500000,0,user_22,154,,
1384,,73000,0,user_23,154,,
1385,,1900000,0,user_25,154,,
1386,,170000,13900,user_25,154,,
1387,,630000,100000,user_25,154,,
1388,,260000,0,user_25,154,,
1389,,19000000,0,user_27,154,,
1390,,1400000,35600,user_27,154,,
1391,,1900000,0,user_27,154,,
1392,,600000,0,user_27,154,,
1393,,84000,0,user_27,154,,
1394,,1900000,0,user_30,154,,
1395,,350000,0,user_32,154,,
1396,,150000,0,user_33,154,,
1397,,1500000,0,user_33,154,,
1398,,120000,0,user_34,154,,
1399,,1400000,0,user_34,154,,
1400,,310000,231000,user_35,154,,
1401,,150000,0,user_36,154,,
1402,,420000,0,user_36,154,,
1403,,420000,0,user_36,154,,
1404,,1500000,0,user_36,154,,
1405,,5000000,0,user_37,154,,
1406,,1600000,161000,user_38,154,,
1407,,150000,10700,user_40,154,,
1408,,460000,0,user_40,154,,
1409,,110000,0,user_46,154,,
1410,,1500000,0,user_47,154,,
1389,0,19000000,0,user_27,154,154,
1374,1,5200000,108000,user_12,154,154,
1405,2,5000000,0,user_37,154,154,
1383,3,4500000,0,user_22,154,154,
1385,4,1900000,0,user_25,154,154,
1391,5,1900000,0,user_27,154,154,
1394,6,1900000,0,user_30,154,154,
1406,7,1600000,161000,user_38,154,154,
1370,8,1500000,0,user_5,154,154,
1397,9,1500000,0,user_33,154,154,
1404,10,1500000,0,user_36,154,154,
1410,11,1500000,0,user_47,154,154,
1390,12,1400000,35600,user_27,154,154,
1399,13,1400000,0,user_34,154,154,
1372,14,1000000,0,user_8,154,154,
1367,15,970000,0,user_3,154,154,
1377,16,910000,0,user_15,154,154,
1368,17,870000,0,user_4,154,154,
1387,18,630000,100000,user_25,154,154,
1375,19,600000,139000,user_13,154,154,
1392,20,600000,0,user_27,154,154,
1365,21,460000,0,user_1,154,154,
1408,22,460000,0,user_40,154,154,
1402,23,420000,0,user_36,154,154,
1403,24,420000,0,user_36,154,154,
1366,25,360000,0,user_2,154,154,
1371,26,340000,0,user_6,154,154,
1364,27,320000,0,user_0,154,154,
1382,28,300000,0,user_22,154,154,
1388,29,260000,0,user_25,154,154,
1380,30,190000,0,user_19,154,154,
1386,31,170000,13900,user_25,154,154,
1381,32,160000,0,user_20,154,154,
1396,33,150000,0,user_33,154,154,
1401,34,150000,0,user_36,154,154,
1407,35,150000,10700,user_40,154,154,
1398,36,120000,0,user_34,154,154,
1393,37,84000,0,user_27,154,154,
1379,38,83000,0,user_19,154,154,
1376,39,80000,0,user_14,154,154,
1378,40,80000,0,user_17,154,154,
1369,41,77000,0,user_5,154,154,
1384,42,73000,0,user_23,154,154,
1467,,220000,0,user_0,155,,
1468,,190000,0,user_2,155,,
1469,,30000000,0,user_3,155,,
1470,,530000,0,user_6,155,,
1471,,320000,0,user_8,155,,
1472,,84000,15700,user_10,155,,
1473,,1300000,0,user_11,155,,
1474,,77000,0,user_12,155,,
1475,,150000,73100,user_13,155,,
1476,,2000000,369000,user_15,155,,
1477,,160000,0,user_16,155,,
1478,,2100000,0,user_16,155,,
1479,,910000,0,user_16,155,,
1480,,70000,0,user_16,155,,
1481,,19000000,0,user_16,155,,
1482,,110000,0,user_17,155,,
1483,,1400000,350000,user_18,155,,
1484,,470000,0,user_18,155,,
1485,,30000000,35600,user_19,155,,
1486,,160000,0,user_21,155,,
1487,,5000000,0,user_22,155,,
1488,,5000000,0,user_24,155,,
1489,,170000,0,user_25,155,,
1490,,1500000,0,user_27,155,,
1491,,98000,0,user_28,155,,
1492,,79000,31700,user_29,155,,
1493,,310000,13900,user_29,155,,
1494,,1400000,0,user_30,155,,
1495,,460000,0,user_31,155,,
1496,,98000,0,user_32,155,,
1497,,1400000,15700,user_33,155,,
1498,,85000,0,user_33,155,,
1499,,360000,0,user_33,155,,
1500,,470000,0,user_33,155,,
1501,,120000,0,user_34,155,,
1502,,320000,0,user_35,155,,
1503,,160000,0,user_36,155,,
1504,,98000,0,user_37,155,,
1505,,1900000,0,user_39,155,,
1506,,110000,0,user_39,155,,
1507,,1000000,35600,user_40,155,,
1508,,110000,0,user_41,155,,
1509,,4200000,0,user_42,155,,
1510,,2400000,0,user_42,155,,
1511,,220000,0,user_42,155,,
1512,,310000,164000,user_42,155,,
1513,,98000,0,user_42,155,,
1514,,2500000,0,user_43,155,,
1515,,2000000,0,user_49,155,,
1516,,1300000,35100,user_49,155,,
1469,0,30000000,0,user_3,155,155,
1485,1,30000000,35600,user_19,155,155,
1481,2,19000000,0,user_16,155,155,
1487,3,5000000,0,user_22,155,155,
1488,4,5000000,0,user_24,155,155,
1509,5,4200000,0,user_42,155,155,
1514,6,2500000,0,user_43,155,155,
1510,7,2400000,0,user_42,155,155,
1478,8,2100000,0,user_16,155,155,
1476,9,2000000,369000,user_15,155,155,
1515,10,2000000,0,user_49,155,155,
1505,11,1900000,0,user_39,155,155,
1483,12,1400000,350000,user_18,155,155,
1494,13,1400000,0,user_30,155,155,
1497,14,1400000,15700,user_33,155,155,
1473,15,1300000,0,user_11,155,155,
1516,16,1300000,35100,user_49,155,155,
1507,17,1000000,35600,user_40,155,155,
1479,18,910000,0,user_16,155,155,
1470,19,530000,0,user_6,155,155,
1484,20,470000,0,user_18,155,155,
1500,21,470000,0,user_33,155,155,
1495,22,460000,0,user_31,155,155,
1499,23,360000,0,user_33,155,155,
1471,24,320000,0,user_8,155,155,
1502,25,320000,0,user_35,155,155,
1493,26,310000,13900,user_29,155,155,
1512,27,310000,164000,user_42,155,155,
1467,28,220000,0,user_0,155,155,
1511,29,220000,0,user_42,155,155,
1468,30,190000,0,user_2,155,155,
1489,31,170000,0,user_25,155,155,
1477,32,160000,0,user_16,155,155,
1486,33,160000,0,user_21,155,155,
1475,34,150000,73100,user_13,155,155,
1501,35,120000,0,user_34,155,155,
1482,36,110000,0,user_17,155,155,
1506,37,110000,0,user_39,155,155,
1508,38,110000,0,user_41,155,155,
1491,39,98000,0,user_28,155,155,
1496,40,98000,0,user_32,155,155,
1504,41,98000,0,user_37,155,155,
1513,42,98000,0,user_42,155,155,
1498,43,85000,0,user_33,155,155,
1492,44,79000,31700,user_29,155,155,
1474,45,77000,0,user_12,155,155,
1480,46,70000,0,user_16,155,155,
1598,,5200000,0,user_0,156,,
1599,,220000,49100,user_2,156,,
1600,,150000,0,user_3,156,,
1601,,6300000,0,user_6,156,,
1602,,160000,0,user_6,156,,
1603,,5000000,0,user_7,156,,
1604,,1500000,0,user_8,156,,
1605,,260000,0,user_8,156,,
1606,,1100000,0,user_9,156,,
1607,,470000,12800,user_10,156,,
1608,,160000,0,user_12,156,,
1609,,120000,0,user_13,156,,
1610,,3500000,0,user_14,156,,
1611,,150000,0,user_15,156,,
1612,,530000,0,user_15,156,,
1613,,5200000,12300,user_17,156,,
1614,,160000,47700,user_17,156,,
1615,,1500000,410000,user_18,156,,
1616,,120000,0,user_19,156,,
1617,,460000,0,user_19,156,,
1618,,1400000,0,user_20,156,,
1619,,43000000,0,user_21,156,,
1620,,1100000,231000,user_22,156,,
1621,,310000,0,user_23,156,,
1622,,1200000,231000,user_25,156,,
1623,,85000,0,user_25,156,,
1624,,120000,64600,user_26,156,,
1625,,110000,0,user_27,156,,
1626,,530000,231000,user_29,156,,
1627,,1000000,0,user_29,156,,
1628,,1000000,0,user_30,156,,
1629,,130000,0,user_31,156,,
1630,,1000000,0,user_32,156,,
1631,,170000,0,user_34,156,,
1632,,190000,0,user_34,156,,
1633,,530000,0,user_34,156,,
1634,,2000000,33300,user_34,156,,
1635,,170000,0,user_35,156,,
1636,,1600000,0,user_36,156,,
1637,,1500000,35100,user_37,156,,
1638,,1000000,0,user_37,156,,
1639,,320000,1100000,user_39,156,,
1640,,2300000,31700,user_39,156,,
1641,,1500000,67500,user_39,156,,
1642,,84000,0,user_42,156,,
1643,,150000,350000,user_43,156,,
1644,,420000,0,user_44,156,,
1645,,1900000,0,user_44,156,,
1646,,240000,0,user_45,156,,
1647,,83000,0,user_46,156,,
1648,,2100000,0,user_49,156,,
1619,0,43000000,0,user_21,156,156,
1601,1,6300000,0,user_6,156,156,
1598,2,5200000,0,user_0,156,156,
1613,3,5200000,12300,user_17,156,156,
1603,4,5000000,0,user_7,156,156,
1610,5,3500000,0,user_14,156,156,
1640,6,2300000,31700,user_39,156,156,
1648,7,2100000,0,user_49,156,156,
1634,8,2000000,33300,user_34,156,156,
1645,9,1900000,0,user_44,156,156,
1636,10,1600000,0,user_36,156,156,
1604,11,1500000,0,user_8,156,156,
1615,12,1500000,410000,user_18,156,156,
1637,13,1500000,35100,user_37,156,156,
1641,14,1500000,67500,user_39,156,156,
1618,15,1400000,0,user_20,156,156,
1622,16,1200000,231000,user_25,156,156,
1606,17,1100000,0,user_9,156,156,
1620,18,1100000,231000,user_22,156,156,
1627,19,1000000,0,user_29,156,156,
1628,20,1000000,0,user_30,156,156,
1638,21,1000000,0,user_37,156,156,
1612,22,530000,0,user_15,156,156,
1626,23,530000,231000,user_29,156,156,
1633,24,530000,0,user_34,156,156,
1617,25,460000,0,user_19,156,156,
1644,26,420000,0,user_44,156,156,
1639,27,320000,1100000,user_39,156,156,
1621,28,310000,0,user_23,156,156,
1605,29,260000,0,user_8,156,156,
1599,30,220000,49100,user_2,156,156,
1632,31,190000,0,user_34,156,156,
1631,32,170000,0,user_34,156,156,
1602,33,160000,0,user_6,156,156,
1608,34,160000,0,user_12,156,156,
1614,35,160000,47700,user_17,156,156,
1600,36,150000,0,user_3,156,156,
1611,37,150000,0,user_15,156,156,
1643,38,150000,350000,user_43,156,156,
1629,39,130000,0,user_31,156,156,
1609,40,120000,0,user_13,156,156,
1616,41,120000,0,user_19,156,156,
1624,42,120000,64600,user_26,156,156,
1625,43,110000,0,user_27,156,156,
1623,44,85000,0,user_25,156,156,
1642,45,84000,0,user_42,156,156,
1753,,3600000,0,user_1,157,,
1754,,530000,0,user_2,157,,
1755,,4500000,0,user_3,157,,
1756,,82000,0,user_4,157,,
1757,,43000000,0,user_5,157,,
1758,,1500000,0,user_5,157,,
1759,,320000,0,user_6,157,,
1760,,150000,0,user_8,157,,
1761,,370000,0,user_8,157,,
1762,,87000,0,user_9,157,,
1763,,1400000,0,user_9,157,,
1764,,1700000,0,user_11,157,,
1765,,260000,0,user_13,157,,
1766,,260000,322000,user_14,157,,
1767,,170000,18600,user_14,157,,
1768,,300000,0,user_15,157,,
1769,,2500000,0,user_16,157,,
1770,,100000,0,user_17,157,,
1771,,170000,5640,user_18,157,,
1772,,5000000,0,user_19,157,,
1773,,300000,0,user_20,157,,
1774,,1500000,0,user_21,157,,
1775,,460000,0,user_22,157,,
1776,,6300000,36800,user_23,157,,
1777,,110000,0,user_24,157,,
1778,,5000000,0,user_25,157,,
1779,,1600000,0,user_26,157,,
1780,,320000,0,user_26,157,,
1781,,84000,0,user_26,157,,
1782,,340000,75000,user_26,157,,
1783,,70000,283000,user_27,157,,
1784,,970000,33300,user_27,157,,
1785,,460000,121000,user_28,157,,
1786,,470000,195000,user_29,157,,
1787,,6300000,0,user_30,157,,
1788,,1300000,0,user_33,157,,
1789,,1400000,13900,user_34,157,,
1790,,1500000,369000,user_36,157,,
1791,,150000,0,user_37,157,,
1792,,660000,33100,user_37,157,,
1793,,1600000,381000,user_37,157,,
1794,,2400000,0,user_37,157,,
1795,,2000000,0,user_38,157,,
1796,,150000,0,user_38,157,,
1797,,110000,0,user_39,157,,
1798,,970000,0,user_40,157,,
1799,,1000000,0,user_41,157,,
1800,,6100000,39400,user_42,157,,
1801,,1000000,43600,user_43,157,,
1802,,1100000,0,user_43,157,,
1803,,360000,10700,user_44,157,,
1804,,2000000,0,user_44,157,,
1805,,150000,0,user_45,157,,
1806,,6100000,0,user_46,157,,
1807,,4200000,0,user_46,157,,
1808,,27000000,769000,user_47,157,,
1809,,84000,0,user_48,157,,
1810,,2000000,0,user_49,157,,
1811,,2600000,0,user_49,157,,
1812,,130000,0,user_49,157,,
1813,,130000,0,user_49,157,,
1757,0,43000000,0,user_5,157,157,
1808,1,27000000,769000,user_47,157,157,
1776,2,6300000,36800,user_23,157,157,
1787,3,6300000,0,user_30,157,157,
1800,4,6100000,39400,user_42,157,157,
1806,5,6100000,0,user_46,157,157,
1772,6,5000000,0,user_19,157,157,
1778,7,5000000,0,user_25,157,157,
1755,8,4500000,0,user_3,157,157,
1807,9,4200000,0,user_46,157,157,
1811,10,2600000,0,user_49,157,157,
1769,11,2500000,0,user_16,157,157,
1794,12,2400000,0,user_37,157,157,
1804,13,2000000,0,user_44,157,157,
1810,14,2000000,0,user_49,157,157,
1764,15,1700000,0,user_11,157,157,
1779,16,1600000,0,user_26,157,157,
1793,17,1600000,381000,user_37,157,157,
1758,18,1500000,0,user_5,157,157,
1774,19,1500000,0,user_21,157,157,
1790,20,1500000,369000,user_36,157,157,
1763,21,1400000,0,user_9,157,157,
1789,22,1400000,13900,user_34,157,157,
1788,23,1300000,0,user_33,157,157,
1802,24,1100000,0,user_43,157,157,
1801,25,1000000,43600,user_43,157,157,
1784,26,970000,33300,user_27,157,157,
1798,27,970000,0,user_40,157,157,
1792,28,660000,33100,user_37,157,157,
1786,29,470000,195000,user_29,157,157,
1775,30,460000,0,user_22,157,157,
1785,31,460000,121000,user_28,157,157,
1803,32,360000,10700,user_44,157,157,
1782,33,340000,75000,user_26,157,157,
1780,34,320000,0,user_26,157,157,
1766,35,260000,322000,user_14,157,157,
1767,36,170000,18600,user_14,157,157,
1771,37,170000,5640,user_18,157,157,
1791,38,150000,0,user_37,157,157,
1805,39,150000,0,user_45,157,157,
1812,40,130000,0,user_49,157,157,
1813,41,130000,0,user_49,157,157,
1777,42,110000,0,user_24,157,157,
1797,43,110000,0,user_39,157,157,
1770,44,100000,0,user_17,157,157,
1762,45,87000,0,user_9,157,157,
1781,46,84000,0,user_26,157,157,
1809,47,84000,0,user_48,157,157,
1756,48,82000,0,user_4,157,157,
1783,49,70000,283000,user_27,157,157,
1932,,1900000,0,user_0,158,,
1933,,4500000,0,user_1,158,,
1934,,83000,0,user_2,158,,
1935,,1100000,60700,user_3,158,,
1936,,2600000,0,user_3,158,,
1937,,1800000,0,user_4,158,,
1938,,80000,0,user_6,158,,
1939,,5000000,231000,user_7,158,,
1940,,350000,0,user_8,158,,
1941,,83000,108000,user_8,158,,
1942,,6300000,0,user_10,158,,
1943,,970000,0,user_11,158,,
1944,,43000000,0,user_11,158,,
1945,,160000,0,user_12,158,,
1946,,910000,0,user_12,158,,
1947,,660000,0,user_13,158,,
1948,,360000,0,user_14,158,,
1949,,1500000,0,user_14,158,,
1950,,85000,0,user_14,158,,
1951,,170000,0,user_14,158,,
1952,,260000,0,user_14,158,,
1953,,630000,15100,user_16,158,,
1954,,4200000,0,user_16,158,,
1955,,2000000,0,user_16,158,,
1956,,650000,0,user_16,158,,
1957,,1000000,0,user_16,158,,
1958,,3500000,0,user_18,158,,
1959,,1100000,16400,user_18,158,,
1960,,84000,0,user_19,158,,
1961,,120000,0,user_21,158,,
1962,,1500000,769000,user_23,158,,
1963,,98000,6390,user_23,158,,
1964,,240000,67500,user_25,158,,
1965,,77000,0,user_26,158,,
1966,,130000,146000,user_26,158,,
1967,,260000,0,user_26,158,,
1968,,82000,0,user_28,158,,
1969,,98000,369000,user_29,158,,
1970,,2100000,0,user_29,158,,
1971,,3600000,0,user_30,158,,
1972,,160000,0,user_31,158,,
1973,,120000,0,user_31,158,,
1974,,3500000,0,user_32,158,,
1975,,320000,12800,user_33,158,,
1976,,2000000,0,user_34,158,,
1977,,6100000,256000,user_36,158,,
1978,,19000000,0,user_37,158,,
1979,,2600000,0,user_38,158,,
1980,,30000000,296000,user_39,158,,
1981,,1000000,0,user_39,158,,
1982,,110000,181000,user_43,158,,
1983,,170000,0,user_43,158,,
1984,,910000,60700,user_44,158,,
1985,,98000,161000,user_45,158,,
1986,,120000,73100,user_45,158,,
1987,,170000,0,user_47,158,,
1988,,150000,19700,user_49,158,,
1944,0,43000000,0,user_11,158,158,
1980,1,30000000,296000,user_39,158,158,
1978,2,19000000,0,user_37,158,158,
1942,3,6300000,0,user_10,158,158,
1977,4,6100000,256000,user_36,158,158,
1939,5,5000000,231000,user_7,158,158,
1933,6,4500000,0,user_1,158,158,
1954,7,4200000,0,user_16,158,158,
1971,8,3600000,0,user_30,158,158,
1958,9,3500000,0,user_18,158,158,
1936,10,2600000,0,user_3,158,158,
1970,11,2100000,0,user_29,158,158,
1955,12,2000000,0,user_16,158,158,
1976,13,2000000,0,user_34,158,158,
1932,14,1900000,0,user_0,158,158,
1937,15,1800000,0,user_4,158,158,
1962,16,1500000,769000,user_23,158,158,
1935,17,1100000,60700,user_3,158,158,
1959,18,1100000,16400,user_18,158,158,
1957,19,1000000,0,user_16,158,158,
1981,20,1000000,0,user_39,158,158,
1943,21,970000,0,user_11,158,158,
1946,22,910000,0,user_12,158,158,
1984,23,910000,60700,user_44,158,158,
1947,24,660000,0,user_13,158,158,
1956,25,650000,0,user_16,158,158,
1953,26,630000,15100,user_16,158,158,
1940,27,350000,0,user_8,158,158,
1975,28,320000,12800,user_33,158,158,
1967,29,260000,0,user_26,158,158,
1964,30,240000,67500,user_25,158,158,
1983,31,170000,0,user_43,158,158,
1987,32,170000,0,user_47,158,158,
1945,33,160000,0,user_12,158,158,
1972,34,160000,0,user_31,158,158,
1988,35,150000,19700,user_49,158,158,
1966,36,130000,146000,user_26,158,158,
1961,37,120000,0,user_21,158,158,
1973,38,120000,0,user_31,158,158,
1986,39,120000,73100,user_45,158,158,
1982,40,110000,181000,user_43,158,158,
1963,41,98000,6390,user_23,158,158,
1969,42,98000,369000,user_29,158,158,
1985,43,98000,161000,user_45,158,158,
1934,44,83000,0,user_2,158,158,
1941,45,83000,108000,user_8,158,158,
1938,46,80000,0,user_6,158,158,
1965,47,77000,0,user_26,158,158,
2114,,220000,0,user_0,159,,
2115,,650000,0,user_0,159,,
2116,,83000,0,user_1,159,,
2117,,160000,0,user_1,159,,
2118,,110000,0,user_1,159,,
2119,,150000,43600,user_1,159,,
2120,,150000,0,user_1,159,,
2121,,150000,0,user_2,159,,
2122,,420000,0,user_3,159,,
2123,,2600000,0,user_5,159,,
2124,,670000,0,user_7,159,,
2125,,1200000,0,user_8,159,,
2126,,120000,0,user_12,159,,
2127,,1300000,0,user_15,159,,
2128,,2000000,0,user_16,159,,
2129,,120000,0,user_19,159,,
2130,,3600000,0,user_19,159,,
2131,,4200000,0,user_20,159,,
2132,,650000,0,user_20,159,,
2133,,910000,0,user_21,159,,
2134,,120000,24700,user_22,159,,
2135,,3200000,0,user_23,159,,
2136,,77000,0,user_24,159,,
2137,,110000,0,user_26,159,,
2138,,120000,0,user_29,159,,
2139,,1500000,0,user_29,159,,
2140,,27000000,0,user_30,159,,
2141,,87000,0,user_31,159,,
2142,,1000000,0,user_32,159,,
2143,,120000,0,user_33,159,,
2144,,1100000,296000,user_34,159,,
2145,,2400000,0,user_34,159,,
2146,,6100000,0,user_35,159,,
2147,,1600000,0,user_36,159,,
2148,,110000,0,user_38,159,,
2149,,85000,0,user_39,159,,
2150,,30000000,0,user_40,159,,
2151,,260000,0,user_41,159,,
2152,,160000,33300,user_44,159,,
2153,,130000,10700,user_46,159,,
2154,,120000,0,user_46,159,,
2155,,470000,0,user_47,159,,
2156,,1900000,32900,user_48,159,,
2157,,310000,0,user_49,159,,
2150,0,30000000,0,user_40,159,159,
2140,1,27000000,0,user_30,159,159,
2146,2,6100000,0,user_35,159,159,
2131,3,4200000,0,user_20,159,159,
2130,4,3600000,0,user_19,159,159,
2135,5,3200000,0,user_23,159,159,
2123,6,2600000,0,user_5,159,159,
2145,7,2400000,0,user_34,159,159,
2128,8,2000000,0,user_16,159,159,
2156,9,1900000,32900,user_48,159,159,
2147,10,1600000,0,user_36,159,159,
2139,11,1500000,0,user_29,159,159,
2127,12,1300000,0,user_15,159,159,
2125,13,1200000,0,user_8,159,159,
2144,14,1100000,296000,user_34,159,159,
2142,15,1000000,0,user_32,159,159,
2133,16,910000,0,user_21,159,159,
2124,17,670000,0,user_7,159,159,
2115,18,650000,0,user_0,159,159,
2132,19,650000,0,user_20,159,159,
2155,20,470000,0,user_47,159,159,
2122,21,420000,0,user_3,159,159,
2157,22,310000,0,user_49,159,159,
2151,23,260000,0,user_41,159,159,
2114,24,220000,0,user_0,159,159,
2152,25,160000,33300,user_44,159,159,
2121,26,150000,0,user_2,159,159,
2153,27,130000,10700,user_46,159,159,
2129,28,120000,0,user_19,159,159,
2134,29,120000,24700,user_22,159,159,
2138,30,120000,0,user_29,159,159,
2143,31,120000,0,user_33,159,159,
2154,32,120000,0,user_46,159,159,
2148,33,110000,0,user_38,159,159,
2141,34,87000,0,user_31,159,159,
2136,35,77000,0,user_24,159,159,
2198,,170000,0,user_0,160,,
2199,,30000000,0,user_1,160,,
2200,,73000,3130,user_2,160,,
2201,,420000,0,user_2,160,,
2202,,220000,0,user_3,160,,
2203,,110000,30200,user_4,160,,
2204,,220000,0,user_4,160,,
2205,,1900000,0,user_5,160,,
2206,,110000,0,user_6,160,,
2207,,240000,0,user_6,160,,
2208,,27000000,0,user_6,160,,
2209,,470000,0,user_6,160,,
2210,,170000,0,user_7,160,,
2211,,420000,0,user_9,160,,
2212,,220000,0,user_9,160,,
2213,,1100000,0,user_9,160,,
2214,,1600000,0,user_10,160,,
2215,,1100000,0,user_11,160,,
2216,,1600000,256000,user_12,160,,
2217,,350000,0,user_15,160,,
2218,,1600000,0,user_15,160,,
2219,,160000,13900,user_16,160,,
2220,,19000000,0,user_16,160,,
2221,,77000,15300,user_17,160,,
2222,,98000,0,user_18,160,,
2223,,3200000,0,user_19,160,,
2224,,70000,0,user_20,160,,
2225,,170000,0,user_21,160,,
2226,,3500000,0,user_21,160,,
2227,,170000,0,user_24,160,,
2228,,5200000,0,user_25,160,,
2229,,4500000,0,user_26,160,,
2230,,43000000,0,user_27,160,,
2231,,260000,0,user_29,160,,
2232,,2500000,0,user_30,160,,
2233,,2000000,0,user_31,160,,
2234,,970000,0,user_32,160,,
2235,,2300000,0,user_33,160,,
2236,,1000000,35100,user_34,160,,
2237,,1200000,0,user_35,160,,
2238,,310000,0,user_39,160,,
2239,,1400000,0,user_40,160,,
2240,,600000,0,user_41,160,,
2241,,870000,0,user_42,160,,
2242,,650000,0,user_42,160,,
2243,,1000000,0,user_43,160,,
2244,,160000,0,user_45,160,,
2245,,1000000,10700,user_46,160,,
2246,,4200000,0,user_47,160,,
2247,,300000,13900,user_47,160,,
2248,,120000,0,user_48,160,,
2249,,1900000,0,user_49,160,,
2250,,340000,73100,user_49,160,,
2230,0,43000000,0,user_27,160,160,
2199,1,30000000,0,user_1,160,160,
2208,2,27000000,0,user_6,160,160,
2220,3,19000000,0,user_16,160,160,
2228,4,5200000,0,user_25,160,160,
2229,5,4500000,0,user_26,160,160,
2246,6,4200000,0,user_47,160,160,
2226,7,3500000,0,user_21,160,160,
2232,8,2500000,0,user_30,160,160,
2235,9,2300000,0,user_33,160,160,
2233,10,2000000,0,user_31,160,160,
2205,11,1900000,0,user_5,160,160,
2249,12,1900000,0,user_49,160,160,
2214,13,1600000,0,user_10,160,160,
2216,14,1600000,256000,user_12,160,160,
2218,15,1600000,0,user_15,160,160,
2239,16,1400000,0,user_40,160,160,
2237,17,1200000,0,user_35,160,160,
2215,18,1100000,0,user_11,160,160,
2236,19,1000000,35100,user_34,160,160,
2243,20,1000000,0,user_43,160,160,
2245,21,1000000,10700,user_46,160,160,
2241,22,870000,0,user_42,160,160,
2242,23,650000,0,user_42,160,160,
2240,24,600000,0,user_41,160,160,
2209,25,470000,0,user_6,160,160,
2201,26,420000,0,user_2,160,160,
2217,27,350000,0,user_15,160,160,
2250,28,340000,73100,user_49,160,160,
2238,29,310000,0,user_39,160,160,
2247,30,300000,13900,user_47,160,160,
2231,31,260000,0,user_29,160,160,
2207,32,240000,0,user_6,160,160,
2202,33,220000,0,user_3,160,160,
2204,34,220000,0,user_4,160,160,
2198,35,170000,0,user_0,160,160,
2210,36,170000,0,user_7,160,160,
2225,37,170000,0,user_21,160,160,
2219,38,160000,13900,user_16,160,160,
2244,39,160000,0,user_45,160,160,
2203,40,110000,30200,user_4,160,160,
2206,41,110000,0,user_6,160,160,
2222,42,98000,0,user_18,160,160,
2221,43,77000,15300,user_17,160,160,
2200,44,73000,3130,user_2,160,160,
2224,45,70000,0,user_20,160,160,
2311,,320000,0,user_0,161,,
2312,,190000,0,user_3,161,,
2313,,170000,0,user_3,161,,
2314,,460000,12800,user_3,161,,
2315,,30000000,33100,user_3,161,,
2316,,120000,0,user_3,161,,
2317,,130000,0,user_4,161,,
2318,,1500000,17700000,user_4,161,,
2319,,120000,15100,user_5,161,,
2320,,170000,0,user_7,161,,
2321,,27000000,0,user_7,161,,
2322,,1500000,0,user_8,161,,
2323,,420000,0,user_9,161,,
2324,,870000,0,user_11,161,,
2325,,670000,0,user_12,161,,
2326,,82000,12300,user_12,161,,
2327,,3200000,0,user_13,161,,
2328,,4500000,0,user_14,161,,
2329,,1500000,6390,user_16,161,,
2330,,310000,0,user_16,161,,
2331,,5000000,0,user_17,161,,
2332,,350000,0,user_17,161,,
2333,,1000000,369000,user_18,161,,
2334,,85000,0,user_19,161,,
2335,,2300000,0,user_20,161,,
2336,,190000,0,user_20,161,,
2337,,1500000,12300,user_24,161,,
2338,,220000,0,user_24,161,,
2339,,120000,0,user_25,161,,
2340,,120000,0,user_25,161,,
2341,,120000,0,user_26,161,,
2342,,1600000,0,user_27,161,,
2343,,2000000,0,user_28,161,,
2344,,150000,35600,user_30,161,,
2345,,1000000,283000,user_31,161,,
2346,,970000,0,user_32,161,,
2347,,970000,0,user_34,161,,
2348,,73000,164000,user_36,161,,
2349,,73000,0,user_37,161,,
2350,,160000,73100,user_38,161,,
2351,,420000,21800,user_42,161,,
2352,,1600000,0,user_43,161,,
2353,,98000,43600,user_43,161,,
2354,,150000,0,user_44,161,,
2355,,220000,0,user_46,161,,
2356,,1800000,84800,user_47,161,,
2357,,600000,0,user_48,161,,
2358,,1900000,0,user_48,161,,
2315,0,30000000,33100,user_3,161,161,
2321,1,27000000,0,user_7,161,161,
2331,2,5000000,0,user_17,161,161,
2328,3,4500000,0,user_14,161,161,
2327,4,3200000,0,user_13,161,161,
2335,5,2300000,0,user_20,161,161,
2343,6,2000000,0,user_28,161,161,
2358,7,1900000,0,user_48,161,161,
2356,8,1800000,84800,user_47,161,161,
2342,9,1600000,0,user_27,161,161,
2352,10,1600000,0,user_43,161,161,
2318,11,1500000,17700000,user_4,161,161,
2322,12,1500000,0,user_8,161,161,
2337,13,1500000,12300,user_24,161,161,
2333,14,1000000,369000,user_18,161,161,
2345,15,1000000,283000,user_31,161,161,
2347,16,970000,0,user_34,161,161,
2325,17,670000,0,user_12,161,161,
2357,18,600000,0,user_48,161,161,
2314,19,460000,12800,user_3,161,161,
2323,20,420000,0,user_9,161,161,
2351,21,420000,21800,user_42,161,161,
2332,22,350000,0,user_17,161,161,
2311,23,320000,0,user_0,161,161,
2338,24,220000,0,user_24,161,161,
2312,25,190000,0,user_3,161,161,
2336,26,190000,0,user_20,161,161,
2313,27,170000,0,user_3,161,161,
2320,28,170000,0,user_7,161,161,
2350,29,160000,73100,user_38,161,161,
2344,30,150000,35600,user_30,161,161,
2354,31,150000,0,user_44,161,161,
2317,32,130000,0,user_4,161,161,
2316,33,120000,0,user_3,161,161,
2319,34,120000,15100,user_5,161,161,
2339,35,120000,0,user_25,161,161,
2340,36,120000,0,user_25,161,161,
2341,37,120000,0,user_26,161,161,
2353,38,98000,43600,user_43,161,161,
2334,39,85000,0,user_19,161,161,
2326,40,82000,12300,user_12,161,161,
2348,41,73000,164000,user_36,161,161,
2349,42,73000,0,user_37,161,161,
2463,,1000000,0,user_1,162,,
2464,,910000,73100,user_2,162,,
2465,,110000,769000,user_3,162,,
2466,,2000000,0,user_6,162,,
2467,,1400000,56200,user_9,162,,
2468,,170000,0,user_11,162,,
2469,,320000,49100,user_12,162,,
2470,,73000,0,user_13,162,,
2471,,2300000,0,user_14,162,,
2472,,190000,0,user_15,162,,
2473,,1900000,0,user_16,162,,
2474,,1400000,1100000,user_17,162,,
2475,,150000,0,user_17,162,,
2476,,120000,0,user_17,162,,
2477,,460000,0,user_17,162,,
2478,,2000000,0,user_17,162,,
2479,,600000,0,user_18,162,,
2480,,2100000,0,user_20,162,,
2481,,110000,0,user_23,162,,
2482,,2000000,0,user_25,162,,
2483,,5000000,0,user_25,162,,
2484,,1800000,13900,user_26,162,,
2485,,310000,0,user_27,162,,
2486,,87000,47700,user_28,162,,
2487,,240000,0,user_28,162,,
2488,,2000000,0,user_29,162,,
2489,,240000,0,user_31,162,,
2490,,130000,33100,user_31,162,,
2491,,240000,5640,user_33,162,,
2492,,110000,0,user_34,162,,
2493,,530000,0,user_36,162,,
2494,,73000,11200,user_36,162,,
2495,,150000,0,user_36,162,,
2496,,1500000,0,user_36,162,,
2497,,170000,0,user_37,162,,
2498,,85000,7840,user_38,162,,
2499,,670000,0,user_41,162,,
2500,,73000,12300,user_42,162,,
2501,,1800000,0,user_42,162,,
2502,,1000000,0,user_43,162,,
2503,,1400000,0,user_44,162,,
2504,,43000000,0,user_45,162,,
2505,,220000,0,user_46,162,,
2506,,220000,0,user_46,162,,
2507,,160000,0,user_47,162,,
2508,,1000000,0,user_49,162,,
2504,0,43000000,0,user_45,162,162,
2520,1,0,0,builder_1,162,162,2474
2474,2,1400000,1100000,user_17,162,162,
2478,3,2000000,0,user_17,162,162,
2473,4,1900000,0,user_16,162,162,
2501,5,1800000,0,user_42,162,162,
2496,6,1500000,0,user_36,162,162,
2503,7,1400000,0,user_44,162,162,
2463,8,1000000,0,user_1,162,162,
2502,9,1000000,0,user_43,162,162,
2508,10,1000000,0,user_49,162,162,
2521,11,0,0,builder_1,162,162,2464
2464,12,910000,73100,user_2,162,162,
2479,13,600000,0,user_18,162,162,
2493,14,530000,0,user_36,162,162,
2477,15,460000,0,user_17,162,162,
2469,16,320000,49100,user_12,162,162,
2522,17,0,0,builder_1,162,162,2469
2485,18,310000,0,user_27,162,162,
2523,19,0,0,builder_1,162,162,2491
2491,20,240000,5640,user_33,162,162,
2487,21,240000,0,user_28,162,162,
2489,22,240000,0,user_31,162,162,
2505,23,220000,0,user_46,162,162,
2506,24,220000,0,user_46,162,162,
2472,25,190000,0,user_15,162,162,
2468,26,170000,0,user_11,162,162,
2497,27,170000,0,user_37,162,162,
2490,28,130000,33100,user_31,162,162,
2524,29,0,0,builder_1,162,162,2490
2475,30,150000,0,user_17,162,162,
2495,31,150000,0,user_36,162,162,
2525,32,0,0,builder_1,162,162,2486
2486,33,87000,47700,user_28,162,162,
2476,34,120000,0,user_17,162,162,
2492,35,110000,0,user_34,162,162,
2526,36,0,0,builder_1,162,162,2498
2498,37,85000,7840,user_38,162,162,
2527,38,0,0,builder_1,162,162,2500
2500,39,73000,12300,user_42,162,162,
2494,40,73000,11200,user_36,162,162,
2528,41,0,0,builder_1,162,162,2494
2595,,120000,0,user_0,163,,
2596,,310000,0,user_2,163,,
2597,,2500000,0,user_3,163,,
2598,,150000,0,user_4,163,,
2599,,120000,64600,user_8,163,,
2600,,3200000,0,user_9,163,,
2601,,650000,1100000,user_10,163,,
2602,,27000000,0,user_11,163,,
2603,,530000,0,user_12,163,,
2604,,240000,0,user_17,163,,
2605,,100000,60700,user_17,163,,
2606,,870000,0,user_21,163,,
2607,,3600000,35100,user_22,163,,
2608,,3600000,0,user_25,163,,
2609,,120000,0,user_26,163,,
2610,,3600000,0,user_27,163,,
2611,,2300000,0,user_28,163,,
2612,,110000,0,user_28,163,,
2613,,350000,0,user_28,163,,
2614,,220000,0,user_28,163,,
2615,,1000000,0,user_29,163,,
2616,,87000,17700000,user_29,163,,
2617,,1000000,0,user_30,163,,
2618,,420000,0,user_31,163,,
2619,,460000,0,user_32,163,,
2620,,100000,0,user_32,163,,
2621,,310000,0,user_32,163,,
2622,,2400000,0,user_32,163,,
2623,,370000,0,user_33,163,,
2624,,6300000,0,user_34,163,,
2625,,870000,0,user_34,163,,
2626,,1200000,0,user_34,163,,
2627,,2300000,0,user_34,163,,
2628,,3200000,0,user_34,163,,
2629,,130000,0,user_35,163,,
2630,,650000,13900,user_36,163,,
2631,,160000,0,user_37,163,,
2632,,170000,18600,user_38,163,,
2633,,3500000,0,user_39,163,,
2634,,98000,0,user_40,163,,
2635,,970000,0,user_40,163,,
2636,,2000000,0,user_42,163,,
2637,,1500000,0,user_45,163,,
2638,,77000,0,user_45,163,,
2639,,110000,0,user_46,163,,
2640,,70000,0,user_47,163,,
2641,,110000,369000,user_48,163,,
2602,0,27000000,0,user_11,163,163,
2624,1,6300000,0,user_34,163,163,
2607,2,3600000,35100,user_22,163,163,
2608,3,3600000,0,user_25,163,163,
2610,4,3600000,0,user_27,163,163,
2633,5,3500000,0,user_39,163,163,
2600,6,3200000,0,user_9,163,163,
2628,7,3200000,0,user_34,163,163,
2597,8,2500000,0,user_3,163,163,
2622,9,2400000,0,user_32,163,163,
2611,10,2300000,0,user_28,163,163,
2627,11,2300000,0,user_34,163,163,
2636,12,2000000,0,user_42,163,163,
2637,13,1500000,0,user_45,163,163,
2626,14,1200000,0,user_34,163,163,
2615,15,1000000,0,user_29,163,163,
2617,16,1000000,0,user_30,163,163,
2635,17,970000,0,user_40,163,163,
2606,18,870000,0,user_21,163,163,
2625,19,870000,0,user_34,163,163,
2630,20,650000,13900,user_36,163,163,
2603,21,530000,0,user_12,163,163,
2619,22,460000,0,user_32,163,163,
2623,23,370000,0,user_33,163,163,
2613,24,350000,0,user_28,163,163,
2621,25,310000,0,user_32,163,163,
2604,26,240000,0,user_17,163,163,
2614,27,220000,0,user_28,163,163,
2631,28,160000,0,user_37,163,163,
2598,29,150000,0,user_4,163,163,
2629,30,130000,0,user_35,163,163,
2595,31,120000,0,user_0,163,163,
2609,32,120000,0,user_26,163,163,
2612,33,110000,0,user_28,163,163,
2639,34,110000,0,user_46,163,163,
2641,35,110000,369000,user_48,163,163,
2605,36,100000,60700,user_17,163,163,
2620,37,100000,0,user_32,163,163,
2634,38,98000,0,user_40,163,163,
2616,39,87000,17700000,user_29,163,163,
2638,40,77000,0,user_45,163,163,
2640,41,70000,0,user_47,163,163,
2702,,27000000,146000,user_0,164,,
2703,,30000000,0,user_0,164,,
2704,,310000,0,user_1,164,,
2705,,120000,283000,user_2,164,,
2706,,1500000,56200,user_2,164,,
2707,,1000000,15300,user_2,164,,
2708,,2100000,0,user_2,164,,
2709,,350000,0,user_2,164,,
2710,,1100000,0,user_3,164,,
2711,,2000000,0,user_4,164,,
2712,,650000,0,user_5,164,,
2713,,470000,0,user_7,164,,
2714,,370000,0,user_9,164,,
2715,,870000,13900,user_10,164,,
2716,,670000,0,user_11,164,,
2717,,460000,256000,user_11,164,,
2718,,110000,0,user_11,164,,
2719,,150000,0,user_11,164,,
2720,,79000,0,user_11,164,,
2721,,83000,139000,user_12,164,,
2722,,1600000,0,user_13,164,,
2723,,1400000,0,user_13,164,,
2724,,1600000,0,user_13,164,,
2725,,5000000,0,user_13,164,,
2726,,2500000,0,user_14,164,,
2727,,160000,13900,user_17,164,,
2728,,5200000,0,user_20,164,,
2729,,460000,67900,user_20,164,,
2730,,1500000,0,user_21,164,,
2731,,3600000,0,user_22,164,,
2732,,2000000,0,user_22,164,,
2733,,77000,0,user_22,164,,
2734,,260000,0,user_22,164,,
2735,,30000000,0,user_23,164,,
2736,,650000,0,user_26,164,,
2737,,1000000,0,user_27,164,,
2738,,120000,0,user_30,164,,
2739,,110000,0,user_30,164,,
2740,,100000,0,user_30,164,,
2741,,420000,0,user_30,164,,
2742,,6100000,0,user_32,164,,
2743,,260000,0,user_34,164,,
2744,,1000000,0,user_36,164,,
2745,,27000000,283000,user_37,164,,
2746,,3600000,0,user_37,164,,
2747,,360000,0,user_37,164,,
2748,,4200000,0,user_37,164,,
2749,,150000,19700,user_37,164,,
2750,,110000,0,user_39,164,,
2751,,340000,0,user_40,164,,
2752,,1900000,0,user_40,164,,
2753,,1300000,0,user_42,164,,
2754,,1900000,139000,user_43,164,,
2755,,160000,0,user_44,164,,
2756,,120000,0,user_45,164,,
2757,,190000,0,user_45,164,,
2758,,84000,0,user_47,164,,
2759,,1600000,594000,user_47,164,,
2760,,530000,0,user_48,164,,
2761,,190000,0,user_49,164,,
2762,,79000,0,user_49,164,,
2703,0,30000000,0,user_0,164,164,
2735,1,30000000,0,user_23,164,164,
2745,2,27000000,283000,user_37,164,164,
2796,3,0,0,builder_3,164,164,2745
2702,4,27000000,146000,user_0,164,164,
2797,5,0,0,builder_3,164,164,2702
2742,6,6100000,0,user_32,164,164,
2728,7,5200000,0,user_20,164,164,
2725,8,5000000,0,user_13,164,164,
2748,9,4200000,0,user_37,164,164,
2731,10,3600000,0,user_22,164,164,
2746,11,3600000,0,user_37,164,164,
2726,12,2500000,0,user_14,164,164,
2798,13,0,0,builder_3,164,164,2759
2759,14,1600000,594000,user_47,164,164,
2708,15,2100000,0,user_2,164,164,
2754,16,1900000,139000,user_43,164,164,
2799,17,0,0,builder_3,164,164,2754
2711,18,2000000,0,user_4,164,164,
2732,19,2000000,0,user_22,164,164,
2752,20,1900000,0,user_40,164,164,
2722,21,1600000,0,user_13,164,164,
2724,22,1600000,0,user_13,164,164,
2706,23,1500000,56200,user_2,164,164,
2800,24,0,0,builder_3,164,164,2706
2730,25,1500000,0,user_21,164,164,
2723,26,1400000,0,user_13,164,164,
2753,27,1300000,0,user_42,164,164,
2710,28,1100000,0,user_3,164,164,
2707,29,1000000,15300,user_2,164,164,
2801,30,0,0,builder_3,164,164,2707
2744,31,1000000,0,user_36,164,164,
2715,32,870000,13900,user_10,164,164,
2802,33,0,0,builder_3,164,164,2715
2803,34,0,0,builder_3,164,164,2717
2717,35,460000,256000,user_11,164,164,
2716,36,670000,0,user_11,164,164,
2712,37,650000,0,user_5,164,164,
2736,38,650000,0,user_26,164,164,
2760,39,530000,0,user_48,164,164,
2804,40,0,0,builder_3,164,164,2729
2729,41,460000,67900,user_20,164,164,
2713,42,470000,0,user_7,164,164,
2741,43,420000,0,user_30,164,164,
2805,44,0,0,builder_3,164,164,2705
2705,45,120000,283000,user_2,164,164,
2747,46,360000,0,user_37,164,164,
2709,47,350000,0,user_2,164,164,
2751,48,340000,0,user_40,164,164,
2734,49,260000,0,user_22,164,164,
2743,50,260000,0,user_34,164,164,
2806,51,0,0,builder_3,164,164,2721
2721,52,83000,139000,user_12,164,164,
2757,53,190000,0,user_45,164,164,
2761,54,190000,0,user_49,164,164,
2727,55,160000,13900,user_17,164,164,
2807,56,0,0,builder_3,164,164,2727
2808,57,0,0,builder_3,164,164,2749
2749,58,150000,19700,user_37,164,164,
2755,59,160000,0,user_44,164,164,
2719,60,150000,0,user_11,164,164,
2738,61,120000,0,user_30,164,164,
2756,62,120000,0,user_45,164,164,
2718,63,110000,0,user_11,164,164,
2739,64,110000,0,user_30,164,164,
2750,65,110000,0,user_39,164,164,
2740,66,100000,0,user_30,164,164,
2758,67,84000,0,user_47,164,164,
2720,68,79000,0,user_11,164,164,
2762,69,79000,0,user_49,164,164,
2733,70,77000,0,user_22,164,164,
2859,,85000,0,user_0,165,,
2860,,120000,8520,user_1,165,,
2861,,73000,0,user_4,165,,
2862,,970000,0,user_5,165,,
2863,,2400000,8520,user_5,165,,
2864,,130000,100000,user_8,165,,
2865,,19000000,0,user_10,165,,
2866,,150000,0,user_11,165,,
2867,,87000,0,user_11,165,,
2868,,870000,0,user_12,165,,
2869,,87000,350000,user_13,165,,
2870,,5000000,256000,user_15,165,,
2871,,220000,0,user_16,165,,
2872,,2600000,56200,user_18,165,,
2873,,420000,0,user_18,165,,
2874,,2600000,0,user_20,165,,
2875,,630000,0,user_21,165,,
2876,,1300000,594000,user_22,165,,
2877,,82000,16400,user_23,165,,
2878,,110000,0,user_23,165,,
2879,,910000,0,user_23,165,,
2880,,120000,0,user_23,165,,
2881,,1900000,0,user_23,165,,
2882,,1000000,0,user_24,165,,
2883,,5000000,21800,user_25,165,,
2884,,87000,0,user_28,165,,
2885,,2600000,0,user_28,165,,
2886,,110000,15100,user_28,165,,
2887,,4200000,35100,user_28,165,,
2888,,73000,0,user_29,165,,
2889,,85000,0,user_31,165,,
2890,,260000,0,user_32,165,,
2891,,120000,0,user_32,165,,
2892,,1200000,13900,user_33,165,,
2893,,110000,0,user_35,165,,
2894,,130000,0,user_35,165,,
2895,,190000,0,user_36,165,,
2896,,27000000,0,user_37,165,,
2897,,4200000,0,user_39,165,,
2898,,420000,0,user_40,165,,
2899,,4500000,5640,user_42,165,,
2900,,1500000,0,user_43,165,,
2901,,4200000,16400,user_44,165,,
2902,,170000,43600,user_44,165,,
2903,,2300000,0,user_44,165,,
2904,,660000,0,user_44,165,,
2905,,120000,155000,user_44,165,,
2906,,110000,0,user_45,165,,
2907,,660000,31700,user_47,165,,
2908,,310000,0,user_49,165,,
2896,0,27000000,0,user_37,165,165,
2865,1,19000000,0,user_10,165,165,
3010,2,0,0,builder_8,165,165,2870
2870,3,5000000,256000,user_15,165,165,
2883,4,5000000,21800,user_25,165,165,
3011,5,0,0,builder_8,165,165,2883
2899,6,4500000,5640,user_42,165,165,
3012,7,0,0,builder_8,165,165,2899
2887,8,4200000,35100,user_28,165,165,
3013,9,0,0,builder_8,165,165,2887
3014,10,0,0,builder_8,165,165,2901
2901,11,4200000,16400,user_44,165,165,
2897,12,4200000,0,user_39,165,165,
2872,13,2600000,56200,user_18,165,165,
3015,14,0,0,builder_8,165,165,2872
2874,15,2600000,0,user_20,165,165,
2885,16,2600000,0,user_28,165,165,
3016,17,0,0,builder_8,165,165,2863
2863,18,2400000,8520,user_5,165,165,
2903,19,2300000,0,user_44,165,165,
2881,20,1900000,0,user_23,165,165,
3017,21,0,0,builder_8,165,165,2876
2876,22,1300000,594000,user_22,165,165,
3018,23,0,0,builder_8,165,165,2892
2892,24,1200000,13900,user_33,165,165,
2862,25,970000,0,user_5,165,165,
2879,26,910000,0,user_23,165,165,
2907,27,660000,31700,user_47,165,165,
3019,28,0,0,builder_8,165,165,2907
2904,29,660000,0,user_44,165,165,
2875,30,630000,0,user_21,165,165,
2869,31,87000,350000,user_13,165,165,
3020,32,0,0,builder_8,165,165,2869
2873,33,420000,0,user_18,165,165,
2908,34,310000,0,user_49,165,165,
3021,35,0,0,builder_8,165,165,2905
2905,36,120000,155000,user_44,165,165,
2890,37,260000,0,user_32,165,165,
2871,38,220000,0,user_16,165,165,
3022,39,0,0,builder_8,165,165,2902
2902,40,170000,43600,user_44,165,165,
2895,41,190000,0,user_36,165,165,
2866,42,150000,0,user_11,165,165,
2894,43,130000,0,user_35,165,165,
2886,44,110000,15100,user_28,165,165,
3023,45,0,0,builder_8,165,165,2886
2880,46,120000,0,user_23,165,165,
2891,47,120000,0,user_32,165,165,
2878,48,110000,0,user_23,165,165,
2893,49,110000,0,user_35,165,165,
3024,50,0,0,builder_8,165,165,2877
2877,51,82000,16400,user_23,165,165,
2867,52,87000,0,user_11,165,165,
2884,53,87000,0,user_28,165,165,
2859,54,85000,0,user_0,165,165,
2861,55,73000,0,user_4,165,165,
2888,56,73000,0,user_29,165,165,
3025,,82000,0,user_1,166,,
3026,,530000,0,user_3,166,,
3027,,1600000,0,user_3,166,,
3028,,320000,161000,user_5,166,,
3029,,79000,0,user_6,166,,
3030,,73000,0,user_7,166,,
3031,,1100000,35100,user_7,166,,
3032,,1300000,510000,user_9,166,,
3033,,670000,0,user_10,166,,
3034,,470000,0,user_10,166,,
3035,,670000,0,user_12,166,,
3036,,300000,13900,user_13,166,,
3037,,98000,121000,user_14,166,,
3038,,2500000,0,user_15,166,,
3039,,30000000,0,user_17,166,,
3040,,150000,4320000,user_18,166,,
3041,,2400000,0,user_19,166,,
3042,,160000,0,user_20,166,,
3043,,170000,0,user_21,166,,
3044,,3600000,0,user_21,166,,
3045,,5000000,0,user_22,166,,
3046,,150000,0,user_23,166,,
3047,,5000000,0,user_24,166,,
3048,,150000,0,user_25,166,,
3049,,120000,0,user_27,166,,
3050,,310000,0,user_27,166,,
3051,,4200000,10700,user_30,166,,
3052,,650000,0,user_31,166,,
3053,,460000,0,user_32,166,,
3054,,87000,0,user_33,166,,
3055,,3200000,0,user_34,166,,
3056,,110000,6390,user_36,166,,
3057,,340000,0,user_37,166,,
3058,,1500000,0,user_38,166,,
3059,,80000,0,user_39,166,,
3060,,300000,0,user_39,166,,
3061,,4500000,0,user_40,166,,
3062,,1500000,350000,user_40,166,,
3063,,43000000,36800,user_43,166,,
3064,,79000,19700,user_45,166,,
3065,,5200000,0,user_46,166,,
3066,,110000,60700,user_47,166,,
3067,,1900000,545000,user_48,166,,
3068,,460000,67900,user_49,166,,
3069,,120000,0,user_49,166,,
3063,0,43000000,36800,user_43,166,166,
3039,1,30000000,0,user_17,166,166,
3065,2,5200000,0,user_46,166,166,
3045,3,5000000,0,user_22,166,166,
3047,4,5000000,0,user_24,166,166,
3061,5,4500000,0,user_40,166,166,
3051,6,4200000,10700,user_30,166,166,
3044,7,3600000,0,user_21,166,166,
3055,8,3200000,0,user_34,166,166,
3038,9,2500000,0,user_15,166,166,
3041,10,2400000,0,user_19,166,166,
3067,11,1900000,545000,user_48,166,166,
3027,12,1600000,0,user_3,166,166,
3058,13,1500000,0,user_38,166,166,
3062,14,1500000,350000,user_40,166,166,
3032,15,1300000,510000,user_9,166,166,
3031,16,1100000,35100,user_7,166,166,
3033,17,670000,0,user_10,166,166,
3052,18,650000,0,user_31,166,166,
3026,19,530000,0,user_3,166,166,
3034,20,470000,0,user_10,166,166,
3053,21,460000,0,user_32,166,166,
3068,22,460000,67900,user_49,166,166,
3028,23,320000,161000,user_5,166,166,
3050,24,310000,0,user_27,166,166,
3036,25,300000,13900,user_13,166,166,
3043,26,170000,0,user_21,166,166,
3042,27,160000,0,user_20,166,166,
3040,28,150000,4320000,user_18,166,166,
3046,29,150000,0,user_23,166,166,
3048,30,150000,0,user_25,166,166,
3049,31,120000,0,user_27,166,166,
3069,32,120000,0,user_49,166,166,
3056,33,110000,6390,user_36,166,166,
3066,34,110000,60700,user_47,166,166,
3037,35,98000,121000,user_14,166,166,
3054,36,87000,0,user_33,166,166,
3029,37,79000,0,user_6,166,166,
3064,38,79000,19700,user_45,166,166,
3030,39,73000,0,user_7,166,166,
3168,,240000,60700,user_0,167,,
3169,,1000000,0,user_1,167,,
3170,,3200000,67900,user_2,167,,
3171,,2000000,60700,user_4,167,,
3172,,660000,594000,user_5,167,,
3173,,2300000,0,user_6,167,,
3174,,1900000,12800,user_6,167,,
3175,,3200000,0,user_6,167,,
3176,,1600000,0,user_8,167,,
3177,,220000,0,user_10,167,,
3178,,120000,0,user_10,167,,
3179,,600000,0,user_10,167,,
3180,,670000,256000,user_10,167,,
3181,,1700000,7190000,user_10,167,,
3182,,1000000,0,user_11,167,,
3183,,420000,0,user_11,167,,
3184,,240000,296000,user_12,167,,
3185,,240000,0,user_13,167,,
3186,,2100000,0,user_14,167,,
3187,,70000,0,user_15,167,,
3188,,1500000,12300,user_16,167,,
3189,,260000,71800,user_18,167,,
3190,,80000,0,user_20,167,,
3191,,110000,0,user_20,167,,
3192,,160000,0,user_20,167,,
3193,,77000,0,user_21,167,,
3194,,970000,0,user_21,167,,
3195,,240000,0,user_23,167,,
3196,,310000,0,user_24,167,,
3197,,150000,64600,user_25,167,,
3198,,19000000,0,user_25,167,,
3199,,2500000,23500,user_25,167,,
3200,,5200000,0,user_25,167,,
3201,,870000,0,user_25,167,,
3202,,120000,0,user_26,167,,
3203,,83000,0,user_29,167,,
3204,,98000,0,user_31,167,,
3205,,1600000,0,user_31,167,,
3206,,3200000,0,user_31,167,,
3207,,190000,19700,user_31,167,,
3208,,320000,0,user_34,167,,
3209,,27000000,0,user_34,167,,
3210,,4500000,0,user_35,167,,
3211,,3600000,0,user_36,167,,
3212,,2300000,0,user_37,167,,
3213,,310000,0,user_38,167,,
3214,,630000,161000,user_39,167,,
3215,,1500000,256000,user_39,167,,
3216,,260000,0,user_40,167,,
3217,,1000000,0,user_41,167,,
3218,,150000,0,user_41,167,,
3219,,1000000,11200,user_41,167,,
3220,,1000000,0,user_41,167,,
3221,,1700000,0,user_42,167,,
3222,,170000,0,user_44,167,,
3223,,160000,0,user_44,167,,
3224,,530000,0,user_45,167,,
3225,,77000,12800,user_46,167,,
3226,,1800000,0,user_46,167,,
3209,0,27000000,0,user_34,167,167,
3198,1,19000000,0,user_25,167,167,
3200,2,5200000,0,user_25,167,167,
3210,3,4500000,0,user_35,167,167,
3211,4,3600000,0,user_36,167,167,
3170,5,3200000,67900,user_2,167,167,
3175,6,3200000,0,user_6,167,167,
3206,7,3200000,0,user_31,167,167,
3199,8,2500000,23500,user_25,167,167,
3173,9,2300000,0,user_6,167,167,
3212,10,2300000,0,user_37,167,167,
3171,11,2000000,60700,user_4,167,167,
3174,12,1900000,12800,user_6,167,167,
3226,13,1800000,0,user_46,167,167,
3181,14,1700000,7190000,user_10,167,167,
3221,15,1700000,0,user_42,167,167,
3176,16,1600000,0,user_8,167,167,
3205,17,1600000,0,user_31,167,167,
3188,18,1500000,12300,user_16,167,167,
3215,19,1500000,256000,user_39,167,167,
3169,20,1000000,0,user_1,167,167,
3182,21,1000000,0,user_11,167,167,
3217,22,1000000,0,user_41,167,167,
3219,23,1000000,11200,user_41,167,167,
3220,24,1000000,0,user_41,167,167,
3194,25,970000,0,user_21,167,167,
3201,26,870000,0,user_25,167,167,
3180,27,670000,256000,user_10,167,167,
3172,28,660000,594000,user_5,167,167,
3214,29,630000,161000,user_39,167,167,
3179,30,600000,0,user_10,167,167,
3224,31,530000,0,user_45,167,167,
3183,32,420000,0,user_11,167,167,
3208,33,320000,0,user_34,167,167,
3189,34,260000,71800,user_18,167,167,
3216,35,260000,0,user_40,167,167,
3168,36,240000,60700,user_0,167,167,
3184,37,240000,296000,user_12,167,167,
3185,38,240000,0,user_13,167,167,
3195,39,240000,0,user_23,167,167,
3177,40,220000,0,user_10,167,167,
3207,41,190000,19700,user_31,167,167,
3222,42,170000,0,user_44,167,167,
3192,43,160000,0,user_20,167,167,
3223,44,160000,0,user_44,167,167,
3197,45,150000,64600,user_25,167,167,
3218,46,150000,0,user_41,167,167,
3178,47,120000,0,user_10,167,167,
3202,48,120000,0,user_26,167,167,
3191,49,110000,0,user_20,167,167,
3204,50,98000,0,user_31,167,167,
3203,51,83000,0,user_29,167,167,
3190,52,80000,0,user_20,167,167,
3193,53,77000,0,user_21,167,167,
3225,54,77000,12800,user_46,167,167,
3187,55,70000,0,user_15,167,167,
3353,,1100000,0,user_0,168,,
3354,,310000,0,user_1,168,,
3355,,1000000,0,user_1,168,,
3356,,73000,0,user_3,168,,
3357,,5200000,0,user_3,168,,
3358,,4200000,68100,user_5,168,,
3359,,82000,0,user_5,168,,
3360,,350000,0,user_6,168,,
3361,,2300000,779000,user_6,168,,
3362,,600000,49100,user_7,168,,
3363,,120000,0,user_8,168,,
3364,,310000,0,user_10,168,,
3365,,98000,0,user_11,168,,
3366,,460000,0,user_14,168,,
3367,,2500000,0,user_14,168,,
3368,,120000,5180,user_14,168,,
3369,,220000,0,user_14,168,,
3370,,190000,21800,user_14,168,,
3371,,220000,0,user_16,168,,
3372,,1100000,0,user_17,168,,
3373,,970000,369000,user_18,168,,
3374,,170000,0,user_18,168,,
3375,,2300000,0,user_20,168,,
3376,,120000,0,user_21,168,,
3377,,43000000,0,user_22,168,,
3378,,170000,3130,user_24,168,,
3379,,970000,0,user_25,168,,
3380,,110000,0,user_26,168,,
3381,,150000,0,user_26,168,,
3382,,19000000,0,user_32,168,,
3383,,1200000,0,user_33,168,,
3384,,260000,0,user_33,168,,
3385,,630000,11200,user_34,168,,
3386,,220000,0,user_35,168,,
3387,,1000000,0,user_36,168,,
3388,,1800000,0,user_37,168,,
3389,,1400000,0,user_38,168,,
3390,,220000,0,user_39,168,,
3391,,1100000,4320000,user_40,168,,
3392,,77000,0,user_41,168,,
3393,,1500000,256000,user_43,168,,
3394,,110000,161000,user_45,168,,
3395,,120000,0,user_46,168,,
3396,,4200000,0,user_49,168,,
3397,,110000,0,user_49,168,,
3377,0,43000000,0,user_22,168,168,
3382,1,19000000,0,user_32,168,168,
3357,2,5200000,0,user_3,168,168,
3358,3,4200000,68100,user_5,168,168,
3396,4,4200000,0,user_49,168,168,
3367,5,2500000,0,user_14,168,168,
3361,6,2300000,779000,user_6,168,168,
3375,7,2300000,0,user_20,168,168,
3393,8,1500000,256000,user_43,168,168,
3389,9,1400000,0,user_38,168,168,
3383,10,1200000,0,user_33,168,168,
3353,11,1100000,0,user_0,168,168,
3372,12,1100000,0,user_17,168,168,
3391,13,1100000,4320000,user_40,168,168,
3387,14,1000000,0,user_36,168,168,
3373,15,970000,369000,user_18,168,168,
3379,16,970000,0,user_25,168,168,
3385,17,630000,11200,user_34,168,168,
3362,18,600000,49100,user_7,168,168,
3366,19,460000,0,user_14,168,168,
3360,20,350000,0,user_6,168,168,
3364,21,310000,0,user_10,168,168,
3384,22,260000,0,user_33,168,168,
3369,23,220000,0,user_14,168,168,
3371,24,220000,0,user_16,168,168,
3386,25,220000,0,user_35,168,168,
3370,26,190000,21800,user_14,168,168,
3374,27,170000,0,user_18,168,168,
3378,28,170000,3130,user_24,168,168,
3363,29,120000,0,user_8,168,168,
3368,30,120000,5180,user_14,168,168,
3376,31,120000,0,user_21,168,168,
3395,32,120000,0,user_46,168,168,
3394,33,110000,161000,user_45,168,168,
3397,34,110000,0,user_49,168,168,
3365,35,98000,0,user_11,168,168,
3359,36,82000,0,user_5,168,168,
3392,37,77000,0,user_41,168,168,
3356,38,73000,0,user_3,168,168,
3470,,350000,0,user_0,169,,
3471,,150000,3130,user_1,169,,
3472,,170000,0,user_2,169,,
3473,,27000000,0,user_2,169,,
3474,,27000000,0,user_3,169,,
3475,,120000,0,user_5,169,,
3476,,150000,0,user_7,169,,
3477,,2000000,0,user_8,169,,
3478,,30000000,34700,user_11,169,,
3479,,1500000,181000,user_12,169,,
3480,,420000,56200,user_13,169,,
3481,,1200000,0,user_14,169,,
3482,,1500000,60700,user_15,169,,
3483,,120000,410000,user_16,169,,
3484,,120000,0,user_16,169,,
3485,,340000,0,user_17,169,,
3486,,1500000,0,user_17,169,,
3487,,110000,56200,user_18,169,,
3488,,120000,0,user_19,169,,
3489,,19000000,215000,user_20,169,,
3490,,80000,0,user_20,169,,
3491,,1300000,0,user_20,169,,
3492,,190000,0,user_20,169,,
3493,,600000,0,user_22,169,,
3494,,2100000,0,user_24,169,,
3495,,5200000,0,user_24,169,,
3496,,470000,0,user_25,169,,
3497,,98000,47700,user_26,169,,
3498,,6100000,0,user_26,169,,
3499,,320000,0,user_27,169,,
3500,,3500000,0,user_31,169,,
3501,,98000,4320000,user_31,169,,
3502,,2000000,0,user_32,169,,
3503,,87000,0,user_32,169,,
3504,,120000,0,user_36,169,,
3505,,300000,108000,user_37,169,,
3506,,350000,0,user_37,169,,
3507,,43000000,0,user_38,169,,
3508,,1000000,0,user_39,169,,
3509,,79000,13900,user_40,169,,
3510,,970000,181000,user_40,169,,
3511,,120000,0,user_41,169,,
3512,,260000,0,user_41,169,,
3513,,650000,0,user_42,169,,
3514,,1800000,0,user_44,169,,
3515,,220000,10700,user_46,169,,
3516,,2000000,34700,user_47,169,,
3517,,2300000,0,user_49,169,,
3507,0,43000000,0,user_38,169,169,
3478,1,30000000,34700,user_11,169,169,
3554,2,0,0,builder_3,169,169,3478
3473,3,27000000,0,user_2,169,169,
3474,4,27000000,0,user_3,169,169,
3489,5,19000000,215000,user_20,169,169,
3555,6,0,0,builder_3,169,169,3489
3498,7,6100000,0,user_26,169,169,
3495,8,5200000,0,user_24,169,169,
3556,9,0,0,builder_3,169,169,3501
3501,10,98000,4320000,user_31,169,169,
3500,11,3500000,0,user_31,169,169,
3517,12,2300000,0,user_49,169,169,
3494,13,2100000,0,user_24,169,169,
3557,14,0,0,builder_3,169,169,3516
3516,15,2000000,34700,user_47,169,169,
3502,16,2000000,0,user_32,169,169,
3514,17,1800000,0,user_44,169,169,
3558,18,0,0,builder_3,169,169,3479
3479,19,1500000,181000,user_12,169,169,
3559,20,0,0,builder_3,169,169,3482
3482,21,1500000,60700,user_15,169,169,
3486,22,1500000,0,user_17,169,169,
3491,23,1300000,0,user_20,169,169,
3481,24,1200000,0,user_14,169,169,
3510,25,970000,181000,user_40,169,169,
3560,26,0,0,builder_3,169,169,3510
3508,27,1000000,0,user_39,169,169,
3513,28,650000,0,user_42,169,169,
3493,29,600000,0,user_22,169,169,
3561,30,0,0,builder_3,169,169,3480
3480,31,420000,56200,user_13,169,169,
3562,32,0,0,builder_3,169,169,3505
3505,33,300000,108000,user_37,169,169,
3470,34,350000,0,user_0,169,169,
3506,35,350000,0,user_37,169,169,
3485,36,340000,0,user_17,169,169,
3512,37,260000,0,user_41,169,169,
3515,38,220000,10700,user_46,169,169,
3563,39,0,0,builder_3,169,169,3515
3492,40,190000,0,user_20,169,169,
3472,41,170000,0,user_2,169,169,
3564,42,0,0,builder_3,169,169,3487
3487,43,110000,56200,user_18,169,169,
3476,44,150000,0,user_7,169,169,
3497,45,98000,47700,user_26,169,169,
3565,46,0,0,builder_3,169,169,3497
3475,47,120000,0,user_5,169,169,
3488,48,120000,0,user_19,169,169,
3504,49,120000,0,user_36,169,169,
3511,50,120000,0,user_41,169,169,
3566,51,0,0,builder_3,169,169,3509
3509,52,79000,13900,user_40,169,169,
3503,53,87000,0,user_32,169,169,
3490,54,80000,0,user_20,169,169,
3621,,220000,0,user_0,170,,
3622,,84000,0,user_2,170,,
3623,,98000,0,user_3,170,,
3624,,120000,0,user_4,170,,
3625,,43000000,21800,user_5,170,,
3626,,1500000,296000,user_7,170,,
3627,,1400000,0,user_8,170,,
3628,,84000,0,user_8,170,,
3629,,1000000,64600,user_9,170,,
3630,,350000,0,user_10,170,,
3631,,4200000,0,user_10,170,,
3632,,670000,0,user_11,170,,
3633,,5000000,0,user_11,170,,
3634,,240000,21800,user_13,170,,
3635,,98000,0,user_14,170,,
3636,,77000,410000,user_15,170,,
3637,,82000,0,user_16,170,,
3638,,150000,410000,user_17,170,,
3639,,310000,0,user_18,170,,
3640,,110000,0,user_18,170,,
3641,,160000,13900,user_19,170,,
3642,,670000,0,user_19,170,,
3643,,6100000,0,user_20,170,,
3644,,670000,42000,user_21,170,,
3645,,3600000,0,user_21,170,,
3646,,320000,0,user_23,170,,
3647,,310000,8520,user_24,170,,
3648,,3200000,0,user_25,170,,
3649,,110000,161000,user_26,170,,
3650,,6100000,0,user_26,170,,
3651,,170000,0,user_26,170,,
3652,,85000,0,user_27,170,,
3653,,2400000,0,user_28,170,,
3654,,1000000,0,user_29,170,,
3655,,1000000,0,user_31,170,,
3656,,170000,0,user_32,170,,
3657,,110000,0,user_34,170,,
3658,,460000,0,user_36,170,,
3659,,4500000,0,user_36,170,,
3660,,1400000,283000,user_42,170,,
3661,,79000,10700,user_46,170,,
3662,,6100000,0,user_48,170,,
3625,0,43000000,21800,user_5,170,170,
3733,1,0,0,builder_8,170,170,3625
3643,2,6100000,0,user_20,170,170,
3650,3,6100000,0,user_26,170,170,
3662,4,6100000,0,user_48,170,170,
3633,5,5000000,0,user_11,170,170,
3659,6,4500000,0,user_36,170,170,
3631,7,4200000,0,user_10,170,170,
3645,8,3600000,0,user_21,170,170,
3648,9,3200000,0,user_25,170,170,
3653,10,2400000,0,user_28,170,170,
3734,11,0,0,builder_8,170,170,3626
3626,12,1500000,296000,user_7,170,170,
3735,13,0,0,builder_8,170,170,3660
3660,14,1400000,283000,user_42,170,170,
3736,15,0,0,builder_8,170,170,3629
3629,16,1000000,64600,user_9,170,170,
3654,17,1000000,0,user_29,170,170,
3644,18,670000,42000,user_21,170,170,
3737,19,0,0,builder_8,170,170,3644
3632,20,670000,0,user_11,170,170,
3642,21,670000,0,user_19,170,170,
3738,22,0,0,builder_8,170,170,3636
3636,23,77000,410000,user_15,170,170,
3658,24,460000,0,user_36,170,170,
3630,25,350000,0,user_10,170,170,
3646,26,320000,0,user_23,170,170,
3639,27,310000,0,user_18,170,170,
3739,28,0,0,builder_8,170,170,3649
3649,29,110000,161000,user_26,170,170,
3634,30,240000,21800,user_13,170,170,
3740,31,0,0,builder_8,170,170,3634
3621,32,220000,0,user_0,170,170,
3741,33,0,0,builder_8,170,170,3641
3641,34,160000,13900,user_19,170,170,
3651,35,170000,0,user_26,170,170,
3656,36,170000,0,user_32,170,170,
3624,37,120000,0,user_4,170,170,
3640,38,110000,0,user_18,170,170,
3623,39,98000,0,user_3,170,170,
3635,40,98000,0,user_14,170,170,
3742,41,0,0,builder_8,170,170,3661
3661,42,79000,10700,user_46,170,170,
3652,43,85000,0,user_27,170,170,
3622,44,84000,0,user_2,170,170,
3637,45,82000,0,user_16,170,170,
3743,,1100000,0,user_0,171,,
3744,,130000,0,user_0,171,,
3745,,220000,17000,user_4,171,,
3746,,170000,0,user_7,171,,
3747,,82000,0,user_7,171,,
3748,,160000,0,user_9,171,,
3749,,84000,0,user_10,171,,
3750,,4500000,0,user_10,171,,
3751,,460000,0,user_11,171,,
3752,,460000,21800,user_14,171,,
3753,,350000,13900,user_15,171,,
3754,,870000,0,user_16,171,,
3755,,1100000,13800,user_17,171,,
3756,,1600000,0,user_18,171,,
3757,,1700000,0,user_19,171,,
3758,,19000000,0,user_20,171,,
3759,,110000,0,user_22,171,,
3760,,80000,0,user_24,171,,
3761,,80000,0,user_25,171,,
3762,,1400000,0,user_26,171,,
3763,,350000,0,user_26,171,,
3764,,2000000,0,user_26,171,,
3765,,2000000,43600,user_26,171,,
3766,,3500000,0,user_26,171,,
3767,,4500000,0,user_27,171,,
3768,,1400000,0,user_28,171,,
3769,,910000,0,user_28,171,,
3770,,240000,0,user_29,171,,
3771,,2000000,5630,user_29,171,,
3772,,1500000,0,user_31,171,,
3773,,98000,0,user_32,171,,
3774,,160000,231000,user_33,171,,
3775,,1700000,0,user_35,171,,
3776,,470000,0,user_36,171,,
3777,,460000,0,user_38,171,,
3778,,300000,0,user_39,171,,
3779,,160000,0,user_41,171,,
3780,,470000,16400,user_41,171,,
3781,,220000,0,user_42,171,,
3782,,87000,0,user_43,171,,
3783,,170000,0,user_46,171,,
3784,,170000,0,user_47,171,,
3758,0,19000000,0,user_20,171,171,
3750,1,4500000,0,user_10,171,171,
3767,2,4500000,0,user_27,171,171,
3766,3,3500000,0,user_26,171,171,
3785,4,0,0,builder_0,171,171,3765
3765,5,2000000,43600,user_26,171,171,
3771,6,2000000,5630,user_29,171,171,
3786,7,0,0,builder_0,171,171,3771
3764,8,2000000,0,user_26,171,171,
3757,9,1700000,0,user_19,171,171,
3775,10,1700000,0,user_35,171,171,
3756,11,1600000,0,user_18,171,171,
3772,12,1500000,0,user_31,171,171,
3762,13,1400000,0,user_26,171,171,
3768,14,1400000,0,user_28,171,171,
3787,15,0,0,builder_0,171,171,3755
3755,16,1100000,13800,user_17,171,171,
3743,17,1100000,0,user_0,171,171,
3769,18,910000,0,user_28,171,171,
3754,19,870000,0,user_16,171,171,
3788,20,0,0,builder_0,171,171,3780
3780,21,470000,16400,user_41,171,171,
3789,22,0,0,builder_0,171,171,3752
3752,23,460000,21800,user_14,171,171,
3776,24,470000,0,user_36,171,171,
3751,25,460000,0,user_11,171,171,
3777,26,460000,0,user_38,171,171,
3774,27,160000,231000,user_33,171,171,
3790,28,0,0,builder_0,171,171,3774
3763,29,350000,0,user_26,171,171,
3770,30,240000,0,user_29,171,171,
3781,31,220000,0,user_42,171,171,
3746,32,170000,0,user_7,171,171,
3783,33,170000,0,user_46,171,171,
3784,34,170000,0,user_47,171,171,
3748,35,160000,0,user_9,171,171,
3779,36,160000,0,user_41,171,171,
3744,37,130000,0,user_0,171,171,
3759,38,110000,0,user_22,171,171,
3773,39,98000,0,user_32,171,171,
3782,40,87000,0,user_43,171,171,
3749,41,84000,0,user_10,171,171,
3747,42,82000,0,user_7,171,171,
3761,43,80000,0,user_25,171,171,
3840,,2100000,0,user_1,172,,
3841,,970000,0,user_3,172,,
3842,,27000000,17000,user_3,172,,
3843,,98000,0,user_5,172,,
3844,,4500000,0,user_7,172,,
3845,,160000,0,user_8,172,,
3846,,6300000,0,user_8,172,,
3847,,2000000,0,user_8,172,,
3848,,1800000,0,user_9,172,,
3849,,660000,0,user_9,172,,
3850,,1600000,0,user_9,172,,
3851,,910000,0,user_9,172,,
3852,,2600000,0,user_12,172,,
3853,,310000,0,user_12,172,,
3854,,260000,0,user_12,172,,
3855,,150000,0,user_12,172,,
3856,,1400000,16400,user_13,172,,
3857,,1600000,769000,user_14,172,,
3858,,650000,0,user_14,172,,
3859,,2500000,12800,user_14,172,,
3860,,220000,0,user_14,172,,
3861,,1800000,0,user_15,172,,
3862,,1500000,0,user_16,172,,
3863,,27000000,0,user_17,172,,
3864,,1300000,18600,user_19,172,,
3865,,5000000,0,user_19,172,,
3866,,660000,0,user_21,172,,
3867,,120000,0,user_22,172,,
3868,,170000,0,user_22,172,,
3869,,87000,0,user_25,172,,
3870,,1000000,0,user_26,172,,
3871,,43000000,0,user_26,172,,
3872,,1000000,17000,user_26,172,,
3873,,530000,0,user_26,172,,
3874,,87000,0,user_26,172,,
3875,,3600000,0,user_28,172,,
3876,,77000,0,user_28,172,,
3877,,320000,959000,user_30,172,,
3878,,310000,0,user_32,172,,
3879,,220000,64600,user_33,172,,
3880,,310000,0,user_34,172,,
3881,,2300000,0,user_34,172,,
3882,,87000,15700,user_35,172,,
3883,,1600000,0,user_36,172,,
3884,,2000000,0,user_37,172,,
3885,,360000,0,user_38,172,,
3886,,150000,0,user_39,172,,
3887,,120000,0,user_40,172,,
3888,,2000000,0,user_44,172,,
3889,,660000,0,user_45,172,,
3890,,240000,0,user_46,172,,
3891,,320000,0,user_47,172,,
3892,,6100000,0,user_48,172,,
3893,,27000000,0,user_49,172,,
3871,0,43000000,0,user_26,172,172,
3842,1,27000000,17000,user_3,172,172,
3863,2,27000000,0,user_17,172,172,
3893,3,27000000,0,user_49,172,172,
3846,4,6300000,0,user_8,172,172,
3892,5,6100000,0,user_48,172,172,
3865,6,5000000,0,user_19,172,172,
3844,7,4500000,0,user_7,172,172,
3875,8,3600000,0,user_28,172,172,
3852,9,2600000,0,user_12,172,172,
3859,10,2500000,12800,user_14,172,172,
3881,11,2300000,0,user_34,172,172,
3840,12,2100000,0,user_1,172,172,
3847,13,2000000,0,user_8,172,172,
3884,14,2000000,0,user_37,172,172,
3888,15,2000000,0,user_44,172,172,
3848,16,1800000,0,user_9,172,172,
3861,17,1800000,0,user_15,172,172,
3850,18,1600000,0,user_9,172,172,
3857,19,1600000,769000,user_14,172,172,
3883,20,1600000,0,user_36,172,172,
3856,21,1400000,16400,user_13,172,172,
3864,22,1300000,18600,user_19,172,172,
3870,23,1000000,0,user_26,172,172,
3872,24,1000000,17000,user_26,172,172,
3841,25,970000,0,user_3,172,172,
3851,26,910000,0,user_9,172,172,
3849,27,660000,0,user_9,172,172,
3866,28,660000,0,user_21,172,172,
3858,29,650000,0,user_14,172,172,
3873,30,530000,0,user_26,172,172,
3885,31,360000,0,user_38,172,172,
3877,32,320000,959000,user_30,172,172,
3891,33,320000,0,user_47,172,172,
3853,34,310000,0,user_12,172,172,
3880,35,310000,0,user_34,172,172,
3854,36,260000,0,user_12,172,172,
3860,37,220000,0,user_14,172,172,
3879,38,220000,64600,user_33,172,172,
3868,39,170000,0,user_22,172,172,
3845,40,160000,0,user_8,172,172,
3855,41,150000,0,user_12,172,172,
3886,42,150000,0,user_39,172,172,
3867,43,120000,0,user_22,172,172,
3887,44,120000,0,user_40,172,172,
3843,45,98000,0,user_5,172,172,
3869,46,87000,0,user_25,172,172,
3874,47,87000,0,user_26,172,172,
3876,48,77000,0,user_28,172,172,
3956,,220000,21800,user_1,173,,
3957,,1300000,322000,user_3,173,,
3958,,870000,0,user_4,173,,
3959,,87000,68100,user_5,173,,
3960,,1300000,0,user_9,173,,
3961,,110000,0,user_9,173,,
3962,,1500000,0,user_10,173,,
3963,,1400000,0,user_11,173,,
3964,,3200000,0,user_11,173,,
3965,,100000,0,user_12,173,,
3966,,190000,0,user_12,173,,
3967,,160000,0,user_12,173,,
3968,,120000,0,user_13,173,,
3969,,420000,0,user_13,173,,
3970,,2500000,215000,user_13,173,,
3971,,6100000,0,user_13,173,,
3972,,370000,381000,user_14,173,,
3973,,1000000,0,user_16,173,,
3974,,2500000,0,user_16,173,,
3975,,2000000,0,user_16,173,,
3976,,870000,0,user_17,173,,
3977,,1300000,0,user_19,173,,
3978,,1500000,0,user_20,173,,
3979,,2300000,0,user_21,173,,
3980,,220000,0,user_22,173,,
3981,,110000,0,user_23,173,,
3982,,79000,0,user_23,173,,
3983,,77000,0,user_24,173,,
3984,,1400000,0,user_25,173,,
3985,,120000,0,user_26,173,,
3986,,460000,0,user_26,173,,
3987,,100000,195000,user_29,173,,
3988,,910000,0,user_30,173,,
3989,,1200000,410000,user_31,173,,
3990,,530000,35600,user_32,173,,
3991,,220000,0,user_32,173,,
3992,,630000,0,user_33,173,,
3993,,150000,128000,user_34,173,,
3994,,1900000,0,user_35,173,,
3995,,2400000,0,user_37,173,,
3996,,310000,0,user_38,173,,
3997,,6100000,33300,user_40,173,,
3998,,73000,0,user_41,173,,
3999,,6300000,0,user_41,173,,
4000,,85000,49100,user_43,173,,
4001,,19000000,0,user_44,173,,
4002,,120000,0,user_45,173,,
4003,,1300000,0,user_47,173,,
4004,,600000,0,user_47,173,,
4005,,110000,0,user_48,173,,
4006,,2500000,0,user_49,173,,
4001,0,19000000,0,user_44,173,173,
3999,1,6300000,0,user_41,173,173,
3997,2,6100000,33300,user_40,173,173,
4007,3,0,0,builder_0,173,173,3997
3971,4,6100000,0,user_13,173,173,
3964,5,3200000,0,user_11,173,173,
3970,6,2500000,215000,user_13,173,173,
4008,7,0,0,builder_0,173,173,3970
3974,8,2500000,0,user_16,173,173,
4006,9,2500000,0,user_49,173,173,
3995,10,2400000,0,user_37,173,173,
3979,11,2300000,0,user_21,173,173,
3975,12,2000000,0,user_16,173,173,
3994,13,1900000,0,user_35,173,173,
4009,14,0,0,builder_0,173,173,3957
3957,15,1300000,322000,user_3,173,173,
3989,16,1200000,410000,user_31,173,173,
4010,17,0,0,builder_0,173,173,3989
3962,18,1500000,0,user_10,173,173,
3978,19,1500000,0,user_20,173,173,
3963,20,1400000,0,user_11,173,173,
3984,21,1400000,0,user_25,173,173,
3960,22,1300000,0,user_9,173,173,
3977,23,1300000,0,user_19,173,173,
4003,24,1300000,0,user_47,173,173,
3973,25,1000000,0,user_16,173,173,
3988,26,910000,0,user_30,173,173,
3976,27,870000,0,user_17,173,173,
3972,28,370000,381000,user_14,173,173,
4011,29,0,0,builder_0,173,173,3972
3992,30,630000,0,user_33,173,173,
4004,31,600000,0,user_47,173,173,
4012,32,0,0,builder_0,173,173,3990
3990,33,530000,35600,user_32,173,173,
3986,34,460000,0,user_26,173,173,
3969,35,420000,0,user_13,173,173,
3996,36,310000,0,user_38,173,173,
4013,37,0,0,builder_0,173,173,3987
3987,38,100000,195000,user_29,173,173,
4014,39,0,0,builder_0,173,173,3956
3956,40,220000,21800,user_1,173,173,
3980,41,220000,0,user_22,173,173,
3991,42,220000,0,user_32,173,173,
4015,43,0,0,builder_0,173,173,4000
4000,44,85000,49100,user_43,173,173,
3968,45,120000,0,user_13,173,173,
3985,46,120000,0,user_26,173,173,
3961,47,110000,0,user_9,173,173,
3981,48,110000,0,user_23,173,173,
4005,49,110000,0,user_48,173,173,
3982,50,79000,0,user_23,173,173,
3998,51,73000,0,user_41,173,173,
4083,,43000000,0,user_1,174,,
4084,,170000,0,user_1,174,,
4085,,160000,0,user_2,174,,
4086,,110000,0,user_3,174,,
4087,,370000,215000,user_4,174,,
4088,,190000,0,user_6,174,,
4089,,220000,0,user_7,174,,
4090,,1500000,0,user_7,174,,
4091,,1100000,0,user_7,174,,
4092,,73000,0,user_7,174,,
4093,,190000,108000,user_7,174,,
4094,,320000,0,user_8,174,,
4095,,87000,0,user_8,174,,
4096,,650000,0,user_8,174,,
4097,,2500000,8520,user_9,174,,
4098,,120000,15100,user_10,174,,
4099,,160000,0,user_10,174,,
4100,,1600000,0,user_11,174,,
4101,,150000,0,user_12,174,,
4102,,1100000,0,user_14,174,,
4103,,1600000,0,user_14,174,,
4104,,4200000,108000,user_16,174,,
4105,,2400000,0,user_17,174,,
4106,,4200000,0,user_19,174,,
4107,,170000,0,user_21,174,,
4108,,5000000,128000,user_22,174,,
4109,,6300000,0,user_24,174,,
4110,,460000,0,user_24,174,,
4111,,5200000,0,user_25,174,,
4112,,2500000,0,user_27,174,,
4113,,100000,0,user_28,174,,
4114,,910000,0,user_29,174,,
4115,,300000,0,user_30,174,,
4116,,1000000,0,user_30,174,,
4117,,1800000,0,user_30,174,,
4118,,150000,0,user_30,174,,
4119,,170000,0,user_32,174,,
4120,,1500000,4320000,user_33,174,,
4121,,2600000,0,user_35,174,,
4122,,360000,0,user_36,174,,
4123,,120000,0,user_36,174,,
4124,,150000,0,user_36,174,,
4125,,340000,0,user_37,174,,
4126,,1100000,0,user_39,174,,
4127,,370000,0,user_40,174,,
4128,,660000,11200,user_40,174,,
4129,,27000000,0,user_40,174,,
4130,,2500000,0,user_40,174,,
4131,,3200000,381000,user_42,174,,
4132,,5000000,0,user_43,174,,
4133,,660000,0,user_43,174,,
4134,,1000000,0,user_44,174,,
4135,,43000000,0,user_45,174,,
4136,,420000,0,user_47,174,,
4137,,2400000,510000,user_48,174,,
4138,,79000,18600,user_49,174,,
4083,0,43000000,0,user_1,174,174,
4135,1,43000000,0,user_45,174,174,
4129,2,27000000,0,user_40,174,174,
4109,3,6300000,0,user_24,174,174,
4120,4,1500000,4320000,user_33,174,174,
4174,5,0,0,builder_4,174,174,4120
4111,6,5200000,0,user_25,174,174,
4108,7,5000000,128000,user_22,174,174,
4175,8,0,0,builder_4,174,174,4108
4132,9,5000000,0,user_43,174,174,
4176,10,0,0,builder_4,174,174,4104
4104,11,4200000,108000,user_16,174,174,
4106,12,4200000,0,user_19,174,174,
4131,13,3200000,381000,user_42,174,174,
4177,14,0,0,builder_4,174,174,4131
4178,15,0,0,builder_4,174,174,4137
4137,16,2400000,510000,user_48,174,174,
4121,17,2600000,0,user_35,174,174,
4097,18,2500000,8520,user_9,174,174,
4179,19,0,0,builder_4,174,174,4097
4112,20,2500000,0,user_27,174,174,
4130,21,2500000,0,user_40,174,174,
4105,22,2400000,0,user_17,174,174,
4117,23,1800000,0,user_30,174,174,
4100,24,1600000,0,user_11,174,174,
4103,25,1600000,0,user_14,174,174,
4102,26,1100000,0,user_14,174,174,
4116,27,1000000,0,user_30,174,174,
4134,28,1000000,0,user_44,174,174,
4114,29,910000,0,user_29,174,174,
4128,30,660000,11200,user_40,174,174,
4180,31,0,0,builder_4,174,174,4128
4133,32,660000,0,user_43,174,174,
4096,33,650000,0,user_8,174,174,
4181,34,0,0,builder_4,174,174,4087
4087,35,370000,215000,user_4,174,174,
4110,36,460000,0,user_24,174,174,
4127,37,370000,0,user_40,174,174,
4122,38,360000,0,user_36,174,174,
4125,39,340000,0,user_37,174,174,
4094,40,320000,0,user_8,174,174,
4115,41,300000,0,user_30,174,174,
4088,42,190000,0,user_6,174,174,
4084,43,170000,0,user_1,174,174,
4107,44,170000,0,user_21,174,174,
4119,45,170000,0,user_32,174,174,
4085,46,160000,0,user_2,174,174,
4099,47,160000,0,user_10,174,174,
4101,48,150000,0,user_12,174,174,
4118,49,150000,0,user_30,174,174,
4124,50,150000,0,user_36,174,174,
4182,51,0,0,builder_4,174,174,4098
4098,52,120000,15100,user_10,174,174,
4123,53,120000,0,user_36,174,174,
4086,54,110000,0,user_3,174,174,
4113,55,100000,0,user_28,174,174,
4183,56,0,0,builder_4,174,174,4138
4138,57,79000,18600,user_49,174,174,
4095,58,87000,0,user_8,174,174,
4220,,1100000,0,user_3,175,,
4221,,260000,0,user_4,175,,
4222,,220000,959000,user_6,175,,
4223,,360000,0,user_6,175,,
4224,,5000000,0,user_8,175,,
4225,,1900000,0,user_8,175,,
4226,,87000,0,user_9,175,,
4227,,110000,0,user_10,175,,
4228,,77000,0,user_10,175,,
4229,,6100000,381000,user_11,175,,
4230,,310000,0,user_13,175,,
4231,,2300000,0,user_13,175,,
4232,,660000,0,user_14,175,,
4233,,170000,0,user_16,175,,
4234,,70000,30200,user_17,175,,
4235,,5000000,0,user_17,175,,
4236,,2000000,0,user_18,175,,
4237,,190000,0,user_19,175,,
4238,,2400000,0,user_21,175,,
4239,,27000000,0,user_22,175,,
4240,,300000,0,user_23,175,,
4241,,260000,0,user_26,175,,
4242,,4500000,0,user_28,175,,
4243,,310000,0,user_29,175,,
4244,,420000,164000,user_30,175,,
4245,,970000,0,user_30,175,,
4246,,5000000,0,user_30,175,,
4247,,530000,0,user_30,175,,
4248,,340000,155000,user_30,175,,
4249,,1900000,0,user_32,175,,
4250,,260000,0,user_32,175,,
4251,,5000000,24700,user_32,175,,
4252,,970000,0,user_32,175,,
4253,,3200000,100000,user_32,175,,
4254,,1500000,0,user_33,175,,
4255,,2000000,0,user_33,175,,
4256,,1500000,0,user_34,175,,
4257,,670000,0,user_35,175,,
4258,,220000,0,user_35,175,,
4259,,2600000,0,user_36,175,,
4260,,910000,0,user_37,175,,
4261,,82000,0,user_38,175,,
4262,,220000,769000,user_38,175,,
4263,,360000,0,user_39,175,,
4264,,600000,0,user_39,175,,
4265,,370000,0,user_41,175,,
4266,,3200000,13900,user_41,175,,
4267,,160000,0,user_41,175,,
4268,,160000,0,user_42,175,,
4269,,160000,0,user_42,175,,
4270,,1400000,35600,user_43,175,,
4271,,160000,0,user_44,175,,
4272,,460000,0,user_45,175,,
4273,,73000,0,user_46,175,,
4274,,160000,0,user_46,175,,
4275,,170000,3130,user_47,175,,
4276,,170000,16400,user_48,175,,
4277,,310000,231000,user_48,175,,
4278,,260000,0,user_48,175,,
4279,,670000,0,user_48,175,,
4280,,83000,0,user_48,175,,
4281,,2600000,0,user_49,175,,
4239,0,27000000,0,user_22,175,175,
4327,1,0,0,builder_4,175,175,4229
4229,2,6100000,381000,user_11,175,175,
4251,3,5000000,24700,user_32,175,175,
4328,4,0,0,builder_4,175,175,4251
4224,5,5000000,0,user_8,175,175,
4235,6,5000000,0,user_17,175,175,
4246,7,5000000,0,user_30,175,175,
4242,8,4500000,0,user_28,175,175,
4329,9,0,0,builder_4,175,175,4253
4253,10,3200000,100000,user_32,175,175,
4266,11,3200000,13900,user_41,175,175,
4330,12,0,0,builder_4,175,175,4266
4259,13,2600000,0,user_36,175,175,
4281,14,2600000,0,user_49,175,175,
4238,15,2400000,0,user_21,175,175,
4231,16,2300000,0,user_13,175,175,
4236,17,2000000,0,user_18,175,175,
4255,18,2000000,0,user_33,175,175,
4225,19,1900000,0,user_8,175,175,
4249,20,1900000,0,user_32,175,175,
4254,21,1500000,0,user_33,175,175,
4256,22,1500000,0,user_34,175,175,
4270,23,1400000,35600,user_43,175,175,
4331,24,0,0,builder_4,175,175,4270
4222,25,220000,959000,user_6,175,175,
4332,26,0,0,builder_4,175,175,4222
4220,27,1100000,0,user_3,175,175,
4333,28,0,0,builder_4,175,175,4262
4262,29,220000,769000,user_38,175,175,
4245,30,970000,0,user_30,175,175,
4252,31,970000,0,user_32,175,175,
4260,32,910000,0,user_37,175,175,
4257,33,670000,0,user_35,175,175,
4279,34,670000,0,user_48,175,175,
4232,35,660000,0,user_14,175,175,
4244,36,420000,164000,user_30,175,175,
4334,37,0,0,builder_4,175,175,4244
4277,38,310000,231000,user_48,175,175,
4335,39,0,0,builder_4,175,175,4277
4247,40,530000,0,user_30,175,175,
4336,41,0,0,builder_4,175,175,4248
4248,42,340000,155000,user_30,175,175,
4272,43,460000,0,user_45,175,175,
4265,44,370000,0,user_41,175,175,
4223,45,360000,0,user_6,175,175,
4230,46,310000,0,user_13,175,175,
4243,47,310000,0,user_29,175,175,
4240,48,300000,0,user_23,175,175,
4221,49,260000,0,user_4,175,175,
4241,50,260000,0,user_26,175,175,
4250,51,260000,0,user_32,175,175,
4278,52,260000,0,user_48,175,175,
4258,53,220000,0,user_35,175,175,
4237,54,190000,0,user_19,175,175,
4276,55,170000,16400,user_48,175,175,
4337,56,0,0,builder_4,175,175,4276
4233,57,170000,0,user_16,175,175,
4267,58,160000,0,user_41,175,175,
4268,59,160000,0,user_42,175,175,
4269,60,160000,0,user_42,175,175,
4271,61,160000,0,user_44,175,175,
4274,62,160000,0,user_46,175,175,
4227,63,110000,0,user_10,175,175,
4338,64,0,0,builder_4,175,175,4234
4234,65,70000,30200,user_17,175,175,
4226,66,87000,0,user_9,175,175,
4280,67,83000,0,user_48,175,175,
4261,68,82000,0,user_38,175,175,
4228,69,77000,0,user_10,175,175,
4273,70,73000,0,user_46,175,175,
4372,,98000,0,user_0,176,,
4373,,70000,0,user_0,176,,
4374,,110000,15100,user_0,176,,
4375,,1000000,17000,user_1,176,,
4376,,110000,0,user_2,176,,
4377,,170000,0,user_2,176,,
4378,,6300000,14200,user_2,176,,
4379,,160000,283000,user_2,176,,
4380,,1600000,0,user_2,176,,
4381,,150000,0,user_3,176,,
4382,,84000,0,user_3,176,,
4383,,360000,0,user_4,176,,
4384,,1000000,13900,user_6,176,,
4385,,3200000,0,user_7,176,,
4386,,260000,0,user_9,176,,
4387,,84000,0,user_10,176,,
4388,,110000,0,user_11,176,,
4389,,1000000,7190000,user_11,176,,
4390,,120000,164000,user_12,176,,
4391,,27000000,0,user_12,176,,
4392,,160000,0,user_13,176,,
4393,,120000,0,user_13,176,,
4394,,85000,0,user_14,176,,
4395,,220000,0,user_14,176,,
4396,,2500000,14200,user_14,176,,
4397,,220000,0,user_14,176,,
4398,,98000,0,user_16,176,,
4399,,110000,0,user_19,176,,
4400,,1000000,0,user_20,176,,
4401,,1900000,0,user_21,176,,
4402,,1100000,0,user_22,176,,
4403,,43000000,0,user_22,176,,
4404,,1000000,0,user_22,176,,
4405,,150000,0,user_22,176,,
4406,,190000,0,user_22,176,,
4407,,350000,0,user_25,176,,
4408,,220000,0,user_26,176,,
4409,,100000,0,user_27,176,,
4410,,2000000,0,user_29,176,,
4411,,82000,5640,user_30,176,,
4412,,220000,0,user_31,176,,
4413,,120000,0,user_32,176,,
4414,,170000,0,user_32,176,,
4415,,43000000,0,user_33,176,,
4416,,27000000,1100000,user_33,176,,
4417,,220000,0,user_33,176,,
4418,,1400000,195000,user_34,176,,
4419,,1800000,0,user_35,176,,
4420,,340000,0,user_36,176,,
4421,,240000,0,user_36,176,,
4422,,80000,0,user_36,176,,
4423,,100000,0,user_36,176,,
4424,,79000,0,user_37,176,,
4425,,160000,0,user_38,176,,
4426,,470000,13800,user_38,176,,
4427,,300000,0,user_39,176,,
4428,,100000,0,user_40,176,,
4429,,260000,0,user_41,176,,
4430,,460000,0,user_42,176,,
4431,,220000,181000,user_43,176,,
4432,,1400000,0,user_44,176,,
4433,,150000,30200,user_45,176,,
4434,,87000,0,user_47,176,,
4435,,120000,0,user_47,176,,
4436,,150000,0,user_47,176,,
4437,,310000,0,user_47,176,,
4438,,970000,285000,user_47,176,,
4439,,100000,0,user_49,176,,
4403,0,43000000,0,user_22,176,176,
4415,1,43000000,0,user_33,176,176,
4391,2,27000000,0,user_12,176,176,
4416,3,27000000,1100000,user_33,176,176,
4378,4,6300000,14200,user_2,176,176,
4385,5,3200000,0,user_7,176,176,
4396,6,2500000,14200,user_14,176,176,
4410,7,2000000,0,user_29,176,176,
4401,8,1900000,0,user_21,176,176,
4419,9,1800000,0,user_35,176,176,
4380,10,1600000,0,user_2,176,176,
4418,11,1400000,195000,user_34,176,176,
4432,12,1400000,0,user_44,176,176,
4402,13,1100000,0,user_22,176,176,
4375,14,1000000,17000,user_1,176,176,
4384,15,1000000,13900,user_6,176,176,
4389,16,1000000,7190000,user_11,176,176,
4400,17,1000000,0,user_20,176,176,
4404,18,1000000,0,user_22,176,176,
4438,19,970000,285000,user_47,176,176,
4430,20,460000,0,user_42,176,176,
4383,21,360000,0,user_4,176,176,
4407,22,350000,0,user_25,176,176,
4437,23,310000,0,user_47,176,176,
4427,24,300000,0,user_39,176,176,
4429,25,260000,0,user_41,176,176,
4395,26,220000,0,user_14,176,176,
4397,27,220000,0,user_14,176,176,
4408,28,220000,0,user_26,176,176,
4412,29,220000,0,user_31,176,176,
4417,30,220000,0,user_33,176,176,
4431,31,220000,181000,user_43,176,176,
4406,32,190000,0,user_22,176,176,
4377,33,170000,0,user_2,176,176,
4414,34,170000,0,user_32,176,176,
4379,35,160000,283000,user_2,176,176,
4392,36,160000,0,user_13,176,176,
4381,37,150000,0,user_3,176,176,
4405,38,150000,0,user_22,176,176,
4433,39,150000,30200,user_45,176,176,
4436,40,150000,0,user_47,176,176,
4390,41,120000,164000,user_12,176,176,
4393,42,120000,0,user_13,176,176,
4413,43,120000,0,user_32,176,176,
4435,44,120000,0,user_47,176,176,
4374,45,110000,15100,user_0,176,176,
4376,46,110000,0,user_2,176,176,
4388,47,110000,0,user_11,176,176,
4399,48,110000,0,user_19,176,176,
4428,49,100000,0,user_40,176,176,
4439,50,100000,0,user_49,176,176,
4372,51,98000,0,user_0,176,176,
4398,52,98000,0,user_16,176,176,
4434,53,87000,0,user_47,176,176,
4394,54,85000,0,user_14,176,176,
4382,55,84000,0,user_3,176,176,
4411,56,82000,5640,user_30,176,176,
4424,57,79000,0,user_37,176,176,
4373,58,70000,0,user_0,176,176,
4542,,1100000,0,user_1,177,,
4543,,77000,0,user_3,177,,
4544,,1300000,0,user_5,177,,
4545,,83000,0,user_6,177,,
4546,,3600000,73100,user_7,177,,
4547,,2500000,0,user_7,177,,
4548,,120000,0,user_8,177,,
4549,,1000000,769000,user_8,177,,
4550,,460000,0,user_9,177,,
4551,,98000,0,user_9,177,,
4552,,360000,0,user_9,177,,
4553,,19000000,0,user_9,177,,
4554,,260000,0,user_11,177,,
4555,,220000,510000,user_11,177,,
4556,,220000,47700,user_11,177,,
4557,,670000,0,user_11,177,,
4558,,910000,0,user_11,177,,
4559,,260000,34700,user_15,177,,
4560,,660000,164000,user_16,177,,
4561,,83000,296000,user_17,177,,
4562,,260000,0,user_18,177,,
4563,,530000,0,user_20,177,,
4564,,320000,0,user_20,177,,
4565,,650000,0,user_21,177,,
4566,,3500000,0,user_21,177,,
4567,,670000,0,user_22,177,,
4568,,4200000,12800,user_23,177,,
4569,,160000,0,user_24,177,,
4570,,120000,350000,user_25,177,,
4571,,310000,0,user_26,177,,
4572,,84000,8520,user_27,177,,
4573,,79000,0,user_28,177,,
4574,,2400000,11200,user_30,177,,
4575,,6300000,0,user_31,177,,
4576,,300000,0,user_31,177,,
4577,,80000,0,user_33,177,,
4578,,3500000,0,user_33,177,,
4579,,1600000,0,user_34,177,,
4580,,360000,0,user_35,177,,
4581,,350000,0,user_37,177,,
4582,,160000,15300,user_38,177,,
4583,,170000,0,user_38,177,,
4584,,160000,0,user_40,177,,
4585,,43000000,0,user_41,177,,
4586,,1000000,0,user_42,177,,
4587,,170000,545000,user_42,177,,
4588,,350000,0,user_44,177,,
4589,,2000000,0,user_45,177,,
4590,,660000,0,user_47,177,,
4591,,98000,0,user_48,177,,
4592,,3200000,0,user_48,177,,
4593,,19000000,0,user_48,177,,
4585,0,43000000,0,user_41,177,177,
4553,1,19000000,0,user_9,177,177,
4593,2,19000000,0,user_48,177,177,
4575,3,6300000,0,user_31,177,177,
4568,4,4200000,12800,user_23,177,177,
4546,5,3600000,73100,user_7,177,177,
4566,6,3500000,0,user_21,177,177,
4578,7,3500000,0,user_33,177,177,
4592,8,3200000,0,user_48,177,177,
4547,9,2500000,0,user_7,177,177,
4574,10,2400000,11200,user_30,177,177,
4589,11,2000000,0,user_45,177,177,
4579,12,1600000,0,user_34,177,177,
4544,13,1300000,0,user_5,177,177,
4549,14,1000000,769000,user_8,177,177,
4586,15,1000000,0,user_42,177,177,
4558,16,910000,0,user_11,177,177,
4557,17,670000,0,user_11,177,177,
4567,18,670000,0,user_22,177,177,
4560,19,660000,164000,user_16,177,177,
4590,20,660000,0,user_47,177,177,
4565,21,650000,0,user_21,177,177,
4563,22,530000,0,user_20,177,177,
4550,23,460000,0,user_9,177,177,
4552,24,360000,0,user_9,177,177,
4580,25,360000,0,user_35,177,177,
4588,26,350000,0,user_44,177,177,
4564,27,320000,0,user_20,177,177,
4576,28,300000,0,user_31,177,177,
4554,29,260000,0,user_11,177,177,
4559,30,260000,34700,user_15,177,177,
4562,31,260000,0,user_18,177,177,
4555,32,220000,510000,user_11,177,177,
4556,33,220000,47700,user_11,177,177,
4583,34,170000,0,user_38,177,177,
4587,35,170000,545000,user_42,177,177,
4569,36,160000,0,user_24,177,177,
4582,37,160000,15300,user_38,177,177,
4584,38,160000,0,user_40,177,177,
4548,39,120000,0,user_8,177,177,
4570,40,120000,350000,user_25,177,177,
4551,41,98000,0,user_9,177,177,
4591,42,98000,0,user_48,177,177,
4572,43,84000,8520,user_27,177,177,
4545,44,83000,0,user_6,177,177,
4561,45,83000,296000,user_17,177,177,
4577,46,80000,0,user_33,177,177,
4543,47,77000,0,user_3,177,177,
4681,,2600000,296000,user_0,178,,
4682,,1500000,0,user_0,178,,
4683,,1600000,0,user_0,178,,
4684,,80000,0,user_0,178,,
4685,,310000,0,user_1,178,,
4686,,470000,0,user_2,178,,
4687,,85000,71800,user_3,178,,
4688,,910000,0,user_4,178,,
4689,,300000,0,user_4,178,,
4690,,310000,0,user_4,178,,
4691,,83000,0,user_4,178,,
4692,,120000,0,user_6,178,,
4693,,910000,0,user_6,178,,
4694,,100000,36800,user_8,178,,
4695,,150000,0,user_12,178,,
4696,,30000000,0,user_14,178,,
4697,,300000,0,user_14,178,,
4698,,5200000,779000,user_15,178,,
4699,,43000000,0,user_17,178,,
4700,,220000,0,user_18,178,,
4701,,79000,0,user_21,178,,
4702,,170000,1100000,user_25,178,,
4703,,660000,0,user_27,178,,
4704,,1000000,769000,user_28,178,,
4705,,5000000,0,user_28,178,,
4706,,170000,0,user_30,178,,
4707,,220000,0,user_30,178,,
4708,,3500000,16400,user_31,178,,
4709,,260000,0,user_32,178,,
4710,,19000000,0,user_33,178,,
4711,,2100000,0,user_33,178,,
4712,,600000,0,user_34,178,,
4713,,220000,56200,user_35,178,,
4714,,82000,0,user_35,178,,
4715,,660000,0,user_37,178,,
4716,,1800000,100000,user_37,178,,
4717,,1800000,16400,user_39,178,,
4718,,1000000,0,user_40,178,,
4719,,82000,0,user_41,178,,
4720,,1600000,0,user_45,178,,
4721,,160000,0,user_47,178,,
4722,,27000000,0,user_49,178,,
4699,0,43000000,0,user_17,178,178,
4696,1,30000000,0,user_14,178,178,
4722,2,27000000,0,user_49,178,178,
4710,3,19000000,0,user_33,178,178,
4698,4,5200000,779000,user_15,178,178,
4705,5,5000000,0,user_28,178,178,
4708,6,3500000,16400,user_31,178,178,
4681,7,2600000,296000,user_0,178,178,
4711,8,2100000,0,user_33,178,178,
4716,9,1800000,100000,user_37,178,178,
4717,10,1800000,16400,user_39,178,178,
4683,11,1600000,0,user_0,178,178,
4720,12,1600000,0,user_45,178,178,
4682,13,1500000,0,user_0,178,178,
4704,14,1000000,769000,user_28,178,178,
4718,15,1000000,0,user_40,178,178,
4688,16,910000,0,user_4,178,178,
4693,17,910000,0,user_6,178,178,
4715,18,660000,0,user_37,178,178,
4712,19,600000,0,user_34,178,178,
4686,20,470000,0,user_2,178,178,
4685,21,310000,0,user_1,178,178,
4690,22,310000,0,user_4,178,178,
4689,23,300000,0,user_4,178,178,
4697,24,300000,0,user_14,178,178,
4709,25,260000,0,user_32,178,178,
4700,26,220000,0,user_18,178,178,
4707,27,220000,0,user_30,178,178,
4713,28,220000,56200,user_35,178,178,
4702,29,170000,1100000,user_25,178,178,
4706,30,170000,0,user_30,178,178,
4721,31,160000,0,user_47,178,178,
4695,32,150000,0,user_12,178,178,
4692,33,120000,0,user_6,178,178,
4694,34,100000,36800,user_8,178,178,
4687,35,85000,71800,user_3,178,178,
4691,36,83000,0,user_4,178,178,
4714,37,82000,0,user_35,178,178,
4719,38,82000,0,user_41,178,178,
4684,39,80000,0,user_0,178,178,
4701,40,79000,0,user_21,178,178,
4798,,82000,0,user_0,179,,
4799,,220000,23500,user_2,179,,
4800,,6100000,0,user_2,179,,
4801,,190000,0,user_4,179,,
4802,,27000000,0,user_4,179,,
4803,,2000000,0,user_4,179,,
4804,,2000000,0,user_6,179,,
4805,,170000,0,user_6,179,,
4806,,2300000,12800,user_8,179,,
4807,,130000,13900,user_8,179,,
4808,,4500000,0,user_8,179,,
4809,,110000,0,user_9,179,,
4810,,240000,0,user_10,179,,
4811,,150000,0,user_11,179,,
4812,,190000,0,user_12,179,,
4813,,30000000,0,user_13,179,,
4814,,1600000,75000,user_13,179,,
4815,,5000000,0,user_14,179,,
4816,,2400000,0,user_15,179,,
4817,,120000,0,user_16,179,,
4818,,1500000,0,user_16,179,,
4819,,4200000,0,user_17,179,,
4820,,240000,0,user_19,179,,
4821,,630000,0,user_19,179,,
4822,,260000,0,user_20,179,,
4823,,1700000,43600,user_21,179,,
4824,,27000000,0,user_23,179,,
4825,,120000,0,user_23,179,,
4826,,420000,0,user_23,179,,
4827,,1600000,0,user_24,179,,
4828,,1000000,8520,user_24,179,,
4829,,82000,0,user_25,179,,
4830,,19000000,46500,user_26,179,,
4831,,150000,0,user_26,179,,
4832,,1000000,100000,user_26,179,,
4833,,360000,0,user_26,179,,
4834,,120000,0,user_27,179,,
4835,,5000000,0,user_27,179,,
4836,,120000,0,user_28,179,,
4837,,2300000,0,user_30,179,,
4838,,310000,12800,user_31,179,,
4839,,460000,0,user_31,179,,
4840,,170000,0,user_31,179,,
4841,,1500000,0,user_31,179,,
4842,,150000,0,user_35,179,,
4843,,190000,0,user_36,179,,
4844,,2000000,164000,user_37,179,,
4845,,98000,0,user_39,179,,
4846,,260000,60700,user_40,179,,
4847,,3500000,0,user_41,179,,
4848,,660000,43600,user_42,179,,
4849,,170000,0,user_42,179,,
4850,,1000000,0,user_44,179,,
4851,,460000,0,user_46,179,,
4852,,110000,73100,user_47,179,,
4853,,77000,0,user_47,179,,
4854,,77000,510000,user_48,179,,
4855,,420000,7190000,user_48,179,,
4856,,360000,0,user_49,179,,
4813,0,30000000,0,user_13,179,179,
4802,1,27000000,0,user_4,179,179,
4824,2,27000000,0,user_23,179,179,
4906,3,0,0,builder_4,179,179,4830
4830,4,19000000,46500,user_26,179,179,
4855,5,420000,7190000,user_48,179,179,
4907,6,0,0,builder_4,179,179,4855
4800,7,6100000,0,user_2,179,179,
4815,8,5000000,0,user_14,179,179,
4835,9,5000000,0,user_27,179,179,
4808,10,4500000,0,user_8,179,179,
4819,11,4200000,0,user_17,179,179,
4847,12,3500000,0,user_41,179,179,
4806,13,2300000,12800,user_8,179,179,
4908,14,0,0,builder_4,179,179,4806
4837,15,2300000,0,user_30,179,179,
4844,16,2000000,164000,user_37,179,179,
4909,17,0,0,builder_4,179,179,4844
4803,18,2000000,0,user_4,179,179,
4804,19,2000000,0,user_6,179,179,
4910,20,0,0,builder_4,179,179,4823
4823,21,1700000,43600,user_21,179,179,
4814,22,1600000,75000,user_13,179,179,
4911,23,0,0,builder_4,179,179,4814
4827,24,1600000,0,user_24,179,179,
4818,25,1500000,0,user_16,179,179,
4841,26,1500000,0,user_31,179,179,
4912,27,0,0,builder_4,179,179,4832
4832,28,1000000,100000,user_26,179,179,
4913,29,0,0,builder_4,179,179,4828
4828,30,1000000,8520,user_24,179,179,
4850,31,1000000,0,user_44,179,179,
4848,32,660000,43600,user_42,179,179,
4914,33,0,0,builder_4,179,179,4848
4821,34,630000,0,user_19,179,179,
4854,35,77000,510000,user_48,179,179,
4915,36,0,0,builder_4,179,179,4854
4839,37,460000,0,user_31,179,179,
4851,38,460000,0,user_46,179,179,
4826,39,420000,0,user_23,179,179,
4833,40,360000,0,user_26,179,179,
4856,41,360000,0,user_49,179,179,
4916,42,0,0,builder_4,179,179,4838
4838,43,310000,12800,user_31,179,179,
4917,44,0,0,builder_4,179,179,4846
4846,45,260000,60700,user_40,179,179,
4822,46,260000,0,user_20,179,179,
4918,47,0,0,builder_4,179,179,4799
4799,48,220000,23500,user_2,179,179,
4810,49,240000,0,user_10,179,179,
4820,50,240000,0,user_19,179,179,
4801,51,190000,0,user_4,179,179,
4812,52,190000,0,user_12,179,179,
4843,53,190000,0,user_36,179,179,
4805,54,170000,0,user_6,179,179,
4840,55,170000,0,user_31,179,179,
4849,56,170000,0,user_42,179,179,
4811,57,150000,0,user_11,179,179,
4831,58,150000,0,user_26,179,179,
4842,59,150000,0,user_35,179,179,
4807,60,130000,13900,user_8,179,179,
4919,61,0,0,builder_4,179,179,4807
4817,62,120000,0,user_16,179,179,
4825,63,120000,0,user_23,179,179,
4834,64,120000,0,user_27,179,179,
4836,65,120000,0,user_28,179,179,
4809,66,110000,0,user_9,179,179,
4798,67,82000,0,user_0,179,179,
4829,68,82000,0,user_25,179,179,
0,,3200000,0,user_0,180,,
1,,2100000,0,user_1,180,,
2,,110000,0,user_3,180,,
3,,120000,0,user_4,180,,
4,,5000000,0,user_4,180,,
5,,160000,0,user_5,180,,
6,,70000,3130,user_6,180,,
7,,84000,19700,user_7,180,,
8,,150000,0,user_7,180,,
9,,1200000,0,user_7,180,,
10,,460000,0,user_7,180,,
11,,260000,0,user_7,180,,
12,,170000,0,user_8,180,,
13,,1600000,0,user_8,180,,
14,,73000,0,user_9,180,,
15,,150000,0,user_9,180,,
16,,370000,0,user_10,180,,
17,,2600000,0,user_12,180,,
18,,300000,0,user_12,180,,
19,,460000,296000,user_12,180,,
20,,3500000,17000,user_14,180,,
21,,970000,0,user_15,180,,
22,,170000,0,user_16,180,,
23,,19000000,0,user_17,180,,
24,,170000,0,user_18,180,,
25,,110000,0,user_21,180,,
26,,1000000,0,user_23,180,,
27,,19000000,71800,user_23,180,,
28,,130000,0,user_25,180,,
29,,1100000,17700000,user_25,180,,
30,,2300000,410000,user_27,180,,
31,,73000,0,user_27,180,,
32,,1000000,0,user_29,180,,
33,,220000,0,user_30,180,,
34,,3600000,0,user_33,180,,
35,,360000,0,user_34,180,,
36,,310000,0,user_34,180,,
37,,1300000,0,user_35,180,,
38,,220000,0,user_36,180,,
39,,1000000,0,user_37,180,,
40,,77000,43600,user_38,180,,
41,,1700000,0,user_38,180,,
42,,420000,0,user_39,180,,
43,,5000000,0,user_40,180,,
44,,340000,5630,user_41,180,,
45,,340000,0,user_43,180,,
46,,1500000,283000,user_44,180,,
47,,160000,0,user_45,180,,
48,,5200000,0,user_45,180,,
49,,79000,0,user_46,180,,
50,,100000,0,user_47,180,,
51,,120000,35600,user_47,180,,
52,,170000,0,user_48,180,,
53,,300000,0,user_49,180,,
27,0,19000000,71800,user_23,180,180,
84,1,0,0,builder_4,180,180,27
23,2,19000000,0,user_17,180,180,
85,3,0,0,builder_4,180,180,29
29,4,1100000,17700000,user_25,180,180,
48,5,5200000,0,user_45,180,180,
4,6,5000000,0,user_4,180,180,
43,7,5000000,0,user_40,180,180,
34,8,3600000,0,user_33,180,180,
86,9,0,0,builder_4,180,180,20
20,10,3500000,17000,user_14,180,180,
0,11,3200000,0,user_0,180,180,
30,12,2300000,410000,user_27,180,180,
87,13,0,0,builder_4,180,180,30
17,14,2600000,0,user_12,180,180,
1,15,2100000,0,user_1,180,180,
46,16,1500000,283000,user_44,180,180,
88,17,0,0,builder_4,180,180,46
41,18,1700000,0,user_38,180,180,
13,19,1600000,0,user_8,180,180,
37,20,1300000,0,user_35,180,180,
26,21,1000000,0,user_23,180,180,
32,22,1000000,0,user_29,180,180,
39,23,1000000,0,user_37,180,180,
89,24,0,0,builder_4,180,180,19
19,25,460000,296000,user_12,180,180,
16,26,370000,0,user_10,180,180,
35,27,360000,0,user_34,180,180,
44,28,340000,5630,user_41,180,180,
90,29,0,0,builder_4,180,180,44
45,30,340000,0,user_43,180,180,
36,31,310000,0,user_34,180,180,
18,32,300000,0,user_12,180,180,
53,33,300000,0,user_49,180,180,
33,34,220000,0,user_30,180,180,
38,35,220000,0,user_36,180,180,
12,36,170000,0,user_8,180,180,
22,37,170000,0,user_16,180,180,
24,38,170000,0,user_18,180,180,
52,39,170000,0,user_48,180,180,
47,40,160000,0,user_45,180,180,
15,41,150000,0,user_9,180,180,
28,42,130000,0,user_25,180,180,
91,43,0,0,builder_4,180,180,40
40,44,77000,43600,user_38,180,180,
3,45,120000,0,user_4,180,180,
2,46,110000,0,user_3,180,180,
25,47,110000,0,user_21,180,180,
49,48,79000,0,user_46,180,180,
6,49,70000,3130,user_6,180,180,
92,50,0,0,builder_4,180,180,6
14,51,73000,0,user_9,180,180,
31,52,73000,0,user_27,180,180,
127,,2000000,0,user_0,181,,
128,,150000,0,user_0,181,,
129,,220000,0,user_2,181,,
130,,5000000,0,user_2,181,,
131,,5000000,0,user_2,181,,
132,,1400000,13900,user_2,181,,
133,,1100000,0,user_2,181,,
134,,3200000,0,user_4,181,,
135,,2400000,0,user_6,181,,
136,,98000,0,user_8,181,,
137,,1900000,19700,user_8,181,,
138,,660000,0,user_8,181,,
139,,150000,0,user_8,181,,
140,,83000,0,user_8,181,,
141,,460000,35600,user_9,181,,
142,,1100000,0,user_10,181,,
143,,130000,0,user_11,181,,
144,,420000,0,user_11,181,,
145,,2600000,0,user_11,181,,
146,,4200000,0,user_11,181,,
147,,660000,15300,user_11,181,,
148,,100000,17700000,user_12,181,,
149,,27000000,67500,user_13,181,,
150,,6300000,0,user_14,181,,
151,,910000,0,user_15,181,,
152,,2100000,256000,user_15,181,,
153,,80000,0,user_15,181,,
154,,360000,0,user_16,181,,
155,,130000,0,user_18,181,,
156,,150000,42000,user_19,181,,
157,,5000000,0,user_20,181,,
158,,85000,128000,user_21,181,,
159,,1900000,84800,user_22,181,,
160,,5200000,0,user_23,181,,
161,,2000000,0,user_24,181,,
162,,110000,0,user_24,181,,
163,,150000,0,user_24,181,,
164,,77000,0,user_26,181,,
165,,2300000,0,user_28,181,,
166,,2100000,0,user_29,181,,
167,,110000,0,user_30,181,,
168,,43000000,256000,user_31,181,,
169,,5000000,0,user_33,181,,
170,,83000,21800,user_33,181,,
171,,190000,12800,user_34,181,,
172,,1900000,0,user_35,181,,
173,,3500000,0,user_35,181,,
174,,2000000,0,user_37,181,,
175,,170000,11200,user_37,181,,
176,,170000,0,user_38,181,,
177,,120000,0,user_39,181,,
178,,2000000,0,user_42,181,,
179,,2500000,34700,user_43,181,,
180,,4200000,0,user_46,181,,
181,,2000000,0,user_49,181,,
168,0,43000000,256000,user_31,181,181,
149,1,27000000,67500,user_13,181,181,
150,2,6300000,0,user_14,181,181,
160,3,5200000,0,user_23,181,181,
130,4,5000000,0,user_2,181,181,
131,5,5000000,0,user_2,181,181,
157,6,5000000,0,user_20,181,181,
169,7,5000000,0,user_33,181,181,
146,8,4200000,0,user_11,181,181,
180,9,4200000,0,user_46,181,181,
173,10,3500000,0,user_35,181,181,
134,11,3200000,0,user_4,181,181,
145,12,2600000,0,user_11,181,181,
179,13,2500000,34700,user_43,181,181,
135,14,2400000,0,user_6,181,181,
165,15,2300000,0,user_28,181,181,
152,16,2100000,256000,user_15,181,181,
166,17,2100000,0,user_29,181,181,
127,18,2000000,0,user_0,181,181,
161,19,2000000,0,user_24,181,181,
174,20,2000000,0,user_37,181,181,
178,21,2000000,0,user_42,181,181,
181,22,2000000,0,user_49,181,181,
137,23,1900000,19700,user_8,181,181,
159,24,1900000,84800,user_22,181,181,
172,25,1900000,0,user_35,181,181,
132,26,1400000,13900,user_2,181,181,
133,27,1100000,0,user_2,181,181,
151,28,910000,0,user_15,181,181,
138,29,660000,0,user_8,181,181,
147,30,660000,15300,user_11,181,181,
144,31,420000,0,user_11,181,181,
154,32,360000,0,user_16,181,181,
129,33,220000,0,user_2,181,181,
171,34,190000,12800,user_34,181,181,
175,35,170000,11200,user_37,181,181,
128,36,150000,0,user_0,181,181,
139,37,150000,0,user_8,181,181,
156,38,150000,42000,user_19,181,181,
163,39,150000,0,user_24,181,181,
143,40,130000,0,user_11,181,181,
155,41,130000,0,user_18,181,181,
177,42,120000,0,user_39,181,181,
162,43,110000,0,user_24,181,181,
167,44,110000,0,user_30,181,181,
148,45,100000,17700000,user_12,181,181,
136,46,98000,0,user_8,181,181,
158,47,85000,128000,user_21,181,181,
140,48,83000,0,user_8,181,181,
170,49,83000,21800,user_33,181,181,
153,50,80000,0,user_15,181,181,
164,51,77000,0,user_26,181,181,
287,,77000,7840,user_0,182,,
288,,150000,0,user_1,182,,
289,,1100000,10700,user_3,182,,
290,,600000,0,user_4,182,,
291,,110000,0,user_6,182,,
292,,220000,0,user_6,182,,
293,,110000,0,user_7,182,,
294,,110000,73100,user_8,182,,
295,,630000,0,user_9,182,,
296,,460000,5640,user_11,182,,
297,,150000,0,user_11,182,,
298,,2400000,13900,user_13,182,,
299,,2000000,75000,user_13,182,,
300,,1100000,0,user_15,182,,
301,,1000000,0,user_17,182,,
302,,420000,0,user_18,182,,
303,,600000,0,user_19,182,,
304,,1000000,0,user_20,182,,
305,,77000,0,user_21,182,,
306,,160000,0,user_22,182,,
307,,420000,0,user_23,182,,
308,,30000000,84800,user_24,182,,
309,,170000,0,user_26,182,,
310,,670000,0,user_27,182,,
311,,150000,0,user_29,182,,
312,,2600000,0,user_31,182,,
313,,150000,0,user_32,182,,
314,,70000,0,user_33,182,,
315,,370000,0,user_34,182,,
316,,30000000,0,user_36,182,,
317,,1900000,0,user_37,182,,
318,,260000,0,user_38,182,,
319,,660000,0,user_38,182,,
320,,300000,0,user_39,182,,
321,,1700000,0,user_40,182,,
322,,120000,0,user_42,182,,
323,,150000,0,user_43,182,,
324,,1000000,0,user_44,182,,
325,,100000,0,user_44,182,,
326,,530000,3130,user_45,182,,
327,,1000000,75000,user_48,182,,
328,,350000,0,user_49,182,,
308,0,30000000,84800,user_24,182,182,
316,1,30000000,0,user_36,182,182,
312,2,2600000,0,user_31,182,182,
298,3,2400000,13900,user_13,182,182,
299,4,2000000,75000,user_13,182,182,
317,5,1900000,0,user_37,182,182,
321,6,1700000,0,user_40,182,182,
289,7,1100000,10700,user_3,182,182,
300,8,1100000,0,user_15,182,182,
301,9,1000000,0,user_17,182,182,
304,10,1000000,0,user_20,182,182,
324,11,1000000,0,user_44,182,182,
327,12,1000000,75000,user_48,182,182,
310,13,670000,0,user_27,182,182,
319,14,660000,0,user_38,182,182,
295,15,630000,0,user_9,182,182,
290,16,600000,0,user_4,182,182,
303,17,600000,0,user_19,182,182,
302,18,420000,0,user_18,182,182,
307,19,420000,0,user_23,182,182,
315,20,370000,0,user_34,182,182,
328,21,350000,0,user_49,182,182,
320,22,300000,0,user_39,182,182,
318,23,260000,0,user_38,182,182,
292,24,220000,0,user_6,182,182,
309,25,170000,0,user_26,182,182,
306,26,160000,0,user_22,182,182,
288,27,150000,0,user_1,182,182,
311,28,150000,0,user_29,182,182,
323,29,150000,0,user_43,182,182,
322,30,120000,0,user_42,182,182,
291,31,110000,0,user_6,182,182,
293,32,110000,0,user_7,182,182,
294,33,110000,73100,user_8,182,182,
325,34,100000,0,user_44,182,182,
287,35,77000,7840,user_0,182,182,
305,36,77000,0,user_21,182,182,
314,37,70000,0,user_33,182,182,
394,,220000,0,user_0,183,,
395,,310000,0,user_0,183,,
396,,1400000,0,user_2,183,,
397,,370000,0,user_3,183,,
398,,1400000,0,user_4,183,,
399,,30000000,0,user_5,183,,
400,,1800000,5180,user_6,183,,
401,,660000,0,user_7,183,,
402,,1400000,0,user_8,183,,
403,,650000,0,user_8,183,,
404,,220000,0,user_9,183,,
405,,1100000,0,user_10,183,,
406,,910000,13800,user_10,183,,
407,,1500000,0,user_11,183,,
408,,1100000,0,user_11,183,,
409,,120000,0,user_11,183,,
410,,360000,75000,user_11,183,,
411,,6300000,0,user_12,183,,
412,,240000,16400,user_14,183,,
413,,220000,0,user_15,183,,
414,,87000,0,user_17,183,,
415,,83000,0,user_19,183,,
416,,5000000,0,user_19,183,,
417,,2400000,0,user_19,183,,
418,,85000,0,user_19,183,,
419,,670000,0,user_20,183,,
420,,310000,0,user_22,183,,
421,,910000,0,user_24,183,,
422,,160000,0,user_25,183,,
423,,2000000,0,user_26,183,,
424,,420000,0,user_27,183,,
425,,1100000,0,user_29,183,,
426,,2100000,0,user_30,183,,
427,,4500000,0,user_31,183,,
428,,670000,35600,user_33,183,,
429,,19000000,0,user_34,183,,
430,,1800000,0,user_34,183,,
431,,370000,0,user_35,183,,
432,,30000000,0,user_35,183,,
433,,630000,0,user_36,183,,
434,,43000000,0,user_37,183,,
435,,73000,0,user_37,183,,
436,,670000,0,user_37,183,,
437,,310000,0,user_37,183,,
438,,84000,181000,user_38,183,,
439,,260000,67900,user_39,183,,
440,,160000,0,user_40,183,,
441,,420000,0,user_40,183,,
442,,110000,0,user_40,183,,
443,,120000,0,user_40,183,,
444,,87000,0,user_42,183,,
445,,84000,0,user_42,183,,
446,,84000,0,user_43,183,,
447,,83000,0,user_44,183,,
448,,4200000,161000,user_44,183,,
449,,84000,0,user_44,183,,
450,,1400000,161000,user_46,183,,
451,,80000,0,user_48,183,,
452,,2000000,285000,user_49,183,,
434,0,43000000,0,user_37,183,183,
399,1,30000000,0,user_5,183,183,
432,2,30000000,0,user_35,183,183,
429,3,19000000,0,user_34,183,183,
411,4,6300000,0,user_12,183,183,
416,5,5000000,0,user_19,183,183,
427,6,4500000,0,user_31,183,183,
448,7,4200000,161000,user_44,183,183,
417,8,2400000,0,user_19,183,183,
423,9,2000000,0,user_26,183,183,
452,10,2000000,285000,user_49,183,183,
400,11,1800000,5180,user_6,183,183,
430,12,1800000,0,user_34,183,183,
407,13,1500000,0,user_11,183,183,
396,14,1400000,0,user_2,183,183,
398,15,1400000,0,user_4,183,183,
402,16,1400000,0,user_8,183,183,
450,17,1400000,161000,user_46,183,183,
405,18,1100000,0,user_10,183,183,
408,19,1100000,0,user_11,183,183,
425,20,1100000,0,user_29,183,183,
406,21,910000,13800,user_10,183,183,
421,22,910000,0,user_24,183,183,
419,23,670000,0,user_20,183,183,
428,24,670000,35600,user_33,183,183,
436,25,670000,0,user_37,183,183,
401,26,660000,0,user_7,183,183,
403,27,650000,0,user_8,183,183,
424,28,420000,0,user_27,183,183,
397,29,370000,0,user_3,183,183,
431,30,370000,0,user_35,183,183,
410,31,360000,75000,user_11,183,183,
437,32,310000,0,user_37,183,183,
439,33,260000,67900,user_39,183,183,
404,34,220000,0,user_9,183,183,
413,35,220000,0,user_15,183,183,
422,36,160000,0,user_25,183,183,
409,37,120000,0,user_11,183,183,
414,38,87000,0,user_17,183,183,
444,39,87000,0,user_42,183,183,
418,40,85000,0,user_19,183,183,
438,41,84000,181000,user_38,183,183,
445,42,84000,0,user_42,183,183,
446,43,84000,0,user_43,183,183,
449,44,84000,0,user_44,183,183,
415,45,83000,0,user_19,183,183,
447,46,83000,0,user_44,183,183,
451,47,80000,0,user_48,183,183,
435,48,73000,0,user_37,183,183,
526,,1400000,0,user_2,184,,
527,,310000,0,user_4,184,,
528,,84000,0,user_4,184,,
529,,73000,0,user_4,184,,
530,,98000,0,user_4,184,,
531,,2500000,0,user_6,184,,
532,,6300000,0,user_7,184,,
533,,160000,0,user_8,184,,
534,,2400000,0,user_8,184,,
535,,6100000,0,user_10,184,,
536,,2100000,231000,user_12,184,,
537,,370000,0,user_12,184,,
538,,110000,231000,user_13,184,,
539,,670000,0,user_14,184,,
540,,110000,155000,user_15,184,,
541,,150000,0,user_15,184,,
542,,80000,0,user_17,184,,
543,,3500000,369000,user_19,184,,
544,,1400000,0,user_21,184,,
545,,420000,0,user_22,184,,
546,,190000,0,user_23,184,,
547,,1200000,0,user_23,184,,
548,,30000000,0,user_24,184,,
549,,1300000,0,user_25,184,,
550,,260000,0,user_25,184,,
551,,370000,0,user_26,184,,
552,,460000,779000,user_26,184,,
553,,120000,0,user_29,184,,
554,,310000,0,user_30,184,,
555,,150000,0,user_30,184,,
556,,650000,0,user_31,184,,
557,,150000,161000,user_31,184,,
558,,3600000,0,user_31,184,,
559,,1500000,5180,user_32,184,,
560,,1700000,0,user_33,184,,
561,,1300000,0,user_34,184,,
562,,84000,17000,user_35,184,,
563,,420000,0,user_35,184,,
564,,530000,0,user_37,184,,
565,,600000,15700,user_38,184,,
566,,2600000,0,user_38,184,,
567,,2000000,0,user_39,184,,
568,,2300000,0,user_41,184,,
569,,670000,0,user_45,184,,
570,,1100000,0,user_45,184,,
571,,260000,0,user_46,184,,
572,,4200000,0,user_47,184,,
573,,1400000,121000,user_48,184,,
574,,1100000,0,user_48,184,,
575,,1400000,0,user_48,184,,
576,,98000,0,user_48,184,,
577,,87000,0,user_48,184,,
578,,2600000,12800,user_49,184,,
579,,150000,0,user_49,184,,
580,,1100000,56200,user_49,184,,
581,,27000000,0,user_49,184,,
582,,130000,0,user_49,184,,
548,0,30000000,0,user_24,184,184,
581,1,27000000,0,user_49,184,184,
532,2,6300000,0,user_7,184,184,
535,3,6100000,0,user_10,184,184,
572,4,4200000,0,user_47,184,184,
558,5,3600000,0,user_31,184,184,
543,6,3500000,369000,user_19,184,184,
566,7,2600000,0,user_38,184,184,
578,8,2600000,12800,user_49,184,184,
531,9,2500000,0,user_6,184,184,
534,10,2400000,0,user_8,184,184,
536,11,2100000,231000,user_12,184,184,
567,12,2000000,0,user_39,184,184,
559,13,1500000,5180,user_32,184,184,
526,14,1400000,0,user_2,184,184,
544,15,1400000,0,user_21,184,184,
573,16,1400000,121000,user_48,184,184,
575,17,1400000,0,user_48,184,184,
549,18,1300000,0,user_25,184,184,
561,19,1300000,0,user_34,184,184,
547,20,1200000,0,user_23,184,184,
570,21,1100000,0,user_45,184,184,
574,22,1100000,0,user_48,184,184,
580,23,1100000,56200,user_49,184,184,
539,24,670000,0,user_14,184,184,
569,25,670000,0,user_45,184,184,
556,26,650000,0,user_31,184,184,
565,27,600000,15700,user_38,184,184,
564,28,530000,0,user_37,184,184,
552,29,460000,779000,user_26,184,184,
545,30,420000,0,user_22,184,184,
563,31,420000,0,user_35,184,184,
537,32,370000,0,user_12,184,184,
551,33,370000,0,user_26,184,184,
527,34,310000,0,user_4,184,184,
554,35,310000,0,user_30,184,184,
550,36,260000,0,user_25,184,184,
571,37,260000,0,user_46,184,184,
546,38,190000,0,user_23,184,184,
533,39,160000,0,user_8,184,184,
555,40,150000,0,user_30,184,184,
557,41,150000,161000,user_31,184,184,
579,42,150000,0,user_49,184,184,
582,43,130000,0,user_49,184,184,
553,44,120000,0,user_29,184,184,
538,45,110000,231000,user_13,184,184,
530,46,98000,0,user_4,184,184,
576,47,98000,0,user_48,184,184,
577,48,87000,0,user_48,184,184,
528,49,84000,0,user_4,184,184,
562,50,84000,17000,user_35,184,184,
542,51,80000,0,user_17,184,184,
529,52,73000,0,user_4,184,184,
674,,530000,0,user_0,185,,
675,,420000,0,user_2,185,,
676,,170000,47700,user_3,185,,
677,,70000,15300,user_4,185,,
678,,1100000,0,user_5,185,,
679,,670000,18600,user_6,185,,
680,,310000,779000,user_7,185,,
681,,470000,0,user_8,185,,
682,,1800000,60700,user_9,185,,
683,,460000,0,user_9,185,,
684,,1400000,36800,user_10,185,,
685,,83000,0,user_10,185,,
686,,360000,121000,user_10,185,,
687,,970000,47700,user_11,185,,
688,,27000000,0,user_12,185,,
689,,160000,0,user_13,185,,
690,,2100000,0,user_14,185,,
691,,660000,0,user_16,185,,
692,,170000,0,user_16,185,,
693,,870000,0,user_16,185,,
694,,1000000,0,user_16,185,,
695,,3200000,47700,user_17,185,,
696,,5200000,0,user_17,185,,
697,,970000,67900,user_20,185,,
698,,77000,164000,user_20,185,,
699,,650000,0,user_21,185,,
700,,190000,0,user_22,185,,
701,,310000,0,user_22,185,,
702,,1000000,0,user_22,185,,
703,,670000,0,user_22,185,,
704,,170000,0,user_22,185,,
705,,19000000,0,user_23,185,,
706,,1400000,4320000,user_23,185,,
707,,660000,0,user_25,185,,
708,,6100000,0,user_30,185,,
709,,970000,0,user_31,185,,
710,,82000,0,user_32,185,,
711,,83000,0,user_32,185,,
712,,1600000,64600,user_33,185,,
713,,2600000,0,user_33,185,,
714,,650000,161000,user_34,185,,
715,,85000,139000,user_35,185,,
716,,530000,0,user_36,185,,
717,,370000,0,user_37,185,,
718,,160000,0,user_39,185,,
719,,3500000,0,user_39,185,,
720,,70000,0,user_46,185,,
721,,660000,0,user_46,185,,
722,,460000,0,user_47,185,,
723,,1000000,0,user_49,185,,
688,0,27000000,0,user_12,185,185,
705,1,19000000,0,user_23,185,185,
708,2,6100000,0,user_30,185,185,
696,3,5200000,0,user_17,185,185,
719,4,3500000,0,user_39,185,185,
695,5,3200000,47700,user_17,185,185,
713,6,2600000,0,user_33,185,185,
690,7,2100000,0,user_14,185,185,
682,8,1800000,60700,user_9,185,185,
712,9,1600000,64600,user_33,185,185,
684,10,1400000,36800,user_10,185,185,
706,11,1400000,4320000,user_23,185,185,
678,12,1100000,0,user_5,185,185,
694,13,1000000,0,user_16,185,185,
702,14,1000000,0,user_22,185,185,
687,15,970000,47700,user_11,185,185,
697,16,970000,67900,user_20,185,185,
693,17,870000,0,user_16,185,185,
679,18,670000,18600,user_6,185,185,
703,19,670000,0,user_22,185,185,
691,20,660000,0,user_16,185,185,
721,21,660000,0,user_46,185,185,
699,22,650000,0,user_21,185,185,
714,23,650000,161000,user_34,185,185,
716,24,530000,0,user_36,185,185,
681,25,470000,0,user_8,185,185,
683,26,460000,0,user_9,185,185,
722,27,460000,0,user_47,185,185,
686,28,360000,121000,user_10,185,185,
680,29,310000,779000,user_7,185,185,
701,30,310000,0,user_22,185,185,
700,31,190000,0,user_22,185,185,
676,32,170000,47700,user_3,185,185,
692,33,170000,0,user_16,185,185,
704,34,170000,0,user_22,185,185,
689,35,160000,0,user_13,185,185,
718,36,160000,0,user_39,185,185,
715,37,85000,139000,user_35,185,185,
685,38,83000,0,user_10,185,185,
711,39,83000,0,user_32,185,185,
710,40,82000,0,user_32,185,185,
698,41,77000,164000,user_20,185,185,
720,42,70000,0,user_46,185,185,
825,,870000,0,user_0,186,,
826,,27000000,66100,user_1,186,,
827,,260000,0,user_1,186,,
828,,80000,0,user_2,186,,
829,,220000,0,user_2,186,,
830,,530000,0,user_4,186,,
831,,130000,0,user_5,186,,
832,,220000,0,user_6,186,,
833,,1600000,0,user_7,186,,
834,,120000,0,user_8,186,,
835,,350000,0,user_8,186,,
836,,110000,0,user_9,186,,
837,,420000,0,user_9,186,,
838,,160000,0,user_10,186,,
839,,1400000,0,user_11,186,,
840,,2600000,75000,user_11,186,,
841,,2000000,0,user_12,186,,
842,,30000000,12800,user_13,186,,
843,,120000,0,user_13,186,,
844,,1300000,0,user_13,186,,
845,,2100000,0,user_13,186,,
846,,1100000,0,user_13,186,,
847,,120000,594000,user_14,186,,
848,,370000,12800,user_15,186,,
849,,1500000,13800,user_15,186,,
850,,1300000,0,user_16,186,,
851,,1000000,0,user_16,186,,
852,,1600000,0,user_16,186,,
853,,120000,0,user_18,186,,
854,,150000,0,user_19,186,,
855,,120000,146000,user_21,186,,
856,,5000000,0,user_22,186,,
857,,220000,0,user_23,186,,
858,,460000,0,user_24,186,,
859,,1500000,100000,user_26,186,,
860,,220000,19700,user_27,186,,
861,,1400000,0,user_27,186,,
862,,6300000,0,user_28,186,,
863,,1100000,0,user_28,186,,
864,,1400000,0,user_30,186,,
865,,1600000,0,user_32,186,,
866,,1000000,0,user_33,186,,
867,,2100000,0,user_33,186,,
868,,5200000,0,user_35,186,,
869,,1800000,0,user_35,186,,
870,,110000,0,user_35,186,,
871,,77000,0,user_35,186,,
872,,190000,0,user_35,186,,
873,,370000,0,user_36,186,,
874,,150000,30200,user_37,186,,
875,,2000000,0,user_38,186,,
876,,910000,0,user_39,186,,
877,,470000,75000,user_43,186,,
878,,460000,0,user_44,186,,
879,,3200000,0,user_44,186,,
880,,340000,0,user_44,186,,
881,,220000,0,user_44,186,,
882,,530000,0,user_45,186,,
883,,1500000,0,user_47,186,,
884,,370000,769000,user_47,186,,
885,,110000,0,user_49,186,,
842,0,30000000,12800,user_13,186,186,
826,1,27000000,66100,user_1,186,186,
862,2,6300000,0,user_28,186,186,
868,3,5200000,0,user_35,186,186,
856,4,5000000,0,user_22,186,186,
879,5,3200000,0,user_44,186,186,
840,6,2600000,75000,user_11,186,186,
845,7,2100000,0,user_13,186,186,
867,8,2100000,0,user_33,186,186,
841,9,2000000,0,user_12,186,186,
875,10,2000000,0,user_38,186,186,
869,11,1800000,0,user_35,186,186,
833,12,1600000,0,user_7,186,186,
852,13,1600000,0,user_16,186,186,
865,14,1600000,0,user_32,186,186,
849,15,1500000,13800,user_15,186,186,
859,16,1500000,100000,user_26,186,186,
883,17,1500000,0,user_47,186,186,
839,18,1400000,0,user_11,186,186,
861,19,1400000,0,user_27,186,186,
864,20,1400000,0,user_30,186,186,
844,21,1300000,0,user_13,186,186,
850,22,1300000,0,user_16,186,186,
846,23,1100000,0,user_13,186,186,
863,24,1100000,0,user_28,186,186,
851,25,1000000,0,user_16,186,186,
866,26,1000000,0,user_33,186,186,
876,27,910000,0,user_39,186,186,
882,28,530000,0,user_45,186,186,
877,29,470000,75000,user_43,186,186,
878,30,460000,0,user_44,186,186,
837,31,420000,0,user_9,186,186,
848,32,370000,12800,user_15,186,186,
873,33,370000,0,user_36,186,186,
884,34,370000,769000,user_47,186,186,
835,35,350000,0,user_8,186,186,
880,36,340000,0,user_44,186,186,
827,37,260000,0,user_1,186,186,
832,38,220000,0,user_6,186,186,
857,39,220000,0,user_23,186,186,
860,40,220000,19700,user_27,186,186,
881,41,220000,0,user_44,186,186,
872,42,190000,0,user_35,186,186,
838,43,160000,0,user_10,186,186,
831,44,130000,0,user_5,186,186,
834,45,120000,0,user_8,186,186,
843,46,120000,0,user_13,186,186,
847,47,120000,594000,user_14,186,186,
855,48,120000,146000,user_21,186,186,
836,49,110000,0,user_9,186,186,
870,50,110000,0,user_35,186,186,
871,51,77000,0,user_35,186,186,
968,,2600000,0,user_0,187,,
969,,110000,0,user_0,187,,
970,,1900000,32900,user_0,187,,
971,,420000,0,user_1,187,,
972,,2600000,0,user_2,187,,
973,,160000,0,user_2,187,,
974,,1000000,0,user_3,187,,
975,,4200000,0,user_3,187,,
976,,80000,0,user_5,187,,
977,,660000,0,user_5,187,,
978,,220000,0,user_6,187,,
979,,240000,0,user_8,187,,
980,,2000000,30200,user_9,187,,
981,,1600000,43600,user_9,187,,
982,,310000,18600,user_10,187,,
983,,310000,0,user_10,187,,
984,,4500000,0,user_14,187,,
985,,73000,0,user_14,187,,
986,,310000,0,user_15,187,,
987,,1100000,0,user_16,187,,
988,,1100000,31700,user_17,187,,
989,,160000,0,user_17,187,,
990,,2300000,0,user_18,187,,
991,,470000,0,user_18,187,,
992,,1500000,0,user_19,187,,
993,,1500000,17000,user_20,187,,
994,,2600000,256000,user_20,187,,
995,,1600000,0,user_21,187,,
996,,80000,0,user_25,187,,
997,,80000,0,user_26,187,,
998,,98000,0,user_27,187,,
999,,5200000,0,user_28,187,,
1000,,1200000,0,user_30,187,,
1001,,600000,0,user_30,187,,
1002,,160000,5180,user_30,187,,
1003,,5200000,0,user_31,187,,
1004,,3500000,0,user_31,187,,
1005,,1500000,0,user_32,187,,
1006,,1000000,36800,user_34,187,,
1007,,2300000,0,user_35,187,,
1008,,470000,0,user_36,187,,
1009,,970000,0,user_36,187,,
1010,,360000,164000,user_38,187,,
1011,,1400000,0,user_39,187,,
1012,,470000,0,user_41,187,,
1013,,630000,0,user_42,187,,
1014,,120000,0,user_43,187,,
1015,,530000,0,user_46,187,,
1016,,6100000,5630,user_47,187,,
1017,0,0,0,builder_0,187,187,1016
1016,1,6100000,5630,user_47,187,187,
999,2,5200000,0,user_28,187,187,
1003,3,5200000,0,user_31,187,187,
984,4,4500000,0,user_14,187,187,
975,5,4200000,0,user_3,187,187,
1004,6,3500000,0,user_31,187,187,
994,7,2600000,256000,user_20,187,187,
1018,8,0,0,builder_0,187,187,994
968,9,2600000,0,user_0,187,187,
972,10,2600000,0,user_2,187,187,
990,11,2300000,0,user_18,187,187,
1007,12,2300000,0,user_35,187,187,
980,13,2000000,30200,user_9,187,187,
1019,14,0,0,builder_0,187,187,980
1020,15,0,0,builder_0,187,187,970
970,16,1900000,32900,user_0,187,187,
981,17,1600000,43600,user_9,187,187,
1021,18,0,0,builder_0,187,187,981
995,19,1600000,0,user_21,187,187,
1022,20,0,0,builder_0,187,187,993
993,21,1500000,17000,user_20,187,187,
992,22,1500000,0,user_19,187,187,
1005,23,1500000,0,user_32,187,187,
1000,24,1200000,0,user_30,187,187,
988,25,1100000,31700,user_17,187,187,
1023,26,0,0,builder_0,187,187,988
987,27,1100000,0,user_16,187,187,
974,28,1000000,0,user_3,187,187,
1009,29,970000,0,user_36,187,187,
1013,30,630000,0,user_42,187,187,
1001,31,600000,0,user_30,187,187,
1015,32,530000,0,user_46,187,187,
1024,33,0,0,builder_0,187,187,1010
1010,34,360000,164000,user_38,187,187,
991,35,470000,0,user_18,187,187,
1008,36,470000,0,user_36,187,187,
1012,37,470000,0,user_41,187,187,
971,38,420000,0,user_1,187,187,
982,39,310000,18600,user_10,187,187,
1025,40,0,0,builder_0,187,187,982
983,41,310000,0,user_10,187,187,
979,42,240000,0,user_8,187,187,
978,43,220000,0,user_6,187,187,
1002,44,160000,5180,user_30,187,187,
1026,45,0,0,builder_0,187,187,1002
973,46,160000,0,user_2,187,187,
989,47,160000,0,user_17,187,187,
1014,48,120000,0,user_43,187,187,
969,49,110000,0,user_0,187,187,
998,50,98000,0,user_27,187,187,
996,51,80000,0,user_25,187,187,
997,52,80000,0,user_26,187,187,
985,53,73000,0,user_14,187,187,
1091,,340000,0,user_1,188,,
1092,,420000,46500,user_1,188,,
1093,,870000,0,user_2,188,,
1094,,460000,0,user_4,188,,
1095,,970000,0,user_5,188,,
1096,,2000000,0,user_6,188,,
1097,,6100000,4320000,user_7,188,,
1098,,160000,0,user_8,188,,
1099,,220000,0,user_10,188,,
1100,,1600000,0,user_12,188,,
1101,,150000,0,user_12,188,,
1102,,1900000,24700,user_13,188,,
1103,,5000000,0,user_13,188,,
1104,,87000,0,user_16,188,,
1105,,6300000,0,user_17,188,,
1106,,150000,0,user_17,188,,
1107,,260000,779000,user_18,188,,
1108,,77000,121000,user_19,188,,
1109,,120000,60700,user_20,188,,
1110,,1700000,0,user_20,188,,
1111,,1000000,0,user_23,188,,
1112,,170000,0,user_24,188,,
1113,,3200000,0,user_25,188,,
1114,,120000,0,user_25,188,,
1115,,2000000,0,user_26,188,,
1116,,320000,0,user_27,188,,
1117,,870000,0,user_28,188,,
1118,,1900000,769000,user_30,188,,
1119,,1100000,283000,user_31,188,,
1120,,100000,161000,user_32,188,,
1121,,970000,0,user_33,188,,
1122,,1600000,0,user_34,188,,
1123,,1300000,34700,user_37,188,,
1124,,630000,0,user_38,188,,
1125,,82000,0,user_39,188,,
1126,,73000,0,user_39,188,,
1127,,150000,0,user_42,188,,
1128,,1200000,0,user_43,188,,
1129,,2300000,0,user_44,188,,
1130,,1700000,0,user_44,188,,
1131,,260000,0,user_45,188,,
1132,,370000,0,user_45,188,,
1133,,870000,510000,user_45,188,,
1134,,370000,0,user_45,188,,
1135,,150000,0,user_45,188,,
1136,,1000000,12300,user_46,188,,
1137,,82000,155000,user_49,188,,
1105,0,6300000,0,user_17,188,188,
1097,1,6100000,4320000,user_7,188,188,
1103,2,5000000,0,user_13,188,188,
1113,3,3200000,0,user_25,188,188,
1129,4,2300000,0,user_44,188,188,
1096,5,2000000,0,user_6,188,188,
1115,6,2000000,0,user_26,188,188,
1102,7,1900000,24700,user_13,188,188,
1118,8,1900000,769000,user_30,188,188,
1110,9,1700000,0,user_20,188,188,
1130,10,1700000,0,user_44,188,188,
1100,11,1600000,0,user_12,188,188,
1122,12,1600000,0,user_34,188,188,
1123,13,1300000,34700,user_37,188,188,
1128,14,1200000,0,user_43,188,188,
1119,15,1100000,283000,user_31,188,188,
1111,16,1000000,0,user_23,188,188,
1136,17,1000000,12300,user_46,188,188,
1095,18,970000,0,user_5,188,188,
1121,19,970000,0,user_33,188,188,
1093,20,870000,0,user_2,188,188,
1133,21,870000,510000,user_45,188,188,
1094,22,460000,0,user_4,188,188,
1092,23,420000,46500,user_1,188,188,
1132,24,370000,0,user_45,188,188,
1134,25,370000,0,user_45,188,188,
1091,26,340000,0,user_1,188,188,
1116,27,320000,0,user_27,188,188,
1107,28,260000,779000,user_18,188,188,
1131,29,260000,0,user_45,188,188,
1099,30,220000,0,user_10,188,188,
1098,31,160000,0,user_8,188,188,
1101,32,150000,0,user_12,188,188,
1106,33,150000,0,user_17,188,188,
1127,34,150000,0,user_42,188,188,
1135,35,150000,0,user_45,188,188,
1109,36,120000,60700,user_20,188,188,
1114,37,120000,0,user_25,188,188,
1104,38,87000,0,user_16,188,188,
1125,39,82000,0,user_39,188,188,
1137,40,82000,155000,user_49,188,188,
1126,41,73000,0,user_39,188,188,
1232,,70000,0,user_1,189,,
1233,,110000,164000,user_2,189,,
1234,,73000,0,user_3,189,,
1235,,77000,0,user_4,189,,
1236,,240000,0,user_5,189,,
1237,,320000,0,user_6,189,,
1238,,240000,128000,user_7,189,,
1239,,1500000,0,user_7,189,,
1240,,660000,0,user_8,189,,
1241,,79000,231000,user_12,189,,
1242,,110000,0,user_13,189,,
1243,,2000000,0,user_13,189,,
1244,,150000,0,user_14,189,,
1245,,350000,84800,user_14,189,,
1246,,1900000,5630,user_15,189,,
1247,,220000,0,user_16,189,,
1248,,370000,0,user_19,189,,
1249,,80000,30200,user_20,189,,
1250,,650000,0,user_22,189,,
1251,,300000,0,user_23,189,,
1252,,650000,19700,user_24,189,,
1253,,150000,0,user_25,189,,
1254,,2000000,0,user_25,189,,
1255,,220000,24700,user_26,189,,
1256,,150000,0,user_27,189,,
1257,,73000,0,user_27,189,,
1258,,70000,5180,user_28,189,,
1259,,110000,0,user_29,189,,
1260,,1000000,0,user_30,189,,
1261,,6100000,0,user_34,189,,
1262,,170000,0,user_34,189,,
1263,,1100000,0,user_35,189,,
1264,,4500000,0,user_35,189,,
1265,,670000,0,user_37,189,,
1266,,80000,0,user_38,189,,
1267,,470000,12800,user_39,189,,
1268,,1300000,0,user_39,189,,
1269,,130000,0,user_39,189,,
1270,,1400000,0,user_40,189,,
1271,,70000,0,user_40,189,,
1272,,420000,0,user_42,189,,
1273,,110000,0,user_43,189,,
1274,,360000,0,user_44,189,,
1275,,530000,35100,user_44,189,,
1276,,460000,31700,user_45,189,,
1277,,100000,0,user_45,189,,
1278,,2000000,0,user_46,189,,
1279,,110000,0,user_47,189,,
1280,,6100000,0,user_48,189,,
1281,,3200000,0,user_49,189,,
1261,0,6100000,0,user_34,189,189,
1280,1,6100000,0,user_48,189,189,
1264,2,4500000,0,user_35,189,189,
1281,3,3200000,0,user_49,189,189,
1243,4,2000000,0,user_13,189,189,
1254,5,2000000,0,user_25,189,189,
1278,6,2000000,0,user_46,189,189,
1246,7,1900000,5630,user_15,189,189,
1239,8,1500000,0,user_7,189,189,
1270,9,1400000,0,user_40,189,189,
1263,10,1100000,0,user_35,189,189,
1260,11,1000000,0,user_30,189,189,
1240,12,660000,0,user_8,189,189,
1250,13,650000,0,user_22,189,189,
1252,14,650000,19700,user_24,189,189,
1275,15,530000,35100,user_44,189,189,
1276,16,460000,31700,user_45,189,189,
1272,17,420000,0,user_42,189,189,
1248,18,370000,0,user_19,189,189,
1274,19,360000,0,user_44,189,189,
1245,20,350000,84800,user_14,189,189,
1237,21,320000,0,user_6,189,189,
1251,22,300000,0,user_23,189,189,
1236,23,240000,0,user_5,189,189,
1238,24,240000,128000,user_7,189,189,
1247,25,220000,0,user_16,189,189,
1262,26,170000,0,user_34,189,189,
1244,27,150000,0,user_14,189,189,
1253,28,150000,0,user_25,189,189,
1256,29,150000,0,user_27,189,189,
1233,30,110000,164000,user_2,189,189,
1242,31,110000,0,user_13,189,189,
1259,32,110000,0,user_29,189,189,
1273,33,110000,0,user_43,189,189,
1279,34,110000,0,user_47,189,189,
1277,35,100000,0,user_45,189,189,
1249,36,80000,30200,user_20,189,189,
1266,37,80000,0,user_38,189,189,
1234,38,73000,0,user_3,189,189,
1257,39,73000,0,user_27,189,189,
1271,40,70000,0,user_40,189,189,
1364,,320000,0,user_0,190,,
1365,,460000,0,user_1,190,,
1366,,360000,0,user_2,190,,
1367,,970000,0,user_3,190,,
1368,,870000,0,user_4,190,,
1369,,77000,0,user_5,190,,
1370,,1500000,0,user_5,190,,
1371,,340000,0,user_6,190,,
1372,,1000000,0,user_8,190,,
1373,,110000,0,user_10,190,,
1374,,5200000,108000,user_12,190,,
1375,,600000,139000,user_13,190,,
1376,,80000,0,user_14,190,,
1377,,910000,0,user_15,190,,
1378,,80000,0,user_17,190,,
1379,,83000,0,user_19,190,,
1380,,190000,0,user_19,190,,
1381,,160000,0,user_20,190,,
1382,,300000,0,user_22,190,,
1383,,4500000,0,user_22,190,,
1384,,73000,0,user_23,190,,
1385,,1900000,0,user_25,190,,
1386,,170000,13900,user_25,190,,
1387,,630000,100000,user_25,190,,
1388,,260000,0,user_25,190,,
1389,,19000000,0,user_27,190,,
1390,,1400000,35600,user_27,190,,
1391,,1900000,0,user_27,190,,
1392,,600000,0,user_27,190,,
1393,,84000,0,user_27,190,,
1394,,1900000,0,user_30,190,,
1395,,350000,0,user_32,190,,
1396,,150000,0,user_33,190,,
1397,,1500000,0,user_33,190,,
1398,,120000,0,user_34,190,,
1399,,1400000,0,user_34,190,,
1400,,310000,231000,user_35,190,,
1401,,150000,0,user_36,190,,
1402,,420000,0,user_36,190,,
1403,,420000,0,user_36,190,,
1404,,1500000,0,user_36,190,,
1405,,5000000,0,user_37,190,,
1406,,1600000,161000,user_38,190,,
1407,,150000,10700,user_40,190,,
1408,,460000,0,user_40,190,,
1409,,110000,0,user_46,190,,
1410,,1500000,0,user_47,190,,
1389,0,19000000,0,user_27,190,190,
1374,1,5200000,108000,user_12,190,190,
1405,2,5000000,0,user_37,190,190,
1383,3,4500000,0,user_22,190,190,
1385,4,1900000,0,user_25,190,190,
1391,5,1900000,0,user_27,190,190,
1394,6,1900000,0,user_30,190,190,
1406,7,1600000,161000,user_38,190,190,
1370,8,1500000,0,user_5,190,190,
1397,9,1500000,0,user_33,190,190,
1404,10,1500000,0,user_36,190,190,
1410,11,1500000,0,user_47,190,190,
1390,12,1400000,35600,user_27,190,190,
1399,13,1400000,0,user_34,190,190,
1372,14,1000000,0,user_8,190,190,
1367,15,970000,0,user_3,190,190,
1377,16,910000,0,user_15,190,190,
1368,17,870000,0,user_4,190,190,
1387,18,630000,100000,user_25,190,190,
1375,19,600000,139000,user_13,190,190,
1392,20,600000,0,user_27,190,190,
1365,21,460000,0,user_1,190,190,
1408,22,460000,0,user_40,190,190,
1402,23,420000,0,user_36,190,190,
1403,24,420000,0,user_36,190,190,
1366,25,360000,0,user_2,190,190,
1371,26,340000,0,user_6,190,190,
1364,27,320000,0,user_0,190,190,
1382,28,300000,0,user_22,190,190,
1388,29,260000,0,user_25,190,190,
1380,30,190000,0,user_19,190,190,
1386,31,170000,13900,user_25,190,190,
1381,32,160000,0,user_20,190,190,
1396,33,150000,0,user_33,190,190,
1401,34,150000,0,user_36,190,190,
1407,35,150000,10700,user_40,190,190,
1398,36,120000,0,user_34,190,190,
1393,37,84000,0,user_27,190,190,
1379,38,83000,0,user_19,190,190,
1376,39,80000,0,user_14,190,190,
1378,40,80000,0,user_17,190,190,
1369,41,77000,0,user_5,190,190,
1384,42,73000,0,user_23,190,190,
1467,,220000,0,user_0,191,,
1468,,190000,0,user_2,191,,
1469,,30000000,0,user_3,191,,
1470,,530000,0,user_6,191,,
1471,,320000,0,user_8,191,,
1472,,84000,15700,user_10,191,,
1473,,1300000,0,user_11,191,,
1474,,77000,0,user_12,191,,
1475,,150000,73100,user_13,191,,
1476,,2000000,369000,user_15,191,,
1477,,160000,0,user_16,191,,
1478,,2100000,0,user_16,191,,
1479,,910000,0,user_16,191,,
1480,,70000,0,user_16,191,,
1481,,19000000,0,user_16,191,,
1482,,110000,0,user_17,191,,
1483,,1400000,350000,user_18,191,,
1484,,470000,0,user_18,191,,
1485,,30000000,35600,user_19,191,,
1486,,160000,0,user_21,191,,
1487,,5000000,0,user_22,191,,
1488,,5000000,0,user_24,191,,
1489,,170000,0,user_25,191,,
1490,,1500000,0,user_27,191,,
1491,,98000,0,user_28,191,,
1492,,79000,31700,user_29,191,,
1493,,310000,13900,user_29,191,,
1494,,1400000,0,user_30,191,,
1495,,460000,0,user_31,191,,
1496,,98000,0,user_32,191,,
1497,,1400000,15700,user_33,191,,
1498,,85000,0,user_33,191,,
1499,,360000,0,user_33,191,,
1500,,470000,0,user_33,191,,
1501,,120000,0,user_34,191,,
1502,,320000,0,user_35,191,,
1503,,160000,0,user_36,191,,
1504,,98000,0,user_37,191,,
1505,,1900000,0,user_39,191,,
1506,,110000,0,user_39,191,,
1507,,1000000,35600,user_40,191,,
1508,,110000,0,user_41,191,,
1509,,4200000,0,user_42,191,,
1510,,2400000,0,user_42,191,,
1511,,220000,0,user_42,191,,
1512,,310000,164000,user_42,191,,
1513,,98000,0,user_42,191,,
1514,,2500000,0,user_43,191,,
1515,,2000000,0,user_49,191,,
1516,,1300000,35100,user_49,191,,
1469,0,30000000,0,user_3,191,191,
1485,1,30000000,35600,user_19,191,191,
1481,2,19000000,0,user_16,191,191,
1487,3,5000000,0,user_22,191,191,
1488,4,5000000,0,user_24,191,191,
1509,5,4200000,0,user_42,191,191,
1514,6,2500000,0,user_43,191,191,
1510,7,2400000,0,user_42,191,191,
1478,8,2100000,0,user_16,191,191,
1476,9,2000000,369000,user_15,191,191,
1515,10,2000000,0,user_49,191,191,
1505,11,1900000,0,user_39,191,191,
1483,12,1400000,350000,user_18,191,191,
1494,13,1400000,0,user_30,191,191,
1497,14,1400000,15700,user_33,191,191,
1473,15,1300000,0,user_11,191,191,
1516,16,1300000,35100,user_49,191,191,
1507,17,1000000,35600,user_40,191,191,
1479,18,910000,0,user_16,191,191,
1470,19,530000,0,user_6,191,191,
1484,20,470000,0,user_18,191,191,
1500,21,470000,0,user_33,191,191,
1495,22,460000,0,user_31,191,191,
1499,23,360000,0,user_33,191,191,
1471,24,320000,0,user_8,191,191,
1502,25,320000,0,user_35,191,191,
1493,26,310000,13900,user_29,191,191,
1512,27,310000,164000,user_42,191,191,
1467,28,220000,0,user_0,191,191,
1511,29,220000,0,user_42,191,191,
1468,30,190000,0,user_2,191,191,
1489,31,170000,0,user_25,191,191,
1477,32,160000,0,user_16,191,191,
1486,33,160000,0,user_21,191,191,
1475,34,150000,73100,user_13,191,191,
1501,35,120000,0,user_34,191,191,
1482,36,110000,0,user_17,191,191,
1506,37,110000,0,user_39,191,191,
1508,38,110000,0,user_41,191,191,
1491,39,98000,0,user_28,191,191,
1496,40,98000,0,user_32,191,191,
1504,41,98000,0,user_37,191,191,
1513,42,98000,0,user_42,191,191,
1498,43,85000,0,user_33,191,191,
1492,44,79000,31700,user_29,191,191,
1474,45,77000,0,user_12,191,191,
1480,46,70000,0,user_16,191,191,
1598,,5200000,0,user_0,192,,
1599,,220000,49100,user_2,192,,
1600,,150000,0,user_3,192,,
1601,,6300000,0,user_6,192,,
1602,,160000,0,user_6,192,,
1603,,5000000,0,user_7,192,,
1604,,1500000,0,user_8,192,,
1605,,260000,0,user_8,192,,
1606,,1100000,0,user_9,192,,
1607,,470000,12800,user_10,192,,
1608,,160000,0,user_12,192,,
1609,,120000,0,user_13,192,,
1610,,3500000,0,user_14,192,,
1611,,150000,0,user_15,192,,
1612,,530000,0,user_15,192,,
1613,,5200000,12300,user_17,192,,
1614,,160000,47700,user_17,192,,
1615,,1500000,410000,user_18,192,,
1616,,120000,0,user_19,192,,
1617,,460000,0,user_19,192,,
1618,,1400000,0,user_20,192,,
1619,,43000000,0,user_21,192,,
1620,,1100000,231000,user_22,192,,
1621,,310000,0,user_23,192,,
1622,,1200000,231000,user_25,192,,
1623,,85000,0,user_25,192,,
1624,,120000,64600,user_26,192,,
1625,,110000,0,user_27,192,,
1626,,530000,231000,user_29,192,,
1627,,1000000,0,user_29,192,,
1628,,1000000,0,user_30,192,,
1629,,130000,0,user_31,192,,
1630,,1000000,0,user_32,192,,
1631,,170000,0,user_34,192,,
1632,,190000,0,user_34,192,,
1633,,530000,0,user_34,192,,
1634,,2000000,33300,user_34,192,,
1635,,170000,0,user_35,192,,
1636,,1600000,0,user_36,192,,
1637,,1500000,35100,user_37,192,,
1638,,1000000,0,user_37,192,,
1639,,320000,1100000,user_39,192,,
1640,,2300000,31700,user_39,192,,
1641,,1500000,67500,user_39,192,,
1642,,84000,0,user_42,192,,
1643,,150000,350000,user_43,192,,
1644,,420000,0,user_44,192,,
1645,,1900000,0,user_44,192,,
1646,,240000,0,user_45,192,,
1647,,83000,0,user_46,192,,
1648,,2100000,0,user_49,192,,
1619,0,43000000,0,user_21,192,192,
1601,1,6300000,0,user_6,192,192,
1598,2,5200000,0,user_0,192,192,
1613,3,5200000,12300,user_17,192,192,
1603,4,5000000,0,user_7,192,192,
1610,5,3500000,0,user_14,192,192,
1640,6,2300000,31700,user_39,192,192,
1648,7,2100000,0,user_49,192,192,
1634,8,2000000,33300,user_34,192,192,
1645,9,1900000,0,user_44,192,192,
1636,10,1600000,0,user_36,192,192,
1604,11,1500000,0,user_8,192,192,
1615,12,1500000,410000,user_18,192,192,
1637,13,1500000,35100,user_37,192,192,
1641,14,1500000,67500,user_39,192,192,
1618,15,1400000,0,user_20,192,192,
1622,16,1200000,231000,user_25,192,192,
1606,17,1100000,0,user_9,192,192,
1620,18,1100000,231000,user_22,192,192,
1627,19,1000000,0,user_29,192,192,
1628,20,1000000,0,user_30,192,192,
1638,21,1000000,0,user_37,192,192,
1612,22,530000,0,user_15,192,192,
1626,23,530000,231000,user_29,192,192,
1633,24,530000,0,user_34,192,192,
1617,25,460000,0,user_19,192,192,
1644,26,420000,0,user_44,192,192,
1639,27,320000,1100000,user_39,192,192,
1621,28,310000,0,user_23,192,192,
1605,29,260000,0,user_8,192,192,
1599,30,220000,49100,user_2,192,192,
1632,31,190000,0,user_34,192,192,
1631,32,170000,0,user_34,192,192,
1602,33,160000,0,user_6,192,192,
1608,34,160000,0,user_12,192,192,
1614,35,160000,47700,user_17,192,192,
1600,36,150000,0,user_3,192,192,
1611,37,150000,0,user_15,192,192,
1643,38,150000,350000,user_43,192,192,
1629,39,130000,0,user_31,192,192,
1609,40,120000,0,user_13,192,192,
1616,41,120000,0,user_19,192,192,
1624,42,120000,64600,user_26,192,192,
1625,43,110000,0,user_27,192,192,
1623,44,85000,0,user_25,192,192,
1642,45,84000,0,user_42,192,192,
1753,,3600000,0,user_1,193,,
1754,,530000,0,user_2,193,,
1755,,4500000,0,user_3,193,,
1756,,82000,0,user_4,193,,
1757,,43000000,0,user_5,193,,
1758,,1500000,0,user_5,193,,
1759,,320000,0,user_6,193,,
1760,,150000,0,user_8,193,,
1761,,370000,0,user_8,193,,
1762,,87000,0,user_9,193,,
1763,,1400000,0,user_9,193,,
1764,,1700000,0,user_11,193,,
1765,,260000,0,user_13,193,,
1766,,260000,322000,user_14,193,,
1767,,170000,18600,user_14,193,,
1768,,300000,0,user_15,193,,
1769,,2500000,0,user_16,193,,
1770,,100000,0,user_17,193,,
1771,,170000,5640,user_18,193,,
1772,,5000000,0,user_19,193,,
1773,,300000,0,user_20,193,,
1774,,1500000,0,user_21,193,,
1775,,460000,0,user_22,193,,
1776,,6300000,36800,user_23,193,,
1777,,110000,0,user_24,193,,
1778,,5000000,0,user_25,193,,
1779,,1600000,0,user_26,193,,
1780,,320000,0,user_26,193,,
1781,,84000,0,user_26,193,,
1782,,340000,75000,user_26,193,,
1783,,70000,283000,user_27,193,,
1784,,970000,33300,user_27,193,,
1785,,460000,121000,user_28,193,,
1786,,470000,195000,user_29,193,,
1787,,6300000,0,user_30,193,,
1788,,1300000,0,user_33,193,,
1789,,1400000,13900,user_34,193,,
1790,,1500000,369000,user_36,193,,
1791,,150000,0,user_37,193,,
1792,,660000,33100,user_37,193,,
1793,,1600000,381000,user_37,193,,
1794,,2400000,0,user_37,193,,
1795,,2000000,0,user_38,193,,
1796,,150000,0,user_38,193,,
1797,,110000,0,user_39,193,,
1798,,970000,0,user_40,193,,
1799,,1000000,0,user_41,193,,
1800,,6100000,39400,user_42,193,,
1801,,1000000,43600,user_43,193,,
1802,,1100000,0,user_43,193,,
1803,,360000,10700,user_44,193,,
1804,,2000000,0,user_44,193,,
1805,,150000,0,user_45,193,,
1806,,6100000,0,user_46,193,,
1807,,4200000,0,user_46,193,,
1808,,27000000,769000,user_47,193,,
1809,,84000,0,user_48,193,,
1810,,2000000,0,user_49,193,,
1811,,2600000,0,user_49,193,,
1812,,130000,0,user_49,193,,
1813,,130000,0,user_49,193,,
1757,0,43000000,0,user_5,193,193,
1808,1,27000000,769000,user_47,193,193,
1776,2,6300000,36800,user_23,193,193,
1787,3,6300000,0,user_30,193,193,
1800,4,6100000,39400,user_42,193,193,
1806,5,6100000,0,user_46,193,193,
1772,6,5000000,0,user_19,193,193,
1778,7,5000000,0,user_25,193,193,
1755,8,4500000,0,user_3,193,193,
1807,9,4200000,0,user_46,193,193,
1811,10,2600000,0,user_49,193,193,
1769,11,2500000,0,user_16,193,193,
1794,12,2400000,0,user_37,193,193,
1804,13,2000000,0,user_44,193,193,
1810,14,2000000,0,user_49,193,193,
1764,15,1700000,0,user_11,193,193,
1779,16,1600000,0,user_26,193,193,
1793,17,1600000,381000,user_37,193,193,
1758,18,1500000,0,user_5,193,193,
1774,19,1500000,0,user_21,193,193,
1790,20,1500000,369000,user_36,193,193,
1763,21,1400000,0,user_9,193,193,
1789,22,1400000,13900,user_34,193,193,
1788,23,1300000,0,user_33,193,193,
1802,24,1100000,0,user_43,193,193,
1801,25,1000000,43600,user_43,193,193,
1784,26,970000,33300,user_27,193,193,
1798,27,970000,0,user_40,193,193,
1792,28,660000,33100,user_37,193,193,
1786,29,470000,195000,user_29,193,193,
1775,30,460000,0,user_22,193,193,
1785,31,460000,121000,user_28,193,193,
1803,32,360000,10700,user_44,193,193,
1782,33,340000,75000,user_26,193,193,
1780,34,320000,0,user_26,193,193,
1766,35,260000,322000,user_14,193,193,
1767,36,170000,18600,user_14,193,193,
1771,37,170000,5640,user_18,193,193,
1791,38,150000,0,user_37,193,193,
1805,39,150000,0,user_45,193,193,
1812,40,130000,0,user_49,193,193,
1813,41,130000,0,user_49,193,193,
1777,42,110000,0,user_24,193,193,
1797,43,110000,0,user_39,193,193,
1770,44,100000,0,user_17,193,193,
1762,45,87000,0,user_9,193,193,
1781,46,84000,0,user_26,193,193,
1809,47,84000,0,user_48,193,193,
1756,48,82000,0,user_4,193,193,
1783,49,70000,283000,user_27,193,193,
1932,,1900000,0,user_0,194,,
1933,,4500000,0,user_1,194,,
1934,,83000,0,user_2,194,,
1935,,1100000,60700,user_3,194,,
1936,,2600000,0,user_3,194,,
1937,,1800000,0,user_4,194,,
1938,,80000,0,user_6,194,,
1939,,5000000,231000,user_7,194,,
1940,,350000,0,user_8,194,,
1941,,83000,108000,user_8,194,,
1942,,6300000,0,user_10,194,,
1943,,970000,0,user_11,194,,
1944,,43000000,0,user_11,194,,
1945,,160000,0,user_12,194,,
1946,,910000,0,user_12,194,,
1947,,660000,0,user_13,194,,
1948,,360000,0,user_14,194,,
1949,,1500000,0,user_14,194,,
1950,,85000,0,user_14,194,,
1951,,170000,0,user_14,194,,
1952,,260000,0,user_14,194,,
1953,,630000,15100,user_16,194,,
1954,,4200000,0,user_16,194,,
1955,,2000000,0,user_16,194,,
1956,,650000,0,user_16,194,,
1957,,1000000,0,user_16,194,,
1958,,3500000,0,user_18,194,,
1959,,1100000,16400,user_18,194,,
1960,,84000,0,user_19,194,,
1961,,120000,0,user_21,194,,
1962,,1500000,769000,user_23,194,,
1963,,98000,6390,user_23,194,,
1964,,240000,67500,user_25,194,,
1965,,77000,0,user_26,194,,
1966,,130000,146000,user_26,194,,
1967,,260000,0,user_26,194,,
1968,,82000,0,user_28,194,,
1969,,98000,369000,user_29,194,,
1970,,2100000,0,user_29,194,,
1971,,3600000,0,user_30,194,,
1972,,160000,0,user_31,194,,
1973,,120000,0,user_31,194,,
1974,,3500000,0,user_32,194,,
1975,,320000,12800,user_33,194,,
1976,,2000000,0,user_34,194,,
1977,,6100000,256000,user_36,194,,
1978,,19000000,0,user_37,194,,
1979,,2600000,0,user_38,194,,
1980,,30000000,296000,user_39,194,,
1981,,1000000,0,user_39,194,,
1982,,110000,181000,user_43,194,,
1983,,170000,0,user_43,194,,
1984,,910000,60700,user_44,194,,
1985,,98000,161000,user_45,194,,
1986,,120000,73100,user_45,194,,
1987,,170000,0,user_47,194,,
1988,,150000,19700,user_49,194,,
1944,0,43000000,0,user_11,194,194,
1980,1,30000000,296000,user_39,194,194,
1978,2,19000000,0,user_37,194,194,
1942,3,6300000,0,user_10,194,194,
1977,4,6100000,256000,user_36,194,194,
1939,5,5000000,231000,user_7,194,194,
1933,6,4500000,0,user_1,194,194,
1954,7,4200000,0,user_16,194,194,
1971,8,3600000,0,user_30,194,194,
1958,9,3500000,0,user_18,194,194,
1936,10,2600000,0,user_3,194,194,
1970,11,2100000,0,user_29,194,194,
1955,12,2000000,0,user_16,194,194,
1976,13,2000000,0,user_34,194,194,
1932,14,1900000,0,user_0,194,194,
1937,15,1800000,0,user_4,194,194,
1962,16,1500000,769000,user_23,194,194,
1935,17,1100000,60700,user_3,194,194,
1959,18,1100000,16400,user_18,194,194,
1957,19,1000000,0,user_16,194,194,
1981,20,1000000,0,user_39,194,194,
1943,21,970000,0,user_11,194,194,
1946,22,910000,0,user_12,194,194,
1984,23,910000,60700,user_44,194,194,
1947,24,660000,0,user_13,194,194,
1956,25,650000,0,user_16,194,194,
1953,26,630000,15100,user_16,194,194,
1940,27,350000,0,user_8,194,194,
1975,28,320000,12800,user_33,194,194,
1967,29,260000,0,user_26,194,194,
1964,30,240000,67500,user_25,194,194,
1983,31,170000,0,user_43,194,194,
1987,32,170000,0,user_47,194,194,
1945,33,160000,0,user_12,194,194,
1972,34,160000,0,user_31,194,194,
1988,35,150000,19700,user_49,194,194,
1966,36,130000,146000,user_26,194,194,
1961,37,120000,0,user_21,194,194,
1973,38,120000,0,user_31,194,194,
1986,39,120000,73100,user_45,194,194,
1982,40,110000,181000,user_43,194,194,
1963,41,98000,6390,user_23,194,194,
1969,42,98000,369000,user_29,194,194,
1985,43,98000,161000,user_45,194,194,
1934,44,83000,0,user_2,194,194,
1941,45,83000,108000,user_8,194,194,
1938,46,80000,0,user_6,194,194,
1965,47,77000,0,user_26,194,194,
2114,,220000,0,user_0,195,,
2115,,650000,0,user_0,195,,
2116,,83000,0,user_1,195,,
2117,,160000,0,user_1,195,,
2118,,110000,0,user_1,195,,
2119,,150000,43600,user_1,195,,
2120,,150000,0,user_1,195,,
2121,,150000,0,user_2,195,,
2122,,420000,0,user_3,195,,
2123,,2600000,0,user_5,195,,
2124,,670000,0,user_7,195,,
2125,,1200000,0,user_8,195,,
2126,,120000,0,user_12,195,,
2127,,1300000,0,user_15,195,,
2128,,2000000,0,user_16,195,,
2129,,120000,0,user_19,195,,
2130,,3600000,0,user_19,195,,
2131,,4200000,0,user_20,195,,
2132,,650000,0,user_20,195,,
2133,,910000,0,user_21,195,,
2134,,120000,24700,user_22,195,,
2135,,3200000,0,user_23,195,,
2136,,77000,0,user_24,195,,
2137,,110000,0,user_26,195,,
2138,,120000,0,user_29,195,,
2139,,1500000,0,user_29,195,,
2140,,27000000,0,user_30,195,,
2141,,87000,0,user_31,195,,
2142,,1000000,0,user_32,195,,
2143,,120000,0,user_33,195,,
2144,,1100000,296000,user_34,195,,
2145,,2400000,0,user_34,195,,
2146,,6100000,0,user_35,195,,
2147,,1600000,0,user_36,195,,
2148,,110000,0,user_38,195,,
2149,,85000,0,user_39,195,,
2150,,30000000,0,user_40,195,,
2151,,260000,0,user_41,195,,
2152,,160000,33300,user_44,195,,
2153,,130000,10700,user_46,195,,
2154,,120000,0,user_46,195,,
2155,,470000,0,user_47,195,,
2156,,1900000,32900,user_48,195,,
2157,,310000,0,user_49,195,,
2150,0,30000000,0,user_40,195,195,
2140,1,27000000,0,user_30,195,195,
2146,2,6100000,0,user_35,195,195,
2131,3,4200000,0,user_20,195,195,
2130,4,3600000,0,user_19,195,195,
2135,5,3200000,0,user_23,195,195,
2123,6,2600000,0,user_5,195,195,
2145,7,2400000,0,user_34,195,195,
2128,8,2000000,0,user_16,195,195,
2156,9,1900000,32900,user_48,195,195,
2147,10,1600000,0,user_36,195,195,
2139,11,1500000,0,user_29,195,195,
2127,12,1300000,0,user_15,195,195,
2125,13,1200000,0,user_8,195,195,
2144,14,1100000,296000,user_34,195,195,
2142,15,1000000,0,user_32,195,195,
2133,16,910000,0,user_21,195,195,
2124,17,670000,0,user_7,195,195,
2115,18,650000,0,user_0,195,195,
2132,19,650000,0,user_20,195,195,
2155,20,470000,0,user_47,195,195,
2122,21,420000,0,user_3,195,195,
2157,22,310000,0,user_49,195,195,
2151,23,260000,0,user_41,195,195,
2114,24,220000,0,user_0,195,195,
2152,25,160000,33300,user_44,195,195,
2121,26,150000,0,user_2,195,195,
2153,27,130000,10700,user_46,195,195,
2129,28,120000,0,user_19,195,195,
2134,29,120000,24700,user_22,195,195,
2138,30,120000,0,user_29,195,195,
2143,31,120000,0,user_33,195,195,
2154,32,120000,0,user_46,195,195,
2148,33,110000,0,user_38,195,195,
2141,34,87000,0,user_31,195,195,
2136,35,77000,0,user_24,195,195,
2198,,170000,0,user_0,196,,
2199,,30000000,0,user_1,196,,
2200,,73000,3130,user_2,196,,
2201,,420000,0,user_2,196,,
2202,,220000,0,user_3,196,,
2203,,110000,30200,user_4,196,,
2204,,220000,0,user_4,196,,
2205,,1900000,0,user_5,196,,
2206,,110000,0,user_6,196,,
2207,,240000,0,user_6,196,,
2208,,27000000,0,user_6,196,,
2209,,470000,0,user_6,196,,
2210,,170000,0,user_7,196,,
2211,,420000,0,user_9,196,,
2212,,220000,0,user_9,196,,
2213,,1100000,0,user_9,196,,
2214,,1600000,0,user_10,196,,
2215,,1100000,0,user_11,196,,
2216,,1600000,256000,user_12,196,,
2217,,350000,0,user_15,196,,
2218,,1600000,0,user_15,196,,
2219,,160000,13900,user_16,196,,
2220,,19000000,0,user_16,196,,
2221,,77000,15300,user_17,196,,
2222,,98000,0,user_18,196,,
2223,,3200000,0,user_19,196,,
2224,,70000,0,user_20,196,,
2225,,170000,0,user_21,196,,
2226,,3500000,0,user_21,196,,
2227,,170000,0,user_24,196,,
2228,,5200000,0,user_25,196,,
2229,,4500000,0,user_26,196,,
2230,,43000000,0,user_27,196,,
2231,,260000,0,user_29,196,,
2232,,2500000,0,user_30,196,,
2233,,2000000,0,user_31,196,,
2234,,970000,0,user_32,196,,
2235,,2300000,0,user_33,196,,
2236,,1000000,35100,user_34,196,,
2237,,1200000,0,user_35,196,,
2238,,310000,0,user_39,196,,
2239,,1400000,0,user_40,196,,
2240,,600000,0,user_41,196,,
2241,,870000,0,user_42,196,,
2242,,650000,0,user_42,196,,
2243,,1000000,0,user_43,196,,
2244,,160000,0,user_45,196,,
2245,,1000000,10700,user_46,196,,
2246,,4200000,0,user_47,196,,
2247,,300000,13900,user_47,196,,
2248,,120000,0,user_48,196,,
2249,,1900000,0,user_49,196,,
2250,,340000,73100,user_49,196,,
2230,0,43000000,0,user_27,196,196,
2199,1,30000000,0,user_1,196,196,
2208,2,27000000,0,user_6,196,196,
2220,3,19000000,0,user_16,196,196,
2228,4,5200000,0,user_25,196,196,
2229,5,4500000,0,user_26,196,196,
2246,6,4200000,0,user_47,196,196,
2226,7,3500000,0,user_21,196,196,
2232,8,2500000,0,user_30,196,196,
2235,9,2300000,0,user_33,196,196,
2233,10,2000000,0,user_31,196,196,
2205,11,1900000,0,user_5,196,196,
2249,12,1900000,0,user_49,196,196,
2214,13,1600000,0,user_10,196,196,
2216,14,1600000,256000,user_12,196,196,
2218,15,1600000,0,user_15,196,196,
2239,16,1400000,0,user_40,196,196,
2237,17,1200000,0,user_35,196,196,
2215,18,1100000,0,user_11,196,196,
2236,19,1000000,35100,user_34,196,196,
2243,20,1000000,0,user_43,196,196,
2245,21,1000000,10700,user_46,196,196,
2241,22,870000,0,user_42,196,196,
2242,23,650000,0,user_42,196,196,
2240,24,600000,0,user_41,196,196,
2209,25,470000,0,user_6,196,196,
2201,26,420000,0,user_2,196,196,
2217,27,350000,0,user_15,196,196,
2250,28,340000,73100,user_49,196,196,
2238,29,310000,0,user_39,196,196,
2247,30,300000,13900,user_47,196,196,
2231,31,260000,0,user_29,196,196,
2207,32,240000,0,user_6,196,196,
2202,33,220000,0,user_3,196,196,
2204,34,220000,0,user_4,196,196,
2198,35,170000,0,user_0,196,196,
2210,36,170000,0,user_7,196,196,
2225,37,170000,0,user_21,196,196,
2219,38,160000,13900,user_16,196,196,
2244,39,160000,0,user_45,196,196,
2203,40,110000,30200,user_4,196,196,
2206,41,110000,0,user_6,196,196,
2222,42,98000,0,user_18,196,196,
2221,43,77000,15300,user_17,196,196,
2200,44,73000,3130,user_2,196,196,
2224,45,70000,0,user_20,196,196,
2311,,320000,0,user_0,197,,
2312,,190000,0,user_3,197,,
2313,,170000,0,user_3,197,,
2314,,460000,12800,user_3,197,,
2315,,30000000,33100,user_3,197,,
2316,,120000,0,user_3,197,,
2317,,130000,0,user_4,197,,
2318,,1500000,17700000,user_4,197,,
2319,,120000,15100,user_5,197,,
2320,,170000,0,user_7,197,,
2321,,27000000,0,user_7,197,,
2322,,1500000,0,user_8,197,,
2323,,420000,0,user_9,197,,
2324,,870000,0,user_11,197,,
2325,,670000,0,user_12,197,,
2326,,82000,12300,user_12,197,,
2327,,3200000,0,user_13,197,,
2328,,4500000,0,user_14,197,,
2329,,1500000,6390,user_16,197,,
2330,,310000,0,user_16,197,,
2331,,5000000,0,user_17,197,,
2332,,350000,0,user_17,197,,
2333,,1000000,369000,user_18,197,,
2334,,85000,0,user_19,197,,
2335,,2300000,0,user_20,197,,
2336,,190000,0,user_20,197,,
2337,,1500000,12300,user_24,197,,
2338,,220000,0,user_24,197,,
2339,,120000,0,user_25,197,,
2340,,120000,0,user_25,197,,
2341,,120000,0,user_26,197,,
2342,,1600000,0,user_27,197,,
2343,,2000000,0,user_28,197,,
2344,,150000,35600,user_30,197,,
2345,,1000000,283000,user_31,197,,
2346,,970000,0,user_32,197,,
2347,,970000,0,user_34,197,,
2348,,73000,164000,user_36,197,,
2349,,73000,0,user_37,197,,
2350,,160000,73100,user_38,197,,
2351,,420000,21800,user_42,197,,
2352,,1600000,0,user_43,197,,
2353,,98000,43600,user_43,197,,
2354,,150000,0,user_44,197,,
2355,,220000,0,user_46,197,,
2356,,1800000,84800,user_47,197,,
2357,,600000,0,user_48,197,,
2358,,1900000,0,user_48,197,,
2315,0,30000000,33100,user_3,197,197,
2321,1,27000000,0,user_7,197,197,
2331,2,5000000,0,user_17,197,197,
2328,3,4500000,0,user_14,197,197,
2327,4,3200000,0,user_13,197,197,
2335,5,2300000,0,user_20,197,197,
2343,6,2000000,0,user_28,197,197,
2358,7,1900000,0,user_48,197,197,
2356,8,1800000,84800,user_47,197,197,
2342,9,1600000,0,user_27,197,197,
2352,10,1600000,0,user_43,197,197,
2318,11,1500000,17700000,user_4,197,197,
2322,12,1500000,0,user_8,197,197,
2337,13,1500000,12300,user_24,197,197,
2333,14,1000000,369000,user_18,197,197,
2345,15,1000000,283000,user_31,197,197,
2347,16,970000,0,user_34,197,197,
2325,17,670000,0,user_12,197,197,
2357,18,600000,0,user_48,197,197,
2314,19,460000,12800,user_3,197,197,
2323,20,420000,0,user_9,197,197,
2351,21,420000,21800,user_42,197,197,
2332,22,350000,0,user_17,197,197,
2311,23,320000,0,user_0,197,197,
2338,24,220000,0,user_24,197,197,
2312,25,190000,0,user_3,197,197,
2336,26,190000,0,user_20,197,197,
2313,27,170000,0,user_3,197,197,
2320,28,170000,0,user_7,197,197,
2350,29,160000,73100,user_38,197,197,
2344,30,150000,35600,user_30,197,197,
2354,31,150000,0,user_44,197,197,
2317,32,130000,0,user_4,197,197,
2316,33,120000,0,user_3,197,197,
2319,34,120000,15100,user_5,197,197,
2339,35,120000,0,user_25,197,197,
2340,36,120000,0,user_25,197,197,
2341,37,120000,0,user_26,197,197,
2353,38,98000,43600,user_43,197,197,
2334,39,85000,0,user_19,197,197,
2326,40,82000,12300,user_12,197,197,
2348,41,73000,164000,user_36,197,197,
2349,42,73000,0,user_37,197,197,
2463,,1000000,0,user_1,198,,
2464,,910000,73100,user_2,198,,
2465,,110000,769000,user_3,198,,
2466,,2000000,0,user_6,198,,
2467,,1400000,56200,user_9,198,,
2468,,170000,0,user_11,198,,
2469,,320000,49100,user_12,198,,
2470,,73000,0,user_13,198,,
2471,,2300000,0,user_14,198,,
2472,,190000,0,user_15,198,,
2473,,1900000,0,user_16,198,,
2474,,1400000,1100000,user_17,198,,
2475,,150000,0,user_17,198,,
2476,,120000,0,user_17,198,,
2477,,460000,0,user_17,198,,
2478,,2000000,0,user_17,198,,
2479,,600000,0,user_18,198,,
2480,,2100000,0,user_20,198,,
2481,,110000,0,user_23,198,,
2482,,2000000,0,user_25,198,,
2483,,5000000,0,user_25,198,,
2484,,1800000,13900,user_26,198,,
2485,,310000,0,user_27,198,,
2486,,87000,47700,user_28,198,,
2487,,240000,0,user_28,198,,
2488,,2000000,0,user_29,198,,
2489,,240000,0,user_31,198,,
2490,,130000,33100,user_31,198,,
2491,,240000,5640,user_33,198,,
2492,,110000,0,user_34,198,,
2493,,530000,0,user_36,198,,
2494,,73000,11200,user_36,198,,
2495,,150000,0,user_36,198,,
2496,,1500000,0,user_36,198,,
2497,,170000,0,user_37,198,,
2498,,85000,7840,user_38,198,,
2499,,670000,0,user_41,198,,
2500,,73000,12300,user_42,198,,
2501,,1800000,0,user_42,198,,
2502,,1000000,0,user_43,198,,
2503,,1400000,0,user_44,198,,
2504,,43000000,0,user_45,198,,
2505,,220000,0,user_46,198,,
2506,,220000,0,user_46,198,,
2507,,160000,0,user_47,198,,
2508,,1000000,0,user_49,198,,
2504,0,43000000,0,user_45,198,198,
2520,1,0,0,builder_1,198,198,2474
2474,2,1400000,1100000,user_17,198,198,
2478,3,2000000,0,user_17,198,198,
2473,4,1900000,0,user_16,198,198,
2501,5,1800000,0,user_42,198,198,
2496,6,1500000,0,user_36,198,198,
2503,7,1400000,0,user_44,198,198,
2463,8,1000000,0,user_1,198,198,
2502,9,1000000,0,user_43,198,198,
2508,10,1000000,0,user_49,198,198,
2521,11,0,0,builder_1,198,198,2464
2464,12,910000,73100,user_2,198,198,
2479,13,600000,0,user_18,198,198,
2493,14,530000,0,user_36,198,198,
2477,15,460000,0,user_17,198,198,
2469,16,320000,49100,user_12,198,198,
2522,17,0,0,builder_1,198,198,2469
2485,18,310000,0,user_27,198,198,
2523,19,0,0,builder_1,198,198,2491
2491,20,240000,5640,user_33,198,198,
2487,21,240000,0,user_28,198,198,
2489,22,240000,0,user_31,198,198,
2505,23,220000,0,user_46,198,198,
2506,24,220000,0,user_46,198,198,
2472,25,190000,0,user_15,198,198,
2468,26,170000,0,user_11,198,198,
2497,27,170000,0,user_37,198,198,
2490,28,130000,33100,user_31,198,198,
2524,29,0,0,builder_1,198,198,2490
2475,30,150000,0,user_17,198,198,
2495,31,150000,0,user_36,198,198,
2525,32,0,0,builder_1,198,198,2486
2486,33,87000,47700,user_28,198,198,
2476,34,120000,0,user_17,198,198,
2492,35,110000,0,user_34,198,198,
2526,36,0,0,builder_1,198,198,2498
2498,37,85000,7840,user_38,198,198,
2527,38,0,0,builder_1,198,198,2500
2500,39,73000,12300,user_42,198,198,
2494,40,73000,11200,user_36,198,198,
2528,41,0,0,builder_1,198,198,2494
2595,,120000,0,user_0,199,,
2596,,310000,0,user_2,199,,
2597,,2500000,0,user_3,199,,
2598,,150000,0,user_4,199,,
2599,,120000,64600,user_8,199,,
2600,,3200000,0,user_9,199,,
2601,,650000,1100000,user_10,199,,
2602,,27000000,0,user_11,199,,
2603,,530000,0,user_12,199,,
2604,,240000,0,user_17,199,,
2605,,100000,60700,user_17,199,,
2606,,870000,0,user_21,199,,
2607,,3600000,35100,user_22,199,,
2608,,3600000,0,user_25,199,,
2609,,120000,0,user_26,199,,
2610,,3600000,0,user_27,199,,
2611,,2300000,0,user_28,199,,
2612,,110000,0,user_28,199,,
2613,,350000,0,user_28,199,,
2614,,220000,0,user_28,199,,
2615,,1000000,0,user_29,199,,
2616,,87000,17700000,user_29,199,,
2617,,1000000,0,user_30,199,,
2618,,420000,0,user_31,199,,
2619,,460000,0,user_32,199,,
2620,,100000,0,user_32,199,,
2621,,310000,0,user_32,199,,
2622,,2400000,0,user_32,199,,
2623,,370000,0,user_33,199,,
2624,,6300000,0,user_34,199,,
2625,,870000,0,user_34,199,,
2626,,1200000,0,user_34,199,,
2627,,2300000,0,user_34,199,,
2628,,3200000,0,user_34,199,,
2629,,130000,0,user_35,199,,
2630,,650000,13900,user_36,199,,
2631,,160000,0,user_37,199,,
2632,,170000,18600,user_38,199,,
2633,,3500000,0,user_39,199,,
2634,,98000,0,user_40,199,,
2635,,970000,0,user_40,199,,
2636,,2000000,0,user_42,199,,
2637,,1500000,0,user_45,199,,
2638,,77000,0,user_45,199,,
2639,,110000,0,user_46,199,,
2640,,70000,0,user_47,199,,
2641,,110000,369000,user_48,199,,
2602,0,27000000,0,user_11,199,199,
2624,1,6300000,0,user_34,199,199,
2607,2,3600000,35100,user_22,199,199,
2608,3,3600000,0,user_25,199,199,
2610,4,3600000,0,user_27,199,199,
2633,5,3500000,0,user_39,199,199,
2600,6,3200000,0,user_9,199,199,
2628,7,3200000,0,user_34,199,199,
2597,8,2500000,0,user_3,199,199,
2622,9,2400000,0,user_32,199,199,
2611,10,2300000,0,user_28,199,199,
2627,11,2300000,0,user_34,199,199,
2636,12,2000000,0,user_42,199,199,
2637,13,1500000,0,user_45,199,199,
2626,14,1200000,0,user_34,199,199,
2615,15,1000000,0,user_29,199,199,
2617,16,1000000,0,user_30,199,199,
2635,17,970000,0,user_40,199,199,
2606,18,870000,0,user_21,199,199,
2625,19,870000,0,user_34,199,199,
2630,20,650000,13900,user_36,199,199,
2603,21,530000,0,user_12,199,199,
2619,22,460000,0,user_32,199,199,
2623,23,370000,0,user_33,199,199,
2613,24,350000,0,user_28,199,199,
2621,25,310000,0,user_32,199,199,
2604,26,240000,0,user_17,199,199,
2614,27,220000,0,user_28,199,199,
2631,28,160000,0,user_37,199,199,
2598,29,150000,0,user_4,199,199,
2629,30,130000,0,user_35,199,199,
2595,31,120000,0,user_0,199,199,
2609,32,120000,0,user_26,199,199,
2612,33,110000,0,user_28,199,199,
2639,34,110000,0,user_46,199,199,
2641,35,110000,369000,user_48,199,199,
2605,36,100000,60700,user_17,199,199,
2620,37,100000,0,user_32,199,199,
2634,38,98000,0,user_40,199,199,
2616,39,87000,17700000,user_29,199,199,
2638,40,77000,0,user_45,199,199,
2640,41,70000,0,user_47,199,199,
2702,,27000000,146000,user_0,200,,
2703,,30000000,0,user_0,200,,
2704,,310000,0,user_1,200,,
2705,,120000,283000,user_2,200,,
2706,,1500000,56200,user_2,200,,
2707,,1000000,15300,user_2,200,,
2708,,2100000,0,user_2,200,,
2709,,350000,0,user_2,200,,
2710,,1100000,0,user_3,200,,
2711,,2000000,0,user_4,200,,
2712,,650000,0,user_5,200,,
2713,,470000,0,user_7,200,,
2714,,370000,0,user_9,200,,
2715,,870000,13900,user_10,200,,
2716,,670000,0,user_11,200,,
2717,,460000,256000,user_11,200,,
2718,,110000,0,user_11,200,,
2719,,150000,0,user_11,200,,
2720,,79000,0,user_11,200,,
2721,,83000,139000,user_12,200,,
2722,,1600000,0,user_13,200,,
2723,,1400000,0,user_13,200,,
2724,,1600000,0,user_13,200,,
2725,,5000000,0,user_13,200,,
2726,,2500000,0,user_14,200,,
2727,,160000,13900,user_17,200,,
2728,,5200000,0,user_20,200,,
2729,,460000,67900,user_20,200,,
2730,,1500000,0,user_21,200,,
2731,,3600000,0,user_22,200,,
2732,,2000000,0,user_22,200,,
2733,,77000,0,user_22,200,,
2734,,260000,0,user_22,200,,
2735,,30000000,0,user_23,200,,
2736,,650000,0,user_26,200,,
2737,,1000000,0,user_27,200,,
2738,,120000,0,user_30,200,,
2739,,110000,0,user_30,200,,
2740,,100000,0,user_30,200,,
2741,,420000,0,user_30,200,,
2742,,6100000,0,user_32,200,,
2743,,260000,0,user_34,200,,
2744,,1000000,0,user_36,200,,
2745,,27000000,283000,user_37,200,,
2746,,3600000,0,user_37,200,,
2747,,360000,0,user_37,200,,
2748,,4200000,0,user_37,200,,
2749,,150000,19700,user_37,200,,
2750,,110000,0,user_39,200,,
2751,,340000,0,user_40,200,,
2752,,1900000,0,user_40,200,,
2753,,1300000,0,user_42,200,,
2754,,1900000,139000,user_43,200,,
2755,,160000,0,user_44,200,,
2756,,120000,0,user_45,200,,
2757,,190000,0,user_45,200,,
2758,,84000,0,user_47,200,,
2759,,1600000,594000,user_47,200,,
2760,,530000,0,user_48,200,,
2761,,190000,0,user_49,200,,
2762,,79000,0,user_49,200,,
2703,0,30000000,0,user_0,200,200,
2735,1,30000000,0,user_23,200,200,
2745,2,27000000,283000,user_37,200,200,
2796,3,0,0,builder_3,200,200,2745
2702,4,27000000,146000,user_0,200,200,
2797,5,0,0,builder_3,200,200,2702
2742,6,6100000,0,user_32,200,200,
2728,7,5200000,0,user_20,200,200,
2725,8,5000000,0,user_13,200,200,
2748,9,4200000,0,user_37,200,200,
2731,10,3600000,0,user_22,200,200,
2746,11,3600000,0,user_37,200,200,
2726,12,2500000,0,user_14,200,200,
2798,13,0,0,builder_3,200,200,2759
2759,14,1600000,594000,user_47,200,200,
2708,15,2100000,0,user_2,200,200,
2754,16,1900000,139000,user_43,200,200,
2799,17,0,0,builder_3,200,200,2754
2711,18,2000000,0,user_4,200,200,
2732,19,2000000,0,user_22,200,200,
2752,20,1900000,0,user_40,200,200,
2722,21,1600000,0,user_13,200,200,
2724,22,1600000,0,user_13,200,200,
2706,23,1500000,56200,user_2,200,200,
2800,24,0,0,builder_3,200,200,2706
2730,25,1500000,0,user_21,200,200,
2723,26,1400000,0,user_13,200,200,
2753,27,1300000,0,user_42,200,200,
2710,28,1100000,0,user_3,200,200,
2707,29,1000000,15300,user_2,200,200,
2801,30,0,0,builder_3,200,200,2707
2744,31,1000000,0,user_36,200,200,
2715,32,870000,13900,user_10,200,200,
2802,33,0,0,builder_3,200,200,2715
2803,34,0,0,builder_3,200,200,2717
2717,35,460000,256000,user_11,200,200,
2716,36,670000,0,user_11,200,200,
2712,37,650000,0,user_5,200,200,
2736,38,650000,0,user_26,200,200,
2760,39,530000,0,user_48,200,200,
2804,40,0,0,builder_3,200,200,2729
2729,41,460000,67900,user_20,200,200,
2713,42,470000,0,user_7,200,200,
2741,43,420000,0,user_30,200,200,
2805,44,0,0,builder_3,200,200,2705
2705,45,120000,283000,user_2,200,200,
2747,46,360000,0,user_37,200,200,
2709,47,350000,0,user_2,200,200,
2751,48,340000,0,user_40,200,200,
2734,49,260000,0,user_22,200,200,
2743,50,260000,0,user_34,200,200,
2806,51,0,0,builder_3,200,200,2721
2721,52,83000,139000,user_12,200,200,
2757,53,190000,0,user_45,200,200,
2761,54,190000,0,user_49,200,200,
2727,55,160000,13900,user_17,200,200,
2807,56,0,0,builder_3,200,200,2727
2808,57,0,0,builder_3,200,200,2749
2749,58,150000,19700,user_37,200,200,
2755,59,160000,0,user_44,200,200,
2719,60,150000,0,user_11,200,200,
2738,61,120000,0,user_30,200,200,
2756,62,120000,0,user_45,200,200,
2718,63,110000,0,user_11,200,200,
2739,64,110000,0,user_30,200,200,
2750,65,110000,0,user_39,200,200,
2740,66,100000,0,user_30,200,200,
2758,67,84000,0,user_47,200,200,
2720,68,79000,0,user_11,200,200,
2762,69,79000,0,user_49,200,200,
2733,70,77000,0,user_22,200,200,
2859,,85000,0,user_0,201,,
2860,,120000,8520,user_1,201,,
2861,,73000,0,user_4,201,,
2862,,970000,0,user_5,201,,
2863,,2400000,8520,user_5,201,,
2864,,130000,100000,user_8,201,,
2865,,19000000,0,user_10,201,,
2866,,150000,0,user_11,201,,
2867,,87000,0,user_11,201,,
2868,,870000,0,user_12,201,,
2869,,87000,350000,user_13,201,,
2870,,5000000,256000,user_15,201,,
2871,,220000,0,user_16,201,,
2872,,2600000,56200,user_18,201,,
2873,,420000,0,user_18,201,,
2874,,2600000,0,user_20,201,,
2875,,630000,0,user_21,201,,
2876,,1300000,594000,user_22,201,,
2877,,82000,16400,user_23,201,,
2878,,110000,0,user_23,201,,
2879,,910000,0,user_23,201,,
2880,,120000,0,user_23,201,,
2881,,1900000,0,user_23,201,,
2882,,1000000,0,user_24,201,,
2883,,5000000,21800,user_25,201,,
2884,,87000,0,user_28,201,,
2885,,2600000,0,user_28,201,,
2886,,110000,15100,user_28,201,,
2887,,4200000,35100,user_28,201,,
2888,,73000,0,user_29,201,,
2889,,85000,0,user_31,201,,
2890,,260000,0,user_32,201,,
2891,,120000,0,user_32,201,,
2892,,1200000,13900,user_33,201,,
2893,,110000,0,user_35,201,,
2894,,130000,0,user_35,201,,
2895,,190000,0,user_36,201,,
2896,,27000000,0,user_37,201,,
2897,,4200000,0,user_39,201,,
2898,,420000,0,user_40,201,,
2899,,4500000,5640,user_42,201,,
2900,,1500000,0,user_43,201,,
2901,,4200000,16400,user_44,201,,
2902,,170000,43600,user_44,201,,
2903,,2300000,0,user_44,201,,
2904,,660000,0,user_44,201,,
2905,,120000,155000,user_44,201,,
2906,,110000,0,user_45,201,,
2907,,660000,31700,user_47,201,,
2908,,310000,0,user_49,201,,
2896,0,27000000,0,user_37,201,201,
2865,1,19000000,0,user_10,201,201,
3010,2,0,0,builder_8,201,201,2870
2870,3,5000000,256000,user_15,201,201,
2883,4,5000000,21800,user_25,201,201,
3011,5,0,0,builder_8,201,201,2883
2899,6,4500000,5640,user_42,201,201,
3012,7,0,0,builder_8,201,201,2899
2887,8,4200000,35100,user_28,201,201,
3013,9,0,0,builder_8,201,201,2887
3014,10,0,0,builder_8,201,201,2901
2901,11,4200000,16400,user_44,201,201,
2897,12,4200000,0,user_39,201,201,
2872,13,2600000,56200,user_18,201,201,
3015,14,0,0,builder_8,201,201,2872
2874,15,2600000,0,user_20,201,201,
2885,16,2600000,0,user_28,201,201,
3016,17,0,0,builder_8,201,201,2863
2863,18,2400000,8520,user_5,201,201,
2903,19,2300000,0,user_44,201,201,
2881,20,1900000,0,user_23,201,201,
3017,21,0,0,builder_8,201,201,2876
2876,22,1300000,594000,user_22,201,201,
3018,23,0,0,builder_8,201,201,2892
2892,24,1200000,13900,user_33,201,201,
2862,25,970000,0,user_5,201,201,
2879,26,910000,0,user_23,201,201,
2907,27,660000,31700,user_47,201,201,
3019,28,0,0,builder_8,201,201,2907
2904,29,660000,0,user_44,201,201,
2875,30,630000,0,user_21,201,201,
2869,31,87000,350000,user_13,201,201,
3020,32,0,0,builder_8,201,201,2869
2873,33,420000,0,user_18,201,201,
2908,34,310000,0,user_49,201,201,
3021,35,0,0,builder_8,201,201,2905
2905,36,120000,155000,user_44,201,201,
2890,37,260000,0,user_32,201,201,
2871,38,220000,0,user_16,201,201,
3022,39,0,0,builder_8,201,201,2902
2902,40,170000,43600,user_44,201,201,
2895,41,190000,0,user_36,201,201,
2866,42,150000,0,user_11,201,201,
2894,43,130000,0,user_35,201,201,
2886,44,110000,15100,user_28,201,201,
3023,45,0,0,builder_8,201,201,2886
2880,46,120000,0,user_23,201,201,
2891,47,120000,0,user_32,201,201,
2878,48,110000,0,user_23,201,201,
2893,49,110000,0,user_35,201,201,
3024,50,0,0,builder_8,201,201,2877
2877,51,82000,16400,user_23,201,201,
2867,52,87000,0,user_11,201,201,
2884,53,87000,0,user_28,201,201,
2859,54,85000,0,user_0,201,201,
2861,55,73000,0,user_4,201,201,
2888,56,73000,0,user_29,201,201,
3025,,82000,0,user_1,202,,
3026,,530000,0,user_3,202,,
3027,,1600000,0,user_3,202,,
3028,,320000,161000,user_5,202,,
3029,,79000,0,user_6,202,,
3030,,73000,0,user_7,202,,
3031,,1100000,35100,user_7,202,,
3032,,1300000,510000,user_9,202,,
3033,,670000,0,user_10,202,,
3034,,470000,0,user_10,202,,
3035,,670000,0,user_12,202,,
3036,,300000,13900,user_13,202,,
3037,,98000,121000,user_14,202,,
3038,,2500000,0,user_15,202,,
3039,,30000000,0,user_17,202,,
3040,,150000,4320000,user_18,202,,
3041,,2400000,0,user_19,202,,
3042,,160000,0,user_20,202,,
3043,,170000,0,user_21,202,,
3044,,3600000,0,user_21,202,,
3045,,5000000,0,user_22,202,,
3046,,150000,0,user_23,202,,
3047,,5000000,0,user_24,202,,
3048,,150000,0,user_25,202,,
3049,,120000,0,user_27,202,,
3050,,310000,0,user_27,202,,
3051,,4200000,10700,user_30,202,,
3052,,650000,0,user_31,202,,
3053,,460000,0,user_32,202,,
3054,,87000,0,user_33,202,,
3055,,3200000,0,user_34,202,,
3056,,110000,6390,user_36,202,,
3057,,340000,0,user_37,202,,
3058,,1500000,0,user_38,202,,
3059,,80000,0,user_39,202,,
3060,,300000,0,user_39,202,,
3061,,4500000,0,user_40,202,,
3062,,1500000,350000,user_40,202,,
3063,,43000000,36800,user_43,202,,
3064,,79000,19700,user_45,202,,
3065,,5200000,0,user_46,202,,
3066,,110000,60700,user_47,202,,
3067,,1900000,545000,user_48,202,,
3068,,460000,67900,user_49,202,,
3069,,120000,0,user_49,202,,
3063,0,43000000,36800,user_43,202,202,
3039,1,30000000,0,user_17,202,202,
3065,2,5200000,0,user_46,202,202,
3045,3,5000000,0,user_22,202,202,
3047,4,5000000,0,user_24,202,202,
3061,5,4500000,0,user_40,202,202,
3051,6,4200000,10700,user_30,202,202,
3044,7,3600000,0,user_21,202,202,
3055,8,3200000,0,user_34,202,202,
3038,9,2500000,0,user_15,202,202,
3041,10,2400000,0,user_19,202,202,
3067,11,1900000,545000,user_48,202,202,
3027,12,1600000,0,user_3,202,202,
3058,13,1500000,0,user_38,202,202,
3062,14,1500000,350000,user_40,202,202,
3032,15,1300000,510000,user_9,202,202,
3031,16,1100000,35100,user_7,202,202,
3033,17,670000,0,user_10,202,202,
3052,18,650000,0,user_31,202,202,
3026,19,530000,0,user_3,202,202,
3034,20,470000,0,user_10,202,202,
3053,21,460000,0,user_32,202,202,
3068,22,460000,67900,user_49,202,202,
3028,23,320000,161000,user_5,202,202,
3050,24,310000,0,user_27,202,202,
3036,25,300000,13900,user_13,202,202,
3043,26,170000,0,user_21,202,202,
3042,27,160000,0,user_20,202,202,
3040,28,150000,4320000,user_18,202,202,
3046,29,150000,0,user_23,202,202,
3048,30,150000,0,user_25,202,202,
3049,31,120000,0,user_27,202,202,
3069,32,120000,0,user_49,202,202,
3056,33,110000,6390,user_36,202,202,
3066,34,110000,60700,user_47,202,202,
3037,35,98000,121000,user_14,202,202,
3054,36,87000,0,user_33,202,202,
3029,37,79000,0,user_6,202,202,
3064,38,79000,19700,user_45,202,202,
3030,39,73000,0,user_7,202,202,
3168,,240000,60700,user_0,203,,
3169,,1000000,0,user_1,203,,
3170,,3200000,67900,user_2,203,,
3171,,2000000,60700,user_4,203,,
3172,,660000,594000,user_5,203,,
3173,,2300000,0,user_6,203,,
3174,,1900000,12800,user_6,203,,
3175,,3200000,0,user_6,203,,
3176,,1600000,0,user_8,203,,
3177,,220000,0,user_10,203,,
3178,,120000,0,user_10,203,,
3179,,600000,0,user_10,203,,
3180,,670000,256000,user_10,203,,
3181,,1700000,7190000,user_10,203,,
3182,,1000000,0,user_11,203,,
3183,,420000,0,user_11,203,,
3184,,240000,296000,user_12,203,,
3185,,240000,0,user_13,203,,
3186,,2100000,0,user_14,203,,
3187,,70000,0,user_15,203,,
3188,,1500000,12300,user_16,203,,
3189,,260000,71800,user_18,203,,
3190,,80000,0,user_20,203,,
3191,,110000,0,user_20,203,,
3192,,160000,0,user_20,203,,
3193,,77000,0,user_21,203,,
3194,,970000,0,user_21,203,,
3195,,240000,0,user_23,203,,
3196,,310000,0,user_24,203,,
3197,,150000,64600,user_25,203,,
3198,,19000000,0,user_25,203,,
3199,,2500000,23500,user_25,203,,
3200,,5200000,0,user_25,203,,
3201,,870000,0,user_25,203,,
3202,,120000,0,user_26,203,,
3203,,83000,0,user_29,203,,
3204,,98000,0,user_31,203,,
3205,,1600000,0,user_31,203,,
3206,,3200000,0,user_31,203,,
3207,,190000,19700,user_31,203,,
3208,,320000,0,user_34,203,,
3209,,27000000,0,user_34,203,,
3210,,4500000,0,user_35,203,,
3211,,3600000,0,user_36,203,,
3212,,2300000,0,user_37,203,,
3213,,310000,0,user_38,203,,
3214,,630000,161000,user_39,203,,
3215,,1500000,256000,user_39,203,,
3216,,260000,0,user_40,203,,
3217,,1000000,0,user_41,203,,
3218,,150000,0,user_41,203,,
3219,,1000000,11200,user_41,203,,
3220,,1000000,0,user_41,203,,
3221,,1700000,0,user_42,203,,
3222,,170000,0,user_44,203,,
3223,,160000,0,user_44,203,,
3224,,530000,0,user_45,203,,
3225,,77000,12800,user_46,203,,
3226,,1800000,0,user_46,203,,
3209,0,27000000,0,user_34,203,203,
3198,1,19000000,0,user_25,203,203,
3200,2,5200000,0,user_25,203,203,
3210,3,4500000,0,user_35,203,203,
3211,4,3600000,0,user_36,203,203,
3170,5,3200000,67900,user_2,203,203,
3175,6,3200000,0,user_6,203,203,
3206,7,3200000,0,user_31,203,203,
3199,8,2500000,23500,user_25,203,203,
3173,9,2300000,0,user_6,203,203,
3212,10,2300000,0,user_37,203,203,
3171,11,2000000,60700,user_4,203,203,
3174,12,1900000,12800,user_6,203,203,
3226,13,1800000,0,user_46,203,203,
3181,14,1700000,7190000,user_10,203,203,
3221,15,1700000,0,user_42,203,203,
3176,16,1600000,0,user_8,203,203,
3205,17,1600000,0,user_31,203,203,
3188,18,1500000,12300,user_16,203,203,
3215,19,1500000,256000,user_39,203,203,
3169,20,1000000,0,user_1,203,203,
3182,21,1000000,0,user_11,203,203,
3217,22,1000000,0,user_41,203,203,
3219,23,1000000,11200,user_41,203,203,
3220,24,1000000,0,user_41,203,203,
3194,25,970000,0,user_21,203,203,
3201,26,870000,0,user_25,203,203,
3180,27,670000,256000,user_10,203,203,
3172,28,660000,594000,user_5,203,203,
3214,29,630000,161000,user_39,203,203,
3179,30,600000,0,user_10,203,203,
3224,31,530000,0,user_45,203,203,
3183,32,420000,0,user_11,203,203,
3208,33,320000,0,user_34,203,203,
3189,34,260000,71800,user_18,203,203,
3216,35,260000,0,user_40,203,203,
3168,36,240000,60700,user_0,203,203,
3184,37,240000,296000,user_12,203,203,
3185,38,240000,0,user_13,203,203,
3195,39,240000,0,user_23,203,203,
3177,40,220000,0,user_10,203,203,
3207,41,190000,19700,user_31,203,203,
3222,42,170000,0,user_44,203,203,
3192,43,160000,0,user_20,203,203,
3223,44,160000,0,user_44,203,203,
3197,45,150000,64600,user_25,203,203,
3218,46,150000,0,user_41,203,203,
3178,47,120000,0,user_10,203,203,
3202,48,120000,0,user_26,203,203,
3191,49,110000,0,user_20,203,203,
3204,50,98000,0,user_31,203,203,
3203,51,83000,0,user_29,203,203,
3190,52,80000,0,user_20,203,203,
3193,53,77000,0,user_21,203,203,
3225,54,77000,12800,user_46,203,203,
3187,55,70000,0,user_15,203,203,
3353,,1100000,0,user_0,204,,
3354,,310000,0,user_1,204,,
3355,,1000000,0,user_1,204,,
3356,,73000,0,user_3,204,,
3357,,5200000,0,user_3,204,,
3358,,4200000,68100,user_5,204,,
3359,,82000,0,user_5,204,,
3360,,350000,0,user_6,204,,
3361,,2300000,779000,user_6,204,,
3362,,600000,49100,user_7,204,,
3363,,120000,0,user_8,204,,
3364,,310000,0,user_10,204,,
3365,,98000,0,user_11,204,,
3366,,460000,0,user_14,204,,
3367,,2500000,0,user_14,204,,
3368,,120000,5180,user_14,204,,
3369,,220000,0,user_14,204,,
3370,,190000,21800,user_14,204,,
3371,,220000,0,user_16,204,,
3372,,1100000,0,user_17,204,,
3373,,970000,369000,user_18,204,,
3374,,170000,0,user_18,204,,
3375,,2300000,0,user_20,204,,
3376,,120000,0,user_21,204,,
3377,,43000000,0,user_22,204,,
3378,,170000,3130,user_24,204,,
3379,,970000,0,user_25,204,,
3380,,110000,0,user_26,204,,
3381,,150000,0,user_26,204,,
3382,,19000000,0,user_32,204,,
3383,,1200000,0,user_33,204,,
3384,,260000,0,user_33,204,,
3385,,630000,11200,user_34,204,,
3386,,220000,0,user_35,204,,
3387,,1000000,0,user_36,204,,
3388,,1800000,0,user_37,204,,
3389,,1400000,0,user_38,204,,
3390,,220000,0,user_39,204,,
3391,,1100000,4320000,user_40,204,,
3392,,77000,0,user_41,204,,
3393,,1500000,256000,user_43,204,,
3394,,110000,161000,user_45,204,,
3395,,120000,0,user_46,204,,
3396,,4200000,0,user_49,204,,
3397,,110000,0,user_49,204,,
3377,0,43000000,0,user_22,204,204,
3382,1,19000000,0,user_32,204,204,
3357,2,5200000,0,user_3,204,204,
3358,3,4200000,68100,user_5,204,204,
3396,4,4200000,0,user_49,204,204,
3367,5,2500000,0,user_14,204,204,
3361,6,2300000,779000,user_6,204,204,
3375,7,2300000,0,user_20,204,204,
3393,8,1500000,256000,user_43,204,204,
3389,9,1400000,0,user_38,204,204,
3383,10,1200000,0,user_33,204,204,
3353,11,1100000,0,user_0,204,204,
3372,12,1100000,0,user_17,204,204,
3391,13,1100000,4320000,user_40,204,204,
3387,14,1000000,0,user_36,204,204,
3373,15,970000,369000,user_18,204,204,
3379,16,970000,0,user_25,204,204,
3385,17,630000,11200,user_34,204,204,
3362,18,600000,49100,user_7,204,204,
3366,19,460000,0,user_14,204,204,
3360,20,350000,0,user_6,204,204,
3364,21,310000,0,user_10,204,204,
3384,22,260000,0,user_33,204,204,
3369,23,220000,0,user_14,204,204,
3371,24,220000,0,user_16,204,204,
3386,25,220000,0,user_35,204,204,
3370,26,190000,21800,user_14,204,204,
3374,27,170000,0,user_18,204,204,
3378,28,170000,3130,user_24,204,204,
3363,29,120000,0,user_8,204,204,
3368,30,120000,5180,user_14,204,204,
3376,31,120000,0,user_21,204,204,
3395,32,120000,0,user_46,204,204,
3394,33,110000,161000,user_45,204,204,
3397,34,110000,0,user_49,204,204,
3365,35,98000,0,user_11,204,204,
3359,36,82000,0,user_5,204,204,
3392,37,77000,0,user_41,204,204,
3356,38,73000,0,user_3,204,204,
3470,,350000,0,user_0,205,,
3471,,150000,3130,user_1,205,,
3472,,170000,0,user_2,205,,
3473,,27000000,0,user_2,205,,
3474,,27000000,0,user_3,205,,
3475,,120000,0,user_5,205,,
3476,,150000,0,user_7,205,,
3477,,2000000,0,user_8,205,,
3478,,30000000,34700,user_11,205,,
3479,,1500000,181000,user_12,205,,
3480,,420000,56200,user_13,205,,
3481,,1200000,0,user_14,205,,
3482,,1500000,60700,user_15,205,,
3483,,120000,410000,user_16,205,,
3484,,120000,0,user_16,205,,
3485,,340000,0,user_17,205,,
3486,,1500000,0,user_17,205,,
3487,,110000,56200,user_18,205,,
3488,,120000,0,user_19,205,,
3489,,19000000,215000,user_20,205,,
3490,,80000,0,user_20,205,,
3491,,1300000,0,user_20,205,,
3492,,190000,0,user_20,205,,
3493,,600000,0,user_22,205,,
3494,,2100000,0,user_24,205,,
3495,,5200000,0,user_24,205,,
3496,,470000,0,user_25,205,,
3497,,98000,47700,user_26,205,,
3498,,6100000,0,user_26,205,,
3499,,320000,0,user_27,205,,
3500,,3500000,0,user_31,205,,
3501,,98000,4320000,user_31,205,,
3502,,2000000,0,user_32,205,,
3503,,87000,0,user_32,205,,
3504,,120000,0,user_36,205,,
3505,,300000,108000,user_37,205,,
3506,,350000,0,user_37,205,,
3507,,43000000,0,user_38,205,,
3508,,1000000,0,user_39,205,,
3509,,79000,13900,user_40,205,,
3510,,970000,181000,user_40,205,,
3511,,120000,0,user_41,205,,
3512,,260000,0,user_41,205,,
3513,,650000,0,user_42,205,,
3514,,1800000,0,user_44,205,,
3515,,220000,10700,user_46,205,,
3516,,2000000,34700,user_47,205,,
3517,,2300000,0,user_49,205,,
3507,0,43000000,0,user_38,205,205,
3478,1,30000000,34700,user_11,205,205,
3554,2,0,0,builder_3,205,205,3478
3473,3,27000000,0,user_2,205,205,
3474,4,27000000,0,user_3,205,205,
3489,5,19000000,215000,user_20,205,205,
3555,6,0,0,builder_3,205,205,3489
3498,7,6100000,0,user_26,205,205,
3495,8,5200000,0,user_24,205,205,
3556,9,0,0,builder_3,205,205,3501
3501,10,98000,4320000,user_31,205,205,
3500,11,3500000,0,user_31,205,205,
3517,12,2300000,0,user_49,205,205,
3494,13,2100000,0,user_24,205,205,
3557,14,0,0,builder_3,205,205,3516
3516,15,2000000,34700,user_47,205,205,
3502,16,2000000,0,user_32,205,205,
3514,17,1800000,0,user_44,205,205,
3558,18,0,0,builder_3,205,205,3479
3479,19,1500000,181000,user_12,205,205,
3559,20,0,0,builder_3,205,205,3482
3482,21,1500000,60700,user_15,205,205,
3486,22,1500000,0,user_17,205,205,
3491,23,1300000,0,user_20,205,205,
3481,24,1200000,0,user_14,205,205,
3510,25,970000,181000,user_40,205,205,
3560,26,0,0,builder_3,205,205,3510
3508,27,1000000,0,user_39,205,205,
3513,28,650000,0,user_42,205,205,
3493,29,600000,0,user_22,205,205,
3561,30,0,0,builder_3,205,205,3480
3480,31,420000,56200,user_13,205,205,
3562,32,0,0,builder_3,205,205,3505
3505,33,300000,108000,user_37,205,205,
3470,34,350000,0,user_0,205,205,
3506,35,350000,0,user_37,205,205,
3485,36,340000,0,user_17,205,205,
3512,37,260000,0,user_41,205,205,
3515,38,220000,10700,user_46,205,205,
3563,39,0,0,builder_3,205,205,3515
3492,40,190000,0,user_20,205,205,
3472,41,170000,0,user_2,205,205,
3564,42,0,0,builder_3,205,205,3487
3487,43,110000,56200,user_18,205,205,
3476,44,150000,0,user_7,205,205,
3497,45,98000,47700,user_26,205,205,
3565,46,0,0,builder_3,205,205,3497
3475,47,120000,0,user_5,205,205,
3488,48,120000,0,user_19,205,205,
3504,49,120000,0,user_36,205,205,
3511,50,120000,0,user_41,205,205,
3566,51,0,0,builder_3,205,205,3509
3509,52,79000,13900,user_40,205,205,
3503,53,87000,0,user_32,205,205,
3490,54,80000,0,user_20,205,205,
3621,,220000,0,user_0,206,,
3622,,84000,0,user_2,206,,
3623,,98000,0,user_3,206,,
3624,,120000,0,user_4,206,,
3625,,43000000,21800,user_5,206,,
3626,,1500000,296000,user_7,206,,
3627,,1400000,0,user_8,206,,
3628,,84000,0,user_8,206,,
3629,,1000000,64600,user_9,206,,
3630,,350000,0,user_10,206,,
3631,,4200000,0,user_10,206,,
3632,,670000,0,user_11,206,,
3633,,5000000,0,user_11,206,,
3634,,240000,21800,user_13,206,,
3635,,98000,0,user_14,206,,
3636,,77000,410000,user_15,206,,
3637,,82000,0,user_16,206,,
3638,,150000,410000,user_17,206,,
3639,,310000,0,user_18,206,,
3640,,110000,0,user_18,206,,
3641,,160000,13900,user_19,206,,
3642,,670000,0,user_19,206,,
3643,,6100000,0,user_20,206,,
3644,,670000,42000,user_21,206,,
3645,,3600000,0,user_21,206,,
3646,,320000,0,user_23,206,,
3647,,310000,8520,user_24,206,,
3648,,3200000,0,user_25,206,,
3649,,110000,161000,user_26,206,,
3650,,6100000,0,user_26,206,,
3651,,170000,0,user_26,206,,
3652,,85000,0,user_27,206,,
3653,,2400000,0,user_28,206,,
3654,,1000000,0,user_29,206,,
3655,,1000000,0,user_31,206,,
3656,,170000,0,user_32,206,,
3657,,110000,0,user_34,206,,
3658,,460000,0,user_36,206,,
3659,,4500000,0,user_36,206,,
3660,,1400000,283000,user_42,206,,
3661,,79000,10700,user_46,206,,
3662,,6100000,0,user_48,206,,
3625,0,43000000,21800,user_5,206,206,
3733,1,0,0,builder_8,206,206,3625
3643,2,6100000,0,user_20,206,206,
3650,3,6100000,0,user_26,206,206,
3662,4,6100000,0,user_48,206,206,
3633,5,5000000,0,user_11,206,206,
3659,6,4500000,0,user_36,206,206,
3631,7,4200000,0,user_10,206,206,
3645,8,3600000,0,user_21,206,206,
3648,9,3200000,0,user_25,206,206,
3653,10,2400000,0,user_28,206,206,
3734,11,0,0,builder_8,206,206,3626
3626,12,1500000,296000,user_7,206,206,
3735,13,0,0,builder_8,206,206,3660
3660,14,1400000,283000,user_42,206,206,
3736,15,0,0,builder_8,206,206,3629
3629,16,1000000,64600,user_9,206,206,
3654,17,1000000,0,user_29,206,206,
3644,18,670000,42000,user_21,206,206,
3737,19,0,0,builder_8,206,206,3644
3632,20,670000,0,user_11,206,206,
3642,21,670000,0,user_19,206,206,
3738,22,0,0,builder_8,206,206,3636
3636,23,77000,410000,user_15,206,206,
3658,24,460000,0,user_36,206,206,
3630,25,350000,0,user_10,206,206,
3646,26,320000,0,user_23,206,206,
3639,27,310000,0,user_18,206,206,
3739,28,0,0,builder_8,206,206,3649
3649,29,110000,161000,user_26,206,206,
3634,30,240000,21800,user_13,206,206,
3740,31,0,0,builder_8,206,206,3634
3621,32,220000,0,user_0,206,206,
3741,33,0,0,builder_8,206,206,3641
3641,34,160000,13900,user_19,206,206,
3651,35,170000,0,user_26,206,206,
3656,36,170000,0,user_32,206,206,
3624,37,120000,0,user_4,206,206,
3640,38,110000,0,user_18,206,206,
3623,39,98000,0,user_3,206,206,
3635,40,98000,0,user_14,206,206,
3742,41,0,0,builder_8,206,206,3661
3661,42,79000,10700,user_46,206,206,
3652,43,85000,0,user_27,206,206,
3622,44,84000,0,user_2,206,206,
3637,45,82000,0,user_16,206,206,
3743,,1100000,0,user_0,207,,
3744,,130000,0,user_0,207,,
3745,,220000,17000,user_4,207,,
3746,,170000,0,user_7,207,,
3747,,82000,0,user_7,207,,
3748,,160000,0,user_9,207,,
3749,,84000,0,user_10,207,,
3750,,4500000,0,user_10,207,,
3751,,460000,0,user_11,207,,
3752,,460000,21800,user_14,207,,
3753,,350000,13900,user_15,207,,
3754,,870000,0,user_16,207,,
3755,,1100000,13800,user_17,207,,
3756,,1600000,0,user_18,207,,
3757,,1700000,0,user_19,207,,
3758,,19000000,0,user_20,207,,
3759,,110000,0,user_22,207,,
3760,,80000,0,user_24,207,,
3761,,80000,0,user_25,207,,
3762,,1400000,0,user_26,207,,
3763,,350000,0,user_26,207,,
3764,,2000000,0,user_26,207,,
3765,,2000000,43600,user_26,207,,
3766,,3500000,0,user_26,207,,
3767,,4500000,0,user_27,207,,
3768,,1400000,0,user_28,207,,
3769,,910000,0,user_28,207,,
3770,,240000,0,user_29,207,,
3771,,2000000,5630,user_29,207,,
3772,,1500000,0,user_31,207,,
3773,,98000,0,user_32,207,,
3774,,160000,231000,user_33,207,,
3775,,1700000,0,user_35,207,,
3776,,470000,0,user_36,207,,
3777,,460000,0,user_38,207,,
3778,,300000,0,user_39,207,,
3779,,160000,0,user_41,207,,
3780,,470000,16400,user_41,207,,
3781,,220000,0,user_42,207,,
3782,,87000,0,user_43,207,,
3783,,170000,0,user_46,207,,
3784,,170000,0,user_47,207,,
3758,0,19000000,0,user_20,207,207,
3750,1,4500000,0,user_10,207,207,
3767,2,4500000,0,user_27,207,207,
3766,3,3500000,0,user_26,207,207,
3785,4,0,0,builder_0,207,207,3765
3765,5,2000000,43600,user_26,207,207,
3771,6,2000000,5630,user_29,207,207,
3786,7,0,0,builder_0,207,207,3771
3764,8,2000000,0,user_26,207,207,
3757,9,1700000,0,user_19,207,207,
3775,10,1700000,0,user_35,207,207,
3756,11,1600000,0,user_18,207,207,
3772,12,1500000,0,user_31,207,207,
3762,13,1400000,0,user_26,207,207,
3768,14,1400000,0,user_28,207,207,
3787,15,0,0,builder_0,207,207,3755
3755,16,1100000,13800,user_17,207,207,
3743,17,1100000,0,user_0,207,207,
3769,18,910000,0,user_28,207,207,
3754,19,870000,0,user_16,207,207,
3788,20,0,0,builder_0,207,207,3780
3780,21,470000,16400,user_41,207,207,
3789,22,0,0,builder_0,207,207,3752
3752,23,460000,21800,user_14,207,207,
3776,24,470000,0,user_36,207,207,
3751,25,460000,0,user_11,207,207,
3777,26,460000,0,user_38,207,207,
3774,27,160000,231000,user_33,207,207,
3790,28,0,0,builder_0,207,207,3774
3763,29,350000,0,user_26,207,207,
3770,30,240000,0,user_29,207,207,
3781,31,220000,0,user_42,207,207,
3746,32,170000,0,user_7,207,207,
3783,33,170000,0,user_46,207,207,
3784,34,170000,0,user_47,207,207,
3748,35,160000,0,user_9,207,207,
3779,36,160000,0,user_41,207,207,
3744,37,130000,0,user_0,207,207,
3759,38,110000,0,user_22,207,207,
3773,39,98000,0,user_32,207,207,
3782,40,87000,0,user_43,207,207,
3749,41,84000,0,user_10,207,207,
3747,42,82000,0,user_7,207,207,
3761,43,80000,0,user_25,207,207,
3840,,2100000,0,user_1,208,,
3841,,970000,0,user_3,208,,
3842,,27000000,17000,user_3,208,,
3843,,98000,0,user_5,208,,
3844,,4500000,0,user_7,208,,
3845,,160000,0,user_8,208,,
3846,,6300000,0,user_8,208,,
3847,,2000000,0,user_8,208,,
3848,,1800000,0,user_9,208,,
3849,,660000,0,user_9,208,,
3850,,1600000,0,user_9,208,,
3851,,910000,0,user_9,208,,
3852,,2600000,0,user_12,208,,
3853,,310000,0,user_12,208,,
3854,,260000,0,user_12,208,,
3855,,150000,0,user_12,208,,
3856,,1400000,16400,user_13,208,,
3857,,1600000,769000,user_14,208,,
3858,,650000,0,user_14,208,,
3859,,2500000,12800,user_14,208,,
3860,,220000,0,user_14,208,,
3861,,1800000,0,user_15,208,,
3862,,1500000,0,user_16,208,,
3863,,27000000,0,user_17,208,,
3864,,1300000,18600,user_19,208,,
3865,,5000000,0,user_19,208,,
3866,,660000,0,user_21,208,,
3867,,120000,0,user_22,208,,
3868,,170000,0,user_22,208,,
3869,,87000,0,user_25,208,,
3870,,1000000,0,user_26,208,,
3871,,43000000,0,user_26,208,,
3872,,1000000,17000,user_26,208,,
3873,,530000,0,user_26,208,,
3874,,87000,0,user_26,208,,
3875,,3600000,0,user_28,208,,
3876,,77000,0,user_28,208,,
3877,,320000,959000,user_30,208,,
3878,,310000,0,user_32,208,,
3879,,220000,64600,user_33,208,,
3880,,310000,0,user_34,208,,
3881,,2300000,0,user_34,208,,
3882,,87000,15700,user_35,208,,
3883,,1600000,0,user_36,208,,
3884,,2000000,0,user_37,208,,
3885,,360000,0,user_38,208,,
3886,,150000,0,user_39,208,,
3887,,120000,0,user_40,208,,
3888,,2000000,0,user_44,208,,
3889,,660000,0,user_45,208,,
3890,,240000,0,user_46,208,,
3891,,320000,0,user_47,208,,
3892,,6100000,0,user_48,208,,
3893,,27000000,0,user_49,208,,
3871,0,43000000,0,user_26,208,208,
3842,1,27000000,17000,user_3,208,208,
3863,2,27000000,0,user_17,208,208,
3893,3,27000000,0,user_49,208,208,
3846,4,6300000,0,user_8,208,208,
3892,5,6100000,0,user_48,208,208,
3865,6,5000000,0,user_19,208,208,
3844,7,4500000,0,user_7,208,208,
3875,8,3600000,0,user_28,208,208,
3852,9,2600000,0,user_12,208,208,
3859,10,2500000,12800,user_14,208,208,
3881,11,2300000,0,user_34,208,208,
3840,12,2100000,0,user_1,208,208,
3847,13,2000000,0,user_8,208,208,
3884,14,2000000,0,user_37,208,208,
3888,15,2000000,0,user_44,208,208,
3848,16,1800000,0,user_9,208,208,
3861,17,1800000,0,user_15,208,208,
3850,18,1600000,0,user_9,208,208,
3857,19,1600000,769000,user_14,208,208,
3883,20,1600000,0,user_36,208,208,
3856,21,1400000,16400,user_13,208,208,
3864,22,1300000,18600,user_19,208,208,
3870,23,1000000,0,user_26,208,208,
3872,24,1000000,17000,user_26,208,208,
3841,25,970000,0,user_3,208,208,
3851,26,910000,0,user_9,208,208,
3849,27,660000,0,user_9,208,208,
3866,28,660000,0,user_21,208,208,
3858,29,650000,0,user_14,208,208,
3873,30,530000,0,user_26,208,208,
3885,31,360000,0,user_38,208,208,
3877,32,320000,959000,user_30,208,208,
3891,33,320000,0,user_47,208,208,
3853,34,310000,0,user_12,208,208,
3880,35,310000,0,user_34,208,208,
3854,36,260000,0,user_12,208,208,
3860,37,220000,0,user_14,208,208,
3879,38,220000,64600,user_33,208,208,
3868,39,170000,0,user_22,208,208,
3845,40,160000,0,user_8,208,208,
3855,41,150000,0,user_12,208,208,
3886,42,150000,0,user_39,208,208,
3867,43,120000,0,user_22,208,208,
3887,44,120000,0,user_40,208,208,
3843,45,98000,0,user_5,208,208,
3869,46,87000,0,user_25,208,208,
3874,47,87000,0,user_26,208,208,
3876,48,77000,0,user_28,208,208,
3956,,220000,21800,user_1,209,,
3957,,1300000,322000,user_3,209,,
3958,,870000,0,user_4,209,,
3959,,87000,68100,user_5,209,,
3960,,1300000,0,user_9,209,,
3961,,110000,0,user_9,209,,
3962,,1500000,0,user_10,209,,
3963,,1400000,0,user_11,209,,
3964,,3200000,0,user_11,209,,
3965,,100000,0,user_12,209,,
3966,,190000,0,user_12,209,,
3967,,160000,0,user_12,209,,
3968,,120000,0,user_13,209,,
3969,,420000,0,user_13,209,,
3970,,2500000,215000,user_13,209,,
3971,,6100000,0,user_13,209,,
3972,,370000,381000,user_14,209,,
3973,,1000000,0,user_16,209,,
3974,,2500000,0,user_16,209,,
3975,,2000000,0,user_16,209,,
3976,,870000,0,user_17,209,,
3977,,1300000,0,user_19,209,,
3978,,1500000,0,user_20,209,,
3979,,2300000,0,user_21,209,,
3980,,220000,0,user_22,209,,
3981,,110000,0,user_23,209,,
3982,,79000,0,user_23,209,,
3983,,77000,0,user_24,209,,
3984,,1400000,0,user_25,209,,
3985,,120000,0,user_26,209,,
3986,,460000,0,user_26,209,,
3987,,100000,195000,user_29,209,,
3988,,910000,0,user_30,209,,
3989,,1200000,410000,user_31,209,,
3990,,530000,35600,user_32,209,,
3991,,220000,0,user_32,209,,
3992,,630000,0,user_33,209,,
3993,,150000,128000,user_34,209,,
3994,,1900000,0,user_35,209,,
3995,,2400000,0,user_37,209,,
3996,,310000,0,user_38,209,,
3997,,6100000,33300,user_40,209,,
3998,,73000,0,user_41,209,,
3999,,6300000,0,user_41,209,,
4000,,85000,49100,user_43,209,,
4001,,19000000,0,user_44,209,,
4002,,120000,0,user_45,209,,
4003,,1300000,0,user_47,209,,
4004,,600000,0,user_47,209,,
4005,,110000,0,user_48,209,,
4006,,2500000,0,user_49,209,,
4001,0,19000000,0,user_44,209,209,
3999,1,6300000,0,user_41,209,209,
3997,2,6100000,33300,user_40,209,209,
4007,3,0,0,builder_0,209,209,3997
3971,4,6100000,0,user_13,209,209,
3964,5,3200000,0,user_11,209,209,
3970,6,2500000,215000,user_13,209,209,
4008,7,0,0,builder_0,209,209,3970
3974,8,2500000,0,user_16,209,209,
4006,9,2500000,0,user_49,209,209,
3995,10,2400000,0,user_37,209,209,
3979,11,2300000,0,user_21,209,209,
3975,12,2000000,0,user_16,209,209,
3994,13,1900000,0,user_35,209,209,
4009,14,0,0,builder_0,209,209,3957
3957,15,1300000,322000,user_3,209,209,
3989,16,1200000,410000,user_31,209,209,
4010,17,0,0,builder_0,209,209,3989
3962,18,1500000,0,user_10,209,209,
3978,19,1500000,0,user_20,209,209,
3963,20,1400000,0,user_11,209,209,
3984,21,1400000,0,user_25,209,209,
3960,22,1300000,0,user_9,209,209,
3977,23,1300000,0,user_19,209,209,
4003,24,1300000,0,user_47,209,209,
3973,25,1000000,0,user_16,209,209,
3988,26,910000,0,user_30,209,209,
3976,27,870000,0,user_17,209,209,
3972,28,370000,381000,user_14,209,209,
4011,29,0,0,builder_0,209,209,3972
3992,30,630000,0,user_33,209,209,
4004,31,600000,0,user_47,209,209,
4012,32,0,0,builder_0,209,209,3990
3990,33,530000,35600,user_32,209,209,
3986,34,460000,0,user_26,209,209,
3969,35,420000,0,user_13,209,209,
3996,36,310000,0,user_38,209,209,
4013,37,0,0,builder_0,209,209,3987
3987,38,100000,195000,user_29,209,209,
4014,39,0,0,builder_0,209,209,3956
3956,40,220000,21800,user_1,209,209,
3980,41,220000,0,user_22,209,209,
3991,42,220000,0,user_32,209,209,
4015,43,0,0,builder_0,209,209,4000
4000,44,85000,49100,user_43,209,209,
3968,45,120000,0,user_13,209,209,
3985,46,120000,0,user_26,209,209,
3961,47,110000,0,user_9,209,209,
3981,48,110000,0,user_23,209,209,
4005,49,110000,0,user_48,209,209,
3982,50,79000,0,user_23,209,209,
3998,51,73000,0,user_41,209,209,
4083,,43000000,0,user_1,210,,
4084,,170000,0,user_1,210,,
4085,,160000,0,user_2,210,,
4086,,110000,0,user_3,210,,
4087,,370000,215000,user_4,210,,
4088,,190000,0,user_6,210,,
4089,,220000,0,user_7,210,,
4090,,1500000,0,user_7,210,,
4091,,1100000,0,user_7,210,,
4092,,73000,0,user_7,210,,
4093,,190000,108000,user_7,210,,
4094,,320000,0,user_8,210,,
4095,,87000,0,user_8,210,,
4096,,650000,0,user_8,210,,
4097,,2500000,8520,user_9,210,,
4098,,120000,15100,user_10,210,,
4099,,160000,0,user_10,210,,
4100,,1600000,0,user_11,210,,
4101,,150000,0,user_12,210,,
4102,,1100000,0,user_14,210,,
4103,,1600000,0,user_14,210,,
4104,,4200000,108000,user_16,210,,
4105,,2400000,0,user_17,210,,
4106,,4200000,0,user_19,210,,
4107,,170000,0,user_21,210,,
4108,,5000000,128000,user_22,210,,
4109,,6300000,0,user_24,210,,
4110,,460000,0,user_24,210,,
4111,,5200000,0,user_25,210,,
4112,,2500000,0,user_27,210,,
4113,,100000,0,user_28,210,,
4114,,910000,0,user_29,210,,
4115,,300000,0,user_30,210,,
4116,,1000000,0,user_30,210,,
4117,,1800000,0,user_30,210,,
4118,,150000,0,user_30,210,,
4119,,170000,0,user_32,210,,
4120,,1500000,4320000,user_33,210,,
4121,,2600000,0,user_35,210,,
4122,,360000,0,user_36,210,,
4123,,120000,0,user_36,210,,
4124,,150000,0,user_36,210,,
4125,,340000,0,user_37,210,,
4126,,1100000,0,user_39,210,,
4127,,370000,0,user_40,210,,
4128,,660000,11200,user_40,210,,
4129,,27000000,0,user_40,210,,
4130,,2500000,0,user_40,210,,
4131,,3200000,381000,user_42,210,,
4132,,5000000,0,user_43,210,,
4133,,660000,0,user_43,210,,
4134,,1000000,0,user_44,210,,
4135,,43000000,0,user_45,210,,
4136,,420000,0,user_47,210,,
4137,,2400000,510000,user_48,210,,
4138,,79000,18600,user_49,210,,
4083,0,43000000,0,user_1,210,210,
4135,1,43000000,0,user_45,210,210,
4129,2,27000000,0,user_40,210,210,
4109,3,6300000,0,user_24,210,210,
4120,4,1500000,4320000,user_33,210,210,
4174,5,0,0,builder_4,210,210,4120
4111,6,5200000,0,user_25,210,210,
4108,7,5000000,128000,user_22,210,210,
4175,8,0,0,builder_4,210,210,4108
4132,9,5000000,0,user_43,210,210,
4176,10,0,0,builder_4,210,210,4104
4104,11,4200000,108000,user_16,210,210,
4106,12,4200000,0,user_19,210,210,
4131,13,3200000,381000,user_42,210,210,
4177,14,0,0,builder_4,210,210,4131
4178,15,0,0,builder_4,210,210,4137
4137,16,2400000,510000,user_48,210,210,
4121,17,2600000,0,user_35,210,210,
4097,18,2500000,8520,user_9,210,210,
4179,19,0,0,builder_4,210,210,4097
4112,20,2500000,0,user_27,210,210,
4130,21,2500000,0,user_40,210,210,
4105,22,2400000,0,user_17,210,210,
4117,23,1800000,0,user_30,210,210,
4100,24,1600000,0,user_11,210,210,
4103,25,1600000,0,user_14,210,210,
4102,26,1100000,0,user_14,210,210,
4116,27,1000000,0,user_30,210,210,
4134,28,1000000,0,user_44,210,210,
4114,29,910000,0,user_29,210,210,
4128,30,660000,11200,user_40,210,210,
4180,31,0,0,builder_4,210,210,4128
4133,32,660000,0,user_43,210,210,
4096,33,650000,0,user_8,210,210,
4181,34,0,0,builder_4,210,210,4087
4087,35,370000,215000,user_4,210,210,
4110,36,460000,0,user_24,210,210,
4127,37,370000,0,user_40,210,210,
4122,38,360000,0,user_36,210,210,
4125,39,340000,0,user_37,210,210,
4094,40,320000,0,user_8,210,210,
4115,41,300000,0,user_30,210,210,
4088,42,190000,0,user_6,210,210,
4084,43,170000,0,user_1,210,210,
4107,44,170000,0,user_21,210,210,
4119,45,170000,0,user_32,210,210,
4085,46,160000,0,user_2,210,210,
4099,47,160000,0,user_10,210,210,
4101,48,150000,0,user_12,210,210,
4118,49,150000,0,user_30,210,210,
4124,50,150000,0,user_36,210,210,
4182,51,0,0,builder_4,210,210,4098
4098,52,120000,15100,user_10,210,210,
4123,53,120000,0,user_36,210,210,
4086,54,110000,0,user_3,210,210,
4113,55,100000,0,user_28,210,210,
4183,56,0,0,builder_4,210,210,4138
4138,57,79000,18600,user_49,210,210,
4095,58,87000,0,user_8,210,210,
4220,,1100000,0,user_3,211,,
4221,,260000,0,user_4,211,,
4222,,220000,959000,user_6,211,,
4223,,360000,0,user_6,211,,
4224,,5000000,0,user_8,211,,
4225,,1900000,0,user_8,211,,
4226,,87000,0,user_9,211,,
4227,,110000,0,user_10,211,,
4228,,77000,0,user_10,211,,
4229,,6100000,381000,user_11,211,,
4230,,310000,0,user_13,211,,
4231,,2300000,0,user_13,211,,
4232,,660000,0,user_14,211,,
4233,,170000,0,user_16,211,,
4234,,70000,30200,user_17,211,,
4235,,5000000,0,user_17,211,,
4236,,2000000,0,user_18,211,,
4237,,190000,0,user_19,211,,
4238,,2400000,0,user_21,211,,
4239,,27000000,0,user_22,211,,
4240,,300000,0,user_23,211,,
4241,,260000,0,user_26,211,,
4242,,4500000,0,user_28,211,,
4243,,310000,0,user_29,211,,
4244,,420000,164000,user_30,211,,
4245,,970000,0,user_30,211,,
4246,,5000000,0,user_30,211,,
4247,,530000,0,user_30,211,,
4248,,340000,155000,user_30,211,,
4249,,1900000,0,user_32,211,,
4250,,260000,0,user_32,211,,
4251,,5000000,24700,user_32,211,,
4252,,970000,0,user_32,211,,
4253,,3200000,100000,user_32,211,,
4254,,1500000,0,user_33,211,,
4255,,2000000,0,user_33,211,,
4256,,1500000,0,user_34,211,,
4257,,670000,0,user_35,211,,
4258,,220000,0,user_35,211,,
4259,,2600000,0,user_36,211,,
4260,,910000,0,user_37,211,,
4261,,82000,0,user_38,211,,
4262,,220000,769000,user_38,211,,
4263,,360000,0,user_39,211,,
4264,,600000,0,user_39,211,,
4265,,370000,0,user_41,211,,
4266,,3200000,13900,user_41,211,,
4267,,160000,0,user_41,211,,
4268,,160000,0,user_42,211,,
4269,,160000,0,user_42,211,,
4270,,1400000,35600,user_43,211,,
4271,,160000,0,user_44,211,,
4272,,460000,0,user_45,211,,
4273,,73000,0,user_46,211,,
4274,,160000,0,user_46,211,,
4275,,170000,3130,user_47,211,,
4276,,170000,16400,user_48,211,,
4277,,310000,231000,user_48,211,,
4278,,260000,0,user_48,211,,
4279,,670000,0,user_48,211,,
4280,,83000,0,user_48,211,,
4281,,2600000,0,user_49,211,,
4239,0,27000000,0,user_22,211,211,
4327,1,0,0,builder_4,211,211,4229
4229,2,6100000,381000,user_11,211,211,
4251,3,5000000,24700,user_32,211,211,
4328,4,0,0,builder_4,211,211,4251
4224,5,5000000,0,user_8,211,211,
4235,6,5000000,0,user_17,211,211,
4246,7,5000000,0,user_30,211,211,
4242,8,4500000,0,user_28,211,211,
4329,9,0,0,builder_4,211,211,4253
4253,10,3200000,100000,user_32,211,211,
4266,11,3200000,13900,user_41,211,211,
4330,12,0,0,builder_4,211,211,4266
4259,13,2600000,0,user_36,211,211,
4281,14,2600000,0,user_49,211,211,
4238,15,2400000,0,user_21,211,211,
4231,16,2300000,0,user_13,211,211,
4236,17,2000000,0,user_18,211,211,
4255,18,2000000,0,user_33,211,211,
4225,19,1900000,0,user_8,211,211,
4249,20,1900000,0,user_32,211,211,
4254,21,1500000,0,user_33,211,211,
4256,22,1500000,0,user_34,211,211,
4270,23,1400000,35600,user_43,211,211,
4331,24,0,0,builder_4,211,211,4270
4222,25,220000,959000,user_6,211,211,
4332,26,0,0,builder_4,211,211,4222
4220,27,1100000,0,user_3,211,211,
4333,28,0,0,builder_4,211,211,4262
4262,29,220000,769000,user_38,211,211,
4245,30,970000,0,user_30,211,211,
4252,31,970000,0,user_32,211,211,
4260,32,910000,0,user_37,211,211,
4257,33,670000,0,user_35,211,211,
4279,34,670000,0,user_48,211,211,
4232,35,660000,0,user_14,211,211,
4244,36,420000,164000,user_30,211,211,
4334,37,0,0,builder_4,211,211,4244
4277,38,310000,231000,user_48,211,211,
4335,39,0,0,builder_4,211,211,4277
4247,40,530000,0,user_30,211,211,
4336,41,0,0,builder_4,211,211,4248
4248,42,340000,155000,user_30,211,211,
4272,43,460000,0,user_45,211,211,
4265,44,370000,0,user_41,211,211,
4223,45,360000,0,user_6,211,211,
4230,46,310000,0,user_13,211,211,
4243,47,310000,0,user_29,211,211,
4240,48,300000,0,user_23,211,211,
4221,49,260000,0,user_4,211,211,
4241,50,260000,0,user_26,211,211,
4250,51,260000,0,user_32,211,211,
4278,52,260000,0,user_48,211,211,
4258,53,220000,0,user_35,211,211,
4237,54,190000,0,user_19,211,211,
4276,55,170000,16400,user_48,211,211,
4337,56,0,0,builder_4,211,211,4276
4233,57,170000,0,user_16,211,211,
4267,58,160000,0,user_41,211,211,
4268,59,160000,0,user_42,211,211,
4269,60,160000,0,user_42,211,211,
4271,61,160000,0,user_44,211,211,
4274,62,160000,0,user_46,211,211,
4227,63,110000,0,user_10,211,211,
4338,64,0,0,builder_4,211,211,4234
4234,65,70000,30200,user_17,211,211,
4226,66,87000,0,user_9,211,211,
4280,67,83000,0,user_48,211,211,
4261,68,82000,0,user_38,211,211,
4228,69,77000,0,user_10,211,211,
4273,70,73000,0,user_46,211,211,
4372,,98000,0,user_0,212,,
4373,,70000,0,user_0,212,,
4374,,110000,15100,user_0,212,,
4375,,1000000,17000,user_1,212,,
4376,,110000,0,user_2,212,,
4377,,170000,0,user_2,212,,
4378,,6300000,14200,user_2,212,,
4379,,160000,283000,user_2,212,,
4380,,1600000,0,user_2,212,,
4381,,150000,0,user_3,212,,
4382,,84000,0,user_3,212,,
4383,,360000,0,user_4,212,,
4384,,1000000,13900,user_6,212,,
4385,,3200000,0,user_7,212,,
4386,,260000,0,user_9,212,,
4387,,84000,0,user_10,212,,
4388,,110000,0,user_11,212,,
4389,,1000000,7190000,user_11,212,,
4390,,120000,164000,user_12,212,,
4391,,27000000,0,user_12,212,,
4392,,160000,0,user_13,212,,
4393,,120000,0,user_13,212,,
4394,,85000,0,user_14,212,,
4395,,220000,0,user_14,212,,
4396,,2500000,14200,user_14,212,,
4397,,220000,0,user_14,212,,
4398,,98000,0,user_16,212,,
4399,,110000,0,user_19,212,,
4400,,1000000,0,user_20,212,,
4401,,1900000,0,user_21,212,,
4402,,1100000,0,user_22,212,,
4403,,43000000,0,user_22,212,,
4404,,1000000,0,user_22,212,,
4405,,150000,0,user_22,212,,
4406,,190000,0,user_22,212,,
4407,,350000,0,user_25,212,,
4408,,220000,0,user_26,212,,
4409,,100000,0,user_27,212,,
4410,,2000000,0,user_29,212,,
4411,,82000,5640,user_30,212,,
4412,,220000,0,user_31,212,,
4413,,120000,0,user_32,212,,
4414,,170000,0,user_32,212,,
4415,,43000000,0,user_33,212,,
4416,,27000000,1100000,user_33,212,,
4417,,220000,0,user_33,212,,
4418,,1400000,195000,user_34,212,,
4419,,1800000,0,user_35,212,,
4420,,340000,0,user_36,212,,
4421,,240000,0,user_36,212,,
4422,,80000,0,user_36,212,,
4423,,100000,0,user_36,212,,
4424,,79000,0,user_37,212,,
4425,,160000,0,user_38,212,,
4426,,470000,13800,user_38,212,,
4427,,300000,0,user_39,212,,
4428,,100000,0,user_40,212,,
4429,,260000,0,user_41,212,,
4430,,460000,0,user_42,212,,
4431,,220000,181000,user_43,212,,
4432,,1400000,0,user_44,212,,
4433,,150000,30200,user_45,212,,
4434,,87000,0,user_47,212,,
4435,,120000,0,user_47,212,,
4436,,150000,0,user_47,212,,
4437,,310000,0,user_47,212,,
4438,,970000,285000,user_47,212,,
4439,,100000,0,user_49,212,,
4403,0,43000000,0,user_22,212,212,
4415,1,43000000,0,user_33,212,212,
4391,2,27000000,0,user_12,212,212,
4416,3,27000000,1100000,user_33,212,212,
4378,4,6300000,14200,user_2,212,212,
4385,5,3200000,0,user_7,212,212,
4396,6,2500000,14200,user_14,212,212,
4410,7,2000000,0,user_29,212,212,
4401,8,1900000,0,user_21,212,212,
4419,9,1800000,0,user_35,212,212,
4380,10,1600000,0,user_2,212,212,
4418,11,1400000,195000,user_34,212,212,
4432,12,1400000,0,user_44,212,212,
4402,13,1100000,0,user_22,212,212,
4375,14,1000000,17000,user_1,212,212,
4384,15,1000000,13900,user_6,212,212,
4389,16,1000000,7190000,user_11,212,212,
4400,17,1000000,0,user_20,212,212,
4404,18,1000000,0,user_22,212,212,
4438,19,970000,285000,user_47,212,212,
4430,20,460000,0,user_42,212,212,
4383,21,360000,0,user_4,212,212,
4407,22,350000,0,user_25,212,212,
4437,23,310000,0,user_47,212,212,
4427,24,300000,0,user_39,212,212,
4429,25,260000,0,user_41,212,212,
4395,26,220000,0,user_14,212,212,
4397,27,220000,0,user_14,212,212,
4408,28,220000,0,user_26,212,212,
4412,29,220000,0,user_31,212,212,
4417,30,220000,0,user_33,212,212,
4431,31,220000,181000,user_43,212,212,
4406,32,190000,0,user_22,212,212,
4377,33,170000,0,user_2,212,212,
4414,34,170000,0,user_32,212,212,
4379,35,160000,283000,user_2,212,212,
4392,36,160000,0,user_13,212,212,
4381,37,150000,0,user_3,212,212,
4405,38,150000,0,user_22,212,212,
4433,39,150000,30200,user_45,212,212,
4436,40,150000,0,user_47,212,212,
4390,41,120000,164000,user_12,212,212,
4393,42,120000,0,user_13,212,212,
4413,43,120000,0,user_32,212,212,
4435,44,120000,0,user_47,212,212,
4374,45,110000,15100,user_0,212,212,
4376,46,110000,0,user_2,212,212,
4388,47,110000,0,user_11,212,212,
4399,48,110000,0,user_19,212,212,
4428,49,100000,0,user_40,212,212,
4439,50,100000,0,user_49,212,212,
4372,51,98000,0,user_0,212,212,
4398,52,98000,0,user_16,212,212,
4434,53,87000,0,user_47,212,212,
4394,54,85000,0,user_14,212,212,
4382,55,84000,0,user_3,212,212,
4411,56,82000,5640,user_30,212,212,
4424,57,79000,0,user_37,212,212,
4373,58,70000,0,user_0,212,212,
4542,,1100000,0,user_1,213,,
4543,,77000,0,user_3,213,,
4544,,1300000,0,user_5,213,,
4545,,83000,0,user_6,213,,
4546,,3600000,73100,user_7,213,,
4547,,2500000,0,user_7,213,,
4548,,120000,0,user_8,213,,
4549,,1000000,769000,user_8,213,,
4550,,460000,0,user_9,213,,
4551,,98000,0,user_9,213,,
4552,,360000,0,user_9,213,,
4553,,19000000,0,user_9,213,,
4554,,260000,0,user_11,213,,
4555,,220000,510000,user_11,213,,
4556,,220000,47700,user_11,213,,
4557,,670000,0,user_11,213,,
4558,,910000,0,user_11,213,,
4559,,260000,34700,user_15,213,,
4560,,660000,164000,user_16,213,,
4561,,83000,296000,user_17,213,,
4562,,260000,0,user_18,213,,
4563,,530000,0,user_20,213,,
4564,,320000,0,user_20,213,,
4565,,650000,0,user_21,213,,
4566,,3500000,0,user_21,213,,
4567,,670000,0,user_22,213,,
4568,,4200000,12800,user_23,213,,
4569,,160000,0,user_24,213,,
4570,,120000,350000,user_25,213,,
4571,,310000,0,user_26,213,,
4572,,84000,8520,user_27,213,,
4573,,79000,0,user_28,213,,
4574,,2400000,11200,user_30,213,,
4575,,6300000,0,user_31,213,,
4576,,300000,0,user_31,213,,
4577,,80000,0,user_33,213,,
4578,,3500000,0,user_33,213,,
4579,,1600000,0,user_34,213,,
4580,,360000,0,user_35,213,,
4581,,350000,0,user_37,213,,
4582,,160000,15300,user_38,213,,
4583,,170000,0,user_38,213,,
4584,,160000,0,user_40,213,,
4585,,43000000,0,user_41,213,,
4586,,1000000,0,user_42,213,,
4587,,170000,545000,user_42,213,,
4588,,350000,0,user_44,213,,
4589,,2000000,0,user_45,213,,
4590,,660000,0,user_47,213,,
4591,,98000,0,user_48,213,,
4592,,3200000,0,user_48,213,,
4593,,19000000,0,user_48,213,,
4585,0,43000000,0,user_41,213,213,
4553,1,19000000,0,user_9,213,213,
4593,2,19000000,0,user_48,213,213,
4575,3,6300000,0,user_31,213,213,
4568,4,4200000,12800,user_23,213,213,
4546,5,3600000,73100,user_7,213,213,
4566,6,3500000,0,user_21,213,213,
4578,7,3500000,0,user_33,213,213,
4592,8,3200000,0,user_48,213,213,
4547,9,2500000,0,user_7,213,213,
4574,10,2400000,11200,user_30,213,213,
4589,11,2000000,0,user_45,213,213,
4579,12,1600000,0,user_34,213,213,
4544,13,1300000,0,user_5,213,213,
4549,14,1000000,769000,user_8,213,213,
4586,15,1000000,0,user_42,213,213,
4558,16,910000,0,user_11,213,213,
4557,17,670000,0,user_11,213,213,
4567,18,670000,0,user_22,213,213,
4560,19,660000,164000,user_16,213,213,
4590,20,660000,0,user_47,213,213,
4565,21,650000,0,user_21,213,213,
4563,22,530000,0,user_20,213,213,
4550,23,460000,0,user_9,213,213,
4552,24,360000,0,user_9,213,213,
4580,25,360000,0,user_35,213,213,
4588,26,350000,0,user_44,213,213,
4564,27,320000,0,user_20,213,213,
4576,28,300000,0,user_31,213,213,
4554,29,260000,0,user_11,213,213,
4559,30,260000,34700,user_15,213,213,
4562,31,260000,0,user_18,213,213,
4555,32,220000,510000,user_11,213,213,
4556,33,220000,47700,user_11,213,213,
4583,34,170000,0,user_38,213,213,
4587,35,170000,545000,user_42,213,213,
4569,36,160000,0,user_24,213,213,
4582,37,160000,15300,user_38,213,213,
4584,38,160000,0,user_40,213,213,
4548,39,120000,0,user_8,213,213,
4570,40,120000,350000,user_25,213,213,
4551,41,98000,0,user_9,213,213,
4591,42,98000,0,user_48,213,213,
4572,43,84000,8520,user_27,213,213,
4545,44,83000,0,user_6,213,213,
4561,45,83000,296000,user_17,213,213,
4577,46,80000,0,user_33,213,213,
4543,47,77000,0,user_3,213,213,
4681,,2600000,296000,user_0,214,,
4682,,1500000,0,user_0,214,,
4683,,1600000,0,user_0,214,,
4684,,80000,0,user_0,214,,
4685,,310000,0,user_1,214,,
4686,,470000,0,user_2,214,,
4687,,85000,71800,user_3,214,,
4688,,910000,0,user_4,214,,
4689,,300000,0,user_4,214,,
4690,,310000,0,user_4,214,,
4691,,83000,0,user_4,214,,
4692,,120000,0,user_6,214,,
4693,,910000,0,user_6,214,,
4694,,100000,36800,user_8,214,,
4695,,150000,0,user_12,214,,
4696,,30000000,0,user_14,214,,
4697,,300000,0,user_14,214,,
4698,,5200000,779000,user_15,214,,
4699,,43000000,0,user_17,214,,
4700,,220000,0,user_18,214,,
4701,,79000,0,user_21,214,,
4702,,170000,1100000,user_25,214,,
4703,,660000,0,user_27,214,,
4704,,1000000,769000,user_28,214,,
4705,,5000000,0,user_28,214,,
4706,,170000,0,user_30,214,,
4707,,220000,0,user_30,214,,
4708,,3500000,16400,user_31,214,,
4709,,260000,0,user_32,214,,
4710,,19000000,0,user_33,214,,
4711,,2100000,0,user_33,214,,
4712,,600000,0,user_34,214,,
4713,,220000,56200,user_35,214,,
4714,,82000,0,user_35,214,,
4715,,660000,0,user_37,214,,
4716,,1800000,100000,user_37,214,,
4717,,1800000,16400,user_39,214,,
4718,,1000000,0,user_40,214,,
4719,,82000,0,user_41,214,,
4720,,1600000,0,user_45,214,,
4721,,160000,0,user_47,214,,
4722,,27000000,0,user_49,214,,
4699,0,43000000,0,user_17,214,214,
4696,1,30000000,0,user_14,214,214,
4722,2,27000000,0,user_49,214,214,
4710,3,19000000,0,user_33,214,214,
4698,4,5200000,779000,user_15,214,214,
4705,5,5000000,0,user_28,214,214,
4708,6,3500000,16400,user_31,214,214,
4681,7,2600000,296000,user_0,214,214,
4711,8,2100000,0,user_33,214,214,
4716,9,1800000,100000,user_37,214,214,
4717,10,1800000,16400,user_39,214,214,
4683,11,1600000,0,user_0,214,214,
4720,12,1600000,0,user_45,214,214,
4682,13,1500000,0,user_0,214,214,
4704,14,1000000,769000,user_28,214,214,
4718,15,1000000,0,user_40,214,214,
4688,16,910000,0,user_4,214,214,
4693,17,910000,0,user_6,214,214,
4715,18,660000,0,user_37,214,214,
4712,19,600000,0,user_34,214,214,
4686,20,470000,0,user_2,214,214,
4685,21,310000,0,user_1,214,214,
4690,22,310000,0,user_4,214,214,
4689,23,300000,0,user_4,214,214,
4697,24,300000,0,user_14,214,214,
4709,25,260000,0,user_32,214,214,
4700,26,220000,0,user_18,214,214,
4707,27,220000,0,user_30,214,214,
4713,28,220000,56200,user_35,214,214,
4702,29,170000,1100000,user_25,214,214,
4706,30,170000,0,user_30,214,214,
4721,31,160000,0,user_47,214,214,
4695,32,150000,0,user_12,214,214,
4692,33,120000,0,user_6,214,214,
4694,34,100000,36800,user_8,214,214,
4687,35,85000,71800,user_3,214,214,
4691,36,83000,0,user_4,214,214,
4714,37,82000,0,user_35,214,214,
4719,38,82000,0,user_41,214,214,
4684,39,80000,0,user_0,214,214,
4701,40,79000,0,user_21,214,214,
4798,,82000,0,user_0,215,,
4799,,220000,23500,user_2,215,,
4800,,6100000,0,user_2,215,,
4801,,190000,0,user_4,215,,
4802,,27000000,0,user_4,215,,
4803,,2000000,0,user_4,215,,
4804,,2000000,0,user_6,215,,
4805,,170000,0,user_6,215,,
4806,,2300000,12800,user_8,215,,
4807,,130000,13900,user_8,215,,
4808,,4500000,0,user_8,215,,
4809,,110000,0,user_9,215,,
4810,,240000,0,user_10,215,,
4811,,150000,0,user_11,215,,
4812,,190000,0,user_12,215,,
4813,,30000000,0,user_13,215,,
4814,,1600000,75000,user_13,215,,
4815,,5000000,0,user_14,215,,
4816,,2400000,0,user_15,215,,
4817,,120000,0,user_16,215,,
4818,,1500000,0,user_16,215,,
4819,,4200000,0,user_17,215,,
4820,,240000,0,user_19,215,,
4821,,630000,0,user_19,215,,
4822,,260000,0,user_20,215,,
4823,,1700000,43600,user_21,215,,
4824,,27000000,0,user_23,215,,
4825,,120000,0,user_23,215,,
4826,,420000,0,user_23,215,,
4827,,1600000,0,user_24,215,,
4828,,1000000,8520,user_24,215,,
4829,,82000,0,user_25,215,,
4830,,19000000,46500,user_26,215,,
4831,,150000,0,user_26,215,,
4832,,1000000,100000,user_26,215,,
4833,,360000,0,user_26,215,,
4834,,120000,0,user_27,215,,
4835,,5000000,0,user_27,215,,
4836,,120000,0,user_28,215,,
4837,,2300000,0,user_30,215,,
4838,,310000,12800,user_31,215,,
4839,,460000,0,user_31,215,,
4840,,170000,0,user_31,215,,
4841,,1500000,0,user_31,215,,
4842,,150000,0,user_35,215,,
4843,,190000,0,user_36,215,,
4844,,2000000,164000,user_37,215,,
4845,,98000,0,user_39,215,,
4846,,260000,60700,user_40,215,,
4847,,3500000,0,user_41,215,,
4848,,660000,43600,user_42,215,,
4849,,170000,0,user_42,215,,
4850,,1000000,0,user_44,215,,
4851,,460000,0,user_46,215,,
4852,,110000,73100,user_47,215,,
4853,,77000,0,user_47,215,,
4854,,77000,510000,user_48,215,,
4855,,420000,7190000,user_48,215,,
4856,,360000,0,user_49,215,,
4813,0,30000000,0,user_13,215,215,
4802,1,27000000,0,user_4,215,215,
4824,2,27000000,0,user_23,215,215,
4906,3,0,0,builder_4,215,215,4830
4830,4,19000000,46500,user_26,215,215,
4855,5,420000,7190000,user_48,215,215,
4907,6,0,0,builder_4,215,215,4855
4800,7,6100000,0,user_2,215,215,
4815,8,5000000,0,user_14,215,215,
4835,9,5000000,0,user_27,215,215,
4808,10,4500000,0,user_8,215,215,
4819,11,4200000,0,user_17,215,215,
4847,12,3500000,0,user_41,215,215,
4806,13,2300000,12800,user_8,215,215,
4908,14,0,0,builder_4,215,215,4806
4837,15,2300000,0,user_30,215,215,
4844,16,2000000,164000,user_37,215,215,
4909,17,0,0,builder_4,215,215,4844
4803,18,2000000,0,user_4,215,215,
4804,19,2000000,0,user_6,215,215,
4910,20,0,0,builder_4,215,215,4823
4823,21,1700000,43600,user_21,215,215,
4814,22,1600000,75000,user_13,215,215,
4911,23,0,0,builder_4,215,215,4814
4827,24,1600000,0,user_24,215,215,
4818,25,1500000,0,user_16,215,215,
4841,26,1500000,0,user_31,215,215,
4912,27,0,0,builder_4,215,215,4832
4832,28,1000000,100000,user_26,215,215,
4913,29,0,0,builder_4,215,215,4828
4828,30,1000000,8520,user_24,215,215,
4850,31,1000000,0,user_44,215,215,
4848,32,660000,43600,user_42,215,215,
4914,33,0,0,builder_4,215,215,4848
4821,34,630000,0,user_19,215,215,
4854,35,77000,510000,user_48,215,215,
4915,36,0,0,builder_4,215,215,4854
4839,37,460000,0,user_31,215,215,
4851,38,460000,0,user_46,215,215,
4826,39,420000,0,user_23,215,215,
4833,40,360000,0,user_26,215,215,
4856,41,360000,0,user_49,215,215,
4916,42,0,0,builder_4,215,215,4838
4838,43,310000,12800,user_31,215,215,
4917,44,0,0,builder_4,215,215,4846
4846,45,260000,60700,user_40,215,215,
4822,46,260000,0,user_20,215,215,
4918,47,0,0,builder_4,215,215,4799
4799,48,220000,23500,user_2,215,215,
4810,49,240000,0,user_10,215,215,
4820,50,240000,0,user_19,215,215,
4801,51,190000,0,user_4,215,215,
4812,52,190000,0,user_12,215,215,
4843,53,190000,0,user_36,215,215,
4805,54,170000,0,user_6,215,215,
4840,55,170000,0,user_31,215,215,
4849,56,170000,0,user_42,215,215,
4811,57,150000,0,user_11,215,215,
4831,58,150000,0,user_26,215,215,
4842,59,150000,0,user_35,215,215,
4807,60,130000,13900,user_8,215,215,
4919,61,0,0,builder_4,215,215,4807
4817,62,120000,0,user_16,215,215,
4825,63,120000,0,user_23,215,215,
4834,64,120000,0,user_27,215,215,
4836,65,120000,0,user_28,215,215,
4809,66,110000,0,user_9,215,215,
4798,67,82000,0,user_0,215,215,
4829,68,82000,0,user_25,215,215,
0,,3200000,0,user_0,216,,
1,,2100000,0,user_1,216,,
2,,110000,0,user_3,216,,
3,,120000,0,user_4,216,,
4,,5000000,0,user_4,216,,
5,,160000,0,user_5,216,,
6,,70000,3130,user_6,216,,
7,,84000,19700,user_7,216,,
8,,150000,0,user_7,216,,
9,,1200000,0,user_7,216,,
10,,460000,0,user_7,216,,
11,,260000,0,user_7,216,,
12,,170000,0,user_8,216,,
13,,1600000,0,user_8,216,,
14,,73000,0,user_9,216,,
15,,150000,0,user_9,216,,
16,,370000,0,user_10,216,,
17,,2600000,0,user_12,216,,
18,,300000,0,user_12,216,,
19,,460000,296000,user_12,216,,
20,,3500000,17000,user_14,216,,
21,,970000,0,user_15,216,,
22,,170000,0,user_16,216,,
23,,19000000,0,user_17,216,,
24,,170000,0,user_18,216,,
25,,110000,0,user_21,216,,
26,,1000000,0,user_23,216,,
27,,19000000,71800,user_23,216,,
28,,130000,0,user_25,216,,
29,,1100000,17700000,user_25,216,,
30,,2300000,410000,user_27,216,,
31,,73000,0,user_27,216,,
32,,1000000,0,user_29,216,,
33,,220000,0,user_30,216,,
34,,3600000,0,user_33,216,,
35,,360000,0,user_34,216,,
36,,310000,0,user_34,216,,
37,,1300000,0,user_35,216,,
38,,220000,0,user_36,216,,
39,,1000000,0,user_37,216,,
40,,77000,43600,user_38,216,,
41,,1700000,0,user_38,216,,
42,,420000,0,user_39,216,,
43,,5000000,0,user_40,216,,
44,,340000,5630,user_41,216,,
45,,340000,0,user_43,216,,
46,,1500000,283000,user_44,216,,
47,,160000,0,user_45,216,,
48,,5200000,0,user_45,216,,
49,,79000,0,user_46,216,,
50,,100000,0,user_47,216,,
51,,120000,35600,user_47,216,,
52,,170000,0,user_48,216,,
53,,300000,0,user_49,216,,
27,0,19000000,71800,user_23,216,216,
84,1,0,0,builder_4,216,216,27
23,2,19000000,0,user_17,216,216,
85,3,0,0,builder_4,216,216,29
29,4,1100000,17700000,user_25,216,216,
48,5,5200000,0,user_45,216,216,
4,6,5000000,0,user_4,216,216,
43,7,5000000,0,user_40,216,216,
34,8,3600000,0,user_33,216,216,
86,9,0,0,builder_4,216,216,20
20,10,3500000,17000,user_14,216,216,
0,11,3200000,0,user_0,216,216,
30,12,2300000,410000,user_27,216,216,
87,13,0,0,builder_4,216,216,30
17,14,2600000,0,user_12,216,216,
1,15,2100000,0,user_1,216,216,
46,16,1500000,283000,user_44,216,216,
88,17,0,0,builder_4,216,216,46
41,18,1700000,0,user_38,216,216,
13,19,1600000,0,user_8,216,216,
37,20,1300000,0,user_35,216,216,
26,21,1000000,0,user_23,216,216,
32,22,1000000,0,user_29,216,216,
39,23,1000000,0,user_37,216,216,
89,24,0,0,builder_4,216,216,19
19,25,460000,296000,user_12,216,216,
16,26,370000,0,user_10,216,216,
35,27,360000,0,user_34,216,216,
44,28,340000,5630,user_41,216,216,
90,29,0,0,builder_4,216,216,44
45,30,340000,0,user_43,216,216,
36,31,310000,0,user_34,216,216,
18,32,300000,0,user_12,216,216,
53,33,300000,0,user_49,216,216,
33,34,220000,0,user_30,216,216,
38,35,220000,0,user_36,216,216,
12,36,170000,0,user_8,216,216,
22,37,170000,0,user_16,216,216,
24,38,170000,0,user_18,216,216,
52,39,170000,0,user_48,216,216,
47,40,160000,0,user_45,216,216,
15,41,150000,0,user_9,216,216,
28,42,130000,0,user_25,216,216,
91,43,0,0,builder_4,216,216,40
40,44,77000,43600,user_38,216,216,
3,45,120000,0,user_4,216,216,
2,46,110000,0,user_3,216,216,
25,47,110000,0,user_21,216,216,
49,48,79000,0,user_46,216,216,
6,49,70000,3130,user_6,216,216,
92,50,0,0,builder_4,216,216,6
14,51,73000,0,user_9,216,216,
31,52,73000,0,user_27,216,216,
127,,2000000,0,user_0,217,,
128,,150000,0,user_0,217,,
129,,220000,0,user_2,217,,
130,,5000000,0,user_2,217,,
131,,5000000,0,user_2,217,,
132,,1400000,13900,user_2,217,,
133,,1100000,0,user_2,217,,
134,,3200000,0,user_4,217,,
135,,2400000,0,user_6,217,,
136,,98000,0,user_8,217,,
137,,1900000,19700,user_8,217,,
138,,660000,0,user_8,217,,
139,,150000,0,user_8,217,,
140,,83000,0,user_8,217,,
141,,460000,35600,user_9,217,,
142,,1100000,0,user_10,217,,
143,,130000,0,user_11,217,,
144,,420000,0,user_11,217,,
145,,2600000,0,user_11,217,,
146,,4200000,0,user_11,217,,
147,,660000,15300,user_11,217,,
148,,100000,17700000,user_12,217,,
149,,27000000,67500,user_13,217,,
150,,6300000,0,user_14,217,,
151,,910000,0,user_15,217,,
152,,2100000,256000,user_15,217,,
153,,80000,0,user_15,217,,
154,,360000,0,user_16,217,,
155,,130000,0,user_18,217,,
156,,150000,42000,user_19,217,,
157,,5000000,0,user_20,217,,
158,,85000,128000,user_21,217,,
159,,1900000,84800,user_22,217,,
160,,5200000,0,user_23,217,,
161,,2000000,0,user_24,217,,
162,,110000,0,user_24,217,,
163,,150000,0,user_24,217,,
164,,77000,0,user_26,217,,
165,,2300000,0,user_28,217,,
166,,2100000,0,user_29,217,,
167,,110000,0,user_30,217,,
168,,43000000,256000,user_31,217,,
169,,5000000,0,user_33,217,,
170,,83000,21800,user_33,217,,
171,,190000,12800,user_34,217,,
172,,1900000,0,user_35,217,,
173,,3500000,0,user_35,217,,
174,,2000000,0,user_37,217,,
175,,170000,11200,user_37,217,,
176,,170000,0,user_38,217,,
177,,120000,0,user_39,217,,
178,,2000000,0,user_42,217,,
179,,2500000,34700,user_43,217,,
180,,4200000,0,user_46,217,,
181,,2000000,0,user_49,217,,
168,0,43000000,256000,user_31,217,217,
149,1,27000000,67500,user_13,217,217,
150,2,6300000,0,user_14,217,217,
160,3,5200000,0,user_23,217,217,
130,4,5000000,0,user_2,217,217,
131,5,5000000,0,user_2,217,217,
157,6,5000000,0,user_20,217,217,
169,7,5000000,0,user_33,217,217,
146,8,4200000,0,user_11,217,217,
180,9,4200000,0,user_46,217,217,
173,10,3500000,0,user_35,217,217,
134,11,3200000,0,user_4,217,217,
145,12,2600000,0,user_11,217,217,
179,13,2500000,34700,user_43,217,217,
135,14,2400000,0,user_6,217,217,
165,15,2300000,0,user_28,217,217,
152,16,2100000,256000,user_15,217,217,
166,17,2100000,0,user_29,217,217,
127,18,2000000,0,user_0,217,217,
161,19,2000000,0,user_24,217,217,
174,20,2000000,0,user_37,217,217,
178,21,2000000,0,user_42,217,217,
181,22,2000000,0,user_49,217,217,
137,23,1900000,19700,user_8,217,217,
159,24,1900000,84800,user_22,217,217,
172,25,1900000,0,user_35,217,217,
132,26,1400000,13900,user_2,217,217,
133,27,1100000,0,user_2,217,217,
151,28,910000,0,user_15,217,217,
138,29,660000,0,user_8,217,217,
147,30,660000,15300,user_11,217,217,
144,31,420000,0,user_11,217,217,
154,32,360000,0,user_16,217,217,
129,33,220000,0,user_2,217,217,
171,34,190000,12800,user_34,217,217,
175,35,170000,11200,user_37,217,217,
128,36,150000,0,user_0,217,217,
139,37,150000,0,user_8,217,217,
156,38,150000,42000,user_19,217,217,
163,39,150000,0,user_24,217,217,
143,40,130000,0,user_11,217,217,
155,41,130000,0,user_18,217,217,
177,42,120000,0,user_39,217,217,
162,43,110000,0,user_24,217,217,
167,44,110000,0,user_30,217,217,
148,45,100000,17700000,user_12,217,217,
136,46,98000,0,user_8,217,217,
158,47,85000,128000,user_21,217,217,
140,48,83000,0,user_8,217,217,
170,49,83000,21800,user_33,217,217,
153,50,80000,0,user_15,217,217,
164,51,77000,0,user_26,217,217,
287,,77000,7840,user_0,218,,
288,,150000,0,user_1,218,,
289,,1100000,10700,user_3,218,,
290,,600000,0,user_4,218,,
291,,110000,0,user_6,218,,
292,,220000,0,user_6,218,,
293,,110000,0,user_7,218,,
294,,110000,73100,user_8,218,,
295,,630000,0,user_9,218,,
296,,460000,5640,user_11,218,,
297,,150000,0,user_11,218,,
298,,2400000,13900,user_13,218,,
299,,2000000,75000,user_13,218,,
300,,1100000,0,user_15,218,,
301,,1000000,0,user_17,218,,
302,,420000,0,user_18,218,,
303,,600000,0,user_19,218,,
304,,1000000,0,user_20,218,,
305,,77000,0,user_21,218,,
306,,160000,0,user_22,218,,
307,,420000,0,user_23,218,,
308,,30000000,84800,user_24,218,,
309,,170000,0,user_26,218,,
310,,670000,0,user_27,218,,
311,,150000,0,user_29,218,,
312,,2600000,0,user_31,218,,
313,,150000,0,user_32,218,,
314,,70000,0,user_33,218,,
315,,370000,0,user_34,218,,
316,,30000000,0,user_36,218,,
317,,1900000,0,user_37,218,,
318,,260000,0,user_38,218,,
319,,660000,0,user_38,218,,
320,,300000,0,user_39,218,,
321,,1700000,0,user_40,218,,
322,,120000,0,user_42,218,,
323,,150000,0,user_43,218,,
324,,1000000,0,user_44,218,,
325,,100000,0,user_44,218,,
326,,530000,3130,user_45,218,,
327,,1000000,75000,user_48,218,,
328,,350000,0,user_49,218,,
308,0,30000000,84800,user_24,218,218,
316,1,30000000,0,user_36,218,218,
312,2,2600000,0,user_31,218,218,
298,3,2400000,13900,user_13,218,218,
299,4,2000000,75000,user_13,218,218,
317,5,1900000,0,user_37,218,218,
321,6,1700000,0,user_40,218,218,
289,7,1100000,10700,user_3,218,218,
300,8,1100000,0,user_15,218,218,
301,9,1000000,0,user_17,218,218,
304,10,1000000,0,user_20,218,218,
324,11,1000000,0,user_44,218,218,
327,12,1000000,75000,user_48,218,218,
310,13,670000,0,user_27,218,218,
319,14,660000,0,user_38,218,218,
295,15,630000,0,user_9,218,218,
290,16,600000,0,user_4,218,218,
303,17,600000,0,user_19,218,218,
302,18,420000,0,user_18,218,218,
307,19,420000,0,user_23,218,218,
315,20,370000,0,user_34,218,218,
328,21,350000,0,user_49,218,218,
320,22,300000,0,user_39,218,218,
318,23,260000,0,user_38,218,218,
292,24,220000,0,user_6,218,218,
309,25,170000,0,user_26,218,218,
306,26,160000,0,user_22,218,218,
288,27,150000,0,user_1,218,218,
311,28,150000,0,user_29,218,218,
323,29,150000,0,user_43,218,218,
322,30,120000,0,user_42,218,218,
291,31,110000,0,user_6,218,218,
293,32,110000,0,user_7,218,218,
294,33,110000,73100,user_8,218,218,
325,34,100000,0,user_44,218,218,
287,35,77000,7840,user_0,218,218,
305,36,77000,0,user_21,218,218,
314,37,70000,0,user_33,218,218,
394,,220000,0,user_0,219,,
395,,310000,0,user_0,219,,
396,,1400000,0,user_2,219,,
397,,370000,0,user_3,219,,
398,,1400000,0,user_4,219,,
399,,30000000,0,user_5,219,,
400,,1800000,5180,user_6,219,,
401,,660000,0,user_7,219,,
402,,1400000,0,user_8,219,,
403,,650000,0,user_8,219,,
404,,220000,0,user_9,219,,
405,,1100000,0,user_10,219,,
406,,910000,13800,user_10,219,,
407,,1500000,0,user_11,219,,
408,,1100000,0,user_11,219,,
409,,120000,0,user_11,219,,
410,,360000,75000,user_11,219,,
411,,6300000,0,user_12,219,,
412,,240000,16400,user_14,219,,
413,,220000,0,user_15,219,,
414,,87000,0,user_17,219,,
415,,83000,0,user_19,219,,
416,,5000000,0,user_19,219,,
417,,2400000,0,user_19,219,,
418,,85000,0,user_19,219,,
419,,670000,0,user_20,219,,
420,,310000,0,user_22,219,,
421,,910000,0,user_24,219,,
422,,160000,0,user_25,219,,
423,,2000000,0,user_26,219,,
424,,420000,0,user_27,219,,
425,,1100000,0,user_29,219,,
426,,2100000,0,user_30,219,,
427,,4500000,0,user_31,219,,
428,,670000,35600,user_33,219,,
429,,19000000,0,user_34,219,,
430,,1800000,0,user_34,219,,
431,,370000,0,user_35,219,,
432,,30000000,0,user_35,219,,
433,,630000,0,user_36,219,,
434,,43000000,0,user_37,219,,
435,,73000,0,user_37,219,,
436,,670000,0,user_37,219,,
437,,310000,0,user_37,219,,
438,,84000,181000,user_38,219,,
439,,260000,67900,user_39,219,,
440,,160000,0,user_40,219,,
441,,420000,0,user_40,219,,
442,,110000,0,user_40,219,,
443,,120000,0,user_40,219,,
444,,87000,0,user_42,219,,
445,,84000,0,user_42,219,,
446,,84000,0,user_43,219,,
447,,83000,0,user_44,219,,
448,,4200000,161000,user_44,219,,
449,,84000,0,user_44,219,,
450,,1400000,161000,user_46,219,,
451,,80000,0,user_48,219,,
452,,2000000,285000,user_49,219,,
434,0,43000000,0,user_37,219,219,
399,1,30000000,0,user_5,219,219,
432,2,30000000,0,user_35,219,219,
429,3,19000000,0,user_34,219,219,
411,4,6300000,0,user_12,219,219,
416,5,5000000,0,user_19,219,219,
427,6,4500000,0,user_31,219,219,
448,7,4200000,161000,user_44,219,219,
417,8,2400000,0,user_19,219,219,
423,9,2000000,0,user_26,219,219,
452,10,2000000,285000,user_49,219,219,
400,11,1800000,5180,user_6,219,219,
430,12,1800000,0,user_34,219,219,
407,13,1500000,0,user_11,219,219,
396,14,1400000,0,user_2,219,219,
398,15,1400000,0,user_4,219,219,
402,16,1400000,0,user_8,219,219,
450,17,1400000,161000,user_46,219,219,
405,18,1100000,0,user_10,219,219,
408,19,1100000,0,user_11,219,219,
425,20,1100000,0,user_29,219,219,
406,21,910000,13800,user_10,219,219,
421,22,910000,0,user_24,219,219,
419,23,670000,0,user_20,219,219,
428,24,670000,35600,user_33,219,219,
436,25,670000,0,user_37,219,219,
401,26,660000,0,user_7,219,219,
403,27,650000,0,user_8,219,219,
424,28,420000,0,user_27,219,219,
397,29,370000,0,user_3,219,219,
431,30,370000,0,user_35,219,219,
410,31,360000,75000,user_11,219,219,
437,32,310000,0,user_37,219,219,
439,33,260000,67900,user_39,219,219,
404,34,220000,0,user_9,219,219,
413,35,220000,0,user_15,219,219,
422,36,160000,0,user_25,219,219,
409,37,120000,0,user_11,219,219,
414,38,87000,0,user_17,219,219,
444,39,87000,0,user_42,219,219,
418,40,85000,0,user_19,219,219,
438,41,84000,181000,user_38,219,219,
445,42,84000,0,user_42,219,219,
446,43,84000,0,user_43,219,219,
449,44,84000,0,user_44,219,219,
415,45,83000,0,user_19,219,219,
447,46,83000,0,user_44,219,219,
451,47,80000,0,user_48,219,219,
435,48,73000,0,user_37,219,219,
526,,1400000,0,user_2,220,,
527,,310000,0,user_4,220,,
528,,84000,0,user_4,220,,
529,,73000,0,user_4,220,,
530,,98000,0,user_4,220,,
531,,2500000,0,user_6,220,,
532,,6300000,0,user_7,220,,
533,,160000,0,user_8,220,,
534,,2400000,0,user_8,220,,
535,,6100000,0,user_10,220,,
536,,2100000,231000,user_12,220,,
537,,370000,0,user_12,220,,
538,,110000,231000,user_13,220,,
539,,670000,0,user_14,220,,
540,,110000,155000,user_15,220,,
541,,150000,0,user_15,220,,
542,,80000,0,user_17,220,,
543,,3500000,369000,user_19,220,,
544,,1400000,0,user_21,220,,
545,,420000,0,user_22,220,,
546,,190000,0,user_23,220,,
547,,1200000,0,user_23,220,,
548,,30000000,0,user_24,220,,
549,,1300000,0,user_25,220,,
550,,260000,0,user_25,220,,
551,,370000,0,user_26,220,,
552,,460000,779000,user_26,220,,
553,,120000,0,user_29,220,,
554,,310000,0,user_30,220,,
555,,150000,0,user_30,220,,
556,,650000,0,user_31,220,,
557,,150000,161000,user_31,220,,
558,,3600000,0,user_31,220,,
559,,1500000,5180,user_32,220,,
560,,1700000,0,user_33,220,,
561,,1300000,0,user_34,220,,
562,,84000,17000,user_35,220,,
563,,420000,0,user_35,220,,
564,,530000,0,user_37,220,,
565,,600000,15700,user_38,220,,
566,,2600000,0,user_38,220,,
567,,2000000,0,user_39,220,,
568,,2300000,0,user_41,220,,
569,,670000,0,user_45,220,,
570,,1100000,0,user_45,220,,
571,,260000,0,user_46,220,,
572,,4200000,0,user_47,220,,
573,,1400000,121000,user_48,220,,
574,,1100000,0,user_48,220,,
575,,1400000,0,user_48,220,,
576,,98000,0,user_48,220,,
577,,87000,0,user_48,220,,
578,,2600000,12800,user_49,220,,
579,,150000,0,user_49,220,,
580,,1100000,56200,user_49,220,,
581,,27000000,0,user_49,220,,
582,,130000,0,user_49,220,,
548,0,30000000,0,user_24,220,220,
581,1,27000000,0,user_49,220,220,
532,2,6300000,0,user_7,220,220,
535,3,6100000,0,user_10,220,220,
572,4,4200000,0,user_47,220,220,
558,5,3600000,0,user_31,220,220,
543,6,3500000,369000,user_19,220,220,
566,7,2600000,0,user_38,220,220,
578,8,2600000,12800,user_49,220,220,
531,9,2500000,0,user_6,220,220,
534,10,2400000,0,user_8,220,220,
536,11,2100000,231000,user_12,220,220,
567,12,2000000,0,user_39,220,220,
559,13,1500000,5180,user_32,220,220,
526,14,1400000,0,user_2,220,220,
544,15,1400000,0,user_21,220,220,
573,16,1400000,121000,user_48,220,220,
575,17,1400000,0,user_48,220,220,
549,18,1300000,0,user_25,220,220,
561,19,1300000,0,user_34,220,220,
547,20,1200000,0,user_23,220,220,
570,21,1100000,0,user_45,220,220,
574,22,1100000,0,user_48,220,220,
580,23,1100000,56200,user_49,220,220,
539,24,670000,0,user_14,220,220,
569,25,670000,0,user_45,220,220,
556,26,650000,0,user_31,220,220,
565,27,600000,15700,user_38,220,220,
564,28,530000,0,user_37,220,220,
552,29,460000,779000,user_26,220,220,
545,30,420000,0,user_22,220,220,
563,31,420000,0,user_35,220,220,
537,32,370000,0,user_12,220,220,
551,33,370000,0,user_26,220,220,
527,34,310000,0,user_4,220,220,
554,35,310000,0,user_30,220,220,
550,36,260000,0,user_25,220,220,
571,37,260000,0,user_46,220,220,
546,38,190000,0,user_23,220,220,
533,39,160000,0,user_8,220,220,
555,40,150000,0,user_30,220,220,
557,41,150000,161000,user_31,220,220,
579,42,150000,0,user_49,220,220,
582,43,130000,0,user_49,220,220,
553,44,120000,0,user_29,220,220,
538,45,110000,231000,user_13,220,220,
530,46,98000,0,user_4,220,220,
576,47,98000,0,user_48,220,220,
577,48,87000,0,user_48,220,220,
528,49,84000,0,user_4,220,220,
562,50,84000,17000,user_35,220,220,
542,51,80000,0,user_17,220,220,
529,52,73000,0,user_4,220,220,
674,,530000,0,user_0,221,,
675,,420000,0,user_2,221,,
676,,170000,47700,user_3,221,,
677,,70000,15300,user_4,221,,
678,,1100000,0,user_5,221,,
679,,670000,18600,user_6,221,,
680,,310000,779000,user_7,221,,
681,,470000,0,user_8,221,,
682,,1800000,60700,user_9,221,,
683,,460000,0,user_9,221,,
684,,1400000,36800,user_10,221,,
685,,83000,0,user_10,221,,
686,,360000,121000,user_10,221,,
687,,970000,47700,user_11,221,,
688,,27000000,0,user_12,221,,
689,,160000,0,user_13,221,,
690,,2100000,0,user_14,221,,
691,,660000,0,user_16,221,,
692,,170000,0,user_16,221,,
693,,870000,0,user_16,221,,
694,,1000000,0,user_16,221,,
695,,3200000,47700,user_17,221,,
696,,5200000,0,user_17,221,,
697,,970000,67900,user_20,221,,
698,,77000,164000,user_20,221,,
699,,650000,0,user_21,221,,
700,,190000,0,user_22,221,,
701,,310000,0,user_22,221,,
702,,1000000,0,user_22,221,,
703,,670000,0,user_22,221,,
704,,170000,0,user_22,221,,
705,,19000000,0,user_23,221,,
706,,1400000,4320000,user_23,221,,
707,,660000,0,user_25,221,,
708,,6100000,0,user_30,221,,
709,,970000,0,user_31,221,,
710,,82000,0,user_32,221,,
711,,83000,0,user_32,221,,
712,,1600000,64600,user_33,221,,
713,,2600000,0,user_33,221,,
714,,650000,161000,user_34,221,,
715,,85000,139000,user_35,221,,
716,,530000,0,user_36,221,,
717,,370000,0,user_37,221,,
718,,160000,0,user_39,221,,
719,,3500000,0,user_39,221,,
720,,70000,0,user_46,221,,
721,,660000,0,user_46,221,,
722,,460000,0,user_47,221,,
723,,1000000,0,user_49,221,,
688,0,27000000,0,user_12,221,221,
705,1,19000000,0,user_23,221,221,
708,2,6100000,0,user_30,221,221,
696,3,5200000,0,user_17,221,221,
719,4,3500000,0,user_39,221,221,
695,5,3200000,47700,user_17,221,221,
713,6,2600000,0,user_33,221,221,
690,7,2100000,0,user_14,221,221,
682,8,1800000,60700,user_9,221,221,
712,9,1600000,64600,user_33,221,221,
684,10,1400000,36800,user_10,221,221,
706,11,1400000,4320000,user_23,221,221,
678,12,1100000,0,user_5,221,221,
694,13,1000000,0,user_16,221,221,
702,14,1000000,0,user_22,221,221,
687,15,970000,47700,user_11,221,221,
697,16,970000,67900,user_20,221,221,
693,17,870000,0,user_16,221,221,
679,18,670000,18600,user_6,221,221,
703,19,670000,0,user_22,221,221,
691,20,660000,0,user_16,221,221,
721,21,660000,0,user_46,221,221,
699,22,650000,0,user_21,221,221,
714,23,650000,161000,user_34,221,221,
716,24,530000,0,user_36,221,221,
681,25,470000,0,user_8,221,221,
683,26,460000,0,user_9,221,221,
722,27,460000,0,user_47,221,221,
686,28,360000,121000,user_10,221,221,
680,29,310000,779000,user_7,221,221,
701,30,310000,0,user_22,221,221,
700,31,190000,0,user_22,221,221,
676,32,170000,47700,user_3,221,221,
692,33,170000,0,user_16,221,221,
704,34,170000,0,user_22,221,221,
689,35,160000,0,user_13,221,221,
718,36,160000,0,user_39,221,221,
715,37,85000,139000,user_35,221,221,
685,38,83000,0,user_10,221,221,
711,39,83000,0,user_32,221,221,
710,40,82000,0,user_32,221,221,
698,41,77000,164000,user_20,221,221,
720,42,70000,0,user_46,221,221,
825,,870000,0,user_0,222,,
826,,27000000,66100,user_1,222,,
827,,260000,0,user_1,222,,
828,,80000,0,user_2,222,,
829,,220000,0,user_2,222,,
830,,530000,0,user_4,222,,
831,,130000,0,user_5,222,,
832,,220000,0,user_6,222,,
833,,1600000,0,user_7,222,,
834,,120000,0,user_8,222,,
835,,350000,0,user_8,222,,
836,,110000,0,user_9,222,,
837,,420000,0,user_9,222,,
838,,160000,0,user_10,222,,
839,,1400000,0,user_11,222,,
840,,2600000,75000,user_11,222,,
841,,2000000,0,user_12,222,,
842,,30000000,12800,user_13,222,,
843,,120000,0,user_13,222,,
844,,1300000,0,user_13,222,,
845,,2100000,0,user_13,222,,
846,,1100000,0,user_13,222,,
847,,120000,594000,user_14,222,,
848,,370000,12800,user_15,222,,
849,,1500000,13800,user_15,222,,
850,,1300000,0,user_16,222,,
851,,1000000,0,user_16,222,,
852,,1600000,0,user_16,222,,
853,,120000,0,user_18,222,,
854,,150000,0,user_19,222,,
855,,120000,146000,user_21,222,,
856,,5000000,0,user_22,222,,
857,,220000,0,user_23,222,,
858,,460000,0,user_24,222,,
859,,1500000,100000,user_26,222,,
860,,220000,19700,user_27,222,,
861,,1400000,0,user_27,222,,
862,,6300000,0,user_28,222,,
863,,1100000,0,user_28,222,,
864,,1400000,0,user_30,222,,
865,,1600000,0,user_32,222,,
866,,1000000,0,user_33,222,,
867,,2100000,0,user_33,222,,
868,,5200000,0,user_35,222,,
869,,1800000,0,user_35,222,,
870,,110000,0,user_35,222,,
871,,77000,0,user_35,222,,
872,,190000,0,user_35,222,,
873,,370000,0,user_36,222,,
874,,150000,30200,user_37,222,,
875,,2000000,0,user_38,222,,
876,,910000,0,user_39,222,,
877,,470000,75000,user_43,222,,
878,,460000,0,user_44,222,,
879,,3200000,0,user_44,222,,
880,,340000,0,user_44,222,,
881,,220000,0,user_44,222,,
882,,530000,0,user_45,222,,
883,,1500000,0,user_47,222,,
884,,370000,769000,user_47,222,,
885,,110000,0,user_49,222,,
842,0,30000000,12800,user_13,222,222,
826,1,27000000,66100,user_1,222,222,
862,2,6300000,0,user_28,222,222,
868,3,5200000,0,user_35,222,222,
856,4,5000000,0,user_22,222,222,
879,5,3200000,0,user_44,222,222,
840,6,2600000,75000,user_11,222,222,
845,7,2100000,0,user_13,222,222,
867,8,2100000,0,user_33,222,222,
841,9,2000000,0,user_12,222,222,
875,10,2000000,0,user_38,222,222,
869,11,1800000,0,user_35,222,222,
833,12,1600000,0,user_7,222,222,
852,13,1600000,0,user_16,222,222,
865,14,1600000,0,user_32,222,222,
849,15,1500000,13800,user_15,222,222,
859,16,1500000,100000,user_26,222,222,
883,17,1500000,0,user_47,222,222,
839,18,1400000,0,user_11,222,222,
861,19,1400000,0,user_27,222,222,
864,20,1400000,0,user_30,222,222,
844,21,1300000,0,user_13,222,222,
850,22,1300000,0,user_16,222,222,
846,23,1100000,0,user_13,222,222,
863,24,1100000,0,user_28,222,222,
851,25,1000000,0,user_16,222,222,
866,26,1000000,0,user_33,222,222,
876,27,910000,0,user_39,222,222,
882,28,530000,0,user_45,222,222,
877,29,470000,75000,user_43,222,222,
878,30,460000,0,user_44,222,222,
837,31,420000,0,user_9,222,222,
848,32,370000,12800,user_15,222,222,
873,33,370000,0,user_36,222,222,
884,34,370000,769000,user_47,222,222,
835,35,350000,0,user_8,222,222,
880,36,340000,0,user_44,222,222,
827,37,260000,0,user_1,222,222,
832,38,220000,0,user_6,222,222,
857,39,220000,0,user_23,222,222,
860,40,220000,19700,user_27,222,222,
881,41,220000,0,user_44,222,222,
872,42,190000,0,user_35,222,222,
838,43,160000,0,user_10,222,222,
831,44,130000,0,user_5,222,222,
834,45,120000,0,user_8,222,222,
843,46,120000,0,user_13,222,222,
847,47,120000,594000,user_14,222,222,
855,48,120000,146000,user_21,222,222,
836,49,110000,0,user_9,222,222,
870,50,110000,0,user_35,222,222,
871,51,77000,0,user_35,222,222,
968,,2600000,0,user_0,223,,
969,,110000,0,user_0,223,,
970,,1900000,32900,user_0,223,,
971,,420000,0,user_1,223,,
972,,2600000,0,user_2,223,,
973,,160000,0,user_2,223,,
974,,1000000,0,user_3,223,,
975,,4200000,0,user_3,223,,
976,,80000,0,user_5,223,,
977,,660000,0,user_5,223,,
978,,220000,0,user_6,223,,
979,,240000,0,user_8,223,,
980,,2000000,30200,user_9,223,,
981,,1600000,43600,user_9,223,,
982,,310000,18600,user_10,223,,
983,,310000,0,user_10,223,,
984,,4500000,0,user_14,223,,
985,,73000,0,user_14,223,,
986,,310000,0,user_15,223,,
987,,1100000,0,user_16,223,,
988,,1100000,31700,user_17,223,,
989,,160000,0,user_17,223,,
990,,2300000,0,user_18,223,,
991,,470000,0,user_18,223,,
992,,1500000,0,user_19,223,,
993,,1500000,17000,user_20,223,,
994,,2600000,256000,user_20,223,,
995,,1600000,0,user_21,223,,
996,,80000,0,user_25,223,,
997,,80000,0,user_26,223,,
998,,98000,0,user_27,223,,
999,,5200000,0,user_28,223,,
1000,,1200000,0,user_30,223,,
1001,,600000,0,user_30,223,,
1002,,160000,5180,user_30,223,,
1003,,5200000,0,user_31,223,,
1004,,3500000,0,user_31,223,,
1005,,1500000,0,user_32,223,,
1006,,1000000,36800,user_34,223,,
1007,,2300000,0,user_35,223,,
1008,,470000,0,user_36,223,,
1009,,970000,0,user_36,223,,
1010,,360000,164000,user_38,223,,
1011,,1400000,0,user_39,223,,
1012,,470000,0,user_41,223,,
1013,,630000,0,user_42,223,,
1014,,120000,0,user_43,223,,
1015,,530000,0,user_46,223,,
1016,,6100000,5630,user_47,223,,
1017,0,0,0,builder_0,223,223,1016
1016,1,6100000,5630,user_47,223,223,
999,2,5200000,0,user_28,223,223,
1003,3,5200000,0,user_31,223,223,
984,4,4500000,0,user_14,223,223,
975,5,4200000,0,user_3,223,223,
1004,6,3500000,0,user_31,223,223,
994,7,2600000,256000,user_20,223,223,
1018,8,0,0,builder_0,223,223,994
968,9,2600000,0,user_0,223,223,
972,10,2600000,0,user_2,223,223,
990,11,2300000,0,user_18,223,223,
1007,12,2300000,0,user_35,223,223,
980,13,2000000,30200,user_9,223,223,
1019,14,0,0,builder_0,223,223,980
1020,15,0,0,builder_0,223,223,970
970,16,1900000,32900,user_0,223,223,
981,17,1600000,43600,user_9,223,223,
1021,18,0,0,builder_0,223,223,981
995,19,1600000,0,user_21,223,223,
1022,20,0,0,builder_0,223,223,993
993,21,1500000,17000,user_20,223,223,
992,22,1500000,0,user_19,223,223,
1005,23,1500000,0,user_32,223,223,
1000,24,1200000,0,user_30,223,223,
988,25,1100000,31700,user_17,223,223,
1023,26,0,0,builder_0,223,223,988
987,27,1100000,0,user_16,223,223,
974,28,1000000,0,user_3,223,223,
1009,29,970000,0,user_36,223,223,
1013,30,630000,0,user_42,223,223,
1001,31,600000,0,user_30,223,223,
1015,32,530000,0,user_46,223,223,
1024,33,0,0,builder_0,223,223,1010
1010,34,360000,164000,user_38,223,223,
991,35,470000,0,user_18,223,223,
1008,36,470000,0,user_36,223,223,
1012,37,470000,0,user_41,223,223,
971,38,420000,0,user_1,223,223,
982,39,310000,18600,user_10,223,223,
1025,40,0,0,builder_0,223,223,982
983,41,310000,0,user_10,223,223,
979,42,240000,0,user_8,223,223,
978,43,220000,0,user_6,223,223,
1002,44,160000,5180,user_30,223,223,
1026,45,0,0,builder_0,223,223,1002
973,46,160000,0,user_2,223,223,
989,47,160000,0,user_17,223,223,
1014,48,120000,0,user_43,223,223,
969,49,110000,0,user_0,223,223,
998,50,98000,0,user_27,223,223,
996,51,80000,0,user_25,223,223,
997,52,80000,0,user_26,223,223,
985,53,73000,0,user_14,223,223,
1091,,340000,0,user_1,224,,
1092,,420000,46500,user_1,224,,
1093,,870000,0,user_2,224,,
1094,,460000,0,user_4,224,,
1095,,970000,0,user_5,224,,
1096,,2000000,0,user_6,224,,
1097,,6100000,4320000,user_7,224,,
1098,,160000,0,user_8,224,,
1099,,220000,0,user_10,224,,
1100,,1600000,0,user_12,224,,
1101,,150000,0,user_12,224,,
1102,,1900000,24700,user_13,224,,
1103,,5000000,0,user_13,224,,
1104,,87000,0,user_16,224,,
1105,,6300000,0,user_17,224,,
1106,,150000,0,user_17,224,,
1107,,260000,779000,user_18,224,,
1108,,77000,121000,user_19,224,,
1109,,120000,60700,user_20,224,,
1110,,1700000,0,user_20,224,,
1111,,1000000,0,user_23,224,,
1112,,170000,0,user_24,224,,
1113,,3200000,0,user_25,224,,
1114,,120000,0,user_25,224,,
1115,,2000000,0,user_26,224,,
1116,,320000,0,user_27,224,,
1117,,870000,0,user_28,224,,
1118,,1900000,769000,user_30,224,,
1119,,1100000,283000,user_31,224,,
1120,,100000,161000,user_32,224,,
1121,,970000,0,user_33,224,,
1122,,1600000,0,user_34,224,,
1123,,1300000,34700,user_37,224,,
1124,,630000,0,user_38,224,,
1125,,82000,0,user_39,224,,
1126,,73000,0,user_39,224,,
1127,,150000,0,user_42,224,,
1128,,1200000,0,user_43,224,,
1129,,2300000,0,user_44,224,,
1130,,1700000,0,user_44,224,,
1131,,260000,0,user_45,224,,
1132,,370000,0,user_45,224,,
1133,,870000,510000,user_45,224,,
1134,,370000,0,user_45,224,,
1135,,150000,0,user_45,224,,
1136,,1000000,12300,user_46,224,,
1137,,82000,155000,user_49,224,,
1105,0,6300000,0,user_17,224,224,
1097,1,6100000,4320000,user_7,224,224,
1103,2,5000000,0,user_13,224,224,
1113,3,3200000,0,user_25,224,224,
1129,4,2300000,0,user_44,224,224,
1096,5,2000000,0,user_6,224,224,
1115,6,2000000,0,user_26,224,224,
1102,7,1900000,24700,user_13,224,224,
1118,8,1900000,769000,user_30,224,224,
1110,9,1700000,0,user_20,224,224,
1130,10,1700000,0,user_44,224,224,
1100,11,1600000,0,user_12,224,224,
1122,12,1600000,0,user_34,224,224,
1123,13,1300000,34700,user_37,224,224,
1128,14,1200000,0,user_43,224,224,
1119,15,1100000,283000,user_31,224,224,
1111,16,1000000,0,user_23,224,224,
1136,17,1000000,12300,user_46,224,224,
1095,18,970000,0,user_5,224,224,
1121,19,970000,0,user_33,224,224,
1093,20,870000,0,user_2,224,224,
1133,21,870000,510000,user_45,224,224,
1094,22,460000,0,user_4,224,224,
1092,23,420000,46500,user_1,224,224,
1132,24,370000,0,user_45,224,224,
1134,25,370000,0,user_45,224,224,
1091,26,340000,0,user_1,224,224,
1116,27,320000,0,user_27,224,224,
1107,28,260000,779000,user_18,224,224,
1131,29,260000,0,user_45,224,224,
1099,30,220000,0,user_10,224,224,
1098,31,160000,0,user_8,224,224,
1101,32,150000,0,user_12,224,224,
1106,33,150000,0,user_17,224,224,
1127,34,150000,0,user_42,224,224,
1135,35,150000,0,user_45,224,224,
1109,36,120000,60700,user_20,224,224,
1114,37,120000,0,user_25,224,224,
1104,38,87000,0,user_16,224,224,
1125,39,82000,0,user_39,224,224,
1137,40,82000,155000,user_49,224,224,
1126,41,73000,0,user_39,224,224,
1232,,70000,0,user_1,225,,
1233,,110000,164000,user_2,225,,
1234,,73000,0,user_3,225,,
1235,,77000,0,user_4,225,,
1236,,240000,0,user_5,225,,
1237,,320000,0,user_6,225,,
1238,,240000,128000,user_7,225,,
1239,,1500000,0,user_7,225,,
1240,,660000,0,user_8,225,,
1241,,79000,231000,user_12,225,,
1242,,110000,0,user_13,225,,
1243,,2000000,0,user_13,225,,
1244,,150000,0,user_14,225,,
1245,,350000,84800,user_14,225,,
1246,,1900000,5630,user_15,225,,
1247,,220000,0,user_16,225,,
1248,,370000,0,user_19,225,,
1249,,80000,30200,user_20,225,,
1250,,650000,0,user_22,225,,
1251,,300000,0,user_23,225,,
1252,,650000,19700,user_24,225,,
1253,,150000,0,user_25,225,,
1254,,2000000,0,user_25,225,,
1255,,220000,24700,user_26,225,,
1256,,150000,0,user_27,225,,
1257,,73000,0,user_27,225,,
1258,,70000,5180,user_28,225,,
1259,,110000,0,user_29,225,,
1260,,1000000,0,user_30,225,,
1261,,6100000,0,user_34,225,,
1262,,170000,0,user_34,225,,
1263,,1100000,0,user_35,225,,
1264,,4500000,0,user_35,225,,
1265,,670000,0,user_37,225,,
1266,,80000,0,user_38,225,,
1267,,470000,12800,user_39,225,,
1268,,1300000,0,user_39,225,,
1269,,130000,0,user_39,225,,
1270,,1400000,0,user_40,225,,
1271,,70000,0,user_40,225,,
1272,,420000,0,user_42,225,,
1273,,110000,0,user_43,225,,
1274,,360000,0,user_44,225,,
1275,,530000,35100,user_44,225,,
1276,,460000,31700,user_45,225,,
1277,,100000,0,user_45,225,,
1278,,2000000,0,user_46,225,,
1279,,110000,0,user_47,225,,
1280,,6100000,0,user_48,225,,
1281,,3200000,0,user_49,225,,
1261,0,6100000,0,user_34,225,225,
1280,1,6100000,0,user_48,225,225,
1264,2,4500000,0,user_35,225,225,
1281,3,3200000,0,user_49,225,225,
1243,4,2000000,0,user_13,225,225,
1254,5,2000000,0,user_25,225,225,
1278,6,2000000,0,user_46,225,225,
1246,7,1900000,5630,user_15,225,225,
1239,8,1500000,0,user_7,225,225,
1270,9,1400000,0,user_40,225,225,
1263,10,1100000,0,user_35,225,225,
1260,11,1000000,0,user_30,225,225,
1240,12,660000,0,user_8,225,225,
1250,13,650000,0,user_22,225,225,
1252,14,650000,19700,user_24,225,225,
1275,15,530000,35100,user_44,225,225,
1276,16,460000,31700,user_45,225,225,
1272,17,420000,0,user_42,225,225,
1248,18,370000,0,user_19,225,225,
1274,19,360000,0,user_44,225,225,
1245,20,350000,84800,user_14,225,225,
1237,21,320000,0,user_6,225,225,
1251,22,300000,0,user_23,225,225,
1236,23,240000,0,user_5,225,225,
1238,24,240000,128000,user_7,225,225,
1247,25,220000,0,user_16,225,225,
1262,26,170000,0,user_34,225,225,
1244,27,150000,0,user_14,225,225,
1253,28,150000,0,user_25,225,225,
1256,29,150000,0,user_27,225,225,
1233,30,110000,164000,user_2,225,225,
1242,31,110000,0,user_13,225,225,
1259,32,110000,0,user_29,225,225,
1273,33,110000,0,user_43,225,225,
1279,34,110000,0,user_47,225,225,
1277,35,100000,0,user_45,225,225,
1249,36,80000,30200,user_20,225,225,
1266,37,80000,0,user_38,225,225,
1234,38,73000,0,user_3,225,225,
1257,39,73000,0,user_27,225,225,
1271,40,70000,0,user_40,225,225,
1364,,320000,0,user_0,226,,
1365,,460000,0,user_1,226,,
1366,,360000,0,user_2,226,,
1367,,970000,0,user_3,226,,
1368,,870000,0,user_4,226,,
1369,,77000,0,user_5,226,,
1370,,1500000,0,user_5,226,,
1371,,340000,0,user_6,226,,
1372,,1000000,0,user_8,226,,
1373,,110000,0,user_10,226,,
1374,,5200000,108000,user_12,226,,
1375,,600000,139000,user_13,226,,
1376,,80000,0,user_14,226,,
1377,,910000,0,user_15,226,,
1378,,80000,0,user_17,226,,
1379,,83000,0,user_19,226,,
1380,,190000,0,user_19,226,,
1381,,160000,0,user_20,226,,
1382,,300000,0,user_22,226,,
1383,,4500000,0,user_22,226,,
1384,,73000,0,user_23,226,,
1385,,1900000,0,user_25,226,,
1386,,170000,13900,user_25,226,,
1387,,630000,100000,user_25,226,,
1388,,260000,0,user_25,226,,
1389,,19000000,0,user_27,226,,
1390,,1400000,35600,user_27,226,,
1391,,1900000,0,user_27,226,,
1392,,600000,0,user_27,226,,
1393,,84000,0,user_27,226,,
1394,,1900000,0,user_30,226,,
1395,,350000,0,user_32,226,,
1396,,150000,0,user_33,226,,
1397,,1500000,0,user_33,226,,
1398,,120000,0,user_34,226,,
1399,,1400000,0,user_34,226,,
1400,,310000,231000,user_35,226,,
1401,,150000,0,user_36,226,,
1402,,420000,0,user_36,226,,
1403,,420000,0,user_36,226,,
1404,,1500000,0,user_36,226,,
1405,,5000000,0,user_37,226,,
1406,,1600000,161000,user_38,226,,
1407,,150000,10700,user_40,226,,
1408,,460000,0,user_40,226,,
1409,,110000,0,user_46,226,,
1410,,1500000,0,user_47,226,,
1389,0,19000000,0,user_27,226,226,
1374,1,5200000,108000,user_12,226,226,
1405,2,5000000,0,user_37,226,226,
1383,3,4500000,0,user_22,226,226,
1385,4,1900000,0,user_25,226,226,
1391,5,1900000,0,user_27,226,226,
1394,6,1900000,0,user_30,226,226,
1406,7,1600000,161000,user_38,226,226,
1370,8,1500000,0,user_5,226,226,
1397,9,1500000,0,user_33,226,226,
1404,10,1500000,0,user_36,226,226,
1410,11,1500000,0,user_47,226,226,
1390,12,1400000,35600,user_27,226,226,
1399,13,1400000,0,user_34,226,226,
1372,14,1000000,0,user_8,226,226,
1367,15,970000,0,user_3,226,226,
1377,16,910000,0,user_15,226,226,
1368,17,870000,0,user_4,226,226,
1387,18,630000,100000,user_25,226,226,
1375,19,600000,139000,user_13,226,226,
1392,20,600000,0,user_27,226,226,
1365,21,460000,0,user_1,226,226,
1408,22,460000,0,user_40,226,226,
1402,23,420000,0,user_36,226,226,
1403,24,420000,0,user_36,226,226,
1366,25,360000,0,user_2,226,226,
1371,26,340000,0,user_6,226,226,
1364,27,320000,0,user_0,226,226,
1382,28,300000,0,user_22,226,226,
1388,29,260000,0,user_25,226,226,
1380,30,190000,0,user_19,226,226,
1386,31,170000,13900,user_25,226,226,
1381,32,160000,0,user_20,226,226,
1396,33,150000,0,user_33,226,226,
1401,34,150000,0,user_36,226,226,
1407,35,150000,10700,user_40,226,226,
1398,36,120000,0,user_34,226,226,
1393,37,84000,0,user_27,226,226,
1379,38,83000,0,user_19,226,226,
1376,39,80000,0,user_14,226,226,
1378,40,80000,0,user_17,226,226,
1369,41,77000,0,user_5,226,226,
1384,42,73000,0,user_23,226,226,
1467,,220000,0,user_0,227,,
1468,,190000,0,user_2,227,,
1469,,30000000,0,user_3,227,,
1470,,530000,0,user_6,227,,
1471,,320000,0,user_8,227,,
1472,,84000,15700,user_10,227,,
1473,,1300000,0,user_11,227,,
1474,,77000,0,user_12,227,,
1475,,150000,73100,user_13,227,,
1476,,2000000,369000,user_15,227,,
1477,,160000,0,user_16,227,,
1478,,2100000,0,user_16,227,,
1479,,910000,0,user_16,227,,
1480,,70000,0,user_16,227,,
1481,,19000000,0,user_16,227,,
1482,,110000,0,user_17,227,,
1483,,1400000,350000,user_18,227,,
1484,,470000,0,user_18,227,,
1485,,30000000,35600,user_19,227,,
1486,,160000,0,user_21,227,,
1487,,5000000,0,user_22,227,,
1488,,5000000,0,user_24,227,,
1489,,170000,0,user_25,227,,
1490,,1500000,0,user_27,227,,
1491,,98000,0,user_28,227,,
1492,,79000,31700,user_29,227,,
1493,,310000,13900,user_29,227,,
1494,,1400000,0,user_30,227,,
1495,,460000,0,user_31,227,,
1496,,98000,0,user_32,227,,
1497,,1400000,15700,user_33,227,,
1498,,85000,0,user_33,227,,
1499,,360000,0,user_33,227,,
1500,,470000,0,user_33,227,,
1501,,120000,0,user_34,227,,
1502,,320000,0,user_35,227,,
1503,,160000,0,user_36,227,,
1504,,98000,0,user_37,227,,
1505,,1900000,0,user_39,227,,
1506,,110000,0,user_39,227,,
1507,,1000000,35600,user_40,227,,
1508,,110000,0,user_41,227,,
1509,,4200000,0,user_42,227,,
1510,,2400000,0,user_42,227,,
1511,,220000,0,user_42,227,,
1512,,310000,164000,user_42,227,,
1513,,98000,0,user_42,227,,
1514,,2500000,0,user_43,227,,
1515,,2000000,0,user_49,227,,
1516,,1300000,35100,user_49,227,,
1469,0,30000000,0,user_3,227,227,
1485,1,30000000,35600,user_19,227,227,
1481,2,19000000,0,user_16,227,227,
1487,3,5000000,0,user_22,227,227,
1488,4,5000000,0,user_24,227,227,
1509,5,4200000,0,user_42,227,227,
1514,6,2500000,0,user_43,227,227,
1510,7,2400000,0,user_42,227,227,
1478,8,2100000,0,user_16,227,227,
1476,9,2000000,369000,user_15,227,227,
1515,10,2000000,0,user_49,227,227,
1505,11,1900000,0,user_39,227,227,
1483,12,1400000,350000,user_18,227,227,
1494,13,1400000,0,user_30,227,227,
1497,14,1400000,15700,user_33,227,227,
1473,15,1300000,0,user_11,227,227,
1516,16,1300000,35100,user_49,227,227,
1507,17,1000000,35600,user_40,227,227,
1479,18,910000,0,user_16,227,227,
1470,19,530000,0,user_6,227,227,
1484,20,470000,0,user_18,227,227,
1500,21,470000,0,user_33,227,227,
1495,22,460000,0,user_31,227,227,
1499,23,360000,0,user_33,227,227,
1471,24,320000,0,user_8,227,227,
1502,25,320000,0,user_35,227,227,
1493,26,310000,13900,user_29,227,227,
1512,27,310000,164000,user_42,227,227,
1467,28,220000,0,user_0,227,227,
1511,29,220000,0,user_42,227,227,
1468,30,190000,0,user_2,227,227,
1489,31,170000,0,user_25,227,227,
1477,32,160000,0,user_16,227,227,
1486,33,160000,0,user_21,227,227,
1475,34,150000,73100,user_13,227,227,
1501,35,120000,0,user_34,227,227,
1482,36,110000,0,user_17,227,227,
1506,37,110000,0,user_39,227,227,
1508,38,110000,0,user_41,227,227,
1491,39,98000,0,user_28,227,227,
1496,40,98000,0,user_32,227,227,
1504,41,98000,0,user_37,227,227,
1513,42,98000,0,user_42,227,227,
1498,43,85000,0,user_33,227,227,
1492,44,79000,31700,user_29,227,227,
1474,45,77000,0,user_12,227,227,
1480,46,70000,0,user_16,227,227,
1598,,5200000,0,user_0,228,,
1599,,220000,49100,user_2,228,,
1600,,150000,0,user_3,228,,
1601,,6300000,0,user_6,228,,
1602,,160000,0,user_6,228,,
1603,,5000000,0,user_7,228,,
1604,,1500000,0,user_8,228,,
1605,,260000,0,user_8,228,,
1606,,1100000,0,user_9,228,,
1607,,470000,12800,user_10,228,,
1608,,160000,0,user_12,228,,
1609,,120000,0,user_13,228,,
1610,,3500000,0,user_14,228,,
1611,,150000,0,user_15,228,,
1612,,530000,0,user_15,228,,
1613,,5200000,12300,user_17,228,,
1614,,160000,47700,user_17,228,,
1615,,1500000,410000,user_18,228,,
1616,,120000,0,user_19,228,,
1617,,460000,0,user_19,228,,
1618,,1400000,0,user_20,228,,
1619,,43000000,0,user_21,228,,
1620,,1100000,231000,user_22,228,,
1621,,310000,0,user_23,228,,
1622,,1200000,231000,user_25,228,,
1623,,85000,0,user_25,228,,
1624,,120000,64600,user_26,228,,
1625,,110000,0,user_27,228,,
1626,,530000,231000,user_29,228,,
1627,,1000000,0,user_29,228,,
1628,,1000000,0,user_30,228,,
1629,,130000,0,user_31,228,,
1630,,1000000,0,user_32,228,,
1631,,170000,0,user_34,228,,
1632,,190000,0,user_34,228,,
1633,,530000,0,user_34,228,,
1634,,2000000,33300,user_34,228,,
1635,,170000,0,user_35,228,,
1636,,1600000,0,user_36,228,,
1637,,1500000,35100,user_37,228,,
1638,,1000000,0,user_37,228,,
1639,,320000,1100000,user_39,228,,
1640,,2300000,31700,user_39,228,,
1641,,1500000,67500,user_39,228,,
1642,,84000,0,user_42,228,,
1643,,150000,350000,user_43,228,,
1644,,420000,0,user_44,228,,
1645,,1900000,0,user_44,228,,
1646,,240000,0,user_45,228,,
1647,,83000,0,user_46,228,,
1648,,2100000,0,user_49,228,,
1619,0,43000000,0,user_21,228,228,
1601,1,6300000,0,user_6,228,228,
1598,2,5200000,0,user_0,228,228,
1613,3,5200000,12300,user_17,228,228,
1603,4,5000000,0,user_7,228,228,
1610,5,3500000,0,user_14,228,228,
1640,6,2300000,31700,user_39,228,228,
1648,7,2100000,0,user_49,228,228,
1634,8,2000000,33300,user_34,228,228,
1645,9,1900000,0,user_44,228,228,
1636,10,1600000,0,user_36,228,228,
1604,11,1500000,0,user_8,228,228,
1615,12,1500000,410000,user_18,228,228,
1637,13,1500000,35100,user_37,228,228,
1641,14,1500000,67500,user_39,228,228,
1618,15,1400000,0,user_20,228,228,
1622,16,1200000,231000,user_25,228,228,
1606,17,1100000,0,user_9,228,228,
1620,18,1100000,231000,user_22,228,228,
1627,19,1000000,0,user_29,228,228,
1628,20,1000000,0,user_30,228,228,
1638,21,1000000,0,user_37,228,228,
1612,22,530000,0,user_15,228,228,
1626,23,530000,231000,user_29,228,228,
1633,24,530000,0,user_34,228,228,
1617,25,460000,0,user_19,228,228,
1644,26,420000,0,user_44,228,228,
1639,27,320000,1100000,user_39,228,228,
1621,28,310000,0,user_23,228,228,
1605,29,260000,0,user_8,228,228,
1599,30,220000,49100,user_2,228,228,
1632,31,190000,0,user_34,228,228,
1631,32,170000,0,user_34,228,228,
1602,33,160000,0,user_6,228,228,
1608,34,160000,0,user_12,228,228,
1614,35,160000,47700,user_17,228,228,
1600,36,150000,0,user_3,228,228,
1611,37,150000,0,user_15,228,228,
1643,38,150000,350000,user_43,228,228,
1629,39,130000,0,user_31,228,228,
1609,40,120000,0,user_13,228,228,
1616,41,120000,0,user_19,228,228,
1624,42,120000,64600,user_26,228,228,
1625,43,110000,0,user_27,228,228,
1623,44,85000,0,user_25,228,228,
1642,45,84000,0,user_42,228,228,
1753,,3600000,0,user_1,229,,
1754,,530000,0,user_2,229,,
1755,,4500000,0,user_3,229,,
1756,,82000,0,user_4,229,,
1757,,43000000,0,user_5,229,,
1758,,1500000,0,user_5,229,,
1759,,320000,0,user_6,229,,
1760,,150000,0,user_8,229,,
1761,,370000,0,user_8,229,,
1762,,87000,0,user_9,229,,
1763,,1400000,0,user_9,229,,
1764,,1700000,0,user_11,229,,
1765,,260000,0,user_13,229,,
1766,,260000,322000,user_14,229,,
1767,,170000,18600,user_14,229,,
1768,,300000,0,user_15,229,,
1769,,2500000,0,user_16,229,,
1770,,100000,0,user_17,229,,
1771,,170000,5640,user_18,229,,
1772,,5000000,0,user_19,229,,
1773,,300000,0,user_20,229,,
1774,,1500000,0,user_21,229,,
1775,,460000,0,user_22,229,,
1776,,6300000,36800,user_23,229,,
1777,,110000,0,user_24,229,,
1778,,5000000,0,user_25,229,,
1779,,1600000,0,user_26,229,,
1780,,320000,0,user_26,229,,
1781,,84000,0,user_26,229,,
1782,,340000,75000,user_26,229,,
1783,,70000,283000,user_27,229,,
1784,,970000,33300,user_27,229,,
1785,,460000,121000,user_28,229,,
1786,,470000,195000,user_29,229,,
1787,,6300000,0,user_30,229,,
1788,,1300000,0,user_33,229,,
1789,,1400000,13900,user_34,229,,
1790,,1500000,369000,user_36,229,,
1791,,150000,0,user_37,229,,
1792,,660000,33100,user_37,229,,
1793,,1600000,381000,user_37,229,,
1794,,2400000,0,user_37,229,,
1795,,2000000,0,user_38,229,,
1796,,150000,0,user_38,229,,
1797,,110000,0,user_39,229,,
1798,,970000,0,user_40,229,,
1799,,1000000,0,user_41,229,,
1800,,6100000,39400,user_42,229,,
1801,,1000000,43600,user_43,229,,
1802,,1100000,0,user_43,229,,
1803,,360000,10700,user_44,229,,
1804,,2000000,0,user_44,229,,
1805,,150000,0,user_45,229,,
1806,,6100000,0,user_46,229,,
1807,,4200000,0,user_46,229,,
1808,,27000000,769000,user_47,229,,
1809,,84000,0,user_48,229,,
1810,,2000000,0,user_49,229,,
1811,,2600000,0,user_49,229,,
1812,,130000,0,user_49,229,,
1813,,130000,0,user_49,229,,
1757,0,43000000,0,user_5,229,229,
1808,1,27000000,769000,user_47,229,229,
1776,2,6300000,36800,user_23,229,229,
1787,3,6300000,0,user_30,229,229,
1800,4,6100000,39400,user_42,229,229,
1806,5,6100000,0,user_46,229,229,
1772,6,5000000,0,user_19,229,229,
1778,7,5000000,0,user_25,229,229,
1755,8,4500000,0,user_3,229,229,
1807,9,4200000,0,user_46,229,229,
1811,10,2600000,0,user_49,229,229,
1769,11,2500000,0,user_16,229,229,
1794,12,2400000,0,user_37,229,229,
1804,13,2000000,0,user_44,229,229,
1810,14,2000000,0,user_49,229,229,
1764,15,1700000,0,user_11,229,229,
1779,16,1600000,0,user_26,229,229,
1793,17,1600000,381000,user_37,229,229,
1758,18,1500000,0,user_5,229,229,
1774,19,1500000,0,user_21,229,229,
1790,20,1500000,369000,user_36,229,229,
1763,21,1400000,0,user_9,229,229,
1789,22,1400000,13900,user_34,229,229,
1788,23,1300000,0,user_33,229,229,
1802,24,1100000,0,user_43,229,229,
1801,25,1000000,43600,user_43,229,229,
1784,26,970000,33300,user_27,229,229,
1798,27,970000,0,user_40,229,229,
1792,28,660000,33100,user_37,229,229,
1786,29,470000,195000,user_29,229,229,
1775,30,460000,0,user_22,229,229,
1785,31,460000,121000,user_28,229,229,
1803,32,360000,10700,user_44,229,229,
1782,33,340000,75000,user_26,229,229,
1780,34,320000,0,user_26,229,229,
1766,35,260000,322000,user_14,229,229,
1767,36,170000,18600,user_14,229,229,
1771,37,170000,5640,user_18,229,229,
1791,38,150000,0,user_37,229,229,
1805,39,150000,0,user_45,229,229,
1812,40,130000,0,user_49,229,229,
1813,41,130000,0,user_49,229,229,
1777,42,110000,0,user_24,229,229,
1797,43,110000,0,user_39,229,229,
1770,44,100000,0,user_17,229,229,
1762,45,87000,0,user_9,229,229,
1781,46,84000,0,user_26,229,229,
1809,47,84000,0,user_48,229,229,
1756,48,82000,0,user_4,229,229,
1783,49,70000,283000,user_27,229,229,
1932,,1900000,0,user_0,230,,
1933,,4500000,0,user_1,230,,
1934,,83000,0,user_2,230,,
1935,,1100000,60700,user_3,230,,
1936,,2600000,0,user_3,230,,
1937,,1800000,0,user_4,230,,
1938,,80000,0,user_6,230,,
1939,,5000000,231000,user_7,230,,
1940,,350000,0,user_8,230,,
1941,,83000,108000,user_8,230,,
1942,,6300000,0,user_10,230,,
1943,,970000,0,user_11,230,,
1944,,43000000,0,user_11,230,,
1945,,160000,0,user_12,230,,
1946,,910000,0,user_12,230,,
1947,,660000,0,user_13,230,,
1948,,360000,0,user_14,230,,
1949,,1500000,0,user_14,230,,
1950,,85000,0,user_14,230,,
1951,,170000,0,user_14,230,,
1952,,260000,0,user_14,230,,
1953,,630000,15100,user_16,230,,
1954,,4200000,0,user_16,230,,
1955,,2000000,0,user_16,230,,
1956,,650000,0,user_16,230,,
1957,,1000000,0,user_16,230,,
1958,,3500000,0,user_18,230,,
1959,,1100000,16400,user_18,230,,
1960,,84000,0,user_19,230,,
1961,,120000,0,user_21,230,,
1962,,1500000,769000,user_23,230,,
1963,,98000,6390,user_23,230,,
1964,,240000,67500,user_25,230,,
1965,,77000,0,user_26,230,,
1966,,130000,146000,user_26,230,,
1967,,260000,0,user_26,230,,
1968,,82000,0,user_28,230,,
1969,,98000,369000,user_29,230,,
1970,,2100000,0,user_29,230,,
1971,,3600000,0,user_30,230,,
1972,,160000,0,user_31,230,,
1973,,120000,0,user_31,230,,
1974,,3500000,0,user_32,230,,
1975,,320000,12800,user_33,230,,
1976,,2000000,0,user_34,230,,
1977,,6100000,256000,user_36,230,,
1978,,19000000,0,user_37,230,,
1979,,2600000,0,user_38,230,,
1980,,30000000,296000,user_39,230,,
1981,,1000000,0,user_39,230,,
1982,,110000,181000,user_43,230,,
1983,,170000,0,user_43,230,,
1984,,910000,60700,user_44,230,,
1985,,98000,161000,user_45,230,,
1986,,120000,73100,user_45,230,,
1987,,170000,0,user_47,230,,
1988,,150000,19700,user_49,230,,
1944,0,43000000,0,user_11,230,230,
1980,1,30000000,296000,user_39,230,230,
1978,2,19000000,0,user_37,230,230,
1942,3,6300000,0,user_10,230,230,
1977,4,6100000,256000,user_36,230,230,
1939,5,5000000,231000,user_7,230,230,
1933,6,4500000,0,user_1,230,230,
1954,7,4200000,0,user_16,230,230,
1971,8,3600000,0,user_30,230,230,
1958,9,3500000,0,user_18,230,230,
1936,10,2600000,0,user_3,230,230,
1970,11,2100000,0,user_29,230,230,
1955,12,2000000,0,user_16,230,230,
1976,13,2000000,0,user_34,230,230,
1932,14,1900000,0,user_0,230,230,
1937,15,1800000,0,user_4,230,230,
1962,16,1500000,769000,user_23,230,230,
1935,17,1100000,60700,user_3,230,230,
1959,18,1100000,16400,user_18,230,230,
1957,19,1000000,0,user_16,230,230,
1981,20,1000000,0,user_39,230,230,
1943,21,970000,0,user_11,230,230,
1946,22,910000,0,user_12,230,230,
1984,23,910000,60700,user_44,230,230,
1947,24,660000,0,user_13,230,230,
1956,25,650000,0,user_16,230,230,
1953,26,630000,15100,user_16,230,230,
1940,27,350000,0,user_8,230,230,
1975,28,320000,12800,user_33,230,230,
1967,29,260000,0,user_26,230,230,
1964,30,240000,67500,user_25,230,230,
1983,31,170000,0,user_43,230,230,
1987,32,170000,0,user_47,230,230,
1945,33,160000,0,user_12,230,230,
1972,34,160000,0,user_31,230,230,
1988,35,150000,19700,user_49,230,230,
1966,36,130000,146000,user_26,230,230,
1961,37,120000,0,user_21,230,230,
1973,38,120000,0,user_31,230,230,
1986,39,120000,73100,user_45,230,230,
1982,40,110000,181000,user_43,230,230,
1963,41,98000,6390,user_23,230,230,
1969,42,98000,369000,user_29,230,230,
1985,43,98000,161000,user_45,230,230,
1934,44,83000,0,user_2,230,230,
1941,45,83000,108000,user_8,230,230,
1938,46,80000,0,user_6,230,230,
1965,47,77000,0,user_26,230,230,
2114,,220000,0,user_0,231,,
2115,,650000,0,user_0,231,,
2116,,83000,0,user_1,231,,
2117,,160000,0,user_1,231,,
2118,,110000,0,user_1,231,,
2119,,150000,43600,user_1,231,,
2120,,150000,0,user_1,231,,
2121,,150000,0,user_2,231,,
2122,,420000,0,user_3,231,,
2123,,2600000,0,user_5,231,,
2124,,670000,0,user_7,231,,
2125,,1200000,0,user_8,231,,
2126,,120000,0,user_12,231,,
2127,,1300000,0,user_15,231,,
2128,,2000000,0,user_16,231,,
2129,,120000,0,user_19,231,,
2130,,3600000,0,user_19,231,,
2131,,4200000,0,user_20,231,,
2132,,650000,0,user_20,231,,
2133,,910000,0,user_21,231,,
2134,,120000,24700,user_22,231,,
2135,,3200000,0,user_23,231,,
2136,,77000,0,user_24,231,,
2137,,110000,0,user_26,231,,
2138,,120000,0,user_29,231,,
2139,,1500000,0,user_29,231,,
2140,,27000000,0,user_30,231,,
2141,,87000,0,user_31,231,,
2142,,1000000,0,user_32,231,,
2143,,120000,0,user_33,231,,
2144,,1100000,296000,user_34,231,,
2145,,2400000,0,user_34,231,,
2146,,6100000,0,user_35,231,,
2147,,1600000,0,user_36,231,,
2148,,110000,0,user_38,231,,
2149,,85000,0,user_39,231,,
2150,,30000000,0,user_40,231,,
2151,,260000,0,user_41,231,,
2152,,160000,33300,user_44,231,,
2153,,130000,10700,user_46,231,,
2154,,120000,0,user_46,231,,
2155,,470000,0,user_47,231,,
2156,,1900000,32900,user_48,231,,
2157,,310000,0,user_49,231,,
2150,0,30000000,0,user_40,231,231,
2140,1,27000000,0,user_30,231,231,
2146,2,6100000,0,user_35,231,231,
2131,3,4200000,0,user_20,231,231,
2130,4,3600000,0,user_19,231,231,
2135,5,3200000,0,user_23,231,231,
2123,6,2600000,0,user_5,231,231,
2145,7,2400000,0,user_34,231,231,
2128,8,2000000,0,user_16,231,231,
2156,9,1900000,32900,user_48,231,231,
2147,10,1600000,0,user_36,231,231,
2139,11,1500000,0,user_29,231,231,
2127,12,1300000,0,user_15,231,231,
2125,13,1200000,0,user_8,231,231,
2144,14,1100000,296000,user_34,231,231,
2142,15,1000000,0,user_32,231,231,
2133,16,910000,0,user_21,231,231,
2124,17,670000,0,user_7,231,231,
2115,18,650000,0,user_0,231,231,
2132,19,650000,0,user_20,231,231,
2155,20,470000,0,user_47,231,231,
2122,21,420000,0,user_3,231,231,
2157,22,310000,0,user_49,231,231,
2151,23,260000,0,user_41,231,231,
2114,24,220000,0,user_0,231,231,
2152,25,160000,33300,user_44,231,231,
2121,26,150000,0,user_2,231,231,
2153,27,130000,10700,user_46,231,231,
2129,28,120000,0,user_19,231,231,
2134,29,120000,24700,user_22,231,231,
2138,30,120000,0,user_29,231,231,
2143,31,120000,0,user_33,231,231,
2154,32,120000,0,user_46,231,231,
2148,33,110000,0,user_38,231,231,
2141,34,87000,0,user_31,231,231,
2136,35,77000,0,user_24,231,231,
2198,,170000,0,user_0,232,,
2199,,30000000,0,user_1,232,,
2200,,73000,3130,user_2,232,,
2201,,420000,0,user_2,232,,
2202,,220000,0,user_3,232,,
2203,,110000,30200,user_4,232,,
2204,,220000,0,user_4,232,,
2205,,1900000,0,user_5,232,,
2206,,110000,0,user_6,232,,
2207,,240000,0,user_6,232,,
2208,,27000000,0,user_6,232,,
2209,,470000,0,user_6,232,,
2210,,170000,0,user_7,232,,
2211,,420000,0,user_9,232,,
2212,,220000,0,user_9,232,,
2213,,1100000,0,user_9,232,,
2214,,1600000,0,user_10,232,,
2215,,1100000,0,user_11,232,,
2216,,1600000,256000,user_12,232,,
2217,,350000,0,user_15,232,,
2218,,1600000,0,user_15,232,,
2219,,160000,13900,user_16,232,,
2220,,19000000,0,user_16,232,,
2221,,77000,15300,user_17,232,,
2222,,98000,0,user_18,232,,
2223,,3200000,0,user_19,232,,
2224,,70000,0,user_20,232,,
2225,,170000,0,user_21,232,,
2226,,3500000,0,user_21,232,,
2227,,170000,0,user_24,232,,
2228,,5200000,0,user_25,232,,
2229,,4500000,0,user_26,232,,
2230,,43000000,0,user_27,232,,
2231,,260000,0,user_29,232,,
2232,,2500000,0,user_30,232,,
2233,,2000000,0,user_31,232,,
2234,,970000,0,user_32,232,,
2235,,2300000,0,user_33,232,,
2236,,1000000,35100,user_34,232,,
2237,,1200000,0,user_35,232,,
2238,,310000,0,user_39,232,,
2239,,1400000,0,user_40,232,,
2240,,600000,0,user_41,232,,
2241,,870000,0,user_42,232,,
2242,,650000,0,user_42,232,,
2243,,1000000,0,user_43,232,,
2244,,160000,0,user_45,232,,
2245,,1000000,10700,user_46,232,,
2246,,4200000,0,user_47,232,,
2247,,300000,13900,user_47,232,,
2248,,120000,0,user_48,232,,
2249,,1900000,0,user_49,232,,
2250,,340000,73100,user_49,232,,
2230,0,43000000,0,user_27,232,232,
2199,1,30000000,0,user_1,232,232,
2208,2,27000000,0,user_6,232,232,
2220,3,19000000,0,user_16,232,232,
2228,4,5200000,0,user_25,232,232,
2229,5,4500000,0,user_26,232,232,
2246,6,4200000,0,user_47,232,232,
2226,7,3500000,0,user_21,232,232,
2232,8,2500000,0,user_30,232,232,
2235,9,2300000,0,user_33,232,232,
2233,10,2000000,0,user_31,232,232,
2205,11,1900000,0,user_5,232,232,
2249,12,1900000,0,user_49,232,232,
2214,13,1600000,0,user_10,232,232,
2216,14,1600000,256000,user_12,232,232,
2218,15,1600000,0,user_15,232,232,
2239,16,1400000,0,user_40,232,232,
2237,17,1200000,0,user_35,232,232,
2215,18,1100000,0,user_11,232,232,
2236,19,1000000,35100,user_34,232,232,
2243,20,1000000,0,user_43,232,232,
2245,21,1000000,10700,user_46,232,232,
2241,22,870000,0,user_42,232,232,
2242,23,650000,0,user_42,232,232,
2240,24,600000,0,user_41,232,232,
2209,25,470000,0,user_6,232,232,
2201,26,420000,0,user_2,232,232,
2217,27,350000,0,user_15,232,232,
2250,28,340000,73100,user_49,232,232,
2238,29,310000,0,user_39,232,232,
2247,30,300000,13900,user_47,232,232,
2231,31,260000,0,user_29,232,232,
2207,32,240000,0,user_6,232,232,
2202,33,220000,0,user_3,232,232,
2204,34,220000,0,user_4,232,232,
2198,35,170000,0,user_0,232,232,
2210,36,170000,0,user_7,232,232,
2225,37,170000,0,user_21,232,232,
2219,38,160000,13900,user_16,232,232,
2244,39,160000,0,user_45,232,232,
2203,40,110000,30200,user_4,232,232,
2206,41,110000,0,user_6,232,232,
2222,42,98000,0,user_18,232,232,
2221,43,77000,15300,user_17,232,232,
2200,44,73000,3130,user_2,232,232,
2224,45,70000,0,user_20,232,232,
2311,,320000,0,user_0,233,,
2312,,190000,0,user_3,233,,
2313,,170000,0,user_3,233,,
2314,,460000,12800,user_3,233,,
2315,,30000000,33100,user_3,233,,
2316,,120000,0,user_3,233,,
2317,,130000,0,user_4,233,,
2318,,1500000,17700000,user_4,233,,
2319,,120000,15100,user_5,233,,
2320,,170000,0,user_7,233,,
2321,,27000000,0,user_7,233,,
2322,,1500000,0,user_8,233,,
2323,,420000,0,user_9,233,,
2324,,870000,0,user_11,233,,
2325,,670000,0,user_12,233,,
2326,,82000,12300,user_12,233,,
2327,,3200000,0,user_13,233,,
2328,,4500000,0,user_14,233,,
2329,,1500000,6390,user_16,233,,
2330,,310000,0,user_16,233,,
2331,,5000000,0,user_17,233,,
2332,,350000,0,user_17,233,,
2333,,1000000,369000,user_18,233,,
2334,,85000,0,user_19,233,,
2335,,2300000,0,user_20,233,,
2336,,190000,0,user_20,233,,
2337,,1500000,12300,user_24,233,,
2338,,220000,0,user_24,233,,
2339,,120000,0,user_25,233,,
2340,,120000,0,user_25,233,,
2341,,120000,0,user_26,233,,
2342,,1600000,0,user_27,233,,
2343,,2000000,0,user_28,233,,
2344,,150000,35600,user_30,233,,
2345,,1000000,283000,user_31,233,,
2346,,970000,0,user_32,233,,
2347,,970000,0,user_34,233,,
2348,,73000,164000,user_36,233,,
2349,,73000,0,user_37,233,,
2350,,160000,73100,user_38,233,,
2351,,420000,21800,user_42,233,,
2352,,1600000,0,user_43,233,,
2353,,98000,43600,user_43,233,,
2354,,150000,0,user_44,233,,
2355,,220000,0,user_46,233,,
2356,,1800000,84800,user_47,233,,
2357,,600000,0,user_48,233,,
2358,,1900000,0,user_48,233,,
2315,0,30000000,33100,user_3,233,233,
2321,1,27000000,0,user_7,233,233,
2331,2,5000000,0,user_17,233,233,
2328,3,4500000,0,user_14,233,233,
2327,4,3200000,0,user_13,233,233,
2335,5,2300000,0,user_20,233,233,
2343,6,2000000,0,user_28,233,233,
2358,7,1900000,0,user_48,233,233,
2356,8,1800000,84800,user_47,233,233,
2342,9,1600000,0,user_27,233,233,
2352,10,1600000,0,user_43,233,233,
2318,11,1500000,17700000,user_4,233,233,
2322,12,1500000,0,user_8,233,233,
2337,13,1500000,12300,user_24,233,233,
2333,14,1000000,369000,user_18,233,233,
2345,15,1000000,283000,user_31,233,233,
2347,16,970000,0,user_34,233,233,
2325,17,670000,0,user_12,233,233,
2357,18,600000,0,user_48,233,233,
2314,19,460000,12800,user_3,233,233,
2323,20,420000,0,user_9,233,233,
2351,21,420000,21800,user_42,233,233,
2332,22,350000,0,user_17,233,233,
2311,23,320000,0,user_0,233,233,
2338,24,220000,0,user_24,233,233,
2312,25,190000,0,user_3,233,233,
2336,26,190000,0,user_20,233,233,
2313,27,170000,0,user_3,233,233,
2320,28,170000,0,user_7,233,233,
2350,29,160000,73100,user_38,233,233,
2344,30,150000,35600,user_30,233,233,
2354,31,150000,0,user_44,233,233,
2317,32,130000,0,user_4,233,233,
2316,33,120000,0,user_3,233,233,
2319,34,120000,15100,user_5,233,233,
2339,35,120000,0,user_25,233,233,
2340,36,120000,0,user_25,233,233,
2341,37,120000,0,user_26,233,233,
2353,38,98000,43600,user_43,233,233,
2334,39,85000,0,user_19,233,233,
2326,40,82000,12300,user_12,233,233,
2348,41,73000,164000,user_36,233,233,
2349,42,73000,0,user_37,233,233,
2463,,1000000,0,user_1,234,,
2464,,910000,73100,user_2,234,,
2465,,110000,769000,user_3,234,,
2466,,2000000,0,user_6,234,,
2467,,1400000,56200,user_9,234,,
2468,,170000,0,user_11,234,,
2469,,320000,49100,user_12,234,,
2470,,73000,0,user_13,234,,
2471,,2300000,0,user_14,234,,
2472,,190000,0,user_15,234,,
2473,,1900000,0,user_16,234,,
2474,,1400000,1100000,user_17,234,,
2475,,150000,0,user_17,234,,
2476,,120000,0,user_17,234,,
2477,,460000,0,user_17,234,,
2478,,2000000,0,user_17,234,,
2479,,600000,0,user_18,234,,
2480,,2100000,0,user_20,234,,
2481,,110000,0,user_23,234,,
2482,,2000000,0,user_25,234,,
2483,,5000000,0,user_25,234,,
2484,,1800000,13900,user_26,234,,
2485,,310000,0,user_27,234,,
2486,,87000,47700,user_28,234,,
2487,,240000,0,user_28,234,,
2488,,2000000,0,user_29,234,,
2489,,240000,0,user_31,234,,
2490,,130000,33100,user_31,234,,
2491,,240000,5640,user_33,234,,
2492,,110000,0,user_34,234,,
2493,,530000,0,user_36,234,,
2494,,73000,11200,user_36,234,,
2495,,150000,0,user_36,234,,
2496,,1500000,0,user_36,234,,
2497,,170000,0,user_37,234,,
2498,,85000,7840,user_38,234,,
2499,,670000,0,user_41,234,,
2500,,73000,12300,user_42,234,,
2501,,1800000,0,user_42,234,,
2502,,1000000,0,user_43,234,,
2503,,1400000,0,user_44,234,,
2504,,43000000,0,user_45,234,,
2505,,220000,0,user_46,234,,
2506,,220000,0,user_46,234,,
2507,,160000,0,user_47,234,,
2508,,1000000,0,user_49,234,,
2504,0,43000000,0,user_45,234,234,
2520,1,0,0,builder_1,234,234,2474
2474,2,1400000,1100000,user_17,234,234,
2478,3,2000000,0,user_17,234,234,
2473,4,1900000,0,user_16,234,234,
2501,5,1800000,0,user_42,234,234,
2496,6,1500000,0,user_36,234,234,
2503,7,1400000,0,user_44,234,234,
2463,8,1000000,0,user_1,234,234,
2502,9,1000000,0,user_43,234,234,
2508,10,1000000,0,user_49,234,234,
2521,11,0,0,builder_1,234,234,2464
2464,12,910000,73100,user_2,234,234,
2479,13,600000,0,user_18,234,234,
2493,14,530000,0,user_36,234,234,
2477,15,460000,0,user_17,234,234,
2469,16,320000,49100,user_12,234,234,
2522,17,0,0,builder_1,234,234,2469
2485,18,310000,0,user_27,234,234,
2523,19,0,0,builder_1,234,234,2491
2491,20,240000,5640,user_33,234,234,
2487,21,240000,0,user_28,234,234,
2489,22,240000,0,user_31,234,234,
2505,23,220000,0,user_46,234,234,
2506,24,220000,0,user_46,234,234,
2472,25,190000,0,user_15,234,234,
2468,26,170000,0,user_11,234,234,
2497,27,170000,0,user_37,234,234,
2490,28,130000,33100,user_31,234,234,
2524,29,0,0,builder_1,234,234,2490
2475,30,150000,0,user_17,234,234,
2495,31,150000,0,user_36,234,234,
2525,32,0,0,builder_1,234,234,2486
2486,33,87000,47700,user_28,234,234,
2476,34,120000,0,user_17,234,234,
2492,35,110000,0,user_34,234,234,
2526,36,0,0,builder_1,234,234,2498
2498,37,85000,7840,user_38,234,234,
2527,38,0,0,builder_1,234,234,2500
2500,39,73000,12300,user_42,234,234,
2494,40,73000,11200,user_36,234,234,
2528,41,0,0,builder_1,234,234,2494
2595,,120000,0,user_0,235,,
2596,,310000,0,user_2,235,,
2597,,2500000,0,user_3,235,,
2598,,150000,0,user_4,235,,
2599,,120000,64600,user_8,235,,
2600,,3200000,0,user_9,235,,
2601,,650000,1100000,user_10,235,,
2602,,27000000,0,user_11,235,,
2603,,530000,0,user_12,235,,
2604,,240000,0,user_17,235,,
2605,,100000,60700,user_17,235,,
2606,,870000,0,user_21,235,,
2607,,3600000,35100,user_22,235,,
2608,,3600000,0,user_25,235,,
2609,,120000,0,user_26,235,,
2610,,3600000,0,user_27,235,,
2611,,2300000,0,user_28,235,,
2612,,110000,0,user_28,235,,
2613,,350000,0,user_28,235,,
2614,,220000,0,user_28,235,,
2615,,1000000,0,user_29,235,,
2616,,87000,17700000,user_29,235,,
2617,,1000000,0,user_30,235,,
2618,,420000,0,user_31,235,,
2619,,460000,0,user_32,235,,
2620,,100000,0,user_32,235,,
2621,,310000,0,user_32,235,,
2622,,2400000,0,user_32,235,,
2623,,370000,0,user_33,235,,
2624,,6300000,0,user_34,235,,
2625,,870000,0,user_34,235,,
2626,,1200000,0,user_34,235,,
2627,,2300000,0,user_34,235,,
2628,,3200000,0,user_34,235,,
2629,,130000,0,user_35,235,,
2630,,650000,13900,user_36,235,,
2631,,160000,0,user_37,235,,
2632,,170000,18600,user_38,235,,
2633,,3500000,0,user_39,235,,
2634,,98000,0,user_40,235,,
2635,,970000,0,user_40,235,,
2636,,2000000,0,user_42,235,,
2637,,1500000,0,user_45,235,,
2638,,77000,0,user_45,235,,
2639,,110000,0,user_46,235,,
2640,,70000,0,user_47,235,,
2641,,110000,369000,user_48,235,,
2602,0,27000000,0,user_11,235,235,
2624,1,6300000,0,user_34,235,235,
2607,2,3600000,35100,user_22,235,235,
2608,3,3600000,0,user_25,235,235,
2610,4,3600000,0,user_27,235,235,
2633,5,3500000,0,user_39,235,235,
2600,6,3200000,0,user_9,235,235,
2628,7,3200000,0,user_34,235,235,
2597,8,2500000,0,user_3,235,235,
2622,9,2400000,0,user_32,235,235,
2611,10,2300000,0,user_28,235,235,
2627,11,2300000,0,user_34,235,235,
2636,12,2000000,0,user_42,235,235,
2637,13,1500000,0,user_45,235,235,
2626,14,1200000,0,user_34,235,235,
2615,15,1000000,0,user_29,235,235,
2617,16,1000000,0,user_30,235,235,
2635,17,970000,0,user_40,235,235,
2606,18,870000,0,user_21,235,235,
2625,19,870000,0,user_34,235,235,
2630,20,650000,13900,user_36,235,235,
2603,21,530000,0,user_12,235,235,
2619,22,460000,0,user_32,235,235,
2623,23,370000,0,user_33,235,235,
2613,24,350000,0,user_28,235,235,
2621,25,310000,0,user_32,235,235,
2604,26,240000,0,user_17,235,235,
2614,27,220000,0,user_28,235,235,
2631,28,160000,0,user_37,235,235,
2598,29,150000,0,user_4,235,235,
2629,30,130000,0,user_35,235,235,
2595,31,120000,0,user_0,235,235,
2609,32,120000,0,user_26,235,235,
2612,33,110000,0,user_28,235,235,
2639,34,110000,0,user_46,235,235,
2641,35,110000,369000,user_48,235,235,
2605,36,100000,60700,user_17,235,235,
2620,37,100000,0,user_32,235,235,
2634,38,98000,0,user_40,235,235,
2616,39,87000,17700000,user_29,235,235,
2638,40,77000,0,user_45,235,235,
2640,41,70000,0,user_47,235,235,
2702,,27000000,146000,user_0,236,,
2703,,30000000,0,user_0,236,,
2704,,310000,0,user_1,236,,
2705,,120000,283000,user_2,236,,
2706,,1500000,56200,user_2,236,,
2707,,1000000,15300,user_2,236,,
2708,,2100000,0,user_2,236,,
2709,,350000,0,user_2,236,,
2710,,1100000,0,user_3,236,,
2711,,2000000,0,user_4,236,,
2712,,650000,0,user_5,236,,
2713,,470000,0,user_7,236,,
2714,,370000,0,user_9,236,,
2715,,870000,13900,user_10,236,,
2716,,670000,0,user_11,236,,
2717,,460000,256000,user_11,236,,
2718,,110000,0,user_11,236,,
2719,,150000,0,user_11,236,,
2720,,79000,0,user_11,236,,
2721,,83000,139000,user_12,236,,
2722,,1600000,0,user_13,236,,
2723,,1400000,0,user_13,236,,
2724,,1600000,0,user_13,236,,
2725,,5000000,0,user_13,236,,
2726,,2500000,0,user_14,236,,
2727,,160000,13900,user_17,236,,
2728,,5200000,0,user_20,236,,
2729,,460000,67900,user_20,236,,
2730,,1500000,0,user_21,236,,
2731,,3600000,0,user_22,236,,
2732,,2000000,0,user_22,236,,
2733,,77000,0,user_22,236,,
2734,,260000,0,user_22,236,,
2735,,30000000,0,user_23,236,,
2736,,650000,0,user_26,236,,
2737,,1000000,0,user_27,236,,
2738,,120000,0,user_30,236,,
2739,,110000,0,user_30,236,,
2740,,100000,0,user_30,236,,
2741,,420000,0,user_30,236,,
2742,,6100000,0,user_32,236,,
2743,,260000,0,user_34,236,,
2744,,1000000,0,user_36,236,,
2745,,27000000,283000,user_37,236,,
2746,,3600000,0,user_37,236,,
2747,,360000,0,user_37,236,,
2748,,4200000,0,user_37,236,,
2749,,150000,19700,user_37,236,,
2750,,110000,0,user_39,236,,
2751,,340000,0,user_40,236,,
2752,,1900000,0,user_40,236,,
2753,,1300000,0,user_42,236,,
2754,,1900000,139000,user_43,236,,
2755,,160000,0,user_44,236,,
2756,,120000,0,user_45,236,,
2757,,190000,0,user_45,236,,
2758,,84000,0,user_47,236,,
2759,,1600000,594000,user_47,236,,
2760,,530000,0,user_48,236,,
2761,,190000,0,user_49,236,,
2762,,79000,0,user_49,236,,
2703,0,30000000,0,user_0,236,236,
2735,1,30000000,0,user_23,236,236,
2745,2,27000000,283000,user_37,236,236,
2796,3,0,0,builder_3,236,236,2745
2702,4,27000000,146000,user_0,236,236,
2797,5,0,0,builder_3,236,236,2702
2742,6,6100000,0,user_32,236,236,
2728,7,5200000,0,user_20,236,236,
2725,8,5000000,0,user_13,236,236,
2748,9,4200000,0,user_37,236,236,
2731,10,3600000,0,user_22,236,236,
2746,11,3600000,0,user_37,236,236,
2726,12,2500000,0,user_14,236,236,
2798,13,0,0,builder_3,236,236,2759
2759,14,1600000,594000,user_47,236,236,
2708,15,2100000,0,user_2,236,236,
2754,16,1900000,139000,user_43,236,236,
2799,17,0,0,builder_3,236,236,2754
2711,18,2000000,0,user_4,236,236,
2732,19,2000000,0,user_22,236,236,
2752,20,1900000,0,user_40,236,236,
2722,21,1600000,0,user_13,236,236,
2724,22,1600000,0,user_13,236,236,
2706,23,1500000,56200,user_2,236,236,
2800,24,0,0,builder_3,236,236,2706
2730,25,1500000,0,user_21,236,236,
2723,26,1400000,0,user_13,236,236,
2753,27,1300000,0,user_42,236,236,
2710,28,1100000,0,user_3,236,236,
2707,29,1000000,15300,user_2,236,236,
2801,30,0,0,builder_3,236,236,2707
2744,31,1000000,0,user_36,236,236,
2715,32,870000,13900,user_10,236,236,
2802,33,0,0,builder_3,236,236,2715
2803,34,0,0,builder_3,236,236,2717
2717,35,460000,256000,user_11,236,236,
2716,36,670000,0,user_11,236,236,
2712,37,650000,0,user_5,236,236,
2736,38,650000,0,user_26,236,236,
2760,39,530000,0,user_48,236,236,
2804,40,0,0,builder_3,236,236,2729
2729,41,460000,67900,user_20,236,236,
2713,42,470000,0,user_7,236,236,
2741,43,420000,0,user_30,236,236,
2805,44,0,0,builder_3,236,236,2705
2705,45,120000,283000,user_2,236,236,
2747,46,360000,0,user_37,236,236,
2709,47,350000,0,user_2,236,236,
2751,48,340000,0,user_40,236,236,
2734,49,260000,0,user_22,236,236,
2743,50,260000,0,user_34,236,236,
2806,51,0,0,builder_3,236,236,2721
2721,52,83000,139000,user_12,236,236,
2757,53,190000,0,user_45,236,236,
2761,54,190000,0,user_49,236,236,
2727,55,160000,13900,user_17,236,236,
2807,56,0,0,builder_3,236,236,2727
2808,57,0,0,builder_3,236,236,2749
2749,58,150000,19700,user_37,236,236,
2755,59,160000,0,user_44,236,236,
2719,60,150000,0,user_11,236,236,
2738,61,120000,0,user_30,236,236,
2756,62,120000,0,user_45,236,236,
2718,63,110000,0,user_11,236,236,
2739,64,110000,0,user_30,236,236,
2750,65,110000,0,user_39,236,236,
2740,66,100000,0,user_30,236,236,
2758,67,84000,0,user_47,236,236,
2720,68,79000,0,user_11,236,236,
2762,69,79000,0,user_49,236,236,
2733,70,77000,0,user_22,236,236,
2859,,85000,0,user_0,237,,
2860,,120000,8520,user_1,237,,
2861,,73000,0,user_4,237,,
2862,,970000,0,user_5,237,,
2863,,2400000,8520,user_5,237,,
2864,,130000,100000,user_8,237,,
2865,,19000000,0,user_10,237,,
2866,,150000,0,user_11,237,,
2867,,87000,0,user_11,237,,
2868,,870000,0,user_12,237,,
2869,,87000,350000,user_13,237,,
2870,,5000000,256000,user_15,237,,
2871,,220000,0,user_16,237,,
2872,,2600000,56200,user_18,237,,
2873,,420000,0,user_18,237,,
2874,,2600000,0,user_20,237,,
2875,,630000,0,user_21,237,,
2876,,1300000,594000,user_22,237,,
2877,,82000,16400,user_23,237,,
2878,,110000,0,user_23,237,,
2879,,910000,0,user_23,237,,
2880,,120000,0,user_23,237,,
2881,,1900000,0,user_23,237,,
2882,,1000000,0,user_24,237,,
2883,,5000000,21800,user_25,237,,
2884,,87000,0,user_28,237,,
2885,,2600000,0,user_28,237,,
2886,,110000,15100,user_28,237,,
2887,,4200000,35100,user_28,237,,
2888,,73000,0,user_29,237,,
2889,,85000,0,user_31,237,,
2890,,260000,0,user_32,237,,
2891,,120000,0,user_32,237,,
2892,,1200000,13900,user_33,237,,
2893,,110000,0,user_35,237,,
2894,,130000,0,user_35,237,,
2895,,190000,0,user_36,237,,
2896,,27000000,0,user_37,237,,
2897,,4200000,0,user_39,237,,
2898,,420000,0,user_40,237,,
2899,,4500000,5640,user_42,237,,
2900,,1500000,0,user_43,237,,
2901,,4200000,16400,user_44,237,,
2902,,170000,43600,user_44,237,,
2903,,2300000,0,user_44,237,,
2904,,660000,0,user_44,237,,
2905,,120000,155000,user_44,237,,
2906,,110000,0,user_45,237,,
2907,,660000,31700,user_47,237,,
2908,,310000,0,user_49,237,,
2896,0,27000000,0,user_37,237,237,
2865,1,19000000,0,user_10,237,237,
3010,2,0,0,builder_8,237,237,2870
2870,3,5000000,256000,user_15,237,237,
2883,4,5000000,21800,user_25,237,237,
3011,5,0,0,builder_8,237,237,2883
2899,6,4500000,5640,user_42,237,237,
3012,7,0,0,builder_8,237,237,2899
2887,8,4200000,35100,user_28,237,237,
3013,9,0,0,builder_8,237,237,2887
3014,10,0,0,builder_8,237,237,2901
2901,11,4200000,16400,user_44,237,237,
2897,12,4200000,0,user_39,237,237,
2872,13,2600000,56200,user_18,237,237,
3015,14,0,0,builder_8,237,237,2872
2874,15,2600000,0,user_20,237,237,
2885,16,2600000,0,user_28,237,237,
3016,17,0,0,builder_8,237,237,2863
2863,18,2400000,8520,user_5,237,237,
2903,19,2300000,0,user_44,237,237,
2881,20,1900000,0,user_23,237,237,
3017,21,0,0,builder_8,237,237,2876
2876,22,1300000,594000,user_22,237,237,
3018,23,0,0,builder_8,237,237,2892
2892,24,1200000,13900,user_33,237,237,
2862,25,970000,0,user_5,237,237,
2879,26,910000,0,user_23,237,237,
2907,27,660000,31700,user_47,237,237,
3019,28,0,0,builder_8,237,237,2907
2904,29,660000,0,user_44,237,237,
2875,30,630000,0,user_21,237,237,
2869,31,87000,350000,user_13,237,237,
3020,32,0,0,builder_8,237,237,2869
2873,33,420000,0,user_18,237,237,
2908,34,310000,0,user_49,237,237,
3021,35,0,0,builder_8,237,237,2905
2905,36,120000,155000,user_44,237,237,
2890,37,260000,0,user_32,237,237,
2871,38,220000,0,user_16,237,237,
3022,39,0,0,builder_8,237,237,2902
2902,40,170000,43600,user_44,237,237,
2895,41,190000,0,user_36,237,237,
2866,42,150000,0,user_11,237,237,
2894,43,130000,0,user_35,237,237,
2886,44,110000,15100,user_28,237,237,
3023,45,0,0,builder_8,237,237,2886
2880,46,120000,0,user_23,237,237,
2891,47,120000,0,user_32,237,237,
2878,48,110000,0,user_23,237,237,
2893,49,110000,0,user_35,237,237,
3024,50,0,0,builder_8,237,237,2877
2877,51,82000,16400,user_23,237,237,
2867,52,87000,0,user_11,237,237,
2884,53,87000,0,user_28,237,237,
2859,54,85000,0,user_0,237,237,
2861,55,73000,0,user_4,237,237,
2888,56,73000,0,user_29,237,237,
3025,,82000,0,user_1,238,,
3026,,530000,0,user_3,238,,
3027,,1600000,0,user_3,238,,
3028,,320000,161000,user_5,238,,
3029,,79000,0,user_6,238,,
3030,,73000,0,user_7,238,,
3031,,1100000,35100,user_7,238,,
3032,,1300000,510000,user_9,238,,
3033,,670000,0,user_10,238,,
3034,,470000,0,user_10,238,,
3035,,670000,0,user_12,238,,
3036,,300000,13900,user_13,238,,
3037,,98000,121000,user_14,238,,
3038,,2500000,0,user_15,238,,
3039,,30000000,0,user_17,238,,
3040,,150000,4320000,user_18,238,,
3041,,2400000,0,user_19,238,,
3042,,160000,0,user_20,238,,
3043,,170000,0,user_21,238,,
3044,,3600000,0,user_21,238,,
3045,,5000000,0,user_22,238,,
3046,,150000,0,user_23,238,,
3047,,5000000,0,user_24,238,,
3048,,150000,0,user_25,238,,
3049,,120000,0,user_27,238,,
3050,,310000,0,user_27,238,,
3051,,4200000,10700,user_30,238,,
3052,,650000,0,user_31,238,,
3053,,460000,0,user_32,238,,
3054,,87000,0,user_33,238,,
3055,,3200000,0,user_34,238,,
3056,,110000,6390,user_36,238,,
3057,,340000,0,user_37,238,,
3058,,1500000,0,user_38,238,,
3059,,80000,0,user_39,238,,
3060,,300000,0,user_39,238,,
3061,,4500000,0,user_40,238,,
3062,,1500000,350000,user_40,238,,
3063,,43000000,36800,user_43,238,,
3064,,79000,19700,user_45,238,,
3065,,5200000,0,user_46,238,,
3066,,110000,60700,user_47,238,,
3067,,1900000,545000,user_48,238,,
3068,,460000,67900,user_49,238,,
3069,,120000,0,user_49,238,,
3063,0,43000000,36800,user_43,238,238,
3039,1,30000000,0,user_17,238,238,
3065,2,5200000,0,user_46,238,238,
3045,3,5000000,0,user_22,238,238,
3047,4,5000000,0,user_24,238,238,
3061,5,4500000,0,user_40,238,238,
3051,6,4200000,10700,user_30,238,238,
3044,7,3600000,0,user_21,238,238,
3055,8,3200000,0,user_34,238,238,
3038,9,2500000,0,user_15,238,238,
3041,10,2400000,0,user_19,238,238,
3067,11,1900000,545000,user_48,238,238,
3027,12,1600000,0,user_3,238,238,
3058,13,1500000,0,user_38,238,238,
3062,14,1500000,350000,user_40,238,238,
3032,15,1300000,510000,user_9,238,238,
3031,16,1100000,35100,user_7,238,238,
3033,17,670000,0,user_10,238,238,
3052,18,650000,0,user_31,238,238,
3026,19,530000,0,user_3,238,238,
3034,20,470000,0,user_10,238,238,
3053,21,460000,0,user_32,238,238,
3068,22,460000,67900,user_49,238,238,
3028,23,320000,161000,user_5,238,238,
3050,24,310000,0,user_27,238,238,
3036,25,300000,13900,user_13,238,238,
3043,26,170000,0,user_21,238,238,
3042,27,160000,0,user_20,238,238,
3040,28,150000,4320000,user_18,238,238,
3046,29,150000,0,user_23,238,238,
3048,30,150000,0,user_25,238,238,
3049,31,120000,0,user_27,238,238,
3069,32,120000,0,user_49,238,238,
3056,33,110000,6390,user_36,238,238,
3066,34,110000,60700,user_47,238,238,
3037,35,98000,121000,user_14,238,238,
3054,36,87000,0,user_33,238,238,
3029,37,79000,0,user_6,238,238,
3064,38,79000,19700,user_45,238,238,
3030,39,73000,0,user_7,238,238,
3168,,240000,60700,user_0,239,,
3169,,1000000,0,user_1,239,,
3170,,3200000,67900,user_2,239,,
3171,,2000000,60700,user_4,239,,
3172,,660000,594000,user_5,239,,
3173,,2300000,0,user_6,239,,
3174,,1900000,12800,user_6,239,,
3175,,3200000,0,user_6,239,,
3176,,1600000,0,user_8,239,,
3177,,220000,0,user_10,239,,
3178,,120000,0,user_10,239,,
3179,,600000,0,user_10,239,,
3180,,670000,256000,user_10,239,,
3181,,1700000,7190000,user_10,239,,
3182,,1000000,0,user_11,239,,
3183,,420000,0,user_11,239,,
3184,,240000,296000,user_12,239,,
3185,,240000,0,user_13,239,,
3186,,2100000,0,user_14,239,,
3187,,70000,0,user_15,239,,
3188,,1500000,12300,user_16,239,,
3189,,260000,71800,user_18,239,,
3190,,80000,0,user_20,239,,
3191,,110000,0,user_20,239,,
3192,,160000,0,user_20,239,,
3193,,77000,0,user_21,239,,
3194,,970000,0,user_21,239,,
3195,,240000,0,user_23,239,,
3196,,310000,0,user_24,239,,
3197,,150000,64600,user_25,239,,
3198,,19000000,0,user_25,239,,
3199,,2500000,23500,user_25,239,,
3200,,5200000,0,user_25,239,,
3201,,870000,0,user_25,239,,
3202,,120000,0,user_26,239,,
3203,,83000,0,user_29,239,,
3204,,98000,0,user_31,239,,
3205,,1600000,0,user_31,239,,
3206,,3200000,0,user_31,239,,
3207,,190000,19700,user_31,239,,
3208,,320000,0,user_34,239,,
3209,,27000000,0,user_34,239,,
3210,,4500000,0,user_35,239,,
3211,,3600000,0,user_36,239,,
3212,,2300000,0,user_37,239,,
3213,,310000,0,user_38,239,,
3214,,630000,161000,user_39,239,,
3215,,1500000,256000,user_39,239,,
3216,,260000,0,user_40,239,,
3217,,1000000,0,user_41,239,,
3218,,150000,0,user_41,239,,
3219,,1000000,11200,user_41,239,,
3220,,1000000,0,user_41,239,,
3221,,1700000,0,user_42,239,,
3222,,170000,0,user_44,239,,
3223,,160000,0,user_44,239,,
3224,,530000,0,user_45,239,,
3225,,77000,12800,user_46,239,,
3226,,1800000,0,user_46,239,,
3209,0,27000000,0,user_34,239,239,
3198,1,19000000,0,user_25,239,239,
3200,2,5200000,0,user_25,239,239,
3210,3,4500000,0,user_35,239,239,
3211,4,3600000,0,user_36,239,239,
3170,5,3200000,67900,user_2,239,239,
3175,6,3200000,0,user_6,239,239,
3206,7,3200000,0,user_31,239,239,
3199,8,2500000,23500,user_25,239,239,
3173,9,2300000,0,user_6,239,239,
3212,10,2300000,0,user_37,239,239,
3171,11,2000000,60700,user_4,239,239,
3174,12,1900000,12800,user_6,239,239,
3226,13,1800000,0,user_46,239,239,
3181,14,1700000,7190000,user_10,239,239,
3221,15,1700000,0,user_42,239,239,
3176,16,1600000,0,user_8,239,239,
3205,17,1600000,0,user_31,239,239,
3188,18,1500000,12300,user_16,239,239,
3215,19,1500000,256000,user_39,239,239,
3169,20,1000000,0,user_1,239,239,
3182,21,1000000,0,user_11,239,239,
3217,22,1000000,0,user_41,239,239,
3219,23,1000000,11200,user_41,239,239,
3220,24,1000000,0,user_41,239,239,
3194,25,970000,0,user_21,239,239,
3201,26,870000,0,user_25,239,239,
3180,27,670000,256000,user_10,239,239,
3172,28,660000,594000,user_5,239,239,
3214,29,630000,161000,user_39,239,239,
3179,30,600000,0,user_10,239,239,
3224,31,530000,0,user_45,239,239,
3183,32,420000,0,user_11,239,239,
3208,33,320000,0,user_34,239,239,
3189,34,260000,71800,user_18,239,239,
3216,35,260000,0,user_40,239,239,
3168,36,240000,60700,user_0,239,239,
3184,37,240000,296000,user_12,239,239,
3185,38,240000,0,user_13,239,239,
3195,39,240000,0,user_23,239,239,
3177,40,220000,0,user_10,239,239,
3207,41,190000,19700,user_31,239,239,
3222,42,170000,0,user_44,239,239,
3192,43,160000,0,user_20,239,239,
3223,44,160000,0,user_44,239,239,
3197,45,150000,64600,user_25,239,239,
3218,46,150000,0,user_41,239,239,
3178,47,120000,0,user_10,239,239,
3202,48,120000,0,user_26,239,239,
3191,49,110000,0,user_20,239,239,
3204,50,98000,0,user_31,239,239,
3203,51,83000,0,user_29,239,239,
3190,52,80000,0,user_20,239,239,
3193,53,77000,0,user_21,239,239,
3225,54,77000,12800,user_46,239,239,
3187,55,70000,0,user_15,239,239,
3353,,1100000,0,user_0,240,,
3354,,310000,0,user_1,240,,
3355,,1000000,0,user_1,240,,
3356,,73000,0,user_3,240,,
3357,,5200000,0,user_3,240,,
3358,,4200000,68100,user_5,240,,
3359,,82000,0,user_5,240,,
3360,,350000,0,user_6,240,,
3361,,2300000,779000,user_6,240,,
3362,,600000,49100,user_7,240,,
3363,,120000,0,user_8,240,,
3364,,310000,0,user_10,240,,
3365,,98000,0,user_11,240,,
3366,,460000,0,user_14,240,,
3367,,2500000,0,user_14,240,,
3368,,120000,5180,user_14,240,,
3369,,220000,0,user_14,240,,
3370,,190000,21800,user_14,240,,
3371,,220000,0,user_16,240,,
3372,,1100000,0,user_17,240,,
3373,,970000,369000,user_18,240,,
3374,,170000,0,user_18,240,,
3375,,2300000,0,user_20,240,,
3376,,120000,0,user_21,240,,
3377,,43000000,0,user_22,240,,
3378,,170000,3130,user_24,240,,
3379,,970000,0,user_25,240,,
3380,,110000,0,user_26,240,,
3381,,150000,0,user_26,240,,
3382,,19000000,0,user_32,240,,
3383,,1200000,0,user_33,240,,
3384,,260000,0,user_33,240,,
3385,,630000,11200,user_34,240,,
3386,,220000,0,user_35,240,,
3387,,1000000,0,user_36,240,,
3388,,1800000,0,user_37,240,,
3389,,1400000,0,user_38,240,,
3390,,220000,0,user_39,240,,
3391,,1100000,4320000,user_40,240,,
3392,,77000,0,user_41,240,,
3393,,1500000,256000,user_43,240,,
3394,,110000,161000,user_45,240,,
3395,,120000,0,user_46,240,,
3396,,4200000,0,user_49,240,,
3397,,110000,0,user_49,240,,
3377,0,43000000,0,user_22,240,240,
3382,1,19000000,0,user_32,240,240,
3357,2,5200000,0,user_3,240,240,
3358,3,4200000,68100,user_5,240,240,
3396,4,4200000,0,user_49,240,240,
3367,5,2500000,0,user_14,240,240,
3361,6,2300000,779000,user_6,240,240,
3375,7,2300000,0,user_20,240,240,
3393,8,1500000,256000,user_43,240,240,
3389,9,1400000,0,user_38,240,240,
3383,10,1200000,0,user_33,240,240,
3353,11,1100000,0,user_0,240,240,
3372,12,1100000,0,user_17,240,240,
3391,13,1100000,4320000,user_40,240,240,
3387,14,1000000,0,user_36,240,240,
3373,15,970000,369000,user_18,240,240,
3379,16,970000,0,user_25,240,240,
3385,17,630000,11200,user_34,240,240,
3362,18,600000,49100,user_7,240,240,
3366,19,460000,0,user_14,240,240,
3360,20,350000,0,user_6,240,240,
3364,21,310000,0,user_10,240,240,
3384,22,260000,0,user_33,240,240,
3369,23,220000,0,user_14,240,240,
3371,24,220000,0,user_16,240,240,
3386,25,220000,0,user_35,240,240,
3370,26,190000,21800,user_14,240,240,
3374,27,170000,0,user_18,240,240,
3378,28,170000,3130,user_24,240,240,
3363,29,120000,0,user_8,240,240,
3368,30,120000,5180,user_14,240,240,
3376,31,120000,0,user_21,240,240,
3395,32,120000,0,user_46,240,240,
3394,33,110000,161000,user_45,240,240,
3397,34,110000,0,user_49,240,240,
3365,35,98000,0,user_11,240,240,
3359,36,82000,0,user_5,240,240,
3392,37,77000,0,user_41,240,240,
3356,38,73000,0,user_3,240,240,
3470,,350000,0,user_0,241,,
3471,,150000,3130,user_1,241,,
3472,,170000,0,user_2,241,,
3473,,27000000,0,user_2,241,,
3474,,27000000,0,user_3,241,,
3475,,120000,0,user_5,241,,
3476,,150000,0,user_7,241,,
3477,,2000000,0,user_8,241,,
3478,,30000000,34700,user_11,241,,
3479,,1500000,181000,user_12,241,,
3480,,420000,56200,user_13,241,,
3481,,1200000,0,user_14,241,,
3482,,1500000,60700,user_15,241,,
3483,,120000,410000,user_16,241,,
3484,,120000,0,user_16,241,,
3485,,340000,0,user_17,241,,
3486,,1500000,0,user_17,241,,
3487,,110000,56200,user_18,241,,
3488,,120000,0,user_19,241,,
3489,,19000000,215000,user_20,241,,
3490,,80000,0,user_20,241,,
3491,,1300000,0,user_20,241,,
3492,,190000,0,user_20,241,,
3493,,600000,0,user_22,241,,
3494,,2100000,0,user_24,241,,
3495,,5200000,0,user_24,241,,
3496,,470000,0,user_25,241,,
3497,,98000,47700,user_26,241,,
3498,,6100000,0,user_26,241,,
3499,,320000,0,user_27,241,,
3500,,3500000,0,user_31,241,,
3501,,98000,4320000,user_31,241,,
3502,,2000000,0,user_32,241,,
3503,,87000,0,user_32,241,,
3504,,120000,0,user_36,241,,
3505,,300000,108000,user_37,241,,
3506,,350000,0,user_37,241,,
3507,,43000000,0,user_38,241,,
3508,,1000000,0,user_39,241,,
3509,,79000,13900,user_40,241,,
3510,,970000,181000,user_40,241,,
3511,,120000,0,user_41,241,,
3512,,260000,0,user_41,241,,
3513,,650000,0,user_42,241,,
3514,,1800000,0,user_44,241,,
3515,,220000,10700,user_46,241,,
3516,,2000000,34700,user_47,241,,
3517,,2300000,0,user_49,241,,
3507,0,43000000,0,user_38,241,241,
3478,1,30000000,34700,user_11,241,241,
3554,2,0,0,builder_3,241,241,3478
3473,3,27000000,0,user_2,241,241,
3474,4,27000000,0,user_3,241,241,
3489,5,19000000,215000,user_20,241,241,
3555,6,0,0,builder_3,241,241,3489
3498,7,6100000,0,user_26,241,241,
3495,8,5200000,0,user_24,241,241,
3556,9,0,0,builder_3,241,241,3501
3501,10,98000,4320000,user_31,241,241,
3500,11,3500000,0,user_31,241,241,
3517,12,2300000,0,user_49,241,241,
3494,13,2100000,0,user_24,241,241,
3557,14,0,0,builder_3,241,241,3516
3516,15,2000000,34700,user_47,241,241,
3502,16,2000000,0,user_32,241,241,
3514,17,1800000,0,user_44,241,241,
3558,18,0,0,builder_3,241,241,3479
3479,19,1500000,181000,user_12,241,241,
3559,20,0,0,builder_3,241,241,3482
3482,21,1500000,60700,user_15,241,241,
3486,22,1500000,0,user_17,241,241,
3491,23,1300000,0,user_20,241,241,
3481,24,1200000,0,user_14,241,241,
3510,25,970000,181000,user_40,241,241,
3560,26,0,0,builder_3,241,241,3510
3508,27,1000000,0,user_39,241,241,
3513,28,650000,0,user_42,241,241,
3493,29,600000,0,user_22,241,241,
3561,30,0,0,builder_3,241,241,3480
3480,31,420000,56200,user_13,241,241,
3562,32,0,0,builder_3,241,241,3505
3505,33,300000,108000,user_37,241,241,
3470,34,350000,0,user_0,241,241,
3506,35,350000,0,user_37,241,241,
3485,36,340000,0,user_17,241,241,
3512,37,260000,0,user_41,241,241,
3515,38,220000,10700,user_46,241,241,
3563,39,0,0,builder_3,241,241,3515
3492,40,190000,0,user_20,241,241,
3472,41,170000,0,user_2,241,241,
3564,42,0,0,builder_3,241,241,3487
3487,43,110000,56200,user_18,241,241,
3476,44,150000,0,user_7,241,241,
3497,45,98000,47700,user_26,241,241,
3565,46,0,0,builder_3,241,241,3497
3475,47,120000,0,user_5,241,241,
3488,48,120000,0,user_19,241,241,
3504,49,120000,0,user_36,241,241,
3511,50,120000,0,user_41,241,241,
3566,51,0,0,builder_3,241,241,3509
3509,52,79000,13900,user_40,241,241,
3503,53,87000,0,user_32,241,241,
3490,54,80000,0,user_20,241,241,
3621,,220000,0,user_0,242,,
3622,,84000,0,user_2,242,,
3623,,98000,0,user_3,242,,
3624,,120000,0,user_4,242,,
3625,,43000000,21800,user_5,242,,
3626,,1500000,296000,user_7,242,,
3627,,1400000,0,user_8,242,,
3628,,84000,0,user_8,242,,
3629,,1000000,64600,user_9,242,,
3630,,350000,0,user_10,242,,
3631,,4200000,0,user_10,242,,
3632,,670000,0,user_11,242,,
3633,,5000000,0,user_11,242,,
3634,,240000,21800,user_13,242,,
3635,,98000,0,user_14,242,,
3636,,77000,410000,user_15,242,,
3637,,82000,0,user_16,242,,
3638,,150000,410000,user_17,242,,
3639,,310000,0,user_18,242,,
3640,,110000,0,user_18,242,,
3641,,160000,13900,user_19,242,,
3642,,670000,0,user_19,242,,
3643,,6100000,0,user_20,242,,
3644,,670000,42000,user_21,242,,
3645,,3600000,0,user_21,242,,
3646,,320000,0,user_23,242,,
3647,,310000,8520,user_24,242,,
3648,,3200000,0,user_25,242,,
3649,,110000,161000,user_26,242,,
3650,,6100000,0,user_26,242,,
3651,,170000,0,user_26,242,,
3652,,85000,0,user_27,242,,
3653,,2400000,0,user_28,242,,
3654,,1000000,0,user_29,242,,
3655,,1000000,0,user_31,242,,
3656,,170000,0,user_32,242,,
3657,,110000,0,user_34,242,,
3658,,460000,0,user_36,242,,
3659,,4500000,0,user_36,242,,
3660,,1400000,283000,user_42,242,,
3661,,79000,10700,user_46,242,,
3662,,6100000,0,user_48,242,,
3625,0,43000000,21800,user_5,242,242,
3733,1,0,0,builder_8,242,242,3625
3643,2,6100000,0,user_20,242,242,
3650,3,6100000,0,user_26,242,242,
3662,4,6100000,0,user_48,242,242,
3633,5,5000000,0,user_11,242,242,
3659,6,4500000,0,user_36,242,242,
3631,7,4200000,0,user_10,242,242,
3645,8,3600000,0,user_21,242,242,
3648,9,3200000,0,user_25,242,242,
3653,10,2400000,0,user_28,242,242,
3734,11,0,0,builder_8,242,242,3626
3626,12,1500000,296000,user_7,242,242,
3735,13,0,0,builder_8,242,242,3660
3660,14,1400000,283000,user_42,242,242,
3736,15,0,0,builder_8,242,242,3629
3629,16,1000000,64600,user_9,242,242,
3654,17,1000000,0,user_29,242,242,
3644,18,670000,42000,user_21,242,242,
3737,19,0,0,builder_8,242,242,3644
3632,20,670000,0,user_11,242,242,
3642,21,670000,0,user_19,242,242,
3738,22,0,0,builder_8,242,242,3636
3636,23,77000,410000,user_15,242,242,
3658,24,460000,0,user_36,242,242,
3630,25,350000,0,user_10,242,242,
3646,26,320000,0,user_23,242,242,
3639,27,310000,0,user_18,242,242,
3739,28,0,0,builder_8,242,242,3649
3649,29,110000,161000,user_26,242,242,
3634,30,240000,21800,user_13,242,242,
3740,31,0,0,builder_8,242,242,3634
3621,32,220000,0,user_0,242,242,
3741,33,0,0,builder_8,242,242,3641
3641,34,160000,13900,user_19,242,242,
3651,35,170000,0,user_26,242,242,
3656,36,170000,0,user_32,242,242,
3624,37,120000,0,user_4,242,242,
3640,38,110000,0,user_18,242,242,
3623,39,98000,0,user_3,242,242,
3635,40,98000,0,user_14,242,242,
3742,41,0,0,builder_8,242,242,3661
3661,42,79000,10700,user_46,242,242,
3652,43,85000,0,user_27,242,242,
3622,44,84000,0,user_2,242,242,
3637,45,82000,0,user_16,242,242,
3743,,1100000,0,user_0,243,,
3744,,130000,0,user_0,243,,
3745,,220000,17000,user_4,243,,
3746,,170000,0,user_7,243,,
3747,,82000,0,user_7,243,,
3748,,160000,0,user_9,243,,
3749,,84000,0,user_10,243,,
3750,,4500000,0,user_10,243,,
3751,,460000,0,user_11,243,,
3752,,460000,21800,user_14,243,,
3753,,350000,13900,user_15,243,,
3754,,870000,0,user_16,243,,
3755,,1100000,13800,user_17,243,,
3756,,1600000,0,user_18,243,,
3757,,1700000,0,user_19,243,,
3758,,19000000,0,user_20,243,,
3759,,110000,0,user_22,243,,
3760,,80000,0,user_24,243,,
3761,,80000,0,user_25,243,,
3762,,1400000,0,user_26,243,,
3763,,350000,0,user_26,243,,
3764,,2000000,0,user_26,243,,
3765,,2000000,43600,user_26,243,,
3766,,3500000,0,user_26,243,,
3767,,4500000,0,user_27,243,,
3768,,1400000,0,user_28,243,,
3769,,910000,0,user_28,243,,
3770,,240000,0,user_29,243,,
3771,,2000000,5630,user_29,243,,
3772,,1500000,0,user_31,243,,
3773,,98000,0,user_32,243,,
3774,,160000,231000,user_33,243,,
3775,,1700000,0,user_35,243,,
3776,,470000,0,user_36,243,,
3777,,460000,0,user_38,243,,
3778,,300000,0,user_39,243,,
3779,,160000,0,user_41,243,,
3780,,470000,16400,user_41,243,,
3781,,220000,0,user_42,243,,
3782,,87000,0,user_43,243,,
3783,,170000,0,user_46,243,,
3784,,170000,0,user_47,243,,
3758,0,19000000,0,user_20,243,243,
3750,1,4500000,0,user_10,243,243,
3767,2,4500000,0,user_27,243,243,
3766,3,3500000,0,user_26,243,243,
3785,4,0,0,builder_0,243,243,3765
3765,5,2000000,43600,user_26,243,243,
3771,6,2000000,5630,user_29,243,243,
3786,7,0,0,builder_0,243,243,3771
3764,8,2000000,0,user_26,243,243,
3757,9,1700000,0,user_19,243,243,
3775,10,1700000,0,user_35,243,243,
3756,11,1600000,0,user_18,243,243,
3772,12,1500000,0,user_31,243,243,
3762,13,1400000,0,user_26,243,243,
3768,14,1400000,0,user_28,243,243,
3787,15,0,0,builder_0,243,243,3755
3755,16,1100000,13800,user_17,243,243,
3743,17,1100000,0,user_0,243,243,
3769,18,910000,0,user_28,243,243,
3754,19,870000,0,user_16,243,243,
3788,20,0,0,builder_0,243,243,3780
3780,21,470000,16400,user_41,243,243,
3789,22,0,0,builder_0,243,243,3752
3752,23,460000,21800,user_14,243,243,
3776,24,470000,0,user_36,243,243,
3751,25,460000,0,user_11,243,243,
3777,26,460000,0,user_38,243,243,
3774,27,160000,231000,user_33,243,243,
3790,28,0,0,builder_0,243,243,3774
3763,29,350000,0,user_26,243,243,
3770,30,240000,0,user_29,243,243,
3781,31,220000,0,user_42,243,243,
3746,32,170000,0,user_7,243,243,
3783,33,170000,0,user_46,243,243,
3784,34,170000,0,user_47,243,243,
3748,35,160000,0,user_9,243,243,
3779,36,160000,0,user_41,243,243,
3744,37,130000,0,user_0,243,243,
3759,38,110000,0,user_22,243,243,
3773,39,98000,0,user_32,243,243,
3782,40,87000,0,user_43,243,243,
3749,41,84000,0,user_10,243,243,
3747,42,82000,0,user_7,243,243,
3761,43,80000,0,user_25,243,243,
3840,,2100000,0,user_1,244,,
3841,,970000,0,user_3,244,,
3842,,27000000,17000,user_3,244,,
3843,,98000,0,user_5,244,,
3844,,4500000,0,user_7,244,,
3845,,160000,0,user_8,244,,
3846,,6300000,0,user_8,244,,
3847,,2000000,0,user_8,244,,
3848,,1800000,0,user_9,244,,
3849,,660000,0,user_9,244,,
3850,,1600000,0,user_9,244,,
3851,,910000,0,user_9,244,,
3852,,2600000,0,user_12,244,,
3853,,310000,0,user_12,244,,
3854,,260000,0,user_12,244,,
3855,,150000,0,user_12,244,,
3856,,1400000,16400,user_13,244,,
3857,,1600000,769000,user_14,244,,
3858,,650000,0,user_14,244,,
3859,,2500000,12800,user_14,244,,
3860,,220000,0,user_14,244,,
3861,,1800000,0,user_15,244,,
3862,,1500000,0,user_16,244,,
3863,,27000000,0,user_17,244,,
3864,,1300000,18600,user_19,244,,
3865,,5000000,0,user_19,244,,
3866,,660000,0,user_21,244,,
3867,,120000,0,user_22,244,,
3868,,170000,0,user_22,244,,
3869,,87000,0,user_25,244,,
3870,,1000000,0,user_26,244,,
3871,,43000000,0,user_26,244,,
3872,,1000000,17000,user_26,244,,
3873,,530000,0,user_26,244,,
3874,,87000,0,user_26,244,,
3875,,3600000,0,user_28,244,,
3876,,77000,0,user_28,244,,
3877,,320000,959000,user_30,244,,
3878,,310000,0,user_32,244,,
3879,,220000,64600,user_33,244,,
3880,,310000,0,user_34,244,,
3881,,2300000,0,user_34,244,,
3882,,87000,15700,user_35,244,,
3883,,1600000,0,user_36,244,,
3884,,2000000,0,user_37,244,,
3885,,360000,0,user_38,244,,
3886,,150000,0,user_39,244,,
3887,,120000,0,user_40,244,,
3888,,2000000,0,user_44,244,,
3889,,660000,0,user_45,244,,
3890,,240000,0,user_46,244,,
3891,,320000,0,user_47,244,,
3892,,6100000,0,user_48,244,,
3893,,27000000,0,user_49,244,,
3871,0,43000000,0,user_26,244,244,
3842,1,27000000,17000,user_3,244,244,
3863,2,27000000,0,user_17,244,244,
3893,3,27000000,0,user_49,244,244,
3846,4,6300000,0,user_8,244,244,
3892,5,6100000,0,user_48,244,244,
3865,6,5000000,0,user_19,244,244,
3844,7,4500000,0,user_7,244,244,
3875,8,3600000,0,user_28,244,244,
3852,9,2600000,0,user_12,244,244,
3859,10,2500000,12800,user_14,244,244,
3881,11,2300000,0,user_34,244,244,
3840,12,2100000,0,user_1,244,244,
3847,13,2000000,0,user_8,244,244,
3884,14,2000000,0,user_37,244,244,
3888,15,2000000,0,user_44,244,244,
3848,16,1800000,0,user_9,244,244,
3861,17,1800000,0,user_15,244,244,
3850,18,1600000,0,user_9,244,244,
3857,19,1600000,769000,user_14,244,244,
3883,20,1600000,0,user_36,244,244,
3856,21,1400000,16400,user_13,244,244,
3864,22,1300000,18600,user_19,244,244,
3870,23,1000000,0,user_26,244,244,
3872,24,1000000,17000,user_26,244,244,
3841,25,970000,0,user_3,244,244,
3851,26,910000,0,user_9,244,244,
3849,27,660000,0,user_9,244,244,
3866,28,660000,0,user_21,244,244,
3858,29,650000,0,user_14,244,244,
3873,30,530000,0,user_26,244,244,
3885,31,360000,0,user_38,244,244,
3877,32,320000,959000,user_30,244,244,
3891,33,320000,0,user_47,244,244,
3853,34,310000,0,user_12,244,244,
3880,35,310000,0,user_34,244,244,
3854,36,260000,0,user_12,244,244,
3860,37,220000,0,user_14,244,244,
3879,38,220000,64600,user_33,244,244,
3868,39,170000,0,user_22,244,244,
3845,40,160000,0,user_8,244,244,
3855,41,150000,0,user_12,244,244,
3886,42,150000,0,user_39,244,244,
3867,43,120000,0,user_22,244,244,
3887,44,120000,0,user_40,244,244,
3843,45,98000,0,user_5,244,244,
3869,46,87000,0,user_25,244,244,
3874,47,87000,0,user_26,244,244,
3876,48,77000,0,user_28,244,244,
3956,,220000,21800,user_1,245,,
3957,,1300000,322000,user_3,245,,
3958,,870000,0,user_4,245,,
3959,,87000,68100,user_5,245,,
3960,,1300000,0,user_9,245,,
3961,,110000,0,user_9,245,,
3962,,1500000,0,user_10,245,,
3963,,1400000,0,user_11,245,,
3964,,3200000,0,user_11,245,,
3965,,100000,0,user_12,245,,
3966,,190000,0,user_12,245,,
3967,,160000,0,user_12,245,,
3968,,120000,0,user_13,245,,
3969,,420000,0,user_13,245,,
3970,,2500000,215000,user_13,245,,
3971,,6100000,0,user_13,245,,
3972,,370000,381000,user_14,245,,
3973,,1000000,0,user_16,245,,
3974,,2500000,0,user_16,245,,
3975,,2000000,0,user_16,245,,
3976,,870000,0,user_17,245,,
3977,,1300000,0,user_19,245,,
3978,,1500000,0,user_20,245,,
3979,,2300000,0,user_21,245,,
3980,,220000,0,user_22,245,,
3981,,110000,0,user_23,245,,
3982,,79000,0,user_23,245,,
3983,,77000,0,user_24,245,,
3984,,1400000,0,user_25,245,,
3985,,120000,0,user_26,245,,
3986,,460000,0,user_26,245,,
3987,,100000,195000,user_29,245,,
3988,,910000,0,user_30,245,,
3989,,1200000,410000,user_31,245,,
3990,,530000,35600,user_32,245,,
3991,,220000,0,user_32,245,,
3992,,630000,0,user_33,245,,
3993,,150000,128000,user_34,245,,
3994,,1900000,0,user_35,245,,
3995,,2400000,0,user_37,245,,
3996,,310000,0,user_38,245,,
3997,,6100000,33300,user_40,245,,
3998,,73000,0,user_41,245,,
3999,,6300000,0,user_41,245,,
4000,,85000,49100,user_43,245,,
4001,,19000000,0,user_44,245,,
4002,,120000,0,user_45,245,,
4003,,1300000,0,user_47,245,,
4004,,600000,0,user_47,245,,
4005,,110000,0,user_48,245,,
4006,,2500000,0,user_49,245,,
4001,0,19000000,0,user_44,245,245,
3999,1,6300000,0,user_41,245,245,
3997,2,6100000,33300,user_40,245,245,
4007,3,0,0,builder_0,245,245,3997
3971,4,6100000,0,user_13,245,245,
3964,5,3200000,0,user_11,245,245,
3970,6,2500000,215000,user_13,245,245,
4008,7,0,0,builder_0,245,245,3970
3974,8,2500000,0,user_16,245,245,
4006,9,2500000,0,user_49,245,245,
3995,10,2400000,0,user_37,245,245,
3979,11,2300000,0,user_21,245,245,
3975,12,2000000,0,user_16,245,245,
3994,13,1900000,0,user_35,245,245,
4009,14,0,0,builder_0,245,245,3957
3957,15,1300000,322000,user_3,245,245,
3989,16,1200000,410000,user_31,245,245,
4010,17,0,0,builder_0,245,245,3989
3962,18,1500000,0,user_10,245,245,
3978,19,1500000,0,user_20,245,245,
3963,20,1400000,0,user_11,245,245,
3984,21,1400000,0,user_25,245,245,
3960,22,1300000,0,user_9,245,245,
3977,23,1300000,0,user_19,245,245,
4003,24,1300000,0,user_47,245,245,
3973,25,1000000,0,user_16,245,245,
3988,26,910000,0,user_30,245,245,
3976,27,870000,0,user_17,245,245,
3972,28,370000,381000,user_14,245,245,
4011,29,0,0,builder_0,245,245,3972
3992,30,630000,0,user_33,245,245,
4004,31,600000,0,user_47,245,245,
4012,32,0,0,builder_0,245,245,3990
3990,33,530000,35600,user_32,245,245,
3986,34,460000,0,user_26,245,245,
3969,35,420000,0,user_13,245,245,
3996,36,310000,0,user_38,245,245,
4013,37,0,0,builder_0,245,245,3987
3987,38,100000,195000,user_29,245,245,
4014,39,0,0,builder_0,245,245,3956
3956,40,220000,21800,user_1,245,245,
3980,41,220000,0,user_22,245,245,
3991,42,220000,0,user_32,245,245,
4015,43,0,0,builder_0,245,245,4000
4000,44,85000,49100,user_43,245,245,
3968,45,120000,0,user_13,245,245,
3985,46,120000,0,user_26,245,245,
3961,47,110000,0,user_9,245,245,
3981,48,110000,0,user_23,245,245,
4005,49,110000,0,user_48,245,245,
3982,50,79000,0,user_23,245,245,
3998,51,73000,0,user_41,245,245,
4083,,43000000,0,user_1,246,,
4084,,170000,0,user_1,246,,
4085,,160000,0,user_2,246,,
4086,,110000,0,user_3,246,,
4087,,370000,215000,user_4,246,,
4088,,190000,0,user_6,246,,
4089,,220000,0,user_7,246,,
4090,,1500000,0,user_7,246,,
4091,,1100000,0,user_7,246,,
4092,,73000,0,user_7,246,,
4093,,190000,108000,user_7,246,,
4094,,320000,0,user_8,246,,
4095,,87000,0,user_8,246,,
4096,,650000,0,user_8,246,,
4097,,2500000,8520,user_9,246,,
4098,,120000,15100,user_10,246,,
4099,,160000,0,user_10,246,,
4100,,1600000,0,user_11,246,,
4101,,150000,0,user_12,246,,
4102,,1100000,0,user_14,246,,
4103,,1600000,0,user_14,246,,
4104,,4200000,108000,user_16,246,,
4105,,2400000,0,user_17,246,,
4106,,4200000,0,user_19,246,,
4107,,170000,0,user_21,246,,
4108,,5000000,128000,user_22,246,,
4109,,6300000,0,user_24,246,,
4110,,460000,0,user_24,246,,
4111,,5200000,0,user_25,246,,
4112,,2500000,0,user_27,246,,
4113,,100000,0,user_28,246,,
4114,,910000,0,user_29,246,,
4115,,300000,0,user_30,246,,
4116,,1000000,0,user_30,246,,
4117,,1800000,0,user_30,246,,
4118,,150000,0,user_30,246,,
4119,,170000,0,user_32,246,,
4120,,1500000,4320000,user_33,246,,
4121,,2600000,0,user_35,246,,
4122,,360000,0,user_36,246,,
4123,,120000,0,user_36,246,,
4124,,150000,0,user_36,246,,
4125,,340000,0,user_37,246,,
4126,,1100000,0,user_39,246,,
4127,,370000,0,user_40,246,,
4128,,660000,11200,user_40,246,,
4129,,27000000,0,user_40,246,,
4130,,2500000,0,user_40,246,,
4131,,3200000,381000,user_42,246,,
4132,,5000000,0,user_43,246,,
4133,,660000,0,user_43,246,,
4134,,1000000,0,user_44,246,,
4135,,43000000,0,user_45,246,,
4136,,420000,0,user_47,246,,
4137,,2400000,510000,user_48,246,,
4138,,79000,18600,user_49,246,,
4083,0,43000000,0,user_1,246,246,
4135,1,43000000,0,user_45,246,246,
4129,2,27000000,0,user_40,246,246,
4109,3,6300000,0,user_24,246,246,
4120,4,1500000,4320000,user_33,246,246,
4174,5,0,0,builder_4,246,246,4120
4111,6,5200000,0,user_25,246,246,
4108,7,5000000,128000,user_22,246,246,
4175,8,0,0,builder_4,246,246,4108
4132,9,5000000,0,user_43,246,246,
4176,10,0,0,builder_4,246,246,4104
4104,11,4200000,108000,user_16,246,246,
4106,12,4200000,0,user_19,246,246,
4131,13,3200000,381000,user_42,246,246,
4177,14,0,0,builder_4,246,246,4131
4178,15,0,0,builder_4,246,246,4137
4137,16,2400000,510000,user_48,246,246,
4121,17,2600000,0,user_35,246,246,
4097,18,2500000,8520,user_9,246,246,
4179,19,0,0,builder_4,246,246,4097
4112,20,2500000,0,user_27,246,246,
4130,21,2500000,0,user_40,246,246,
4105,22,2400000,0,user_17,246,246,
4117,23,1800000,0,user_30,246,246,
4100,24,1600000,0,user_11,246,246,
4103,25,1600000,0,user_14,246,246,
4102,26,1100000,0,user_14,246,246,
4116,27,1000000,0,user_30,246,246,
4134,28,1000000,0,user_44,246,246,
4114,29,910000,0,user_29,246,246,
4128,30,660000,11200,user_40,246,246,
4180,31,0,0,builder_4,246,246,4128
4133,32,660000,0,user_43,246,246,
4096,33,650000,0,user_8,246,246,
4181,34,0,0,builder_4,246,246,4087
4087,35,370000,215000,user_4,246,246,
4110,36,460000,0,user_24,246,246,
4127,37,370000,0,user_40,246,246,
4122,38,360000,0,user_36,246,246,
4125,39,340000,0,user_37,246,246,
4094,40,320000,0,user_8,246,246,
4115,41,300000,0,user_30,246,246,
4088,42,190000,0,user_6,246,246,
4084,43,170000,0,user_1,246,246,
4107,44,170000,0,user_21,246,246,
4119,45,170000,0,user_32,246,246,
4085,46,160000,0,user_2,246,246,
4099,47,160000,0,user_10,246,246,
4101,48,150000,0,user_12,246,246,
4118,49,150000,0,user_30,246,246,
4124,50,150000,0,user_36,246,246,
4182,51,0,0,builder_4,246,246,4098
4098,52,120000,15100,user_10,246,246,
4123,53,120000,0,user_36,246,246,
4086,54,110000,0,user_3,246,246,
4113,55,100000,0,user_28,246,246,
4183,56,0,0,builder_4,246,246,4138
4138,57,79000,18600,user_49,246,246,
4095,58,87000,0,user_8,246,246,
4220,,1100000,0,user_3,247,,
4221,,260000,0,user_4,247,,
4222,,220000,959000,user_6,247,,
4223,,360000,0,user_6,247,,
4224,,5000000,0,user_8,247,,
4225,,1900000,0,user_8,247,,
4226,,87000,0,user_9,247,,
4227,,110000,0,user_10,247,,
4228,,77000,0,user_10,247,,
4229,,6100000,381000,user_11,247,,
4230,,310000,0,user_13,247,,
4231,,2300000,0,user_13,247,,
4232,,660000,0,user_14,247,,
4233,,170000,0,user_16,247,,
4234,,70000,30200,user_17,247,,
4235,,5000000,0,user_17,247,,
4236,,2000000,0,user_18,247,,
4237,,190000,0,user_19,247,,
4238,,2400000,0,user_21,247,,
4239,,27000000,0,user_22,247,,
4240,,300000,0,user_23,247,,
4241,,260000,0,user_26,247,,
4242,,4500000,0,user_28,247,,
4243,,310000,0,user_29,247,,
4244,,420000,164000,user_30,247,,
4245,,970000,0,user_30,247,,
4246,,5000000,0,user_30,247,,
4247,,530000,0,user_30,247,,
4248,,340000,155000,user_30,247,,
4249,,1900000,0,user_32,247,,
4250,,260000,0,user_32,247,,
4251,,5000000,24700,user_32,247,,
4252,,970000,0,user_32,247,,
4253,,3200000,100000,user_32,247,,
4254,,1500000,0,user_33,247,,
4255,,2000000,0,user_33,247,,
4256,,1500000,0,user_34,247,,
4257,,670000,0,user_35,247,,
4258,,220000,0,user_35,247,,
4259,,2600000,0,user_36,247,,
4260,,910000,0,user_37,247,,
4261,,82000,0,user_38,247,,
4262,,220000,769000,user_38,247,,
4263,,360000,0,user_39,247,,
4264,,600000,0,user_39,247,,
4265,,370000,0,user_41,247,,
4266,,3200000,13900,user_41,247,,
4267,,160000,0,user_41,247,,
4268,,160000,0,user_42,247,,
4269,,160000,0,user_42,247,,
4270,,1400000,35600,user_43,247,,
4271,,160000,0,user_44,247,,
4272,,460000,0,user_45,247,,
4273,,73000,0,user_46,247,,
4274,,160000,0,user_46,247,,
4275,,170000,3130,user_47,247,,
4276,,170000,16400,user_48,247,,
4277,,310000,231000,user_48,247,,
4278,,260000,0,user_48,247,,
4279,,670000,0,user_48,247,,
4280,,83000,0,user_48,247,,
4281,,2600000,0,user_49,247,,
4239,0,27000000,0,user_22,247,247,
4327,1,0,0,builder_4,247,247,4229
4229,2,6100000,381000,user_11,247,247,
4251,3,5000000,24700,user_32,247,247,
4328,4,0,0,builder_4,247,247,4251
4224,5,5000000,0,user_8,247,247,
4235,6,5000000,0,user_17,247,247,
4246,7,5000000,0,user_30,247,247,
4242,8,4500000,0,user_28,247,247,
4329,9,0,0,builder_4,247,247,4253
4253,10,3200000,100000,user_32,247,247,
4266,11,3200000,13900,user_41,247,247,
4330,12,0,0,builder_4,247,247,4266
4259,13,2600000,0,user_36,247,247,
4281,14,2600000,0,user_49,247,247,
4238,15,2400000,0,user_21,247,247,
4231,16,2300000,0,user_13,247,247,
4236,17,2000000,0,user_18,247,247,
4255,18,2000000,0,user_33,247,247,
4225,19,1900000,0,user_8,247,247,
4249,20,1900000,0,user_32,247,247,
4254,21,1500000,0,user_33,247,247,
4256,22,1500000,0,user_34,247,247,
4270,23,1400000,35600,user_43,247,247,
4331,24,0,0,builder_4,247,247,4270
4222,25,220000,959000,user_6,247,247,
4332,26,0,0,builder_4,247,247,4222
4220,27,1100000,0,user_3,247,247,
4333,28,0,0,builder_4,247,247,4262
4262,29,220000,769000,user_38,247,247,
4245,30,970000,0,user_30,247,247,
4252,31,970000,0,user_32,247,247,
4260,32,910000,0,user_37,247,247,
4257,33,670000,0,user_35,247,247,
4279,34,670000,0,user_48,247,247,
4232,35,660000,0,user_14,247,247,
4244,36,420000,164000,user_30,247,247,
4334,37,0,0,builder_4,247,247,4244
4277,38,310000,231000,user_48,247,247,
4335,39,0,0,builder_4,247,247,4277
4247,40,530000,0,user_30,247,247,
4336,41,0,0,builder_4,247,247,4248
4248,42,340000,155000,user_30,247,247,
4272,43,460000,0,user_45,247,247,
4265,44,370000,0,user_41,247,247,
4223,45,360000,0,user_6,247,247,
4230,46,310000,0,user_13,247,247,
4243,47,310000,0,user_29,247,247,
4240,48,300000,0,user_23,247,247,
4221,49,260000,0,user_4,247,247,
4241,50,260000,0,user_26,247,247,
4250,51,260000,0,user_32,247,247,
4278,52,260000,0,user_48,247,247,
4258,53,220000,0,user_35,247,247,
4237,54,190000,0,user_19,247,247,
4276,55,170000,16400,user_48,247,247,
4337,56,0,0,builder_4,247,247,4276
4233,57,170000,0,user_16,247,247,
4267,58,160000,0,user_41,247,247,
4268,59,160000,0,user_42,247,247,
4269,60,160000,0,user_42,247,247,
4271,61,160000,0,user_44,247,247,
4274,62,160000,0,user_46,247,247,
4227,63,110000,0,user_10,247,247,
4338,64,0,0,builder_4,247,247,4234
4234,65,70000,30200,user_17,247,247,
4226,66,87000,0,user_9,247,247,
4280,67,83000,0,user_48,247,247,
4261,68,82000,0,user_38,247,247,
4228,69,77000,0,user_10,247,247,
4273,70,73000,0,user_46,247,247,
4372,,98000,0,user_0,248,,
4373,,70000,0,user_0,248,,
4374,,110000,15100,user_0,248,,
4375,,1000000,17000,user_1,248,,
4376,,110000,0,user_2,248,,
4377,,170000,0,user_2,248,,
4378,,6300000,14200,user_2,248,,
4379,,160000,283000,user_2,248,,
4380,,1600000,0,user_2,248,,
4381,,150000,0,user_3,248,,
4382,,84000,0,user_3,248,,
4383,,360000,0,user_4,248,,
4384,,1000000,13900,user_6,248,,
4385,,3200000,0,user_7,248,,
4386,,260000,0,user_9,248,,
4387,,84000,0,user_10,248,,
4388,,110000,0,user_11,248,,
4389,,1000000,7190000,user_11,248,,
4390,,120000,164000,user_12,248,,
4391,,27000000,0,user_12,248,,
4392,,160000,0,user_13,248,,
4393,,120000,0,user_13,248,,
4394,,85000,0,user_14,248,,
4395,,220000,0,user_14,248,,
4396,,2500000,14200,user_14,248,,
4397,,220000,0,user_14,248,,
4398,,98000,0,user_16,248,,
4399,,110000,0,user_19,248,,
4400,,1000000,0,user_20,248,,
4401,,1900000,0,user_21,248,,
4402,,1100000,0,user_22,248,,
4403,,43000000,0,user_22,248,,
4404,,1000000,0,user_22,248,,
4405,,150000,0,user_22,248,,
4406,,190000,0,user_22,248,,
4407,,350000,0,user_25,248,,
4408,,220000,0,user_26,248,,
4409,,100000,0,user_27,248,,
4410,,2000000,0,user_29,248,,
4411,,82000,5640,user_30,248,,
4412,,220000,0,user_31,248,,
4413,,120000,0,user_32,248,,
4414,,170000,0,user_32,248,,
4415,,43000000,0,user_33,248,,
4416,,27000000,1100000,user_33,248,,
4417,,220000,0,user_33,248,,
4418,,1400000,195000,user_34,248,,
4419,,1800000,0,user_35,248,,
4420,,340000,0,user_36,248,,
4421,,240000,0,user_36,248,,
4422,,80000,0,user_36,248,,
4423,,100000,0,user_36,248,,
4424,,79000,0,user_37,248,,
4425,,160000,0,user_38,248,,
4426,,470000,13800,user_38,248,,
4427,,300000,0,user_39,248,,
4428,,100000,0,user_40,248,,
4429,,260000,0,user_41,248,,
4430,,460000,0,user_42,248,,
4431,,220000,181000,user_43,248,,
4432,,1400000,0,user_44,248,,
4433,,150000,30200,user_45,248,,
4434,,87000,0,user_47,248,,
4435,,120000,0,user_47,248,,
4436,,150000,0,user_47,248,,
4437,,310000,0,user_47,248,,
4438,,970000,285000,user_47,248,,
4439,,100000,0,user_49,248,,
4403,0,43000000,0,user_22,248,248,
4415,1,43000000,0,user_33,248,248,
4391,2,27000000,0,user_12,248,248,
4416,3,27000000,1100000,user_33,248,248,
4378,4,6300000,14200,user_2,248,248,
4385,5,3200000,0,user_7,248,248,
4396,6,2500000,14200,user_14,248,248,
4410,7,2000000,0,user_29,248,248,
4401,8,1900000,0,user_21,248,248,
4419,9,1800000,0,user_35,248,248,
4380,10,1600000,0,user_2,248,248,
4418,11,1400000,195000,user_34,248,248,
4432,12,1400000,0,user_44,248,248,
4402,13,1100000,0,user_22,248,248,
4375,14,1000000,17000,user_1,248,248,
4384,15,1000000,13900,user_6,248,248,
4389,16,1000000,7190000,user_11,248,248,
4400,17,1000000,0,user_20,248,248,
4404,18,1000000,0,user_22,248,248,
4438,19,970000,285000,user_47,248,248,
4430,20,460000,0,user_42,248,248,
4383,21,360000,0,user_4,248,248,
4407,22,350000,0,user_25,248,248,
4437,23,310000,0,user_47,248,248,
4427,24,300000,0,user_39,248,248,
4429,25,260000,0,user_41,248,248,
4395,26,220000,0,user_14,248,248,
4397,27,220000,0,user_14,248,248,
4408,28,220000,0,user_26,248,248,
4412,29,220000,0,user_31,248,248,
4417,30,220000,0,user_33,248,248,
4431,31,220000,181000,user_43,248,248,
4406,32,190000,0,user_22,248,248,
4377,33,170000,0,user_2,248,248,
4414,34,170000,0,user_32,248,248,
4379,35,160000,283000,user_2,248,248,
4392,36,160000,0,user_13,248,248,
4381,37,150000,0,user_3,248,248,
4405,38,150000,0,user_22,248,248,
4433,39,150000,30200,user_45,248,248,
4436,40,150000,0,user_47,248,248,
4390,41,120000,164000,user_12,248,248,
4393,42,120000,0,user_13,248,248,
4413,43,120000,0,user_32,248,248,
4435,44,120000,0,user_47,248,248,
4374,45,110000,15100,user_0,248,248,
4376,46,110000,0,user_2,248,248,
4388,47,110000,0,user_11,248,248,
4399,48,110000,0,user_19,248,248,
4428,49,100000,0,user_40,248,248,
4439,50,100000,0,user_49,248,248,
4372,51,98000,0,user_0,248,248,
4398,52,98000,0,user_16,248,248,
4434,53,87000,0,user_47,248,248,
4394,54,85000,0,user_14,248,248,
4382,55,84000,0,user_3,248,248,
4411,56,82000,5640,user_30,248,248,
4424,57,79000,0,user_37,248,248,
4373,58,70000,0,user_0,248,248,
4542,,1100000,0,user_1,249,,
4543,,77000,0,user_3,249,,
4544,,1300000,0,user_5,249,,
4545,,83000,0,user_6,249,,
4546,,3600000,73100,user_7,249,,
4547,,2500000,0,user_7,249,,
4548,,120000,0,user_8,249,,
4549,,1000000,769000,user_8,249,,
4550,,460000,0,user_9,249,,
4551,,98000,0,user_9,249,,
4552,,360000,0,user_9,249,,
4553,,19000000,0,user_9,249,,
4554,,260000,0,user_11,249,,
4555,,220000,510000,user_11,249,,
4556,,220000,47700,user_11,249,,
4557,,670000,0,user_11,249,,
4558,,910000,0,user_11,249,,
4559,,260000,34700,user_15,249,,
4560,,660000,164000,user_16,249,,
4561,,83000,296000,user_17,249,,
4562,,260000,0,user_18,249,,
4563,,530000,0,user_20,249,,
4564,,320000,0,user_20,249,,
4565,,650000,0,user_21,249,,
4566,,3500000,0,user_21,249,,
4567,,670000,0,user_22,249,,
4568,,4200000,12800,user_23,249,,
4569,,160000,0,user_24,249,,
4570,,120000,350000,user_25,249,,
4571,,310000,0,user_26,249,,
4572,,84000,8520,user_27,249,,
4573,,79000,0,user_28,249,,
4574,,2400000,11200,user_30,249,,
4575,,6300000,0,user_31,249,,
4576,,300000,0,user_31,249,,
4577,,80000,0,user_33,249,,
4578,,3500000,0,user_33,249,,
4579,,1600000,0,user_34,249,,
4580,,360000,0,user_35,249,,
4581,,350000,0,user_37,249,,
4582,,160000,15300,user_38,249,,
4583,,170000,0,user_38,249,,
4584,,160000,0,user_40,249,,
4585,,43000000,0,user_41,249,,
4586,,1000000,0,user_42,249,,
4587,,170000,545000,user_42,249,,
4588,,350000,0,user_44,249,,
4589,,2000000,0,user_45,249,,
4590,,660000,0,user_47,249,,
4591,,98000,0,user_48,249,,
4592,,3200000,0,user_48,249,,
4593,,19000000,0,user_48,249,,
4585,0,43000000,0,user_41,249,249,
4553,1,19000000,0,user_9,249,249,
4593,2,19000000,0,user_48,249,249,
4575,3,6300000,0,user_31,249,249,
4568,4,4200000,12800,user_23,249,249,
4546,5,3600000,73100,user_7,249,249,
4566,6,3500000,0,user_21,249,249,
4578,7,3500000,0,user_33,249,249,
4592,8,3200000,0,user_48,249,249,
4547,9,2500000,0,user_7,249,249,
4574,10,2400000,11200,user_30,249,249,
4589,11,2000000,0,user_45,249,249,
4579,12,1600000,0,user_34,249,249,
4544,13,1300000,0,user_5,249,249,
4549,14,1000000,769000,user_8,249,249,
4586,15,1000000,0,user_42,249,249,
4558,16,910000,0,user_11,249,249,
4557,17,670000,0,user_11,249,249,
4567,18,670000,0,user_22,249,249,
4560,19,660000,164000,user_16,249,249,
4590,20,660000,0,user_47,249,249,
4565,21,650000,0,user_21,249,249,
4563,22,530000,0,user_20,249,249,
4550,23,460000,0,user_9,249,249,
4552,24,360000,0,user_9,249,249,
4580,25,360000,0,user_35,249,249,
4588,26,350000,0,user_44,249,249,
4564,27,320000,0,user_20,249,249,
4576,28,300000,0,user_31,249,249,
4554,29,260000,0,user_11,249,249,
4559,30,260000,34700,user_15,249,249,
4562,31,260000,0,user_18,249,249,
4555,32,220000,510000,user_11,249,249,
4556,33,220000,47700,user_11,249,249,
4583,34,170000,0,user_38,249,249,
4587,35,170000,545000,user_42,249,249,
4569,36,160000,0,user_24,249,249,
4582,37,160000,15300,user_38,249,249,
4584,38,160000,0,user_40,249,249,
4548,39,120000,0,user_8,249,249,
4570,40,120000,350000,user_25,249,249,
4551,41,98000,0,user_9,249,249,
4591,42,98000,0,user_48,249,249,
4572,43,84000,8520,user_27,249,249,
4545,44,83000,0,user_6,249,249,
4561,45,83000,296000,user_17,249,249,
4577,46,80000,0,user_33,249,249,
4543,47,77000,0,user_3,249,249,
4681,,2600000,296000,user_0,250,,
4682,,1500000,0,user_0,250,,
4683,,1600000,0,user_0,250,,
4684,,80000,0,user_0,250,,
4685,,310000,0,user_1,250,,
4686,,470000,0,user_2,250,,
4687,,85000,71800,user_3,250,,
4688,,910000,0,user_4,250,,
4689,,300000,0,user_4,250,,
4690,,310000,0,user_4,250,,
4691,,83000,0,user_4,250,,
4692,,120000,0,user_6,250,,
4693,,910000,0,user_6,250,,
4694,,100000,36800,user_8,250,,
4695,,150000,0,user_12,250,,
4696,,30000000,0,user_14,250,,
4697,,300000,0,user_14,250,,
4698,,5200000,779000,user_15,250,,
4699,,43000000,0,user_17,250,,
4700,,220000,0,user_18,250,,
4701,,79000,0,user_21,250,,
4702,,170000,1100000,user_25,250,,
4703,,660000,0,user_27,250,,
4704,,1000000,769000,user_28,250,,
4705,,5000000,0,user_28,250,,
4706,,170000,0,user_30,250,,
4707,,220000,0,user_30,250,,
4708,,3500000,16400,user_31,250,,
4709,,260000,0,user_32,250,,
4710,,19000000,0,user_33,250,,
4711,,2100000,0,user_33,250,,
4712,,600000,0,user_34,250,,
4713,,220000,56200,user_35,250,,
4714,,82000,0,user_35,250,,
4715,,660000,0,user_37,250,,
4716,,1800000,100000,user_37,250,,
4717,,1800000,16400,user_39,250,,
4718,,1000000,0,user_40,250,,
4719,,82000,0,user_41,250,,
4720,,1600000,0,user_45,250,,
4721,,160000,0,user_47,250,,
4722,,27000000,0,user_49,250,,
4699,0,43000000,0,user_17,250,250,
4696,1,30000000,0,user_14,250,250,
4722,2,27000000,0,user_49,250,250,
4710,3,19000000,0,user_33,250,250,
4698,4,5200000,779000,user_15,250,250,
4705,5,5000000,0,user_28,250,250,
4708,6,3500000,16400,user_31,250,250,
4681,7,2600000,296000,user_0,250,250,
4711,8,2100000,0,user_33,250,250,
4716,9,1800000,100000,user_37,250,250,
4717,10,1800000,16400,user_39,250,250,
4683,11,1600000,0,user_0,250,250,
4720,12,1600000,0,user_45,250,250,
4682,13,1500000,0,user_0,250,250,
4704,14,1000000,769000,user_28,250,250,
4718,15,1000000,0,user_40,250,250,
4688,16,910000,0,user_4,250,250,
4693,17,910000,0,user_6,250,250,
4715,18,660000,0,user_37,250,250,
4712,19,600000,0,user_34,250,250,
4686,20,470000,0,user_2,250,250,
4685,21,310000,0,user_1,250,250,
4690,22,310000,0,user_4,250,250,
4689,23,300000,0,user_4,250,250,
4697,24,300000,0,user_14,250,250,
4709,25,260000,0,user_32,250,250,
4700,26,220000,0,user_18,250,250,
4707,27,220000,0,user_30,250,250,
4713,28,220000,56200,user_35,250,250,
4702,29,170000,1100000,user_25,250,250,
4706,30,170000,0,user_30,250,250,
4721,31,160000,0,user_47,250,250,
4695,32,150000,0,user_12,250,250,
4692,33,120000,0,user_6,250,250,
4694,34,100000,36800,user_8,250,250,
4687,35,85000,71800,user_3,250,250,
4691,36,83000,0,user_4,250,250,
4714,37,82000,0,user_35,250,250,
4719,38,82000,0,user_41,250,250,
4684,39,80000,0,user_0,250,250,
4701,40,79000,0,user_21,250,250,
4798,,82000,0,user_0,251,,
4799,,220000,23500,user_2,251,,
4800,,6100000,0,user_2,251,,
4801,,190000,0,user_4,251,,
4802,,27000000,0,user_4,251,,
4803,,2000000,0,user_4,251,,
4804,,2000000,0,user_6,251,,
4805,,170000,0,user_6,251,,
4806,,2300000,12800,user_8,251,,
4807,,130000,13900,user_8,251,,
4808,,4500000,0,user_8,251,,
4809,,110000,0,user_9,251,,
4810,,240000,0,user_10,251,,
4811,,150000,0,user_11,251,,
4812,,190000,0,user_12,251,,
4813,,30000000,0,user_13,251,,
4814,,1600000,75000,user_13,251,,
4815,,5000000,0,user_14,251,,
4816,,2400000,0,user_15,251,,
4817,,120000,0,user_16,251,,
4818,,1500000,0,user_16,251,,
4819,,4200000,0,user_17,251,,
4820,,240000,0,user_19,251,,
4821,,630000,0,user_19,251,,
4822,,260000,0,user_20,251,,
4823,,1700000,43600,user_21,251,,
4824,,27000000,0,user_23,251,,
4825,,120000,0,user_23,251,,
4826,,420000,0,user_23,251,,
4827,,1600000,0,user_24,251,,
4828,,1000000,8520,user_24,251,,
4829,,82000,0,user_25,251,,
4830,,19000000,46500,user_26,251,,
4831,,150000,0,user_26,251,,
4832,,1000000,100000,user_26,251,,
4833,,360000,0,user_26,251,,
4834,,120000,0,user_27,251,,
4835,,5000000,0,user_27,251,,
4836,,120000,0,user_28,251,,
4837,,2300000,0,user_30,251,,
4838,,310000,12800,user_31,251,,
4839,,460000,0,user_31,251,,
4840,,170000,0,user_31,251,,
4841,,1500000,0,user_31,251,,
4842,,150000,0,user_35,251,,
4843,,190000,0,user_36,251,,
4844,,2000000,164000,user_37,251,,
4845,,98000,0,user_39,251,,
4846,,260000,60700,user_40,251,,
4847,,3500000,0,user_41,251,,
4848,,660000,43600,user_42,251,,
4849,,170000,0,user_42,251,,
4850,,1000000,0,user_44,251,,
4851,,460000,0,user_46,251,,
4852,,110000,73100,user_47,251,,
4853,,77000,0,user_47,251,,
4854,,77000,510000,user_48,251,,
4855,,420000,7190000,user_48,251,,
4856,,360000,0,user_49,251,,
4813,0,30000000,0,user_13,251,251,
4802,1,27000000,0,user_4,251,251,
4824,2,27000000,0,user_23,251,251,
4906,3,0,0,builder_4,251,251,4830
4830,4,19000000,46500,user_26,251,251,
4855,5,420000,7190000,user_48,251,251,
4907,6,0,0,builder_4,251,251,4855
4800,7,6100000,0,user_2,251,251,
4815,8,5000000,0,user_14,251,251,
4835,9,5000000,0,user_27,251,251,
4808,10,4500000,0,user_8,251,251,
4819,11,4200000,0,user_17,251,251,
4847,12,3500000,0,user_41,251,251,
4806,13,2300000,12800,user_8,251,251,
4908,14,0,0,builder_4,251,251,4806
4837,15,2300000,0,user_30,251,251,
4844,16,2000000,164000,user_37,251,251,
4909,17,0,0,builder_4,251,251,4844
4803,18,2000000,0,user_4,251,251,
4804,19,2000000,0,user_6,251,251,
4910,20,0,0,builder_4,251,251,4823
4823,21,1700000,43600,user_21,251,251,
4814,22,1600000,75000,user_13,251,251,
4911,23,0,0,builder_4,251,251,4814
4827,24,1600000,0,user_24,251,251,
4818,25,1500000,0,user_16,251,251,
4841,26,1500000,0,user_31,251,251,
4912,27,0,0,builder_4,251,251,4832
4832,28,1000000,100000,user_26,251,251,
4913,29,0,0,builder_4,251,251,4828
4828,30,1000000,8520,user_24,251,251,
4850,31,1000000,0,user_44,251,251,
4848,32,660000,43600,user_42,251,251,
4914,33,0,0,builder_4,251,251,4848
4821,34,630000,0,user_19,251,251,
4854,35,77000,510000,user_48,251,251,
4915,36,0,0,builder_4,251,251,4854
4839,37,460000,0,user_31,251,251,
4851,38,460000,0,user_46,251,251,
4826,39,420000,0,user_23,251,251,
4833,40,360000,0,user_26,251,251,
4856,41,360000,0,user_49,251,251,
4916,42,0,0,builder_4,251,251,4838
4838,43,310000,12800,user_31,251,251,
4917,44,0,0,builder_4,251,251,4846
4846,45,260000,60700,user_40,251,251,
4822,46,260000,0,user_20,251,251,
4918,47,0,0,builder_4,251,251,4799
4799,48,220000,23500,user_2,251,251,
4810,49,240000,0,user_10,251,251,
4820,50,240000,0,user_19,251,251,
4801,51,190000,0,user_4,251,251,
4812,52,190000,0,user_12,251,251,
4843,53,190000,0,user_36,251,251,
4805,54,170000,0,user_6,251,251,
4840,55,170000,0,user_31,251,251,
4849,56,170000,0,user_42,251,251,
4811,57,150000,0,user_11,251,251,
4831,58,150000,0,user_26,251,251,
4842,59,150000,0,user_35,251,251,
4807,60,130000,13900,user_8,251,251,
4919,61,0,0,builder_4,251,251,4807
4817,62,120000,0,user_16,251,251,
4825,63,120000,0,user_23,251,251,
4834,64,120000,0,user_27,251,251,
4836,65,120000,0,user_28,251,251,
4809,66,110000,0,user_9,251,251,
4798,67,82000,0,user_0,251,251,
4829,68,82000,0,user_25,251,251,
4961,,1200000,0,user_0,252,,
4962,,2400000,0,user_1,252,,
4963,,650000,7190000,user_2,252,,
4964,,87000,0,user_3,252,,
4965,,670000,0,user_4,252,,
4966,,3200000,0,user_5,252,,
4967,,80000,0,user_5,252,,
4968,,3200000,0,user_6,252,,
4969,,670000,0,user_7,252,,
4970,,470000,0,user_8,252,,
4971,,82000,0,user_9,252,,
4972,,260000,0,user_9,252,,
4973,,420000,0,user_10,252,,
4974,,80000,0,user_12,252,,
4975,,350000,0,user_13,252,,
4976,,1300000,0,user_14,252,,
4977,,220000,0,user_15,252,,
4978,,5000000,64600,user_16,252,,
4979,,670000,0,user_18,252,,
4980,,2000000,0,user_21,252,,
4981,,420000,0,user_21,252,,
4982,,1700000,0,user_22,252,,
4983,,660000,0,user_23,252,,
4984,,3500000,0,user_24,252,,
4985,,160000,0,user_25,252,,
4986,,2500000,0,user_26,252,,
4987,,1500000,0,user_27,252,,
4988,,460000,0,user_29,252,,
4989,,100000,0,user_29,252,,
4990,,1000000,0,user_30,252,,
4991,,120000,0,user_30,252,,
4992,,1000000,0,user_31,252,,
4993,,84000,0,user_32,252,,
4994,,150000,195000,user_34,252,,
4995,,670000,0,user_34,252,,
4996,,670000,0,user_35,252,,
4997,,3500000,0,user_36,252,,
4998,,1500000,0,user_39,252,,
4999,,80000,0,user_40,252,,
5000,,1000000,0,user_41,252,,
5001,,1000000,0,user_42,252,,
5002,,470000,0,user_42,252,,
5003,,1500000,0,user_43,252,,
5004,,73000,11200,user_44,252,,
5005,,310000,0,user_45,252,,
5006,,970000,0,user_46,252,,
5007,,1000000,0,user_48,252,,
5008,,1400000,0,user_49,252,,
5016,0,0,0,builder_2,252,252,4963
4963,1,650000,7190000,user_2,252,252,
4978,2,5000000,64600,user_16,252,252,
5017,3,0,0,builder_2,252,252,4978
4984,4,3500000,0,user_24,252,252,
4997,5,3500000,0,user_36,252,252,
4966,6,3200000,0,user_5,252,252,
4968,7,3200000,0,user_6,252,252,
4986,8,2500000,0,user_26,252,252,
4962,9,2400000,0,user_1,252,252,
4980,10,2000000,0,user_21,252,252,
4982,11,1700000,0,user_22,252,252,
4987,12,1500000,0,user_27,252,252,
4998,13,1500000,0,user_39,252,252,
5003,14,1500000,0,user_43,252,252,
5008,15,1400000,0,user_49,252,252,
4976,16,1300000,0,user_14,252,252,
4961,17,1200000,0,user_0,252,252,
4990,18,1000000,0,user_30,252,252,
4992,19,1000000,0,user_31,252,252,
5000,20,1000000,0,user_41,252,252,
5007,21,1000000,0,user_48,252,252,
5006,22,970000,0,user_46,252,252,
4995,23,670000,0,user_34,252,252,
4983,24,660000,0,user_23,252,252,
4970,25,470000,0,user_8,252,252,
4988,26,460000,0,user_29,252,252,
4973,27,420000,0,user_10,252,252,
4981,28,420000,0,user_21,252,252,
4975,29,350000,0,user_13,252,252,
4994,30,150000,195000,user_34,252,252,
5018,31,0,0,builder_2,252,252,4994
5005,32,310000,0,user_45,252,252,
4972,33,260000,0,user_9,252,252,
4977,34,220000,0,user_15,252,252,
4985,35,160000,0,user_25,252,252,
4991,36,120000,0,user_30,252,252,
4989,37,100000,0,user_29,252,252,
4964,38,87000,0,user_3,252,252,
4971,39,82000,0,user_9,252,252,
4967,40,80000,0,user_5,252,252,
4999,41,80000,0,user_40,252,252,
5037,,120000,779000,user_1,253,,
5038,,3600000,0,user_1,253,,
5039,,220000,0,user_2,253,,
5040,,4500000,0,user_3,253,,
5041,,600000,0,user_4,253,,
5042,,160000,0,user_4,253,,
5043,,1300000,0,user_4,253,,
5044,,310000,0,user_4,253,,
5045,,1300000,0,user_4,253,,
5046,,1300000,0,user_6,253,,
5047,,120000,0,user_7,253,,
5048,,5000000,0,user_7,253,,
5049,,1100000,0,user_7,253,,
5050,,150000,0,user_8,253,,
5051,,300000,0,user_9,253,,
5052,,320000,36800,user_11,253,,
5053,,460000,0,user_11,253,,
5054,,6300000,0,user_11,253,,
5055,,1400000,100000,user_11,253,,
5056,,650000,0,user_11,253,,
5057,,110000,0,user_14,253,,
5058,,260000,215000,user_15,253,,
5059,,110000,5630,user_16,253,,
5060,,160000,0,user_16,253,,
5061,,84000,0,user_16,253,,
5062,,2400000,47700,user_17,253,,
5063,,6100000,0,user_18,253,,
5064,,220000,0,user_18,253,,
5065,,670000,256000,user_18,253,,
5066,,630000,0,user_18,253,,
5067,,70000,0,user_19,253,,
5068,,2000000,0,user_20,253,,
5069,,1100000,0,user_22,253,,
5070,,120000,164000,user_23,253,,
5071,,170000,215000,user_25,253,,
5072,,110000,0,user_26,253,,
5073,,2600000,0,user_28,253,,
5074,,3600000,0,user_29,253,,
5075,,6100000,49100,user_31,253,,
5076,,870000,0,user_31,253,,
5077,,120000,0,user_33,253,,
5078,,260000,0,user_37,253,,
5079,,220000,0,user_37,253,,
5080,,70000,296000,user_38,253,,
5081,,110000,0,user_38,253,,
5082,,4200000,410000,user_39,253,,
5083,,360000,0,user_39,253,,
5084,,120000,56200,user_39,253,,
5085,,220000,0,user_39,253,,
5086,,360000,0,user_41,253,,
5087,,100000,0,user_42,253,,
5088,,77000,0,user_43,253,,
5089,,150000,0,user_44,253,,
5090,,77000,0,user_45,253,,
5091,,2300000,49100,user_46,253,,
5092,,19000000,68100,user_46,253,,
5093,,470000,0,user_48,253,,
5092,0,19000000,68100,user_46,253,253,
5054,1,6300000,0,user_11,253,253,
5063,2,6100000,0,user_18,253,253,
5075,3,6100000,49100,user_31,253,253,
5048,4,5000000,0,user_7,253,253,
5040,5,4500000,0,user_3,253,253,
5082,6,4200000,410000,user_39,253,253,
5038,7,3600000,0,user_1,253,253,
5074,8,3600000,0,user_29,253,253,
5073,9,2600000,0,user_28,253,253,
5062,10,2400000,47700,user_17,253,253,
5091,11,2300000,49100,user_46,253,253,
5068,12,2000000,0,user_20,253,253,
5055,13,1400000,100000,user_11,253,253,
5043,14,1300000,0,user_4,253,253,
5045,15,1300000,0,user_4,253,253,
5046,16,1300000,0,user_6,253,253,
5049,17,1100000,0,user_7,253,253,
5069,18,1100000,0,user_22,253,253,
5076,19,870000,0,user_31,253,253,
5065,20,670000,256000,user_18,253,253,
5056,21,650000,0,user_11,253,253,
5066,22,630000,0,user_18,253,253,
5041,23,600000,0,user_4,253,253,
5053,24,460000,0,user_11,253,253,
5083,25,360000,0,user_39,253,253,
5086,26,360000,0,user_41,253,253,
5052,27,320000,36800,user_11,253,253,
5044,28,310000,0,user_4,253,253,
5058,29,260000,215000,user_15,253,253,
5078,30,260000,0,user_37,253,253,
5039,31,220000,0,user_2,253,253,
5064,32,220000,0,user_18,253,253,
5079,33,220000,0,user_37,253,253,
5085,34,220000,0,user_39,253,253,
5071,35,170000,215000,user_25,253,253,
5042,36,160000,0,user_4,253,253,
5060,37,160000,0,user_16,253,253,
5050,38,150000,0,user_8,253,253,
5089,39,150000,0,user_44,253,253,
5037,40,120000,779000,user_1,253,253,
5047,41,120000,0,user_7,253,253,
5070,42,120000,164000,user_23,253,253,
5077,43,120000,0,user_33,253,253,
5084,44,120000,56200,user_39,253,253,
5057,45,110000,0,user_14,253,253,
5059,46,110000,5630,user_16,253,253,
5072,47,110000,0,user_26,253,253,
5087,48,100000,0,user_42,253,253,
5061,49,84000,0,user_16,253,253,
5088,50,77000,0,user_43,253,253,
5090,51,77000,0,user_45,253,253,
5067,52,70000,0,user_19,253,253,
5198,,1000000,0,user_0,254,,
5199,,120000,21800,user_1,254,,
5200,,1400000,1100000,user_2,254,,
5201,,1300000,181000,user_3,254,,
5202,,1000000,0,user_3,254,,
5203,,260000,0,user_4,254,,
5204,,79000,0,user_4,254,,
5205,,2000000,0,user_6,254,,
5206,,5200000,0,user_7,254,,
5207,,120000,146000,user_7,254,,
5208,,1400000,0,user_8,254,,
5209,,5000000,0,user_10,254,,
5210,,310000,0,user_10,254,,
5211,,530000,0,user_11,254,,
5212,,110000,128000,user_12,254,,
5213,,2100000,0,user_13,254,,
5214,,160000,0,user_15,254,,
5215,,1500000,0,user_16,254,,
5216,,370000,0,user_17,254,,
5217,,160000,0,user_18,254,,
5218,,150000,0,user_18,254,,
5219,,120000,0,user_18,254,,
5220,,110000,0,user_18,254,,
5221,,70000,0,user_18,254,,
5222,,420000,0,user_19,254,,
5223,,350000,0,user_23,254,,
5224,,1100000,0,user_23,254,,
5225,,530000,0,user_24,254,,
5226,,1600000,0,user_25,254,,
5227,,1100000,0,user_26,254,,
5228,,420000,0,user_26,254,,
5229,,1900000,0,user_26,254,,
5230,,470000,0,user_26,254,,
5231,,2000000,0,user_27,254,,
5232,,160000,35600,user_28,254,,
5233,,370000,36800,user_30,254,,
5234,,420000,0,user_33,254,,
5235,,530000,0,user_35,254,,
5236,,2600000,0,user_36,254,,
5237,,220000,0,user_37,254,,
5238,,670000,296000,user_37,254,,
5239,,30000000,0,user_37,254,,
5240,,220000,0,user_37,254,,
5241,,110000,0,user_38,254,,
5242,,1200000,161000,user_39,254,,
5243,,110000,0,user_40,254,,
5244,,1000000,0,user_42,254,,
5245,,1500000,0,user_44,254,,
5246,,2400000,0,user_45,254,,
5247,,70000,0,user_46,254,,
5248,,98000,0,user_49,254,,
5239,0,30000000,0,user_37,254,254,
5206,1,5200000,0,user_7,254,254,
5209,2,5000000,0,user_10,254,254,
5236,3,2600000,0,user_36,254,254,
5246,4,2400000,0,user_45,254,254,
5213,5,2100000,0,user_13,254,254,
5205,6,2000000,0,user_6,254,254,
5231,7,2000000,0,user_27,254,254,
5229,8,1900000,0,user_26,254,254,
5226,9,1600000,0,user_25,254,254,
5215,10,1500000,0,user_16,254,254,
5245,11,1500000,0,user_44,254,254,
5200,12,1400000,1100000,user_2,254,254,
5208,13,1400000,0,user_8,254,254,
5201,14,1300000,181000,user_3,254,254,
5242,15,1200000,161000,user_39,254,254,
5224,16,1100000,0,user_23,254,254,
5227,17,1100000,0,user_26,254,254,
5198,18,1000000,0,user_0,254,254,
5202,19,1000000,0,user_3,254,254,
5244,20,1000000,0,user_42,254,254,
5238,21,670000,296000,user_37,254,254,
5211,22,530000,0,user_11,254,254,
5235,23,530000,0,user_35,254,254,
5230,24,470000,0,user_26,254,254,
5228,25,420000,0,user_26,254,254,
5234,26,420000,0,user_33,254,254,
5216,27,370000,0,user_17,254,254,
5233,28,370000,36800,user_30,254,254,
5223,29,350000,0,user_23,254,254,
5210,30,310000,0,user_10,254,254,
5203,31,260000,0,user_4,254,254,
5237,32,220000,0,user_37,254,254,
5240,33,220000,0,user_37,254,254,
5214,34,160000,0,user_15,254,254,
5217,35,160000,0,user_18,254,254,
5218,36,150000,0,user_18,254,254,
5199,37,120000,21800,user_1,254,254,
5207,38,120000,146000,user_7,254,254,
5219,39,120000,0,user_18,254,254,
5212,40,110000,128000,user_12,254,254,
5220,41,110000,0,user_18,254,254,
5243,42,110000,0,user_40,254,254,
5248,43,98000,0,user_49,254,254,
5204,44,79000,0,user_4,254,254,
5221,45,70000,0,user_18,254,254,
5247,46,70000,0,user_46,254,254,
5313,,5000000,0,user_1,255,,
5314,,370000,0,user_1,255,,
5315,,85000,0,user_4,255,,
5316,,1500000,18600,user_5,255,,
5317,,19000000,181000,user_6,255,,
5318,,19000000,0,user_7,255,,
5319,,630000,16400,user_8,255,,
5320,,73000,0,user_9,255,,
5321,,43000000,0,user_12,255,,
5322,,100000,0,user_18,255,,
5323,,120000,0,user_18,255,,
5324,,970000,0,user_19,255,,
5325,,5000000,0,user_21,255,,
5326,,310000,0,user_22,255,,
5327,,110000,14200,user_23,255,,
5328,,2000000,0,user_24,255,,
5329,,120000,0,user_25,255,,
5330,,120000,0,user_25,255,,
5331,,970000,0,user_25,255,,
5332,,310000,0,user_25,255,,
5333,,420000,0,user_26,255,,
5334,,2000000,0,user_27,255,,
5335,,1700000,31700,user_29,255,,
5336,,1200000,0,user_31,255,,
5337,,120000,0,user_34,255,,
5338,,120000,0,user_34,255,,
5339,,360000,17000,user_34,255,,
5340,,3500000,0,user_35,255,,
5341,,160000,0,user_36,255,,
5342,,2300000,0,user_36,255,,
5343,,5000000,0,user_36,255,,
5344,,5200000,0,user_36,255,,
5345,,1600000,0,user_37,255,,
5346,,98000,0,user_37,255,,
5347,,1300000,594000,user_38,255,,
5348,,650000,0,user_39,255,,
5349,,43000000,1100000,user_40,255,,
5350,,190000,0,user_40,255,,
5351,,160000,0,user_41,255,,
5352,,1600000,15300,user_43,255,,
5353,,2400000,0,user_44,255,,
5354,,5000000,5180,user_45,255,,
5355,,1700000,0,user_48,255,,
5401,0,0,0,builder_6,255,255,5349
5349,1,43000000,1100000,user_40,255,255,
5321,2,43000000,0,user_12,255,255,
5402,3,0,0,builder_6,255,255,5317
5317,4,19000000,181000,user_6,255,255,
5318,5,19000000,0,user_7,255,255,
5344,6,5200000,0,user_36,255,255,
5403,7,0,0,builder_6,255,255,5354
5354,8,5000000,5180,user_45,255,255,
5313,9,5000000,0,user_1,255,255,
5325,10,5000000,0,user_21,255,255,
5343,11,5000000,0,user_36,255,255,
5340,12,3500000,0,user_35,255,255,
5353,13,2400000,0,user_44,255,255,
5342,14,2300000,0,user_36,255,255,
5328,15,2000000,0,user_24,255,255,
5334,16,2000000,0,user_27,255,255,
5404,17,0,0,builder_6,255,255,5347
5347,18,1300000,594000,user_38,255,255,
5405,19,0,0,builder_6,255,255,5335
5335,20,1700000,31700,user_29,255,255,
5355,21,1700000,0,user_48,255,255,
5345,22,1600000,0,user_37,255,255,
5406,23,0,0,builder_6,255,255,5316
5316,24,1500000,18600,user_5,255,255,
5336,25,1200000,0,user_31,255,255,
5324,26,970000,0,user_19,255,255,
5331,27,970000,0,user_25,255,255,
5348,28,650000,0,user_39,255,255,
5407,29,0,0,builder_6,255,255,5319
5319,30,630000,16400,user_8,255,255,
5314,31,370000,0,user_1,255,255,
5332,32,310000,0,user_25,255,255,
5350,33,190000,0,user_40,255,255,
5341,34,160000,0,user_36,255,255,
5351,35,160000,0,user_41,255,255,
5327,36,110000,14200,user_23,255,255,
5408,37,0,0,builder_6,255,255,5327
5323,38,120000,0,user_18,255,255,
5329,39,120000,0,user_25,255,255,
5330,40,120000,0,user_25,255,255,
5322,41,100000,0,user_18,255,255,
5346,42,98000,0,user_37,255,255,
5315,43,85000,0,user_4,255,255,
5320,44,73000,0,user_9,255,255,
5421,,170000,0,user_0,256,,
5422,,600000,0,user_1,256,,
5423,,85000,0,user_4,256,,
5424,,2000000,0,user_5,256,,
5425,,160000,0,user_6,256,,
5426,,3500000,0,user_8,256,,
5427,,85000,779000,user_8,256,,
5428,,320000,0,user_9,256,,
5429,,970000,0,user_11,256,,
5430,,350000,0,user_11,256,,
5431,,98000,0,user_14,256,,
5432,,70000,0,user_15,256,,
5433,,120000,0,user_16,256,,
5434,,1100000,0,user_16,256,,
5435,,6300000,56200,user_17,256,,
5436,,5000000,0,user_18,256,,
5437,,1000000,0,user_19,256,,
5438,,630000,0,user_20,256,,
5439,,530000,0,user_20,256,,
5440,,85000,0,user_21,256,,
5441,,2000000,39400,user_22,256,,
5442,,970000,0,user_24,256,,
5443,,1100000,0,user_25,256,,
5444,,19000000,0,user_25,256,,
5445,,87000,0,user_25,256,,
5446,,220000,0,user_25,256,,
5447,,170000,0,user_25,256,,
5448,,470000,0,user_27,256,,
5449,,1500000,0,user_29,256,,
5450,,120000,35600,user_30,256,,
5451,,530000,0,user_31,256,,
5452,,79000,64600,user_32,256,,
5453,,460000,10700,user_33,256,,
5454,,5200000,4320000,user_33,256,,
5455,,1700000,0,user_35,256,,
5456,,170000,0,user_36,256,,
5457,,150000,0,user_37,256,,
5458,,420000,39400,user_37,256,,
5459,,5000000,0,user_37,256,,
5460,,170000,0,user_38,256,,
5461,,2000000,0,user_40,256,,
5462,,6100000,0,user_41,256,,
5463,,1000000,0,user_42,256,,
5464,,240000,0,user_43,256,,
5465,,2100000,0,user_45,256,,
5466,,70000,0,user_45,256,,
5467,,2000000,0,user_47,256,,
5468,,670000,0,user_49,256,,
5444,0,19000000,0,user_25,256,256,
5435,1,6300000,56200,user_17,256,256,
5462,2,6100000,0,user_41,256,256,
5454,3,5200000,4320000,user_33,256,256,
5436,4,5000000,0,user_18,256,256,
5459,5,5000000,0,user_37,256,256,
5426,6,3500000,0,user_8,256,256,
5465,7,2100000,0,user_45,256,256,
5424,8,2000000,0,user_5,256,256,
5441,9,2000000,39400,user_22,256,256,
5461,10,2000000,0,user_40,256,256,
5467,11,2000000,0,user_47,256,256,
5455,12,1700000,0,user_35,256,256,
5449,13,1500000,0,user_29,256,256,
5434,14,1100000,0,user_16,256,256,
5443,15,1100000,0,user_25,256,256,
5463,16,1000000,0,user_42,256,256,
5429,17,970000,0,user_11,256,256,
5468,18,670000,0,user_49,256,256,
5438,19,630000,0,user_20,256,256,
5422,20,600000,0,user_1,256,256,
5439,21,530000,0,user_20,256,256,
5451,22,530000,0,user_31,256,256,
5448,23,470000,0,user_27,256,256,
5453,24,460000,10700,user_33,256,256,
5458,25,420000,39400,user_37,256,256,
5430,26,350000,0,user_11,256,256,
5464,27,240000,0,user_43,256,256,
5446,28,220000,0,user_25,256,256,
5421,29,170000,0,user_0,256,256,
5447,30,170000,0,user_25,256,256,
5456,31,170000,0,user_36,256,256,
5425,32,160000,0,user_6,256,256,
5457,33,150000,0,user_37,256,256,
5433,34,120000,0,user_16,256,256,
5450,35,120000,35600,user_30,256,256,
5445,36,87000,0,user_25,256,256,
5423,37,85000,0,user_4,256,256,
5427,38,85000,779000,user_8,256,256,
5440,39,85000,0,user_21,256,256,
5432,40,70000,0,user_15,256,256,
5466,41,70000,0,user_45,256,256,
5525,,160000,0,user_0,257,,
5526,,2100000,0,user_3,257,,
5527,,170000,0,user_4,257,,
5528,,87000,0,user_6,257,,
5529,,160000,0,user_9,257,,
5530,,370000,0,user_10,257,,
5531,,1100000,0,user_11,257,,
5532,,3500000,0,user_14,257,,
5533,,2100000,769000,user_15,257,,
5534,,98000,769000,user_16,257,,
5535,,82000,0,user_16,257,,
5536,,1000000,0,user_16,257,,
5537,,630000,0,user_16,257,,
5538,,420000,0,user_17,257,,
5539,,660000,0,user_17,257,,
5540,,150000,0,user_17,257,,
5541,,260000,0,user_17,257,,
5542,,160000,0,user_17,257,,
5543,,79000,100000,user_18,257,,
5544,,160000,0,user_19,257,,
5545,,1200000,0,user_20,257,,
5546,,84000,23500,user_20,257,,
5547,,1400000,0,user_21,257,,
5548,,2400000,0,user_22,257,,
5549,,260000,594000,user_23,257,,
5550,,3500000,0,user_24,257,,
5551,,2300000,16400,user_24,257,,
5552,,120000,0,user_25,257,,
5553,,110000,24700,user_26,257,,
5554,,120000,0,user_27,257,,
5555,,370000,0,user_28,257,,
5556,,260000,161000,user_28,257,,
5557,,150000,0,user_29,257,,
5558,,340000,33300,user_30,257,,
5559,,110000,84800,user_31,257,,
5560,,160000,594000,user_32,257,,
5561,,630000,0,user_33,257,,
5562,,630000,75000,user_34,257,,
5563,,110000,0,user_35,257,,
5564,,460000,322000,user_35,257,,
5565,,82000,0,user_36,257,,
5566,,170000,0,user_36,257,,
5567,,1100000,0,user_37,257,,
5568,,910000,0,user_39,257,,
5569,,2500000,0,user_40,257,,
5570,,80000,15300,user_40,257,,
5571,,1900000,0,user_44,257,,
5572,,1200000,959000,user_45,257,,
5573,,2100000,231000,user_47,257,,
5574,,120000,0,user_48,257,,
5575,,320000,0,user_49,257,,
5576,,310000,0,user_49,257,,
5532,0,3500000,0,user_14,257,257,
5550,1,3500000,0,user_24,257,257,
5569,2,2500000,0,user_40,257,257,
5548,3,2400000,0,user_22,257,257,
5551,4,2300000,16400,user_24,257,257,
5526,5,2100000,0,user_3,257,257,
5533,6,2100000,769000,user_15,257,257,
5573,7,2100000,231000,user_47,257,257,
5571,8,1900000,0,user_44,257,257,
5547,9,1400000,0,user_21,257,257,
5545,10,1200000,0,user_20,257,257,
5572,11,1200000,959000,user_45,257,257,
5531,12,1100000,0,user_11,257,257,
5567,13,1100000,0,user_37,257,257,
5536,14,1000000,0,user_16,257,257,
5568,15,910000,0,user_39,257,257,
5539,16,660000,0,user_17,257,257,
5537,17,630000,0,user_16,257,257,
5561,18,630000,0,user_33,257,257,
5562,19,630000,75000,user_34,257,257,
5564,20,460000,322000,user_35,257,257,
5538,21,420000,0,user_17,257,257,
5555,22,370000,0,user_28,257,257,
5558,23,340000,33300,user_30,257,257,
5575,24,320000,0,user_49,257,257,
5576,25,310000,0,user_49,257,257,
5541,26,260000,0,user_17,257,257,
5549,27,260000,594000,user_23,257,257,
5556,28,260000,161000,user_28,257,257,
5527,29,170000,0,user_4,257,257,
5525,30,160000,0,user_0,257,257,
5542,31,160000,0,user_17,257,257,
5544,32,160000,0,user_19,257,257,
5560,33,160000,594000,user_32,257,257,
5540,34,150000,0,user_17,257,257,
5557,35,150000,0,user_29,257,257,
5552,36,120000,0,user_25,257,257,
5553,37,110000,24700,user_26,257,257,
5559,38,110000,84800,user_31,257,257,
5563,39,110000,0,user_35,257,257,
5534,40,98000,769000,user_16,257,257,
5528,41,87000,0,user_6,257,257,
5546,42,84000,23500,user_20,257,257,
5535,43,82000,0,user_16,257,257,
5570,44,80000,15300,user_40,257,257,
5543,45,79000,100000,user_18,257,257,
5685,,3500000,0,user_0,258,,
5686,,160000,0,user_1,258,,
5687,,220000,0,user_2,258,,
5688,,310000,0,user_3,258,,
5689,,1500000,0,user_5,258,,
5690,,150000,15100,user_5,258,,
5691,,120000,0,user_5,258,,
5692,,350000,0,user_6,258,,
5693,,2500000,0,user_7,258,,
5694,,150000,13800,user_8,258,,
5695,,150000,0,user_9,258,,
5696,,5000000,0,user_10,258,,
5697,,98000,0,user_11,258,,
5698,,2500000,16400,user_14,258,,
5699,,120000,0,user_15,258,,
5700,,150000,0,user_15,258,,
5701,,3600000,0,user_17,258,,
5702,,98000,0,user_18,258,,
5703,,1700000,0,user_19,258,,
5704,,150000,0,user_20,258,,
5705,,600000,0,user_23,258,,
5706,,460000,0,user_23,258,,
5707,,970000,0,user_24,258,,
5708,,310000,0,user_25,258,,
5709,,73000,0,user_26,258,,
5710,,120000,285000,user_27,258,,
5711,,190000,35600,user_28,258,,
5712,,2300000,0,user_29,258,,
5713,,2000000,215000,user_29,258,,
5714,,650000,410000,user_30,258,,
5715,,30000000,0,user_30,258,,
5716,,1600000,0,user_30,258,,
5717,,970000,0,user_30,258,,
5718,,310000,0,user_30,258,,
5719,,2500000,5630,user_31,258,,
5720,,4200000,0,user_31,258,,
5721,,160000,0,user_32,258,,
5722,,6300000,0,user_32,258,,
5723,,1000000,0,user_33,258,,
5724,,2000000,256000,user_34,258,,
5725,,1600000,0,user_34,258,,
5726,,160000,0,user_34,258,,
5727,,85000,0,user_34,258,,
5728,,630000,0,user_34,258,,
5729,,1600000,39400,user_35,258,,
5730,,2600000,0,user_36,258,,
5731,,83000,0,user_37,258,,
5732,,420000,0,user_38,258,,
5733,,170000,0,user_39,258,,
5734,,170000,47700,user_40,258,,
5735,,370000,0,user_41,258,,
5736,,1400000,0,user_42,258,,
5737,,110000,0,user_44,258,,
5738,,150000,84800,user_45,258,,
5739,,4200000,0,user_45,258,,
5740,,310000,0,user_46,258,,
5741,,6300000,510000,user_48,258,,
5742,,1000000,0,user_48,258,,
5743,,300000,0,user_48,258,,
5744,,600000,0,user_48,258,,
5715,0,30000000,0,user_30,258,258,
5722,1,6300000,0,user_32,258,258,
5741,2,6300000,510000,user_48,258,258,
5696,3,5000000,0,user_10,258,258,
5720,4,4200000,0,user_31,258,258,
5739,5,4200000,0,user_45,258,258,
5701,6,3600000,0,user_17,258,258,
5685,7,3500000,0,user_0,258,258,
5730,8,2600000,0,user_36,258,258,
5693,9,2500000,0,user_7,258,258,
5698,10,2500000,16400,user_14,258,258,
5719,11,2500000,5630,user_31,258,258,
5712,12,2300000,0,user_29,258,258,
5713,13,2000000,215000,user_29,258,258,
5724,14,2000000,256000,user_34,258,258,
5703,15,1700000,0,user_19,258,258,
5716,16,1600000,0,user_30,258,258,
5725,17,1600000,0,user_34,258,258,
5729,18,1600000,39400,user_35,258,258,
5689,19,1500000,0,user_5,258,258,
5736,20,1400000,0,user_42,258,258,
5723,21,1000000,0,user_33,258,258,
5742,22,1000000,0,user_48,258,258,
5707,23,970000,0,user_24,258,258,
5717,24,970000,0,user_30,258,258,
5714,25,650000,410000,user_30,258,258,
5728,26,630000,0,user_34,258,258,
5705,27,600000,0,user_23,258,258,
5744,28,600000,0,user_48,258,258,
5706,29,460000,0,user_23,258,258,
5732,30,420000,0,user_38,258,258,
5735,31,370000,0,user_41,258,258,
5692,32,350000,0,user_6,258,258,
5688,33,310000,0,user_3,258,258,
5708,34,310000,0,user_25,258,258,
5718,35,310000,0,user_30,258,258,
5740,36,310000,0,user_46,258,258,
5743,37,300000,0,user_48,258,258,
5687,38,220000,0,user_2,258,258,
5734,39,170000,47700,user_40,258,258,
5721,40,160000,0,user_32,258,258,
5726,41,160000,0,user_34,258,258,
5690,42,150000,15100,user_5,258,258,
5694,43,150000,13800,user_8,258,258,
5695,44,150000,0,user_9,258,258,
5700,45,150000,0,user_15,258,258,
5704,46,150000,0,user_20,258,258,
5738,47,150000,84800,user_45,258,258,
5691,48,120000,0,user_5,258,258,
5699,49,120000,0,user_15,258,258,
5710,50,120000,285000,user_27,258,258,
5737,51,110000,0,user_44,258,258,
5697,52,98000,0,user_11,258,258,
5702,53,98000,0,user_18,258,258,
5727,54,85000,0,user_34,258,258,
5835,,120000,0,user_0,259,,
5836,,910000,0,user_1,259,,
5837,,420000,0,user_3,259,,
5838,,1000000,0,user_4,259,,
5839,,1500000,0,user_6,259,,
5840,,220000,4320000,user_7,259,,
5841,,460000,0,user_10,259,,
5842,,220000,0,user_12,259,,
5843,,1500000,0,user_13,259,,
5844,,82000,0,user_14,259,,
5845,,870000,0,user_15,259,,
5846,,150000,0,user_16,259,,
5847,,79000,0,user_18,259,,
5848,,1600000,0,user_19,259,,
5849,,130000,0,user_20,259,,
5850,,3200000,0,user_21,259,,
5851,,100000,14200,user_22,259,,
5852,,1400000,0,user_22,259,,
5853,,160000,0,user_24,259,,
5854,,19000000,13900,user_24,259,,
5855,,1600000,11200,user_24,259,,
5856,,73000,32900,user_25,259,,
5857,,83000,0,user_25,259,,
5858,,650000,0,user_29,259,,
5859,,2000000,0,user_31,259,,
5860,,660000,0,user_33,259,,
5861,,85000,0,user_33,259,,
5862,,1100000,0,user_34,259,,
5863,,5000000,0,user_38,259,,
5864,,1900000,0,user_39,259,,
5865,,1200000,33100,user_40,259,,
5866,,19000000,0,user_41,259,,
5867,,1700000,0,user_41,259,,
5868,,300000,0,user_44,259,,
5869,,170000,0,user_45,259,,
5870,,170000,0,user_46,259,,
5871,,3200000,155000,user_46,259,,
5872,,1500000,0,user_48,259,,
5873,,1500000,0,user_48,259,,
5874,,5200000,0,user_49,259,,
5854,0,19000000,13900,user_24,259,259,
5885,1,0,0,builder_2,259,259,5854
5866,2,19000000,0,user_41,259,259,
5874,3,5200000,0,user_49,259,259,
5863,4,5000000,0,user_38,259,259,
5886,5,0,0,builder_2,259,259,5871
5871,6,3200000,155000,user_46,259,259,
5850,7,3200000,0,user_21,259,259,
5859,8,2000000,0,user_31,259,259,
5864,9,1900000,0,user_39,259,259,
5867,10,1700000,0,user_41,259,259,
5887,11,0,0,builder_2,259,259,5855
5855,12,1600000,11200,user_24,259,259,
5848,13,1600000,0,user_19,259,259,
5839,14,1500000,0,user_6,259,259,
5843,15,1500000,0,user_13,259,259,
5872,16,1500000,0,user_48,259,259,
5873,17,1500000,0,user_48,259,259,
5852,18,1400000,0,user_22,259,259,
5865,19,1200000,33100,user_40,259,259,
5888,20,0,0,builder_2,259,259,5865
5862,21,1100000,0,user_34,259,259,
5836,22,910000,0,user_1,259,259,
5845,23,870000,0,user_15,259,259,
5858,24,650000,0,user_29,259,259,
5841,25,460000,0,user_10,259,259,
5837,26,420000,0,user_3,259,259,
5869,27,170000,0,user_45,259,259,
5870,28,170000,0,user_46,259,259,
5853,29,160000,0,user_24,259,259,
5846,30,150000,0,user_16,259,259,
5835,31,120000,0,user_0,259,259,
5851,32,100000,14200,user_22,259,259,
5889,33,0,0,builder_2,259,259,5851
5856,34,73000,32900,user_25,259,259,
5890,35,0,0,builder_2,259,259,5856
5857,36,83000,0,user_25,259,259,
5844,37,82000,0,user_14,259,259,
5922,,130000,0,user_0,260,,
5923,,150000,0,user_1,260,,
5924,,30000000,0,user_2,260,,
5925,,660000,0,user_2,260,,
5926,,1600000,0,user_3,260,,
5927,,5000000,215000,user_4,260,,
5928,,310000,7190000,user_4,260,,
5929,,910000,12300,user_5,260,,
5930,,6100000,18600,user_6,260,,
5931,,420000,0,user_7,260,,
5932,,1700000,0,user_9,260,,
5933,,970000,0,user_10,260,,
5934,,1500000,75000,user_12,260,,
5935,,3200000,0,user_12,260,,
5936,,1500000,0,user_12,260,,
5937,,4500000,0,user_12,260,,
5938,,2100000,0,user_13,260,,
5939,,150000,164000,user_14,260,,
5940,,220000,0,user_17,260,,
5941,,870000,15300,user_17,260,,
5942,,82000,13900,user_17,260,,
5943,,1000000,0,user_19,260,,
5944,,1000000,0,user_19,260,,
5945,,150000,0,user_20,260,,
5946,,5000000,0,user_20,260,,
5947,,5000000,0,user_23,260,,
5948,,910000,0,user_24,260,,
5949,,320000,0,user_26,260,,
5950,,80000,0,user_27,260,,
5951,,2400000,0,user_29,260,,
5952,,360000,0,user_31,260,,
5953,,100000,0,user_33,260,,
5954,,370000,0,user_33,260,,
5955,,73000,0,user_34,260,,
5956,,4500000,0,user_34,260,,
5957,,300000,0,user_35,260,,
5958,,150000,0,user_36,260,,
5959,,190000,7190000,user_37,260,,
5960,,1200000,0,user_38,260,,
5961,,1000000,0,user_39,260,,
5962,,160000,0,user_39,260,,
5963,,1500000,0,user_40,260,,
5964,,1900000,0,user_41,260,,
5965,,98000,0,user_42,260,,
5966,,360000,0,user_42,260,,
5967,,84000,0,user_43,260,,
5968,,3500000,0,user_45,260,,
5969,,79000,0,user_45,260,,
5970,,5000000,0,user_46,260,,
5971,,2300000,3130,user_47,260,,
5972,,6300000,0,user_47,260,,
5973,,160000,0,user_47,260,,
5974,,3600000,0,user_48,260,,
5975,,5000000,181000,user_49,260,,
5924,0,30000000,0,user_2,260,260,
5972,1,6300000,0,user_47,260,260,
5930,2,6100000,18600,user_6,260,260,
5927,3,5000000,215000,user_4,260,260,
5946,4,5000000,0,user_20,260,260,
5947,5,5000000,0,user_23,260,260,
5970,6,5000000,0,user_46,260,260,
5975,7,5000000,181000,user_49,260,260,
5937,8,4500000,0,user_12,260,260,
5956,9,4500000,0,user_34,260,260,
5974,10,3600000,0,user_48,260,260,
5968,11,3500000,0,user_45,260,260,
5935,12,3200000,0,user_12,260,260,
5951,13,2400000,0,user_29,260,260,
5971,14,2300000,3130,user_47,260,260,
5938,15,2100000,0,user_13,260,260,
5932,16,1700000,0,user_9,260,260,
5934,17,1500000,75000,user_12,260,260,
5936,18,1500000,0,user_12,260,260,
5963,19,1500000,0,user_40,260,260,
5960,20,1200000,0,user_38,260,260,
5943,21,1000000,0,user_19,260,260,
5944,22,1000000,0,user_19,260,260,
5961,23,1000000,0,user_39,260,260,
5933,24,970000,0,user_10,260,260,
5929,25,910000,12300,user_5,260,260,
5948,26,910000,0,user_24,260,260,
5941,27,870000,15300,user_17,260,260,
5925,28,660000,0,user_2,260,260,
5931,29,420000,0,user_7,260,260,
5952,30,360000,0,user_31,260,260,
5966,31,360000,0,user_42,260,260,
5949,32,320000,0,user_26,260,260,
5928,33,310000,7190000,user_4,260,260,
5957,34,300000,0,user_35,260,260,
5940,35,220000,0,user_17,260,260,
5959,36,190000,7190000,user_37,260,260,
5962,37,160000,0,user_39,260,260,
5973,38,160000,0,user_47,260,260,
5923,39,150000,0,user_1,260,260,
5939,40,150000,164000,user_14,260,260,
5945,41,150000,0,user_20,260,260,
5922,42,130000,0,user_0,260,260,
5965,43,98000,0,user_42,260,260,
5942,44,82000,13900,user_17,260,260,
5969,45,79000,0,user_45,260,260,
5955,46,73000,0,user_34,260,260,
6051,,370000,0,user_0,261,,
6052,,2300000,0,user_2,261,,
6053,,1600000,0,user_3,261,,
6054,,170000,0,user_4,261,,
6055,,310000,0,user_4,261,,
6056,,420000,0,user_5,261,,
6057,,70000,0,user_6,261,,
6058,,150000,0,user_6,261,,
6059,,3500000,0,user_7,261,,
6060,,1500000,0,user_8,261,,
6061,,420000,0,user_8,261,,
6062,,1500000,0,user_10,261,,
6063,,2000000,66100,user_11,261,,
6064,,120000,0,user_15,261,,
6065,,110000,19700,user_15,261,,
6066,,320000,0,user_16,261,,
6067,,30000000,0,user_17,261,,
6068,,110000,0,user_17,261,,
6069,,110000,350000,user_18,261,,
6070,,1800000,0,user_19,261,,
6071,,82000,0,user_20,261,,
6072,,80000,0,user_21,261,,
6073,,2300000,0,user_21,261,,
6074,,260000,0,user_21,261,,
6075,,2100000,0,user_21,261,,
6076,,4500000,161000,user_21,261,,
6077,,170000,0,user_23,261,,
6078,,110000,0,user_23,261,,
6079,,1100000,0,user_23,261,,
6080,,98000,0,user_24,261,,
6081,,83000,0,user_25,261,,
6082,,1600000,0,user_29,261,,
6083,,110000,0,user_33,261,,
6084,,77000,0,user_33,261,,
6085,,19000000,0,user_34,261,,
6086,,240000,0,user_35,261,,
6087,,30000000,0,user_35,261,,
6088,,1500000,0,user_36,261,,
6089,,79000,0,user_37,261,,
6090,,120000,0,user_38,261,,
6091,,220000,0,user_38,261,,
6092,,2000000,0,user_39,261,,
6093,,660000,0,user_40,261,,
6094,,80000,56200,user_41,261,,
6095,,100000,164000,user_42,261,,
6096,,27000000,0,user_43,261,,
6097,,1200000,0,user_43,261,,
6098,,1000000,0,user_44,261,,
6099,,220000,0,user_44,261,,
6100,,160000,195000,user_46,261,,
6101,,220000,23500,user_47,261,,
6102,,1600000,0,user_47,261,,
6103,,160000,0,user_48,261,,
6104,,4500000,0,user_49,261,,
6067,0,30000000,0,user_17,261,261,
6087,1,30000000,0,user_35,261,261,
6096,2,27000000,0,user_43,261,261,
6085,3,19000000,0,user_34,261,261,
6076,4,4500000,161000,user_21,261,261,
6104,5,4500000,0,user_49,261,261,
6059,6,3500000,0,user_7,261,261,
6052,7,2300000,0,user_2,261,261,
6073,8,2300000,0,user_21,261,261,
6075,9,2100000,0,user_21,261,261,
6063,10,2000000,66100,user_11,261,261,
6092,11,2000000,0,user_39,261,261,
6053,12,1600000,0,user_3,261,261,
6082,13,1600000,0,user_29,261,261,
6102,14,1600000,0,user_47,261,261,
6060,15,1500000,0,user_8,261,261,
6062,16,1500000,0,user_10,261,261,
6088,17,1500000,0,user_36,261,261,
6097,18,1200000,0,user_43,261,261,
6079,19,1100000,0,user_23,261,261,
6098,20,1000000,0,user_44,261,261,
6093,21,660000,0,user_40,261,261,
6056,22,420000,0,user_5,261,261,
6061,23,420000,0,user_8,261,261,
6051,24,370000,0,user_0,261,261,
6066,25,320000,0,user_16,261,261,
6055,26,310000,0,user_4,261,261,
6074,27,260000,0,user_21,261,261,
6086,28,240000,0,user_35,261,261,
6099,29,220000,0,user_44,261,261,
6101,30,220000,23500,user_47,261,261,
6054,31,170000,0,user_4,261,261,
6077,32,170000,0,user_23,261,261,
6100,33,160000,195000,user_46,261,261,
6058,34,150000,0,user_6,261,261,
6064,35,120000,0,user_15,261,261,
6065,36,110000,19700,user_15,261,261,
6068,37,110000,0,user_17,261,261,
6069,38,110000,350000,user_18,261,261,
6078,39,110000,0,user_23,261,261,
6083,40,110000,0,user_33,261,261,
6095,41,100000,164000,user_42,261,261,
6081,42,83000,0,user_25,261,261,
6071,43,82000,0,user_20,261,261,
6072,44,80000,0,user_21,261,261,
6094,45,80000,56200,user_41,261,261,
6089,46,79000,0,user_37,261,261,
6084,47,77000,0,user_33,261,261,
6057,48,70000,0,user_6,261,261,
6158,,2500000,13800,user_0,262,,
6159,,1100000,0,user_1,262,,
6160,,2600000,0,user_2,262,,
6161,,870000,0,user_3,262,,
6162,,190000,0,user_3,262,,
6163,,160000,0,user_3,262,,
6164,,670000,0,user_3,262,,
6165,,82000,0,user_3,262,,
6166,,220000,0,user_4,262,,
6167,,1200000,0,user_7,262,,
6168,,80000,0,user_8,262,,
6169,,80000,155000,user_11,262,,
6170,,2400000,0,user_13,262,,
6171,,170000,0,user_14,262,,
6172,,120000,0,user_14,262,,
6173,,370000,0,user_15,262,,
6174,,150000,0,user_15,262,,
6175,,600000,0,user_15,262,,
6176,,6300000,0,user_15,262,,
6177,,600000,14200,user_18,262,,
6178,,660000,0,user_18,262,,
6179,,370000,0,user_18,262,,
6180,,98000,0,user_19,262,,
6181,,460000,0,user_19,262,,
6182,,79000,0,user_21,262,,
6183,,83000,0,user_22,262,,
6184,,220000,0,user_22,262,,
6185,,84000,0,user_23,262,,
6186,,1200000,0,user_23,262,,
6187,,83000,0,user_24,262,,
6188,,4200000,0,user_26,262,,
6189,,2100000,0,user_28,262,,
6190,,2000000,0,user_30,262,,
6191,,120000,0,user_31,262,,
6192,,77000,23500,user_32,262,,
6193,,310000,0,user_33,262,,
6194,,260000,0,user_34,262,,
6195,,120000,0,user_34,262,,
6196,,3500000,0,user_34,262,,
6197,,120000,0,user_34,262,,
6198,,420000,0,user_35,262,,
6199,,110000,0,user_37,262,,
6200,,4200000,0,user_38,262,,
6201,,120000,0,user_39,262,,
6202,,160000,0,user_40,262,,
6203,,1500000,0,user_41,262,,
6204,,1700000,0,user_44,262,,
6205,,910000,21800,user_44,262,,
6206,,630000,0,user_48,262,,
6207,,460000,0,user_49,262,,
6208,,70000,0,user_49,262,,
6176,0,6300000,0,user_15,262,262,
6188,1,4200000,0,user_26,262,262,
6200,2,4200000,0,user_38,262,262,
6196,3,3500000,0,user_34,262,262,
6160,4,2600000,0,user_2,262,262,
6158,5,2500000,13800,user_0,262,262,
6221,6,0,0,builder_3,262,262,6158
6170,7,2400000,0,user_13,262,262,
6189,8,2100000,0,user_28,262,262,
6190,9,2000000,0,user_30,262,262,
6204,10,1700000,0,user_44,262,262,
6203,11,1500000,0,user_41,262,262,
6167,12,1200000,0,user_7,262,262,
6186,13,1200000,0,user_23,262,262,
6205,14,910000,21800,user_44,262,262,
6222,15,0,0,builder_3,262,262,6205
6161,16,870000,0,user_3,262,262,
6164,17,670000,0,user_3,262,262,
6178,18,660000,0,user_18,262,262,
6206,19,630000,0,user_48,262,262,
6177,20,600000,14200,user_18,262,262,
6223,21,0,0,builder_3,262,262,6177
6175,22,600000,0,user_15,262,262,
6181,23,460000,0,user_19,262,262,
6207,24,460000,0,user_49,262,262,
6198,25,420000,0,user_35,262,262,
6173,26,370000,0,user_15,262,262,
6179,27,370000,0,user_18,262,262,
6193,28,310000,0,user_33,262,262,
6194,29,260000,0,user_34,262,262,
6224,30,0,0,builder_3,262,262,6169
6169,31,80000,155000,user_11,262,262,
6166,32,220000,0,user_4,262,262,
6184,33,220000,0,user_22,262,262,
6162,34,190000,0,user_3,262,262,
6171,35,170000,0,user_14,262,262,
6163,36,160000,0,user_3,262,262,
6202,37,160000,0,user_40,262,262,
6174,38,150000,0,user_15,262,262,
6172,39,120000,0,user_14,262,262,
6191,40,120000,0,user_31,262,262,
6195,41,120000,0,user_34,262,262,
6197,42,120000,0,user_34,262,262,
6201,43,120000,0,user_39,262,262,
6199,44,110000,0,user_37,262,262,
6192,45,77000,23500,user_32,262,262,
6225,46,0,0,builder_3,262,262,6192
6180,47,98000,0,user_19,262,262,
6185,48,84000,0,user_23,262,262,
6183,49,83000,0,user_22,262,262,
6187,50,83000,0,user_24,262,262,
6165,51,82000,0,user_3,262,262,
6182,52,79000,0,user_21,262,262,
6208,53,70000,0,user_49,262,262,
6247,,2000000,0,user_2,263,,
6248,,43000000,0,user_3,263,,
6249,,1800000,0,user_4,263,,
6250,,130000,15300,user_5,263,,
6251,,1000000,0,user_6,263,,
6252,,220000,0,user_7,263,,
6253,,1500000,0,user_9,263,,
6254,,120000,0,user_10,263,,
6255,,1400000,15300,user_10,263,,
6256,,110000,0,user_12,263,,
6257,,260000,0,user_13,263,,
6258,,1700000,31700,user_13,263,,
6259,,2000000,0,user_14,263,,
6260,,1500000,0,user_16,263,,
6261,,150000,0,user_17,263,,
6262,,3500000,0,user_17,263,,
6263,,130000,0,user_18,263,,
6264,,84000,46500,user_18,263,,
6265,,1100000,0,user_20,263,,
6266,,420000,0,user_21,263,,
6267,,110000,0,user_23,263,,
6268,,77000,0,user_25,263,,
6269,,160000,0,user_25,263,,
6270,,910000,0,user_25,263,,
6271,,170000,959000,user_26,263,,
6272,,1000000,108000,user_27,263,,
6273,,77000,84800,user_28,263,,
6274,,1400000,0,user_28,263,,
6275,,460000,0,user_28,263,,
6276,,79000,0,user_30,263,,
6277,,150000,35600,user_30,263,,
6278,,420000,0,user_31,263,,
6279,,6100000,0,user_31,263,,
6280,,420000,0,user_32,263,,
6281,,600000,510000,user_32,263,,
6282,,6100000,84800,user_33,263,,
6283,,150000,0,user_35,263,,
6284,,1500000,0,user_36,263,,
6285,,87000,0,user_36,263,,
6286,,1500000,10700,user_36,263,,
6287,,1000000,0,user_36,263,,
6288,,4500000,0,user_36,263,,
6289,,970000,0,user_37,263,,
6290,,910000,322000,user_41,263,,
6291,,630000,0,user_44,263,,
6292,,110000,0,user_44,263,,
6293,,1400000,155000,user_47,263,,
6294,,1200000,779000,user_47,263,,
6248,0,43000000,0,user_3,263,263,
6282,1,6100000,84800,user_33,263,263,
6295,2,0,0,builder_0,263,263,6282
6279,3,6100000,0,user_31,263,263,
6288,4,4500000,0,user_36,263,263,
6262,5,3500000,0,user_17,263,263,
6247,6,2000000,0,user_2,263,263,
6259,7,2000000,0,user_14,263,263,
6294,8,1200000,779000,user_47,263,263,
6296,9,0,0,builder_0,263,263,6294
6258,10,1700000,31700,user_13,263,263,
6297,11,0,0,builder_0,263,263,6258
6298,12,0,0,builder_0,263,263,6293
6293,13,1400000,155000,user_47,263,263,
6299,14,0,0,builder_0,263,263,6286
6286,15,1500000,10700,user_36,263,263,
6253,16,1500000,0,user_9,263,263,
6260,17,1500000,0,user_16,263,263,
6284,18,1500000,0,user_36,263,263,
6300,19,0,0,builder_0,263,263,6255
6255,20,1400000,15300,user_10,263,263,
6274,21,1400000,0,user_28,263,263,
6290,22,910000,322000,user_41,263,263,
6301,23,0,0,builder_0,263,263,6290
6271,24,170000,959000,user_26,263,263,
6302,25,0,0,builder_0,263,263,6271
6281,26,600000,510000,user_32,263,263,
6303,27,0,0,builder_0,263,263,6281
6272,28,1000000,108000,user_27,263,263,
6304,29,0,0,builder_0,263,263,6272
6265,30,1100000,0,user_20,263,263,
6251,31,1000000,0,user_6,263,263,
6287,32,1000000,0,user_36,263,263,
6289,33,970000,0,user_37,263,263,
6270,34,910000,0,user_25,263,263,
6291,35,630000,0,user_44,263,263,
6275,36,460000,0,user_28,263,263,
6266,37,420000,0,user_21,263,263,
6278,38,420000,0,user_31,263,263,
6280,39,420000,0,user_32,263,263,
6257,40,260000,0,user_13,263,263,
6252,41,220000,0,user_7,263,263,
6305,42,0,0,builder_0,263,263,6277
6277,43,150000,35600,user_30,263,263,
6306,44,0,0,builder_0,263,263,6273
6273,45,77000,84800,user_28,263,263,
6269,46,160000,0,user_25,263,263,
6261,47,150000,0,user_17,263,263,
6283,48,150000,0,user_35,263,263,
6307,49,0,0,builder_0,263,263,6264
6264,50,84000,46500,user_18,263,263,
6263,51,130000,0,user_18,263,263,
6254,52,120000,0,user_10,263,263,
6267,53,110000,0,user_23,263,263,
6292,54,110000,0,user_44,263,263,
6285,55,87000,0,user_36,263,263,
6276,56,79000,0,user_30,263,263,
6268,57,77000,0,user_25,263,263,
6394,,6300000,0,user_2,264,,
6395,,530000,164000,user_5,264,,
6396,,1000000,0,user_5,264,,
6397,,1100000,0,user_7,264,,
6398,,84000,0,user_8,264,,
6399,,150000,0,user_9,264,,
6400,,27000000,0,user_11,264,,
6401,,220000,0,user_12,264,,
6402,,77000,0,user_14,264,,
6403,,150000,0,user_15,264,,
6404,,650000,0,user_16,264,,
6405,,3500000,0,user_16,264,,
6406,,3200000,0,user_17,264,,
6407,,43000000,0,user_17,264,,
6408,,84000,0,user_18,264,,
6409,,1200000,0,user_22,264,,
6410,,2100000,0,user_23,264,,
6411,,340000,0,user_25,264,,
6412,,2500000,14200,user_25,264,,
6413,,160000,0,user_28,264,,
6414,,98000,0,user_29,264,,
6415,,170000,0,user_29,264,,
6416,,100000,0,user_29,264,,
6417,,3200000,0,user_33,264,,
6418,,130000,0,user_33,264,,
6419,,650000,0,user_35,264,,
6420,,150000,0,user_35,264,,
6421,,5000000,0,user_36,264,,
6422,,160000,17000,user_38,264,,
6423,,470000,0,user_39,264,,
6424,,43000000,0,user_40,264,,
6425,,2500000,0,user_45,264,,
6426,,220000,0,user_45,264,,
6427,,320000,0,user_46,264,,
6428,,19000000,0,user_48,264,,
6429,,79000,0,user_48,264,,
6430,,1600000,0,user_49,264,,
6407,0,43000000,0,user_17,264,264,
6424,1,43000000,0,user_40,264,264,
6400,2,27000000,0,user_11,264,264,
6428,3,19000000,0,user_48,264,264,
6394,4,6300000,0,user_2,264,264,
6421,5,5000000,0,user_36,264,264,
6405,6,3500000,0,user_16,264,264,
6406,7,3200000,0,user_17,264,264,
6417,8,3200000,0,user_33,264,264,
6412,9,2500000,14200,user_25,264,264,
6425,10,2500000,0,user_45,264,264,
6410,11,2100000,0,user_23,264,264,
6430,12,1600000,0,user_49,264,264,
6409,13,1200000,0,user_22,264,264,
6397,14,1100000,0,user_7,264,264,
6396,15,1000000,0,user_5,264,264,
6404,16,650000,0,user_16,264,264,
6419,17,650000,0,user_35,264,264,
6395,18,530000,164000,user_5,264,264,
6411,19,340000,0,user_25,264,264,
6427,20,320000,0,user_46,264,264,
6426,21,220000,0,user_45,264,264,
6415,22,170000,0,user_29,264,264,
6422,23,160000,17000,user_38,264,264,
6399,24,150000,0,user_9,264,264,
6403,25,150000,0,user_15,264,264,
6420,26,150000,0,user_35,264,264,
6418,27,130000,0,user_33,264,264,
6416,28,100000,0,user_29,264,264,
6414,29,98000,0,user_29,264,264,
6398,30,84000,0,user_8,264,264,
6408,31,84000,0,user_18,264,264,
6429,32,79000,0,user_48,264,264,
6402,33,77000,0,user_14,264,264,
6453,,120000,0,user_0,265,,
6454,,2500000,139000,user_0,265,,
6455,,260000,0,user_1,265,,
6456,,650000,0,user_3,265,,
6457,,650000,6390,user_4,265,,
6458,,160000,15100,user_4,265,,
6459,,120000,0,user_5,265,,
6460,,370000,0,user_6,265,,
6461,,170000,0,user_6,265,,
6462,,3500000,0,user_7,265,,
6463,,1100000,0,user_8,265,,
6464,,85000,0,user_10,265,,
6465,,600000,0,user_10,265,,
6466,,3500000,0,user_11,265,,
6467,,220000,0,user_11,265,,
6468,,27000000,0,user_12,265,,
6469,,650000,0,user_13,265,,
6470,,5000000,0,user_13,265,,
6471,,970000,0,user_14,265,,
6472,,870000,0,user_15,265,,
6473,,110000,0,user_15,265,,
6474,,220000,0,user_16,265,,
6475,,1900000,5180,user_18,265,,
6476,,530000,0,user_19,265,,
6477,,970000,0,user_19,265,,
6478,,120000,0,user_19,265,,
6479,,460000,0,user_20,265,,
6480,,83000,68100,user_21,265,,
6481,,1100000,0,user_22,265,,
6482,,340000,0,user_23,265,,
6483,,910000,0,user_24,265,,
6484,,110000,0,user_25,265,,
6485,,110000,0,user_26,265,,
6486,,2000000,11200,user_26,265,,
6487,,30000000,0,user_27,265,,
6488,,170000,0,user_29,265,,
6489,,260000,0,user_30,265,,
6490,,1500000,0,user_30,265,,
6491,,73000,0,user_30,265,,
6492,,5000000,0,user_30,265,,
6493,,460000,0,user_30,265,,
6494,,6300000,0,user_31,265,,
6495,,600000,6390,user_33,265,,
6496,,310000,0,user_34,265,,
6497,,310000,0,user_34,265,,
6498,,1900000,0,user_35,265,,
6499,,160000,0,user_37,265,,
6500,,83000,0,user_39,265,,
6501,,1500000,0,user_40,265,,
6502,,420000,0,user_41,265,,
6503,,370000,0,user_42,265,,
6504,,30000000,0,user_44,265,,
6505,,260000,0,user_45,265,,
6506,,1600000,0,user_45,265,,
6507,,260000,0,user_45,265,,
6508,,160000,0,user_47,265,,
6487,0,30000000,0,user_27,265,265,
6504,1,30000000,0,user_44,265,265,
6468,2,27000000,0,user_12,265,265,
6494,3,6300000,0,user_31,265,265,
6470,4,5000000,0,user_13,265,265,
6492,5,5000000,0,user_30,265,265,
6462,6,3500000,0,user_7,265,265,
6466,7,3500000,0,user_11,265,265,
6454,8,2500000,139000,user_0,265,265,
6486,9,2000000,11200,user_26,265,265,
6475,10,1900000,5180,user_18,265,265,
6498,11,1900000,0,user_35,265,265,
6506,12,1600000,0,user_45,265,265,
6490,13,1500000,0,user_30,265,265,
6501,14,1500000,0,user_40,265,265,
6463,15,1100000,0,user_8,265,265,
6481,16,1100000,0,user_22,265,265,
6472,17,870000,0,user_15,265,265,
6456,18,650000,0,user_3,265,265,
6457,19,650000,6390,user_4,265,265,
6469,20,650000,0,user_13,265,265,
6465,21,600000,0,user_10,265,265,
6495,22,600000,6390,user_33,265,265,
6479,23,460000,0,user_20,265,265,
6493,24,460000,0,user_30,265,265,
6502,25,420000,0,user_41,265,265,
6460,26,370000,0,user_6,265,265,
6503,27,370000,0,user_42,265,265,
6482,28,340000,0,user_23,265,265,
6496,29,310000,0,user_34,265,265,
6497,30,310000,0,user_34,265,265,
6455,31,260000,0,user_1,265,265,
6489,32,260000,0,user_30,265,265,
6505,33,260000,0,user_45,265,265,
6507,34,260000,0,user_45,265,265,
6467,35,220000,0,user_11,265,265,
6474,36,220000,0,user_16,265,265,
6461,37,170000,0,user_6,265,265,
6488,38,170000,0,user_29,265,265,
6458,39,160000,15100,user_4,265,265,
6499,40,160000,0,user_37,265,265,
6508,41,160000,0,user_47,265,265,
6453,42,120000,0,user_0,265,265,
6459,43,120000,0,user_5,265,265,
6473,44,110000,0,user_15,265,265,
6484,45,110000,0,user_25,265,265,
6485,46,110000,0,user_26,265,265,
6464,47,85000,0,user_10,265,265,
6480,48,83000,68100,user_21,265,265,
6500,49,83000,0,user_39,265,265,
6491,50,73000,0,user_30,265,265,
6559,,6100000,15300,user_1,266,,
6560,,1300000,84800,user_2,266,,
6561,,84000,0,user_3,266,,
6562,,660000,0,user_5,266,,
6563,,4200000,0,user_6,266,,
6564,,73000,49100,user_6,266,,
6565,,160000,12300,user_6,266,,
6566,,170000,0,user_11,266,,
6567,,2100000,0,user_13,266,,
6568,,77000,0,user_15,266,,
6569,,130000,139000,user_16,266,,
6570,,1600000,0,user_17,266,,
6571,,110000,0,user_18,266,,
6572,,70000,0,user_18,266,,
6573,,77000,0,user_19,266,,
6574,,19000000,0,user_19,266,,
6575,,79000,0,user_20,266,,
6576,,460000,0,user_23,266,,
6577,,1800000,0,user_23,266,,
6578,,600000,13900,user_24,266,,
6579,,220000,0,user_25,266,,
6580,,260000,0,user_26,266,,
6581,,2000000,0,user_27,266,,
6582,,1500000,215000,user_28,266,,
6583,,2000000,0,user_29,266,,
6584,,220000,0,user_30,266,,
6585,,2500000,32900,user_30,266,,
6586,,2600000,0,user_30,266,,
6587,,150000,350000,user_31,266,,
6588,,120000,0,user_33,266,,
6589,,2300000,0,user_33,266,,
6590,,1600000,0,user_34,266,,
6591,,600000,100000,user_34,266,,
6592,,310000,0,user_36,266,,
6593,,110000,0,user_37,266,,
6594,,120000,0,user_38,266,,
6595,,260000,0,user_38,266,,
6596,,260000,0,user_39,266,,
6597,,2000000,0,user_40,266,,
6598,,470000,0,user_41,266,,
6599,,77000,231000,user_42,266,,
6600,,3200000,0,user_44,266,,
6601,,870000,0,user_45,266,,
6602,,160000,0,user_45,266,,
6603,,600000,0,user_46,266,,
6604,,470000,181000,user_46,266,,
6605,,3200000,56200,user_47,266,,
6606,,220000,0,user_48,266,,
6607,,420000,0,user_49,266,,
6574,0,19000000,0,user_19,266,266,
6559,1,6100000,15300,user_1,266,266,
6563,2,4200000,0,user_6,266,266,
6600,3,3200000,0,user_44,266,266,
6605,4,3200000,56200,user_47,266,266,
6586,5,2600000,0,user_30,266,266,
6585,6,2500000,32900,user_30,266,266,
6589,7,2300000,0,user_33,266,266,
6567,8,2100000,0,user_13,266,266,
6581,9,2000000,0,user_27,266,266,
6583,10,2000000,0,user_29,266,266,
6597,11,2000000,0,user_40,266,266,
6577,12,1800000,0,user_23,266,266,
6570,13,1600000,0,user_17,266,266,
6590,14,1600000,0,user_34,266,266,
6582,15,1500000,215000,user_28,266,266,
6560,16,1300000,84800,user_2,266,266,
6562,17,660000,0,user_5,266,266,
6578,18,600000,13900,user_24,266,266,
6591,19,600000,100000,user_34,266,266,
6576,20,460000,0,user_23,266,266,
6607,21,420000,0,user_49,266,266,
6592,22,310000,0,user_36,266,266,
6580,23,260000,0,user_26,266,266,
6595,24,260000,0,user_38,266,266,
6596,25,260000,0,user_39,266,266,
6579,26,220000,0,user_25,266,266,
6584,27,220000,0,user_30,266,266,
6606,28,220000,0,user_48,266,266,
6565,29,160000,12300,user_6,266,266,
6587,30,150000,350000,user_31,266,266,
6588,31,120000,0,user_33,266,266,
6594,32,120000,0,user_38,266,266,
6571,33,110000,0,user_18,266,266,
6593,34,110000,0,user_37,266,266,
6561,35,84000,0,user_3,266,266,
6575,36,79000,0,user_20,266,266,
6568,37,77000,0,user_15,266,266,
6573,38,77000,0,user_19,266,266,
6599,39,77000,231000,user_42,266,266,
6564,40,73000,49100,user_6,266,266,
6572,41,70000,0,user_18,266,266,
6694,,2000000,34700,user_2,267,,
6695,,530000,42000,user_3,267,,
6696,,630000,0,user_4,267,,
6697,,2000000,0,user_4,267,,
6698,,1500000,0,user_6,267,,
6699,,1000000,0,user_6,267,,
6700,,6100000,49100,user_7,267,,
6701,,120000,0,user_9,267,,
6702,,630000,15700,user_10,267,,
6703,,1300000,0,user_10,267,,
6704,,85000,0,user_12,267,,
6705,,110000,0,user_12,267,,
6706,,300000,0,user_12,267,,
6707,,170000,0,user_12,267,,
6708,,150000,0,user_12,267,,
6709,,1500000,0,user_14,267,,
6710,,1800000,0,user_14,267,,
6711,,1500000,0,user_14,267,,
6712,,2300000,0,user_14,267,,
6713,,1500000,15300,user_14,267,,
6714,,150000,0,user_15,267,,
6715,,120000,0,user_15,267,,
6716,,70000,4320000,user_16,267,,
6717,,110000,0,user_16,267,,
6718,,30000000,0,user_16,267,,
6719,,1300000,0,user_16,267,,
6720,,360000,0,user_16,267,,
6721,,870000,0,user_17,267,,
6722,,220000,0,user_18,267,,
6723,,3500000,0,user_22,267,,
6724,,120000,0,user_25,267,,
6725,,73000,0,user_27,267,,
6726,,79000,410000,user_28,267,,
6727,,80000,100000,user_28,267,,
6728,,370000,0,user_29,267,,
6729,,350000,0,user_30,267,,
6730,,160000,0,user_30,267,,
6731,,3500000,35600,user_32,267,,
6732,,220000,369000,user_33,267,,
6733,,5000000,0,user_34,267,,
6734,,5000000,0,user_34,267,,
6735,,87000,100000,user_34,267,,
6736,,460000,15100,user_34,267,,
6737,,100000,0,user_34,267,,
6738,,80000,0,user_35,267,,
6739,,5000000,0,user_35,267,,
6740,,2000000,30200,user_35,267,,
6741,,220000,0,user_35,267,,
6742,,43000000,0,user_36,267,,
6743,,5200000,0,user_37,267,,
6744,,530000,0,user_38,267,,
6745,,150000,0,user_39,267,,
6746,,3200000,0,user_40,267,,
6747,,1500000,0,user_41,267,,
6748,,460000,0,user_42,267,,
6749,,260000,0,user_42,267,,
6750,,2100000,0,user_43,267,,
6751,,84000,108000,user_43,267,,
6752,,30000000,0,user_45,267,,
6753,,170000,0,user_46,267,,
6754,,260000,0,user_46,267,,
6755,,98000,0,user_48,267,,
6756,,170000,0,user_49,267,,
6742,0,43000000,0,user_36,267,267,
6718,1,30000000,0,user_16,267,267,
6752,2,30000000,0,user_45,267,267,
6743,3,5200000,0,user_37,267,267,
6733,4,5000000,0,user_34,267,267,
6734,5,5000000,0,user_34,267,267,
6739,6,5000000,0,user_35,267,267,
6801,7,0,0,builder_4,267,267,6716
6716,8,70000,4320000,user_16,267,267,
6802,9,0,0,builder_4,267,267,6731
6731,10,3500000,35600,user_32,267,267,
6723,11,3500000,0,user_22,267,267,
6746,12,3200000,0,user_40,267,267,
6712,13,2300000,0,user_14,267,267,
6750,14,2100000,0,user_43,267,267,
6803,15,0,0,builder_4,267,267,6694
6694,16,2000000,34700,user_2,267,267,
6804,17,0,0,builder_4,267,267,6740
6740,18,2000000,30200,user_35,267,267,
6697,19,2000000,0,user_4,267,267,
6710,20,1800000,0,user_14,267,267,
6805,21,0,0,builder_4,267,267,6713
6713,22,1500000,15300,user_14,267,267,
6698,23,1500000,0,user_6,267,267,
6709,24,1500000,0,user_14,267,267,
6711,25,1500000,0,user_14,267,267,
6747,26,1500000,0,user_41,267,267,
6703,27,1300000,0,user_10,267,267,
6719,28,1300000,0,user_16,267,267,
6699,29,1000000,0,user_6,267,267,
6721,30,870000,0,user_17,267,267,
6702,31,630000,15700,user_10,267,267,
6806,32,0,0,builder_4,267,267,6702
6696,33,630000,0,user_4,267,267,
6807,34,0,0,builder_4,267,267,6732
6732,35,220000,369000,user_33,267,267,
6695,36,530000,42000,user_3,267,267,
6808,37,0,0,builder_4,267,267,6695
6744,38,530000,0,user_38,267,267,
6809,39,0,0,builder_4,267,267,6726
6726,40,79000,410000,user_28,267,267,
6736,41,460000,15100,user_34,267,267,
6810,42,0,0,builder_4,267,267,6736
6748,43,460000,0,user_42,267,267,
6728,44,370000,0,user_29,267,267,
6720,45,360000,0,user_16,267,267,
6729,46,350000,0,user_30,267,267,
6706,47,300000,0,user_12,267,267,
6749,48,260000,0,user_42,267,267,
6754,49,260000,0,user_46,267,267,
6722,50,220000,0,user_18,267,267,
6741,51,220000,0,user_35,267,267,
6751,52,84000,108000,user_43,267,267,
6811,53,0,0,builder_4,267,267,6751
6735,54,87000,100000,user_34,267,267,
6812,55,0,0,builder_4,267,267,6735
6727,56,80000,100000,user_28,267,267,
6813,57,0,0,builder_4,267,267,6727
6707,58,170000,0,user_12,267,267,
6753,59,170000,0,user_46,267,267,
6756,60,170000,0,user_49,267,267,
6730,61,160000,0,user_30,267,267,
6708,62,150000,0,user_12,267,267,
6701,63,120000,0,user_9,267,267,
6724,64,120000,0,user_25,267,267,
6705,65,110000,0,user_12,267,267,
6717,66,110000,0,user_16,267,267,
6737,67,100000,0,user_34,267,267,
6755,68,98000,0,user_48,267,267,
6704,69,85000,0,user_12,267,267,
6738,70,80000,0,user_35,267,267,
6725,71,73000,0,user_27,267,267,
6856,,5000000,0,user_1,268,,
6857,,460000,0,user_1,268,,
6858,,870000,0,user_2,268,,
6859,,2300000,0,user_3,268,,
6860,,370000,0,user_4,268,,
6861,,2000000,5180,user_6,268,,
6862,,1400000,0,user_7,268,,
6863,,110000,181000,user_7,268,,
6864,,670000,0,user_8,268,,
6865,,220000,0,user_8,268,,
6866,,1400000,0,user_9,268,,
6867,,170000,0,user_10,268,,
6868,,170000,0,user_11,268,,
6869,,5000000,0,user_12,268,,
6870,,650000,0,user_13,268,,
6871,,27000000,0,user_15,268,,
6872,,3600000,15700,user_16,268,,
6873,,650000,0,user_17,268,,
6874,,310000,0,user_18,268,,
6875,,2600000,0,user_19,268,,
6876,,310000,0,user_19,268,,
6877,,2000000,0,user_20,268,,
6878,,360000,0,user_21,268,,
6879,,420000,0,user_23,268,,
6880,,1400000,0,user_25,268,,
6881,,670000,0,user_28,268,,
6882,,5000000,0,user_30,268,,
6883,,310000,0,user_32,268,,
6884,,150000,0,user_34,268,,
6885,,2600000,68100,user_38,268,,
6886,,220000,42000,user_39,268,,
6887,,150000,10700,user_40,268,,
6888,,420000,0,user_41,268,,
6889,,240000,0,user_42,268,,
6890,,3500000,0,user_42,268,,
6891,,1500000,0,user_44,268,,
6892,,98000,0,user_44,268,,
6893,,87000,0,user_45,268,,
6894,,1200000,0,user_45,268,,
6895,,110000,0,user_46,268,,
6896,,70000,0,user_49,268,,
6897,,2300000,0,user_49,268,,
6871,0,27000000,0,user_15,268,268,
6856,1,5000000,0,user_1,268,268,
6869,2,5000000,0,user_12,268,268,
6882,3,5000000,0,user_30,268,268,
6872,4,3600000,15700,user_16,268,268,
6890,5,3500000,0,user_42,268,268,
6875,6,2600000,0,user_19,268,268,
6859,7,2300000,0,user_3,268,268,
6897,8,2300000,0,user_49,268,268,
6861,9,2000000,5180,user_6,268,268,
6877,10,2000000,0,user_20,268,268,
6891,11,1500000,0,user_44,268,268,
6862,12,1400000,0,user_7,268,268,
6880,13,1400000,0,user_25,268,268,
6894,14,1200000,0,user_45,268,268,
6858,15,870000,0,user_2,268,268,
6864,16,670000,0,user_8,268,268,
6881,17,670000,0,user_28,268,268,
6870,18,650000,0,user_13,268,268,
6873,19,650000,0,user_17,268,268,
6857,20,460000,0,user_1,268,268,
6879,21,420000,0,user_23,268,268,
6888,22,420000,0,user_41,268,268,
6860,23,370000,0,user_4,268,268,
6878,24,360000,0,user_21,268,268,
6874,25,310000,0,user_18,268,268,
6876,26,310000,0,user_19,268,268,
6883,27,310000,0,user_32,268,268,
6889,28,240000,0,user_42,268,268,
6865,29,220000,0,user_8,268,268,
6886,30,220000,42000,user_39,268,268,
6868,31,170000,0,user_11,268,268,
6884,32,150000,0,user_34,268,268,
6887,33,150000,10700,user_40,268,268,
6863,34,110000,181000,user_7,268,268,
6895,35,110000,0,user_46,268,268,
6892,36,98000,0,user_44,268,268,
6893,37,87000,0,user_45,268,268,
6896,38,70000,0,user_49,268,268,
6940,,83000,0,user_1,269,,
6941,,1700000,56200,user_2,269,,
6942,,150000,0,user_4,269,,
6943,,150000,0,user_5,269,,
6944,,310000,0,user_5,269,,
6945,,530000,0,user_7,269,,
6946,,260000,0,user_8,269,,
6947,,150000,0,user_9,269,,
6948,,120000,0,user_9,269,,
6949,,27000000,47700,user_10,269,,
6950,,77000,0,user_10,269,,
6951,,1800000,0,user_10,269,,
6952,,3500000,0,user_10,269,,
6953,,420000,0,user_10,269,,
6954,,650000,0,user_12,269,,
6955,,2000000,0,user_12,269,,
6956,,1100000,0,user_13,269,,
6957,,84000,35100,user_14,269,,
6958,,470000,0,user_15,269,,
6959,,530000,0,user_16,269,,
6960,,1700000,195000,user_17,269,,
6961,,150000,71800,user_20,269,,
6962,,2100000,5180,user_20,269,,
6963,,160000,0,user_22,269,,
6964,,1700000,0,user_23,269,,
6965,,120000,0,user_24,269,,
6966,,220000,0,user_25,269,,
6967,,87000,0,user_30,269,,
6968,,340000,0,user_31,269,,
6969,,1000000,0,user_32,269,,
6970,,110000,0,user_33,269,,
6971,,300000,0,user_34,269,,
6972,,1800000,0,user_36,269,,
6973,,260000,594000,user_36,269,,
6974,,1900000,215000,user_37,269,,
6975,,87000,0,user_37,269,,
6976,,3200000,18600,user_39,269,,
6977,,150000,46500,user_41,269,,
6978,,120000,0,user_41,269,,
6979,,350000,0,user_42,269,,
6980,,870000,73100,user_43,269,,
6981,,1700000,0,user_44,269,,
6982,,600000,0,user_45,269,,
6983,,600000,0,user_47,269,,
6984,,30000000,0,user_47,269,,
6985,,80000,0,user_48,269,,
6986,,220000,0,user_49,269,,
6984,0,30000000,0,user_47,269,269,
7012,1,0,0,builder_3,269,269,6949
6949,2,27000000,47700,user_10,269,269,
6952,3,3500000,0,user_10,269,269,
6976,4,3200000,18600,user_39,269,269,
7013,5,0,0,builder_3,269,269,6976
6974,6,1900000,215000,user_37,269,269,
7014,7,0,0,builder_3,269,269,6974
6962,8,2100000,5180,user_20,269,269,
7015,9,0,0,builder_3,269,269,6962
6955,10,2000000,0,user_12,269,269,
6960,11,1700000,195000,user_17,269,269,
7016,12,0,0,builder_3,269,269,6960
6951,13,1800000,0,user_10,269,269,
6972,14,1800000,0,user_36,269,269,
7017,15,0,0,builder_3,269,269,6941
6941,16,1700000,56200,user_2,269,269,
6964,17,1700000,0,user_23,269,269,
6981,18,1700000,0,user_44,269,269,
6956,19,1100000,0,user_13,269,269,
6969,20,1000000,0,user_32,269,269,
7018,21,0,0,builder_3,269,269,6980
6980,22,870000,73100,user_43,269,269,
6973,23,260000,594000,user_36,269,269,
7019,24,0,0,builder_3,269,269,6973
6954,25,650000,0,user_12,269,269,
6982,26,600000,0,user_45,269,269,
6983,27,600000,0,user_47,269,269,
6945,28,530000,0,user_7,269,269,
6958,29,470000,0,user_15,269,269,
6953,30,420000,0,user_10,269,269,
6979,31,350000,0,user_42,269,269,
6968,32,340000,0,user_31,269,269,
6944,33,310000,0,user_5,269,269,
6971,34,300000,0,user_34,269,269,
7020,35,0,0,builder_3,269,269,6961
6961,36,150000,71800,user_20,269,269,
6986,37,220000,0,user_49,269,269,
6977,38,150000,46500,user_41,269,269,
7021,39,0,0,builder_3,269,269,6977
6963,40,160000,0,user_22,269,269,
6942,41,150000,0,user_4,269,269,
6943,42,150000,0,user_5,269,269,
6965,43,120000,0,user_24,269,269,
6978,44,120000,0,user_41,269,269,
6957,45,84000,35100,user_14,269,269,
7022,46,0,0,builder_3,269,269,6957
6970,47,110000,0,user_33,269,269,
6967,48,87000,0,user_30,269,269,
6975,49,87000,0,user_37,269,269,
6985,50,80000,0,user_48,269,269,
6950,51,77000,0,user_10,269,269,
7068,,98000,0,user_2,270,,
7069,,1400000,0,user_2,270,,
7070,,1300000,4320000,user_5,270,,
7071,,1900000,0,user_5,270,,
7072,,2000000,0,user_5,270,,
7073,,120000,121000,user_6,270,,
7074,,6300000,14200,user_8,270,,
7075,,79000,64600,user_8,270,,
7076,,87000,0,user_8,270,,
7077,,6300000,35600,user_8,270,,
7078,,370000,0,user_9,270,,
7079,,660000,0,user_9,270,,
7080,,5000000,0,user_9,270,,
7081,,98000,0,user_9,270,,
7082,,2100000,0,user_9,270,,
7083,,1600000,0,user_10,270,,
7084,,350000,13900,user_11,270,,
7085,,1000000,0,user_11,270,,
7086,,530000,0,user_12,270,,
7087,,160000,0,user_15,270,,
7088,,2000000,0,user_16,270,,
7089,,670000,0,user_17,270,,
7090,,660000,73100,user_17,270,,
7091,,82000,64600,user_18,270,,
7092,,85000,0,user_20,270,,
7093,,43000000,128000,user_22,270,,
7094,,2400000,121000,user_24,270,,
7095,,120000,0,user_27,270,,
7096,,1400000,75000,user_28,270,,
7097,,19000000,164000,user_29,270,,
7098,,2000000,0,user_30,270,,
7099,,310000,7840,user_30,270,,
7100,,470000,0,user_30,270,,
7101,,19000000,0,user_32,270,,
7102,,910000,0,user_33,270,,
7103,,630000,0,user_34,270,,
7104,,79000,0,user_34,270,,
7105,,19000000,0,user_34,270,,
7106,,360000,0,user_34,270,,
7107,,460000,66100,user_34,270,,
7108,,30000000,68100,user_35,270,,
7109,,160000,0,user_35,270,,
7110,,170000,6390,user_36,270,,
7111,,120000,0,user_36,270,,
7112,,1500000,0,user_39,270,,
7113,,2300000,510000,user_39,270,,
7114,,5200000,0,user_40,270,,
7115,,1200000,0,user_41,270,,
7116,,85000,0,user_42,270,,
7117,,1200000,49100,user_42,270,,
7118,,70000,0,user_43,270,,
7119,,130000,0,user_47,270,,
7120,,300000,0,user_47,270,,
7121,,460000,510000,user_49,270,,
7093,0,43000000,128000,user_22,270,270,
7108,1,30000000,68100,user_35,270,270,
7097,2,19000000,164000,user_29,270,270,
7101,3,19000000,0,user_32,270,270,
7105,4,19000000,0,user_34,270,270,
7074,5,6300000,14200,user_8,270,270,
7077,6,6300000,35600,user_8,270,270,
7114,7,5200000,0,user_40,270,270,
7080,8,5000000,0,user_9,270,270,
7094,9,2400000,121000,user_24,270,270,
7082,10,2100000,0,user_9,270,270,
7072,11,2000000,0,user_5,270,270,
7088,12,2000000,0,user_16,270,270,
7098,13,2000000,0,user_30,270,270,
7071,14,1900000,0,user_5,270,270,
7083,15,1600000,0,user_10,270,270,
7069,16,1400000,0,user_2,270,270,
7070,17,1300000,4320000,user_5,270,270,
7115,18,1200000,0,user_41,270,270,
7117,19,1200000,49100,user_42,270,270,
7085,20,1000000,0,user_11,270,270,
7102,21,910000,0,user_33,270,270,
7089,22,670000,0,user_17,270,270,
7079,23,660000,0,user_9,270,270,
7090,24,660000,73100,user_17,270,270,
7103,25,630000,0,user_34,270,270,
7100,26,470000,0,user_30,270,270,
7107,27,460000,66100,user_34,270,270,
7121,28,460000,510000,user_49,270,270,
7078,29,370000,0,user_9,270,270,
7106,30,360000,0,user_34,270,270,
7084,31,350000,13900,user_11,270,270,
7099,32,310000,7840,user_30,270,270,
7120,33,300000,0,user_47,270,270,
7110,34,170000,6390,user_36,270,270,
7087,35,160000,0,user_15,270,270,
7109,36,160000,0,user_35,270,270,
7119,37,130000,0,user_47,270,270,
7073,38,120000,121000,user_6,270,270,
7095,39,120000,0,user_27,270,270,
7111,40,120000,0,user_36,270,270,
7068,41,98000,0,user_2,270,270,
7081,42,98000,0,user_9,270,270,
7076,43,87000,0,user_8,270,270,
7092,44,85000,0,user_20,270,270,
7116,45,85000,0,user_42,270,270,
7091,46,82000,64600,user_18,270,270,
7075,47,79000,64600,user_8,270,270,
7104,48,79000,0,user_34,270,270,
7118,49,70000,0,user_43,270,270,
7251,,1100000,19700,user_0,271,,
7252,,5000000,0,user_1,271,,
7253,,4500000,0,user_2,271,,
7254,,150000,0,user_3,271,,
7255,,5000000,0,user_4,271,,
7256,,240000,0,user_5,271,,
7257,,170000,0,user_7,271,,
7258,,98000,0,user_9,271,,
7259,,1600000,0,user_14,271,,
7260,,150000,0,user_14,271,,
7261,,1000000,0,user_15,271,,
7262,,73000,7840,user_17,271,,
7263,,110000,0,user_18,271,,
7264,,1000000,0,user_18,271,,
7265,,2000000,0,user_20,271,,
7266,,170000,779000,user_21,271,,
7267,,2000000,0,user_22,271,,
7268,,2100000,0,user_22,271,,
7269,,310000,0,user_24,271,,
7270,,150000,0,user_26,271,,
7271,,1000000,0,user_27,271,,
7272,,120000,0,user_28,271,,
7273,,1400000,0,user_29,271,,
7274,,970000,0,user_32,271,,
7275,,340000,0,user_34,271,,
7276,,1000000,15700,user_35,271,,
7277,,2100000,0,user_35,271,,
7278,,190000,0,user_36,271,,
7279,,1500000,0,user_36,271,,
7280,,110000,0,user_36,271,,
7281,,220000,0,user_36,271,,
7282,,1400000,0,user_36,271,,
7283,,120000,43600,user_37,271,,
7284,,1700000,12800,user_37,271,,
7285,,220000,181000,user_38,271,,
7286,,87000,0,user_39,271,,
7287,,460000,0,user_40,271,,
7288,,1500000,7840,user_40,271,,
7289,,2300000,0,user_40,271,,
7290,,1600000,0,user_40,271,,
7291,,460000,0,user_41,271,,
7292,,30000000,0,user_49,271,,
7292,0,30000000,0,user_49,271,271,
7252,1,5000000,0,user_1,271,271,
7255,2,5000000,0,user_4,271,271,
7253,3,4500000,0,user_2,271,271,
7289,4,2300000,0,user_40,271,271,
7268,5,2100000,0,user_22,271,271,
7277,6,2100000,0,user_35,271,271,
7265,7,2000000,0,user_20,271,271,
7267,8,2000000,0,user_22,271,271,
7284,9,1700000,12800,user_37,271,271,
7322,10,0,0,builder_4,271,271,7284
7259,11,1600000,0,user_14,271,271,
7290,12,1600000,0,user_40,271,271,
7288,13,1500000,7840,user_40,271,271,
7323,14,0,0,builder_4,271,271,7288
7279,15,1500000,0,user_36,271,271,
7273,16,1400000,0,user_29,271,271,
7282,17,1400000,0,user_36,271,271,
7324,18,0,0,builder_4,271,271,7251
7251,19,1100000,19700,user_0,271,271,
7276,20,1000000,15700,user_35,271,271,
7325,21,0,0,builder_4,271,271,7276
7264,22,1000000,0,user_18,271,271,
7271,23,1000000,0,user_27,271,271,
7274,24,970000,0,user_32,271,271,
7266,25,170000,779000,user_21,271,271,
7326,26,0,0,builder_4,271,271,7266
7287,27,460000,0,user_40,271,271,
7291,28,460000,0,user_41,271,271,
7285,29,220000,181000,user_38,271,271,
7327,30,0,0,builder_4,271,271,7285
7275,31,340000,0,user_34,271,271,
7269,32,310000,0,user_24,271,271,
7281,33,220000,0,user_36,271,271,
7278,34,190000,0,user_36,271,271,
7328,35,0,0,builder_4,271,271,7283
7283,36,120000,43600,user_37,271,271,
7254,37,150000,0,user_3,271,271,
7260,38,150000,0,user_14,271,271,
7270,39,150000,0,user_26,271,271,
7272,40,120000,0,user_28,271,271,
7263,41,110000,0,user_18,271,271,
7280,42,110000,0,user_36,271,271,
7258,43,98000,0,user_9,271,271,
7262,44,73000,7840,user_17,271,271,
7329,45,0,0,builder_4,271,271,7262
7355,,660000,0,user_0,272,,
7356,,260000,0,user_1,272,,
7357,,83000,0,user_2,272,,
7358,,120000,19700,user_2,272,,
7359,,870000,13900,user_2,272,,
7360,,370000,0,user_2,272,,
7361,,1500000,0,user_3,272,,
7362,,120000,0,user_3,272,,
7363,,5200000,0,user_4,272,,
7364,,1600000,0,user_5,272,,
7365,,600000,0,user_6,272,,
7366,,1100000,0,user_7,272,,
7367,,1900000,17000,user_9,272,,
7368,,160000,0,user_9,272,,
7369,,1700000,0,user_10,272,,
7370,,110000,0,user_10,272,,
7371,,470000,15700,user_10,272,,
7372,,170000,84800,user_12,272,,
7373,,120000,545000,user_13,272,,
7374,,1500000,0,user_14,272,,
7375,,240000,0,user_15,272,,
7376,,2400000,32900,user_15,272,,
7377,,43000000,0,user_17,272,,
7378,,6300000,0,user_18,272,,
7379,,43000000,0,user_20,272,,
7380,,460000,0,user_27,272,,
7381,,5000000,0,user_28,272,,
7382,,85000,0,user_29,272,,
7383,,660000,0,user_29,272,,
7384,,530000,68100,user_29,272,,
7385,,1900000,0,user_30,272,,
7386,,660000,0,user_31,272,,
7387,,19000000,0,user_32,272,,
7388,,1800000,779000,user_33,272,,
7389,,3200000,0,user_34,272,,
7390,,150000,0,user_37,272,,
7391,,19000000,0,user_37,272,,
7392,,2100000,71800,user_37,272,,
7393,,170000,0,user_37,272,,
7394,,150000,0,user_37,272,,
7395,,87000,17000,user_38,272,,
7396,,630000,0,user_38,272,,
7397,,120000,0,user_40,272,,
7398,,130000,0,user_40,272,,
7399,,5000000,0,user_41,272,,
7400,,80000,0,user_42,272,,
7401,,300000,0,user_43,272,,
7402,,2000000,0,user_44,272,,
7403,,2000000,0,user_45,272,,
7404,,110000,0,user_46,272,,
7405,,1400000,0,user_46,272,,
7406,,320000,0,user_47,272,,
7407,,2500000,0,user_48,272,,
7408,,120000,14200,user_49,272,,
7377,0,43000000,0,user_17,272,272,
7379,1,43000000,0,user_20,272,272,
7387,2,19000000,0,user_32,272,272,
7391,3,19000000,0,user_37,272,272,
7378,4,6300000,0,user_18,272,272,
7363,5,5200000,0,user_4,272,272,
7381,6,5000000,0,user_28,272,272,
7399,7,5000000,0,user_41,272,272,
7389,8,3200000,0,user_34,272,272,
7438,9,0,0,builder_3,272,272,7388
7388,10,1800000,779000,user_33,272,272,
7407,11,2500000,0,user_48,272,272,
7439,12,0,0,builder_3,272,272,7376
7376,13,2400000,32900,user_15,272,272,
7440,14,0,0,builder_3,272,272,7392
7392,15,2100000,71800,user_37,272,272,
7402,16,2000000,0,user_44,272,272,
7403,17,2000000,0,user_45,272,272,
7385,18,1900000,0,user_30,272,272,
7369,19,1700000,0,user_10,272,272,
7364,20,1600000,0,user_5,272,272,
7361,21,1500000,0,user_3,272,272,
7374,22,1500000,0,user_14,272,272,
7405,23,1400000,0,user_46,272,272,
7366,24,1100000,0,user_7,272,272,
7359,25,870000,13900,user_2,272,272,
7441,26,0,0,builder_3,272,272,7359
7442,27,0,0,builder_3,272,272,7373
7373,28,120000,545000,user_13,272,272,
7355,29,660000,0,user_0,272,272,
7383,30,660000,0,user_29,272,272,
7386,31,660000,0,user_31,272,272,
7396,32,630000,0,user_38,272,272,
7443,33,0,0,builder_3,272,272,7384
7384,34,530000,68100,user_29,272,272,
7444,35,0,0,builder_3,272,272,7371
7371,36,470000,15700,user_10,272,272,
7360,37,370000,0,user_2,272,272,
7406,38,320000,0,user_47,272,272,
7401,39,300000,0,user_43,272,272,
7372,40,170000,84800,user_12,272,272,
7445,41,0,0,builder_3,272,272,7372
7375,42,240000,0,user_15,272,272,
7393,43,170000,0,user_37,272,272,
7390,44,150000,0,user_37,272,272,
7394,45,150000,0,user_37,272,272,
7358,46,120000,19700,user_2,272,272,
7446,47,0,0,builder_3,272,272,7358
7447,48,0,0,builder_3,272,272,7408
7408,49,120000,14200,user_49,272,272,
7398,50,130000,0,user_40,272,272,
7362,51,120000,0,user_3,272,272,
7397,52,120000,0,user_40,272,272,
7370,53,110000,0,user_10,272,272,
7404,54,110000,0,user_46,272,272,
7395,55,87000,17000,user_38,272,272,
7448,56,0,0,builder_3,272,272,7395
7382,57,85000,0,user_29,272,272,
7357,58,83000,0,user_2,272,272,
7400,59,80000,0,user_42,272,272,
7501,,5000000,0,user_1,273,,
7502,,1600000,0,user_2,273,,
7503,,1100000,0,user_3,273,,
7504,,260000,0,user_4,273,,
7505,,460000,0,user_5,273,,
7506,,240000,0,user_5,273,,
7507,,360000,0,user_6,273,,
7508,,77000,0,user_6,273,,
7509,,120000,0,user_8,273,,
7510,,160000,0,user_9,273,,
7511,,2300000,0,user_10,273,,
7512,,1200000,0,user_11,273,,
7513,,460000,0,user_12,273,,
7514,,100000,0,user_12,273,,
7515,,350000,0,user_13,273,,
7516,,160000,0,user_14,273,,
7517,,220000,0,user_14,273,,
7518,,120000,0,user_16,273,,
7519,,150000,0,user_16,273,,
7520,,630000,0,user_16,273,,
7521,,1600000,0,user_16,273,,
7522,,1900000,0,user_16,273,,
7523,,370000,0,user_17,273,,
7524,,630000,0,user_18,273,,
7525,,910000,0,user_19,273,,
7526,,110000,0,user_20,273,,
7527,,310000,0,user_23,273,,
7528,,320000,0,user_23,273,,
7529,,85000,0,user_24,273,,
7530,,73000,0,user_27,273,,
7531,,460000,0,user_28,273,,
7532,,120000,0,user_28,273,,
7533,,2100000,0,user_28,273,,
7534,,1500000,0,user_32,273,,
7535,,3600000,0,user_33,273,,
7536,,170000,34700,user_33,273,,
7537,,1500000,0,user_35,273,,
7538,,650000,0,user_36,273,,
7539,,470000,0,user_37,273,,
7540,,320000,0,user_37,273,,
7541,,420000,0,user_39,273,,
7542,,600000,0,user_40,273,,
7543,,73000,0,user_40,273,,
7544,,79000,0,user_41,273,,
7545,,98000,0,user_41,273,,
7546,,1000000,0,user_42,273,,
7547,,420000,0,user_44,273,,
7548,,19000000,0,user_45,273,,
7549,,170000,14200,user_46,273,,
7550,,150000,0,user_46,273,,
7551,,27000000,10700,user_48,273,,
7552,,360000,0,user_49,273,,
7551,0,27000000,10700,user_48,273,273,
7564,1,0,0,builder_4,273,273,7551
7548,2,19000000,0,user_45,273,273,
7501,3,5000000,0,user_1,273,273,
7535,4,3600000,0,user_33,273,273,
7511,5,2300000,0,user_10,273,273,
7533,6,2100000,0,user_28,273,273,
7522,7,1900000,0,user_16,273,273,
7502,8,1600000,0,user_2,273,273,
7521,9,1600000,0,user_16,273,273,
7534,10,1500000,0,user_32,273,273,
7537,11,1500000,0,user_35,273,273,
7512,12,1200000,0,user_11,273,273,
7503,13,1100000,0,user_3,273,273,
7546,14,1000000,0,user_42,273,273,
7525,15,910000,0,user_19,273,273,
7538,16,650000,0,user_36,273,273,
7520,17,630000,0,user_16,273,273,
7524,18,630000,0,user_18,273,273,
7542,19,600000,0,user_40,273,273,
7539,20,470000,0,user_37,273,273,
7513,21,460000,0,user_12,273,273,
7531,22,460000,0,user_28,273,273,
7547,23,420000,0,user_44,273,273,
7523,24,370000,0,user_17,273,273,
7507,25,360000,0,user_6,273,273,
7552,26,360000,0,user_49,273,273,
7515,27,350000,0,user_13,273,273,
7528,28,320000,0,user_23,273,273,
7540,29,320000,0,user_37,273,273,
7527,30,310000,0,user_23,273,273,
7504,31,260000,0,user_4,273,273,
7517,32,220000,0,user_14,273,273,
7536,33,170000,34700,user_33,273,273,
7565,34,0,0,builder_4,273,273,7536
7566,35,0,0,builder_4,273,273,7549
7549,36,170000,14200,user_46,273,273,
7510,37,160000,0,user_9,273,273,
7516,38,160000,0,user_14,273,273,
7519,39,150000,0,user_16,273,273,
7550,40,150000,0,user_46,273,273,
7509,41,120000,0,user_8,273,273,
7518,42,120000,0,user_16,273,273,
7532,43,120000,0,user_28,273,273,
7526,44,110000,0,user_20,273,273,
7514,45,100000,0,user_12,273,273,
7545,46,98000,0,user_41,273,273,
7529,47,85000,0,user_24,273,273,
7544,48,79000,0,user_41,273,273,
7508,49,77000,0,user_6,273,273,
7530,50,73000,0,user_27,273,273,
7543,51,73000,0,user_40,273,273,
7574,,3600000,0,user_0,274,,
7575,,2600000,10700,user_1,274,,
7576,,2000000,0,user_5,274,,
7577,,220000,0,user_7,274,,
7578,,2500000,0,user_7,274,,
7579,,1700000,0,user_8,274,,
7580,,190000,0,user_9,274,,
7581,,310000,0,user_10,274,,
7582,,370000,0,user_13,274,,
7583,,80000,0,user_14,274,,
7584,,170000,0,user_16,274,,
7585,,110000,0,user_17,274,,
7586,,870000,0,user_18,274,,
7587,,1000000,64600,user_19,274,,
7588,,77000,0,user_19,274,,
7589,,120000,0,user_19,274,,
7590,,4200000,0,user_20,274,,
7591,,470000,0,user_23,274,,
7592,,870000,0,user_23,274,,
7593,,98000,0,user_24,274,,
7594,,240000,84800,user_26,274,,
7595,,630000,0,user_27,274,,
7596,,3600000,0,user_30,274,,
7597,,1800000,0,user_30,274,,
7598,,27000000,0,user_31,274,,
7599,,530000,0,user_32,274,,
7600,,320000,0,user_34,274,,
7601,,2400000,0,user_35,274,,
7602,,630000,0,user_35,274,,
7603,,98000,0,user_36,274,,
7604,,150000,0,user_36,274,,
7605,,650000,0,user_37,274,,
7606,,1500000,17700000,user_37,274,,
7607,,530000,296000,user_38,274,,
7608,,1100000,0,user_39,274,,
7609,,6100000,0,user_39,274,,
7610,,98000,0,user_42,274,,
7611,,220000,0,user_42,274,,
7612,,30000000,33100,user_42,274,,
7613,,2500000,0,user_43,274,,
7614,,70000,15700,user_44,274,,
7615,,190000,0,user_45,274,,
7616,,2100000,128000,user_46,274,,
7617,,120000,0,user_47,274,,
7618,,1500000,0,user_48,274,,
7612,0,30000000,33100,user_42,274,274,
7598,1,27000000,0,user_31,274,274,
7609,2,6100000,0,user_39,274,274,
7590,3,4200000,0,user_20,274,274,
7574,4,3600000,0,user_0,274,274,
7596,5,3600000,0,user_30,274,274,
7575,6,2600000,10700,user_1,274,274,
7578,7,2500000,0,user_7,274,274,
7601,8,2400000,0,user_35,274,274,
7616,9,2100000,128000,user_46,274,274,
7576,10,2000000,0,user_5,274,274,
7597,11,1800000,0,user_30,274,274,
7579,12,1700000,0,user_8,274,274,
7606,13,1500000,17700000,user_37,274,274,
7618,14,1500000,0,user_48,274,274,
7608,15,1100000,0,user_39,274,274,
7587,16,1000000,64600,user_19,274,274,
7586,17,870000,0,user_18,274,274,
7592,18,870000,0,user_23,274,274,
7605,19,650000,0,user_37,274,274,
7602,20,630000,0,user_35,274,274,
7599,21,530000,0,user_32,274,274,
7607,22,530000,296000,user_38,274,274,
7591,23,470000,0,user_23,274,274,
7582,24,370000,0,user_13,274,274,
7600,25,320000,0,user_34,274,274,
7581,26,310000,0,user_10,274,274,
7594,27,240000,84800,user_26,274,274,
7577,28,220000,0,user_7,274,274,
7611,29,220000,0,user_42,274,274,
7580,30,190000,0,user_9,274,274,
7615,31,190000,0,user_45,274,274,
7589,32,120000,0,user_19,274,274,
7617,33,120000,0,user_47,274,274,
7585,34,110000,0,user_17,274,274,
7593,35,98000,0,user_24,274,274,
7610,36,98000,0,user_42,274,274,
7583,37,80000,0,user_14,274,274,
7588,38,77000,0,user_19,274,274,
7676,,1600000,155000,user_0,275,,
7677,,420000,0,user_0,275,,
7678,,2000000,0,user_2,275,,
7679,,43000000,0,user_3,275,,
7680,,130000,0,user_3,275,,
7681,,2400000,0,user_3,275,,
7682,,260000,0,user_3,275,,
7683,,100000,0,user_3,275,,
7684,,77000,0,user_4,275,,
7685,,320000,0,user_5,275,,
7686,,70000,0,user_6,275,,
7687,,1100000,0,user_7,275,,
7688,,98000,0,user_8,275,,
7689,,2000000,35600,user_8,275,,
7690,,80000,410000,user_8,275,,
7691,,310000,0,user_8,275,,
7692,,370000,0,user_10,275,,
7693,,1800000,296000,user_12,275,,
7694,,150000,545000,user_12,275,,
7695,,80000,0,user_14,275,,
7696,,220000,0,user_16,275,,
7697,,120000,0,user_17,275,,
7698,,110000,0,user_19,275,,
7699,,79000,0,user_21,275,,
7700,,110000,0,user_21,275,,
7701,,350000,0,user_23,275,,
7702,,160000,0,user_24,275,,
7703,,970000,0,user_24,275,,
7704,,2300000,0,user_25,275,,
7705,,150000,13900,user_28,275,,
7706,,1500000,0,user_30,275,,
7707,,84000,0,user_31,275,,
7708,,310000,0,user_32,275,,
7709,,150000,0,user_33,275,,
7710,,120000,0,user_33,275,,
7711,,1400000,0,user_34,275,,
7712,,630000,0,user_35,275,,
7713,,98000,0,user_36,275,,
7714,,4200000,0,user_37,275,,
7715,,420000,0,user_37,275,,
7716,,150000,0,user_38,275,,
7717,,6300000,0,user_42,275,,
7718,,2000000,7840,user_43,275,,
7719,,420000,0,user_44,275,,
7720,,130000,43600,user_45,275,,
7721,,79000,0,user_46,275,,
7722,,2500000,0,user_47,275,,
7723,,100000,0,user_48,275,,
7679,0,43000000,0,user_3,275,275,
7717,1,6300000,0,user_42,275,275,
7714,2,4200000,0,user_37,275,275,
7722,3,2500000,0,user_47,275,275,
7681,4,2400000,0,user_3,275,275,
7704,5,2300000,0,user_25,275,275,
7724,6,0,0,builder_0,275,275,7689
7689,7,2000000,35600,user_8,275,275,
7725,8,0,0,builder_0,275,275,7718
7718,9,2000000,7840,user_43,275,275,
7678,10,2000000,0,user_2,275,275,
7676,11,1600000,155000,user_0,275,275,
7726,12,0,0,builder_0,275,275,7676
7706,13,1500000,0,user_30,275,275,
7687,14,1100000,0,user_7,275,275,
7712,15,630000,0,user_35,275,275,
7690,16,80000,410000,user_8,275,275,
7727,17,0,0,builder_0,275,275,7690
7677,18,420000,0,user_0,275,275,
7715,19,420000,0,user_37,275,275,
7719,20,420000,0,user_44,275,275,
7692,21,370000,0,user_10,275,275,
7701,22,350000,0,user_23,275,275,
7691,23,310000,0,user_8,275,275,
7708,24,310000,0,user_32,275,275,
7682,25,260000,0,user_3,275,275,
7696,26,220000,0,user_16,275,275,
7728,27,0,0,builder_0,275,275,7705
7705,28,150000,13900,user_28,275,275,
7709,29,150000,0,user_33,275,275,
7716,30,150000,0,user_38,275,275,
7680,31,130000,0,user_3,275,275,
7697,32,120000,0,user_17,275,275,
7710,33,120000,0,user_33,275,275,
7698,34,110000,0,user_19,275,275,
7700,35,110000,0,user_21,275,275,
7683,36,100000,0,user_3,275,275,
7723,37,100000,0,user_48,275,275,
7688,38,98000,0,user_8,275,275,
7713,39,98000,0,user_36,275,275,
7707,40,84000,0,user_31,275,275,
7695,41,80000,0,user_14,275,275,
7699,42,79000,0,user_21,275,275,
7721,43,79000,0,user_46,275,275,
7686,44,70000,0,user_6,275,275,
7778,,660000,0,user_0,276,,
7779,,4200000,0,user_2,276,,
7780,,27000000,0,user_4,276,,
7781,,120000,0,user_4,276,,
7782,,1300000,0,user_4,276,,
7783,,1700000,0,user_5,276,,
7784,,370000,23500,user_5,276,,
7785,,2600000,0,user_5,276,,
7786,,600000,0,user_7,276,,
7787,,120000,0,user_8,276,,
7788,,5200000,0,user_9,276,,
7789,,1600000,0,user_9,276,,
7790,,240000,215000,user_11,276,,
7791,,120000,0,user_12,276,,
7792,,3500000,0,user_12,276,,
7793,,4500000,0,user_14,276,,
7794,,19000000,15300,user_15,276,,
7795,,110000,0,user_16,276,,
7796,,77000,0,user_17,276,,
7797,,5000000,0,user_18,276,,
7798,,77000,0,user_19,276,,
7799,,27000000,0,user_19,276,,
7800,,350000,0,user_19,276,,
7801,,240000,0,user_19,276,,
7802,,150000,0,user_21,276,,
7803,,300000,0,user_21,276,,
7804,,350000,0,user_23,276,,
7805,,170000,0,user_24,276,,
7806,,130000,0,user_24,276,,
7807,,77000,14200,user_25,276,,
7808,,5000000,0,user_27,276,,
7809,,120000,0,user_28,276,,
7810,,1700000,0,user_30,276,,
7811,,1500000,12800,user_31,276,,
7812,,1900000,0,user_33,276,,
7813,,1100000,13900,user_34,276,,
7814,,160000,0,user_37,276,,
7815,,260000,0,user_38,276,,
7816,,600000,0,user_39,276,,
7817,,3600000,0,user_39,276,,
7818,,120000,0,user_39,276,,
7819,,150000,0,user_39,276,,
7820,,260000,0,user_41,276,,
7821,,2500000,0,user_41,276,,
7822,,160000,100000,user_41,276,,
7823,,87000,0,user_42,276,,
7824,,110000,779000,user_45,276,,
7825,,1100000,0,user_45,276,,
7826,,110000,13900,user_45,276,,
7827,,4500000,5180,user_46,276,,
7780,0,27000000,0,user_4,276,276,
7799,1,27000000,0,user_19,276,276,
7794,2,19000000,15300,user_15,276,276,
7788,3,5200000,0,user_9,276,276,
7797,4,5000000,0,user_18,276,276,
7808,5,5000000,0,user_27,276,276,
7793,6,4500000,0,user_14,276,276,
7827,7,4500000,5180,user_46,276,276,
7817,8,3600000,0,user_39,276,276,
7792,9,3500000,0,user_12,276,276,
7785,10,2600000,0,user_5,276,276,
7821,11,2500000,0,user_41,276,276,
7812,12,1900000,0,user_33,276,276,
7783,13,1700000,0,user_5,276,276,
7810,14,1700000,0,user_30,276,276,
7789,15,1600000,0,user_9,276,276,
7811,16,1500000,12800,user_31,276,276,
7782,17,1300000,0,user_4,276,276,
7813,18,1100000,13900,user_34,276,276,
7786,19,600000,0,user_7,276,276,
7816,20,600000,0,user_39,276,276,
7784,21,370000,23500,user_5,276,276,
7800,22,350000,0,user_19,276,276,
7804,23,350000,0,user_23,276,276,
7803,24,300000,0,user_21,276,276,
7815,25,260000,0,user_38,276,276,
7820,26,260000,0,user_41,276,276,
7790,27,240000,215000,user_11,276,276,
7801,28,240000,0,user_19,276,276,
7805,29,170000,0,user_24,276,276,
7822,30,160000,100000,user_41,276,276,
7802,31,150000,0,user_21,276,276,
7819,32,150000,0,user_39,276,276,
7806,33,130000,0,user_24,276,276,
7781,34,120000,0,user_4,276,276,
7787,35,120000,0,user_8,276,276,
7791,36,120000,0,user_12,276,276,
7809,37,120000,0,user_28,276,276,
7818,38,120000,0,user_39,276,276,
7823,39,87000,0,user_42,276,276,
7798,40,77000,0,user_19,276,276,
7897,,2300000,0,user_0,277,,
7898,,260000,0,user_1,277,,
7899,,85000,0,user_1,277,,
7900,,1300000,0,user_2,277,,
7901,,77000,7190000,user_4,277,,
7902,,1000000,0,user_5,277,,
7903,,170000,0,user_7,277,,
7904,,360000,0,user_9,277,,
7905,,340000,0,user_10,277,,
7906,,530000,0,user_10,277,,
7907,,5000000,0,user_11,277,,
7908,,150000,0,user_11,277,,
7909,,85000,0,user_11,277,,
7910,,2100000,369000,user_12,277,,
7911,,100000,0,user_13,277,,
7912,,77000,0,user_14,277,,
7913,,310000,0,user_15,277,,
7914,,43000000,0,user_15,277,,
7915,,79000,0,user_15,277,,
7916,,2300000,0,user_15,277,,
7917,,85000,0,user_15,277,,
7918,,150000,0,user_16,277,,
7919,,79000,84800,user_16,277,,
7920,,2000000,0,user_16,277,,
7921,,160000,15700,user_16,277,,
7922,,3500000,0,user_16,277,,
7923,,110000,49100,user_17,277,,
7924,,160000,0,user_18,277,,
7925,,220000,0,user_20,277,,
7926,,2000000,0,user_20,277,,
7927,,120000,0,user_21,277,,
7928,,130000,0,user_21,277,,
7929,,1100000,31700,user_22,277,,
7930,,1400000,18600,user_23,277,,
7931,,160000,0,user_24,277,,
7932,,320000,0,user_25,277,,
7933,,260000,0,user_26,277,,
7934,,1500000,0,user_27,277,,
7935,,1900000,0,user_28,277,,
7936,,82000,67900,user_28,277,,
7937,,3500000,42000,user_29,277,,
7938,,460000,0,user_31,277,,
7939,,2100000,0,user_33,277,,
7940,,220000,0,user_34,277,,
7941,,85000,0,user_35,277,,
7942,,2000000,0,user_35,277,,
7943,,160000,5630,user_36,277,,
7944,,600000,0,user_37,277,,
7945,,420000,0,user_38,277,,
7946,,4200000,33100,user_38,277,,
7947,,77000,0,user_38,277,,
7948,,3600000,0,user_39,277,,
7949,,350000,0,user_40,277,,
7950,,260000,0,user_41,277,,
7951,,150000,0,user_41,277,,
7952,,1800000,0,user_42,277,,
7953,,1300000,0,user_42,277,,
7954,,1900000,0,user_44,277,,
7955,,420000,0,user_44,277,,
7956,,260000,0,user_45,277,,
7957,,43000000,0,user_45,277,,
7958,,150000,0,user_46,277,,
7959,,340000,15100,user_46,277,,
7960,,1600000,381000,user_47,277,,
7961,,2600000,594000,user_48,277,,
7962,,150000,0,user_48,277,,
7963,,420000,0,user_48,277,,
7914,0,43000000,0,user_15,277,277,
7957,1,43000000,0,user_45,277,277,
7907,2,5000000,0,user_11,277,277,
7946,3,4200000,33100,user_38,277,277,
7948,4,3600000,0,user_39,277,277,
7922,5,3500000,0,user_16,277,277,
7937,6,3500000,42000,user_29,277,277,
7961,7,2600000,594000,user_48,277,277,
7916,8,2300000,0,user_15,277,277,
7910,9,2100000,369000,user_12,277,277,
7939,10,2100000,0,user_33,277,277,
7920,11,2000000,0,user_16,277,277,
7926,12,2000000,0,user_20,277,277,
7942,13,2000000,0,user_35,277,277,
7935,14,1900000,0,user_28,277,277,
7954,15,1900000,0,user_44,277,277,
7952,16,1800000,0,user_42,277,277,
7960,17,1600000,381000,user_47,277,277,
7934,18,1500000,0,user_27,277,277,
7930,19,1400000,18600,user_23,277,277,
7953,20,1300000,0,user_42,277,277,
7929,21,1100000,31700,user_22,277,277,
7902,22,1000000,0,user_5,277,277,
7906,23,530000,0,user_10,277,277,
7945,24,420000,0,user_38,277,277,
7955,25,420000,0,user_44,277,277,
7963,26,420000,0,user_48,277,277,
7904,27,360000,0,user_9,277,277,
7905,28,340000,0,user_10,277,277,
7959,29,340000,15100,user_46,277,277,
7913,30,310000,0,user_15,277,277,
7898,31,260000,0,user_1,277,277,
7933,32,260000,0,user_26,277,277,
7950,33,260000,0,user_41,277,277,
7956,34,260000,0,user_45,277,277,
7925,35,220000,0,user_20,277,277,
7940,36,220000,0,user_34,277,277,
7903,37,170000,0,user_7,277,277,
7921,38,160000,15700,user_16,277,277,
7943,39,160000,5630,user_36,277,277,
7908,40,150000,0,user_11,277,277,
7918,41,150000,0,user_16,277,277,
7951,42,150000,0,user_41,277,277,
7958,43,150000,0,user_46,277,277,
7962,44,150000,0,user_48,277,277,
7928,45,130000,0,user_21,277,277,
7927,46,120000,0,user_21,277,277,
7923,47,110000,49100,user_17,277,277,
7911,48,100000,0,user_13,277,277,
7899,49,85000,0,user_1,277,277,
7909,50,85000,0,user_11,277,277,
7917,51,85000,0,user_15,277,277,
7941,52,85000,0,user_35,277,277,
7936,53,82000,67900,user_28,277,277,
7915,54,79000,0,user_15,277,277,
7919,55,79000,84800,user_16,277,277,
7912,56,77000,0,user_14,277,277,
7947,57,77000,0,user_38,277,277,
8063,,85000,0,user_1,278,,
8064,,120000,195000,user_2,278,,
8065,,77000,0,user_4,278,,
8066,,3200000,0,user_5,278,,
8067,,4500000,0,user_6,278,,
8068,,870000,0,user_7,278,,
8069,,85000,0,user_8,278,,
8070,,2000000,0,user_8,278,,
8071,,5000000,0,user_10,278,,
8072,,160000,0,user_11,278,,
8073,,27000000,0,user_12,278,,
8074,,1600000,75000,user_13,278,,
8075,,360000,0,user_16,278,,
8076,,2000000,0,user_17,278,,
8077,,110000,0,user_19,278,,
8078,,2400000,0,user_20,278,,
8079,,630000,0,user_20,278,,
8080,,220000,0,user_21,278,,
8081,,420000,0,user_22,278,,
8082,,5000000,0,user_23,278,,
8083,,1100000,0,user_23,278,,
8084,,1400000,0,user_24,278,,
8085,,2500000,0,user_26,278,,
8086,,6300000,0,user_28,278,,
8087,,1000000,0,user_28,278,,
8088,,82000,0,user_29,278,,
8089,,260000,0,user_29,278,,
8090,,310000,0,user_30,278,,
8091,,79000,0,user_31,278,,
8092,,1400000,31700,user_31,278,,
8093,,630000,0,user_31,278,,
8094,,82000,0,user_31,278,,
8095,,670000,0,user_31,278,,
8096,,1600000,0,user_33,278,,
8097,,1000000,0,user_33,278,,
8098,,2000000,0,user_34,278,,
8099,,220000,0,user_35,278,,
8100,,1100000,0,user_36,278,,
8101,,1000000,0,user_38,278,,
8102,,870000,0,user_40,278,,
8103,,470000,0,user_41,278,,
8104,,170000,0,user_43,278,,
8105,,120000,322000,user_43,278,,
8106,,300000,0,user_43,278,,
8107,,320000,7190000,user_44,278,,
8108,,240000,0,user_45,278,,
8109,,98000,0,user_45,278,,
8110,,70000,15300,user_46,278,,
8111,,130000,410000,user_47,278,,
8112,,4200000,18600,user_49,278,,
8073,0,27000000,0,user_12,278,278,
8142,1,0,0,builder_4,278,278,8107
8107,2,320000,7190000,user_44,278,278,
8086,3,6300000,0,user_28,278,278,
8071,4,5000000,0,user_10,278,278,
8082,5,5000000,0,user_23,278,278,
8067,6,4500000,0,user_6,278,278,
8112,7,4200000,18600,user_49,278,278,
8143,8,0,0,builder_4,278,278,8112
8085,9,2500000,0,user_26,278,278,
8078,10,2400000,0,user_20,278,278,
8070,11,2000000,0,user_8,278,278,
8076,12,2000000,0,user_17,278,278,
8098,13,2000000,0,user_34,278,278,
8074,14,1600000,75000,user_13,278,278,
8144,15,0,0,builder_4,278,278,8074
8096,16,1600000,0,user_33,278,278,
8092,17,1400000,31700,user_31,278,278,
8145,18,0,0,builder_4,278,278,8092
8084,19,1400000,0,user_24,278,278,
8083,20,1100000,0,user_23,278,278,
8100,21,1100000,0,user_36,278,278,
8087,22,1000000,0,user_28,278,278,
8097,23,1000000,0,user_33,278,278,
8101,24,1000000,0,user_38,278,278,
8102,25,870000,0,user_40,278,278,
8095,26,670000,0,user_31,278,278,
8079,27,630000,0,user_20,278,278,
8093,28,630000,0,user_31,278,278,
8103,29,470000,0,user_41,278,278,
8105,30,120000,322000,user_43,278,278,
8146,31,0,0,builder_4,278,278,8105
8081,32,420000,0,user_22,278,278,
8075,33,360000,0,user_16,278,278,
8147,34,0,0,builder_4,278,278,8064
8064,35,120000,195000,user_2,278,278,
8090,36,310000,0,user_30,278,278,
8106,37,300000,0,user_43,278,278,
8089,38,260000,0,user_29,278,278,
8108,39,240000,0,user_45,278,278,
8080,40,220000,0,user_21,278,278,
8099,41,220000,0,user_35,278,278,
8104,42,170000,0,user_43,278,278,
8072,43,160000,0,user_11,278,278,
8077,44,110000,0,user_19,278,278,
8109,45,98000,0,user_45,278,278,
8110,46,70000,15300,user_46,278,278,
8148,47,0,0,builder_4,278,278,8110
8063,48,85000,0,user_1,278,278,
8069,49,85000,0,user_8,278,278,
8088,50,82000,0,user_29,278,278,
8094,51,82000,0,user_31,278,278,
8091,52,79000,0,user_31,278,278,
8065,53,77000,0,user_4,278,278,
8169,,470000,0,user_0,279,,
8170,,5000000,0,user_2,279,,
8171,,1500000,0,user_3,279,,
8172,,4500000,0,user_4,279,,
8173,,98000,0,user_6,279,,
8174,,79000,0,user_7,279,,
8175,,220000,49100,user_8,279,,
8176,,1500000,67900,user_10,279,,
8177,,1000000,4320000,user_10,279,,
8178,,1400000,0,user_12,279,,
8179,,470000,0,user_14,279,,
8180,,260000,0,user_15,279,,
8181,,1500000,0,user_17,279,,
8182,,150000,0,user_18,279,,
8183,,83000,0,user_20,279,,
8184,,150000,0,user_21,279,,
8185,,1400000,0,user_22,279,,
8186,,1100000,0,user_22,279,,
8187,,150000,0,user_22,279,,
8188,,1000000,0,user_23,279,,
8189,,240000,0,user_24,279,,
8190,,1600000,0,user_26,279,,
8191,,1500000,0,user_27,279,,
8192,,5000000,0,user_29,279,,
8193,,79000,0,user_30,279,,
8194,,2000000,0,user_31,279,,
8195,,130000,0,user_31,279,,
8196,,300000,0,user_32,279,,
8197,,630000,0,user_33,279,,
8198,,1500000,0,user_34,279,,
8199,,2500000,0,user_35,279,,
8200,,6300000,0,user_36,279,,
8201,,350000,0,user_37,279,,
8202,,1500000,0,user_38,279,,
8203,,1000000,0,user_40,279,,
8204,,870000,68100,user_42,279,,
8205,,170000,0,user_43,279,,
8206,,5200000,0,user_45,279,,
8207,,110000,0,user_45,279,,
8208,,170000,0,user_45,279,,
8209,,650000,0,user_45,279,,
8210,,84000,0,user_47,279,,
8211,,83000,0,user_48,279,,
8212,,530000,285000,user_48,279,,
8213,,2400000,0,user_49,279,,
8200,0,6300000,0,user_36,279,279,
8231,1,0,0,builder_4,279,279,8177
8177,2,1000000,4320000,user_10,279,279,
8206,3,5200000,0,user_45,279,279,
8170,4,5000000,0,user_2,279,279,
8192,5,5000000,0,user_29,279,279,
8172,6,4500000,0,user_4,279,279,
8199,7,2500000,0,user_35,279,279,
8213,8,2400000,0,user_49,279,279,
8194,9,2000000,0,user_31,279,279,
8190,10,1600000,0,user_26,279,279,
8176,11,1500000,67900,user_10,279,279,
8232,12,0,0,builder_4,279,279,8176
8171,13,1500000,0,user_3,279,279,
8181,14,1500000,0,user_17,279,279,
8191,15,1500000,0,user_27,279,279,
8198,16,1500000,0,user_34,279,279,
8202,17,1500000,0,user_38,279,279,
8178,18,1400000,0,user_12,279,279,
8185,19,1400000,0,user_22,279,279,
8186,20,1100000,0,user_22,279,279,
8188,21,1000000,0,user_23,279,279,
8203,22,1000000,0,user_40,279,279,
8204,23,870000,68100,user_42,279,279,
8233,24,0,0,builder_4,279,279,8204
8212,25,530000,285000,user_48,279,279,
8234,26,0,0,builder_4,279,279,8212
8209,27,650000,0,user_45,279,279,
8197,28,630000,0,user_33,279,279,
8169,29,470000,0,user_0,279,279,
8179,30,470000,0,user_14,279,279,
8201,31,350000,0,user_37,279,279,
8196,32,300000,0,user_32,279,279,
8235,33,0,0,builder_4,279,279,8175
8175,34,220000,49100,user_8,279,279,
8189,35,240000,0,user_24,279,279,
8205,36,170000,0,user_43,279,279,
8208,37,170000,0,user_45,279,279,
8182,38,150000,0,user_18,279,279,
8184,39,150000,0,user_21,279,279,
8187,40,150000,0,user_22,279,279,
8195,41,130000,0,user_31,279,279,
8207,42,110000,0,user_45,279,279,
8173,43,98000,0,user_6,279,279,
8183,44,83000,0,user_20,279,279,
8211,45,83000,0,user_48,279,279,
8193,46,79000,0,user_30,279,279,
8252,,82000,35600,user_0,280,,
8253,,150000,67900,user_0,280,,
8254,,170000,0,user_2,280,,
8255,,470000,0,user_3,280,,
8256,,260000,108000,user_4,280,,
8257,,150000,0,user_4,280,,
8258,,1000000,0,user_6,280,,
8259,,77000,0,user_6,280,,
8260,,30000000,0,user_8,280,,
8261,,120000,0,user_9,280,,
8262,,1800000,0,user_11,280,,
8263,,100000,0,user_11,280,,
8264,,110000,0,user_13,280,,
8265,,87000,23500,user_13,280,,
8266,,5200000,0,user_15,280,,
8267,,1800000,0,user_16,280,,
8268,,130000,0,user_18,280,,
8269,,1300000,0,user_18,280,,
8270,,220000,0,user_19,280,,
8271,,1600000,256000,user_20,280,,
8272,,220000,0,user_22,280,,
8273,,530000,410000,user_23,280,,
8274,,77000,0,user_23,280,,
8275,,2500000,0,user_24,280,,
8276,,1500000,12800,user_26,280,,
8277,,5200000,0,user_26,280,,
8278,,120000,0,user_26,280,,
8279,,1000000,0,user_26,280,,
8280,,1400000,33300,user_26,280,,
8281,,240000,0,user_27,280,,
8282,,470000,19700,user_27,280,,
8283,,19000000,0,user_27,280,,
8284,,2600000,0,user_27,280,,
8285,,340000,19700,user_27,280,,
8286,,3200000,0,user_28,280,,
8287,,1500000,0,user_29,280,,
8288,,190000,32900,user_29,280,,
8289,,2400000,0,user_29,280,,
8290,,310000,0,user_29,280,,
8291,,5200000,0,user_30,280,,
8292,,120000,0,user_31,280,,
8293,,82000,0,user_33,280,,
8294,,260000,0,user_35,280,,
8295,,2100000,0,user_35,280,,
8296,,220000,0,user_37,280,,
8297,,150000,0,user_38,280,,
8298,,160000,5630,user_38,280,,
8299,,300000,0,user_39,280,,
8300,,1900000,0,user_40,280,,
8301,,2300000,0,user_40,280,,
8302,,530000,0,user_41,280,,
8303,,87000,0,user_42,280,,
8304,,1400000,4320000,user_43,280,,
8305,,2100000,285000,user_44,280,,
8306,,5000000,0,user_47,280,,
8307,,110000,0,user_47,280,,
8308,,310000,0,user_49,280,,
8260,0,30000000,0,user_8,280,280,
8283,1,19000000,0,user_27,280,280,
8266,2,5200000,0,user_15,280,280,
8277,3,5200000,0,user_26,280,280,
8291,4,5200000,0,user_30,280,280,
8306,5,5000000,0,user_47,280,280,
8286,6,3200000,0,user_28,280,280,
8284,7,2600000,0,user_27,280,280,
8275,8,2500000,0,user_24,280,280,
8289,9,2400000,0,user_29,280,280,
8301,10,2300000,0,user_40,280,280,
8305,11,2100000,285000,user_44,280,280,
8300,12,1900000,0,user_40,280,280,
8267,13,1800000,0,user_16,280,280,
8271,14,1600000,256000,user_20,280,280,
8276,15,1500000,12800,user_26,280,280,
8287,16,1500000,0,user_29,280,280,
8280,17,1400000,33300,user_26,280,280,
8304,18,1400000,4320000,user_43,280,280,
8269,19,1300000,0,user_18,280,280,
8258,20,1000000,0,user_6,280,280,
8279,21,1000000,0,user_26,280,280,
8273,22,530000,410000,user_23,280,280,
8302,23,530000,0,user_41,280,280,
8282,24,470000,19700,user_27,280,280,
8285,25,340000,19700,user_27,280,280,
8290,26,310000,0,user_29,280,280,
8299,27,300000,0,user_39,280,280,
8256,28,260000,108000,user_4,280,280,
8281,29,240000,0,user_27,280,280,
8270,30,220000,0,user_19,280,280,
8272,31,220000,0,user_22,280,280,
8288,32,190000,32900,user_29,280,280,
8254,33,170000,0,user_2,280,280,
8298,34,160000,5630,user_38,280,280,
8253,35,150000,67900,user_0,280,280,
8257,36,150000,0,user_4,280,280,
8297,37,150000,0,user_38,280,280,
8268,38,130000,0,user_18,280,280,
8261,39,120000,0,user_9,280,280,
8278,40,120000,0,user_26,280,280,
8292,41,120000,0,user_31,280,280,
8264,42,110000,0,user_13,280,280,
8307,43,110000,0,user_47,280,280,
8265,44,87000,23500,user_13,280,280,
8303,45,87000,0,user_42,280,280,
8252,46,82000,35600,user_0,280,280,
8259,47,77000,0,user_6,280,280,
8274,48,77000,0,user_23,280,280,
8407,,98000,0,user_0,281,,
8408,,150000,0,user_1,281,,
8409,,83000,15300,user_1,281,,
8410,,4500000,0,user_1,281,,
8411,,3600000,0,user_5,281,,
8412,,160000,32900,user_6,281,,
8413,,970000,0,user_7,281,,
8414,,460000,100000,user_8,281,,
8415,,19000000,0,user_9,281,,
8416,,80000,0,user_10,281,,
8417,,1100000,0,user_11,281,,
8418,,6100000,0,user_14,281,,
8419,,4200000,0,user_14,281,,
8420,,87000,769000,user_17,281,,
8421,,340000,0,user_20,281,,
8422,,120000,0,user_21,281,,
8423,,83000,0,user_22,281,,
8424,,670000,0,user_23,281,,
8425,,600000,0,user_23,281,,
8426,,630000,0,user_24,281,,
8427,,150000,0,user_25,281,,
8428,,30000000,39400,user_26,281,,
8429,,70000,0,user_28,281,,
8430,,4500000,0,user_30,281,,
8431,,2000000,0,user_31,281,,
8432,,1100000,0,user_31,281,,
8433,,170000,0,user_31,281,,
8434,,1100000,11200,user_32,281,,
8435,,310000,46500,user_33,281,,
8436,,5000000,49100,user_35,281,,
8437,,660000,215000,user_36,281,,
8438,,1500000,0,user_36,281,,
8439,,87000,108000,user_37,281,,
8440,,3500000,0,user_37,281,,
8441,,370000,0,user_38,281,,
8442,,1200000,231000,user_40,281,,
8443,,98000,0,user_41,281,,
8444,,3500000,0,user_41,281,,
8445,,1000000,0,user_41,281,,
8446,,460000,0,user_41,281,,
8447,,1500000,0,user_41,281,,
8448,,82000,0,user_42,281,,
8449,,30000000,0,user_44,281,,
8450,,660000,0,user_45,281,,
8451,,120000,0,user_47,281,,
8452,,1600000,0,user_47,281,,
8453,,460000,35600,user_48,281,,
8428,0,30000000,39400,user_26,281,281,
8449,1,30000000,0,user_44,281,281,
8415,2,19000000,0,user_9,281,281,
8418,3,6100000,0,user_14,281,281,
8436,4,5000000,49100,user_35,281,281,
8410,5,4500000,0,user_1,281,281,
8430,6,4500000,0,user_30,281,281,
8419,7,4200000,0,user_14,281,281,
8411,8,3600000,0,user_5,281,281,
8444,9,3500000,0,user_41,281,281,
8431,10,2000000,0,user_31,281,281,
8452,11,1600000,0,user_47,281,281,
8438,12,1500000,0,user_36,281,281,
8447,13,1500000,0,user_41,281,281,
8442,14,1200000,231000,user_40,281,281,
8417,15,1100000,0,user_11,281,281,
8432,16,1100000,0,user_31,281,281,
8434,17,1100000,11200,user_32,281,281,
8445,18,1000000,0,user_41,281,281,
8413,19,970000,0,user_7,281,281,
8424,20,670000,0,user_23,281,281,
8437,21,660000,215000,user_36,281,281,
8426,22,630000,0,user_24,281,281,
8425,23,600000,0,user_23,281,281,
8414,24,460000,100000,user_8,281,281,
8446,25,460000,0,user_41,281,281,
8453,26,460000,35600,user_48,281,281,
8441,27,370000,0,user_38,281,281,
8421,28,340000,0,user_20,281,281,
8435,29,310000,46500,user_33,281,281,
8433,30,170000,0,user_31,281,281,
8412,31,160000,32900,user_6,281,281,
8408,32,150000,0,user_1,281,281,
8422,33,120000,0,user_21,281,281,
8451,34,120000,0,user_47,281,281,
8443,35,98000,0,user_41,281,281,
8409,36,83000,15300,user_1,281,281,
8423,37,83000,0,user_22,281,281,
8448,38,82000,0,user_42,281,281,
8416,39,80000,0,user_10,281,281,
8429,40,70000,0,user_28,281,281,
8540,,82000,0,user_0,282,,
8541,,1600000,33100,user_0,282,,
8542,,120000,13800,user_0,282,,
8543,,2600000,0,user_2,282,,
8544,,2000000,0,user_4,282,,
8545,,150000,0,user_5,282,,
8546,,340000,0,user_6,282,,
8547,,30000000,10700,user_8,282,,
8548,,170000,21800,user_9,282,,
8549,,910000,0,user_9,282,,
8550,,660000,0,user_10,282,,
8551,,3600000,0,user_11,282,,
8552,,2000000,0,user_13,282,,
8553,,4200000,0,user_15,282,,
8554,,120000,0,user_16,282,,
8555,,1600000,35100,user_17,282,,
8556,,6300000,0,user_18,282,,
8557,,83000,0,user_18,282,,
8558,,6100000,7190000,user_20,282,,
8559,,1400000,0,user_20,282,,
8560,,160000,0,user_21,282,,
8561,,120000,0,user_22,282,,
8562,,260000,0,user_23,282,,
8563,,3500000,0,user_24,282,,
8564,,1300000,121000,user_24,282,,
8565,,360000,12300,user_25,282,,
8566,,120000,100000,user_25,282,,
8567,,120000,0,user_26,282,,
8568,,3200000,0,user_28,282,,
8569,,160000,16400,user_28,282,,
8570,,43000000,0,user_30,282,,
8571,,160000,0,user_30,282,,
8572,,150000,381000,user_31,282,,
8573,,110000,0,user_32,282,,
8574,,85000,108000,user_33,282,,
8575,,4500000,0,user_33,282,,
8576,,1900000,0,user_33,282,,
8577,,82000,0,user_34,282,,
8578,,80000,0,user_35,282,,
8579,,1000000,0,user_36,282,,
8580,,84000,0,user_37,282,,
8581,,120000,0,user_37,282,,
8582,,220000,0,user_37,282,,
8583,,320000,0,user_37,282,,
8584,,260000,100000,user_37,282,,
8585,,110000,0,user_39,282,,
8586,,160000,0,user_39,282,,
8587,,1300000,0,user_39,282,,
8588,,910000,0,user_40,282,,
8589,,120000,0,user_41,282,,
8590,,110000,0,user_43,282,,
8591,,77000,0,user_44,282,,
8592,,870000,43600,user_45,282,,
8593,,360000,0,user_47,282,,
8594,,130000,0,user_49,282,,
8570,0,43000000,0,user_30,282,282,
8547,1,30000000,10700,user_8,282,282,
8556,2,6300000,0,user_18,282,282,
8558,3,6100000,7190000,user_20,282,282,
8575,4,4500000,0,user_33,282,282,
8553,5,4200000,0,user_15,282,282,
8551,6,3600000,0,user_11,282,282,
8563,7,3500000,0,user_24,282,282,
8568,8,3200000,0,user_28,282,282,
8543,9,2600000,0,user_2,282,282,
8544,10,2000000,0,user_4,282,282,
8552,11,2000000,0,user_13,282,282,
8576,12,1900000,0,user_33,282,282,
8541,13,1600000,33100,user_0,282,282,
8555,14,1600000,35100,user_17,282,282,
8559,15,1400000,0,user_20,282,282,
8564,16,1300000,121000,user_24,282,282,
8587,17,1300000,0,user_39,282,282,
8588,18,910000,0,user_40,282,282,
8592,19,870000,43600,user_45,282,282,
8565,20,360000,12300,user_25,282,282,
8593,21,360000,0,user_47,282,282,
8546,22,340000,0,user_6,282,282,
8583,23,320000,0,user_37,282,282,
8562,24,260000,0,user_23,282,282,
8584,25,260000,100000,user_37,282,282,
8582,26,220000,0,user_37,282,282,
8560,27,160000,0,user_21,282,282,
8569,28,160000,16400,user_28,282,282,
8571,29,160000,0,user_30,282,282,
8586,30,160000,0,user_39,282,282,
8572,31,150000,381000,user_31,282,282,
8594,32,130000,0,user_49,282,282,
8542,33,120000,13800,user_0,282,282,
8554,34,120000,0,user_16,282,282,
8561,35,120000,0,user_22,282,282,
8566,36,120000,100000,user_25,282,282,
8567,37,120000,0,user_26,282,282,
8581,38,120000,0,user_37,282,282,
8589,39,120000,0,user_41,282,282,
8573,40,110000,0,user_32,282,282,
8585,41,110000,0,user_39,282,282,
8590,42,110000,0,user_43,282,282,
8574,43,85000,108000,user_33,282,282,
8580,44,84000,0,user_37,282,282,
8557,45,83000,0,user_18,282,282,
8540,46,82000,0,user_0,282,282,
8577,47,82000,0,user_34,282,282,
8578,48,80000,0,user_35,282,282,
8591,49,77000,0,user_44,282,282,
8698,,160000,0,user_1,283,,
8699,,300000,12300,user_2,283,,
8700,,340000,0,user_3,283,,
8701,,150000,0,user_3,283,,
8702,,1800000,0,user_4,283,,
8703,,1000000,0,user_4,283,,
8704,,260000,0,user_6,283,,
8705,,420000,0,user_8,283,,
8706,,630000,0,user_9,283,,
8707,,100000,0,user_11,283,,
8708,,43000000,0,user_12,283,,
8709,,910000,0,user_13,283,,
8710,,120000,0,user_13,283,,
8711,,1100000,0,user_14,283,,
8712,,660000,0,user_15,283,,
8713,,110000,0,user_15,283,,
8714,,2400000,0,user_15,283,,
8715,,1600000,0,user_15,283,,
8716,,420000,5640,user_15,283,,
8717,,150000,0,user_18,283,,
8718,,1100000,0,user_18,283,,
8719,,170000,0,user_18,283,,
8720,,2100000,0,user_18,283,,
8721,,670000,36800,user_18,283,,
8722,,6300000,231000,user_19,283,,
8723,,420000,0,user_19,283,,
8724,,1300000,0,user_21,283,,
8725,,2300000,0,user_22,283,,
8726,,150000,0,user_23,283,,
8727,,260000,0,user_25,283,,
8728,,910000,0,user_26,283,,
8729,,4500000,0,user_28,283,,
8730,,660000,0,user_28,283,,
8731,,1000000,0,user_29,283,,
8732,,2600000,0,user_30,283,,
8733,,110000,0,user_30,283,,
8734,,3600000,0,user_31,283,,
8735,,6300000,12800,user_31,283,,
8736,,87000,146000,user_33,283,,
8737,,30000000,12300,user_34,283,,
8738,,1000000,0,user_36,283,,
8739,,220000,0,user_36,283,,
8740,,110000,0,user_36,283,,
8741,,1500000,0,user_36,283,,
8742,,19000000,369000,user_36,283,,
8743,,170000,73100,user_37,283,,
8744,,670000,0,user_38,283,,
8745,,170000,12300,user_39,283,,
8746,,82000,0,user_40,283,,
8747,,1000000,0,user_41,283,,
8748,,130000,67500,user_42,283,,
8749,,150000,0,user_43,283,,
8750,,120000,0,user_44,283,,
8751,,420000,0,user_45,283,,
8752,,1800000,24700,user_46,283,,
8753,,100000,0,user_48,283,,
8754,,1600000,0,user_49,283,,
8708,0,43000000,0,user_12,283,283,
8737,1,30000000,12300,user_34,283,283,
8785,2,0,0,builder_3,283,283,8737
8786,3,0,0,builder_3,283,283,8742
8742,4,19000000,369000,user_36,283,283,
8787,5,0,0,builder_3,283,283,8722
8722,6,6300000,231000,user_19,283,283,
8788,7,0,0,builder_3,283,283,8735
8735,8,6300000,12800,user_31,283,283,
8729,9,4500000,0,user_28,283,283,
8734,10,3600000,0,user_31,283,283,
8732,11,2600000,0,user_30,283,283,
8714,12,2400000,0,user_15,283,283,
8725,13,2300000,0,user_22,283,283,
8720,14,2100000,0,user_18,283,283,
8789,15,0,0,builder_3,283,283,8752
8752,16,1800000,24700,user_46,283,283,
8702,17,1800000,0,user_4,283,283,
8715,18,1600000,0,user_15,283,283,
8754,19,1600000,0,user_49,283,283,
8741,20,1500000,0,user_36,283,283,
8724,21,1300000,0,user_21,283,283,
8711,22,1100000,0,user_14,283,283,
8718,23,1100000,0,user_18,283,283,
8703,24,1000000,0,user_4,283,283,
8731,25,1000000,0,user_29,283,283,
8738,26,1000000,0,user_36,283,283,
8747,27,1000000,0,user_41,283,283,
8709,28,910000,0,user_13,283,283,
8728,29,910000,0,user_26,283,283,
8790,30,0,0,builder_3,283,283,8721
8721,31,670000,36800,user_18,283,283,
8744,32,670000,0,user_38,283,283,
8712,33,660000,0,user_15,283,283,
8730,34,660000,0,user_28,283,283,
8791,35,0,0,builder_3,283,283,8716
8716,36,420000,5640,user_15,283,283,
8723,37,420000,0,user_19,283,283,
8751,38,420000,0,user_45,283,283,
8700,39,340000,0,user_3,283,283,
8792,40,0,0,builder_3,283,283,8699
8699,41,300000,12300,user_2,283,283,
8793,42,0,0,builder_3,283,283,8743
8743,43,170000,73100,user_37,283,283,
8736,44,87000,146000,user_33,283,283,
8794,45,0,0,builder_3,283,283,8736
8739,46,220000,0,user_36,283,283,
8795,47,0,0,builder_3,283,283,8748
8748,48,130000,67500,user_42,283,283,
8745,49,170000,12300,user_39,283,283,
8796,50,0,0,builder_3,283,283,8745
8719,51,170000,0,user_18,283,283,
8701,52,150000,0,user_3,283,283,
8717,53,150000,0,user_18,283,283,
8726,54,150000,0,user_23,283,283,
8749,55,150000,0,user_43,283,283,
8710,56,120000,0,user_13,283,283,
8750,57,120000,0,user_44,283,283,
8713,58,110000,0,user_15,283,283,
8733,59,110000,0,user_30,283,283,
8740,60,110000,0,user_36,283,283,
8707,61,100000,0,user_11,283,283,
8753,62,100000,0,user_48,283,283,
8746,63,82000,0,user_40,283,283,
8842,,110000,13900,user_0,284,,
8843,,30000000,0,user_0,284,,
8844,,910000,0,user_0,284,,
8845,,1500000,0,user_2,284,,
8846,,98000,381000,user_3,284,,
8847,,83000,0,user_3,284,,
8848,,27000000,779000,user_3,284,,
8849,,650000,0,user_3,284,,
8850,,420000,0,user_4,284,,
8851,,5000000,17700000,user_5,284,,
8852,,660000,0,user_8,284,,
8853,,82000,0,user_9,284,,
8854,,1300000,5180,user_9,284,,
8855,,340000,0,user_11,284,,
8856,,4200000,0,user_12,284,,
8857,,170000,0,user_12,284,,
8858,,3200000,0,user_13,284,,
8859,,1100000,0,user_13,284,,
8860,,27000000,0,user_14,284,,
8861,,170000,0,user_14,284,,
8862,,100000,0,user_16,284,,
8863,,600000,0,user_17,284,,
8864,,4200000,0,user_18,284,,
8865,,1400000,0,user_19,284,,
8866,,5000000,0,user_19,284,,
8867,,1800000,0,user_19,284,,
8868,,460000,0,user_19,284,,
8869,,2600000,0,user_20,284,,
8870,,1700000,594000,user_21,284,,
8871,,3500000,0,user_21,284,,
8872,,310000,296000,user_22,284,,
8873,,30000000,0,user_22,284,,
8874,,190000,0,user_25,284,,
8875,,650000,10700,user_27,284,,
8876,,110000,0,user_28,284,,
8877,,220000,0,user_29,284,,
8878,,1400000,0,user_29,284,,
8879,,3600000,0,user_29,284,,
8880,,120000,42000,user_32,284,,
8881,,2600000,0,user_32,284,,
8882,,5000000,0,user_33,284,,
8883,,2600000,0,user_34,284,,
8884,,77000,0,user_35,284,,
8885,,19000000,0,user_35,284,,
8886,,27000000,0,user_36,284,,
8887,,630000,0,user_37,284,,
8888,,110000,0,user_40,284,,
8889,,600000,0,user_41,284,,
8890,,1500000,0,user_43,284,,
8891,,1400000,0,user_44,284,,
8892,,340000,0,user_44,284,,
8893,,340000,0,user_46,284,,
8894,,3500000,84800,user_46,284,,
8895,,220000,0,user_48,284,,
8896,,2300000,13900,user_48,284,,
8843,0,30000000,0,user_0,284,284,
8873,1,30000000,0,user_22,284,284,
8924,2,0,0,builder_3,284,284,8848
8848,3,27000000,779000,user_3,284,284,
8860,4,27000000,0,user_14,284,284,
8886,5,27000000,0,user_36,284,284,
8851,6,5000000,17700000,user_5,284,284,
8925,7,0,0,builder_3,284,284,8851
8885,8,19000000,0,user_35,284,284,
8866,9,5000000,0,user_19,284,284,
8882,10,5000000,0,user_33,284,284,
8856,11,4200000,0,user_12,284,284,
8864,12,4200000,0,user_18,284,284,
8879,13,3600000,0,user_29,284,284,
8926,14,0,0,builder_3,284,284,8894
8894,15,3500000,84800,user_46,284,284,
8871,16,3500000,0,user_21,284,284,
8858,17,3200000,0,user_13,284,284,
8869,18,2600000,0,user_20,284,284,
8881,19,2600000,0,user_32,284,284,
8883,20,2600000,0,user_34,284,284,
8896,21,2300000,13900,user_48,284,284,
8927,22,0,0,builder_3,284,284,8896
8928,23,0,0,builder_3,284,284,8870
8870,24,1700000,594000,user_21,284,284,
8867,25,1800000,0,user_19,284,284,
8845,26,1500000,0,user_2,284,284,
8890,27,1500000,0,user_43,284,284,
8865,28,1400000,0,user_19,284,284,
8878,29,1400000,0,user_29,284,284,
8891,30,1400000,0,user_44,284,284,
8859,31,1100000,0,user_13,284,284,
8844,32,910000,0,user_0,284,284,
8849,33,650000,0,user_3,284,284,
8887,34,630000,0,user_37,284,284,
8929,35,0,0,builder_3,284,284,8872
8872,36,310000,296000,user_22,284,284,
8863,37,600000,0,user_17,284,284,
8889,38,600000,0,user_41,284,284,
8930,39,0,0,builder_3,284,284,8846
8846,40,98000,381000,user_3,284,284,
8868,41,460000,0,user_19,284,284,
8850,42,420000,0,user_4,284,284,
8855,43,340000,0,user_11,284,284,
8892,44,340000,0,user_44,284,284,
8893,45,340000,0,user_46,284,284,
8877,46,220000,0,user_29,284,284,
8895,47,220000,0,user_48,284,284,
8857,48,170000,0,user_12,284,284,
8861,49,170000,0,user_14,284,284,
8880,50,120000,42000,user_32,284,284,
8931,51,0,0,builder_3,284,284,8880
8842,52,110000,13900,user_0,284,284,
8932,53,0,0,builder_3,284,284,8842
8876,54,110000,0,user_28,284,284,
8888,55,110000,0,user_40,284,284,
8847,56,83000,0,user_3,284,284,
8884,57,77000,0,user_35,284,284,
8977,,110000,0,user_1,285,,
8978,,120000,0,user_1,285,,
8979,,310000,18600,user_1,285,,
8980,,1000000,56200,user_1,285,,
8981,,1500000,0,user_1,285,,
8982,,82000,0,user_2,285,,
8983,,320000,0,user_3,285,,
8984,,670000,0,user_4,285,,
8985,,6100000,381000,user_7,285,,
8986,,2500000,0,user_7,285,,
8987,,3600000,0,user_7,285,,
8988,,1400000,24700,user_9,285,,
8989,,150000,0,user_9,285,,
8990,,2000000,0,user_10,285,,
8991,,350000,0,user_10,285,,
8992,,77000,0,user_10,285,,
8993,,2600000,283000,user_10,285,,
8994,,320000,0,user_10,285,,
8995,,3600000,12300,user_12,285,,
8996,,6100000,0,user_13,285,,
8997,,2400000,0,user_14,285,,
8998,,5200000,0,user_15,285,,
8999,,27000000,0,user_16,285,,
9000,,6100000,0,user_17,285,,
9001,,79000,67900,user_18,285,,
9002,,340000,0,user_19,285,,
9003,,1600000,0,user_20,285,,
9004,,650000,0,user_21,285,,
9005,,1900000,0,user_23,285,,
9006,,2000000,0,user_24,285,,
9007,,30000000,0,user_24,285,,
9008,,2000000,0,user_24,285,,
9009,,2600000,0,user_25,285,,
9010,,310000,0,user_25,285,,
9011,,19000000,0,user_25,285,,
9012,,870000,0,user_26,285,,
9013,,300000,0,user_28,285,,
9014,,300000,0,user_31,285,,
9015,,130000,0,user_31,285,,
9016,,19000000,0,user_31,285,,
9017,,1400000,0,user_31,285,,
9018,,84000,0,user_34,285,,
9019,,350000,0,user_34,285,,
9020,,1800000,594000,user_35,285,,
9021,,630000,0,user_35,285,,
9022,,240000,0,user_36,285,,
9023,,870000,0,user_36,285,,
9024,,1100000,0,user_37,285,,
9025,,630000,0,user_38,285,,
9026,,160000,0,user_38,285,,
9027,,240000,15300,user_39,285,,
9028,,170000,0,user_41,285,,
9029,,300000,0,user_41,285,,
9030,,100000,0,user_41,285,,
9031,,1900000,0,user_41,285,,
9032,,1600000,0,user_41,285,,
9033,,660000,67500,user_42,285,,
9034,,77000,0,user_43,285,,
9035,,310000,0,user_44,285,,
9036,,300000,410000,user_44,285,,
9037,,420000,0,user_45,285,,
9038,,110000,0,user_45,285,,
9039,,220000,0,user_47,285,,
9040,,83000,0,user_47,285,,
9041,,150000,0,user_49,285,,
9007,0,30000000,0,user_24,285,285,
8999,1,27000000,0,user_16,285,285,
9011,2,19000000,0,user_25,285,285,
9016,3,19000000,0,user_31,285,285,
8985,4,6100000,381000,user_7,285,285,
8996,5,6100000,0,user_13,285,285,
9000,6,6100000,0,user_17,285,285,
8998,7,5200000,0,user_15,285,285,
8987,8,3600000,0,user_7,285,285,
8995,9,3600000,12300,user_12,285,285,
8993,10,2600000,283000,user_10,285,285,
9009,11,2600000,0,user_25,285,285,
8986,12,2500000,0,user_7,285,285,
8997,13,2400000,0,user_14,285,285,
8990,14,2000000,0,user_10,285,285,
9006,15,2000000,0,user_24,285,285,
9008,16,2000000,0,user_24,285,285,
9005,17,1900000,0,user_23,285,285,
9031,18,1900000,0,user_41,285,285,
9003,19,1600000,0,user_20,285,285,
9032,20,1600000,0,user_41,285,285,
8981,21,1500000,0,user_1,285,285,
8988,22,1400000,24700,user_9,285,285,
9017,23,1400000,0,user_31,285,285,
8980,24,1000000,56200,user_1,285,285,
9012,25,870000,0,user_26,285,285,
8984,26,670000,0,user_4,285,285,
9033,27,660000,67500,user_42,285,285,
9004,28,650000,0,user_21,285,285,
9025,29,630000,0,user_38,285,285,
9037,30,420000,0,user_45,285,285,
8991,31,350000,0,user_10,285,285,
9019,32,350000,0,user_34,285,285,
9002,33,340000,0,user_19,285,285,
8994,34,320000,0,user_10,285,285,
8979,35,310000,18600,user_1,285,285,
9010,36,310000,0,user_25,285,285,
9035,37,310000,0,user_44,285,285,
9013,38,300000,0,user_28,285,285,
9014,39,300000,0,user_31,285,285,
9029,40,300000,0,user_41,285,285,
9036,41,300000,410000,user_44,285,285,
9027,42,240000,15300,user_39,285,285,
9039,43,220000,0,user_47,285,285,
9028,44,170000,0,user_41,285,285,
9026,45,160000,0,user_38,285,285,
8989,46,150000,0,user_9,285,285,
9015,47,130000,0,user_31,285,285,
8978,48,120000,0,user_1,285,285,
8977,49,110000,0,user_1,285,285,
9038,50,110000,0,user_45,285,285,
9030,51,100000,0,user_41,285,285,
9018,52,84000,0,user_34,285,285,
9040,53,83000,0,user_47,285,285,
8982,54,82000,0,user_2,285,285,
9001,55,79000,67900,user_18,285,285,
8992,56,77000,0,user_10,285,285,
9034,57,77000,0,user_43,285,285,
9118,,2600000,64600,user_1,286,,
9119,,420000,36800,user_1,286,,
9120,,1600000,0,user_2,286,,
9121,,600000,0,user_3,286,,
9122,,3500000,0,user_3,286,,
9123,,1600000,0,user_6,286,,
9124,,3200000,0,user_7,286,,
9125,,110000,195000,user_8,286,,
9126,,2000000,0,user_10,286,,
9127,,120000,0,user_10,286,,
9128,,310000,0,user_12,286,,
9129,,150000,0,user_13,286,,
9130,,1600000,545000,user_14,286,,
9131,,190000,0,user_16,286,,
9132,,1800000,0,user_17,286,,
9133,,120000,16400,user_20,286,,
9134,,190000,0,user_20,286,,
9135,,1500000,0,user_23,286,,
9136,,80000,0,user_25,286,,
9137,,470000,0,user_27,286,,
9138,,530000,0,user_28,286,,
9139,,70000,10700,user_28,286,,
9140,,220000,0,user_28,286,,
9141,,340000,0,user_28,286,,
9142,,220000,0,user_29,286,,
9143,,3600000,0,user_30,286,,
9144,,460000,0,user_32,286,,
9145,,77000,0,user_33,286,,
9146,,98000,0,user_35,286,,
9147,,310000,0,user_35,286,,
9148,,150000,0,user_37,286,,
9149,,1600000,0,user_38,286,,
9150,,1500000,0,user_39,286,,
9151,,1600000,0,user_40,286,,
9152,,4200000,0,user_43,286,,
9153,,120000,0,user_44,286,,
9154,,4200000,0,user_44,286,,
9155,,660000,0,user_46,286,,
9156,,1300000,0,user_47,286,,
9157,,6100000,0,user_47,286,,
9158,,98000,0,user_48,286,,
9159,,120000,0,user_49,286,,
9157,0,6100000,0,user_47,286,286,
9152,1,4200000,0,user_43,286,286,
9154,2,4200000,0,user_44,286,286,
9143,3,3600000,0,user_30,286,286,
9122,4,3500000,0,user_3,286,286,
9124,5,3200000,0,user_7,286,286,
9118,6,2600000,64600,user_1,286,286,
9160,7,0,0,builder_0,286,286,9118
9161,8,0,0,builder_0,286,286,9130
9130,9,1600000,545000,user_14,286,286,
9126,10,2000000,0,user_10,286,286,
9132,11,1800000,0,user_17,286,286,
9120,12,1600000,0,user_2,286,286,
9123,13,1600000,0,user_6,286,286,
9149,14,1600000,0,user_38,286,286,
9151,15,1600000,0,user_40,286,286,
9135,16,1500000,0,user_23,286,286,
9156,17,1300000,0,user_47,286,286,
9155,18,660000,0,user_46,286,286,
9121,19,600000,0,user_3,286,286,
9138,20,530000,0,user_28,286,286,
9137,21,470000,0,user_27,286,286,
9144,22,460000,0,user_32,286,286,
9119,23,420000,36800,user_1,286,286,
9162,24,0,0,builder_0,286,286,9119
9141,25,340000,0,user_28,286,286,
9147,26,310000,0,user_35,286,286,
9125,27,110000,195000,user_8,286,286,
9163,28,0,0,builder_0,286,286,9125
9140,29,220000,0,user_28,286,286,
9142,30,220000,0,user_29,286,286,
9131,31,190000,0,user_16,286,286,
9134,32,190000,0,user_20,286,286,
9129,33,150000,0,user_13,286,286,
9148,34,150000,0,user_37,286,286,
9164,35,0,0,builder_0,286,286,9133
9133,36,120000,16400,user_20,286,286,
9127,37,120000,0,user_10,286,286,
9153,38,120000,0,user_44,286,286,
9159,39,120000,0,user_49,286,286,
9146,40,98000,0,user_35,286,286,
9158,41,98000,0,user_48,286,286,
9139,42,70000,10700,user_28,286,286,
9165,43,0,0,builder_0,286,286,9139
9136,44,80000,0,user_25,286,286,
9145,45,77000,0,user_33,286,286,
9201,,130000,0,user_0,287,,
9202,,19000000,0,user_0,287,,
9203,,27000000,256000,user_1,287,,
9204,,3600000,0,user_3,287,,
9205,,470000,0,user_4,287,,
9206,,1300000,4320000,user_5,287,,
9207,,190000,0,user_6,287,,
9208,,220000,0,user_7,287,,
9209,,260000,0,user_8,287,,
9210,,1200000,0,user_9,287,,
9211,,83000,0,user_10,287,,
9212,,5000000,0,user_11,287,,
9213,,420000,0,user_13,287,,
9214,,1400000,0,user_13,287,,
9215,,82000,0,user_15,287,,
9216,,1000000,0,user_15,287,,
9217,,160000,0,user_15,287,,
9218,,420000,0,user_15,287,,
9219,,1100000,84800,user_15,287,,
9220,,4500000,0,user_16,287,,
9221,,1700000,23500,user_18,287,,
9222,,2000000,0,user_20,287,,
9223,,150000,350000,user_21,287,,
9224,,370000,0,user_22,287,,
9225,,460000,0,user_23,287,,
9226,,84000,0,user_25,287,,
9227,,1400000,0,user_25,287,,
9228,,2400000,0,user_25,287,,
9229,,670000,13800,user_25,287,,
9230,,320000,0,user_28,287,,
9231,,420000,0,user_28,287,,
9232,,2300000,0,user_29,287,,
9233,,970000,0,user_30,287,,
9234,,77000,0,user_30,287,,
9235,,220000,0,user_31,287,,
9236,,300000,0,user_31,287,,
9237,,73000,0,user_32,287,,
9238,,460000,0,user_32,287,,
9239,,1500000,0,user_32,287,,
9240,,150000,381000,user_32,287,,
9241,,650000,108000,user_32,287,,
9242,,1000000,0,user_33,287,,
9243,,460000,0,user_35,287,,
9244,,110000,0,user_36,287,,
9245,,1600000,16400,user_37,287,,
9246,,240000,0,user_37,287,,
9247,,870000,0,user_39,287,,
9248,,1100000,0,user_40,287,,
9249,,150000,0,user_40,287,,
9250,,420000,0,user_42,287,,
9251,,160000,0,user_44,287,,
9252,,3500000,5630,user_46,287,,
9203,0,27000000,256000,user_1,287,287,
9202,1,19000000,0,user_0,287,287,
9212,2,5000000,0,user_11,287,287,
9220,3,4500000,0,user_16,287,287,
9204,4,3600000,0,user_3,287,287,
9252,5,3500000,5630,user_46,287,287,
9228,6,2400000,0,user_25,287,287,
9232,7,2300000,0,user_29,287,287,
9222,8,2000000,0,user_20,287,287,
9221,9,1700000,23500,user_18,287,287,
9245,10,1600000,16400,user_37,287,287,
9239,11,1500000,0,user_32,287,287,
9214,12,1400000,0,user_13,287,287,
9227,13,1400000,0,user_25,287,287,
9219,14,1100000,84800,user_15,287,287,
9248,15,1100000,0,user_40,287,287,
9216,16,1000000,0,user_15,287,287,
9242,17,1000000,0,user_33,287,287,
9233,18,970000,0,user_30,287,287,
9247,19,870000,0,user_39,287,287,
9229,20,670000,13800,user_25,287,287,
9241,21,650000,108000,user_32,287,287,
9205,22,470000,0,user_4,287,287,
9225,23,460000,0,user_23,287,287,
9238,24,460000,0,user_32,287,287,
9243,25,460000,0,user_35,287,287,
9213,26,420000,0,user_13,287,287,
9218,27,420000,0,user_15,287,287,
9231,28,420000,0,user_28,287,287,
9250,29,420000,0,user_42,287,287,
9224,30,370000,0,user_22,287,287,
9230,31,320000,0,user_28,287,287,
9236,32,300000,0,user_31,287,287,
9209,33,260000,0,user_8,287,287,
9246,34,240000,0,user_37,287,287,
9208,35,220000,0,user_7,287,287,
9235,36,220000,0,user_31,287,287,
9207,37,190000,0,user_6,287,287,
9217,38,160000,0,user_15,287,287,
9251,39,160000,0,user_44,287,287,
9223,40,150000,350000,user_21,287,287,
9240,41,150000,381000,user_32,287,287,
9249,42,150000,0,user_40,287,287,
9201,43,130000,0,user_0,287,287,
9226,44,84000,0,user_25,287,287,
9215,45,82000,0,user_15,287,287,
9234,46,77000,0,user_30,287,287,
9237,47,73000,0,user_32,287,287,
4961,,1200000,0,user_0,288,,
4962,,2400000,0,user_1,288,,
4963,,650000,7190000,user_2,288,,
4964,,87000,0,user_3,288,,
4965,,670000,0,user_4,288,,
4966,,3200000,0,user_5,288,,
4967,,80000,0,user_5,288,,
4968,,3200000,0,user_6,288,,
4969,,670000,0,user_7,288,,
4970,,470000,0,user_8,288,,
4971,,82000,0,user_9,288,,
4972,,260000,0,user_9,288,,
4973,,420000,0,user_10,288,,
4974,,80000,0,user_12,288,,
4975,,350000,0,user_13,288,,
4976,,1300000,0,user_14,288,,
4977,,220000,0,user_15,288,,
4978,,5000000,64600,user_16,288,,
4979,,670000,0,user_18,288,,
4980,,2000000,0,user_21,288,,
4981,,420000,0,user_21,288,,
4982,,1700000,0,user_22,288,,
4983,,660000,0,user_23,288,,
4984,,3500000,0,user_24,288,,
4985,,160000,0,user_25,288,,
4986,,2500000,0,user_26,288,,
4987,,1500000,0,user_27,288,,
4988,,460000,0,user_29,288,,
4989,,100000,0,user_29,288,,
4990,,1000000,0,user_30,288,,
4991,,120000,0,user_30,288,,
4992,,1000000,0,user_31,288,,
4993,,84000,0,user_32,288,,
4994,,150000,195000,user_34,288,,
4995,,670000,0,user_34,288,,
4996,,670000,0,user_35,288,,
4997,,3500000,0,user_36,288,,
4998,,1500000,0,user_39,288,,
4999,,80000,0,user_40,288,,
5000,,1000000,0,user_41,288,,
5001,,1000000,0,user_42,288,,
5002,,470000,0,user_42,288,,
5003,,1500000,0,user_43,288,,
5004,,73000,11200,user_44,288,,
5005,,310000,0,user_45,288,,
5006,,970000,0,user_46,288,,
5007,,1000000,0,user_48,288,,
5008,,1400000,0,user_49,288,,
5016,0,0,0,builder_2,288,288,4963
4963,1,650000,7190000,user_2,288,288,
4978,2,5000000,64600,user_16,288,288,
5017,3,0,0,builder_2,288,288,4978
4984,4,3500000,0,user_24,288,288,
4997,5,3500000,0,user_36,288,288,
4966,6,3200000,0,user_5,288,288,
4968,7,3200000,0,user_6,288,288,
4986,8,2500000,0,user_26,288,288,
4962,9,2400000,0,user_1,288,288,
4980,10,2000000,0,user_21,288,288,
4982,11,1700000,0,user_22,288,288,
4987,12,1500000,0,user_27,288,288,
4998,13,1500000,0,user_39,288,288,
5003,14,1500000,0,user_43,288,288,
5008,15,1400000,0,user_49,288,288,
4976,16,1300000,0,user_14,288,288,
4961,17,1200000,0,user_0,288,288,
4990,18,1000000,0,user_30,288,288,
4992,19,1000000,0,user_31,288,288,
5000,20,1000000,0,user_41,288,288,
5007,21,1000000,0,user_48,288,288,
5006,22,970000,0,user_46,288,288,
4995,23,670000,0,user_34,288,288,
4983,24,660000,0,user_23,288,288,
4970,25,470000,0,user_8,288,288,
4988,26,460000,0,user_29,288,288,
4973,27,420000,0,user_10,288,288,
4981,28,420000,0,user_21,288,288,
4975,29,350000,0,user_13,288,288,
4994,30,150000,195000,user_34,288,288,
5018,31,0,0,builder_2,288,288,4994
5005,32,310000,0,user_45,288,288,
4972,33,260000,0,user_9,288,288,
4977,34,220000,0,user_15,288,288,
4985,35,160000,0,user_25,288,288,
4991,36,120000,0,user_30,288,288,
4989,37,100000,0,user_29,288,288,
4964,38,87000,0,user_3,288,288,
4971,39,82000,0,user_9,288,288,
4967,40,80000,0,user_5,288,288,
4999,41,80000,0,user_40,288,288,
5037,,120000,779000,user_1,289,,
5038,,3600000,0,user_1,289,,
5039,,220000,0,user_2,289,,
5040,,4500000,0,user_3,289,,
5041,,600000,0,user_4,289,,
5042,,160000,0,user_4,289,,
5043,,1300000,0,user_4,289,,
5044,,310000,0,user_4,289,,
5045,,1300000,0,user_4,289,,
5046,,1300000,0,user_6,289,,
5047,,120000,0,user_7,289,,
5048,,5000000,0,user_7,289,,
5049,,1100000,0,user_7,289,,
5050,,150000,0,user_8,289,,
5051,,300000,0,user_9,289,,
5052,,320000,36800,user_11,289,,
5053,,460000,0,user_11,289,,
5054,,6300000,0,user_11,289,,
5055,,1400000,100000,user_11,289,,
5056,,650000,0,user_11,289,,
5057,,110000,0,user_14,289,,
5058,,260000,215000,user_15,289,,
5059,,110000,5630,user_16,289,,
5060,,160000,0,user_16,289,,
5061,,84000,0,user_16,289,,
5062,,2400000,47700,user_17,289,,
5063,,6100000,0,user_18,289,,
5064,,220000,0,user_18,289,,
5065,,670000,256000,user_18,289,,
5066,,630000,0,user_18,289,,
5067,,70000,0,user_19,289,,
5068,,2000000,0,user_20,289,,
5069,,1100000,0,user_22,289,,
5070,,120000,164000,user_23,289,,
5071,,170000,215000,user_25,289,,
5072,,110000,0,user_26,289,,
5073,,2600000,0,user_28,289,,
5074,,3600000,0,user_29,289,,
5075,,6100000,49100,user_31,289,,
5076,,870000,0,user_31,289,,
5077,,120000,0,user_33,289,,
5078,,260000,0,user_37,289,,
5079,,220000,0,user_37,289,,
5080,,70000,296000,user_38,289,,
5081,,110000,0,user_38,289,,
5082,,4200000,410000,user_39,289,,
5083,,360000,0,user_39,289,,
5084,,120000,56200,user_39,289,,
5085,,220000,0,user_39,289,,
5086,,360000,0,user_41,289,,
5087,,100000,0,user_42,289,,
5088,,77000,0,user_43,289,,
5089,,150000,0,user_44,289,,
5090,,77000,0,user_45,289,,
5091,,2300000,49100,user_46,289,,
5092,,19000000,68100,user_46,289,,
5093,,470000,0,user_48,289,,
5092,0,19000000,68100,user_46,289,289,
5054,1,6300000,0,user_11,289,289,
5063,2,6100000,0,user_18,289,289,
5075,3,6100000,49100,user_31,289,289,
5048,4,5000000,0,user_7,289,289,
5040,5,4500000,0,user_3,289,289,
5082,6,4200000,410000,user_39,289,289,
5038,7,3600000,0,user_1,289,289,
5074,8,3600000,0,user_29,289,289,
5073,9,2600000,0,user_28,289,289,
5062,10,2400000,47700,user_17,289,289,
5091,11,2300000,49100,user_46,289,289,
5068,12,2000000,0,user_20,289,289,
5055,13,1400000,100000,user_11,289,289,
5043,14,1300000,0,user_4,289,289,
5045,15,1300000,0,user_4,289,289,
5046,16,1300000,0,user_6,289,289,
5049,17,1100000,0,user_7,289,289,
5069,18,1100000,0,user_22,289,289,
5076,19,870000,0,user_31,289,289,
5065,20,670000,256000,user_18,289,289,
5056,21,650000,0,user_11,289,289,
5066,22,630000,0,user_18,289,289,
5041,23,600000,0,user_4,289,289,
5053,24,460000,0,user_11,289,289,
5083,25,360000,0,user_39,289,289,
5086,26,360000,0,user_41,289,289,
5052,27,320000,36800,user_11,289,289,
5044,28,310000,0,user_4,289,289,
5058,29,260000,215000,user_15,289,289,
5078,30,260000,0,user_37,289,289,
5039,31,220000,0,user_2,289,289,
5064,32,220000,0,user_18,289,289,
5079,33,220000,0,user_37,289,289,
5085,34,220000,0,user_39,289,289,
5071,35,170000,215000,user_25,289,289,
5042,36,160000,0,user_4,289,289,
5060,37,160000,0,user_16,289,289,
5050,38,150000,0,user_8,289,289,
5089,39,150000,0,user_44,289,289,
5037,40,120000,779000,user_1,289,289,
5047,41,120000,0,user_7,289,289,
5070,42,120000,164000,user_23,289,289,
5077,43,120000,0,user_33,289,289,
5084,44,120000,56200,user_39,289,289,
5057,45,110000,0,user_14,289,289,
5059,46,110000,5630,user_16,289,289,
5072,47,110000,0,user_26,289,289,
5087,48,100000,0,user_42,289,289,
5061,49,84000,0,user_16,289,289,
5088,50,77000,0,user_43,289,289,
5090,51,77000,0,user_45,289,289,
5067,52,70000,0,user_19,289,289,
5198,,1000000,0,user_0,290,,
5199,,120000,21800,user_1,290,,
5200,,1400000,1100000,user_2,290,,
5201,,1300000,181000,user_3,290,,
5202,,1000000,0,user_3,290,,
5203,,260000,0,user_4,290,,
5204,,79000,0,user_4,290,,
5205,,2000000,0,user_6,290,,
5206,,5200000,0,user_7,290,,
5207,,120000,146000,user_7,290,,
5208,,1400000,0,user_8,290,,
5209,,5000000,0,user_10,290,,
5210,,310000,0,user_10,290,,
5211,,530000,0,user_11,290,,
5212,,110000,128000,user_12,290,,
5213,,2100000,0,user_13,290,,
5214,,160000,0,user_15,290,,
5215,,1500000,0,user_16,290,,
5216,,370000,0,user_17,290,,
5217,,160000,0,user_18,290,,
5218,,150000,0,user_18,290,,
5219,,120000,0,user_18,290,,
5220,,110000,0,user_18,290,,
5221,,70000,0,user_18,290,,
5222,,420000,0,user_19,290,,
5223,,350000,0,user_23,290,,
5224,,1100000,0,user_23,290,,
5225,,530000,0,user_24,290,,
5226,,1600000,0,user_25,290,,
5227,,1100000,0,user_26,290,,
5228,,420000,0,user_26,290,,
5229,,1900000,0,user_26,290,,
5230,,470000,0,user_26,290,,
5231,,2000000,0,user_27,290,,
5232,,160000,35600,user_28,290,,
5233,,370000,36800,user_30,290,,
5234,,420000,0,user_33,290,,
5235,,530000,0,user_35,290,,
5236,,2600000,0,user_36,290,,
5237,,220000,0,user_37,290,,
5238,,670000,296000,user_37,290,,
5239,,30000000,0,user_37,290,,
5240,,220000,0,user_37,290,,
5241,,110000,0,user_38,290,,
5242,,1200000,161000,user_39,290,,
5243,,110000,0,user_40,290,,
5244,,1000000,0,user_42,290,,
5245,,1500000,0,user_44,290,,
5246,,2400000,0,user_45,290,,
5247,,70000,0,user_46,290,,
5248,,98000,0,user_49,290,,
5239,0,30000000,0,user_37,290,290,
5206,1,5200000,0,user_7,290,290,
5209,2,5000000,0,user_10,290,290,
5236,3,2600000,0,user_36,290,290,
5246,4,2400000,0,user_45,290,290,
5213,5,2100000,0,user_13,290,290,
5205,6,2000000,0,user_6,290,290,
5231,7,2000000,0,user_27,290,290,
5229,8,1900000,0,user_26,290,290,
5226,9,1600000,0,user_25,290,290,
5215,10,1500000,0,user_16,290,290,
5245,11,1500000,0,user_44,290,290,
5200,12,1400000,1100000,user_2,290,290,
5208,13,1400000,0,user_8,290,290,
5201,14,1300000,181000,user_3,290,290,
5242,15,1200000,161000,user_39,290,290,
5224,16,1100000,0,user_23,290,290,
5227,17,1100000,0,user_26,290,290,
5198,18,1000000,0,user_0,290,290,
5202,19,1000000,0,user_3,290,290,
5244,20,1000000,0,user_42,290,290,
5238,21,670000,296000,user_37,290,290,
5211,22,530000,0,user_11,290,290,
5235,23,530000,0,user_35,290,290,
5230,24,470000,0,user_26,290,290,
5228,25,420000,0,user_26,290,290,
5234,26,420000,0,user_33,290,290,
5216,27,370000,0,user_17,290,290,
5233,28,370000,36800,user_30,290,290,
5223,29,350000,0,user_23,290,290,
5210,30,310000,0,user_10,290,290,
5203,31,260000,0,user_4,290,290,
5237,32,220000,0,user_37,290,290,
5240,33,220000,0,user_37,290,290,
5214,34,160000,0,user_15,290,290,
5217,35,160000,0,user_18,290,290,
5218,36,150000,0,user_18,290,290,
5199,37,120000,21800,user_1,290,290,
5207,38,120000,146000,user_7,290,290,
5219,39,120000,0,user_18,290,290,
5212,40,110000,128000,user_12,290,290,
5220,41,110000,0,user_18,290,290,
5243,42,110000,0,user_40,290,290,
5248,43,98000,0,user_49,290,290,
5204,44,79000,0,user_4,290,290,
5221,45,70000,0,user_18,290,290,
5247,46,70000,0,user_46,290,290,
5313,,5000000,0,user_1,291,,
5314,,370000,0,user_1,291,,
5315,,85000,0,user_4,291,,
5316,,1500000,18600,user_5,291,,
5317,,19000000,181000,user_6,291,,
5318,,19000000,0,user_7,291,,
5319,,630000,16400,user_8,291,,
5320,,73000,0,user_9,291,,
5321,,43000000,0,user_12,291,,
5322,,100000,0,user_18,291,,
5323,,120000,0,user_18,291,,
5324,,970000,0,user_19,291,,
5325,,5000000,0,user_21,291,,
5326,,310000,0,user_22,291,,
5327,,110000,14200,user_23,291,,
5328,,2000000,0,user_24,291,,
5329,,120000,0,user_25,291,,
5330,,120000,0,user_25,291,,
5331,,970000,0,user_25,291,,
5332,,310000,0,user_25,291,,
5333,,420000,0,user_26,291,,
5334,,2000000,0,user_27,291,,
5335,,1700000,31700,user_29,291,,
5336,,1200000,0,user_31,291,,
5337,,120000,0,user_34,291,,
5338,,120000,0,user_34,291,,
5339,,360000,17000,user_34,291,,
5340,,3500000,0,user_35,291,,
5341,,160000,0,user_36,291,,
5342,,2300000,0,user_36,291,,
5343,,5000000,0,user_36,291,,
5344,,5200000,0,user_36,291,,
5345,,1600000,0,user_37,291,,
5346,,98000,0,user_37,291,,
5347,,1300000,594000,user_38,291,,
5348,,650000,0,user_39,291,,
5349,,43000000,1100000,user_40,291,,
5350,,190000,0,user_40,291,,
5351,,160000,0,user_41,291,,
5352,,1600000,15300,user_43,291,,
5353,,2400000,0,user_44,291,,
5354,,5000000,5180,user_45,291,,
5355,,1700000,0,user_48,291,,
5401,0,0,0,builder_6,291,291,5349
5349,1,43000000,1100000,user_40,291,291,
5321,2,43000000,0,user_12,291,291,
5402,3,0,0,builder_6,291,291,5317
5317,4,19000000,181000,user_6,291,291,
5318,5,19000000,0,user_7,291,291,
5344,6,5200000,0,user_36,291,291,
5403,7,0,0,builder_6,291,291,5354
5354,8,5000000,5180,user_45,291,291,
5313,9,5000000,0,user_1,291,291,
5325,10,5000000,0,user_21,291,291,
5343,11,5000000,0,user_36,291,291,
5340,12,3500000,0,user_35,291,291,
5353,13,2400000,0,user_44,291,291,
5342,14,2300000,0,user_36,291,291,
5328,15,2000000,0,user_24,291,291,
5334,16,2000000,0,user_27,291,291,
5404,17,0,0,builder_6,291,291,5347
5347,18,1300000,594000,user_38,291,291,
5405,19,0,0,builder_6,291,291,5335
5335,20,1700000,31700,user_29,291,291,
5355,21,1700000,0,user_48,291,291,
5345,22,1600000,0,user_37,291,291,
5406,23,0,0,builder_6,291,291,5316
5316,24,1500000,18600,user_5,291,291,
5336,25,1200000,0,user_31,291,291,
5324,26,970000,0,user_19,291,291,
5331,27,970000,0,user_25,291,291,
5348,28,650000,0,user_39,291,291,
5407,29,0,0,builder_6,291,291,5319
5319,30,630000,16400,user_8,291,291,
5314,31,370000,0,user_1,291,291,
5332,32,310000,0,user_25,291,291,
5350,33,190000,0,user_40,291,291,
5341,34,160000,0,user_36,291,291,
5351,35,160000,0,user_41,291,291,
5327,36,110000,14200,user_23,291,291,
5408,37,0,0,builder_6,291,291,5327
5323,38,120000,0,user_18,291,291,
5329,39,120000,0,user_25,291,291,
5330,40,120000,0,user_25,291,291,
5322,41,100000,0,user_18,291,291,
5346,42,98000,0,user_37,291,291,
5315,43,85000,0,user_4,291,291,
5320,44,73000,0,user_9,291,291,
5421,,170000,0,user_0,292,,
5422,,600000,0,user_1,292,,
5423,,85000,0,user_4,292,,
5424,,2000000,0,user_5,292,,
5425,,160000,0,user_6,292,,
5426,,3500000,0,user_8,292,,
5427,,85000,779000,user_8,292,,
5428,,320000,0,user_9,292,,
5429,,970000,0,user_11,292,,
5430,,350000,0,user_11,292,,
5431,,98000,0,user_14,292,,
5432,,70000,0,user_15,292,,
5433,,120000,0,user_16,292,,
5434,,1100000,0,user_16,292,,
5435,,6300000,56200,user_17,292,,
5436,,5000000,0,user_18,292,,
5437,,1000000,0,user_19,292,,
5438,,630000,0,user_20,292,,
5439,,530000,0,user_20,292,,
5440,,85000,0,user_21,292,,
5441,,2000000,39400,user_22,292,,
5442,,970000,0,user_24,292,,
5443,,1100000,0,user_25,292,,
5444,,19000000,0,user_25,292,,
5445,,87000,0,user_25,292,,
5446,,220000,0,user_25,292,,
5447,,170000,0,user_25,292,,
5448,,470000,0,user_27,292,,
5449,,1500000,0,user_29,292,,
5450,,120000,35600,user_30,292,,
5451,,530000,0,user_31,292,,
5452,,79000,64600,user_32,292,,
5453,,460000,10700,user_33,292,,
5454,,5200000,4320000,user_33,292,,
5455,,1700000,0,user_35,292,,
5456,,170000,0,user_36,292,,
5457,,150000,0,user_37,292,,
5458,,420000,39400,user_37,292,,
5459,,5000000,0,user_37,292,,
5460,,170000,0,user_38,292,,
5461,,2000000,0,user_40,292,,
5462,,6100000,0,user_41,292,,
5463,,1000000,0,user_42,292,,
5464,,240000,0,user_43,292,,
5465,,2100000,0,user_45,292,,
5466,,70000,0,user_45,292,,
5467,,2000000,0,user_47,292,,
5468,,670000,0,user_49,292,,
5444,0,19000000,0,user_25,292,292,
5435,1,6300000,56200,user_17,292,292,
5462,2,6100000,0,user_41,292,292,
5454,3,5200000,4320000,user_33,292,292,
5436,4,5000000,0,user_18,292,292,
5459,5,5000000,0,user_37,292,292,
5426,6,3500000,0,user_8,292,292,
5465,7,2100000,0,user_45,292,292,
5424,8,2000000,0,user_5,292,292,
5441,9,2000000,39400,user_22,292,292,
5461,10,2000000,0,user_40,292,292,
5467,11,2000000,0,user_47,292,292,
5455,12,1700000,0,user_35,292,292,
5449,13,1500000,0,user_29,292,292,
5434,14,1100000,0,user_16,292,292,
5443,15,1100000,0,user_25,292,292,
5463,16,1000000,0,user_42,292,292,
5429,17,970000,0,user_11,292,292,
5468,18,670000,0,user_49,292,292,
5438,19,630000,0,user_20,292,292,
5422,20,600000,0,user_1,292,292,
5439,21,530000,0,user_20,292,292,
5451,22,530000,0,user_31,292,292,
5448,23,470000,0,user_27,292,292,
5453,24,460000,10700,user_33,292,292,
5458,25,420000,39400,user_37,292,292,
5430,26,350000,0,user_11,292,292,
5464,27,240000,0,user_43,292,292,
5446,28,220000,0,user_25,292,292,
5421,29,170000,0,user_0,292,292,
5447,30,170000,0,user_25,292,292,
5456,31,170000,0,user_36,292,292,
5425,32,160000,0,user_6,292,292,
5457,33,150000,0,user_37,292,292,
5433,34,120000,0,user_16,292,292,
5450,35,120000,35600,user_30,292,292,
5445,36,87000,0,user_25,292,292,
5423,37,85000,0,user_4,292,292,
5427,38,85000,779000,user_8,292,292,
5440,39,85000,0,user_21,292,292,
5432,40,70000,0,user_15,292,292,
5466,41,70000,0,user_45,292,292,
5525,,160000,0,user_0,293,,
5526,,2100000,0,user_3,293,,
5527,,170000,0,user_4,293,,
5528,,87000,0,user_6,293,,
5529,,160000,0,user_9,293,,
5530,,370000,0,user_10,293,,
5531,,1100000,0,user_11,293,,
5532,,3500000,0,user_14,293,,
5533,,2100000,769000,user_15,293,,
5534,,98000,769000,user_16,293,,
5535,,82000,0,user_16,293,,
5536,,1000000,0,user_16,293,,
5537,,630000,0,user_16,293,,
5538,,420000,0,user_17,293,,
5539,,660000,0,user_17,293,,
5540,,150000,0,user_17,293,,
5541,,260000,0,user_17,293,,
5542,,160000,0,user_17,293,,
5543,,79000,100000,user_18,293,,
5544,,160000,0,user_19,293,,
5545,,1200000,0,user_20,293,,
5546,,84000,23500,user_20,293,,
5547,,1400000,0,user_21,293,,
5548,,2400000,0,user_22,293,,
5549,,260000,594000,user_23,293,,
5550,,3500000,0,user_24,293,,
5551,,2300000,16400,user_24,293,,
5552,,120000,0,user_25,293,,
5553,,110000,24700,user_26,293,,
5554,,120000,0,user_27,293,,
5555,,370000,0,user_28,293,,
5556,,260000,161000,user_28,293,,
5557,,150000,0,user_29,293,,
5558,,340000,33300,user_30,293,,
5559,,110000,84800,user_31,293,,
5560,,160000,594000,user_32,293,,
5561,,630000,0,user_33,293,,
5562,,630000,75000,user_34,293,,
5563,,110000,0,user_35,293,,
5564,,460000,322000,user_35,293,,
5565,,82000,0,user_36,293,,
5566,,170000,0,user_36,293,,
5567,,1100000,0,user_37,293,,
5568,,910000,0,user_39,293,,
5569,,2500000,0,user_40,293,,
5570,,80000,15300,user_40,293,,
5571,,1900000,0,user_44,293,,
5572,,1200000,959000,user_45,293,,
5573,,2100000,231000,user_47,293,,
5574,,120000,0,user_48,293,,
5575,,320000,0,user_49,293,,
5576,,310000,0,user_49,293,,
5532,0,3500000,0,user_14,293,293,
5550,1,3500000,0,user_24,293,293,
5569,2,2500000,0,user_40,293,293,
5548,3,2400000,0,user_22,293,293,
5551,4,2300000,16400,user_24,293,293,
5526,5,2100000,0,user_3,293,293,
5533,6,2100000,769000,user_15,293,293,
5573,7,2100000,231000,user_47,293,293,
5571,8,1900000,0,user_44,293,293,
5547,9,1400000,0,user_21,293,293,
5545,10,1200000,0,user_20,293,293,
5572,11,1200000,959000,user_45,293,293,
5531,12,1100000,0,user_11,293,293,
5567,13,1100000,0,user_37,293,293,
5536,14,1000000,0,user_16,293,293,
5568,15,910000,0,user_39,293,293,
5539,16,660000,0,user_17,293,293,
5537,17,630000,0,user_16,293,293,
5561,18,630000,0,user_33,293,293,
5562,19,630000,75000,user_34,293,293,
5564,20,460000,322000,user_35,293,293,
5538,21,420000,0,user_17,293,293,
5555,22,370000,0,user_28,293,293,
5558,23,340000,33300,user_30,293,293,
5575,24,320000,0,user_49,293,293,
5576,25,310000,0,user_49,293,293,
5541,26,260000,0,user_17,293,293,
5549,27,260000,594000,user_23,293,293,
5556,28,260000,161000,user_28,293,293,
5527,29,170000,0,user_4,293,293,
5525,30,160000,0,user_0,293,293,
5542,31,160000,0,user_17,293,293,
5544,32,160000,0,user_19,293,293,
5560,33,160000,594000,user_32,293,293,
5540,34,150000,0,user_17,293,293,
5557,35,150000,0,user_29,293,293,
5552,36,120000,0,user_25,293,293,
5553,37,110000,24700,user_26,293,293,
5559,38,110000,84800,user_31,293,293,
5563,39,110000,0,user_35,293,293,
5534,40,98000,769000,user_16,293,293,
5528,41,87000,0,user_6,293,293,
5546,42,84000,23500,user_20,293,293,
5535,43,82000,0,user_16,293,293,
5570,44,80000,15300,user_40,293,293,
5543,45,79000,100000,user_18,293,293,
5685,,3500000,0,user_0,294,,
5686,,160000,0,user_1,294,,
5687,,220000,0,user_2,294,,
5688,,310000,0,user_3,294,,
5689,,1500000,0,user_5,294,,
5690,,150000,15100,user_5,294,,
5691,,120000,0,user_5,294,,
5692,,350000,0,user_6,294,,
5693,,2500000,0,user_7,294,,
5694,,150000,13800,user_8,294,,
5695,,150000,0,user_9,294,,
5696,,5000000,0,user_10,294,,
5697,,98000,0,user_11,294,,
5698,,2500000,16400,user_14,294,,
5699,,120000,0,user_15,294,,
5700,,150000,0,user_15,294,,
5701,,3600000,0,user_17,294,,
5702,,98000,0,user_18,294,,
5703,,1700000,0,user_19,294,,
5704,,150000,0,user_20,294,,
5705,,600000,0,user_23,294,,
5706,,460000,0,user_23,294,,
5707,,970000,0,user_24,294,,
5708,,310000,0,user_25,294,,
5709,,73000,0,user_26,294,,
5710,,120000,285000,user_27,294,,
5711,,190000,35600,user_28,294,,
5712,,2300000,0,user_29,294,,
5713,,2000000,215000,user_29,294,,
5714,,650000,410000,user_30,294,,
5715,,30000000,0,user_30,294,,
5716,,1600000,0,user_30,294,,
5717,,970000,0,user_30,294,,
5718,,310000,0,user_30,294,,
5719,,2500000,5630,user_31,294,,
5720,,4200000,0,user_31,294,,
5721,,160000,0,user_32,294,,
5722,,6300000,0,user_32,294,,
5723,,1000000,0,user_33,294,,
5724,,2000000,256000,user_34,294,,
5725,,1600000,0,user_34,294,,
5726,,160000,0,user_34,294,,
5727,,85000,0,user_34,294,,
5728,,630000,0,user_34,294,,
5729,,1600000,39400,user_35,294,,
5730,,2600000,0,user_36,294,,
5731,,83000,0,user_37,294,,
5732,,420000,0,user_38,294,,
5733,,170000,0,user_39,294,,
5734,,170000,47700,user_40,294,,
5735,,370000,0,user_41,294,,
5736,,1400000,0,user_42,294,,
5737,,110000,0,user_44,294,,
5738,,150000,84800,user_45,294,,
5739,,4200000,0,user_45,294,,
5740,,310000,0,user_46,294,,
5741,,6300000,510000,user_48,294,,
5742,,1000000,0,user_48,294,,
5743,,300000,0,user_48,294,,
5744,,600000,0,user_48,294,,
5715,0,30000000,0,user_30,294,294,
5722,1,6300000,0,user_32,294,294,
5741,2,6300000,510000,user_48,294,294,
5696,3,5000000,0,user_10,294,294,
5720,4,4200000,0,user_31,294,294,
5739,5,4200000,0,user_45,294,294,
5701,6,3600000,0,user_17,294,294,
5685,7,3500000,0,user_0,294,294,
5730,8,2600000,0,user_36,294,294,
5693,9,2500000,0,user_7,294,294,
5698,10,2500000,16400,user_14,294,294,
5719,11,2500000,5630,user_31,294,294,
5712,12,2300000,0,user_29,294,294,
5713,13,2000000,215000,user_29,294,294,
5724,14,2000000,256000,user_34,294,294,
5703,15,1700000,0,user_19,294,294,
5716,16,1600000,0,user_30,294,294,
5725,17,1600000,0,user_34,294,294,
5729,18,1600000,39400,user_35,294,294,
5689,19,1500000,0,user_5,294,294,
5736,20,1400000,0,user_42,294,294,
5723,21,1000000,0,user_33,294,294,
5742,22,1000000,0,user_48,294,294,
5707,23,970000,0,user_24,294,294,
5717,24,970000,0,user_30,294,294,
5714,25,650000,410000,user_30,294,294,
5728,26,630000,0,user_34,294,294,
5705,27,600000,0,user_23,294,294,
5744,28,600000,0,user_48,294,294,
5706,29,460000,0,user_23,294,294,
5732,30,420000,0,user_38,294,294,
5735,31,370000,0,user_41,294,294,
5692,32,350000,0,user_6,294,294,
5688,33,310000,0,user_3,294,294,
5708,34,310000,0,user_25,294,294,
5718,35,310000,0,user_30,294,294,
5740,36,310000,0,user_46,294,294,
5743,37,300000,0,user_48,294,294,
5687,38,220000,0,user_2,294,294,
5734,39,170000,47700,user_40,294,294,
5721,40,160000,0,user_32,294,294,
5726,41,160000,0,user_34,294,294,
5690,42,150000,15100,user_5,294,294,
5694,43,150000,13800,user_8,294,294,
5695,44,150000,0,user_9,294,294,
5700,45,150000,0,user_15,294,294,
5704,46,150000,0,user_20,294,294,
5738,47,150000,84800,user_45,294,294,
5691,48,120000,0,user_5,294,294,
5699,49,120000,0,user_15,294,294,
5710,50,120000,285000,user_27,294,294,
5737,51,110000,0,user_44,294,294,
5697,52,98000,0,user_11,294,294,
5702,53,98000,0,user_18,294,294,
5727,54,85000,0,user_34,294,294,
5835,,120000,0,user_0,295,,
5836,,910000,0,user_1,295,,
5837,,420000,0,user_3,295,,
5838,,1000000,0,user_4,295,,
5839,,1500000,0,user_6,295,,
5840,,220000,4320000,user_7,295,,
5841,,460000,0,user_10,295,,
5842,,220000,0,user_12,295,,
5843,,1500000,0,user_13,295,,
5844,,82000,0,user_14,295,,
5845,,870000,0,user_15,295,,
5846,,150000,0,user_16,295,,
5847,,79000,0,user_18,295,,
5848,,1600000,0,user_19,295,,
5849,,130000,0,user_20,295,,
5850,,3200000,0,user_21,295,,
5851,,100000,14200,user_22,295,,
5852,,1400000,0,user_22,295,,
5853,,160000,0,user_24,295,,
5854,,19000000,13900,user_24,295,,
5855,,1600000,11200,user_24,295,,
5856,,73000,32900,user_25,295,,
5857,,83000,0,user_25,295,,
5858,,650000,0,user_29,295,,
5859,,2000000,0,user_31,295,,
5860,,660000,0,user_33,295,,
5861,,85000,0,user_33,295,,
5862,,1100000,0,user_34,295,,
5863,,5000000,0,user_38,295,,
5864,,1900000,0,user_39,295,,
5865,,1200000,33100,user_40,295,,
5866,,19000000,0,user_41,295,,
5867,,1700000,0,user_41,295,,
5868,,300000,0,user_44,295,,
5869,,170000,0,user_45,295,,
5870,,170000,0,user_46,295,,
5871,,3200000,155000,user_46,295,,
5872,,1500000,0,user_48,295,,
5873,,1500000,0,user_48,295,,
5874,,5200000,0,user_49,295,,
5854,0,19000000,13900,user_24,295,295,
5885,1,0,0,builder_2,295,295,5854
5866,2,19000000,0,user_41,295,295,
5874,3,5200000,0,user_49,295,295,
5863,4,5000000,0,user_38,295,295,
5886,5,0,0,builder_2,295,295,5871
5871,6,3200000,155000,user_46,295,295,
5850,7,3200000,0,user_21,295,295,
5859,8,2000000,0,user_31,295,295,
5864,9,1900000,0,user_39,295,295,
5867,10,1700000,0,user_41,295,295,
5887,11,0,0,builder_2,295,295,5855
5855,12,1600000,11200,user_24,295,295,
5848,13,1600000,0,user_19,295,295,
5839,14,1500000,0,user_6,295,295,
5843,15,1500000,0,user_13,295,295,
5872,16,1500000,0,user_48,295,295,
5873,17,1500000,0,user_48,295,295,
5852,18,1400000,0,user_22,295,295,
5865,19,1200000,33100,user_40,295,295,
5888,20,0,0,builder_2,295,295,5865
5862,21,1100000,0,user_34,295,295,
5836,22,910000,0,user_1,295,295,
5845,23,870000,0,user_15,295,295,
5858,24,650000,0,user_29,295,295,
5841,25,460000,0,user_10,295,295,
5837,26,420000,0,user_3,295,295,
5869,27,170000,0,user_45,295,295,
5870,28,170000,0,user_46,295,295,
5853,29,160000,0,user_24,295,295,
5846,30,150000,0,user_16,295,295,
5835,31,120000,0,user_0,295,295,
5851,32,100000,14200,user_22,295,295,
5889,33,0,0,builder_2,295,295,5851
5856,34,73000,32900,user_25,295,295,
5890,35,0,0,builder_2,295,295,5856
5857,36,83000,0,user_25,295,295,
5844,37,82000,0,user_14,295,295,
5922,,130000,0,user_0,296,,
5923,,150000,0,user_1,296,,
5924,,30000000,0,user_2,296,,
5925,,660000,0,user_2,296,,
5926,,1600000,0,user_3,296,,
5927,,5000000,215000,user_4,296,,
5928,,310000,7190000,user_4,296,,
5929,,910000,12300,user_5,296,,
5930,,6100000,18600,user_6,296,,
5931,,420000,0,user_7,296,,
5932,,1700000,0,user_9,296,,
5933,,970000,0,user_10,296,,
5934,,1500000,75000,user_12,296,,
5935,,3200000,0,user_12,296,,
5936,,1500000,0,user_12,296,,
5937,,4500000,0,user_12,296,,
5938,,2100000,0,user_13,296,,
5939,,150000,164000,user_14,296,,
5940,,220000,0,user_17,296,,
5941,,870000,15300,user_17,296,,
5942,,82000,13900,user_17,296,,
5943,,1000000,0,user_19,296,,
5944,,1000000,0,user_19,296,,
5945,,150000,0,user_20,296,,
5946,,5000000,0,user_20,296,,
5947,,5000000,0,user_23,296,,
5948,,910000,0,user_24,296,,
5949,,320000,0,user_26,296,,
5950,,80000,0,user_27,296,,
5951,,2400000,0,user_29,296,,
5952,,360000,0,user_31,296,,
5953,,100000,0,user_33,296,,
5954,,370000,0,user_33,296,,
5955,,73000,0,user_34,296,,
5956,,4500000,0,user_34,296,,
5957,,300000,0,user_35,296,,
5958,,150000,0,user_36,296,,
5959,,190000,7190000,user_37,296,,
5960,,1200000,0,user_38,296,,
5961,,1000000,0,user_39,296,,
5962,,160000,0,user_39,296,,
5963,,1500000,0,user_40,296,,
5964,,1900000,0,user_41,296,,
5965,,98000,0,user_42,296,,
5966,,360000,0,user_42,296,,
5967,,84000,0,user_43,296,,
5968,,3500000,0,user_45,296,,
5969,,79000,0,user_45,296,,
5970,,5000000,0,user_46,296,,
5971,,2300000,3130,user_47,296,,
5972,,6300000,0,user_47,296,,
5973,,160000,0,user_47,296,,
5974,,3600000,0,user_48,296,,
5975,,5000000,181000,user_49,296,,
5924,0,30000000,0,user_2,296,296,
5972,1,6300000,0,user_47,296,296,
5930,2,6100000,18600,user_6,296,296,
5927,3,5000000,215000,user_4,296,296,
5946,4,5000000,0,user_20,296,296,
5947,5,5000000,0,user_23,296,296,
5970,6,5000000,0,user_46,296,296,
5975,7,5000000,181000,user_49,296,296,
5937,8,4500000,0,user_12,296,296,
5956,9,4500000,0,user_34,296,296,
5974,10,3600000,0,user_48,296,296,
5968,11,3500000,0,user_45,296,296,
5935,12,3200000,0,user_12,296,296,
5951,13,2400000,0,user_29,296,296,
5971,14,2300000,3130,user_47,296,296,
5938,15,2100000,0,user_13,296,296,
5932,16,1700000,0,user_9,296,296,
5934,17,1500000,75000,user_12,296,296,
5936,18,1500000,0,user_12,296,296,
5963,19,1500000,0,user_40,296,296,
5960,20,1200000,0,user_38,296,296,
5943,21,1000000,0,user_19,296,296,
5944,22,1000000,0,user_19,296,296,
5961,23,1000000,0,user_39,296,296,
5933,24,970000,0,user_10,296,296,
5929,25,910000,12300,user_5,296,296,
5948,26,910000,0,user_24,296,296,
5941,27,870000,15300,user_17,296,296,
5925,28,660000,0,user_2,296,296,
5931,29,420000,0,user_7,296,296,
5952,30,360000,0,user_31,296,296,
5966,31,360000,0,user_42,296,296,
5949,32,320000,0,user_26,296,296,
5928,33,310000,7190000,user_4,296,296,
5957,34,300000,0,user_35,296,296,
5940,35,220000,0,user_17,296,296,
5959,36,190000,7190000,user_37,296,296,
5962,37,160000,0,user_39,296,296,
5973,38,160000,0,user_47,296,296,
5923,39,150000,0,user_1,296,296,
5939,40,150000,164000,user_14,296,296,
5945,41,150000,0,user_20,296,296,
5922,42,130000,0,user_0,296,296,
5965,43,98000,0,user_42,296,296,
5942,44,82000,13900,user_17,296,296,
5969,45,79000,0,user_45,296,296,
5955,46,73000,0,user_34,296,296,
6051,,370000,0,user_0,297,,
6052,,2300000,0,user_2,297,,
6053,,1600000,0,user_3,297,,
6054,,170000,0,user_4,297,,
6055,,310000,0,user_4,297,,
6056,,420000,0,user_5,297,,
6057,,70000,0,user_6,297,,
6058,,150000,0,user_6,297,,
6059,,3500000,0,user_7,297,,
6060,,1500000,0,user_8,297,,
6061,,420000,0,user_8,297,,
6062,,1500000,0,user_10,297,,
6063,,2000000,66100,user_11,297,,
6064,,120000,0,user_15,297,,
6065,,110000,19700,user_15,297,,
6066,,320000,0,user_16,297,,
6067,,30000000,0,user_17,297,,
6068,,110000,0,user_17,297,,
6069,,110000,350000,user_18,297,,
6070,,1800000,0,user_19,297,,
6071,,82000,0,user_20,297,,
6072,,80000,0,user_21,297,,
6073,,2300000,0,user_21,297,,
6074,,260000,0,user_21,297,,
6075,,2100000,0,user_21,297,,
6076,,4500000,161000,user_21,297,,
6077,,170000,0,user_23,297,,
6078,,110000,0,user_23,297,,
6079,,1100000,0,user_23,297,,
6080,,98000,0,user_24,297,,
6081,,83000,0,user_25,297,,
6082,,1600000,0,user_29,297,,
6083,,110000,0,user_33,297,,
6084,,77000,0,user_33,297,,
6085,,19000000,0,user_34,297,,
6086,,240000,0,user_35,297,,
6087,,30000000,0,user_35,297,,
6088,,1500000,0,user_36,297,,
6089,,79000,0,user_37,297,,
6090,,120000,0,user_38,297,,
6091,,220000,0,user_38,297,,
6092,,2000000,0,user_39,297,,
6093,,660000,0,user_40,297,,
6094,,80000,56200,user_41,297,,
6095,,100000,164000,user_42,297,,
6096,,27000000,0,user_43,297,,
6097,,1200000,0,user_43,297,,
6098,,1000000,0,user_44,297,,
6099,,220000,0,user_44,297,,
6100,,160000,195000,user_46,297,,
6101,,220000,23500,user_47,297,,
6102,,1600000,0,user_47,297,,
6103,,160000,0,user_48,297,,
6104,,4500000,0,user_49,297,,
6067,0,30000000,0,user_17,297,297,
6087,1,30000000,0,user_35,297,297,
6096,2,27000000,0,user_43,297,297,
6085,3,19000000,0,user_34,297,297,
6076,4,4500000,161000,user_21,297,297,
6104,5,4500000,0,user_49,297,297,
6059,6,3500000,0,user_7,297,297,
6052,7,2300000,0,user_2,297,297,
6073,8,2300000,0,user_21,297,297,
6075,9,2100000,0,user_21,297,297,
6063,10,2000000,66100,user_11,297,297,
6092,11,2000000,0,user_39,297,297,
6053,12,1600000,0,user_3,297,297,
6082,13,1600000,0,user_29,297,297,
6102,14,1600000,0,user_47,297,297,
6060,15,1500000,0,user_8,297,297,
6062,16,1500000,0,user_10,297,297,
6088,17,1500000,0,user_36,297,297,
6097,18,1200000,0,user_43,297,297,
6079,19,1100000,0,user_23,297,297,
6098,20,1000000,0,user_44,297,297,
6093,21,660000,0,user_40,297,297,
6056,22,420000,0,user_5,297,297,
6061,23,420000,0,user_8,297,297,
6051,24,370000,0,user_0,297,297,
6066,25,320000,0,user_16,297,297,
6055,26,310000,0,user_4,297,297,
6074,27,260000,0,user_21,297,297,
6086,28,240000,0,user_35,297,297,
6099,29,220000,0,user_44,297,297,
6101,30,220000,23500,user_47,297,297,
6054,31,170000,0,user_4,297,297,
6077,32,170000,0,user_23,297,297,
6100,33,160000,195000,user_46,297,297,
6058,34,150000,0,user_6,297,297,
6064,35,120000,0,user_15,297,297,
6065,36,110000,19700,user_15,297,297,
6068,37,110000,0,user_17,297,297,
6069,38,110000,350000,user_18,297,297,
6078,39,110000,0,user_23,297,297,
6083,40,110000,0,user_33,297,297,
6095,41,100000,164000,user_42,297,297,
6081,42,83000,0,user_25,297,297,
6071,43,82000,0,user_20,297,297,
6072,44,80000,0,user_21,297,297,
6094,45,80000,56200,user_41,297,297,
6089,46,79000,0,user_37,297,297,
6084,47,77000,0,user_33,297,297,
6057,48,70000,0,user_6,297,297,
6158,,2500000,13800,user_0,298,,
6159,,1100000,0,user_1,298,,
6160,,2600000,0,user_2,298,,
6161,,870000,0,user_3,298,,
6162,,190000,0,user_3,298,,
6163,,160000,0,user_3,298,,
6164,,670000,0,user_3,298,,
6165,,82000,0,user_3,298,,
6166,,220000,0,user_4,298,,
6167,,1200000,0,user_7,298,,
6168,,80000,0,user_8,298,,
6169,,80000,155000,user_11,298,,
6170,,2400000,0,user_13,298,,
6171,,170000,0,user_14,298,,
6172,,120000,0,user_14,298,,
6173,,370000,0,user_15,298,,
6174,,150000,0,user_15,298,,
6175,,600000,0,user_15,298,,
6176,,6300000,0,user_15,298,,
6177,,600000,14200,user_18,298,,
6178,,660000,0,user_18,298,,
6179,,370000,0,user_18,298,,
6180,,98000,0,user_19,298,,
6181,,460000,0,user_19,298,,
6182,,79000,0,user_21,298,,
6183,,83000,0,user_22,298,,
6184,,220000,0,user_22,298,,
6185,,84000,0,user_23,298,,
6186,,1200000,0,user_23,298,,
6187,,83000,0,user_24,298,,
6188,,4200000,0,user_26,298,,
6189,,2100000,0,user_28,298,,
6190,,2000000,0,user_30,298,,
6191,,120000,0,user_31,298,,
6192,,77000,23500,user_32,298,,
6193,,310000,0,user_33,298,,
6194,,260000,0,user_34,298,,
6195,,120000,0,user_34,298,,
6196,,3500000,0,user_34,298,,
6197,,120000,0,user_34,298,,
6198,,420000,0,user_35,298,,
6199,,110000,0,user_37,298,,
6200,,4200000,0,user_38,298,,
6201,,120000,0,user_39,298,,
6202,,160000,0,user_40,298,,
6203,,1500000,0,user_41,298,,
6204,,1700000,0,user_44,298,,
6205,,910000,21800,user_44,298,,
6206,,630000,0,user_48,298,,
6207,,460000,0,user_49,298,,
6208,,70000,0,user_49,298,,
6176,0,6300000,0,user_15,298,298,
6188,1,4200000,0,user_26,298,298,
6200,2,4200000,0,user_38,298,298,
6196,3,3500000,0,user_34,298,298,
6160,4,2600000,0,user_2,298,298,
6158,5,2500000,13800,user_0,298,298,
6221,6,0,0,builder_3,298,298,6158
6170,7,2400000,0,user_13,298,298,
6189,8,2100000,0,user_28,298,298,
6190,9,2000000,0,user_30,298,298,
6204,10,1700000,0,user_44,298,298,
6203,11,1500000,0,user_41,298,298,
6167,12,1200000,0,user_7,298,298,
6186,13,1200000,0,user_23,298,298,
6205,14,910000,21800,user_44,298,298,
6222,15,0,0,builder_3,298,298,6205
6161,16,870000,0,user_3,298,298,
6164,17,670000,0,user_3,298,298,
6178,18,660000,0,user_18,298,298,
6206,19,630000,0,user_48,298,298,
6177,20,600000,14200,user_18,298,298,
6223,21,0,0,builder_3,298,298,6177
6175,22,600000,0,user_15,298,298,
6181,23,460000,0,user_19,298,298,
6207,24,460000,0,user_49,298,298,
6198,25,420000,0,user_35,298,298,
6173,26,370000,0,user_15,298,298,
6179,27,370000,0,user_18,298,298,
6193,28,310000,0,user_33,298,298,
6194,29,260000,0,user_34,298,298,
6224,30,0,0,builder_3,298,298,6169
6169,31,80000,155000,user_11,298,298,
6166,32,220000,0,user_4,298,298,
6184,33,220000,0,user_22,298,298,
6162,34,190000,0,user_3,298,298,
6171,35,170000,0,user_14,298,298,
6163,36,160000,0,user_3,298,298,
6202,37,160000,0,user_40,298,298,
6174,38,150000,0,user_15,298,298,
6172,39,120000,0,user_14,298,298,
6191,40,120000,0,user_31,298,298,
6195,41,120000,0,user_34,298,298,
6197,42,120000,0,user_34,298,298,
6201,43,120000,0,user_39,298,298,
6199,44,110000,0,user_37,298,298,
6192,45,77000,23500,user_32,298,298,
6225,46,0,0,builder_3,298,298,6192
6180,47,98000,0,user_19,298,298,
6185,48,84000,0,user_23,298,298,
6183,49,83000,0,user_22,298,298,
6187,50,83000,0,user_24,298,298,
6165,51,82000,0,user_3,298,298,
6182,52,79000,0,user_21,298,298,
6208,53,70000,0,user_49,298,298,
6247,,2000000,0,user_2,299,,
6248,,43000000,0,user_3,299,,
6249,,1800000,0,user_4,299,,
6250,,130000,15300,user_5,299,,
6251,,1000000,0,user_6,299,,
6252,,220000,0,user_7,299,,
6253,,1500000,0,user_9,299,,
6254,,120000,0,user_10,299,,
6255,,1400000,15300,user_10,299,,
6256,,110000,0,user_12,299,,
6257,,260000,0,user_13,299,,
6258,,1700000,31700,user_13,299,,
6259,,2000000,0,user_14,299,,
6260,,1500000,0,user_16,299,,
6261,,150000,0,user_17,299,,
6262,,3500000,0,user_17,299,,
6263,,130000,0,user_18,299,,
6264,,84000,46500,user_18,299,,
6265,,1100000,0,user_20,299,,
6266,,420000,0,user_21,299,,
6267,,110000,0,user_23,299,,
6268,,77000,0,user_25,299,,
6269,,160000,0,user_25,299,,
6270,,910000,0,user_25,299,,
6271,,170000,959000,user_26,299,,
6272,,1000000,108000,user_27,299,,
6273,,77000,84800,user_28,299,,
6274,,1400000,0,user_28,299,,
6275,,460000,0,user_28,299,,
6276,,79000,0,user_30,299,,
6277,,150000,35600,user_30,299,,
6278,,420000,0,user_31,299,,
6279,,6100000,0,user_31,299,,
6280,,420000,0,user_32,299,,
6281,,600000,510000,user_32,299,,
6282,,6100000,84800,user_33,299,,
6283,,150000,0,user_35,299,,
6284,,1500000,0,user_36,299,,
6285,,87000,0,user_36,299,,
6286,,1500000,10700,user_36,299,,
6287,,1000000,0,user_36,299,,
6288,,4500000,0,user_36,299,,
6289,,970000,0,user_37,299,,
6290,,910000,322000,user_41,299,,
6291,,630000,0,user_44,299,,
6292,,110000,0,user_44,299,,
6293,,1400000,155000,user_47,299,,
6294,,1200000,779000,user_47,299,,
6248,0,43000000,0,user_3,299,299,
6282,1,6100000,84800,user_33,299,299,
6295,2,0,0,builder_0,299,299,6282
6279,3,6100000,0,user_31,299,299,
6288,4,4500000,0,user_36,299,299,
6262,5,3500000,0,user_17,299,299,
6247,6,2000000,0,user_2,299,299,
6259,7,2000000,0,user_14,299,299,
6294,8,1200000,779000,user_47,299,299,
6296,9,0,0,builder_0,299,299,6294
6258,10,1700000,31700,user_13,299,299,
6297,11,0,0,builder_0,299,299,6258
6298,12,0,0,builder_0,299,299,6293
6293,13,1400000,155000,user_47,299,299,
6299,14,0,0,builder_0,299,299,6286
6286,15,1500000,10700,user_36,299,299,
6253,16,1500000,0,user_9,299,299,
6260,17,1500000,0,user_16,299,299,
6284,18,1500000,0,user_36,299,299,
6300,19,0,0,builder_0,299,299,6255
6255,20,1400000,15300,user_10,299,299,
6274,21,1400000,0,user_28,299,299,
6290,22,910000,322000,user_41,299,299,
6301,23,0,0,builder_0,299,299,6290
6271,24,170000,959000,user_26,299,299,
6302,25,0,0,builder_0,299,299,6271
6281,26,600000,510000,user_32,299,299,
6303,27,0,0,builder_0,299,299,6281
6272,28,1000000,108000,user_27,299,299,
6304,29,0,0,builder_0,299,299,6272
6265,30,1100000,0,user_20,299,299,
6251,31,1000000,0,user_6,299,299,
6287,32,1000000,0,user_36,299,299,
6289,33,970000,0,user_37,299,299,
6270,34,910000,0,user_25,299,299,
6291,35,630000,0,user_44,299,299,
6275,36,460000,0,user_28,299,299,
6266,37,420000,0,user_21,299,299,
6278,38,420000,0,user_31,299,299,
6280,39,420000,0,user_32,299,299,
6257,40,260000,0,user_13,299,299,
6252,41,220000,0,user_7,299,299,
6305,42,0,0,builder_0,299,299,6277
6277,43,150000,35600,user_30,299,299,
6306,44,0,0,builder_0,299,299,6273
6273,45,77000,84800,user_28,299,299,
6269,46,160000,0,user_25,299,299,
6261,47,150000,0,user_17,299,299,
6283,48,150000,0,user_35,299,299,
6307,49,0,0,builder_0,299,299,6264
6264,50,84000,46500,user_18,299,299,
6263,51,130000,0,user_18,299,299,
6254,52,120000,0,user_10,299,299,
6267,53,110000,0,user_23,299,299,
6292,54,110000,0,user_44,299,299,
6285,55,87000,0,user_36,299,299,
6276,56,79000,0,user_30,299,299,
6268,57,77000,0,user_25,299,299,
6394,,6300000,0,user_2,300,,
6395,,530000,164000,user_5,300,,
6396,,1000000,0,user_5,300,,
6397,,1100000,0,user_7,300,,
6398,,84000,0,user_8,300,,
6399,,150000,0,user_9,300,,
6400,,27000000,0,user_11,300,,
6401,,220000,0,user_12,300,,
6402,,77000,0,user_14,300,,
6403,,150000,0,user_15,300,,
6404,,650000,0,user_16,300,,
6405,,3500000,0,user_16,300,,
6406,,3200000,0,user_17,300,,
6407,,43000000,0,user_17,300,,
6408,,84000,0,user_18,300,,
6409,,1200000,0,user_22,300,,
6410,,2100000,0,user_23,300,,
6411,,340000,0,user_25,300,,
6412,,2500000,14200,user_25,300,,
6413,,160000,0,user_28,300,,
6414,,98000,0,user_29,300,,
6415,,170000,0,user_29,300,,
6416,,100000,0,user_29,300,,
6417,,3200000,0,user_33,300,,
6418,,130000,0,user_33,300,,
6419,,650000,0,user_35,300,,
6420,,150000,0,user_35,300,,
6421,,5000000,0,user_36,300,,
6422,,160000,17000,user_38,300,,
6423,,470000,0,user_39,300,,
6424,,43000000,0,user_40,300,,
6425,,2500000,0,user_45,300,,
6426,,220000,0,user_45,300,,
6427,,320000,0,user_46,300,,
6428,,19000000,0,user_48,300,,
6429,,79000,0,user_48,300,,
6430,,1600000,0,user_49,300,,
6407,0,43000000,0,user_17,300,300,
6424,1,43000000,0,user_40,300,300,
6400,2,27000000,0,user_11,300,300,
6428,3,19000000,0,user_48,300,300,
6394,4,6300000,0,user_2,300,300,
6421,5,5000000,0,user_36,300,300,
6405,6,3500000,0,user_16,300,300,
6406,7,3200000,0,user_17,300,300,
6417,8,3200000,0,user_33,300,300,
6412,9,2500000,14200,user_25,300,300,
6425,10,2500000,0,user_45,300,300,
6410,11,2100000,0,user_23,300,300,
6430,12,1600000,0,user_49,300,300,
6409,13,1200000,0,user_22,300,300,
6397,14,1100000,0,user_7,300,300,
6396,15,1000000,0,user_5,300,300,
6404,16,650000,0,user_16,300,300,
6419,17,650000,0,user_35,300,300,
6395,18,530000,164000,user_5,300,300,
6411,19,340000,0,user_25,300,300,
6427,20,320000,0,user_46,300,300,
6426,21,220000,0,user_45,300,300,
6415,22,170000,0,user_29,300,300,
6422,23,160000,17000,user_38,300,300,
6399,24,150000,0,user_9,300,300,
6403,25,150000,0,user_15,300,300,
6420,26,150000,0,user_35,300,300,
6418,27,130000,0,user_33,300,300,
6416,28,100000,0,user_29,300,300,
6414,29,98000,0,user_29,300,300,
6398,30,84000,0,user_8,300,300,
6408,31,84000,0,user_18,300,300,
6429,32,79000,0,user_48,300,300,
6402,33,77000,0,user_14,300,300,
6453,,120000,0,user_0,301,,
6454,,2500000,139000,user_0,301,,
6455,,260000,0,user_1,301,,
6456,,650000,0,user_3,301,,
6457,,650000,6390,user_4,301,,
6458,,160000,15100,user_4,301,,
6459,,120000,0,user_5,301,,
6460,,370000,0,user_6,301,,
6461,,170000,0,user_6,301,,
6462,,3500000,0,user_7,301,,
6463,,1100000,0,user_8,301,,
6464,,85000,0,user_10,301,,
6465,,600000,0,user_10,301,,
6466,,3500000,0,user_11,301,,
6467,,220000,0,user_11,301,,
6468,,27000000,0,user_12,301,,
6469,,650000,0,user_13,301,,
6470,,5000000,0,user_13,301,,
6471,,970000,0,user_14,301,,
6472,,870000,0,user_15,301,,
6473,,110000,0,user_15,301,,
6474,,220000,0,user_16,301,,
6475,,1900000,5180,user_18,301,,
6476,,530000,0,user_19,301,,
6477,,970000,0,user_19,301,,
6478,,120000,0,user_19,301,,
6479,,460000,0,user_20,301,,
6480,,83000,68100,user_21,301,,
6481,,1100000,0,user_22,301,,
6482,,340000,0,user_23,301,,
6483,,910000,0,user_24,301,,
6484,,110000,0,user_25,301,,
6485,,110000,0,user_26,301,,
6486,,2000000,11200,user_26,301,,
6487,,30000000,0,user_27,301,,
6488,,170000,0,user_29,301,,
6489,,260000,0,user_30,301,,
6490,,1500000,0,user_30,301,,
6491,,73000,0,user_30,301,,
6492,,5000000,0,user_30,301,,
6493,,460000,0,user_30,301,,
6494,,6300000,0,user_31,301,,
6495,,600000,6390,user_33,301,,
6496,,310000,0,user_34,301,,
6497,,310000,0,user_34,301,,
6498,,1900000,0,user_35,301,,
6499,,160000,0,user_37,301,,
6500,,83000,0,user_39,301,,
6501,,1500000,0,user_40,301,,
6502,,420000,0,user_41,301,,
6503,,370000,0,user_42,301,,
6504,,30000000,0,user_44,301,,
6505,,260000,0,user_45,301,,
6506,,1600000,0,user_45,301,,
6507,,260000,0,user_45,301,,
6508,,160000,0,user_47,301,,
6487,0,30000000,0,user_27,301,301,
6504,1,30000000,0,user_44,301,301,
6468,2,27000000,0,user_12,301,301,
6494,3,6300000,0,user_31,301,301,
6470,4,5000000,0,user_13,301,301,
6492,5,5000000,0,user_30,301,301,
6462,6,3500000,0,user_7,301,301,
6466,7,3500000,0,user_11,301,301,
6454,8,2500000,139000,user_0,301,301,
6486,9,2000000,11200,user_26,301,301,
6475,10,1900000,5180,user_18,301,301,
6498,11,1900000,0,user_35,301,301,
6506,12,1600000,0,user_45,301,301,
6490,13,1500000,0,user_30,301,301,
6501,14,1500000,0,user_40,301,301,
6463,15,1100000,0,user_8,301,301,
6481,16,1100000,0,user_22,301,301,
6472,17,870000,0,user_15,301,301,
6456,18,650000,0,user_3,301,301,
6457,19,650000,6390,user_4,301,301,
6469,20,650000,0,user_13,301,301,
6465,21,600000,0,user_10,301,301,
6495,22,600000,6390,user_33,301,301,
6479,23,460000,0,user_20,301,301,
6493,24,460000,0,user_30,301,301,
6502,25,420000,0,user_41,301,301,
6460,26,370000,0,user_6,301,301,
6503,27,370000,0,user_42,301,301,
6482,28,340000,0,user_23,301,301,
6496,29,310000,0,user_34,301,301,
6497,30,310000,0,user_34,301,301,
6455,31,260000,0,user_1,301,301,
6489,32,260000,0,user_30,301,301,
6505,33,260000,0,user_45,301,301,
6507,34,260000,0,user_45,301,301,
6467,35,220000,0,user_11,301,301,
6474,36,220000,0,user_16,301,301,
6461,37,170000,0,user_6,301,301,
6488,38,170000,0,user_29,301,301,
6458,39,160000,15100,user_4,301,301,
6499,40,160000,0,user_37,301,301,
6508,41,160000,0,user_47,301,301,
6453,42,120000,0,user_0,301,301,
6459,43,120000,0,user_5,301,301,
6473,44,110000,0,user_15,301,301,
6484,45,110000,0,user_25,301,301,
6485,46,110000,0,user_26,301,301,
6464,47,85000,0,user_10,301,301,
6480,48,83000,68100,user_21,301,301,
6500,49,83000,0,user_39,301,301,
6491,50,73000,0,user_30,301,301,
6559,,6100000,15300,user_1,302,,
6560,,1300000,84800,user_2,302,,
6561,,84000,0,user_3,302,,
6562,,660000,0,user_5,302,,
6563,,4200000,0,user_6,302,,
6564,,73000,49100,user_6,302,,
6565,,160000,12300,user_6,302,,
6566,,170000,0,user_11,302,,
6567,,2100000,0,user_13,302,,
6568,,77000,0,user_15,302,,
6569,,130000,139000,user_16,302,,
6570,,1600000,0,user_17,302,,
6571,,110000,0,user_18,302,,
6572,,70000,0,user_18,302,,
6573,,77000,0,user_19,302,,
6574,,19000000,0,user_19,302,,
6575,,79000,0,user_20,302,,
6576,,460000,0,user_23,302,,
6577,,1800000,0,user_23,302,,
6578,,600000,13900,user_24,302,,
6579,,220000,0,user_25,302,,
6580,,260000,0,user_26,302,,
6581,,2000000,0,user_27,302,,
6582,,1500000,215000,user_28,302,,
6583,,2000000,0,user_29,302,,
6584,,220000,0,user_30,302,,
6585,,2500000,32900,user_30,302,,
6586,,2600000,0,user_30,302,,
6587,,150000,350000,user_31,302,,
6588,,120000,0,user_33,302,,
6589,,2300000,0,user_33,302,,
6590,,1600000,0,user_34,302,,
6591,,600000,100000,user_34,302,,
6592,,310000,0,user_36,302,,
6593,,110000,0,user_37,302,,
6594,,120000,0,user_38,302,,
6595,,260000,0,user_38,302,,
6596,,260000,0,user_39,302,,
6597,,2000000,0,user_40,302,,
6598,,470000,0,user_41,302,,
6599,,77000,231000,user_42,302,,
6600,,3200000,0,user_44,302,,
6601,,870000,0,user_45,302,,
6602,,160000,0,user_45,302,,
6603,,600000,0,user_46,302,,
6604,,470000,181000,user_46,302,,
6605,,3200000,56200,user_47,302,,
6606,,220000,0,user_48,302,,
6607,,420000,0,user_49,302,,
6574,0,19000000,0,user_19,302,302,
6559,1,6100000,15300,user_1,302,302,
6563,2,4200000,0,user_6,302,302,
6600,3,3200000,0,user_44,302,302,
6605,4,3200000,56200,user_47,302,302,
6586,5,2600000,0,user_30,302,302,
6585,6,2500000,32900,user_30,302,302,
6589,7,2300000,0,user_33,302,302,
6567,8,2100000,0,user_13,302,302,
6581,9,2000000,0,user_27,302,302,
6583,10,2000000,0,user_29,302,302,
6597,11,2000000,0,user_40,302,302,
6577,12,1800000,0,user_23,302,302,
6570,13,1600000,0,user_17,302,302,
6590,14,1600000,0,user_34,302,302,
6582,15,1500000,215000,user_28,302,302,
6560,16,1300000,84800,user_2,302,302,
6562,17,660000,0,user_5,302,302,
6578,18,600000,13900,user_24,302,302,
6591,19,600000,100000,user_34,302,302,
6576,20,460000,0,user_23,302,302,
6607,21,420000,0,user_49,302,302,
6592,22,310000,0,user_36,302,302,
6580,23,260000,0,user_26,302,302,
6595,24,260000,0,user_38,302,302,
6596,25,260000,0,user_39,302,302,
6579,26,220000,0,user_25,302,302,
6584,27,220000,0,user_30,302,302,
6606,28,220000,0,user_48,302,302,
6565,29,160000,12300,user_6,302,302,
6587,30,150000,350000,user_31,302,302,
6588,31,120000,0,user_33,302,302,
6594,32,120000,0,user_38,302,302,
6571,33,110000,0,user_18,302,302,
6593,34,110000,0,user_37,302,302,
6561,35,84000,0,user_3,302,302,
6575,36,79000,0,user_20,302,302,
6568,37,77000,0,user_15,302,302,
6573,38,77000,0,user_19,302,302,
6599,39,77000,231000,user_42,302,302,
6564,40,73000,49100,user_6,302,302,
6572,41,70000,0,user_18,302,302,
6694,,2000000,34700,user_2,303,,
6695,,530000,42000,user_3,303,,
6696,,630000,0,user_4,303,,
6697,,2000000,0,user_4,303,,
6698,,1500000,0,user_6,303,,
6699,,1000000,0,user_6,303,,
6700,,6100000,49100,user_7,303,,
6701,,120000,0,user_9,303,,
6702,,630000,15700,user_10,303,,
6703,,1300000,0,user_10,303,,
6704,,85000,0,user_12,303,,
6705,,110000,0,user_12,303,,
6706,,300000,0,user_12,303,,
6707,,170000,0,user_12,303,,
6708,,150000,0,user_12,303,,
6709,,1500000,0,user_14,303,,
6710,,1800000,0,user_14,303,,
6711,,1500000,0,user_14,303,,
6712,,2300000,0,user_14,303,,
6713,,1500000,15300,user_14,303,,
6714,,150000,0,user_15,303,,
6715,,120000,0,user_15,303,,
6716,,70000,4320000,user_16,303,,
6717,,110000,0,user_16,303,,
6718,,30000000,0,user_16,303,,
6719,,1300000,0,user_16,303,,
6720,,360000,0,user_16,303,,
6721,,870000,0,user_17,303,,
6722,,220000,0,user_18,303,,
6723,,3500000,0,user_22,303,,
6724,,120000,0,user_25,303,,
6725,,73000,0,user_27,303,,
6726,,79000,410000,user_28,303,,
6727,,80000,100000,user_28,303,,
6728,,370000,0,user_29,303,,
6729,,350000,0,user_30,303,,
6730,,160000,0,user_30,303,,
6731,,3500000,35600,user_32,303,,
6732,,220000,369000,user_33,303,,
6733,,5000000,0,user_34,303,,
6734,,5000000,0,user_34,303,,
6735,,87000,100000,user_34,303,,
6736,,460000,15100,user_34,303,,
6737,,100000,0,user_34,303,,
6738,,80000,0,user_35,303,,
6739,,5000000,0,user_35,303,,
6740,,2000000,30200,user_35,303,,
6741,,220000,0,user_35,303,,
6742,,43000000,0,user_36,303,,
6743,,5200000,0,user_37,303,,
6744,,530000,0,user_38,303,,
6745,,150000,0,user_39,303,,
6746,,3200000,0,user_40,303,,
6747,,1500000,0,user_41,303,,
6748,,460000,0,user_42,303,,
6749,,260000,0,user_42,303,,
6750,,2100000,0,user_43,303,,
6751,,84000,108000,user_43,303,,
6752,,30000000,0,user_45,303,,
6753,,170000,0,user_46,303,,
6754,,260000,0,user_46,303,,
6755,,98000,0,user_48,303,,
6756,,170000,0,user_49,303,,
6742,0,43000000,0,user_36,303,303,
6718,1,30000000,0,user_16,303,303,
6752,2,30000000,0,user_45,303,303,
6743,3,5200000,0,user_37,303,303,
6733,4,5000000,0,user_34,303,303,
6734,5,5000000,0,user_34,303,303,
6739,6,5000000,0,user_35,303,303,
6801,7,0,0,builder_4,303,303,6716
6716,8,70000,4320000,user_16,303,303,
6802,9,0,0,builder_4,303,303,6731
6731,10,3500000,35600,user_32,303,303,
6723,11,3500000,0,user_22,303,303,
6746,12,3200000,0,user_40,303,303,
6712,13,2300000,0,user_14,303,303,
6750,14,2100000,0,user_43,303,303,
6803,15,0,0,builder_4,303,303,6694
6694,16,2000000,34700,user_2,303,303,
6804,17,0,0,builder_4,303,303,6740
6740,18,2000000,30200,user_35,303,303,
6697,19,2000000,0,user_4,303,303,
6710,20,1800000,0,user_14,303,303,
6805,21,0,0,builder_4,303,303,6713
6713,22,1500000,15300,user_14,303,303,
6698,23,1500000,0,user_6,303,303,
6709,24,1500000,0,user_14,303,303,
6711,25,1500000,0,user_14,303,303,
6747,26,1500000,0,user_41,303,303,
6703,27,1300000,0,user_10,303,303,
6719,28,1300000,0,user_16,303,303,
6699,29,1000000,0,user_6,303,303,
6721,30,870000,0,user_17,303,303,
6702,31,630000,15700,user_10,303,303,
6806,32,0,0,builder_4,303,303,6702
6696,33,630000,0,user_4,303,303,
6807,34,0,0,builder_4,303,303,6732
6732,35,220000,369000,user_33,303,303,
6695,36,530000,42000,user_3,303,303,
6808,37,0,0,builder_4,303,303,6695
6744,38,530000,0,user_38,303,303,
6809,39,0,0,builder_4,303,303,6726
6726,40,79000,410000,user_28,303,303,
6736,41,460000,15100,user_34,303,303,
6810,42,0,0,builder_4,303,303,6736
6748,43,460000,0,user_42,303,303,
6728,44,370000,0,user_29,303,303,
6720,45,360000,0,user_16,303,303,
6729,46,350000,0,user_30,303,303,
6706,47,300000,0,user_12,303,303,
6749,48,260000,0,user_42,303,303,
6754,49,260000,0,user_46,303,303,
6722,50,220000,0,user_18,303,303,
6741,51,220000,0,user_35,303,303,
6751,52,84000,108000,user_43,303,303,
6811,53,0,0,builder_4,303,303,6751
6735,54,87000,100000,user_34,303,303,
6812,55,0,0,builder_4,303,303,6735
6727,56,80000,100000,user_28,303,303,
6813,57,0,0,builder_4,303,303,6727
6707,58,170000,0,user_12,303,303,
6753,59,170000,0,user_46,303,303,
6756,60,170000,0,user_49,303,303,
6730,61,160000,0,user_30,303,303,
6708,62,150000,0,user_12,303,303,
6701,63,120000,0,user_9,303,303,
6724,64,120000,0,user_25,303,303,
6705,65,110000,0,user_12,303,303,
6717,66,110000,0,user_16,303,303,
6737,67,100000,0,user_34,303,303,
6755,68,98000,0,user_48,303,303,
6704,69,85000,0,user_12,303,303,
6738,70,80000,0,user_35,303,303,
6725,71,73000,0,user_27,303,303,
6856,,5000000,0,user_1,304,,
6857,,460000,0,user_1,304,,
6858,,870000,0,user_2,304,,
6859,,2300000,0,user_3,304,,
6860,,370000,0,user_4,304,,
6861,,2000000,5180,user_6,304,,
6862,,1400000,0,user_7,304,,
6863,,110000,181000,user_7,304,,
6864,,670000,0,user_8,304,,
6865,,220000,0,user_8,304,,
6866,,1400000,0,user_9,304,,
6867,,170000,0,user_10,304,,
6868,,170000,0,user_11,304,,
6869,,5000000,0,user_12,304,,
6870,,650000,0,user_13,304,,
6871,,27000000,0,user_15,304,,
6872,,3600000,15700,user_16,304,,
6873,,650000,0,user_17,304,,
6874,,310000,0,user_18,304,,
6875,,2600000,0,user_19,304,,
6876,,310000,0,user_19,304,,
6877,,2000000,0,user_20,304,,
6878,,360000,0,user_21,304,,
6879,,420000,0,user_23,304,,
6880,,1400000,0,user_25,304,,
6881,,670000,0,user_28,304,,
6882,,5000000,0,user_30,304,,
6883,,310000,0,user_32,304,,
6884,,150000,0,user_34,304,,
6885,,2600000,68100,user_38,304,,
6886,,220000,42000,user_39,304,,
6887,,150000,10700,user_40,304,,
6888,,420000,0,user_41,304,,
6889,,240000,0,user_42,304,,
6890,,3500000,0,user_42,304,,
6891,,1500000,0,user_44,304,,
6892,,98000,0,user_44,304,,
6893,,87000,0,user_45,304,,
6894,,1200000,0,user_45,304,,
6895,,110000,0,user_46,304,,
6896,,70000,0,user_49,304,,
6897,,2300000,0,user_49,304,,
6871,0,27000000,0,user_15,304,304,
6856,1,5000000,0,user_1,304,304,
6869,2,5000000,0,user_12,304,304,
6882,3,5000000,0,user_30,304,304,
6872,4,3600000,15700,user_16,304,304,
6890,5,3500000,0,user_42,304,304,
6875,6,2600000,0,user_19,304,304,
6859,7,2300000,0,user_3,304,304,
6897,8,2300000,0,user_49,304,304,
6861,9,2000000,5180,user_6,304,304,
6877,10,2000000,0,user_20,304,304,
6891,11,1500000,0,user_44,304,304,
6862,12,1400000,0,user_7,304,304,
6880,13,1400000,0,user_25,304,304,
6894,14,1200000,0,user_45,304,304,
6858,15,870000,0,user_2,304,304,
6864,16,670000,0,user_8,304,304,
6881,17,670000,0,user_28,304,304,
6870,18,650000,0,user_13,304,304,
6873,19,650000,0,user_17,304,304,
6857,20,460000,0,user_1,304,304,
6879,21,420000,0,user_23,304,304,
6888,22,420000,0,user_41,304,304,
6860,23,370000,0,user_4,304,304,
6878,24,360000,0,user_21,304,304,
6874,25,310000,0,user_18,304,304,
6876,26,310000,0,user_19,304,304,
6883,27,310000,0,user_32,304,304,
6889,28,240000,0,user_42,304,304,
6865,29,220000,0,user_8,304,304,
6886,30,220000,42000,user_39,304,304,
6868,31,170000,0,user_11,304,304,
6884,32,150000,0,user_34,304,304,
6887,33,150000,10700,user_40,304,304,
6863,34,110000,181000,user_7,304,304,
6895,35,110000,0,user_46,304,304,
6892,36,98000,0,user_44,304,304,
6893,37,87000,0,user_45,304,304,
6896,38,70000,0,user_49,304,304,
6940,,83000,0,user_1,305,,
6941,,1700000,56200,user_2,305,,
6942,,150000,0,user_4,305,,
6943,,150000,0,user_5,305,,
6944,,310000,0,user_5,305,,
6945,,530000,0,user_7,305,,
6946,,260000,0,user_8,305,,
6947,,150000,0,user_9,305,,
6948,,120000,0,user_9,305,,
6949,,27000000,47700,user_10,305,,
6950,,77000,0,user_10,305,,
6951,,1800000,0,user_10,305,,
6952,,3500000,0,user_10,305,,
6953,,420000,0,user_10,305,,
6954,,650000,0,user_12,305,,
6955,,2000000,0,user_12,305,,
6956,,1100000,0,user_13,305,,
6957,,84000,35100,user_14,305,,
6958,,470000,0,user_15,305,,
6959,,530000,0,user_16,305,,
6960,,1700000,195000,user_17,305,,
6961,,150000,71800,user_20,305,,
6962,,2100000,5180,user_20,305,,
6963,,160000,0,user_22,305,,
6964,,1700000,0,user_23,305,,
6965,,120000,0,user_24,305,,
6966,,220000,0,user_25,305,,
6967,,87000,0,user_30,305,,
6968,,340000,0,user_31,305,,
6969,,1000000,0,user_32,305,,
6970,,110000,0,user_33,305,,
6971,,300000,0,user_34,305,,
6972,,1800000,0,user_36,305,,
6973,,260000,594000,user_36,305,,
6974,,1900000,215000,user_37,305,,
6975,,87000,0,user_37,305,,
6976,,3200000,18600,user_39,305,,
6977,,150000,46500,user_41,305,,
6978,,120000,0,user_41,305,,
6979,,350000,0,user_42,305,,
6980,,870000,73100,user_43,305,,
6981,,1700000,0,user_44,305,,
6982,,600000,0,user_45,305,,
6983,,600000,0,user_47,305,,
6984,,30000000,0,user_47,305,,
6985,,80000,0,user_48,305,,
6986,,220000,0,user_49,305,,
6984,0,30000000,0,user_47,305,305,
7012,1,0,0,builder_3,305,305,6949
6949,2,27000000,47700,user_10,305,305,
6952,3,3500000,0,user_10,305,305,
6976,4,3200000,18600,user_39,305,305,
7013,5,0,0,builder_3,305,305,6976
6974,6,1900000,215000,user_37,305,305,
7014,7,0,0,builder_3,305,305,6974
6962,8,2100000,5180,user_20,305,305,
7015,9,0,0,builder_3,305,305,6962
6955,10,2000000,0,user_12,305,305,
6960,11,1700000,195000,user_17,305,305,
7016,12,0,0,builder_3,305,305,6960
6951,13,1800000,0,user_10,305,305,
6972,14,1800000,0,user_36,305,305,
7017,15,0,0,builder_3,305,305,6941
6941,16,1700000,56200,user_2,305,305,
6964,17,1700000,0,user_23,305,305,
6981,18,1700000,0,user_44,305,305,
6956,19,1100000,0,user_13,305,305,
6969,20,1000000,0,user_32,305,305,
7018,21,0,0,builder_3,305,305,6980
6980,22,870000,73100,user_43,305,305,
6973,23,260000,594000,user_36,305,305,
7019,24,0,0,builder_3,305,305,6973
6954,25,650000,0,user_12,305,305,
6982,26,600000,0,user_45,305,305,
6983,27,600000,0,user_47,305,305,
6945,28,530000,0,user_7,305,305,
6958,29,470000,0,user_15,305,305,
6953,30,420000,0,user_10,305,305,
6979,31,350000,0,user_42,305,305,
6968,32,340000,0,user_31,305,305,
6944,33,310000,0,user_5,305,305,
6971,34,300000,0,user_34,305,305,
7020,35,0,0,builder_3,305,305,6961
6961,36,150000,71800,user_20,305,305,
6986,37,220000,0,user_49,305,305,
6977,38,150000,46500,user_41,305,305,
7021,39,0,0,builder_3,305,305,6977
6963,40,160000,0,user_22,305,305,
6942,41,150000,0,user_4,305,305,
6943,42,150000,0,user_5,305,305,
6965,43,120000,0,user_24,305,305,
6978,44,120000,0,user_41,305,305,
6957,45,84000,35100,user_14,305,305,
7022,46,0,0,builder_3,305,305,6957
6970,47,110000,0,user_33,305,305,
6967,48,87000,0,user_30,305,305,
6975,49,87000,0,user_37,305,305,
6985,50,80000,0,user_48,305,305,
6950,51,77000,0,user_10,305,305,
7068,,98000,0,user_2,306,,
7069,,1400000,0,user_2,306,,
7070,,1300000,4320000,user_5,306,,
7071,,1900000,0,user_5,306,,
7072,,2000000,0,user_5,306,,
7073,,120000,121000,user_6,306,,
7074,,6300000,14200,user_8,306,,
7075,,79000,64600,user_8,306,,
7076,,87000,0,user_8,306,,
7077,,6300000,35600,user_8,306,,
7078,,370000,0,user_9,306,,
7079,,660000,0,user_9,306,,
7080,,5000000,0,user_9,306,,
7081,,98000,0,user_9,306,,
7082,,2100000,0,user_9,306,,
7083,,1600000,0,user_10,306,,
7084,,350000,13900,user_11,306,,
7085,,1000000,0,user_11,306,,
7086,,530000,0,user_12,306,,
7087,,160000,0,user_15,306,,
7088,,2000000,0,user_16,306,,
7089,,670000,0,user_17,306,,
7090,,660000,73100,user_17,306,,
7091,,82000,64600,user_18,306,,
7092,,85000,0,user_20,306,,
7093,,43000000,128000,user_22,306,,
7094,,2400000,121000,user_24,306,,
7095,,120000,0,user_27,306,,
7096,,1400000,75000,user_28,306,,
7097,,19000000,164000,user_29,306,,
7098,,2000000,0,user_30,306,,
7099,,310000,7840,user_30,306,,
7100,,470000,0,user_30,306,,
7101,,19000000,0,user_32,306,,
7102,,910000,0,user_33,306,,
7103,,630000,0,user_34,306,,
7104,,79000,0,user_34,306,,
7105,,19000000,0,user_34,306,,
7106,,360000,0,user_34,306,,
7107,,460000,66100,user_34,306,,
7108,,30000000,68100,user_35,306,,
7109,,160000,0,user_35,306,,
7110,,170000,6390,user_36,306,,
7111,,120000,0,user_36,306,,
7112,,1500000,0,user_39,306,,
7113,,2300000,510000,user_39,306,,
7114,,5200000,0,user_40,306,,
7115,,1200000,0,user_41,306,,
7116,,85000,0,user_42,306,,
7117,,1200000,49100,user_42,306,,
7118,,70000,0,user_43,306,,
7119,,130000,0,user_47,306,,
7120,,300000,0,user_47,306,,
7121,,460000,510000,user_49,306,,
7093,0,43000000,128000,user_22,306,306,
7108,1,30000000,68100,user_35,306,306,
7097,2,19000000,164000,user_29,306,306,
7101,3,19000000,0,user_32,306,306,
7105,4,19000000,0,user_34,306,306,
7074,5,6300000,14200,user_8,306,306,
7077,6,6300000,35600,user_8,306,306,
7114,7,5200000,0,user_40,306,306,
7080,8,5000000,0,user_9,306,306,
7094,9,2400000,121000,user_24,306,306,
7082,10,2100000,0,user_9,306,306,
7072,11,2000000,0,user_5,306,306,
7088,12,2000000,0,user_16,306,306,
7098,13,2000000,0,user_30,306,306,
7071,14,1900000,0,user_5,306,306,
7083,15,1600000,0,user_10,306,306,
7069,16,1400000,0,user_2,306,306,
7070,17,1300000,4320000,user_5,306,306,
7115,18,1200000,0,user_41,306,306,
7117,19,1200000,49100,user_42,306,306,
7085,20,1000000,0,user_11,306,306,
7102,21,910000,0,user_33,306,306,
7089,22,670000,0,user_17,306,306,
7079,23,660000,0,user_9,306,306,
7090,24,660000,73100,user_17,306,306,
7103,25,630000,0,user_34,306,306,
7100,26,470000,0,user_30,306,306,
7107,27,460000,66100,user_34,306,306,
7121,28,460000,510000,user_49,306,306,
7078,29,370000,0,user_9,306,306,
7106,30,360000,0,user_34,306,306,
7084,31,350000,13900,user_11,306,306,
7099,32,310000,7840,user_30,306,306,
7120,33,300000,0,user_47,306,306,
7110,34,170000,6390,user_36,306,306,
7087,35,160000,0,user_15,306,306,
7109,36,160000,0,user_35,306,306,
7119,37,130000,0,user_47,306,306,
7073,38,120000,121000,user_6,306,306,
7095,39,120000,0,user_27,306,306,
7111,40,120000,0,user_36,306,306,
7068,41,98000,0,user_2,306,306,
7081,42,98000,0,user_9,306,306,
7076,43,87000,0,user_8,306,306,
7092,44,85000,0,user_20,306,306,
7116,45,85000,0,user_42,306,306,
7091,46,82000,64600,user_18,306,306,
7075,47,79000,64600,user_8,306,306,
7104,48,79000,0,user_34,306,306,
7118,49,70000,0,user_43,306,306,
7251,,1100000,19700,user_0,307,,
7252,,5000000,0,user_1,307,,
7253,,4500000,0,user_2,307,,
7254,,150000,0,user_3,307,,
7255,,5000000,0,user_4,307,,
7256,,240000,0,user_5,307,,
7257,,170000,0,user_7,307,,
7258,,98000,0,user_9,307,,
7259,,1600000,0,user_14,307,,
7260,,150000,0,user_14,307,,
7261,,1000000,0,user_15,307,,
7262,,73000,7840,user_17,307,,
7263,,110000,0,user_18,307,,
7264,,1000000,0,user_18,307,,
7265,,2000000,0,user_20,307,,
7266,,170000,779000,user_21,307,,
7267,,2000000,0,user_22,307,,
7268,,2100000,0,user_22,307,,
7269,,310000,0,user_24,307,,
7270,,150000,0,user_26,307,,
7271,,1000000,0,user_27,307,,
7272,,120000,0,user_28,307,,
7273,,1400000,0,user_29,307,,
7274,,970000,0,user_32,307,,
7275,,340000,0,user_34,307,,
7276,,1000000,15700,user_35,307,,
7277,,2100000,0,user_35,307,,
7278,,190000,0,user_36,307,,
7279,,1500000,0,user_36,307,,
7280,,110000,0,user_36,307,,
7281,,220000,0,user_36,307,,
7282,,1400000,0,user_36,307,,
7283,,120000,43600,user_37,307,,
7284,,1700000,12800,user_37,307,,
7285,,220000,181000,user_38,307,,
7286,,87000,0,user_39,307,,
7287,,460000,0,user_40,307,,
7288,,1500000,7840,user_40,307,,
7289,,2300000,0,user_40,307,,
7290,,1600000,0,user_40,307,,
7291,,460000,0,user_41,307,,
7292,,30000000,0,user_49,307,,
7292,0,30000000,0,user_49,307,307,
7252,1,5000000,0,user_1,307,307,
7255,2,5000000,0,user_4,307,307,
7253,3,4500000,0,user_2,307,307,
7289,4,2300000,0,user_40,307,307,
7268,5,2100000,0,user_22,307,307,
7277,6,2100000,0,user_35,307,307,
7265,7,2000000,0,user_20,307,307,
7267,8,2000000,0,user_22,307,307,
7284,9,1700000,12800,user_37,307,307,
7322,10,0,0,builder_4,307,307,7284
7259,11,1600000,0,user_14,307,307,
7290,12,1600000,0,user_40,307,307,
7288,13,1500000,7840,user_40,307,307,
7323,14,0,0,builder_4,307,307,7288
7279,15,1500000,0,user_36,307,307,
7273,16,1400000,0,user_29,307,307,
7282,17,1400000,0,user_36,307,307,
7324,18,0,0,builder_4,307,307,7251
7251,19,1100000,19700,user_0,307,307,
7276,20,1000000,15700,user_35,307,307,
7325,21,0,0,builder_4,307,307,7276
7264,22,1000000,0,user_18,307,307,
7271,23,1000000,0,user_27,307,307,
7274,24,970000,0,user_32,307,307,
7266,25,170000,779000,user_21,307,307,
7326,26,0,0,builder_4,307,307,7266
7287,27,460000,0,user_40,307,307,
7291,28,460000,0,user_41,307,307,
7285,29,220000,181000,user_38,307,307,
7327,30,0,0,builder_4,307,307,7285
7275,31,340000,0,user_34,307,307,
7269,32,310000,0,user_24,307,307,
7281,33,220000,0,user_36,307,307,
7278,34,190000,0,user_36,307,307,
7328,35,0,0,builder_4,307,307,7283
7283,36,120000,43600,user_37,307,307,
7254,37,150000,0,user_3,307,307,
7260,38,150000,0,user_14,307,307,
7270,39,150000,0,user_26,307,307,
7272,40,120000,0,user_28,307,307,
7263,41,110000,0,user_18,307,307,
7280,42,110000,0,user_36,307,307,
7258,43,98000,0,user_9,307,307,
7262,44,73000,7840,user_17,307,307,
7329,45,0,0,builder_4,307,307,7262
7355,,660000,0,user_0,308,,
7356,,260000,0,user_1,308,,
7357,,83000,0,user_2,308,,
7358,,120000,19700,user_2,308,,
7359,,870000,13900,user_2,308,,
7360,,370000,0,user_2,308,,
7361,,1500000,0,user_3,308,,
7362,,120000,0,user_3,308,,
7363,,5200000,0,user_4,308,,
7364,,1600000,0,user_5,308,,
7365,,600000,0,user_6,308,,
7366,,1100000,0,user_7,308,,
7367,,1900000,17000,user_9,308,,
7368,,160000,0,user_9,308,,
7369,,1700000,0,user_10,308,,
7370,,110000,0,user_10,308,,
7371,,470000,15700,user_10,308,,
7372,,170000,84800,user_12,308,,
7373,,120000,545000,user_13,308,,
7374,,1500000,0,user_14,308,,
7375,,240000,0,user_15,308,,
7376,,2400000,32900,user_15,308,,
7377,,43000000,0,user_17,308,,
7378,,6300000,0,user_18,308,,
7379,,43000000,0,user_20,308,,
7380,,460000,0,user_27,308,,
7381,,5000000,0,user_28,308,,
7382,,85000,0,user_29,308,,
7383,,660000,0,user_29,308,,
7384,,530000,68100,user_29,308,,
7385,,1900000,0,user_30,308,,
7386,,660000,0,user_31,308,,
7387,,19000000,0,user_32,308,,
7388,,1800000,779000,user_33,308,,
7389,,3200000,0,user_34,308,,
7390,,150000,0,user_37,308,,
7391,,19000000,0,user_37,308,,
7392,,2100000,71800,user_37,308,,
7393,,170000,0,user_37,308,,
7394,,150000,0,user_37,308,,
7395,,87000,17000,user_38,308,,
7396,,630000,0,user_38,308,,
7397,,120000,0,user_40,308,,
7398,,130000,0,user_40,308,,
7399,,5000000,0,user_41,308,,
7400,,80000,0,user_42,308,,
7401,,300000,0,user_43,308,,
7402,,2000000,0,user_44,308,,
7403,,2000000,0,user_45,308,,
7404,,110000,0,user_46,308,,
7405,,1400000,0,user_46,308,,
7406,,320000,0,user_47,308,,
7407,,2500000,0,user_48,308,,
7408,,120000,14200,user_49,308,,
7377,0,43000000,0,user_17,308,308,
7379,1,43000000,0,user_20,308,308,
7387,2,19000000,0,user_32,308,308,
7391,3,19000000,0,user_37,308,308,
7378,4,6300000,0,user_18,308,308,
7363,5,5200000,0,user_4,308,308,
7381,6,5000000,0,user_28,308,308,
7399,7,5000000,0,user_41,308,308,
7389,8,3200000,0,user_34,308,308,
7438,9,0,0,builder_3,308,308,7388
7388,10,1800000,779000,user_33,308,308,
7407,11,2500000,0,user_48,308,308,
7439,12,0,0,builder_3,308,308,7376
7376,13,2400000,32900,user_15,308,308,
7440,14,0,0,builder_3,308,308,7392
7392,15,2100000,71800,user_37,308,308,
7402,16,2000000,0,user_44,308,308,
7403,17,2000000,0,user_45,308,308,
7385,18,1900000,0,user_30,308,308,
7369,19,1700000,0,user_10,308,308,
7364,20,1600000,0,user_5,308,308,
7361,21,1500000,0,user_3,308,308,
7374,22,1500000,0,user_14,308,308,
7405,23,1400000,0,user_46,308,308,
7366,24,1100000,0,user_7,308,308,
7359,25,870000,13900,user_2,308,308,
7441,26,0,0,builder_3,308,308,7359
7442,27,0,0,builder_3,308,308,7373
7373,28,120000,545000,user_13,308,308,
7355,29,660000,0,user_0,308,308,
7383,30,660000,0,user_29,308,308,
7386,31,660000,0,user_31,308,308,
7396,32,630000,0,user_38,308,308,
7443,33,0,0,builder_3,308,308,7384
7384,34,530000,68100,user_29,308,308,
7444,35,0,0,builder_3,308,308,7371
7371,36,470000,15700,user_10,308,308,
7360,37,370000,0,user_2,308,308,
7406,38,320000,0,user_47,308,308,
7401,39,300000,0,user_43,308,308,
7372,40,170000,84800,user_12,308,308,
7445,41,0,0,builder_3,308,308,7372
7375,42,240000,0,user_15,308,308,
7393,43,170000,0,user_37,308,308,
7390,44,150000,0,user_37,308,308,
7394,45,150000,0,user_37,308,308,
7358,46,120000,19700,user_2,308,308,
7446,47,0,0,builder_3,308,308,7358
7447,48,0,0,builder_3,308,308,7408
7408,49,120000,14200,user_49,308,308,
7398,50,130000,0,user_40,308,308,
7362,51,120000,0,user_3,308,308,
7397,52,120000,0,user_40,308,308,
7370,53,110000,0,user_10,308,308,
7404,54,110000,0,user_46,308,308,
7395,55,87000,17000,user_38,308,308,
7448,56,0,0,builder_3,308,308,7395
7382,57,85000,0,user_29,308,308,
7357,58,83000,0,user_2,308,308,
7400,59,80000,0,user_42,308,308,
7501,,5000000,0,user_1,309,,
7502,,1600000,0,user_2,309,,
7503,,1100000,0,user_3,309,,
7504,,260000,0,user_4,309,,
7505,,460000,0,user_5,309,,
7506,,240000,0,user_5,309,,
7507,,360000,0,user_6,309,,
7508,,77000,0,user_6,309,,
7509,,120000,0,user_8,309,,
7510,,160000,0,user_9,309,,
7511,,2300000,0,user_10,309,,
7512,,1200000,0,user_11,309,,
7513,,460000,0,user_12,309,,
7514,,100000,0,user_12,309,,
7515,,350000,0,user_13,309,,
7516,,160000,0,user_14,309,,
7517,,220000,0,user_14,309,,
7518,,120000,0,user_16,309,,
7519,,150000,0,user_16,309,,
7520,,630000,0,user_16,309,,
7521,,1600000,0,user_16,309,,
7522,,1900000,0,user_16,309,,
7523,,370000,0,user_17,309,,
7524,,630000,0,user_18,309,,
7525,,910000,0,user_19,309,,
7526,,110000,0,user_20,309,,
7527,,310000,0,user_23,309,,
7528,,320000,0,user_23,309,,
7529,,85000,0,user_24,309,,
7530,,73000,0,user_27,309,,
7531,,460000,0,user_28,309,,
7532,,120000,0,user_28,309,,
7533,,2100000,0,user_28,309,,
7534,,1500000,0,user_32,309,,
7535,,3600000,0,user_33,309,,
7536,,170000,34700,user_33,309,,
7537,,1500000,0,user_35,309,,
7538,,650000,0,user_36,309,,
7539,,470000,0,user_37,309,,
7540,,320000,0,user_37,309,,
7541,,420000,0,user_39,309,,
7542,,600000,0,user_40,309,,
7543,,73000,0,user_40,309,,
7544,,79000,0,user_41,309,,
7545,,98000,0,user_41,309,,
7546,,1000000,0,user_42,309,,
7547,,420000,0,user_44,309,,
7548,,19000000,0,user_45,309,,
7549,,170000,14200,user_46,309,,
7550,,150000,0,user_46,309,,
7551,,27000000,10700,user_48,309,,
7552,,360000,0,user_49,309,,
7551,0,27000000,10700,user_48,309,309,
7564,1,0,0,builder_4,309,309,7551
7548,2,19000000,0,user_45,309,309,
7501,3,5000000,0,user_1,309,309,
7535,4,3600000,0,user_33,309,309,
7511,5,2300000,0,user_10,309,309,
7533,6,2100000,0,user_28,309,309,
7522,7,1900000,0,user_16,309,309,
7502,8,1600000,0,user_2,309,309,
7521,9,1600000,0,user_16,309,309,
7534,10,1500000,0,user_32,309,309,
7537,11,1500000,0,user_35,309,309,
7512,12,1200000,0,user_11,309,309,
7503,13,1100000,0,user_3,309,309,
7546,14,1000000,0,user_42,309,309,
7525,15,910000,0,user_19,309,309,
7538,16,650000,0,user_36,309,309,
7520,17,630000,0,user_16,309,309,
7524,18,630000,0,user_18,309,309,
7542,19,600000,0,user_40,309,309,
7539,20,470000,0,user_37,309,309,
7513,21,460000,0,user_12,309,309,
7531,22,460000,0,user_28,309,309,
7547,23,420000,0,user_44,309,309,
7523,24,370000,0,user_17,309,309,
7507,25,360000,0,user_6,309,309,
7552,26,360000,0,user_49,309,309,
7515,27,350000,0,user_13,309,309,
7528,28,320000,0,user_23,309,309,
7540,29,320000,0,user_37,309,309,
7527,30,310000,0,user_23,309,309,
7504,31,260000,0,user_4,309,309,
7517,32,220000,0,user_14,309,309,
7536,33,170000,34700,user_33,309,309,
7565,34,0,0,builder_4,309,309,7536
7566,35,0,0,builder_4,309,309,7549
7549,36,170000,14200,user_46,309,309,
7510,37,160000,0,user_9,309,309,
7516,38,160000,0,user_14,309,309,
7519,39,150000,0,user_16,309,309,
7550,40,150000,0,user_46,309,309,
7509,41,120000,0,user_8,309,309,
7518,42,120000,0,user_16,309,309,
7532,43,120000,0,user_28,309,309,
7526,44,110000,0,user_20,309,309,
7514,45,100000,0,user_12,309,309,
7545,46,98000,0,user_41,309,309,
7529,47,85000,0,user_24,309,309,
7544,48,79000,0,user_41,309,309,
7508,49,77000,0,user_6,309,309,
7530,50,73000,0,user_27,309,309,
7543,51,73000,0,user_40,309,309,
7574,,3600000,0,user_0,310,,
7575,,2600000,10700,user_1,310,,
7576,,2000000,0,user_5,310,,
7577,,220000,0,user_7,310,,
7578,,2500000,0,user_7,310,,
7579,,1700000,0,user_8,310,,
7580,,190000,0,user_9,310,,
7581,,310000,0,user_10,310,,
7582,,370000,0,user_13,310,,
7583,,80000,0,user_14,310,,
7584,,170000,0,user_16,310,,
7585,,110000,0,user_17,310,,
7586,,870000,0,user_18,310,,
7587,,1000000,64600,user_19,310,,
7588,,77000,0,user_19,310,,
7589,,120000,0,user_19,310,,
7590,,4200000,0,user_20,310,,
7591,,470000,0,user_23,310,,
7592,,870000,0,user_23,310,,
7593,,98000,0,user_24,310,,
7594,,240000,84800,user_26,310,,
7595,,630000,0,user_27,310,,
7596,,3600000,0,user_30,310,,
7597,,1800000,0,user_30,310,,
7598,,27000000,0,user_31,310,,
7599,,530000,0,user_32,310,,
7600,,320000,0,user_34,310,,
7601,,2400000,0,user_35,310,,
7602,,630000,0,user_35,310,,
7603,,98000,0,user_36,310,,
7604,,150000,0,user_36,310,,
7605,,650000,0,user_37,310,,
7606,,1500000,17700000,user_37,310,,
7607,,530000,296000,user_38,310,,
7608,,1100000,0,user_39,310,,
7609,,6100000,0,user_39,310,,
7610,,98000,0,user_42,310,,
7611,,220000,0,user_42,310,,
7612,,30000000,33100,user_42,310,,
7613,,2500000,0,user_43,310,,
7614,,70000,15700,user_44,310,,
7615,,190000,0,user_45,310,,
7616,,2100000,128000,user_46,310,,
7617,,120000,0,user_47,310,,
7618,,1500000,0,user_48,310,,
7612,0,30000000,33100,user_42,310,310,
7598,1,27000000,0,user_31,310,310,
7609,2,6100000,0,user_39,310,310,
7590,3,4200000,0,user_20,310,310,
7574,4,3600000,0,user_0,310,310,
7596,5,3600000,0,user_30,310,310,
7575,6,2600000,10700,user_1,310,310,
7578,7,2500000,0,user_7,310,310,
7601,8,2400000,0,user_35,310,310,
7616,9,2100000,128000,user_46,310,310,
7576,10,2000000,0,user_5,310,310,
7597,11,1800000,0,user_30,310,310,
7579,12,1700000,0,user_8,310,310,
7606,13,1500000,17700000,user_37,310,310,
7618,14,1500000,0,user_48,310,310,
7608,15,1100000,0,user_39,310,310,
7587,16,1000000,64600,user_19,310,310,
7586,17,870000,0,user_18,310,310,
7592,18,870000,0,user_23,310,310,
7605,19,650000,0,user_37,310,310,
7602,20,630000,0,user_35,310,310,
7599,21,530000,0,user_32,310,310,
7607,22,530000,296000,user_38,310,310,
7591,23,470000,0,user_23,310,310,
7582,24,370000,0,user_13,310,310,
7600,25,320000,0,user_34,310,310,
7581,26,310000,0,user_10,310,310,
7594,27,240000,84800,user_26,310,310,
7577,28,220000,0,user_7,310,310,
7611,29,220000,0,user_42,310,310,
7580,30,190000,0,user_9,310,310,
7615,31,190000,0,user_45,310,310,
7589,32,120000,0,user_19,310,310,
7617,33,120000,0,user_47,310,310,
7585,34,110000,0,user_17,310,310,
7593,35,98000,0,user_24,310,310,
7610,36,98000,0,user_42,310,310,
7583,37,80000,0,user_14,310,310,
7588,38,77000,0,user_19,310,310,
7676,,1600000,155000,user_0,311,,
7677,,420000,0,user_0,311,,
7678,,2000000,0,user_2,311,,
7679,,43000000,0,user_3,311,,
7680,,130000,0,user_3,311,,
7681,,2400000,0,user_3,311,,
7682,,260000,0,user_3,311,,
7683,,100000,0,user_3,311,,
7684,,77000,0,user_4,311,,
7685,,320000,0,user_5,311,,
7686,,70000,0,user_6,311,,
7687,,1100000,0,user_7,311,,
7688,,98000,0,user_8,311,,
7689,,2000000,35600,user_8,311,,
7690,,80000,410000,user_8,311,,
7691,,310000,0,user_8,311,,
7692,,370000,0,user_10,311,,
7693,,1800000,296000,user_12,311,,
7694,,150000,545000,user_12,311,,
7695,,80000,0,user_14,311,,
7696,,220000,0,user_16,311,,
7697,,120000,0,user_17,311,,
7698,,110000,0,user_19,311,,
7699,,79000,0,user_21,311,,
7700,,110000,0,user_21,311,,
7701,,350000,0,user_23,311,,
7702,,160000,0,user_24,311,,
7703,,970000,0,user_24,311,,
7704,,2300000,0,user_25,311,,
7705,,150000,13900,user_28,311,,
7706,,1500000,0,user_30,311,,
7707,,84000,0,user_31,311,,
7708,,310000,0,user_32,311,,
7709,,150000,0,user_33,311,,
7710,,120000,0,user_33,311,,
7711,,1400000,0,user_34,311,,
7712,,630000,0,user_35,311,,
7713,,98000,0,user_36,311,,
7714,,4200000,0,user_37,311,,
7715,,420000,0,user_37,311,,
7716,,150000,0,user_38,311,,
7717,,6300000,0,user_42,311,,
7718,,2000000,7840,user_43,311,,
7719,,420000,0,user_44,311,,
7720,,130000,43600,user_45,311,,
7721,,79000,0,user_46,311,,
7722,,2500000,0,user_47,311,,
7723,,100000,0,user_48,311,,
7679,0,43000000,0,user_3,311,311,
7717,1,6300000,0,user_42,311,311,
7714,2,4200000,0,user_37,311,311,
7722,3,2500000,0,user_47,311,311,
7681,4,2400000,0,user_3,311,311,
7704,5,2300000,0,user_25,311,311,
7724,6,0,0,builder_0,311,311,7689
7689,7,2000000,35600,user_8,311,311,
7725,8,0,0,builder_0,311,311,7718
7718,9,2000000,7840,user_43,311,311,
7678,10,2000000,0,user_2,311,311,
7676,11,1600000,155000,user_0,311,311,
7726,12,0,0,builder_0,311,311,7676
7706,13,1500000,0,user_30,311,311,
7687,14,1100000,0,user_7,311,311,
7712,15,630000,0,user_35,311,311,
7690,16,80000,410000,user_8,311,311,
7727,17,0,0,builder_0,311,311,7690
7677,18,420000,0,user_0,311,311,
7715,19,420000,0,user_37,311,311,
7719,20,420000,0,user_44,311,311,
7692,21,370000,0,user_10,311,311,
7701,22,350000,0,user_23,311,311,
7691,23,310000,0,user_8,311,311,
7708,24,310000,0,user_32,311,311,
7682,25,260000,0,user_3,311,311,
7696,26,220000,0,user_16,311,311,
7728,27,0,0,builder_0,311,311,7705
7705,28,150000,13900,user_28,311,311,
7709,29,150000,0,user_33,311,311,
7716,30,150000,0,user_38,311,311,
7680,31,130000,0,user_3,311,311,
7697,32,120000,0,user_17,311,311,
7710,33,120000,0,user_33,311,311,
7698,34,110000,0,user_19,311,311,
7700,35,110000,0,user_21,311,311,
7683,36,100000,0,user_3,311,311,
7723,37,100000,0,user_48,311,311,
7688,38,98000,0,user_8,311,311,
7713,39,98000,0,user_36,311,311,
7707,40,84000,0,user_31,311,311,
7695,41,80000,0,user_14,311,311,
7699,42,79000,0,user_21,311,311,
7721,43,79000,0,user_46,311,311,
7686,44,70000,0,user_6,311,311,
7778,,660000,0,user_0,312,,
7779,,4200000,0,user_2,312,,
7780,,27000000,0,user_4,312,,
7781,,120000,0,user_4,312,,
7782,,1300000,0,user_4,312,,
7783,,1700000,0,user_5,312,,
7784,,370000,23500,user_5,312,,
7785,,2600000,0,user_5,312,,
7786,,600000,0,user_7,312,,
7787,,120000,0,user_8,312,,
7788,,5200000,0,user_9,312,,
7789,,1600000,0,user_9,312,,
7790,,240000,215000,user_11,312,,
7791,,120000,0,user_12,312,,
7792,,3500000,0,user_12,312,,
7793,,4500000,0,user_14,312,,
7794,,19000000,15300,user_15,312,,
7795,,110000,0,user_16,312,,
7796,,77000,0,user_17,312,,
7797,,5000000,0,user_18,312,,
7798,,77000,0,user_19,312,,
7799,,27000000,0,user_19,312,,
7800,,350000,0,user_19,312,,
7801,,240000,0,user_19,312,,
7802,,150000,0,user_21,312,,
7803,,300000,0,user_21,312,,
7804,,350000,0,user_23,312,,
7805,,170000,0,user_24,312,,
7806,,130000,0,user_24,312,,
7807,,77000,14200,user_25,312,,
7808,,5000000,0,user_27,312,,
7809,,120000,0,user_28,312,,
7810,,1700000,0,user_30,312,,
7811,,1500000,12800,user_31,312,,
7812,,1900000,0,user_33,312,,
7813,,1100000,13900,user_34,312,,
7814,,160000,0,user_37,312,,
7815,,260000,0,user_38,312,,
7816,,600000,0,user_39,312,,
7817,,3600000,0,user_39,312,,
7818,,120000,0,user_39,312,,
7819,,150000,0,user_39,312,,
7820,,260000,0,user_41,312,,
7821,,2500000,0,user_41,312,,
7822,,160000,100000,user_41,312,,
7823,,87000,0,user_42,312,,
7824,,110000,779000,user_45,312,,
7825,,1100000,0,user_45,312,,
7826,,110000,13900,user_45,312,,
7827,,4500000,5180,user_46,312,,
7780,0,27000000,0,user_4,312,312,
7799,1,27000000,0,user_19,312,312,
7794,2,19000000,15300,user_15,312,312,
7788,3,5200000,0,user_9,312,312,
7797,4,5000000,0,user_18,312,312,
7808,5,5000000,0,user_27,312,312,
7793,6,4500000,0,user_14,312,312,
7827,7,4500000,5180,user_46,312,312,
7817,8,3600000,0,user_39,312,312,
7792,9,3500000,0,user_12,312,312,
7785,10,2600000,0,user_5,312,312,
7821,11,2500000,0,user_41,312,312,
7812,12,1900000,0,user_33,312,312,
7783,13,1700000,0,user_5,312,312,
7810,14,1700000,0,user_30,312,312,
7789,15,1600000,0,user_9,312,312,
7811,16,1500000,12800,user_31,312,312,
7782,17,1300000,0,user_4,312,312,
7813,18,1100000,13900,user_34,312,312,
7786,19,600000,0,user_7,312,312,
7816,20,600000,0,user_39,312,312,
7784,21,370000,23500,user_5,312,312,
7800,22,350000,0,user_19,312,312,
7804,23,350000,0,user_23,312,312,
7803,24,300000,0,user_21,312,312,
7815,25,260000,0,user_38,312,312,
7820,26,260000,0,user_41,312,312,
7790,27,240000,215000,user_11,312,312,
7801,28,240000,0,user_19,312,312,
7805,29,170000,0,user_24,312,312,
7822,30,160000,100000,user_41,312,312,
7802,31,150000,0,user_21,312,312,
7819,32,150000,0,user_39,312,312,
7806,33,130000,0,user_24,312,312,
7781,34,120000,0,user_4,312,312,
7787,35,120000,0,user_8,312,312,
7791,36,120000,0,user_12,312,312,
7809,37,120000,0,user_28,312,312,
7818,38,120000,0,user_39,312,312,
7823,39,87000,0,user_42,312,312,
7798,40,77000,0,user_19,312,312,
7897,,2300000,0,user_0,313,,
7898,,260000,0,user_1,313,,
7899,,85000,0,user_1,313,,
7900,,1300000,0,user_2,313,,
7901,,77000,7190000,user_4,313,,
7902,,1000000,0,user_5,313,,
7903,,170000,0,user_7,313,,
7904,,360000,0,user_9,313,,
7905,,340000,0,user_10,313,,
7906,,530000,0,user_10,313,,
7907,,5000000,0,user_11,313,,
7908,,150000,0,user_11,313,,
7909,,85000,0,user_11,313,,
7910,,2100000,369000,user_12,313,,
7911,,100000,0,user_13,313,,
7912,,77000,0,user_14,313,,
7913,,310000,0,user_15,313,,
7914,,43000000,0,user_15,313,,
7915,,79000,0,user_15,313,,
7916,,2300000,0,user_15,313,,
7917,,85000,0,user_15,313,,
7918,,150000,0,user_16,313,,
7919,,79000,84800,user_16,313,,
7920,,2000000,0,user_16,313,,
7921,,160000,15700,user_16,313,,
7922,,3500000,0,user_16,313,,
7923,,110000,49100,user_17,313,,
7924,,160000,0,user_18,313,,
7925,,220000,0,user_20,313,,
7926,,2000000,0,user_20,313,,
7927,,120000,0,user_21,313,,
7928,,130000,0,user_21,313,,
7929,,1100000,31700,user_22,313,,
7930,,1400000,18600,user_23,313,,
7931,,160000,0,user_24,313,,
7932,,320000,0,user_25,313,,
7933,,260000,0,user_26,313,,
7934,,1500000,0,user_27,313,,
7935,,1900000,0,user_28,313,,
7936,,82000,67900,user_28,313,,
7937,,3500000,42000,user_29,313,,
7938,,460000,0,user_31,313,,
7939,,2100000,0,user_33,313,,
7940,,220000,0,user_34,313,,
7941,,85000,0,user_35,313,,
7942,,2000000,0,user_35,313,,
7943,,160000,5630,user_36,313,,
7944,,600000,0,user_37,313,,
7945,,420000,0,user_38,313,,
7946,,4200000,33100,user_38,313,,
7947,,77000,0,user_38,313,,
7948,,3600000,0,user_39,313,,
7949,,350000,0,user_40,313,,
7950,,260000,0,user_41,313,,
7951,,150000,0,user_41,313,,
7952,,1800000,0,user_42,313,,
7953,,1300000,0,user_42,313,,
7954,,1900000,0,user_44,313,,
7955,,420000,0,user_44,313,,
7956,,260000,0,user_45,313,,
7957,,43000000,0,user_45,313,,
7958,,150000,0,user_46,313,,
7959,,340000,15100,user_46,313,,
7960,,1600000,381000,user_47,313,,
7961,,2600000,594000,user_48,313,,
7962,,150000,0,user_48,313,,
7963,,420000,0,user_48,313,,
7914,0,43000000,0,user_15,313,313,
7957,1,43000000,0,user_45,313,313,
7907,2,5000000,0,user_11,313,313,
7946,3,4200000,33100,user_38,313,313,
7948,4,3600000,0,user_39,313,313,
7922,5,3500000,0,user_16,313,313,
7937,6,3500000,42000,user_29,313,313,
7961,7,2600000,594000,user_48,313,313,
7916,8,2300000,0,user_15,313,313,
7910,9,2100000,369000,user_12,313,313,
7939,10,2100000,0,user_33,313,313,
7920,11,2000000,0,user_16,313,313,
7926,12,2000000,0,user_20,313,313,
7942,13,2000000,0,user_35,313,313,
7935,14,1900000,0,user_28,313,313,
7954,15,1900000,0,user_44,313,313,
7952,16,1800000,0,user_42,313,313,
7960,17,1600000,381000,user_47,313,313,
7934,18,1500000,0,user_27,313,313,
7930,19,1400000,18600,user_23,313,313,
7953,20,1300000,0,user_42,313,313,
7929,21,1100000,31700,user_22,313,313,
7902,22,1000000,0,user_5,313,313,
7906,23,530000,0,user_10,313,313,
7945,24,420000,0,user_38,313,313,
7955,25,420000,0,user_44,313,313,
7963,26,420000,0,user_48,313,313,
7904,27,360000,0,user_9,313,313,
7905,28,340000,0,user_10,313,313,
7959,29,340000,15100,user_46,313,313,
7913,30,310000,0,user_15,313,313,
7898,31,260000,0,user_1,313,313,
7933,32,260000,0,user_26,313,313,
7950,33,260000,0,user_41,313,313,
7956,34,260000,0,user_45,313,313,
7925,35,220000,0,user_20,313,313,
7940,36,220000,0,user_34,313,313,
7903,37,170000,0,user_7,313,313,
7921,38,160000,15700,user_16,313,313,
7943,39,160000,5630,user_36,313,313,
7908,40,150000,0,user_11,313,313,
7918,41,150000,0,user_16,313,313,
7951,42,150000,0,user_41,313,313,
7958,43,150000,0,user_46,313,313,
7962,44,150000,0,user_48,313,313,
7928,45,130000,0,user_21,313,313,
7927,46,120000,0,user_21,313,313,
7923,47,110000,49100,user_17,313,313,
7911,48,100000,0,user_13,313,313,
7899,49,85000,0,user_1,313,313,
7909,50,85000,0,user_11,313,313,
7917,51,85000,0,user_15,313,313,
7941,52,85000,0,user_35,313,313,
7936,53,82000,67900,user_28,313,313,
7915,54,79000,0,user_15,313,313,
7919,55,79000,84800,user_16,313,313,
7912,56,77000,0,user_14,313,313,
7947,57,77000,0,user_38,313,313,
8063,,85000,0,user_1,314,,
8064,,120000,195000,user_2,314,,
8065,,77000,0,user_4,314,,
8066,,3200000,0,user_5,314,,
8067,,4500000,0,user_6,314,,
8068,,870000,0,user_7,314,,
8069,,85000,0,user_8,314,,
8070,,2000000,0,user_8,314,,
8071,,5000000,0,user_10,314,,
8072,,160000,0,user_11,314,,
8073,,27000000,0,user_12,314,,
8074,,1600000,75000,user_13,314,,
8075,,360000,0,user_16,314,,
8076,,2000000,0,user_17,314,,
8077,,110000,0,user_19,314,,
8078,,2400000,0,user_20,314,,
8079,,630000,0,user_20,314,,
8080,,220000,0,user_21,314,,
8081,,420000,0,user_22,314,,
8082,,5000000,0,user_23,314,,
8083,,1100000,0,user_23,314,,
8084,,1400000,0,user_24,314,,
8085,,2500000,0,user_26,314,,
8086,,6300000,0,user_28,314,,
8087,,1000000,0,user_28,314,,
8088,,82000,0,user_29,314,,
8089,,260000,0,user_29,314,,
8090,,310000,0,user_30,314,,
8091,,79000,0,user_31,314,,
8092,,1400000,31700,user_31,314,,
8093,,630000,0,user_31,314,,
8094,,82000,0,user_31,314,,
8095,,670000,0,user_31,314,,
8096,,1600000,0,user_33,314,,
8097,,1000000,0,user_33,314,,
8098,,2000000,0,user_34,314,,
8099,,220000,0,user_35,314,,
8100,,1100000,0,user_36,314,,
8101,,1000000,0,user_38,314,,
8102,,870000,0,user_40,314,,
8103,,470000,0,user_41,314,,
8104,,170000,0,user_43,314,,
8105,,120000,322000,user_43,314,,
8106,,300000,0,user_43,314,,
8107,,320000,7190000,user_44,314,,
8108,,240000,0,user_45,314,,
8109,,98000,0,user_45,314,,
8110,,70000,15300,user_46,314,,
8111,,130000,410000,user_47,314,,
8112,,4200000,18600,user_49,314,,
8073,0,27000000,0,user_12,314,314,
8142,1,0,0,builder_4,314,314,8107
8107,2,320000,7190000,user_44,314,314,
8086,3,6300000,0,user_28,314,314,
8071,4,5000000,0,user_10,314,314,
8082,5,5000000,0,user_23,314,314,
8067,6,4500000,0,user_6,314,314,
8112,7,4200000,18600,user_49,314,314,
8143,8,0,0,builder_4,314,314,8112
8085,9,2500000,0,user_26,314,314,
8078,10,2400000,0,user_20,314,314,
8070,11,2000000,0,user_8,314,314,
8076,12,2000000,0,user_17,314,314,
8098,13,2000000,0,user_34,314,314,
8074,14,1600000,75000,user_13,314,314,
8144,15,0,0,builder_4,314,314,8074
8096,16,1600000,0,user_33,314,314,
8092,17,1400000,31700,user_31,314,314,
8145,18,0,0,builder_4,314,314,8092
8084,19,1400000,0,user_24,314,314,
8083,20,1100000,0,user_23,314,314,
8100,21,1100000,0,user_36,314,314,
8087,22,1000000,0,user_28,314,314,
8097,23,1000000,0,user_33,314,314,
8101,24,1000000,0,user_38,314,314,
8102,25,870000,0,user_40,314,314,
8095,26,670000,0,user_31,314,314,
8079,27,630000,0,user_20,314,314,
8093,28,630000,0,user_31,314,314,
8103,29,470000,0,user_41,314,314,
8105,30,120000,322000,user_43,314,314,
8146,31,0,0,builder_4,314,314,8105
8081,32,420000,0,user_22,314,314,
8075,33,360000,0,user_16,314,314,
8147,34,0,0,builder_4,314,314,8064
8064,35,120000,195000,user_2,314,314,
8090,36,310000,0,user_30,314,314,
8106,37,300000,0,user_43,314,314,
8089,38,260000,0,user_29,314,314,
8108,39,240000,0,user_45,314,314,
8080,40,220000,0,user_21,314,314,
8099,41,220000,0,user_35,314,314,
8104,42,170000,0,user_43,314,314,
8072,43,160000,0,user_11,314,314,
8077,44,110000,0,user_19,314,314,
8109,45,98000,0,user_45,314,314,
8110,46,70000,15300,user_46,314,314,
8148,47,0,0,builder_4,314,314,8110
8063,48,85000,0,user_1,314,314,
8069,49,85000,0,user_8,314,314,
8088,50,82000,0,user_29,314,314,
8094,51,82000,0,user_31,314,314,
8091,52,79000,0,user_31,314,314,
8065,53,77000,0,user_4,314,314,
8169,,470000,0,user_0,315,,
8170,,5000000,0,user_2,315,,
8171,,1500000,0,user_3,315,,
8172,,4500000,0,user_4,315,,
8173,,98000,0,user_6,315,,
8174,,79000,0,user_7,315,,
8175,,220000,49100,user_8,315,,
8176,,1500000,67900,user_10,315,,
8177,,1000000,4320000,user_10,315,,
8178,,1400000,0,user_12,315,,
8179,,470000,0,user_14,315,,
8180,,260000,0,user_15,315,,
8181,,1500000,0,user_17,315,,
8182,,150000,0,user_18,315,,
8183,,83000,0,user_20,315,,
8184,,150000,0,user_21,315,,
8185,,1400000,0,user_22,315,,
8186,,1100000,0,user_22,315,,
8187,,150000,0,user_22,315,,
8188,,1000000,0,user_23,315,,
8189,,240000,0,user_24,315,,
8190,,1600000,0,user_26,315,,
8191,,1500000,0,user_27,315,,
8192,,5000000,0,user_29,315,,
8193,,79000,0,user_30,315,,
8194,,2000000,0,user_31,315,,
8195,,130000,0,user_31,315,,
8196,,300000,0,user_32,315,,
8197,,630000,0,user_33,315,,
8198,,1500000,0,user_34,315,,
8199,,2500000,0,user_35,315,,
8200,,6300000,0,user_36,315,,
8201,,350000,0,user_37,315,,
8202,,1500000,0,user_38,315,,
8203,,1000000,0,user_40,315,,
8204,,870000,68100,user_42,315,,
8205,,170000,0,user_43,315,,
8206,,5200000,0,user_45,315,,
8207,,110000,0,user_45,315,,
8208,,170000,0,user_45,315,,
8209,,650000,0,user_45,315,,
8210,,84000,0,user_47,315,,
8211,,83000,0,user_48,315,,
8212,,530000,285000,user_48,315,,
8213,,2400000,0,user_49,315,,
8200,0,6300000,0,user_36,315,315,
8231,1,0,0,builder_4,315,315,8177
8177,2,1000000,4320000,user_10,315,315,
8206,3,5200000,0,user_45,315,315,
8170,4,5000000,0,user_2,315,315,
8192,5,5000000,0,user_29,315,315,
8172,6,4500000,0,user_4,315,315,
8199,7,2500000,0,user_35,315,315,
8213,8,2400000,0,user_49,315,315,
8194,9,2000000,0,user_31,315,315,
8190,10,1600000,0,user_26,315,315,
8176,11,1500000,67900,user_10,315,315,
8232,12,0,0,builder_4,315,315,8176
8171,13,1500000,0,user_3,315,315,
8181,14,1500000,0,user_17,315,315,
8191,15,1500000,0,user_27,315,315,
8198,16,1500000,0,user_34,315,315,
8202,17,1500000,0,user_38,315,315,
8178,18,1400000,0,user_12,315,315,
8185,19,1400000,0,user_22,315,315,
8186,20,1100000,0,user_22,315,315,
8188,21,1000000,0,user_23,315,315,
8203,22,1000000,0,user_40,315,315,
8204,23,870000,68100,user_42,315,315,
8233,24,0,0,builder_4,315,315,8204
8212,25,530000,285000,user_48,315,315,
8234,26,0,0,builder_4,315,315,8212
8209,27,650000,0,user_45,315,315,
8197,28,630000,0,user_33,315,315,
8169,29,470000,0,user_0,315,315,
8179,30,470000,0,user_14,315,315,
8201,31,350000,0,user_37,315,315,
8196,32,300000,0,user_32,315,315,
8235,33,0,0,builder_4,315,315,8175
8175,34,220000,49100,user_8,315,315,
8189,35,240000,0,user_24,315,315,
8205,36,170000,0,user_43,315,315,
8208,37,170000,0,user_45,315,315,
8182,38,150000,0,user_18,315,315,
8184,39,150000,0,user_21,315,315,
8187,40,150000,0,user_22,315,315,
8195,41,130000,0,user_31,315,315,
8207,42,110000,0,user_45,315,315,
8173,43,98000,0,user_6,315,315,
8183,44,83000,0,user_20,315,315,
8211,45,83000,0,user_48,315,315,
8193,46,79000,0,user_30,315,315,
8252,,82000,35600,user_0,316,,
8253,,150000,67900,user_0,316,,
8254,,170000,0,user_2,316,,
8255,,470000,0,user_3,316,,
8256,,260000,108000,user_4,316,,
8257,,150000,0,user_4,316,,
8258,,1000000,0,user_6,316,,
8259,,77000,0,user_6,316,,
8260,,30000000,0,user_8,316,,
8261,,120000,0,user_9,316,,
8262,,1800000,0,user_11,316,,
8263,,100000,0,user_11,316,,
8264,,110000,0,user_13,316,,
8265,,87000,23500,user_13,316,,
8266,,5200000,0,user_15,316,,
8267,,1800000,0,user_16,316,,
8268,,130000,0,user_18,316,,
8269,,1300000,0,user_18,316,,
8270,,220000,0,user_19,316,,
8271,,1600000,256000,user_20,316,,
8272,,220000,0,user_22,316,,
8273,,530000,410000,user_23,316,,
8274,,77000,0,user_23,316,,
8275,,2500000,0,user_24,316,,
8276,,1500000,12800,user_26,316,,
8277,,5200000,0,user_26,316,,
8278,,120000,0,user_26,316,,
8279,,1000000,0,user_26,316,,
8280,,1400000,33300,user_26,316,,
8281,,240000,0,user_27,316,,
8282,,470000,19700,user_27,316,,
8283,,19000000,0,user_27,316,,
8284,,2600000,0,user_27,316,,
8285,,340000,19700,user_27,316,,
8286,,3200000,0,user_28,316,,
8287,,1500000,0,user_29,316,,
8288,,190000,32900,user_29,316,,
8289,,2400000,0,user_29,316,,
8290,,310000,0,user_29,316,,
8291,,5200000,0,user_30,316,,
8292,,120000,0,user_31,316,,
8293,,82000,0,user_33,316,,
8294,,260000,0,user_35,316,,
8295,,2100000,0,user_35,316,,
8296,,220000,0,user_37,316,,
8297,,150000,0,user_38,316,,
8298,,160000,5630,user_38,316,,
8299,,300000,0,user_39,316,,
8300,,1900000,0,user_40,316,,
8301,,2300000,0,user_40,316,,
8302,,530000,0,user_41,316,,
8303,,87000,0,user_42,316,,
8304,,1400000,4320000,user_43,316,,
8305,,2100000,285000,user_44,316,,
8306,,5000000,0,user_47,316,,
8307,,110000,0,user_47,316,,
8308,,310000,0,user_49,316,,
8260,0,30000000,0,user_8,316,316,
8283,1,19000000,0,user_27,316,316,
8266,2,5200000,0,user_15,316,316,
8277,3,5200000,0,user_26,316,316,
8291,4,5200000,0,user_30,316,316,
8306,5,5000000,0,user_47,316,316,
8286,6,3200000,0,user_28,316,316,
8284,7,2600000,0,user_27,316,316,
8275,8,2500000,0,user_24,316,316,
8289,9,2400000,0,user_29,316,316,
8301,10,2300000,0,user_40,316,316,
8305,11,2100000,285000,user_44,316,316,
8300,12,1900000,0,user_40,316,316,
8267,13,1800000,0,user_16,316,316,
8271,14,1600000,256000,user_20,316,316,
8276,15,1500000,12800,user_26,316,316,
8287,16,1500000,0,user_29,316,316,
8280,17,1400000,33300,user_26,316,316,
8304,18,1400000,4320000,user_43,316,316,
8269,19,1300000,0,user_18,316,316,
8258,20,1000000,0,user_6,316,316,
8279,21,1000000,0,user_26,316,316,
8273,22,530000,410000,user_23,316,316,
8302,23,530000,0,user_41,316,316,
8282,24,470000,19700,user_27,316,316,
8285,25,340000,19700,user_27,316,316,
8290,26,310000,0,user_29,316,316,
8299,27,300000,0,user_39,316,316,
8256,28,260000,108000,user_4,316,316,
8281,29,240000,0,user_27,316,316,
8270,30,220000,0,user_19,316,316,
8272,31,220000,0,user_22,316,316,
8288,32,190000,32900,user_29,316,316,
8254,33,170000,0,user_2,316,316,
8298,34,160000,5630,user_38,316,316,
8253,35,150000,67900,user_0,316,316,
8257,36,150000,0,user_4,316,316,
8297,37,150000,0,user_38,316,316,
8268,38,130000,0,user_18,316,316,
8261,39,120000,0,user_9,316,316,
8278,40,120000,0,user_26,316,316,
8292,41,120000,0,user_31,316,316,
8264,42,110000,0,user_13,316,316,
8307,43,110000,0,user_47,316,316,
8265,44,87000,23500,user_13,316,316,
8303,45,87000,0,user_42,316,316,
8252,46,82000,35600,user_0,316,316,
8259,47,77000,0,user_6,316,316,
8274,48,77000,0,user_23,316,316,
8407,,98000,0,user_0,317,,
8408,,150000,0,user_1,317,,
8409,,83000,15300,user_1,317,,
8410,,4500000,0,user_1,317,,
8411,,3600000,0,user_5,317,,
8412,,160000,32900,user_6,317,,
8413,,970000,0,user_7,317,,
8414,,460000,100000,user_8,317,,
8415,,19000000,0,user_9,317,,
8416,,80000,0,user_10,317,,
8417,,1100000,0,user_11,317,,
8418,,6100000,0,user_14,317,,
8419,,4200000,0,user_14,317,,
8420,,87000,769000,user_17,317,,
8421,,340000,0,user_20,317,,
8422,,120000,0,user_21,317,,
8423,,83000,0,user_22,317,,
8424,,670000,0,user_23,317,,
8425,,600000,0,user_23,317,,
8426,,630000,0,user_24,317,,
8427,,150000,0,user_25,317,,
8428,,30000000,39400,user_26,317,,
8429,,70000,0,user_28,317,,
8430,,4500000,0,user_30,317,,
8431,,2000000,0,user_31,317,,
8432,,1100000,0,user_31,317,,
8433,,170000,0,user_31,317,,
8434,,1100000,11200,user_32,317,,
8435,,310000,46500,user_33,317,,
8436,,5000000,49100,user_35,317,,
8437,,660000,215000,user_36,317,,
8438,,1500000,0,user_36,317,,
8439,,87000,108000,user_37,317,,
8440,,3500000,0,user_37,317,,
8441,,370000,0,user_38,317,,
8442,,1200000,231000,user_40,317,,
8443,,98000,0,user_41,317,,
8444,,3500000,0,user_41,317,,
8445,,1000000,0,user_41,317,,
8446,,460000,0,user_41,317,,
8447,,1500000,0,user_41,317,,
8448,,82000,0,user_42,317,,
8449,,30000000,0,user_44,317,,
8450,,660000,0,user_45,317,,
8451,,120000,0,user_47,317,,
8452,,1600000,0,user_47,317,,
8453,,460000,35600,user_48,317,,
8428,0,30000000,39400,user_26,317,317,
8449,1,30000000,0,user_44,317,317,
8415,2,19000000,0,user_9,317,317,
8418,3,6100000,0,user_14,317,317,
8436,4,5000000,49100,user_35,317,317,
8410,5,4500000,0,user_1,317,317,
8430,6,4500000,0,user_30,317,317,
8419,7,4200000,0,user_14,317,317,
8411,8,3600000,0,user_5,317,317,
8444,9,3500000,0,user_41,317,317,
8431,10,2000000,0,user_31,317,317,
8452,11,1600000,0,user_47,317,317,
8438,12,1500000,0,user_36,317,317,
8447,13,1500000,0,user_41,317,317,
8442,14,1200000,231000,user_40,317,317,
8417,15,1100000,0,user_11,317,317,
8432,16,1100000,0,user_31,317,317,
8434,17,1100000,11200,user_32,317,317,
8445,18,1000000,0,user_41,317,317,
8413,19,970000,0,user_7,317,317,
8424,20,670000,0,user_23,317,317,
8437,21,660000,215000,user_36,317,317,
8426,22,630000,0,user_24,317,317,
8425,23,600000,0,user_23,317,317,
8414,24,460000,100000,user_8,317,317,
8446,25,460000,0,user_41,317,317,
8453,26,460000,35600,user_48,317,317,
8441,27,370000,0,user_38,317,317,
8421,28,340000,0,user_20,317,317,
8435,29,310000,46500,user_33,317,317,
8433,30,170000,0,user_31,317,317,
8412,31,160000,32900,user_6,317,317,
8408,32,150000,0,user_1,317,317,
8422,33,120000,0,user_21,317,317,
8451,34,120000,0,user_47,317,317,
8443,35,98000,0,user_41,317,317,
8409,36,83000,15300,user_1,317,317,
8423,37,83000,0,user_22,317,317,
8448,38,82000,0,user_42,317,317,
8416,39,80000,0,user_10,317,317,
8429,40,70000,0,user_28,317,317,
8540,,82000,0,user_0,318,,
8541,,1600000,33100,user_0,318,,
8542,,120000,13800,user_0,318,,
8543,,2600000,0,user_2,318,,
8544,,2000000,0,user_4,318,,
8545,,150000,0,user_5,318,,
8546,,340000,0,user_6,318,,
8547,,30000000,10700,user_8,318,,
8548,,170000,21800,user_9,318,,
8549,,910000,0,user_9,318,,
8550,,660000,0,user_10,318,,
8551,,3600000,0,user_11,318,,
8552,,2000000,0,user_13,318,,
8553,,4200000,0,user_15,318,,
8554,,120000,0,user_16,318,,
8555,,1600000,35100,user_17,318,,
8556,,6300000,0,user_18,318,,
8557,,83000,0,user_18,318,,
8558,,6100000,7190000,user_20,318,,
8559,,1400000,0,user_20,318,,
8560,,160000,0,user_21,318,,
8561,,120000,0,user_22,318,,
8562,,260000,0,user_23,318,,
8563,,3500000,0,user_24,318,,
8564,,1300000,121000,user_24,318,,
8565,,360000,12300,user_25,318,,
8566,,120000,100000,user_25,318,,
8567,,120000,0,user_26,318,,
8568,,3200000,0,user_28,318,,
8569,,160000,16400,user_28,318,,
8570,,43000000,0,user_30,318,,
8571,,160000,0,user_30,318,,
8572,,150000,381000,user_31,318,,
8573,,110000,0,user_32,318,,
8574,,85000,108000,user_33,318,,
8575,,4500000,0,user_33,318,,
8576,,1900000,0,user_33,318,,
8577,,82000,0,user_34,318,,
8578,,80000,0,user_35,318,,
8579,,1000000,0,user_36,318,,
8580,,84000,0,user_37,318,,
8581,,120000,0,user_37,318,,
8582,,220000,0,user_37,318,,
8583,,320000,0,user_37,318,,
8584,,260000,100000,user_37,318,,
8585,,110000,0,user_39,318,,
8586,,160000,0,user_39,318,,
8587,,1300000,0,user_39,318,,
8588,,910000,0,user_40,318,,
8589,,120000,0,user_41,318,,
8590,,110000,0,user_43,318,,
8591,,77000,0,user_44,318,,
8592,,870000,43600,user_45,318,,
8593,,360000,0,user_47,318,,
8594,,130000,0,user_49,318,,
8570,0,43000000,0,user_30,318,318,
8547,1,30000000,10700,user_8,318,318,
8556,2,6300000,0,user_18,318,318,
8558,3,6100000,7190000,user_20,318,318,
8575,4,4500000,0,user_33,318,318,
8553,5,4200000,0,user_15,318,318,
8551,6,3600000,0,user_11,318,318,
8563,7,3500000,0,user_24,318,318,
8568,8,3200000,0,user_28,318,318,
8543,9,2600000,0,user_2,318,318,
8544,10,2000000,0,user_4,318,318,
8552,11,2000000,0,user_13,318,318,
8576,12,1900000,0,user_33,318,318,
8541,13,1600000,33100,user_0,318,318,
8555,14,1600000,35100,user_17,318,318,
8559,15,1400000,0,user_20,318,318,
8564,16,1300000,121000,user_24,318,318,
8587,17,1300000,0,user_39,318,318,
8588,18,910000,0,user_40,318,318,
8592,19,870000,43600,user_45,318,318,
8565,20,360000,12300,user_25,318,318,
8593,21,360000,0,user_47,318,318,
8546,22,340000,0,user_6,318,318,
8583,23,320000,0,user_37,318,318,
8562,24,260000,0,user_23,318,318,
8584,25,260000,100000,user_37,318,318,
8582,26,220000,0,user_37,318,318,
8560,27,160000,0,user_21,318,318,
8569,28,160000,16400,user_28,318,318,
8571,29,160000,0,user_30,318,318,
8586,30,160000,0,user_39,318,318,
8572,31,150000,381000,user_31,318,318,
8594,32,130000,0,user_49,318,318,
8542,33,120000,13800,user_0,318,318,
8554,34,120000,0,user_16,318,318,
8561,35,120000,0,user_22,318,318,
8566,36,120000,100000,user_25,318,318,
8567,37,120000,0,user_26,318,318,
8581,38,120000,0,user_37,318,318,
8589,39,120000,0,user_41,318,318,
8573,40,110000,0,user_32,318,318,
8585,41,110000,0,user_39,318,318,
8590,42,110000,0,user_43,318,318,
8574,43,85000,108000,user_33,318,318,
8580,44,84000,0,user_37,318,318,
8557,45,83000,0,user_18,318,318,
8540,46,82000,0,user_0,318,318,
8577,47,82000,0,user_34,318,318,
8578,48,80000,0,user_35,318,318,
8591,49,77000,0,user_44,318,318,
8698,,160000,0,user_1,319,,
8699,,300000,12300,user_2,319,,
8700,,340000,0,user_3,319,,
8701,,150000,0,user_3,319,,
8702,,1800000,0,user_4,319,,
8703,,1000000,0,user_4,319,,
8704,,260000,0,user_6,319,,
8705,,420000,0,user_8,319,,
8706,,630000,0,user_9,319,,
8707,,100000,0,user_11,319,,
8708,,43000000,0,user_12,319,,
8709,,910000,0,user_13,319,,
8710,,120000,0,user_13,319,,
8711,,1100000,0,user_14,319,,
8712,,660000,0,user_15,319,,
8713,,110000,0,user_15,319,,
8714,,2400000,0,user_15,319,,
8715,,1600000,0,user_15,319,,
8716,,420000,5640,user_15,319,,
8717,,150000,0,user_18,319,,
8718,,1100000,0,user_18,319,,
8719,,170000,0,user_18,319,,
8720,,2100000,0,user_18,319,,
8721,,670000,36800,user_18,319,,
8722,,6300000,231000,user_19,319,,
8723,,420000,0,user_19,319,,
8724,,1300000,0,user_21,319,,
8725,,2300000,0,user_22,319,,
8726,,150000,0,user_23,319,,
8727,,260000,0,user_25,319,,
8728,,910000,0,user_26,319,,
8729,,4500000,0,user_28,319,,
8730,,660000,0,user_28,319,,
8731,,1000000,0,user_29,319,,
8732,,2600000,0,user_30,319,,
8733,,110000,0,user_30,319,,
8734,,3600000,0,user_31,319,,
8735,,6300000,12800,user_31,319,,
8736,,87000,146000,user_33,319,,
8737,,30000000,12300,user_34,319,,
8738,,1000000,0,user_36,319,,
8739,,220000,0,user_36,319,,
8740,,110000,0,user_36,319,,
8741,,1500000,0,user_36,319,,
8742,,19000000,369000,user_36,319,,
8743,,170000,73100,user_37,319,,
8744,,670000,0,user_38,319,,
8745,,170000,12300,user_39,319,,
8746,,82000,0,user_40,319,,
8747,,1000000,0,user_41,319,,
8748,,130000,67500,user_42,319,,
8749,,150000,0,user_43,319,,
8750,,120000,0,user_44,319,,
8751,,420000,0,user_45,319,,
8752,,1800000,24700,user_46,319,,
8753,,100000,0,user_48,319,,
8754,,1600000,0,user_49,319,,
8708,0,43000000,0,user_12,319,319,
8737,1,30000000,12300,user_34,319,319,
8785,2,0,0,builder_3,319,319,8737
8786,3,0,0,builder_3,319,319,8742
8742,4,19000000,369000,user_36,319,319,
8787,5,0,0,builder_3,319,319,8722
8722,6,6300000,231000,user_19,319,319,
8788,7,0,0,builder_3,319,319,8735
8735,8,6300000,12800,user_31,319,319,
8729,9,4500000,0,user_28,319,319,
8734,10,3600000,0,user_31,319,319,
8732,11,2600000,0,user_30,319,319,
8714,12,2400000,0,user_15,319,319,
8725,13,2300000,0,user_22,319,319,
8720,14,2100000,0,user_18,319,319,
8789,15,0,0,builder_3,319,319,8752
8752,16,1800000,24700,user_46,319,319,
8702,17,1800000,0,user_4,319,319,
8715,18,1600000,0,user_15,319,319,
8754,19,1600000,0,user_49,319,319,
8741,20,1500000,0,user_36,319,319,
8724,21,1300000,0,user_21,319,319,
8711,22,1100000,0,user_14,319,319,
8718,23,1100000,0,user_18,319,319,
8703,24,1000000,0,user_4,319,319,
8731,25,1000000,0,user_29,319,319,
8738,26,1000000,0,user_36,319,319,
8747,27,1000000,0,user_41,319,319,
8709,28,910000,0,user_13,319,319,
8728,29,910000,0,user_26,319,319,
8790,30,0,0,builder_3,319,319,8721
8721,31,670000,36800,user_18,319,319,
8744,32,670000,0,user_38,319,319,
8712,33,660000,0,user_15,319,319,
8730,34,660000,0,user_28,319,319,
8791,35,0,0,builder_3,319,319,8716
8716,36,420000,5640,user_15,319,319,
8723,37,420000,0,user_19,319,319,
8751,38,420000,0,user_45,319,319,
8700,39,340000,0,user_3,319,319,
8792,40,0,0,builder_3,319,319,8699
8699,41,300000,12300,user_2,319,319,
8793,42,0,0,builder_3,319,319,8743
8743,43,170000,73100,user_37,319,319,
8736,44,87000,146000,user_33,319,319,
8794,45,0,0,builder_3,319,319,8736
8739,46,220000,0,user_36,319,319,
8795,47,0,0,builder_3,319,319,8748
8748,48,130000,67500,user_42,319,319,
8745,49,170000,12300,user_39,319,319,
8796,50,0,0,builder_3,319,319,8745
8719,51,170000,0,user_18,319,319,
8701,52,150000,0,user_3,319,319,
8717,53,150000,0,user_18,319,319,
8726,54,150000,0,user_23,319,319,
8749,55,150000,0,user_43,319,319,
8710,56,120000,0,user_13,319,319,
8750,57,120000,0,user_44,319,319,
8713,58,110000,0,user_15,319,319,
8733,59,110000,0,user_30,319,319,
8740,60,110000,0,user_36,319,319,
8707,61,100000,0,user_11,319,319,
8753,62,100000,0,user_48,319,319,
8746,63,82000,0,user_40,319,319,
8842,,110000,13900,user_0,320,,
8843,,30000000,0,user_0,320,,
8844,,910000,0,user_0,320,,
8845,,1500000,0,user_2,320,,
8846,,98000,381000,user_3,320,,
8847,,83000,0,user_3,320,,
8848,,27000000,779000,user_3,320,,
8849,,650000,0,user_3,320,,
8850,,420000,0,user_4,320,,
8851,,5000000,17700000,user_5,320,,
8852,,660000,0,user_8,320,,
8853,,82000,0,user_9,320,,
8854,,1300000,5180,user_9,320,,
8855,,340000,0,user_11,320,,
8856,,4200000,0,user_12,320,,
8857,,170000,0,user_12,320,,
8858,,3200000,0,user_13,320,,
8859,,1100000,0,user_13,320,,
8860,,27000000,0,user_14,320,,
8861,,170000,0,user_14,320,,
8862,,100000,0,user_16,320,,
8863,,600000,0,user_17,320,,
8864,,4200000,0,user_18,320,,
8865,,1400000,0,user_19,320,,
8866,,5000000,0,user_19,320,,
8867,,1800000,0,user_19,320,,
8868,,460000,0,user_19,320,,
8869,,2600000,0,user_20,320,,
8870,,1700000,594000,user_21,320,,
8871,,3500000,0,user_21,320,,
8872,,310000,296000,user_22,320,,
8873,,30000000,0,user_22,320,,
8874,,190000,0,user_25,320,,
8875,,650000,10700,user_27,320,,
8876,,110000,0,user_28,320,,
8877,,220000,0,user_29,320,,
8878,,1400000,0,user_29,320,,
8879,,3600000,0,user_29,320,,
8880,,120000,42000,user_32,320,,
8881,,2600000,0,user_32,320,,
8882,,5000000,0,user_33,320,,
8883,,2600000,0,user_34,320,,
8884,,77000,0,user_35,320,,
8885,,19000000,0,user_35,320,,
8886,,27000000,0,user_36,320,,
8887,,630000,0,user_37,320,,
8888,,110000,0,user_40,320,,
8889,,600000,0,user_41,320,,
8890,,1500000,0,user_43,320,,
8891,,1400000,0,user_44,320,,
8892,,340000,0,user_44,320,,
8893,,340000,0,user_46,320,,
8894,,3500000,84800,user_46,320,,
8895,,220000,0,user_48,320,,
8896,,2300000,13900,user_48,320,,
8843,0,30000000,0,user_0,320,320,
8873,1,30000000,0,user_22,320,320,
8924,2,0,0,builder_3,320,320,8848
8848,3,27000000,779000,user_3,320,320,
8860,4,27000000,0,user_14,320,320,
8886,5,27000000,0,user_36,320,320,
8851,6,5000000,17700000,user_5,320,320,
8925,7,0,0,builder_3,320,320,8851
8885,8,19000000,0,user_35,320,320,
8866,9,5000000,0,user_19,320,320,
8882,10,5000000,0,user_33,320,320,
8856,11,4200000,0,user_12,320,320,
8864,12,4200000,0,user_18,320,320,
8879,13,3600000,0,user_29,320,320,
8926,14,0,0,builder_3,320,320,8894
8894,15,3500000,84800,user_46,320,320,
8871,16,3500000,0,user_21,320,320,
8858,17,3200000,0,user_13,320,320,
8869,18,2600000,0,user_20,320,320,
8881,19,2600000,0,user_32,320,320,
8883,20,2600000,0,user_34,320,320,
8896,21,2300000,13900,user_48,320,320,
8927,22,0,0,builder_3,320,320,8896
8928,23,0,0,builder_3,320,320,8870
8870,24,1700000,594000,user_21,320,320,
8867,25,1800000,0,user_19,320,320,
8845,26,1500000,0,user_2,320,320,
8890,27,1500000,0,user_43,320,320,
8865,28,1400000,0,user_19,320,320,
8878,29,1400000,0,user_29,320,320,
8891,30,1400000,0,user_44,320,320,
8859,31,1100000,0,user_13,320,320,
8844,32,910000,0,user_0,320,320,
8849,33,650000,0,user_3,320,320,
8887,34,630000,0,user_37,320,320,
8929,35,0,0,builder_3,320,320,8872
8872,36,310000,296000,user_22,320,320,
8863,37,600000,0,user_17,320,320,
8889,38,600000,0,user_41,320,320,
8930,39,0,0,builder_3,320,320,8846
8846,40,98000,381000,user_3,320,320,
8868,41,460000,0,user_19,320,320,
8850,42,420000,0,user_4,320,320,
8855,43,340000,0,user_11,320,320,
8892,44,340000,0,user_44,320,320,
8893,45,340000,0,user_46,320,320,
8877,46,220000,0,user_29,320,320,
8895,47,220000,0,user_48,320,320,
8857,48,170000,0,user_12,320,320,
8861,49,170000,0,user_14,320,320,
8880,50,120000,42000,user_32,320,320,
8931,51,0,0,builder_3,320,320,8880
8842,52,110000,13900,user_0,320,320,
8932,53,0,0,builder_3,320,320,8842
8876,54,110000,0,user_28,320,320,
8888,55,110000,0,user_40,320,320,
8847,56,83000,0,user_3,320,320,
8884,57,77000,0,user_35,320,320,
8977,,110000,0,user_1,321,,
8978,,120000,0,user_1,321,,
8979,,310000,18600,user_1,321,,
8980,,1000000,56200,user_1,321,,
8981,,1500000,0,user_1,321,,
8982,,82000,0,user_2,321,,
8983,,320000,0,user_3,321,,
8984,,670000,0,user_4,321,,
8985,,6100000,381000,user_7,321,,
8986,,2500000,0,user_7,321,,
8987,,3600000,0,user_7,321,,
8988,,1400000,24700,user_9,321,,
8989,,150000,0,user_9,321,,
8990,,2000000,0,user_10,321,,
8991,,350000,0,user_10,321,,
8992,,77000,0,user_10,321,,
8993,,2600000,283000,user_10,321,,
8994,,320000,0,user_10,321,,
8995,,3600000,12300,user_12,321,,
8996,,6100000,0,user_13,321,,
8997,,2400000,0,user_14,321,,
8998,,5200000,0,user_15,321,,
8999,,27000000,0,user_16,321,,
9000,,6100000,0,user_17,321,,
9001,,79000,67900,user_18,321,,
9002,,340000,0,user_19,321,,
9003,,1600000,0,user_20,321,,
9004,,650000,0,user_21,321,,
9005,,1900000,0,user_23,321,,
9006,,2000000,0,user_24,321,,
9007,,30000000,0,user_24,321,,
9008,,2000000,0,user_24,321,,
9009,,2600000,0,user_25,321,,
9010,,310000,0,user_25,321,,
9011,,19000000,0,user_25,321,,
9012,,870000,0,user_26,321,,
9013,,300000,0,user_28,321,,
9014,,300000,0,user_31,321,,
9015,,130000,0,user_31,321,,
9016,,19000000,0,user_31,321,,
9017,,1400000,0,user_31,321,,
9018,,84000,0,user_34,321,,
9019,,350000,0,user_34,321,,
9020,,1800000,594000,user_35,321,,
9021,,630000,0,user_35,321,,
9022,,240000,0,user_36,321,,
9023,,870000,0,user_36,321,,
9024,,1100000,0,user_37,321,,
9025,,630000,0,user_38,321,,
9026,,160000,0,user_38,321,,
9027,,240000,15300,user_39,321,,
9028,,170000,0,user_41,321,,
9029,,300000,0,user_41,321,,
9030,,100000,0,user_41,321,,
9031,,1900000,0,user_41,321,,
9032,,1600000,0,user_41,321,,
9033,,660000,67500,user_42,321,,
9034,,77000,0,user_43,321,,
9035,,310000,0,user_44,321,,
9036,,300000,410000,user_44,321,,
9037,,420000,0,user_45,321,,
9038,,110000,0,user_45,321,,
9039,,220000,0,user_47,321,,
9040,,83000,0,user_47,321,,
9041,,150000,0,user_49,321,,
9007,0,30000000,0,user_24,321,321,
8999,1,27000000,0,user_16,321,321,
9011,2,19000000,0,user_25,321,321,
9016,3,19000000,0,user_31,321,321,
8985,4,6100000,381000,user_7,321,321,
8996,5,6100000,0,user_13,321,321,
9000,6,6100000,0,user_17,321,321,
8998,7,5200000,0,user_15,321,321,
8987,8,3600000,0,user_7,321,321,
8995,9,3600000,12300,user_12,321,321,
8993,10,2600000,283000,user_10,321,321,
9009,11,2600000,0,user_25,321,321,
8986,12,2500000,0,user_7,321,321,
8997,13,2400000,0,user_14,321,321,
8990,14,2000000,0,user_10,321,321,
9006,15,2000000,0,user_24,321,321,
9008,16,2000000,0,user_24,321,321,
9005,17,1900000,0,user_23,321,321,
9031,18,1900000,0,user_41,321,321,
9003,19,1600000,0,user_20,321,321,
9032,20,1600000,0,user_41,321,321,
8981,21,1500000,0,user_1,321,321,
8988,22,1400000,24700,user_9,321,321,
9017,23,1400000,0,user_31,321,321,
8980,24,1000000,56200,user_1,321,321,
9012,25,870000,0,user_26,321,321,
8984,26,670000,0,user_4,321,321,
9033,27,660000,67500,user_42,321,321,
9004,28,650000,0,user_21,321,321,
9025,29,630000,0,user_38,321,321,
9037,30,420000,0,user_45,321,321,
8991,31,350000,0,user_10,321,321,
9019,32,350000,0,user_34,321,321,
9002,33,340000,0,user_19,321,321,
8994,34,320000,0,user_10,321,321,
8979,35,310000,18600,user_1,321,321,
9010,36,310000,0,user_25,321,321,
9035,37,310000,0,user_44,321,321,
9013,38,300000,0,user_28,321,321,
9014,39,300000,0,user_31,321,321,
9029,40,300000,0,user_41,321,321,
9036,41,300000,410000,user_44,321,321,
9027,42,240000,15300,user_39,321,321,
9039,43,220000,0,user_47,321,321,
9028,44,170000,0,user_41,321,321,
9026,45,160000,0,user_38,321,321,
8989,46,150000,0,user_9,321,321,
9015,47,130000,0,user_31,321,321,
8978,48,120000,0,user_1,321,321,
8977,49,110000,0,user_1,321,321,
9038,50,110000,0,user_45,321,321,
9030,51,100000,0,user_41,321,321,
9018,52,84000,0,user_34,321,321,
9040,53,83000,0,user_47,321,321,
8982,54,82000,0,user_2,321,321,
9001,55,79000,67900,user_18,321,321,
8992,56,77000,0,user_10,321,321,
9034,57,77000,0,user_43,321,321,
9118,,2600000,64600,user_1,322,,
9119,,420000,36800,user_1,322,,
9120,,1600000,0,user_2,322,,
9121,,600000,0,user_3,322,,
9122,,3500000,0,user_3,322,,
9123,,1600000,0,user_6,322,,
9124,,3200000,0,user_7,322,,
9125,,110000,195000,user_8,322,,
9126,,2000000,0,user_10,322,,
9127,,120000,0,user_10,322,,
9128,,310000,0,user_12,322,,
9129,,150000,0,user_13,322,,
9130,,1600000,545000,user_14,322,,
9131,,190000,0,user_16,322,,
9132,,1800000,0,user_17,322,,
9133,,120000,16400,user_20,322,,
9134,,190000,0,user_20,322,,
9135,,1500000,0,user_23,322,,
9136,,80000,0,user_25,322,,
9137,,470000,0,user_27,322,,
9138,,530000,0,user_28,322,,
9139,,70000,10700,user_28,322,,
9140,,220000,0,user_28,322,,
9141,,340000,0,user_28,322,,
9142,,220000,0,user_29,322,,
9143,,3600000,0,user_30,322,,
9144,,460000,0,user_32,322,,
9145,,77000,0,user_33,322,,
9146,,98000,0,user_35,322,,
9147,,310000,0,user_35,322,,
9148,,150000,0,user_37,322,,
9149,,1600000,0,user_38,322,,
9150,,1500000,0,user_39,322,,
9151,,1600000,0,user_40,322,,
9152,,4200000,0,user_43,322,,
9153,,120000,0,user_44,322,,
9154,,4200000,0,user_44,322,,
9155,,660000,0,user_46,322,,
9156,,1300000,0,user_47,322,,
9157,,6100000,0,user_47,322,,
9158,,98000,0,user_48,322,,
9159,,120000,0,user_49,322,,
9157,0,6100000,0,user_47,322,322,
9152,1,4200000,0,user_43,322,322,
9154,2,4200000,0,user_44,322,322,
9143,3,3600000,0,user_30,322,322,
9122,4,3500000,0,user_3,322,322,
9124,5,3200000,0,user_7,322,322,
9118,6,2600000,64600,user_1,322,322,
9160,7,0,0,builder_0,322,322,9118
9161,8,0,0,builder_0,322,322,9130
9130,9,1600000,545000,user_14,322,322,
9126,10,2000000,0,user_10,322,322,
9132,11,1800000,0,user_17,322,322,
9120,12,1600000,0,user_2,322,322,
9123,13,1600000,0,user_6,322,322,
9149,14,1600000,0,user_38,322,322,
9151,15,1600000,0,user_40,322,322,
9135,16,1500000,0,user_23,322,322,
9156,17,1300000,0,user_47,322,322,
9155,18,660000,0,user_46,322,322,
9121,19,600000,0,user_3,322,322,
9138,20,530000,0,user_28,322,322,
9137,21,470000,0,user_27,322,322,
9144,22,460000,0,user_32,322,322,
9119,23,420000,36800,user_1,322,322,
9162,24,0,0,builder_0,322,322,9119
9141,25,340000,0,user_28,322,322,
9147,26,310000,0,user_35,322,322,
9125,27,110000,195000,user_8,322,322,
9163,28,0,0,builder_0,322,322,9125
9140,29,220000,0,user_28,322,322,
9142,30,220000,0,user_29,322,322,
9131,31,190000,0,user_16,322,322,
9134,32,190000,0,user_20,322,322,
9129,33,150000,0,user_13,322,322,
9148,34,150000,0,user_37,322,322,
9164,35,0,0,builder_0,322,322,9133
9133,36,120000,16400,user_20,322,322,
9127,37,120000,0,user_10,322,322,
9153,38,120000,0,user_44,322,322,
9159,39,120000,0,user_49,322,322,
9146,40,98000,0,user_35,322,322,
9158,41,98000,0,user_48,322,322,
9139,42,70000,10700,user_28,322,322,
9165,43,0,0,builder_0,322,322,9139
9136,44,80000,0,user_25,322,322,
9145,45,77000,0,user_33,322,322,
9201,,130000,0,user_0,323,,
9202,,19000000,0,user_0,323,,
9203,,27000000,256000,user_1,323,,
9204,,3600000,0,user_3,323,,
9205,,470000,0,user_4,323,,
9206,,1300000,4320000,user_5,323,,
9207,,190000,0,user_6,323,,
9208,,220000,0,user_7,323,,
9209,,260000,0,user_8,323,,
9210,,1200000,0,user_9,323,,
9211,,83000,0,user_10,323,,
9212,,5000000,0,user_11,323,,
9213,,420000,0,user_13,323,,
9214,,1400000,0,user_13,323,,
9215,,82000,0,user_15,323,,
9216,,1000000,0,user_15,323,,
9217,,160000,0,user_15,323,,
9218,,420000,0,user_15,323,,
9219,,1100000,84800,user_15,323,,
9220,,4500000,0,user_16,323,,
9221,,1700000,23500,user_18,323,,
9222,,2000000,0,user_20,323,,
9223,,150000,350000,user_21,323,,
9224,,370000,0,user_22,323,,
9225,,460000,0,user_23,323,,
9226,,84000,0,user_25,323,,
9227,,1400000,0,user_25,323,,
9228,,2400000,0,user_25,323,,
9229,,670000,13800,user_25,323,,
9230,,320000,0,user_28,323,,
9231,,420000,0,user_28,323,,
9232,,2300000,0,user_29,323,,
9233,,970000,0,user_30,323,,
9234,,77000,0,user_30,323,,
9235,,220000,0,user_31,323,,
9236,,300000,0,user_31,323,,
9237,,73000,0,user_32,323,,
9238,,460000,0,user_32,323,,
9239,,1500000,0,user_32,323,,
9240,,150000,381000,user_32,323,,
9241,,650000,108000,user_32,323,,
9242,,1000000,0,user_33,323,,
9243,,460000,0,user_35,323,,
9244,,110000,0,user_36,323,,
9245,,1600000,16400,user_37,323,,
9246,,240000,0,user_37,323,,
9247,,870000,0,user_39,323,,
9248,,1100000,0,user_40,323,,
9249,,150000,0,user_40,323,,
9250,,420000,0,user_42,323,,
9251,,160000,0,user_44,323,,
9252,,3500000,5630,user_46,323,,
9203,0,27000000,256000,user_1,323,323,
9202,1,19000000,0,user_0,323,323,
9212,2,5000000,0,user_11,323,323,
9220,3,4500000,0,user_16,323,323,
9204,4,3600000,0,user_3,323,323,
9252,5,3500000,5630,user_46,323,323,
9228,6,2400000,0,user_25,323,323,
9232,7,2300000,0,user_29,323,323,
9222,8,2000000,0,user_20,323,323,
9221,9,1700000,23500,user_18,323,323,
9245,10,1600000,16400,user_37,323,323,
9239,11,1500000,0,user_32,323,323,
9214,12,1400000,0,user_13,323,323,
9227,13,1400000,0,user_25,323,323,
9219,14,1100000,84800,user_15,323,323,
9248,15,1100000,0,user_40,323,323,
9216,16,1000000,0,user_15,323,323,
9242,17,1000000,0,user_33,323,323,
9233,18,970000,0,user_30,323,323,
9247,19,870000,0,user_39,323,323,
9229,20,670000,13800,user_25,323,323,
9241,21,650000,108000,user_32,323,323,
9205,22,470000,0,user_4,323,323,
9225,23,460000,0,user_23,323,323,
9238,24,460000,0,user_32,323,323,
9243,25,460000,0,user_35,323,323,
9213,26,420000,0,user_13,323,323,
9218,27,420000,0,user_15,323,323,
9231,28,420000,0,user_28,323,323,
9250,29,420000,0,user_42,323,323,
9224,30,370000,0,user_22,323,323,
9230,31,320000,0,user_28,323,323,
9236,32,300000,0,user_31,323,323,
9209,33,260000,0,user_8,323,323,
9246,34,240000,0,user_37,323,323,
9208,35,220000,0,user_7,323,323,
9235,36,220000,0,user_31,323,323,
9207,37,190000,0,user_6,323,323,
9217,38,160000,0,user_15,323,323,
9251,39,160000,0,user_44,323,323,
9223,40,150000,350000,user_21,323,323,
9240,41,150000,381000,user_32,323,323,
9249,42,150000,0,user_40,323,323,
9201,43,130000,0,user_0,323,323,
9226,44,84000,0,user_25,323,323,
9215,45,82000,0,user_15,323,323,
9234,46,77000,0,user_30,323,323,
9237,47,73000,0,user_32,323,323,
4961,,1200000,0,user_0,324,,
4962,,2400000,0,user_1,324,,
4963,,650000,7190000,user_2,324,,
4964,,87000,0,user_3,324,,
4965,,670000,0,user_4,324,,
4966,,3200000,0,user_5,324,,
4967,,80000,0,user_5,324,,
4968,,3200000,0,user_6,324,,
4969,,670000,0,user_7,324,,
4970,,470000,0,user_8,324,,
4971,,82000,0,user_9,324,,
4972,,260000,0,user_9,324,,
4973,,420000,0,user_10,324,,
4974,,80000,0,user_12,324,,
4975,,350000,0,user_13,324,,
4976,,1300000,0,user_14,324,,
4977,,220000,0,user_15,324,,
4978,,5000000,64600,user_16,324,,
4979,,670000,0,user_18,324,,
4980,,2000000,0,user_21,324,,
4981,,420000,0,user_21,324,,
4982,,1700000,0,user_22,324,,
4983,,660000,0,user_23,324,,
4984,,3500000,0,user_24,324,,
4985,,160000,0,user_25,324,,
4986,,2500000,0,user_26,324,,
4987,,1500000,0,user_27,324,,
4988,,460000,0,user_29,324,,
4989,,100000,0,user_29,324,,
4990,,1000000,0,user_30,324,,
4991,,120000,0,user_30,324,,
4992,,1000000,0,user_31,324,,
4993,,84000,0,user_32,324,,
4994,,150000,195000,user_34,324,,
4995,,670000,0,user_34,324,,
4996,,670000,0,user_35,324,,
4997,,3500000,0,user_36,324,,
4998,,1500000,0,user_39,324,,
4999,,80000,0,user_40,324,,
5000,,1000000,0,user_41,324,,
5001,,1000000,0,user_42,324,,
5002,,470000,0,user_42,324,,
5003,,1500000,0,user_43,324,,
5004,,73000,11200,user_44,324,,
5005,,310000,0,user_45,324,,
5006,,970000,0,user_46,324,,
5007,,1000000,0,user_48,324,,
5008,,1400000,0,user_49,324,,
5016,0,0,0,builder_2,324,324,4963
4963,1,650000,7190000,user_2,324,324,
4978,2,5000000,64600,user_16,324,324,
5017,3,0,0,builder_2,324,324,4978
4984,4,3500000,0,user_24,324,324,
4997,5,3500000,0,user_36,324,324,
4966,6,3200000,0,user_5,324,324,
4968,7,3200000,0,user_6,324,324,
4986,8,2500000,0,user_26,324,324,
4962,9,2400000,0,user_1,324,324,
4980,10,2000000,0,user_21,324,324,
4982,11,1700000,0,user_22,324,324,
4987,12,1500000,0,user_27,324,324,
4998,13,1500000,0,user_39,324,324,
5003,14,1500000,0,user_43,324,324,
5008,15,1400000,0,user_49,324,324,
4976,16,1300000,0,user_14,324,324,
4961,17,1200000,0,user_0,324,324,
4990,18,1000000,0,user_30,324,324,
4992,19,1000000,0,user_31,324,324,
5000,20,1000000,0,user_41,324,324,
5007,21,1000000,0,user_48,324,324,
5006,22,970000,0,user_46,324,324,
4995,23,670000,0,user_34,324,324,
4983,24,660000,0,user_23,324,324,
4970,25,470000,0,user_8,324,324,
4988,26,460000,0,user_29,324,324,
4973,27,420000,0,user_10,324,324,
4981,28,420000,0,user_21,324,324,
4975,29,350000,0,user_13,324,324,
4994,30,150000,195000,user_34,324,324,
5018,31,0,0,builder_2,324,324,4994
5005,32,310000,0,user_45,324,324,
4972,33,260000,0,user_9,324,324,
4977,34,220000,0,user_15,324,324,
4985,35,160000,0,user_25,324,324,
4991,36,120000,0,user_30,324,324,
4989,37,100000,0,user_29,324,324,
4964,38,87000,0,user_3,324,324,
4971,39,82000,0,user_9,324,324,
4967,40,80000,0,user_5,324,324,
4999,41,80000,0,user_40,324,324,
5037,,120000,779000,user_1,325,,
5038,,3600000,0,user_1,325,,
5039,,220000,0,user_2,325,,
5040,,4500000,0,user_3,325,,
5041,,600000,0,user_4,325,,
5042,,160000,0,user_4,325,,
5043,,1300000,0,user_4,325,,
5044,,310000,0,user_4,325,,
5045,,1300000,0,user_4,325,,
5046,,1300000,0,user_6,325,,
5047,,120000,0,user_7,325,,
5048,,5000000,0,user_7,325,,
5049,,1100000,0,user_7,325,,
5050,,150000,0,user_8,325,,
5051,,300000,0,user_9,325,,
5052,,320000,36800,user_11,325,,
5053,,460000,0,user_11,325,,
5054,,6300000,0,user_11,325,,
5055,,1400000,100000,user_11,325,,
5056,,650000,0,user_11,325,,
5057,,110000,0,user_14,325,,
5058,,260000,215000,user_15,325,,
5059,,110000,5630,user_16,325,,
5060,,160000,0,user_16,325,,
5061,,84000,0,user_16,325,,
5062,,2400000,47700,user_17,325,,
5063,,6100000,0,user_18,325,,
5064,,220000,0,user_18,325,,
5065,,670000,256000,user_18,325,,
5066,,630000,0,user_18,325,,
5067,,70000,0,user_19,325,,
5068,,2000000,0,user_20,325,,
5069,,1100000,0,user_22,325,,
5070,,120000,164000,user_23,325,,
5071,,170000,215000,user_25,325,,
5072,,110000,0,user_26,325,,
5073,,2600000,0,user_28,325,,
5074,,3600000,0,user_29,325,,
5075,,6100000,49100,user_31,325,,
5076,,870000,0,user_31,325,,
5077,,120000,0,user_33,325,,
5078,,260000,0,user_37,325,,
5079,,220000,0,user_37,325,,
5080,,70000,296000,user_38,325,,
5081,,110000,0,user_38,325,,
5082,,4200000,410000,user_39,325,,
5083,,360000,0,user_39,325,,
5084,,120000,56200,user_39,325,,
5085,,220000,0,user_39,325,,
5086,,360000,0,user_41,325,,
5087,,100000,0,user_42,325,,
5088,,77000,0,user_43,325,,
5089,,150000,0,user_44,325,,
5090,,77000,0,user_45,325,,
5091,,2300000,49100,user_46,325,,
5092,,19000000,68100,user_46,325,,
5093,,470000,0,user_48,325,,
5092,0,19000000,68100,user_46,325,325,
5054,1,6300000,0,user_11,325,325,
5063,2,6100000,0,user_18,325,325,
5075,3,6100000,49100,user_31,325,325,
5048,4,5000000,0,user_7,325,325,
5040,5,4500000,0,user_3,325,325,
5082,6,4200000,410000,user_39,325,325,
5038,7,3600000,0,user_1,325,325,
5074,8,3600000,0,user_29,325,325,
5073,9,2600000,0,user_28,325,325,
5062,10,2400000,47700,user_17,325,325,
5091,11,2300000,49100,user_46,325,325,
5068,12,2000000,0,user_20,325,325,
5055,13,1400000,100000,user_11,325,325,
5043,14,1300000,0,user_4,325,325,
5045,15,1300000,0,user_4,325,325,
5046,16,1300000,0,user_6,325,325,
5049,17,1100000,0,user_7,325,325,
5069,18,1100000,0,user_22,325,325,
5076,19,870000,0,user_31,325,325,
5065,20,670000,256000,user_18,325,325,
5056,21,650000,0,user_11,325,325,
5066,22,630000,0,user_18,325,325,
5041,23,600000,0,user_4,325,325,
5053,24,460000,0,user_11,325,325,
5083,25,360000,0,user_39,325,325,
5086,26,360000,0,user_41,325,325,
5052,27,320000,36800,user_11,325,325,
5044,28,310000,0,user_4,325,325,
5058,29,260000,215000,user_15,325,325,
5078,30,260000,0,user_37,325,325,
5039,31,220000,0,user_2,325,325,
5064,32,220000,0,user_18,325,325,
5079,33,220000,0,user_37,325,325,
5085,34,220000,0,user_39,325,325,
5071,35,170000,215000,user_25,325,325,
5042,36,160000,0,user_4,325,325,
5060,37,160000,0,user_16,325,325,
5050,38,150000,0,user_8,325,325,
5089,39,150000,0,user_44,325,325,
5037,40,120000,779000,user_1,325,325,
5047,41,120000,0,user_7,325,325,
5070,42,120000,164000,user_23,325,325,
5077,43,120000,0,user_33,325,325,
5084,44,120000,56200,user_39,325,325,
5057,45,110000,0,user_14,325,325,
5059,46,110000,5630,user_16,325,325,
5072,47,110000,0,user_26,325,325,
5087,48,100000,0,user_42,325,325,
5061,49,84000,0,user_16,325,325,
5088,50,77000,0,user_43,325,325,
5090,51,77000,0,user_45,325,325,
5067,52,70000,0,user_19,325,325,
5198,,1000000,0,user_0,326,,
5199,,120000,21800,user_1,326,,
5200,,1400000,1100000,user_2,326,,
5201,,1300000,181000,user_3,326,,
5202,,1000000,0,user_3,326,,
5203,,260000,0,user_4,326,,
5204,,79000,0,user_4,326,,
5205,,2000000,0,user_6,326,,
5206,,5200000,0,user_7,326,,
5207,,120000,146000,user_7,326,,
5208,,1400000,0,user_8,326,,
5209,,5000000,0,user_10,326,,
5210,,310000,0,user_10,326,,
5211,,530000,0,user_11,326,,
5212,,110000,128000,user_12,326,,
5213,,2100000,0,user_13,326,,
5214,,160000,0,user_15,326,,
5215,,1500000,0,user_16,326,,
5216,,370000,0,user_17,326,,
5217,,160000,0,user_18,326,,
5218,,150000,0,user_18,326,,
5219,,120000,0,user_18,326,,
5220,,110000,0,user_18,326,,
5221,,70000,0,user_18,326,,
5222,,420000,0,user_19,326,,
5223,,350000,0,user_23,326,,
5224,,1100000,0,user_23,326,,
5225,,530000,0,user_24,326,,
5226,,1600000,0,user_25,326,,
5227,,1100000,0,user_26,326,,
5228,,420000,0,user_26,326,,
5229,,1900000,0,user_26,326,,
5230,,470000,0,user_26,326,,
5231,,2000000,0,user_27,326,,
5232,,160000,35600,user_28,326,,
5233,,370000,36800,user_30,326,,
5234,,420000,0,user_33,326,,
5235,,530000,0,user_35,326,,
5236,,2600000,0,user_36,326,,
5237,,220000,0,user_37,326,,
5238,,670000,296000,user_37,326,,
5239,,30000000,0,user_37,326,,
5240,,220000,0,user_37,326,,
5241,,110000,0,user_38,326,,
5242,,1200000,161000,user_39,326,,
5243,,110000,0,user_40,326,,
5244,,1000000,0,user_42,326,,
5245,,1500000,0,user_44,326,,
5246,,2400000,0,user_45,326,,
5247,,70000,0,user_46,326,,
5248,,98000,0,user_49,326,,
5239,0,30000000,0,user_37,326,326,
5206,1,5200000,0,user_7,326,326,
5209,2,5000000,0,user_10,326,326,
5236,3,2600000,0,user_36,326,326,
5246,4,2400000,0,user_45,326,326,
5213,5,2100000,0,user_13,326,326,
5205,6,2000000,0,user_6,326,326,
5231,7,2000000,0,user_27,326,326,
5229,8,1900000,0,user_26,326,326,
5226,9,1600000,0,user_25,326,326,
5215,10,1500000,0,user_16,326,326,
5245,11,1500000,0,user_44,326,326,
5200,12,1400000,1100000,user_2,326,326,
5208,13,1400000,0,user_8,326,326,
5201,14,1300000,181000,user_3,326,326,
5242,15,1200000,161000,user_39,326,326,
5224,16,1100000,0,user_23,326,326,
5227,17,1100000,0,user_26,326,326,
5198,18,1000000,0,user_0,326,326,
5202,19,1000000,0,user_3,326,326,
5244,20,1000000,0,user_42,326,326,
5238,21,670000,296000,user_37,326,326,
5211,22,530000,0,user_11,326,326,
5235,23,530000,0,user_35,326,326,
5230,24,470000,0,user_26,326,326,
5228,25,420000,0,user_26,326,326,
5234,26,420000,0,user_33,326,326,
5216,27,370000,0,user_17,326,326,
5233,28,370000,36800,user_30,326,326,
5223,29,350000,0,user_23,326,326,
5210,30,310000,0,user_10,326,326,
5203,31,260000,0,user_4,326,326,
5237,32,220000,0,user_37,326,326,
5240,33,220000,0,user_37,326,326,
5214,34,160000,0,user_15,326,326,
5217,35,160000,0,user_18,326,326,
5218,36,150000,0,user_18,326,326,
5199,37,120000,21800,user_1,326,326,
5207,38,120000,146000,user_7,326,326,
5219,39,120000,0,user_18,326,326,
5212,40,110000,128000,user_12,326,326,
5220,41,110000,0,user_18,326,326,
5243,42,110000,0,user_40,326,326,
5248,43,98000,0,user_49,326,326,
5204,44,79000,0,user_4,326,326,
5221,45,70000,0,user_18,326,326,
5247,46,70000,0,user_46,326,326,
5313,,5000000,0,user_1,327,,
5314,,370000,0,user_1,327,,
5315,,85000,0,user_4,327,,
5316,,1500000,18600,user_5,327,,
5317,,19000000,181000,user_6,327,,
5318,,19000000,0,user_7,327,,
5319,,630000,16400,user_8,327,,
5320,,73000,0,user_9,327,,
5321,,43000000,0,user_12,327,,
5322,,100000,0,user_18,327,,
5323,,120000,0,user_18,327,,
5324,,970000,0,user_19,327,,
5325,,5000000,0,user_21,327,,
5326,,310000,0,user_22,327,,
5327,,110000,14200,user_23,327,,
5328,,2000000,0,user_24,327,,
5329,,120000,0,user_25,327,,
5330,,120000,0,user_25,327,,
5331,,970000,0,user_25,327,,
5332,,310000,0,user_25,327,,
5333,,420000,0,user_26,327,,
5334,,2000000,0,user_27,327,,
5335,,1700000,31700,user_29,327,,
5336,,1200000,0,user_31,327,,
5337,,120000,0,user_34,327,,
5338,,120000,0,user_34,327,,
5339,,360000,17000,user_34,327,,
5340,,3500000,0,user_35,327,,
5341,,160000,0,user_36,327,,
5342,,2300000,0,user_36,327,,
5343,,5000000,0,user_36,327,,
5344,,5200000,0,user_36,327,,
5345,,1600000,0,user_37,327,,
5346,,98000,0,user_37,327,,
5347,,1300000,594000,user_38,327,,
5348,,650000,0,user_39,327,,
5349,,43000000,1100000,user_40,327,,
5350,,190000,0,user_40,327,,
5351,,160000,0,user_41,327,,
5352,,1600000,15300,user_43,327,,
5353,,2400000,0,user_44,327,,
5354,,5000000,5180,user_45,327,,
5355,,1700000,0,user_48,327,,
5401,0,0,0,builder_6,327,327,5349
5349,1,43000000,1100000,user_40,327,327,
5321,2,43000000,0,user_12,327,327,
5402,3,0,0,builder_6,327,327,5317
5317,4,19000000,181000,user_6,327,327,
5318,5,19000000,0,user_7,327,327,
5344,6,5200000,0,user_36,327,327,
5403,7,0,0,builder_6,327,327,5354
5354,8,5000000,5180,user_45,327,327,
5313,9,5000000,0,user_1,327,327,
5325,10,5000000,0,user_21,327,327,
5343,11,5000000,0,user_36,327,327,
5340,12,3500000,0,user_35,327,327,
5353,13,2400000,0,user_44,327,327,
5342,14,2300000,0,user_36,327,327,
5328,15,2000000,0,user_24,327,327,
5334,16,2000000,0,user_27,327,327,
5404,17,0,0,builder_6,327,327,5347
5347,18,1300000,594000,user_38,327,327,
5405,19,0,0,builder_6,327,327,5335
5335,20,1700000,31700,user_29,327,327,
5355,21,1700000,0,user_48,327,327,
5345,22,1600000,0,user_37,327,327,
5406,23,0,0,builder_6,327,327,5316
5316,24,1500000,18600,user_5,327,327,
5336,25,1200000,0,user_31,327,327,
5324,26,970000,0,user_19,327,327,
5331,27,970000,0,user_25,327,327,
5348,28,650000,0,user_39,327,327,
5407,29,0,0,builder_6,327,327,5319
5319,30,630000,16400,user_8,327,327,
5314,31,370000,0,user_1,327,327,
5332,32,310000,0,user_25,327,327,
5350,33,190000,0,user_40,327,327,
5341,34,160000,0,user_36,327,327,
5351,35,160000,0,user_41,327,327,
5327,36,110000,14200,user_23,327,327,
5408,37,0,0,builder_6,327,327,5327
5323,38,120000,0,user_18,327,327,
5329,39,120000,0,user_25,327,327,
5330,40,120000,0,user_25,327,327,
5322,41,100000,0,user_18,327,327,
5346,42,98000,0,user_37,327,327,
5315,43,85000,0,user_4,327,327,
5320,44,73000,0,user_9,327,327,
5421,,170000,0,user_0,328,,
5422,,600000,0,user_1,328,,
5423,,85000,0,user_4,328,,
5424,,2000000,0,user_5,328,,
5425,,160000,0,user_6,328,,
5426,,3500000,0,user_8,328,,
5427,,85000,779000,user_8,328,,
5428,,320000,0,user_9,328,,
5429,,970000,0,user_11,328,,
5430,,350000,0,user_11,328,,
5431,,98000,0,user_14,328,,
5432,,70000,0,user_15,328,,
5433,,120000,0,user_16,328,,
5434,,1100000,0,user_16,328,,
5435,,6300000,56200,user_17,328,,
5436,,5000000,0,user_18,328,,
5437,,1000000,0,user_19,328,,
5438,,630000,0,user_20,328,,
5439,,530000,0,user_20,328,,
5440,,85000,0,user_21,328,,
5441,,2000000,39400,user_22,328,,
5442,,970000,0,user_24,328,,
5443,,1100000,0,user_25,328,,
5444,,19000000,0,user_25,328,,
5445,,87000,0,user_25,328,,
5446,,220000,0,user_25,328,,
5447,,170000,0,user_25,328,,
5448,,470000,0,user_27,328,,
5449,,1500000,0,user_29,328,,
5450,,120000,35600,user_30,328,,
5451,,530000,0,user_31,328,,
5452,,79000,64600,user_32,328,,
5453,,460000,10700,user_33,328,,
5454,,5200000,4320000,user_33,328,,
5455,,1700000,0,user_35,328,,
5456,,170000,0,user_36,328,,
5457,,150000,0,user_37,328,,
5458,,420000,39400,user_37,328,,
5459,,5000000,0,user_37,328,,
5460,,170000,0,user_38,328,,
5461,,2000000,0,user_40,328,,
5462,,6100000,0,user_41,328,,
5463,,1000000,0,user_42,328,,
5464,,240000,0,user_43,328,,
5465,,2100000,0,user_45,328,,
5466,,70000,0,user_45,328,,
5467,,2000000,0,user_47,328,,
5468,,670000,0,user_49,328,,
5444,0,19000000,0,user_25,328,328,
5435,1,6300000,56200,user_17,328,328,
5462,2,6100000,0,user_41,328,328,
5454,3,5200000,4320000,user_33,328,328,
5436,4,5000000,0,user_18,328,328,
5459,5,5000000,0,user_37,328,328,
5426,6,3500000,0,user_8,328,328,
5465,7,2100000,0,user_45,328,328,
5424,8,2000000,0,user_5,328,328,
5441,9,2000000,39400,user_22,328,328,
5461,10,2000000,0,user_40,328,328,
5467,11,2000000,0,user_47,328,328,
5455,12,1700000,0,user_35,328,328,
5449,13,1500000,0,user_29,328,328,
5434,14,1100000,0,user_16,328,328,
5443,15,1100000,0,user_25,328,328,
5463,16,1000000,0,user_42,328,328,
5429,17,970000,0,user_11,328,328,
5468,18,670000,0,user_49,328,328,
5438,19,630000,0,user_20,328,328,
5422,20,600000,0,user_1,328,328,
5439,21,530000,0,user_20,328,328,
5451,22,530000,0,user_31,328,328,
5448,23,470000,0,user_27,328,328,
5453,24,460000,10700,user_33,328,328,
5458,25,420000,39400,user_37,328,328,
5430,26,350000,0,user_11,328,328,
5464,27,240000,0,user_43,328,328,
5446,28,220000,0,user_25,328,328,
5421,29,170000,0,user_0,328,328,
5447,30,170000,0,user_25,328,328,
5456,31,170000,0,user_36,328,328,
5425,32,160000,0,user_6,328,328,
5457,33,150000,0,user_37,328,328,
5433,34,120000,0,user_16,328,328,
5450,35,120000,35600,user_30,328,328,
5445,36,87000,0,user_25,328,328,
5423,37,85000,0,user_4,328,328,
5427,38,85000,779000,user_8,328,328,
5440,39,85000,0,user_21,328,328,
5432,40,70000,0,user_15,328,328,
5466,41,70000,0,user_45,328,328,
5525,,160000,0,user_0,329,,
5526,,2100000,0,user_3,329,,
5527,,170000,0,user_4,329,,
5528,,87000,0,user_6,329,,
5529,,160000,0,user_9,329,,
5530,,370000,0,user_10,329,,
5531,,1100000,0,user_11,329,,
5532,,3500000,0,user_14,329,,
5533,,2100000,769000,user_15,329,,
5534,,98000,769000,user_16,329,,
5535,,82000,0,user_16,329,,
5536,,1000000,0,user_16,329,,
5537,,630000,0,user_16,329,,
5538,,420000,0,user_17,329,,
5539,,660000,0,user_17,329,,
5540,,150000,0,user_17,329,,
5541,,260000,0,user_17,329,,
5542,,160000,0,user_17,329,,
5543,,79000,100000,user_18,329,,
5544,,160000,0,user_19,329,,
5545,,1200000,0,user_20,329,,
5546,,84000,23500,user_20,329,,
5547,,1400000,0,user_21,329,,
5548,,2400000,0,user_22,329,,
5549,,260000,594000,user_23,329,,
5550,,3500000,0,user_24,329,,
5551,,2300000,16400,user_24,329,,
5552,,120000,0,user_25,329,,
5553,,110000,24700,user_26,329,,
5554,,120000,0,user_27,329,,
5555,,370000,0,user_28,329,,
5556,,260000,161000,user_28,329,,
5557,,150000,0,user_29,329,,
5558,,340000,33300,user_30,329,,
5559,,110000,84800,user_31,329,,
5560,,160000,594000,user_32,329,,
5561,,630000,0,user_33,329,,
5562,,630000,75000,user_34,329,,
5563,,110000,0,user_35,329,,
5564,,460000,322000,user_35,329,,
5565,,82000,0,user_36,329,,
5566,,170000,0,user_36,329,,
5567,,1100000,0,user_37,329,,
5568,,910000,0,user_39,329,,
5569,,2500000,0,user_40,329,,
5570,,80000,15300,user_40,329,,
5571,,1900000,0,user_44,329,,
5572,,1200000,959000,user_45,329,,
5573,,2100000,231000,user_47,329,,
5574,,120000,0,user_48,329,,
5575,,320000,0,user_49,329,,
5576,,310000,0,user_49,329,,
5532,0,3500000,0,user_14,329,329,
5550,1,3500000,0,user_24,329,329,
5569,2,2500000,0,user_40,329,329,
5548,3,2400000,0,user_22,329,329,
5551,4,2300000,16400,user_24,329,329,
5526,5,2100000,0,user_3,329,329,
5533,6,2100000,769000,user_15,329,329,
5573,7,2100000,231000,user_47,329,329,
5571,8,1900000,0,user_44,329,329,
5547,9,1400000,0,user_21,329,329,
5545,10,1200000,0,user_20,329,329,
5572,11,1200000,959000,user_45,329,329,
5531,12,1100000,0,user_11,329,329,
5567,13,1100000,0,user_37,329,329,
5536,14,1000000,0,user_16,329,329,
5568,15,910000,0,user_39,329,329,
5539,16,660000,0,user_17,329,329,
5537,17,630000,0,user_16,329,329,
5561,18,630000,0,user_33,329,329,
5562,19,630000,75000,user_34,329,329,
5564,20,460000,322000,user_35,329,329,
5538,21,420000,0,user_17,329,329,
5555,22,370000,0,user_28,329,329,
5558,23,340000,33300,user_30,329,329,
5575,24,320000,0,user_49,329,329,
5576,25,310000,0,user_49,329,329,
5541,26,260000,0,user_17,329,329,
5549,27,260000,594000,user_23,329,329,
5556,28,260000,161000,user_28,329,329,
5527,29,170000,0,user_4,329,329,
5525,30,160000,0,user_0,329,329,
5542,31,160000,0,user_17,329,329,
5544,32,160000,0,user_19,329,329,
5560,33,160000,594000,user_32,329,329,
5540,34,150000,0,user_17,329,329,
5557,35,150000,0,user_29,329,329,
5552,36,120000,0,user_25,329,329,
5553,37,110000,24700,user_26,329,329,
5559,38,110000,84800,user_31,329,329,
5563,39,110000,0,user_35,329,329,
5534,40,98000,769000,user_16,329,329,
5528,41,87000,0,user_6,329,329,
5546,42,84000,23500,user_20,329,329,
5535,43,82000,0,user_16,329,329,
5570,44,80000,15300,user_40,329,329,
5543,45,79000,100000,user_18,329,329,
5685,,3500000,0,user_0,330,,
5686,,160000,0,user_1,330,,
5687,,220000,0,user_2,330,,
5688,,310000,0,user_3,330,,
5689,,1500000,0,user_5,330,,
5690,,150000,15100,user_5,330,,
5691,,120000,0,user_5,330,,
5692,,350000,0,user_6,330,,
5693,,2500000,0,user_7,330,,
5694,,150000,13800,user_8,330,,
5695,,150000,0,user_9,330,,
5696,,5000000,0,user_10,330,,
5697,,98000,0,user_11,330,,
5698,,2500000,16400,user_14,330,,
5699,,120000,0,user_15,330,,
5700,,150000,0,user_15,330,,
5701,,3600000,0,user_17,330,,
5702,,98000,0,user_18,330,,
5703,,1700000,0,user_19,330,,
5704,,150000,0,user_20,330,,
5705,,600000,0,user_23,330,,
5706,,460000,0,user_23,330,,
5707,,970000,0,user_24,330,,
5708,,310000,0,user_25,330,,
5709,,73000,0,user_26,330,,
5710,,120000,285000,user_27,330,,
5711,,190000,35600,user_28,330,,
5712,,2300000,0,user_29,330,,
5713,,2000000,215000,user_29,330,,
5714,,650000,410000,user_30,330,,
5715,,30000000,0,user_30,330,,
5716,,1600000,0,user_30,330,,
5717,,970000,0,user_30,330,,
5718,,310000,0,user_30,330,,
5719,,2500000,5630,user_31,330,,
5720,,4200000,0,user_31,330,,
5721,,160000,0,user_32,330,,
5722,,6300000,0,user_32,330,,
5723,,1000000,0,user_33,330,,
5724,,2000000,256000,user_34,330,,
5725,,1600000,0,user_34,330,,
5726,,160000,0,user_34,330,,
5727,,85000,0,user_34,330,,
5728,,630000,0,user_34,330,,
5729,,1600000,39400,user_35,330,,
5730,,2600000,0,user_36,330,,
5731,,83000,0,user_37,330,,
5732,,420000,0,user_38,330,,
5733,,170000,0,user_39,330,,
5734,,170000,47700,user_40,330,,
5735,,370000,0,user_41,330,,
5736,,1400000,0,user_42,330,,
5737,,110000,0,user_44,330,,
5738,,150000,84800,user_45,330,,
5739,,4200000,0,user_45,330,,
5740,,310000,0,user_46,330,,
5741,,6300000,510000,user_48,330,,
5742,,1000000,0,user_48,330,,
5743,,300000,0,user_48,330,,
5744,,600000,0,user_48,330,,
5715,0,30000000,0,user_30,330,330,
5722,1,6300000,0,user_32,330,330,
5741,2,6300000,510000,user_48,330,330,
5696,3,5000000,0,user_10,330,330,
5720,4,4200000,0,user_31,330,330,
5739,5,4200000,0,user_45,330,330,
5701,6,3600000,0,user_17,330,330,
5685,7,3500000,0,user_0,330,330,
5730,8,2600000,0,user_36,330,330,
5693,9,2500000,0,user_7,330,330,
5698,10,2500000,16400,user_14,330,330,
5719,11,2500000,5630,user_31,330,330,
5712,12,2300000,0,user_29,330,330,
5713,13,2000000,215000,user_29,330,330,
5724,14,2000000,256000,user_34,330,330,
5703,15,1700000,0,user_19,330,330,
5716,16,1600000,0,user_30,330,330,
5725,17,1600000,0,user_34,330,330,
5729,18,1600000,39400,user_35,330,330,
5689,19,1500000,0,user_5,330,330,
5736,20,1400000,0,user_42,330,330,
5723,21,1000000,0,user_33,330,330,
5742,22,1000000,0,user_48,330,330,
5707,23,970000,0,user_24,330,330,
5717,24,970000,0,user_30,330,330,
5714,25,650000,410000,user_30,330,330,
5728,26,630000,0,user_34,330,330,
5705,27,600000,0,user_23,330,330,
5744,28,600000,0,user_48,330,330,
5706,29,460000,0,user_23,330,330,
5732,30,420000,0,user_38,330,330,
5735,31,370000,0,user_41,330,330,
5692,32,350000,0,user_6,330,330,
5688,33,310000,0,user_3,330,330,
5708,34,310000,0,user_25,330,330,
5718,35,310000,0,user_30,330,330,
5740,36,310000,0,user_46,330,330,
5743,37,300000,0,user_48,330,330,
5687,38,220000,0,user_2,330,330,
5734,39,170000,47700,user_40,330,330,
5721,40,160000,0,user_32,330,330,
5726,41,160000,0,user_34,330,330,
5690,42,150000,15100,user_5,330,330,
5694,43,150000,13800,user_8,330,330,
5695,44,150000,0,user_9,330,330,
5700,45,150000,0,user_15,330,330,
5704,46,150000,0,user_20,330,330,
5738,47,150000,84800,user_45,330,330,
5691,48,120000,0,user_5,330,330,
5699,49,120000,0,user_15,330,330,
5710,50,120000,285000,user_27,330,330,
5737,51,110000,0,user_44,330,330,
5697,52,98000,0,user_11,330,330,
5702,53,98000,0,user_18,330,330,
5727,54,85000,0,user_34,330,330,
5835,,120000,0,user_0,331,,
5836,,910000,0,user_1,331,,
5837,,420000,0,user_3,331,,
5838,,1000000,0,user_4,331,,
5839,,1500000,0,user_6,331,,
5840,,220000,4320000,user_7,331,,
5841,,460000,0,user_10,331,,
5842,,220000,0,user_12,331,,
5843,,1500000,0,user_13,331,,
5844,,82000,0,user_14,331,,
5845,,870000,0,user_15,331,,
5846,,150000,0,user_16,331,,
5847,,79000,0,user_18,331,,
5848,,1600000,0,user_19,331,,
5849,,130000,0,user_20,331,,
5850,,3200000,0,user_21,331,,
5851,,100000,14200,user_22,331,,
5852,,1400000,0,user_22,331,,
5853,,160000,0,user_24,331,,
5854,,19000000,13900,user_24,331,,
5855,,1600000,11200,user_24,331,,
5856,,73000,32900,user_25,331,,
5857,,83000,0,user_25,331,,
5858,,650000,0,user_29,331,,
5859,,2000000,0,user_31,331,,
5860,,660000,0,user_33,331,,
5861,,85000,0,user_33,331,,
5862,,1100000,0,user_34,331,,
5863,,5000000,0,user_38,331,,
5864,,1900000,0,user_39,331,,
5865,,1200000,33100,user_40,331,,
5866,,19000000,0,user_41,331,,
5867,,1700000,0,user_41,331,,
5868,,300000,0,user_44,331,,
5869,,170000,0,user_45,331,,
5870,,170000,0,user_46,331,,
5871,,3200000,155000,user_46,331,,
5872,,1500000,0,user_48,331,,
5873,,1500000,0,user_48,331,,
5874,,5200000,0,user_49,331,,
5854,0,19000000,13900,user_24,331,331,
5885,1,0,0,builder_2,331,331,5854
5866,2,19000000,0,user_41,331,331,
5874,3,5200000,0,user_49,331,331,
5863,4,5000000,0,user_38,331,331,
5886,5,0,0,builder_2,331,331,5871
5871,6,3200000,155000,user_46,331,331,
5850,7,3200000,0,user_21,331,331,
5859,8,2000000,0,user_31,331,331,
5864,9,1900000,0,user_39,331,331,
5867,10,1700000,0,user_41,331,331,
5887,11,0,0,builder_2,331,331,5855
5855,12,1600000,11200,user_24,331,331,
5848,13,1600000,0,user_19,331,331,
5839,14,1500000,0,user_6,331,331,
5843,15,1500000,0,user_13,331,331,
5872,16,1500000,0,user_48,331,331,
5873,17,1500000,0,user_48,331,331,
5852,18,1400000,0,user_22,331,331,
5865,19,1200000,33100,user_40,331,331,
5888,20,0,0,builder_2,331,331,5865
5862,21,1100000,0,user_34,331,331,
5836,22,910000,0,user_1,331,331,
5845,23,870000,0,user_15,331,331,
5858,24,650000,0,user_29,331,331,
5841,25,460000,0,user_10,331,331,
5837,26,420000,0,user_3,331,331,
5869,27,170000,0,user_45,331,331,
5870,28,170000,0,user_46,331,331,
5853,29,160000,0,user_24,331,331,
5846,30,150000,0,user_16,331,331,
5835,31,120000,0,user_0,331,331,
5851,32,100000,14200,user_22,331,331,
5889,33,0,0,builder_2,331,331,5851
5856,34,73000,32900,user_25,331,331,
5890,35,0,0,builder_2,331,331,5856
5857,36,83000,0,user_25,331,331,
5844,37,82000,0,user_14,331,331,
5922,,130000,0,user_0,332,,
5923,,150000,0,user_1,332,,
5924,,30000000,0,user_2,332,,
5925,,660000,0,user_2,332,,
5926,,1600000,0,user_3,332,,
5927,,5000000,215000,user_4,332,,
5928,,310000,7190000,user_4,332,,
5929,,910000,12300,user_5,332,,
5930,,6100000,18600,user_6,332,,
5931,,420000,0,user_7,332,,
5932,,1700000,0,user_9,332,,
5933,,970000,0,user_10,332,,
5934,,1500000,75000,user_12,332,,
5935,,3200000,0,user_12,332,,
5936,,1500000,0,user_12,332,,
5937,,4500000,0,user_12,332,,
5938,,2100000,0,user_13,332,,
5939,,150000,164000,user_14,332,,
5940,,220000,0,user_17,332,,
5941,,870000,15300,user_17,332,,
5942,,82000,13900,user_17,332,,
5943,,1000000,0,user_19,332,,
5944,,1000000,0,user_19,332,,
5945,,150000,0,user_20,332,,
5946,,5000000,0,user_20,332,,
5947,,5000000,0,user_23,332,,
5948,,910000,0,user_24,332,,
5949,,320000,0,user_26,332,,
5950,,80000,0,user_27,332,,
5951,,2400000,0,user_29,332,,
5952,,360000,0,user_31,332,,
5953,,100000,0,user_33,332,,
5954,,370000,0,user_33,332,,
5955,,73000,0,user_34,332,,
5956,,4500000,0,user_34,332,,
5957,,300000,0,user_35,332,,
5958,,150000,0,user_36,332,,
5959,,190000,7190000,user_37,332,,
5960,,1200000,0,user_38,332,,
5961,,1000000,0,user_39,332,,
5962,,160000,0,user_39,332,,
5963,,1500000,0,user_40,332,,
5964,,1900000,0,user_41,332,,
5965,,98000,0,user_42,332,,
5966,,360000,0,user_42,332,,
5967,,84000,0,user_43,332,,
5968,,3500000,0,user_45,332,,
5969,,79000,0,user_45,332,,
5970,,5000000,0,user_46,332,,
5971,,2300000,3130,user_47,332,,
5972,,6300000,0,user_47,332,,
5973,,160000,0,user_47,332,,
5974,,3600000,0,user_48,332,,
5975,,5000000,181000,user_49,332,,
5924,0,30000000,0,user_2,332,332,
5972,1,6300000,0,user_47,332,332,
5930,2,6100000,18600,user_6,332,332,
5927,3,5000000,215000,user_4,332,332,
5946,4,5000000,0,user_20,332,332,
5947,5,5000000,0,user_23,332,332,
5970,6,5000000,0,user_46,332,332,
5975,7,5000000,181000,user_49,332,332,
5937,8,4500000,0,user_12,332,332,
5956,9,4500000,0,user_34,332,332,
5974,10,3600000,0,user_48,332,332,
5968,11,3500000,0,user_45,332,332,
5935,12,3200000,0,user_12,332,332,
5951,13,2400000,0,user_29,332,332,
5971,14,2300000,3130,user_47,332,332,
5938,15,2100000,0,user_13,332,332,
5932,16,1700000,0,user_9,332,332,
5934,17,1500000,75000,user_12,332,332,
5936,18,1500000,0,user_12,332,332,
5963,19,1500000,0,user_40,332,332,
5960,20,1200000,0,user_38,332,332,
5943,21,1000000,0,user_19,332,332,
5944,22,1000000,0,user_19,332,332,
5961,23,1000000,0,user_39,332,332,
5933,24,970000,0,user_10,332,332,
5929,25,910000,12300,user_5,332,332,
5948,26,910000,0,user_24,332,332,
5941,27,870000,15300,user_17,332,332,
5925,28,660000,0,user_2,332,332,
5931,29,420000,0,user_7,332,332,
5952,30,360000,0,user_31,332,332,
5966,31,360000,0,user_42,332,332,
5949,32,320000,0,user_26,332,332,
5928,33,310000,7190000,user_4,332,332,
5957,34,300000,0,user_35,332,332,
5940,35,220000,0,user_17,332,332,
5959,36,190000,7190000,user_37,332,332,
5962,37,160000,0,user_39,332,332,
5973,38,160000,0,user_47,332,332,
5923,39,150000,0,user_1,332,332,
5939,40,150000,164000,user_14,332,332,
5945,41,150000,0,user_20,332,332,
5922,42,130000,0,user_0,332,332,
5965,43,98000,0,user_42,332,332,
5942,44,82000,13900,user_17,332,332,
5969,45,79000,0,user_45,332,332,
5955,46,73000,0,user_34,332,332,
6051,,370000,0,user_0,333,,
6052,,2300000,0,user_2,333,,
6053,,1600000,0,user_3,333,,
6054,,170000,0,user_4,333,,
6055,,310000,0,user_4,333,,
6056,,420000,0,user_5,333,,
6057,,70000,0,user_6,333,,
6058,,150000,0,user_6,333,,
6059,,3500000,0,user_7,333,,
6060,,1500000,0,user_8,333,,
6061,,420000,0,user_8,333,,
6062,,1500000,0,user_10,333,,
6063,,2000000,66100,user_11,333,,
6064,,120000,0,user_15,333,,
6065,,110000,19700,user_15,333,,
6066,,320000,0,user_16,333,,
6067,,30000000,0,user_17,333,,
6068,,110000,0,user_17,333,,
6069,,110000,350000,user_18,333,,
6070,,1800000,0,user_19,333,,
6071,,82000,0,user_20,333,,
6072,,80000,0,user_21,333,,
6073,,2300000,0,user_21,333,,
6074,,260000,0,user_21,333,,
6075,,2100000,0,user_21,333,,
6076,,4500000,161000,user_21,333,,
6077,,170000,0,user_23,333,,
6078,,110000,0,user_23,333,,
6079,,1100000,0,user_23,333,,
6080,,98000,0,user_24,333,,
6081,,83000,0,user_25,333,,
6082,,1600000,0,user_29,333,,
6083,,110000,0,user_33,333,,
6084,,77000,0,user_33,333,,
6085,,19000000,0,user_34,333,,
6086,,240000,0,user_35,333,,
6087,,30000000,0,user_35,333,,
6088,,1500000,0,user_36,333,,
6089,,79000,0,user_37,333,,
6090,,120000,0,user_38,333,,
6091,,220000,0,user_38,333,,
6092,,2000000,0,user_39,333,,
6093,,660000,0,user_40,333,,
6094,,80000,56200,user_41,333,,
6095,,100000,164000,user_42,333,,
6096,,27000000,0,user_43,333,,
6097,,1200000,0,user_43,333,,
6098,,1000000,0,user_44,333,,
6099,,220000,0,user_44,333,,
6100,,160000,195000,user_46,333,,
6101,,220000,23500,user_47,333,,
6102,,1600000,0,user_47,333,,
6103,,160000,0,user_48,333,,
6104,,4500000,0,user_49,333,,
6067,0,30000000,0,user_17,333,333,
6087,1,30000000,0,user_35,333,333,
6096,2,27000000,0,user_43,333,333,
6085,3,19000000,0,user_34,333,333,
6076,4,4500000,161000,user_21,333,333,
6104,5,4500000,0,user_49,333,333,
6059,6,3500000,0,user_7,333,333,
6052,7,2300000,0,user_2,333,333,
6073,8,2300000,0,user_21,333,333,
6075,9,2100000,0,user_21,333,333,
6063,10,2000000,66100,user_11,333,333,
6092,11,2000000,0,user_39,333,333,
6053,12,1600000,0,user_3,333,333,
6082,13,1600000,0,user_29,333,333,
6102,14,1600000,0,user_47,333,333,
6060,15,1500000,0,user_8,333,333,
6062,16,1500000,0,user_10,333,333,
6088,17,1500000,0,user_36,333,333,
6097,18,1200000,0,user_43,333,333,
6079,19,1100000,0,user_23,333,333,
6098,20,1000000,0,user_44,333,333,
6093,21,660000,0,user_40,333,333,
6056,22,420000,0,user_5,333,333,
6061,23,420000,0,user_8,333,333,
6051,24,370000,0,user_0,333,333,
6066,25,320000,0,user_16,333,333,
6055,26,310000,0,user_4,333,333,
6074,27,260000,0,user_21,333,333,
6086,28,240000,0,user_35,333,333,
6099,29,220000,0,user_44,333,333,
6101,30,220000,23500,user_47,333,333,
6054,31,170000,0,user_4,333,333,
6077,32,170000,0,user_23,333,333,
6100,33,160000,195000,user_46,333,333,
6058,34,150000,0,user_6,333,333,
6064,35,120000,0,user_15,333,333,
6065,36,110000,19700,user_15,333,333,
6068,37,110000,0,user_17,333,333,
6069,38,110000,350000,user_18,333,333,
6078,39,110000,0,user_23,333,333,
6083,40,110000,0,user_33,333,333,
6095,41,100000,164000,user_42,333,333,
6081,42,83000,0,user_25,333,333,
6071,43,82000,0,user_20,333,333,
6072,44,80000,0,user_21,333,333,
6094,45,80000,56200,user_41,333,333,
6089,46,79000,0,user_37,333,333,
6084,47,77000,0,user_33,333,333,
6057,48,70000,0,user_6,333,333,
6158,,2500000,13800,user_0,334,,
6159,,1100000,0,user_1,334,,
6160,,2600000,0,user_2,334,,
6161,,870000,0,user_3,334,,
6162,,190000,0,user_3,334,,
6163,,160000,0,user_3,334,,
6164,,670000,0,user_3,334,,
6165,,82000,0,user_3,334,,
6166,,220000,0,user_4,334,,
6167,,1200000,0,user_7,334,,
6168,,80000,0,user_8,334,,
6169,,80000,155000,user_11,334,,
6170,,2400000,0,user_13,334,,
6171,,170000,0,user_14,334,,
6172,,120000,0,user_14,334,,
6173,,370000,0,user_15,334,,
6174,,150000,0,user_15,334,,
6175,,600000,0,user_15,334,,
6176,,6300000,0,user_15,334,,
6177,,600000,14200,user_18,334,,
6178,,660000,0,user_18,334,,
6179,,370000,0,user_18,334,,
6180,,98000,0,user_19,334,,
6181,,460000,0,user_19,334,,
6182,,79000,0,user_21,334,,
6183,,83000,0,user_22,334,,
6184,,220000,0,user_22,334,,
6185,,84000,0,user_23,334,,
6186,,1200000,0,user_23,334,,
6187,,83000,0,user_24,334,,
6188,,4200000,0,user_26,334,,
6189,,2100000,0,user_28,334,,
6190,,2000000,0,user_30,334,,
6191,,120000,0,user_31,334,,
6192,,77000,23500,user_32,334,,
6193,,310000,0,user_33,334,,
6194,,260000,0,user_34,334,,
6195,,120000,0,user_34,334,,
6196,,3500000,0,user_34,334,,
6197,,120000,0,user_34,334,,
6198,,420000,0,user_35,334,,
6199,,110000,0,user_37,334,,
6200,,4200000,0,user_38,334,,
6201,,120000,0,user_39,334,,
6202,,160000,0,user_40,334,,
6203,,1500000,0,user_41,334,,
6204,,1700000,0,user_44,334,,
6205,,910000,21800,user_44,334,,
6206,,630000,0,user_48,334,,
6207,,460000,0,user_49,334,,
6208,,70000,0,user_49,334,,
6176,0,6300000,0,user_15,334,334,
6188,1,4200000,0,user_26,334,334,
6200,2,4200000,0,user_38,334,334,
6196,3,3500000,0,user_34,334,334,
6160,4,2600000,0,user_2,334,334,
6158,5,2500000,13800,user_0,334,334,
6221,6,0,0,builder_3,334,334,6158
6170,7,2400000,0,user_13,334,334,
6189,8,2100000,0,user_28,334,334,
6190,9,2000000,0,user_30,334,334,
6204,10,1700000,0,user_44,334,334,
6203,11,1500000,0,user_41,334,334,
6167,12,1200000,0,user_7,334,334,
6186,13,1200000,0,user_23,334,334,
6205,14,910000,21800,user_44,334,334,
6222,15,0,0,builder_3,334,334,6205
6161,16,870000,0,user_3,334,334,
6164,17,670000,0,user_3,334,334,
6178,18,660000,0,user_18,334,334,
6206,19,630000,0,user_48,334,334,
6177,20,600000,14200,user_18,334,334,
6223,21,0,0,builder_3,334,334,6177
6175,22,600000,0,user_15,334,334,
6181,23,460000,0,user_19,334,334,
6207,24,460000,0,user_49,334,334,
6198,25,420000,0,user_35,334,334,
6173,26,370000,0,user_15,334,334,
6179,27,370000,0,user_18,334,334,
6193,28,310000,0,user_33,334,334,
6194,29,260000,0,user_34,334,334,
6224,30,0,0,builder_3,334,334,6169
6169,31,80000,155000,user_11,334,334,
6166,32,220000,0,user_4,334,334,
6184,33,220000,0,user_22,334,334,
6162,34,190000,0,user_3,334,334,
6171,35,170000,0,user_14,334,334,
6163,36,160000,0,user_3,334,334,
6202,37,160000,0,user_40,334,334,
6174,38,150000,0,user_15,334,334,
6172,39,120000,0,user_14,334,334,
6191,40,120000,0,user_31,334,334,
6195,41,120000,0,user_34,334,334,
6197,42,120000,0,user_34,334,334,
6201,43,120000,0,user_39,334,334,
6199,44,110000,0,user_37,334,334,
6192,45,77000,23500,user_32,334,334,
6225,46,0,0,builder_3,334,334,6192
6180,47,98000,0,user_19,334,334,
6185,48,84000,0,user_23,334,334,
6183,49,83000,0,user_22,334,334,
6187,50,83000,0,user_24,334,334,
6165,51,82000,0,user_3,334,334,
6182,52,79000,0,user_21,334,334,
6208,53,70000,0,user_49,334,334,
6247,,2000000,0,user_2,335,,
6248,,43000000,0,user_3,335,,
6249,,1800000,0,user_4,335,,
6250,,130000,15300,user_5,335,,
6251,,1000000,0,user_6,335,,
6252,,220000,0,user_7,335,,
6253,,1500000,0,user_9,335,,
6254,,120000,0,user_10,335,,
6255,,1400000,15300,user_10,335,,
6256,,110000,0,user_12,335,,
6257,,260000,0,user_13,335,,
6258,,1700000,31700,user_13,335,,
6259,,2000000,0,user_14,335,,
6260,,1500000,0,user_16,335,,
6261,,150000,0,user_17,335,,
6262,,3500000,0,user_17,335,,
6263,,130000,0,user_18,335,,
6264,,84000,46500,user_18,335,,
6265,,1100000,0,user_20,335,,
6266,,420000,0,user_21,335,,
6267,,110000,0,user_23,335,,
6268,,77000,0,user_25,335,,
6269,,160000,0,user_25,335,,
6270,,910000,0,user_25,335,,
6271,,170000,959000,user_26,335,,
6272,,1000000,108000,user_27,335,,
6273,,77000,84800,user_28,335,,
6274,,1400000,0,user_28,335,,
6275,,460000,0,user_28,335,,
6276,,79000,0,user_30,335,,
6277,,150000,35600,user_30,335,,
6278,,420000,0,user_31,335,,
6279,,6100000,0,user_31,335,,
6280,,420000,0,user_32,335,,
6281,,600000,510000,user_32,335,,
6282,,6100000,84800,user_33,335,,
6283,,150000,0,user_35,335,,
6284,,1500000,0,user_36,335,,
6285,,87000,0,user_36,335,,
6286,,1500000,10700,user_36,335,,
6287,,1000000,0,user_36,335,,
6288,,4500000,0,user_36,335,,
6289,,970000,0,user_37,335,,
6290,,910000,322000,user_41,335,,
6291,,630000,0,user_44,335,,
6292,,110000,0,user_44,335,,
6293,,1400000,155000,user_47,335,,
6294,,1200000,779000,user_47,335,,
6248,0,43000000,0,user_3,335,335,
6282,1,6100000,84800,user_33,335,335,
6295,2,0,0,builder_0,335,335,6282
6279,3,6100000,0,user_31,335,335,
6288,4,4500000,0,user_36,335,335,
6262,5,3500000,0,user_17,335,335,
6247,6,2000000,0,user_2,335,335,
6259,7,2000000,0,user_14,335,335,
6294,8,1200000,779000,user_47,335,335,
6296,9,0,0,builder_0,335,335,6294
6258,10,1700000,31700,user_13,335,335,
6297,11,0,0,builder_0,335,335,6258
6298,12,0,0,builder_0,335,335,6293
6293,13,1400000,155000,user_47,335,335,
6299,14,0,0,builder_0,335,335,6286
6286,15,1500000,10700,user_36,335,335,
6253,16,1500000,0,user_9,335,335,
6260,17,1500000,0,user_16,335,335,
6284,18,1500000,0,user_36,335,335,
6300,19,0,0,builder_0,335,335,6255
6255,20,1400000,15300,user_10,335,335,
6274,21,1400000,0,user_28,335,335,
6290,22,910000,322000,user_41,335,335,
6301,23,0,0,builder_0,335,335,6290
6271,24,170000,959000,user_26,335,335,
6302,25,0,0,builder_0,335,335,6271
6281,26,600000,510000,user_32,335,335,
6303,27,0,0,builder_0,335,335,6281
6272,28,1000000,108000,user_27,335,335,
6304,29,0,0,builder_0,335,335,6272
6265,30,1100000,0,user_20,335,335,
6251,31,1000000,0,user_6,335,335,
6287,32,1000000,0,user_36,335,335,
6289,33,970000,0,user_37,335,335,
6270,34,910000,0,user_25,335,335,
6291,35,630000,0,user_44,335,335,
6275,36,460000,0,user_28,335,335,
6266,37,420000,0,user_21,335,335,
6278,38,420000,0,user_31,335,335,
6280,39,420000,0,user_32,335,335,
6257,40,260000,0,user_13,335,335,
6252,41,220000,0,user_7,335,335,
6305,42,0,0,builder_0,335,335,6277
6277,43,150000,35600,user_30,335,335,
6306,44,0,0,builder_0,335,335,6273
6273,45,77000,84800,user_28,335,335,
6269,46,160000,0,user_25,335,335,
6261,47,150000,0,user_17,335,335,
6283,48,150000,0,user_35,335,335,
6307,49,0,0,builder_0,335,335,6264
6264,50,84000,46500,user_18,335,335,
6263,51,130000,0,user_18,335,335,
6254,52,120000,0,user_10,335,335,
6267,53,110000,0,user_23,335,335,
6292,54,110000,0,user_44,335,335,
6285,55,87000,0,user_36,335,335,
6276,56,79000,0,user_30,335,335,
6268,57,77000,0,user_25,335,335,
6394,,6300000,0,user_2,336,,
6395,,530000,164000,user_5,336,,
6396,,1000000,0,user_5,336,,
6397,,1100000,0,user_7,336,,
6398,,84000,0,user_8,336,,
6399,,150000,0,user_9,336,,
6400,,27000000,0,user_11,336,,
6401,,220000,0,user_12,336,,
6402,,77000,0,user_14,336,,
6403,,150000,0,user_15,336,,
6404,,650000,0,user_16,336,,
6405,,3500000,0,user_16,336,,
6406,,3200000,0,user_17,336,,
6407,,43000000,0,user_17,336,,
6408,,84000,0,user_18,336,,
6409,,1200000,0,user_22,336,,
6410,,2100000,0,user_23,336,,
6411,,340000,0,user_25,336,,
6412,,2500000,14200,user_25,336,,
6413,,160000,0,user_28,336,,
6414,,98000,0,user_29,336,,
6415,,170000,0,user_29,336,,
6416,,100000,0,user_29,336,,
6417,,3200000,0,user_33,336,,
6418,,130000,0,user_33,336,,
6419,,650000,0,user_35,336,,
6420,,150000,0,user_35,336,,
6421,,5000000,0,user_36,336,,
6422,,160000,17000,user_38,336,,
6423,,470000,0,user_39,336,,
6424,,43000000,0,user_40,336,,
6425,,2500000,0,user_45,336,,
6426,,220000,0,user_45,336,,
6427,,320000,0,user_46,336,,
6428,,19000000,0,user_48,336,,
6429,,79000,0,user_48,336,,
6430,,1600000,0,user_49,336,,
6407,0,43000000,0,user_17,336,336,
6424,1,43000000,0,user_40,336,336,
6400,2,27000000,0,user_11,336,336,
6428,3,19000000,0,user_48,336,336,
6394,4,6300000,0,user_2,336,336,
6421,5,5000000,0,user_36,336,336,
6405,6,3500000,0,user_16,336,336,
6406,7,3200000,0,user_17,336,336,
6417,8,3200000,0,user_33,336,336,
6412,9,2500000,14200,user_25,336,336,
6425,10,2500000,0,user_45,336,336,
6410,11,2100000,0,user_23,336,336,
6430,12,1600000,0,user_49,336,336,
6409,13,1200000,0,user_22,336,336,
6397,14,1100000,0,user_7,336,336,
6396,15,1000000,0,user_5,336,336,
6404,16,650000,0,user_16,336,336,
6419,17,650000,0,user_35,336,336,
6395,18,530000,164000,user_5,336,336,
6411,19,340000,0,user_25,336,336,
6427,20,320000,0,user_46,336,336,
6426,21,220000,0,user_45,336,336,
6415,22,170000,0,user_29,336,336,
6422,23,160000,17000,user_38,336,336,
6399,24,150000,0,user_9,336,336,
6403,25,150000,0,user_15,336,336,
6420,26,150000,0,user_35,336,336,
6418,27,130000,0,user_33,336,336,
6416,28,100000,0,user_29,336,336,
6414,29,98000,0,user_29,336,336,
6398,30,84000,0,user_8,336,336,
6408,31,84000,0,user_18,336,336,
6429,32,79000,0,user_48,336,336,
6402,33,77000,0,user_14,336,336,
6453,,120000,0,user_0,337,,
6454,,2500000,139000,user_0,337,,
6455,,260000,0,user_1,337,,
6456,,650000,0,user_3,337,,
6457,,650000,6390,user_4,337,,
6458,,160000,15100,user_4,337,,
6459,,120000,0,user_5,337,,
6460,,370000,0,user_6,337,,
6461,,170000,0,user_6,337,,
6462,,3500000,0,user_7,337,,
6463,,1100000,0,user_8,337,,
6464,,85000,0,user_10,337,,
6465,,600000,0,user_10,337,,
6466,,3500000,0,user_11,337,,
6467,,220000,0,user_11,337,,
6468,,27000000,0,user_12,337,,
6469,,650000,0,user_13,337,,
6470,,5000000,0,user_13,337,,
6471,,970000,0,user_14,337,,
6472,,870000,0,user_15,337,,
6473,,110000,0,user_15,337,,
6474,,220000,0,user_16,337,,
6475,,1900000,5180,user_18,337,,
6476,,530000,0,user_19,337,,
6477,,970000,0,user_19,337,,
6478,,120000,0,user_19,337,,
6479,,460000,0,user_20,337,,
6480,,83000,68100,user_21,337,,
6481,,1100000,0,user_22,337,,
6482,,340000,0,user_23,337,,
6483,,910000,0,user_24,337,,
6484,,110000,0,user_25,337,,
6485,,110000,0,user_26,337,,
6486,,2000000,11200,user_26,337,,
6487,,30000000,0,user_27,337,,
6488,,170000,0,user_29,337,,
6489,,260000,0,user_30,337,,
6490,,1500000,0,user_30,337,,
6491,,73000,0,user_30,337,,
6492,,5000000,0,user_30,337,,
6493,,460000,0,user_30,337,,
6494,,6300000,0,user_31,337,,
6495,,600000,6390,user_33,337,,
6496,,310000,0,user_34,337,,
6497,,310000,0,user_34,337,,
6498,,1900000,0,user_35,337,,
6499,,160000,0,user_37,337,,
6500,,83000,0,user_39,337,,
6501,,1500000,0,user_40,337,,
6502,,420000,0,user_41,337,,
6503,,370000,0,user_42,337,,
6504,,30000000,0,user_44,337,,
6505,,260000,0,user_45,337,,
6506,,1600000,0,user_45,337,,
6507,,260000,0,user_45,337,,
6508,,160000,0,user_47,337,,
6487,0,30000000,0,user_27,337,337,
6504,1,30000000,0,user_44,337,337,
6468,2,27000000,0,user_12,337,337,
6494,3,6300000,0,user_31,337,337,
6470,4,5000000,0,user_13,337,337,
6492,5,5000000,0,user_30,337,337,
6462,6,3500000,0,user_7,337,337,
6466,7,3500000,0,user_11,337,337,
6454,8,2500000,139000,user_0,337,337,
6486,9,2000000,11200,user_26,337,337,
6475,10,1900000,5180,user_18,337,337,
6498,11,1900000,0,user_35,337,337,
6506,12,1600000,0,user_45,337,337,
6490,13,1500000,0,user_30,337,337,
6501,14,1500000,0,user_40,337,337,
6463,15,1100000,0,user_8,337,337,
6481,16,1100000,0,user_22,337,337,
6472,17,870000,0,user_15,337,337,
6456,18,650000,0,user_3,337,337,
6457,19,650000,6390,user_4,337,337,
6469,20,650000,0,user_13,337,337,
6465,21,600000,0,user_10,337,337,
6495,22,600000,6390,user_33,337,337,
6479,23,460000,0,user_20,337,337,
6493,24,460000,0,user_30,337,337,
6502,25,420000,0,user_41,337,337,
6460,26,370000,0,user_6,337,337,
6503,27,370000,0,user_42,337,337,
6482,28,340000,0,user_23,337,337,
6496,29,310000,0,user_34,337,337,
6497,30,310000,0,user_34,337,337,
6455,31,260000,0,user_1,337,337,
6489,32,260000,0,user_30,337,337,
6505,33,260000,0,user_45,337,337,
6507,34,260000,0,user_45,337,337,
6467,35,220000,0,user_11,337,337,
6474,36,220000,0,user_16,337,337,
6461,37,170000,0,user_6,337,337,
6488,38,170000,0,user_29,337,337,
6458,39,160000,15100,user_4,337,337,
6499,40,160000,0,user_37,337,337,
6508,41,160000,0,user_47,337,337,
6453,42,120000,0,user_0,337,337,
6459,43,120000,0,user_5,337,337,
6473,44,110000,0,user_15,337,337,
6484,45,110000,0,user_25,337,337,
6485,46,110000,0,user_26,337,337,
6464,47,85000,0,user_10,337,337,
6480,48,83000,68100,user_21,337,337,
6500,49,83000,0,user_39,337,337,
6491,50,73000,0,user_30,337,337,
6559,,6100000,15300,user_1,338,,
6560,,1300000,84800,user_2,338,,
6561,,84000,0,user_3,338,,
6562,,660000,0,user_5,338,,
6563,,4200000,0,user_6,338,,
6564,,73000,49100,user_6,338,,
6565,,160000,12300,user_6,338,,
6566,,170000,0,user_11,338,,
6567,,2100000,0,user_13,338,,
6568,,77000,0,user_15,338,,
6569,,130000,139000,user_16,338,,
6570,,1600000,0,user_17,338,,
6571,,110000,0,user_18,338,,
6572,,70000,0,user_18,338,,
6573,,77000,0,user_19,338,,
6574,,19000000,0,user_19,338,,
6575,,79000,0,user_20,338,,
6576,,460000,0,user_23,338,,
6577,,1800000,0,user_23,338,,
6578,,600000,13900,user_24,338,,
6579,,220000,0,user_25,338,,
6580,,260000,0,user_26,338,,
6581,,2000000,0,user_27,338,,
6582,,1500000,215000,user_28,338,,
6583,,2000000,0,user_29,338,,
6584,,220000,0,user_30,338,,
6585,,2500000,32900,user_30,338,,
6586,,2600000,0,user_30,338,,
6587,,150000,350000,user_31,338,,
6588,,120000,0,user_33,338,,
6589,,2300000,0,user_33,338,,
6590,,1600000,0,user_34,338,,
6591,,600000,100000,user_34,338,,
6592,,310000,0,user_36,338,,
6593,,110000,0,user_37,338,,
6594,,120000,0,user_38,338,,
6595,,260000,0,user_38,338,,
6596,,260000,0,user_39,338,,
6597,,2000000,0,user_40,338,,
6598,,470000,0,user_41,338,,
6599,,77000,231000,user_42,338,,
6600,,3200000,0,user_44,338,,
6601,,870000,0,user_45,338,,
6602,,160000,0,user_45,338,,
6603,,600000,0,user_46,338,,
6604,,470000,181000,user_46,338,,
6605,,3200000,56200,user_47,338,,
6606,,220000,0,user_48,338,,
6607,,420000,0,user_49,338,,
6574,0,19000000,0,user_19,338,338,
6559,1,6100000,15300,user_1,338,338,
6563,2,4200000,0,user_6,338,338,
6600,3,3200000,0,user_44,338,338,
6605,4,3200000,56200,user_47,338,338,
6586,5,2600000,0,user_30,338,338,
6585,6,2500000,32900,user_30,338,338,
6589,7,2300000,0,user_33,338,338,
6567,8,2100000,0,user_13,338,338,
6581,9,2000000,0,user_27,338,338,
6583,10,2000000,0,user_29,338,338,
6597,11,2000000,0,user_40,338,338,
6577,12,1800000,0,user_23,338,338,
6570,13,1600000,0,user_17,338,338,
6590,14,1600000,0,user_34,338,338,
6582,15,1500000,215000,user_28,338,338,
6560,16,1300000,84800,user_2,338,338,
6562,17,660000,0,user_5,338,338,
6578,18,600000,13900,user_24,338,338,
6591,19,600000,100000,user_34,338,338,
6576,20,460000,0,user_23,338,338,
6607,21,420000,0,user_49,338,338,
6592,22,310000,0,user_36,338,338,
6580,23,260000,0,user_26,338,338,
6595,24,260000,0,user_38,338,338,
6596,25,260000,0,user_39,338,338,
6579,26,220000,0,user_25,338,338,
6584,27,220000,0,user_30,338,338,
6606,28,220000,0,user_48,338,338,
6565,29,160000,12300,user_6,338,338,
6587,30,150000,350000,user_31,338,338,
6588,31,120000,0,user_33,338,338,
6594,32,120000,0,user_38,338,338,
6571,33,110000,0,user_18,338,338,
6593,34,110000,0,user_37,338,338,
6561,35,84000,0,user_3,338,338,
6575,36,79000,0,user_20,338,338,
6568,37,77000,0,user_15,338,338,
6573,38,77000,0,user_19,338,338,
6599,39,77000,231000,user_42,338,338,
6564,40,73000,49100,user_6,338,338,
6572,41,70000,0,user_18,338,338,
6694,,2000000,34700,user_2,339,,
6695,,530000,42000,user_3,339,,
6696,,630000,0,user_4,339,,
6697,,2000000,0,user_4,339,,
6698,,1500000,0,user_6,339,,
6699,,1000000,0,user_6,339,,
6700,,6100000,49100,user_7,339,,
6701,,120000,0,user_9,339,,
6702,,630000,15700,user_10,339,,
6703,,1300000,0,user_10,339,,
6704,,85000,0,user_12,339,,
6705,,110000,0,user_12,339,,
6706,,300000,0,user_12,339,,
6707,,170000,0,user_12,339,,
6708,,150000,0,user_12,339,,
6709,,1500000,0,user_14,339,,
6710,,1800000,0,user_14,339,,
6711,,1500000,0,user_14,339,,
6712,,2300000,0,user_14,339,,
6713,,1500000,15300,user_14,339,,
6714,,150000,0,user_15,339,,
6715,,120000,0,user_15,339,,
6716,,70000,4320000,user_16,339,,
6717,,110000,0,user_16,339,,
6718,,30000000,0,user_16,339,,
6719,,1300000,0,user_16,339,,
6720,,360000,0,user_16,339,,
6721,,870000,0,user_17,339,,
6722,,220000,0,user_18,339,,
6723,,3500000,0,user_22,339,,
6724,,120000,0,user_25,339,,
6725,,73000,0,user_27,339,,
6726,,79000,410000,user_28,339,,
6727,,80000,100000,user_28,339,,
6728,,370000,0,user_29,339,,
6729,,350000,0,user_30,339,,
6730,,160000,0,user_30,339,,
6731,,3500000,35600,user_32,339,,
6732,,220000,369000,user_33,339,,
6733,,5000000,0,user_34,339,,
6734,,5000000,0,user_34,339,,
6735,,87000,100000,user_34,339,,
6736,,460000,15100,user_34,339,,
6737,,100000,0,user_34,339,,
6738,,80000,0,user_35,339,,
6739,,5000000,0,user_35,339,,
6740,,2000000,30200,user_35,339,,
6741,,220000,0,user_35,339,,
6742,,43000000,0,user_36,339,,
6743,,5200000,0,user_37,339,,
6744,,530000,0,user_38,339,,
6745,,150000,0,user_39,339,,
6746,,3200000,0,user_40,339,,
6747,,1500000,0,user_41,339,,
6748,,460000,0,user_42,339,,
6749,,260000,0,user_42,339,,
6750,,2100000,0,user_43,339,,
6751,,84000,108000,user_43,339,,
6752,,30000000,0,user_45,339,,
6753,,170000,0,user_46,339,,
6754,,260000,0,user_46,339,,
6755,,98000,0,user_48,339,,
6756,,170000,0,user_49,339,,
6742,0,43000000,0,user_36,339,339,
6718,1,30000000,0,user_16,339,339,
6752,2,30000000,0,user_45,339,339,
6743,3,5200000,0,user_37,339,339,
6733,4,5000000,0,user_34,339,339,
6734,5,5000000,0,user_34,339,339,
6739,6,5000000,0,user_35,339,339,
6801,7,0,0,builder_4,339,339,6716
6716,8,70000,4320000,user_16,339,339,
6802,9,0,0,builder_4,339,339,6731
6731,10,3500000,35600,user_32,339,339,
6723,11,3500000,0,user_22,339,339,
6746,12,3200000,0,user_40,339,339,
6712,13,2300000,0,user_14,339,339,
6750,14,2100000,0,user_43,339,339,
6803,15,0,0,builder_4,339,339,6694
6694,16,2000000,34700,user_2,339,339,
6804,17,0,0,builder_4,339,339,6740
6740,18,2000000,30200,user_35,339,339,
6697,19,2000000,0,user_4,339,339,
6710,20,1800000,0,user_14,339,339,
6805,21,0,0,builder_4,339,339,6713
6713,22,1500000,15300,user_14,339,339,
6698,23,1500000,0,user_6,339,339,
6709,24,1500000,0,user_14,339,339,
6711,25,1500000,0,user_14,339,339,
6747,26,1500000,0,user_41,339,339,
6703,27,1300000,0,user_10,339,339,
6719,28,1300000,0,user_16,339,339,
6699,29,1000000,0,user_6,339,339,
6721,30,870000,0,user_17,339,339,
6702,31,630000,15700,user_10,339,339,
6806,32,0,0,builder_4,339,339,6702
6696,33,630000,0,user_4,339,339,
6807,34,0,0,builder_4,339,339,6732
6732,35,220000,369000,user_33,339,339,
6695,36,530000,42000,user_3,339,339,
6808,37,0,0,builder_4,339,339,6695
6744,38,530000,0,user_38,339,339,
6809,39,0,0,builder_4,339,339,6726
6726,40,79000,410000,user_28,339,339,
6736,41,460000,15100,user_34,339,339,
6810,42,0,0,builder_4,339,339,6736
6748,43,460000,0,user_42,339,339,
6728,44,370000,0,user_29,339,339,
6720,45,360000,0,user_16,339,339,
6729,46,350000,0,user_30,339,339,
6706,47,300000,0,user_12,339,339,
6749,48,260000,0,user_42,339,339,
6754,49,260000,0,user_46,339,339,
6722,50,220000,0,user_18,339,339,
6741,51,220000,0,user_35,339,339,
6751,52,84000,108000,user_43,339,339,
6811,53,0,0,builder_4,339,339,6751
6735,54,87000,100000,user_34,339,339,
6812,55,0,0,builder_4,339,339,6735
6727,56,80000,100000,user_28,339,339,
6813,57,0,0,builder_4,339,339,6727
6707,58,170000,0,user_12,339,339,
6753,59,170000,0,user_46,339,339,
6756,60,170000,0,user_49,339,339,
6730,61,160000,0,user_30,339,339,
6708,62,150000,0,user_12,339,339,
6701,63,120000,0,user_9,339,339,
6724,64,120000,0,user_25,339,339,
6705,65,110000,0,user_12,339,339,
6717,66,110000,0,user_16,339,339,
6737,67,100000,0,user_34,339,339,
6755,68,98000,0,user_48,339,339,
6704,69,85000,0,user_12,339,339,
6738,70,80000,0,user_35,339,339,
6725,71,73000,0,user_27,339,339,
6856,,5000000,0,user_1,340,,
6857,,460000,0,user_1,340,,
6858,,870000,0,user_2,340,,
6859,,2300000,0,user_3,340,,
6860,,370000,0,user_4,340,,
6861,,2000000,5180,user_6,340,,
6862,,1400000,0,user_7,340,,
6863,,110000,181000,user_7,340,,
6864,,670000,0,user_8,340,,
6865,,220000,0,user_8,340,,
6866,,1400000,0,user_9,340,,
6867,,170000,0,user_10,340,,
6868,,170000,0,user_11,340,,
6869,,5000000,0,user_12,340,,
6870,,650000,0,user_13,340,,
6871,,27000000,0,user_15,340,,
6872,,3600000,15700,user_16,340,,
6873,,650000,0,user_17,340,,
6874,,310000,0,user_18,340,,
6875,,2600000,0,user_19,340,,
6876,,310000,0,user_19,340,,
6877,,2000000,0,user_20,340,,
6878,,360000,0,user_21,340,,
6879,,420000,0,user_23,340,,
6880,,1400000,0,user_25,340,,
6881,,670000,0,user_28,340,,
6882,,5000000,0,user_30,340,,
6883,,310000,0,user_32,340,,
6884,,150000,0,user_34,340,,
6885,,2600000,68100,user_38,340,,
6886,,220000,42000,user_39,340,,
6887,,150000,10700,user_40,340,,
6888,,420000,0,user_41,340,,
6889,,240000,0,user_42,340,,
6890,,3500000,0,user_42,340,,
6891,,1500000,0,user_44,340,,
6892,,98000,0,user_44,340,,
6893,,87000,0,user_45,340,,
6894,,1200000,0,user_45,340,,
6895,,110000,0,user_46,340,,
6896,,70000,0,user_49,340,,
6897,,2300000,0,user_49,340,,
6871,0,27000000,0,user_15,340,340,
6856,1,5000000,0,user_1,340,340,
6869,2,5000000,0,user_12,340,340,
6882,3,5000000,0,user_30,340,340,
6872,4,3600000,15700,user_16,340,340,
6890,5,3500000,0,user_42,340,340,
6875,6,2600000,0,user_19,340,340,
6859,7,2300000,0,user_3,340,340,
6897,8,2300000,0,user_49,340,340,
6861,9,2000000,5180,user_6,340,340,
6877,10,2000000,0,user_20,340,340,
6891,11,1500000,0,user_44,340,340,
6862,12,1400000,0,user_7,340,340,
6880,13,1400000,0,user_25,340,340,
6894,14,1200000,0,user_45,340,340,
6858,15,870000,0,user_2,340,340,
6864,16,670000,0,user_8,340,340,
6881,17,670000,0,user_28,340,340,
6870,18,650000,0,user_13,340,340,
6873,19,650000,0,user_17,340,340,
6857,20,460000,0,user_1,340,340,
6879,21,420000,0,user_23,340,340,
6888,22,420000,0,user_41,340,340,
6860,23,370000,0,user_4,340,340,
6878,24,360000,0,user_21,340,340,
6874,25,310000,0,user_18,340,340,
6876,26,310000,0,user_19,340,340,
6883,27,310000,0,user_32,340,340,
6889,28,240000,0,user_42,340,340,
6865,29,220000,0,user_8,340,340,
6886,30,220000,42000,user_39,340,340,
6868,31,170000,0,user_11,340,340,
6884,32,150000,0,user_34,340,340,
6887,33,150000,10700,user_40,340,340,
6863,34,110000,181000,user_7,340,340,
6895,35,110000,0,user_46,340,340,
6892,36,98000,0,user_44,340,340,
6893,37,87000,0,user_45,340,340,
6896,38,70000,0,user_49,340,340,
6940,,83000,0,user_1,341,,
6941,,1700000,56200,user_2,341,,
6942,,150000,0,user_4,341,,
6943,,150000,0,user_5,341,,
6944,,310000,0,user_5,341,,
6945,,530000,0,user_7,341,,
6946,,260000,0,user_8,341,,
6947,,150000,0,user_9,341,,
6948,,120000,0,user_9,341,,
6949,,27000000,47700,user_10,341,,
6950,,77000,0,user_10,341,,
6951,,1800000,0,user_10,341,,
6952,,3500000,0,user_10,341,,
6953,,420000,0,user_10,341,,
6954,,650000,0,user_12,341,,
6955,,2000000,0,user_12,341,,
6956,,1100000,0,user_13,341,,
6957,,84000,35100,user_14,341,,
6958,,470000,0,user_15,341,,
6959,,530000,0,user_16,341,,
6960,,1700000,195000,user_17,341,,
6961,,150000,71800,user_20,341,,
6962,,2100000,5180,user_20,341,,
6963,,160000,0,user_22,341,,
6964,,1700000,0,user_23,341,,
6965,,120000,0,user_24,341,,
6966,,220000,0,user_25,341,,
6967,,87000,0,user_30,341,,
6968,,340000,0,user_31,341,,
6969,,1000000,0,user_32,341,,
6970,,110000,0,user_33,341,,
6971,,300000,0,user_34,341,,
6972,,1800000,0,user_36,341,,
6973,,260000,594000,user_36,341,,
6974,,1900000,215000,user_37,341,,
6975,,87000,0,user_37,341,,
6976,,3200000,18600,user_39,341,,
6977,,150000,46500,user_41,341,,
6978,,120000,0,user_41,341,,
6979,,350000,0,user_42,341,,
6980,,870000,73100,user_43,341,,
6981,,1700000,0,user_44,341,,
6982,,600000,0,user_45,341,,
6983,,600000,0,user_47,341,,
6984,,30000000,0,user_47,341,,
6985,,80000,0,user_48,341,,
6986,,220000,0,user_49,341,,
6984,0,30000000,0,user_47,341,341,
7012,1,0,0,builder_3,341,341,6949
6949,2,27000000,47700,user_10,341,341,
6952,3,3500000,0,user_10,341,341,
6976,4,3200000,18600,user_39,341,341,
7013,5,0,0,builder_3,341,341,6976
6974,6,1900000,215000,user_37,341,341,
7014,7,0,0,builder_3,341,341,6974
6962,8,2100000,5180,user_20,341,341,
7015,9,0,0,builder_3,341,341,6962
6955,10,2000000,0,user_12,341,341,
6960,11,1700000,195000,user_17,341,341,
7016,12,0,0,builder_3,341,341,6960
6951,13,1800000,0,user_10,341,341,
6972,14,1800000,0,user_36,341,341,
7017,15,0,0,builder_3,341,341,6941
6941,16,1700000,56200,user_2,341,341,
6964,17,1700000,0,user_23,341,341,
6981,18,1700000,0,user_44,341,341,
6956,19,1100000,0,user_13,341,341,
6969,20,1000000,0,user_32,341,341,
7018,21,0,0,builder_3,341,341,6980
6980,22,870000,73100,user_43,341,341,
6973,23,260000,594000,user_36,341,341,
7019,24,0,0,builder_3,341,341,6973
6954,25,650000,0,user_12,341,341,
6982,26,600000,0,user_45,341,341,
6983,27,600000,0,user_47,341,341,
6945,28,530000,0,user_7,341,341,
6958,29,470000,0,user_15,341,341,
6953,30,420000,0,user_10,341,341,
6979,31,350000,0,user_42,341,341,
6968,32,340000,0,user_31,341,341,
6944,33,310000,0,user_5,341,341,
6971,34,300000,0,user_34,341,341,
7020,35,0,0,builder_3,341,341,6961
6961,36,150000,71800,user_20,341,341,
6986,37,220000,0,user_49,341,341,
6977,38,150000,46500,user_41,341,341,
7021,39,0,0,builder_3,341,341,6977
6963,40,160000,0,user_22,341,341,
6942,41,150000,0,user_4,341,341,
6943,42,150000,0,user_5,341,341,
6965,43,120000,0,user_24,341,341,
6978,44,120000,0,user_41,341,341,
6957,45,84000,35100,user_14,341,341,
7022,46,0,0,builder_3,341,341,6957
6970,47,110000,0,user_33,341,341,
6967,48,87000,0,user_30,341,341,
6975,49,87000,0,user_37,341,341,
6985,50,80000,0,user_48,341,341,
6950,51,77000,0,user_10,341,341,
7068,,98000,0,user_2,342,,
7069,,1400000,0,user_2,342,,
7070,,1300000,4320000,user_5,342,,
7071,,1900000,0,user_5,342,,
7072,,2000000,0,user_5,342,,
7073,,120000,121000,user_6,342,,
7074,,6300000,14200,user_8,342,,
7075,,79000,64600,user_8,342,,
7076,,87000,0,user_8,342,,
7077,,6300000,35600,user_8,342,,
7078,,370000,0,user_9,342,,
7079,,660000,0,user_9,342,,
7080,,5000000,0,user_9,342,,
7081,,98000,0,user_9,342,,
7082,,2100000,0,user_9,342,,
7083,,1600000,0,user_10,342,,
7084,,350000,13900,user_11,342,,
7085,,1000000,0,user_11,342,,
7086,,530000,0,user_12,342,,
7087,,160000,0,user_15,342,,
7088,,2000000,0,user_16,342,,
7089,,670000,0,user_17,342,,
7090,,660000,73100,user_17,342,,
7091,,82000,64600,user_18,342,,
7092,,85000,0,user_20,342,,
7093,,43000000,128000,user_22,342,,
7094,,2400000,121000,user_24,342,,
7095,,120000,0,user_27,342,,
7096,,1400000,75000,user_28,342,,
7097,,19000000,164000,user_29,342,,
7098,,2000000,0,user_30,342,,
7099,,310000,7840,user_30,342,,
7100,,470000,0,user_30,342,,
7101,,19000000,0,user_32,342,,
7102,,910000,0,user_33,342,,
7103,,630000,0,user_34,342,,
7104,,79000,0,user_34,342,,
7105,,19000000,0,user_34,342,,
7106,,360000,0,user_34,342,,
7107,,460000,66100,user_34,342,,
7108,,30000000,68100,user_35,342,,
7109,,160000,0,user_35,342,,
7110,,170000,6390,user_36,342,,
7111,,120000,0,user_36,342,,
7112,,1500000,0,user_39,342,,
7113,,2300000,510000,user_39,342,,
7114,,5200000,0,user_40,342,,
7115,,1200000,0,user_41,342,,
7116,,85000,0,user_42,342,,
7117,,1200000,49100,user_42,342,,
7118,,70000,0,user_43,342,,
7119,,130000,0,user_47,342,,
7120,,300000,0,user_47,342,,
7121,,460000,510000,user_49,342,,
7093,0,43000000,128000,user_22,342,342,
7108,1,30000000,68100,user_35,342,342,
7097,2,19000000,164000,user_29,342,342,
7101,3,19000000,0,user_32,342,342,
7105,4,19000000,0,user_34,342,342,
7074,5,6300000,14200,user_8,342,342,
7077,6,6300000,35600,user_8,342,342,
7114,7,5200000,0,user_40,342,342,
7080,8,5000000,0,user_9,342,342,
7094,9,2400000,121000,user_24,342,342,
7082,10,2100000,0,user_9,342,342,
7072,11,2000000,0,user_5,342,342,
7088,12,2000000,0,user_16,342,342,
7098,13,2000000,0,user_30,342,342,
7071,14,1900000,0,user_5,342,342,
7083,15,1600000,0,user_10,342,342,
7069,16,1400000,0,user_2,342,342,
7070,17,1300000,4320000,user_5,342,342,
7115,18,1200000,0,user_41,342,342,
7117,19,1200000,49100,user_42,342,342,
7085,20,1000000,0,user_11,342,342,
7102,21,910000,0,user_33,342,342,
7089,22,670000,0,user_17,342,342,
7079,23,660000,0,user_9,342,342,
7090,24,660000,73100,user_17,342,342,
7103,25,630000,0,user_34,342,342,
7100,26,470000,0,user_30,342,342,
7107,27,460000,66100,user_34,342,342,
7121,28,460000,510000,user_49,342,342,
7078,29,370000,0,user_9,342,342,
7106,30,360000,0,user_34,342,342,
7084,31,350000,13900,user_11,342,342,
7099,32,310000,7840,user_30,342,342,
7120,33,300000,0,user_47,342,342,
7110,34,170000,6390,user_36,342,342,
7087,35,160000,0,user_15,342,342,
7109,36,160000,0,user_35,342,342,
7119,37,130000,0,user_47,342,342,
7073,38,120000,121000,user_6,342,342,
7095,39,120000,0,user_27,342,342,
7111,40,120000,0,user_36,342,342,
7068,41,98000,0,user_2,342,342,
7081,42,98000,0,user_9,342,342,
7076,43,87000,0,user_8,342,342,
7092,44,85000,0,user_20,342,342,
7116,45,85000,0,user_42,342,342,
7091,46,82000,64600,user_18,342,342,
7075,47,79000,64600,user_8,342,342,
7104,48,79000,0,user_34,342,342,
7118,49,70000,0,user_43,342,342,
7251,,1100000,19700,user_0,343,,
7252,,5000000,0,user_1,343,,
7253,,4500000,0,user_2,343,,
7254,,150000,0,user_3,343,,
7255,,5000000,0,user_4,343,,
7256,,240000,0,user_5,343,,
7257,,170000,0,user_7,343,,
7258,,98000,0,user_9,343,,
7259,,1600000,0,user_14,343,,
7260,,150000,0,user_14,343,,
7261,,1000000,0,user_15,343,,
7262,,73000,7840,user_17,343,,
7263,,110000,0,user_18,343,,
7264,,1000000,0,user_18,343,,
7265,,2000000,0,user_20,343,,
7266,,170000,779000,user_21,343,,
7267,,2000000,0,user_22,343,,
7268,,2100000,0,user_22,343,,
7269,,310000,0,user_24,343,,
7270,,150000,0,user_26,343,,
7271,,1000000,0,user_27,343,,
7272,,120000,0,user_28,343,,
7273,,1400000,0,user_29,343,,
7274,,970000,0,user_32,343,,
7275,,340000,0,user_34,343,,
7276,,1000000,15700,user_35,343,,
7277,,2100000,0,user_35,343,,
7278,,190000,0,user_36,343,,
7279,,1500000,0,user_36,343,,
7280,,110000,0,user_36,343,,
7281,,220000,0,user_36,343,,
7282,,1400000,0,user_36,343,,
7283,,120000,43600,user_37,343,,
7284,,1700000,12800,user_37,343,,
7285,,220000,181000,user_38,343,,
7286,,87000,0,user_39,343,,
7287,,460000,0,user_40,343,,
7288,,1500000,7840,user_40,343,,
7289,,2300000,0,user_40,343,,
7290,,1600000,0,user_40,343,,
7291,,460000,0,user_41,343,,
7292,,30000000,0,user_49,343,,
7292,0,30000000,0,user_49,343,343,
7252,1,5000000,0,user_1,343,343,
7255,2,5000000,0,user_4,343,343,
7253,3,4500000,0,user_2,343,343,
7289,4,2300000,0,user_40,343,343,
7268,5,2100000,0,user_22,343,343,
7277,6,2100000,0,user_35,343,343,
7265,7,2000000,0,user_20,343,343,
7267,8,2000000,0,user_22,343,343,
7284,9,1700000,12800,user_37,343,343,
7322,10,0,0,builder_4,343,343,7284
7259,11,1600000,0,user_14,343,343,
7290,12,1600000,0,user_40,343,343,
7288,13,1500000,7840,user_40,343,343,
7323,14,0,0,builder_4,343,343,7288
7279,15,1500000,0,user_36,343,343,
7273,16,1400000,0,user_29,343,343,
7282,17,1400000,0,user_36,343,343,
7324,18,0,0,builder_4,343,343,7251
7251,19,1100000,19700,user_0,343,343,
7276,20,1000000,15700,user_35,343,343,
7325,21,0,0,builder_4,343,343,7276
7264,22,1000000,0,user_18,343,343,
7271,23,1000000,0,user_27,343,343,
7274,24,970000,0,user_32,343,343,
7266,25,170000,779000,user_21,343,343,
7326,26,0,0,builder_4,343,343,7266
7287,27,460000,0,user_40,343,343,
7291,28,460000,0,user_41,343,343,
7285,29,220000,181000,user_38,343,343,
7327,30,0,0,builder_4,343,343,7285
7275,31,340000,0,user_34,343,343,
7269,32,310000,0,user_24,343,343,
7281,33,220000,0,user_36,343,343,
7278,34,190000,0,user_36,343,343,
7328,35,0,0,builder_4,343,343,7283
7283,36,120000,43600,user_37,343,343,
7254,37,150000,0,user_3,343,343,
7260,38,150000,0,user_14,343,343,
7270,39,150000,0,user_26,343,343,
7272,40,120000,0,user_28,343,343,
7263,41,110000,0,user_18,343,343,
7280,42,110000,0,user_36,343,343,
7258,43,98000,0,user_9,343,343,
7262,44,73000,7840,user_17,343,343,
7329,45,0,0,builder_4,343,343,7262
7355,,660000,0,user_0,344,,
7356,,260000,0,user_1,344,,
7357,,83000,0,user_2,344,,
7358,,120000,19700,user_2,344,,
7359,,870000,13900,user_2,344,,
7360,,370000,0,user_2,344,,
7361,,1500000,0,user_3,344,,
7362,,120000,0,user_3,344,,
7363,,5200000,0,user_4,344,,
7364,,1600000,0,user_5,344,,
7365,,600000,0,user_6,344,,
7366,,1100000,0,user_7,344,,
7367,,1900000,17000,user_9,344,,
7368,,160000,0,user_9,344,,
7369,,1700000,0,user_10,344,,
7370,,110000,0,user_10,344,,
7371,,470000,15700,user_10,344,,
7372,,170000,84800,user_12,344,,
7373,,120000,545000,user_13,344,,
7374,,1500000,0,user_14,344,,
7375,,240000,0,user_15,344,,
7376,,2400000,32900,user_15,344,,
7377,,43000000,0,user_17,344,,
7378,,6300000,0,user_18,344,,
7379,,43000000,0,user_20,344,,
7380,,460000,0,user_27,344,,
7381,,5000000,0,user_28,344,,
7382,,85000,0,user_29,344,,
7383,,660000,0,user_29,344,,
7384,,530000,68100,user_29,344,,
7385,,1900000,0,user_30,344,,
7386,,660000,0,user_31,344,,
7387,,19000000,0,user_32,344,,
7388,,1800000,779000,user_33,344,,
7389,,3200000,0,user_34,344,,
7390,,150000,0,user_37,344,,
7391,,19000000,0,user_37,344,,
7392,,2100000,71800,user_37,344,,
7393,,170000,0,user_37,344,,
7394,,150000,0,user_37,344,,
7395,,87000,17000,user_38,344,,
7396,,630000,0,user_38,344,,
7397,,120000,0,user_40,344,,
7398,,130000,0,user_40,344,,
7399,,5000000,0,user_41,344,,
7400,,80000,0,user_42,344,,
7401,,300000,0,user_43,344,,
7402,,2000000,0,user_44,344,,
7403,,2000000,0,user_45,344,,
7404,,110000,0,user_46,344,,
7405,,1400000,0,user_46,344,,
7406,,320000,0,user_47,344,,
7407,,2500000,0,user_48,344,,
7408,,120000,14200,user_49,344,,
7377,0,43000000,0,user_17,344,344,
7379,1,43000000,0,user_20,344,344,
7387,2,19000000,0,user_32,344,344,
7391,3,19000000,0,user_37,344,344,
7378,4,6300000,0,user_18,344,344,
7363,5,5200000,0,user_4,344,344,
7381,6,5000000,0,user_28,344,344,
7399,7,5000000,0,user_41,344,344,
7389,8,3200000,0,user_34,344,344,
7438,9,0,0,builder_3,344,344,7388
7388,10,1800000,779000,user_33,344,344,
7407,11,2500000,0,user_48,344,344,
7439,12,0,0,builder_3,344,344,7376
7376,13,2400000,32900,user_15,344,344,
7440,14,0,0,builder_3,344,344,7392
7392,15,2100000,71800,user_37,344,344,
7402,16,2000000,0,user_44,344,344,
7403,17,2000000,0,user_45,344,344,
7385,18,1900000,0,user_30,344,344,
7369,19,1700000,0,user_10,344,344,
7364,20,1600000,0,user_5,344,344,
7361,21,1500000,0,user_3,344,344,
7374,22,1500000,0,user_14,344,344,
7405,23,1400000,0,user_46,344,344,
7366,24,1100000,0,user_7,344,344,
7359,25,870000,13900,user_2,344,344,
7441,26,0,0,builder_3,344,344,7359
7442,27,0,0,builder_3,344,344,7373
7373,28,120000,545000,user_13,344,344,
7355,29,660000,0,user_0,344,344,
7383,30,660000,0,user_29,344,344,
7386,31,660000,0,user_31,344,344,
7396,32,630000,0,user_38,344,344,
7443,33,0,0,builder_3,344,344,7384
7384,34,530000,68100,user_29,344,344,
7444,35,0,0,builder_3,344,344,7371
7371,36,470000,15700,user_10,344,344,
7360,37,370000,0,user_2,344,344,
7406,38,320000,0,user_47,344,344,
7401,39,300000,0,user_43,344,344,
7372,40,170000,84800,user_12,344,344,
7445,41,0,0,builder_3,344,344,7372
7375,42,240000,0,user_15,344,344,
7393,43,170000,0,user_37,344,344,
7390,44,150000,0,user_37,344,344,
7394,45,150000,0,user_37,344,344,
7358,46,120000,19700,user_2,344,344,
7446,47,0,0,builder_3,344,344,7358
7447,48,0,0,builder_3,344,344,7408
7408,49,120000,14200,user_49,344,344,
7398,50,130000,0,user_40,344,344,
7362,51,120000,0,user_3,344,344,
7397,52,120000,0,user_40,344,344,
7370,53,110000,0,user_10,344,344,
7404,54,110000,0,user_46,344,344,
7395,55,87000,17000,user_38,344,344,
7448,56,0,0,builder_3,344,344,7395
7382,57,85000,0,user_29,344,344,
7357,58,83000,0,user_2,344,344,
7400,59,80000,0,user_42,344,344,
7501,,5000000,0,user_1,345,,
7502,,1600000,0,user_2,345,,
7503,,1100000,0,user_3,345,,
7504,,260000,0,user_4,345,,
7505,,460000,0,user_5,345,,
7506,,240000,0,user_5,345,,
7507,,360000,0,user_6,345,,
7508,,77000,0,user_6,345,,
7509,,120000,0,user_8,345,,
7510,,160000,0,user_9,345,,
7511,,2300000,0,user_10,345,,
7512,,1200000,0,user_11,345,,
7513,,460000,0,user_12,345,,
7514,,100000,0,user_12,345,,
7515,,350000,0,user_13,345,,
7516,,160000,0,user_14,345,,
7517,,220000,0,user_14,345,,
7518,,120000,0,user_16,345,,
7519,,150000,0,user_16,345,,
7520,,630000,0,user_16,345,,
7521,,1600000,0,user_16,345,,
7522,,1900000,0,user_16,345,,
7523,,370000,0,user_17,345,,
7524,,630000,0,user_18,345,,
7525,,910000,0,user_19,345,,
7526,,110000,0,user_20,345,,
7527,,310000,0,user_23,345,,
7528,,320000,0,user_23,345,,
7529,,85000,0,user_24,345,,
7530,,73000,0,user_27,345,,
7531,,460000,0,user_28,345,,
7532,,120000,0,user_28,345,,
7533,,2100000,0,user_28,345,,
7534,,1500000,0,user_32,345,,
7535,,3600000,0,user_33,345,,
7536,,170000,34700,user_33,345,,
7537,,1500000,0,user_35,345,,
7538,,650000,0,user_36,345,,
7539,,470000,0,user_37,345,,
7540,,320000,0,user_37,345,,
7541,,420000,0,user_39,345,,
7542,,600000,0,user_40,345,,
7543,,73000,0,user_40,345,,
7544,,79000,0,user_41,345,,
7545,,98000,0,user_41,345,,
7546,,1000000,0,user_42,345,,
7547,,420000,0,user_44,345,,
7548,,19000000,0,user_45,345,,
7549,,170000,14200,user_46,345,,
7550,,150000,0,user_46,345,,
7551,,27000000,10700,user_48,345,,
7552,,360000,0,user_49,345,,
7551,0,27000000,10700,user_48,345,345,
7564,1,0,0,builder_4,345,345,7551
7548,2,19000000,0,user_45,345,345,
7501,3,5000000,0,user_1,345,345,
7535,4,3600000,0,user_33,345,345,
7511,5,2300000,0,user_10,345,345,
7533,6,2100000,0,user_28,345,345,
7522,7,1900000,0,user_16,345,345,
7502,8,1600000,0,user_2,345,345,
7521,9,1600000,0,user_16,345,345,
7534,10,1500000,0,user_32,345,345,
7537,11,1500000,0,user_35,345,345,
7512,12,1200000,0,user_11,345,345,
7503,13,1100000,0,user_3,345,345,
7546,14,1000000,0,user_42,345,345,
7525,15,910000,0,user_19,345,345,
7538,16,650000,0,user_36,345,345,
7520,17,630000,0,user_16,345,345,
7524,18,630000,0,user_18,345,345,
7542,19,600000,0,user_40,345,345,
7539,20,470000,0,user_37,345,345,
7513,21,460000,0,user_12,345,345,
7531,22,460000,0,user_28,345,345,
7547,23,420000,0,user_44,345,345,
7523,24,370000,0,user_17,345,345,
7507,25,360000,0,user_6,345,345,
7552,26,360000,0,user_49,345,345,
7515,27,350000,0,user_13,345,345,
7528,28,320000,0,user_23,345,345,
7540,29,320000,0,user_37,345,345,
7527,30,310000,0,user_23,345,345,
7504,31,260000,0,user_4,345,345,
7517,32,220000,0,user_14,345,345,
7536,33,170000,34700,user_33,345,345,
7565,34,0,0,builder_4,345,345,7536
7566,35,0,0,builder_4,345,345,7549
7549,36,170000,14200,user_46,345,345,
7510,37,160000,0,user_9,345,345,
7516,38,160000,0,user_14,345,345,
7519,39,150000,0,user_16,345,345,
7550,40,150000,0,user_46,345,345,
7509,41,120000,0,user_8,345,345,
7518,42,120000,0,user_16,345,345,
7532,43,120000,0,user_28,345,345,
7526,44,110000,0,user_20,345,345,
7514,45,100000,0,user_12,345,345,
7545,46,98000,0,user_41,345,345,
7529,47,85000,0,user_24,345,345,
7544,48,79000,0,user_41,345,345,
7508,49,77000,0,user_6,345,345,
7530,50,73000,0,user_27,345,345,
7543,51,73000,0,user_40,345,345,
7574,,3600000,0,user_0,346,,
7575,,2600000,10700,user_1,346,,
7576,,2000000,0,user_5,346,,
7577,,220000,0,user_7,346,,
7578,,2500000,0,user_7,346,,
7579,,1700000,0,user_8,346,,
7580,,190000,0,user_9,346,,
7581,,310000,0,user_10,346,,
7582,,370000,0,user_13,346,,
7583,,80000,0,user_14,346,,
7584,,170000,0,user_16,346,,
7585,,110000,0,user_17,346,,
7586,,870000,0,user_18,346,,
7587,,1000000,64600,user_19,346,,
7588,,77000,0,user_19,346,,
7589,,120000,0,user_19,346,,
7590,,4200000,0,user_20,346,,
7591,,470000,0,user_23,346,,
7592,,870000,0,user_23,346,,
7593,,98000,0,user_24,346,,
7594,,240000,84800,user_26,346,,
7595,,630000,0,user_27,346,,
7596,,3600000,0,user_30,346,,
7597,,1800000,0,user_30,346,,
7598,,27000000,0,user_31,346,,
7599,,530000,0,user_32,346,,
7600,,320000,0,user_34,346,,
7601,,2400000,0,user_35,346,,
7602,,630000,0,user_35,346,,
7603,,98000,0,user_36,346,,
7604,,150000,0,user_36,346,,
7605,,650000,0,user_37,346,,
7606,,1500000,17700000,user_37,346,,
7607,,530000,296000,user_38,346,,
7608,,1100000,0,user_39,346,,
7609,,6100000,0,user_39,346,,
7610,,98000,0,user_42,346,,
7611,,220000,0,user_42,346,,
7612,,30000000,33100,user_42,346,,
7613,,2500000,0,user_43,346,,
7614,,70000,15700,user_44,346,,
7615,,190000,0,user_45,346,,
7616,,2100000,128000,user_46,346,,
7617,,120000,0,user_47,346,,
7618,,1500000,0,user_48,346,,
7612,0,30000000,33100,user_42,346,346,
7598,1,27000000,0,user_31,346,346,
7609,2,6100000,0,user_39,346,346,
7590,3,4200000,0,user_20,346,346,
7574,4,3600000,0,user_0,346,346,
7596,5,3600000,0,user_30,346,346,
7575,6,2600000,10700,user_1,346,346,
7578,7,2500000,0,user_7,346,346,
7601,8,2400000,0,user_35,346,346,
7616,9,2100000,128000,user_46,346,346,
7576,10,2000000,0,user_5,346,346,
7597,11,1800000,0,user_30,346,346,
7579,12,1700000,0,user_8,346,346,
7606,13,1500000,17700000,user_37,346,346,
7618,14,1500000,0,user_48,346,346,
7608,15,1100000,0,user_39,346,346,
7587,16,1000000,64600,user_19,346,346,
7586,17,870000,0,user_18,346,346,
7592,18,870000,0,user_23,346,346,
7605,19,650000,0,user_37,346,346,
7602,20,630000,0,user_35,346,346,
7599,21,530000,0,user_32,346,346,
7607,22,530000,296000,user_38,346,346,
7591,23,470000,0,user_23,346,346,
7582,24,370000,0,user_13,346,346,
7600,25,320000,0,user_34,346,346,
7581,26,310000,0,user_10,346,346,
7594,27,240000,84800,user_26,346,346,
7577,28,220000,0,user_7,346,346,
7611,29,220000,0,user_42,346,346,
7580,30,190000,0,user_9,346,346,
7615,31,190000,0,user_45,346,346,
7589,32,120000,0,user_19,346,346,
7617,33,120000,0,user_47,346,346,
7585,34,110000,0,user_17,346,346,
7593,35,98000,0,user_24,346,346,
7610,36,98000,0,user_42,346,346,
7583,37,80000,0,user_14,346,346,
7588,38,77000,0,user_19,346,346,
7676,,1600000,155000,user_0,347,,
7677,,420000,0,user_0,347,,
7678,,2000000,0,user_2,347,,
7679,,43000000,0,user_3,347,,
7680,,130000,0,user_3,347,,
7681,,2400000,0,user_3,347,,
7682,,260000,0,user_3,347,,
7683,,100000,0,user_3,347,,
7684,,77000,0,user_4,347,,
7685,,320000,0,user_5,347,,
7686,,70000,0,user_6,347,,
7687,,1100000,0,user_7,347,,
7688,,98000,0,user_8,347,,
7689,,2000000,35600,user_8,347,,
7690,,80000,410000,user_8,347,,
7691,,310000,0,user_8,347,,
7692,,370000,0,user_10,347,,
7693,,1800000,296000,user_12,347,,
7694,,150000,545000,user_12,347,,
7695,,80000,0,user_14,347,,
7696,,220000,0,user_16,347,,
7697,,120000,0,user_17,347,,
7698,,110000,0,user_19,347,,
7699,,79000,0,user_21,347,,
7700,,110000,0,user_21,347,,
7701,,350000,0,user_23,347,,
7702,,160000,0,user_24,347,,
7703,,970000,0,user_24,347,,
7704,,2300000,0,user_25,347,,
7705,,150000,13900,user_28,347,,
7706,,1500000,0,user_30,347,,
7707,,84000,0,user_31,347,,
7708,,310000,0,user_32,347,,
7709,,150000,0,user_33,347,,
7710,,120000,0,user_33,347,,
7711,,1400000,0,user_34,347,,
7712,,630000,0,user_35,347,,
7713,,98000,0,user_36,347,,
7714,,4200000,0,user_37,347,,
7715,,420000,0,user_37,347,,
7716,,150000,0,user_38,347,,
7717,,6300000,0,user_42,347,,
7718,,2000000,7840,user_43,347,,
7719,,420000,0,user_44,347,,
7720,,130000,43600,user_45,347,,
7721,,79000,0,user_46,347,,
7722,,2500000,0,user_47,347,,
7723,,100000,0,user_48,347,,
7679,0,43000000,0,user_3,347,347,
7717,1,6300000,0,user_42,347,347,
7714,2,4200000,0,user_37,347,347,
7722,3,2500000,0,user_47,347,347,
7681,4,2400000,0,user_3,347,347,
7704,5,2300000,0,user_25,347,347,
7724,6,0,0,builder_0,347,347,7689
7689,7,2000000,35600,user_8,347,347,
7725,8,0,0,builder_0,347,347,7718
7718,9,2000000,7840,user_43,347,347,
7678,10,2000000,0,user_2,347,347,
7676,11,1600000,155000,user_0,347,347,
7726,12,0,0,builder_0,347,347,7676
7706,13,1500000,0,user_30,347,347,
7687,14,1100000,0,user_7,347,347,
7712,15,630000,0,user_35,347,347,
7690,16,80000,410000,user_8,347,347,
7727,17,0,0,builder_0,347,347,7690
7677,18,420000,0,user_0,347,347,
7715,19,420000,0,user_37,347,347,
7719,20,420000,0,user_44,347,347,
7692,21,370000,0,user_10,347,347,
7701,22,350000,0,user_23,347,347,
7691,23,310000,0,user_8,347,347,
7708,24,310000,0,user_32,347,347,
7682,25,260000,0,user_3,347,347,
7696,26,220000,0,user_16,347,347,
7728,27,0,0,builder_0,347,347,7705
7705,28,150000,13900,user_28,347,347,
7709,29,150000,0,user_33,347,347,
7716,30,150000,0,user_38,347,347,
7680,31,130000,0,user_3,347,347,
7697,32,120000,0,user_17,347,347,
7710,33,120000,0,user_33,347,347,
7698,34,110000,0,user_19,347,347,
7700,35,110000,0,user_21,347,347,
7683,36,100000,0,user_3,347,347,
7723,37,100000,0,user_48,347,347,
7688,38,98000,0,user_8,347,347,
7713,39,98000,0,user_36,347,347,
7707,40,84000,0,user_31,347,347,
7695,41,80000,0,user_14,347,347,
7699,42,79000,0,user_21,347,347,
7721,43,79000,0,user_46,347,347,
7686,44,70000,0,user_6,347,347,
7778,,660000,0,user_0,348,,
7779,,4200000,0,user_2,348,,
7780,,27000000,0,user_4,348,,
7781,,120000,0,user_4,348,,
7782,,1300000,0,user_4,348,,
7783,,1700000,0,user_5,348,,
7784,,370000,23500,user_5,348,,
7785,,2600000,0,user_5,348,,
7786,,600000,0,user_7,348,,
7787,,120000,0,user_8,348,,
7788,,5200000,0,user_9,348,,
7789,,1600000,0,user_9,348,,
7790,,240000,215000,user_11,348,,
7791,,120000,0,user_12,348,,
7792,,3500000,0,user_12,348,,
7793,,4500000,0,user_14,348,,
7794,,19000000,15300,user_15,348,,
7795,,110000,0,user_16,348,,
7796,,77000,0,user_17,348,,
7797,,5000000,0,user_18,348,,
7798,,77000,0,user_19,348,,
7799,,27000000,0,user_19,348,,
7800,,350000,0,user_19,348,,
7801,,240000,0,user_19,348,,
7802,,150000,0,user_21,348,,
7803,,300000,0,user_21,348,,
7804,,350000,0,user_23,348,,
7805,,170000,0,user_24,348,,
7806,,130000,0,user_24,348,,
7807,,77000,14200,user_25,348,,
7808,,5000000,0,user_27,348,,
7809,,120000,0,user_28,348,,
7810,,1700000,0,user_30,348,,
7811,,1500000,12800,user_31,348,,
7812,,1900000,0,user_33,348,,
7813,,1100000,13900,user_34,348,,
7814,,160000,0,user_37,348,,
7815,,260000,0,user_38,348,,
7816,,600000,0,user_39,348,,
7817,,3600000,0,user_39,348,,
7818,,120000,0,user_39,348,,
7819,,150000,0,user_39,348,,
7820,,260000,0,user_41,348,,
7821,,2500000,0,user_41,348,,
7822,,160000,100000,user_41,348,,
7823,,87000,0,user_42,348,,
7824,,110000,779000,user_45,348,,
7825,,1100000,0,user_45,348,,
7826,,110000,13900,user_45,348,,
7827,,4500000,5180,user_46,348,,
7780,0,27000000,0,user_4,348,348,
7799,1,27000000,0,user_19,348,348,
7794,2,19000000,15300,user_15,348,348,
7788,3,5200000,0,user_9,348,348,
7797,4,5000000,0,user_18,348,348,
7808,5,5000000,0,user_27,348,348,
7793,6,4500000,0,user_14,348,348,
7827,7,4500000,5180,user_46,348,348,
7817,8,3600000,0,user_39,348,348,
7792,9,3500000,0,user_12,348,348,
7785,10,2600000,0,user_5,348,348,
7821,11,2500000,0,user_41,348,348,
7812,12,1900000,0,user_33,348,348,
7783,13,1700000,0,user_5,348,348,
7810,14,1700000,0,user_30,348,348,
7789,15,1600000,0,user_9,348,348,
7811,16,1500000,12800,user_31,348,348,
7782,17,1300000,0,user_4,348,348,
7813,18,1100000,13900,user_34,348,348,
7786,19,600000,0,user_7,348,348,
7816,20,600000,0,user_39,348,348,
7784,21,370000,23500,user_5,348,348,
7800,22,350000,0,user_19,348,348,
7804,23,350000,0,user_23,348,348,
7803,24,300000,0,user_21,348,348,
7815,25,260000,0,user_38,348,348,
7820,26,260000,0,user_41,348,348,
7790,27,240000,215000,user_11,348,348,
7801,28,240000,0,user_19,348,348,
7805,29,170000,0,user_24,348,348,
7822,30,160000,100000,user_41,348,348,
7802,31,150000,0,user_21,348,348,
7819,32,150000,0,user_39,348,348,
7806,33,130000,0,user_24,348,348,
7781,34,120000,0,user_4,348,348,
7787,35,120000,0,user_8,348,348,
7791,36,120000,0,user_12,348,348,
7809,37,120000,0,user_28,348,348,
7818,38,120000,0,user_39,348,348,
7823,39,87000,0,user_42,348,348,
7798,40,77000,0,user_19,348,348,
7897,,2300000,0,user_0,349,,
7898,,260000,0,user_1,349,,
7899,,85000,0,user_1,349,,
7900,,1300000,0,user_2,349,,
7901,,77000,7190000,user_4,349,,
7902,,1000000,0,user_5,349,,
7903,,170000,0,user_7,349,,
7904,,360000,0,user_9,349,,
7905,,340000,0,user_10,349,,
7906,,530000,0,user_10,349,,
7907,,5000000,0,user_11,349,,
7908,,150000,0,user_11,349,,
7909,,85000,0,user_11,349,,
7910,,2100000,369000,user_12,349,,
7911,,100000,0,user_13,349,,
7912,,77000,0,user_14,349,,
7913,,310000,0,user_15,349,,
7914,,43000000,0,user_15,349,,
7915,,79000,0,user_15,349,,
7916,,2300000,0,user_15,349,,
7917,,85000,0,user_15,349,,
7918,,150000,0,user_16,349,,
7919,,79000,84800,user_16,349,,
7920,,2000000,0,user_16,349,,
7921,,160000,15700,user_16,349,,
7922,,3500000,0,user_16,349,,
7923,,110000,49100,user_17,349,,
7924,,160000,0,user_18,349,,
7925,,220000,0,user_20,349,,
7926,,2000000,0,user_20,349,,
7927,,120000,0,user_21,349,,
7928,,130000,0,user_21,349,,
7929,,1100000,31700,user_22,349,,
7930,,1400000,18600,user_23,349,,
7931,,160000,0,user_24,349,,
7932,,320000,0,user_25,349,,
7933,,260000,0,user_26,349,,
7934,,1500000,0,user_27,349,,
7935,,1900000,0,user_28,349,,
7936,,82000,67900,user_28,349,,
7937,,3500000,42000,user_29,349,,
7938,,460000,0,user_31,349,,
7939,,2100000,0,user_33,349,,
7940,,220000,0,user_34,349,,
7941,,85000,0,user_35,349,,
7942,,2000000,0,user_35,349,,
7943,,160000,5630,user_36,349,,
7944,,600000,0,user_37,349,,
7945,,420000,0,user_38,349,,
7946,,4200000,33100,user_38,349,,
7947,,77000,0,user_38,349,,
7948,,3600000,0,user_39,349,,
7949,,350000,0,user_40,349,,
7950,,260000,0,user_41,349,,
7951,,150000,0,user_41,349,,
7952,,1800000,0,user_42,349,,
7953,,1300000,0,user_42,349,,
7954,,1900000,0,user_44,349,,
7955,,420000,0,user_44,349,,
7956,,260000,0,user_45,349,,
7957,,43000000,0,user_45,349,,
7958,,150000,0,user_46,349,,
7959,,340000,15100,user_46,349,,
7960,,1600000,381000,user_47,349,,
7961,,2600000,594000,user_48,349,,
7962,,150000,0,user_48,349,,
7963,,420000,0,user_48,349,,
7914,0,43000000,0,user_15,349,349,
7957,1,43000000,0,user_45,349,349,
7907,2,5000000,0,user_11,349,349,
7946,3,4200000,33100,user_38,349,349,
7948,4,3600000,0,user_39,349,349,
7922,5,3500000,0,user_16,349,349,
7937,6,3500000,42000,user_29,349,349,
7961,7,2600000,594000,user_48,349,349,
7916,8,2300000,0,user_15,349,349,
7910,9,2100000,369000,user_12,349,349,
7939,10,2100000,0,user_33,349,349,
7920,11,2000000,0,user_16,349,349,
7926,12,2000000,0,user_20,349,349,
7942,13,2000000,0,user_35,349,349,
7935,14,1900000,0,user_28,349,349,
7954,15,1900000,0,user_44,349,349,
7952,16,1800000,0,user_42,349,349,
7960,17,1600000,381000,user_47,349,349,
7934,18,1500000,0,user_27,349,349,
7930,19,1400000,18600,user_23,349,349,
7953,20,1300000,0,user_42,349,349,
7929,21,1100000,31700,user_22,349,349,
7902,22,1000000,0,user_5,349,349,
7906,23,530000,0,user_10,349,349,
7945,24,420000,0,user_38,349,349,
7955,25,420000,0,user_44,349,349,
7963,26,420000,0,user_48,349,349,
7904,27,360000,0,user_9,349,349,
7905,28,340000,0,user_10,349,349,
7959,29,340000,15100,user_46,349,349,
7913,30,310000,0,user_15,349,349,
7898,31,260000,0,user_1,349,349,
7933,32,260000,0,user_26,349,349,
7950,33,260000,0,user_41,349,349,
7956,34,260000,0,user_45,349,349,
7925,35,220000,0,user_20,349,349,
7940,36,220000,0,user_34,349,349,
7903,37,170000,0,user_7,349,349,
7921,38,160000,15700,user_16,349,349,
7943,39,160000,5630,user_36,349,349,
7908,40,150000,0,user_11,349,349,
7918,41,150000,0,user_16,349,349,
7951,42,150000,0,user_41,349,349,
7958,43,150000,0,user_46,349,349,
7962,44,150000,0,user_48,349,349,
7928,45,130000,0,user_21,349,349,
7927,46,120000,0,user_21,349,349,
7923,47,110000,49100,user_17,349,349,
7911,48,100000,0,user_13,349,349,
7899,49,85000,0,user_1,349,349,
7909,50,85000,0,user_11,349,349,
7917,51,85000,0,user_15,349,349,
7941,52,85000,0,user_35,349,349,
7936,53,82000,67900,user_28,349,349,
7915,54,79000,0,user_15,349,349,
7919,55,79000,84800,user_16,349,349,
7912,56,77000,0,user_14,349,349,
7947,57,77000,0,user_38,349,349,
8063,,85000,0,user_1,350,,
8064,,120000,195000,user_2,350,,
8065,,77000,0,user_4,350,,
8066,,3200000,0,user_5,350,,
8067,,4500000,0,user_6,350,,
8068,,870000,0,user_7,350,,
8069,,85000,0,user_8,350,,
8070,,2000000,0,user_8,350,,
8071,,5000000,0,user_10,350,,
8072,,160000,0,user_11,350,,
8073,,27000000,0,user_12,350,,
8074,,1600000,75000,user_13,350,,
8075,,360000,0,user_16,350,,
8076,,2000000,0,user_17,350,,
8077,,110000,0,user_19,350,,
8078,,2400000,0,user_20,350,,
8079,,630000,0,user_20,350,,
8080,,220000,0,user_21,350,,
8081,,420000,0,user_22,350,,
8082,,5000000,0,user_23,350,,
8083,,1100000,0,user_23,350,,
8084,,1400000,0,user_24,350,,
8085,,2500000,0,user_26,350,,
8086,,6300000,0,user_28,350,,
8087,,1000000,0,user_28,350,,
8088,,82000,0,user_29,350,,
8089,,260000,0,user_29,350,,
8090,,310000,0,user_30,350,,
8091,,79000,0,user_31,350,,
8092,,1400000,31700,user_31,350,,
8093,,630000,0,user_31,350,,
8094,,82000,0,user_31,350,,
8095,,670000,0,user_31,350,,
8096,,1600000,0,user_33,350,,
8097,,1000000,0,user_33,350,,
8098,,2000000,0,user_34,350,,
8099,,220000,0,user_35,350,,
8100,,1100000,0,user_36,350,,
8101,,1000000,0,user_38,350,,
8102,,870000,0,user_40,350,,
8103,,470000,0,user_41,350,,
8104,,170000,0,user_43,350,,
8105,,120000,322000,user_43,350,,
8106,,300000,0,user_43,350,,
8107,,320000,7190000,user_44,350,,
8108,,240000,0,user_45,350,,
8109,,98000,0,user_45,350,,
8110,,70000,15300,user_46,350,,
8111,,130000,410000,user_47,350,,
8112,,4200000,18600,user_49,350,,
8073,0,27000000,0,user_12,350,350,
8142,1,0,0,builder_4,350,350,8107
8107,2,320000,7190000,user_44,350,350,
8086,3,6300000,0,user_28,350,350,
8071,4,5000000,0,user_10,350,350,
8082,5,5000000,0,user_23,350,350,
8067,6,4500000,0,user_6,350,350,
8112,7,4200000,18600,user_49,350,350,
8143,8,0,0,builder_4,350,350,8112
8085,9,2500000,0,user_26,350,350,
8078,10,2400000,0,user_20,350,350,
8070,11,2000000,0,user_8,350,350,
8076,12,2000000,0,user_17,350,350,
8098,13,2000000,0,user_34,350,350,
8074,14,1600000,75000,user_13,350,350,
8144,15,0,0,builder_4,350,350,8074
8096,16,1600000,0,user_33,350,350,
8092,17,1400000,31700,user_31,350,350,
8145,18,0,0,builder_4,350,350,8092
8084,19,1400000,0,user_24,350,350,
8083,20,1100000,0,user_23,350,350,
8100,21,1100000,0,user_36,350,350,
8087,22,1000000,0,user_28,350,350,
8097,23,1000000,0,user_33,350,350,
8101,24,1000000,0,user_38,350,350,
8102,25,870000,0,user_40,350,350,
8095,26,670000,0,user_31,350,350,
8079,27,630000,0,user_20,350,350,
8093,28,630000,0,user_31,350,350,
8103,29,470000,0,user_41,350,350,
8105,30,120000,322000,user_43,350,350,
8146,31,0,0,builder_4,350,350,8105
8081,32,420000,0,user_22,350,350,
8075,33,360000,0,user_16,350,350,
8147,34,0,0,builder_4,350,350,8064
8064,35,120000,195000,user_2,350,350,
8090,36,310000,0,user_30,350,350,
8106,37,300000,0,user_43,350,350,
8089,38,260000,0,user_29,350,350,
8108,39,240000,0,user_45,350,350,
8080,40,220000,0,user_21,350,350,
8099,41,220000,0,user_35,350,350,
8104,42,170000,0,user_43,350,350,
8072,43,160000,0,user_11,350,350,
8077,44,110000,0,user_19,350,350,
8109,45,98000,0,user_45,350,350,
8110,46,70000,15300,user_46,350,350,
8148,47,0,0,builder_4,350,350,8110
8063,48,85000,0,user_1,350,350,
8069,49,85000,0,user_8,350,350,
8088,50,82000,0,user_29,350,350,
8094,51,82000,0,user_31,350,350,
8091,52,79000,0,user_31,350,350,
8065,53,77000,0,user_4,350,350,
8169,,470000,0,user_0,351,,
8170,,5000000,0,user_2,351,,
8171,,1500000,0,user_3,351,,
8172,,4500000,0,user_4,351,,
8173,,98000,0,user_6,351,,
8174,,79000,0,user_7,351,,
8175,,220000,49100,user_8,351,,
8176,,1500000,67900,user_10,351,,
8177,,1000000,4320000,user_10,351,,
8178,,1400000,0,user_12,351,,
8179,,470000,0,user_14,351,,
8180,,260000,0,user_15,351,,
8181,,1500000,0,user_17,351,,
8182,,150000,0,user_18,351,,
8183,,83000,0,user_20,351,,
8184,,150000,0,user_21,351,,
8185,,1400000,0,user_22,351,,
8186,,1100000,0,user_22,351,,
8187,,150000,0,user_22,351,,
8188,,1000000,0,user_23,351,,
8189,,240000,0,user_24,351,,
8190,,1600000,0,user_26,351,,
8191,,1500000,0,user_27,351,,
8192,,5000000,0,user_29,351,,
8193,,79000,0,user_30,351,,
8194,,2000000,0,user_31,351,,
8195,,130000,0,user_31,351,,
8196,,300000,0,user_32,351,,
8197,,630000,0,user_33,351,,
8198,,1500000,0,user_34,351,,
8199,,2500000,0,user_35,351,,
8200,,6300000,0,user_36,351,,
8201,,350000,0,user_37,351,,
8202,,1500000,0,user_38,351,,
8203,,1000000,0,user_40,351,,
8204,,870000,68100,user_42,351,,
8205,,170000,0,user_43,351,,
8206,,5200000,0,user_45,351,,
8207,,110000,0,user_45,351,,
8208,,170000,0,user_45,351,,
8209,,650000,0,user_45,351,,
8210,,84000,0,user_47,351,,
8211,,83000,0,user_48,351,,
8212,,530000,285000,user_48,351,,
8213,,2400000,0,user_49,351,,
8200,0,6300000,0,user_36,351,351,
8231,1,0,0,builder_4,351,351,8177
8177,2,1000000,4320000,user_10,351,351,
8206,3,5200000,0,user_45,351,351,
8170,4,5000000,0,user_2,351,351,
8192,5,5000000,0,user_29,351,351,
8172,6,4500000,0,user_4,351,351,
8199,7,2500000,0,user_35,351,351,
8213,8,2400000,0,user_49,351,351,
8194,9,2000000,0,user_31,351,351,
8190,10,1600000,0,user_26,351,351,
8176,11,1500000,67900,user_10,351,351,
8232,12,0,0,builder_4,351,351,8176
8171,13,1500000,0,user_3,351,351,
8181,14,1500000,0,user_17,351,351,
8191,15,1500000,0,user_27,351,351,
8198,16,1500000,0,user_34,351,351,
8202,17,1500000,0,user_38,351,351,
8178,18,1400000,0,user_12,351,351,
8185,19,1400000,0,user_22,351,351,
8186,20,1100000,0,user_22,351,351,
8188,21,1000000,0,user_23,351,351,
8203,22,1000000,0,user_40,351,351,
8204,23,870000,68100,user_42,351,351,
8233,24,0,0,builder_4,351,351,8204
8212,25,530000,285000,user_48,351,351,
8234,26,0,0,builder_4,351,351,8212
8209,27,650000,0,user_45,351,351,
8197,28,630000,0,user_33,351,351,
8169,29,470000,0,user_0,351,351,
8179,30,470000,0,user_14,351,351,
8201,31,350000,0,user_37,351,351,
8196,32,300000,0,user_32,351,351,
8235,33,0,0,builder_4,351,351,8175
8175,34,220000,49100,user_8,351,351,
8189,35,240000,0,user_24,351,351,
8205,36,170000,0,user_43,351,351,
8208,37,170000,0,user_45,351,351,
8182,38,150000,0,user_18,351,351,
8184,39,150000,0,user_21,351,351,
8187,40,150000,0,user_22,351,351,
8195,41,130000,0,user_31,351,351,
8207,42,110000,0,user_45,351,351,
8173,43,98000,0,user_6,351,351,
8183,44,83000,0,user_20,351,351,
8211,45,83000,0,user_48,351,351,
8193,46,79000,0,user_30,351,351,
8252,,82000,35600,user_0,352,,
8253,,150000,67900,user_0,352,,
8254,,170000,0,user_2,352,,
8255,,470000,0,user_3,352,,
8256,,260000,108000,user_4,352,,
8257,,150000,0,user_4,352,,
8258,,1000000,0,user_6,352,,
8259,,77000,0,user_6,352,,
8260,,30000000,0,user_8,352,,
8261,,120000,0,user_9,352,,
8262,,1800000,0,user_11,352,,
8263,,100000,0,user_11,352,,
8264,,110000,0,user_13,352,,
8265,,87000,23500,user_13,352,,
8266,,5200000,0,user_15,352,,
8267,,1800000,0,user_16,352,,
8268,,130000,0,user_18,352,,
8269,,1300000,0,user_18,352,,
8270,,220000,0,user_19,352,,
8271,,1600000,256000,user_20,352,,
8272,,220000,0,user_22,352,,
8273,,530000,410000,user_23,352,,
8274,,77000,0,user_23,352,,
8275,,2500000,0,user_24,352,,
8276,,1500000,12800,user_26,352,,
8277,,5200000,0,user_26,352,,
8278,,120000,0,user_26,352,,
8279,,1000000,0,user_26,352,,
8280,,1400000,33300,user_26,352,,
8281,,240000,0,user_27,352,,
8282,,470000,19700,user_27,352,,
8283,,19000000,0,user_27,352,,
8284,,2600000,0,user_27,352,,
8285,,340000,19700,user_27,352,,
8286,,3200000,0,user_28,352,,
8287,,1500000,0,user_29,352,,
8288,,190000,32900,user_29,352,,
8289,,2400000,0,user_29,352,,
8290,,310000,0,user_29,352,,
8291,,5200000,0,user_30,352,,
8292,,120000,0,user_31,352,,
8293,,82000,0,user_33,352,,
8294,,260000,0,user_35,352,,
8295,,2100000,0,user_35,352,,
8296,,220000,0,user_37,352,,
8297,,150000,0,user_38,352,,
8298,,160000,5630,user_38,352,,
8299,,300000,0,user_39,352,,
8300,,1900000,0,user_40,352,,
8301,,2300000,0,user_40,352,,
8302,,530000,0,user_41,352,,
8303,,87000,0,user_42,352,,
8304,,1400000,4320000,user_43,352,,
8305,,2100000,285000,user_44,352,,
8306,,5000000,0,user_47,352,,
8307,,110000,0,user_47,352,,
8308,,310000,0,user_49,352,,
8260,0,30000000,0,user_8,352,352,
8283,1,19000000,0,user_27,352,352,
8266,2,5200000,0,user_15,352,352,
8277,3,5200000,0,user_26,352,352,
8291,4,5200000,0,user_30,352,352,
8306,5,5000000,0,user_47,352,352,
8286,6,3200000,0,user_28,352,352,
8284,7,2600000,0,user_27,352,352,
8275,8,2500000,0,user_24,352,352,
8289,9,2400000,0,user_29,352,352,
8301,10,2300000,0,user_40,352,352,
8305,11,2100000,285000,user_44,352,352,
8300,12,1900000,0,user_40,352,352,
8267,13,1800000,0,user_16,352,352,
8271,14,1600000,256000,user_20,352,352,
8276,15,1500000,12800,user_26,352,352,
8287,16,1500000,0,user_29,352,352,
8280,17,1400000,33300,user_26,352,352,
8304,18,1400000,4320000,user_43,352,352,
8269,19,1300000,0,user_18,352,352,
8258,20,1000000,0,user_6,352,352,
8279,21,1000000,0,user_26,352,352,
8273,22,530000,410000,user_23,352,352,
8302,23,530000,0,user_41,352,352,
8282,24,470000,19700,user_27,352,352,
8285,25,340000,19700,user_27,352,352,
8290,26,310000,0,user_29,352,352,
8299,27,300000,0,user_39,352,352,
8256,28,260000,108000,user_4,352,352,
8281,29,240000,0,user_27,352,352,
8270,30,220000,0,user_19,352,352,
8272,31,220000,0,user_22,352,352,
8288,32,190000,32900,user_29,352,352,
8254,33,170000,0,user_2,352,352,
8298,34,160000,5630,user_38,352,352,
8253,35,150000,67900,user_0,352,352,
8257,36,150000,0,user_4,352,352,
8297,37,150000,0,user_38,352,352,
8268,38,130000,0,user_18,352,352,
8261,39,120000,0,user_9,352,352,
8278,40,120000,0,user_26,352,352,
8292,41,120000,0,user_31,352,352,
8264,42,110000,0,user_13,352,352,
8307,43,110000,0,user_47,352,352,
8265,44,87000,23500,user_13,352,352,
8303,45,87000,0,user_42,352,352,
8252,46,82000,35600,user_0,352,352,
8259,47,77000,0,user_6,352,352,
8274,48,77000,0,user_23,352,352,
8407,,98000,0,user_0,353,,
8408,,150000,0,user_1,353,,
8409,,83000,15300,user_1,353,,
8410,,4500000,0,user_1,353,,
8411,,3600000,0,user_5,353,,
8412,,160000,32900,user_6,353,,
8413,,970000,0,user_7,353,,
8414,,460000,100000,user_8,353,,
8415,,19000000,0,user_9,353,,
8416,,80000,0,user_10,353,,
8417,,1100000,0,user_11,353,,
8418,,6100000,0,user_14,353,,
8419,,4200000,0,user_14,353,,
8420,,87000,769000,user_17,353,,
8421,,340000,0,user_20,353,,
8422,,120000,0,user_21,353,,
8423,,83000,0,user_22,353,,
8424,,670000,0,user_23,353,,
8425,,600000,0,user_23,353,,
8426,,630000,0,user_24,353,,
8427,,150000,0,user_25,353,,
8428,,30000000,39400,user_26,353,,
8429,,70000,0,user_28,353,,
8430,,4500000,0,user_30,353,,
8431,,2000000,0,user_31,353,,
8432,,1100000,0,user_31,353,,
8433,,170000,0,user_31,353,,
8434,,1100000,11200,user_32,353,,
8435,,310000,46500,user_33,353,,
8436,,5000000,49100,user_35,353,,
8437,,660000,215000,user_36,353,,
8438,,1500000,0,user_36,353,,
8439,,87000,108000,user_37,353,,
8440,,3500000,0,user_37,353,,
8441,,370000,0,user_38,353,,
8442,,1200000,231000,user_40,353,,
8443,,98000,0,user_41,353,,
8444,,3500000,0,user_41,353,,
8445,,1000000,0,user_41,353,,
8446,,460000,0,user_41,353,,
8447,,1500000,0,user_41,353,,
8448,,82000,0,user_42,353,,
8449,,30000000,0,user_44,353,,
8450,,660000,0,user_45,353,,
8451,,120000,0,user_47,353,,
8452,,1600000,0,user_47,353,,
8453,,460000,35600,user_48,353,,
8428,0,30000000,39400,user_26,353,353,
8449,1,30000000,0,user_44,353,353,
8415,2,19000000,0,user_9,353,353,
8418,3,6100000,0,user_14,353,353,
8436,4,5000000,49100,user_35,353,353,
8410,5,4500000,0,user_1,353,353,
8430,6,4500000,0,user_30,353,353,
8419,7,4200000,0,user_14,353,353,
8411,8,3600000,0,user_5,353,353,
8444,9,3500000,0,user_41,353,353,
8431,10,2000000,0,user_31,353,353,
8452,11,1600000,0,user_47,353,353,
8438,12,1500000,0,user_36,353,353,
8447,13,1500000,0,user_41,353,353,
8442,14,1200000,231000,user_40,353,353,
8417,15,1100000,0,user_11,353,353,
8432,16,1100000,0,user_31,353,353,
8434,17,1100000,11200,user_32,353,353,
8445,18,1000000,0,user_41,353,353,
8413,19,970000,0,user_7,353,353,
8424,20,670000,0,user_23,353,353,
8437,21,660000,215000,user_36,353,353,
8426,22,630000,0,user_24,353,353,
8425,23,600000,0,user_23,353,353,
8414,24,460000,100000,user_8,353,353,
8446,25,460000,0,user_41,353,353,
8453,26,460000,35600,user_48,353,353,
8441,27,370000,0,user_38,353,353,
8421,28,340000,0,user_20,353,353,
8435,29,310000,46500,user_33,353,353,
8433,30,170000,0,user_31,353,353,
8412,31,160000,32900,user_6,353,353,
8408,32,150000,0,user_1,353,353,
8422,33,120000,0,user_21,353,353,
8451,34,120000,0,user_47,353,353,
8443,35,98000,0,user_41,353,353,
8409,36,83000,15300,user_1,353,353,
8423,37,83000,0,user_22,353,353,
8448,38,82000,0,user_42,353,353,
8416,39,80000,0,user_10,353,353,
8429,40,70000,0,user_28,353,353,
8540,,82000,0,user_0,354,,
8541,,1600000,33100,user_0,354,,
8542,,120000,13800,user_0,354,,
8543,,2600000,0,user_2,354,,
8544,,2000000,0,user_4,354,,
8545,,150000,0,user_5,354,,
8546,,340000,0,user_6,354,,
8547,,30000000,10700,user_8,354,,
8548,,170000,21800,user_9,354,,
8549,,910000,0,user_9,354,,
8550,,660000,0,user_10,354,,
8551,,3600000,0,user_11,354,,
8552,,2000000,0,user_13,354,,
8553,,4200000,0,user_15,354,,
8554,,120000,0,user_16,354,,
8555,,1600000,35100,user_17,354,,
8556,,6300000,0,user_18,354,,
8557,,83000,0,user_18,354,,
8558,,6100000,7190000,user_20,354,,
8559,,1400000,0,user_20,354,,
8560,,160000,0,user_21,354,,
8561,,120000,0,user_22,354,,
8562,,260000,0,user_23,354,,
8563,,3500000,0,user_24,354,,
8564,,1300000,121000,user_24,354,,
8565,,360000,12300,user_25,354,,
8566,,120000,100000,user_25,354,,
8567,,120000,0,user_26,354,,
8568,,3200000,0,user_28,354,,
8569,,160000,16400,user_28,354,,
8570,,43000000,0,user_30,354,,
8571,,160000,0,user_30,354,,
8572,,150000,381000,user_31,354,,
8573,,110000,0,user_32,354,,
8574,,85000,108000,user_33,354,,
8575,,4500000,0,user_33,354,,
8576,,1900000,0,user_33,354,,
8577,,82000,0,user_34,354,,
8578,,80000,0,user_35,354,,
8579,,1000000,0,user_36,354,,
8580,,84000,0,user_37,354,,
8581,,120000,0,user_37,354,,
8582,,220000,0,user_37,354,,
8583,,320000,0,user_37,354,,
8584,,260000,100000,user_37,354,,
8585,,110000,0,user_39,354,,
8586,,160000,0,user_39,354,,
8587,,1300000,0,user_39,354,,
8588,,910000,0,user_40,354,,
8589,,120000,0,user_41,354,,
8590,,110000,0,user_43,354,,
8591,,77000,0,user_44,354,,
8592,,870000,43600,user_45,354,,
8593,,360000,0,user_47,354,,
8594,,130000,0,user_49,354,,
8570,0,43000000,0,user_30,354,354,
8547,1,30000000,10700,user_8,354,354,
8556,2,6300000,0,user_18,354,354,
8558,3,6100000,7190000,user_20,354,354,
8575,4,4500000,0,user_33,354,354,
8553,5,4200000,0,user_15,354,354,
8551,6,3600000,0,user_11,354,354,
8563,7,3500000,0,user_24,354,354,
8568,8,3200000,0,user_28,354,354,
8543,9,2600000,0,user_2,354,354,
8544,10,2000000,0,user_4,354,354,
8552,11,2000000,0,user_13,354,354,
8576,12,1900000,0,user_33,354,354,
8541,13,1600000,33100,user_0,354,354,
8555,14,1600000,35100,user_17,354,354,
8559,15,1400000,0,user_20,354,354,
8564,16,1300000,121000,user_24,354,354,
8587,17,1300000,0,user_39,354,354,
8588,18,910000,0,user_40,354,354,
8592,19,870000,43600,user_45,354,354,
8565,20,360000,12300,user_25,354,354,
8593,21,360000,0,user_47,354,354,
8546,22,340000,0,user_6,354,354,
8583,23,320000,0,user_37,354,354,
8562,24,260000,0,user_23,354,354,
8584,25,260000,100000,user_37,354,354,
8582,26,220000,0,user_37,354,354,
8560,27,160000,0,user_21,354,354,
8569,28,160000,16400,user_28,354,354,
8571,29,160000,0,user_30,354,354,
8586,30,160000,0,user_39,354,354,
8572,31,150000,381000,user_31,354,354,
8594,32,130000,0,user_49,354,354,
8542,33,120000,13800,user_0,354,354,
8554,34,120000,0,user_16,354,354,
8561,35,120000,0,user_22,354,354,
8566,36,120000,100000,user_25,354,354,
8567,37,120000,0,user_26,354,354,
8581,38,120000,0,user_37,354,354,
8589,39,120000,0,user_41,354,354,
8573,40,110000,0,user_32,354,354,
8585,41,110000,0,user_39,354,354,
8590,42,110000,0,user_43,354,354,
8574,43,85000,108000,user_33,354,354,
8580,44,84000,0,user_37,354,354,
8557,45,83000,0,user_18,354,354,
8540,46,82000,0,user_0,354,354,
8577,47,82000,0,user_34,354,354,
8578,48,80000,0,user_35,354,354,
8591,49,77000,0,user_44,354,354,
8698,,160000,0,user_1,355,,
8699,,300000,12300,user_2,355,,
8700,,340000,0,user_3,355,,
8701,,150000,0,user_3,355,,
8702,,1800000,0,user_4,355,,
8703,,1000000,0,user_4,355,,
8704,,260000,0,user_6,355,,
8705,,420000,0,user_8,355,,
8706,,630000,0,user_9,355,,
8707,,100000,0,user_11,355,,
8708,,43000000,0,user_12,355,,
8709,,910000,0,user_13,355,,
8710,,120000,0,user_13,355,,
8711,,1100000,0,user_14,355,,
8712,,660000,0,user_15,355,,
8713,,110000,0,user_15,355,,
8714,,2400000,0,user_15,355,,
8715,,1600000,0,user_15,355,,
8716,,420000,5640,user_15,355,,
8717,,150000,0,user_18,355,,
8718,,1100000,0,user_18,355,,
8719,,170000,0,user_18,355,,
8720,,2100000,0,user_18,355,,
8721,,670000,36800,user_18,355,,
8722,,6300000,231000,user_19,355,,
8723,,420000,0,user_19,355,,
8724,,1300000,0,user_21,355,,
8725,,2300000,0,user_22,355,,
8726,,150000,0,user_23,355,,
8727,,260000,0,user_25,355,,
8728,,910000,0,user_26,355,,
8729,,4500000,0,user_28,355,,
8730,,660000,0,user_28,355,,
8731,,1000000,0,user_29,355,,
8732,,2600000,0,user_30,355,,
8733,,110000,0,user_30,355,,
8734,,3600000,0,user_31,355,,
8735,,6300000,12800,user_31,355,,
8736,,87000,146000,user_33,355,,
8737,,30000000,12300,user_34,355,,
8738,,1000000,0,user_36,355,,
8739,,220000,0,user_36,355,,
8740,,110000,0,user_36,355,,
8741,,1500000,0,user_36,355,,
8742,,19000000,369000,user_36,355,,
8743,,170000,73100,user_37,355,,
8744,,670000,0,user_38,355,,
8745,,170000,12300,user_39,355,,
8746,,82000,0,user_40,355,,
8747,,1000000,0,user_41,355,,
8748,,130000,67500,user_42,355,,
8749,,150000,0,user_43,355,,
8750,,120000,0,user_44,355,,
8751,,420000,0,user_45,355,,
8752,,1800000,24700,user_46,355,,
8753,,100000,0,user_48,355,,
8754,,1600000,0,user_49,355,,
8708,0,43000000,0,user_12,355,355,
8737,1,30000000,12300,user_34,355,355,
8785,2,0,0,builder_3,355,355,8737
8786,3,0,0,builder_3,355,355,8742
8742,4,19000000,369000,user_36,355,355,
8787,5,0,0,builder_3,355,355,8722
8722,6,6300000,231000,user_19,355,355,
8788,7,0,0,builder_3,355,355,8735
8735,8,6300000,12800,user_31,355,355,
8729,9,4500000,0,user_28,355,355,
8734,10,3600000,0,user_31,355,355,
8732,11,2600000,0,user_30,355,355,
8714,12,2400000,0,user_15,355,355,
8725,13,2300000,0,user_22,355,355,
8720,14,2100000,0,user_18,355,355,
8789,15,0,0,builder_3,355,355,8752
8752,16,1800000,24700,user_46,355,355,
8702,17,1800000,0,user_4,355,355,
8715,18,1600000,0,user_15,355,355,
8754,19,1600000,0,user_49,355,355,
8741,20,1500000,0,user_36,355,355,
8724,21,1300000,0,user_21,355,355,
8711,22,1100000,0,user_14,355,355,
8718,23,1100000,0,user_18,355,355,
8703,24,1000000,0,user_4,355,355,
8731,25,1000000,0,user_29,355,355,
8738,26,1000000,0,user_36,355,355,
8747,27,1000000,0,user_41,355,355,
8709,28,910000,0,user_13,355,355,
8728,29,910000,0,user_26,355,355,
8790,30,0,0,builder_3,355,355,8721
8721,31,670000,36800,user_18,355,355,
8744,32,670000,0,user_38,355,355,
8712,33,660000,0,user_15,355,355,
8730,34,660000,0,user_28,355,355,
8791,35,0,0,builder_3,355,355,8716
8716,36,420000,5640,user_15,355,355,
8723,37,420000,0,user_19,355,355,
8751,38,420000,0,user_45,355,355,
8700,39,340000,0,user_3,355,355,
8792,40,0,0,builder_3,355,355,8699
8699,41,300000,12300,user_2,355,355,
8793,42,0,0,builder_3,355,355,8743
8743,43,170000,73100,user_37,355,355,
8736,44,87000,146000,user_33,355,355,
8794,45,0,0,builder_3,355,355,8736
8739,46,220000,0,user_36,355,355,
8795,47,0,0,builder_3,355,355,8748
8748,48,130000,67500,user_42,355,355,
8745,49,170000,12300,user_39,355,355,
8796,50,0,0,builder_3,355,355,8745
8719,51,170000,0,user_18,355,355,
8701,52,150000,0,user_3,355,355,
8717,53,150000,0,user_18,355,355,
8726,54,150000,0,user_23,355,355,
8749,55,150000,0,user_43,355,355,
8710,56,120000,0,user_13,355,355,
8750,57,120000,0,user_44,355,355,
8713,58,110000,0,user_15,355,355,
8733,59,110000,0,user_30,355,355,
8740,60,110000,0,user_36,355,355,
8707,61,100000,0,user_11,355,355,
8753,62,100000,0,user_48,355,355,
8746,63,82000,0,user_40,355,355,
8842,,110000,13900,user_0,356,,
8843,,30000000,0,user_0,356,,
8844,,910000,0,user_0,356,,
8845,,1500000,0,user_2,356,,
8846,,98000,381000,user_3,356,,
8847,,83000,0,user_3,356,,
8848,,27000000,779000,user_3,356,,
8849,,650000,0,user_3,356,,
8850,,420000,0,user_4,356,,
8851,,5000000,17700000,user_5,356,,
8852,,660000,0,user_8,356,,
8853,,82000,0,user_9,356,,
8854,,1300000,5180,user_9,356,,
8855,,340000,0,user_11,356,,
8856,,4200000,0,user_12,356,,
8857,,170000,0,user_12,356,,
8858,,3200000,0,user_13,356,,
8859,,1100000,0,user_13,356,,
8860,,27000000,0,user_14,356,,
8861,,170000,0,user_14,356,,
8862,,100000,0,user_16,356,,
8863,,600000,0,user_17,356,,
8864,,4200000,0,user_18,356,,
8865,,1400000,0,user_19,356,,
8866,,5000000,0,user_19,356,,
8867,,1800000,0,user_19,356,,
8868,,460000,0,user_19,356,,
8869,,2600000,0,user_20,356,,
8870,,1700000,594000,user_21,356,,
8871,,3500000,0,user_21,356,,
8872,,310000,296000,user_22,356,,
8873,,30000000,0,user_22,356,,
8874,,190000,0,user_25,356,,
8875,,650000,10700,user_27,356,,
8876,,110000,0,user_28,356,,
8877,,220000,0,user_29,356,,
8878,,1400000,0,user_29,356,,
8879,,3600000,0,user_29,356,,
8880,,120000,42000,user_32,356,,
8881,,2600000,0,user_32,356,,
8882,,5000000,0,user_33,356,,
8883,,2600000,0,user_34,356,,
8884,,77000,0,user_35,356,,
8885,,19000000,0,user_35,356,,
8886,,27000000,0,user_36,356,,
8887,,630000,0,user_37,356,,
8888,,110000,0,user_40,356,,
8889,,600000,0,user_41,356,,
8890,,1500000,0,user_43,356,,
8891,,1400000,0,user_44,356,,
8892,,340000,0,user_44,356,,
8893,,340000,0,user_46,356,,
8894,,3500000,84800,user_46,356,,
8895,,220000,0,user_48,356,,
8896,,2300000,13900,user_48,356,,
8843,0,30000000,0,user_0,356,356,
8873,1,30000000,0,user_22,356,356,
8924,2,0,0,builder_3,356,356,8848
8848,3,27000000,779000,user_3,356,356,
8860,4,27000000,0,user_14,356,356,
8886,5,27000000,0,user_36,356,356,
8851,6,5000000,17700000,user_5,356,356,
8925,7,0,0,builder_3,356,356,8851
8885,8,19000000,0,user_35,356,356,
8866,9,5000000,0,user_19,356,356,
8882,10,5000000,0,user_33,356,356,
8856,11,4200000,0,user_12,356,356,
8864,12,4200000,0,user_18,356,356,
8879,13,3600000,0,user_29,356,356,
8926,14,0,0,builder_3,356,356,8894
8894,15,3500000,84800,user_46,356,356,
8871,16,3500000,0,user_21,356,356,
8858,17,3200000,0,user_13,356,356,
8869,18,2600000,0,user_20,356,356,
8881,19,2600000,0,user_32,356,356,
8883,20,2600000,0,user_34,356,356,
8896,21,2300000,13900,user_48,356,356,
8927,22,0,0,builder_3,356,356,8896
8928,23,0,0,builder_3,356,356,8870
8870,24,1700000,594000,user_21,356,356,
8867,25,1800000,0,user_19,356,356,
8845,26,1500000,0,user_2,356,356,
8890,27,1500000,0,user_43,356,356,
8865,28,1400000,0,user_19,356,356,
8878,29,1400000,0,user_29,356,356,
8891,30,1400000,0,user_44,356,356,
8859,31,1100000,0,user_13,356,356,
8844,32,910000,0,user_0,356,356,
8849,33,650000,0,user_3,356,356,
8887,34,630000,0,user_37,356,356,
8929,35,0,0,builder_3,356,356,8872
8872,36,310000,296000,user_22,356,356,
8863,37,600000,0,user_17,356,356,
8889,38,600000,0,user_41,356,356,
8930,39,0,0,builder_3,356,356,8846
8846,40,98000,381000,user_3,356,356,
8868,41,460000,0,user_19,356,356,
8850,42,420000,0,user_4,356,356,
8855,43,340000,0,user_11,356,356,
8892,44,340000,0,user_44,356,356,
8893,45,340000,0,user_46,356,356,
8877,46,220000,0,user_29,356,356,
8895,47,220000,0,user_48,356,356,
8857,48,170000,0,user_12,356,356,
8861,49,170000,0,user_14,356,356,
8880,50,120000,42000,user_32,356,356,
8931,51,0,0,builder_3,356,356,8880
8842,52,110000,13900,user_0,356,356,
8932,53,0,0,builder_3,356,356,8842
8876,54,110000,0,user_28,356,356,
8888,55,110000,0,user_40,356,356,
8847,56,83000,0,user_3,356,356,
8884,57,77000,0,user_35,356,356,
8977,,110000,0,user_1,357,,
8978,,120000,0,user_1,357,,
8979,,310000,18600,user_1,357,,
8980,,1000000,56200,user_1,357,,
8981,,1500000,0,user_1,357,,
8982,,82000,0,user_2,357,,
8983,,320000,0,user_3,357,,
8984,,670000,0,user_4,357,,
8985,,6100000,381000,user_7,357,,
8986,,2500000,0,user_7,357,,
8987,,3600000,0,user_7,357,,
8988,,1400000,24700,user_9,357,,
8989,,150000,0,user_9,357,,
8990,,2000000,0,user_10,357,,
8991,,350000,0,user_10,357,,
8992,,77000,0,user_10,357,,
8993,,2600000,283000,user_10,357,,
8994,,320000,0,user_10,357,,
8995,,3600000,12300,user_12,357,,
8996,,6100000,0,user_13,357,,
8997,,2400000,0,user_14,357,,
8998,,5200000,0,user_15,357,,
8999,,27000000,0,user_16,357,,
9000,,6100000,0,user_17,357,,
9001,,79000,67900,user_18,357,,
9002,,340000,0,user_19,357,,
9003,,1600000,0,user_20,357,,
9004,,650000,0,user_21,357,,
9005,,1900000,0,user_23,357,,
9006,,2000000,0,user_24,357,,
9007,,30000000,0,user_24,357,,
9008,,2000000,0,user_24,357,,
9009,,2600000,0,user_25,357,,
9010,,310000,0,user_25,357,,
9011,,19000000,0,user_25,357,,
9012,,870000,0,user_26,357,,
9013,,300000,0,user_28,357,,
9014,,300000,0,user_31,357,,
9015,,130000,0,user_31,357,,
9016,,19000000,0,user_31,357,,
9017,,1400000,0,user_31,357,,
9018,,84000,0,user_34,357,,
9019,,350000,0,user_34,357,,
9020,,1800000,594000,user_35,357,,
9021,,630000,0,user_35,357,,
9022,,240000,0,user_36,357,,
9023,,870000,0,user_36,357,,
9024,,1100000,0,user_37,357,,
9025,,630000,0,user_38,357,,
9026,,160000,0,user_38,357,,
9027,,240000,15300,user_39,357,,
9028,,170000,0,user_41,357,,
9029,,300000,0,user_41,357,,
9030,,100000,0,user_41,357,,
9031,,1900000,0,user_41,357,,
9032,,1600000,0,user_41,357,,
9033,,660000,67500,user_42,357,,
9034,,77000,0,user_43,357,,
9035,,310000,0,user_44,357,,
9036,,300000,410000,user_44,357,,
9037,,420000,0,user_45,357,,
9038,,110000,0,user_45,357,,
9039,,220000,0,user_47,357,,
9040,,83000,0,user_47,357,,
9041,,150000,0,user_49,357,,
9007,0,30000000,0,user_24,357,357,
8999,1,27000000,0,user_16,357,357,
9011,2,19000000,0,user_25,357,357,
9016,3,19000000,0,user_31,357,357,
8985,4,6100000,381000,user_7,357,357,
8996,5,6100000,0,user_13,357,357,
9000,6,6100000,0,user_17,357,357,
8998,7,5200000,0,user_15,357,357,
8987,8,3600000,0,user_7,357,357,
8995,9,3600000,12300,user_12,357,357,
8993,10,2600000,283000,user_10,357,357,
9009,11,2600000,0,user_25,357,357,
8986,12,2500000,0,user_7,357,357,
8997,13,2400000,0,user_14,357,357,
8990,14,2000000,0,user_10,357,357,
9006,15,2000000,0,user_24,357,357,
9008,16,2000000,0,user_24,357,357,
9005,17,1900000,0,user_23,357,357,
9031,18,1900000,0,user_41,357,357,
9003,19,1600000,0,user_20,357,357,
9032,20,1600000,0,user_41,357,357,
8981,21,1500000,0,user_1,357,357,
8988,22,1400000,24700,user_9,357,357,
9017,23,1400000,0,user_31,357,357,
8980,24,1000000,56200,user_1,357,357,
9012,25,870000,0,user_26,357,357,
8984,26,670000,0,user_4,357,357,
9033,27,660000,67500,user_42,357,357,
9004,28,650000,0,user_21,357,357,
9025,29,630000,0,user_38,357,357,
9037,30,420000,0,user_45,357,357,
8991,31,350000,0,user_10,357,357,
9019,32,350000,0,user_34,357,357,
9002,33,340000,0,user_19,357,357,
8994,34,320000,0,user_10,357,357,
8979,35,310000,18600,user_1,357,357,
9010,36,310000,0,user_25,357,357,
9035,37,310000,0,user_44,357,357,
9013,38,300000,0,user_28,357,357,
9014,39,300000,0,user_31,357,357,
9029,40,300000,0,user_41,357,357,
9036,41,300000,410000,user_44,357,357,
9027,42,240000,15300,user_39,357,357,
9039,43,220000,0,user_47,357,357,
9028,44,170000,0,user_41,357,357,
9026,45,160000,0,user_38,357,357,
8989,46,150000,0,user_9,357,357,
9015,47,130000,0,user_31,357,357,
8978,48,120000,0,user_1,357,357,
8977,49,110000,0,user_1,357,357,
9038,50,110000,0,user_45,357,357,
9030,51,100000,0,user_41,357,357,
9018,52,84000,0,user_34,357,357,
9040,53,83000,0,user_47,357,357,
8982,54,82000,0,user_2,357,357,
9001,55,79000,67900,user_18,357,357,
8992,56,77000,0,user_10,357,357,
9034,57,77000,0,user_43,357,357,
9118,,2600000,64600,user_1,358,,
9119,,420000,36800,user_1,358,,
9120,,1600000,0,user_2,358,,
9121,,600000,0,user_3,358,,
9122,,3500000,0,user_3,358,,
9123,,1600000,0,user_6,358,,
9124,,3200000,0,user_7,358,,
9125,,110000,195000,user_8,358,,
9126,,2000000,0,user_10,358,,
9127,,120000,0,user_10,358,,
9128,,310000,0,user_12,358,,
9129,,150000,0,user_13,358,,
9130,,1600000,545000,user_14,358,,
9131,,190000,0,user_16,358,,
9132,,1800000,0,user_17,358,,
9133,,120000,16400,user_20,358,,
9134,,190000,0,user_20,358,,
9135,,1500000,0,user_23,358,,
9136,,80000,0,user_25,358,,
9137,,470000,0,user_27,358,,
9138,,530000,0,user_28,358,,
9139,,70000,10700,user_28,358,,
9140,,220000,0,user_28,358,,
9141,,340000,0,user_28,358,,
9142,,220000,0,user_29,358,,
9143,,3600000,0,user_30,358,,
9144,,460000,0,user_32,358,,
9145,,77000,0,user_33,358,,
9146,,98000,0,user_35,358,,
9147,,310000,0,user_35,358,,
9148,,150000,0,user_37,358,,
9149,,1600000,0,user_38,358,,
9150,,1500000,0,user_39,358,,
9151,,1600000,0,user_40,358,,
9152,,4200000,0,user_43,358,,
9153,,120000,0,user_44,358,,
9154,,4200000,0,user_44,358,,
9155,,660000,0,user_46,358,,
9156,,1300000,0,user_47,358,,
9157,,6100000,0,user_47,358,,
9158,,98000,0,user_48,358,,
9159,,120000,0,user_49,358,,
9157,0,6100000,0,user_47,358,358,
9152,1,4200000,0,user_43,358,358,
9154,2,4200000,0,user_44,358,358,
9143,3,3600000,0,user_30,358,358,
9122,4,3500000,0,user_3,358,358,
9124,5,3200000,0,user_7,358,358,
9118,6,2600000,64600,user_1,358,358,
9160,7,0,0,builder_0,358,358,9118
9161,8,0,0,builder_0,358,358,9130
9130,9,1600000,545000,user_14,358,358,
9126,10,2000000,0,user_10,358,358,
9132,11,1800000,0,user_17,358,358,
9120,12,1600000,0,user_2,358,358,
9123,13,1600000,0,user_6,358,358,
9149,14,1600000,0,user_38,358,358,
9151,15,1600000,0,user_40,358,358,
9135,16,1500000,0,user_23,358,358,
9156,17,1300000,0,user_47,358,358,
9155,18,660000,0,user_46,358,358,
9121,19,600000,0,user_3,358,358,
9138,20,530000,0,user_28,358,358,
9137,21,470000,0,user_27,358,358,
9144,22,460000,0,user_32,358,358,
9119,23,420000,36800,user_1,358,358,
9162,24,0,0,builder_0,358,358,9119
9141,25,340000,0,user_28,358,358,
9147,26,310000,0,user_35,358,358,
9125,27,110000,195000,user_8,358,358,
9163,28,0,0,builder_0,358,358,9125
9140,29,220000,0,user_28,358,358,
9142,30,220000,0,user_29,358,358,
9131,31,190000,0,user_16,358,358,
9134,32,190000,0,user_20,358,358,
9129,33,150000,0,user_13,358,358,
9148,34,150000,0,user_37,358,358,
9164,35,0,0,builder_0,358,358,9133
9133,36,120000,16400,user_20,358,358,
9127,37,120000,0,user_10,358,358,
9153,38,120000,0,user_44,358,358,
9159,39,120000,0,user_49,358,358,
9146,40,98000,0,user_35,358,358,
9158,41,98000,0,user_48,358,358,
9139,42,70000,10700,user_28,358,358,
9165,43,0,0,builder_0,358,358,9139
9136,44,80000,0,user_25,358,358,
9145,45,77000,0,user_33,358,358,
9201,,130000,0,user_0,359,,
9202,,19000000,0,user_0,359,,
9203,,27000000,256000,user_1,359,,
9204,,3600000,0,user_3,359,,
9205,,470000,0,user_4,359,,
9206,,1300000,4320000,user_5,359,,
9207,,190000,0,user_6,359,,
9208,,220000,0,user_7,359,,
9209,,260000,0,user_8,359,,
9210,,1200000,0,user_9,359,,
9211,,83000,0,user_10,359,,
9212,,5000000,0,user_11,359,,
9213,,420000,0,user_13,359,,
9214,,1400000,0,user_13,359,,
9215,,82000,0,user_15,359,,
9216,,1000000,0,user_15,359,,
9217,,160000,0,user_15,359,,
9218,,420000,0,user_15,359,,
9219,,1100000,84800,user_15,359,,
9220,,4500000,0,user_16,359,,
9221,,1700000,23500,user_18,359,,
9222,,2000000,0,user_20,359,,
9223,,150000,350000,user_21,359,,
9224,,370000,0,user_22,359,,
9225,,460000,0,user_23,359,,
9226,,84000,0,user_25,359,,
9227,,1400000,0,user_25,359,,
9228,,2400000,0,user_25,359,,
9229,,670000,13800,user_25,359,,
9230,,320000,0,user_28,359,,
9231,,420000,0,user_28,359,,
9232,,2300000,0,user_29,359,,
9233,,970000,0,user_30,359,,
9234,,77000,0,user_30,359,,
9235,,220000,0,user_31,359,,
9236,,300000,0,user_31,359,,
9237,,73000,0,user_32,359,,
9238,,460000,0,user_32,359,,
9239,,1500000,0,user_32,359,,
9240,,150000,381000,user_32,359,,
9241,,650000,108000,user_32,359,,
9242,,1000000,0,user_33,359,,
9243,,460000,0,user_35,359,,
9244,,110000,0,user_36,359,,
9245,,1600000,16400,user_37,359,,
9246,,240000,0,user_37,359,,
9247,,870000,0,user_39,359,,
9248,,1100000,0,user_40,359,,
9249,,150000,0,user_40,359,,
9250,,420000,0,user_42,359,,
9251,,160000,0,user_44,359,,
9252,,3500000,5630,user_46,359,,
9203,0,27000000,256000,user_1,359,359,
9202,1,19000000,0,user_0,359,359,
9212,2,5000000,0,user_11,359,359,
9220,3,4500000,0,user_16,359,359,
9204,4,3600000,0,user_3,359,359,
9252,5,3500000,5630,user_46,359,359,
9228,6,2400000,0,user_25,359,359,
9232,7,2300000,0,user_29,359,359,
9222,8,2000000,0,user_20,359,359,
9221,9,1700000,23500,user_18,359,359,
9245,10,1600000,16400,user_37,359,359,
9239,11,1500000,0,user_32,359,359,
9214,12,1400000,0,user_13,359,359,
9227,13,1400000,0,user_25,359,359,
9219,14,1100000,84800,user_15,359,359,
9248,15,1100000,0,user_40,359,359,
9216,16,1000000,0,user_15,359,359,
9242,17,1000000,0,user_33,359,359,
9233,18,970000,0,user_30,359,359,
9247,19,870000,0,user_39,359,359,
9229,20,670000,13800,user_25,359,359,
9241,21,650000,108000,user_32,359,359,
9205,22,470000,0,user_4,359,359,
9225,23,460000,0,user_23,359,359,
9238,24,460000,0,user_32,359,359,
9243,25,460000,0,user_35,359,359,
9213,26,420000,0,user_13,359,359,
9218,27,420000,0,user_15,359,359,
9231,28,420000,0,user_28,359,359,
9250,29,420000,0,user_42,359,359,
9224,30,370000,0,user_22,359,359,
9230,31,320000,0,user_28,359,359,
9236,32,300000,0,user_31,359,359,
9209,33,260000,0,user_8,359,359,
9246,34,240000,0,user_37,359,359,
9208,35,220000,0,user_7,359,359,
9235,36,220000,0,user_31,359,359,
9207,37,190000,0,user_6,359,359,
9217,38,160000,0,user_15,359,359,
9251,39,160000,0,user_44,359,359,
9223,40,150000,350000,user_21,359,359,
9240,41,150000,381000,user_32,359,359,
9249,42,150000,0,user_40,359,359,
9201,43,130000,0,user_0,359,359,
9226,44,84000,0,user_25,359,359,
9215,45,82000,0,user_15,359,359,
9234,46,77000,0,user_30,359,359,
9237,47,73000,0,user_32,359,359,
4961,,1200000,0,user_0,360,,
4962,,2400000,0,user_1,360,,
4963,,650000,7190000,user_2,360,,
4964,,87000,0,user_3,360,,
4965,,670000,0,user_4,360,,
4966,,3200000,0,user_5,360,,
4967,,80000,0,user_5,360,,
4968,,3200000,0,user_6,360,,
4969,,670000,0,user_7,360,,
4970,,470000,0,user_8,360,,
4971,,82000,0,user_9,360,,
4972,,260000,0,user_9,360,,
4973,,420000,0,user_10,360,,
4974,,80000,0,user_12,360,,
4975,,350000,0,user_13,360,,
4976,,1300000,0,user_14,360,,
4977,,220000,0,user_15,360,,
4978,,5000000,64600,user_16,360,,
4979,,670000,0,user_18,360,,
4980,,2000000,0,user_21,360,,
4981,,420000,0,user_21,360,,
4982,,1700000,0,user_22,360,,
4983,,660000,0,user_23,360,,
4984,,3500000,0,user_24,360,,
4985,,160000,0,user_25,360,,
4986,,2500000,0,user_26,360,,
4987,,1500000,0,user_27,360,,
4988,,460000,0,user_29,360,,
4989,,100000,0,user_29,360,,
4990,,1000000,0,user_30,360,,
4991,,120000,0,user_30,360,,
4992,,1000000,0,user_31,360,,
4993,,84000,0,user_32,360,,
4994,,150000,195000,user_34,360,,
4995,,670000,0,user_34,360,,
4996,,670000,0,user_35,360,,
4997,,3500000,0,user_36,360,,
4998,,1500000,0,user_39,360,,
4999,,80000,0,user_40,360,,
5000,,1000000,0,user_41,360,,
5001,,1000000,0,user_42,360,,
5002,,470000,0,user_42,360,,
5003,,1500000,0,user_43,360,,
5004,,73000,11200,user_44,360,,
5005,,310000,0,user_45,360,,
5006,,970000,0,user_46,360,,
5007,,1000000,0,user_48,360,,
5008,,1400000,0,user_49,360,,
5016,0,0,0,builder_2,360,360,4963
4963,1,650000,7190000,user_2,360,360,
4978,2,5000000,64600,user_16,360,360,
5017,3,0,0,builder_2,360,360,4978
4984,4,3500000,0,user_24,360,360,
4997,5,3500000,0,user_36,360,360,
4966,6,3200000,0,user_5,360,360,
4968,7,3200000,0,user_6,360,360,
4986,8,2500000,0,user_26,360,360,
4962,9,2400000,0,user_1,360,360,
4980,10,2000000,0,user_21,360,360,
4982,11,1700000,0,user_22,360,360,
4987,12,1500000,0,user_27,360,360,
4998,13,1500000,0,user_39,360,360,
5003,14,1500000,0,user_43,360,360,
5008,15,1400000,0,user_49,360,360,
4976,16,1300000,0,user_14,360,360,
4961,17,1200000,0,user_0,360,360,
4990,18,1000000,0,user_30,360,360,
4992,19,1000000,0,user_31,360,360,
5000,20,1000000,0,user_41,360,360,
5007,21,1000000,0,user_48,360,360,
5006,22,970000,0,user_46,360,360,
4995,23,670000,0,user_34,360,360,
4983,24,660000,0,user_23,360,360,
4970,25,470000,0,user_8,360,360,
4988,26,460000,0,user_29,360,360,
4973,27,420000,0,user_10,360,360,
4981,28,420000,0,user_21,360,360,
4975,29,350000,0,user_13,360,360,
4994,30,150000,195000,user_34,360,360,
5018,31,0,0,builder_2,360,360,4994
5005,32,310000,0,user_45,360,360,
4972,33,260000,0,user_9,360,360,
4977,34,220000,0,user_15,360,360,
4985,35,160000,0,user_25,360,360,
4991,36,120000,0,user_30,360,360,
4989,37,100000,0,user_29,360,360,
4964,38,87000,0,user_3,360,360,
4971,39,82000,0,user_9,360,360,
4967,40,80000,0,user_5,360,360,
4999,41,80000,0,user_40,360,360,
5037,,120000,779000,user_1,361,,
5038,,3600000,0,user_1,361,,
5039,,220000,0,user_2,361,,
5040,,4500000,0,user_3,361,,
5041,,600000,0,user_4,361,,
5042,,160000,0,user_4,361,,
5043,,1300000,0,user_4,361,,
5044,,310000,0,user_4,361,,
5045,,1300000,0,user_4,361,,
5046,,1300000,0,user_6,361,,
5047,,120000,0,user_7,361,,
5048,,5000000,0,user_7,361,,
5049,,1100000,0,user_7,361,,
5050,,150000,0,user_8,361,,
5051,,300000,0,user_9,361,,
5052,,320000,36800,user_11,361,,
5053,,460000,0,user_11,361,,
5054,,6300000,0,user_11,361,,
5055,,1400000,100000,user_11,361,,
5056,,650000,0,user_11,361,,
5057,,110000,0,user_14,361,,
5058,,260000,215000,user_15,361,,
5059,,110000,5630,user_16,361,,
5060,,160000,0,user_16,361,,
5061,,84000,0,user_16,361,,
5062,,2400000,47700,user_17,361,,
5063,,6100000,0,user_18,361,,
5064,,220000,0,user_18,361,,
5065,,670000,256000,user_18,361,,
5066,,630000,0,user_18,361,,
5067,,70000,0,user_19,361,,
5068,,2000000,0,user_20,361,,
5069,,1100000,0,user_22,361,,
5070,,120000,164000,user_23,361,,
5071,,170000,215000,user_25,361,,
5072,,110000,0,user_26,361,,
5073,,2600000,0,user_28,361,,
5074,,3600000,0,user_29,361,,
5075,,6100000,49100,user_31,361,,
5076,,870000,0,user_31,361,,
5077,,120000,0,user_33,361,,
5078,,260000,0,user_37,361,,
5079,,220000,0,user_37,361,,
5080,,70000,296000,user_38,361,,
5081,,110000,0,user_38,361,,
5082,,4200000,410000,user_39,361,,
5083,,360000,0,user_39,361,,
5084,,120000,56200,user_39,361,,
5085,,220000,0,user_39,361,,
5086,,360000,0,user_41,361,,
5087,,100000,0,user_42,361,,
5088,,77000,0,user_43,361,,
5089,,150000,0,user_44,361,,
5090,,77000,0,user_45,361,,
5091,,2300000,49100,user_46,361,,
5092,,19000000,68100,user_46,361,,
5093,,470000,0,user_48,361,,
5092,0,19000000,68100,user_46,361,361,
5054,1,6300000,0,user_11,361,361,
5063,2,6100000,0,user_18,361,361,
5075,3,6100000,49100,user_31,361,361,
5048,4,5000000,0,user_7,361,361,
5040,5,4500000,0,user_3,361,361,
5082,6,4200000,410000,user_39,361,361,
5038,7,3600000,0,user_1,361,361,
5074,8,3600000,0,user_29,361,361,
5073,9,2600000,0,user_28,361,361,
5062,10,2400000,47700,user_17,361,361,
5091,11,2300000,49100,user_46,361,361,
5068,12,2000000,0,user_20,361,361,
5055,13,1400000,100000,user_11,361,361,
5043,14,1300000,0,user_4,361,361,
5045,15,1300000,0,user_4,361,361,
5046,16,1300000,0,user_6,361,361,
5049,17,1100000,0,user_7,361,361,
5069,18,1100000,0,user_22,361,361,
5076,19,870000,0,user_31,361,361,
5065,20,670000,256000,user_18,361,361,
5056,21,650000,0,user_11,361,361,
5066,22,630000,0,user_18,361,361,
5041,23,600000,0,user_4,361,361,
5053,24,460000,0,user_11,361,361,
5083,25,360000,0,user_39,361,361,
5086,26,360000,0,user_41,361,361,
5052,27,320000,36800,user_11,361,361,
5044,28,310000,0,user_4,361,361,
5058,29,260000,215000,user_15,361,361,
5078,30,260000,0,user_37,361,361,
5039,31,220000,0,user_2,361,361,
5064,32,220000,0,user_18,361,361,
5079,33,220000,0,user_37,361,361,
5085,34,220000,0,user_39,361,361,
5071,35,170000,215000,user_25,361,361,
5042,36,160000,0,user_4,361,361,
5060,37,160000,0,user_16,361,361,
5050,38,150000,0,user_8,361,361,
5089,39,150000,0,user_44,361,361,
5037,40,120000,779000,user_1,361,361,
5047,41,120000,0,user_7,361,361,
5070,42,120000,164000,user_23,361,361,
5077,43,120000,0,user_33,361,361,
5084,44,120000,56200,user_39,361,361,
5057,45,110000,0,user_14,361,361,
5059,46,110000,5630,user_16,361,361,
5072,47,110000,0,user_26,361,361,
5087,48,100000,0,user_42,361,361,
5061,49,84000,0,user_16,361,361,
5088,50,77000,0,user_43,361,361,
5090,51,77000,0,user_45,361,361,
5067,52,70000,0,user_19,361,361,
5198,,1000000,0,user_0,362,,
5199,,120000,21800,user_1,362,,
5200,,1400000,1100000,user_2,362,,
5201,,1300000,181000,user_3,362,,
5202,,1000000,0,user_3,362,,
5203,,260000,0,user_4,362,,
5204,,79000,0,user_4,362,,
5205,,2000000,0,user_6,362,,
5206,,5200000,0,user_7,362,,
5207,,120000,146000,user_7,362,,
5208,,1400000,0,user_8,362,,
5209,,5000000,0,user_10,362,,
5210,,310000,0,user_10,362,,
5211,,530000,0,user_11,362,,
5212,,110000,128000,user_12,362,,
5213,,2100000,0,user_13,362,,
5214,,160000,0,user_15,362,,
5215,,1500000,0,user_16,362,,
5216,,370000,0,user_17,362,,
5217,,160000,0,user_18,362,,
5218,,150000,0,user_18,362,,
5219,,120000,0,user_18,362,,
5220,,110000,0,user_18,362,,
5221,,70000,0,user_18,362,,
5222,,420000,0,user_19,362,,
5223,,350000,0,user_23,362,,
5224,,1100000,0,user_23,362,,
5225,,530000,0,user_24,362,,
5226,,1600000,0,user_25,362,,
5227,,1100000,0,user_26,362,,
5228,,420000,0,user_26,362,,
5229,,1900000,0,user_26,362,,
5230,,470000,0,user_26,362,,
5231,,2000000,0,user_27,362,,
5232,,160000,35600,user_28,362,,
5233,,370000,36800,user_30,362,,
5234,,420000,0,user_33,362,,
5235,,530000,0,user_35,362,,
5236,,2600000,0,user_36,362,,
5237,,220000,0,user_37,362,,
5238,,670000,296000,user_37,362,,
5239,,30000000,0,user_37,362,,
5240,,220000,0,user_37,362,,
5241,,110000,0,user_38,362,,
5242,,1200000,161000,user_39,362,,
5243,,110000,0,user_40,362,,
5244,,1000000,0,user_42,362,,
5245,,1500000,0,user_44,362,,
5246,,2400000,0,user_45,362,,
5247,,70000,0,user_46,362,,
5248,,98000,0,user_49,362,,
5239,0,30000000,0,user_37,362,362,
5206,1,5200000,0,user_7,362,362,
5209,2,5000000,0,user_10,362,362,
5236,3,2600000,0,user_36,362,362,
5246,4,2400000,0,user_45,362,362,
5213,5,2100000,0,user_13,362,362,
5205,6,2000000,0,user_6,362,362,
5231,7,2000000,0,user_27,362,362,
5229,8,1900000,0,user_26,362,362,
5226,9,1600000,0,user_25,362,362,
5215,10,1500000,0,user_16,362,362,
5245,11,1500000,0,user_44,362,362,
5200,12,1400000,1100000,user_2,362,362,
5208,13,1400000,0,user_8,362,362,
5201,14,1300000,181000,user_3,362,362,
5242,15,1200000,161000,user_39,362,362,
5224,16,1100000,0,user_23,362,362,
5227,17,1100000,0,user_26,362,362,
5198,18,1000000,0,user_0,362,362,
5202,19,1000000,0,user_3,362,362,
5244,20,1000000,0,user_42,362,362,
5238,21,670000,296000,user_37,362,362,
5211,22,530000,0,user_11,362,362,
5235,23,530000,0,user_35,362,362,
5230,24,470000,0,user_26,362,362,
5228,25,420000,0,user_26,362,362,
5234,26,420000,0,user_33,362,362,
5216,27,370000,0,user_17,362,362,
5233,28,370000,36800,user_30,362,362,
5223,29,350000,0,user_23,362,362,
5210,30,310000,0,user_10,362,362,
5203,31,260000,0,user_4,362,362,
5237,32,220000,0,user_37,362,362,
5240,33,220000,0,user_37,362,362,
5214,34,160000,0,user_15,362,362,
5217,35,160000,0,user_18,362,362,
5218,36,150000,0,user_18,362,362,
5199,37,120000,21800,user_1,362,362,
5207,38,120000,146000,user_7,362,362,
5219,39,120000,0,user_18,362,362,
5212,40,110000,128000,user_12,362,362,
5220,41,110000,0,user_18,362,362,
5243,42,110000,0,user_40,362,362,
5248,43,98000,0,user_49,362,362,
5204,44,79000,0,user_4,362,362,
5221,45,70000,0,user_18,362,362,
5247,46,70000,0,user_46,362,362,
5313,,5000000,0,user_1,363,,
5314,,370000,0,user_1,363,,
5315,,85000,0,user_4,363,,
5316,,1500000,18600,user_5,363,,
5317,,19000000,181000,user_6,363,,
5318,,19000000,0,user_7,363,,
5319,,630000,16400,user_8,363,,
5320,,73000,0,user_9,363,,
5321,,43000000,0,user_12,363,,
5322,,100000,0,user_18,363,,
5323,,120000,0,user_18,363,,
5324,,970000,0,user_19,363,,
5325,,5000000,0,user_21,363,,
5326,,310000,0,user_22,363,,
5327,,110000,14200,user_23,363,,
5328,,2000000,0,user_24,363,,
5329,,120000,0,user_25,363,,
5330,,120000,0,user_25,363,,
5331,,970000,0,user_25,363,,
5332,,310000,0,user_25,363,,
5333,,420000,0,user_26,363,,
5334,,2000000,0,user_27,363,,
5335,,1700000,31700,user_29,363,,
5336,,1200000,0,user_31,363,,
5337,,120000,0,user_34,363,,
5338,,120000,0,user_34,363,,
5339,,360000,17000,user_34,363,,
5340,,3500000,0,user_35,363,,
5341,,160000,0,user_36,363,,
5342,,2300000,0,user_36,363,,
5343,,5000000,0,user_36,363,,
5344,,5200000,0,user_36,363,,
5345,,1600000,0,user_37,363,,
5346,,98000,0,user_37,363,,
5347,,1300000,594000,user_38,363,,
5348,,650000,0,user_39,363,,
5349,,43000000,1100000,user_40,363,,
5350,,190000,0,user_40,363,,
5351,,160000,0,user_41,363,,
5352,,1600000,15300,user_43,363,,
5353,,2400000,0,user_44,363,,
5354,,5000000,5180,user_45,363,,
5355,,1700000,0,user_48,363,,
5401,0,0,0,builder_6,363,363,5349
5349,1,43000000,1100000,user_40,363,363,
5321,2,43000000,0,user_12,363,363,
5402,3,0,0,builder_6,363,363,5317
5317,4,19000000,181000,user_6,363,363,
5318,5,19000000,0,user_7,363,363,
5344,6,5200000,0,user_36,363,363,
5403,7,0,0,builder_6,363,363,5354
5354,8,5000000,5180,user_45,363,363,
5313,9,5000000,0,user_1,363,363,
5325,10,5000000,0,user_21,363,363,
5343,11,5000000,0,user_36,363,363,
5340,12,3500000,0,user_35,363,363,
5353,13,2400000,0,user_44,363,363,
5342,14,2300000,0,user_36,363,363,
5328,15,2000000,0,user_24,363,363,
5334,16,2000000,0,user_27,363,363,
5404,17,0,0,builder_6,363,363,5347
5347,18,1300000,594000,user_38,363,363,
5405,19,0,0,builder_6,363,363,5335
5335,20,1700000,31700,user_29,363,363,
5355,21,1700000,0,user_48,363,363,
5345,22,1600000,0,user_37,363,363,
5406,23,0,0,builder_6,363,363,5316
5316,24,1500000,18600,user_5,363,363,
5336,25,1200000,0,user_31,363,363,
5324,26,970000,0,user_19,363,363,
5331,27,970000,0,user_25,363,363,
5348,28,650000,0,user_39,363,363,
5407,29,0,0,builder_6,363,363,5319
5319,30,630000,16400,user_8,363,363,
5314,31,370000,0,user_1,363,363,
5332,32,310000,0,user_25,363,363,
5350,33,190000,0,user_40,363,363,
5341,34,160000,0,user_36,363,363,
5351,35,160000,0,user_41,363,363,
5327,36,110000,14200,user_23,363,363,
5408,37,0,0,builder_6,363,363,5327
5323,38,120000,0,user_18,363,363,
5329,39,120000,0,user_25,363,363,
5330,40,120000,0,user_25,363,363,
5322,41,100000,0,user_18,363,363,
5346,42,98000,0,user_37,363,363,
5315,43,85000,0,user_4,363,363,
5320,44,73000,0,user_9,363,363,
5421,,170000,0,user_0,364,,
5422,,600000,0,user_1,364,,
5423,,85000,0,user_4,364,,
5424,,2000000,0,user_5,364,,
5425,,160000,0,user_6,364,,
5426,,3500000,0,user_8,364,,
5427,,85000,779000,user_8,364,,
5428,,320000,0,user_9,364,,
5429,,970000,0,user_11,364,,
5430,,350000,0,user_11,364,,
5431,,98000,0,user_14,364,,
5432,,70000,0,user_15,364,,
5433,,120000,0,user_16,364,,
5434,,1100000,0,user_16,364,,
5435,,6300000,56200,user_17,364,,
5436,,5000000,0,user_18,364,,
5437,,1000000,0,user_19,364,,
5438,,630000,0,user_20,364,,
5439,,530000,0,user_20,364,,
5440,,85000,0,user_21,364,,
5441,,2000000,39400,user_22,364,,
5442,,970000,0,user_24,364,,
5443,,1100000,0,user_25,364,,
5444,,19000000,0,user_25,364,,
5445,,87000,0,user_25,364,,
5446,,220000,0,user_25,364,,
5447,,170000,0,user_25,364,,
5448,,470000,0,user_27,364,,
5449,,1500000,0,user_29,364,,
5450,,120000,35600,user_30,364,,
5451,,530000,0,user_31,364,,
5452,,79000,64600,user_32,364,,
5453,,460000,10700,user_33,364,,
5454,,5200000,4320000,user_33,364,,
5455,,1700000,0,user_35,364,,
5456,,170000,0,user_36,364,,
5457,,150000,0,user_37,364,,
5458,,420000,39400,user_37,364,,
5459,,5000000,0,user_37,364,,
5460,,170000,0,user_38,364,,
5461,,2000000,0,user_40,364,,
5462,,6100000,0,user_41,364,,
5463,,1000000,0,user_42,364,,
5464,,240000,0,user_43,364,,
5465,,2100000,0,user_45,364,,
5466,,70000,0,user_45,364,,
5467,,2000000,0,user_47,364,,
5468,,670000,0,user_49,364,,
5444,0,19000000,0,user_25,364,364,
5435,1,6300000,56200,user_17,364,364,
5462,2,6100000,0,user_41,364,364,
5454,3,5200000,4320000,user_33,364,364,
5436,4,5000000,0,user_18,364,364,
5459,5,5000000,0,user_37,364,364,
5426,6,3500000,0,user_8,364,364,
5465,7,2100000,0,user_45,364,364,
5424,8,2000000,0,user_5,364,364,
5441,9,2000000,39400,user_22,364,364,
5461,10,2000000,0,user_40,364,364,
5467,11,2000000,0,user_47,364,364,
5455,12,1700000,0,user_35,364,364,
5449,13,1500000,0,user_29,364,364,
5434,14,1100000,0,user_16,364,364,
5443,15,1100000,0,user_25,364,364,
5463,16,1000000,0,user_42,364,364,
5429,17,970000,0,user_11,364,364,
5468,18,670000,0,user_49,364,364,
5438,19,630000,0,user_20,364,364,
5422,20,600000,0,user_1,364,364,
5439,21,530000,0,user_20,364,364,
5451,22,530000,0,user_31,364,364,
5448,23,470000,0,user_27,364,364,
5453,24,460000,10700,user_33,364,364,
5458,25,420000,39400,user_37,364,364,
5430,26,350000,0,user_11,364,364,
5464,27,240000,0,user_43,364,364,
5446,28,220000,0,user_25,364,364,
5421,29,170000,0,user_0,364,364,
5447,30,170000,0,user_25,364,364,
5456,31,170000,0,user_36,364,364,
5425,32,160000,0,user_6,364,364,
5457,33,150000,0,user_37,364,364,
5433,34,120000,0,user_16,364,364,
5450,35,120000,35600,user_30,364,364,
5445,36,87000,0,user_25,364,364,
5423,37,85000,0,user_4,364,364,
5427,38,85000,779000,user_8,364,364,
5440,39,85000,0,user_21,364,364,
5432,40,70000,0,user_15,364,364,
5466,41,70000,0,user_45,364,364,
5525,,160000,0,user_0,365,,
5526,,2100000,0,user_3,365,,
5527,,170000,0,user_4,365,,
5528,,87000,0,user_6,365,,
5529,,160000,0,user_9,365,,
5530,,370000,0,user_10,365,,
5531,,1100000,0,user_11,365,,
5532,,3500000,0,user_14,365,,
5533,,2100000,769000,user_15,365,,
5534,,98000,769000,user_16,365,,
5535,,82000,0,user_16,365,,
5536,,1000000,0,user_16,365,,
5537,,630000,0,user_16,365,,
5538,,420000,0,user_17,365,,
5539,,660000,0,user_17,365,,
5540,,150000,0,user_17,365,,
5541,,260000,0,user_17,365,,
5542,,160000,0,user_17,365,,
5543,,79000,100000,user_18,365,,
5544,,160000,0,user_19,365,,
5545,,1200000,0,user_20,365,,
5546,,84000,23500,user_20,365,,
5547,,1400000,0,user_21,365,,
5548,,2400000,0,user_22,365,,
5549,,260000,594000,user_23,365,,
5550,,3500000,0,user_24,365,,
5551,,2300000,16400,user_24,365,,
5552,,120000,0,user_25,365,,
5553,,110000,24700,user_26,365,,
5554,,120000,0,user_27,365,,
5555,,370000,0,user_28,365,,
5556,,260000,161000,user_28,365,,
5557,,150000,0,user_29,365,,
5558,,340000,33300,user_30,365,,
5559,,110000,84800,user_31,365,,
5560,,160000,594000,user_32,365,,
5561,,630000,0,user_33,365,,
5562,,630000,75000,user_34,365,,
5563,,110000,0,user_35,365,,
5564,,460000,322000,user_35,365,,
5565,,82000,0,user_36,365,,
5566,,170000,0,user_36,365,,
5567,,1100000,0,user_37,365,,
5568,,910000,0,user_39,365,,
5569,,2500000,0,user_40,365,,
5570,,80000,15300,user_40,365,,
5571,,1900000,0,user_44,365,,
5572,,1200000,959000,user_45,365,,
5573,,2100000,231000,user_47,365,,
5574,,120000,0,user_48,365,,
5575,,320000,0,user_49,365,,
5576,,310000,0,user_49,365,,
5532,0,3500000,0,user_14,365,365,
5550,1,3500000,0,user_24,365,365,
5569,2,2500000,0,user_40,365,365,
5548,3,2400000,0,user_22,365,365,
5551,4,2300000,16400,user_24,365,365,
5526,5,2100000,0,user_3,365,365,
5533,6,2100000,769000,user_15,365,365,
5573,7,2100000,231000,user_47,365,365,
5571,8,1900000,0,user_44,365,365,
5547,9,1400000,0,user_21,365,365,
5545,10,1200000,0,user_20,365,365,
5572,11,1200000,959000,user_45,365,365,
5531,12,1100000,0,user_11,365,365,
5567,13,1100000,0,user_37,365,365,
5536,14,1000000,0,user_16,365,365,
5568,15,910000,0,user_39,365,365,
5539,16,660000,0,user_17,365,365,
5537,17,630000,0,user_16,365,365,
5561,18,630000,0,user_33,365,365,
5562,19,630000,75000,user_34,365,365,
5564,20,460000,322000,user_35,365,365,
5538,21,420000,0,user_17,365,365,
5555,22,370000,0,user_28,365,365,
5558,23,340000,33300,user_30,365,365,
5575,24,320000,0,user_49,365,365,
5576,25,310000,0,user_49,365,365,
5541,26,260000,0,user_17,365,365,
5549,27,260000,594000,user_23,365,365,
5556,28,260000,161000,user_28,365,365,
5527,29,170000,0,user_4,365,365,
5525,30,160000,0,user_0,365,365,
5542,31,160000,0,user_17,365,365,
5544,32,160000,0,user_19,365,365,
5560,33,160000,594000,user_32,365,365,
5540,34,150000,0,user_17,365,365,
5557,35,150000,0,user_29,365,365,
5552,36,120000,0,user_25,365,365,
5553,37,110000,24700,user_26,365,365,
5559,38,110000,84800,user_31,365,365,
5563,39,110000,0,user_35,365,365,
5534,40,98000,769000,user_16,365,365,
5528,41,87000,0,user_6,365,365,
5546,42,84000,23500,user_20,365,365,
5535,43,82000,0,user_16,365,365,
5570,44,80000,15300,user_40,365,365,
5543,45,79000,100000,user_18,365,365,
5685,,3500000,0,user_0,366,,
5686,,160000,0,user_1,366,,
5687,,220000,0,user_2,366,,
5688,,310000,0,user_3,366,,
5689,,1500000,0,user_5,366,,
5690,,150000,15100,user_5,366,,
5691,,120000,0,user_5,366,,
5692,,350000,0,user_6,366,,
5693,,2500000,0,user_7,366,,
5694,,150000,13800,user_8,366,,
5695,,150000,0,user_9,366,,
5696,,5000000,0,user_10,366,,
5697,,98000,0,user_11,366,,
5698,,2500000,16400,user_14,366,,
5699,,120000,0,user_15,366,,
5700,,150000,0,user_15,366,,
5701,,3600000,0,user_17,366,,
5702,,98000,0,user_18,366,,
5703,,1700000,0,user_19,366,,
5704,,150000,0,user_20,366,,
5705,,600000,0,user_23,366,,
5706,,460000,0,user_23,366,,
5707,,970000,0,user_24,366,,
5708,,310000,0,user_25,366,,
5709,,73000,0,user_26,366,,
5710,,120000,285000,user_27,366,,
5711,,190000,35600,user_28,366,,
5712,,2300000,0,user_29,366,,
5713,,2000000,215000,user_29,366,,
5714,,650000,410000,user_30,366,,
5715,,30000000,0,user_30,366,,
5716,,1600000,0,user_30,366,,
5717,,970000,0,user_30,366,,
5718,,310000,0,user_30,366,,
5719,,2500000,5630,user_31,366,,
5720,,4200000,0,user_31,366,,
5721,,160000,0,user_32,366,,
5722,,6300000,0,user_32,366,,
5723,,1000000,0,user_33,366,,
5724,,2000000,256000,user_34,366,,
5725,,1600000,0,user_34,366,,
5726,,160000,0,user_34,366,,
5727,,85000,0,user_34,366,,
5728,,630000,0,user_34,366,,
5729,,1600000,39400,user_35,366,,
5730,,2600000,0,user_36,366,,
5731,,83000,0,user_37,366,,
5732,,420000,0,user_38,366,,
5733,,170000,0,user_39,366,,
5734,,170000,47700,user_40,366,,
5735,,370000,0,user_41,366,,
5736,,1400000,0,user_42,366,,
5737,,110000,0,user_44,366,,
5738,,150000,84800,user_45,366,,
5739,,4200000,0,user_45,366,,
5740,,310000,0,user_46,366,,
5741,,6300000,510000,user_48,366,,
5742,,1000000,0,user_48,366,,
5743,,300000,0,user_48,366,,
5744,,600000,0,user_48,366,,
5715,0,30000000,0,user_30,366,366,
5722,1,6300000,0,user_32,366,366,
5741,2,6300000,510000,user_48,366,366,
5696,3,5000000,0,user_10,366,366,
5720,4,4200000,0,user_31,366,366,
5739,5,4200000,0,user_45,366,366,
5701,6,3600000,0,user_17,366,366,
5685,7,3500000,0,user_0,366,366,
5730,8,2600000,0,user_36,366,366,
5693,9,2500000,0,user_7,366,366,
5698,10,2500000,16400,user_14,366,366,
5719,11,2500000,5630,user_31,366,366,
5712,12,2300000,0,user_29,366,366,
5713,13,2000000,215000,user_29,366,366,
5724,14,2000000,256000,user_34,366,366,
5703,15,1700000,0,user_19,366,366,
5716,16,1600000,0,user_30,366,366,
5725,17,1600000,0,user_34,366,366,
5729,18,1600000,39400,user_35,366,366,
5689,19,1500000,0,user_5,366,366,
5736,20,1400000,0,user_42,366,366,
5723,21,1000000,0,user_33,366,366,
5742,22,1000000,0,user_48,366,366,
5707,23,970000,0,user_24,366,366,
5717,24,970000,0,user_30,366,366,
5714,25,650000,410000,user_30,366,366,
5728,26,630000,0,user_34,366,366,
5705,27,600000,0,user_23,366,366,
5744,28,600000,0,user_48,366,366,
5706,29,460000,0,user_23,366,366,
5732,30,420000,0,user_38,366,366,
5735,31,370000,0,user_41,366,366,
5692,32,350000,0,user_6,366,366,
5688,33,310000,0,user_3,366,366,
5708,34,310000,0,user_25,366,366,
5718,35,310000,0,user_30,366,366,
5740,36,310000,0,user_46,366,366,
5743,37,300000,0,user_48,366,366,
5687,38,220000,0,user_2,366,366,
5734,39,170000,47700,user_40,366,366,
5721,40,160000,0,user_32,366,366,
5726,41,160000,0,user_34,366,366,
5690,42,150000,15100,user_5,366,366,
5694,43,150000,13800,user_8,366,366,
5695,44,150000,0,user_9,366,366,
5700,45,150000,0,user_15,366,366,
5704,46,150000,0,user_20,366,366,
5738,47,150000,84800,user_45,366,366,
5691,48,120000,0,user_5,366,366,
5699,49,120000,0,user_15,366,366,
5710,50,120000,285000,user_27,366,366,
5737,51,110000,0,user_44,366,366,
5697,52,98000,0,user_11,366,366,
5702,53,98000,0,user_18,366,366,
5727,54,85000,0,user_34,366,366,
5835,,120000,0,user_0,367,,
5836,,910000,0,user_1,367,,
5837,,420000,0,user_3,367,,
5838,,1000000,0,user_4,367,,
5839,,1500000,0,user_6,367,,
5840,,220000,4320000,user_7,367,,
5841,,460000,0,user_10,367,,
5842,,220000,0,user_12,367,,
5843,,1500000,0,user_13,367,,
5844,,82000,0,user_14,367,,
5845,,870000,0,user_15,367,,
5846,,150000,0,user_16,367,,
5847,,79000,0,user_18,367,,
5848,,1600000,0,user_19,367,,
5849,,130000,0,user_20,367,,
5850,,3200000,0,user_21,367,,
5851,,100000,14200,user_22,367,,
5852,,1400000,0,user_22,367,,
5853,,160000,0,user_24,367,,
5854,,19000000,13900,user_24,367,,
5855,,1600000,11200,user_24,367,,
5856,,73000,32900,user_25,367,,
5857,,83000,0,user_25,367,,
5858,,650000,0,user_29,367,,
5859,,2000000,0,user_31,367,,
5860,,660000,0,user_33,367,,
5861,,85000,0,user_33,367,,
5862,,1100000,0,user_34,367,,
5863,,5000000,0,user_38,367,,
5864,,1900000,0,user_39,367,,
5865,,1200000,33100,user_40,367,,
5866,,19000000,0,user_41,367,,
5867,,1700000,0,user_41,367,,
5868,,300000,0,user_44,367,,
5869,,170000,0,user_45,367,,
5870,,170000,0,user_46,367,,
5871,,3200000,155000,user_46,367,,
5872,,1500000,0,user_48,367,,
5873,,1500000,0,user_48,367,,
5874,,5200000,0,user_49,367,,
5854,0,19000000,13900,user_24,367,367,
5885,1,0,0,builder_2,367,367,5854
5866,2,19000000,0,user_41,367,367,
5874,3,5200000,0,user_49,367,367,
5863,4,5000000,0,user_38,367,367,
5886,5,0,0,builder_2,367,367,5871
5871,6,3200000,155000,user_46,367,367,
5850,7,3200000,0,user_21,367,367,
5859,8,2000000,0,user_31,367,367,
5864,9,1900000,0,user_39,367,367,
5867,10,1700000,0,user_41,367,367,
5887,11,0,0,builder_2,367,367,5855
5855,12,1600000,11200,user_24,367,367,
5848,13,1600000,0,user_19,367,367,
5839,14,1500000,0,user_6,367,367,
5843,15,1500000,0,user_13,367,367,
5872,16,1500000,0,user_48,367,367,
5873,17,1500000,0,user_48,367,367,
5852,18,1400000,0,user_22,367,367,
5865,19,1200000,33100,user_40,367,367,
5888,20,0,0,builder_2,367,367,5865
5862,21,1100000,0,user_34,367,367,
5836,22,910000,0,user_1,367,367,
5845,23,870000,0,user_15,367,367,
5858,24,650000,0,user_29,367,367,
5841,25,460000,0,user_10,367,367,
5837,26,420000,0,user_3,367,367,
5869,27,170000,0,user_45,367,367,
5870,28,170000,0,user_46,367,367,
5853,29,160000,0,user_24,367,367,
5846,30,150000,0,user_16,367,367,
5835,31,120000,0,user_0,367,367,
5851,32,100000,14200,user_22,367,367,
5889,33,0,0,builder_2,367,367,5851
5856,34,73000,32900,user_25,367,367,
5890,35,0,0,builder_2,367,367,5856
5857,36,83000,0,user_25,367,367,
5844,37,82000,0,user_14,367,367,
5922,,130000,0,user_0,368,,
5923,,150000,0,user_1,368,,
5924,,30000000,0,user_2,368,,
5925,,660000,0,user_2,368,,
5926,,1600000,0,user_3,368,,
5927,,5000000,215000,user_4,368,,
5928,,310000,7190000,user_4,368,,
5929,,910000,12300,user_5,368,,
5930,,6100000,18600,user_6,368,,
5931,,420000,0,user_7,368,,
5932,,1700000,0,user_9,368,,
5933,,970000,0,user_10,368,,
5934,,1500000,75000,user_12,368,,
5935,,3200000,0,user_12,368,,
5936,,1500000,0,user_12,368,,
5937,,4500000,0,user_12,368,,
5938,,2100000,0,user_13,368,,
5939,,150000,164000,user_14,368,,
5940,,220000,0,user_17,368,,
5941,,870000,15300,user_17,368,,
5942,,82000,13900,user_17,368,,
5943,,1000000,0,user_19,368,,
5944,,1000000,0,user_19,368,,
5945,,150000,0,user_20,368,,
5946,,5000000,0,user_20,368,,
5947,,5000000,0,user_23,368,,
5948,,910000,0,user_24,368,,
5949,,320000,0,user_26,368,,
5950,,80000,0,user_27,368,,
5951,,2400000,0,user_29,368,,
5952,,360000,0,user_31,368,,
5953,,100000,0,user_33,368,,
5954,,370000,0,user_33,368,,
5955,,73000,0,user_34,368,,
5956,,4500000,0,user_34,368,,
5957,,300000,0,user_35,368,,
5958,,150000,0,user_36,368,,
5959,,190000,7190000,user_37,368,,
5960,,1200000,0,user_38,368,,
5961,,1000000,0,user_39,368,,
5962,,160000,0,user_39,368,,
5963,,1500000,0,user_40,368,,
5964,,1900000,0,user_41,368,,
5965,,98000,0,user_42,368,,
5966,,360000,0,user_42,368,,
5967,,84000,0,user_43,368,,
5968,,3500000,0,user_45,368,,
5969,,79000,0,user_45,368,,
5970,,5000000,0,user_46,368,,
5971,,2300000,3130,user_47,368,,
5972,,6300000,0,user_47,368,,
5973,,160000,0,user_47,368,,
5974,,3600000,0,user_48,368,,
5975,,5000000,181000,user_49,368,,
5924,0,30000000,0,user_2,368,368,
5972,1,6300000,0,user_47,368,368,
5930,2,6100000,18600,user_6,368,368,
5927,3,5000000,215000,user_4,368,368,
5946,4,5000000,0,user_20,368,368,
5947,5,5000000,0,user_23,368,368,
5970,6,5000000,0,user_46,368,368,
5975,7,5000000,181000,user_49,368,368,
5937,8,4500000,0,user_12,368,368,
5956,9,4500000,0,user_34,368,368,
5974,10,3600000,0,user_48,368,368,
5968,11,3500000,0,user_45,368,368,
5935,12,3200000,0,user_12,368,368,
5951,13,2400000,0,user_29,368,368,
5971,14,2300000,3130,user_47,368,368,
5938,15,2100000,0,user_13,368,368,
5932,16,1700000,0,user_9,368,368,
5934,17,1500000,75000,user_12,368,368,
5936,18,1500000,0,user_12,368,368,
5963,19,1500000,0,user_40,368,368,
5960,20,1200000,0,user_38,368,368,
5943,21,1000000,0,user_19,368,368,
5944,22,1000000,0,user_19,368,368,
5961,23,1000000,0,user_39,368,368,
5933,24,970000,0,user_10,368,368,
5929,25,910000,12300,user_5,368,368,
5948,26,910000,0,user_24,368,368,
5941,27,870000,15300,user_17,368,368,
5925,28,660000,0,user_2,368,368,
5931,29,420000,0,user_7,368,368,
5952,30,360000,0,user_31,368,368,
5966,31,360000,0,user_42,368,368,
5949,32,320000,0,user_26,368,368,
5928,33,310000,7190000,user_4,368,368,
5957,34,300000,0,user_35,368,368,
5940,35,220000,0,user_17,368,368,
5959,36,190000,7190000,user_37,368,368,
5962,37,160000,0,user_39,368,368,
5973,38,160000,0,user_47,368,368,
5923,39,150000,0,user_1,368,368,
5939,40,150000,164000,user_14,368,368,
5945,41,150000,0,user_20,368,368,
5922,42,130000,0,user_0,368,368,
5965,43,98000,0,user_42,368,368,
5942,44,82000,13900,user_17,368,368,
5969,45,79000,0,user_45,368,368,
5955,46,73000,0,user_34,368,368,
6051,,370000,0,user_0,369,,
6052,,2300000,0,user_2,369,,
6053,,1600000,0,user_3,369,,
6054,,170000,0,user_4,369,,
6055,,310000,0,user_4,369,,
6056,,420000,0,user_5,369,,
6057,,70000,0,user_6,369,,
6058,,150000,0,user_6,369,,
6059,,3500000,0,user_7,369,,
6060,,1500000,0,user_8,369,,
6061,,420000,0,user_8,369,,
6062,,1500000,0,user_10,369,,
6063,,2000000,66100,user_11,369,,
6064,,120000,0,user_15,369,,
6065,,110000,19700,user_15,369,,
6066,,320000,0,user_16,369,,
6067,,30000000,0,user_17,369,,
6068,,110000,0,user_17,369,,
6069,,110000,350000,user_18,369,,
6070,,1800000,0,user_19,369,,
6071,,82000,0,user_20,369,,
6072,,80000,0,user_21,369,,
6073,,2300000,0,user_21,369,,
6074,,260000,0,user_21,369,,
6075,,2100000,0,user_21,369,,
6076,,4500000,161000,user_21,369,,
6077,,170000,0,user_23,369,,
6078,,110000,0,user_23,369,,
6079,,1100000,0,user_23,369,,
6080,,98000,0,user_24,369,,
6081,,83000,0,user_25,369,,
6082,,1600000,0,user_29,369,,
6083,,110000,0,user_33,369,,
6084,,77000,0,user_33,369,,
6085,,19000000,0,user_34,369,,
6086,,240000,0,user_35,369,,
6087,,30000000,0,user_35,369,,
6088,,1500000,0,user_36,369,,
6089,,79000,0,user_37,369,,
6090,,120000,0,user_38,369,,
6091,,220000,0,user_38,369,,
6092,,2000000,0,user_39,369,,
6093,,660000,0,user_40,369,,
6094,,80000,56200,user_41,369,,
6095,,100000,164000,user_42,369,,
6096,,27000000,0,user_43,369,,
6097,,1200000,0,user_43,369,,
6098,,1000000,0,user_44,369,,
6099,,220000,0,user_44,369,,
6100,,160000,195000,user_46,369,,
6101,,220000,23500,user_47,369,,
6102,,1600000,0,user_47,369,,
6103,,160000,0,user_48,369,,
6104,,4500000,0,user_49,369,,
6067,0,30000000,0,user_17,369,369,
6087,1,30000000,0,user_35,369,369,
6096,2,27000000,0,user_43,369,369,
6085,3,19000000,0,user_34,369,369,
6076,4,4500000,161000,user_21,369,369,
6104,5,4500000,0,user_49,369,369,
6059,6,3500000,0,user_7,369,369,
6052,7,2300000,0,user_2,369,369,
6073,8,2300000,0,user_21,369,369,
6075,9,2100000,0,user_21,369,369,
6063,10,2000000,66100,user_11,369,369,
6092,11,2000000,0,user_39,369,369,
6053,12,1600000,0,user_3,369,369,
6082,13,1600000,0,user_29,369,369,
6102,14,1600000,0,user_47,369,369,
6060,15,1500000,0,user_8,369,369,
6062,16,1500000,0,user_10,369,369,
6088,17,1500000,0,user_36,369,369,
6097,18,1200000,0,user_43,369,369,
6079,19,1100000,0,user_23,369,369,
6098,20,1000000,0,user_44,369,369,
6093,21,660000,0,user_40,369,369,
6056,22,420000,0,user_5,369,369,
6061,23,420000,0,user_8,369,369,
6051,24,370000,0,user_0,369,369,
6066,25,320000,0,user_16,369,369,
6055,26,310000,0,user_4,369,369,
6074,27,260000,0,user_21,369,369,
6086,28,240000,0,user_35,369,369,
6099,29,220000,0,user_44,369,369,
6101,30,220000,23500,user_47,369,369,
6054,31,170000,0,user_4,369,369,
6077,32,170000,0,user_23,369,369,
6100,33,160000,195000,user_46,369,369,
6058,34,150000,0,user_6,369,369,
6064,35,120000,0,user_15,369,369,
6065,36,110000,19700,user_15,369,369,
6068,37,110000,0,user_17,369,369,
6069,38,110000,350000,user_18,369,369,
6078,39,110000,0,user_23,369,369,
6083,40,110000,0,user_33,369,369,
6095,41,100000,164000,user_42,369,369,
6081,42,83000,0,user_25,369,369,
6071,43,82000,0,user_20,369,369,
6072,44,80000,0,user_21,369,369,
6094,45,80000,56200,user_41,369,369,
6089,46,79000,0,user_37,369,369,
6084,47,77000,0,user_33,369,369,
6057,48,70000,0,user_6,369,369,
6158,,2500000,13800,user_0,370,,
6159,,1100000,0,user_1,370,,
6160,,2600000,0,user_2,370,,
6161,,870000,0,user_3,370,,
6162,,190000,0,user_3,370,,
6163,,160000,0,user_3,370,,
6164,,670000,0,user_3,370,,
6165,,82000,0,user_3,370,,
6166,,220000,0,user_4,370,,
6167,,1200000,0,user_7,370,,
6168,,80000,0,user_8,370,,
6169,,80000,155000,user_11,370,,
6170,,2400000,0,user_13,370,,
6171,,170000,0,user_14,370,,
6172,,120000,0,user_14,370,,
6173,,370000,0,user_15,370,,
6174,,150000,0,user_15,370,,
6175,,600000,0,user_15,370,,
6176,,6300000,0,user_15,370,,
6177,,600000,14200,user_18,370,,
6178,,660000,0,user_18,370,,
6179,,370000,0,user_18,370,,
6180,,98000,0,user_19,370,,
6181,,460000,0,user_19,370,,
6182,,79000,0,user_21,370,,
6183,,83000,0,user_22,370,,
6184,,220000,0,user_22,370,,
6185,,84000,0,user_23,370,,
6186,,1200000,0,user_23,370,,
6187,,83000,0,user_24,370,,
6188,,4200000,0,user_26,370,,
6189,,2100000,0,user_28,370,,
6190,,2000000,0,user_30,370,,
6191,,120000,0,user_31,370,,
6192,,77000,23500,user_32,370,,
6193,,310000,0,user_33,370,,
6194,,260000,0,user_34,370,,
6195,,120000,0,user_34,370,,
6196,,3500000,0,user_34,370,,
6197,,120000,0,user_34,370,,
6198,,420000,0,user_35,370,,
6199,,110000,0,user_37,370,,
6200,,4200000,0,user_38,370,,
6201,,120000,0,user_39,370,,
6202,,160000,0,user_40,370,,
6203,,1500000,0,user_41,370,,
6204,,1700000,0,user_44,370,,
6205,,910000,21800,user_44,370,,
6206,,630000,0,user_48,370,,
6207,,460000,0,user_49,370,,
6208,,70000,0,user_49,370,,
6176,0,6300000,0,user_15,370,370,
6188,1,4200000,0,user_26,370,370,
6200,2,4200000,0,user_38,370,370,
6196,3,3500000,0,user_34,370,370,
6160,4,2600000,0,user_2,370,370,
6158,5,2500000,13800,user_0,370,370,
6221,6,0,0,builder_3,370,370,6158
6170,7,2400000,0,user_13,370,370,
6189,8,2100000,0,user_28,370,370,
6190,9,2000000,0,user_30,370,370,
6204,10,1700000,0,user_44,370,370,
6203,11,1500000,0,user_41,370,370,
6167,12,1200000,0,user_7,370,370,
6186,13,1200000,0,user_23,370,370,
6205,14,910000,21800,user_44,370,370,
6222,15,0,0,builder_3,370,370,6205
6161,16,870000,0,user_3,370,370,
6164,17,670000,0,user_3,370,370,
6178,18,660000,0,user_18,370,370,
6206,19,630000,0,user_48,370,370,
6177,20,600000,14200,user_18,370,370,
6223,21,0,0,builder_3,370,370,6177
6175,22,600000,0,user_15,370,370,
6181,23,460000,0,user_19,370,370,
6207,24,460000,0,user_49,370,370,
6198,25,420000,0,user_35,370,370,
6173,26,370000,0,user_15,370,370,
6179,27,370000,0,user_18,370,370,
6193,28,310000,0,user_33,370,370,
6194,29,260000,0,user_34,370,370,
6224,30,0,0,builder_3,370,370,6169
6169,31,80000,155000,user_11,370,370,
6166,32,220000,0,user_4,370,370,
6184,33,220000,0,user_22,370,370,
6162,34,190000,0,user_3,370,370,
6171,35,170000,0,user_14,370,370,
6163,36,160000,0,user_3,370,370,
6202,37,160000,0,user_40,370,370,
6174,38,150000,0,user_15,370,370,
6172,39,120000,0,user_14,370,370,
6191,40,120000,0,user_31,370,370,
6195,41,120000,0,user_34,370,370,
6197,42,120000,0,user_34,370,370,
6201,43,120000,0,user_39,370,370,
6199,44,110000,0,user_37,370,370,
6192,45,77000,23500,user_32,370,370,
6225,46,0,0,builder_3,370,370,6192
6180,47,98000,0,user_19,370,370,
6185,48,84000,0,user_23,370,370,
6183,49,83000,0,user_22,370,370,
6187,50,83000,0,user_24,370,370,
6165,51,82000,0,user_3,370,370,
6182,52,79000,0,user_21,370,370,
6208,53,70000,0,user_49,370,370,
6247,,2000000,0,user_2,371,,
6248,,43000000,0,user_3,371,,
6249,,1800000,0,user_4,371,,
6250,,130000,15300,user_5,371,,
6251,,1000000,0,user_6,371,,
6252,,220000,0,user_7,371,,
6253,,1500000,0,user_9,371,,
6254,,120000,0,user_10,371,,
6255,,1400000,15300,user_10,371,,
6256,,110000,0,user_12,371,,
6257,,260000,0,user_13,371,,
6258,,1700000,31700,user_13,371,,
6259,,2000000,0,user_14,371,,
6260,,1500000,0,user_16,371,,
6261,,150000,0,user_17,371,,
6262,,3500000,0,user_17,371,,
6263,,130000,0,user_18,371,,
6264,,84000,46500,user_18,371,,
6265,,1100000,0,user_20,371,,
6266,,420000,0,user_21,371,,
6267,,110000,0,user_23,371,,
6268,,77000,0,user_25,371,,
6269,,160000,0,user_25,371,,
6270,,910000,0,user_25,371,,
6271,,170000,959000,user_26,371,,
6272,,1000000,108000,user_27,371,,
6273,,77000,84800,user_28,371,,
6274,,1400000,0,user_28,371,,
6275,,460000,0,user_28,371,,
6276,,79000,0,user_30,371,,
6277,,150000,35600,user_30,371,,
6278,,420000,0,user_31,371,,
6279,,6100000,0,user_31,371,,
6280,,420000,0,user_32,371,,
6281,,600000,510000,user_32,371,,
6282,,6100000,84800,user_33,371,,
6283,,150000,0,user_35,371,,
6284,,1500000,0,user_36,371,,
6285,,87000,0,user_36,371,,
6286,,1500000,10700,user_36,371,,
6287,,1000000,0,user_36,371,,
6288,,4500000,0,user_36,371,,
6289,,970000,0,user_37,371,,
6290,,910000,322000,user_41,371,,
6291,,630000,0,user_44,371,,
6292,,110000,0,user_44,371,,
6293,,1400000,155000,user_47,371,,
6294,,1200000,779000,user_47,371,,
6248,0,43000000,0,user_3,371,371,
6282,1,6100000,84800,user_33,371,371,
6295,2,0,0,builder_0,371,371,6282
6279,3,6100000,0,user_31,371,371,
6288,4,4500000,0,user_36,371,371,
6262,5,3500000,0,user_17,371,371,
6247,6,2000000,0,user_2,371,371,
6259,7,2000000,0,user_14,371,371,
6294,8,1200000,779000,user_47,371,371,
6296,9,0,0,builder_0,371,371,6294
6258,10,1700000,31700,user_13,371,371,
6297,11,0,0,builder_0,371,371,6258
6298,12,0,0,builder_0,371,371,6293
6293,13,1400000,155000,user_47,371,371,
6299,14,0,0,builder_0,371,371,6286
6286,15,1500000,10700,user_36,371,371,
6253,16,1500000,0,user_9,371,371,
6260,17,1500000,0,user_16,371,371,
6284,18,1500000,0,user_36,371,371,
6300,19,0,0,builder_0,371,371,6255
6255,20,1400000,15300,user_10,371,371,
6274,21,1400000,0,user_28,371,371,
6290,22,910000,322000,user_41,371,371,
6301,23,0,0,builder_0,371,371,6290
6271,24,170000,959000,user_26,371,371,
6302,25,0,0,builder_0,371,371,6271
6281,26,600000,510000,user_32,371,371,
6303,27,0,0,builder_0,371,371,6281
6272,28,1000000,108000,user_27,371,371,
6304,29,0,0,builder_0,371,371,6272
6265,30,1100000,0,user_20,371,371,
6251,31,1000000,0,user_6,371,371,
6287,32,1000000,0,user_36,371,371,
6289,33,970000,0,user_37,371,371,
6270,34,910000,0,user_25,371,371,
6291,35,630000,0,user_44,371,371,
6275,36,460000,0,user_28,371,371,
6266,37,420000,0,user_21,371,371,
6278,38,420000,0,user_31,371,371,
6280,39,420000,0,user_32,371,371,
6257,40,260000,0,user_13,371,371,
6252,41,220000,0,user_7,371,371,
6305,42,0,0,builder_0,371,371,6277
6277,43,150000,35600,user_30,371,371,
6306,44,0,0,builder_0,371,371,6273
6273,45,77000,84800,user_28,371,371,
6269,46,160000,0,user_25,371,371,
6261,47,150000,0,user_17,371,371,
6283,48,150000,0,user_35,371,371,
6307,49,0,0,builder_0,371,371,6264
6264,50,84000,46500,user_18,371,371,
6263,51,130000,0,user_18,371,371,
6254,52,120000,0,user_10,371,371,
6267,53,110000,0,user_23,371,371,
6292,54,110000,0,user_44,371,371,
6285,55,87000,0,user_36,371,371,
6276,56,79000,0,user_30,371,371,
6268,57,77000,0,user_25,371,371,
6394,,6300000,0,user_2,372,,
6395,,530000,164000,user_5,372,,
6396,,1000000,0,user_5,372,,
6397,,1100000,0,user_7,372,,
6398,,84000,0,user_8,372,,
6399,,150000,0,user_9,372,,
6400,,27000000,0,user_11,372,,
6401,,220000,0,user_12,372,,
6402,,77000,0,user_14,372,,
6403,,150000,0,user_15,372,,
6404,,650000,0,user_16,372,,
6405,,3500000,0,user_16,372,,
6406,,3200000,0,user_17,372,,
6407,,43000000,0,user_17,372,,
6408,,84000,0,user_18,372,,
6409,,1200000,0,user_22,372,,
6410,,2100000,0,user_23,372,,
6411,,340000,0,user_25,372,,
6412,,2500000,14200,user_25,372,,
6413,,160000,0,user_28,372,,
6414,,98000,0,user_29,372,,
6415,,170000,0,user_29,372,,
6416,,100000,0,user_29,372,,
6417,,3200000,0,user_33,372,,
6418,,130000,0,user_33,372,,
6419,,650000,0,user_35,372,,
6420,,150000,0,user_35,372,,
6421,,5000000,0,user_36,372,,
6422,,160000,17000,user_38,372,,
6423,,470000,0,user_39,372,,
6424,,43000000,0,user_40,372,,
6425,,2500000,0,user_45,372,,
6426,,220000,0,user_45,372,,
6427,,320000,0,user_46,372,,
6428,,19000000,0,user_48,372,,
6429,,79000,0,user_48,372,,
6430,,1600000,0,user_49,372,,
6407,0,43000000,0,user_17,372,372,
6424,1,43000000,0,user_40,372,372,
6400,2,27000000,0,user_11,372,372,
6428,3,19000000,0,user_48,372,372,
6394,4,6300000,0,user_2,372,372,
6421,5,5000000,0,user_36,372,372,
6405,6,3500000,0,user_16,372,372,
6406,7,3200000,0,user_17,372,372,
6417,8,3200000,0,user_33,372,372,
6412,9,2500000,14200,user_25,372,372,
6425,10,2500000,0,user_45,372,372,
6410,11,2100000,0,user_23,372,372,
6430,12,1600000,0,user_49,372,372,
6409,13,1200000,0,user_22,372,372,
6397,14,1100000,0,user_7,372,372,
6396,15,1000000,0,user_5,372,372,
6404,16,650000,0,user_16,372,372,
6419,17,650000,0,user_35,372,372,
6395,18,530000,164000,user_5,372,372,
6411,19,340000,0,user_25,372,372,
6427,20,320000,0,user_46,372,372,
6426,21,220000,0,user_45,372,372,
6415,22,170000,0,user_29,372,372,
6422,23,160000,17000,user_38,372,372,
6399,24,150000,0,user_9,372,372,
6403,25,150000,0,user_15,372,372,
6420,26,150000,0,user_35,372,372,
6418,27,130000,0,user_33,372,372,
6416,28,100000,0,user_29,372,372,
6414,29,98000,0,user_29,372,372,
6398,30,84000,0,user_8,372,372,
6408,31,84000,0,user_18,372,372,
6429,32,79000,0,user_48,372,372,
6402,33,77000,0,user_14,372,372,
6453,,120000,0,user_0,373,,
6454,,2500000,139000,user_0,373,,
6455,,260000,0,user_1,373,,
6456,,650000,0,user_3,373,,
6457,,650000,6390,user_4,373,,
6458,,160000,15100,user_4,373,,
6459,,120000,0,user_5,373,,
6460,,370000,0,user_6,373,,
6461,,170000,0,user_6,373,,
6462,,3500000,0,user_7,373,,
6463,,1100000,0,user_8,373,,
6464,,85000,0,user_10,373,,
6465,,600000,0,user_10,373,,
6466,,3500000,0,user_11,373,,
6467,,220000,0,user_11,373,,
6468,,27000000,0,user_12,373,,
6469,,650000,0,user_13,373,,
6470,,5000000,0,user_13,373,,
6471,,970000,0,user_14,373,,
6472,,870000,0,user_15,373,,
6473,,110000,0,user_15,373,,
6474,,220000,0,user_16,373,,
6475,,1900000,5180,user_18,373,,
6476,,530000,0,user_19,373,,
6477,,970000,0,user_19,373,,
6478,,120000,0,user_19,373,,
6479,,460000,0,user_20,373,,
6480,,83000,68100,user_21,373,,
6481,,1100000,0,user_22,373,,
6482,,340000,0,user_23,373,,
6483,,910000,0,user_24,373,,
6484,,110000,0,user_25,373,,
6485,,110000,0,user_26,373,,
6486,,2000000,11200,user_26,373,,
6487,,30000000,0,user_27,373,,
6488,,170000,0,user_29,373,,
6489,,260000,0,user_30,373,,
6490,,1500000,0,user_30,373,,
6491,,73000,0,user_30,373,,
6492,,5000000,0,user_30,373,,
6493,,460000,0,user_30,373,,
6494,,6300000,0,user_31,373,,
6495,,600000,6390,user_33,373,,
6496,,310000,0,user_34,373,,
6497,,310000,0,user_34,373,,
6498,,1900000,0,user_35,373,,
6499,,160000,0,user_37,373,,
6500,,83000,0,user_39,373,,
6501,,1500000,0,user_40,373,,
6502,,420000,0,user_41,373,,
6503,,370000,0,user_42,373,,
6504,,30000000,0,user_44,373,,
6505,,260000,0,user_45,373,,
6506,,1600000,0,user_45,373,,
6507,,260000,0,user_45,373,,
6508,,160000,0,user_47,373,,
6487,0,30000000,0,user_27,373,373,
6504,1,30000000,0,user_44,373,373,
6468,2,27000000,0,user_12,373,373,
6494,3,6300000,0,user_31,373,373,
6470,4,5000000,0,user_13,373,373,
6492,5,5000000,0,user_30,373,373,
6462,6,3500000,0,user_7,373,373,
6466,7,3500000,0,user_11,373,373,
6454,8,2500000,139000,user_0,373,373,
6486,9,2000000,11200,user_26,373,373,
6475,10,1900000,5180,user_18,373,373,
6498,11,1900000,0,user_35,373,373,
6506,12,1600000,0,user_45,373,373,
6490,13,1500000,0,user_30,373,373,
6501,14,1500000,0,user_40,373,373,
6463,15,1100000,0,user_8,373,373,
6481,16,1100000,0,user_22,373,373,
6472,17,870000,0,user_15,373,373,
6456,18,650000,0,user_3,373,373,
6457,19,650000,6390,user_4,373,373,
6469,20,650000,0,user_13,373,373,
6465,21,600000,0,user_10,373,373,
6495,22,600000,6390,user_33,373,373,
6479,23,460000,0,user_20,373,373,
6493,24,460000,0,user_30,373,373,
6502,25,420000,0,user_41,373,373,
6460,26,370000,0,user_6,373,373,
6503,27,370000,0,user_42,373,373,
6482,28,340000,0,user_23,373,373,
6496,29,310000,0,user_34,373,373,
6497,30,310000,0,user_34,373,373,
6455,31,260000,0,user_1,373,373,
6489,32,260000,0,user_30,373,373,
6505,33,260000,0,user_45,373,373,
6507,34,260000,0,user_45,373,373,
6467,35,220000,0,user_11,373,373,
6474,36,220000,0,user_16,373,373,
6461,37,170000,0,user_6,373,373,
6488,38,170000,0,user_29,373,373,
6458,39,160000,15100,user_4,373,373,
6499,40,160000,0,user_37,373,373,
6508,41,160000,0,user_47,373,373,
6453,42,120000,0,user_0,373,373,
6459,43,120000,0,user_5,373,373,
6473,44,110000,0,user_15,373,373,
6484,45,110000,0,user_25,373,373,
6485,46,110000,0,user_26,373,373,
6464,47,85000,0,user_10,373,373,
6480,48,83000,68100,user_21,373,373,
6500,49,83000,0,user_39,373,373,
6491,50,73000,0,user_30,373,373,
6559,,6100000,15300,user_1,374,,
6560,,1300000,84800,user_2,374,,
6561,,84000,0,user_3,374,,
6562,,660000,0,user_5,374,,
6563,,4200000,0,user_6,374,,
6564,,73000,49100,user_6,374,,
6565,,160000,12300,user_6,374,,
6566,,170000,0,user_11,374,,
6567,,2100000,0,user_13,374,,
6568,,77000,0,user_15,374,,
6569,,130000,139000,user_16,374,,
6570,,1600000,0,user_17,374,,
6571,,110000,0,user_18,374,,
6572,,70000,0,user_18,374,,
6573,,77000,0,user_19,374,,
6574,,19000000,0,user_19,374,,
6575,,79000,0,user_20,374,,
6576,,460000,0,user_23,374,,
6577,,1800000,0,user_23,374,,
6578,,600000,13900,user_24,374,,
6579,,220000,0,user_25,374,,
6580,,260000,0,user_26,374,,
6581,,2000000,0,user_27,374,,
6582,,1500000,215000,user_28,374,,
6583,,2000000,0,user_29,374,,
6584,,220000,0,user_30,374,,
6585,,2500000,32900,user_30,374,,
6586,,2600000,0,user_30,374,,
6587,,150000,350000,user_31,374,,
6588,,120000,0,user_33,374,,
6589,,2300000,0,user_33,374,,
6590,,1600000,0,user_34,374,,
6591,,600000,100000,user_34,374,,
6592,,310000,0,user_36,374,,
6593,,110000,0,user_37,374,,
6594,,120000,0,user_38,374,,
6595,,260000,0,user_38,374,,
6596,,260000,0,user_39,374,,
6597,,2000000,0,user_40,374,,
6598,,470000,0,user_41,374,,
6599,,77000,231000,user_42,374,,
6600,,3200000,0,user_44,374,,
6601,,870000,0,user_45,374,,
6602,,160000,0,user_45,374,,
6603,,600000,0,user_46,374,,
6604,,470000,181000,user_46,374,,
6605,,3200000,56200,user_47,374,,
6606,,220000,0,user_48,374,,
6607,,420000,0,user_49,374,,
6574,0,19000000,0,user_19,374,374,
6559,1,6100000,15300,user_1,374,374,
6563,2,4200000,0,user_6,374,374,
6600,3,3200000,0,user_44,374,374,
6605,4,3200000,56200,user_47,374,374,
6586,5,2600000,0,user_30,374,374,
6585,6,2500000,32900,user_30,374,374,
6589,7,2300000,0,user_33,374,374,
6567,8,2100000,0,user_13,374,374,
6581,9,2000000,0,user_27,374,374,
6583,10,2000000,0,user_29,374,374,
6597,11,2000000,0,user_40,374,374,
6577,12,1800000,0,user_23,374,374,
6570,13,1600000,0,user_17,374,374,
6590,14,1600000,0,user_34,374,374,
6582,15,1500000,215000,user_28,374,374,
6560,16,1300000,84800,user_2,374,374,
6562,17,660000,0,user_5,374,374,
6578,18,600000,13900,user_24,374,374,
6591,19,600000,100000,user_34,374,374,
6576,20,460000,0,user_23,374,374,
6607,21,420000,0,user_49,374,374,
6592,22,310000,0,user_36,374,374,
6580,23,260000,0,user_26,374,374,
6595,24,260000,0,user_38,374,374,
6596,25,260000,0,user_39,374,374,
6579,26,220000,0,user_25,374,374,
6584,27,220000,0,user_30,374,374,
6606,28,220000,0,user_48,374,374,
6565,29,160000,12300,user_6,374,374,
6587,30,150000,350000,user_31,374,374,
6588,31,120000,0,user_33,374,374,
6594,32,120000,0,user_38,374,374,
6571,33,110000,0,user_18,374,374,
6593,34,110000,0,user_37,374,374,
6561,35,84000,0,user_3,374,374,
6575,36,79000,0,user_20,374,374,
6568,37,77000,0,user_15,374,374,
6573,38,77000,0,user_19,374,374,
6599,39,77000,231000,user_42,374,374,
6564,40,73000,49100,user_6,374,374,
6572,41,70000,0,user_18,374,374,
6694,,2000000,34700,user_2,375,,
6695,,530000,42000,user_3,375,,
6696,,630000,0,user_4,375,,
6697,,2000000,0,user_4,375,,
6698,,1500000,0,user_6,375,,
6699,,1000000,0,user_6,375,,
6700,,6100000,49100,user_7,375,,
6701,,120000,0,user_9,375,,
6702,,630000,15700,user_10,375,,
6703,,1300000,0,user_10,375,,
6704,,85000,0,user_12,375,,
6705,,110000,0,user_12,375,,
6706,,300000,0,user_12,375,,
6707,,170000,0,user_12,375,,
6708,,150000,0,user_12,375,,
6709,,1500000,0,user_14,375,,
6710,,1800000,0,user_14,375,,
6711,,1500000,0,user_14,375,,
6712,,2300000,0,user_14,375,,
6713,,1500000,15300,user_14,375,,
6714,,150000,0,user_15,375,,
6715,,120000,0,user_15,375,,
6716,,70000,4320000,user_16,375,,
6717,,110000,0,user_16,375,,
6718,,30000000,0,user_16,375,,
6719,,1300000,0,user_16,375,,
6720,,360000,0,user_16,375,,
6721,,870000,0,user_17,375,,
6722,,220000,0,user_18,375,,
6723,,3500000,0,user_22,375,,
6724,,120000,0,user_25,375,,
6725,,73000,0,user_27,375,,
6726,,79000,410000,user_28,375,,
6727,,80000,100000,user_28,375,,
6728,,370000,0,user_29,375,,
6729,,350000,0,user_30,375,,
6730,,160000,0,user_30,375,,
6731,,3500000,35600,user_32,375,,
6732,,220000,369000,user_33,375,,
6733,,5000000,0,user_34,375,,
6734,,5000000,0,user_34,375,,
6735,,87000,100000,user_34,375,,
6736,,460000,15100,user_34,375,,
6737,,100000,0,user_34,375,,
6738,,80000,0,user_35,375,,
6739,,5000000,0,user_35,375,,
6740,,2000000,30200,user_35,375,,
6741,,220000,0,user_35,375,,
6742,,43000000,0,user_36,375,,
6743,,5200000,0,user_37,375,,
6744,,530000,0,user_38,375,,
6745,,150000,0,user_39,375,,
6746,,3200000,0,user_40,375,,
6747,,1500000,0,user_41,375,,
6748,,460000,0,user_42,375,,
6749,,260000,0,user_42,375,,
6750,,2100000,0,user_43,375,,
6751,,84000,108000,user_43,375,,
6752,,30000000,0,user_45,375,,
6753,,170000,0,user_46,375,,
6754,,260000,0,user_46,375,,
6755,,98000,0,user_48,375,,
6756,,170000,0,user_49,375,,
6742,0,43000000,0,user_36,375,375,
6718,1,30000000,0,user_16,375,375,
6752,2,30000000,0,user_45,375,375,
6743,3,5200000,0,user_37,375,375,
6733,4,5000000,0,user_34,375,375,
6734,5,5000000,0,user_34,375,375,
6739,6,5000000,0,user_35,375,375,
6801,7,0,0,builder_4,375,375,6716
6716,8,70000,4320000,user_16,375,375,
6802,9,0,0,builder_4,375,375,6731
6731,10,3500000,35600,user_32,375,375,
6723,11,3500000,0,user_22,375,375,
6746,12,3200000,0,user_40,375,375,
6712,13,2300000,0,user_14,375,375,
6750,14,2100000,0,user_43,375,375,
6803,15,0,0,builder_4,375,375,6694
6694,16,2000000,34700,user_2,375,375,
6804,17,0,0,builder_4,375,375,6740
6740,18,2000000,30200,user_35,375,375,
6697,19,2000000,0,user_4,375,375,
6710,20,1800000,0,user_14,375,375,
6805,21,0,0,builder_4,375,375,6713
6713,22,1500000,15300,user_14,375,375,
6698,23,1500000,0,user_6,375,375,
6709,24,1500000,0,user_14,375,375,
6711,25,1500000,0,user_14,375,375,
6747,26,1500000,0,user_41,375,375,
6703,27,1300000,0,user_10,375,375,
6719,28,1300000,0,user_16,375,375,
6699,29,1000000,0,user_6,375,375,
6721,30,870000,0,user_17,375,375,
6702,31,630000,15700,user_10,375,375,
6806,32,0,0,builder_4,375,375,6702
6696,33,630000,0,user_4,375,375,
6807,34,0,0,builder_4,375,375,6732
6732,35,220000,369000,user_33,375,375,
6695,36,530000,42000,user_3,375,375,
6808,37,0,0,builder_4,375,375,6695
6744,38,530000,0,user_38,375,375,
6809,39,0,0,builder_4,375,375,6726
6726,40,79000,410000,user_28,375,375,
6736,41,460000,15100,user_34,375,375,
6810,42,0,0,builder_4,375,375,6736
6748,43,460000,0,user_42,375,375,
6728,44,370000,0,user_29,375,375,
6720,45,360000,0,user_16,375,375,
6729,46,350000,0,user_30,375,375,
6706,47,300000,0,user_12,375,375,
6749,48,260000,0,user_42,375,375,
6754,49,260000,0,user_46,375,375,
6722,50,220000,0,user_18,375,375,
6741,51,220000,0,user_35,375,375,
6751,52,84000,108000,user_43,375,375,
6811,53,0,0,builder_4,375,375,6751
6735,54,87000,100000,user_34,375,375,
6812,55,0,0,builder_4,375,375,6735
6727,56,80000,100000,user_28,375,375,
6813,57,0,0,builder_4,375,375,6727
6707,58,170000,0,user_12,375,375,
6753,59,170000,0,user_46,375,375,
6756,60,170000,0,user_49,375,375,
6730,61,160000,0,user_30,375,375,
6708,62,150000,0,user_12,375,375,
6701,63,120000,0,user_9,375,375,
6724,64,120000,0,user_25,375,375,
6705,65,110000,0,user_12,375,375,
6717,66,110000,0,user_16,375,375,
6737,67,100000,0,user_34,375,375,
6755,68,98000,0,user_48,375,375,
6704,69,85000,0,user_12,375,375,
6738,70,80000,0,user_35,375,375,
6725,71,73000,0,user_27,375,375,
6856,,5000000,0,user_1,376,,
6857,,460000,0,user_1,376,,
6858,,870000,0,user_2,376,,
6859,,2300000,0,user_3,376,,
6860,,370000,0,user_4,376,,
6861,,2000000,5180,user_6,376,,
6862,,1400000,0,user_7,376,,
6863,,110000,181000,user_7,376,,
6864,,670000,0,user_8,376,,
6865,,220000,0,user_8,376,,
6866,,1400000,0,user_9,376,,
6867,,170000,0,user_10,376,,
6868,,170000,0,user_11,376,,
6869,,5000000,0,user_12,376,,
6870,,650000,0,user_13,376,,
6871,,27000000,0,user_15,376,,
6872,,3600000,15700,user_16,376,,
6873,,650000,0,user_17,376,,
6874,,310000,0,user_18,376,,
6875,,2600000,0,user_19,376,,
6876,,310000,0,user_19,376,,
6877,,2000000,0,user_20,376,,
6878,,360000,0,user_21,376,,
6879,,420000,0,user_23,376,,
6880,,1400000,0,user_25,376,,
6881,,670000,0,user_28,376,,
6882,,5000000,0,user_30,376,,
6883,,310000,0,user_32,376,,
6884,,150000,0,user_34,376,,
6885,,2600000,68100,user_38,376,,
6886,,220000,42000,user_39,376,,
6887,,150000,10700,user_40,376,,
6888,,420000,0,user_41,376,,
6889,,240000,0,user_42,376,,
6890,,3500000,0,user_42,376,,
6891,,1500000,0,user_44,376,,
6892,,98000,0,user_44,376,,
6893,,87000,0,user_45,376,,
6894,,1200000,0,user_45,376,,
6895,,110000,0,user_46,376,,
6896,,70000,0,user_49,376,,
6897,,2300000,0,user_49,376,,
6871,0,27000000,0,user_15,376,376,
6856,1,5000000,0,user_1,376,376,
6869,2,5000000,0,user_12,376,376,
6882,3,5000000,0,user_30,376,376,
6872,4,3600000,15700,user_16,376,376,
6890,5,3500000,0,user_42,376,376,
6875,6,2600000,0,user_19,376,376,
6859,7,2300000,0,user_3,376,376,
6897,8,2300000,0,user_49,376,376,
6861,9,2000000,5180,user_6,376,376,
6877,10,2000000,0,user_20,376,376,
6891,11,1500000,0,user_44,376,376,
6862,12,1400000,0,user_7,376,376,
6880,13,1400000,0,user_25,376,376,
6894,14,1200000,0,user_45,376,376,
6858,15,870000,0,user_2,376,376,
6864,16,670000,0,user_8,376,376,
6881,17,670000,0,user_28,376,376,
6870,18,650000,0,user_13,376,376,
6873,19,650000,0,user_17,376,376,
6857,20,460000,0,user_1,376,376,
6879,21,420000,0,user_23,376,376,
6888,22,420000,0,user_41,376,376,
6860,23,370000,0,user_4,376,376,
6878,24,360000,0,user_21,376,376,
6874,25,310000,0,user_18,376,376,
6876,26,310000,0,user_19,376,376,
6883,27,310000,0,user_32,376,376,
6889,28,240000,0,user_42,376,376,
6865,29,220000,0,user_8,376,376,
6886,30,220000,42000,user_39,376,376,
6868,31,170000,0,user_11,376,376,
6884,32,150000,0,user_34,376,376,
6887,33,150000,10700,user_40,376,376,
6863,34,110000,181000,user_7,376,376,
6895,35,110000,0,user_46,376,376,
6892,36,98000,0,user_44,376,376,
6893,37,87000,0,user_45,376,376,
6896,38,70000,0,user_49,376,376,
6940,,83000,0,user_1,377,,
6941,,1700000,56200,user_2,377,,
6942,,150000,0,user_4,377,,
6943,,150000,0,user_5,377,,
6944,,310000,0,user_5,377,,
6945,,530000,0,user_7,377,,
6946,,260000,0,user_8,377,,
6947,,150000,0,user_9,377,,
6948,,120000,0,user_9,377,,
6949,,27000000,47700,user_10,377,,
6950,,77000,0,user_10,377,,
6951,,1800000,0,user_10,377,,
6952,,3500000,0,user_10,377,,
6953,,420000,0,user_10,377,,
6954,,650000,0,user_12,377,,
6955,,2000000,0,user_12,377,,
6956,,1100000,0,user_13,377,,
6957,,84000,35100,user_14,377,,
6958,,470000,0,user_15,377,,
6959,,530000,0,user_16,377,,
6960,,1700000,195000,user_17,377,,
6961,,150000,71800,user_20,377,,
6962,,2100000,5180,user_20,377,,
6963,,160000,0,user_22,377,,
6964,,1700000,0,user_23,377,,
6965,,120000,0,user_24,377,,
6966,,220000,0,user_25,377,,
6967,,87000,0,user_30,377,,
6968,,340000,0,user_31,377,,
6969,,1000000,0,user_32,377,,
6970,,110000,0,user_33,377,,
6971,,300000,0,user_34,377,,
6972,,1800000,0,user_36,377,,
6973,,260000,594000,user_36,377,,
6974,,1900000,215000,user_37,377,,
6975,,87000,0,user_37,377,,
6976,,3200000,18600,user_39,377,,
6977,,150000,46500,user_41,377,,
6978,,120000,0,user_41,377,,
6979,,350000,0,user_42,377,,
6980,,870000,73100,user_43,377,,
6981,,1700000,0,user_44,377,,
6982,,600000,0,user_45,377,,
6983,,600000,0,user_47,377,,
6984,,30000000,0,user_47,377,,
6985,,80000,0,user_48,377,,
6986,,220000,0,user_49,377,,
6984,0,30000000,0,user_47,377,377,
7012,1,0,0,builder_3,377,377,6949
6949,2,27000000,47700,user_10,377,377,
6952,3,3500000,0,user_10,377,377,
6976,4,3200000,18600,user_39,377,377,
7013,5,0,0,builder_3,377,377,6976
6974,6,1900000,215000,user_37,377,377,
7014,7,0,0,builder_3,377,377,6974
6962,8,2100000,5180,user_20,377,377,
7015,9,0,0,builder_3,377,377,6962
6955,10,2000000,0,user_12,377,377,
6960,11,1700000,195000,user_17,377,377,
7016,12,0,0,builder_3,377,377,6960
6951,13,1800000,0,user_10,377,377,
6972,14,1800000,0,user_36,377,377,
7017,15,0,0,builder_3,377,377,6941
6941,16,1700000,56200,user_2,377,377,
6964,17,1700000,0,user_23,377,377,
6981,18,1700000,0,user_44,377,377,
6956,19,1100000,0,user_13,377,377,
6969,20,1000000,0,user_32,377,377,
7018,21,0,0,builder_3,377,377,6980
6980,22,870000,73100,user_43,377,377,
6973,23,260000,594000,user_36,377,377,
7019,24,0,0,builder_3,377,377,6973
6954,25,650000,0,user_12,377,377,
6982,26,600000,0,user_45,377,377,
6983,27,600000,0,user_47,377,377,
6945,28,530000,0,user_7,377,377,
6958,29,470000,0,user_15,377,377,
6953,30,420000,0,user_10,377,377,
6979,31,350000,0,user_42,377,377,
6968,32,340000,0,user_31,377,377,
6944,33,310000,0,user_5,377,377,
6971,34,300000,0,user_34,377,377,
7020,35,0,0,builder_3,377,377,6961
6961,36,150000,71800,user_20,377,377,
6986,37,220000,0,user_49,377,377,
6977,38,150000,46500,user_41,377,377,
7021,39,0,0,builder_3,377,377,6977
6963,40,160000,0,user_22,377,377,
6942,41,150000,0,user_4,377,377,
6943,42,150000,0,user_5,377,377,
6965,43,120000,0,user_24,377,377,
6978,44,120000,0,user_41,377,377,
6957,45,84000,35100,user_14,377,377,
7022,46,0,0,builder_3,377,377,6957
6970,47,110000,0,user_33,377,377,
6967,48,87000,0,user_30,377,377,
6975,49,87000,0,user_37,377,377,
6985,50,80000,0,user_48,377,377,
6950,51,77000,0,user_10,377,377,
7068,,98000,0,user_2,378,,
7069,,1400000,0,user_2,378,,
7070,,1300000,4320000,user_5,378,,
7071,,1900000,0,user_5,378,,
7072,,2000000,0,user_5,378,,
7073,,120000,121000,user_6,378,,
7074,,6300000,14200,user_8,378,,
7075,,79000,64600,user_8,378,,
7076,,87000,0,user_8,378,,
7077,,6300000,35600,user_8,378,,
7078,,370000,0,user_9,378,,
7079,,660000,0,user_9,378,,
7080,,5000000,0,user_9,378,,
7081,,98000,0,user_9,378,,
7082,,2100000,0,user_9,378,,
7083,,1600000,0,user_10,378,,
7084,,350000,13900,user_11,378,,
7085,,1000000,0,user_11,378,,
7086,,530000,0,user_12,378,,
7087,,160000,0,user_15,378,,
7088,,2000000,0,user_16,378,,
7089,,670000,0,user_17,378,,
7090,,660000,73100,user_17,378,,
7091,,82000,64600,user_18,378,,
7092,,85000,0,user_20,378,,
7093,,43000000,128000,user_22,378,,
7094,,2400000,121000,user_24,378,,
7095,,120000,0,user_27,378,,
7096,,1400000,75000,user_28,378,,
7097,,19000000,164000,user_29,378,,
7098,,2000000,0,user_30,378,,
7099,,310000,7840,user_30,378,,
7100,,470000,0,user_30,378,,
7101,,19000000,0,user_32,378,,
7102,,910000,0,user_33,378,,
7103,,630000,0,user_34,378,,
7104,,79000,0,user_34,378,,
7105,,19000000,0,user_34,378,,
7106,,360000,0,user_34,378,,
7107,,460000,66100,user_34,378,,
7108,,30000000,68100,user_35,378,,
7109,,160000,0,user_35,378,,
7110,,170000,6390,user_36,378,,
7111,,120000,0,user_36,378,,
7112,,1500000,0,user_39,378,,
7113,,2300000,510000,user_39,378,,
7114,,5200000,0,user_40,378,,
7115,,1200000,0,user_41,378,,
7116,,85000,0,user_42,378,,
7117,,1200000,49100,user_42,378,,
7118,,70000,0,user_43,378,,
7119,,130000,0,user_47,378,,
7120,,300000,0,user_47,378,,
7121,,460000,510000,user_49,378,,
7093,0,43000000,128000,user_22,378,378,
7108,1,30000000,68100,user_35,378,378,
7097,2,19000000,164000,user_29,378,378,
7101,3,19000000,0,user_32,378,378,
7105,4,19000000,0,user_34,378,378,
7074,5,6300000,14200,user_8,378,378,
7077,6,6300000,35600,user_8,378,378,
7114,7,5200000,0,user_40,378,378,
7080,8,5000000,0,user_9,378,378,
7094,9,2400000,121000,user_24,378,378,
7082,10,2100000,0,user_9,378,378,
7072,11,2000000,0,user_5,378,378,
7088,12,2000000,0,user_16,378,378,
7098,13,2000000,0,user_30,378,378,
7071,14,1900000,0,user_5,378,378,
7083,15,1600000,0,user_10,378,378,
7069,16,1400000,0,user_2,378,378,
7070,17,1300000,4320000,user_5,378,378,
7115,18,1200000,0,user_41,378,378,
7117,19,1200000,49100,user_42,378,378,
7085,20,1000000,0,user_11,378,378,
7102,21,910000,0,user_33,378,378,
7089,22,670000,0,user_17,378,378,
7079,23,660000,0,user_9,378,378,
7090,24,660000,73100,user_17,378,378,
7103,25,630000,0,user_34,378,378,
7100,26,470000,0,user_30,378,378,
7107,27,460000,66100,user_34,378,378,
7121,28,460000,510000,user_49,378,378,
7078,29,370000,0,user_9,378,378,
7106,30,360000,0,user_34,378,378,
7084,31,350000,13900,user_11,378,378,
7099,32,310000,7840,user_30,378,378,
7120,33,300000,0,user_47,378,378,
7110,34,170000,6390,user_36,378,378,
7087,35,160000,0,user_15,378,378,
7109,36,160000,0,user_35,378,378,
7119,37,130000,0,user_47,378,378,
7073,38,120000,121000,user_6,378,378,
7095,39,120000,0,user_27,378,378,
7111,40,120000,0,user_36,378,378,
7068,41,98000,0,user_2,378,378,
7081,42,98000,0,user_9,378,378,
7076,43,87000,0,user_8,378,378,
7092,44,85000,0,user_20,378,378,
7116,45,85000,0,user_42,378,378,
7091,46,82000,64600,user_18,378,378,
7075,47,79000,64600,user_8,378,378,
7104,48,79000,0,user_34,378,378,
7118,49,70000,0,user_43,378,378,
7251,,1100000,19700,user_0,379,,
7252,,5000000,0,user_1,379,,
7253,,4500000,0,user_2,379,,
7254,,150000,0,user_3,379,,
7255,,5000000,0,user_4,379,,
7256,,240000,0,user_5,379,,
7257,,170000,0,user_7,379,,
7258,,98000,0,user_9,379,,
7259,,1600000,0,user_14,379,,
7260,,150000,0,user_14,379,,
7261,,1000000,0,user_15,379,,
7262,,73000,7840,user_17,379,,
7263,,110000,0,user_18,379,,
7264,,1000000,0,user_18,379,,
7265,,2000000,0,user_20,379,,
7266,,170000,779000,user_21,379,,
7267,,2000000,0,user_22,379,,
7268,,2100000,0,user_22,379,,
7269,,310000,0,user_24,379,,
7270,,150000,0,user_26,379,,
7271,,1000000,0,user_27,379,,
7272,,120000,0,user_28,379,,
7273,,1400000,0,user_29,379,,
7274,,970000,0,user_32,379,,
7275,,340000,0,user_34,379,,
7276,,1000000,15700,user_35,379,,
7277,,2100000,0,user_35,379,,
7278,,190000,0,user_36,379,,
7279,,1500000,0,user_36,379,,
7280,,110000,0,user_36,379,,
7281,,220000,0,user_36,379,,
7282,,1400000,0,user_36,379,,
7283,,120000,43600,user_37,379,,
7284,,1700000,12800,user_37,379,,
7285,,220000,181000,user_38,379,,
7286,,87000,0,user_39,379,,
7287,,460000,0,user_40,379,,
7288,,1500000,7840,user_40,379,,
7289,,2300000,0,user_40,379,,
7290,,1600000,0,user_40,379,,
7291,,460000,0,user_41,379,,
7292,,30000000,0,user_49,379,,
7292,0,30000000,0,user_49,379,379,
7252,1,5000000,0,user_1,379,379,
7255,2,5000000,0,user_4,379,379,
7253,3,4500000,0,user_2,379,379,
7289,4,2300000,0,user_40,379,379,
7268,5,2100000,0,user_22,379,379,
7277,6,2100000,0,user_35,379,379,
7265,7,2000000,0,user_20,379,379,
7267,8,2000000,0,user_22,379,379,
7284,9,1700000,12800,user_37,379,379,
7322,10,0,0,builder_4,379,379,7284
7259,11,1600000,0,user_14,379,379,
7290,12,1600000,0,user_40,379,379,
7288,13,1500000,7840,user_40,379,379,
7323,14,0,0,builder_4,379,379,7288
7279,15,1500000,0,user_36,379,379,
7273,16,1400000,0,user_29,379,379,
7282,17,1400000,0,user_36,379,379,
7324,18,0,0,builder_4,379,379,7251
7251,19,1100000,19700,user_0,379,379,
7276,20,1000000,15700,user_35,379,379,
7325,21,0,0,builder_4,379,379,7276
7264,22,1000000,0,user_18,379,379,
7271,23,1000000,0,user_27,379,379,
7274,24,970000,0,user_32,379,379,
7266,25,170000,779000,user_21,379,379,
7326,26,0,0,builder_4,379,379,7266
7287,27,460000,0,user_40,379,379,
7291,28,460000,0,user_41,379,379,
7285,29,220000,181000,user_38,379,379,
7327,30,0,0,builder_4,379,379,7285
7275,31,340000,0,user_34,379,379,
7269,32,310000,0,user_24,379,379,
7281,33,220000,0,user_36,379,379,
7278,34,190000,0,user_36,379,379,
7328,35,0,0,builder_4,379,379,7283
7283,36,120000,43600,user_37,379,379,
7254,37,150000,0,user_3,379,379,
7260,38,150000,0,user_14,379,379,
7270,39,150000,0,user_26,379,379,
7272,40,120000,0,user_28,379,379,
7263,41,110000,0,user_18,379,379,
7280,42,110000,0,user_36,379,379,
7258,43,98000,0,user_9,379,379,
7262,44,73000,7840,user_17,379,379,
7329,45,0,0,builder_4,379,379,7262
7355,,660000,0,user_0,380,,
7356,,260000,0,user_1,380,,
7357,,83000,0,user_2,380,,
7358,,120000,19700,user_2,380,,
7359,,870000,13900,user_2,380,,
7360,,370000,0,user_2,380,,
7361,,1500000,0,user_3,380,,
7362,,120000,0,user_3,380,,
7363,,5200000,0,user_4,380,,
7364,,1600000,0,user_5,380,,
7365,,600000,0,user_6,380,,
7366,,1100000,0,user_7,380,,
7367,,1900000,17000,user_9,380,,
7368,,160000,0,user_9,380,,
7369,,1700000,0,user_10,380,,
7370,,110000,0,user_10,380,,
7371,,470000,15700,user_10,380,,
7372,,170000,84800,user_12,380,,
7373,,120000,545000,user_13,380,,
7374,,1500000,0,user_14,380,,
7375,,240000,0,user_15,380,,
7376,,2400000,32900,user_15,380,,
7377,,43000000,0,user_17,380,,
7378,,6300000,0,user_18,380,,
7379,,43000000,0,user_20,380,,
7380,,460000,0,user_27,380,,
7381,,5000000,0,user_28,380,,
7382,,85000,0,user_29,380,,
7383,,660000,0,user_29,380,,
7384,,530000,68100,user_29,380,,
7385,,1900000,0,user_30,380,,
7386,,660000,0,user_31,380,,
7387,,19000000,0,user_32,380,,
7388,,1800000,779000,user_33,380,,
7389,,3200000,0,user_34,380,,
7390,,150000,0,user_37,380,,
7391,,19000000,0,user_37,380,,
7392,,2100000,71800,user_37,380,,
7393,,170000,0,user_37,380,,
7394,,150000,0,user_37,380,,
7395,,87000,17000,user_38,380,,
7396,,630000,0,user_38,380,,
7397,,120000,0,user_40,380,,
7398,,130000,0,user_40,380,,
7399,,5000000,0,user_41,380,,
7400,,80000,0,user_42,380,,
7401,,300000,0,user_43,380,,
7402,,2000000,0,user_44,380,,
7403,,2000000,0,user_45,380,,
7404,,110000,0,user_46,380,,
7405,,1400000,0,user_46,380,,
7406,,320000,0,user_47,380,,
7407,,2500000,0,user_48,380,,
7408,,120000,14200,user_49,380,,
7377,0,43000000,0,user_17,380,380,
7379,1,43000000,0,user_20,380,380,
7387,2,19000000,0,user_32,380,380,
7391,3,19000000,0,user_37,380,380,
7378,4,6300000,0,user_18,380,380,
7363,5,5200000,0,user_4,380,380,
7381,6,5000000,0,user_28,380,380,
7399,7,5000000,0,user_41,380,380,
7389,8,3200000,0,user_34,380,380,
7438,9,0,0,builder_3,380,380,7388
7388,10,1800000,779000,user_33,380,380,
7407,11,2500000,0,user_48,380,380,
7439,12,0,0,builder_3,380,380,7376
7376,13,2400000,32900,user_15,380,380,
7440,14,0,0,builder_3,380,380,7392
7392,15,2100000,71800,user_37,380,380,
7402,16,2000000,0,user_44,380,380,
7403,17,2000000,0,user_45,380,380,
7385,18,1900000,0,user_30,380,380,
7369,19,1700000,0,user_10,380,380,
7364,20,1600000,0,user_5,380,380,
7361,21,1500000,0,user_3,380,380,
7374,22,1500000,0,user_14,380,380,
7405,23,1400000,0,user_46,380,380,
7366,24,1100000,0,user_7,380,380,
7359,25,870000,13900,user_2,380,380,
7441,26,0,0,builder_3,380,380,7359
7442,27,0,0,builder_3,380,380,7373
7373,28,120000,545000,user_13,380,380,
7355,29,660000,0,user_0,380,380,
7383,30,660000,0,user_29,380,380,
7386,31,660000,0,user_31,380,380,
7396,32,630000,0,user_38,380,380,
7443,33,0,0,builder_3,380,380,7384
7384,34,530000,68100,user_29,380,380,
7444,35,0,0,builder_3,380,380,7371
7371,36,470000,15700,user_10,380,380,
7360,37,370000,0,user_2,380,380,
7406,38,320000,0,user_47,380,380,
7401,39,300000,0,user_43,380,380,
7372,40,170000,84800,user_12,380,380,
7445,41,0,0,builder_3,380,380,7372
7375,42,240000,0,user_15,380,380,
7393,43,170000,0,user_37,380,380,
7390,44,150000,0,user_37,380,380,
7394,45,150000,0,user_37,380,380,
7358,46,120000,19700,user_2,380,380,
7446,47,0,0,builder_3,380,380,7358
7447,48,0,0,builder_3,380,380,7408
7408,49,120000,14200,user_49,380,380,
7398,50,130000,0,user_40,380,380,
7362,51,120000,0,user_3,380,380,
7397,52,120000,0,user_40,380,380,
7370,53,110000,0,user_10,380,380,
7404,54,110000,0,user_46,380,380,
7395,55,87000,17000,user_38,380,380,
7448,56,0,0,builder_3,380,380,7395
7382,57,85000,0,user_29,380,380,
7357,58,83000,0,user_2,380,380,
7400,59,80000,0,user_42,380,380,
7501,,5000000,0,user_1,381,,
7502,,1600000,0,user_2,381,,
7503,,1100000,0,user_3,381,,
7504,,260000,0,user_4,381,,
7505,,460000,0,user_5,381,,
7506,,240000,0,user_5,381,,
7507,,360000,0,user_6,381,,
7508,,77000,0,user_6,381,,
7509,,120000,0,user_8,381,,
7510,,160000,0,user_9,381,,
7511,,2300000,0,user_10,381,,
7512,,1200000,0,user_11,381,,
7513,,460000,0,user_12,381,,
7514,,100000,0,user_12,381,,
7515,,350000,0,user_13,381,,
7516,,160000,0,user_14,381,,
7517,,220000,0,user_14,381,,
7518,,120000,0,user_16,381,,
7519,,150000,0,user_16,381,,
7520,,630000,0,user_16,381,,
7521,,1600000,0,user_16,381,,
7522,,1900000,0,user_16,381,,
7523,,370000,0,user_17,381,,
7524,,630000,0,user_18,381,,
7525,,910000,0,user_19,381,,
7526,,110000,0,user_20,381,,
7527,,310000,0,user_23,381,,
7528,,320000,0,user_23,381,,
7529,,85000,0,user_24,381,,
7530,,73000,0,user_27,381,,
7531,,460000,0,user_28,381,,
7532,,120000,0,user_28,381,,
7533,,2100000,0,user_28,381,,
7534,,1500000,0,user_32,381,,
7535,,3600000,0,user_33,381,,
7536,,170000,34700,user_33,381,,
7537,,1500000,0,user_35,381,,
7538,,650000,0,user_36,381,,
7539,,470000,0,user_37,381,,
7540,,320000,0,user_37,381,,
7541,,420000,0,user_39,381,,
7542,,600000,0,user_40,381,,
7543,,73000,0,user_40,381,,
7544,,79000,0,user_41,381,,
7545,,98000,0,user_41,381,,
7546,,1000000,0,user_42,381,,
7547,,420000,0,user_44,381,,
7548,,19000000,0,user_45,381,,
7549,,170000,14200,user_46,381,,
7550,,150000,0,user_46,381,,
7551,,27000000,10700,user_48,381,,
7552,,360000,0,user_49,381,,
7551,0,27000000,10700,user_48,381,381,
7564,1,0,0,builder_4,381,381,7551
7548,2,19000000,0,user_45,381,381,
7501,3,5000000,0,user_1,381,381,
7535,4,3600000,0,user_33,381,381,
7511,5,2300000,0,user_10,381,381,
7533,6,2100000,0,user_28,381,381,
7522,7,1900000,0,user_16,381,381,
7502,8,1600000,0,user_2,381,381,
7521,9,1600000,0,user_16,381,381,
7534,10,1500000,0,user_32,381,381,
7537,11,1500000,0,user_35,381,381,
7512,12,1200000,0,user_11,381,381,
7503,13,1100000,0,user_3,381,381,
7546,14,1000000,0,user_42,381,381,
7525,15,910000,0,user_19,381,381,
7538,16,650000,0,user_36,381,381,
7520,17,630000,0,user_16,381,381,
7524,18,630000,0,user_18,381,381,
7542,19,600000,0,user_40,381,381,
7539,20,470000,0,user_37,381,381,
7513,21,460000,0,user_12,381,381,
7531,22,460000,0,user_28,381,381,
7547,23,420000,0,user_44,381,381,
7523,24,370000,0,user_17,381,381,
7507,25,360000,0,user_6,381,381,
7552,26,360000,0,user_49,381,381,
7515,27,350000,0,user_13,381,381,
7528,28,320000,0,user_23,381,381,
7540,29,320000,0,user_37,381,381,
7527,30,310000,0,user_23,381,381,
7504,31,260000,0,user_4,381,381,
7517,32,220000,0,user_14,381,381,
7536,33,170000,34700,user_33,381,381,
7565,34,0,0,builder_4,381,381,7536
7566,35,0,0,builder_4,381,381,7549
7549,36,170000,14200,user_46,381,381,
7510,37,160000,0,user_9,381,381,
7516,38,160000,0,user_14,381,381,
7519,39,150000,0,user_16,381,381,
7550,40,150000,0,user_46,381,381,
7509,41,120000,0,user_8,381,381,
7518,42,120000,0,user_16,381,381,
7532,43,120000,0,user_28,381,381,
7526,44,110000,0,user_20,381,381,
7514,45,100000,0,user_12,381,381,
7545,46,98000,0,user_41,381,381,
7529,47,85000,0,user_24,381,381,
7544,48,79000,0,user_41,381,381,
7508,49,77000,0,user_6,381,381,
7530,50,73000,0,user_27,381,381,
7543,51,73000,0,user_40,381,381,
7574,,3600000,0,user_0,382,,
7575,,2600000,10700,user_1,382,,
7576,,2000000,0,user_5,382,,
7577,,220000,0,user_7,382,,
7578,,2500000,0,user_7,382,,
7579,,1700000,0,user_8,382,,
7580,,190000,0,user_9,382,,
7581,,310000,0,user_10,382,,
7582,,370000,0,user_13,382,,
7583,,80000,0,user_14,382,,
7584,,170000,0,user_16,382,,
7585,,110000,0,user_17,382,,
7586,,870000,0,user_18,382,,
7587,,1000000,64600,user_19,382,,
7588,,77000,0,user_19,382,,
7589,,120000,0,user_19,382,,
7590,,4200000,0,user_20,382,,
7591,,470000,0,user_23,382,,
7592,,870000,0,user_23,382,,
7593,,98000,0,user_24,382,,
7594,,240000,84800,user_26,382,,
7595,,630000,0,user_27,382,,
7596,,3600000,0,user_30,382,,
7597,,1800000,0,user_30,382,,
7598,,27000000,0,user_31,382,,
7599,,530000,0,user_32,382,,
7600,,320000,0,user_34,382,,
7601,,2400000,0,user_35,382,,
7602,,630000,0,user_35,382,,
7603,,98000,0,user_36,382,,
7604,,150000,0,user_36,382,,
7605,,650000,0,user_37,382,,
7606,,1500000,17700000,user_37,382,,
7607,,530000,296000,user_38,382,,
7608,,1100000,0,user_39,382,,
7609,,6100000,0,user_39,382,,
7610,,98000,0,user_42,382,,
7611,,220000,0,user_42,382,,
7612,,30000000,33100,user_42,382,,
7613,,2500000,0,user_43,382,,
7614,,70000,15700,user_44,382,,
7615,,190000,0,user_45,382,,
7616,,2100000,128000,user_46,382,,
7617,,120000,0,user_47,382,,
7618,,1500000,0,user_48,382,,
7612,0,30000000,33100,user_42,382,382,
7598,1,27000000,0,user_31,382,382,
7609,2,6100000,0,user_39,382,382,
7590,3,4200000,0,user_20,382,382,
7574,4,3600000,0,user_0,382,382,
7596,5,3600000,0,user_30,382,382,
7575,6,2600000,10700,user_1,382,382,
7578,7,2500000,0,user_7,382,382,
7601,8,2400000,0,user_35,382,382,
7616,9,2100000,128000,user_46,382,382,
7576,10,2000000,0,user_5,382,382,
7597,11,1800000,0,user_30,382,382,
7579,12,1700000,0,user_8,382,382,
7606,13,1500000,17700000,user_37,382,382,
7618,14,1500000,0,user_48,382,382,
7608,15,1100000,0,user_39,382,382,
7587,16,1000000,64600,user_19,382,382,
7586,17,870000,0,user_18,382,382,
7592,18,870000,0,user_23,382,382,
7605,19,650000,0,user_37,382,382,
7602,20,630000,0,user_35,382,382,
7599,21,530000,0,user_32,382,382,
7607,22,530000,296000,user_38,382,382,
7591,23,470000,0,user_23,382,382,
7582,24,370000,0,user_13,382,382,
7600,25,320000,0,user_34,382,382,
7581,26,310000,0,user_10,382,382,
7594,27,240000,84800,user_26,382,382,
7577,28,220000,0,user_7,382,382,
7611,29,220000,0,user_42,382,382,
7580,30,190000,0,user_9,382,382,
7615,31,190000,0,user_45,382,382,
7589,32,120000,0,user_19,382,382,
7617,33,120000,0,user_47,382,382,
7585,34,110000,0,user_17,382,382,
7593,35,98000,0,user_24,382,382,
7610,36,98000,0,user_42,382,382,
7583,37,80000,0,user_14,382,382,
7588,38,77000,0,user_19,382,382,
7676,,1600000,155000,user_0,383,,
7677,,420000,0,user_0,383,,
7678,,2000000,0,user_2,383,,
7679,,43000000,0,user_3,383,,
7680,,130000,0,user_3,383,,
7681,,2400000,0,user_3,383,,
7682,,260000,0,user_3,383,,
7683,,100000,0,user_3,383,,
7684,,77000,0,user_4,383,,
7685,,320000,0,user_5,383,,
7686,,70000,0,user_6,383,,
7687,,1100000,0,user_7,383,,
7688,,98000,0,user_8,383,,
7689,,2000000,35600,user_8,383,,
7690,,80000,410000,user_8,383,,
7691,,310000,0,user_8,383,,
7692,,370000,0,user_10,383,,
7693,,1800000,296000,user_12,383,,
7694,,150000,545000,user_12,383,,
7695,,80000,0,user_14,383,,
7696,,220000,0,user_16,383,,
7697,,120000,0,user_17,383,,
7698,,110000,0,user_19,383,,
7699,,79000,0,user_21,383,,
7700,,110000,0,user_21,383,,
7701,,350000,0,user_23,383,,
7702,,160000,0,user_24,383,,
7703,,970000,0,user_24,383,,
7704,,2300000,0,user_25,383,,
7705,,150000,13900,user_28,383,,
7706,,1500000,0,user_30,383,,
7707,,84000,0,user_31,383,,
7708,,310000,0,user_32,383,,
7709,,150000,0,user_33,383,,
7710,,120000,0,user_33,383,,
7711,,1400000,0,user_34,383,,
7712,,630000,0,user_35,383,,
7713,,98000,0,user_36,383,,
7714,,4200000,0,user_37,383,,
7715,,420000,0,user_37,383,,
7716,,150000,0,user_38,383,,
7717,,6300000,0,user_42,383,,
7718,,2000000,7840,user_43,383,,
7719,,420000,0,user_44,383,,
7720,,130000,43600,user_45,383,,
7721,,79000,0,user_46,383,,
7722,,2500000,0,user_47,383,,
7723,,100000,0,user_48,383,,
7679,0,43000000,0,user_3,383,383,
7717,1,6300000,0,user_42,383,383,
7714,2,4200000,0,user_37,383,383,
7722,3,2500000,0,user_47,383,383,
7681,4,2400000,0,user_3,383,383,
7704,5,2300000,0,user_25,383,383,
7724,6,0,0,builder_0,383,383,7689
7689,7,2000000,35600,user_8,383,383,
7725,8,0,0,builder_0,383,383,7718
7718,9,2000000,7840,user_43,383,383,
7678,10,2000000,0,user_2,383,383,
7676,11,1600000,155000,user_0,383,383,
7726,12,0,0,builder_0,383,383,7676
7706,13,1500000,0,user_30,383,383,
7687,14,1100000,0,user_7,383,383,
7712,15,630000,0,user_35,383,383,
7690,16,80000,410000,user_8,383,383,
7727,17,0,0,builder_0,383,383,7690
7677,18,420000,0,user_0,383,383,
7715,19,420000,0,user_37,383,383,
7719,20,420000,0,user_44,383,383,
7692,21,370000,0,user_10,383,383,
7701,22,350000,0,user_23,383,383,
7691,23,310000,0,user_8,383,383,
7708,24,310000,0,user_32,383,383,
7682,25,260000,0,user_3,383,383,
7696,26,220000,0,user_16,383,383,
7728,27,0,0,builder_0,383,383,7705
7705,28,150000,13900,user_28,383,383,
7709,29,150000,0,user_33,383,383,
7716,30,150000,0,user_38,383,383,
7680,31,130000,0,user_3,383,383,
7697,32,120000,0,user_17,383,383,
7710,33,120000,0,user_33,383,383,
7698,34,110000,0,user_19,383,383,
7700,35,110000,0,user_21,383,383,
7683,36,100000,0,user_3,383,383,
7723,37,100000,0,user_48,383,383,
7688,38,98000,0,user_8,383,383,
7713,39,98000,0,user_36,383,383,
7707,40,84000,0,user_31,383,383,
7695,41,80000,0,user_14,383,383,
7699,42,79000,0,user_21,383,383,
7721,43,79000,0,user_46,383,383,
7686,44,70000,0,user_6,383,383,
7778,,660000,0,user_0,384,,
7779,,4200000,0,user_2,384,,
7780,,27000000,0,user_4,384,,
7781,,120000,0,user_4,384,,
7782,,1300000,0,user_4,384,,
7783,,1700000,0,user_5,384,,
7784,,370000,23500,user_5,384,,
7785,,2600000,0,user_5,384,,
7786,,600000,0,user_7,384,,
7787,,120000,0,user_8,384,,
7788,,5200000,0,user_9,384,,
7789,,1600000,0,user_9,384,,
7790,,240000,215000,user_11,384,,
7791,,120000,0,user_12,384,,
7792,,3500000,0,user_12,384,,
7793,,4500000,0,user_14,384,,
7794,,19000000,15300,user_15,384,,
7795,,110000,0,user_16,384,,
7796,,77000,0,user_17,384,,
7797,,5000000,0,user_18,384,,
7798,,77000,0,user_19,384,,
7799,,27000000,0,user_19,384,,
7800,,350000,0,user_19,384,,
7801,,240000,0,user_19,384,,
7802,,150000,0,user_21,384,,
7803,,300000,0,user_21,384,,
7804,,350000,0,user_23,384,,
7805,,170000,0,user_24,384,,
7806,,130000,0,user_24,384,,
7807,,77000,14200,user_25,384,,
7808,,5000000,0,user_27,384,,
7809,,120000,0,user_28,384,,
7810,,1700000,0,user_30,384,,
7811,,1500000,12800,user_31,384,,
7812,,1900000,0,user_33,384,,
7813,,1100000,13900,user_34,384,,
7814,,160000,0,user_37,384,,
7815,,260000,0,user_38,384,,
7816,,600000,0,user_39,384,,
7817,,3600000,0,user_39,384,,
7818,,120000,0,user_39,384,,
7819,,150000,0,user_39,384,,
7820,,260000,0,user_41,384,,
7821,,2500000,0,user_41,384,,
7822,,160000,100000,user_41,384,,
7823,,87000,0,user_42,384,,
7824,,110000,779000,user_45,384,,
7825,,1100000,0,user_45,384,,
7826,,110000,13900,user_45,384,,
7827,,4500000,5180,user_46,384,,
7780,0,27000000,0,user_4,384,384,
7799,1,27000000,0,user_19,384,384,
7794,2,19000000,15300,user_15,384,384,
7788,3,5200000,0,user_9,384,384,
7797,4,5000000,0,user_18,384,384,
7808,5,5000000,0,user_27,384,384,
7793,6,4500000,0,user_14,384,384,
7827,7,4500000,5180,user_46,384,384,
7817,8,3600000,0,user_39,384,384,
7792,9,3500000,0,user_12,384,384,
7785,10,2600000,0,user_5,384,384,
7821,11,2500000,0,user_41,384,384,
7812,12,1900000,0,user_33,384,384,
7783,13,1700000,0,user_5,384,384,
7810,14,1700000,0,user_30,384,384,
7789,15,1600000,0,user_9,384,384,
7811,16,1500000,12800,user_31,384,384,
7782,17,1300000,0,user_4,384,384,
7813,18,1100000,13900,user_34,384,384,
7786,19,600000,0,user_7,384,384,
7816,20,600000,0,user_39,384,384,
7784,21,370000,23500,user_5,384,384,
7800,22,350000,0,user_19,384,384,
7804,23,350000,0,user_23,384,384,
7803,24,300000,0,user_21,384,384,
7815,25,260000,0,user_38,384,384,
7820,26,260000,0,user_41,384,384,
7790,27,240000,215000,user_11,384,384,
7801,28,240000,0,user_19,384,384,
7805,29,170000,0,user_24,384,384,
7822,30,160000,100000,user_41,384,384,
7802,31,150000,0,user_21,384,384,
7819,32,150000,0,user_39,384,384,
7806,33,130000,0,user_24,384,384,
7781,34,120000,0,user_4,384,384,
7787,35,120000,0,user_8,384,384,
7791,36,120000,0,user_12,384,384,
7809,37,120000,0,user_28,384,384,
7818,38,120000,0,user_39,384,384,
7823,39,87000,0,user_42,384,384,
7798,40,77000,0,user_19,384,384,
7897,,2300000,0,user_0,385,,
7898,,260000,0,user_1,385,,
7899,,85000,0,user_1,385,,
7900,,1300000,0,user_2,385,,
7901,,77000,7190000,user_4,385,,
7902,,1000000,0,user_5,385,,
7903,,170000,0,user_7,385,,
7904,,360000,0,user_9,385,,
7905,,340000,0,user_10,385,,
7906,,530000,0,user_10,385,,
7907,,5000000,0,user_11,385,,
7908,,150000,0,user_11,385,,
7909,,85000,0,user_11,385,,
7910,,2100000,369000,user_12,385,,
7911,,100000,0,user_13,385,,
7912,,77000,0,user_14,385,,
7913,,310000,0,user_15,385,,
7914,,43000000,0,user_15,385,,
7915,,79000,0,user_15,385,,
7916,,2300000,0,user_15,385,,
7917,,85000,0,user_15,385,,
7918,,150000,0,user_16,385,,
7919,,79000,84800,user_16,385,,
7920,,2000000,0,user_16,385,,
7921,,160000,15700,user_16,385,,
7922,,3500000,0,user_16,385,,
7923,,110000,49100,user_17,385,,
7924,,160000,0,user_18,385,,
7925,,220000,0,user_20,385,,
7926,,2000000,0,user_20,385,,
7927,,120000,0,user_21,385,,
7928,,130000,0,user_21,385,,
7929,,1100000,31700,user_22,385,,
7930,,1400000,18600,user_23,385,,
7931,,160000,0,user_24,385,,
7932,,320000,0,user_25,385,,
7933,,260000,0,user_26,385,,
7934,,1500000,0,user_27,385,,
7935,,1900000,0,user_28,385,,
7936,,82000,67900,user_28,385,,
7937,,3500000,42000,user_29,385,,
7938,,460000,0,user_31,385,,
7939,,2100000,0,user_33,385,,
7940,,220000,0,user_34,385,,
7941,,85000,0,user_35,385,,
7942,,2000000,0,user_35,385,,
7943,,160000,5630,user_36,385,,
7944,,600000,0,user_37,385,,
7945,,420000,0,user_38,385,,
7946,,4200000,33100,user_38,385,,
7947,,77000,0,user_38,385,,
7948,,3600000,0,user_39,385,,
7949,,350000,0,user_40,385,,
7950,,260000,0,user_41,385,,
7951,,150000,0,user_41,385,,
7952,,1800000,0,user_42,385,,
7953,,1300000,0,user_42,385,,
7954,,1900000,0,user_44,385,,
7955,,420000,0,user_44,385,,
7956,,260000,0,user_45,385,,
7957,,43000000,0,user_45,385,,
7958,,150000,0,user_46,385,,
7959,,340000,15100,user_46,385,,
7960,,1600000,381000,user_47,385,,
7961,,2600000,594000,user_48,385,,
7962,,150000,0,user_48,385,,
7963,,420000,0,user_48,385,,
7914,0,43000000,0,user_15,385,385,
7957,1,43000000,0,user_45,385,385,
7907,2,5000000,0,user_11,385,385,
7946,3,4200000,33100,user_38,385,385,
7948,4,3600000,0,user_39,385,385,
7922,5,3500000,0,user_16,385,385,
7937,6,3500000,42000,user_29,385,385,
7961,7,2600000,594000,user_48,385,385,
7916,8,2300000,0,user_15,385,385,
7910,9,2100000,369000,user_12,385,385,
7939,10,2100000,0,user_33,385,385,
7920,11,2000000,0,user_16,385,385,
7926,12,2000000,0,user_20,385,385,
7942,13,2000000,0,user_35,385,385,
7935,14,1900000,0,user_28,385,385,
7954,15,1900000,0,user_44,385,385,
7952,16,1800000,0,user_42,385,385,
7960,17,1600000,381000,user_47,385,385,
7934,18,1500000,0,user_27,385,385,
7930,19,1400000,18600,user_23,385,385,
7953,20,1300000,0,user_42,385,385,
7929,21,1100000,31700,user_22,385,385,
7902,22,1000000,0,user_5,385,385,
7906,23,530000,0,user_10,385,385,
7945,24,420000,0,user_38,385,385,
7955,25,420000,0,user_44,385,385,
7963,26,420000,0,user_48,385,385,
7904,27,360000,0,user_9,385,385,
7905,28,340000,0,user_10,385,385,
7959,29,340000,15100,user_46,385,385,
7913,30,310000,0,user_15,385,385,
7898,31,260000,0,user_1,385,385,
7933,32,260000,0,user_26,385,385,
7950,33,260000,0,user_41,385,385,
7956,34,260000,0,user_45,385,385,
7925,35,220000,0,user_20,385,385,
7940,36,220000,0,user_34,385,385,
7903,37,170000,0,user_7,385,385,
7921,38,160000,15700,user_16,385,385,
7943,39,160000,5630,user_36,385,385,
7908,40,150000,0,user_11,385,385,
7918,41,150000,0,user_16,385,385,
7951,42,150000,0,user_41,385,385,
7958,43,150000,0,user_46,385,385,
7962,44,150000,0,user_48,385,385,
7928,45,130000,0,user_21,385,385,
7927,46,120000,0,user_21,385,385,
7923,47,110000,49100,user_17,385,385,
7911,48,100000,0,user_13,385,385,
7899,49,85000,0,user_1,385,385,
7909,50,85000,0,user_11,385,385,
7917,51,85000,0,user_15,385,385,
7941,52,85000,0,user_35,385,385,
7936,53,82000,67900,user_28,385,385,
7915,54,79000,0,user_15,385,385,
7919,55,79000,84800,user_16,385,385,
7912,56,77000,0,user_14,385,385,
7947,57,77000,0,user_38,385,385,
8063,,85000,0,user_1,386,,
8064,,120000,195000,user_2,386,,
8065,,77000,0,user_4,386,,
8066,,3200000,0,user_5,386,,
8067,,4500000,0,user_6,386,,
8068,,870000,0,user_7,386,,
8069,,85000,0,user_8,386,,
8070,,2000000,0,user_8,386,,
8071,,5000000,0,user_10,386,,
8072,,160000,0,user_11,386,,
8073,,27000000,0,user_12,386,,
8074,,1600000,75000,user_13,386,,
8075,,360000,0,user_16,386,,
8076,,2000000,0,user_17,386,,
8077,,110000,0,user_19,386,,
8078,,2400000,0,user_20,386,,
8079,,630000,0,user_20,386,,
8080,,220000,0,user_21,386,,
8081,,420000,0,user_22,386,,
8082,,5000000,0,user_23,386,,
8083,,1100000,0,user_23,386,,
8084,,1400000,0,user_24,386,,
8085,,2500000,0,user_26,386,,
8086,,6300000,0,user_28,386,,
8087,,1000000,0,user_28,386,,
8088,,82000,0,user_29,386,,
8089,,260000,0,user_29,386,,
8090,,310000,0,user_30,386,,
8091,,79000,0,user_31,386,,
8092,,1400000,31700,user_31,386,,
8093,,630000,0,user_31,386,,
8094,,82000,0,user_31,386,,
8095,,670000,0,user_31,386,,
8096,,1600000,0,user_33,386,,
8097,,1000000,0,user_33,386,,
8098,,2000000,0,user_34,386,,
8099,,220000,0,user_35,386,,
8100,,1100000,0,user_36,386,,
8101,,1000000,0,user_38,386,,
8102,,870000,0,user_40,386,,
8103,,470000,0,user_41,386,,
8104,,170000,0,user_43,386,,
8105,,120000,322000,user_43,386,,
8106,,300000,0,user_43,386,,
8107,,320000,7190000,user_44,386,,
8108,,240000,0,user_45,386,,
8109,,98000,0,user_45,386,,
8110,,70000,15300,user_46,386,,
8111,,130000,410000,user_47,386,,
8112,,4200000,18600,user_49,386,,
8073,0,27000000,0,user_12,386,386,
8142,1,0,0,builder_4,386,386,8107
8107,2,320000,7190000,user_44,386,386,
8086,3,6300000,0,user_28,386,386,
8071,4,5000000,0,user_10,386,386,
8082,5,5000000,0,user_23,386,386,
8067,6,4500000,0,user_6,386,386,
8112,7,4200000,18600,user_49,386,386,
8143,8,0,0,builder_4,386,386,8112
8085,9,2500000,0,user_26,386,386,
8078,10,2400000,0,user_20,386,386,
8070,11,2000000,0,user_8,386,386,
8076,12,2000000,0,user_17,386,386,
8098,13,2000000,0,user_34,386,386,
8074,14,1600000,75000,user_13,386,386,
8144,15,0,0,builder_4,386,386,8074
8096,16,1600000,0,user_33,386,386,
8092,17,1400000,31700,user_31,386,386,
8145,18,0,0,builder_4,386,386,8092
8084,19,1400000,0,user_24,386,386,
8083,20,1100000,0,user_23,386,386,
8100,21,1100000,0,user_36,386,386,
8087,22,1000000,0,user_28,386,386,
8097,23,1000000,0,user_33,386,386,
8101,24,1000000,0,user_38,386,386,
8102,25,870000,0,user_40,386,386,
8095,26,670000,0,user_31,386,386,
8079,27,630000,0,user_20,386,386,
8093,28,630000,0,user_31,386,386,
8103,29,470000,0,user_41,386,386,
8105,30,120000,322000,user_43,386,386,
8146,31,0,0,builder_4,386,386,8105
8081,32,420000,0,user_22,386,386,
8075,33,360000,0,user_16,386,386,
8147,34,0,0,builder_4,386,386,8064
8064,35,120000,195000,user_2,386,386,
8090,36,310000,0,user_30,386,386,
8106,37,300000,0,user_43,386,386,
8089,38,260000,0,user_29,386,386,
8108,39,240000,0,user_45,386,386,
8080,40,220000,0,user_21,386,386,
8099,41,220000,0,user_35,386,386,
8104,42,170000,0,user_43,386,386,
8072,43,160000,0,user_11,386,386,
8077,44,110000,0,user_19,386,386,
8109,45,98000,0,user_45,386,386,
8110,46,70000,15300,user_46,386,386,
8148,47,0,0,builder_4,386,386,8110
8063,48,85000,0,user_1,386,386,
8069,49,85000,0,user_8,386,386,
8088,50,82000,0,user_29,386,386,
8094,51,82000,0,user_31,386,386,
8091,52,79000,0,user_31,386,386,
8065,53,77000,0,user_4,386,386,
8169,,470000,0,user_0,387,,
8170,,5000000,0,user_2,387,,
8171,,1500000,0,user_3,387,,
8172,,4500000,0,user_4,387,,
8173,,98000,0,user_6,387,,
8174,,79000,0,user_7,387,,
8175,,220000,49100,user_8,387,,
8176,,1500000,67900,user_10,387,,
8177,,1000000,4320000,user_10,387,,
8178,,1400000,0,user_12,387,,
8179,,470000,0,user_14,387,,
8180,,260000,0,user_15,387,,
8181,,1500000,0,user_17,387,,
8182,,150000,0,user_18,387,,
8183,,83000,0,user_20,387,,
8184,,150000,0,user_21,387,,
8185,,1400000,0,user_22,387,,
8186,,1100000,0,user_22,387,,
8187,,150000,0,user_22,387,,
8188,,1000000,0,user_23,387,,
8189,,240000,0,user_24,387,,
8190,,1600000,0,user_26,387,,
8191,,1500000,0,user_27,387,,
8192,,5000000,0,user_29,387,,
8193,,79000,0,user_30,387,,
8194,,2000000,0,user_31,387,,
8195,,130000,0,user_31,387,,
8196,,300000,0,user_32,387,,
8197,,630000,0,user_33,387,,
8198,,1500000,0,user_34,387,,
8199,,2500000,0,user_35,387,,
8200,,6300000,0,user_36,387,,
8201,,350000,0,user_37,387,,
8202,,1500000,0,user_38,387,,
8203,,1000000,0,user_40,387,,
8204,,870000,68100,user_42,387,,
8205,,170000,0,user_43,387,,
8206,,5200000,0,user_45,387,,
8207,,110000,0,user_45,387,,
8208,,170000,0,user_45,387,,
8209,,650000,0,user_45,387,,
8210,,84000,0,user_47,387,,
8211,,83000,0,user_48,387,,
8212,,530000,285000,user_48,387,,
8213,,2400000,0,user_49,387,,
8200,0,6300000,0,user_36,387,387,
8231,1,0,0,builder_4,387,387,8177
8177,2,1000000,4320000,user_10,387,387,
8206,3,5200000,0,user_45,387,387,
8170,4,5000000,0,user_2,387,387,
8192,5,5000000,0,user_29,387,387,
8172,6,4500000,0,user_4,387,387,
8199,7,2500000,0,user_35,387,387,
8213,8,2400000,0,user_49,387,387,
8194,9,2000000,0,user_31,387,387,
8190,10,1600000,0,user_26,387,387,
8176,11,1500000,67900,user_10,387,387,
8232,12,0,0,builder_4,387,387,8176
8171,13,1500000,0,user_3,387,387,
8181,14,1500000,0,user_17,387,387,
8191,15,1500000,0,user_27,387,387,
8198,16,1500000,0,user_34,387,387,
8202,17,1500000,0,user_38,387,387,
8178,18,1400000,0,user_12,387,387,
8185,19,1400000,0,user_22,387,387,
8186,20,1100000,0,user_22,387,387,
8188,21,1000000,0,user_23,387,387,
8203,22,1000000,0,user_40,387,387,
8204,23,870000,68100,user_42,387,387,
8233,24,0,0,builder_4,387,387,8204
8212,25,530000,285000,user_48,387,387,
8234,26,0,0,builder_4,387,387,8212
8209,27,650000,0,user_45,387,387,
8197,28,630000,0,user_33,387,387,
8169,29,470000,0,user_0,387,387,
8179,30,470000,0,user_14,387,387,
8201,31,350000,0,user_37,387,387,
8196,32,300000,0,user_32,387,387,
8235,33,0,0,builder_4,387,387,8175
8175,34,220000,49100,user_8,387,387,
8189,35,240000,0,user_24,387,387,
8205,36,170000,0,user_43,387,387,
8208,37,170000,0,user_45,387,387,
8182,38,150000,0,user_18,387,387,
8184,39,150000,0,user_21,387,387,
8187,40,150000,0,user_22,387,387,
8195,41,130000,0,user_31,387,387,
8207,42,110000,0,user_45,387,387,
8173,43,98000,0,user_6,387,387,
8183,44,83000,0,user_20,387,387,
8211,45,83000,0,user_48,387,387,
8193,46,79000,0,user_30,387,387,
8252,,82000,35600,user_0,388,,
8253,,150000,67900,user_0,388,,
8254,,170000,0,user_2,388,,
8255,,470000,0,user_3,388,,
8256,,260000,108000,user_4,388,,
8257,,150000,0,user_4,388,,
8258,,1000000,0,user_6,388,,
8259,,77000,0,user_6,388,,
8260,,30000000,0,user_8,388,,
8261,,120000,0,user_9,388,,
8262,,1800000,0,user_11,388,,
8263,,100000,0,user_11,388,,
8264,,110000,0,user_13,388,,
8265,,87000,23500,user_13,388,,
8266,,5200000,0,user_15,388,,
8267,,1800000,0,user_16,388,,
8268,,130000,0,user_18,388,,
8269,,1300000,0,user_18,388,,
8270,,220000,0,user_19,388,,
8271,,1600000,256000,user_20,388,,
8272,,220000,0,user_22,388,,
8273,,530000,410000,user_23,388,,
8274,,77000,0,user_23,388,,
8275,,2500000,0,user_24,388,,
8276,,1500000,12800,user_26,388,,
8277,,5200000,0,user_26,388,,
8278,,120000,0,user_26,388,,
8279,,1000000,0,user_26,388,,
8280,,1400000,33300,user_26,388,,
8281,,240000,0,user_27,388,,
8282,,470000,19700,user_27,388,,
8283,,19000000,0,user_27,388,,
8284,,2600000,0,user_27,388,,
8285,,340000,19700,user_27,388,,
8286,,3200000,0,user_28,388,,
8287,,1500000,0,user_29,388,,
8288,,190000,32900,user_29,388,,
8289,,2400000,0,user_29,388,,
8290,,310000,0,user_29,388,,
8291,,5200000,0,user_30,388,,
8292,,120000,0,user_31,388,,
8293,,82000,0,user_33,388,,
8294,,260000,0,user_35,388,,
8295,,2100000,0,user_35,388,,
8296,,220000,0,user_37,388,,
8297,,150000,0,user_38,388,,
8298,,160000,5630,user_38,388,,
8299,,300000,0,user_39,388,,
8300,,1900000,0,user_40,388,,
8301,,2300000,0,user_40,388,,
8302,,530000,0,user_41,388,,
8303,,87000,0,user_42,388,,
8304,,1400000,4320000,user_43,388,,
8305,,2100000,285000,user_44,388,,
8306,,5000000,0,user_47,388,,
8307,,110000,0,user_47,388,,
8308,,310000,0,user_49,388,,
8260,0,30000000,0,user_8,388,388,
8283,1,19000000,0,user_27,388,388,
8266,2,5200000,0,user_15,388,388,
8277,3,5200000,0,user_26,388,388,
8291,4,5200000,0,user_30,388,388,
8306,5,5000000,0,user_47,388,388,
8286,6,3200000,0,user_28,388,388,
8284,7,2600000,0,user_27,388,388,
8275,8,2500000,0,user_24,388,388,
8289,9,2400000,0,user_29,388,388,
8301,10,2300000,0,user_40,388,388,
8305,11,2100000,285000,user_44,388,388,
8300,12,1900000,0,user_40,388,388,
8267,13,1800000,0,user_16,388,388,
8271,14,1600000,256000,user_20,388,388,
8276,15,1500000,12800,user_26,388,388,
8287,16,1500000,0,user_29,388,388,
8280,17,1400000,33300,user_26,388,388,
8304,18,1400000,4320000,user_43,388,388,
8269,19,1300000,0,user_18,388,388,
8258,20,1000000,0,user_6,388,388,
8279,21,1000000,0,user_26,388,388,
8273,22,530000,410000,user_23,388,388,
8302,23,530000,0,user_41,388,388,
8282,24,470000,19700,user_27,388,388,
8285,25,340000,19700,user_27,388,388,
8290,26,310000,0,user_29,388,388,
8299,27,300000,0,user_39,388,388,
8256,28,260000,108000,user_4,388,388,
8281,29,240000,0,user_27,388,388,
8270,30,220000,0,user_19,388,388,
8272,31,220000,0,user_22,388,388,
8288,32,190000,32900,user_29,388,388,
8254,33,170000,0,user_2,388,388,
8298,34,160000,5630,user_38,388,388,
8253,35,150000,67900,user_0,388,388,
8257,36,150000,0,user_4,388,388,
8297,37,150000,0,user_38,388,388,
8268,38,130000,0,user_18,388,388,
8261,39,120000,0,user_9,388,388,
8278,40,120000,0,user_26,388,388,
8292,41,120000,0,user_31,388,388,
8264,42,110000,0,user_13,388,388,
8307,43,110000,0,user_47,388,388,
8265,44,87000,23500,user_13,388,388,
8303,45,87000,0,user_42,388,388,
8252,46,82000,35600,user_0,388,388,
8259,47,77000,0,user_6,388,388,
8274,48,77000,0,user_23,388,388,
8407,,98000,0,user_0,389,,
8408,,150000,0,user_1,389,,
8409,,83000,15300,user_1,389,,
8410,,4500000,0,user_1,389,,
8411,,3600000,0,user_5,389,,
8412,,160000,32900,user_6,389,,
8413,,970000,0,user_7,389,,
8414,,460000,100000,user_8,389,,
8415,,19000000,0,user_9,389,,
8416,,80000,0,user_10,389,,
8417,,1100000,0,user_11,389,,
8418,,6100000,0,user_14,389,,
8419,,4200000,0,user_14,389,,
8420,,87000,769000,user_17,389,,
8421,,340000,0,user_20,389,,
8422,,120000,0,user_21,389,,
8423,,83000,0,user_22,389,,
8424,,670000,0,user_23,389,,
8425,,600000,0,user_23,389,,
8426,,630000,0,user_24,389,,
8427,,150000,0,user_25,389,,
8428,,30000000,39400,user_26,389,,
8429,,70000,0,user_28,389,,
8430,,4500000,0,user_30,389,,
8431,,2000000,0,user_31,389,,
8432,,1100000,0,user_31,389,,
8433,,170000,0,user_31,389,,
8434,,1100000,11200,user_32,389,,
8435,,310000,46500,user_33,389,,
8436,,5000000,49100,user_35,389,,
8437,,660000,215000,user_36,389,,
8438,,1500000,0,user_36,389,,
8439,,87000,108000,user_37,389,,
8440,,3500000,0,user_37,389,,
8441,,370000,0,user_38,389,,
8442,,1200000,231000,user_40,389,,
8443,,98000,0,user_41,389,,
8444,,3500000,0,user_41,389,,
8445,,1000000,0,user_41,389,,
8446,,460000,0,user_41,389,,
8447,,1500000,0,user_41,389,,
8448,,82000,0,user_42,389,,
8449,,30000000,0,user_44,389,,
8450,,660000,0,user_45,389,,
8451,,120000,0,user_47,389,,
8452,,1600000,0,user_47,389,,
8453,,460000,35600,user_48,389,,
8428,0,30000000,39400,user_26,389,389,
8449,1,30000000,0,user_44,389,389,
8415,2,19000000,0,user_9,389,389,
8418,3,6100000,0,user_14,389,389,
8436,4,5000000,49100,user_35,389,389,
8410,5,4500000,0,user_1,389,389,
8430,6,4500000,0,user_30,389,389,
8419,7,4200000,0,user_14,389,389,
8411,8,3600000,0,user_5,389,389,
8444,9,3500000,0,user_41,389,389,
8431,10,2000000,0,user_31,389,389,
8452,11,1600000,0,user_47,389,389,
8438,12,1500000,0,user_36,389,389,
8447,13,1500000,0,user_41,389,389,
8442,14,1200000,231000,user_40,389,389,
8417,15,1100000,0,user_11,389,389,
8432,16,1100000,0,user_31,389,389,
8434,17,1100000,11200,user_32,389,389,
8445,18,1000000,0,user_41,389,389,
8413,19,970000,0,user_7,389,389,
8424,20,670000,0,user_23,389,389,
8437,21,660000,215000,user_36,389,389,
8426,22,630000,0,user_24,389,389,
8425,23,600000,0,user_23,389,389,
8414,24,460000,100000,user_8,389,389,
8446,25,460000,0,user_41,389,389,
8453,26,460000,35600,user_48,389,389,
8441,27,370000,0,user_38,389,389,
8421,28,340000,0,user_20,389,389,
8435,29,310000,46500,user_33,389,389,
8433,30,170000,0,user_31,389,389,
8412,31,160000,32900,user_6,389,389,
8408,32,150000,0,user_1,389,389,
8422,33,120000,0,user_21,389,389,
8451,34,120000,0,user_47,389,389,
8443,35,98000,0,user_41,389,389,
8409,36,83000,15300,user_1,389,389,
8423,37,83000,0,user_22,389,389,
8448,38,82000,0,user_42,389,389,
8416,39,80000,0,user_10,389,389,
8429,40,70000,0,user_28,389,389,
8540,,82000,0,user_0,390,,
8541,,1600000,33100,user_0,390,,
8542,,120000,13800,user_0,390,,
8543,,2600000,0,user_2,390,,
8544,,2000000,0,user_4,390,,
8545,,150000,0,user_5,390,,
8546,,340000,0,user_6,390,,
8547,,30000000,10700,user_8,390,,
8548,,170000,21800,user_9,390,,
8549,,910000,0,user_9,390,,
8550,,660000,0,user_10,390,,
8551,,3600000,0,user_11,390,,
8552,,2000000,0,user_13,390,,
8553,,4200000,0,user_15,390,,
8554,,120000,0,user_16,390,,
8555,,1600000,35100,user_17,390,,
8556,,6300000,0,user_18,390,,
8557,,83000,0,user_18,390,,
8558,,6100000,7190000,user_20,390,,
8559,,1400000,0,user_20,390,,
8560,,160000,0,user_21,390,,
8561,,120000,0,user_22,390,,
8562,,260000,0,user_23,390,,
8563,,3500000,0,user_24,390,,
8564,,1300000,121000,user_24,390,,
8565,,360000,12300,user_25,390,,
8566,,120000,100000,user_25,390,,
8567,,120000,0,user_26,390,,
8568,,3200000,0,user_28,390,,
8569,,160000,16400,user_28,390,,
8570,,43000000,0,user_30,390,,
8571,,160000,0,user_30,390,,
8572,,150000,381000,user_31,390,,
8573,,110000,0,user_32,390,,
8574,,85000,108000,user_33,390,,
8575,,4500000,0,user_33,390,,
8576,,1900000,0,user_33,390,,
8577,,82000,0,user_34,390,,
8578,,80000,0,user_35,390,,
8579,,1000000,0,user_36,390,,
8580,,84000,0,user_37,390,,
8581,,120000,0,user_37,390,,
8582,,220000,0,user_37,390,,
8583,,320000,0,user_37,390,,
8584,,260000,100000,user_37,390,,
8585,,110000,0,user_39,390,,
8586,,160000,0,user_39,390,,
8587,,1300000,0,user_39,390,,
8588,,910000,0,user_40,390,,
8589,,120000,0,user_41,390,,
8590,,110000,0,user_43,390,,
8591,,77000,0,user_44,390,,
8592,,870000,43600,user_45,390,,
8593,,360000,0,user_47,390,,
8594,,130000,0,user_49,390,,
8570,0,43000000,0,user_30,390,390,
8547,1,30000000,10700,user_8,390,390,
8556,2,6300000,0,user_18,390,390,
8558,3,6100000,7190000,user_20,390,390,
8575,4,4500000,0,user_33,390,390,
8553,5,4200000,0,user_15,390,390,
8551,6,3600000,0,user_11,390,390,
8563,7,3500000,0,user_24,390,390,
8568,8,3200000,0,user_28,390,390,
8543,9,2600000,0,user_2,390,390,
8544,10,2000000,0,user_4,390,390,
8552,11,2000000,0,user_13,390,390,
8576,12,1900000,0,user_33,390,390,
8541,13,1600000,33100,user_0,390,390,
8555,14,1600000,35100,user_17,390,390,
8559,15,1400000,0,user_20,390,390,
8564,16,1300000,121000,user_24,390,390,
8587,17,1300000,0,user_39,390,390,
8588,18,910000,0,user_40,390,390,
8592,19,870000,43600,user_45,390,390,
8565,20,360000,12300,user_25,390,390,
8593,21,360000,0,user_47,390,390,
8546,22,340000,0,user_6,390,390,
8583,23,320000,0,user_37,390,390,
8562,24,260000,0,user_23,390,390,
8584,25,260000,100000,user_37,390,390,
8582,26,220000,0,user_37,390,390,
8560,27,160000,0,user_21,390,390,
8569,28,160000,16400,user_28,390,390,
8571,29,160000,0,user_30,390,390,
8586,30,160000,0,user_39,390,390,
8572,31,150000,381000,user_31,390,390,
8594,32,130000,0,user_49,390,390,
8542,33,120000,13800,user_0,390,390,
8554,34,120000,0,user_16,390,390,
8561,35,120000,0,user_22,390,390,
8566,36,120000,100000,user_25,390,390,
8567,37,120000,0,user_26,390,390,
8581,38,120000,0,user_37,390,390,
8589,39,120000,0,user_41,390,390,
8573,40,110000,0,user_32,390,390,
8585,41,110000,0,user_39,390,390,
8590,42,110000,0,user_43,390,390,
8574,43,85000,108000,user_33,390,390,
8580,44,84000,0,user_37,390,390,
8557,45,83000,0,user_18,390,390,
8540,46,82000,0,user_0,390,390,
8577,47,82000,0,user_34,390,390,
8578,48,80000,0,user_35,390,390,
8591,49,77000,0,user_44,390,390,
8698,,160000,0,user_1,391,,
8699,,300000,12300,user_2,391,,
8700,,340000,0,user_3,391,,
8701,,150000,0,user_3,391,,
8702,,1800000,0,user_4,391,,
8703,,1000000,0,user_4,391,,
8704,,260000,0,user_6,391,,
8705,,420000,0,user_8,391,,
8706,,630000,0,user_9,391,,
8707,,100000,0,user_11,391,,
8708,,43000000,0,user_12,391,,
8709,,910000,0,user_13,391,,
8710,,120000,0,user_13,391,,
8711,,1100000,0,user_14,391,,
8712,,660000,0,user_15,391,,
8713,,110000,0,user_15,391,,
8714,,2400000,0,user_15,391,,
8715,,1600000,0,user_15,391,,
8716,,420000,5640,user_15,391,,
8717,,150000,0,user_18,391,,
8718,,1100000,0,user_18,391,,
8719,,170000,0,user_18,391,,
8720,,2100000,0,user_18,391,,
8721,,670000,36800,user_18,391,,
8722,,6300000,231000,user_19,391,,
8723,,420000,0,user_19,391,,
8724,,1300000,0,user_21,391,,
8725,,2300000,0,user_22,391,,
8726,,150000,0,user_23,391,,
8727,,260000,0,user_25,391,,
8728,,910000,0,user_26,391,,
8729,,4500000,0,user_28,391,,
8730,,660000,0,user_28,391,,
8731,,1000000,0,user_29,391,,
8732,,2600000,0,user_30,391,,
8733,,110000,0,user_30,391,,
8734,,3600000,0,user_31,391,,
8735,,6300000,12800,user_31,391,,
8736,,87000,146000,user_33,391,,
8737,,30000000,12300,user_34,391,,
8738,,1000000,0,user_36,391,,
8739,,220000,0,user_36,391,,
8740,,110000,0,user_36,391,,
8741,,1500000,0,user_36,391,,
8742,,19000000,369000,user_36,391,,
8743,,170000,73100,user_37,391,,
8744,,670000,0,user_38,391,,
8745,,170000,12300,user_39,391,,
8746,,82000,0,user_40,391,,
8747,,1000000,0,user_41,391,,
8748,,130000,67500,user_42,391,,
8749,,150000,0,user_43,391,,
8750,,120000,0,user_44,391,,
8751,,420000,0,user_45,391,,
8752,,1800000,24700,user_46,391,,
8753,,100000,0,user_48,391,,
8754,,1600000,0,user_49,391,,
8708,0,43000000,0,user_12,391,391,
8737,1,30000000,12300,user_34,391,391,
8785,2,0,0,builder_3,391,391,8737
8786,3,0,0,builder_3,391,391,8742
8742,4,19000000,369000,user_36,391,391,
8787,5,0,0,builder_3,391,391,8722
8722,6,6300000,231000,user_19,391,391,
8788,7,0,0,builder_3,391,391,8735
8735,8,6300000,12800,user_31,391,391,
8729,9,4500000,0,user_28,391,391,
8734,10,3600000,0,user_31,391,391,
8732,11,2600000,0,user_30,391,391,
8714,12,2400000,0,user_15,391,391,
8725,13,2300000,0,user_22,391,391,
8720,14,2100000,0,user_18,391,391,
8789,15,0,0,builder_3,391,391,8752
8752,16,1800000,24700,user_46,391,391,
8702,17,1800000,0,user_4,391,391,
8715,18,1600000,0,user_15,391,391,
8754,19,1600000,0,user_49,391,391,
8741,20,1500000,0,user_36,391,391,
8724,21,1300000,0,user_21,391,391,
8711,22,1100000,0,user_14,391,391,
8718,23,1100000,0,user_18,391,391,
8703,24,1000000,0,user_4,391,391,
8731,25,1000000,0,user_29,391,391,
8738,26,1000000,0,user_36,391,391,
8747,27,1000000,0,user_41,391,391,
8709,28,910000,0,user_13,391,391,
8728,29,910000,0,user_26,391,391,
8790,30,0,0,builder_3,391,391,8721
8721,31,670000,36800,user_18,391,391,
8744,32,670000,0,user_38,391,391,
8712,33,660000,0,user_15,391,391,
8730,34,660000,0,user_28,391,391,
8791,35,0,0,builder_3,391,391,8716
8716,36,420000,5640,user_15,391,391,
8723,37,420000,0,user_19,391,391,
8751,38,420000,0,user_45,391,391,
8700,39,340000,0,user_3,391,391,
8792,40,0,0,builder_3,391,391,8699
8699,41,300000,12300,user_2,391,391,
8793,42,0,0,builder_3,391,391,8743
8743,43,170000,73100,user_37,391,391,
8736,44,87000,146000,user_33,391,391,
8794,45,0,0,builder_3,391,391,8736
8739,46,220000,0,user_36,391,391,
8795,47,0,0,builder_3,391,391,8748
8748,48,130000,67500,user_42,391,391,
8745,49,170000,12300,user_39,391,391,
8796,50,0,0,builder_3,391,391,8745
8719,51,170000,0,user_18,391,391,
8701,52,150000,0,user_3,391,391,
8717,53,150000,0,user_18,391,391,
8726,54,150000,0,user_23,391,391,
8749,55,150000,0,user_43,391,391,
8710,56,120000,0,user_13,391,391,
8750,57,120000,0,user_44,391,391,
8713,58,110000,0,user_15,391,391,
8733,59,110000,0,user_30,391,391,
8740,60,110000,0,user_36,391,391,
8707,61,100000,0,user_11,391,391,
8753,62,100000,0,user_48,391,391,
8746,63,82000,0,user_40,391,391,
8842,,110000,13900,user_0,392,,
8843,,30000000,0,user_0,392,,
8844,,910000,0,user_0,392,,
8845,,1500000,0,user_2,392,,
8846,,98000,381000,user_3,392,,
8847,,83000,0,user_3,392,,
8848,,27000000,779000,user_3,392,,
8849,,650000,0,user_3,392,,
8850,,420000,0,user_4,392,,
8851,,5000000,17700000,user_5,392,,
8852,,660000,0,user_8,392,,
8853,,82000,0,user_9,392,,
8854,,1300000,5180,user_9,392,,
8855,,340000,0,user_11,392,,
8856,,4200000,0,user_12,392,,
8857,,170000,0,user_12,392,,
8858,,3200000,0,user_13,392,,
8859,,1100000,0,user_13,392,,
8860,,27000000,0,user_14,392,,
8861,,170000,0,user_14,392,,
8862,,100000,0,user_16,392,,
8863,,600000,0,user_17,392,,
8864,,4200000,0,user_18,392,,
8865,,1400000,0,user_19,392,,
8866,,5000000,0,user_19,392,,
8867,,1800000,0,user_19,392,,
8868,,460000,0,user_19,392,,
8869,,2600000,0,user_20,392,,
8870,,1700000,594000,user_21,392,,
8871,,3500000,0,user_21,392,,
8872,,310000,296000,user_22,392,,
8873,,30000000,0,user_22,392,,
8874,,190000,0,user_25,392,,
8875,,650000,10700,user_27,392,,
8876,,110000,0,user_28,392,,
8877,,220000,0,user_29,392,,
8878,,1400000,0,user_29,392,,
8879,,3600000,0,user_29,392,,
8880,,120000,42000,user_32,392,,
8881,,2600000,0,user_32,392,,
8882,,5000000,0,user_33,392,,
8883,,2600000,0,user_34,392,,
8884,,77000,0,user_35,392,,
8885,,19000000,0,user_35,392,,
8886,,27000000,0,user_36,392,,
8887,,630000,0,user_37,392,,
8888,,110000,0,user_40,392,,
8889,,600000,0,user_41,392,,
8890,,1500000,0,user_43,392,,
8891,,1400000,0,user_44,392,,
8892,,340000,0,user_44,392,,
8893,,340000,0,user_46,392,,
8894,,3500000,84800,user_46,392,,
8895,,220000,0,user_48,392,,
8896,,2300000,13900,user_48,392,,
8843,0,30000000,0,user_0,392,392,
8873,1,30000000,0,user_22,392,392,
8924,2,0,0,builder_3,392,392,8848
8848,3,27000000,779000,user_3,392,392,
8860,4,27000000,0,user_14,392,392,
8886,5,27000000,0,user_36,392,392,
8851,6,5000000,17700000,user_5,392,392,
8925,7,0,0,builder_3,392,392,8851
8885,8,19000000,0,user_35,392,392,
8866,9,5000000,0,user_19,392,392,
8882,10,5000000,0,user_33,392,392,
8856,11,4200000,0,user_12,392,392,
8864,12,4200000,0,user_18,392,392,
8879,13,3600000,0,user_29,392,392,
8926,14,0,0,builder_3,392,392,8894
8894,15,3500000,84800,user_46,392,392,
8871,16,3500000,0,user_21,392,392,
8858,17,3200000,0,user_13,392,392,
8869,18,2600000,0,user_20,392,392,
8881,19,2600000,0,user_32,392,392,
8883,20,2600000,0,user_34,392,392,
8896,21,2300000,13900,user_48,392,392,
8927,22,0,0,builder_3,392,392,8896
8928,23,0,0,builder_3,392,392,8870
8870,24,1700000,594000,user_21,392,392,
8867,25,1800000,0,user_19,392,392,
8845,26,1500000,0,user_2,392,392,
8890,27,1500000,0,user_43,392,392,
8865,28,1400000,0,user_19,392,392,
8878,29,1400000,0,user_29,392,392,
8891,30,1400000,0,user_44,392,392,
8859,31,1100000,0,user_13,392,392,
8844,32,910000,0,user_0,392,392,
8849,33,650000,0,user_3,392,392,
8887,34,630000,0,user_37,392,392,
8929,35,0,0,builder_3,392,392,8872
8872,36,310000,296000,user_22,392,392,
8863,37,600000,0,user_17,392,392,
8889,38,600000,0,user_41,392,392,
8930,39,0,0,builder_3,392,392,8846
8846,40,98000,381000,user_3,392,392,
8868,41,460000,0,user_19,392,392,
8850,42,420000,0,user_4,392,392,
8855,43,340000,0,user_11,392,392,
8892,44,340000,0,user_44,392,392,
8893,45,340000,0,user_46,392,392,
8877,46,220000,0,user_29,392,392,
8895,47,220000,0,user_48,392,392,
8857,48,170000,0,user_12,392,392,
8861,49,170000,0,user_14,392,392,
8880,50,120000,42000,user_32,392,392,
8931,51,0,0,builder_3,392,392,8880
8842,52,110000,13900,user_0,392,392,
8932,53,0,0,builder_3,392,392,8842
8876,54,110000,0,user_28,392,392,
8888,55,110000,0,user_40,392,392,
8847,56,83000,0,user_3,392,392,
8884,57,77000,0,user_35,392,392,
8977,,110000,0,user_1,393,,
8978,,120000,0,user_1,393,,
8979,,310000,18600,user_1,393,,
8980,,1000000,56200,user_1,393,,
8981,,1500000,0,user_1,393,,
8982,,82000,0,user_2,393,,
8983,,320000,0,user_3,393,,
8984,,670000,0,user_4,393,,
8985,,6100000,381000,user_7,393,,
8986,,2500000,0,user_7,393,,
8987,,3600000,0,user_7,393,,
8988,,1400000,24700,user_9,393,,
8989,,150000,0,user_9,393,,
8990,,2000000,0,user_10,393,,
8991,,350000,0,user_10,393,,
8992,,77000,0,user_10,393,,
8993,,2600000,283000,user_10,393,,
8994,,320000,0,user_10,393,,
8995,,3600000,12300,user_12,393,,
8996,,6100000,0,user_13,393,,
8997,,2400000,0,user_14,393,,
8998,,5200000,0,user_15,393,,
8999,,27000000,0,user_16,393,,
9000,,6100000,0,user_17,393,,
9001,,79000,67900,user_18,393,,
9002,,340000,0,user_19,393,,
9003,,1600000,0,user_20,393,,
9004,,650000,0,user_21,393,,
9005,,1900000,0,user_23,393,,
9006,,2000000,0,user_24,393,,
9007,,30000000,0,user_24,393,,
9008,,2000000,0,user_24,393,,
9009,,2600000,0,user_25,393,,
9010,,310000,0,user_25,393,,
9011,,19000000,0,user_25,393,,
9012,,870000,0,user_26,393,,
9013,,300000,0,user_28,393,,
9014,,300000,0,user_31,393,,
9015,,130000,0,user_31,393,,
9016,,19000000,0,user_31,393,,
9017,,1400000,0,user_31,393,,
9018,,84000,0,user_34,393,,
9019,,350000,0,user_34,393,,
9020,,1800000,594000,user_35,393,,
9021,,630000,0,user_35,393,,
9022,,240000,0,user_36,393,,
9023,,870000,0,user_36,393,,
9024,,1100000,0,user_37,393,,
9025,,630000,0,user_38,393,,
9026,,160000,0,user_38,393,,
9027,,240000,15300,user_39,393,,
9028,,170000,0,user_41,393,,
9029,,300000,0,user_41,393,,
9030,,100000,0,user_41,393,,
9031,,1900000,0,user_41,393,,
9032,,1600000,0,user_41,393,,
9033,,660000,67500,user_42,393,,
9034,,77000,0,user_43,393,,
9035,,310000,0,user_44,393,,
9036,,300000,410000,user_44,393,,
9037,,420000,0,user_45,393,,
9038,,110000,0,user_45,393,,
9039,,220000,0,user_47,393,,
9040,,83000,0,user_47,393,,
9041,,150000,0,user_49,393,,
9007,0,30000000,0,user_24,393,393,
8999,1,27000000,0,user_16,393,393,
9011,2,19000000,0,user_25,393,393,
9016,3,19000000,0,user_31,393,393,
8985,4,6100000,381000,user_7,393,393,
8996,5,6100000,0,user_13,393,393,
9000,6,6100000,0,user_17,393,393,
8998,7,5200000,0,user_15,393,393,
8987,8,3600000,0,user_7,393,393,
8995,9,3600000,12300,user_12,393,393,
8993,10,2600000,283000,user_10,393,393,
9009,11,2600000,0,user_25,393,393,
8986,12,2500000,0,user_7,393,393,
8997,13,2400000,0,user_14,393,393,
8990,14,2000000,0,user_10,393,393,
9006,15,2000000,0,user_24,393,393,
9008,16,2000000,0,user_24,393,393,
9005,17,1900000,0,user_23,393,393,
9031,18,1900000,0,user_41,393,393,
9003,19,1600000,0,user_20,393,393,
9032,20,1600000,0,user_41,393,393,
8981,21,1500000,0,user_1,393,393,
8988,22,1400000,24700,user_9,393,393,
9017,23,1400000,0,user_31,393,393,
8980,24,1000000,56200,user_1,393,393,
9012,25,870000,0,user_26,393,393,
8984,26,670000,0,user_4,393,393,
9033,27,660000,67500,user_42,393,393,
9004,28,650000,0,user_21,393,393,
9025,29,630000,0,user_38,393,393,
9037,30,420000,0,user_45,393,393,
8991,31,350000,0,user_10,393,393,
9019,32,350000,0,user_34,393,393,
9002,33,340000,0,user_19,393,393,
8994,34,320000,0,user_10,393,393,
8979,35,310000,18600,user_1,393,393,
9010,36,310000,0,user_25,393,393,
9035,37,310000,0,user_44,393,393,
9013,38,300000,0,user_28,393,393,
9014,39,300000,0,user_31,393,393,
9029,40,300000,0,user_41,393,393,
9036,41,300000,410000,user_44,393,393,
9027,42,240000,15300,user_39,393,393,
9039,43,220000,0,user_47,393,393,
9028,44,170000,0,user_41,393,393,
9026,45,160000,0,user_38,393,393,
8989,46,150000,0,user_9,393,393,
9015,47,130000,0,user_31,393,393,
8978,48,120000,0,user_1,393,393,
8977,49,110000,0,user_1,393,393,
9038,50,110000,0,user_45,393,393,
9030,51,100000,0,user_41,393,393,
9018,52,84000,0,user_34,393,393,
9040,53,83000,0,user_47,393,393,
8982,54,82000,0,user_2,393,393,
9001,55,79000,67900,user_18,393,393,
8992,56,77000,0,user_10,393,393,
9034,57,77000,0,user_43,393,393,
9118,,2600000,64600,user_1,394,,
9119,,420000,36800,user_1,394,,
9120,,1600000,0,user_2,394,,
9121,,600000,0,user_3,394,,
9122,,3500000,0,user_3,394,,
9123,,1600000,0,user_6,394,,
9124,,3200000,0,user_7,394,,
9125,,110000,195000,user_8,394,,
9126,,2000000,0,user_10,394,,
9127,,120000,0,user_10,394,,
9128,,310000,0,user_12,394,,
9129,,150000,0,user_13,394,,
9130,,1600000,545000,user_14,394,,
9131,,190000,0,user_16,394,,
9132,,1800000,0,user_17,394,,
9133,,120000,16400,user_20,394,,
9134,,190000,0,user_20,394,,
9135,,1500000,0,user_23,394,,
9136,,80000,0,user_25,394,,
9137,,470000,0,user_27,394,,
9138,,530000,0,user_28,394,,
9139,,70000,10700,user_28,394,,
9140,,220000,0,user_28,394,,
9141,,340000,0,user_28,394,,
9142,,220000,0,user_29,394,,
9143,,3600000,0,user_30,394,,
9144,,460000,0,user_32,394,,
9145,,77000,0,user_33,394,,
9146,,98000,0,user_35,394,,
9147,,310000,0,user_35,394,,
9148,,150000,0,user_37,394,,
9149,,1600000,0,user_38,394,,
9150,,1500000,0,user_39,394,,
9151,,1600000,0,user_40,394,,
9152,,4200000,0,user_43,394,,
9153,,120000,0,user_44,394,,
9154,,4200000,0,user_44,394,,
9155,,660000,0,user_46,394,,
9156,,1300000,0,user_47,394,,
9157,,6100000,0,user_47,394,,
9158,,98000,0,user_48,394,,
9159,,120000,0,user_49,394,,
9157,0,6100000,0,user_47,394,394,
9152,1,4200000,0,user_43,394,394,
9154,2,4200000,0,user_44,394,394,
9143,3,3600000,0,user_30,394,394,
9122,4,3500000,0,user_3,394,394,
9124,5,3200000,0,user_7,394,394,
9118,6,2600000,64600,user_1,394,394,
9160,7,0,0,builder_0,394,394,9118
9161,8,0,0,builder_0,394,394,9130
9130,9,1600000,545000,user_14,394,394,
9126,10,2000000,0,user_10,394,394,
9132,11,1800000,0,user_17,394,394,
9120,12,1600000,0,user_2,394,394,
9123,13,1600000,0,user_6,394,394,
9149,14,1600000,0,user_38,394,394,
9151,15,1600000,0,user_40,394,394,
9135,16,1500000,0,user_23,394,394,
9156,17,1300000,0,user_47,394,394,
9155,18,660000,0,user_46,394,394,
9121,19,600000,0,user_3,394,394,
9138,20,530000,0,user_28,394,394,
9137,21,470000,0,user_27,394,394,
9144,22,460000,0,user_32,394,394,
9119,23,420000,36800,user_1,394,394,
9162,24,0,0,builder_0,394,394,9119
9141,25,340000,0,user_28,394,394,
9147,26,310000,0,user_35,394,394,
9125,27,110000,195000,user_8,394,394,
9163,28,0,0,builder_0,394,394,9125
9140,29,220000,0,user_28,394,394,
9142,30,220000,0,user_29,394,394,
9131,31,190000,0,user_16,394,394,
9134,32,190000,0,user_20,394,394,
9129,33,150000,0,user_13,394,394,
9148,34,150000,0,user_37,394,394,
9164,35,0,0,builder_0,394,394,9133
9133,36,120000,16400,user_20,394,394,
9127,37,120000,0,user_10,394,394,
9153,38,120000,0,user_44,394,394,
9159,39,120000,0,user_49,394,394,
9146,40,98000,0,user_35,394,394,
9158,41,98000,0,user_48,394,394,
9139,42,70000,10700,user_28,394,394,
9165,43,0,0,builder_0,394,394,9139
9136,44,80000,0,user_25,394,394,
9145,45,77000,0,user_33,394,394,
9201,,130000,0,user_0,395,,
9202,,19000000,0,user_0,395,,
9203,,27000000,256000,user_1,395,,
9204,,3600000,0,user_3,395,,
9205,,470000,0,user_4,395,,
9206,,1300000,4320000,user_5,395,,
9207,,190000,0,user_6,395,,
9208,,220000,0,user_7,395,,
9209,,260000,0,user_8,395,,
9210,,1200000,0,user_9,395,,
9211,,83000,0,user_10,395,,
9212,,5000000,0,user_11,395,,
9213,,420000,0,user_13,395,,
9214,,1400000,0,user_13,395,,
9215,,82000,0,user_15,395,,
9216,,1000000,0,user_15,395,,
9217,,160000,0,user_15,395,,
9218,,420000,0,user_15,395,,
9219,,1100000,84800,user_15,395,,
9220,,4500000,0,user_16,395,,
9221,,1700000,23500,user_18,395,,
9222,,2000000,0,user_20,395,,
9223,,150000,350000,user_21,395,,
9224,,370000,0,user_22,395,,
9225,,460000,0,user_23,395,,
9226,,84000,0,user_25,395,,
9227,,1400000,0,user_25,395,,
9228,,2400000,0,user_25,395,,
9229,,670000,13800,user_25,395,,
9230,,320000,0,user_28,395,,
9231,,420000,0,user_28,395,,
9232,,2300000,0,user_29,395,,
9233,,970000,0,user_30,395,,
9234,,77000,0,user_30,395,,
9235,,220000,0,user_31,395,,
9236,,300000,0,user_31,395,,
9237,,73000,0,user_32,395,,
9238,,460000,0,user_32,395,,
9239,,1500000,0,user_32,395,,
9240,,150000,381000,user_32,395,,
9241,,650000,108000,user_32,395,,
9242,,1000000,0,user_33,395,,
9243,,460000,0,user_35,395,,
9244,,110000,0,user_36,395,,
9245,,1600000,16400,user_37,395,,
9246,,240000,0,user_37,395,,
9247,,870000,0,user_39,395,,
9248,,1100000,0,user_40,395,,
9249,,150000,0,user_40,395,,
9250,,420000,0,user_42,395,,
9251,,160000,0,user_44,395,,
9252,,3500000,5630,user_46,395,,
9203,0,27000000,256000,user_1,395,395,
9202,1,19000000,0,user_0,395,395,
9212,2,5000000,0,user_11,395,395,
9220,3,4500000,0,user_16,395,395,
9204,4,3600000,0,user_3,395,395,
9252,5,3500000,5630,user_46,395,395,
9228,6,2400000,0,user_25,395,395,
9232,7,2300000,0,user_29,395,395,
9222,8,2000000,0,user_20,395,395,
9221,9,1700000,23500,user_18,395,395,
9245,10,1600000,16400,user_37,395,395,
9239,11,1500000,0,user_32,395,395,
9214,12,1400000,0,user_13,395,395,
9227,13,1400000,0,user_25,395,395,
9219,14,1100000,84800,user_15,395,395,
9248,15,1100000,0,user_40,395,395,
9216,16,1000000,0,user_15,395,395,
9242,17,1000000,0,user_33,395,395,
9233,18,970000,0,user_30,395,395,
9247,19,870000,0,user_39,395,395,
9229,20,670000,13800,user_25,395,395,
9241,21,650000,108000,user_32,395,395,
9205,22,470000,0,user_4,395,395,
9225,23,460000,0,user_23,395,395,
9238,24,460000,0,user_32,395,395,
9243,25,460000,0,user_35,395,395,
9213,26,420000,0,user_13,395,395,
9218,27,420000,0,user_15,395,395,
9231,28,420000,0,user_28,395,395,
9250,29,420000,0,user_42,395,395,
9224,30,370000,0,user_22,395,395,
9230,31,320000,0,user_28,395,395,
9236,32,300000,0,user_31,395,395,
9209,33,260000,0,user_8,395,395,
9246,34,240000,0,user_37,395,395,
9208,35,220000,0,user_7,395,395,
9235,36,220000,0,user_31,395,395,
9207,37,190000,0,user_6,395,395,
9217,38,160000,0,user_15,395,395,
9251,39,160000,0,user_44,395,395,
9223,40,150000,350000,user_21,395,395,
9240,41,150000,381000,user_32,395,395,
9249,42,150000,0,user_40,395,395,
9201,43,130000,0,user_0,395,395,
9226,44,84000,0,user_25,395,395,
9215,45,82000,0,user_15,395,395,
9234,46,77000,0,user_30,395,395,
9237,47,73000,0,user_32,395,395,
4961,,1200000,0,user_0,396,,
4962,,2400000,0,user_1,396,,
4963,,650000,7190000,user_2,396,,
4964,,87000,0,user_3,396,,
4965,,670000,0,user_4,396,,
4966,,3200000,0,user_5,396,,
4967,,80000,0,user_5,396,,
4968,,3200000,0,user_6,396,,
4969,,670000,0,user_7,396,,
4970,,470000,0,user_8,396,,
4971,,82000,0,user_9,396,,
4972,,260000,0,user_9,396,,
4973,,420000,0,user_10,396,,
4974,,80000,0,user_12,396,,
4975,,350000,0,user_13,396,,
4976,,1300000,0,user_14,396,,
4977,,220000,0,user_15,396,,
4978,,5000000,64600,user_16,396,,
4979,,670000,0,user_18,396,,
4980,,2000000,0,user_21,396,,
4981,,420000,0,user_21,396,,
4982,,1700000,0,user_22,396,,
4983,,660000,0,user_23,396,,
4984,,3500000,0,user_24,396,,
4985,,160000,0,user_25,396,,
4986,,2500000,0,user_26,396,,
4987,,1500000,0,user_27,396,,
4988,,460000,0,user_29,396,,
4989,,100000,0,user_29,396,,
4990,,1000000,0,user_30,396,,
4991,,120000,0,user_30,396,,
4992,,1000000,0,user_31,396,,
4993,,84000,0,user_32,396,,
4994,,150000,195000,user_34,396,,
4995,,670000,0,user_34,396,,
4996,,670000,0,user_35,396,,
4997,,3500000,0,user_36,396,,
4998,,1500000,0,user_39,396,,
4999,,80000,0,user_40,396,,
5000,,1000000,0,user_41,396,,
5001,,1000000,0,user_42,396,,
5002,,470000,0,user_42,396,,
5003,,1500000,0,user_43,396,,
5004,,73000,11200,user_44,396,,
5005,,310000,0,user_45,396,,
5006,,970000,0,user_46,396,,
5007,,1000000,0,user_48,396,,
5008,,1400000,0,user_49,396,,
5016,0,0,0,builder_2,396,396,4963
4963,1,650000,7190000,user_2,396,396,
4978,2,5000000,64600,user_16,396,396,
5017,3,0,0,builder_2,396,396,4978
4984,4,3500000,0,user_24,396,396,
4997,5,3500000,0,user_36,396,396,
4966,6,3200000,0,user_5,396,396,
4968,7,3200000,0,user_6,396,396,
4986,8,2500000,0,user_26,396,396,
4962,9,2400000,0,user_1,396,396,
4980,10,2000000,0,user_21,396,396,
4982,11,1700000,0,user_22,396,396,
4987,12,1500000,0,user_27,396,396,
4998,13,1500000,0,user_39,396,396,
5003,14,1500000,0,user_43,396,396,
5008,15,1400000,0,user_49,396,396,
4976,16,1300000,0,user_14,396,396,
4961,17,1200000,0,user_0,396,396,
4990,18,1000000,0,user_30,396,396,
4992,19,1000000,0,user_31,396,396,
5000,20,1000000,0,user_41,396,396,
5007,21,1000000,0,user_48,396,396,
5006,22,970000,0,user_46,396,396,
4995,23,670000,0,user_34,396,396,
4983,24,660000,0,user_23,396,396,
4970,25,470000,0,user_8,396,396,
4988,26,460000,0,user_29,396,396,
4973,27,420000,0,user_10,396,396,
4981,28,420000,0,user_21,396,396,
4975,29,350000,0,user_13,396,396,
4994,30,150000,195000,user_34,396,396,
5018,31,0,0,builder_2,396,396,4994
5005,32,310000,0,user_45,396,396,
4972,33,260000,0,user_9,396,396,
4977,34,220000,0,user_15,396,396,
4985,35,160000,0,user_25,396,396,
4991,36,120000,0,user_30,396,396,
4989,37,100000,0,user_29,396,396,
4964,38,87000,0,user_3,396,396,
4971,39,82000,0,user_9,396,396,
4967,40,80000,0,user_5,396,396,
4999,41,80000,0,user_40,396,396,
5037,,120000,779000,user_1,397,,
5038,,3600000,0,user_1,397,,
5039,,220000,0,user_2,397,,
5040,,4500000,0,user_3,397,,
5041,,600000,0,user_4,397,,
5042,,160000,0,user_4,397,,
5043,,1300000,0,user_4,397,,
5044,,310000,0,user_4,397,,
5045,,1300000,0,user_4,397,,
5046,,1300000,0,user_6,397,,
5047,,120000,0,user_7,397,,
5048,,5000000,0,user_7,397,,
5049,,1100000,0,user_7,397,,
5050,,150000,0,user_8,397,,
5051,,300000,0,user_9,397,,
5052,,320000,36800,user_11,397,,
5053,,460000,0,user_11,397,,
5054,,6300000,0,user_11,397,,
5055,,1400000,100000,user_11,397,,
5056,,650000,0,user_11,397,,
5057,,110000,0,user_14,397,,
5058,,260000,215000,user_15,397,,
5059,,110000,5630,user_16,397,,
5060,,160000,0,user_16,397,,
5061,,84000,0,user_16,397,,
5062,,2400000,47700,user_17,397,,
5063,,6100000,0,user_18,397,,
5064,,220000,0,user_18,397,,
5065,,670000,256000,user_18,397,,
5066,,630000,0,user_18,397,,
5067,,70000,0,user_19,397,,
5068,,2000000,0,user_20,397,,
5069,,1100000,0,user_22,397,,
5070,,120000,164000,user_23,397,,
5071,,170000,215000,user_25,397,,
5072,,110000,0,user_26,397,,
5073,,2600000,0,user_28,397,,
5074,,3600000,0,user_29,397,,
5075,,6100000,49100,user_31,397,,
5076,,870000,0,user_31,397,,
5077,,120000,0,user_33,397,,
5078,,260000,0,user_37,397,,
5079,,220000,0,user_37,397,,
5080,,70000,296000,user_38,397,,
5081,,110000,0,user_38,397,,
5082,,4200000,410000,user_39,397,,
5083,,360000,0,user_39,397,,
5084,,120000,56200,user_39,397,,
5085,,220000,0,user_39,397,,
5086,,360000,0,user_41,397,,
5087,,100000,0,user_42,397,,
5088,,77000,0,user_43,397,,
5089,,150000,0,user_44,397,,
5090,,77000,0,user_45,397,,
5091,,2300000,49100,user_46,397,,
5092,,19000000,68100,user_46,397,,
5093,,470000,0,user_48,397,,
5092,0,19000000,68100,user_46,397,397,
5054,1,6300000,0,user_11,397,397,
5063,2,6100000,0,user_18,397,397,
5075,3,6100000,49100,user_31,397,397,
5048,4,5000000,0,user_7,397,397,
5040,5,4500000,0,user_3,397,397,
5082,6,4200000,410000,user_39,397,397,
5038,7,3600000,0,user_1,397,397,
5074,8,3600000,0,user_29,397,397,
5073,9,2600000,0,user_28,397,397,
5062,10,2400000,47700,user_17,397,397,
5091,11,2300000,49100,user_46,397,397,
5068,12,2000000,0,user_20,397,397,
5055,13,1400000,100000,user_11,397,397,
5043,14,1300000,0,user_4,397,397,
5045,15,1300000,0,user_4,397,397,
5046,16,1300000,0,user_6,397,397,
5049,17,1100000,0,user_7,397,397,
5069,18,1100000,0,user_22,397,397,
5076,19,870000,0,user_31,397,397,
5065,20,670000,256000,user_18,397,397,
5056,21,650000,0,user_11,397,397,
5066,22,630000,0,user_18,397,397,
5041,23,600000,0,user_4,397,397,
5053,24,460000,0,user_11,397,397,
5083,25,360000,0,user_39,397,397,
5086,26,360000,0,user_41,397,397,
5052,27,320000,36800,user_11,397,397,
5044,28,310000,0,user_4,397,397,
5058,29,260000,215000,user_15,397,397,
5078,30,260000,0,user_37,397,397,
5039,31,220000,0,user_2,397,397,
5064,32,220000,0,user_18,397,397,
5079,33,220000,0,user_37,397,397,
5085,34,220000,0,user_39,397,397,
5071,35,170000,215000,user_25,397,397,
5042,36,160000,0,user_4,397,397,
5060,37,160000,0,user_16,397,397,
5050,38,150000,0,user_8,397,397,
5089,39,150000,0,user_44,397,397,
5037,40,120000,779000,user_1,397,397,
5047,41,120000,0,user_7,397,397,
5070,42,120000,164000,user_23,397,397,
5077,43,120000,0,user_33,397,397,
5084,44,120000,56200,user_39,397,397,
5057,45,110000,0,user_14,397,397,
5059,46,110000,5630,user_16,397,397,
5072,47,110000,0,user_26,397,397,
5087,48,100000,0,user_42,397,397,
5061,49,84000,0,user_16,397,397,
5088,50,77000,0,user_43,397,397,
5090,51,77000,0,user_45,397,397,
5067,52,70000,0,user_19,397,397,
5198,,1000000,0,user_0,398,,
5199,,120000,21800,user_1,398,,
5200,,1400000,1100000,user_2,398,,
5201,,1300000,181000,user_3,398,,
5202,,1000000,0,user_3,398,,
5203,,260000,0,user_4,398,,
5204,,79000,0,user_4,398,,
5205,,2000000,0,user_6,398,,
5206,,5200000,0,user_7,398,,
5207,,120000,146000,user_7,398,,
5208,,1400000,0,user_8,398,,
5209,,5000000,0,user_10,398,,
5210,,310000,0,user_10,398,,
5211,,530000,0,user_11,398,,
5212,,110000,128000,user_12,398,,
5213,,2100000,0,user_13,398,,
5214,,160000,0,user_15,398,,
5215,,1500000,0,user_16,398,,
5216,,370000,0,user_17,398,,
5217,,160000,0,user_18,398,,
5218,,150000,0,user_18,398,,
5219,,120000,0,user_18,398,,
5220,,110000,0,user_18,398,,
5221,,70000,0,user_18,398,,
5222,,420000,0,user_19,398,,
5223,,350000,0,user_23,398,,
5224,,1100000,0,user_23,398,,
5225,,530000,0,user_24,398,,
5226,,1600000,0,user_25,398,,
5227,,1100000,0,user_26,398,,
5228,,420000,0,user_26,398,,
5229,,1900000,0,user_26,398,,
5230,,470000,0,user_26,398,,
5231,,2000000,0,user_27,398,,
5232,,160000,35600,user_28,398,,
5233,,370000,36800,user_30,398,,
5234,,420000,0,user_33,398,,
5235,,530000,0,user_35,398,,
5236,,2600000,0,user_36,398,,
5237,,220000,0,user_37,398,,
5238,,670000,296000,user_37,398,,
5239,,30000000,0,user_37,398,,
5240,,220000,0,user_37,398,,
5241,,110000,0,user_38,398,,
5242,,1200000,161000,user_39,398,,
5243,,110000,0,user_40,398,,
5244,,1000000,0,user_42,398,,
5245,,1500000,0,user_44,398,,
5246,,2400000,0,user_45,398,,
5247,,70000,0,user_46,398,,
5248,,98000,0,user_49,398,,
5239,0,30000000,0,user_37,398,398,
5206,1,5200000,0,user_7,398,398,
5209,2,5000000,0,user_10,398,398,
5236,3,2600000,0,user_36,398,398,
5246,4,2400000,0,user_45,398,398,
5213,5,2100000,0,user_13,398,398,
5205,6,2000000,0,user_6,398,398,
5231,7,2000000,0,user_27,398,398,
5229,8,1900000,0,user_26,398,398,
5226,9,1600000,0,user_25,398,398,
5215,10,1500000,0,user_16,398,398,
5245,11,1500000,0,user_44,398,398,
5200,12,1400000,1100000,user_2,398,398,
5208,13,1400000,0,user_8,398,398,
5201,14,1300000,181000,user_3,398,398,
5242,15,1200000,161000,user_39,398,398,
5224,16,1100000,0,user_23,398,398,
5227,17,1100000,0,user_26,398,398,
5198,18,1000000,0,user_0,398,398,
5202,19,1000000,0,user_3,398,398,
5244,20,1000000,0,user_42,398,398,
5238,21,670000,296000,user_37,398,398,
5211,22,530000,0,user_11,398,398,
5235,23,530000,0,user_35,398,398,
5230,24,470000,0,user_26,398,398,
5228,25,420000,0,user_26,398,398,
5234,26,420000,0,user_33,398,398,
5216,27,370000,0,user_17,398,398,
5233,28,370000,36800,user_30,398,398,
5223,29,350000,0,user_23,398,398,
5210,30,310000,0,user_10,398,398,
5203,31,260000,0,user_4,398,398,
5237,32,220000,0,user_37,398,398,
5240,33,220000,0,user_37,398,398,
5214,34,160000,0,user_15,398,398,
5217,35,160000,0,user_18,398,398,
5218,36,150000,0,user_18,398,398,
5199,37,120000,21800,user_1,398,398,
5207,38,120000,146000,user_7,398,398,
5219,39,120000,0,user_18,398,398,
5212,40,110000,128000,user_12,398,398,
5220,41,110000,0,user_18,398,398,
5243,42,110000,0,user_40,398,398,
5248,43,98000,0,user_49,398,398,
5204,44,79000,0,user_4,398,398,
5221,45,70000,0,user_18,398,398,
5247,46,70000,0,user_46,398,398,
5313,,5000000,0,user_1,399,,
5314,,370000,0,user_1,399,,
5315,,85000,0,user_4,399,,
5316,,1500000,18600,user_5,399,,
5317,,19000000,181000,user_6,399,,
5318,,19000000,0,user_7,399,,
5319,,630000,16400,user_8,399,,
5320,,73000,0,user_9,399,,
5321,,43000000,0,user_12,399,,
5322,,100000,0,user_18,399,,
5323,,120000,0,user_18,399,,
5324,,970000,0,user_19,399,,
5325,,5000000,0,user_21,399,,
5326,,310000,0,user_22,399,,
5327,,110000,14200,user_23,399,,
5328,,2000000,0,user_24,399,,
5329,,120000,0,user_25,399,,
5330,,120000,0,user_25,399,,
5331,,970000,0,user_25,399,,
5332,,310000,0,user_25,399,,
5333,,420000,0,user_26,399,,
5334,,2000000,0,user_27,399,,
5335,,1700000,31700,user_29,399,,
5336,,1200000,0,user_31,399,,
5337,,120000,0,user_34,399,,
5338,,120000,0,user_34,399,,
5339,,360000,17000,user_34,399,,
5340,,3500000,0,user_35,399,,
5341,,160000,0,user_36,399,,
5342,,2300000,0,user_36,399,,
5343,,5000000,0,user_36,399,,
5344,,5200000,0,user_36,399,,
5345,,1600000,0,user_37,399,,
5346,,98000,0,user_37,399,,
5347,,1300000,594000,user_38,399,,
5348,,650000,0,user_39,399,,
5349,,43000000,1100000,user_40,399,,
5350,,190000,0,user_40,399,,
5351,,160000,0,user_41,399,,
5352,,1600000,15300,user_43,399,,
5353,,2400000,0,user_44,399,,
5354,,5000000,5180,user_45,399,,
5355,,1700000,0,user_48,399,,
5401,0,0,0,builder_6,399,399,5349
5349,1,43000000,1100000,user_40,399,399,
5321,2,43000000,0,user_12,399,399,
5402,3,0,0,builder_6,399,399,5317
5317,4,19000000,181000,user_6,399,399,
5318,5,19000000,0,user_7,399,399,
5344,6,5200000,0,user_36,399,399,
5403,7,0,0,builder_6,399,399,5354
5354,8,5000000,5180,user_45,399,399,
5313,9,5000000,0,user_1,399,399,
5325,10,5000000,0,user_21,399,399,
5343,11,5000000,0,user_36,399,399,
5340,12,3500000,0,user_35,399,399,
5353,13,2400000,0,user_44,399,399,
5342,14,2300000,0,user_36,399,399,
5328,15,2000000,0,user_24,399,399,
5334,16,2000000,0,user_27,399,399,
5404,17,0,0,builder_6,399,399,5347
5347,18,1300000,594000,user_38,399,399,
5405,19,0,0,builder_6,399,399,5335
5335,20,1700000,31700,user_29,399,399,
5355,21,1700000,0,user_48,399,399,
5345,22,1600000,0,user_37,399,399,
5406,23,0,0,builder_6,399,399,5316
5316,24,1500000,18600,user_5,399,399,
5336,25,1200000,0,user_31,399,399,
5324,26,970000,0,user_19,399,399,
5331,27,970000,0,user_25,399,399,
5348,28,650000,0,user_39,399,399,
5407,29,0,0,builder_6,399,399,5319
5319,30,630000,16400,user_8,399,399,
5314,31,370000,0,user_1,399,399,
5332,32,310000,0,user_25,399,399,
5350,33,190000,0,user_40,399,399,
5341,34,160000,0,user_36,399,399,
5351,35,160000,0,user_41,399,399,
5327,36,110000,14200,user_23,399,399,
5408,37,0,0,builder_6,399,399,5327
5323,38,120000,0,user_18,399,399,
5329,39,120000,0,user_25,399,399,
5330,40,120000,0,user_25,399,399,
5322,41,100000,0,user_18,399,399,
5346,42,98000,0,user_37,399,399,
5315,43,85000,0,user_4,399,399,
5320,44,73000,0,user_9,399,399,
5421,,170000,0,user_0,400,,
5422,,600000,0,user_1,400,,
5423,,85000,0,user_4,400,,
5424,,2000000,0,user_5,400,,
5425,,160000,0,user_6,400,,
5426,,3500000,0,user_8,400,,
5427,,85000,779000,user_8,400,,
5428,,320000,0,user_9,400,,
5429,,970000,0,user_11,400,,
5430,,350000,0,user_11,400,,
5431,,98000,0,user_14,400,,
5432,,70000,0,user_15,400,,
5433,,120000,0,user_16,400,,
5434,,1100000,0,user_16,400,,
5435,,6300000,56200,user_17,400,,
5436,,5000000,0,user_18,400,,
5437,,1000000,0,user_19,400,,
5438,,630000,0,user_20,400,,
5439,,530000,0,user_20,400,,
5440,,85000,0,user_21,400,,
5441,,2000000,39400,user_22,400,,
5442,,970000,0,user_24,400,,
5443,,1100000,0,user_25,400,,
5444,,19000000,0,user_25,400,,
5445,,87000,0,user_25,400,,
5446,,220000,0,user_25,400,,
5447,,170000,0,user_25,400,,
5448,,470000,0,user_27,400,,
5449,,1500000,0,user_29,400,,
5450,,120000,35600,user_30,400,,
5451,,530000,0,user_31,400,,
5452,,79000,64600,user_32,400,,
5453,,460000,10700,user_33,400,,
5454,,5200000,4320000,user_33,400,,
5455,,1700000,0,user_35,400,,
5456,,170000,0,user_36,400,,
5457,,150000,0,user_37,400,,
5458,,420000,39400,user_37,400,,
5459,,5000000,0,user_37,400,,
5460,,170000,0,user_38,400,,
5461,,2000000,0,user_40,400,,
5462,,6100000,0,user_41,400,,
5463,,1000000,0,user_42,400,,
5464,,240000,0,user_43,400,,
5465,,2100000,0,user_45,400,,
5466,,70000,0,user_45,400,,
5467,,2000000,0,user_47,400,,
5468,,670000,0,user_49,400,,
5444,0,19000000,0,user_25,400,400,
5435,1,6300000,56200,user_17,400,400,
5462,2,6100000,0,user_41,400,400,
5454,3,5200000,4320000,user_33,400,400,
5436,4,5000000,0,user_18,400,400,
5459,5,5000000,0,user_37,400,400,
5426,6,3500000,0,user_8,400,400,
5465,7,2100000,0,user_45,400,400,
5424,8,2000000,0,user_5,400,400,
5441,9,2000000,39400,user_22,400,400,
5461,10,2000000,0,user_40,400,400,
5467,11,2000000,0,user_47,400,400,
5455,12,1700000,0,user_35,400,400,
5449,13,1500000,0,user_29,400,400,
5434,14,1100000,0,user_16,400,400,
5443,15,1100000,0,user_25,400,400,
5463,16,1000000,0,user_42,400,400,
5429,17,970000,0,user_11,400,400,
5468,18,670000,0,user_49,400,400,
5438,19,630000,0,user_20,400,400,
5422,20,600000,0,user_1,400,400,
5439,21,530000,0,user_20,400,400,
5451,22,530000,0,user_31,400,400,
5448,23,470000,0,user_27,400,400,
5453,24,460000,10700,user_33,400,400,
5458,25,420000,39400,user_37,400,400,
5430,26,350000,0,user_11,400,400,
5464,27,240000,0,user_43,400,400,
5446,28,220000,0,user_25,400,400,
5421,29,170000,0,user_0,400,400,
5447,30,170000,0,user_25,400,400,
5456,31,170000,0,user_36,400,400,
5425,32,160000,0,user_6,400,400,
5457,33,150000,0,user_37,400,400,
5433,34,120000,0,user_16,400,400,
5450,35,120000,35600,user_30,400,400,
5445,36,87000,0,user_25,400,400,
5423,37,85000,0,user_4,400,400,
5427,38,85000,779000,user_8,400,400,
5440,39,85000,0,user_21,400,400,
5432,40,70000,0,user_15,400,400,
5466,41,70000,0,user_45,400,400,
5525,,160000,0,user_0,401,,
5526,,2100000,0,user_3,401,,
5527,,170000,0,user_4,401,,
5528,,87000,0,user_6,401,,
5529,,160000,0,user_9,401,,
5530,,370000,0,user_10,401,,
5531,,1100000,0,user_11,401,,
5532,,3500000,0,user_14,401,,
5533,,2100000,769000,user_15,401,,
5534,,98000,769000,user_16,401,,
5535,,82000,0,user_16,401,,
5536,,1000000,0,user_16,401,,
5537,,630000,0,user_16,401,,
5538,,420000,0,user_17,401,,
5539,,660000,0,user_17,401,,
5540,,150000,0,user_17,401,,
5541,,260000,0,user_17,401,,
5542,,160000,0,user_17,401,,
5543,,79000,100000,user_18,401,,
5544,,160000,0,user_19,401,,
5545,,1200000,0,user_20,401,,
5546,,84000,23500,user_20,401,,
5547,,1400000,0,user_21,401,,
5548,,2400000,0,user_22,401,,
5549,,260000,594000,user_23,401,,
5550,,3500000,0,user_24,401,,
5551,,2300000,16400,user_24,401,,
5552,,120000,0,user_25,401,,
5553,,110000,24700,user_26,401,,
5554,,120000,0,user_27,401,,
5555,,370000,0,user_28,401,,
5556,,260000,161000,user_28,401,,
5557,,150000,0,user_29,401,,
5558,,340000,33300,user_30,401,,
5559,,110000,84800,user_31,401,,
5560,,160000,594000,user_32,401,,
5561,,630000,0,user_33,401,,
5562,,630000,75000,user_34,401,,
5563,,110000,0,user_35,401,,
5564,,460000,322000,user_35,401,,
5565,,82000,0,user_36,401,,
5566,,170000,0,user_36,401,,
5567,,1100000,0,user_37,401,,
5568,,910000,0,user_39,401,,
5569,,2500000,0,user_40,401,,
5570,,80000,15300,user_40,401,,
5571,,1900000,0,user_44,401,,
5572,,1200000,959000,user_45,401,,
5573,,2100000,231000,user_47,401,,
5574,,120000,0,user_48,401,,
5575,,320000,0,user_49,401,,
5576,,310000,0,user_49,401,,
5532,0,3500000,0,user_14,401,401,
5550,1,3500000,0,user_24,401,401,
5569,2,2500000,0,user_40,401,401,
5548,3,2400000,0,user_22,401,401,
5551,4,2300000,16400,user_24,401,401,
5526,5,2100000,0,user_3,401,401,
5533,6,2100000,769000,user_15,401,401,
5573,7,2100000,231000,user_47,401,401,
5571,8,1900000,0,user_44,401,401,
5547,9,1400000,0,user_21,401,401,
5545,10,1200000,0,user_20,401,401,
5572,11,1200000,959000,user_45,401,401,
5531,12,1100000,0,user_11,401,401,
5567,13,1100000,0,user_37,401,401,
5536,14,1000000,0,user_16,401,401,
5568,15,910000,0,user_39,401,401,
5539,16,660000,0,user_17,401,401,
5537,17,630000,0,user_16,401,401,
5561,18,630000,0,user_33,401,401,
5562,19,630000,75000,user_34,401,401,
5564,20,460000,322000,user_35,401,401,
5538,21,420000,0,user_17,401,401,
5555,22,370000,0,user_28,401,401,
5558,23,340000,33300,user_30,401,401,
5575,24,320000,0,user_49,401,401,
5576,25,310000,0,user_49,401,401,
5541,26,260000,0,user_17,401,401,
5549,27,260000,594000,user_23,401,401,
5556,28,260000,161000,user_28,401,401,
5527,29,170000,0,user_4,401,401,
5525,30,160000,0,user_0,401,401,
5542,31,160000,0,user_17,401,401,
5544,32,160000,0,user_19,401,401,
5560,33,160000,594000,user_32,401,401,
5540,34,150000,0,user_17,401,401,
5557,35,150000,0,user_29,401,401,
5552,36,120000,0,user_25,401,401,
5553,37,110000,24700,user_26,401,401,
5559,38,110000,84800,user_31,401,401,
5563,39,110000,0,user_35,401,401,
5534,40,98000,769000,user_16,401,401,
5528,41,87000,0,user_6,401,401,
5546,42,84000,23500,user_20,401,401,
5535,43,82000,0,user_16,401,401,
5570,44,80000,15300,user_40,401,401,
5543,45,79000,100000,user_18,401,401,
5685,,3500000,0,user_0,402,,
5686,,160000,0,user_1,402,,
5687,,220000,0,user_2,402,,
5688,,310000,0,user_3,402,,
5689,,1500000,0,user_5,402,,
5690,,150000,15100,user_5,402,,
5691,,120000,0,user_5,402,,
5692,,350000,0,user_6,402,,
5693,,2500000,0,user_7,402,,
5694,,150000,13800,user_8,402,,
5695,,150000,0,user_9,402,,
5696,,5000000,0,user_10,402,,
5697,,98000,0,user_11,402,,
5698,,2500000,16400,user_14,402,,
5699,,120000,0,user_15,402,,
5700,,150000,0,user_15,402,,
5701,,3600000,0,user_17,402,,
5702,,98000,0,user_18,402,,
5703,,1700000,0,user_19,402,,
5704,,150000,0,user_20,402,,
5705,,600000,0,user_23,402,,
5706,,460000,0,user_23,402,,
5707,,970000,0,user_24,402,,
5708,,310000,0,user_25,402,,
5709,,73000,0,user_26,402,,
5710,,120000,285000,user_27,402,,
5711,,190000,35600,user_28,402,,
5712,,2300000,0,user_29,402,,
5713,,2000000,215000,user_29,402,,
5714,,650000,410000,user_30,402,,
5715,,30000000,0,user_30,402,,
5716,,1600000,0,user_30,402,,
5717,,970000,0,user_30,402,,
5718,,310000,0,user_30,402,,
5719,,2500000,5630,user_31,402,,
5720,,4200000,0,user_31,402,,
5721,,160000,0,user_32,402,,
5722,,6300000,0,user_32,402,,
5723,,1000000,0,user_33,402,,
5724,,2000000,256000,user_34,402,,
5725,,1600000,0,user_34,402,,
5726,,160000,0,user_34,402,,
5727,,85000,0,user_34,402,,
5728,,630000,0,user_34,402,,
5729,,1600000,39400,user_35,402,,
5730,,2600000,0,user_36,402,,
5731,,83000,0,user_37,402,,
5732,,420000,0,user_38,402,,
5733,,170000,0,user_39,402,,
5734,,170000,47700,user_40,402,,
5735,,370000,0,user_41,402,,
5736,,1400000,0,user_42,402,,
5737,,110000,0,user_44,402,,
5738,,150000,84800,user_45,402,,
5739,,4200000,0,user_45,402,,
5740,,310000,0,user_46,402,,
5741,,6300000,510000,user_48,402,,
5742,,1000000,0,user_48,402,,
5743,,300000,0,user_48,402,,
5744,,600000,0,user_48,402,,
5715,0,30000000,0,user_30,402,402,
5722,1,6300000,0,user_32,402,402,
5741,2,6300000,510000,user_48,402,402,
5696,3,5000000,0,user_10,402,402,
5720,4,4200000,0,user_31,402,402,
5739,5,4200000,0,user_45,402,402,
5701,6,3600000,0,user_17,402,402,
5685,7,3500000,0,user_0,402,402,
5730,8,2600000,0,user_36,402,402,
5693,9,2500000,0,user_7,402,402,
5698,10,2500000,16400,user_14,402,402,
5719,11,2500000,5630,user_31,402,402,
5712,12,2300000,0,user_29,402,402,
5713,13,2000000,215000,user_29,402,402,
5724,14,2000000,256000,user_34,402,402,
5703,15,1700000,0,user_19,402,402,
5716,16,1600000,0,user_30,402,402,
5725,17,1600000,0,user_34,402,402,
5729,18,1600000,39400,user_35,402,402,
5689,19,1500000,0,user_5,402,402,
5736,20,1400000,0,user_42,402,402,
5723,21,1000000,0,user_33,402,402,
5742,22,1000000,0,user_48,402,402,
5707,23,970000,0,user_24,402,402,
5717,24,970000,0,user_30,402,402,
5714,25,650000,410000,user_30,402,402,
5728,26,630000,0,user_34,402,402,
5705,27,600000,0,user_23,402,402,
5744,28,600000,0,user_48,402,402,
5706,29,460000,0,user_23,402,402,
5732,30,420000,0,user_38,402,402,
5735,31,370000,0,user_41,402,402,
5692,32,350000,0,user_6,402,402,
5688,33,310000,0,user_3,402,402,
5708,34,310000,0,user_25,402,402,
5718,35,310000,0,user_30,402,402,
5740,36,310000,0,user_46,402,402,
5743,37,300000,0,user_48,402,402,
5687,38,220000,0,user_2,402,402,
5734,39,170000,47700,user_40,402,402,
5721,40,160000,0,user_32,402,402,
5726,41,160000,0,user_34,402,402,
5690,42,150000,15100,user_5,402,402,
5694,43,150000,13800,user_8,402,402,
5695,44,150000,0,user_9,402,402,
5700,45,150000,0,user_15,402,402,
5704,46,150000,0,user_20,402,402,
5738,47,150000,84800,user_45,402,402,
5691,48,120000,0,user_5,402,402,
5699,49,120000,0,user_15,402,402,
5710,50,120000,285000,user_27,402,402,
5737,51,110000,0,user_44,402,402,
5697,52,98000,0,user_11,402,402,
5702,53,98000,0,user_18,402,402,
5727,54,85000,0,user_34,402,402,
5835,,120000,0,user_0,403,,
5836,,910000,0,user_1,403,,
5837,,420000,0,user_3,403,,
5838,,1000000,0,user_4,403,,
5839,,1500000,0,user_6,403,,
5840,,220000,4320000,user_7,403,,
5841,,460000,0,user_10,403,,
5842,,220000,0,user_12,403,,
5843,,1500000,0,user_13,403,,
5844,,82000,0,user_14,403,,
5845,,870000,0,user_15,403,,
5846,,150000,0,user_16,403,,
5847,,79000,0,user_18,403,,
5848,,1600000,0,user_19,403,,
5849,,130000,0,user_20,403,,
5850,,3200000,0,user_21,403,,
5851,,100000,14200,user_22,403,,
5852,,1400000,0,user_22,403,,
5853,,160000,0,user_24,403,,
5854,,19000000,13900,user_24,403,,
5855,,1600000,11200,user_24,403,,
5856,,73000,32900,user_25,403,,
5857,,83000,0,user_25,403,,
5858,,650000,0,user_29,403,,
5859,,2000000,0,user_31,403,,
5860,,660000,0,user_33,403,,
5861,,85000,0,user_33,403,,
5862,,1100000,0,user_34,403,,
5863,,5000000,0,user_38,403,,
5864,,1900000,0,user_39,403,,
5865,,1200000,33100,user_40,403,,
5866,,19000000,0,user_41,403,,
5867,,1700000,0,user_41,403,,
5868,,300000,0,user_44,403,,
5869,,170000,0,user_45,403,,
5870,,170000,0,user_46,403,,
5871,,3200000,155000,user_46,403,,
5872,,1500000,0,user_48,403,,
5873,,1500000,0,user_48,403,,
5874,,5200000,0,user_49,403,,
5854,0,19000000,13900,user_24,403,403,
5885,1,0,0,builder_2,403,403,5854
5866,2,19000000,0,user_41,403,403,
5874,3,5200000,0,user_49,403,403,
5863,4,5000000,0,user_38,403,403,
5886,5,0,0,builder_2,403,403,5871
5871,6,3200000,155000,user_46,403,403,
5850,7,3200000,0,user_21,403,403,
5859,8,2000000,0,user_31,403,403,
5864,9,1900000,0,user_39,403,403,
5867,10,1700000,0,user_41,403,403,
5887,11,0,0,builder_2,403,403,5855
5855,12,1600000,11200,user_24,403,403,
5848,13,1600000,0,user_19,403,403,
5839,14,1500000,0,user_6,403,403,
5843,15,1500000,0,user_13,403,403,
5872,16,1500000,0,user_48,403,403,
5873,17,1500000,0,user_48,403,403,
5852,18,1400000,0,user_22,403,403,
5865,19,1200000,33100,user_40,403,403,
5888,20,0,0,builder_2,403,403,5865
5862,21,1100000,0,user_34,403,403,
5836,22,910000,0,user_1,403,403,
5845,23,870000,0,user_15,403,403,
5858,24,650000,0,user_29,403,403,
5841,25,460000,0,user_10,403,403,
5837,26,420000,0,user_3,403,403,
5869,27,170000,0,user_45,403,403,
5870,28,170000,0,user_46,403,403,
5853,29,160000,0,user_24,403,403,
5846,30,150000,0,user_16,403,403,
5835,31,120000,0,user_0,403,403,
5851,32,100000,14200,user_22,403,403,
5889,33,0,0,builder_2,403,403,5851
5856,34,73000,32900,user_25,403,403,
5890,35,0,0,builder_2,403,403,5856
5857,36,83000,0,user_25,403,403,
5844,37,82000,0,user_14,403,403,
5922,,130000,0,user_0,404,,
5923,,150000,0,user_1,404,,
5924,,30000000,0,user_2,404,,
5925,,660000,0,user_2,404,,
5926,,1600000,0,user_3,404,,
5927,,5000000,215000,user_4,404,,
5928,,310000,7190000,user_4,404,,
5929,,910000,12300,user_5,404,,
5930,,6100000,18600,user_6,404,,
5931,,420000,0,user_7,404,,
5932,,1700000,0,user_9,404,,
5933,,970000,0,user_10,404,,
5934,,1500000,75000,user_12,404,,
5935,,3200000,0,user_12,404,,
5936,,1500000,0,user_12,404,,
5937,,4500000,0,user_12,404,,
5938,,2100000,0,user_13,404,,
5939,,150000,164000,user_14,404,,
5940,,220000,0,user_17,404,,
5941,,870000,15300,user_17,404,,
5942,,82000,13900,user_17,404,,
5943,,1000000,0,user_19,404,,
5944,,1000000,0,user_19,404,,
5945,,150000,0,user_20,404,,
5946,,5000000,0,user_20,404,,
5947,,5000000,0,user_23,404,,
5948,,910000,0,user_24,404,,
5949,,320000,0,user_26,404,,
5950,,80000,0,user_27,404,,
5951,,2400000,0,user_29,404,,
5952,,360000,0,user_31,404,,
5953,,100000,0,user_33,404,,
5954,,370000,0,user_33,404,,
5955,,73000,0,user_34,404,,
5956,,4500000,0,user_34,404,,
5957,,300000,0,user_35,404,,
5958,,150000,0,user_36,404,,
5959,,190000,7190000,user_37,404,,
5960,,1200000,0,user_38,404,,
5961,,1000000,0,user_39,404,,
5962,,160000,0,user_39,404,,
5963,,1500000,0,user_40,404,,
5964,,1900000,0,user_41,404,,
5965,,98000,0,user_42,404,,
5966,,360000,0,user_42,404,,
5967,,84000,0,user_43,404,,
5968,,3500000,0,user_45,404,,
5969,,79000,0,user_45,404,,
5970,,5000000,0,user_46,404,,
5971,,2300000,3130,user_47,404,,
5972,,6300000,0,user_47,404,,
5973,,160000,0,user_47,404,,
5974,,3600000,0,user_48,404,,
5975,,5000000,181000,user_49,404,,
5924,0,30000000,0,user_2,404,404,
5972,1,6300000,0,user_47,404,404,
5930,2,6100000,18600,user_6,404,404,
5927,3,5000000,215000,user_4,404,404,
5946,4,5000000,0,user_20,404,404,
5947,5,5000000,0,user_23,404,404,
5970,6,5000000,0,user_46,404,404,
5975,7,5000000,181000,user_49,404,404,
5937,8,4500000,0,user_12,404,404,
5956,9,4500000,0,user_34,404,404,
5974,10,3600000,0,user_48,404,404,
5968,11,3500000,0,user_45,404,404,
5935,12,3200000,0,user_12,404,404,
5951,13,2400000,0,user_29,404,404,
5971,14,2300000,3130,user_47,404,404,
5938,15,2100000,0,user_13,404,404,
5932,16,1700000,0,user_9,404,404,
5934,17,1500000,75000,user_12,404,404,
5936,18,1500000,0,user_12,404,404,
5963,19,1500000,0,user_40,404,404,
5960,20,1200000,0,user_38,404,404,
5943,21,1000000,0,user_19,404,404,
5944,22,1000000,0,user_19,404,404,
5961,23,1000000,0,user_39,404,404,
5933,24,970000,0,user_10,404,404,
5929,25,910000,12300,user_5,404,404,
5948,26,910000,0,user_24,404,404,
5941,27,870000,15300,user_17,404,404,
5925,28,660000,0,user_2,404,404,
5931,29,420000,0,user_7,404,404,
5952,30,360000,0,user_31,404,404,
5966,31,360000,0,user_42,404,404,
5949,32,320000,0,user_26,404,404,
5928,33,310000,7190000,user_4,404,404,
5957,34,300000,0,user_35,404,404,
5940,35,220000,0,user_17,404,404,
5959,36,190000,7190000,user_37,404,404,
5962,37,160000,0,user_39,404,404,
5973,38,160000,0,user_47,404,404,
5923,39,150000,0,user_1,404,404,
5939,40,150000,164000,user_14,404,404,
5945,41,150000,0,user_20,404,404,
5922,42,130000,0,user_0,404,404,
5965,43,98000,0,user_42,404,404,
5942,44,82000,13900,user_17,404,404,
5969,45,79000,0,user_45,404,404,
5955,46,73000,0,user_34,404,404,
6051,,370000,0,user_0,405,,
6052,,2300000,0,user_2,405,,
6053,,1600000,0,user_3,405,,
6054,,170000,0,user_4,405,,
6055,,310000,0,user_4,405,,
6056,,420000,0,user_5,405,,
6057,,70000,0,user_6,405,,
6058,,150000,0,user_6,405,,
6059,,3500000,0,user_7,405,,
6060,,1500000,0,user_8,405,,
6061,,420000,0,user_8,405,,
6062,,1500000,0,user_10,405,,
6063,,2000000,66100,user_11,405,,
6064,,120000,0,user_15,405,,
6065,,110000,19700,user_15,405,,
6066,,320000,0,user_16,405,,
6067,,30000000,0,user_17,405,,
6068,,110000,0,user_17,405,,
6069,,110000,350000,user_18,405,,
6070,,1800000,0,user_19,405,,
6071,,82000,0,user_20,405,,
6072,,80000,0,user_21,405,,
6073,,2300000,0,user_21,405,,
6074,,260000,0,user_21,405,,
6075,,2100000,0,user_21,405,,
6076,,4500000,161000,user_21,405,,
6077,,170000,0,user_23,405,,
6078,,110000,0,user_23,405,,
6079,,1100000,0,user_23,405,,
6080,,98000,0,user_24,405,,
6081,,83000,0,user_25,405,,
6082,,1600000,0,user_29,405,,
6083,,110000,0,user_33,405,,
6084,,77000,0,user_33,405,,
6085,,19000000,0,user_34,405,,
6086,,240000,0,user_35,405,,
6087,,30000000,0,user_35,405,,
6088,,1500000,0,user_36,405,,
6089,,79000,0,user_37,405,,
6090,,120000,0,user_38,405,,
6091,,220000,0,user_38,405,,
6092,,2000000,0,user_39,405,,
6093,,660000,0,user_40,405,,
6094,,80000,56200,user_41,405,,
6095,,100000,164000,user_42,405,,
6096,,27000000,0,user_43,405,,
6097,,1200000,0,user_43,405,,
6098,,1000000,0,user_44,405,,
6099,,220000,0,user_44,405,,
6100,,160000,195000,user_46,405,,
6101,,220000,23500,user_47,405,,
6102,,1600000,0,user_47,405,,
6103,,160000,0,user_48,405,,
6104,,4500000,0,user_49,405,,
6067,0,30000000,0,user_17,405,405,
6087,1,30000000,0,user_35,405,405,
6096,2,27000000,0,user_43,405,405,
6085,3,19000000,0,user_34,405,405,
6076,4,4500000,161000,user_21,405,405,
6104,5,4500000,0,user_49,405,405,
6059,6,3500000,0,user_7,405,405,
6052,7,2300000,0,user_2,405,405,
6073,8,2300000,0,user_21,405,405,
6075,9,2100000,0,user_21,405,405,
6063,10,2000000,66100,user_11,405,405,
6092,11,2000000,0,user_39,405,405,
6053,12,1600000,0,user_3,405,405,
6082,13,1600000,0,user_29,405,405,
6102,14,1600000,0,user_47,405,405,
6060,15,1500000,0,user_8,405,405,
6062,16,1500000,0,user_10,405,405,
6088,17,1500000,0,user_36,405,405,
6097,18,1200000,0,user_43,405,405,
6079,19,1100000,0,user_23,405,405,
6098,20,1000000,0,user_44,405,405,
6093,21,660000,0,user_40,405,405,
6056,22,420000,0,user_5,405,405,
6061,23,420000,0,user_8,405,405,
6051,24,370000,0,user_0,405,405,
6066,25,320000,0,user_16,405,405,
6055,26,310000,0,user_4,405,405,
6074,27,260000,0,user_21,405,405,
6086,28,240000,0,user_35,405,405,
6099,29,220000,0,user_44,405,405,
6101,30,220000,23500,user_47,405,405,
6054,31,170000,0,user_4,405,405,
6077,32,170000,0,user_23,405,405,
6100,33,160000,195000,user_46,405,405,
6058,34,150000,0,user_6,405,405,
6064,35,120000,0,user_15,405,405,
6065,36,110000,19700,user_15,405,405,
6068,37,110000,0,user_17,405,405,
6069,38,110000,350000,user_18,405,405,
6078,39,110000,0,user_23,405,405,
6083,40,110000,0,user_33,405,405,
6095,41,100000,164000,user_42,405,405,
6081,42,83000,0,user_25,405,405,
6071,43,82000,0,user_20,405,405,
6072,44,80000,0,user_21,405,405,
6094,45,80000,56200,user_41,405,405,
6089,46,79000,0,user_37,405,405,
6084,47,77000,0,user_33,405,405,
6057,48,70000,0,user_6,405,405,
6158,,2500000,13800,user_0,406,,
6159,,1100000,0,user_1,406,,
6160,,2600000,0,user_2,406,,
6161,,870000,0,user_3,406,,
6162,,190000,0,user_3,406,,
6163,,160000,0,user_3,406,,
6164,,670000,0,user_3,406,,
6165,,82000,0,user_3,406,,
6166,,220000,0,user_4,406,,
6167,,1200000,0,user_7,406,,
6168,,80000,0,user_8,406,,
6169,,80000,155000,user_11,406,,
6170,,2400000,0,user_13,406,,
6171,,170000,0,user_14,406,,
6172,,120000,0,user_14,406,,
6173,,370000,0,user_15,406,,
6174,,150000,0,user_15,406,,
6175,,600000,0,user_15,406,,
6176,,6300000,0,user_15,406,,
6177,,600000,14200,user_18,406,,
6178,,660000,0,user_18,406,,
6179,,370000,0,user_18,406,,
6180,,98000,0,user_19,406,,
6181,,460000,0,user_19,406,,
6182,,79000,0,user_21,406,,
6183,,83000,0,user_22,406,,
6184,,220000,0,user_22,406,,
6185,,84000,0,user_23,406,,
6186,,1200000,0,user_23,406,,
6187,,83000,0,user_24,406,,
6188,,4200000,0,user_26,406,,
6189,,2100000,0,user_28,406,,
6190,,2000000,0,user_30,406,,
6191,,120000,0,user_31,406,,
6192,,77000,23500,user_32,406,,
6193,,310000,0,user_33,406,,
6194,,260000,0,user_34,406,,
6195,,120000,0,user_34,406,,
6196,,3500000,0,user_34,406,,
6197,,120000,0,user_34,406,,
6198,,420000,0,user_35,406,,
6199,,110000,0,user_37,406,,
6200,,4200000,0,user_38,406,,
6201,,120000,0,user_39,406,,
6202,,160000,0,user_40,406,,
6203,,1500000,0,user_41,406,,
6204,,1700000,0,user_44,406,,
6205,,910000,21800,user_44,406,,
6206,,630000,0,user_48,406,,
6207,,460000,0,user_49,406,,
6208,,70000,0,user_49,406,,
6176,0,6300000,0,user_15,406,406,
6188,1,4200000,0,user_26,406,406,
6200,2,4200000,0,user_38,406,406,
6196,3,3500000,0,user_34,406,406,
6160,4,2600000,0,user_2,406,406,
6158,5,2500000,13800,user_0,406,406,
6221,6,0,0,builder_3,406,406,6158
6170,7,2400000,0,user_13,406,406,
6189,8,2100000,0,user_28,406,406,
6190,9,2000000,0,user_30,406,406,
6204,10,1700000,0,user_44,406,406,
6203,11,1500000,0,user_41,406,406,
6167,12,1200000,0,user_7,406,406,
6186,13,1200000,0,user_23,406,406,
6205,14,910000,21800,user_44,406,406,
6222,15,0,0,builder_3,406,406,6205
6161,16,870000,0,user_3,406,406,
6164,17,670000,0,user_3,406,406,
6178,18,660000,0,user_18,406,406,
6206,19,630000,0,user_48,406,406,
6177,20,600000,14200,user_18,406,406,
6223,21,0,0,builder_3,406,406,6177
6175,22,600000,0,user_15,406,406,
6181,23,460000,0,user_19,406,406,
6207,24,460000,0,user_49,406,406,
6198,25,420000,0,user_35,406,406,
6173,26,370000,0,user_15,406,406,
6179,27,370000,0,user_18,406,406,
6193,28,310000,0,user_33,406,406,
6194,29,260000,0,user_34,406,406,
6224,30,0,0,builder_3,406,406,6169
6169,31,80000,155000,user_11,406,406,
6166,32,220000,0,user_4,406,406,
6184,33,220000,0,user_22,406,406,
6162,34,190000,0,user_3,406,406,
6171,35,170000,0,user_14,406,406,
6163,36,160000,0,user_3,406,406,
6202,37,160000,0,user_40,406,406,
6174,38,150000,0,user_15,406,406,
6172,39,120000,0,user_14,406,406,
6191,40,120000,0,user_31,406,406,
6195,41,120000,0,user_34,406,406,
6197,42,120000,0,user_34,406,406,
6201,43,120000,0,user_39,406,406,
6199,44,110000,0,user_37,406,406,
6192,45,77000,23500,user_32,406,406,
6225,46,0,0,builder_3,406,406,6192
6180,47,98000,0,user_19,406,406,
6185,48,84000,0,user_23,406,406,
6183,49,83000,0,user_22,406,406,
6187,50,83000,0,user_24,406,406,
6165,51,82000,0,user_3,406,406,
6182,52,79000,0,user_21,406,406,
6208,53,70000,0,user_49,406,406,
6247,,2000000,0,user_2,407,,
6248,,43000000,0,user_3,407,,
6249,,1800000,0,user_4,407,,
6250,,130000,15300,user_5,407,,
6251,,1000000,0,user_6,407,,
6252,,220000,0,user_7,407,,
6253,,1500000,0,user_9,407,,
6254,,120000,0,user_10,407,,
6255,,1400000,15300,user_10,407,,
6256,,110000,0,user_12,407,,
6257,,260000,0,user_13,407,,
6258,,1700000,31700,user_13,407,,
6259,,2000000,0,user_14,407,,
6260,,1500000,0,user_16,407,,
6261,,150000,0,user_17,407,,
6262,,3500000,0,user_17,407,,
6263,,130000,0,user_18,407,,
6264,,84000,46500,user_18,407,,
6265,,1100000,0,user_20,407,,
6266,,420000,0,user_21,407,,
6267,,110000,0,user_23,407,,
6268,,77000,0,user_25,407,,
6269,,160000,0,user_25,407,,
6270,,910000,0,user_25,407,,
6271,,170000,959000,user_26,407,,
6272,,1000000,108000,user_27,407,,
6273,,77000,84800,user_28,407,,
6274,,1400000,0,user_28,407,,
6275,,460000,0,user_28,407,,
6276,,79000,0,user_30,407,,
6277,,150000,35600,user_30,407,,
6278,,420000,0,user_31,407,,
6279,,6100000,0,user_31,407,,
6280,,420000,0,user_32,407,,
6281,,600000,510000,user_32,407,,
6282,,6100000,84800,user_33,407,,
6283,,150000,0,user_35,407,,
6284,,1500000,0,user_36,407,,
6285,,87000,0,user_36,407,,
6286,,1500000,10700,user_36,407,,
6287,,1000000,0,user_36,407,,
6288,,4500000,0,user_36,407,,
6289,,970000,0,user_37,407,,
6290,,910000,322000,user_41,407,,
6291,,630000,0,user_44,407,,
6292,,110000,0,user_44,407,,
6293,,1400000,155000,user_47,407,,
6294,,1200000,779000,user_47,407,,
6248,0,43000000,0,user_3,407,407,
6282,1,6100000,84800,user_33,407,407,
6295,2,0,0,builder_0,407,407,6282
6279,3,6100000,0,user_31,407,407,
6288,4,4500000,0,user_36,407,407,
6262,5,3500000,0,user_17,407,407,
6247,6,2000000,0,user_2,407,407,
6259,7,2000000,0,user_14,407,407,
6294,8,1200000,779000,user_47,407,407,
6296,9,0,0,builder_0,407,407,6294
6258,10,1700000,31700,user_13,407,407,
6297,11,0,0,builder_0,407,407,6258
6298,12,0,0,builder_0,407,407,6293
6293,13,1400000,155000,user_47,407,407,
6299,14,0,0,builder_0,407,407,6286
6286,15,1500000,10700,user_36,407,407,
6253,16,1500000,0,user_9,407,407,
6260,17,1500000,0,user_16,407,407,
6284,18,1500000,0,user_36,407,407,
6300,19,0,0,builder_0,407,407,6255
6255,20,1400000,15300,user_10,407,407,
6274,21,1400000,0,user_28,407,407,
6290,22,910000,322000,user_41,407,407,
6301,23,0,0,builder_0,407,407,6290
6271,24,170000,959000,user_26,407,407,
6302,25,0,0,builder_0,407,407,6271
6281,26,600000,510000,user_32,407,407,
6303,27,0,0,builder_0,407,407,6281
6272,28,1000000,108000,user_27,407,407,
6304,29,0,0,builder_0,407,407,6272
6265,30,1100000,0,user_20,407,407,
6251,31,1000000,0,user_6,407,407,
6287,32,1000000,0,user_36,407,407,
6289,33,970000,0,user_37,407,407,
6270,34,910000,0,user_25,407,407,
6291,35,630000,0,user_44,407,407,
6275,36,460000,0,user_28,407,407,
6266,37,420000,0,user_21,407,407,
6278,38,420000,0,user_31,407,407,
6280,39,420000,0,user_32,407,407,
6257,40,260000,0,user_13,407,407,
6252,41,220000,0,user_7,407,407,
6305,42,0,0,builder_0,407,407,6277
6277,43,150000,35600,user_30,407,407,
6306,44,0,0,builder_0,407,407,6273
6273,45,77000,84800,user_28,407,407,
6269,46,160000,0,user_25,407,407,
6261,47,150000,0,user_17,407,407,
6283,48,150000,0,user_35,407,407,
6307,49,0,0,builder_0,407,407,6264
6264,50,84000,46500,user_18,407,407,
6263,51,130000,0,user_18,407,407,
6254,52,120000,0,user_10,407,407,
6267,53,110000,0,user_23,407,407,
6292,54,110000,0,user_44,407,407,
6285,55,87000,0,user_36,407,407,
6276,56,79000,0,user_30,407,407,
6268,57,77000,0,user_25,407,407,
6394,,6300000,0,user_2,408,,
6395,,530000,164000,user_5,408,,
6396,,1000000,0,user_5,408,,
6397,,1100000,0,user_7,408,,
6398,,84000,0,user_8,408,,
6399,,150000,0,user_9,408,,
6400,,27000000,0,user_11,408,,
6401,,220000,0,user_12,408,,
6402,,77000,0,user_14,408,,
6403,,150000,0,user_15,408,,
6404,,650000,0,user_16,408,,
6405,,3500000,0,user_16,408,,
6406,,3200000,0,user_17,408,,
6407,,43000000,0,user_17,408,,
6408,,84000,0,user_18,408,,
6409,,1200000,0,user_22,408,,
6410,,2100000,0,user_23,408,,
6411,,340000,0,user_25,408,,
6412,,2500000,14200,user_25,408,,
6413,,160000,0,user_28,408,,
6414,,98000,0,user_29,408,,
6415,,170000,0,user_29,408,,
6416,,100000,0,user_29,408,,
6417,,3200000,0,user_33,408,,
6418,,130000,0,user_33,408,,
6419,,650000,0,user_35,408,,
6420,,150000,0,user_35,408,,
6421,,5000000,0,user_36,408,,
6422,,160000,17000,user_38,408,,
6423,,470000,0,user_39,408,,
6424,,43000000,0,user_40,408,,
6425,,2500000,0,user_45,408,,
6426,,220000,0,user_45,408,,
6427,,320000,0,user_46,408,,
6428,,19000000,0,user_48,408,,
6429,,79000,0,user_48,408,,
6430,,1600000,0,user_49,408,,
6407,0,43000000,0,user_17,408,408,
6424,1,43000000,0,user_40,408,408,
6400,2,27000000,0,user_11,408,408,
6428,3,19000000,0,user_48,408,408,
6394,4,6300000,0,user_2,408,408,
6421,5,5000000,0,user_36,408,408,
6405,6,3500000,0,user_16,408,408,
6406,7,3200000,0,user_17,408,408,
6417,8,3200000,0,user_33,408,408,
6412,9,2500000,14200,user_25,408,408,
6425,10,2500000,0,user_45,408,408,
6410,11,2100000,0,user_23,408,408,
6430,12,1600000,0,user_49,408,408,
6409,13,1200000,0,user_22,408,408,
6397,14,1100000,0,user_7,408,408,
6396,15,1000000,0,user_5,408,408,
6404,16,650000,0,user_16,408,408,
6419,17,650000,0,user_35,408,408,
6395,18,530000,164000,user_5,408,408,
6411,19,340000,0,user_25,408,408,
6427,20,320000,0,user_46,408,408,
6426,21,220000,0,user_45,408,408,
6415,22,170000,0,user_29,408,408,
6422,23,160000,17000,user_38,408,408,
6399,24,150000,0,user_9,408,408,
6403,25,150000,0,user_15,408,408,
6420,26,150000,0,user_35,408,408,
6418,27,130000,0,user_33,408,408,
6416,28,100000,0,user_29,408,408,
6414,29,98000,0,user_29,408,408,
6398,30,84000,0,user_8,408,408,
6408,31,84000,0,user_18,408,408,
6429,32,79000,0,user_48,408,408,
6402,33,77000,0,user_14,408,408,
6453,,120000,0,user_0,409,,
6454,,2500000,139000,user_0,409,,
6455,,260000,0,user_1,409,,
6456,,650000,0,user_3,409,,
6457,,650000,6390,user_4,409,,
6458,,160000,15100,user_4,409,,
6459,,120000,0,user_5,409,,
6460,,370000,0,user_6,409,,
6461,,170000,0,user_6,409,,
6462,,3500000,0,user_7,409,,
6463,,1100000,0,user_8,409,,
6464,,85000,0,user_10,409,,
6465,,600000,0,user_10,409,,
6466,,3500000,0,user_11,409,,
6467,,220000,0,user_11,409,,
6468,,27000000,0,user_12,409,,
6469,,650000,0,user_13,409,,
6470,,5000000,0,user_13,409,,
6471,,970000,0,user_14,409,,
6472,,870000,0,user_15,409,,
6473,,110000,0,user_15,409,,
6474,,220000,0,user_16,409,,
6475,,1900000,5180,user_18,409,,
6476,,530000,0,user_19,409,,
6477,,970000,0,user_19,409,,
6478,,120000,0,user_19,409,,
6479,,460000,0,user_20,409,,
6480,,83000,68100,user_21,409,,
6481,,1100000,0,user_22,409,,
6482,,340000,0,user_23,409,,
6483,,910000,0,user_24,409,,
6484,,110000,0,user_25,409,,
6485,,110000,0,user_26,409,,
6486,,2000000,11200,user_26,409,,
6487,,30000000,0,user_27,409,,
6488,,170000,0,user_29,409,,
6489,,260000,0,user_30,409,,
6490,,1500000,0,user_30,409,,
6491,,73000,0,user_30,409,,
6492,,5000000,0,user_30,409,,
6493,,460000,0,user_30,409,,
6494,,6300000,0,user_31,409,,
6495,,600000,6390,user_33,409,,
6496,,310000,0,user_34,409,,
6497,,310000,0,user_34,409,,
6498,,1900000,0,user_35,409,,
6499,,160000,0,user_37,409,,
6500,,83000,0,user_39,409,,
6501,,1500000,0,user_40,409,,
6502,,420000,0,user_41,409,,
6503,,370000,0,user_42,409,,
6504,,30000000,0,user_44,409,,
6505,,260000,0,user_45,409,,
6506,,1600000,0,user_45,409,,
6507,,260000,0,user_45,409,,
6508,,160000,0,user_47,409,,
6487,0,30000000,0,user_27,409,409,
6504,1,30000000,0,user_44,409,409,
6468,2,27000000,0,user_12,409,409,
6494,3,6300000,0,user_31,409,409,
6470,4,5000000,0,user_13,409,409,
6492,5,5000000,0,user_30,409,409,
6462,6,3500000,0,user_7,409,409,
6466,7,3500000,0,user_11,409,409,
6454,8,2500000,139000,user_0,409,409,
6486,9,2000000,11200,user_26,409,409,
6475,10,1900000,5180,user_18,409,409,
6498,11,1900000,0,user_35,409,409,
6506,12,1600000,0,user_45,409,409,
6490,13,1500000,0,user_30,409,409,
6501,14,1500000,0,user_40,409,409,
6463,15,1100000,0,user_8,409,409,
6481,16,1100000,0,user_22,409,409,
6472,17,870000,0,user_15,409,409,
6456,18,650000,0,user_3,409,409,
6457,19,650000,6390,user_4,409,409,
6469,20,650000,0,user_13,409,409,
6465,21,600000,0,user_10,409,409,
6495,22,600000,6390,user_33,409,409,
6479,23,460000,0,user_20,409,409,
6493,24,460000,0,user_30,409,409,
6502,25,420000,0,user_41,409,409,
6460,26,370000,0,user_6,409,409,
6503,27,370000,0,user_42,409,409,
6482,28,340000,0,user_23,409,409,
6496,29,310000,0,user_34,409,409,
6497,30,310000,0,user_34,409,409,
6455,31,260000,0,user_1,409,409,
6489,32,260000,0,user_30,409,409,
6505,33,260000,0,user_45,409,409,
6507,34,260000,0,user_45,409,409,
6467,35,220000,0,user_11,409,409,
6474,36,220000,0,user_16,409,409,
6461,37,170000,0,user_6,409,409,
6488,38,170000,0,user_29,409,409,
6458,39,160000,15100,user_4,409,409,
6499,40,160000,0,user_37,409,409,
6508,41,160000,0,user_47,409,409,
6453,42,120000,0,user_0,409,409,
6459,43,120000,0,user_5,409,409,
6473,44,110000,0,user_15,409,409,
6484,45,110000,0,user_25,409,409,
6485,46,110000,0,user_26,409,409,
6464,47,85000,0,user_10,409,409,
6480,48,83000,68100,user_21,409,409,
6500,49,83000,0,user_39,409,409,
6491,50,73000,0,user_30,409,409,
6559,,6100000,15300,user_1,410,,
6560,,1300000,84800,user_2,410,,
6561,,84000,0,user_3,410,,
6562,,660000,0,user_5,410,,
6563,,4200000,0,user_6,410,,
6564,,73000,49100,user_6,410,,
6565,,160000,12300,user_6,410,,
6566,,170000,0,user_11,410,,
6567,,2100000,0,user_13,410,,
6568,,77000,0,user_15,410,,
6569,,130000,139000,user_16,410,,
6570,,1600000,0,user_17,410,,
6571,,110000,0,user_18,410,,
6572,,70000,0,user_18,410,,
6573,,77000,0,user_19,410,,
6574,,19000000,0,user_19,410,,
6575,,79000,0,user_20,410,,
6576,,460000,0,user_23,410,,
6577,,1800000,0,user_23,410,,
6578,,600000,13900,user_24,410,,
6579,,220000,0,user_25,410,,
6580,,260000,0,user_26,410,,
6581,,2000000,0,user_27,410,,
6582,,1500000,215000,user_28,410,,
6583,,2000000,0,user_29,410,,
6584,,220000,0,user_30,410,,
6585,,2500000,32900,user_30,410,,
6586,,2600000,0,user_30,410,,
6587,,150000,350000,user_31,410,,
6588,,120000,0,user_33,410,,
6589,,2300000,0,user_33,410,,
6590,,1600000,0,user_34,410,,
6591,,600000,100000,user_34,410,,
6592,,310000,0,user_36,410,,
6593,,110000,0,user_37,410,,
6594,,120000,0,user_38,410,,
6595,,260000,0,user_38,410,,
6596,,260000,0,user_39,410,,
6597,,2000000,0,user_40,410,,
6598,,470000,0,user_41,410,,
6599,,77000,231000,user_42,410,,
6600,,3200000,0,user_44,410,,
6601,,870000,0,user_45,410,,
6602,,160000,0,user_45,410,,
6603,,600000,0,user_46,410,,
6604,,470000,181000,user_46,410,,
6605,,3200000,56200,user_47,410,,
6606,,220000,0,user_48,410,,
6607,,420000,0,user_49,410,,
6574,0,19000000,0,user_19,410,410,
6559,1,6100000,15300,user_1,410,410,
6563,2,4200000,0,user_6,410,410,
6600,3,3200000,0,user_44,410,410,
6605,4,3200000,56200,user_47,410,410,
6586,5,2600000,0,user_30,410,410,
6585,6,2500000,32900,user_30,410,410,
6589,7,2300000,0,user_33,410,410,
6567,8,2100000,0,user_13,410,410,
6581,9,2000000,0,user_27,410,410,
6583,10,2000000,0,user_29,410,410,
6597,11,2000000,0,user_40,410,410,
6577,12,1800000,0,user_23,410,410,
6570,13,1600000,0,user_17,410,410,
6590,14,1600000,0,user_34,410,410,
6582,15,1500000,215000,user_28,410,410,
6560,16,1300000,84800,user_2,410,410,
6562,17,660000,0,user_5,410,410,
6578,18,600000,13900,user_24,410,410,
6591,19,600000,100000,user_34,410,410,
6576,20,460000,0,user_23,410,410,
6607,21,420000,0,user_49,410,410,
6592,22,310000,0,user_36,410,410,
6580,23,260000,0,user_26,410,410,
6595,24,260000,0,user_38,410,410,
6596,25,260000,0,user_39,410,410,
6579,26,220000,0,user_25,410,410,
6584,27,220000,0,user_30,410,410,
6606,28,220000,0,user_48,410,410,
6565,29,160000,12300,user_6,410,410,
6587,30,150000,350000,user_31,410,410,
6588,31,120000,0,user_33,410,410,
6594,32,120000,0,user_38,410,410,
6571,33,110000,0,user_18,410,410,
6593,34,110000,0,user_37,410,410,
6561,35,84000,0,user_3,410,410,
6575,36,79000,0,user_20,410,410,
6568,37,77000,0,user_15,410,410,
6573,38,77000,0,user_19,410,410,
6599,39,77000,231000,user_42,410,410,
6564,40,73000,49100,user_6,410,410,
6572,41,70000,0,user_18,410,410,
6694,,2000000,34700,user_2,411,,
6695,,530000,42000,user_3,411,,
6696,,630000,0,user_4,411,,
6697,,2000000,0,user_4,411,,
6698,,1500000,0,user_6,411,,
6699,,1000000,0,user_6,411,,
6700,,6100000,49100,user_7,411,,
6701,,120000,0,user_9,411,,
6702,,630000,15700,user_10,411,,
6703,,1300000,0,user_10,411,,
6704,,85000,0,user_12,411,,
6705,,110000,0,user_12,411,,
6706,,300000,0,user_12,411,,
6707,,170000,0,user_12,411,,
6708,,150000,0,user_12,411,,
6709,,1500000,0,user_14,411,,
6710,,1800000,0,user_14,411,,
6711,,1500000,0,user_14,411,,
6712,,2300000,0,user_14,411,,
6713,,1500000,15300,user_14,411,,
6714,,150000,0,user_15,411,,
6715,,120000,0,user_15,411,,
6716,,70000,4320000,user_16,411,,
6717,,110000,0,user_16,411,,
6718,,30000000,0,user_16,411,,
6719,,1300000,0,user_16,411,,
6720,,360000,0,user_16,411,,
6721,,870000,0,user_17,411,,
6722,,220000,0,user_18,411,,
6723,,3500000,0,user_22,411,,
6724,,120000,0,user_25,411,,
6725,,73000,0,user_27,411,,
6726,,79000,410000,user_28,411,,
6727,,80000,100000,user_28,411,,
6728,,370000,0,user_29,411,,
6729,,350000,0,user_30,411,,
6730,,160000,0,user_30,411,,
6731,,3500000,35600,user_32,411,,
6732,,220000,369000,user_33,411,,
6733,,5000000,0,user_34,411,,
6734,,5000000,0,user_34,411,,
6735,,87000,100000,user_34,411,,
6736,,460000,15100,user_34,411,,
6737,,100000,0,user_34,411,,
6738,,80000,0,user_35,411,,
6739,,5000000,0,user_35,411,,
6740,,2000000,30200,user_35,411,,
6741,,220000,0,user_35,411,,
6742,,43000000,0,user_36,411,,
6743,,5200000,0,user_37,411,,
6744,,530000,0,user_38,411,,
6745,,150000,0,user_39,411,,
6746,,3200000,0,user_40,411,,
6747,,1500000,0,user_41,411,,
6748,,460000,0,user_42,411,,
6749,,260000,0,user_42,411,,
6750,,2100000,0,user_43,411,,
6751,,84000,108000,user_43,411,,
6752,,30000000,0,user_45,411,,
6753,,170000,0,user_46,411,,
6754,,260000,0,user_46,411,,
6755,,98000,0,user_48,411,,
6756,,170000,0,user_49,411,,
6742,0,43000000,0,user_36,411,411,
6718,1,30000000,0,user_16,411,411,
6752,2,30000000,0,user_45,411,411,
6743,3,5200000,0,user_37,411,411,
6733,4,5000000,0,user_34,411,411,
6734,5,5000000,0,user_34,411,411,
6739,6,5000000,0,user_35,411,411,
6801,7,0,0,builder_4,411,411,6716
6716,8,70000,4320000,user_16,411,411,
6802,9,0,0,builder_4,411,411,6731
6731,10,3500000,35600,user_32,411,411,
6723,11,3500000,0,user_22,411,411,
6746,12,3200000,0,user_40,411,411,
6712,13,2300000,0,user_14,411,411,
6750,14,2100000,0,user_43,411,411,
6803,15,0,0,builder_4,411,411,6694
6694,16,2000000,34700,user_2,411,411,
6804,17,0,0,builder_4,411,411,6740
6740,18,2000000,30200,user_35,411,411,
6697,19,2000000,0,user_4,411,411,
6710,20,1800000,0,user_14,411,411,
6805,21,0,0,builder_4,411,411,6713
6713,22,1500000,15300,user_14,411,411,
6698,23,1500000,0,user_6,411,411,
6709,24,1500000,0,user_14,411,411,
6711,25,1500000,0,user_14,411,411,
6747,26,1500000,0,user_41,411,411,
6703,27,1300000,0,user_10,411,411,
6719,28,1300000,0,user_16,411,411,
6699,29,1000000,0,user_6,411,411,
6721,30,870000,0,user_17,411,411,
6702,31,630000,15700,user_10,411,411,
6806,32,0,0,builder_4,411,411,6702
6696,33,630000,0,user_4,411,411,
6807,34,0,0,builder_4,411,411,6732
6732,35,220000,369000,user_33,411,411,
6695,36,530000,42000,user_3,411,411,
6808,37,0,0,builder_4,411,411,6695
6744,38,530000,0,user_38,411,411,
6809,39,0,0,builder_4,411,411,6726
6726,40,79000,410000,user_28,411,411,
6736,41,460000,15100,user_34,411,411,
6810,42,0,0,builder_4,411,411,6736
6748,43,460000,0,user_42,411,411,
6728,44,370000,0,user_29,411,411,
6720,45,360000,0,user_16,411,411,
6729,46,350000,0,user_30,411,411,
6706,47,300000,0,user_12,411,411,
6749,48,260000,0,user_42,411,411,
6754,49,260000,0,user_46,411,411,
6722,50,220000,0,user_18,411,411,
6741,51,220000,0,user_35,411,411,
6751,52,84000,108000,user_43,411,411,
6811,53,0,0,builder_4,411,411,6751
6735,54,87000,100000,user_34,411,411,
6812,55,0,0,builder_4,411,411,6735
6727,56,80000,100000,user_28,411,411,
6813,57,0,0,builder_4,411,411,6727
6707,58,170000,0,user_12,411,411,
6753,59,170000,0,user_46,411,411,
6756,60,170000,0,user_49,411,411,
6730,61,160000,0,user_30,411,411,
6708,62,150000,0,user_12,411,411,
6701,63,120000,0,user_9,411,411,
6724,64,120000,0,user_25,411,411,
6705,65,110000,0,user_12,411,411,
6717,66,110000,0,user_16,411,411,
6737,67,100000,0,user_34,411,411,
6755,68,98000,0,user_48,411,411,
6704,69,85000,0,user_12,411,411,
6738,70,80000,0,user_35,411,411,
6725,71,73000,0,user_27,411,411,
6856,,5000000,0,user_1,412,,
6857,,460000,0,user_1,412,,
6858,,870000,0,user_2,412,,
6859,,2300000,0,user_3,412,,
6860,,370000,0,user_4,412,,
6861,,2000000,5180,user_6,412,,
6862,,1400000,0,user_7,412,,
6863,,110000,181000,user_7,412,,
6864,,670000,0,user_8,412,,
6865,,220000,0,user_8,412,,
6866,,1400000,0,user_9,412,,
6867,,170000,0,user_10,412,,
6868,,170000,0,user_11,412,,
6869,,5000000,0,user_12,412,,
6870,,650000,0,user_13,412,,
6871,,27000000,0,user_15,412,,
6872,,3600000,15700,user_16,412,,
6873,,650000,0,user_17,412,,
6874,,310000,0,user_18,412,,
6875,,2600000,0,user_19,412,,
6876,,310000,0,user_19,412,,
6877,,2000000,0,user_20,412,,
6878,,360000,0,user_21,412,,
6879,,420000,0,user_23,412,,
6880,,1400000,0,user_25,412,,
6881,,670000,0,user_28,412,,
6882,,5000000,0,user_30,412,,
6883,,310000,0,user_32,412,,
6884,,150000,0,user_34,412,,
6885,,2600000,68100,user_38,412,,
6886,,220000,42000,user_39,412,,
6887,,150000,10700,user_40,412,,
6888,,420000,0,user_41,412,,
6889,,240000,0,user_42,412,,
6890,,3500000,0,user_42,412,,
6891,,1500000,0,user_44,412,,
6892,,98000,0,user_44,412,,
6893,,87000,0,user_45,412,,
6894,,1200000,0,user_45,412,,
6895,,110000,0,user_46,412,,
6896,,70000,0,user_49,412,,
6897,,2300000,0,user_49,412,,
6871,0,27000000,0,user_15,412,412,
6856,1,5000000,0,user_1,412,412,
6869,2,5000000,0,user_12,412,412,
6882,3,5000000,0,user_30,412,412,
6872,4,3600000,15700,user_16,412,412,
6890,5,3500000,0,user_42,412,412,
6875,6,2600000,0,user_19,412,412,
6859,7,2300000,0,user_3,412,412,
6897,8,2300000,0,user_49,412,412,
6861,9,2000000,5180,user_6,412,412,
6877,10,2000000,0,user_20,412,412,
6891,11,1500000,0,user_44,412,412,
6862,12,1400000,0,user_7,412,412,
6880,13,1400000,0,user_25,412,412,
6894,14,1200000,0,user_45,412,412,
6858,15,870000,0,user_2,412,412,
6864,16,670000,0,user_8,412,412,
6881,17,670000,0,user_28,412,412,
6870,18,650000,0,user_13,412,412,
6873,19,650000,0,user_17,412,412,
6857,20,460000,0,user_1,412,412,
6879,21,420000,0,user_23,412,412,
6888,22,420000,0,user_41,412,412,
6860,23,370000,0,user_4,412,412,
6878,24,360000,0,user_21,412,412,
6874,25,310000,0,user_18,412,412,
6876,26,310000,0,user_19,412,412,
6883,27,310000,0,user_32,412,412,
6889,28,240000,0,user_42,412,412,
6865,29,220000,0,user_8,412,412,
6886,30,220000,42000,user_39,412,412,
6868,31,170000,0,user_11,412,412,
6884,32,150000,0,user_34,412,412,
6887,33,150000,10700,user_40,412,412,
6863,34,110000,181000,user_7,412,412,
6895,35,110000,0,user_46,412,412,
6892,36,98000,0,user_44,412,412,
6893,37,87000,0,user_45,412,412,
6896,38,70000,0,user_49,412,412,
6940,,83000,0,user_1,413,,
6941,,1700000,56200,user_2,413,,
6942,,150000,0,user_4,413,,
6943,,150000,0,user_5,413,,
6944,,310000,0,user_5,413,,
6945,,530000,0,user_7,413,,
6946,,260000,0,user_8,413,,
6947,,150000,0,user_9,413,,
6948,,120000,0,user_9,413,,
6949,,27000000,47700,user_10,413,,
6950,,77000,0,user_10,413,,
6951,,1800000,0,user_10,413,,
6952,,3500000,0,user_10,413,,
6953,,420000,0,user_10,413,,
6954,,650000,0,user_12,413,,
6955,,2000000,0,user_12,413,,
6956,,1100000,0,user_13,413,,
6957,,84000,35100,user_14,413,,
6958,,470000,0,user_15,413,,
6959,,530000,0,user_16,413,,
6960,,1700000,195000,user_17,413,,
6961,,150000,71800,user_20,413,,
6962,,2100000,5180,user_20,413,,
6963,,160000,0,user_22,413,,
6964,,1700000,0,user_23,413,,
6965,,120000,0,user_24,413,,
6966,,220000,0,user_25,413,,
6967,,87000,0,user_30,413,,
6968,,340000,0,user_31,413,,
6969,,1000000,0,user_32,413,,
6970,,110000,0,user_33,413,,
6971,,300000,0,user_34,413,,
6972,,1800000,0,user_36,413,,
6973,,260000,594000,user_36,413,,
6974,,1900000,215000,user_37,413,,
6975,,87000,0,user_37,413,,
6976,,3200000,18600,user_39,413,,
6977,,150000,46500,user_41,413,,
6978,,120000,0,user_41,413,,
6979,,350000,0,user_42,413,,
6980,,870000,73100,user_43,413,,
6981,,1700000,0,user_44,413,,
6982,,600000,0,user_45,413,,
6983,,600000,0,user_47,413,,
6984,,30000000,0,user_47,413,,
6985,,80000,0,user_48,413,,
6986,,220000,0,user_49,413,,
6984,0,30000000,0,user_47,413,413,
7012,1,0,0,builder_3,413,413,6949
6949,2,27000000,47700,user_10,413,413,
6952,3,3500000,0,user_10,413,413,
6976,4,3200000,18600,user_39,413,413,
7013,5,0,0,builder_3,413,413,6976
6974,6,1900000,215000,user_37,413,413,
7014,7,0,0,builder_3,413,413,6974
6962,8,2100000,5180,user_20,413,413,
7015,9,0,0,builder_3,413,413,6962
6955,10,2000000,0,user_12,413,413,
6960,11,1700000,195000,user_17,413,413,
7016,12,0,0,builder_3,413,413,6960
6951,13,1800000,0,user_10,413,413,
6972,14,1800000,0,user_36,413,413,
7017,15,0,0,builder_3,413,413,6941
6941,16,1700000,56200,user_2,413,413,
6964,17,1700000,0,user_23,413,413,
6981,18,1700000,0,user_44,413,413,
6956,19,1100000,0,user_13,413,413,
6969,20,1000000,0,user_32,413,413,
7018,21,0,0,builder_3,413,413,6980
6980,22,870000,73100,user_43,413,413,
6973,23,260000,594000,user_36,413,413,
7019,24,0,0,builder_3,413,413,6973
6954,25,650000,0,user_12,413,413,
6982,26,600000,0,user_45,413,413,
6983,27,600000,0,user_47,413,413,
6945,28,530000,0,user_7,413,413,
6958,29,470000,0,user_15,413,413,
6953,30,420000,0,user_10,413,413,
6979,31,350000,0,user_42,413,413,
6968,32,340000,0,user_31,413,413,
6944,33,310000,0,user_5,413,413,
6971,34,300000,0,user_34,413,413,
7020,35,0,0,builder_3,413,413,6961
6961,36,150000,71800,user_20,413,413,
6986,37,220000,0,user_49,413,413,
6977,38,150000,46500,user_41,413,413,
7021,39,0,0,builder_3,413,413,6977
6963,40,160000,0,user_22,413,413,
6942,41,150000,0,user_4,413,413,
6943,42,150000,0,user_5,413,413,
6965,43,120000,0,user_24,413,413,
6978,44,120000,0,user_41,413,413,
6957,45,84000,35100,user_14,413,413,
7022,46,0,0,builder_3,413,413,6957
6970,47,110000,0,user_33,413,413,
6967,48,87000,0,user_30,413,413,
6975,49,87000,0,user_37,413,413,
6985,50,80000,0,user_48,413,413,
6950,51,77000,0,user_10,413,413,
7068,,98000,0,user_2,414,,
7069,,1400000,0,user_2,414,,
7070,,1300000,4320000,user_5,414,,
7071,,1900000,0,user_5,414,,
7072,,2000000,0,user_5,414,,
7073,,120000,121000,user_6,414,,
7074,,6300000,14200,user_8,414,,
7075,,79000,64600,user_8,414,,
7076,,87000,0,user_8,414,,
7077,,6300000,35600,user_8,414,,
7078,,370000,0,user_9,414,,
7079,,660000,0,user_9,414,,
7080,,5000000,0,user_9,414,,
7081,,98000,0,user_9,414,,
7082,,2100000,0,user_9,414,,
7083,,1600000,0,user_10,414,,
7084,,350000,13900,user_11,414,,
7085,,1000000,0,user_11,414,,
7086,,530000,0,user_12,414,,
7087,,160000,0,user_15,414,,
7088,,2000000,0,user_16,414,,
7089,,670000,0,user_17,414,,
7090,,660000,73100,user_17,414,,
7091,,82000,64600,user_18,414,,
7092,,85000,0,user_20,414,,
7093,,43000000,128000,user_22,414,,
7094,,2400000,121000,user_24,414,,
7095,,120000,0,user_27,414,,
7096,,1400000,75000,user_28,414,,
7097,,19000000,164000,user_29,414,,
7098,,2000000,0,user_30,414,,
7099,,310000,7840,user_30,414,,
7100,,470000,0,user_30,414,,
7101,,19000000,0,user_32,414,,
7102,,910000,0,user_33,414,,
7103,,630000,0,user_34,414,,
7104,,79000,0,user_34,414,,
7105,,19000000,0,user_34,414,,
7106,,360000,0,user_34,414,,
7107,,460000,66100,user_34,414,,
7108,,30000000,68100,user_35,414,,
7109,,160000,0,user_35,414,,
7110,,170000,6390,user_36,414,,
7111,,120000,0,user_36,414,,
7112,,1500000,0,user_39,414,,
7113,,2300000,510000,user_39,414,,
7114,,5200000,0,user_40,414,,
7115,,1200000,0,user_41,414,,
7116,,85000,0,user_42,414,,
7117,,1200000,49100,user_42,414,,
7118,,70000,0,user_43,414,,
7119,,130000,0,user_47,414,,
7120,,300000,0,user_47,414,,
7121,,460000,510000,user_49,414,,
7093,0,43000000,128000,user_22,414,414,
7108,1,30000000,68100,user_35,414,414,
7097,2,19000000,164000,user_29,414,414,
7101,3,19000000,0,user_32,414,414,
7105,4,19000000,0,user_34,414,414,
7074,5,6300000,14200,user_8,414,414,
7077,6,6300000,35600,user_8,414,414,
7114,7,5200000,0,user_40,414,414,
7080,8,5000000,0,user_9,414,414,
7094,9,2400000,121000,user_24,414,414,
7082,10,2100000,0,user_9,414,414,
7072,11,2000000,0,user_5,414,414,
7088,12,2000000,0,user_16,414,414,
7098,13,2000000,0,user_30,414,414,
7071,14,1900000,0,user_5,414,414,
7083,15,1600000,0,user_10,414,414,
7069,16,1400000,0,user_2,414,414,
7070,17,1300000,4320000,user_5,414,414,
7115,18,1200000,0,user_41,414,414,
7117,19,1200000,49100,user_42,414,414,
7085,20,1000000,0,user_11,414,414,
7102,21,910000,0,user_33,414,414,
7089,22,670000,0,user_17,414,414,
7079,23,660000,0,user_9,414,414,
7090,24,660000,73100,user_17,414,414,
7103,25,630000,0,user_34,414,414,
7100,26,470000,0,user_30,414,414,
7107,27,460000,66100,user_34,414,414,
7121,28,460000,510000,user_49,414,414,
7078,29,370000,0,user_9,414,414,
7106,30,360000,0,user_34,414,414,
7084,31,350000,13900,user_11,414,414,
7099,32,310000,7840,user_30,414,414,
7120,33,300000,0,user_47,414,414,
7110,34,170000,6390,user_36,414,414,
7087,35,160000,0,user_15,414,414,
7109,36,160000,0,user_35,414,414,
7119,37,130000,0,user_47,414,414,
7073,38,120000,121000,user_6,414,414,
7095,39,120000,0,user_27,414,414,
7111,40,120000,0,user_36,414,414,
7068,41,98000,0,user_2,414,414,
7081,42,98000,0,user_9,414,414,
7076,43,87000,0,user_8,414,414,
7092,44,85000,0,user_20,414,414,
7116,45,85000,0,user_42,414,414,
7091,46,82000,64600,user_18,414,414,
7075,47,79000,64600,user_8,414,414,
7104,48,79000,0,user_34,414,414,
7118,49,70000,0,user_43,414,414,
7251,,1100000,19700,user_0,415,,
7252,,5000000,0,user_1,415,,
7253,,4500000,0,user_2,415,,
7254,,150000,0,user_3,415,,
7255,,5000000,0,user_4,415,,
7256,,240000,0,user_5,415,,
7257,,170000,0,user_7,415,,
7258,,98000,0,user_9,415,,
7259,,1600000,0,user_14,415,,
7260,,150000,0,user_14,415,,
7261,,1000000,0,user_15,415,,
7262,,73000,7840,user_17,415,,
7263,,110000,0,user_18,415,,
7264,,1000000,0,user_18,415,,
7265,,2000000,0,user_20,415,,
7266,,170000,779000,user_21,415,,
7267,,2000000,0,user_22,415,,
7268,,2100000,0,user_22,415,,
7269,,310000,0,user_24,415,,
7270,,150000,0,user_26,415,,
7271,,1000000,0,user_27,415,,
7272,,120000,0,user_28,415,,
7273,,1400000,0,user_29,415,,
7274,,970000,0,user_32,415,,
7275,,340000,0,user_34,415,,
7276,,1000000,15700,user_35,415,,
7277,,2100000,0,user_35,415,,
7278,,190000,0,user_36,415,,
7279,,1500000,0,user_36,415,,
7280,,110000,0,user_36,415,,
7281,,220000,0,user_36,415,,
7282,,1400000,0,user_36,415,,
7283,,120000,43600,user_37,415,,
7284,,1700000,12800,user_37,415,,
7285,,220000,181000,user_38,415,,
7286,,87000,0,user_39,415,,
7287,,460000,0,user_40,415,,
7288,,1500000,7840,user_40,415,,
7289,,2300000,0,user_40,415,,
7290,,1600000,0,user_40,415,,
7291,,460000,0,user_41,415,,
7292,,30000000,0,user_49,415,,
7292,0,30000000,0,user_49,415,415,
7252,1,5000000,0,user_1,415,415,
7255,2,5000000,0,user_4,415,415,
7253,3,4500000,0,user_2,415,415,
7289,4,2300000,0,user_40,415,415,
7268,5,2100000,0,user_22,415,415,
7277,6,2100000,0,user_35,415,415,
7265,7,2000000,0,user_20,415,415,
7267,8,2000000,0,user_22,415,415,
7284,9,1700000,12800,user_37,415,415,
7322,10,0,0,builder_4,415,415,7284
7259,11,1600000,0,user_14,415,415,
7290,12,1600000,0,user_40,415,415,
7288,13,1500000,7840,user_40,415,415,
7323,14,0,0,builder_4,415,415,7288
7279,15,1500000,0,user_36,415,415,
7273,16,1400000,0,user_29,415,415,
7282,17,1400000,0,user_36,415,415,
7324,18,0,0,builder_4,415,415,7251
7251,19,1100000,19700,user_0,415,415,
7276,20,1000000,15700,user_35,415,415,
7325,21,0,0,builder_4,415,415,7276
7264,22,1000000,0,user_18,415,415,
7271,23,1000000,0,user_27,415,415,
7274,24,970000,0,user_32,415,415,
7266,25,170000,779000,user_21,415,415,
7326,26,0,0,builder_4,415,415,7266
7287,27,460000,0,user_40,415,415,
7291,28,460000,0,user_41,415,415,
7285,29,220000,181000,user_38,415,415,
7327,30,0,0,builder_4,415,415,7285
7275,31,340000,0,user_34,415,415,
7269,32,310000,0,user_24,415,415,
7281,33,220000,0,user_36,415,415,
7278,34,190000,0,user_36,415,415,
7328,35,0,0,builder_4,415,415,7283
7283,36,120000,43600,user_37,415,415,
7254,37,150000,0,user_3,415,415,
7260,38,150000,0,user_14,415,415,
7270,39,150000,0,user_26,415,415,
7272,40,120000,0,user_28,415,415,
7263,41,110000,0,user_18,415,415,
7280,42,110000,0,user_36,415,415,
7258,43,98000,0,user_9,415,415,
7262,44,73000,7840,user_17,415,415,
7329,45,0,0,builder_4,415,415,7262
7355,,660000,0,user_0,416,,
7356,,260000,0,user_1,416,,
7357,,83000,0,user_2,416,,
7358,,120000,19700,user_2,416,,
7359,,870000,13900,user_2,416,,
7360,,370000,0,user_2,416,,
7361,,1500000,0,user_3,416,,
7362,,120000,0,user_3,416,,
7363,,5200000,0,user_4,416,,
7364,,1600000,0,user_5,416,,
7365,,600000,0,user_6,416,,
7366,,1100000,0,user_7,416,,
7367,,1900000,17000,user_9,416,,
7368,,160000,0,user_9,416,,
7369,,1700000,0,user_10,416,,
7370,,110000,0,user_10,416,,
7371,,470000,15700,user_10,416,,
7372,,170000,84800,user_12,416,,
7373,,120000,545000,user_13,416,,
7374,,1500000,0,user_14,416,,
7375,,240000,0,user_15,416,,
7376,,2400000,32900,user_15,416,,
7377,,43000000,0,user_17,416,,
7378,,6300000,0,user_18,416,,
7379,,43000000,0,user_20,416,,
7380,,460000,0,user_27,416,,
7381,,5000000,0,user_28,416,,
7382,,85000,0,user_29,416,,
7383,,660000,0,user_29,416,,
7384,,530000,68100,user_29,416,,
7385,,1900000,0,user_30,416,,
7386,,660000,0,user_31,416,,
7387,,19000000,0,user_32,416,,
7388,,1800000,779000,user_33,416,,
7389,,3200000,0,user_34,416,,
7390,,150000,0,user_37,416,,
7391,,19000000,0,user_37,416,,
7392,,2100000,71800,user_37,416,,
7393,,170000,0,user_37,416,,
7394,,150000,0,user_37,416,,
7395,,87000,17000,user_38,416,,
7396,,630000,0,user_38,416,,
7397,,120000,0,user_40,416,,
7398,,130000,0,user_40,416,,
7399,,5000000,0,user_41,416,,
7400,,80000,0,user_42,416,,
7401,,300000,0,user_43,416,,
7402,,2000000,0,user_44,416,,
7403,,2000000,0,user_45,416,,
7404,,110000,0,user_46,416,,
7405,,1400000,0,user_46,416,,
7406,,320000,0,user_47,416,,
7407,,2500000,0,user_48,416,,
7408,,120000,14200,user_49,416,,
7377,0,43000000,0,user_17,416,416,
7379,1,43000000,0,user_20,416,416,
7387,2,19000000,0,user_32,416,416,
7391,3,19000000,0,user_37,416,416,
7378,4,6300000,0,user_18,416,416,
7363,5,5200000,0,user_4,416,416,
7381,6,5000000,0,user_28,416,416,
7399,7,5000000,0,user_41,416,416,
7389,8,3200000,0,user_34,416,416,
7438,9,0,0,builder_3,416,416,7388
7388,10,1800000,779000,user_33,416,416,
7407,11,2500000,0,user_48,416,416,
7439,12,0,0,builder_3,416,416,7376
7376,13,2400000,32900,user_15,416,416,
7440,14,0,0,builder_3,416,416,7392
7392,15,2100000,71800,user_37,416,416,
7402,16,2000000,0,user_44,416,416,
7403,17,2000000,0,user_45,416,416,
7385,18,1900000,0,user_30,416,416,
7369,19,1700000,0,user_10,416,416,
7364,20,1600000,0,user_5,416,416,
7361,21,1500000,0,user_3,416,416,
7374,22,1500000,0,user_14,416,416,
7405,23,1400000,0,user_46,416,416,
7366,24,1100000,0,user_7,416,416,
7359,25,870000,13900,user_2,416,416,
7441,26,0,0,builder_3,416,416,7359
7442,27,0,0,builder_3,416,416,7373
7373,28,120000,545000,user_13,416,416,
7355,29,660000,0,user_0,416,416,
7383,30,660000,0,user_29,416,416,
7386,31,660000,0,user_31,416,416,
7396,32,630000,0,user_38,416,416,
7443,33,0,0,builder_3,416,416,7384
7384,34,530000,68100,user_29,416,416,
7444,35,0,0,builder_3,416,416,7371
7371,36,470000,15700,user_10,416,416,
7360,37,370000,0,user_2,416,416,
7406,38,320000,0,user_47,416,416,
7401,39,300000,0,user_43,416,416,
7372,40,170000,84800,user_12,416,416,
7445,41,0,0,builder_3,416,416,7372
7375,42,240000,0,user_15,416,416,
7393,43,170000,0,user_37,416,416,
7390,44,150000,0,user_37,416,416,
7394,45,150000,0,user_37,416,416,
7358,46,120000,19700,user_2,416,416,
7446,47,0,0,builder_3,416,416,7358
7447,48,0,0,builder_3,416,416,7408
7408,49,120000,14200,user_49,416,416,
7398,50,130000,0,user_40,416,416,
7362,51,120000,0,user_3,416,416,
7397,52,120000,0,user_40,416,416,
7370,53,110000,0,user_10,416,416,
7404,54,110000,0,user_46,416,416,
7395,55,87000,17000,user_38,416,416,
7448,56,0,0,builder_3,416,416,7395
7382,57,85000,0,user_29,416,416,
7357,58,83000,0,user_2,416,416,
7400,59,80000,0,user_42,416,416,
7501,,5000000,0,user_1,417,,
7502,,1600000,0,user_2,417,,
7503,,1100000,0,user_3,417,,
7504,,260000,0,user_4,417,,
7505,,460000,0,user_5,417,,
7506,,240000,0,user_5,417,,
7507,,360000,0,user_6,417,,
7508,,77000,0,user_6,417,,
7509,,120000,0,user_8,417,,
7510,,160000,0,user_9,417,,
7511,,2300000,0,user_10,417,,
7512,,1200000,0,user_11,417,,
7513,,460000,0,user_12,417,,
7514,,100000,0,user_12,417,,
7515,,350000,0,user_13,417,,
7516,,160000,0,user_14,417,,
7517,,220000,0,user_14,417,,
7518,,120000,0,user_16,417,,
7519,,150000,0,user_16,417,,
7520,,630000,0,user_16,417,,
7521,,1600000,0,user_16,417,,
7522,,1900000,0,user_16,417,,
7523,,370000,0,user_17,417,,
7524,,630000,0,user_18,417,,
7525,,910000,0,user_19,417,,
7526,,110000,0,user_20,417,,
7527,,310000,0,user_23,417,,
7528,,320000,0,user_23,417,,
7529,,85000,0,user_24,417,,
7530,,73000,0,user_27,417,,
7531,,460000,0,user_28,417,,
7532,,120000,0,user_28,417,,
7533,,2100000,0,user_28,417,,
7534,,1500000,0,user_32,417,,
7535,,3600000,0,user_33,417,,
7536,,170000,34700,user_33,417,,
7537,,1500000,0,user_35,417,,
7538,,650000,0,user_36,417,,
7539,,470000,0,user_37,417,,
7540,,320000,0,user_37,417,,
7541,,420000,0,user_39,417,,
7542,,600000,0,user_40,417,,
7543,,73000,0,user_40,417,,
7544,,79000,0,user_41,417,,
7545,,98000,0,user_41,417,,
7546,,1000000,0,user_42,417,,
7547,,420000,0,user_44,417,,
7548,,19000000,0,user_45,417,,
7549,,170000,14200,user_46,417,,
7550,,150000,0,user_46,417,,
7551,,27000000,10700,user_48,417,,
7552,,360000,0,user_49,417,,
7551,0,27000000,10700,user_48,417,417,
7564,1,0,0,builder_4,417,417,7551
7548,2,19000000,0,user_45,417,417,
7501,3,5000000,0,user_1,417,417,
7535,4,3600000,0,user_33,417,417,
7511,5,2300000,0,user_10,417,417,
7533,6,2100000,0,user_28,417,417,
7522,7,1900000,0,user_16,417,417,
7502,8,1600000,0,user_2,417,417,
7521,9,1600000,0,user_16,417,417,
7534,10,1500000,0,user_32,417,417,
7537,11,1500000,0,user_35,417,417,
7512,12,1200000,0,user_11,417,417,
7503,13,1100000,0,user_3,417,417,
7546,14,1000000,0,user_42,417,417,
7525,15,910000,0,user_19,417,417,
7538,16,650000,0,user_36,417,417,
7520,17,630000,0,user_16,417,417,
7524,18,630000,0,user_18,417,417,
7542,19,600000,0,user_40,417,417,
7539,20,470000,0,user_37,417,417,
7513,21,460000,0,user_12,417,417,
7531,22,460000,0,user_28,417,417,
7547,23,420000,0,user_44,417,417,
7523,24,370000,0,user_17,417,417,
7507,25,360000,0,user_6,417,417,
7552,26,360000,0,user_49,417,417,
7515,27,350000,0,user_13,417,417,
7528,28,320000,0,user_23,417,417,
7540,29,320000,0,user_37,417,417,
7527,30,310000,0,user_23,417,417,
7504,31,260000,0,user_4,417,417,
7517,32,220000,0,user_14,417,417,
7536,33,170000,34700,user_33,417,417,
7565,34,0,0,builder_4,417,417,7536
7566,35,0,0,builder_4,417,417,7549
7549,36,170000,14200,user_46,417,417,
7510,37,160000,0,user_9,417,417,
7516,38,160000,0,user_14,417,417,
7519,39,150000,0,user_16,417,417,
7550,40,150000,0,user_46,417,417,
7509,41,120000,0,user_8,417,417,
7518,42,120000,0,user_16,417,417,
7532,43,120000,0,user_28,417,417,
7526,44,110000,0,user_20,417,417,
7514,45,100000,0,user_12,417,417,
7545,46,98000,0,user_41,417,417,
7529,47,85000,0,user_24,417,417,
7544,48,79000,0,user_41,417,417,
7508,49,77000,0,user_6,417,417,
7530,50,73000,0,user_27,417,417,
7543,51,73000,0,user_40,417,417,
7574,,3600000,0,user_0,418,,
7575,,2600000,10700,user_1,418,,
7576,,2000000,0,user_5,418,,
7577,,220000,0,user_7,418,,
7578,,2500000,0,user_7,418,,
7579,,1700000,0,user_8,418,,
7580,,190000,0,user_9,418,,
7581,,310000,0,user_10,418,,
7582,,370000,0,user_13,418,,
7583,,80000,0,user_14,418,,
7584,,170000,0,user_16,418,,
7585,,110000,0,user_17,418,,
7586,,870000,0,user_18,418,,
7587,,1000000,64600,user_19,418,,
7588,,77000,0,user_19,418,,
7589,,120000,0,user_19,418,,
7590,,4200000,0,user_20,418,,
7591,,470000,0,user_23,418,,
7592,,870000,0,user_23,418,,
7593,,98000,0,user_24,418,,
7594,,240000,84800,user_26,418,,
7595,,630000,0,user_27,418,,
7596,,3600000,0,user_30,418,,
7597,,1800000,0,user_30,418,,
7598,,27000000,0,user_31,418,,
7599,,530000,0,user_32,418,,
7600,,320000,0,user_34,418,,
7601,,2400000,0,user_35,418,,
7602,,630000,0,user_35,418,,
7603,,98000,0,user_36,418,,
7604,,150000,0,user_36,418,,
7605,,650000,0,user_37,418,,
7606,,1500000,17700000,user_37,418,,
7607,,530000,296000,user_38,418,,
7608,,1100000,0,user_39,418,,
7609,,6100000,0,user_39,418,,
7610,,98000,0,user_42,418,,
7611,,220000,0,user_42,418,,
7612,,30000000,33100,user_42,418,,
7613,,2500000,0,user_43,418,,
7614,,70000,15700,user_44,418,,
7615,,190000,0,user_45,418,,
7616,,2100000,128000,user_46,418,,
7617,,120000,0,user_47,418,,
7618,,1500000,0,user_48,418,,
7612,0,30000000,33100,user_42,418,418,
7598,1,27000000,0,user_31,418,418,
7609,2,6100000,0,user_39,418,418,
7590,3,4200000,0,user_20,418,418,
7574,4,3600000,0,user_0,418,418,
7596,5,3600000,0,user_30,418,418,
7575,6,2600000,10700,user_1,418,418,
7578,7,2500000,0,user_7,418,418,
7601,8,2400000,0,user_35,418,418,
7616,9,2100000,128000,user_46,418,418,
7576,10,2000000,0,user_5,418,418,
7597,11,1800000,0,user_30,418,418,
7579,12,1700000,0,user_8,418,418,
7606,13,1500000,17700000,user_37,418,418,
7618,14,1500000,0,user_48,418,418,
7608,15,1100000,0,user_39,418,418,
7587,16,1000000,64600,user_19,418,418,
7586,17,870000,0,user_18,418,418,
7592,18,870000,0,user_23,418,418,
7605,19,650000,0,user_37,418,418,
7602,20,630000,0,user_35,418,418,
7599,21,530000,0,user_32,418,418,
7607,22,530000,296000,user_38,418,418,
7591,23,470000,0,user_23,418,418,
7582,24,370000,0,user_13,418,418,
7600,25,320000,0,user_34,418,418,
7581,26,310000,0,user_10,418,418,
7594,27,240000,84800,user_26,418,418,
7577,28,220000,0,user_7,418,418,
7611,29,220000,0,user_42,418,418,
7580,30,190000,0,user_9,418,418,
7615,31,190000,0,user_45,418,418,
7589,32,120000,0,user_19,418,418,
7617,33,120000,0,user_47,418,418,
7585,34,110000,0,user_17,418,418,
7593,35,98000,0,user_24,418,418,
7610,36,98000,0,user_42,418,418,
7583,37,80000,0,user_14,418,418,
7588,38,77000,0,user_19,418,418,
7676,,1600000,155000,user_0,419,,
7677,,420000,0,user_0,419,,
7678,,2000000,0,user_2,419,,
7679,,43000000,0,user_3,419,,
7680,,130000,0,user_3,419,,
7681,,2400000,0,user_3,419,,
7682,,260000,0,user_3,419,,
7683,,100000,0,user_3,419,,
7684,,77000,0,user_4,419,,
7685,,320000,0,user_5,419,,
7686,,70000,0,user_6,419,,
7687,,1100000,0,user_7,419,,
7688,,98000,0,user_8,419,,
7689,,2000000,35600,user_8,419,,
7690,,80000,410000,user_8,419,,
7691,,310000,0,user_8,419,,
7692,,370000,0,user_10,419,,
7693,,1800000,296000,user_12,419,,
7694,,150000,545000,user_12,419,,
7695,,80000,0,user_14,419,,
7696,,220000,0,user_16,419,,
7697,,120000,0,user_17,419,,
7698,,110000,0,user_19,419,,
7699,,79000,0,user_21,419,,
7700,,110000,0,user_21,419,,
7701,,350000,0,user_23,419,,
7702,,160000,0,user_24,419,,
7703,,970000,0,user_24,419,,
7704,,2300000,0,user_25,419,,
7705,,150000,13900,user_28,419,,
7706,,1500000,0,user_30,419,,
7707,,84000,0,user_31,419,,
7708,,310000,0,user_32,419,,
7709,,150000,0,user_33,419,,
7710,,120000,0,user_33,419,,
7711,,1400000,0,user_34,419,,
7712,,630000,0,user_35,419,,
7713,,98000,0,user_36,419,,
7714,,4200000,0,user_37,419,,
7715,,420000,0,user_37,419,,
7716,,150000,0,user_38,419,,
7717,,6300000,0,user_42,419,,
7718,,2000000,7840,user_43,419,,
7719,,420000,0,user_44,419,,
7720,,130000,43600,user_45,419,,
7721,,79000,0,user_46,419,,
7722,,2500000,0,user_47,419,,
7723,,100000,0,user_48,419,,
7679,0,43000000,0,user_3,419,419,
7717,1,6300000,0,user_42,419,419,
7714,2,4200000,0,user_37,419,419,
7722,3,2500000,0,user_47,419,419,
7681,4,2400000,0,user_3,419,419,
7704,5,2300000,0,user_25,419,419,
7724,6,0,0,builder_0,419,419,7689
7689,7,2000000,35600,user_8,419,419,
7725,8,0,0,builder_0,419,419,7718
7718,9,2000000,7840,user_43,419,419,
7678,10,2000000,0,user_2,419,419,
7676,11,1600000,155000,user_0,419,419,
7726,12,0,0,builder_0,419,419,7676
7706,13,1500000,0,user_30,419,419,
7687,14,1100000,0,user_7,419,419,
7712,15,630000,0,user_35,419,419,
7690,16,80000,410000,user_8,419,419,
7727,17,0,0,builder_0,419,419,7690
7677,18,420000,0,user_0,419,419,
7715,19,420000,0,user_37,419,419,
7719,20,420000,0,user_44,419,419,
7692,21,370000,0,user_10,419,419,
7701,22,350000,0,user_23,419,419,
7691,23,310000,0,user_8,419,419,
7708,24,310000,0,user_32,419,419,
7682,25,260000,0,user_3,419,419,
7696,26,220000,0,user_16,419,419,
7728,27,0,0,builder_0,419,419,7705
7705,28,150000,13900,user_28,419,419,
7709,29,150000,0,user_33,419,419,
7716,30,150000,0,user_38,419,419,
7680,31,130000,0,user_3,419,419,
7697,32,120000,0,user_17,419,419,
7710,33,120000,0,user_33,419,419,
7698,34,110000,0,user_19,419,419,
7700,35,110000,0,user_21,419,419,
7683,36,100000,0,user_3,419,419,
7723,37,100000,0,user_48,419,419,
7688,38,98000,0,user_8,419,419,
7713,39,98000,0,user_36,419,419,
7707,40,84000,0,user_31,419,419,
7695,41,80000,0,user_14,419,419,
7699,42,79000,0,user_21,419,419,
7721,43,79000,0,user_46,419,419,
7686,44,70000,0,user_6,419,419,
7778,,660000,0,user_0,420,,
7779,,4200000,0,user_2,420,,
7780,,27000000,0,user_4,420,,
7781,,120000,0,user_4,420,,
7782,,1300000,0,user_4,420,,
7783,,1700000,0,user_5,420,,
7784,,370000,23500,user_5,420,,
7785,,2600000,0,user_5,420,,
7786,,600000,0,user_7,420,,
7787,,120000,0,user_8,420,,
7788,,5200000,0,user_9,420,,
7789,,1600000,0,user_9,420,,
7790,,240000,215000,user_11,420,,
7791,,120000,0,user_12,420,,
7792,,3500000,0,user_12,420,,
7793,,4500000,0,user_14,420,,
7794,,19000000,15300,user_15,420,,
7795,,110000,0,user_16,420,,
7796,,77000,0,user_17,420,,
7797,,5000000,0,user_18,420,,
7798,,77000,0,user_19,420,,
7799,,27000000,0,user_19,420,,
7800,,350000,0,user_19,420,,
7801,,240000,0,user_19,420,,
7802,,150000,0,user_21,420,,
7803,,300000,0,user_21,420,,
7804,,350000,0,user_23,420,,
7805,,170000,0,user_24,420,,
7806,,130000,0,user_24,420,,
7807,,77000,14200,user_25,420,,
7808,,5000000,0,user_27,420,,
7809,,120000,0,user_28,420,,
7810,,1700000,0,user_30,420,,
7811,,1500000,12800,user_31,420,,
7812,,1900000,0,user_33,420,,
7813,,1100000,13900,user_34,420,,
7814,,160000,0,user_37,420,,
7815,,260000,0,user_38,420,,
7816,,600000,0,user_39,420,,
7817,,3600000,0,user_39,420,,
7818,,120000,0,user_39,420,,
7819,,150000,0,user_39,420,,
7820,,260000,0,user_41,420,,
7821,,2500000,0,user_41,420,,
7822,,160000,100000,user_41,420,,
7823,,87000,0,user_42,420,,
7824,,110000,779000,user_45,420,,
7825,,1100000,0,user_45,420,,
7826,,110000,13900,user_45,420,,
7827,,4500000,5180,user_46,420,,
7780,0,27000000,0,user_4,420,420,
7799,1,27000000,0,user_19,420,420,
7794,2,19000000,15300,user_15,420,420,
7788,3,5200000,0,user_9,420,420,
7797,4,5000000,0,user_18,420,420,
7808,5,5000000,0,user_27,420,420,
7793,6,4500000,0,user_14,420,420,
7827,7,4500000,5180,user_46,420,420,
7817,8,3600000,0,user_39,420,420,
7792,9,3500000,0,user_12,420,420,
7785,10,2600000,0,user_5,420,420,
7821,11,2500000,0,user_41,420,420,
7812,12,1900000,0,user_33,420,420,
7783,13,1700000,0,user_5,420,420,
7810,14,1700000,0,user_30,420,420,
7789,15,1600000,0,user_9,420,420,
7811,16,1500000,12800,user_31,420,420,
7782,17,1300000,0,user_4,420,420,
7813,18,1100000,13900,user_34,420,420,
7786,19,600000,0,user_7,420,420,
7816,20,600000,0,user_39,420,420,
7784,21,370000,23500,user_5,420,420,
7800,22,350000,0,user_19,420,420,
7804,23,350000,0,user_23,420,420,
7803,24,300000,0,user_21,420,420,
7815,25,260000,0,user_38,420,420,
7820,26,260000,0,user_41,420,420,
7790,27,240000,215000,user_11,420,420,
7801,28,240000,0,user_19,420,420,
7805,29,170000,0,user_24,420,420,
7822,30,160000,100000,user_41,420,420,
7802,31,150000,0,user_21,420,420,
7819,32,150000,0,user_39,420,420,
7806,33,130000,0,user_24,420,420,
7781,34,120000,0,user_4,420,420,
7787,35,120000,0,user_8,420,420,
7791,36,120000,0,user_12,420,420,
7809,37,120000,0,user_28,420,420,
7818,38,120000,0,user_39,420,420,
7823,39,87000,0,user_42,420,420,
7798,40,77000,0,user_19,420,420,
7897,,2300000,0,user_0,421,,
7898,,260000,0,user_1,421,,
7899,,85000,0,user_1,421,,
7900,,1300000,0,user_2,421,,
7901,,77000,7190000,user_4,421,,
7902,,1000000,0,user_5,421,,
7903,,170000,0,user_7,421,,
7904,,360000,0,user_9,421,,
7905,,340000,0,user_10,421,,
7906,,530000,0,user_10,421,,
7907,,5000000,0,user_11,421,,
7908,,150000,0,user_11,421,,
7909,,85000,0,user_11,421,,
7910,,2100000,369000,user_12,421,,
7911,,100000,0,user_13,421,,
7912,,77000,0,user_14,421,,
7913,,310000,0,user_15,421,,
7914,,43000000,0,user_15,421,,
7915,,79000,0,user_15,421,,
7916,,2300000,0,user_15,421,,
7917,,85000,0,user_15,421,,
7918,,150000,0,user_16,421,,
7919,,79000,84800,user_16,421,,
7920,,2000000,0,user_16,421,,
7921,,160000,15700,user_16,421,,
7922,,3500000,0,user_16,421,,
7923,,110000,49100,user_17,421,,
7924,,160000,0,user_18,421,,
7925,,220000,0,user_20,421,,
7926,,2000000,0,user_20,421,,
7927,,120000,0,user_21,421,,
7928,,130000,0,user_21,421,,
7929,,1100000,31700,user_22,421,,
7930,,1400000,18600,user_23,421,,
7931,,160000,0,user_24,421,,
7932,,320000,0,user_25,421,,
7933,,260000,0,user_26,421,,
7934,,1500000,0,user_27,421,,
7935,,1900000,0,user_28,421,,
7936,,82000,67900,user_28,421,,
7937,,3500000,42000,user_29,421,,
7938,,460000,0,user_31,421,,
7939,,2100000,0,user_33,421,,
7940,,220000,0,user_34,421,,
7941,,85000,0,user_35,421,,
7942,,2000000,0,user_35,421,,
7943,,160000,5630,user_36,421,,
7944,,600000,0,user_37,421,,
7945,,420000,0,user_38,421,,
7946,,4200000,33100,user_38,421,,
7947,,77000,0,user_38,421,,
7948,,3600000,0,user_39,421,,
7949,,350000,0,user_40,421,,
7950,,260000,0,user_41,421,,
7951,,150000,0,user_41,421,,
7952,,1800000,0,user_42,421,,
7953,,1300000,0,user_42,421,,
7954,,1900000,0,user_44,421,,
7955,,420000,0,user_44,421,,
7956,,260000,0,user_45,421,,
7957,,43000000,0,user_45,421,,
7958,,150000,0,user_46,421,,
7959,,340000,15100,user_46,421,,
7960,,1600000,381000,user_47,421,,
7961,,2600000,594000,user_48,421,,
7962,,150000,0,user_48,421,,
7963,,420000,0,user_48,421,,
7914,0,43000000,0,user_15,421,421,
7957,1,43000000,0,user_45,421,421,
7907,2,5000000,0,user_11,421,421,
7946,3,4200000,33100,user_38,421,421,
7948,4,3600000,0,user_39,421,421,
7922,5,3500000,0,user_16,421,421,
7937,6,3500000,42000,user_29,421,421,
7961,7,2600000,594000,user_48,421,421,
7916,8,2300000,0,user_15,421,421,
7910,9,2100000,369000,user_12,421,421,
7939,10,2100000,0,user_33,421,421,
7920,11,2000000,0,user_16,421,421,
7926,12,2000000,0,user_20,421,421,
7942,13,2000000,0,user_35,421,421,
7935,14,1900000,0,user_28,421,421,
7954,15,1900000,0,user_44,421,421,
7952,16,1800000,0,user_42,421,421,
7960,17,1600000,381000,user_47,421,421,
7934,18,1500000,0,user_27,421,421,
7930,19,1400000,18600,user_23,421,421,
7953,20,1300000,0,user_42,421,421,
7929,21,1100000,31700,user_22,421,421,
7902,22,1000000,0,user_5,421,421,
7906,23,530000,0,user_10,421,421,
7945,24,420000,0,user_38,421,421,
7955,25,420000,0,user_44,421,421,
7963,26,420000,0,user_48,421,421,
7904,27,360000,0,user_9,421,421,
7905,28,340000,0,user_10,421,421,
7959,29,340000,15100,user_46,421,421,
7913,30,310000,0,user_15,421,421,
7898,31,260000,0,user_1,421,421,
7933,32,260000,0,user_26,421,421,
7950,33,260000,0,user_41,421,421,
7956,34,260000,0,user_45,421,421,
7925,35,220000,0,user_20,421,421,
7940,36,220000,0,user_34,421,421,
7903,37,170000,0,user_7,421,421,
7921,38,160000,15700,user_16,421,421,
7943,39,160000,5630,user_36,421,421,
7908,40,150000,0,user_11,421,421,
7918,41,150000,0,user_16,421,421,
7951,42,150000,0,user_41,421,421,
7958,43,150000,0,user_46,421,421,
7962,44,150000,0,user_48,421,421,
7928,45,130000,0,user_21,421,421,
7927,46,120000,0,user_21,421,421,
7923,47,110000,49100,user_17,421,421,
7911,48,100000,0,user_13,421,421,
7899,49,85000,0,user_1,421,421,
7909,50,85000,0,user_11,421,421,
7917,51,85000,0,user_15,421,421,
7941,52,85000,0,user_35,421,421,
7936,53,82000,67900,user_28,421,421,
7915,54,79000,0,user_15,421,421,
7919,55,79000,84800,user_16,421,421,
7912,56,77000,0,user_14,421,421,
7947,57,77000,0,user_38,421,421,
8063,,85000,0,user_1,422,,
8064,,120000,195000,user_2,422,,
8065,,77000,0,user_4,422,,
8066,,3200000,0,user_5,422,,
8067,,4500000,0,user_6,422,,
8068,,870000,0,user_7,422,,
8069,,85000,0,user_8,422,,
8070,,2000000,0,user_8,422,,
8071,,5000000,0,user_10,422,,
8072,,160000,0,user_11,422,,
8073,,27000000,0,user_12,422,,
8074,,1600000,75000,user_13,422,,
8075,,360000,0,user_16,422,,
8076,,2000000,0,user_17,422,,
8077,,110000,0,user_19,422,,
8078,,2400000,0,user_20,422,,
8079,,630000,0,user_20,422,,
8080,,220000,0,user_21,422,,
8081,,420000,0,user_22,422,,
8082,,5000000,0,user_23,422,,
8083,,1100000,0,user_23,422,,
8084,,1400000,0,user_24,422,,
8085,,2500000,0,user_26,422,,
8086,,6300000,0,user_28,422,,
8087,,1000000,0,user_28,422,,
8088,,82000,0,user_29,422,,
8089,,260000,0,user_29,422,,
8090,,310000,0,user_30,422,,
8091,,79000,0,user_31,422,,
8092,,1400000,31700,user_31,422,,
8093,,630000,0,user_31,422,,
8094,,82000,0,user_31,422,,
8095,,670000,0,user_31,422,,
8096,,1600000,0,user_33,422,,
8097,,1000000,0,user_33,422,,
8098,,2000000,0,user_34,422,,
8099,,220000,0,user_35,422,,
8100,,1100000,0,user_36,422,,
8101,,1000000,0,user_38,422,,
8102,,870000,0,user_40,422,,
8103,,470000,0,user_41,422,,
8104,,170000,0,user_43,422,,
8105,,120000,322000,user_43,422,,
8106,,300000,0,user_43,422,,
8107,,320000,7190000,user_44,422,,
8108,,240000,0,user_45,422,,
8109,,98000,0,user_45,422,,
8110,,70000,15300,user_46,422,,
8111,,130000,410000,user_47,422,,
8112,,4200000,18600,user_49,422,,
8073,0,27000000,0,user_12,422,422,
8142,1,0,0,builder_4,422,422,8107
8107,2,320000,7190000,user_44,422,422,
8086,3,6300000,0,user_28,422,422,
8071,4,5000000,0,user_10,422,422,
8082,5,5000000,0,user_23,422,422,
8067,6,4500000,0,user_6,422,422,
8112,7,4200000,18600,user_49,422,422,
8143,8,0,0,builder_4,422,422,8112
8085,9,2500000,0,user_26,422,422,
8078,10,2400000,0,user_20,422,422,
8070,11,2000000,0,user_8,422,422,
8076,12,2000000,0,user_17,422,422,
8098,13,2000000,0,user_34,422,422,
8074,14,1600000,75000,user_13,422,422,
8144,15,0,0,builder_4,422,422,8074
8096,16,1600000,0,user_33,422,422,
8092,17,1400000,31700,user_31,422,422,
8145,18,0,0,builder_4,422,422,8092
8084,19,1400000,0,user_24,422,422,
8083,20,1100000,0,user_23,422,422,
8100,21,1100000,0,user_36,422,422,
8087,22,1000000,0,user_28,422,422,
8097,23,1000000,0,user_33,422,422,
8101,24,1000000,0,user_38,422,422,
8102,25,870000,0,user_40,422,422,
8095,26,670000,0,user_31,422,422,
8079,27,630000,0,user_20,422,422,
8093,28,630000,0,user_31,422,422,
8103,29,470000,0,user_41,422,422,
8105,30,120000,322000,user_43,422,422,
8146,31,0,0,builder_4,422,422,8105
8081,32,420000,0,user_22,422,422,
8075,33,360000,0,user_16,422,422,
8147,34,0,0,builder_4,422,422,8064
8064,35,120000,195000,user_2,422,422,
8090,36,310000,0,user_30,422,422,
8106,37,300000,0,user_43,422,422,
8089,38,260000,0,user_29,422,422,
8108,39,240000,0,user_45,422,422,
8080,40,220000,0,user_21,422,422,
8099,41,220000,0,user_35,422,422,
8104,42,170000,0,user_43,422,422,
8072,43,160000,0,user_11,422,422,
8077,44,110000,0,user_19,422,422,
8109,45,98000,0,user_45,422,422,
8110,46,70000,15300,user_46,422,422,
8148,47,0,0,builder_4,422,422,8110
8063,48,85000,0,user_1,422,422,
8069,49,85000,0,user_8,422,422,
8088,50,82000,0,user_29,422,422,
8094,51,82000,0,user_31,422,422,
8091,52,79000,0,user_31,422,422,
8065,53,77000,0,user_4,422,422,
8169,,470000,0,user_0,423,,
8170,,5000000,0,user_2,423,,
8171,,1500000,0,user_3,423,,
8172,,4500000,0,user_4,423,,
8173,,98000,0,user_6,423,,
8174,,79000,0,user_7,423,,
8175,,220000,49100,user_8,423,,
8176,,1500000,67900,user_10,423,,
8177,,1000000,4320000,user_10,423,,
8178,,1400000,0,user_12,423,,
8179,,470000,0,user_14,423,,
8180,,260000,0,user_15,423,,
8181,,1500000,0,user_17,423,,
8182,,150000,0,user_18,423,,
8183,,83000,0,user_20,423,,
8184,,150000,0,user_21,423,,
8185,,1400000,0,user_22,423,,
8186,,1100000,0,user_22,423,,
8187,,150000,0,user_22,423,,
8188,,1000000,0,user_23,423,,
8189,,240000,0,user_24,423,,
8190,,1600000,0,user_26,423,,
8191,,1500000,0,user_27,423,,
8192,,5000000,0,user_29,423,,
8193,,79000,0,user_30,423,,
8194,,2000000,0,user_31,423,,
8195,,130000,0,user_31,423,,
8196,,300000,0,user_32,423,,
8197,,630000,0,user_33,423,,
8198,,1500000,0,user_34,423,,
8199,,2500000,0,user_35,423,,
8200,,6300000,0,user_36,423,,
8201,,350000,0,user_37,423,,
8202,,1500000,0,user_38,423,,
8203,,1000000,0,user_40,423,,
8204,,870000,68100,user_42,423,,
8205,,170000,0,user_43,423,,
8206,,5200000,0,user_45,423,,
8207,,110000,0,user_45,423,,
8208,,170000,0,user_45,423,,
8209,,650000,0,user_45,423,,
8210,,84000,0,user_47,423,,
8211,,83000,0,user_48,423,,
8212,,530000,285000,user_48,423,,
8213,,2400000,0,user_49,423,,
8200,0,6300000,0,user_36,423,423,
8231,1,0,0,builder_4,423,423,8177
8177,2,1000000,4320000,user_10,423,423,
8206,3,5200000,0,user_45,423,423,
8170,4,5000000,0,user_2,423,423,
8192,5,5000000,0,user_29,423,423,
8172,6,4500000,0,user_4,423,423,
8199,7,2500000,0,user_35,423,423,
8213,8,2400000,0,user_49,423,423,
8194,9,2000000,0,user_31,423,423,
8190,10,1600000,0,user_26,423,423,
8176,11,1500000,67900,user_10,423,423,
8232,12,0,0,builder_4,423,423,8176
8171,13,1500000,0,user_3,423,423,
8181,14,1500000,0,user_17,423,423,
8191,15,1500000,0,user_27,423,423,
8198,16,1500000,0,user_34,423,423,
8202,17,1500000,0,user_38,423,423,
8178,18,1400000,0,user_12,423,423,
8185,19,1400000,0,user_22,423,423,
8186,20,1100000,0,user_22,423,423,
8188,21,1000000,0,user_23,423,423,
8203,22,1000000,0,user_40,423,423,
8204,23,870000,68100,user_42,423,423,
8233,24,0,0,builder_4,423,423,8204
8212,25,530000,285000,user_48,423,423,
8234,26,0,0,builder_4,423,423,8212
8209,27,650000,0,user_45,423,423,
8197,28,630000,0,user_33,423,423,
8169,29,470000,0,user_0,423,423,
8179,30,470000,0,user_14,423,423,
8201,31,350000,0,user_37,423,423,
8196,32,300000,0,user_32,423,423,
8235,33,0,0,builder_4,423,423,8175
8175,34,220000,49100,user_8,423,423,
8189,35,240000,0,user_24,423,423,
8205,36,170000,0,user_43,423,423,
8208,37,170000,0,user_45,423,423,
8182,38,150000,0,user_18,423,423,
8184,39,150000,0,user_21,423,423,
8187,40,150000,0,user_22,423,423,
8195,41,130000,0,user_31,423,423,
8207,42,110000,0,user_45,423,423,
8173,43,98000,0,user_6,423,423,
8183,44,83000,0,user_20,423,423,
8211,45,83000,0,user_48,423,423,
8193,46,79000,0,user_30,423,423,
8252,,82000,35600,user_0,424,,
8253,,150000,67900,user_0,424,,
8254,,170000,0,user_2,424,,
8255,,470000,0,user_3,424,,
8256,,260000,108000,user_4,424,,
8257,,150000,0,user_4,424,,
8258,,1000000,0,user_6,424,,
8259,,77000,0,user_6,424,,
8260,,30000000,0,user_8,424,,
8261,,120000,0,user_9,424,,
8262,,1800000,0,user_11,424,,
8263,,100000,0,user_11,424,,
8264,,110000,0,user_13,424,,
8265,,87000,23500,user_13,424,,
8266,,5200000,0,user_15,424,,
8267,,1800000,0,user_16,424,,
8268,,130000,0,user_18,424,,
8269,,1300000,0,user_18,424,,
8270,,220000,0,user_19,424,,
8271,,1600000,256000,user_20,424,,
8272,,220000,0,user_22,424,,
8273,,530000,410000,user_23,424,,
8274,,77000,0,user_23,424,,
8275,,2500000,0,user_24,424,,
8276,,1500000,12800,user_26,424,,
8277,,5200000,0,user_26,424,,
8278,,120000,0,user_26,424,,
8279,,1000000,0,user_26,424,,
8280,,1400000,33300,user_26,424,,
8281,,240000,0,user_27,424,,
8282,,470000,19700,user_27,424,,
8283,,19000000,0,user_27,424,,
8284,,2600000,0,user_27,424,,
8285,,340000,19700,user_27,424,,
8286,,3200000,0,user_28,424,,
8287,,1500000,0,user_29,424,,
8288,,190000,32900,user_29,424,,
8289,,2400000,0,user_29,424,,
8290,,310000,0,user_29,424,,
8291,,5200000,0,user_30,424,,
8292,,120000,0,user_31,424,,
8293,,82000,0,user_33,424,,
8294,,260000,0,user_35,424,,
8295,,2100000,0,user_35,424,,
8296,,220000,0,user_37,424,,
8297,,150000,0,user_38,424,,
8298,,160000,5630,user_38,424,,
8299,,300000,0,user_39,424,,
8300,,1900000,0,user_40,424,,
8301,,2300000,0,user_40,424,,
8302,,530000,0,user_41,424,,
8303,,87000,0,user_42,424,,
8304,,1400000,4320000,user_43,424,,
8305,,2100000,285000,user_44,424,,
8306,,5000000,0,user_47,424,,
8307,,110000,0,user_47,424,,
8308,,310000,0,user_49,424,,
8260,0,30000000,0,user_8,424,424,
8283,1,19000000,0,user_27,424,424,
8266,2,5200000,0,user_15,424,424,
8277,3,5200000,0,user_26,424,424,
8291,4,5200000,0,user_30,424,424,
8306,5,5000000,0,user_47,424,424,
8286,6,3200000,0,user_28,424,424,
8284,7,2600000,0,user_27,424,424,
8275,8,2500000,0,user_24,424,424,
8289,9,2400000,0,user_29,424,424,
8301,10,2300000,0,user_40,424,424,
8305,11,2100000,285000,user_44,424,424,
8300,12,1900000,0,user_40,424,424,
8267,13,1800000,0,user_16,424,424,
8271,14,1600000,256000,user_20,424,424,
8276,15,1500000,12800,user_26,424,424,
8287,16,1500000,0,user_29,424,424,
8280,17,1400000,33300,user_26,424,424,
8304,18,1400000,4320000,user_43,424,424,
8269,19,1300000,0,user_18,424,424,
8258,20,1000000,0,user_6,424,424,
8279,21,1000000,0,user_26,424,424,
8273,22,530000,410000,user_23,424,424,
8302,23,530000,0,user_41,424,424,
8282,24,470000,19700,user_27,424,424,
8285,25,340000,19700,user_27,424,424,
8290,26,310000,0,user_29,424,424,
8299,27,300000,0,user_39,424,424,
8256,28,260000,108000,user_4,424,424,
8281,29,240000,0,user_27,424,424,
8270,30,220000,0,user_19,424,424,
8272,31,220000,0,user_22,424,424,
8288,32,190000,32900,user_29,424,424,
8254,33,170000,0,user_2,424,424,
8298,34,160000,5630,user_38,424,424,
8253,35,150000,67900,user_0,424,424,
8257,36,150000,0,user_4,424,424,
8297,37,150000,0,user_38,424,424,
8268,38,130000,0,user_18,424,424,
8261,39,120000,0,user_9,424,424,
8278,40,120000,0,user_26,424,424,
8292,41,120000,0,user_31,424,424,
8264,42,110000,0,user_13,424,424,
8307,43,110000,0,user_47,424,424,
8265,44,87000,23500,user_13,424,424,
8303,45,87000,0,user_42,424,424,
8252,46,82000,35600,user_0,424,424,
8259,47,77000,0,user_6,424,424,
8274,48,77000,0,user_23,424,424,
8407,,98000,0,user_0,425,,
8408,,150000,0,user_1,425,,
8409,,83000,15300,user_1,425,,
8410,,4500000,0,user_1,425,,
8411,,3600000,0,user_5,425,,
8412,,160000,32900,user_6,425,,
8413,,970000,0,user_7,425,,
8414,,460000,100000,user_8,425,,
8415,,19000000,0,user_9,425,,
8416,,80000,0,user_10,425,,
8417,,1100000,0,user_11,425,,
8418,,6100000,0,user_14,425,,
8419,,4200000,0,user_14,425,,
8420,,87000,769000,user_17,425,,
8421,,340000,0,user_20,425,,
8422,,120000,0,user_21,425,,
8423,,83000,0,user_22,425,,
8424,,670000,0,user_23,425,,
8425,,600000,0,user_23,425,,
8426,,630000,0,user_24,425,,
8427,,150000,0,user_25,425,,
8428,,30000000,39400,user_26,425,,
8429,,70000,0,user_28,425,,
8430,,4500000,0,user_30,425,,
8431,,2000000,0,user_31,425,,
8432,,1100000,0,user_31,425,,
8433,,170000,0,user_31,425,,
8434,,1100000,11200,user_32,425,,
8435,,310000,46500,user_33,425,,
8436,,5000000,49100,user_35,425,,
8437,,660000,215000,user_36,425,,
8438,,1500000,0,user_36,425,,
8439,,87000,108000,user_37,425,,
8440,,3500000,0,user_37,425,,
8441,,370000,0,user_38,425,,
8442,,1200000,231000,user_40,425,,
8443,,98000,0,user_41,425,,
8444,,3500000,0,user_41,425,,
8445,,1000000,0,user_41,425,,
8446,,460000,0,user_41,425,,
8447,,1500000,0,user_41,425,,
8448,,82000,0,user_42,425,,
8449,,30000000,0,user_44,425,,
8450,,660000,0,user_45,425,,
8451,,120000,0,user_47,425,,
8452,,1600000,0,user_47,425,,
8453,,460000,35600,user_48,425,,
8428,0,30000000,39400,user_26,425,425,
8449,1,30000000,0,user_44,425,425,
8415,2,19000000,0,user_9,425,425,
8418,3,6100000,0,user_14,425,425,
8436,4,5000000,49100,user_35,425,425,
8410,5,4500000,0,user_1,425,425,
8430,6,4500000,0,user_30,425,425,
8419,7,4200000,0,user_14,425,425,
8411,8,3600000,0,user_5,425,425,
8444,9,3500000,0,user_41,425,425,
8431,10,2000000,0,user_31,425,425,
8452,11,1600000,0,user_47,425,425,
8438,12,1500000,0,user_36,425,425,
8447,13,1500000,0,user_41,425,425,
8442,14,1200000,231000,user_40,425,425,
8417,15,1100000,0,user_11,425,425,
8432,16,1100000,0,user_31,425,425,
8434,17,1100000,11200,user_32,425,425,
8445,18,1000000,0,user_41,425,425,
8413,19,970000,0,user_7,425,425,
8424,20,670000,0,user_23,425,425,
8437,21,660000,215000,user_36,425,425,
8426,22,630000,0,user_24,425,425,
8425,23,600000,0,user_23,425,425,
8414,24,460000,100000,user_8,425,425,
8446,25,460000,0,user_41,425,425,
8453,26,460000,35600,user_48,425,425,
8441,27,370000,0,user_38,425,425,
8421,28,340000,0,user_20,425,425,
8435,29,310000,46500,user_33,425,425,
8433,30,170000,0,user_31,425,425,
8412,31,160000,32900,user_6,425,425,
8408,32,150000,0,user_1,425,425,
8422,33,120000,0,user_21,425,425,
8451,34,120000,0,user_47,425,425,
8443,35,98000,0,user_41,425,425,
8409,36,83000,15300,user_1,425,425,
8423,37,83000,0,user_22,425,425,
8448,38,82000,0,user_42,425,425,
8416,39,80000,0,user_10,425,425,
8429,40,70000,0,user_28,425,425,
8540,,82000,0,user_0,426,,
8541,,1600000,33100,user_0,426,,
8542,,120000,13800,user_0,426,,
8543,,2600000,0,user_2,426,,
8544,,2000000,0,user_4,426,,
8545,,150000,0,user_5,426,,
8546,,340000,0,user_6,426,,
8547,,30000000,10700,user_8,426,,
8548,,170000,21800,user_9,426,,
8549,,910000,0,user_9,426,,
8550,,660000,0,user_10,426,,
8551,,3600000,0,user_11,426,,
8552,,2000000,0,user_13,426,,
8553,,4200000,0,user_15,426,,
8554,,120000,0,user_16,426,,
8555,,1600000,35100,user_17,426,,
8556,,6300000,0,user_18,426,,
8557,,83000,0,user_18,426,,
8558,,6100000,7190000,user_20,426,,
8559,,1400000,0,user_20,426,,
8560,,160000,0,user_21,426,,
8561,,120000,0,user_22,426,,
8562,,260000,0,user_23,426,,
8563,,3500000,0,user_24,426,,
8564,,1300000,121000,user_24,426,,
8565,,360000,12300,user_25,426,,
8566,,120000,100000,user_25,426,,
8567,,120000,0,user_26,426,,
8568,,3200000,0,user_28,426,,
8569,,160000,16400,user_28,426,,
8570,,43000000,0,user_30,426,,
8571,,160000,0,user_30,426,,
8572,,150000,381000,user_31,426,,
8573,,110000,0,user_32,426,,
8574,,85000,108000,user_33,426,,
8575,,4500000,0,user_33,426,,
8576,,1900000,0,user_33,426,,
8577,,82000,0,user_34,426,,
8578,,80000,0,user_35,426,,
8579,,1000000,0,user_36,426,,
8580,,84000,0,user_37,426,,
8581,,120000,0,user_37,426,,
8582,,220000,0,user_37,426,,
8583,,320000,0,user_37,426,,
8584,,260000,100000,user_37,426,,
8585,,110000,0,user_39,426,,
8586,,160000,0,user_39,426,,
8587,,1300000,0,user_39,426,,
8588,,910000,0,user_40,426,,
8589,,120000,0,user_41,426,,
8590,,110000,0,user_43,426,,
8591,,77000,0,user_44,426,,
8592,,870000,43600,user_45,426,,
8593,,360000,0,user_47,426,,
8594,,130000,0,user_49,426,,
8570,0,43000000,0,user_30,426,426,
8547,1,30000000,10700,user_8,426,426,
8556,2,6300000,0,user_18,426,426,
8558,3,6100000,7190000,user_20,426,426,
8575,4,4500000,0,user_33,426,426,
8553,5,4200000,0,user_15,426,426,
8551,6,3600000,0,user_11,426,426,
8563,7,3500000,0,user_24,426,426,
8568,8,3200000,0,user_28,426,426,
8543,9,2600000,0,user_2,426,426,
8544,10,2000000,0,user_4,426,426,
8552,11,2000000,0,user_13,426,426,
8576,12,1900000,0,user_33,426,426,
8541,13,1600000,33100,user_0,426,426,
8555,14,1600000,35100,user_17,426,426,
8559,15,1400000,0,user_20,426,426,
8564,16,1300000,121000,user_24,426,426,
8587,17,1300000,0,user_39,426,426,
8588,18,910000,0,user_40,426,426,
8592,19,870000,43600,user_45,426,426,
8565,20,360000,12300,user_25,426,426,
8593,21,360000,0,user_47,426,426,
8546,22,340000,0,user_6,426,426,
8583,23,320000,0,user_37,426,426,
8562,24,260000,0,user_23,426,426,
8584,25,260000,100000,user_37,426,426,
8582,26,220000,0,user_37,426,426,
8560,27,160000,0,user_21,426,426,
8569,28,160000,16400,user_28,426,426,
8571,29,160000,0,user_30,426,426,
8586,30,160000,0,user_39,426,426,
8572,31,150000,381000,user_31,426,426,
8594,32,130000,0,user_49,426,426,
8542,33,120000,13800,user_0,426,426,
8554,34,120000,0,user_16,426,426,
8561,35,120000,0,user_22,426,426,
8566,36,120000,100000,user_25,426,426,
8567,37,120000,0,user_26,426,426,
8581,38,120000,0,user_37,426,426,
8589,39,120000,0,user_41,426,426,
8573,40,110000,0,user_32,426,426,
8585,41,110000,0,user_39,426,426,
8590,42,110000,0,user_43,426,426,
8574,43,85000,108000,user_33,426,426,
8580,44,84000,0,user_37,426,426,
8557,45,83000,0,user_18,426,426,
8540,46,82000,0,user_0,426,426,
8577,47,82000,0,user_34,426,426,
8578,48,80000,0,user_35,426,426,
8591,49,77000,0,user_44,426,426,
8698,,160000,0,user_1,427,,
8699,,300000,12300,user_2,427,,
8700,,340000,0,user_3,427,,
8701,,150000,0,user_3,427,,
8702,,1800000,0,user_4,427,,
8703,,1000000,0,user_4,427,,
8704,,260000,0,user_6,427,,
8705,,420000,0,user_8,427,,
8706,,630000,0,user_9,427,,
8707,,100000,0,user_11,427,,
8708,,43000000,0,user_12,427,,
8709,,910000,0,user_13,427,,
8710,,120000,0,user_13,427,,
8711,,1100000,0,user_14,427,,
8712,,660000,0,user_15,427,,
8713,,110000,0,user_15,427,,
8714,,2400000,0,user_15,427,,
8715,,1600000,0,user_15,427,,
8716,,420000,5640,user_15,427,,
8717,,150000,0,user_18,427,,
8718,,1100000,0,user_18,427,,
8719,,170000,0,user_18,427,,
8720,,2100000,0,user_18,427,,
8721,,670000,36800,user_18,427,,
8722,,6300000,231000,user_19,427,,
8723,,420000,0,user_19,427,,
8724,,1300000,0,user_21,427,,
8725,,2300000,0,user_22,427,,
8726,,150000,0,user_23,427,,
8727,,260000,0,user_25,427,,
8728,,910000,0,user_26,427,,
8729,,4500000,0,user_28,427,,
8730,,660000,0,user_28,427,,
8731,,1000000,0,user_29,427,,
8732,,2600000,0,user_30,427,,
8733,,110000,0,user_30,427,,
8734,,3600000,0,user_31,427,,
8735,,6300000,12800,user_31,427,,
8736,,87000,146000,user_33,427,,
8737,,30000000,12300,user_34,427,,
8738,,1000000,0,user_36,427,,
8739,,220000,0,user_36,427,,
8740,,110000,0,user_36,427,,
8741,,1500000,0,user_36,427,,
8742,,19000000,369000,user_36,427,,
8743,,170000,73100,user_37,427,,
8744,,670000,0,user_38,427,,
8745,,170000,12300,user_39,427,,
8746,,82000,0,user_40,427,,
8747,,1000000,0,user_41,427,,
8748,,130000,67500,user_42,427,,
8749,,150000,0,user_43,427,,
8750,,120000,0,user_44,427,,
8751,,420000,0,user_45,427,,
8752,,1800000,24700,user_46,427,,
8753,,100000,0,user_48,427,,
8754,,1600000,0,user_49,427,,
8708,0,43000000,0,user_12,427,427,
8737,1,30000000,12300,user_34,427,427,
8785,2,0,0,builder_3,427,427,8737
8786,3,0,0,builder_3,427,427,8742
8742,4,19000000,369000,user_36,427,427,
8787,5,0,0,builder_3,427,427,8722
8722,6,6300000,231000,user_19,427,427,
8788,7,0,0,builder_3,427,427,8735
8735,8,6300000,12800,user_31,427,427,
8729,9,4500000,0,user_28,427,427,
8734,10,3600000,0,user_31,427,427,
8732,11,2600000,0,user_30,427,427,
8714,12,2400000,0,user_15,427,427,
8725,13,2300000,0,user_22,427,427,
8720,14,2100000,0,user_18,427,427,
8789,15,0,0,builder_3,427,427,8752
8752,16,1800000,24700,user_46,427,427,
8702,17,1800000,0,user_4,427,427,
8715,18,1600000,0,user_15,427,427,
8754,19,1600000,0,user_49,427,427,
8741,20,1500000,0,user_36,427,427,
8724,21,1300000,0,user_21,427,427,
8711,22,1100000,0,user_14,427,427,
8718,23,1100000,0,user_18,427,427,
8703,24,1000000,0,user_4,427,427,
8731,25,1000000,0,user_29,427,427,
8738,26,1000000,0,user_36,427,427,
8747,27,1000000,0,user_41,427,427,
8709,28,910000,0,user_13,427,427,
8728,29,910000,0,user_26,427,427,
8790,30,0,0,builder_3,427,427,8721
8721,31,670000,36800,user_18,427,427,
8744,32,670000,0,user_38,427,427,
8712,33,660000,0,user_15,427,427,
8730,34,660000,0,user_28,427,427,
8791,35,0,0,builder_3,427,427,8716
8716,36,420000,5640,user_15,427,427,
8723,37,420000,0,user_19,427,427,
8751,38,420000,0,user_45,427,427,
8700,39,340000,0,user_3,427,427,
8792,40,0,0,builder_3,427,427,8699
8699,41,300000,12300,user_2,427,427,
8793,42,0,0,builder_3,427,427,8743
8743,43,170000,73100,user_37,427,427,
8736,44,87000,146000,user_33,427,427,
8794,45,0,0,builder_3,427,427,8736
8739,46,220000,0,user_36,427,427,
8795,47,0,0,builder_3,427,427,8748
8748,48,130000,67500,user_42,427,427,
8745,49,170000,12300,user_39,427,427,
8796,50,0,0,builder_3,427,427,8745
8719,51,170000,0,user_18,427,427,
8701,52,150000,0,user_3,427,427,
8717,53,150000,0,user_18,427,427,
8726,54,150000,0,user_23,427,427,
8749,55,150000,0,user_43,427,427,
8710,56,120000,0,user_13,427,427,
8750,57,120000,0,user_44,427,427,
8713,58,110000,0,user_15,427,427,
8733,59,110000,0,user_30,427,427,
8740,60,110000,0,user_36,427,427,
8707,61,100000,0,user_11,427,427,
8753,62,100000,0,user_48,427,427,
8746,63,82000,0,user_40,427,427,
8842,,110000,13900,user_0,428,,
8843,,30000000,0,user_0,428,,
8844,,910000,0,user_0,428,,
8845,,1500000,0,user_2,428,,
8846,,98000,381000,user_3,428,,
8847,,83000,0,user_3,428,,
8848,,27000000,779000,user_3,428,,
8849,,650000,0,user_3,428,,
8850,,420000,0,user_4,428,,
8851,,5000000,17700000,user_5,428,,
8852,,660000,0,user_8,428,,
8853,,82000,0,user_9,428,,
8854,,1300000,5180,user_9,428,,
8855,,340000,0,user_11,428,,
8856,,4200000,0,user_12,428,,
8857,,170000,0,user_12,428,,
8858,,3200000,0,user_13,428,,
8859,,1100000,0,user_13,428,,
8860,,27000000,0,user_14,428,,
8861,,170000,0,user_14,428,,
8862,,100000,0,user_16,428,,
8863,,600000,0,user_17,428,,
8864,,4200000,0,user_18,428,,
8865,,1400000,0,user_19,428,,
8866,,5000000,0,user_19,428,,
8867,,1800000,0,user_19,428,,
8868,,460000,0,user_19,428,,
8869,,2600000,0,user_20,428,,
8870,,1700000,594000,user_21,428,,
8871,,3500000,0,user_21,428,,
8872,,310000,296000,user_22,428,,
8873,,30000000,0,user_22,428,,
8874,,190000,0,user_25,428,,
8875,,650000,10700,user_27,428,,
8876,,110000,0,user_28,428,,
8877,,220000,0,user_29,428,,
8878,,1400000,0,user_29,428,,
8879,,3600000,0,user_29,428,,
8880,,120000,42000,user_32,428,,
8881,,2600000,0,user_32,428,,
8882,,5000000,0,user_33,428,,
8883,,2600000,0,user_34,428,,
8884,,77000,0,user_35,428,,
8885,,19000000,0,user_35,428,,
8886,,27000000,0,user_36,428,,
8887,,630000,0,user_37,428,,
8888,,110000,0,user_40,428,,
8889,,600000,0,user_41,428,,
8890,,1500000,0,user_43,428,,
8891,,1400000,0,user_44,428,,
8892,,340000,0,user_44,428,,
8893,,340000,0,user_46,428,,
8894,,3500000,84800,user_46,428,,
8895,,220000,0,user_48,428,,
8896,,2300000,13900,user_48,428,,
8843,0,30000000,0,user_0,428,428,
8873,1,30000000,0,user_22,428,428,
8924,2,0,0,builder_3,428,428,8848
8848,3,27000000,779000,user_3,428,428,
8860,4,27000000,0,user_14,428,428,
8886,5,27000000,0,user_36,428,428,
8851,6,5000000,17700000,user_5,428,428,
8925,7,0,0,builder_3,428,428,8851
8885,8,19000000,0,user_35,428,428,
8866,9,5000000,0,user_19,428,428,
8882,10,5000000,0,user_33,428,428,
8856,11,4200000,0,user_12,428,428,
8864,12,4200000,0,user_18,428,428,
8879,13,3600000,0,user_29,428,428,
8926,14,0,0,builder_3,428,428,8894
8894,15,3500000,84800,user_46,428,428,
8871,16,3500000,0,user_21,428,428,
8858,17,3200000,0,user_13,428,428,
8869,18,2600000,0,user_20,428,428,
8881,19,2600000,0,user_32,428,428,
8883,20,2600000,0,user_34,428,428,
8896,21,2300000,13900,user_48,428,428,
8927,22,0,0,builder_3,428,428,8896
8928,23,0,0,builder_3,428,428,8870
8870,24,1700000,594000,user_21,428,428,
8867,25,1800000,0,user_19,428,428,
8845,26,1500000,0,user_2,428,428,
8890,27,1500000,0,user_43,428,428,
8865,28,1400000,0,user_19,428,428,
8878,29,1400000,0,user_29,428,428,
8891,30,1400000,0,user_44,428,428,
8859,31,1100000,0,user_13,428,428,
8844,32,910000,0,user_0,428,428,
8849,33,650000,0,user_3,428,428,
8887,34,630000,0,user_37,428,428,
8929,35,0,0,builder_3,428,428,8872
8872,36,310000,296000,user_22,428,428,
8863,37,600000,0,user_17,428,428,
8889,38,600000,0,user_41,428,428,
8930,39,0,0,builder_3,428,428,8846
8846,40,98000,381000,user_3,428,428,
8868,41,460000,0,user_19,428,428,
8850,42,420000,0,user_4,428,428,
8855,43,340000,0,user_11,428,428,
8892,44,340000,0,user_44,428,428,
8893,45,340000,0,user_46,428,428,
8877,46,220000,0,user_29,428,428,
8895,47,220000,0,user_48,428,428,
8857,48,170000,0,user_12,428,428,
8861,49,170000,0,user_14,428,428,
8880,50,120000,42000,user_32,428,428,
8931,51,0,0,builder_3,428,428,8880
8842,52,110000,13900,user_0,428,428,
8932,53,0,0,builder_3,428,428,8842
8876,54,110000,0,user_28,428,428,
8888,55,110000,0,user_40,428,428,
8847,56,83000,0,user_3,428,428,
8884,57,77000,0,user_35,428,428,
8977,,110000,0,user_1,429,,
8978,,120000,0,user_1,429,,
8979,,310000,18600,user_1,429,,
8980,,1000000,56200,user_1,429,,
8981,,1500000,0,user_1,429,,
8982,,82000,0,user_2,429,,
8983,,320000,0,user_3,429,,
8984,,670000,0,user_4,429,,
8985,,6100000,381000,user_7,429,,
8986,,2500000,0,user_7,429,,
8987,,3600000,0,user_7,429,,
8988,,1400000,24700,user_9,429,,
8989,,150000,0,user_9,429,,
8990,,2000000,0,user_10,429,,
8991,,350000,0,user_10,429,,
8992,,77000,0,user_10,429,,
8993,,2600000,283000,user_10,429,,
8994,,320000,0,user_10,429,,
8995,,3600000,12300,user_12,429,,
8996,,6100000,0,user_13,429,,
8997,,2400000,0,user_14,429,,
8998,,5200000,0,user_15,429,,
8999,,27000000,0,user_16,429,,
9000,,6100000,0,user_17,429,,
9001,,79000,67900,user_18,429,,
9002,,340000,0,user_19,429,,
9003,,1600000,0,user_20,429,,
9004,,650000,0,user_21,429,,
9005,,1900000,0,user_23,429,,
9006,,2000000,0,user_24,429,,
9007,,30000000,0,user_24,429,,
9008,,2000000,0,user_24,429,,
9009,,2600000,0,user_25,429,,
9010,,310000,0,user_25,429,,
9011,,19000000,0,user_25,429,,
9012,,870000,0,user_26,429,,
9013,,300000,0,user_28,429,,
9014,,300000,0,user_31,429,,
9015,,130000,0,user_31,429,,
9016,,19000000,0,user_31,429,,
9017,,1400000,0,user_31,429,,
9018,,84000,0,user_34,429,,
9019,,350000,0,user_34,429,,
9020,,1800000,594000,user_35,429,,
9021,,630000,0,user_35,429,,
9022,,240000,0,user_36,429,,
9023,,870000,0,user_36,429,,
9024,,1100000,0,user_37,429,,
9025,,630000,0,user_38,429,,
9026,,160000,0,user_38,429,,
9027,,240000,15300,user_39,429,,
9028,,170000,0,user_41,429,,
9029,,300000,0,user_41,429,,
9030,,100000,0,user_41,429,,
9031,,1900000,0,user_41,429,,
9032,,1600000,0,user_41,429,,
9033,,660000,67500,user_42,429,,
9034,,77000,0,user_43,429,,
9035,,310000,0,user_44,429,,
9036,,300000,410000,user_44,429,,
9037,,420000,0,user_45,429,,
9038,,110000,0,user_45,429,,
9039,,220000,0,user_47,429,,
9040,,83000,0,user_47,429,,
9041,,150000,0,user_49,429,,
9007,0,30000000,0,user_24,429,429,
8999,1,27000000,0,user_16,429,429,
9011,2,19000000,0,user_25,429,429,
9016,3,19000000,0,user_31,429,429,
8985,4,6100000,381000,user_7,429,429,
8996,5,6100000,0,user_13,429,429,
9000,6,6100000,0,user_17,429,429,
8998,7,5200000,0,user_15,429,429,
8987,8,3600000,0,user_7,429,429,
8995,9,3600000,12300,user_12,429,429,
8993,10,2600000,283000,user_10,429,429,
9009,11,2600000,0,user_25,429,429,
8986,12,2500000,0,user_7,429,429,
8997,13,2400000,0,user_14,429,429,
8990,14,2000000,0,user_10,429,429,
9006,15,2000000,0,user_24,429,429,
9008,16,2000000,0,user_24,429,429,
9005,17,1900000,0,user_23,429,429,
9031,18,1900000,0,user_41,429,429,
9003,19,1600000,0,user_20,429,429,
9032,20,1600000,0,user_41,429,429,
8981,21,1500000,0,user_1,429,429,
8988,22,1400000,24700,user_9,429,429,
9017,23,1400000,0,user_31,429,429,
8980,24,1000000,56200,user_1,429,429,
9012,25,870000,0,user_26,429,429,
8984,26,670000,0,user_4,429,429,
9033,27,660000,67500,user_42,429,429,
9004,28,650000,0,user_21,429,429,
9025,29,630000,0,user_38,429,429,
9037,30,420000,0,user_45,429,429,
8991,31,350000,0,user_10,429,429,
9019,32,350000,0,user_34,429,429,
9002,33,340000,0,user_19,429,429,
8994,34,320000,0,user_10,429,429,
8979,35,310000,18600,user_1,429,429,
9010,36,310000,0,user_25,429,429,
9035,37,310000,0,user_44,429,429,
9013,38,300000,0,user_28,429,429,
9014,39,300000,0,user_31,429,429,
9029,40,300000,0,user_41,429,429,
9036,41,300000,410000,user_44,429,429,
9027,42,240000,15300,user_39,429,429,
9039,43,220000,0,user_47,429,429,
9028,44,170000,0,user_41,429,429,
9026,45,160000,0,user_38,429,429,
8989,46,150000,0,user_9,429,429,
9015,47,130000,0,user_31,429,429,
8978,48,120000,0,user_1,429,429,
8977,49,110000,0,user_1,429,429,
9038,50,110000,0,user_45,429,429,
9030,51,100000,0,user_41,429,429,
9018,52,84000,0,user_34,429,429,
9040,53,83000,0,user_47,429,429,
8982,54,82000,0,user_2,429,429,
9001,55,79000,67900,user_18,429,429,
8992,56,77000,0,user_10,429,429,
9034,57,77000,0,user_43,429,429,
9118,,2600000,64600,user_1,430,,
9119,,420000,36800,user_1,430,,
9120,,1600000,0,user_2,430,,
9121,,600000,0,user_3,430,,
9122,,3500000,0,user_3,430,,
9123,,1600000,0,user_6,430,,
9124,,3200000,0,user_7,430,,
9125,,110000,195000,user_8,430,,
9126,,2000000,0,user_10,430,,
9127,,120000,0,user_10,430,,
9128,,310000,0,user_12,430,,
9129,,150000,0,user_13,430,,
9130,,1600000,545000,user_14,430,,
9131,,190000,0,user_16,430,,
9132,,1800000,0,user_17,430,,
9133,,120000,16400,user_20,430,,
9134,,190000,0,user_20,430,,
9135,,1500000,0,user_23,430,,
9136,,80000,0,user_25,430,,
9137,,470000,0,user_27,430,,
9138,,530000,0,user_28,430,,
9139,,70000,10700,user_28,430,,
9140,,220000,0,user_28,430,,
9141,,340000,0,user_28,430,,
9142,,220000,0,user_29,430,,
9143,,3600000,0,user_30,430,,
9144,,460000,0,user_32,430,,
9145,,77000,0,user_33,430,,
9146,,98000,0,user_35,430,,
9147,,310000,0,user_35,430,,
9148,,150000,0,user_37,430,,
9149,,1600000,0,user_38,430,,
9150,,1500000,0,user_39,430,,
9151,,1600000,0,user_40,430,,
9152,,4200000,0,user_43,430,,
9153,,120000,0,user_44,430,,
9154,,4200000,0,user_44,430,,
9155,,660000,0,user_46,430,,
9156,,1300000,0,user_47,430,,
9157,,6100000,0,user_47,430,,
9158,,98000,0,user_48,430,,
9159,,120000,0,user_49,430,,
9157,0,6100000,0,user_47,430,430,
9152,1,4200000,0,user_43,430,430,
9154,2,4200000,0,user_44,430,430,
9143,3,3600000,0,user_30,430,430,
9122,4,3500000,0,user_3,430,430,
9124,5,3200000,0,user_7,430,430,
9118,6,2600000,64600,user_1,430,430,
9160,7,0,0,builder_0,430,430,9118
9161,8,0,0,builder_0,430,430,9130
9130,9,1600000,545000,user_14,430,430,
9126,10,2000000,0,user_10,430,430,
9132,11,1800000,0,user_17,430,430,
9120,12,1600000,0,user_2,430,430,
9123,13,1600000,0,user_6,430,430,
9149,14,1600000,0,user_38,430,430,
9151,15,1600000,0,user_40,430,430,
9135,16,1500000,0,user_23,430,430,
9156,17,1300000,0,user_47,430,430,
9155,18,660000,0,user_46,430,430,
9121,19,600000,0,user_3,430,430,
9138,20,530000,0,user_28,430,430,
9137,21,470000,0,user_27,430,430,
9144,22,460000,0,user_32,430,430,
9119,23,420000,36800,user_1,430,430,
9162,24,0,0,builder_0,430,430,9119
9141,25,340000,0,user_28,430,430,
9147,26,310000,0,user_35,430,430,
9125,27,110000,195000,user_8,430,430,
9163,28,0,0,builder_0,430,430,9125
9140,29,220000,0,user_28,430,430,
9142,30,220000,0,user_29,430,430,
9131,31,190000,0,user_16,430,430,
9134,32,190000,0,user_20,430,430,
9129,33,150000,0,user_13,430,430,
9148,34,150000,0,user_37,430,430,
9164,35,0,0,builder_0,430,430,9133
9133,36,120000,16400,user_20,430,430,
9127,37,120000,0,user_10,430,430,
9153,38,120000,0,user_44,430,430,
9159,39,120000,0,user_49,430,430,
9146,40,98000,0,user_35,430,430,
9158,41,98000,0,user_48,430,430,
9139,42,70000,10700,user_28,430,430,
9165,43,0,0,builder_0,430,430,9139
9136,44,80000,0,user_25,430,430,
9145,45,77000,0,user_33,430,430,
9201,,130000,0,user_0,431,,
9202,,19000000,0,user_0,431,,
9203,,27000000,256000,user_1,431,,
9204,,3600000,0,user_3,431,,
9205,,470000,0,user_4,431,,
9206,,1300000,4320000,user_5,431,,
9207,,190000,0,user_6,431,,
9208,,220000,0,user_7,431,,
9209,,260000,0,user_8,431,,
9210,,1200000,0,user_9,431,,
9211,,83000,0,user_10,431,,
9212,,5000000,0,user_11,431,,
9213,,420000,0,user_13,431,,
9214,,1400000,0,user_13,431,,
9215,,82000,0,user_15,431,,
9216,,1000000,0,user_15,431,,
9217,,160000,0,user_15,431,,
9218,,420000,0,user_15,431,,
9219,,1100000,84800,user_15,431,,
9220,,4500000,0,user_16,431,,
9221,,1700000,23500,user_18,431,,
9222,,2000000,0,user_20,431,,
9223,,150000,350000,user_21,431,,
9224,,370000,0,user_22,431,,
9225,,460000,0,user_23,431,,
9226,,84000,0,user_25,431,,
9227,,1400000,0,user_25,431,,
9228,,2400000,0,user_25,431,,
9229,,670000,13800,user_25,431,,
9230,,320000,0,user_28,431,,
9231,,420000,0,user_28,431,,
9232,,2300000,0,user_29,431,,
9233,,970000,0,user_30,431,,
9234,,77000,0,user_30,431,,
9235,,220000,0,user_31,431,,
9236,,300000,0,user_31,431,,
9237,,73000,0,user_32,431,,
9238,,460000,0,user_32,431,,
9239,,1500000,0,user_32,431,,
9240,,150000,381000,user_32,431,,
9241,,650000,108000,user_32,431,,
9242,,1000000,0,user_33,431,,
9243,,460000,0,user_35,431,,
9244,,110000,0,user_36,431,,
9245,,1600000,16400,user_37,431,,
9246,,240000,0,user_37,431,,
9247,,870000,0,user_39,431,,
9248,,1100000,0,user_40,431,,
9249,,150000,0,user_40,431,,
9250,,420000,0,user_42,431,,
9251,,160000,0,user_44,431,,
9252,,3500000,5630,user_46,431,,
9203,0,27000000,256000,user_1,431,431,
9202,1,19000000,0,user_0,431,431,
9212,2,5000000,0,user_11,431,431,
9220,3,4500000,0,user_16,431,431,
9204,4,3600000,0,user_3,431,431,
9252,5,3500000,5630,user_46,431,431,
9228,6,2400000,0,user_25,431,431,
9232,7,2300000,0,user_29,431,431,
9222,8,2000000,0,user_20,431,431,
9221,9,1700000,23500,user_18,431,431,
9245,10,1600000,16400,user_37,431,431,
9239,11,1500000,0,user_32,431,431,
9214,12,1400000,0,user_13,431,431,
9227,13,1400000,0,user_25,431,431,
9219,14,1100000,84800,user_15,431,431,
9248,15,1100000,0,user_40,431,431,
9216,16,1000000,0,user_15,431,431,
9242,17,1000000,0,user_33,431,431,
9233,18,970000,0,user_30,431,431,
9247,19,870000,0,user_39,431,431,
9229,20,670000,13800,user_25,431,431,
9241,21,650000,108000,user_32,431,431,
9205,22,470000,0,user_4,431,431,
9225,23,460000,0,user_23,431,431,
9238,24,460000,0,user_32,431,431,
9243,25,460000,0,user_35,431,431,
9213,26,420000,0,user_13,431,431,
9218,27,420000,0,user_15,431,431,
9231,28,420000,0,user_28,431,431,
9250,29,420000,0,user_42,431,431,
9224,30,370000,0,user_22,431,431,
9230,31,320000,0,user_28,431,431,
9236,32,300000,0,user_31,431,431,
9209,33,260000,0,user_8,431,431,
9246,34,240000,0,user_37,431,431,
9208,35,220000,0,user_7,431,431,
9235,36,220000,0,user_31,431,431,
9207,37,190000,0,user_6,431,431,
9217,38,160000,0,user_15,431,431,
9251,39,160000,0,user_44,431,431,
9223,40,150000,350000,user_21,431,431,
9240,41,150000,381000,user_32,431,431,
9249,42,150000,0,user_40,431,431,
9201,43,130000,0,user_0,431,431,
9226,44,84000,0,user_25,431,431,
9215,45,82000,0,user_15,431,431,
9234,46,77000,0,user_30,431,431,
9237,47,73000,0,user_32,431,431,
4961,,1200000,0,user_0,432,,
4962,,2400000,0,user_1,432,,
4963,,650000,7190000,user_2,432,,
4964,,87000,0,user_3,432,,
4965,,670000,0,user_4,432,,
4966,,3200000,0,user_5,432,,
4967,,80000,0,user_5,432,,
4968,,3200000,0,user_6,432,,
4969,,670000,0,user_7,432,,
4970,,470000,0,user_8,432,,
4971,,82000,0,user_9,432,,
4972,,260000,0,user_9,432,,
4973,,420000,0,user_10,432,,
4974,,80000,0,user_12,432,,
4975,,350000,0,user_13,432,,
4976,,1300000,0,user_14,432,,
4977,,220000,0,user_15,432,,
4978,,5000000,64600,user_16,432,,
4979,,670000,0,user_18,432,,
4980,,2000000,0,user_21,432,,
4981,,420000,0,user_21,432,,
4982,,1700000,0,user_22,432,,
4983,,660000,0,user_23,432,,
4984,,3500000,0,user_24,432,,
4985,,160000,0,user_25,432,,
4986,,2500000,0,user_26,432,,
4987,,1500000,0,user_27,432,,
4988,,460000,0,user_29,432,,
4989,,100000,0,user_29,432,,
4990,,1000000,0,user_30,432,,
4991,,120000,0,user_30,432,,
4992,,1000000,0,user_31,432,,
4993,,84000,0,user_32,432,,
4994,,150000,195000,user_34,432,,
4995,,670000,0,user_34,432,,
4996,,670000,0,user_35,432,,
4997,,3500000,0,user_36,432,,
4998,,1500000,0,user_39,432,,
4999,,80000,0,user_40,432,,
5000,,1000000,0,user_41,432,,
5001,,1000000,0,user_42,432,,
5002,,470000,0,user_42,432,,
5003,,1500000,0,user_43,432,,
5004,,73000,11200,user_44,432,,
5005,,310000,0,user_45,432,,
5006,,970000,0,user_46,432,,
5007,,1000000,0,user_48,432,,
5008,,1400000,0,user_49,432,,
5016,0,0,0,builder_2,432,432,4963
4963,1,650000,7190000,user_2,432,432,
4978,2,5000000,64600,user_16,432,432,
5017,3,0,0,builder_2,432,432,4978
4984,4,3500000,0,user_24,432,432,
4997,5,3500000,0,user_36,432,432,
4966,6,3200000,0,user_5,432,432,
4968,7,3200000,0,user_6,432,432,
4986,8,2500000,0,user_26,432,432,
4962,9,2400000,0,user_1,432,432,
4980,10,2000000,0,user_21,432,432,
4982,11,1700000,0,user_22,432,432,
4987,12,1500000,0,user_27,432,432,
4998,13,1500000,0,user_39,432,432,
5003,14,1500000,0,user_43,432,432,
5008,15,1400000,0,user_49,432,432,
4976,16,1300000,0,user_14,432,432,
4961,17,1200000,0,user_0,432,432,
4990,18,1000000,0,user_30,432,432,
4992,19,1000000,0,user_31,432,432,
5000,20,1000000,0,user_41,432,432,
5007,21,1000000,0,user_48,432,432,
5006,22,970000,0,user_46,432,432,
4995,23,670000,0,user_34,432,432,
4983,24,660000,0,user_23,432,432,
4970,25,470000,0,user_8,432,432,
4988,26,460000,0,user_29,432,432,
4973,27,420000,0,user_10,432,432,
4981,28,420000,0,user_21,432,432,
4975,29,350000,0,user_13,432,432,
4994,30,150000,195000,user_34,432,432,
5018,31,0,0,builder_2,432,432,4994
5005,32,310000,0,user_45,432,432,
4972,33,260000,0,user_9,432,432,
4977,34,220000,0,user_15,432,432,
4985,35,160000,0,user_25,432,432,
4991,36,120000,0,user_30,432,432,
4989,37,100000,0,user_29,432,432,
4964,38,87000,0,user_3,432,432,
4971,39,82000,0,user_9,432,432,
4967,40,80000,0,user_5,432,432,
4999,41,80000,0,user_40,432,432,
5037,,120000,779000,user_1,433,,
5038,,3600000,0,user_1,433,,
5039,,220000,0,user_2,433,,
5040,,4500000,0,user_3,433,,
5041,,600000,0,user_4,433,,
5042,,160000,0,user_4,433,,
5043,,1300000,0,user_4,433,,
5044,,310000,0,user_4,433,,
5045,,1300000,0,user_4,433,,
5046,,1300000,0,user_6,433,,
5047,,120000,0,user_7,433,,
5048,,5000000,0,user_7,433,,
5049,,1100000,0,user_7,433,,
5050,,150000,0,user_8,433,,
5051,,300000,0,user_9,433,,
5052,,320000,36800,user_11,433,,
5053,,460000,0,user_11,433,,
5054,,6300000,0,user_11,433,,
5055,,1400000,100000,user_11,433,,
5056,,650000,0,user_11,433,,
5057,,110000,0,user_14,433,,
5058,,260000,215000,user_15,433,,
5059,,110000,5630,user_16,433,,
5060,,160000,0,user_16,433,,
5061,,84000,0,user_16,433,,
5062,,2400000,47700,user_17,433,,
5063,,6100000,0,user_18,433,,
5064,,220000,0,user_18,433,,
5065,,670000,256000,user_18,433,,
5066,,630000,0,user_18,433,,
5067,,70000,0,user_19,433,,
5068,,2000000,0,user_20,433,,
5069,,1100000,0,user_22,433,,
5070,,120000,164000,user_23,433,,
5071,,170000,215000,user_25,433,,
5072,,110000,0,user_26,433,,
5073,,2600000,0,user_28,433,,
5074,,3600000,0,user_29,433,,
5075,,6100000,49100,user_31,433,,
5076,,870000,0,user_31,433,,
5077,,120000,0,user_33,433,,
5078,,260000,0,user_37,433,,
5079,,220000,0,user_37,433,,
5080,,70000,296000,user_38,433,,
5081,,110000,0,user_38,433,,
5082,,4200000,410000,user_39,433,,
5083,,360000,0,user_39,433,,
5084,,120000,56200,user_39,433,,
5085,,220000,0,user_39,433,,
5086,,360000,0,user_41,433,,
5087,,100000,0,user_42,433,,
5088,,77000,0,user_43,433,,
5089,,150000,0,user_44,433,,
5090,,77000,0,user_45,433,,
5091,,2300000,49100,user_46,433,,
5092,,19000000,68100,user_46,433,,
5093,,470000,0,user_48,433,,
5092,0,19000000,68100,user_46,433,433,
5054,1,6300000,0,user_11,433,433,
5063,2,6100000,0,user_18,433,433,
5075,3,6100000,49100,user_31,433,433,
5048,4,5000000,0,user_7,433,433,
5040,5,4500000,0,user_3,433,433,
5082,6,4200000,410000,user_39,433,433,
5038,7,3600000,0,user_1,433,433,
5074,8,3600000,0,user_29,433,433,
5073,9,2600000,0,user_28,433,433,
5062,10,2400000,47700,user_17,433,433,
5091,11,2300000,49100,user_46,433,433,
5068,12,2000000,0,user_20,433,433,
5055,13,1400000,100000,user_11,433,433,
5043,14,1300000,0,user_4,433,433,
5045,15,1300000,0,user_4,433,433,
5046,16,1300000,0,user_6,433,433,
5049,17,1100000,0,user_7,433,433,
5069,18,1100000,0,user_22,433,433,
5076,19,870000,0,user_31,433,433,
5065,20,670000,256000,user_18,433,433,
5056,21,650000,0,user_11,433,433,
5066,22,630000,0,user_18,433,433,
5041,23,600000,0,user_4,433,433,
5053,24,460000,0,user_11,433,433,
5083,25,360000,0,user_39,433,433,
5086,26,360000,0,user_41,433,433,
5052,27,320000,36800,user_11,433,433,
5044,28,310000,0,user_4,433,433,
5058,29,260000,215000,user_15,433,433,
5078,30,260000,0,user_37,433,433,
5039,31,220000,0,user_2,433,433,
5064,32,220000,0,user_18,433,433,
5079,33,220000,0,user_37,433,433,
5085,34,220000,0,user_39,433,433,
5071,35,170000,215000,user_25,433,433,
5042,36,160000,0,user_4,433,433,
5060,37,160000,0,user_16,433,433,
5050,38,150000,0,user_8,433,433,
5089,39,150000,0,user_44,433,433,
5037,40,120000,779000,user_1,433,433,
5047,41,120000,0,user_7,433,433,
5070,42,120000,164000,user_23,433,433,
5077,43,120000,0,user_33,433,433,
5084,44,120000,56200,user_39,433,433,
5057,45,110000,0,user_14,433,433,
5059,46,110000,5630,user_16,433,433,
5072,47,110000,0,user_26,433,433,
5087,48,100000,0,user_42,433,433,
5061,49,84000,0,user_16,433,433,
5088,50,77000,0,user_43,433,433,
5090,51,77000,0,user_45,433,433,
5067,52,70000,0,user_19,433,433,
5198,,1000000,0,user_0,434,,
5199,,120000,21800,user_1,434,,
5200,,1400000,1100000,user_2,434,,
5201,,1300000,181000,user_3,434,,
5202,,1000000,0,user_3,434,,
5203,,260000,0,user_4,434,,
5204,,79000,0,user_4,434,,
5205,,2000000,0,user_6,434,,
5206,,5200000,0,user_7,434,,
5207,,120000,146000,user_7,434,,
5208,,1400000,0,user_8,434,,
5209,,5000000,0,user_10,434,,
5210,,310000,0,user_10,434,,
5211,,530000,0,user_11,434,,
5212,,110000,128000,user_12,434,,
5213,,2100000,0,user_13,434,,
5214,,160000,0,user_15,434,,
5215,,1500000,0,user_16,434,,
5216,,370000,0,user_17,434,,
5217,,160000,0,user_18,434,,
5218,,150000,0,user_18,434,,
5219,,120000,0,user_18,434,,
5220,,110000,0,user_18,434,,
5221,,70000,0,user_18,434,,
5222,,420000,0,user_19,434,,
5223,,350000,0,user_23,434,,
5224,,1100000,0,user_23,434,,
5225,,530000,0,user_24,434,,
5226,,1600000,0,user_25,434,,
5227,,1100000,0,user_26,434,,
5228,,420000,0,user_26,434,,
5229,,1900000,0,user_26,434,,
5230,,470000,0,user_26,434,,
5231,,2000000,0,user_27,434,,
5232,,160000,35600,user_28,434,,
5233,,370000,36800,user_30,434,,
5234,,420000,0,user_33,434,,
5235,,530000,0,user_35,434,,
5236,,2600000,0,user_36,434,,
5237,,220000,0,user_37,434,,
5238,,670000,296000,user_37,434,,
5239,,30000000,0,user_37,434,,
5240,,220000,0,user_37,434,,
5241,,110000,0,user_38,434,,
5242,,1200000,161000,user_39,434,,
5243,,110000,0,user_40,434,,
5244,,1000000,0,user_42,434,,
5245,,1500000,0,user_44,434,,
5246,,2400000,0,user_45,434,,
5247,,70000,0,user_46,434,,
5248,,98000,0,user_49,434,,
5239,0,30000000,0,user_37,434,434,
5206,1,5200000,0,user_7,434,434,
5209,2,5000000,0,user_10,434,434,
5236,3,2600000,0,user_36,434,434,
5246,4,2400000,0,user_45,434,434,
5213,5,2100000,0,user_13,434,434,
5205,6,2000000,0,user_6,434,434,
5231,7,2000000,0,user_27,434,434,
5229,8,1900000,0,user_26,434,434,
5226,9,1600000,0,user_25,434,434,
5215,10,1500000,0,user_16,434,434,
5245,11,1500000,0,user_44,434,434,
5200,12,1400000,1100000,user_2,434,434,
5208,13,1400000,0,user_8,434,434,
5201,14,1300000,181000,user_3,434,434,
5242,15,1200000,161000,user_39,434,434,
5224,16,1100000,0,user_23,434,434,
5227,17,1100000,0,user_26,434,434,
5198,18,1000000,0,user_0,434,434,
5202,19,1000000,0,user_3,434,434,
5244,20,1000000,0,user_42,434,434,
5238,21,670000,296000,user_37,434,434,
5211,22,530000,0,user_11,434,434,
5235,23,530000,0,user_35,434,434,
5230,24,470000,0,user_26,434,434,
5228,25,420000,0,user_26,434,434,
5234,26,420000,0,user_33,434,434,
5216,27,370000,0,user_17,434,434,
5233,28,370000,36800,user_30,434,434,
5223,29,350000,0,user_23,434,434,
5210,30,310000,0,user_10,434,434,
5203,31,260000,0,user_4,434,434,
5237,32,220000,0,user_37,434,434,
5240,33,220000,0,user_37,434,434,
5214,34,160000,0,user_15,434,434,
5217,35,160000,0,user_18,434,434,
5218,36,150000,0,user_18,434,434,
5199,37,120000,21800,user_1,434,434,
5207,38,120000,146000,user_7,434,434,
5219,39,120000,0,user_18,434,434,
5212,40,110000,128000,user_12,434,434,
5220,41,110000,0,user_18,434,434,
5243,42,110000,0,user_40,434,434,
5248,43,98000,0,user_49,434,434,
5204,44,79000,0,user_4,434,434,
5221,45,70000,0,user_18,434,434,
5247,46,70000,0,user_46,434,434,
5313,,5000000,0,user_1,435,,
5314,,370000,0,user_1,435,,
5315,,85000,0,user_4,435,,
5316,,1500000,18600,user_5,435,,
5317,,19000000,181000,user_6,435,,
5318,,19000000,0,user_7,435,,
5319,,630000,16400,user_8,435,,
5320,,73000,0,user_9,435,,
5321,,43000000,0,user_12,435,,
5322,,100000,0,user_18,435,,
5323,,120000,0,user_18,435,,
5324,,970000,0,user_19,435,,
5325,,5000000,0,user_21,435,,
5326,,310000,0,user_22,435,,
5327,,110000,14200,user_23,435,,
5328,,2000000,0,user_24,435,,
5329,,120000,0,user_25,435,,
5330,,120000,0,user_25,435,,
5331,,970000,0,user_25,435,,
5332,,310000,0,user_25,435,,
5333,,420000,0,user_26,435,,
5334,,2000000,0,user_27,435,,
5335,,1700000,31700,user_29,435,,
5336,,1200000,0,user_31,435,,
5337,,120000,0,user_34,435,,
5338,,120000,0,user_34,435,,
5339,,360000,17000,user_34,435,,
5340,,3500000,0,user_35,435,,
5341,,160000,0,user_36,435,,
5342,,2300000,0,user_36,435,,
5343,,5000000,0,user_36,435,,
5344,,5200000,0,user_36,435,,
5345,,1600000,0,user_37,435,,
5346,,98000,0,user_37,435,,
5347,,1300000,594000,user_38,435,,
5348,,650000,0,user_39,435,,
5349,,43000000,1100000,user_40,435,,
5350,,190000,0,user_40,435,,
5351,,160000,0,user_41,435,,
5352,,1600000,15300,user_43,435,,
5353,,2400000,0,user_44,435,,
5354,,5000000,5180,user_45,435,,
5355,,1700000,0,user_48,435,,
5401,0,0,0,builder_6,435,435,5349
5349,1,43000000,1100000,user_40,435,435,
5321,2,43000000,0,user_12,435,435,
5402,3,0,0,builder_6,435,435,5317
5317,4,19000000,181000,user_6,435,435,
5318,5,19000000,0,user_7,435,435,
5344,6,5200000,0,user_36,435,435,
5403,7,0,0,builder_6,435,435,5354
5354,8,5000000,5180,user_45,435,435,
5313,9,5000000,0,user_1,435,435,
5325,10,5000000,0,user_21,435,435,
5343,11,5000000,0,user_36,435,435,
5340,12,3500000,0,user_35,435,435,
5353,13,2400000,0,user_44,435,435,
5342,14,2300000,0,user_36,435,435,
5328,15,2000000,0,user_24,435,435,
5334,16,2000000,0,user_27,435,435,
5404,17,0,0,builder_6,435,435,5347
5347,18,1300000,594000,user_38,435,435,
5405,19,0,0,builder_6,435,435,5335
5335,20,1700000,31700,user_29,435,435,
5355,21,1700000,0,user_48,435,435,
5345,22,1600000,0,user_37,435,435,
5406,23,0,0,builder_6,435,435,5316
5316,24,1500000,18600,user_5,435,435,
5336,25,1200000,0,user_31,435,435,
5324,26,970000,0,user_19,435,435,
5331,27,970000,0,user_25,435,435,
5348,28,650000,0,user_39,435,435,
5407,29,0,0,builder_6,435,435,5319
5319,30,630000,16400,user_8,435,435,
5314,31,370000,0,user_1,435,435,
5332,32,310000,0,user_25,435,435,
5350,33,190000,0,user_40,435,435,
5341,34,160000,0,user_36,435,435,
5351,35,160000,0,user_41,435,435,
5327,36,110000,14200,user_23,435,435,
5408,37,0,0,builder_6,435,435,5327
5323,38,120000,0,user_18,435,435,
5329,39,120000,0,user_25,435,435,
5330,40,120000,0,user_25,435,435,
5322,41,100000,0,user_18,435,435,
5346,42,98000,0,user_37,435,435,
5315,43,85000,0,user_4,435,435,
5320,44,73000,0,user_9,435,435,
5421,,170000,0,user_0,436,,
5422,,600000,0,user_1,436,,
5423,,85000,0,user_4,436,,
5424,,2000000,0,user_5,436,,
5425,,160000,0,user_6,436,,
5426,,3500000,0,user_8,436,,
5427,,85000,779000,user_8,436,,
5428,,320000,0,user_9,436,,
5429,,970000,0,user_11,436,,
5430,,350000,0,user_11,436,,
5431,,98000,0,user_14,436,,
5432,,70000,0,user_15,436,,
5433,,120000,0,user_16,436,,
5434,,1100000,0,user_16,436,,
5435,,6300000,56200,user_17,436,,
5436,,5000000,0,user_18,436,,
5437,,1000000,0,user_19,436,,
5438,,630000,0,user_20,436,,
5439,,530000,0,user_20,436,,
5440,,85000,0,user_21,436,,
5441,,2000000,39400,user_22,436,,
5442,,970000,0,user_24,436,,
5443,,1100000,0,user_25,436,,
5444,,19000000,0,user_25,436,,
5445,,87000,0,user_25,436,,
5446,,220000,0,user_25,436,,
5447,,170000,0,user_25,436,,
5448,,470000,0,user_27,436,,
5449,,1500000,0,user_29,436,,
5450,,120000,35600,user_30,436,,
5451,,530000,0,user_31,436,,
5452,,79000,64600,user_32,436,,
5453,,460000,10700,user_33,436,,
5454,,5200000,4320000,user_33,436,,
5455,,1700000,0,user_35,436,,
5456,,170000,0,user_36,436,,
5457,,150000,0,user_37,436,,
5458,,420000,39400,user_37,436,,
5459,,5000000,0,user_37,436,,
5460,,170000,0,user_38,436,,
5461,,2000000,0,user_40,436,,
5462,,6100000,0,user_41,436,,
5463,,1000000,0,user_42,436,,
5464,,240000,0,user_43,436,,
5465,,2100000,0,user_45,436,,
5466,,70000,0,user_45,436,,
5467,,2000000,0,user_47,436,,
5468,,670000,0,user_49,436,,
5444,0,19000000,0,user_25,436,436,
5435,1,6300000,56200,user_17,436,436,
5462,2,6100000,0,user_41,436,436,
5454,3,5200000,4320000,user_33,436,436,
5436,4,5000000,0,user_18,436,436,
5459,5,5000000,0,user_37,436,436,
5426,6,3500000,0,user_8,436,436,
5465,7,2100000,0,user_45,436,436,
5424,8,2000000,0,user_5,436,436,
5441,9,2000000,39400,user_22,436,436,
5461,10,2000000,0,user_40,436,436,
5467,11,2000000,0,user_47,436,436,
5455,12,1700000,0,user_35,436,436,
5449,13,1500000,0,user_29,436,436,
5434,14,1100000,0,user_16,436,436,
5443,15,1100000,0,user_25,436,436,
5463,16,1000000,0,user_42,436,436,
5429,17,970000,0,user_11,436,436,
5468,18,670000,0,user_49,436,436,
5438,19,630000,0,user_20,436,436,
5422,20,600000,0,user_1,436,436,
5439,21,530000,0,user_20,436,436,
5451,22,530000,0,user_31,436,436,
5448,23,470000,0,user_27,436,436,
5453,24,460000,10700,user_33,436,436,
5458,25,420000,39400,user_37,436,436,
5430,26,350000,0,user_11,436,436,
5464,27,240000,0,user_43,436,436,
5446,28,220000,0,user_25,436,436,
5421,29,170000,0,user_0,436,436,
5447,30,170000,0,user_25,436,436,
5456,31,170000,0,user_36,436,436,
5425,32,160000,0,user_6,436,436,
5457,33,150000,0,user_37,436,436,
5433,34,120000,0,user_16,436,436,
5450,35,120000,35600,user_30,436,436,
5445,36,87000,0,user_25,436,436,
5423,37,85000,0,user_4,436,436,
5427,38,85000,779000,user_8,436,436,
5440,39,85000,0,user_21,436,436,
5432,40,70000,0,user_15,436,436,
5466,41,70000,0,user_45,436,436,
5525,,160000,0,user_0,437,,
5526,,2100000,0,user_3,437,,
5527,,170000,0,user_4,437,,
5528,,87000,0,user_6,437,,
5529,,160000,0,user_9,437,,
5530,,370000,0,user_10,437,,
5531,,1100000,0,user_11,437,,
5532,,3500000,0,user_14,437,,
5533,,2100000,769000,user_15,437,,
5534,,98000,769000,user_16,437,,
5535,,82000,0,user_16,437,,
5536,,1000000,0,user_16,437,,
5537,,630000,0,user_16,437,,
5538,,420000,0,user_17,437,,
5539,,660000,0,user_17,437,,
5540,,150000,0,user_17,437,,
5541,,260000,0,user_17,437,,
5542,,160000,0,user_17,437,,
5543,,79000,100000,user_18,437,,
5544,,160000,0,user_19,437,,
5545,,1200000,0,user_20,437,,
5546,,84000,23500,user_20,437,,
5547,,1400000,0,user_21,437,,
5548,,2400000,0,user_22,437,,
5549,,260000,594000,user_23,437,,
5550,,3500000,0,user_24,437,,
5551,,2300000,16400,user_24,437,,
5552,,120000,0,user_25,437,,
5553,,110000,24700,user_26,437,,
5554,,120000,0,user_27,437,,
5555,,370000,0,user_28,437,,
5556,,260000,161000,user_28,437,,
5557,,150000,0,user_29,437,,
5558,,340000,33300,user_30,437,,
5559,,110000,84800,user_31,437,,
5560,,160000,594000,user_32,437,,
5561,,630000,0,user_33,437,,
5562,,630000,75000,user_34,437,,
5563,,110000,0,user_35,437,,
5564,,460000,322000,user_35,437,,
5565,,82000,0,user_36,437,,
5566,,170000,0,user_36,437,,
5567,,1100000,0,user_37,437,,
5568,,910000,0,user_39,437,,
5569,,2500000,0,user_40,437,,
5570,,80000,15300,user_40,437,,
5571,,1900000,0,user_44,437,,
5572,,1200000,959000,user_45,437,,
5573,,2100000,231000,user_47,437,,
5574,,120000,0,user_48,437,,
5575,,320000,0,user_49,437,,
5576,,310000,0,user_49,437,,
5532,0,3500000,0,user_14,437,437,
5550,1,3500000,0,user_24,437,437,
5569,2,2500000,0,user_40,437,437,
5548,3,2400000,0,user_22,437,437,
5551,4,2300000,16400,user_24,437,437,
5526,5,2100000,0,user_3,437,437,
5533,6,2100000,769000,user_15,437,437,
5573,7,2100000,231000,user_47,437,437,
5571,8,1900000,0,user_44,437,437,
5547,9,1400000,0,user_21,437,437,
5545,10,1200000,0,user_20,437,437,
5572,11,1200000,959000,user_45,437,437,
5531,12,1100000,0,user_11,437,437,
5567,13,1100000,0,user_37,437,437,
5536,14,1000000,0,user_16,437,437,
5568,15,910000,0,user_39,437,437,
5539,16,660000,0,user_17,437,437,
5537,17,630000,0,user_16,437,437,
5561,18,630000,0,user_33,437,437,
5562,19,630000,75000,user_34,437,437,
5564,20,460000,322000,user_35,437,437,
5538,21,420000,0,user_17,437,437,
5555,22,370000,0,user_28,437,437,
5558,23,340000,33300,user_30,437,437,
5575,24,320000,0,user_49,437,437,
5576,25,310000,0,user_49,437,437,
5541,26,260000,0,user_17,437,437,
5549,27,260000,594000,user_23,437,437,
5556,28,260000,161000,user_28,437,437,
5527,29,170000,0,user_4,437,437,
5525,30,160000,0,user_0,437,437,
5542,31,160000,0,user_17,437,437,
5544,32,160000,0,user_19,437,437,
5560,33,160000,594000,user_32,437,437,
5540,34,150000,0,user_17,437,437,
5557,35,150000,0,user_29,437,437,
5552,36,120000,0,user_25,437,437,
5553,37,110000,24700,user_26,437,437,
5559,38,110000,84800,user_31,437,437,
5563,39,110000,0,user_35,437,437,
5534,40,98000,769000,user_16,437,437,
5528,41,87000,0,user_6,437,437,
5546,42,84000,23500,user_20,437,437,
5535,43,82000,0,user_16,437,437,
5570,44,80000,15300,user_40,437,437,
5543,45,79000,100000,user_18,437,437,
5685,,3500000,0,user_0,438,,
5686,,160000,0,user_1,438,,
5687,,220000,0,user_2,438,,
5688,,310000,0,user_3,438,,
5689,,1500000,0,user_5,438,,
5690,,150000,15100,user_5,438,,
5691,,120000,0,user_5,438,,
5692,,350000,0,user_6,438,,
5693,,2500000,0,user_7,438,,
5694,,150000,13800,user_8,438,,
5695,,150000,0,user_9,438,,
5696,,5000000,0,user_10,438,,
5697,,98000,0,user_11,438,,
5698,,2500000,16400,user_14,438,,
5699,,120000,0,user_15,438,,
5700,,150000,0,user_15,438,,
5701,,3600000,0,user_17,438,,
5702,,98000,0,user_18,438,,
5703,,1700000,0,user_19,438,,
5704,,150000,0,user_20,438,,
5705,,600000,0,user_23,438,,
5706,,460000,0,user_23,438,,
5707,,970000,0,user_24,438,,
5708,,310000,0,user_25,438,,
5709,,73000,0,user_26,438,,
5710,,120000,285000,user_27,438,,
5711,,190000,35600,user_28,438,,
5712,,2300000,0,user_29,438,,
5713,,2000000,215000,user_29,438,,
5714,,650000,410000,user_30,438,,
5715,,30000000,0,user_30,438,,
5716,,1600000,0,user_30,438,,
5717,,970000,0,user_30,438,,
5718,,310000,0,user_30,438,,
5719,,2500000,5630,user_31,438,,
5720,,4200000,0,user_31,438,,
5721,,160000,0,user_32,438,,
5722,,6300000,0,user_32,438,,
5723,,1000000,0,user_33,438,,
5724,,2000000,256000,user_34,438,,
5725,,1600000,0,user_34,438,,
5726,,160000,0,user_34,438,,
5727,,85000,0,user_34,438,,
5728,,630000,0,user_34,438,,
5729,,1600000,39400,user_35,438,,
5730,,2600000,0,user_36,438,,
5731,,83000,0,user_37,438,,
5732,,420000,0,user_38,438,,
5733,,170000,0,user_39,438,,
5734,,170000,47700,user_40,438,,
5735,,370000,0,user_41,438,,
5736,,1400000,0,user_42,438,,
5737,,110000,0,user_44,438,,
5738,,150000,84800,user_45,438,,
5739,,4200000,0,user_45,438,,
5740,,310000,0,user_46,438,,
5741,,6300000,510000,user_48,438,,
5742,,1000000,0,user_48,438,,
5743,,300000,0,user_48,438,,
5744,,600000,0,user_48,438,,
5715,0,30000000,0,user_30,438,438,
5722,1,6300000,0,user_32,438,438,
5741,2,6300000,510000,user_48,438,438,
5696,3,5000000,0,user_10,438,438,
5720,4,4200000,0,user_31,438,438,
5739,5,4200000,0,user_45,438,438,
5701,6,3600000,0,user_17,438,438,
5685,7,3500000,0,user_0,438,438,
5730,8,2600000,0,user_36,438,438,
5693,9,2500000,0,user_7,438,438,
5698,10,2500000,16400,user_14,438,438,
5719,11,2500000,5630,user_31,438,438,
5712,12,2300000,0,user_29,438,438,
5713,13,2000000,215000,user_29,438,438,
5724,14,2000000,256000,user_34,438,438,
5703,15,1700000,0,user_19,438,438,
5716,16,1600000,0,user_30,438,438,
5725,17,1600000,0,user_34,438,438,
5729,18,1600000,39400,user_35,438,438,
5689,19,1500000,0,user_5,438,438,
5736,20,1400000,0,user_42,438,438,
5723,21,1000000,0,user_33,438,438,
5742,22,1000000,0,user_48,438,438,
5707,23,970000,0,user_24,438,438,
5717,24,970000,0,user_30,438,438,
5714,25,650000,410000,user_30,438,438,
5728,26,630000,0,user_34,438,438,
5705,27,600000,0,user_23,438,438,
5744,28,600000,0,user_48,438,438,
5706,29,460000,0,user_23,438,438,
5732,30,420000,0,user_38,438,438,
5735,31,370000,0,user_41,438,438,
5692,32,350000,0,user_6,438,438,
5688,33,310000,0,user_3,438,438,
5708,34,310000,0,user_25,438,438,
5718,35,310000,0,user_30,438,438,
5740,36,310000,0,user_46,438,438,
5743,37,300000,0,user_48,438,438,
5687,38,220000,0,user_2,438,438,
5734,39,170000,47700,user_40,438,438,
5721,40,160000,0,user_32,438,438,
5726,41,160000,0,user_34,438,438,
5690,42,150000,15100,user_5,438,438,
5694,43,150000,13800,user_8,438,438,
5695,44,150000,0,user_9,438,438,
5700,45,150000,0,user_15,438,438,
5704,46,150000,0,user_20,438,438,
5738,47,150000,84800,user_45,438,438,
5691,48,120000,0,user_5,438,438,
5699,49,120000,0,user_15,438,438,
5710,50,120000,285000,user_27,438,438,
5737,51,110000,0,user_44,438,438,
5697,52,98000,0,user_11,438,438,
5702,53,98000,0,user_18,438,438,
5727,54,85000,0,user_34,438,438,
5835,,120000,0,user_0,439,,
5836,,910000,0,user_1,439,,
5837,,420000,0,user_3,439,,
5838,,1000000,0,user_4,439,,
5839,,1500000,0,user_6,439,,
5840,,220000,4320000,user_7,439,,
5841,,460000,0,user_10,439,,
5842,,220000,0,user_12,439,,
5843,,1500000,0,user_13,439,,
5844,,82000,0,user_14,439,,
5845,,870000,0,user_15,439,,
5846,,150000,0,user_16,439,,
5847,,79000,0,user_18,439,,
5848,,1600000,0,user_19,439,,
5849,,130000,0,user_20,439,,
5850,,3200000,0,user_21,439,,
5851,,100000,14200,user_22,439,,
5852,,1400000,0,user_22,439,,
5853,,160000,0,user_24,439,,
5854,,19000000,13900,user_24,439,,
5855,,1600000,11200,user_24,439,,
5856,,73000,32900,user_25,439,,
5857,,83000,0,user_25,439,,
5858,,650000,0,user_29,439,,
5859,,2000000,0,user_31,439,,
5860,,660000,0,user_33,439,,
5861,,85000,0,user_33,439,,
5862,,1100000,0,user_34,439,,
5863,,5000000,0,user_38,439,,
5864,,1900000,0,user_39,439,,
5865,,1200000,33100,user_40,439,,
5866,,19000000,0,user_41,439,,
5867,,1700000,0,user_41,439,,
5868,,300000,0,user_44,439,,
5869,,170000,0,user_45,439,,
5870,,170000,0,user_46,439,,
5871,,3200000,155000,user_46,439,,
5872,,1500000,0,user_48,439,,
5873,,1500000,0,user_48,439,,
5874,,5200000,0,user_49,439,,
5854,0,19000000,13900,user_24,439,439,
5885,1,0,0,builder_2,439,439,5854
5866,2,19000000,0,user_41,439,439,
5874,3,5200000,0,user_49,439,439,
5863,4,5000000,0,user_38,439,439,
5886,5,0,0,builder_2,439,439,5871
5871,6,3200000,155000,user_46,439,439,
5850,7,3200000,0,user_21,439,439,
5859,8,2000000,0,user_31,439,439,
5864,9,1900000,0,user_39,439,439,
5867,10,1700000,0,user_41,439,439,
5887,11,0,0,builder_2,439,439,5855
5855,12,1600000,11200,user_24,439,439,
5848,13,1600000,0,user_19,439,439,
5839,14,1500000,0,user_6,439,439,
5843,15,1500000,0,user_13,439,439,
5872,16,1500000,0,user_48,439,439,
5873,17,1500000,0,user_48,439,439,
5852,18,1400000,0,user_22,439,439,
5865,19,1200000,33100,user_40,439,439,
5888,20,0,0,builder_2,439,439,5865
5862,21,1100000,0,user_34,439,439,
5836,22,910000,0,user_1,439,439,
5845,23,870000,0,user_15,439,439,
5858,24,650000,0,user_29,439,439,
5841,25,460000,0,user_10,439,439,
5837,26,420000,0,user_3,439,439,
5869,27,170000,0,user_45,439,439,
5870,28,170000,0,user_46,439,439,
5853,29,160000,0,user_24,439,439,
5846,30,150000,0,user_16,439,439,
5835,31,120000,0,user_0,439,439,
5851,32,100000,14200,user_22,439,439,
5889,33,0,0,builder_2,439,439,5851
5856,34,73000,32900,user_25,439,439,
5890,35,0,0,builder_2,439,439,5856
5857,36,83000,0,user_25,439,439,
5844,37,82000,0,user_14,439,439,
5922,,130000,0,user_0,440,,
5923,,150000,0,user_1,440,,
5924,,30000000,0,user_2,440,,
5925,,660000,0,user_2,440,,
5926,,1600000,0,user_3,440,,
5927,,5000000,215000,user_4,440,,
5928,,310000,7190000,user_4,440,,
5929,,910000,12300,user_5,440,,
5930,,6100000,18600,user_6,440,,
5931,,420000,0,user_7,440,,
5932,,1700000,0,user_9,440,,
5933,,970000,0,user_10,440,,
5934,,1500000,75000,user_12,440,,
5935,,3200000,0,user_12,440,,
5936,,1500000,0,user_12,440,,
5937,,4500000,0,user_12,440,,
5938,,2100000,0,user_13,440,,
5939,,150000,164000,user_14,440,,
5940,,220000,0,user_17,440,,
5941,,870000,15300,user_17,440,,
5942,,82000,13900,user_17,440,,
5943,,1000000,0,user_19,440,,
5944,,1000000,0,user_19,440,,
5945,,150000,0,user_20,440,,
5946,,5000000,0,user_20,440,,
5947,,5000000,0,user_23,440,,
5948,,910000,0,user_24,440,,
5949,,320000,0,user_26,440,,
5950,,80000,0,user_27,440,,
5951,,2400000,0,user_29,440,,
5952,,360000,0,user_31,440,,
5953,,100000,0,user_33,440,,
5954,,370000,0,user_33,440,,
5955,,73000,0,user_34,440,,
5956,,4500000,0,user_34,440,,
5957,,300000,0,user_35,440,,
5958,,150000,0,user_36,440,,
5959,,190000,7190000,user_37,440,,
5960,,1200000,0,user_38,440,,
5961,,1000000,0,user_39,440,,
5962,,160000,0,user_39,440,,
5963,,1500000,0,user_40,440,,
5964,,1900000,0,user_41,440,,
5965,,98000,0,user_42,440,,
5966,,360000,0,user_42,440,,
5967,,84000,0,user_43,440,,
5968,,3500000,0,user_45,440,,
5969,,79000,0,user_45,440,,
5970,,5000000,0,user_46,440,,
5971,,2300000,3130,user_47,440,,
5972,,6300000,0,user_47,440,,
5973,,160000,0,user_47,440,,
5974,,3600000,0,user_48,440,,
5975,,5000000,181000,user_49,440,,
5924,0,30000000,0,user_2,440,440,
5972,1,6300000,0,user_47,440,440,
5930,2,6100000,18600,user_6,440,440,
5927,3,5000000,215000,user_4,440,440,
5946,4,5000000,0,user_20,440,440,
5947,5,5000000,0,user_23,440,440,
5970,6,5000000,0,user_46,440,440,
5975,7,5000000,181000,user_49,440,440,
5937,8,4500000,0,user_12,440,440,
5956,9,4500000,0,user_34,440,440,
5974,10,3600000,0,user_48,440,440,
5968,11,3500000,0,user_45,440,440,
5935,12,3200000,0,user_12,440,440,
5951,13,2400000,0,user_29,440,440,
5971,14,2300000,3130,user_47,440,440,
5938,15,2100000,0,user_13,440,440,
5932,16,1700000,0,user_9,440,440,
5934,17,1500000,75000,user_12,440,440,
5936,18,1500000,0,user_12,440,440,
5963,19,1500000,0,user_40,440,440,
5960,20,1200000,0,user_38,440,440,
5943,21,1000000,0,user_19,440,440,
5944,22,1000000,0,user_19,440,440,
5961,23,1000000,0,user_39,440,440,
5933,24,970000,0,user_10,440,440,
5929,25,910000,12300,user_5,440,440,
5948,26,910000,0,user_24,440,440,
5941,27,870000,15300,user_17,440,440,
5925,28,660000,0,user_2,440,440,
5931,29,420000,0,user_7,440,440,
5952,30,360000,0,user_31,440,440,
5966,31,360000,0,user_42,440,440,
5949,32,320000,0,user_26,440,440,
5928,33,310000,7190000,user_4,440,440,
5957,34,300000,0,user_35,440,440,
5940,35,220000,0,user_17,440,440,
5959,36,190000,7190000,user_37,440,440,
5962,37,160000,0,user_39,440,440,
5973,38,160000,0,user_47,440,440,
5923,39,150000,0,user_1,440,440,
5939,40,150000,164000,user_14,440,440,
5945,41,150000,0,user_20,440,440,
5922,42,130000,0,user_0,440,440,
5965,43,98000,0,user_42,440,440,
5942,44,82000,13900,user_17,440,440,
5969,45,79000,0,user_45,440,440,
5955,46,73000,0,user_34,440,440,
6051,,370000,0,user_0,441,,
6052,,2300000,0,user_2,441,,
6053,,1600000,0,user_3,441,,
6054,,170000,0,user_4,441,,
6055,,310000,0,user_4,441,,
6056,,420000,0,user_5,441,,
6057,,70000,0,user_6,441,,
6058,,150000,0,user_6,441,,
6059,,3500000,0,user_7,441,,
6060,,1500000,0,user_8,441,,
6061,,420000,0,user_8,441,,
6062,,1500000,0,user_10,441,,
6063,,2000000,66100,user_11,441,,
6064,,120000,0,user_15,441,,
6065,,110000,19700,user_15,441,,
6066,,320000,0,user_16,441,,
6067,,30000000,0,user_17,441,,
6068,,110000,0,user_17,441,,
6069,,110000,350000,user_18,441,,
6070,,1800000,0,user_19,441,,
6071,,82000,0,user_20,441,,
6072,,80000,0,user_21,441,,
6073,,2300000,0,user_21,441,,
6074,,260000,0,user_21,441,,
6075,,2100000,0,user_21,441,,
6076,,4500000,161000,user_21,441,,
6077,,170000,0,user_23,441,,
6078,,110000,0,user_23,441,,
6079,,1100000,0,user_23,441,,
6080,,98000,0,user_24,441,,
6081,,83000,0,user_25,441,,
6082,,1600000,0,user_29,441,,
6083,,110000,0,user_33,441,,
6084,,77000,0,user_33,441,,
6085,,19000000,0,user_34,441,,
6086,,240000,0,user_35,441,,
6087,,30000000,0,user_35,441,,
6088,,1500000,0,user_36,441,,
6089,,79000,0,user_37,441,,
6090,,120000,0,user_38,441,,
6091,,220000,0,user_38,441,,
6092,,2000000,0,user_39,441,,
6093,,660000,0,user_40,441,,
6094,,80000,56200,user_41,441,,
6095,,100000,164000,user_42,441,,
6096,,27000000,0,user_43,441,,
6097,,1200000,0,user_43,441,,
6098,,1000000,0,user_44,441,,
6099,,220000,0,user_44,441,,
6100,,160000,195000,user_46,441,,
6101,,220000,23500,user_47,441,,
6102,,1600000,0,user_47,441,,
6103,,160000,0,user_48,441,,
6104,,4500000,0,user_49,441,,
6067,0,30000000,0,user_17,441,441,
6087,1,30000000,0,user_35,441,441,
6096,2,27000000,0,user_43,441,441,
6085,3,19000000,0,user_34,441,441,
6076,4,4500000,161000,user_21,441,441,
6104,5,4500000,0,user_49,441,441,
6059,6,3500000,0,user_7,441,441,
6052,7,2300000,0,user_2,441,441,
6073,8,2300000,0,user_21,441,441,
6075,9,2100000,0,user_21,441,441,
6063,10,2000000,66100,user_11,441,441,
6092,11,2000000,0,user_39,441,441,
6053,12,1600000,0,user_3,441,441,
6082,13,1600000,0,user_29,441,441,
6102,14,1600000,0,user_47,441,441,
6060,15,1500000,0,user_8,441,441,
6062,16,1500000,0,user_10,441,441,
6088,17,1500000,0,user_36,441,441,
6097,18,1200000,0,user_43,441,441,
6079,19,1100000,0,user_23,441,441,
6098,20,1000000,0,user_44,441,441,
6093,21,660000,0,user_40,441,441,
6056,22,420000,0,user_5,441,441,
6061,23,420000,0,user_8,441,441,
6051,24,370000,0,user_0,441,441,
6066,25,320000,0,user_16,441,441,
6055,26,310000,0,user_4,441,441,
6074,27,260000,0,user_21,441,441,
6086,28,240000,0,user_35,441,441,
6099,29,220000,0,user_44,441,441,
6101,30,220000,23500,user_47,441,441,
6054,31,170000,0,user_4,441,441,
6077,32,170000,0,user_23,441,441,
6100,33,160000,195000,user_46,441,441,
6058,34,150000,0,user_6,441,441,
6064,35,120000,0,user_15,441,441,
6065,36,110000,19700,user_15,441,441,
6068,37,110000,0,user_17,441,441,
6069,38,110000,350000,user_18,441,441,
6078,39,110000,0,user_23,441,441,
6083,40,110000,0,user_33,441,441,
6095,41,100000,164000,user_42,441,441,
6081,42,83000,0,user_25,441,441,
6071,43,82000,0,user_20,441,441,
6072,44,80000,0,user_21,441,441,
6094,45,80000,56200,user_41,441,441,
6089,46,79000,0,user_37,441,441,
6084,47,77000,0,user_33,441,441,
6057,48,70000,0,user_6,441,441,
6158,,2500000,13800,user_0,442,,
6159,,1100000,0,user_1,442,,
6160,,2600000,0,user_2,442,,
6161,,870000,0,user_3,442,,
6162,,190000,0,user_3,442,,
6163,,160000,0,user_3,442,,
6164,,670000,0,user_3,442,,
6165,,82000,0,user_3,442,,
6166,,220000,0,user_4,442,,
6167,,1200000,0,user_7,442,,
6168,,80000,0,user_8,442,,
6169,,80000,155000,user_11,442,,
6170,,2400000,0,user_13,442,,
6171,,170000,0,user_14,442,,
6172,,120000,0,user_14,442,,
6173,,370000,0,user_15,442,,
6174,,150000,0,user_15,442,,
6175,,600000,0,user_15,442,,
6176,,6300000,0,user_15,442,,
6177,,600000,14200,user_18,442,,
6178,,660000,0,user_18,442,,
6179,,370000,0,user_18,442,,
6180,,98000,0,user_19,442,,
6181,,460000,0,user_19,442,,
6182,,79000,0,user_21,442,,
6183,,83000,0,user_22,442,,
6184,,220000,0,user_22,442,,
6185,,84000,0,user_23,442,,
6186,,1200000,0,user_23,442,,
6187,,83000,0,user_24,442,,
6188,,4200000,0,user_26,442,,
6189,,2100000,0,user_28,442,,
6190,,2000000,0,user_30,442,,
6191,,120000,0,user_31,442,,
6192,,77000,23500,user_32,442,,
6193,,310000,0,user_33,442,,
6194,,260000,0,user_34,442,,
6195,,120000,0,user_34,442,,
6196,,3500000,0,user_34,442,,
6197,,120000,0,user_34,442,,
6198,,420000,0,user_35,442,,
6199,,110000,0,user_37,442,,
6200,,4200000,0,user_38,442,,
6201,,120000,0,user_39,442,,
6202,,160000,0,user_40,442,,
6203,,1500000,0,user_41,442,,
6204,,1700000,0,user_44,442,,
6205,,910000,21800,user_44,442,,
6206,,630000,0,user_48,442,,
6207,,460000,0,user_49,442,,
6208,,70000,0,user_49,442,,
6176,0,6300000,0,user_15,442,442,
6188,1,4200000,0,user_26,442,442,
6200,2,4200000,0,user_38,442,442,
6196,3,3500000,0,user_34,442,442,
6160,4,2600000,0,user_2,442,442,
6158,5,2500000,13800,user_0,442,442,
6221,6,0,0,builder_3,442,442,6158
6170,7,2400000,0,user_13,442,442,
6189,8,2100000,0,user_28,442,442,
6190,9,2000000,0,user_30,442,442,
6204,10,1700000,0,user_44,442,442,
6203,11,1500000,0,user_41,442,442,
6167,12,1200000,0,user_7,442,442,
6186,13,1200000,0,user_23,442,442,
6205,14,910000,21800,user_44,442,442,
6222,15,0,0,builder_3,442,442,6205
6161,16,870000,0,user_3,442,442,
6164,17,670000,0,user_3,442,442,
6178,18,660000,0,user_18,442,442,
6206,19,630000,0,user_48,442,442,
6177,20,600000,14200,user_18,442,442,
6223,21,0,0,builder_3,442,442,6177
6175,22,600000,0,user_15,442,442,
6181,23,460000,0,user_19,442,442,
6207,24,460000,0,user_49,442,442,
6198,25,420000,0,user_35,442,442,
6173,26,370000,0,user_15,442,442,
6179,27,370000,0,user_18,442,442,
6193,28,310000,0,user_33,442,442,
6194,29,260000,0,user_34,442,442,
6224,30,0,0,builder_3,442,442,6169
6169,31,80000,155000,user_11,442,442,
6166,32,220000,0,user_4,442,442,
6184,33,220000,0,user_22,442,442,
6162,34,190000,0,user_3,442,442,
6171,35,170000,0,user_14,442,442,
6163,36,160000,0,user_3,442,442,
6202,37,160000,0,user_40,442,442,
6174,38,150000,0,user_15,442,442,
6172,39,120000,0,user_14,442,442,
6191,40,120000,0,user_31,442,442,
6195,41,120000,0,user_34,442,442,
6197,42,120000,0,user_34,442,442,
6201,43,120000,0,user_39,442,442,
6199,44,110000,0,user_37,442,442,
6192,45,77000,23500,user_32,442,442,
6225,46,0,0,builder_3,442,442,6192
6180,47,98000,0,user_19,442,442,
6185,48,84000,0,user_23,442,442,
6183,49,83000,0,user_22,442,442,
6187,50,83000,0,user_24,442,442,
6165,51,82000,0,user_3,442,442,
6182,52,79000,0,user_21,442,442,
6208,53,70000,0,user_49,442,442,
6247,,2000000,0,user_2,443,,
6248,,43000000,0,user_3,443,,
6249,,1800000,0,user_4,443,,
6250,,130000,15300,user_5,443,,
6251,,1000000,0,user_6,443,,
6252,,220000,0,user_7,443,,
6253,,1500000,0,user_9,443,,
6254,,120000,0,user_10,443,,
6255,,1400000,15300,user_10,443,,
6256,,110000,0,user_12,443,,
6257,,260000,0,user_13,443,,
6258,,1700000,31700,user_13,443,,
6259,,2000000,0,user_14,443,,
6260,,1500000,0,user_16,443,,
6261,,150000,0,user_17,443,,
6262,,3500000,0,user_17,443,,
6263,,130000,0,user_18,443,,
6264,,84000,46500,user_18,443,,
6265,,1100000,0,user_20,443,,
6266,,420000,0,user_21,443,,
6267,,110000,0,user_23,443,,
6268,,77000,0,user_25,443,,
6269,,160000,0,user_25,443,,
6270,,910000,0,user_25,443,,
6271,,170000,959000,user_26,443,,
6272,,1000000,108000,user_27,443,,
6273,,77000,84800,user_28,443,,
6274,,1400000,0,user_28,443,,
6275,,460000,0,user_28,443,,
6276,,79000,0,user_30,443,,
6277,,150000,35600,user_30,443,,
6278,,420000,0,user_31,443,,
6279,,6100000,0,user_31,443,,
6280,,420000,0,user_32,443,,
6281,,600000,510000,user_32,443,,
6282,,6100000,84800,user_33,443,,
6283,,150000,0,user_35,443,,
6284,,1500000,0,user_36,443,,
6285,,87000,0,user_36,443,,
6286,,1500000,10700,user_36,443,,
6287,,1000000,0,user_36,443,,
6288,,4500000,0,user_36,443,,
6289,,970000,0,user_37,443,,
6290,,910000,322000,user_41,443,,
6291,,630000,0,user_44,443,,
6292,,110000,0,user_44,443,,
6293,,1400000,155000,user_47,443,,
6294,,1200000,779000,user_47,443,,
6248,0,43000000,0,user_3,443,443,
6282,1,6100000,84800,user_33,443,443,
6295,2,0,0,builder_0,443,443,6282
6279,3,6100000,0,user_31,443,443,
6288,4,4500000,0,user_36,443,443,
6262,5,3500000,0,user_17,443,443,
6247,6,2000000,0,user_2,443,443,
6259,7,2000000,0,user_14,443,443,
6294,8,1200000,779000,user_47,443,443,
6296,9,0,0,builder_0,443,443,6294
6258,10,1700000,31700,user_13,443,443,
6297,11,0,0,builder_0,443,443,6258
6298,12,0,0,builder_0,443,443,6293
6293,13,1400000,155000,user_47,443,443,
6299,14,0,0,builder_0,443,443,6286
6286,15,1500000,10700,user_36,443,443,
6253,16,1500000,0,user_9,443,443,
6260,17,1500000,0,user_16,443,443,
6284,18,1500000,0,user_36,443,443,
6300,19,0,0,builder_0,443,443,6255
6255,20,1400000,15300,user_10,443,443,
6274,21,1400000,0,user_28,443,443,
6290,22,910000,322000,user_41,443,443,
6301,23,0,0,builder_0,443,443,6290
6271,24,170000,959000,user_26,443,443,
6302,25,0,0,builder_0,443,443,6271
6281,26,600000,510000,user_32,443,443,
6303,27,0,0,builder_0,443,443,6281
6272,28,1000000,108000,user_27,443,443,
6304,29,0,0,builder_0,443,443,6272
6265,30,1100000,0,user_20,443,443,
6251,31,1000000,0,user_6,443,443,
6287,32,1000000,0,user_36,443,443,
6289,33,970000,0,user_37,443,443,
6270,34,910000,0,user_25,443,443,
6291,35,630000,0,user_44,443,443,
6275,36,460000,0,user_28,443,443,
6266,37,420000,0,user_21,443,443,
6278,38,420000,0,user_31,443,443,
6280,39,420000,0,user_32,443,443,
6257,40,260000,0,user_13,443,443,
6252,41,220000,0,user_7,443,443,
6305,42,0,0,builder_0,443,443,6277
6277,43,150000,35600,user_30,443,443,
6306,44,0,0,builder_0,443,443,6273
6273,45,77000,84800,user_28,443,443,
6269,46,160000,0,user_25,443,443,
6261,47,150000,0,user_17,443,443,
6283,48,150000,0,user_35,443,443,
6307,49,0,0,builder_0,443,443,6264
6264,50,84000,46500,user_18,443,443,
6263,51,130000,0,user_18,443,443,
6254,52,120000,0,user_10,443,443,
6267,53,110000,0,user_23,443,443,
6292,54,110000,0,user_44,443,443,
6285,55,87000,0,user_36,443,443,
6276,56,79000,0,user_30,443,443,
6268,57,77000,0,user_25,443,443,
6394,,6300000,0,user_2,444,,
6395,,530000,164000,user_5,444,,
6396,,1000000,0,user_5,444,,
6397,,1100000,0,user_7,444,,
6398,,84000,0,user_8,444,,
6399,,150000,0,user_9,444,,
6400,,27000000,0,user_11,444,,
6401,,220000,0,user_12,444,,
6402,,77000,0,user_14,444,,
6403,,150000,0,user_15,444,,
6404,,650000,0,user_16,444,,
6405,,3500000,0,user_16,444,,
6406,,3200000,0,user_17,444,,
6407,,43000000,0,user_17,444,,
6408,,84000,0,user_18,444,,
6409,,1200000,0,user_22,444,,
6410,,2100000,0,user_23,444,,
6411,,340000,0,user_25,444,,
6412,,2500000,14200,user_25,444,,
6413,,160000,0,user_28,444,,
6414,,98000,0,user_29,444,,
6415,,170000,0,user_29,444,,
6416,,100000,0,user_29,444,,
6417,,3200000,0,user_33,444,,
6418,,130000,0,user_33,444,,
6419,,650000,0,user_35,444,,
6420,,150000,0,user_35,444,,
6421,,5000000,0,user_36,444,,
6422,,160000,17000,user_38,444,,
6423,,470000,0,user_39,444,,
6424,,43000000,0,user_40,444,,
6425,,2500000,0,user_45,444,,
6426,,220000,0,user_45,444,,
6427,,320000,0,user_46,444,,
6428,,19000000,0,user_48,444,,
6429,,79000,0,user_48,444,,
6430,,1600000,0,user_49,444,,
6407,0,43000000,0,user_17,444,444,
6424,1,43000000,0,user_40,444,444,
6400,2,27000000,0,user_11,444,444,
6428,3,19000000,0,user_48,444,444,
6394,4,6300000,0,user_2,444,444,
6421,5,5000000,0,user_36,444,444,
6405,6,3500000,0,user_16,444,444,
6406,7,3200000,0,user_17,444,444,
6417,8,3200000,0,user_33,444,444,
6412,9,2500000,14200,user_25,444,444,
6425,10,2500000,0,user_45,444,444,
6410,11,2100000,0,user_23,444,444,
6430,12,1600000,0,user_49,444,444,
6409,13,1200000,0,user_22,444,444,
6397,14,1100000,0,user_7,444,444,
6396,15,1000000,0,user_5,444,444,
6404,16,650000,0,user_16,444,444,
6419,17,650000,0,user_35,444,444,
6395,18,530000,164000,user_5,444,444,
6411,19,340000,0,user_25,444,444,
6427,20,320000,0,user_46,444,444,
6426,21,220000,0,user_45,444,444,
6415,22,170000,0,user_29,444,444,
6422,23,160000,17000,user_38,444,444,
6399,24,150000,0,user_9,444,444,
6403,25,150000,0,user_15,444,444,
6420,26,150000,0,user_35,444,444,
6418,27,130000,0,user_33,444,444,
6416,28,100000,0,user_29,444,444,
6414,29,98000,0,user_29,444,444,
6398,30,84000,0,user_8,444,444,
6408,31,84000,0,user_18,444,444,
6429,32,79000,0,user_48,444,444,
6402,33,77000,0,user_14,444,444,
6453,,120000,0,user_0,445,,
6454,,2500000,139000,user_0,445,,
6455,,260000,0,user_1,445,,
6456,,650000,0,user_3,445,,
6457,,650000,6390,user_4,445,,
6458,,160000,15100,user_4,445,,
6459,,120000,0,user_5,445,,
6460,,370000,0,user_6,445,,
6461,,170000,0,user_6,445,,
6462,,3500000,0,user_7,445,,
6463,,1100000,0,user_8,445,,
6464,,85000,0,user_10,445,,
6465,,600000,0,user_10,445,,
6466,,3500000,0,user_11,445,,
6467,,220000,0,user_11,445,,
6468,,27000000,0,user_12,445,,
6469,,650000,0,user_13,445,,
6470,,5000000,0,user_13,445,,
6471,,970000,0,user_14,445,,
6472,,870000,0,user_15,445,,
6473,,110000,0,user_15,445,,
6474,,220000,0,user_16,445,,
6475,,1900000,5180,user_18,445,,
6476,,530000,0,user_19,445,,
6477,,970000,0,user_19,445,,
6478,,120000,0,user_19,445,,
6479,,460000,0,user_20,445,,
6480,,83000,68100,user_21,445,,
6481,,1100000,0,user_22,445,,
6482,,340000,0,user_23,445,,
6483,,910000,0,user_24,445,,
6484,,110000,0,user_25,445,,
6485,,110000,0,user_26,445,,
6486,,2000000,11200,user_26,445,,
6487,,30000000,0,user_27,445,,
6488,,170000,0,user_29,445,,
6489,,260000,0,user_30,445,,
6490,,1500000,0,user_30,445,,
6491,,73000,0,user_30,445,,
6492,,5000000,0,user_30,445,,
6493,,460000,0,user_30,445,,
6494,,6300000,0,user_31,445,,
6495,,600000,6390,user_33,445,,
6496,,310000,0,user_34,445,,
6497,,310000,0,user_34,445,,
6498,,1900000,0,user_35,445,,
6499,,160000,0,user_37,445,,
6500,,83000,0,user_39,445,,
6501,,1500000,0,user_40,445,,
6502,,420000,0,user_41,445,,
6503,,370000,0,user_42,445,,
6504,,30000000,0,user_44,445,,
6505,,260000,0,user_45,445,,
6506,,1600000,0,user_45,445,,
6507,,260000,0,user_45,445,,
6508,,160000,0,user_47,445,,
6487,0,30000000,0,user_27,445,445,
6504,1,30000000,0,user_44,445,445,
6468,2,27000000,0,user_12,445,445,
6494,3,6300000,0,user_31,445,445,
6470,4,5000000,0,user_13,445,445,
6492,5,5000000,0,user_30,445,445,
6462,6,3500000,0,user_7,445,445,
6466,7,3500000,0,user_11,445,445,
6454,8,2500000,139000,user_0,445,445,
6486,9,2000000,11200,user_26,445,445,
6475,10,1900000,5180,user_18,445,445,
6498,11,1900000,0,user_35,445,445,
6506,12,1600000,0,user_45,445,445,
6490,13,1500000,0,user_30,445,445,
6501,14,1500000,0,user_40,445,445,
6463,15,1100000,0,user_8,445,445,
6481,16,1100000,0,user_22,445,445,
6472,17,870000,0,user_15,445,445,
6456,18,650000,0,user_3,445,445,
6457,19,650000,6390,user_4,445,445,
6469,20,650000,0,user_13,445,445,
6465,21,600000,0,user_10,445,445,
6495,22,600000,6390,user_33,445,445,
6479,23,460000,0,user_20,445,445,
6493,24,460000,0,user_30,445,445,
6502,25,420000,0,user_41,445,445,
6460,26,370000,0,user_6,445,445,
6503,27,370000,0,user_42,445,445,
6482,28,340000,0,user_23,445,445,
6496,29,310000,0,user_34,445,445,
6497,30,310000,0,user_34,445,445,
6455,31,260000,0,user_1,445,445,
6489,32,260000,0,user_30,445,445,
6505,33,260000,0,user_45,445,445,
6507,34,260000,0,user_45,445,445,
6467,35,220000,0,user_11,445,445,
6474,36,220000,0,user_16,445,445,
6461,37,170000,0,user_6,445,445,
6488,38,170000,0,user_29,445,445,
6458,39,160000,15100,user_4,445,445,
6499,40,160000,0,user_37,445,445,
6508,41,160000,0,user_47,445,445,
6453,42,120000,0,user_0,445,445,
6459,43,120000,0,user_5,445,445,
6473,44,110000,0,user_15,445,445,
6484,45,110000,0,user_25,445,445,
6485,46,110000,0,user_26,445,445,
6464,47,85000,0,user_10,445,445,
6480,48,83000,68100,user_21,445,445,
6500,49,83000,0,user_39,445,445,
6491,50,73000,0,user_30,445,445,
6559,,6100000,15300,user_1,446,,
6560,,1300000,84800,user_2,446,,
6561,,84000,0,user_3,446,,
6562,,660000,0,user_5,446,,
6563,,4200000,0,user_6,446,,
6564,,73000,49100,user_6,446,,
6565,,160000,12300,user_6,446,,
6566,,170000,0,user_11,446,,
6567,,2100000,0,user_13,446,,
6568,,77000,0,user_15,446,,
6569,,130000,139000,user_16,446,,
6570,,1600000,0,user_17,446,,
6571,,110000,0,user_18,446,,
6572,,70000,0,user_18,446,,
6573,,77000,0,user_19,446,,
6574,,19000000,0,user_19,446,,
6575,,79000,0,user_20,446,,
6576,,460000,0,user_23,446,,
6577,,1800000,0,user_23,446,,
6578,,600000,13900,user_24,446,,
6579,,220000,0,user_25,446,,
6580,,260000,0,user_26,446,,
6581,,2000000,0,user_27,446,,
6582,,1500000,215000,user_28,446,,
6583,,2000000,0,user_29,446,,
6584,,220000,0,user_30,446,,
6585,,2500000,32900,user_30,446,,
6586,,2600000,0,user_30,446,,
6587,,150000,350000,user_31,446,,
6588,,120000,0,user_33,446,,
6589,,2300000,0,user_33,446,,
6590,,1600000,0,user_34,446,,
6591,,600000,100000,user_34,446,,
6592,,310000,0,user_36,446,,
6593,,110000,0,user_37,446,,
6594,,120000,0,user_38,446,,
6595,,260000,0,user_38,446,,
6596,,260000,0,user_39,446,,
6597,,2000000,0,user_40,446,,
6598,,470000,0,user_41,446,,
6599,,77000,231000,user_42,446,,
6600,,3200000,0,user_44,446,,
6601,,870000,0,user_45,446,,
6602,,160000,0,user_45,446,,
6603,,600000,0,user_46,446,,
6604,,470000,181000,user_46,446,,
6605,,3200000,56200,user_47,446,,
6606,,220000,0,user_48,446,,
6607,,420000,0,user_49,446,,
6574,0,19000000,0,user_19,446,446,
6559,1,6100000,15300,user_1,446,446,
6563,2,4200000,0,user_6,446,446,
6600,3,3200000,0,user_44,446,446,
6605,4,3200000,56200,user_47,446,446,
6586,5,2600000,0,user_30,446,446,
6585,6,2500000,32900,user_30,446,446,
6589,7,2300000,0,user_33,446,446,
6567,8,2100000,0,user_13,446,446,
6581,9,2000000,0,user_27,446,446,
6583,10,2000000,0,user_29,446,446,
6597,11,2000000,0,user_40,446,446,
6577,12,1800000,0,user_23,446,446,
6570,13,1600000,0,user_17,446,446,
6590,14,1600000,0,user_34,446,446,
6582,15,1500000,215000,user_28,446,446,
6560,16,1300000,84800,user_2,446,446,
6562,17,660000,0,user_5,446,446,
6578,18,600000,13900,user_24,446,446,
6591,19,600000,100000,user_34,446,446,
6576,20,460000,0,user_23,446,446,
6607,21,420000,0,user_49,446,446,
6592,22,310000,0,user_36,446,446,
6580,23,260000,0,user_26,446,446,
6595,24,260000,0,user_38,446,446,
6596,25,260000,0,user_39,446,446,
6579,26,220000,0,user_25,446,446,
6584,27,220000,0,user_30,446,446,
6606,28,220000,0,user_48,446,446,
6565,29,160000,12300,user_6,446,446,
6587,30,150000,350000,user_31,446,446,
6588,31,120000,0,user_33,446,446,
6594,32,120000,0,user_38,446,446,
6571,33,110000,0,user_18,446,446,
6593,34,110000,0,user_37,446,446,
6561,35,84000,0,user_3,446,446,
6575,36,79000,0,user_20,446,446,
6568,37,77000,0,user_15,446,446,
6573,38,77000,0,user_19,446,446,
6599,39,77000,231000,user_42,446,446,
6564,40,73000,49100,user_6,446,446,
6572,41,70000,0,user_18,446,446,
6694,,2000000,34700,user_2,447,,
6695,,530000,42000,user_3,447,,
6696,,630000,0,user_4,447,,
6697,,2000000,0,user_4,447,,
6698,,1500000,0,user_6,447,,
6699,,1000000,0,user_6,447,,
6700,,6100000,49100,user_7,447,,
6701,,120000,0,user_9,447,,
6702,,630000,15700,user_10,447,,
6703,,1300000,0,user_10,447,,
6704,,85000,0,user_12,447,,
6705,,110000,0,user_12,447,,
6706,,300000,0,user_12,447,,
6707,,170000,0,user_12,447,,
6708,,150000,0,user_12,447,,
6709,,1500000,0,user_14,447,,
6710,,1800000,0,user_14,447,,
6711,,1500000,0,user_14,447,,
6712,,2300000,0,user_14,447,,
6713,,1500000,15300,user_14,447,,
6714,,150000,0,user_15,447,,
6715,,120000,0,user_15,447,,
6716,,70000,4320000,user_16,447,,
6717,,110000,0,user_16,447,,
6718,,30000000,0,user_16,447,,
6719,,1300000,0,user_16,447,,
6720,,360000,0,user_16,447,,
6721,,870000,0,user_17,447,,
6722,,220000,0,user_18,447,,
6723,,3500000,0,user_22,447,,
6724,,120000,0,user_25,447,,
6725,,73000,0,user_27,447,,
6726,,79000,410000,user_28,447,,
6727,,80000,100000,user_28,447,,
6728,,370000,0,user_29,447,,
6729,,350000,0,user_30,447,,
6730,,160000,0,user_30,447,,
6731,,3500000,35600,user_32,447,,
6732,,220000,369000,user_33,447,,
6733,,5000000,0,user_34,447,,
6734,,5000000,0,user_34,447,,
6735,,87000,100000,user_34,447,,
6736,,460000,15100,user_34,447,,
6737,,100000,0,user_34,447,,
6738,,80000,0,user_35,447,,
6739,,5000000,0,user_35,447,,
6740,,2000000,30200,user_35,447,,
6741,,220000,0,user_35,447,,
6742,,43000000,0,user_36,447,,
6743,,5200000,0,user_37,447,,
6744,,530000,0,user_38,447,,
6745,,150000,0,user_39,447,,
6746,,3200000,0,user_40,447,,
6747,,1500000,0,user_41,447,,
6748,,460000,0,user_42,447,,
6749,,260000,0,user_42,447,,
6750,,2100000,0,user_43,447,,
6751,,84000,108000,user_43,447,,
6752,,30000000,0,user_45,447,,
6753,,170000,0,user_46,447,,
6754,,260000,0,user_46,447,,
6755,,98000,0,user_48,447,,
6756,,170000,0,user_49,447,,
6742,0,43000000,0,user_36,447,447,
6718,1,30000000,0,user_16,447,447,
6752,2,30000000,0,user_45,447,447,
6743,3,5200000,0,user_37,447,447,
6733,4,5000000,0,user_34,447,447,
6734,5,5000000,0,user_34,447,447,
6739,6,5000000,0,user_35,447,447,
6801,7,0,0,builder_4,447,447,6716
6716,8,70000,4320000,user_16,447,447,
6802,9,0,0,builder_4,447,447,6731
6731,10,3500000,35600,user_32,447,447,
6723,11,3500000,0,user_22,447,447,
6746,12,3200000,0,user_40,447,447,
6712,13,2300000,0,user_14,447,447,
6750,14,2100000,0,user_43,447,447,
6803,15,0,0,builder_4,447,447,6694
6694,16,2000000,34700,user_2,447,447,
6804,17,0,0,builder_4,447,447,6740
6740,18,2000000,30200,user_35,447,447,
6697,19,2000000,0,user_4,447,447,
6710,20,1800000,0,user_14,447,447,
6805,21,0,0,builder_4,447,447,6713
6713,22,1500000,15300,user_14,447,447,
6698,23,1500000,0,user_6,447,447,
6709,24,1500000,0,user_14,447,447,
6711,25,1500000,0,user_14,447,447,
6747,26,1500000,0,user_41,447,447,
6703,27,1300000,0,user_10,447,447,
6719,28,1300000,0,user_16,447,447,
6699,29,1000000,0,user_6,447,447,
6721,30,870000,0,user_17,447,447,
6702,31,630000,15700,user_10,447,447,
6806,32,0,0,builder_4,447,447,6702
6696,33,630000,0,user_4,447,447,
6807,34,0,0,builder_4,447,447,6732
6732,35,220000,369000,user_33,447,447,
6695,36,530000,42000,user_3,447,447,
6808,37,0,0,builder_4,447,447,6695
6744,38,530000,0,user_38,447,447,
6809,39,0,0,builder_4,447,447,6726
6726,40,79000,410000,user_28,447,447,
6736,41,460000,15100,user_34,447,447,
6810,42,0,0,builder_4,447,447,6736
6748,43,460000,0,user_42,447,447,
6728,44,370000,0,user_29,447,447,
6720,45,360000,0,user_16,447,447,
6729,46,350000,0,user_30,447,447,
6706,47,300000,0,user_12,447,447,
6749,48,260000,0,user_42,447,447,
6754,49,260000,0,user_46,447,447,
6722,50,220000,0,user_18,447,447,
6741,51,220000,0,user_35,447,447,
6751,52,84000,108000,user_43,447,447,
6811,53,0,0,builder_4,447,447,6751
6735,54,87000,100000,user_34,447,447,
6812,55,0,0,builder_4,447,447,6735
6727,56,80000,100000,user_28,447,447,
6813,57,0,0,builder_4,447,447,6727
6707,58,170000,0,user_12,447,447,
6753,59,170000,0,user_46,447,447,
6756,60,170000,0,user_49,447,447,
6730,61,160000,0,user_30,447,447,
6708,62,150000,0,user_12,447,447,
6701,63,120000,0,user_9,447,447,
6724,64,120000,0,user_25,447,447,
6705,65,110000,0,user_12,447,447,
6717,66,110000,0,user_16,447,447,
6737,67,100000,0,user_34,447,447,
6755,68,98000,0,user_48,447,447,
6704,69,85000,0,user_12,447,447,
6738,70,80000,0,user_35,447,447,
6725,71,73000,0,user_27,447,447,
6856,,5000000,0,user_1,448,,
6857,,460000,0,user_1,448,,
6858,,870000,0,user_2,448,,
6859,,2300000,0,user_3,448,,
6860,,370000,0,user_4,448,,
6861,,2000000,5180,user_6,448,,
6862,,1400000,0,user_7,448,,
6863,,110000,181000,user_7,448,,
6864,,670000,0,user_8,448,,
6865,,220000,0,user_8,448,,
6866,,1400000,0,user_9,448,,
6867,,170000,0,user_10,448,,
6868,,170000,0,user_11,448,,
6869,,5000000,0,user_12,448,,
6870,,650000,0,user_13,448,,
6871,,27000000,0,user_15,448,,
6872,,3600000,15700,user_16,448,,
6873,,650000,0,user_17,448,,
6874,,310000,0,user_18,448,,
6875,,2600000,0,user_19,448,,
6876,,310000,0,user_19,448,,
6877,,2000000,0,user_20,448,,
6878,,360000,0,user_21,448,,
6879,,420000,0,user_23,448,,
6880,,1400000,0,user_25,448,,
6881,,670000,0,user_28,448,,
6882,,5000000,0,user_30,448,,
6883,,310000,0,user_32,448,,
6884,,150000,0,user_34,448,,
6885,,2600000,68100,user_38,448,,
6886,,220000,42000,user_39,448,,
6887,,150000,10700,user_40,448,,
6888,,420000,0,user_41,448,,
6889,,240000,0,user_42,448,,
6890,,3500000,0,user_42,448,,
6891,,1500000,0,user_44,448,,
6892,,98000,0,user_44,448,,
6893,,87000,0,user_45,448,,
6894,,1200000,0,user_45,448,,
6895,,110000,0,user_46,448,,
6896,,70000,0,user_49,448,,
6897,,2300000,0,user_49,448,,
6871,0,27000000,0,user_15,448,448,
6856,1,5000000,0,user_1,448,448,
6869,2,5000000,0,user_12,448,448,
6882,3,5000000,0,user_30,448,448,
6872,4,3600000,15700,user_16,448,448,
6890,5,3500000,0,user_42,448,448,
6875,6,2600000,0,user_19,448,448,
6859,7,2300000,0,user_3,448,448,
6897,8,2300000,0,user_49,448,448,
6861,9,2000000,5180,user_6,448,448,
6877,10,2000000,0,user_20,448,448,
6891,11,1500000,0,user_44,448,448,
6862,12,1400000,0,user_7,448,448,
6880,13,1400000,0,user_25,448,448,
6894,14,1200000,0,user_45,448,448,
6858,15,870000,0,user_2,448,448,
6864,16,670000,0,user_8,448,448,
6881,17,670000,0,user_28,448,448,
6870,18,650000,0,user_13,448,448,
6873,19,650000,0,user_17,448,448,
6857,20,460000,0,user_1,448,448,
6879,21,420000,0,user_23,448,448,
6888,22,420000,0,user_41,448,448,
6860,23,370000,0,user_4,448,448,
6878,24,360000,0,user_21,448,448,
6874,25,310000,0,user_18,448,448,
6876,26,310000,0,user_19,448,448,
6883,27,310000,0,user_32,448,448,
6889,28,240000,0,user_42,448,448,
6865,29,220000,0,user_8,448,448,
6886,30,220000,42000,user_39,448,448,
6868,31,170000,0,user_11,448,448,
6884,32,150000,0,user_34,448,448,
6887,33,150000,10700,user_40,448,448,
6863,34,110000,181000,user_7,448,448,
6895,35,110000,0,user_46,448,448,
6892,36,98000,0,user_44,448,448,
6893,37,87000,0,user_45,448,448,
6896,38,70000,0,user_49,448,448,
6940,,83000,0,user_1,449,,
6941,,1700000,56200,user_2,449,,
6942,,150000,0,user_4,449,,
6943,,150000,0,user_5,449,,
6944,,310000,0,user_5,449,,
6945,,530000,0,user_7,449,,
6946,,260000,0,user_8,449,,
6947,,150000,0,user_9,449,,
6948,,120000,0,user_9,449,,
6949,,27000000,47700,user_10,449,,
6950,,77000,0,user_10,449,,
6951,,1800000,0,user_10,449,,
6952,,3500000,0,user_10,449,,
6953,,420000,0,user_10,449,,
6954,,650000,0,user_12,449,,
6955,,2000000,0,user_12,449,,
6956,,1100000,0,user_13,449,,
6957,,84000,35100,user_14,449,,
6958,,470000,0,user_15,449,,
6959,,530000,0,user_16,449,,
6960,,1700000,195000,user_17,449,,
6961,,150000,71800,user_20,449,,
6962,,2100000,5180,user_20,449,,
6963,,160000,0,user_22,449,,
6964,,1700000,0,user_23,449,,
6965,,120000,0,user_24,449,,
6966,,220000,0,user_25,449,,
6967,,87000,0,user_30,449,,
6968,,340000,0,user_31,449,,
6969,,1000000,0,user_32,449,,
6970,,110000,0,user_33,449,,
6971,,300000,0,user_34,449,,
6972,,1800000,0,user_36,449,,
6973,,260000,594000,user_36,449,,
6974,,1900000,215000,user_37,449,,
6975,,87000,0,user_37,449,,
6976,,3200000,18600,user_39,449,,
6977,,150000,46500,user_41,449,,
6978,,120000,0,user_41,449,,
6979,,350000,0,user_42,449,,
6980,,870000,73100,user_43,449,,
6981,,1700000,0,user_44,449,,
6982,,600000,0,user_45,449,,
6983,,600000,0,user_47,449,,
6984,,30000000,0,user_47,449,,
6985,,80000,0,user_48,449,,
6986,,220000,0,user_49,449,,
6984,0,30000000,0,user_47,449,449,
7012,1,0,0,builder_3,449,449,6949
6949,2,27000000,47700,user_10,449,449,
6952,3,3500000,0,user_10,449,449,
6976,4,3200000,18600,user_39,449,449,
7013,5,0,0,builder_3,449,449,6976
6974,6,1900000,215000,user_37,449,449,
7014,7,0,0,builder_3,449,449,6974
6962,8,2100000,5180,user_20,449,449,
7015,9,0,0,builder_3,449,449,6962
6955,10,2000000,0,user_12,449,449,
6960,11,1700000,195000,user_17,449,449,
7016,12,0,0,builder_3,449,449,6960
6951,13,1800000,0,user_10,449,449,
6972,14,1800000,0,user_36,449,449,
7017,15,0,0,builder_3,449,449,6941
6941,16,1700000,56200,user_2,449,449,
6964,17,1700000,0,user_23,449,449,
6981,18,1700000,0,user_44,449,449,
6956,19,1100000,0,user_13,449,449,
6969,20,1000000,0,user_32,449,449,
7018,21,0,0,builder_3,449,449,6980
6980,22,870000,73100,user_43,449,449,
6973,23,260000,594000,user_36,449,449,
7019,24,0,0,builder_3,449,449,6973
6954,25,650000,0,user_12,449,449,
6982,26,600000,0,user_45,449,449,
6983,27,600000,0,user_47,449,449,
6945,28,530000,0,user_7,449,449,
6958,29,470000,0,user_15,449,449,
6953,30,420000,0,user_10,449,449,
6979,31,350000,0,user_42,449,449,
6968,32,340000,0,user_31,449,449,
6944,33,310000,0,user_5,449,449,
6971,34,300000,0,user_34,449,449,
7020,35,0,0,builder_3,449,449,6961
6961,36,150000,71800,user_20,449,449,
6986,37,220000,0,user_49,449,449,
6977,38,150000,46500,user_41,449,449,
7021,39,0,0,builder_3,449,449,6977
6963,40,160000,0,user_22,449,449,
6942,41,150000,0,user_4,449,449,
6943,42,150000,0,user_5,449,449,
6965,43,120000,0,user_24,449,449,
6978,44,120000,0,user_41,449,449,
6957,45,84000,35100,user_14,449,449,
7022,46,0,0,builder_3,449,449,6957
6970,47,110000,0,user_33,449,449,
6967,48,87000,0,user_30,449,449,
6975,49,87000,0,user_37,449,449,
6985,50,80000,0,user_48,449,449,
6950,51,77000,0,user_10,449,449,
7068,,98000,0,user_2,450,,
7069,,1400000,0,user_2,450,,
7070,,1300000,4320000,user_5,450,,
7071,,1900000,0,user_5,450,,
7072,,2000000,0,user_5,450,,
7073,,120000,121000,user_6,450,,
7074,,6300000,14200,user_8,450,,
7075,,79000,64600,user_8,450,,
7076,,87000,0,user_8,450,,
7077,,6300000,35600,user_8,450,,
7078,,370000,0,user_9,450,,
7079,,660000,0,user_9,450,,
7080,,5000000,0,user_9,450,,
7081,,98000,0,user_9,450,,
7082,,2100000,0,user_9,450,,
7083,,1600000,0,user_10,450,,
7084,,350000,13900,user_11,450,,
7085,,1000000,0,user_11,450,,
7086,,530000,0,user_12,450,,
7087,,160000,0,user_15,450,,
7088,,2000000,0,user_16,450,,
7089,,670000,0,user_17,450,,
7090,,660000,73100,user_17,450,,
7091,,82000,64600,user_18,450,,
7092,,85000,0,user_20,450,,
7093,,43000000,128000,user_22,450,,
7094,,2400000,121000,user_24,450,,
7095,,120000,0,user_27,450,,
7096,,1400000,75000,user_28,450,,
7097,,19000000,164000,user_29,450,,
7098,,2000000,0,user_30,450,,
7099,,310000,7840,user_30,450,,
7100,,470000,0,user_30,450,,
7101,,19000000,0,user_32,450,,
7102,,910000,0,user_33,450,,
7103,,630000,0,user_34,450,,
7104,,79000,0,user_34,450,,
7105,,19000000,0,user_34,450,,
7106,,360000,0,user_34,450,,
7107,,460000,66100,user_34,450,,
7108,,30000000,68100,user_35,450,,
7109,,160000,0,user_35,450,,
7110,,170000,6390,user_36,450,,
7111,,120000,0,user_36,450,,
7112,,1500000,0,user_39,450,,
7113,,2300000,510000,user_39,450,,
7114,,5200000,0,user_40,450,,
7115,,1200000,0,user_41,450,,
7116,,85000,0,user_42,450,,
7117,,1200000,49100,user_42,450,,
7118,,70000,0,user_43,450,,
7119,,130000,0,user_47,450,,
7120,,300000,0,user_47,450,,
7121,,460000,510000,user_49,450,,
7093,0,43000000,128000,user_22,450,450,
7108,1,30000000,68100,user_35,450,450,
7097,2,19000000,164000,user_29,450,450,
7101,3,19000000,0,user_32,450,450,
7105,4,19000000,0,user_34,450,450,
7074,5,6300000,14200,user_8,450,450,
7077,6,6300000,35600,user_8,450,450,
7114,7,5200000,0,user_40,450,450,
7080,8,5000000,0,user_9,450,450,
7094,9,2400000,121000,user_24,450,450,
7082,10,2100000,0,user_9,450,450,
7072,11,2000000,0,user_5,450,450,
7088,12,2000000,0,user_16,450,450,
7098,13,2000000,0,user_30,450,450,
7071,14,1900000,0,user_5,450,450,
7083,15,1600000,0,user_10,450,450,
7069,16,1400000,0,user_2,450,450,
7070,17,1300000,4320000,user_5,450,450,
7115,18,1200000,0,user_41,450,450,
7117,19,1200000,49100,user_42,450,450,
7085,20,1000000,0,user_11,450,450,
7102,21,910000,0,user_33,450,450,
7089,22,670000,0,user_17,450,450,
7079,23,660000,0,user_9,450,450,
7090,24,660000,73100,user_17,450,450,
7103,25,630000,0,user_34,450,450,
7100,26,470000,0,user_30,450,450,
7107,27,460000,66100,user_34,450,450,
7121,28,460000,510000,user_49,450,450,
7078,29,370000,0,user_9,450,450,
7106,30,360000,0,user_34,450,450,
7084,31,350000,13900,user_11,450,450,
7099,32,310000,7840,user_30,450,450,
7120,33,300000,0,user_47,450,450,
7110,34,170000,6390,user_36,450,450,
7087,35,160000,0,user_15,450,450,
7109,36,160000,0,user_35,450,450,
7119,37,130000,0,user_47,450,450,
7073,38,120000,121000,user_6,450,450,
7095,39,120000,0,user_27,450,450,
7111,40,120000,0,user_36,450,450,
7068,41,98000,0,user_2,450,450,
7081,42,98000,0,user_9,450,450,
7076,43,87000,0,user_8,450,450,
7092,44,85000,0,user_20,450,450,
7116,45,85000,0,user_42,450,450,
7091,46,82000,64600,user_18,450,450,
7075,47,79000,64600,user_8,450,450,
7104,48,79000,0,user_34,450,450,
7118,49,70000,0,user_43,450,450,
7251,,1100000,19700,user_0,451,,
7252,,5000000,0,user_1,451,,
7253,,4500000,0,user_2,451,,
7254,,150000,0,user_3,451,,
7255,,5000000,0,user_4,451,,
7256,,240000,0,user_5,451,,
7257,,170000,0,user_7,451,,
7258,,98000,0,user_9,451,,
7259,,1600000,0,user_14,451,,
7260,,150000,0,user_14,451,,
7261,,1000000,0,user_15,451,,
7262,,73000,7840,user_17,451,,
7263,,110000,0,user_18,451,,
7264,,1000000,0,user_18,451,,
7265,,2000000,0,user_20,451,,
7266,,170000,779000,user_21,451,,
7267,,2000000,0,user_22,451,,
7268,,2100000,0,user_22,451,,
7269,,310000,0,user_24,451,,
7270,,150000,0,user_26,451,,
7271,,1000000,0,user_27,451,,
7272,,120000,0,user_28,451,,
7273,,1400000,0,user_29,451,,
7274,,970000,0,user_32,451,,
7275,,340000,0,user_34,451,,
7276,,1000000,15700,user_35,451,,
7277,,2100000,0,user_35,451,,
7278,,190000,0,user_36,451,,
7279,,1500000,0,user_36,451,,
7280,,110000,0,user_36,451,,
7281,,220000,0,user_36,451,,
7282,,1400000,0,user_36,451,,
7283,,120000,43600,user_37,451,,
7284,,1700000,12800,user_37,451,,
7285,,220000,181000,user_38,451,,
7286,,87000,0,user_39,451,,
7287,,460000,0,user_40,451,,
7288,,1500000,7840,user_40,451,,
7289,,2300000,0,user_40,451,,
7290,,1600000,0,user_40,451,,
7291,,460000,0,user_41,451,,
7292,,30000000,0,user_49,451,,
7292,0,30000000,0,user_49,451,451,
7252,1,5000000,0,user_1,451,451,
7255,2,5000000,0,user_4,451,451,
7253,3,4500000,0,user_2,451,451,
7289,4,2300000,0,user_40,451,451,
7268,5,2100000,0,user_22,451,451,
7277,6,2100000,0,user_35,451,451,
7265,7,2000000,0,user_20,451,451,
7267,8,2000000,0,user_22,451,451,
7284,9,1700000,12800,user_37,451,451,
7322,10,0,0,builder_4,451,451,7284
7259,11,1600000,0,user_14,451,451,
7290,12,1600000,0,user_40,451,451,
7288,13,1500000,7840,user_40,451,451,
7323,14,0,0,builder_4,451,451,7288
7279,15,1500000,0,user_36,451,451,
7273,16,1400000,0,user_29,451,451,
7282,17,1400000,0,user_36,451,451,
7324,18,0,0,builder_4,451,451,7251
7251,19,1100000,19700,user_0,451,451,
7276,20,1000000,15700,user_35,451,451,
7325,21,0,0,builder_4,451,451,7276
7264,22,1000000,0,user_18,451,451,
7271,23,1000000,0,user_27,451,451,
7274,24,970000,0,user_32,451,451,
7266,25,170000,779000,user_21,451,451,
7326,26,0,0,builder_4,451,451,7266
7287,27,460000,0,user_40,451,451,
7291,28,460000,0,user_41,451,451,
7285,29,220000,181000,user_38,451,451,
7327,30,0,0,builder_4,451,451,7285
7275,31,340000,0,user_34,451,451,
7269,32,310000,0,user_24,451,451,
7281,33,220000,0,user_36,451,451,
7278,34,190000,0,user_36,451,451,
7328,35,0,0,builder_4,451,451,7283
7283,36,120000,43600,user_37,451,451,
7254,37,150000,0,user_3,451,451,
7260,38,150000,0,user_14,451,451,
7270,39,150000,0,user_26,451,451,
7272,40,120000,0,user_28,451,451,
7263,41,110000,0,user_18,451,451,
7280,42,110000,0,user_36,451,451,
7258,43,98000,0,user_9,451,451,
7262,44,73000,7840,user_17,451,451,
7329,45,0,0,builder_4,451,451,7262
7355,,660000,0,user_0,452,,
7356,,260000,0,user_1,452,,
7357,,83000,0,user_2,452,,
7358,,120000,19700,user_2,452,,
7359,,870000,13900,user_2,452,,
7360,,370000,0,user_2,452,,
7361,,1500000,0,user_3,452,,
7362,,120000,0,user_3,452,,
7363,,5200000,0,user_4,452,,
7364,,1600000,0,user_5,452,,
7365,,600000,0,user_6,452,,
7366,,1100000,0,user_7,452,,
7367,,1900000,17000,user_9,452,,
7368,,160000,0,user_9,452,,
7369,,1700000,0,user_10,452,,
7370,,110000,0,user_10,452,,
7371,,470000,15700,user_10,452,,
7372,,170000,84800,user_12,452,,
7373,,120000,545000,user_13,452,,
7374,,1500000,0,user_14,452,,
7375,,240000,0,user_15,452,,
7376,,2400000,32900,user_15,452,,
7377,,43000000,0,user_17,452,,
7378,,6300000,0,user_18,452,,
7379,,43000000,0,user_20,452,,
7380,,460000,0,user_27,452,,
7381,,5000000,0,user_28,452,,
7382,,85000,0,user_29,452,,
7383,,660000,0,user_29,452,,
7384,,530000,68100,user_29,452,,
7385,,1900000,0,user_30,452,,
7386,,660000,0,user_31,452,,
7387,,19000000,0,user_32,452,,
7388,,1800000,779000,user_33,452,,
7389,,3200000,0,user_34,452,,
7390,,150000,0,user_37,452,,
7391,,19000000,0,user_37,452,,
7392,,2100000,71800,user_37,452,,
7393,,170000,0,user_37,452,,
7394,,150000,0,user_37,452,,
7395,,87000,17000,user_38,452,,
7396,,630000,0,user_38,452,,
7397,,120000,0,user_40,452,,
7398,,130000,0,user_40,452,,
7399,,5000000,0,user_41,452,,
7400,,80000,0,user_42,452,,
7401,,300000,0,user_43,452,,
7402,,2000000,0,user_44,452,,
7403,,2000000,0,user_45,452,,
7404,,110000,0,user_46,452,,
7405,,1400000,0,user_46,452,,
7406,,320000,0,user_47,452,,
7407,,2500000,0,user_48,452,,
7408,,120000,14200,user_49,452,,
7377,0,43000000,0,user_17,452,452,
7379,1,43000000,0,user_20,452,452,
7387,2,19000000,0,user_32,452,452,
7391,3,19000000,0,user_37,452,452,
7378,4,6300000,0,user_18,452,452,
7363,5,5200000,0,user_4,452,452,
7381,6,5000000,0,user_28,452,452,
7399,7,5000000,0,user_41,452,452,
7389,8,3200000,0,user_34,452,452,
7438,9,0,0,builder_3,452,452,7388
7388,10,1800000,779000,user_33,452,452,
7407,11,2500000,0,user_48,452,452,
7439,12,0,0,builder_3,452,452,7376
7376,13,2400000,32900,user_15,452,452,
7440,14,0,0,builder_3,452,452,7392
7392,15,2100000,71800,user_37,452,452,
7402,16,2000000,0,user_44,452,452,
7403,17,2000000,0,user_45,452,452,
7385,18,1900000,0,user_30,452,452,
7369,19,1700000,0,user_10,452,452,
7364,20,1600000,0,user_5,452,452,
7361,21,1500000,0,user_3,452,452,
7374,22,1500000,0,user_14,452,452,
7405,23,1400000,0,user_46,452,452,
7366,24,1100000,0,user_7,452,452,
7359,25,870000,13900,user_2,452,452,
7441,26,0,0,builder_3,452,452,7359
7442,27,0,0,builder_3,452,452,7373
7373,28,120000,545000,user_13,452,452,
7355,29,660000,0,user_0,452,452,
7383,30,660000,0,user_29,452,452,
7386,31,660000,0,user_31,452,452,
7396,32,630000,0,user_38,452,452,
7443,33,0,0,builder_3,452,452,7384
7384,34,530000,68100,user_29,452,452,
7444,35,0,0,builder_3,452,452,7371
7371,36,470000,15700,user_10,452,452,
7360,37,370000,0,user_2,452,452,
7406,38,320000,0,user_47,452,452,
7401,39,300000,0,user_43,452,452,
7372,40,170000,84800,user_12,452,452,
7445,41,0,0,builder_3,452,452,7372
7375,42,240000,0,user_15,452,452,
7393,43,170000,0,user_37,452,452,
7390,44,150000,0,user_37,452,452,
7394,45,150000,0,user_37,452,452,
7358,46,120000,19700,user_2,452,452,
7446,47,0,0,builder_3,452,452,7358
7447,48,0,0,builder_3,452,452,7408
7408,49,120000,14200,user_49,452,452,
7398,50,130000,0,user_40,452,452,
7362,51,120000,0,user_3,452,452,
7397,52,120000,0,user_40,452,452,
7370,53,110000,0,user_10,452,452,
7404,54,110000,0,user_46,452,452,
7395,55,87000,17000,user_38,452,452,
7448,56,0,0,builder_3,452,452,7395
7382,57,85000,0,user_29,452,452,
7357,58,83000,0,user_2,452,452,
7400,59,80000,0,user_42,452,452,
7501,,5000000,0,user_1,453,,
7502,,1600000,0,user_2,453,,
7503,,1100000,0,user_3,453,,
7504,,260000,0,user_4,453,,
7505,,460000,0,user_5,453,,
7506,,240000,0,user_5,453,,
7507,,360000,0,user_6,453,,
7508,,77000,0,user_6,453,,
7509,,120000,0,user_8,453,,
7510,,160000,0,user_9,453,,
7511,,2300000,0,user_10,453,,
7512,,1200000,0,user_11,453,,
7513,,460000,0,user_12,453,,
7514,,100000,0,user_12,453,,
7515,,350000,0,user_13,453,,
7516,,160000,0,user_14,453,,
7517,,220000,0,user_14,453,,
7518,,120000,0,user_16,453,,
7519,,150000,0,user_16,453,,
7520,,630000,0,user_16,453,,
7521,,1600000,0,user_16,453,,
7522,,1900000,0,user_16,453,,
7523,,370000,0,user_17,453,,
7524,,630000,0,user_18,453,,
7525,,910000,0,user_19,453,,
7526,,110000,0,user_20,453,,
7527,,310000,0,user_23,453,,
7528,,320000,0,user_23,453,,
7529,,85000,0,user_24,453,,
7530,,73000,0,user_27,453,,
7531,,460000,0,user_28,453,,
7532,,120000,0,user_28,453,,
7533,,2100000,0,user_28,453,,
7534,,1500000,0,user_32,453,,
7535,,3600000,0,user_33,453,,
7536,,170000,34700,user_33,453,,
7537,,1500000,0,user_35,453,,
7538,,650000,0,user_36,453,,
7539,,470000,0,user_37,453,,
7540,,320000,0,user_37,453,,
7541,,420000,0,user_39,453,,
7542,,600000,0,user_40,453,,
7543,,73000,0,user_40,453,,
7544,,79000,0,user_41,453,,
7545,,98000,0,user_41,453,,
7546,,1000000,0,user_42,453,,
7547,,420000,0,user_44,453,,
7548,,19000000,0,user_45,453,,
7549,,170000,14200,user_46,453,,
7550,,150000,0,user_46,453,,
7551,,27000000,10700,user_48,453,,
7552,,360000,0,user_49,453,,
7551,0,27000000,10700,user_48,453,453,
7564,1,0,0,builder_4,453,453,7551
7548,2,19000000,0,user_45,453,453,
7501,3,5000000,0,user_1,453,453,
7535,4,3600000,0,user_33,453,453,
7511,5,2300000,0,user_10,453,453,
7533,6,2100000,0,user_28,453,453,
7522,7,1900000,0,user_16,453,453,
7502,8,1600000,0,user_2,453,453,
7521,9,1600000,0,user_16,453,453,
7534,10,1500000,0,user_32,453,453,
7537,11,1500000,0,user_35,453,453,
7512,12,1200000,0,user_11,453,453,
7503,13,1100000,0,user_3,453,453,
7546,14,1000000,0,user_42,453,453,
7525,15,910000,0,user_19,453,453,
7538,16,650000,0,user_36,453,453,
7520,17,630000,0,user_16,453,453,
7524,18,630000,0,user_18,453,453,
7542,19,600000,0,user_40,453,453,
7539,20,470000,0,user_37,453,453,
7513,21,460000,0,user_12,453,453,
7531,22,460000,0,user_28,453,453,
7547,23,420000,0,user_44,453,453,
7523,24,370000,0,user_17,453,453,
7507,25,360000,0,user_6,453,453,
7552,26,360000,0,user_49,453,453,
7515,27,350000,0,user_13,453,453,
7528,28,320000,0,user_23,453,453,
7540,29,320000,0,user_37,453,453,
7527,30,310000,0,user_23,453,453,
7504,31,260000,0,user_4,453,453,
7517,32,220000,0,user_14,453,453,
7536,33,170000,34700,user_33,453,453,
7565,34,0,0,builder_4,453,453,7536
7566,35,0,0,builder_4,453,453,7549
7549,36,170000,14200,user_46,453,453,
7510,37,160000,0,user_9,453,453,
7516,38,160000,0,user_14,453,453,
7519,39,150000,0,user_16,453,453,
7550,40,150000,0,user_46,453,453,
7509,41,120000,0,user_8,453,453,
7518,42,120000,0,user_16,453,453,
7532,43,120000,0,user_28,453,453,
7526,44,110000,0,user_20,453,453,
7514,45,100000,0,user_12,453,453,
7545,46,98000,0,user_41,453,453,
7529,47,85000,0,user_24,453,453,
7544,48,79000,0,user_41,453,453,
7508,49,77000,0,user_6,453,453,
7530,50,73000,0,user_27,453,453,
7543,51,73000,0,user_40,453,453,
7574,,3600000,0,user_0,454,,
7575,,2600000,10700,user_1,454,,
7576,,2000000,0,user_5,454,,
7577,,220000,0,user_7,454,,
7578,,2500000,0,user_7,454,,
7579,,1700000,0,user_8,454,,
7580,,190000,0,user_9,454,,
7581,,310000,0,user_10,454,,
7582,,370000,0,user_13,454,,
7583,,80000,0,user_14,454,,
7584,,170000,0,user_16,454,,
7585,,110000,0,user_17,454,,
7586,,870000,0,user_18,454,,
7587,,1000000,64600,user_19,454,,
7588,,77000,0,user_19,454,,
7589,,120000,0,user_19,454,,
7590,,4200000,0,user_20,454,,
7591,,470000,0,user_23,454,,
7592,,870000,0,user_23,454,,
7593,,98000,0,user_24,454,,
7594,,240000,84800,user_26,454,,
7595,,630000,0,user_27,454,,
7596,,3600000,0,user_30,454,,
7597,,1800000,0,user_30,454,,
7598,,27000000,0,user_31,454,,
7599,,530000,0,user_32,454,,
7600,,320000,0,user_34,454,,
7601,,2400000,0,user_35,454,,
7602,,630000,0,user_35,454,,
7603,,98000,0,user_36,454,,
7604,,150000,0,user_36,454,,
7605,,650000,0,user_37,454,,
7606,,1500000,17700000,user_37,454,,
7607,,530000,296000,user_38,454,,
7608,,1100000,0,user_39,454,,
7609,,6100000,0,user_39,454,,
7610,,98000,0,user_42,454,,
7611,,220000,0,user_42,454,,
7612,,30000000,33100,user_42,454,,
7613,,2500000,0,user_43,454,,
7614,,70000,15700,user_44,454,,
7615,,190000,0,user_45,454,,
7616,,2100000,128000,user_46,454,,
7617,,120000,0,user_47,454,,
7618,,1500000,0,user_48,454,,
7612,0,30000000,33100,user_42,454,454,
7598,1,27000000,0,user_31,454,454,
7609,2,6100000,0,user_39,454,454,
7590,3,4200000,0,user_20,454,454,
7574,4,3600000,0,user_0,454,454,
7596,5,3600000,0,user_30,454,454,
7575,6,2600000,10700,user_1,454,454,
7578,7,2500000,0,user_7,454,454,
7601,8,2400000,0,user_35,454,454,
7616,9,2100000,128000,user_46,454,454,
7576,10,2000000,0,user_5,454,454,
7597,11,1800000,0,user_30,454,454,
7579,12,1700000,0,user_8,454,454,
7606,13,1500000,17700000,user_37,454,454,
7618,14,1500000,0,user_48,454,454,
7608,15,1100000,0,user_39,454,454,
7587,16,1000000,64600,user_19,454,454,
7586,17,870000,0,user_18,454,454,
7592,18,870000,0,user_23,454,454,
7605,19,650000,0,user_37,454,454,
7602,20,630000,0,user_35,454,454,
7599,21,530000,0,user_32,454,454,
7607,22,530000,296000,user_38,454,454,
7591,23,470000,0,user_23,454,454,
7582,24,370000,0,user_13,454,454,
7600,25,320000,0,user_34,454,454,
7581,26,310000,0,user_10,454,454,
7594,27,240000,84800,user_26,454,454,
7577,28,220000,0,user_7,454,454,
7611,29,220000,0,user_42,454,454,
7580,30,190000,0,user_9,454,454,
7615,31,190000,0,user_45,454,454,
7589,32,120000,0,user_19,454,454,
7617,33,120000,0,user_47,454,454,
7585,34,110000,0,user_17,454,454,
7593,35,98000,0,user_24,454,454,
7610,36,98000,0,user_42,454,454,
7583,37,80000,0,user_14,454,454,
7588,38,77000,0,user_19,454,454,
7676,,1600000,155000,user_0,455,,
7677,,420000,0,user_0,455,,
7678,,2000000,0,user_2,455,,
7679,,43000000,0,user_3,455,,
7680,,130000,0,user_3,455,,
7681,,2400000,0,user_3,455,,
7682,,260000,0,user_3,455,,
7683,,100000,0,user_3,455,,
7684,,77000,0,user_4,455,,
7685,,320000,0,user_5,455,,
7686,,70000,0,user_6,455,,
7687,,1100000,0,user_7,455,,
7688,,98000,0,user_8,455,,
7689,,2000000,35600,user_8,455,,
7690,,80000,410000,user_8,455,,
7691,,310000,0,user_8,455,,
7692,,370000,0,user_10,455,,
7693,,1800000,296000,user_12,455,,
7694,,150000,545000,user_12,455,,
7695,,80000,0,user_14,455,,
7696,,220000,0,user_16,455,,
7697,,120000,0,user_17,455,,
7698,,110000,0,user_19,455,,
7699,,79000,0,user_21,455,,
7700,,110000,0,user_21,455,,
7701,,350000,0,user_23,455,,
7702,,160000,0,user_24,455,,
7703,,970000,0,user_24,455,,
7704,,2300000,0,user_25,455,,
7705,,150000,13900,user_28,455,,
7706,,1500000,0,user_30,455,,
7707,,84000,0,user_31,455,,
7708,,310000,0,user_32,455,,
7709,,150000,0,user_33,455,,
7710,,120000,0,user_33,455,,
7711,,1400000,0,user_34,455,,
7712,,630000,0,user_35,455,,
7713,,98000,0,user_36,455,,
7714,,4200000,0,user_37,455,,
7715,,420000,0,user_37,455,,
7716,,150000,0,user_38,455,,
7717,,6300000,0,user_42,455,,
7718,,2000000,7840,user_43,455,,
7719,,420000,0,user_44,455,,
7720,,130000,43600,user_45,455,,
7721,,79000,0,user_46,455,,
7722,,2500000,0,user_47,455,,
7723,,100000,0,user_48,455,,
7679,0,43000000,0,user_3,455,455,
7717,1,6300000,0,user_42,455,455,
7714,2,4200000,0,user_37,455,455,
7722,3,2500000,0,user_47,455,455,
7681,4,2400000,0,user_3,455,455,
7704,5,2300000,0,user_25,455,455,
7724,6,0,0,builder_0,455,455,7689
7689,7,2000000,35600,user_8,455,455,
7725,8,0,0,builder_0,455,455,7718
7718,9,2000000,7840,user_43,455,455,
7678,10,2000000,0,user_2,455,455,
7676,11,1600000,155000,user_0,455,455,
7726,12,0,0,builder_0,455,455,7676
7706,13,1500000,0,user_30,455,455,
7687,14,1100000,0,user_7,455,455,
7712,15,630000,0,user_35,455,455,
7690,16,80000,410000,user_8,455,455,
7727,17,0,0,builder_0,455,455,7690
7677,18,420000,0,user_0,455,455,
7715,19,420000,0,user_37,455,455,
7719,20,420000,0,user_44,455,455,
7692,21,370000,0,user_10,455,455,
7701,22,350000,0,user_23,455,455,
7691,23,310000,0,user_8,455,455,
7708,24,310000,0,user_32,455,455,
7682,25,260000,0,user_3,455,455,
7696,26,220000,0,user_16,455,455,
7728,27,0,0,builder_0,455,455,7705
7705,28,150000,13900,user_28,455,455,
7709,29,150000,0,user_33,455,455,
7716,30,150000,0,user_38,455,455,
7680,31,130000,0,user_3,455,455,
7697,32,120000,0,user_17,455,455,
7710,33,120000,0,user_33,455,455,
7698,34,110000,0,user_19,455,455,
7700,35,110000,0,user_21,455,455,
7683,36,100000,0,user_3,455,455,
7723,37,100000,0,user_48,455,455,
7688,38,98000,0,user_8,455,455,
7713,39,98000,0,user_36,455,455,
7707,40,84000,0,user_31,455,455,
7695,41,80000,0,user_14,455,455,
7699,42,79000,0,user_21,455,455,
7721,43,79000,0,user_46,455,455,
7686,44,70000,0,user_6,455,455,
7778,,660000,0,user_0,456,,
7779,,4200000,0,user_2,456,,
7780,,27000000,0,user_4,456,,
7781,,120000,0,user_4,456,,
7782,,1300000,0,user_4,456,,
7783,,1700000,0,user_5,456,,
7784,,370000,23500,user_5,456,,
7785,,2600000,0,user_5,456,,
7786,,600000,0,user_7,456,,
7787,,120000,0,user_8,456,,
7788,,5200000,0,user_9,456,,
7789,,1600000,0,user_9,456,,
7790,,240000,215000,user_11,456,,
7791,,120000,0,user_12,456,,
7792,,3500000,0,user_12,456,,
7793,,4500000,0,user_14,456,,
7794,,19000000,15300,user_15,456,,
7795,,110000,0,user_16,456,,
7796,,77000,0,user_17,456,,
7797,,5000000,0,user_18,456,,
7798,,77000,0,user_19,456,,
7799,,27000000,0,user_19,456,,
7800,,350000,0,user_19,456,,
7801,,240000,0,user_19,456,,
7802,,150000,0,user_21,456,,
7803,,300000,0,user_21,456,,
7804,,350000,0,user_23,456,,
7805,,170000,0,user_24,456,,
7806,,130000,0,user_24,456,,
7807,,77000,14200,user_25,456,,
7808,,5000000,0,user_27,456,,
7809,,120000,0,user_28,456,,
7810,,1700000,0,user_30,456,,
7811,,1500000,12800,user_31,456,,
7812,,1900000,0,user_33,456,,
7813,,1100000,13900,user_34,456,,
7814,,160000,0,user_37,456,,
7815,,260000,0,user_38,456,,
7816,,600000,0,user_39,456,,
7817,,3600000,0,user_39,456,,
7818,,120000,0,user_39,456,,
7819,,150000,0,user_39,456,,
7820,,260000,0,user_41,456,,
7821,,2500000,0,user_41,456,,
7822,,160000,100000,user_41,456,,
7823,,87000,0,user_42,456,,
7824,,110000,779000,user_45,456,,
7825,,1100000,0,user_45,456,,
7826,,110000,13900,user_45,456,,
7827,,4500000,5180,user_46,456,,
7780,0,27000000,0,user_4,456,456,
7799,1,27000000,0,user_19,456,456,
7794,2,19000000,15300,user_15,456,456,
7788,3,5200000,0,user_9,456,456,
7797,4,5000000,0,user_18,456,456,
7808,5,5000000,0,user_27,456,456,
7793,6,4500000,0,user_14,456,456,
7827,7,4500000,5180,user_46,456,456,
7817,8,3600000,0,user_39,456,456,
7792,9,3500000,0,user_12,456,456,
7785,10,2600000,0,user_5,456,456,
7821,11,2500000,0,user_41,456,456,
7812,12,1900000,0,user_33,456,456,
7783,13,1700000,0,user_5,456,456,
7810,14,1700000,0,user_30,456,456,
7789,15,1600000,0,user_9,456,456,
7811,16,1500000,12800,user_31,456,456,
7782,17,1300000,0,user_4,456,456,
7813,18,1100000,13900,user_34,456,456,
7786,19,600000,0,user_7,456,456,
7816,20,600000,0,user_39,456,456,
7784,21,370000,23500,user_5,456,456,
7800,22,350000,0,user_19,456,456,
7804,23,350000,0,user_23,456,456,
7803,24,300000,0,user_21,456,456,
7815,25,260000,0,user_38,456,456,
7820,26,260000,0,user_41,456,456,
7790,27,240000,215000,user_11,456,456,
7801,28,240000,0,user_19,456,456,
7805,29,170000,0,user_24,456,456,
7822,30,160000,100000,user_41,456,456,
7802,31,150000,0,user_21,456,456,
7819,32,150000,0,user_39,456,456,
7806,33,130000,0,user_24,456,456,
7781,34,120000,0,user_4,456,456,
7787,35,120000,0,user_8,456,456,
7791,36,120000,0,user_12,456,456,
7809,37,120000,0,user_28,456,456,
7818,38,120000,0,user_39,456,456,
7823,39,87000,0,user_42,456,456,
7798,40,77000,0,user_19,456,456,
7897,,2300000,0,user_0,457,,
7898,,260000,0,user_1,457,,
7899,,85000,0,user_1,457,,
7900,,1300000,0,user_2,457,,
7901,,77000,7190000,user_4,457,,
7902,,1000000,0,user_5,457,,
7903,,170000,0,user_7,457,,
7904,,360000,0,user_9,457,,
7905,,340000,0,user_10,457,,
7906,,530000,0,user_10,457,,
7907,,5000000,0,user_11,457,,
7908,,150000,0,user_11,457,,
7909,,85000,0,user_11,457,,
7910,,2100000,369000,user_12,457,,
7911,,100000,0,user_13,457,,
7912,,77000,0,user_14,457,,
7913,,310000,0,user_15,457,,
7914,,43000000,0,user_15,457,,
7915,,79000,0,user_15,457,,
7916,,2300000,0,user_15,457,,
7917,,85000,0,user_15,457,,
7918,,150000,0,user_16,457,,
7919,,79000,84800,user_16,457,,
7920,,2000000,0,user_16,457,,
7921,,160000,15700,user_16,457,,
7922,,3500000,0,user_16,457,,
7923,,110000,49100,user_17,457,,
7924,,160000,0,user_18,457,,
7925,,220000,0,user_20,457,,
7926,,2000000,0,user_20,457,,
7927,,120000,0,user_21,457,,
7928,,130000,0,user_21,457,,
7929,,1100000,31700,user_22,457,,
7930,,1400000,18600,user_23,457,,
7931,,160000,0,user_24,457,,
7932,,320000,0,user_25,457,,
7933,,260000,0,user_26,457,,
7934,,1500000,0,user_27,457,,
7935,,1900000,0,user_28,457,,
7936,,82000,67900,user_28,457,,
7937,,3500000,42000,user_29,457,,
7938,,460000,0,user_31,457,,
7939,,2100000,0,user_33,457,,
7940,,220000,0,user_34,457,,
7941,,85000,0,user_35,457,,
7942,,2000000,0,user_35,457,,
7943,,160000,5630,user_36,457,,
7944,,600000,0,user_37,457,,
7945,,420000,0,user_38,457,,
7946,,4200000,33100,user_38,457,,
7947,,77000,0,user_38,457,,
7948,,3600000,0,user_39,457,,
7949,,350000,0,user_40,457,,
7950,,260000,0,user_41,457,,
7951,,150000,0,user_41,457,,
7952,,1800000,0,user_42,457,,
7953,,1300000,0,user_42,457,,
7954,,1900000,0,user_44,457,,
7955,,420000,0,user_44,457,,
7956,,260000,0,user_45,457,,
7957,,43000000,0,user_45,457,,
7958,,150000,0,user_46,457,,
7959,,340000,15100,user_46,457,,
7960,,1600000,381000,user_47,457,,
7961,,2600000,594000,user_48,457,,
7962,,150000,0,user_48,457,,
7963,,420000,0,user_48,457,,
7914,0,43000000,0,user_15,457,457,
7957,1,43000000,0,user_45,457,457,
7907,2,5000000,0,user_11,457,457,
7946,3,4200000,33100,user_38,457,457,
7948,4,3600000,0,user_39,457,457,
7922,5,3500000,0,user_16,457,457,
7937,6,3500000,42000,user_29,457,457,
7961,7,2600000,594000,user_48,457,457,
7916,8,2300000,0,user_15,457,457,
7910,9,2100000,369000,user_12,457,457,
7939,10,2100000,0,user_33,457,457,
7920,11,2000000,0,user_16,457,457,
7926,12,2000000,0,user_20,457,457,
7942,13,2000000,0,user_35,457,457,
7935,14,1900000,0,user_28,457,457,
7954,15,1900000,0,user_44,457,457,
7952,16,1800000,0,user_42,457,457,
7960,17,1600000,381000,user_47,457,457,
7934,18,1500000,0,user_27,457,457,
7930,19,1400000,18600,user_23,457,457,
7953,20,1300000,0,user_42,457,457,
7929,21,1100000,31700,user_22,457,457,
7902,22,1000000,0,user_5,457,457,
7906,23,530000,0,user_10,457,457,
7945,24,420000,0,user_38,457,457,
7955,25,420000,0,user_44,457,457,
7963,26,420000,0,user_48,457,457,
7904,27,360000,0,user_9,457,457,
7905,28,340000,0,user_10,457,457,
7959,29,340000,15100,user_46,457,457,
7913,30,310000,0,user_15,457,457,
7898,31,260000,0,user_1,457,457,
7933,32,260000,0,user_26,457,457,
7950,33,260000,0,user_41,457,457,
7956,34,260000,0,user_45,457,457,
7925,35,220000,0,user_20,457,457,
7940,36,220000,0,user_34,457,457,
7903,37,170000,0,user_7,457,457,
7921,38,160000,15700,user_16,457,457,
7943,39,160000,5630,user_36,457,457,
7908,40,150000,0,user_11,457,457,
7918,41,150000,0,user_16,457,457,
7951,42,150000,0,user_41,457,457,
7958,43,150000,0,user_46,457,457,
7962,44,150000,0,user_48,457,457,
7928,45,130000,0,user_21,457,457,
7927,46,120000,0,user_21,457,457,
7923,47,110000,49100,user_17,457,457,
7911,48,100000,0,user_13,457,457,
7899,49,85000,0,user_1,457,457,
7909,50,85000,0,user_11,457,457,
7917,51,85000,0,user_15,457,457,
7941,52,85000,0,user_35,457,457,
7936,53,82000,67900,user_28,457,457,
7915,54,79000,0,user_15,457,457,
7919,55,79000,84800,user_16,457,457,
7912,56,77000,0,user_14,457,457,
7947,57,77000,0,user_38,457,457,
8063,,85000,0,user_1,458,,
8064,,120000,195000,user_2,458,,
8065,,77000,0,user_4,458,,
8066,,3200000,0,user_5,458,,
8067,,4500000,0,user_6,458,,
8068,,870000,0,user_7,458,,
8069,,85000,0,user_8,458,,
8070,,2000000,0,user_8,458,,
8071,,5000000,0,user_10,458,,
8072,,160000,0,user_11,458,,
8073,,27000000,0,user_12,458,,
8074,,1600000,75000,user_13,458,,
8075,,360000,0,user_16,458,,
8076,,2000000,0,user_17,458,,
8077,,110000,0,user_19,458,,
8078,,2400000,0,user_20,458,,
8079,,630000,0,user_20,458,,
8080,,220000,0,user_21,458,,
8081,,420000,0,user_22,458,,
8082,,5000000,0,user_23,458,,
8083,,1100000,0,user_23,458,,
8084,,1400000,0,user_24,458,,
8085,,2500000,0,user_26,458,,
8086,,6300000,0,user_28,458,,
8087,,1000000,0,user_28,458,,
8088,,82000,0,user_29,458,,
8089,,260000,0,user_29,458,,
8090,,310000,0,user_30,458,,
8091,,79000,0,user_31,458,,
8092,,1400000,31700,user_31,458,,
8093,,630000,0,user_31,458,,
8094,,82000,0,user_31,458,,
8095,,670000,0,user_31,458,,
8096,,1600000,0,user_33,458,,
8097,,1000000,0,user_33,458,,
8098,,2000000,0,user_34,458,,
8099,,220000,0,user_35,458,,
8100,,1100000,0,user_36,458,,
8101,,1000000,0,user_38,458,,
8102,,870000,0,user_40,458,,
8103,,470000,0,user_41,458,,
8104,,170000,0,user_43,458,,
8105,,120000,322000,user_43,458,,
8106,,300000,0,user_43,458,,
8107,,320000,7190000,user_44,458,,
8108,,240000,0,user_45,458,,
8109,,98000,0,user_45,458,,
8110,,70000,15300,user_46,458,,
8111,,130000,410000,user_47,458,,
8112,,4200000,18600,user_49,458,,
8073,0,27000000,0,user_12,458,458,
8142,1,0,0,builder_4,458,458,8107
8107,2,320000,7190000,user_44,458,458,
8086,3,6300000,0,user_28,458,458,
8071,4,5000000,0,user_10,458,458,
8082,5,5000000,0,user_23,458,458,
8067,6,4500000,0,user_6,458,458,
8112,7,4200000,18600,user_49,458,458,
8143,8,0,0,builder_4,458,458,8112
8085,9,2500000,0,user_26,458,458,
8078,10,2400000,0,user_20,458,458,
8070,11,2000000,0,user_8,458,458,
8076,12,2000000,0,user_17,458,458,
8098,13,2000000,0,user_34,458,458,
8074,14,1600000,75000,user_13,458,458,
8144,15,0,0,builder_4,458,458,8074
8096,16,1600000,0,user_33,458,458,
8092,17,1400000,31700,user_31,458,458,
8145,18,0,0,builder_4,458,458,8092
8084,19,1400000,0,user_24,458,458,
8083,20,1100000,0,user_23,458,458,
8100,21,1100000,0,user_36,458,458,
8087,22,1000000,0,user_28,458,458,
8097,23,1000000,0,user_33,458,458,
8101,24,1000000,0,user_38,458,458,
8102,25,870000,0,user_40,458,458,
8095,26,670000,0,user_31,458,458,
8079,27,630000,0,user_20,458,458,
8093,28,630000,0,user_31,458,458,
8103,29,470000,0,user_41,458,458,
8105,30,120000,322000,user_43,458,458,
8146,31,0,0,builder_4,458,458,8105
8081,32,420000,0,user_22,458,458,
8075,33,360000,0,user_16,458,458,
8147,34,0,0,builder_4,458,458,8064
8064,35,120000,195000,user_2,458,458,
8090,36,310000,0,user_30,458,458,
8106,37,300000,0,user_43,458,458,
8089,38,260000,0,user_29,458,458,
8108,39,240000,0,user_45,458,458,
8080,40,220000,0,user_21,458,458,
8099,41,220000,0,user_35,458,458,
8104,42,170000,0,user_43,458,458,
8072,43,160000,0,user_11,458,458,
8077,44,110000,0,user_19,458,458,
8109,45,98000,0,user_45,458,458,
8110,46,70000,15300,user_46,458,458,
8148,47,0,0,builder_4,458,458,8110
8063,48,85000,0,user_1,458,458,
8069,49,85000,0,user_8,458,458,
8088,50,82000,0,user_29,458,458,
8094,51,82000,0,user_31,458,458,
8091,52,79000,0,user_31,458,458,
8065,53,77000,0,user_4,458,458,
8169,,470000,0,user_0,459,,
8170,,5000000,0,user_2,459,,
8171,,1500000,0,user_3,459,,
8172,,4500000,0,user_4,459,,
8173,,98000,0,user_6,459,,
8174,,79000,0,user_7,459,,
8175,,220000,49100,user_8,459,,
8176,,1500000,67900,user_10,459,,
8177,,1000000,4320000,user_10,459,,
8178,,1400000,0,user_12,459,,
8179,,470000,0,user_14,459,,
8180,,260000,0,user_15,459,,
8181,,1500000,0,user_17,459,,
8182,,150000,0,user_18,459,,
8183,,83000,0,user_20,459,,
8184,,150000,0,user_21,459,,
8185,,1400000,0,user_22,459,,
8186,,1100000,0,user_22,459,,
8187,,150000,0,user_22,459,,
8188,,1000000,0,user_23,459,,
8189,,240000,0,user_24,459,,
8190,,1600000,0,user_26,459,,
8191,,1500000,0,user_27,459,,
8192,,5000000,0,user_29,459,,
8193,,79000,0,user_30,459,,
8194,,2000000,0,user_31,459,,
8195,,130000,0,user_31,459,,
8196,,300000,0,user_32,459,,
8197,,630000,0,user_33,459,,
8198,,1500000,0,user_34,459,,
8199,,2500000,0,user_35,459,,
8200,,6300000,0,user_36,459,,
8201,,350000,0,user_37,459,,
8202,,1500000,0,user_38,459,,
8203,,1000000,0,user_40,459,,
8204,,870000,68100,user_42,459,,
8205,,170000,0,user_43,459,,
8206,,5200000,0,user_45,459,,
8207,,110000,0,user_45,459,,
8208,,170000,0,user_45,459,,
8209,,650000,0,user_45,459,,
8210,,84000,0,user_47,459,,
8211,,83000,0,user_48,459,,
8212,,530000,285000,user_48,459,,
8213,,2400000,0,user_49,459,,
8200,0,6300000,0,user_36,459,459,
8231,1,0,0,builder_4,459,459,8177
8177,2,1000000,4320000,user_10,459,459,
8206,3,5200000,0,user_45,459,459,
8170,4,5000000,0,user_2,459,459,
8192,5,5000000,0,user_29,459,459,
8172,6,4500000,0,user_4,459,459,
8199,7,2500000,0,user_35,459,459,
8213,8,2400000,0,user_49,459,459,
8194,9,2000000,0,user_31,459,459,
8190,10,1600000,0,user_26,459,459,
8176,11,1500000,67900,user_10,459,459,
8232,12,0,0,builder_4,459,459,8176
8171,13,1500000,0,user_3,459,459,
8181,14,1500000,0,user_17,459,459,
8191,15,1500000,0,user_27,459,459,
8198,16,1500000,0,user_34,459,459,
8202,17,1500000,0,user_38,459,459,
8178,18,1400000,0,user_12,459,459,
8185,19,1400000,0,user_22,459,459,
8186,20,1100000,0,user_22,459,459,
8188,21,1000000,0,user_23,459,459,
8203,22,1000000,0,user_40,459,459,
8204,23,870000,68100,user_42,459,459,
8233,24,0,0,builder_4,459,459,8204
8212,25,530000,285000,user_48,459,459,
8234,26,0,0,builder_4,459,459,8212
8209,27,650000,0,user_45,459,459,
8197,28,630000,0,user_33,459,459,
8169,29,470000,0,user_0,459,459,
8179,30,470000,0,user_14,459,459,
8201,31,350000,0,user_37,459,459,
8196,32,300000,0,user_32,459,459,
8235,33,0,0,builder_4,459,459,8175
8175,34,220000,49100,user_8,459,459,
8189,35,240000,0,user_24,459,459,
8205,36,170000,0,user_43,459,459,
8208,37,170000,0,user_45,459,459,
8182,38,150000,0,user_18,459,459,
8184,39,150000,0,user_21,459,459,
8187,40,150000,0,user_22,459,459,
8195,41,130000,0,user_31,459,459,
8207,42,110000,0,user_45,459,459,
8173,43,98000,0,user_6,459,459,
8183,44,83000,0,user_20,459,459,
8211,45,83000,0,user_48,459,459,
8193,46,79000,0,user_30,459,459,
8252,,82000,35600,user_0,460,,
8253,,150000,67900,user_0,460,,
8254,,170000,0,user_2,460,,
8255,,470000,0,user_3,460,,
8256,,260000,108000,user_4,460,,
8257,,150000,0,user_4,460,,
8258,,1000000,0,user_6,460,,
8259,,77000,0,user_6,460,,
8260,,30000000,0,user_8,460,,
8261,,120000,0,user_9,460,,
8262,,1800000,0,user_11,460,,
8263,,100000,0,user_11,460,,
8264,,110000,0,user_13,460,,
8265,,87000,23500,user_13,460,,
8266,,5200000,0,user_15,460,,
8267,,1800000,0,user_16,460,,
8268,,130000,0,user_18,460,,
8269,,1300000,0,user_18,460,,
8270,,220000,0,user_19,460,,
8271,,1600000,256000,user_20,460,,
8272,,220000,0,user_22,460,,
8273,,530000,410000,user_23,460,,
8274,,77000,0,user_23,460,,
8275,,2500000,0,user_24,460,,
8276,,1500000,12800,user_26,460,,
8277,,5200000,0,user_26,460,,
8278,,120000,0,user_26,460,,
8279,,1000000,0,user_26,460,,
8280,,1400000,33300,user_26,460,,
8281,,240000,0,user_27,460,,
8282,,470000,19700,user_27,460,,
8283,,19000000,0,user_27,460,,
8284,,2600000,0,user_27,460,,
8285,,340000,19700,user_27,460,,
8286,,3200000,0,user_28,460,,
8287,,1500000,0,user_29,460,,
8288,,190000,32900,user_29,460,,
8289,,2400000,0,user_29,460,,
8290,,310000,0,user_29,460,,
8291,,5200000,0,user_30,460,,
8292,,120000,0,user_31,460,,
8293,,82000,0,user_33,460,,
8294,,260000,0,user_35,460,,
8295,,2100000,0,user_35,460,,
8296,,220000,0,user_37,460,,
8297,,150000,0,user_38,460,,
8298,,160000,5630,user_38,460,,
8299,,300000,0,user_39,460,,
8300,,1900000,0,user_40,460,,
8301,,2300000,0,user_40,460,,
8302,,530000,0,user_41,460,,
8303,,87000,0,user_42,460,,
8304,,1400000,4320000,user_43,460,,
8305,,2100000,285000,user_44,460,,
8306,,5000000,0,user_47,460,,
8307,,110000,0,user_47,460,,
8308,,310000,0,user_49,460,,
8260,0,30000000,0,user_8,460,460,
8283,1,19000000,0,user_27,460,460,
8266,2,5200000,0,user_15,460,460,
8277,3,5200000,0,user_26,460,460,
8291,4,5200000,0,user_30,460,460,
8306,5,5000000,0,user_47,460,460,
8286,6,3200000,0,user_28,460,460,
8284,7,2600000,0,user_27,460,460,
8275,8,2500000,0,user_24,460,460,
8289,9,2400000,0,user_29,460,460,
8301,10,2300000,0,user_40,460,460,
8305,11,2100000,285000,user_44,460,460,
8300,12,1900000,0,user_40,460,460,
8267,13,1800000,0,user_16,460,460,
8271,14,1600000,256000,user_20,460,460,
8276,15,1500000,12800,user_26,460,460,
8287,16,1500000,0,user_29,460,460,
8280,17,1400000,33300,user_26,460,460,
8304,18,1400000,4320000,user_43,460,460,
8269,19,1300000,0,user_18,460,460,
8258,20,1000000,0,user_6,460,460,
8279,21,1000000,0,user_26,460,460,
8273,22,530000,410000,user_23,460,460,
8302,23,530000,0,user_41,460,460,
8282,24,470000,19700,user_27,460,460,
8285,25,340000,19700,user_27,460,460,
8290,26,310000,0,user_29,460,460,
8299,27,300000,0,user_39,460,460,
8256,28,260000,108000,user_4,460,460,
8281,29,240000,0,user_27,460,460,
8270,30,220000,0,user_19,460,460,
8272,31,220000,0,user_22,460,460,
8288,32,190000,32900,user_29,460,460,
8254,33,170000,0,user_2,460,460,
8298,34,160000,5630,user_38,460,460,
8253,35,150000,67900,user_0,460,460,
8257,36,150000,0,user_4,460,460,
8297,37,150000,0,user_38,460,460,
8268,38,130000,0,user_18,460,460,
8261,39,120000,0,user_9,460,460,
8278,40,120000,0,user_26,460,460,
8292,41,120000,0,user_31,460,460,
8264,42,110000,0,user_13,460,460,
8307,43,110000,0,user_47,460,460,
8265,44,87000,23500,user_13,460,460,
8303,45,87000,0,user_42,460,460,
8252,46,82000,35600,user_0,460,460,
8259,47,77000,0,user_6,460,460,
8274,48,77000,0,user_23,460,460,
8407,,98000,0,user_0,461,,
8408,,150000,0,user_1,461,,
8409,,83000,15300,user_1,461,,
8410,,4500000,0,user_1,461,,
8411,,3600000,0,user_5,461,,
8412,,160000,32900,user_6,461,,
8413,,970000,0,user_7,461,,
8414,,460000,100000,user_8,461,,
8415,,19000000,0,user_9,461,,
8416,,80000,0,user_10,461,,
8417,,1100000,0,user_11,461,,
8418,,6100000,0,user_14,461,,
8419,,4200000,0,user_14,461,,
8420,,87000,769000,user_17,461,,
8421,,340000,0,user_20,461,,
8422,,120000,0,user_21,461,,
8423,,83000,0,user_22,461,,
8424,,670000,0,user_23,461,,
8425,,600000,0,user_23,461,,
8426,,630000,0,user_24,461,,
8427,,150000,0,user_25,461,,
8428,,30000000,39400,user_26,461,,
8429,,70000,0,user_28,461,,
8430,,4500000,0,user_30,461,,
8431,,2000000,0,user_31,461,,
8432,,1100000,0,user_31,461,,
8433,,170000,0,user_31,461,,
8434,,1100000,11200,user_32,461,,
8435,,310000,46500,user_33,461,,
8436,,5000000,49100,user_35,461,,
8437,,660000,215000,user_36,461,,
8438,,1500000,0,user_36,461,,
8439,,87000,108000,user_37,461,,
8440,,3500000,0,user_37,461,,
8441,,370000,0,user_38,461,,
8442,,1200000,231000,user_40,461,,
8443,,98000,0,user_41,461,,
8444,,3500000,0,user_41,461,,
8445,,1000000,0,user_41,461,,
8446,,460000,0,user_41,461,,
8447,,1500000,0,user_41,461,,
8448,,82000,0,user_42,461,,
8449,,30000000,0,user_44,461,,
8450,,660000,0,user_45,461,,
8451,,120000,0,user_47,461,,
8452,,1600000,0,user_47,461,,
8453,,460000,35600,user_48,461,,
8428,0,30000000,39400,user_26,461,461,
8449,1,30000000,0,user_44,461,461,
8415,2,19000000,0,user_9,461,461,
8418,3,6100000,0,user_14,461,461,
8436,4,5000000,49100,user_35,461,461,
8410,5,4500000,0,user_1,461,461,
8430,6,4500000,0,user_30,461,461,
8419,7,4200000,0,user_14,461,461,
8411,8,3600000,0,user_5,461,461,
8444,9,3500000,0,user_41,461,461,
8431,10,2000000,0,user_31,461,461,
8452,11,1600000,0,user_47,461,461,
8438,12,1500000,0,user_36,461,461,
8447,13,1500000,0,user_41,461,461,
8442,14,1200000,231000,user_40,461,461,
8417,15,1100000,0,user_11,461,461,
8432,16,1100000,0,user_31,461,461,
8434,17,1100000,11200,user_32,461,461,
8445,18,1000000,0,user_41,461,461,
8413,19,970000,0,user_7,461,461,
8424,20,670000,0,user_23,461,461,
8437,21,660000,215000,user_36,461,461,
8426,22,630000,0,user_24,461,461,
8425,23,600000,0,user_23,461,461,
8414,24,460000,100000,user_8,461,461,
8446,25,460000,0,user_41,461,461,
8453,26,460000,35600,user_48,461,461,
8441,27,370000,0,user_38,461,461,
8421,28,340000,0,user_20,461,461,
8435,29,310000,46500,user_33,461,461,
8433,30,170000,0,user_31,461,461,
8412,31,160000,32900,user_6,461,461,
8408,32,150000,0,user_1,461,461,
8422,33,120000,0,user_21,461,461,
8451,34,120000,0,user_47,461,461,
8443,35,98000,0,user_41,461,461,
8409,36,83000,15300,user_1,461,461,
8423,37,83000,0,user_22,461,461,
8448,38,82000,0,user_42,461,461,
8416,39,80000,0,user_10,461,461,
8429,40,70000,0,user_28,461,461,
8540,,82000,0,user_0,462,,
8541,,1600000,33100,user_0,462,,
8542,,120000,13800,user_0,462,,
8543,,2600000,0,user_2,462,,
8544,,2000000,0,user_4,462,,
8545,,150000,0,user_5,462,,
8546,,340000,0,user_6,462,,
8547,,30000000,10700,user_8,462,,
8548,,170000,21800,user_9,462,,
8549,,910000,0,user_9,462,,
8550,,660000,0,user_10,462,,
8551,,3600000,0,user_11,462,,
8552,,2000000,0,user_13,462,,
8553,,4200000,0,user_15,462,,
8554,,120000,0,user_16,462,,
8555,,1600000,35100,user_17,462,,
8556,,6300000,0,user_18,462,,
8557,,83000,0,user_18,462,,
8558,,6100000,7190000,user_20,462,,
8559,,1400000,0,user_20,462,,
8560,,160000,0,user_21,462,,
8561,,120000,0,user_22,462,,
8562,,260000,0,user_23,462,,
8563,,3500000,0,user_24,462,,
8564,,1300000,121000,user_24,462,,
8565,,360000,12300,user_25,462,,
8566,,120000,100000,user_25,462,,
8567,,120000,0,user_26,462,,
8568,,3200000,0,user_28,462,,
8569,,160000,16400,user_28,462,,
8570,,43000000,0,user_30,462,,
8571,,160000,0,user_30,462,,
8572,,150000,381000,user_31,462,,
8573,,110000,0,user_32,462,,
8574,,85000,108000,user_33,462,,
8575,,4500000,0,user_33,462,,
8576,,1900000,0,user_33,462,,
8577,,82000,0,user_34,462,,
8578,,80000,0,user_35,462,,
8579,,1000000,0,user_36,462,,
8580,,84000,0,user_37,462,,
8581,,120000,0,user_37,462,,
8582,,220000,0,user_37,462,,
8583,,320000,0,user_37,462,,
8584,,260000,100000,user_37,462,,
8585,,110000,0,user_39,462,,
8586,,160000,0,user_39,462,,
8587,,1300000,0,user_39,462,,
8588,,910000,0,user_40,462,,
8589,,120000,0,user_41,462,,
8590,,110000,0,user_43,462,,
8591,,77000,0,user_44,462,,
8592,,870000,43600,user_45,462,,
8593,,360000,0,user_47,462,,
8594,,130000,0,user_49,462,,
8570,0,43000000,0,user_30,462,462,
8547,1,30000000,10700,user_8,462,462,
8556,2,6300000,0,user_18,462,462,
8558,3,6100000,7190000,user_20,462,462,
8575,4,4500000,0,user_33,462,462,
8553,5,4200000,0,user_15,462,462,
8551,6,3600000,0,user_11,462,462,
8563,7,3500000,0,user_24,462,462,
8568,8,3200000,0,user_28,462,462,
8543,9,2600000,0,user_2,462,462,
8544,10,2000000,0,user_4,462,462,
8552,11,2000000,0,user_13,462,462,
8576,12,1900000,0,user_33,462,462,
8541,13,1600000,33100,user_0,462,462,
8555,14,1600000,35100,user_17,462,462,
8559,15,1400000,0,user_20,462,462,
8564,16,1300000,121000,user_24,462,462,
8587,17,1300000,0,user_39,462,462,
8588,18,910000,0,user_40,462,462,
8592,19,870000,43600,user_45,462,462,
8565,20,360000,12300,user_25,462,462,
8593,21,360000,0,user_47,462,462,
8546,22,340000,0,user_6,462,462,
8583,23,320000,0,user_37,462,462,
8562,24,260000,0,user_23,462,462,
8584,25,260000,100000,user_37,462,462,
8582,26,220000,0,user_37,462,462,
8560,27,160000,0,user_21,462,462,
8569,28,160000,16400,user_28,462,462,
8571,29,160000,0,user_30,462,462,
8586,30,160000,0,user_39,462,462,
8572,31,150000,381000,user_31,462,462,
8594,32,130000,0,user_49,462,462,
8542,33,120000,13800,user_0,462,462,
8554,34,120000,0,user_16,462,462,
8561,35,120000,0,user_22,462,462,
8566,36,120000,100000,user_25,462,462,
8567,37,120000,0,user_26,462,462,
8581,38,120000,0,user_37,462,462,
8589,39,120000,0,user_41,462,462,
8573,40,110000,0,user_32,462,462,
8585,41,110000,0,user_39,462,462,
8590,42,110000,0,user_43,462,462,
8574,43,85000,108000,user_33,462,462,
8580,44,84000,0,user_37,462,462,
8557,45,83000,0,user_18,462,462,
8540,46,82000,0,user_0,462,462,
8577,47,82000,0,user_34,462,462,
8578,48,80000,0,user_35,462,462,
8591,49,77000,0,user_44,462,462,
8698,,160000,0,user_1,463,,
8699,,300000,12300,user_2,463,,
8700,,340000,0,user_3,463,,
8701,,150000,0,user_3,463,,
8702,,1800000,0,user_4,463,,
8703,,1000000,0,user_4,463,,
8704,,260000,0,user_6,463,,
8705,,420000,0,user_8,463,,
8706,,630000,0,user_9,463,,
8707,,100000,0,user_11,463,,
8708,,43000000,0,user_12,463,,
8709,,910000,0,user_13,463,,
8710,,120000,0,user_13,463,,
8711,,1100000,0,user_14,463,,
8712,,660000,0,user_15,463,,
8713,,110000,0,user_15,463,,
8714,,2400000,0,user_15,463,,
8715,,1600000,0,user_15,463,,
8716,,420000,5640,user_15,463,,
8717,,150000,0,user_18,463,,
8718,,1100000,0,user_18,463,,
8719,,170000,0,user_18,463,,
8720,,2100000,0,user_18,463,,
8721,,670000,36800,user_18,463,,
8722,,6300000,231000,user_19,463,,
8723,,420000,0,user_19,463,,
8724,,1300000,0,user_21,463,,
8725,,2300000,0,user_22,463,,
8726,,150000,0,user_23,463,,
8727,,260000,0,user_25,463,,
8728,,910000,0,user_26,463,,
8729,,4500000,0,user_28,463,,
8730,,660000,0,user_28,463,,
8731,,1000000,0,user_29,463,,
8732,,2600000,0,user_30,463,,
8733,,110000,0,user_30,463,,
8734,,3600000,0,user_31,463,,
8735,,6300000,12800,user_31,463,,
8736,,87000,146000,user_33,463,,
8737,,30000000,12300,user_34,463,,
8738,,1000000,0,user_36,463,,
8739,,220000,0,user_36,463,,
8740,,110000,0,user_36,463,,
8741,,1500000,0,user_36,463,,
8742,,19000000,369000,user_36,463,,
8743,,170000,73100,user_37,463,,
8744,,670000,0,user_38,463,,
8745,,170000,12300,user_39,463,,
8746,,82000,0,user_40,463,,
8747,,1000000,0,user_41,463,,
8748,,130000,67500,user_42,463,,
8749,,150000,0,user_43,463,,
8750,,120000,0,user_44,463,,
8751,,420000,0,user_45,463,,
8752,,1800000,24700,user_46,463,,
8753,,100000,0,user_48,463,,
8754,,1600000,0,user_49,463,,
8708,0,43000000,0,user_12,463,463,
8737,1,30000000,12300,user_34,463,463,
8785,2,0,0,builder_3,463,463,8737
8786,3,0,0,builder_3,463,463,8742
8742,4,19000000,369000,user_36,463,463,
8787,5,0,0,builder_3,463,463,8722
8722,6,6300000,231000,user_19,463,463,
8788,7,0,0,builder_3,463,463,8735
8735,8,6300000,12800,user_31,463,463,
8729,9,4500000,0,user_28,463,463,
8734,10,3600000,0,user_31,463,463,
8732,11,2600000,0,user_30,463,463,
8714,12,2400000,0,user_15,463,463,
8725,13,2300000,0,user_22,463,463,
8720,14,2100000,0,user_18,463,463,
8789,15,0,0,builder_3,463,463,8752
8752,16,1800000,24700,user_46,463,463,
8702,17,1800000,0,user_4,463,463,
8715,18,1600000,0,user_15,463,463,
8754,19,1600000,0,user_49,463,463,
8741,20,1500000,0,user_36,463,463,
8724,21,1300000,0,user_21,463,463,
8711,22,1100000,0,user_14,463,463,
8718,23,1100000,0,user_18,463,463,
8703,24,1000000,0,user_4,463,463,
8731,25,1000000,0,user_29,463,463,
8738,26,1000000,0,user_36,463,463,
8747,27,1000000,0,user_41,463,463,
8709,28,910000,0,user_13,463,463,
8728,29,910000,0,user_26,463,463,
8790,30,0,0,builder_3,463,463,8721
8721,31,670000,36800,user_18,463,463,
8744,32,670000,0,user_38,463,463,
8712,33,660000,0,user_15,463,463,
8730,34,660000,0,user_28,463,463,
8791,35,0,0,builder_3,463,463,8716
8716,36,420000,5640,user_15,463,463,
8723,37,420000,0,user_19,463,463,
8751,38,420000,0,user_45,463,463,
8700,39,340000,0,user_3,463,463,
8792,40,0,0,builder_3,463,463,8699
8699,41,300000,12300,user_2,463,463,
8793,42,0,0,builder_3,463,463,8743
8743,43,170000,73100,user_37,463,463,
8736,44,87000,146000,user_33,463,463,
8794,45,0,0,builder_3,463,463,8736
8739,46,220000,0,user_36,463,463,
8795,47,0,0,builder_3,463,463,8748
8748,48,130000,67500,user_42,463,463,
8745,49,170000,12300,user_39,463,463,
8796,50,0,0,builder_3,463,463,8745
8719,51,170000,0,user_18,463,463,
8701,52,150000,0,user_3,463,463,
8717,53,150000,0,user_18,463,463,
8726,54,150000,0,user_23,463,463,
8749,55,150000,0,user_43,463,463,
8710,56,120000,0,user_13,463,463,
8750,57,120000,0,user_44,463,463,
8713,58,110000,0,user_15,463,463,
8733,59,110000,0,user_30,463,463,
8740,60,110000,0,user_36,463,463,
8707,61,100000,0,user_11,463,463,
8753,62,100000,0,user_48,463,463,
8746,63,82000,0,user_40,463,463,
8842,,110000,13900,user_0,464,,
8843,,30000000,0,user_0,464,,
8844,,910000,0,user_0,464,,
8845,,1500000,0,user_2,464,,
8846,,98000,381000,user_3,464,,
8847,,83000,0,user_3,464,,
8848,,27000000,779000,user_3,464,,
8849,,650000,0,user_3,464,,
8850,,420000,0,user_4,464,,
8851,,5000000,17700000,user_5,464,,
8852,,660000,0,user_8,464,,
8853,,82000,0,user_9,464,,
8854,,1300000,5180,user_9,464,,
8855,,340000,0,user_11,464,,
8856,,4200000,0,user_12,464,,
8857,,170000,0,user_12,464,,
8858,,3200000,0,user_13,464,,
8859,,1100000,0,user_13,464,,
8860,,27000000,0,user_14,464,,
8861,,170000,0,user_14,464,,
8862,,100000,0,user_16,464,,
8863,,600000,0,user_17,464,,
8864,,4200000,0,user_18,464,,
8865,,1400000,0,user_19,464,,
8866,,5000000,0,user_19,464,,
8867,,1800000,0,user_19,464,,
8868,,460000,0,user_19,464,,
8869,,2600000,0,user_20,464,,
8870,,1700000,594000,user_21,464,,
8871,,3500000,0,user_21,464,,
8872,,310000,296000,user_22,464,,
8873,,30000000,0,user_22,464,,
8874,,190000,0,user_25,464,,
8875,,650000,10700,user_27,464,,
8876,,110000,0,user_28,464,,
8877,,220000,0,user_29,464,,
8878,,1400000,0,user_29,464,,
8879,,3600000,0,user_29,464,,
8880,,120000,42000,user_32,464,,
8881,,2600000,0,user_32,464,,
8882,,5000000,0,user_33,464,,
8883,,2600000,0,user_34,464,,
8884,,77000,0,user_35,464,,
8885,,19000000,0,user_35,464,,
8886,,27000000,0,user_36,464,,
8887,,630000,0,user_37,464,,
8888,,110000,0,user_40,464,,
8889,,600000,0,user_41,464,,
8890,,1500000,0,user_43,464,,
8891,,1400000,0,user_44,464,,
8892,,340000,0,user_44,464,,
8893,,340000,0,user_46,464,,
8894,,3500000,84800,user_46,464,,
8895,,220000,0,user_48,464,,
8896,,2300000,13900,user_48,464,,
8843,0,30000000,0,user_0,464,464,
8873,1,30000000,0,user_22,464,464,
8924,2,0,0,builder_3,464,464,8848
8848,3,27000000,779000,user_3,464,464,
8860,4,27000000,0,user_14,464,464,
8886,5,27000000,0,user_36,464,464,
8851,6,5000000,17700000,user_5,464,464,
8925,7,0,0,builder_3,464,464,8851
8885,8,19000000,0,user_35,464,464,
8866,9,5000000,0,user_19,464,464,
8882,10,5000000,0,user_33,464,464,
8856,11,4200000,0,user_12,464,464,
8864,12,4200000,0,user_18,464,464,
8879,13,3600000,0,user_29,464,464,
8926,14,0,0,builder_3,464,464,8894
8894,15,3500000,84800,user_46,464,464,
8871,16,3500000,0,user_21,464,464,
8858,17,3200000,0,user_13,464,464,
8869,18,2600000,0,user_20,464,464,
8881,19,2600000,0,user_32,464,464,
8883,20,2600000,0,user_34,464,464,
8896,21,2300000,13900,user_48,464,464,
8927,22,0,0,builder_3,464,464,8896
8928,23,0,0,builder_3,464,464,8870
8870,24,1700000,594000,user_21,464,464,
8867,25,1800000,0,user_19,464,464,
8845,26,1500000,0,user_2,464,464,
8890,27,1500000,0,user_43,464,464,
8865,28,1400000,0,user_19,464,464,
8878,29,1400000,0,user_29,464,464,
8891,30,1400000,0,user_44,464,464,
8859,31,1100000,0,user_13,464,464,
8844,32,910000,0,user_0,464,464,
8849,33,650000,0,user_3,464,464,
8887,34,630000,0,user_37,464,464,
8929,35,0,0,builder_3,464,464,8872
8872,36,310000,296000,user_22,464,464,
8863,37,600000,0,user_17,464,464,
8889,38,600000,0,user_41,464,464,
8930,39,0,0,builder_3,464,464,8846
8846,40,98000,381000,user_3,464,464,
8868,41,460000,0,user_19,464,464,
8850,42,420000,0,user_4,464,464,
8855,43,340000,0,user_11,464,464,
8892,44,340000,0,user_44,464,464,
8893,45,340000,0,user_46,464,464,
8877,46,220000,0,user_29,464,464,
8895,47,220000,0,user_48,464,464,
8857,48,170000,0,user_12,464,464,
8861,49,170000,0,user_14,464,464,
8880,50,120000,42000,user_32,464,464,
8931,51,0,0,builder_3,464,464,8880
8842,52,110000,13900,user_0,464,464,
8932,53,0,0,builder_3,464,464,8842
8876,54,110000,0,user_28,464,464,
8888,55,110000,0,user_40,464,464,
8847,56,83000,0,user_3,464,464,
8884,57,77000,0,user_35,464,464,
8977,,110000,0,user_1,465,,
8978,,120000,0,user_1,465,,
8979,,310000,18600,user_1,465,,
8980,,1000000,56200,user_1,465,,
8981,,1500000,0,user_1,465,,
8982,,82000,0,user_2,465,,
8983,,320000,0,user_3,465,,
8984,,670000,0,user_4,465,,
8985,,6100000,381000,user_7,465,,
8986,,2500000,0,user_7,465,,
8987,,3600000,0,user_7,465,,
8988,,1400000,24700,user_9,465,,
8989,,150000,0,user_9,465,,
8990,,2000000,0,user_10,465,,
8991,,350000,0,user_10,465,,
8992,,77000,0,user_10,465,,
8993,,2600000,283000,user_10,465,,
8994,,320000,0,user_10,465,,
8995,,3600000,12300,user_12,465,,
8996,,6100000,0,user_13,465,,
8997,,2400000,0,user_14,465,,
8998,,5200000,0,user_15,465,,
8999,,27000000,0,user_16,465,,
9000,,6100000,0,user_17,465,,
9001,,79000,67900,user_18,465,,
9002,,340000,0,user_19,465,,
9003,,1600000,0,user_20,465,,
9004,,650000,0,user_21,465,,
9005,,1900000,0,user_23,465,,
9006,,2000000,0,user_24,465,,
9007,,30000000,0,user_24,465,,
9008,,2000000,0,user_24,465,,
9009,,2600000,0,user_25,465,,
9010,,310000,0,user_25,465,,
9011,,19000000,0,user_25,465,,
9012,,870000,0,user_26,465,,
9013,,300000,0,user_28,465,,
9014,,300000,0,user_31,465,,
9015,,130000,0,user_31,465,,
9016,,19000000,0,user_31,465,,
9017,,1400000,0,user_31,465,,
9018,,84000,0,user_34,465,,
9019,,350000,0,user_34,465,,
9020,,1800000,594000,user_35,465,,
9021,,630000,0,user_35,465,,
9022,,240000,0,user_36,465,,
9023,,870000,0,user_36,465,,
9024,,1100000,0,user_37,465,,
9025,,630000,0,user_38,465,,
9026,,160000,0,user_38,465,,
9027,,240000,15300,user_39,465,,
9028,,170000,0,user_41,465,,
9029,,300000,0,user_41,465,,
9030,,100000,0,user_41,465,,
9031,,1900000,0,user_41,465,,
9032,,1600000,0,user_41,465,,
9033,,660000,67500,user_42,465,,
9034,,77000,0,user_43,465,,
9035,,310000,0,user_44,465,,
9036,,300000,410000,user_44,465,,
9037,,420000,0,user_45,465,,
9038,,110000,0,user_45,465,,
9039,,220000,0,user_47,465,,
9040,,83000,0,user_47,465,,
9041,,150000,0,user_49,465,,
9007,0,30000000,0,user_24,465,465,
8999,1,27000000,0,user_16,465,465,
9011,2,19000000,0,user_25,465,465,
9016,3,19000000,0,user_31,465,465,
8985,4,6100000,381000,user_7,465,465,
8996,5,6100000,0,user_13,465,465,
9000,6,6100000,0,user_17,465,465,
8998,7,5200000,0,user_15,465,465,
8987,8,3600000,0,user_7,465,465,
8995,9,3600000,12300,user_12,465,465,
8993,10,2600000,283000,user_10,465,465,
9009,11,2600000,0,user_25,465,465,
8986,12,2500000,0,user_7,465,465,
8997,13,2400000,0,user_14,465,465,
8990,14,2000000,0,user_10,465,465,
9006,15,2000000,0,user_24,465,465,
9008,16,2000000,0,user_24,465,465,
9005,17,1900000,0,user_23,465,465,
9031,18,1900000,0,user_41,465,465,
9003,19,1600000,0,user_20,465,465,
9032,20,1600000,0,user_41,465,465,
8981,21,1500000,0,user_1,465,465,
8988,22,1400000,24700,user_9,465,465,
9017,23,1400000,0,user_31,465,465,
8980,24,1000000,56200,user_1,465,465,
9012,25,870000,0,user_26,465,465,
8984,26,670000,0,user_4,465,465,
9033,27,660000,67500,user_42,465,465,
9004,28,650000,0,user_21,465,465,
9025,29,630000,0,user_38,465,465,
9037,30,420000,0,user_45,465,465,
8991,31,350000,0,user_10,465,465,
9019,32,350000,0,user_34,465,465,
9002,33,340000,0,user_19,465,465,
8994,34,320000,0,user_10,465,465,
8979,35,310000,18600,user_1,465,465,
9010,36,310000,0,user_25,465,465,
9035,37,310000,0,user_44,465,465,
9013,38,300000,0,user_28,465,465,
9014,39,300000,0,user_31,465,465,
9029,40,300000,0,user_41,465,465,
9036,41,300000,410000,user_44,465,465,
9027,42,240000,15300,user_39,465,465,
9039,43,220000,0,user_47,465,465,
9028,44,170000,0,user_41,465,465,
9026,45,160000,0,user_38,465,465,
8989,46,150000,0,user_9,465,465,
9015,47,130000,0,user_31,465,465,
8978,48,120000,0,user_1,465,465,
8977,49,110000,0,user_1,465,465,
9038,50,110000,0,user_45,465,465,
9030,51,100000,0,user_41,465,465,
9018,52,84000,0,user_34,465,465,
9040,53,83000,0,user_47,465,465,
8982,54,82000,0,user_2,465,465,
9001,55,79000,67900,user_18,465,465,
8992,56,77000,0,user_10,465,465,
9034,57,77000,0,user_43,465,465,
9118,,2600000,64600,user_1,466,,
9119,,420000,36800,user_1,466,,
9120,,1600000,0,user_2,466,,
9121,,600000,0,user_3,466,,
9122,,3500000,0,user_3,466,,
9123,,1600000,0,user_6,466,,
9124,,3200000,0,user_7,466,,
9125,,110000,195000,user_8,466,,
9126,,2000000,0,user_10,466,,
9127,,120000,0,user_10,466,,
9128,,310000,0,user_12,466,,
9129,,150000,0,user_13,466,,
9130,,1600000,545000,user_14,466,,
9131,,190000,0,user_16,466,,
9132,,1800000,0,user_17,466,,
9133,,120000,16400,user_20,466,,
9134,,190000,0,user_20,466,,
9135,,1500000,0,user_23,466,,
9136,,80000,0,user_25,466,,
9137,,470000,0,user_27,466,,
9138,,530000,0,user_28,466,,
9139,,70000,10700,user_28,466,,
9140,,220000,0,user_28,466,,
9141,,340000,0,user_28,466,,
9142,,220000,0,user_29,466,,
9143,,3600000,0,user_30,466,,
9144,,460000,0,user_32,466,,
9145,,77000,0,user_33,466,,
9146,,98000,0,user_35,466,,
9147,,310000,0,user_35,466,,
9148,,150000,0,user_37,466,,
9149,,1600000,0,user_38,466,,
9150,,1500000,0,user_39,466,,
9151,,1600000,0,user_40,466,,
9152,,4200000,0,user_43,466,,
9153,,120000,0,user_44,466,,
9154,,4200000,0,user_44,466,,
9155,,660000,0,user_46,466,,
9156,,1300000,0,user_47,466,,
9157,,6100000,0,user_47,466,,
9158,,98000,0,user_48,466,,
9159,,120000,0,user_49,466,,
9157,0,6100000,0,user_47,466,466,
9152,1,4200000,0,user_43,466,466,
9154,2,4200000,0,user_44,466,466,
9143,3,3600000,0,user_30,466,466,
9122,4,3500000,0,user_3,466,466,
9124,5,3200000,0,user_7,466,466,
9118,6,2600000,64600,user_1,466,466,
9160,7,0,0,builder_0,466,466,9118
9161,8,0,0,builder_0,466,466,9130
9130,9,1600000,545000,user_14,466,466,
9126,10,2000000,0,user_10,466,466,
9132,11,1800000,0,user_17,466,466,
9120,12,1600000,0,user_2,466,466,
9123,13,1600000,0,user_6,466,466,
9149,14,1600000,0,user_38,466,466,
9151,15,1600000,0,user_40,466,466,
9135,16,1500000,0,user_23,466,466,
9156,17,1300000,0,user_47,466,466,
9155,18,660000,0,user_46,466,466,
9121,19,600000,0,user_3,466,466,
9138,20,530000,0,user_28,466,466,
9137,21,470000,0,user_27,466,466,
9144,22,460000,0,user_32,466,466,
9119,23,420000,36800,user_1,466,466,
9162,24,0,0,builder_0,466,466,9119
9141,25,340000,0,user_28,466,466,
9147,26,310000,0,user_35,466,466,
9125,27,110000,195000,user_8,466,466,
9163,28,0,0,builder_0,466,466,9125
9140,29,220000,0,user_28,466,466,
9142,30,220000,0,user_29,466,466,
9131,31,190000,0,user_16,466,466,
9134,32,190000,0,user_20,466,466,
9129,33,150000,0,user_13,466,466,
9148,34,150000,0,user_37,466,466,
9164,35,0,0,builder_0,466,466,9133
9133,36,120000,16400,user_20,466,466,
9127,37,120000,0,user_10,466,466,
9153,38,120000,0,user_44,466,466,
9159,39,120000,0,user_49,466,466,
9146,40,98000,0,user_35,466,466,
9158,41,98000,0,user_48,466,466,
9139,42,70000,10700,user_28,466,466,
9165,43,0,0,builder_0,466,466,9139
9136,44,80000,0,user_25,466,466,
9145,45,77000,0,user_33,466,466,
9201,,130000,0,user_0,467,,
9202,,19000000,0,user_0,467,,
9203,,27000000,256000,user_1,467,,
9204,,3600000,0,user_3,467,,
9205,,470000,0,user_4,467,,
9206,,1300000,4320000,user_5,467,,
9207,,190000,0,user_6,467,,
9208,,220000,0,user_7,467,,
9209,,260000,0,user_8,467,,
9210,,1200000,0,user_9,467,,
9211,,83000,0,user_10,467,,
9212,,5000000,0,user_11,467,,
9213,,420000,0,user_13,467,,
9214,,1400000,0,user_13,467,,
9215,,82000,0,user_15,467,,
9216,,1000000,0,user_15,467,,
9217,,160000,0,user_15,467,,
9218,,420000,0,user_15,467,,
9219,,1100000,84800,user_15,467,,
9220,,4500000,0,user_16,467,,
9221,,1700000,23500,user_18,467,,
9222,,2000000,0,user_20,467,,
9223,,150000,350000,user_21,467,,
9224,,370000,0,user_22,467,,
9225,,460000,0,user_23,467,,
9226,,84000,0,user_25,467,,
9227,,1400000,0,user_25,467,,
9228,,2400000,0,user_25,467,,
9229,,670000,13800,user_25,467,,
9230,,320000,0,user_28,467,,
9231,,420000,0,user_28,467,,
9232,,2300000,0,user_29,467,,
9233,,970000,0,user_30,467,,
9234,,77000,0,user_30,467,,
9235,,220000,0,user_31,467,,
9236,,300000,0,user_31,467,,
9237,,73000,0,user_32,467,,
9238,,460000,0,user_32,467,,
9239,,1500000,0,user_32,467,,
9240,,150000,381000,user_32,467,,
9241,,650000,108000,user_32,467,,
9242,,1000000,0,user_33,467,,
9243,,460000,0,user_35,467,,
9244,,110000,0,user_36,467,,
9245,,1600000,16400,user_37,467,,
9246,,240000,0,user_37,467,,
9247,,870000,0,user_39,467,,
9248,,1100000,0,user_40,467,,
9249,,150000,0,user_40,467,,
9250,,420000,0,user_42,467,,
9251,,160000,0,user_44,467,,
9252,,3500000,5630,user_46,467,,
9203,0,27000000,256000,user_1,467,467,
9202,1,19000000,0,user_0,467,467,
9212,2,5000000,0,user_11,467,467,
9220,3,4500000,0,user_16,467,467,
9204,4,3600000,0,user_3,467,467,
9252,5,3500000,5630,user_46,467,467,
9228,6,2400000,0,user_25,467,467,
9232,7,2300000,0,user_29,467,467,
9222,8,2000000,0,user_20,467,467,
9221,9,1700000,23500,user_18,467,467,
9245,10,1600000,16400,user_37,467,467,
9239,11,1500000,0,user_32,467,467,
9214,12,1400000,0,user_13,467,467,
9227,13,1400000,0,user_25,467,467,
9219,14,1100000,84800,user_15,467,467,
9248,15,1100000,0,user_40,467,467,
9216,16,1000000,0,user_15,467,467,
9242,17,1000000,0,user_33,467,467,
9233,18,970000,0,user_30,467,467,
9247,19,870000,0,user_39,467,467,
9229,20,670000,13800,user_25,467,467,
9241,21,650000,108000,user_32,467,467,
9205,22,470000,0,user_4,467,467,
9225,23,460000,0,user_23,467,467,
9238,24,460000,0,user_32,467,467,
9243,25,460000,0,user_35,467,467,
9213,26,420000,0,user_13,467,467,
9218,27,420000,0,user_15,467,467,
9231,28,420000,0,user_28,467,467,
9250,29,420000,0,user_42,467,467,
9224,30,370000,0,user_22,467,467,
9230,31,320000,0,user_28,467,467,
9236,32,300000,0,user_31,467,467,
9209,33,260000,0,user_8,467,467,
9246,34,240000,0,user_37,467,467,
9208,35,220000,0,user_7,467,467,
9235,36,220000,0,user_31,467,467,
9207,37,190000,0,user_6,467,467,
9217,38,160000,0,user_15,467,467,
9251,39,160000,0,user_44,467,467,
9223,40,150000,350000,user_21,467,467,
9240,41,150000,381000,user_32,467,467,
9249,42,150000,0,user_40,467,467,
9201,43,130000,0,user_0,467,467,
9226,44,84000,0,user_25,467,467,
9215,45,82000,0,user_15,467,467,
9234,46,77000,0,user_30,467,467,
9237,47,73000,0,user_32,467,467,
4961,,1200000,0,user_0,468,,
4962,,2400000,0,user_1,468,,
4963,,650000,7190000,user_2,468,,
4964,,87000,0,user_3,468,,
4965,,670000,0,user_4,468,,
4966,,3200000,0,user_5,468,,
4967,,80000,0,user_5,468,,
4968,,3200000,0,user_6,468,,
4969,,670000,0,user_7,468,,
4970,,470000,0,user_8,468,,
4971,,82000,0,user_9,468,,
4972,,260000,0,user_9,468,,
4973,,420000,0,user_10,468,,
4974,,80000,0,user_12,468,,
4975,,350000,0,user_13,468,,
4976,,1300000,0,user_14,468,,
4977,,220000,0,user_15,468,,
4978,,5000000,64600,user_16,468,,
4979,,670000,0,user_18,468,,
4980,,2000000,0,user_21,468,,
4981,,420000,0,user_21,468,,
4982,,1700000,0,user_22,468,,
4983,,660000,0,user_23,468,,
4984,,3500000,0,user_24,468,,
4985,,160000,0,user_25,468,,
4986,,2500000,0,user_26,468,,
4987,,1500000,0,user_27,468,,
4988,,460000,0,user_29,468,,
4989,,100000,0,user_29,468,,
4990,,1000000,0,user_30,468,,
4991,,120000,0,user_30,468,,
4992,,1000000,0,user_31,468,,
4993,,84000,0,user_32,468,,
4994,,150000,195000,user_34,468,,
4995,,670000,0,user_34,468,,
4996,,670000,0,user_35,468,,
4997,,3500000,0,user_36,468,,
4998,,1500000,0,user_39,468,,
4999,,80000,0,user_40,468,,
5000,,1000000,0,user_41,468,,
5001,,1000000,0,user_42,468,,
5002,,470000,0,user_42,468,,
5003,,1500000,0,user_43,468,,
5004,,73000,11200,user_44,468,,
5005,,310000,0,user_45,468,,
5006,,970000,0,user_46,468,,
5007,,1000000,0,user_48,468,,
5008,,1400000,0,user_49,468,,
5016,0,0,0,builder_2,468,468,4963
4963,1,650000,7190000,user_2,468,468,
4978,2,5000000,64600,user_16,468,468,
5017,3,0,0,builder_2,468,468,4978
4984,4,3500000,0,user_24,468,468,
4997,5,3500000,0,user_36,468,468,
4966,6,3200000,0,user_5,468,468,
4968,7,3200000,0,user_6,468,468,
4986,8,2500000,0,user_26,468,468,
4962,9,2400000,0,user_1,468,468,
4980,10,2000000,0,user_21,468,468,
4982,11,1700000,0,user_22,468,468,
4987,12,1500000,0,user_27,468,468,
4998,13,1500000,0,user_39,468,468,
5003,14,1500000,0,user_43,468,468,
5008,15,1400000,0,user_49,468,468,
4976,16,1300000,0,user_14,468,468,
4961,17,1200000,0,user_0,468,468,
4990,18,1000000,0,user_30,468,468,
4992,19,1000000,0,user_31,468,468,
5000,20,1000000,0,user_41,468,468,
5007,21,1000000,0,user_48,468,468,
5006,22,970000,0,user_46,468,468,
4995,23,670000,0,user_34,468,468,
4983,24,660000,0,user_23,468,468,
4970,25,470000,0,user_8,468,468,
4988,26,460000,0,user_29,468,468,
4973,27,420000,0,user_10,468,468,
4981,28,420000,0,user_21,468,468,
4975,29,350000,0,user_13,468,468,
4994,30,150000,195000,user_34,468,468,
5018,31,0,0,builder_2,468,468,4994
5005,32,310000,0,user_45,468,468,
4972,33,260000,0,user_9,468,468,
4977,34,220000,0,user_15,468,468,
4985,35,160000,0,user_25,468,468,
4991,36,120000,0,user_30,468,468,
4989,37,100000,0,user_29,468,468,
4964,38,87000,0,user_3,468,468,
4971,39,82000,0,user_9,468,468,
4967,40,80000,0,user_5,468,468,
4999,41,80000,0,user_40,468,468,
5037,,120000,779000,user_1,469,,
5038,,3600000,0,user_1,469,,
5039,,220000,0,user_2,469,,
5040,,4500000,0,user_3,469,,
5041,,600000,0,user_4,469,,
5042,,160000,0,user_4,469,,
5043,,1300000,0,user_4,469,,
5044,,310000,0,user_4,469,,
5045,,1300000,0,user_4,469,,
5046,,1300000,0,user_6,469,,
5047,,120000,0,user_7,469,,
5048,,5000000,0,user_7,469,,
5049,,1100000,0,user_7,469,,
5050,,150000,0,user_8,469,,
5051,,300000,0,user_9,469,,
5052,,320000,36800,user_11,469,,
5053,,460000,0,user_11,469,,
5054,,6300000,0,user_11,469,,
5055,,1400000,100000,user_11,469,,
5056,,650000,0,user_11,469,,
5057,,110000,0,user_14,469,,
5058,,260000,215000,user_15,469,,
5059,,110000,5630,user_16,469,,
5060,,160000,0,user_16,469,,
5061,,84000,0,user_16,469,,
5062,,2400000,47700,user_17,469,,
5063,,6100000,0,user_18,469,,
5064,,220000,0,user_18,469,,
5065,,670000,256000,user_18,469,,
5066,,630000,0,user_18,469,,
5067,,70000,0,user_19,469,,
5068,,2000000,0,user_20,469,,
5069,,1100000,0,user_22,469,,
5070,,120000,164000,user_23,469,,
5071,,170000,215000,user_25,469,,
5072,,110000,0,user_26,469,,
5073,,2600000,0,user_28,469,,
5074,,3600000,0,user_29,469,,
5075,,6100000,49100,user_31,469,,
5076,,870000,0,user_31,469,,
5077,,120000,0,user_33,469,,
5078,,260000,0,user_37,469,,
5079,,220000,0,user_37,469,,
5080,,70000,296000,user_38,469,,
5081,,110000,0,user_38,469,,
5082,,4200000,410000,user_39,469,,
5083,,360000,0,user_39,469,,
5084,,120000,56200,user_39,469,,
5085,,220000,0,user_39,469,,
5086,,360000,0,user_41,469,,
5087,,100000,0,user_42,469,,
5088,,77000,0,user_43,469,,
5089,,150000,0,user_44,469,,
5090,,77000,0,user_45,469,,
5091,,2300000,49100,user_46,469,,
5092,,19000000,68100,user_46,469,,
5093,,470000,0,user_48,469,,
5092,0,19000000,68100,user_46,469,469,
5054,1,6300000,0,user_11,469,469,
5063,2,6100000,0,user_18,469,469,
5075,3,6100000,49100,user_31,469,469,
5048,4,5000000,0,user_7,469,469,
5040,5,4500000,0,user_3,469,469,
5082,6,4200000,410000,user_39,469,469,
5038,7,3600000,0,user_1,469,469,
5074,8,3600000,0,user_29,469,469,
5073,9,2600000,0,user_28,469,469,
5062,10,2400000,47700,user_17,469,469,
5091,11,2300000,49100,user_46,469,469,
5068,12,2000000,0,user_20,469,469,
5055,13,1400000,100000,user_11,469,469,
5043,14,1300000,0,user_4,469,469,
5045,15,1300000,0,user_4,469,469,
5046,16,1300000,0,user_6,469,469,
5049,17,1100000,0,user_7,469,469,
5069,18,1100000,0,user_22,469,469,
5076,19,870000,0,user_31,469,469,
5065,20,670000,256000,user_18,469,469,
5056,21,650000,0,user_11,469,469,
5066,22,630000,0,user_18,469,469,
5041,23,600000,0,user_4,469,469,
5053,24,460000,0,user_11,469,469,
5083,25,360000,0,user_39,469,469,
5086,26,360000,0,user_41,469,469,
5052,27,320000,36800,user_11,469,469,
5044,28,310000,0,user_4,469,469,
5058,29,260000,215000,user_15,469,469,
5078,30,260000,0,user_37,469,469,
5039,31,220000,0,user_2,469,469,
5064,32,220000,0,user_18,469,469,
5079,33,220000,0,user_37,469,469,
5085,34,220000,0,user_39,469,469,
5071,35,170000,215000,user_25,469,469,
5042,36,160000,0,user_4,469,469,
5060,37,160000,0,user_16,469,469,
5050,38,150000,0,user_8,469,469,
5089,39,150000,0,user_44,469,469,
5037,40,120000,779000,user_1,469,469,
5047,41,120000,0,user_7,469,469,
5070,42,120000,164000,user_23,469,469,
5077,43,120000,0,user_33,469,469,
5084,44,120000,56200,user_39,469,469,
5057,45,110000,0,user_14,469,469,
5059,46,110000,5630,user_16,469,469,
5072,47,110000,0,user_26,469,469,
5087,48,100000,0,user_42,469,469,
5061,49,84000,0,user_16,469,469,
5088,50,77000,0,user_43,469,469,
5090,51,77000,0,user_45,469,469,
5067,52,70000,0,user_19,469,469,
5198,,1000000,0,user_0,470,,
5199,,120000,21800,user_1,470,,
5200,,1400000,1100000,user_2,470,,
5201,,1300000,181000,user_3,470,,
5202,,1000000,0,user_3,470,,
5203,,260000,0,user_4,470,,
5204,,79000,0,user_4,470,,
5205,,2000000,0,user_6,470,,
5206,,5200000,0,user_7,470,,
5207,,120000,146000,user_7,470,,
5208,,1400000,0,user_8,470,,
5209,,5000000,0,user_10,470,,
5210,,310000,0,user_10,470,,
5211,,530000,0,user_11,470,,
5212,,110000,128000,user_12,470,,
5213,,2100000,0,user_13,470,,
5214,,160000,0,user_15,470,,
5215,,1500000,0,user_16,470,,
5216,,370000,0,user_17,470,,
5217,,160000,0,user_18,470,,
5218,,150000,0,user_18,470,,
5219,,120000,0,user_18,470,,
5220,,110000,0,user_18,470,,
5221,,70000,0,user_18,470,,
5222,,420000,0,user_19,470,,
5223,,350000,0,user_23,470,,
5224,,1100000,0,user_23,470,,
5225,,530000,0,user_24,470,,
5226,,1600000,0,user_25,470,,
5227,,1100000,0,user_26,470,,
5228,,420000,0,user_26,470,,
5229,,1900000,0,user_26,470,,
5230,,470000,0,user_26,470,,
5231,,2000000,0,user_27,470,,
5232,,160000,35600,user_28,470,,
5233,,370000,36800,user_30,470,,
5234,,420000,0,user_33,470,,
5235,,530000,0,user_35,470,,
5236,,2600000,0,user_36,470,,
5237,,220000,0,user_37,470,,
5238,,670000,296000,user_37,470,,
5239,,30000000,0,user_37,470,,
5240,,220000,0,user_37,470,,
5241,,110000,0,user_38,470,,
5242,,1200000,161000,user_39,470,,
5243,,110000,0,user_40,470,,
5244,,1000000,0,user_42,470,,
5245,,1500000,0,user_44,470,,
5246,,2400000,0,user_45,470,,
5247,,70000,0,user_46,470,,
5248,,98000,0,user_49,470,,
5239,0,30000000,0,user_37,470,470,
5206,1,5200000,0,user_7,470,470,
5209,2,5000000,0,user_10,470,470,
5236,3,2600000,0,user_36,470,470,
5246,4,2400000,0,user_45,470,470,
5213,5,2100000,0,user_13,470,470,
5205,6,2000000,0,user_6,470,470,
5231,7,2000000,0,user_27,470,470,
5229,8,1900000,0,user_26,470,470,
5226,9,1600000,0,user_25,470,470,
5215,10,1500000,0,user_16,470,470,
5245,11,1500000,0,user_44,470,470,
5200,12,1400000,1100000,user_2,470,470,
5208,13,1400000,0,user_8,470,470,
5201,14,1300000,181000,user_3,470,470,
5242,15,1200000,161000,user_39,470,470,
5224,16,1100000,0,user_23,470,470,
5227,17,1100000,0,user_26,470,470,
5198,18,1000000,0,user_0,470,470,
5202,19,1000000,0,user_3,470,470,
5244,20,1000000,0,user_42,470,470,
5238,21,670000,296000,user_37,470,470,
5211,22,530000,0,user_11,470,470,
5235,23,530000,0,user_35,470,470,
5230,24,470000,0,user_26,470,470,
5228,25,420000,0,user_26,470,470,
5234,26,420000,0,user_33,470,470,
5216,27,370000,0,user_17,470,470,
5233,28,370000,36800,user_30,470,470,
5223,29,350000,0,user_23,470,470,
5210,30,310000,0,user_10,470,470,
5203,31,260000,0,user_4,470,470,
5237,32,220000,0,user_37,470,470,
5240,33,220000,0,user_37,470,470,
5214,34,160000,0,user_15,470,470,
5217,35,160000,0,user_18,470,470,
5218,36,150000,0,user_18,470,470,
5199,37,120000,21800,user_1,470,470,
5207,38,120000,146000,user_7,470,470,
5219,39,120000,0,user_18,470,470,
5212,40,110000,128000,user_12,470,470,
5220,41,110000,0,user_18,470,470,
5243,42,110000,0,user_40,470,470,
5248,43,98000,0,user_49,470,470,
5204,44,79000,0,user_4,470,470,
5221,45,70000,0,user_18,470,470,
5247,46,70000,0,user_46,470,470,
5313,,5000000,0,user_1,471,,
5314,,370000,0,user_1,471,,
5315,,85000,0,user_4,471,,
5316,,1500000,18600,user_5,471,,
5317,,19000000,181000,user_6,471,,
5318,,19000000,0,user_7,471,,
5319,,630000,16400,user_8,471,,
5320,,73000,0,user_9,471,,
5321,,43000000,0,user_12,471,,
5322,,100000,0,user_18,471,,
5323,,120000,0,user_18,471,,
5324,,970000,0,user_19,471,,
5325,,5000000,0,user_21,471,,
5326,,310000,0,user_22,471,,
5327,,110000,14200,user_23,471,,
5328,,2000000,0,user_24,471,,
5329,,120000,0,user_25,471,,
5330,,120000,0,user_25,471,,
5331,,970000,0,user_25,471,,
5332,,310000,0,user_25,471,,
5333,,420000,0,user_26,471,,
5334,,2000000,0,user_27,471,,
5335,,1700000,31700,user_29,471,,
5336,,1200000,0,user_31,471,,
5337,,120000,0,user_34,471,,
5338,,120000,0,user_34,471,,
5339,,360000,17000,user_34,471,,
5340,,3500000,0,user_35,471,,
5341,,160000,0,user_36,471,,
5342,,2300000,0,user_36,471,,
5343,,5000000,0,user_36,471,,
5344,,5200000,0,user_36,471,,
5345,,1600000,0,user_37,471,,
5346,,98000,0,user_37,471,,
5347,,1300000,594000,user_38,471,,
5348,,650000,0,user_39,471,,
5349,,43000000,1100000,user_40,471,,
5350,,190000,0,user_40,471,,
5351,,160000,0,user_41,471,,
5352,,1600000,15300,user_43,471,,
5353,,2400000,0,user_44,471,,
5354,,5000000,5180,user_45,471,,
5355,,1700000,0,user_48,471,,
5401,0,0,0,builder_6,471,471,5349
5349,1,43000000,1100000,user_40,471,471,
5321,2,43000000,0,user_12,471,471,
5402,3,0,0,builder_6,471,471,5317
5317,4,19000000,181000,user_6,471,471,
5318,5,19000000,0,user_7,471,471,
5344,6,5200000,0,user_36,471,471,
5403,7,0,0,builder_6,471,471,5354
5354,8,5000000,5180,user_45,471,471,
5313,9,5000000,0,user_1,471,471,
5325,10,5000000,0,user_21,471,471,
5343,11,5000000,0,user_36,471,471,
5340,12,3500000,0,user_35,471,471,
5353,13,2400000,0,user_44,471,471,
5342,14,2300000,0,user_36,471,471,
5328,15,2000000,0,user_24,471,471,
5334,16,2000000,0,user_27,471,471,
5404,17,0,0,builder_6,471,471,5347
5347,18,1300000,594000,user_38,471,471,
5405,19,0,0,builder_6,471,471,5335
5335,20,1700000,31700,user_29,471,471,
5355,21,1700000,0,user_48,471,471,
5345,22,1600000,0,user_37,471,471,
5406,23,0,0,builder_6,471,471,5316
5316,24,1500000,18600,user_5,471,471,
5336,25,1200000,0,user_31,471,471,
5324,26,970000,0,user_19,471,471,
5331,27,970000,0,user_25,471,471,
5348,28,650000,0,user_39,471,471,
5407,29,0,0,builder_6,471,471,5319
5319,30,630000,16400,user_8,471,471,
5314,31,370000,0,user_1,471,471,
5332,32,310000,0,user_25,471,471,
5350,33,190000,0,user_40,471,471,
5341,34,160000,0,user_36,471,471,
5351,35,160000,0,user_41,471,471,
5327,36,110000,14200,user_23,471,471,
5408,37,0,0,builder_6,471,471,5327
5323,38,120000,0,user_18,471,471,
5329,39,120000,0,user_25,471,471,
5330,40,120000,0,user_25,471,471,
5322,41,100000,0,user_18,471,471,
5346,42,98000,0,user_37,471,471,
5315,43,85000,0,user_4,471,471,
5320,44,73000,0,user_9,471,471,
5421,,170000,0,user_0,472,,
5422,,600000,0,user_1,472,,
5423,,85000,0,user_4,472,,
5424,,2000000,0,user_5,472,,
5425,,160000,0,user_6,472,,
5426,,3500000,0,user_8,472,,
5427,,85000,779000,user_8,472,,
5428,,320000,0,user_9,472,,
5429,,970000,0,user_11,472,,
5430,,350000,0,user_11,472,,
5431,,98000,0,user_14,472,,
5432,,70000,0,user_15,472,,
5433,,120000,0,user_16,472,,
5434,,1100000,0,user_16,472,,
5435,,6300000,56200,user_17,472,,
5436,,5000000,0,user_18,472,,
5437,,1000000,0,user_19,472,,
5438,,630000,0,user_20,472,,
5439,,530000,0,user_20,472,,
5440,,85000,0,user_21,472,,
5441,,2000000,39400,user_22,472,,
5442,,970000,0,user_24,472,,
5443,,1100000,0,user_25,472,,
5444,,19000000,0,user_25,472,,
5445,,87000,0,user_25,472,,
5446,,220000,0,user_25,472,,
5447,,170000,0,user_25,472,,
5448,,470000,0,user_27,472,,
5449,,1500000,0,user_29,472,,
5450,,120000,35600,user_30,472,,
5451,,530000,0,user_31,472,,
5452,,79000,64600,user_32,472,,
5453,,460000,10700,user_33,472,,
5454,,5200000,4320000,user_33,472,,
5455,,1700000,0,user_35,472,,
5456,,170000,0,user_36,472,,
5457,,150000,0,user_37,472,,
5458,,420000,39400,user_37,472,,
5459,,5000000,0,user_37,472,,
5460,,170000,0,user_38,472,,
5461,,2000000,0,user_40,472,,
5462,,6100000,0,user_41,472,,
5463,,1000000,0,user_42,472,,
5464,,240000,0,user_43,472,,
5465,,2100000,0,user_45,472,,
5466,,70000,0,user_45,472,,
5467,,2000000,0,user_47,472,,
5468,,670000,0,user_49,472,,
5444,0,19000000,0,user_25,472,472,
5435,1,6300000,56200,user_17,472,472,
5462,2,6100000,0,user_41,472,472,
5454,3,5200000,4320000,user_33,472,472,
5436,4,5000000,0,user_18,472,472,
5459,5,5000000,0,user_37,472,472,
5426,6,3500000,0,user_8,472,472,
5465,7,2100000,0,user_45,472,472,
5424,8,2000000,0,user_5,472,472,
5441,9,2000000,39400,user_22,472,472,
5461,10,2000000,0,user_40,472,472,
5467,11,2000000,0,user_47,472,472,
5455,12,1700000,0,user_35,472,472,
5449,13,1500000,0,user_29,472,472,
5434,14,1100000,0,user_16,472,472,
5443,15,1100000,0,user_25,472,472,
5463,16,1000000,0,user_42,472,472,
5429,17,970000,0,user_11,472,472,
5468,18,670000,0,user_49,472,472,
5438,19,630000,0,user_20,472,472,
5422,20,600000,0,user_1,472,472,
5439,21,530000,0,user_20,472,472,
5451,22,530000,0,user_31,472,472,
5448,23,470000,0,user_27,472,472,
5453,24,460000,10700,user_33,472,472,
5458,25,420000,39400,user_37,472,472,
5430,26,350000,0,user_11,472,472,
5464,27,240000,0,user_43,472,472,
5446,28,220000,0,user_25,472,472,
5421,29,170000,0,user_0,472,472,
5447,30,170000,0,user_25,472,472,
5456,31,170000,0,user_36,472,472,
5425,32,160000,0,user_6,472,472,
5457,33,150000,0,user_37,472,472,
5433,34,120000,0,user_16,472,472,
5450,35,120000,35600,user_30,472,472,
5445,36,87000,0,user_25,472,472,
5423,37,85000,0,user_4,472,472,
5427,38,85000,779000,user_8,472,472,
5440,39,85000,0,user_21,472,472,
5432,40,70000,0,user_15,472,472,
5466,41,70000,0,user_45,472,472,
5525,,160000,0,user_0,473,,
5526,,2100000,0,user_3,473,,
5527,,170000,0,user_4,473,,
5528,,87000,0,user_6,473,,
5529,,160000,0,user_9,473,,
5530,,370000,0,user_10,473,,
5531,,1100000,0,user_11,473,,
5532,,3500000,0,user_14,473,,
5533,,2100000,769000,user_15,473,,
5534,,98000,769000,user_16,473,,
5535,,82000,0,user_16,473,,
5536,,1000000,0,user_16,473,,
5537,,630000,0,user_16,473,,
5538,,420000,0,user_17,473,,
5539,,660000,0,user_17,473,,
5540,,150000,0,user_17,473,,
5541,,260000,0,user_17,473,,
5542,,160000,0,user_17,473,,
5543,,79000,100000,user_18,473,,
5544,,160000,0,user_19,473,,
5545,,1200000,0,user_20,473,,
5546,,84000,23500,user_20,473,,
5547,,1400000,0,user_21,473,,
5548,,2400000,0,user_22,473,,
5549,,260000,594000,user_23,473,,
5550,,3500000,0,user_24,473,,
5551,,2300000,16400,user_24,473,,
5552,,120000,0,user_25,473,,
5553,,110000,24700,user_26,473,,
5554,,120000,0,user_27,473,,
5555,,370000,0,user_28,473,,
5556,,260000,161000,user_28,473,,
5557,,150000,0,user_29,473,,
5558,,340000,33300,user_30,473,,
5559,,110000,84800,user_31,473,,
5560,,160000,594000,user_32,473,,
5561,,630000,0,user_33,473,,
5562,,630000,75000,user_34,473,,
5563,,110000,0,user_35,473,,
5564,,460000,322000,user_35,473,,
5565,,82000,0,user_36,473,,
5566,,170000,0,user_36,473,,
5567,,1100000,0,user_37,473,,
5568,,910000,0,user_39,473,,
5569,,2500000,0,user_40,473,,
5570,,80000,15300,user_40,473,,
5571,,1900000,0,user_44,473,,
5572,,1200000,959000,user_45,473,,
5573,,2100000,231000,user_47,473,,
5574,,120000,0,user_48,473,,
5575,,320000,0,user_49,473,,
5576,,310000,0,user_49,473,,
5532,0,3500000,0,user_14,473,473,
5550,1,3500000,0,user_24,473,473,
5569,2,2500000,0,user_40,473,473,
5548,3,2400000,0,user_22,473,473,
5551,4,2300000,16400,user_24,473,473,
5526,5,2100000,0,user_3,473,473,
5533,6,2100000,769000,user_15,473,473,
5573,7,2100000,231000,user_47,473,473,
5571,8,1900000,0,user_44,473,473,
5547,9,1400000,0,user_21,473,473,
5545,10,1200000,0,user_20,473,473,
5572,11,1200000,959000,user_45,473,473,
5531,12,1100000,0,user_11,473,473,
5567,13,1100000,0,user_37,473,473,
5536,14,1000000,0,user_16,473,473,
5568,15,910000,0,user_39,473,473,
5539,16,660000,0,user_17,473,473,
5537,17,630000,0,user_16,473,473,
5561,18,630000,0,user_33,473,473,
5562,19,630000,75000,user_34,473,473,
5564,20,460000,322000,user_35,473,473,
5538,21,420000,0,user_17,473,473,
5555,22,370000,0,user_28,473,473,
5558,23,340000,33300,user_30,473,473,
5575,24,320000,0,user_49,473,473,
5576,25,310000,0,user_49,473,473,
5541,26,260000,0,user_17,473,473,
5549,27,260000,594000,user_23,473,473,
5556,28,260000,161000,user_28,473,473,
5527,29,170000,0,user_4,473,473,
5525,30,160000,0,user_0,473,473,
5542,31,160000,0,user_17,473,473,
5544,32,160000,0,user_19,473,473,
5560,33,160000,594000,user_32,473,473,
5540,34,150000,0,user_17,473,473,
5557,35,150000,0,user_29,473,473,
5552,36,120000,0,user_25,473,473,
5553,37,110000,24700,user_26,473,473,
5559,38,110000,84800,user_31,473,473,
5563,39,110000,0,user_35,473,473,
5534,40,98000,769000,user_16,473,473,
5528,41,87000,0,user_6,473,473,
5546,42,84000,23500,user_20,473,473,
5535,43,82000,0,user_16,473,473,
5570,44,80000,15300,user_40,473,473,
5543,45,79000,100000,user_18,473,473,
5685,,3500000,0,user_0,474,,
5686,,160000,0,user_1,474,,
5687,,220000,0,user_2,474,,
5688,,310000,0,user_3,474,,
5689,,1500000,0,user_5,474,,
5690,,150000,15100,user_5,474,,
5691,,120000,0,user_5,474,,
5692,,350000,0,user_6,474,,
5693,,2500000,0,user_7,474,,
5694,,150000,13800,user_8,474,,
5695,,150000,0,user_9,474,,
5696,,5000000,0,user_10,474,,
5697,,98000,0,user_11,474,,
5698,,2500000,16400,user_14,474,,
5699,,120000,0,user_15,474,,
5700,,150000,0,user_15,474,,
5701,,3600000,0,user_17,474,,
5702,,98000,0,user_18,474,,
5703,,1700000,0,user_19,474,,
5704,,150000,0,user_20,474,,
5705,,600000,0,user_23,474,,
5706,,460000,0,user_23,474,,
5707,,970000,0,user_24,474,,
5708,,310000,0,user_25,474,,
5709,,73000,0,user_26,474,,
5710,,120000,285000,user_27,474,,
5711,,190000,35600,user_28,474,,
5712,,2300000,0,user_29,474,,
5713,,2000000,215000,user_29,474,,
5714,,650000,410000,user_30,474,,
5715,,30000000,0,user_30,474,,
5716,,1600000,0,user_30,474,,
5717,,970000,0,user_30,474,,
5718,,310000,0,user_30,474,,
5719,,2500000,5630,user_31,474,,
5720,,4200000,0,user_31,474,,
5721,,160000,0,user_32,474,,
5722,,6300000,0,user_32,474,,
5723,,1000000,0,user_33,474,,
5724,,2000000,256000,user_34,474,,
5725,,1600000,0,user_34,474,,
5726,,160000,0,user_34,474,,
5727,,85000,0,user_34,474,,
5728,,630000,0,user_34,474,,
5729,,1600000,39400,user_35,474,,
5730,,2600000,0,user_36,474,,
5731,,83000,0,user_37,474,,
5732,,420000,0,user_38,474,,
5733,,170000,0,user_39,474,,
5734,,170000,47700,user_40,474,,
5735,,370000,0,user_41,474,,
5736,,1400000,0,user_42,474,,
5737,,110000,0,user_44,474,,
5738,,150000,84800,user_45,474,,
5739,,4200000,0,user_45,474,,
5740,,310000,0,user_46,474,,
5741,,6300000,510000,user_48,474,,
5742,,1000000,0,user_48,474,,
5743,,300000,0,user_48,474,,
5744,,600000,0,user_48,474,,
5715,0,30000000,0,user_30,474,474,
5722,1,6300000,0,user_32,474,474,
5741,2,6300000,510000,user_48,474,474,
5696,3,5000000,0,user_10,474,474,
5720,4,4200000,0,user_31,474,474,
5739,5,4200000,0,user_45,474,474,
5701,6,3600000,0,user_17,474,474,
5685,7,3500000,0,user_0,474,474,
5730,8,2600000,0,user_36,474,474,
5693,9,2500000,0,user_7,474,474,
5698,10,2500000,16400,user_14,474,474,
5719,11,2500000,5630,user_31,474,474,
5712,12,2300000,0,user_29,474,474,
5713,13,2000000,215000,user_29,474,474,
5724,14,2000000,256000,user_34,474,474,
5703,15,1700000,0,user_19,474,474,
5716,16,1600000,0,user_30,474,474,
5725,17,1600000,0,user_34,474,474,
5729,18,1600000,39400,user_35,474,474,
5689,19,1500000,0,user_5,474,474,
5736,20,1400000,0,user_42,474,474,
5723,21,1000000,0,user_33,474,474,
5742,22,1000000,0,user_48,474,474,
5707,23,970000,0,user_24,474,474,
5717,24,970000,0,user_30,474,474,
5714,25,650000,410000,user_30,474,474,
5728,26,630000,0,user_34,474,474,
5705,27,600000,0,user_23,474,474,
5744,28,600000,0,user_48,474,474,
5706,29,460000,0,user_23,474,474,
5732,30,420000,0,user_38,474,474,
5735,31,370000,0,user_41,474,474,
5692,32,350000,0,user_6,474,474,
5688,33,310000,0,user_3,474,474,
5708,34,310000,0,user_25,474,474,
5718,35,310000,0,user_30,474,474,
5740,36,310000,0,user_46,474,474,
5743,37,300000,0,user_48,474,474,
5687,38,220000,0,user_2,474,474,
5734,39,170000,47700,user_40,474,474,
5721,40,160000,0,user_32,474,474,
5726,41,160000,0,user_34,474,474,
5690,42,150000,15100,user_5,474,474,
5694,43,150000,13800,user_8,474,474,
5695,44,150000,0,user_9,474,474,
5700,45,150000,0,user_15,474,474,
5704,46,150000,0,user_20,474,474,
5738,47,150000,84800,user_45,474,474,
5691,48,120000,0,user_5,474,474,
5699,49,120000,0,user_15,474,474,
5710,50,120000,285000,user_27,474,474,
5737,51,110000,0,user_44,474,474,
5697,52,98000,0,user_11,474,474,
5702,53,98000,0,user_18,474,474,
5727,54,85000,0,user_34,474,474,
5835,,120000,0,user_0,475,,
5836,,910000,0,user_1,475,,
5837,,420000,0,user_3,475,,
5838,,1000000,0,user_4,475,,
5839,,1500000,0,user_6,475,,
5840,,220000,4320000,user_7,475,,
5841,,460000,0,user_10,475,,
5842,,220000,0,user_12,475,,
5843,,1500000,0,user_13,475,,
5844,,82000,0,user_14,475,,
5845,,870000,0,user_15,475,,
5846,,150000,0,user_16,475,,
5847,,79000,0,user_18,475,,
5848,,1600000,0,user_19,475,,
5849,,130000,0,user_20,475,,
5850,,3200000,0,user_21,475,,
5851,,100000,14200,user_22,475,,
5852,,1400000,0,user_22,475,,
5853,,160000,0,user_24,475,,
5854,,19000000,13900,user_24,475,,
5855,,1600000,11200,user_24,475,,
5856,,73000,32900,user_25,475,,
5857,,83000,0,user_25,475,,
5858,,650000,0,user_29,475,,
5859,,2000000,0,user_31,475,,
5860,,660000,0,user_33,475,,
5861,,85000,0,user_33,475,,
5862,,1100000,0,user_34,475,,
5863,,5000000,0,user_38,475,,
5864,,1900000,0,user_39,475,,
5865,,1200000,33100,user_40,475,,
5866,,19000000,0,user_41,475,,
5867,,1700000,0,user_41,475,,
5868,,300000,0,user_44,475,,
5869,,170000,0,user_45,475,,
5870,,170000,0,user_46,475,,
5871,,3200000,155000,user_46,475,,
5872,,1500000,0,user_48,475,,
5873,,1500000,0,user_48,475,,
5874,,5200000,0,user_49,475,,
5854,0,19000000,13900,user_24,475,475,
5885,1,0,0,builder_2,475,475,5854
5866,2,19000000,0,user_41,475,475,
5874,3,5200000,0,user_49,475,475,
5863,4,5000000,0,user_38,475,475,
5886,5,0,0,builder_2,475,475,5871
5871,6,3200000,155000,user_46,475,475,
5850,7,3200000,0,user_21,475,475,
5859,8,2000000,0,user_31,475,475,
5864,9,1900000,0,user_39,475,475,
5867,10,1700000,0,user_41,475,475,
5887,11,0,0,builder_2,475,475,5855
5855,12,1600000,11200,user_24,475,475,
5848,13,1600000,0,user_19,475,475,
5839,14,1500000,0,user_6,475,475,
5843,15,1500000,0,user_13,475,475,
5872,16,1500000,0,user_48,475,475,
5873,17,1500000,0,user_48,475,475,
5852,18,1400000,0,user_22,475,475,
5865,19,1200000,33100,user_40,475,475,
5888,20,0,0,builder_2,475,475,5865
5862,21,1100000,0,user_34,475,475,
5836,22,910000,0,user_1,475,475,
5845,23,870000,0,user_15,475,475,
5858,24,650000,0,user_29,475,475,
5841,25,460000,0,user_10,475,475,
5837,26,420000,0,user_3,475,475,
5869,27,170000,0,user_45,475,475,
5870,28,170000,0,user_46,475,475,
5853,29,160000,0,user_24,475,475,
5846,30,150000,0,user_16,475,475,
5835,31,120000,0,user_0,475,475,
5851,32,100000,14200,user_22,475,475,
5889,33,0,0,builder_2,475,475,5851
5856,34,73000,32900,user_25,475,475,
5890,35,0,0,builder_2,475,475,5856
5857,36,83000,0,user_25,475,475,
5844,37,82000,0,user_14,475,475,
5922,,130000,0,user_0,476,,
5923,,150000,0,user_1,476,,
5924,,30000000,0,user_2,476,,
5925,,660000,0,user_2,476,,
5926,,1600000,0,user_3,476,,
5927,,5000000,215000,user_4,476,,
5928,,310000,7190000,user_4,476,,
5929,,910000,12300,user_5,476,,
5930,,6100000,18600,user_6,476,,
5931,,420000,0,user_7,476,,
5932,,1700000,0,user_9,476,,
5933,,970000,0,user_10,476,,
5934,,1500000,75000,user_12,476,,
5935,,3200000,0,user_12,476,,
5936,,1500000,0,user_12,476,,
5937,,4500000,0,user_12,476,,
5938,,2100000,0,user_13,476,,
5939,,150000,164000,user_14,476,,
5940,,220000,0,user_17,476,,
5941,,870000,15300,user_17,476,,
5942,,82000,13900,user_17,476,,
5943,,1000000,0,user_19,476,,
5944,,1000000,0,user_19,476,,
5945,,150000,0,user_20,476,,
5946,,5000000,0,user_20,476,,
5947,,5000000,0,user_23,476,,
5948,,910000,0,user_24,476,,
5949,,320000,0,user_26,476,,
5950,,80000,0,user_27,476,,
5951,,2400000,0,user_29,476,,
5952,,360000,0,user_31,476,,
5953,,100000,0,user_33,476,,
5954,,370000,0,user_33,476,,
5955,,73000,0,user_34,476,,
5956,,4500000,0,user_34,476,,
5957,,300000,0,user_35,476,,
5958,,150000,0,user_36,476,,
5959,,190000,7190000,user_37,476,,
5960,,1200000,0,user_38,476,,
5961,,1000000,0,user_39,476,,
5962,,160000,0,user_39,476,,
5963,,1500000,0,user_40,476,,
5964,,1900000,0,user_41,476,,
5965,,98000,0,user_42,476,,
5966,,360000,0,user_42,476,,
5967,,84000,0,user_43,476,,
5968,,3500000,0,user_45,476,,
5969,,79000,0,user_45,476,,
5970,,5000000,0,user_46,476,,
5971,,2300000,3130,user_47,476,,
5972,,6300000,0,user_47,476,,
5973,,160000,0,user_47,476,,
5974,,3600000,0,user_48,476,,
5975,,5000000,181000,user_49,476,,
5924,0,30000000,0,user_2,476,476,
5972,1,6300000,0,user_47,476,476,
5930,2,6100000,18600,user_6,476,476,
5927,3,5000000,215000,user_4,476,476,
5946,4,5000000,0,user_20,476,476,
5947,5,5000000,0,user_23,476,476,
5970,6,5000000,0,user_46,476,476,
5975,7,5000000,181000,user_49,476,476,
5937,8,4500000,0,user_12,476,476,
5956,9,4500000,0,user_34,476,476,
5974,10,3600000,0,user_48,476,476,
5968,11,3500000,0,user_45,476,476,
5935,12,3200000,0,user_12,476,476,
5951,13,2400000,0,user_29,476,476,
5971,14,2300000,3130,user_47,476,476,
5938,15,2100000,0,user_13,476,476,
5932,16,1700000,0,user_9,476,476,
5934,17,1500000,75000,user_12,476,476,
5936,18,1500000,0,user_12,476,476,
5963,19,1500000,0,user_40,476,476,
5960,20,1200000,0,user_38,476,476,
5943,21,1000000,0,user_19,476,476,
5944,22,1000000,0,user_19,476,476,
5961,23,1000000,0,user_39,476,476,
5933,24,970000,0,user_10,476,476,
5929,25,910000,12300,user_5,476,476,
5948,26,910000,0,user_24,476,476,
5941,27,870000,15300,user_17,476,476,
5925,28,660000,0,user_2,476,476,
5931,29,420000,0,user_7,476,476,
5952,30,360000,0,user_31,476,476,
5966,31,360000,0,user_42,476,476,
5949,32,320000,0,user_26,476,476,
5928,33,310000,7190000,user_4,476,476,
5957,34,300000,0,user_35,476,476,
5940,35,220000,0,user_17,476,476,
5959,36,190000,7190000,user_37,476,476,
5962,37,160000,0,user_39,476,476,
5973,38,160000,0,user_47,476,476,
5923,39,150000,0,user_1,476,476,
5939,40,150000,164000,user_14,476,476,
5945,41,150000,0,user_20,476,476,
5922,42,130000,0,user_0,476,476,
5965,43,98000,0,user_42,476,476,
5942,44,82000,13900,user_17,476,476,
5969,45,79000,0,user_45,476,476,
5955,46,73000,0,user_34,476,476,
6051,,370000,0,user_0,477,,
6052,,2300000,0,user_2,477,,
6053,,1600000,0,user_3,477,,
6054,,170000,0,user_4,477,,
6055,,310000,0,user_4,477,,
6056,,420000,0,user_5,477,,
6057,,70000,0,user_6,477,,
6058,,150000,0,user_6,477,,
6059,,3500000,0,user_7,477,,
6060,,1500000,0,user_8,477,,
6061,,420000,0,user_8,477,,
6062,,1500000,0,user_10,477,,
6063,,2000000,66100,user_11,477,,
6064,,120000,0,user_15,477,,
6065,,110000,19700,user_15,477,,
6066,,320000,0,user_16,477,,
6067,,30000000,0,user_17,477,,
6068,,110000,0,user_17,477,,
6069,,110000,350000,user_18,477,,
6070,,1800000,0,user_19,477,,
6071,,82000,0,user_20,477,,
6072,,80000,0,user_21,477,,
6073,,2300000,0,user_21,477,,
6074,,260000,0,user_21,477,,
6075,,2100000,0,user_21,477,,
6076,,4500000,161000,user_21,477,,
6077,,170000,0,user_23,477,,
6078,,110000,0,user_23,477,,
6079,,1100000,0,user_23,477,,
6080,,98000,0,user_24,477,,
6081,,83000,0,user_25,477,,
6082,,1600000,0,user_29,477,,
6083,,110000,0,user_33,477,,
6084,,77000,0,user_33,477,,
6085,,19000000,0,user_34,477,,
6086,,240000,0,user_35,477,,
6087,,30000000,0,user_35,477,,
6088,,1500000,0,user_36,477,,
6089,,79000,0,user_37,477,,
6090,,120000,0,user_38,477,,
6091,,220000,0,user_38,477,,
6092,,2000000,0,user_39,477,,
6093,,660000,0,user_40,477,,
6094,,80000,56200,user_41,477,,
6095,,100000,164000,user_42,477,,
6096,,27000000,0,user_43,477,,
6097,,1200000,0,user_43,477,,
6098,,1000000,0,user_44,477,,
6099,,220000,0,user_44,477,,
6100,,160000,195000,user_46,477,,
6101,,220000,23500,user_47,477,,
6102,,1600000,0,user_47,477,,
6103,,160000,0,user_48,477,,
6104,,4500000,0,user_49,477,,
6067,0,30000000,0,user_17,477,477,
6087,1,30000000,0,user_35,477,477,
6096,2,27000000,0,user_43,477,477,
6085,3,19000000,0,user_34,477,477,
6076,4,4500000,161000,user_21,477,477,
6104,5,4500000,0,user_49,477,477,
6059,6,3500000,0,user_7,477,477,
6052,7,2300000,0,user_2,477,477,
6073,8,2300000,0,user_21,477,477,
6075,9,2100000,0,user_21,477,477,
6063,10,2000000,66100,user_11,477,477,
6092,11,2000000,0,user_39,477,477,
6053,12,1600000,0,user_3,477,477,
6082,13,1600000,0,user_29,477,477,
6102,14,1600000,0,user_47,477,477,
6060,15,1500000,0,user_8,477,477,
6062,16,1500000,0,user_10,477,477,
6088,17,1500000,0,user_36,477,477,
6097,18,1200000,0,user_43,477,477,
6079,19,1100000,0,user_23,477,477,
6098,20,1000000,0,user_44,477,477,
6093,21,660000,0,user_40,477,477,
6056,22,420000,0,user_5,477,477,
6061,23,420000,0,user_8,477,477,
6051,24,370000,0,user_0,477,477,
6066,25,320000,0,user_16,477,477,
6055,26,310000,0,user_4,477,477,
6074,27,260000,0,user_21,477,477,
6086,28,240000,0,user_35,477,477,
6099,29,220000,0,user_44,477,477,
6101,30,220000,23500,user_47,477,477,
6054,31,170000,0,user_4,477,477,
6077,32,170000,0,user_23,477,477,
6100,33,160000,195000,user_46,477,477,
6058,34,150000,0,user_6,477,477,
6064,35,120000,0,user_15,477,477,
6065,36,110000,19700,user_15,477,477,
6068,37,110000,0,user_17,477,477,
6069,38,110000,350000,user_18,477,477,
6078,39,110000,0,user_23,477,477,
6083,40,110000,0,user_33,477,477,
6095,41,100000,164000,user_42,477,477,
6081,42,83000,0,user_25,477,477,
6071,43,82000,0,user_20,477,477,
6072,44,80000,0,user_21,477,477,
6094,45,80000,56200,user_41,477,477,
6089,46,79000,0,user_37,477,477,
6084,47,77000,0,user_33,477,477,
6057,48,70000,0,user_6,477,477,
6158,,2500000,13800,user_0,478,,
6159,,1100000,0,user_1,478,,
6160,,2600000,0,user_2,478,,
6161,,870000,0,user_3,478,,
6162,,190000,0,user_3,478,,
6163,,160000,0,user_3,478,,
6164,,670000,0,user_3,478,,
6165,,82000,0,user_3,478,,
6166,,220000,0,user_4,478,,
6167,,1200000,0,user_7,478,,
6168,,80000,0,user_8,478,,
6169,,80000,155000,user_11,478,,
6170,,2400000,0,user_13,478,,
6171,,170000,0,user_14,478,,
6172,,120000,0,user_14,478,,
6173,,370000,0,user_15,478,,
6174,,150000,0,user_15,478,,
6175,,600000,0,user_15,478,,
6176,,6300000,0,user_15,478,,
6177,,600000,14200,user_18,478,,
6178,,660000,0,user_18,478,,
6179,,370000,0,user_18,478,,
6180,,98000,0,user_19,478,,
6181,,460000,0,user_19,478,,
6182,,79000,0,user_21,478,,
6183,,83000,0,user_22,478,,
6184,,220000,0,user_22,478,,
6185,,84000,0,user_23,478,,
6186,,1200000,0,user_23,478,,
6187,,83000,0,user_24,478,,
6188,,4200000,0,user_26,478,,
6189,,2100000,0,user_28,478,,
6190,,2000000,0,user_30,478,,
6191,,120000,0,user_31,478,,
6192,,77000,23500,user_32,478,,
6193,,310000,0,user_33,478,,
6194,,260000,0,user_34,478,,
6195,,120000,0,user_34,478,,
6196,,3500000,0,user_34,478,,
6197,,120000,0,user_34,478,,
6198,,420000,0,user_35,478,,
6199,,110000,0,user_37,478,,
6200,,4200000,0,user_38,478,,
6201,,120000,0,user_39,478,,
6202,,160000,0,user_40,478,,
6203,,1500000,0,user_41,478,,
6204,,1700000,0,user_44,478,,
6205,,910000,21800,user_44,478,,
6206,,630000,0,user_48,478,,
6207,,460000,0,user_49,478,,
6208,,70000,0,user_49,478,,
6176,0,6300000,0,user_15,478,478,
6188,1,4200000,0,user_26,478,478,
6200,2,4200000,0,user_38,478,478,
6196,3,3500000,0,user_34,478,478,
6160,4,2600000,0,user_2,478,478,
6158,5,2500000,13800,user_0,478,478,
6221,6,0,0,builder_3,478,478,6158
6170,7,2400000,0,user_13,478,478,
6189,8,2100000,0,user_28,478,478,
6190,9,2000000,0,user_30,478,478,
6204,10,1700000,0,user_44,478,478,
6203,11,1500000,0,user_41,478,478,
6167,12,1200000,0,user_7,478,478,
6186,13,1200000,0,user_23,478,478,
6205,14,910000,21800,user_44,478,478,
6222,15,0,0,builder_3,478,478,6205
6161,16,870000,0,user_3,478,478,
6164,17,670000,0,user_3,478,478,
6178,18,660000,0,user_18,478,478,
6206,19,630000,0,user_48,478,478,
6177,20,600000,14200,user_18,478,478,
6223,21,0,0,builder_3,478,478,6177
6175,22,600000,0,user_15,478,478,
6181,23,460000,0,user_19,478,478,
6207,24,460000,0,user_49,478,478,
6198,25,420000,0,user_35,478,478,
6173,26,370000,0,user_15,478,478,
6179,27,370000,0,user_18,478,478,
6193,28,310000,0,user_33,478,478,
6194,29,260000,0,user_34,478,478,
6224,30,0,0,builder_3,478,478,6169
6169,31,80000,155000,user_11,478,478,
6166,32,220000,0,user_4,478,478,
6184,33,220000,0,user_22,478,478,
6162,34,190000,0,user_3,478,478,
6171,35,170000,0,user_14,478,478,
6163,36,160000,0,user_3,478,478,
6202,37,160000,0,user_40,478,478,
6174,38,150000,0,user_15,478,478,
6172,39,120000,0,user_14,478,478,
6191,40,120000,0,user_31,478,478,
6195,41,120000,0,user_34,478,478,
6197,42,120000,0,user_34,478,478,
6201,43,120000,0,user_39,478,478,
6199,44,110000,0,user_37,478,478,
6192,45,77000,23500,user_32,478,478,
6225,46,0,0,builder_3,478,478,6192
6180,47,98000,0,user_19,478,478,
6185,48,84000,0,user_23,478,478,
6183,49,83000,0,user_22,478,478,
6187,50,83000,0,user_24,478,478,
6165,51,82000,0,user_3,478,478,
6182,52,79000,0,user_21,478,478,
6208,53,70000,0,user_49,478,478,
6247,,2000000,0,user_2,479,,
6248,,43000000,0,user_3,479,,
6249,,1800000,0,user_4,479,,
6250,,130000,15300,user_5,479,,
6251,,1000000,0,user_6,479,,
6252,,220000,0,user_7,479,,
6253,,1500000,0,user_9,479,,
6254,,120000,0,user_10,479,,
6255,,1400000,15300,user_10,479,,
6256,,110000,0,user_12,479,,
6257,,260000,0,user_13,479,,
6258,,1700000,31700,user_13,479,,
6259,,2000000,0,user_14,479,,
6260,,1500000,0,user_16,479,,
6261,,150000,0,user_17,479,,
6262,,3500000,0,user_17,479,,
6263,,130000,0,user_18,479,,
6264,,84000,46500,user_18,479,,
6265,,1100000,0,user_20,479,,
6266,,420000,0,user_21,479,,
6267,,110000,0,user_23,479,,
6268,,77000,0,user_25,479,,
6269,,160000,0,user_25,479,,
6270,,910000,0,user_25,479,,
6271,,170000,959000,user_26,479,,
6272,,1000000,108000,user_27,479,,
6273,,77000,84800,user_28,479,,
6274,,1400000,0,user_28,479,,
6275,,460000,0,user_28,479,,
6276,,79000,0,user_30,479,,
6277,,150000,35600,user_30,479,,
6278,,420000,0,user_31,479,,
6279,,6100000,0,user_31,479,,
6280,,420000,0,user_32,479,,
6281,,600000,510000,user_32,479,,
6282,,6100000,84800,user_33,479,,
6283,,150000,0,user_35,479,,
6284,,1500000,0,user_36,479,,
6285,,87000,0,user_36,479,,
6286,,1500000,10700,user_36,479,,
6287,,1000000,0,user_36,479,,
6288,,4500000,0,user_36,479,,
6289,,970000,0,user_37,479,,
6290,,910000,322000,user_41,479,,
6291,,630000,0,user_44,479,,
6292,,110000,0,user_44,479,,
6293,,1400000,155000,user_47,479,,
6294,,1200000,779000,user_47,479,,
6248,0,43000000,0,user_3,479,479,
6282,1,6100000,84800,user_33,479,479,
6295,2,0,0,builder_0,479,479,6282
6279,3,6100000,0,user_31,479,479,
6288,4,4500000,0,user_36,479,479,
6262,5,3500000,0,user_17,479,479,
6247,6,2000000,0,user_2,479,479,
6259,7,2000000,0,user_14,479,479,
6294,8,1200000,779000,user_47,479,479,
6296,9,0,0,builder_0,479,479,6294
6258,10,1700000,31700,user_13,479,479,
6297,11,0,0,builder_0,479,479,6258
6298,12,0,0,builder_0,479,479,6293
6293,13,1400000,155000,user_47,479,479,
6299,14,0,0,builder_0,479,479,6286
6286,15,1500000,10700,user_36,479,479,
6253,16,1500000,0,user_9,479,479,
6260,17,1500000,0,user_16,479,479,
6284,18,1500000,0,user_36,479,479,
6300,19,0,0,builder_0,479,479,6255
6255,20,1400000,15300,user_10,479,479,
6274,21,1400000,0,user_28,479,479,
6290,22,910000,322000,user_41,479,479,
6301,23,0,0,builder_0,479,479,6290
6271,24,170000,959000,user_26,479,479,
6302,25,0,0,builder_0,479,479,6271
6281,26,600000,510000,user_32,479,479,
6303,27,0,0,builder_0,479,479,6281
6272,28,1000000,108000,user_27,479,479,
6304,29,0,0,builder_0,479,479,6272
6265,30,1100000,0,user_20,479,479,
6251,31,1000000,0,user_6,479,479,
6287,32,1000000,0,user_36,479,479,
6289,33,970000,0,user_37,479,479,
6270,34,910000,0,user_25,479,479,
6291,35,630000,0,user_44,479,479,
6275,36,460000,0,user_28,479,479,
6266,37,420000,0,user_21,479,479,
6278,38,420000,0,user_31,479,479,
6280,39,420000,0,user_32,479,479,
6257,40,260000,0,user_13,479,479,
6252,41,220000,0,user_7,479,479,
6305,42,0,0,builder_0,479,479,6277
6277,43,150000,35600,user_30,479,479,
6306,44,0,0,builder_0,479,479,6273
6273,45,77000,84800,user_28,479,479,
6269,46,160000,0,user_25,479,479,
6261,47,150000,0,user_17,479,479,
6283,48,150000,0,user_35,479,479,
6307,49,0,0,builder_0,479,479,6264
6264,50,84000,46500,user_18,479,479,
6263,51,130000,0,user_18,479,479,
6254,52,120000,0,user_10,479,479,
6267,53,110000,0,user_23,479,479,
6292,54,110000,0,user_44,479,479,
6285,55,87000,0,user_36,479,479,
6276,56,79000,0,user_30,479,479,
6268,57,77000,0,user_25,479,479,
6394,,6300000,0,user_2,480,,
6395,,530000,164000,user_5,480,,
6396,,1000000,0,user_5,480,,
6397,,1100000,0,user_7,480,,
6398,,84000,0,user_8,480,,
6399,,150000,0,user_9,480,,
6400,,27000000,0,user_11,480,,
6401,,220000,0,user_12,480,,
6402,,77000,0,user_14,480,,
6403,,150000,0,user_15,480,,
6404,,650000,0,user_16,480,,
6405,,3500000,0,user_16,480,,
6406,,3200000,0,user_17,480,,
6407,,43000000,0,user_17,480,,
6408,,84000,0,user_18,480,,
6409,,1200000,0,user_22,480,,
6410,,2100000,0,user_23,480,,
6411,,340000,0,user_25,480,,
6412,,2500000,14200,user_25,480,,
6413,,160000,0,user_28,480,,
6414,,98000,0,user_29,480,,
6415,,170000,0,user_29,480,,
6416,,100000,0,user_29,480,,
6417,,3200000,0,user_33,480,,
6418,,130000,0,user_33,480,,
6419,,650000,0,user_35,480,,
6420,,150000,0,user_35,480,,
6421,,5000000,0,user_36,480,,
6422,,160000,17000,user_38,480,,
6423,,470000,0,user_39,480,,
6424,,43000000,0,user_40,480,,
6425,,2500000,0,user_45,480,,
6426,,220000,0,user_45,480,,
6427,,320000,0,user_46,480,,
6428,,19000000,0,user_48,480,,
6429,,79000,0,user_48,480,,
6430,,1600000,0,user_49,480,,
6407,0,43000000,0,user_17,480,480,
6424,1,43000000,0,user_40,480,480,
6400,2,27000000,0,user_11,480,480,
6428,3,19000000,0,user_48,480,480,
6394,4,6300000,0,user_2,480,480,
6421,5,5000000,0,user_36,480,480,
6405,6,3500000,0,user_16,480,480,
6406,7,3200000,0,user_17,480,480,
6417,8,3200000,0,user_33,480,480,
6412,9,2500000,14200,user_25,480,480,
6425,10,2500000,0,user_45,480,480,
6410,11,2100000,0,user_23,480,480,
6430,12,1600000,0,user_49,480,480,
6409,13,1200000,0,user_22,480,480,
6397,14,1100000,0,user_7,480,480,
6396,15,1000000,0,user_5,480,480,
6404,16,650000,0,user_16,480,480,
6419,17,650000,0,user_35,480,480,
6395,18,530000,164000,user_5,480,480,
6411,19,340000,0,user_25,480,480,
6427,20,320000,0,user_46,480,480,
6426,21,220000,0,user_45,480,480,
6415,22,170000,0,user_29,480,480,
6422,23,160000,17000,user_38,480,480,
6399,24,150000,0,user_9,480,480,
6403,25,150000,0,user_15,480,480,
6420,26,150000,0,user_35,480,480,
6418,27,130000,0,user_33,480,480,
6416,28,100000,0,user_29,480,480,
6414,29,98000,0,user_29,480,480,
6398,30,84000,0,user_8,480,480,
6408,31,84000,0,user_18,480,480,
6429,32,79000,0,user_48,480,480,
6402,33,77000,0,user_14,480,480,
6453,,120000,0,user_0,481,,
6454,,2500000,139000,user_0,481,,
6455,,260000,0,user_1,481,,
6456,,650000,0,user_3,481,,
6457,,650000,6390,user_4,481,,
6458,,160000,15100,user_4,481,,
6459,,120000,0,user_5,481,,
6460,,370000,0,user_6,481,,
6461,,170000,0,user_6,481,,
6462,,3500000,0,user_7,481,,
6463,,1100000,0,user_8,481,,
6464,,85000,0,user_10,481,,
6465,,600000,0,user_10,481,,
6466,,3500000,0,user_11,481,,
6467,,220000,0,user_11,481,,
6468,,27000000,0,user_12,481,,
6469,,650000,0,user_13,481,,
6470,,5000000,0,user_13,481,,
6471,,970000,0,user_14,481,,
6472,,870000,0,user_15,481,,
6473,,110000,0,user_15,481,,
6474,,220000,0,user_16,481,,
6475,,1900000,5180,user_18,481,,
6476,,530000,0,user_19,481,,
6477,,970000,0,user_19,481,,
6478,,120000,0,user_19,481,,
6479,,460000,0,user_20,481,,
6480,,83000,68100,user_21,481,,
6481,,1100000,0,user_22,481,,
6482,,340000,0,user_23,481,,
6483,,910000,0,user_24,481,,
6484,,110000,0,user_25,481,,
6485,,110000,0,user_26,481,,
6486,,2000000,11200,user_26,481,,
6487,,30000000,0,user_27,481,,
6488,,170000,0,user_29,481,,
6489,,260000,0,user_30,481,,
6490,,1500000,0,user_30,481,,
6491,,73000,0,user_30,481,,
6492,,5000000,0,user_30,481,,
6493,,460000,0,user_30,481,,
6494,,6300000,0,user_31,481,,
6495,,600000,6390,user_33,481,,
6496,,310000,0,user_34,481,,
6497,,310000,0,user_34,481,,
6498,,1900000,0,user_35,481,,
6499,,160000,0,user_37,481,,
6500,,83000,0,user_39,481,,
6501,,1500000,0,user_40,481,,
6502,,420000,0,user_41,481,,
6503,,370000,0,user_42,481,,
6504,,30000000,0,user_44,481,,
6505,,260000,0,user_45,481,,
6506,,1600000,0,user_45,481,,
6507,,260000,0,user_45,481,,
6508,,160000,0,user_47,481,,
6487,0,30000000,0,user_27,481,481,
6504,1,30000000,0,user_44,481,481,
6468,2,27000000,0,user_12,481,481,
6494,3,6300000,0,user_31,481,481,
6470,4,5000000,0,user_13,481,481,
6492,5,5000000,0,user_30,481,481,
6462,6,3500000,0,user_7,481,481,
6466,7,3500000,0,user_11,481,481,
6454,8,2500000,139000,user_0,481,481,
6486,9,2000000,11200,user_26,481,481,
6475,10,1900000,5180,user_18,481,481,
6498,11,1900000,0,user_35,481,481,
6506,12,1600000,0,user_45,481,481,
6490,13,1500000,0,user_30,481,481,
6501,14,1500000,0,user_40,481,481,
6463,15,1100000,0,user_8,481,481,
6481,16,1100000,0,user_22,481,481,
6472,17,870000,0,user_15,481,481,
6456,18,650000,0,user_3,481,481,
6457,19,650000,6390,user_4,481,481,
6469,20,650000,0,user_13,481,481,
6465,21,600000,0,user_10,481,481,
6495,22,600000,6390,user_33,481,481,
6479,23,460000,0,user_20,481,481,
6493,24,460000,0,user_30,481,481,
6502,25,420000,0,user_41,481,481,
6460,26,370000,0,user_6,481,481,
6503,27,370000,0,user_42,481,481,
6482,28,340000,0,user_23,481,481,
6496,29,310000,0,user_34,481,481,
6497,30,310000,0,user_34,481,481,
6455,31,260000,0,user_1,481,481,
6489,32,260000,0,user_30,481,481,
6505,33,260000,0,user_45,481,481,
6507,34,260000,0,user_45,481,481,
6467,35,220000,0,user_11,481,481,
6474,36,220000,0,user_16,481,481,
6461,37,170000,0,user_6,481,481,
6488,38,170000,0,user_29,481,481,
6458,39,160000,15100,user_4,481,481,
6499,40,160000,0,user_37,481,481,
6508,41,160000,0,user_47,481,481,
6453,42,120000,0,user_0,481,481,
6459,43,120000,0,user_5,481,481,
6473,44,110000,0,user_15,481,481,
6484,45,110000,0,user_25,481,481,
6485,46,110000,0,user_26,481,481,
6464,47,85000,0,user_10,481,481,
6480,48,83000,68100,user_21,481,481,
6500,49,83000,0,user_39,481,481,
6491,50,73000,0,user_30,481,481,
6559,,6100000,15300,user_1,482,,
6560,,1300000,84800,user_2,482,,
6561,,84000,0,user_3,482,,
6562,,660000,0,user_5,482,,
6563,,4200000,0,user_6,482,,
6564,,73000,49100,user_6,482,,
6565,,160000,12300,user_6,482,,
6566,,170000,0,user_11,482,,
6567,,2100000,0,user_13,482,,
6568,,77000,0,user_15,482,,
6569,,130000,139000,user_16,482,,
6570,,1600000,0,user_17,482,,
6571,,110000,0,user_18,482,,
6572,,70000,0,user_18,482,,
6573,,77000,0,user_19,482,,
6574,,19000000,0,user_19,482,,
6575,,79000,0,user_20,482,,
6576,,460000,0,user_23,482,,
6577,,1800000,0,user_23,482,,
6578,,600000,13900,user_24,482,,
6579,,220000,0,user_25,482,,
6580,,260000,0,user_26,482,,
6581,,2000000,0,user_27,482,,
6582,,1500000,215000,user_28,482,,
6583,,2000000,0,user_29,482,,
6584,,220000,0,user_30,482,,
6585,,2500000,32900,user_30,482,,
6586,,2600000,0,user_30,482,,
6587,,150000,350000,user_31,482,,
6588,,120000,0,user_33,482,,
6589,,2300000,0,user_33,482,,
6590,,1600000,0,user_34,482,,
6591,,600000,100000,user_34,482,,
6592,,310000,0,user_36,482,,
6593,,110000,0,user_37,482,,
6594,,120000,0,user_38,482,,
6595,,260000,0,user_38,482,,
6596,,260000,0,user_39,482,,
6597,,2000000,0,user_40,482,,
6598,,470000,0,user_41,482,,
6599,,77000,231000,user_42,482,,
6600,,3200000,0,user_44,482,,
6601,,870000,0,user_45,482,,
6602,,160000,0,user_45,482,,
6603,,600000,0,user_46,482,,
6604,,470000,181000,user_46,482,,
6605,,3200000,56200,user_47,482,,
6606,,220000,0,user_48,482,,
6607,,420000,0,user_49,482,,
6574,0,19000000,0,user_19,482,482,
6559,1,6100000,15300,user_1,482,482,
6563,2,4200000,0,user_6,482,482,
6600,3,3200000,0,user_44,482,482,
6605,4,3200000,56200,user_47,482,482,
6586,5,2600000,0,user_30,482,482,
6585,6,2500000,32900,user_30,482,482,
6589,7,2300000,0,user_33,482,482,
6567,8,2100000,0,user_13,482,482,
6581,9,2000000,0,user_27,482,482,
6583,10,2000000,0,user_29,482,482,
6597,11,2000000,0,user_40,482,482,
6577,12,1800000,0,user_23,482,482,
6570,13,1600000,0,user_17,482,482,
6590,14,1600000,0,user_34,482,482,
6582,15,1500000,215000,user_28,482,482,
6560,16,1300000,84800,user_2,482,482,
6562,17,660000,0,user_5,482,482,
6578,18,600000,13900,user_24,482,482,
6591,19,600000,100000,user_34,482,482,
6576,20,460000,0,user_23,482,482,
6607,21,420000,0,user_49,482,482,
6592,22,310000,0,user_36,482,482,
6580,23,260000,0,user_26,482,482,
6595,24,260000,0,user_38,482,482,
6596,25,260000,0,user_39,482,482,
6579,26,220000,0,user_25,482,482,
6584,27,220000,0,user_30,482,482,
6606,28,220000,0,user_48,482,482,
6565,29,160000,12300,user_6,482,482,
6587,30,150000,350000,user_31,482,482,
6588,31,120000,0,user_33,482,482,
6594,32,120000,0,user_38,482,482,
6571,33,110000,0,user_18,482,482,
6593,34,110000,0,user_37,482,482,
6561,35,84000,0,user_3,482,482,
6575,36,79000,0,user_20,482,482,
6568,37,77000,0,user_15,482,482,
6573,38,77000,0,user_19,482,482,
6599,39,77000,231000,user_42,482,482,
6564,40,73000,49100,user_6,482,482,
6572,41,70000,0,user_18,482,482,
6694,,2000000,34700,user_2,483,,
6695,,530000,42000,user_3,483,,
6696,,630000,0,user_4,483,,
6697,,2000000,0,user_4,483,,
6698,,1500000,0,user_6,483,,
6699,,1000000,0,user_6,483,,
6700,,6100000,49100,user_7,483,,
6701,,120000,0,user_9,483,,
6702,,630000,15700,user_10,483,,
6703,,1300000,0,user_10,483,,
6704,,85000,0,user_12,483,,
6705,,110000,0,user_12,483,,
6706,,300000,0,user_12,483,,
6707,,170000,0,user_12,483,,
6708,,150000,0,user_12,483,,
6709,,1500000,0,user_14,483,,
6710,,1800000,0,user_14,483,,
6711,,1500000,0,user_14,483,,
6712,,2300000,0,user_14,483,,
6713,,1500000,15300,user_14,483,,
6714,,150000,0,user_15,483,,
6715,,120000,0,user_15,483,,
6716,,70000,4320000,user_16,483,,
6717,,110000,0,user_16,483,,
6718,,30000000,0,user_16,483,,
6719,,1300000,0,user_16,483,,
6720,,360000,0,user_16,483,,
6721,,870000,0,user_17,483,,
6722,,220000,0,user_18,483,,
6723,,3500000,0,user_22,483,,
6724,,120000,0,user_25,483,,
6725,,73000,0,user_27,483,,
6726,,79000,410000,user_28,483,,
6727,,80000,100000,user_28,483,,
6728,,370000,0,user_29,483,,
6729,,350000,0,user_30,483,,
6730,,160000,0,user_30,483,,
6731,,3500000,35600,user_32,483,,
6732,,220000,369000,user_33,483,,
6733,,5000000,0,user_34,483,,
6734,,5000000,0,user_34,483,,
6735,,87000,100000,user_34,483,,
6736,,460000,15100,user_34,483,,
6737,,100000,0,user_34,483,,
6738,,80000,0,user_35,483,,
6739,,5000000,0,user_35,483,,
6740,,2000000,30200,user_35,483,,
6741,,220000,0,user_35,483,,
6742,,43000000,0,user_36,483,,
6743,,5200000,0,user_37,483,,
6744,,530000,0,user_38,483,,
6745,,150000,0,user_39,483,,
6746,,3200000,0,user_40,483,,
6747,,1500000,0,user_41,483,,
6748,,460000,0,user_42,483,,
6749,,260000,0,user_42,483,,
6750,,2100000,0,user_43,483,,
6751,,84000,108000,user_43,483,,
6752,,30000000,0,user_45,483,,
6753,,170000,0,user_46,483,,
6754,,260000,0,user_46,483,,
6755,,98000,0,user_48,483,,
6756,,170000,0,user_49,483,,
6742,0,43000000,0,user_36,483,483,
6718,1,30000000,0,user_16,483,483,
6752,2,30000000,0,user_45,483,483,
6743,3,5200000,0,user_37,483,483,
6733,4,5000000,0,user_34,483,483,
6734,5,5000000,0,user_34,483,483,
6739,6,5000000,0,user_35,483,483,
6801,7,0,0,builder_4,483,483,6716
6716,8,70000,4320000,user_16,483,483,
6802,9,0,0,builder_4,483,483,6731
6731,10,3500000,35600,user_32,483,483,
6723,11,3500000,0,user_22,483,483,
6746,12,3200000,0,user_40,483,483,
6712,13,2300000,0,user_14,483,483,
6750,14,2100000,0,user_43,483,483,
6803,15,0,0,builder_4,483,483,6694
6694,16,2000000,34700,user_2,483,483,
6804,17,0,0,builder_4,483,483,6740
6740,18,2000000,30200,user_35,483,483,
6697,19,2000000,0,user_4,483,483,
6710,20,1800000,0,user_14,483,483,
6805,21,0,0,builder_4,483,483,6713
6713,22,1500000,15300,user_14,483,483,
6698,23,1500000,0,user_6,483,483,
6709,24,1500000,0,user_14,483,483,
6711,25,1500000,0,user_14,483,483,
6747,26,1500000,0,user_41,483,483,
6703,27,1300000,0,user_10,483,483,
6719,28,1300000,0,user_16,483,483,
6699,29,1000000,0,user_6,483,483,
6721,30,870000,0,user_17,483,483,
6702,31,630000,15700,user_10,483,483,
6806,32,0,0,builder_4,483,483,6702
6696,33,630000,0,user_4,483,483,
6807,34,0,0,builder_4,483,483,6732
6732,35,220000,369000,user_33,483,483,
6695,36,530000,42000,user_3,483,483,
6808,37,0,0,builder_4,483,483,6695
6744,38,530000,0,user_38,483,483,
6809,39,0,0,builder_4,483,483,6726
6726,40,79000,410000,user_28,483,483,
6736,41,460000,15100,user_34,483,483,
6810,42,0,0,builder_4,483,483,6736
6748,43,460000,0,user_42,483,483,
6728,44,370000,0,user_29,483,483,
6720,45,360000,0,user_16,483,483,
6729,46,350000,0,user_30,483,483,
6706,47,300000,0,user_12,483,483,
6749,48,260000,0,user_42,483,483,
6754,49,260000,0,user_46,483,483,
6722,50,220000,0,user_18,483,483,
6741,51,220000,0,user_35,483,483,
6751,52,84000,108000,user_43,483,483,
6811,53,0,0,builder_4,483,483,6751
6735,54,87000,100000,user_34,483,483,
6812,55,0,0,builder_4,483,483,6735
6727,56,80000,100000,user_28,483,483,
6813,57,0,0,builder_4,483,483,6727
6707,58,170000,0,user_12,483,483,
6753,59,170000,0,user_46,483,483,
6756,60,170000,0,user_49,483,483,
6730,61,160000,0,user_30,483,483,
6708,62,150000,0,user_12,483,483,
6701,63,120000,0,user_9,483,483,
6724,64,120000,0,user_25,483,483,
6705,65,110000,0,user_12,483,483,
6717,66,110000,0,user_16,483,483,
6737,67,100000,0,user_34,483,483,
6755,68,98000,0,user_48,483,483,
6704,69,85000,0,user_12,483,483,
6738,70,80000,0,user_35,483,483,
6725,71,73000,0,user_27,483,483,
6856,,5000000,0,user_1,484,,
6857,,460000,0,user_1,484,,
6858,,870000,0,user_2,484,,
6859,,2300000,0,user_3,484,,
6860,,370000,0,user_4,484,,
6861,,2000000,5180,user_6,484,,
6862,,1400000,0,user_7,484,,
6863,,110000,181000,user_7,484,,
6864,,670000,0,user_8,484,,
6865,,220000,0,user_8,484,,
6866,,1400000,0,user_9,484,,
6867,,170000,0,user_10,484,,
6868,,170000,0,user_11,484,,
6869,,5000000,0,user_12,484,,
6870,,650000,0,user_13,484,,
6871,,27000000,0,user_15,484,,
6872,,3600000,15700,user_16,484,,
6873,,650000,0,user_17,484,,
6874,,310000,0,user_18,484,,
6875,,2600000,0,user_19,484,,
6876,,310000,0,user_19,484,,
6877,,2000000,0,user_20,484,,
6878,,360000,0,user_21,484,,
6879,,420000,0,user_23,484,,
6880,,1400000,0,user_25,484,,
6881,,670000,0,user_28,484,,
6882,,5000000,0,user_30,484,,
6883,,310000,0,user_32,484,,
6884,,150000,0,user_34,484,,
6885,,2600000,68100,user_38,484,,
6886,,220000,42000,user_39,484,,
6887,,150000,10700,user_40,484,,
6888,,420000,0,user_41,484,,
6889,,240000,0,user_42,484,,
6890,,3500000,0,user_42,484,,
6891,,1500000,0,user_44,484,,
6892,,98000,0,user_44,484,,
6893,,87000,0,user_45,484,,
6894,,1200000,0,user_45,484,,
6895,,110000,0,user_46,484,,
6896,,70000,0,user_49,484,,
6897,,2300000,0,user_49,484,,
6871,0,27000000,0,user_15,484,484,
6856,1,5000000,0,user_1,484,484,
6869,2,5000000,0,user_12,484,484,
6882,3,5000000,0,user_30,484,484,
6872,4,3600000,15700,user_16,484,484,
6890,5,3500000,0,user_42,484,484,
6875,6,2600000,0,user_19,484,484,
6859,7,2300000,0,user_3,484,484,
6897,8,2300000,0,user_49,484,484,
6861,9,2000000,5180,user_6,484,484,
6877,10,2000000,0,user_20,484,484,
6891,11,1500000,0,user_44,484,484,
6862,12,1400000,0,user_7,484,484,
6880,13,1400000,0,user_25,484,484,
6894,14,1200000,0,user_45,484,484,
6858,15,870000,0,user_2,484,484,
6864,16,670000,0,user_8,484,484,
6881,17,670000,0,user_28,484,484,
6870,18,650000,0,user_13,484,484,
6873,19,650000,0,user_17,484,484,
6857,20,460000,0,user_1,484,484,
6879,21,420000,0,user_23,484,484,
6888,22,420000,0,user_41,484,484,
6860,23,370000,0,user_4,484,484,
6878,24,360000,0,user_21,484,484,
6874,25,310000,0,user_18,484,484,
6876,26,310000,0,user_19,484,484,
6883,27,310000,0,user_32,484,484,
6889,28,240000,0,user_42,484,484,
6865,29,220000,0,user_8,484,484,
6886,30,220000,42000,user_39,484,484,
6868,31,170000,0,user_11,484,484,
6884,32,150000,0,user_34,484,484,
6887,33,150000,10700,user_40,484,484,
6863,34,110000,181000,user_7,484,484,
6895,35,110000,0,user_46,484,484,
6892,36,98000,0,user_44,484,484,
6893,37,87000,0,user_45,484,484,
6896,38,70000,0,user_49,484,484,
6940,,83000,0,user_1,485,,
6941,,1700000,56200,user_2,485,,
6942,,150000,0,user_4,485,,
6943,,150000,0,user_5,485,,
6944,,310000,0,user_5,485,,
6945,,530000,0,user_7,485,,
6946,,260000,0,user_8,485,,
6947,,150000,0,user_9,485,,
6948,,120000,0,user_9,485,,
6949,,27000000,47700,user_10,485,,
6950,,77000,0,user_10,485,,
6951,,1800000,0,user_10,485,,
6952,,3500000,0,user_10,485,,
6953,,420000,0,user_10,485,,
6954,,650000,0,user_12,485,,
6955,,2000000,0,user_12,485,,
6956,,1100000,0,user_13,485,,
6957,,84000,35100,user_14,485,,
6958,,470000,0,user_15,485,,
6959,,530000,0,user_16,485,,
6960,,1700000,195000,user_17,485,,
6961,,150000,71800,user_20,485,,
6962,,2100000,5180,user_20,485,,
6963,,160000,0,user_22,485,,
6964,,1700000,0,user_23,485,,
6965,,120000,0,user_24,485,,
6966,,220000,0,user_25,485,,
6967,,87000,0,user_30,485,,
6968,,340000,0,user_31,485,,
6969,,1000000,0,user_32,485,,
6970,,110000,0,user_33,485,,
6971,,300000,0,user_34,485,,
6972,,1800000,0,user_36,485,,
6973,,260000,594000,user_36,485,,
6974,,1900000,215000,user_37,485,,
6975,,87000,0,user_37,485,,
6976,,3200000,18600,user_39,485,,
6977,,150000,46500,user_41,485,,
6978,,120000,0,user_41,485,,
6979,,350000,0,user_42,485,,
6980,,870000,73100,user_43,485,,
6981,,1700000,0,user_44,485,,
6982,,600000,0,user_45,485,,
6983,,600000,0,user_47,485,,
6984,,30000000,0,user_47,485,,
6985,,80000,0,user_48,485,,
6986,,220000,0,user_49,485,,
6984,0,30000000,0,user_47,485,485,
7012,1,0,0,builder_3,485,485,6949
6949,2,27000000,47700,user_10,485,485,
6952,3,3500000,0,user_10,485,485,
6976,4,3200000,18600,user_39,485,485,
7013,5,0,0,builder_3,485,485,6976
6974,6,1900000,215000,user_37,485,485,
7014,7,0,0,builder_3,485,485,6974
6962,8,2100000,5180,user_20,485,485,
7015,9,0,0,builder_3,485,485,6962
6955,10,2000000,0,user_12,485,485,
6960,11,1700000,195000,user_17,485,485,
7016,12,0,0,builder_3,485,485,6960
6951,13,1800000,0,user_10,485,485,
6972,14,1800000,0,user_36,485,485,
7017,15,0,0,builder_3,485,485,6941
6941,16,1700000,56200,user_2,485,485,
6964,17,1700000,0,user_23,485,485,
6981,18,1700000,0,user_44,485,485,
6956,19,1100000,0,user_13,485,485,
6969,20,1000000,0,user_32,485,485,
7018,21,0,0,builder_3,485,485,6980
6980,22,870000,73100,user_43,485,485,
6973,23,260000,594000,user_36,485,485,
7019,24,0,0,builder_3,485,485,6973
6954,25,650000,0,user_12,485,485,
6982,26,600000,0,user_45,485,485,
6983,27,600000,0,user_47,485,485,
6945,28,530000,0,user_7,485,485,
6958,29,470000,0,user_15,485,485,
6953,30,420000,0,user_10,485,485,
6979,31,350000,0,user_42,485,485,
6968,32,340000,0,user_31,485,485,
6944,33,310000,0,user_5,485,485,
6971,34,300000,0,user_34,485,485,
7020,35,0,0,builder_3,485,485,6961
6961,36,150000,71800,user_20,485,485,
6986,37,220000,0,user_49,485,485,
6977,38,150000,46500,user_41,485,485,
7021,39,0,0,builder_3,485,485,6977
6963,40,160000,0,user_22,485,485,
6942,41,150000,0,user_4,485,485,
6943,42,150000,0,user_5,485,485,
6965,43,120000,0,user_24,485,485,
6978,44,120000,0,user_41,485,485,
6957,45,84000,35100,user_14,485,485,
7022,46,0,0,builder_3,485,485,6957
6970,47,110000,0,user_33,485,485,
6967,48,87000,0,user_30,485,485,
6975,49,87000,0,user_37,485,485,
6985,50,80000,0,user_48,485,485,
6950,51,77000,0,user_10,485,485,
7068,,98000,0,user_2,486,,
7069,,1400000,0,user_2,486,,
7070,,1300000,4320000,user_5,486,,
7071,,1900000,0,user_5,486,,
7072,,2000000,0,user_5,486,,
7073,,120000,121000,user_6,486,,
7074,,6300000,14200,user_8,486,,
7075,,79000,64600,user_8,486,,
7076,,87000,0,user_8,486,,
7077,,6300000,35600,user_8,486,,
7078,,370000,0,user_9,486,,
7079,,660000,0,user_9,486,,
7080,,5000000,0,user_9,486,,
7081,,98000,0,user_9,486,,
7082,,2100000,0,user_9,486,,
7083,,1600000,0,user_10,486,,
7084,,350000,13900,user_11,486,,
7085,,1000000,0,user_11,486,,
7086,,530000,0,user_12,486,,
7087,,160000,0,user_15,486,,
7088,,2000000,0,user_16,486,,
7089,,670000,0,user_17,486,,
7090,,660000,73100,user_17,486,,
7091,,82000,64600,user_18,486,,
7092,,85000,0,user_20,486,,
7093,,43000000,128000,user_22,486,,
7094,,2400000,121000,user_24,486,,
7095,,120000,0,user_27,486,,
7096,,1400000,75000,user_28,486,,
7097,,19000000,164000,user_29,486,,
7098,,2000000,0,user_30,486,,
7099,,310000,7840,user_30,486,,
7100,,470000,0,user_30,486,,
7101,,19000000,0,user_32,486,,
7102,,910000,0,user_33,486,,
7103,,630000,0,user_34,486,,
7104,,79000,0,user_34,486,,
7105,,19000000,0,user_34,486,,
7106,,360000,0,user_34,486,,
7107,,460000,66100,user_34,486,,
7108,,30000000,68100,user_35,486,,
7109,,160000,0,user_35,486,,
7110,,170000,6390,user_36,486,,
7111,,120000,0,user_36,486,,
7112,,1500000,0,user_39,486,,
7113,,2300000,510000,user_39,486,,
7114,,5200000,0,user_40,486,,
7115,,1200000,0,user_41,486,,
7116,,85000,0,user_42,486,,
7117,,1200000,49100,user_42,486,,
7118,,70000,0,user_43,486,,
7119,,130000,0,user_47,486,,
7120,,300000,0,user_47,486,,
7121,,460000,510000,user_49,486,,
7093,0,43000000,128000,user_22,486,486,
7108,1,30000000,68100,user_35,486,486,
7097,2,19000000,164000,user_29,486,486,
7101,3,19000000,0,user_32,486,486,
7105,4,19000000,0,user_34,486,486,
7074,5,6300000,14200,user_8,486,486,
7077,6,6300000,35600,user_8,486,486,
7114,7,5200000,0,user_40,486,486,
7080,8,5000000,0,user_9,486,486,
7094,9,2400000,121000,user_24,486,486,
7082,10,2100000,0,user_9,486,486,
7072,11,2000000,0,user_5,486,486,
7088,12,2000000,0,user_16,486,486,
7098,13,2000000,0,user_30,486,486,
7071,14,1900000,0,user_5,486,486,
7083,15,1600000,0,user_10,486,486,
7069,16,1400000,0,user_2,486,486,
7070,17,1300000,4320000,user_5,486,486,
7115,18,1200000,0,user_41,486,486,
7117,19,1200000,49100,user_42,486,486,
7085,20,1000000,0,user_11,486,486,
7102,21,910000,0,user_33,486,486,
7089,22,670000,0,user_17,486,486,
7079,23,660000,0,user_9,486,486,
7090,24,660000,73100,user_17,486,486,
7103,25,630000,0,user_34,486,486,
7100,26,470000,0,user_30,486,486,
7107,27,460000,66100,user_34,486,486,
7121,28,460000,510000,user_49,486,486,
7078,29,370000,0,user_9,486,486,
7106,30,360000,0,user_34,486,486,
7084,31,350000,13900,user_11,486,486,
7099,32,310000,7840,user_30,486,486,
7120,33,300000,0,user_47,486,486,
7110,34,170000,6390,user_36,486,486,
7087,35,160000,0,user_15,486,486,
7109,36,160000,0,user_35,486,486,
7119,37,130000,0,user_47,486,486,
7073,38,120000,121000,user_6,486,486,
7095,39,120000,0,user_27,486,486,
7111,40,120000,0,user_36,486,486,
7068,41,98000,0,user_2,486,486,
7081,42,98000,0,user_9,486,486,
7076,43,87000,0,user_8,486,486,
7092,44,85000,0,user_20,486,486,
7116,45,85000,0,user_42,486,486,
7091,46,82000,64600,user_18,486,486,
7075,47,79000,64600,user_8,486,486,
7104,48,79000,0,user_34,486,486,
7118,49,70000,0,user_43,486,486,
7251,,1100000,19700,user_0,487,,
7252,,5000000,0,user_1,487,,
7253,,4500000,0,user_2,487,,
7254,,150000,0,user_3,487,,
7255,,5000000,0,user_4,487,,
7256,,240000,0,user_5,487,,
7257,,170000,0,user_7,487,,
7258,,98000,0,user_9,487,,
7259,,1600000,0,user_14,487,,
7260,,150000,0,user_14,487,,
7261,,1000000,0,user_15,487,,
7262,,73000,7840,user_17,487,,
7263,,110000,0,user_18,487,,
7264,,1000000,0,user_18,487,,
7265,,2000000,0,user_20,487,,
7266,,170000,779000,user_21,487,,
7267,,2000000,0,user_22,487,,
7268,,2100000,0,user_22,487,,
7269,,310000,0,user_24,487,,
7270,,150000,0,user_26,487,,
7271,,1000000,0,user_27,487,,
7272,,120000,0,user_28,487,,
7273,,1400000,0,user_29,487,,
7274,,970000,0,user_32,487,,
7275,,340000,0,user_34,487,,
7276,,1000000,15700,user_35,487,,
7277,,2100000,0,user_35,487,,
7278,,190000,0,user_36,487,,
7279,,1500000,0,user_36,487,,
7280,,110000,0,user_36,487,,
7281,,220000,0,user_36,487,,
7282,,1400000,0,user_36,487,,
7283,,120000,43600,user_37,487,,
7284,,1700000,12800,user_37,487,,
7285,,220000,181000,user_38,487,,
7286,,87000,0,user_39,487,,
7287,,460000,0,user_40,487,,
7288,,1500000,7840,user_40,487,,
7289,,2300000,0,user_40,487,,
7290,,1600000,0,user_40,487,,
7291,,460000,0,user_41,487,,
7292,,30000000,0,user_49,487,,
7292,0,30000000,0,user_49,487,487,
7252,1,5000000,0,user_1,487,487,
7255,2,5000000,0,user_4,487,487,
7253,3,4500000,0,user_2,487,487,
7289,4,2300000,0,user_40,487,487,
7268,5,2100000,0,user_22,487,487,
7277,6,2100000,0,user_35,487,487,
7265,7,2000000,0,user_20,487,487,
7267,8,2000000,0,user_22,487,487,
7284,9,1700000,12800,user_37,487,487,
7322,10,0,0,builder_4,487,487,7284
7259,11,1600000,0,user_14,487,487,
7290,12,1600000,0,user_40,487,487,
7288,13,1500000,7840,user_40,487,487,
7323,14,0,0,builder_4,487,487,7288
7279,15,1500000,0,user_36,487,487,
7273,16,1400000,0,user_29,487,487,
7282,17,1400000,0,user_36,487,487,
7324,18,0,0,builder_4,487,487,7251
7251,19,1100000,19700,user_0,487,487,
7276,20,1000000,15700,user_35,487,487,
7325,21,0,0,builder_4,487,487,7276
7264,22,1000000,0,user_18,487,487,
7271,23,1000000,0,user_27,487,487,
7274,24,970000,0,user_32,487,487,
7266,25,170000,779000,user_21,487,487,
7326,26,0,0,builder_4,487,487,7266
7287,27,460000,0,user_40,487,487,
7291,28,460000,0,user_41,487,487,
7285,29,220000,181000,user_38,487,487,
7327,30,0,0,builder_4,487,487,7285
7275,31,340000,0,user_34,487,487,
7269,32,310000,0,user_24,487,487,
7281,33,220000,0,user_36,487,487,
7278,34,190000,0,user_36,487,487,
7328,35,0,0,builder_4,487,487,7283
7283,36,120000,43600,user_37,487,487,
7254,37,150000,0,user_3,487,487,
7260,38,150000,0,user_14,487,487,
7270,39,150000,0,user_26,487,487,
7272,40,120000,0,user_28,487,487,
7263,41,110000,0,user_18,487,487,
7280,42,110000,0,user_36,487,487,
7258,43,98000,0,user_9,487,487,
7262,44,73000,7840,user_17,487,487,
7329,45,0,0,builder_4,487,487,7262
7355,,660000,0,user_0,488,,
7356,,260000,0,user_1,488,,
7357,,83000,0,user_2,488,,
7358,,120000,19700,user_2,488,,
7359,,870000,13900,user_2,488,,
7360,,370000,0,user_2,488,,
7361,,1500000,0,user_3,488,,
7362,,120000,0,user_3,488,,
7363,,5200000,0,user_4,488,,
7364,,1600000,0,user_5,488,,
7365,,600000,0,user_6,488,,
7366,,1100000,0,user_7,488,,
7367,,1900000,17000,user_9,488,,
7368,,160000,0,user_9,488,,
7369,,1700000,0,user_10,488,,
7370,,110000,0,user_10,488,,
7371,,470000,15700,user_10,488,,
7372,,170000,84800,user_12,488,,
7373,,120000,545000,user_13,488,,
7374,,1500000,0,user_14,488,,
7375,,240000,0,user_15,488,,
7376,,2400000,32900,user_15,488,,
7377,,43000000,0,user_17,488,,
7378,,6300000,0,user_18,488,,
7379,,43000000,0,user_20,488,,
7380,,460000,0,user_27,488,,
7381,,5000000,0,user_28,488,,
7382,,85000,0,user_29,488,,
7383,,660000,0,user_29,488,,
7384,,530000,68100,user_29,488,,
7385,,1900000,0,user_30,488,,
7386,,660000,0,user_31,488,,
7387,,19000000,0,user_32,488,,
7388,,1800000,779000,user_33,488,,
7389,,3200000,0,user_34,488,,
7390,,150000,0,user_37,488,,
7391,,19000000,0,user_37,488,,
7392,,2100000,71800,user_37,488,,
7393,,170000,0,user_37,488,,
7394,,150000,0,user_37,488,,
7395,,87000,17000,user_38,488,,
7396,,630000,0,user_38,488,,
7397,,120000,0,user_40,488,,
7398,,130000,0,user_40,488,,
7399,,5000000,0,user_41,488,,
7400,,80000,0,user_42,488,,
7401,,300000,0,user_43,488,,
7402,,2000000,0,user_44,488,,
7403,,2000000,0,user_45,488,,
7404,,110000,0,user_46,488,,
7405,,1400000,0,user_46,488,,
7406,,320000,0,user_47,488,,
7407,,2500000,0,user_48,488,,
7408,,120000,14200,user_49,488,,
7377,0,43000000,0,user_17,488,488,
7379,1,43000000,0,user_20,488,488,
7387,2,19000000,0,user_32,488,488,
7391,3,19000000,0,user_37,488,488,
7378,4,6300000,0,user_18,488,488,
7363,5,5200000,0,user_4,488,488,
7381,6,5000000,0,user_28,488,488,
7399,7,5000000,0,user_41,488,488,
7389,8,3200000,0,user_34,488,488,
7438,9,0,0,builder_3,488,488,7388
7388,10,1800000,779000,user_33,488,488,
7407,11,2500000,0,user_48,488,488,
7439,12,0,0,builder_3,488,488,7376
7376,13,2400000,32900,user_15,488,488,
7440,14,0,0,builder_3,488,488,7392
7392,15,2100000,71800,user_37,488,488,
7402,16,2000000,0,user_44,488,488,
7403,17,2000000,0,user_45,488,488,
7385,18,1900000,0,user_30,488,488,
7369,19,1700000,0,user_10,488,488,
7364,20,1600000,0,user_5,488,488,
7361,21,1500000,0,user_3,488,488,
7374,22,1500000,0,user_14,488,488,
7405,23,1400000,0,user_46,488,488,
7366,24,1100000,0,user_7,488,488,
7359,25,870000,13900,user_2,488,488,
7441,26,0,0,builder_3,488,488,7359
7442,27,0,0,builder_3,488,488,7373
7373,28,120000,545000,user_13,488,488,
7355,29,660000,0,user_0,488,488,
7383,30,660000,0,user_29,488,488,
7386,31,660000,0,user_31,488,488,
7396,32,630000,0,user_38,488,488,
7443,33,0,0,builder_3,488,488,7384
7384,34,530000,68100,user_29,488,488,
7444,35,0,0,builder_3,488,488,7371
7371,36,470000,15700,user_10,488,488,
7360,37,370000,0,user_2,488,488,
7406,38,320000,0,user_47,488,488,
7401,39,300000,0,user_43,488,488,
7372,40,170000,84800,user_12,488,488,
7445,41,0,0,builder_3,488,488,7372
7375,42,240000,0,user_15,488,488,
7393,43,170000,0,user_37,488,488,
7390,44,150000,0,user_37,488,488,
7394,45,150000,0,user_37,488,488,
7358,46,120000,19700,user_2,488,488,
7446,47,0,0,builder_3,488,488,7358
7447,48,0,0,builder_3,488,488,7408
7408,49,120000,14200,user_49,488,488,
7398,50,130000,0,user_40,488,488,
7362,51,120000,0,user_3,488,488,
7397,52,120000,0,user_40,488,488,
7370,53,110000,0,user_10,488,488,
7404,54,110000,0,user_46,488,488,
7395,55,87000,17000,user_38,488,488,
7448,56,0,0,builder_3,488,488,7395
7382,57,85000,0,user_29,488,488,
7357,58,83000,0,user_2,488,488,
7400,59,80000,0,user_42,488,488,
7501,,5000000,0,user_1,489,,
7502,,1600000,0,user_2,489,,
7503,,1100000,0,user_3,489,,
7504,,260000,0,user_4,489,,
7505,,460000,0,user_5,489,,
7506,,240000,0,user_5,489,,
7507,,360000,0,user_6,489,,
7508,,77000,0,user_6,489,,
7509,,120000,0,user_8,489,,
7510,,160000,0,user_9,489,,
7511,,2300000,0,user_10,489,,
7512,,1200000,0,user_11,489,,
7513,,460000,0,user_12,489,,
7514,,100000,0,user_12,489,,
7515,,350000,0,user_13,489,,
7516,,160000,0,user_14,489,,
7517,,220000,0,user_14,489,,
7518,,120000,0,user_16,489,,
7519,,150000,0,user_16,489,,
7520,,630000,0,user_16,489,,
7521,,1600000,0,user_16,489,,
7522,,1900000,0,user_16,489,,
7523,,370000,0,user_17,489,,
7524,,630000,0,user_18,489,,
7525,,910000,0,user_19,489,,
7526,,110000,0,user_20,489,,
7527,,310000,0,user_23,489,,
7528,,320000,0,user_23,489,,
7529,,85000,0,user_24,489,,
7530,,73000,0,user_27,489,,
7531,,460000,0,user_28,489,,
7532,,120000,0,user_28,489,,
7533,,2100000,0,user_28,489,,
7534,,1500000,0,user_32,489,,
7535,,3600000,0,user_33,489,,
7536,,170000,34700,user_33,489,,
7537,,1500000,0,user_35,489,,
7538,,650000,0,user_36,489,,
7539,,470000,0,user_37,489,,
7540,,320000,0,user_37,489,,
7541,,420000,0,user_39,489,,
7542,,600000,0,user_40,489,,
7543,,73000,0,user_40,489,,
7544,,79000,0,user_41,489,,
7545,,98000,0,user_41,489,,
7546,,1000000,0,user_42,489,,
7547,,420000,0,user_44,489,,
7548,,19000000,0,user_45,489,,
7549,,170000,14200,user_46,489,,
7550,,150000,0,user_46,489,,
7551,,27000000,10700,user_48,489,,
7552,,360000,0,user_49,489,,
7551,0,27000000,10700,user_48,489,489,
7564,1,0,0,builder_4,489,489,7551
7548,2,19000000,0,user_45,489,489,
7501,3,5000000,0,user_1,489,489,
7535,4,3600000,0,user_33,489,489,
7511,5,2300000,0,user_10,489,489,
7533,6,2100000,0,user_28,489,489,
7522,7,1900000,0,user_16,489,489,
7502,8,1600000,0,user_2,489,489,
7521,9,1600000,0,user_16,489,489,
7534,10,1500000,0,user_32,489,489,
7537,11,1500000,0,user_35,489,489,
7512,12,1200000,0,user_11,489,489,
7503,13,1100000,0,user_3,489,489,
7546,14,1000000,0,user_42,489,489,
7525,15,910000,0,user_19,489,489,
7538,16,650000,0,user_36,489,489,
7520,17,630000,0,user_16,489,489,
7524,18,630000,0,user_18,489,489,
7542,19,600000,0,user_40,489,489,
7539,20,470000,0,user_37,489,489,
7513,21,460000,0,user_12,489,489,
7531,22,460000,0,user_28,489,489,
7547,23,420000,0,user_44,489,489,
7523,24,370000,0,user_17,489,489,
7507,25,360000,0,user_6,489,489,
7552,26,360000,0,user_49,489,489,
7515,27,350000,0,user_13,489,489,
7528,28,320000,0,user_23,489,489,
7540,29,320000,0,user_37,489,489,
7527,30,310000,0,user_23,489,489,
7504,31,260000,0,user_4,489,489,
7517,32,220000,0,user_14,489,489,
7536,33,170000,34700,user_33,489,489,
7565,34,0,0,builder_4,489,489,7536
7566,35,0,0,builder_4,489,489,7549
7549,36,170000,14200,user_46,489,489,
7510,37,160000,0,user_9,489,489,
7516,38,160000,0,user_14,489,489,
7519,39,150000,0,user_16,489,489,
7550,40,150000,0,user_46,489,489,
7509,41,120000,0,user_8,489,489,
7518,42,120000,0,user_16,489,489,
7532,43,120000,0,user_28,489,489,
7526,44,110000,0,user_20,489,489,
7514,45,100000,0,user_12,489,489,
7545,46,98000,0,user_41,489,489,
7529,47,85000,0,user_24,489,489,
7544,48,79000,0,user_41,489,489,
7508,49,77000,0,user_6,489,489,
7530,50,73000,0,user_27,489,489,
7543,51,73000,0,user_40,489,489,
7574,,3600000,0,user_0,490,,
7575,,2600000,10700,user_1,490,,
7576,,2000000,0,user_5,490,,
7577,,220000,0,user_7,490,,
7578,,2500000,0,user_7,490,,
7579,,1700000,0,user_8,490,,
7580,,190000,0,user_9,490,,
7581,,310000,0,user_10,490,,
7582,,370000,0,user_13,490,,
7583,,80000,0,user_14,490,,
7584,,170000,0,user_16,490,,
7585,,110000,0,user_17,490,,
7586,,870000,0,user_18,490,,
7587,,1000000,64600,user_19,490,,
7588,,77000,0,user_19,490,,
7589,,120000,0,user_19,490,,
7590,,4200000,0,user_20,490,,
7591,,470000,0,user_23,490,,
7592,,870000,0,user_23,490,,
7593,,98000,0,user_24,490,,
7594,,240000,84800,user_26,490,,
7595,,630000,0,user_27,490,,
7596,,3600000,0,user_30,490,,
7597,,1800000,0,user_30,490,,
7598,,27000000,0,user_31,490,,
7599,,530000,0,user_32,490,,
7600,,320000,0,user_34,490,,
7601,,2400000,0,user_35,490,,
7602,,630000,0,user_35,490,,
7603,,98000,0,user_36,490,,
7604,,150000,0,user_36,490,,
7605,,650000,0,user_37,490,,
7606,,1500000,17700000,user_37,490,,
7607,,530000,296000,user_38,490,,
7608,,1100000,0,user_39,490,,
7609,,6100000,0,user_39,490,,
7610,,98000,0,user_42,490,,
7611,,220000,0,user_42,490,,
7612,,30000000,33100,user_42,490,,
7613,,2500000,0,user_43,490,,
7614,,70000,15700,user_44,490,,
7615,,190000,0,user_45,490,,
7616,,2100000,128000,user_46,490,,
7617,,120000,0,user_47,490,,
7618,,1500000,0,user_48,490,,
7612,0,30000000,33100,user_42,490,490,
7598,1,27000000,0,user_31,490,490,
7609,2,6100000,0,user_39,490,490,
7590,3,4200000,0,user_20,490,490,
7574,4,3600000,0,user_0,490,490,
7596,5,3600000,0,user_30,490,490,
7575,6,2600000,10700,user_1,490,490,
7578,7,2500000,0,user_7,490,490,
7601,8,2400000,0,user_35,490,490,
7616,9,2100000,128000,user_46,490,490,
7576,10,2000000,0,user_5,490,490,
7597,11,1800000,0,user_30,490,490,
7579,12,1700000,0,user_8,490,490,
7606,13,1500000,17700000,user_37,490,490,
7618,14,1500000,0,user_48,490,490,
7608,15,1100000,0,user_39,490,490,
7587,16,1000000,64600,user_19,490,490,
7586,17,870000,0,user_18,490,490,
7592,18,870000,0,user_23,490,490,
7605,19,650000,0,user_37,490,490,
7602,20,630000,0,user_35,490,490,
7599,21,530000,0,user_32,490,490,
7607,22,530000,296000,user_38,490,490,
7591,23,470000,0,user_23,490,490,
7582,24,370000,0,user_13,490,490,
7600,25,320000,0,user_34,490,490,
7581,26,310000,0,user_10,490,490,
7594,27,240000,84800,user_26,490,490,
7577,28,220000,0,user_7,490,490,
7611,29,220000,0,user_42,490,490,
7580,30,190000,0,user_9,490,490,
7615,31,190000,0,user_45,490,490,
7589,32,120000,0,user_19,490,490,
7617,33,120000,0,user_47,490,490,
7585,34,110000,0,user_17,490,490,
7593,35,98000,0,user_24,490,490,
7610,36,98000,0,user_42,490,490,
7583,37,80000,0,user_14,490,490,
7588,38,77000,0,user_19,490,490,
7676,,1600000,155000,user_0,491,,
7677,,420000,0,user_0,491,,
7678,,2000000,0,user_2,491,,
7679,,43000000,0,user_3,491,,
7680,,130000,0,user_3,491,,
7681,,2400000,0,user_3,491,,
7682,,260000,0,user_3,491,,
7683,,100000,0,user_3,491,,
7684,,77000,0,user_4,491,,
7685,,320000,0,user_5,491,,
7686,,70000,0,user_6,491,,
7687,,1100000,0,user_7,491,,
7688,,98000,0,user_8,491,,
7689,,2000000,35600,user_8,491,,
7690,,80000,410000,user_8,491,,
7691,,310000,0,user_8,491,,
7692,,370000,0,user_10,491,,
7693,,1800000,296000,user_12,491,,
7694,,150000,545000,user_12,491,,
7695,,80000,0,user_14,491,,
7696,,220000,0,user_16,491,,
7697,,120000,0,user_17,491,,
7698,,110000,0,user_19,491,,
7699,,79000,0,user_21,491,,
7700,,110000,0,user_21,491,,
7701,,350000,0,user_23,491,,
7702,,160000,0,user_24,491,,
7703,,970000,0,user_24,491,,
7704,,2300000,0,user_25,491,,
7705,,150000,13900,user_28,491,,
7706,,1500000,0,user_30,491,,
7707,,84000,0,user_31,491,,
7708,,310000,0,user_32,491,,
7709,,150000,0,user_33,491,,
7710,,120000,0,user_33,491,,
7711,,1400000,0,user_34,491,,
7712,,630000,0,user_35,491,,
7713,,98000,0,user_36,491,,
7714,,4200000,0,user_37,491,,
7715,,420000,0,user_37,491,,
7716,,150000,0,user_38,491,,
7717,,6300000,0,user_42,491,,
7718,,2000000,7840,user_43,491,,
7719,,420000,0,user_44,491,,
7720,,130000,43600,user_45,491,,
7721,,79000,0,user_46,491,,
7722,,2500000,0,user_47,491,,
7723,,100000,0,user_48,491,,
7679,0,43000000,0,user_3,491,491,
7717,1,6300000,0,user_42,491,491,
7714,2,4200000,0,user_37,491,491,
7722,3,2500000,0,user_47,491,491,
7681,4,2400000,0,user_3,491,491,
7704,5,2300000,0,user_25,491,491,
7724,6,0,0,builder_0,491,491,7689
7689,7,2000000,35600,user_8,491,491,
7725,8,0,0,builder_0,491,491,7718
7718,9,2000000,7840,user_43,491,491,
7678,10,2000000,0,user_2,491,491,
7676,11,1600000,155000,user_0,491,491,
7726,12,0,0,builder_0,491,491,7676
7706,13,1500000,0,user_30,491,491,
7687,14,1100000,0,user_7,491,491,
7712,15,630000,0,user_35,491,491,
7690,16,80000,410000,user_8,491,491,
7727,17,0,0,builder_0,491,491,7690
7677,18,420000,0,user_0,491,491,
7715,19,420000,0,user_37,491,491,
7719,20,420000,0,user_44,491,491,
7692,21,370000,0,user_10,491,491,
7701,22,350000,0,user_23,491,491,
7691,23,310000,0,user_8,491,491,
7708,24,310000,0,user_32,491,491,
7682,25,260000,0,user_3,491,491,
7696,26,220000,0,user_16,491,491,
7728,27,0,0,builder_0,491,491,7705
7705,28,150000,13900,user_28,491,491,
7709,29,150000,0,user_33,491,491,
7716,30,150000,0,user_38,491,491,
7680,31,130000,0,user_3,491,491,
7697,32,120000,0,user_17,491,491,
7710,33,120000,0,user_33,491,491,
7698,34,110000,0,user_19,491,491,
7700,35,110000,0,user_21,491,491,
7683,36,100000,0,user_3,491,491,
7723,37,100000,0,user_48,491,491,
7688,38,98000,0,user_8,491,491,
7713,39,98000,0,user_36,491,491,
7707,40,84000,0,user_31,491,491,
7695,41,80000,0,user_14,491,491,
7699,42,79000,0,user_21,491,491,
7721,43,79000,0,user_46,491,491,
7686,44,70000,0,user_6,491,491,
7778,,660000,0,user_0,492,,
7779,,4200000,0,user_2,492,,
7780,,27000000,0,user_4,492,,
7781,,120000,0,user_4,492,,
7782,,1300000,0,user_4,492,,
7783,,1700000,0,user_5,492,,
7784,,370000,23500,user_5,492,,
7785,,2600000,0,user_5,492,,
7786,,600000,0,user_7,492,,
7787,,120000,0,user_8,492,,
7788,,5200000,0,user_9,492,,
7789,,1600000,0,user_9,492,,
7790,,240000,215000,user_11,492,,
7791,,120000,0,user_12,492,,
7792,,3500000,0,user_12,492,,
7793,,4500000,0,user_14,492,,
7794,,19000000,15300,user_15,492,,
7795,,110000,0,user_16,492,,
7796,,77000,0,user_17,492,,
7797,,5000000,0,user_18,492,,
7798,,77000,0,user_19,492,,
7799,,27000000,0,user_19,492,,
7800,,350000,0,user_19,492,,
7801,,240000,0,user_19,492,,
7802,,150000,0,user_21,492,,
7803,,300000,0,user_21,492,,
7804,,350000,0,user_23,492,,
7805,,170000,0,user_24,492,,
7806,,130000,0,user_24,492,,
7807,,77000,14200,user_25,492,,
7808,,5000000,0,user_27,492,,
7809,,120000,0,user_28,492,,
7810,,1700000,0,user_30,492,,
7811,,1500000,12800,user_31,492,,
7812,,1900000,0,user_33,492,,
7813,,1100000,13900,user_34,492,,
7814,,160000,0,user_37,492,,
7815,,260000,0,user_38,492,,
7816,,600000,0,user_39,492,,
7817,,3600000,0,user_39,492,,
7818,,120000,0,user_39,492,,
7819,,150000,0,user_39,492,,
7820,,260000,0,user_41,492,,
7821,,2500000,0,user_41,492,,
7822,,160000,100000,user_41,492,,
7823,,87000,0,user_42,492,,
7824,,110000,779000,user_45,492,,
7825,,1100000,0,user_45,492,,
7826,,110000,13900,user_45,492,,
7827,,4500000,5180,user_46,492,,
7780,0,27000000,0,user_4,492,492,
7799,1,27000000,0,user_19,492,492,
7794,2,19000000,15300,user_15,492,492,
7788,3,5200000,0,user_9,492,492,
7797,4,5000000,0,user_18,492,492,
7808,5,5000000,0,user_27,492,492,
7793,6,4500000,0,user_14,492,492,
7827,7,4500000,5180,user_46,492,492,
7817,8,3600000,0,user_39,492,492,
7792,9,3500000,0,user_12,492,492,
7785,10,2600000,0,user_5,492,492,
7821,11,2500000,0,user_41,492,492,
7812,12,1900000,0,user_33,492,492,
7783,13,1700000,0,user_5,492,492,
7810,14,1700000,0,user_30,492,492,
7789,15,1600000,0,user_9,492,492,
7811,16,1500000,12800,user_31,492,492,
7782,17,1300000,0,user_4,492,492,
7813,18,1100000,13900,user_34,492,492,
7786,19,600000,0,user_7,492,492,
7816,20,600000,0,user_39,492,492,
7784,21,370000,23500,user_5,492,492,
7800,22,350000,0,user_19,492,492,
7804,23,350000,0,user_23,492,492,
7803,24,300000,0,user_21,492,492,
7815,25,260000,0,user_38,492,492,
7820,26,260000,0,user_41,492,492,
7790,27,240000,215000,user_11,492,492,
7801,28,240000,0,user_19,492,492,
7805,29,170000,0,user_24,492,492,
7822,30,160000,100000,user_41,492,492,
7802,31,150000,0,user_21,492,492,
7819,32,150000,0,user_39,492,492,
7806,33,130000,0,user_24,492,492,
7781,34,120000,0,user_4,492,492,
7787,35,120000,0,user_8,492,492,
7791,36,120000,0,user_12,492,492,
7809,37,120000,0,user_28,492,492,
7818,38,120000,0,user_39,492,492,
7823,39,87000,0,user_42,492,492,
7798,40,77000,0,user_19,492,492,
7897,,2300000,0,user_0,493,,
7898,,260000,0,user_1,493,,
7899,,85000,0,user_1,493,,
7900,,1300000,0,user_2,493,,
7901,,77000,7190000,user_4,493,,
7902,,1000000,0,user_5,493,,
7903,,170000,0,user_7,493,,
7904,,360000,0,user_9,493,,
7905,,340000,0,user_10,493,,
7906,,530000,0,user_10,493,,
7907,,5000000,0,user_11,493,,
7908,,150000,0,user_11,493,,
7909,,85000,0,user_11,493,,
7910,,2100000,369000,user_12,493,,
7911,,100000,0,user_13,493,,
7912,,77000,0,user_14,493,,
7913,,310000,0,user_15,493,,
7914,,43000000,0,user_15,493,,
7915,,79000,0,user_15,493,,
7916,,2300000,0,user_15,493,,
7917,,85000,0,user_15,493,,
7918,,150000,0,user_16,493,,
7919,,79000,84800,user_16,493,,
7920,,2000000,0,user_16,493,,
7921,,160000,15700,user_16,493,,
7922,,3500000,0,user_16,493,,
7923,,110000,49100,user_17,493,,
7924,,160000,0,user_18,493,,
7925,,220000,0,user_20,493,,
7926,,2000000,0,user_20,493,,
7927,,120000,0,user_21,493,,
7928,,130000,0,user_21,493,,
7929,,1100000,31700,user_22,493,,
7930,,1400000,18600,user_23,493,,
7931,,160000,0,user_24,493,,
7932,,320000,0,user_25,493,,
7933,,260000,0,user_26,493,,
7934,,1500000,0,user_27,493,,
7935,,1900000,0,user_28,493,,
7936,,82000,67900,user_28,493,,
7937,,3500000,42000,user_29,493,,
7938,,460000,0,user_31,493,,
7939,,2100000,0,user_33,493,,
7940,,220000,0,user_34,493,,
7941,,85000,0,user_35,493,,
7942,,2000000,0,user_35,493,,
7943,,160000,5630,user_36,493,,
7944,,600000,0,user_37,493,,
7945,,420000,0,user_38,493,,
7946,,4200000,33100,user_38,493,,
7947,,77000,0,user_38,493,,
7948,,3600000,0,user_39,493,,
7949,,350000,0,user_40,493,,
7950,,260000,0,user_41,493,,
7951,,150000,0,user_41,493,,
7952,,1800000,0,user_42,493,,
7953,,1300000,0,user_42,493,,
7954,,1900000,0,user_44,493,,
7955,,420000,0,user_44,493,,
7956,,260000,0,user_45,493,,
7957,,43000000,0,user_45,493,,
7958,,150000,0,user_46,493,,
7959,,340000,15100,user_46,493,,
7960,,1600000,381000,user_47,493,,
7961,,2600000,594000,user_48,493,,
7962,,150000,0,user_48,493,,
7963,,420000,0,user_48,493,,
7914,0,43000000,0,user_15,493,493,
7957,1,43000000,0,user_45,493,493,
7907,2,5000000,0,user_11,493,493,
7946,3,4200000,33100,user_38,493,493,
7948,4,3600000,0,user_39,493,493,
7922,5,3500000,0,user_16,493,493,
7937,6,3500000,42000,user_29,493,493,
7961,7,2600000,594000,user_48,493,493,
7916,8,2300000,0,user_15,493,493,
7910,9,2100000,369000,user_12,493,493,
7939,10,2100000,0,user_33,493,493,
7920,11,2000000,0,user_16,493,493,
7926,12,2000000,0,user_20,493,493,
7942,13,2000000,0,user_35,493,493,
7935,14,1900000,0,user_28,493,493,
7954,15,1900000,0,user_44,493,493,
7952,16,1800000,0,user_42,493,493,
7960,17,1600000,381000,user_47,493,493,
7934,18,1500000,0,user_27,493,493,
7930,19,1400000,18600,user_23,493,493,
7953,20,1300000,0,user_42,493,493,
7929,21,1100000,31700,user_22,493,493,
7902,22,1000000,0,user_5,493,493,
7906,23,530000,0,user_10,493,493,
7945,24,420000,0,user_38,493,493,
7955,25,420000,0,user_44,493,493,
7963,26,420000,0,user_48,493,493,
7904,27,360000,0,user_9,493,493,
7905,28,340000,0,user_10,493,493,
7959,29,340000,15100,user_46,493,493,
7913,30,310000,0,user_15,493,493,
7898,31,260000,0,user_1,493,493,
7933,32,260000,0,user_26,493,493,
7950,33,260000,0,user_41,493,493,
7956,34,260000,0,user_45,493,493,
7925,35,220000,0,user_20,493,493,
7940,36,220000,0,user_34,493,493,
7903,37,170000,0,user_7,493,493,
7921,38,160000,15700,user_16,493,493,
7943,39,160000,5630,user_36,493,493,
7908,40,150000,0,user_11,493,493,
7918,41,150000,0,user_16,493,493,
7951,42,150000,0,user_41,493,493,
7958,43,150000,0,user_46,493,493,
7962,44,150000,0,user_48,493,493,
7928,45,130000,0,user_21,493,493,
7927,46,120000,0,user_21,493,493,
7923,47,110000,49100,user_17,493,493,
7911,48,100000,0,user_13,493,493,
7899,49,85000,0,user_1,493,493,
7909,50,85000,0,user_11,493,493,
7917,51,85000,0,user_15,493,493,
7941,52,85000,0,user_35,493,493,
7936,53,82000,67900,user_28,493,493,
7915,54,79000,0,user_15,493,493,
7919,55,79000,84800,user_16,493,493,
7912,56,77000,0,user_14,493,493,
7947,57,77000,0,user_38,493,493,
8063,,85000,0,user_1,494,,
8064,,120000,195000,user_2,494,,
8065,,77000,0,user_4,494,,
8066,,3200000,0,user_5,494,,
8067,,4500000,0,user_6,494,,
8068,,870000,0,user_7,494,,
8069,,85000,0,user_8,494,,
8070,,2000000,0,user_8,494,,
8071,,5000000,0,user_10,494,,
8072,,160000,0,user_11,494,,
8073,,27000000,0,user_12,494,,
8074,,1600000,75000,user_13,494,,
8075,,360000,0,user_16,494,,
8076,,2000000,0,user_17,494,,
8077,,110000,0,user_19,494,,
8078,,2400000,0,user_20,494,,
8079,,630000,0,user_20,494,,
8080,,220000,0,user_21,494,,
8081,,420000,0,user_22,494,,
8082,,5000000,0,user_23,494,,
8083,,1100000,0,user_23,494,,
8084,,1400000,0,user_24,494,,
8085,,2500000,0,user_26,494,,
8086,,6300000,0,user_28,494,,
8087,,1000000,0,user_28,494,,
8088,,82000,0,user_29,494,,
8089,,260000,0,user_29,494,,
8090,,310000,0,user_30,494,,
8091,,79000,0,user_31,494,,
8092,,1400000,31700,user_31,494,,
8093,,630000,0,user_31,494,,
8094,,82000,0,user_31,494,,
8095,,670000,0,user_31,494,,
8096,,1600000,0,user_33,494,,
8097,,1000000,0,user_33,494,,
8098,,2000000,0,user_34,494,,
8099,,220000,0,user_35,494,,
8100,,1100000,0,user_36,494,,
8101,,1000000,0,user_38,494,,
8102,,870000,0,user_40,494,,
8103,,470000,0,user_41,494,,
8104,,170000,0,user_43,494,,
8105,,120000,322000,user_43,494,,
8106,,300000,0,user_43,494,,
8107,,320000,7190000,user_44,494,,
8108,,240000,0,user_45,494,,
8109,,98000,0,user_45,494,,
8110,,70000,15300,user_46,494,,
8111,,130000,410000,user_47,494,,
8112,,4200000,18600,user_49,494,,
8073,0,27000000,0,user_12,494,494,
8142,1,0,0,builder_4,494,494,8107
8107,2,320000,7190000,user_44,494,494,
8086,3,6300000,0,user_28,494,494,
8071,4,5000000,0,user_10,494,494,
8082,5,5000000,0,user_23,494,494,
8067,6,4500000,0,user_6,494,494,
8112,7,4200000,18600,user_49,494,494,
8143,8,0,0,builder_4,494,494,8112
8085,9,2500000,0,user_26,494,494,
8078,10,2400000,0,user_20,494,494,
8070,11,2000000,0,user_8,494,494,
8076,12,2000000,0,user_17,494,494,
8098,13,2000000,0,user_34,494,494,
8074,14,1600000,75000,user_13,494,494,
8144,15,0,0,builder_4,494,494,8074
8096,16,1600000,0,user_33,494,494,
8092,17,1400000,31700,user_31,494,494,
8145,18,0,0,builder_4,494,494,8092
8084,19,1400000,0,user_24,494,494,
8083,20,1100000,0,user_23,494,494,
8100,21,1100000,0,user_36,494,494,
8087,22,1000000,0,user_28,494,494,
8097,23,1000000,0,user_33,494,494,
8101,24,1000000,0,user_38,494,494,
8102,25,870000,0,user_40,494,494,
8095,26,670000,0,user_31,494,494,
8079,27,630000,0,user_20,494,494,
8093,28,630000,0,user_31,494,494,
8103,29,470000,0,user_41,494,494,
8105,30,120000,322000,user_43,494,494,
8146,31,0,0,builder_4,494,494,8105
8081,32,420000,0,user_22,494,494,
8075,33,360000,0,user_16,494,494,
8147,34,0,0,builder_4,494,494,8064
8064,35,120000,195000,user_2,494,494,
8090,36,310000,0,user_30,494,494,
8106,37,300000,0,user_43,494,494,
8089,38,260000,0,user_29,494,494,
8108,39,240000,0,user_45,494,494,
8080,40,220000,0,user_21,494,494,
8099,41,220000,0,user_35,494,494,
8104,42,170000,0,user_43,494,494,
8072,43,160000,0,user_11,494,494,
8077,44,110000,0,user_19,494,494,
8109,45,98000,0,user_45,494,494,
8110,46,70000,15300,user_46,494,494,
8148,47,0,0,builder_4,494,494,8110
8063,48,85000,0,user_1,494,494,
8069,49,85000,0,user_8,494,494,
8088,50,82000,0,user_29,494,494,
8094,51,82000,0,user_31,494,494,
8091,52,79000,0,user_31,494,494,
8065,53,77000,0,user_4,494,494,
8169,,470000,0,user_0,495,,
8170,,5000000,0,user_2,495,,
8171,,1500000,0,user_3,495,,
8172,,4500000,0,user_4,495,,
8173,,98000,0,user_6,495,,
8174,,79000,0,user_7,495,,
8175,,220000,49100,user_8,495,,
8176,,1500000,67900,user_10,495,,
8177,,1000000,4320000,user_10,495,,
8178,,1400000,0,user_12,495,,
8179,,470000,0,user_14,495,,
8180,,260000,0,user_15,495,,
8181,,1500000,0,user_17,495,,
8182,,150000,0,user_18,495,,
8183,,83000,0,user_20,495,,
8184,,150000,0,user_21,495,,
8185,,1400000,0,user_22,495,,
8186,,1100000,0,user_22,495,,
8187,,150000,0,user_22,495,,
8188,,1000000,0,user_23,495,,
8189,,240000,0,user_24,495,,
8190,,1600000,0,user_26,495,,
8191,,1500000,0,user_27,495,,
8192,,5000000,0,user_29,495,,
8193,,79000,0,user_30,495,,
8194,,2000000,0,user_31,495,,
8195,,130000,0,user_31,495,,
8196,,300000,0,user_32,495,,
8197,,630000,0,user_33,495,,
8198,,1500000,0,user_34,495,,
8199,,2500000,0,user_35,495,,
8200,,6300000,0,user_36,495,,
8201,,350000,0,user_37,495,,
8202,,1500000,0,user_38,495,,
8203,,1000000,0,user_40,495,,
8204,,870000,68100,user_42,495,,
8205,,170000,0,user_43,495,,
8206,,5200000,0,user_45,495,,
8207,,110000,0,user_45,495,,
8208,,170000,0,user_45,495,,
8209,,650000,0,user_45,495,,
8210,,84000,0,user_47,495,,
8211,,83000,0,user_48,495,,
8212,,530000,285000,user_48,495,,
8213,,2400000,0,user_49,495,,
8200,0,6300000,0,user_36,495,495,
8231,1,0,0,builder_4,495,495,8177
8177,2,1000000,4320000,user_10,495,495,
8206,3,5200000,0,user_45,495,495,
8170,4,5000000,0,user_2,495,495,
8192,5,5000000,0,user_29,495,495,
8172,6,4500000,0,user_4,495,495,
8199,7,2500000,0,user_35,495,495,
8213,8,2400000,0,user_49,495,495,
8194,9,2000000,0,user_31,495,495,
8190,10,1600000,0,user_26,495,495,
8176,11,1500000,67900,user_10,495,495,
8232,12,0,0,builder_4,495,495,8176
8171,13,1500000,0,user_3,495,495,
8181,14,1500000,0,user_17,495,495,
8191,15,1500000,0,user_27,495,495,
8198,16,1500000,0,user_34,495,495,
8202,17,1500000,0,user_38,495,495,
8178,18,1400000,0,user_12,495,495,
8185,19,1400000,0,user_22,495,495,
8186,20,1100000,0,user_22,495,495,
8188,21,1000000,0,user_23,495,495,
8203,22,1000000,0,user_40,495,495,
8204,23,870000,68100,user_42,495,495,
8233,24,0,0,builder_4,495,495,8204
8212,25,530000,285000,user_48,495,495,
8234,26,0,0,builder_4,495,495,8212
8209,27,650000,0,user_45,495,495,
8197,28,630000,0,user_33,495,495,
8169,29,470000,0,user_0,495,495,
8179,30,470000,0,user_14,495,495,
8201,31,350000,0,user_37,495,495,
8196,32,300000,0,user_32,495,495,
8235,33,0,0,builder_4,495,495,8175
8175,34,220000,49100,user_8,495,495,
8189,35,240000,0,user_24,495,495,
8205,36,170000,0,user_43,495,495,
8208,37,170000,0,user_45,495,495,
8182,38,150000,0,user_18,495,495,
8184,39,150000,0,user_21,495,495,
8187,40,150000,0,user_22,495,495,
8195,41,130000,0,user_31,495,495,
8207,42,110000,0,user_45,495,495,
8173,43,98000,0,user_6,495,495,
8183,44,83000,0,user_20,495,495,
8211,45,83000,0,user_48,495,495,
8193,46,79000,0,user_30,495,495,
8252,,82000,35600,user_0,496,,
8253,,150000,67900,user_0,496,,
8254,,170000,0,user_2,496,,
8255,,470000,0,user_3,496,,
8256,,260000,108000,user_4,496,,
8257,,150000,0,user_4,496,,
8258,,1000000,0,user_6,496,,
8259,,77000,0,user_6,496,,
8260,,30000000,0,user_8,496,,
8261,,120000,0,user_9,496,,
8262,,1800000,0,user_11,496,,
8263,,100000,0,user_11,496,,
8264,,110000,0,user_13,496,,
8265,,87000,23500,user_13,496,,
8266,,5200000,0,user_15,496,,
8267,,1800000,0,user_16,496,,
8268,,130000,0,user_18,496,,
8269,,1300000,0,user_18,496,,
8270,,220000,0,user_19,496,,
8271,,1600000,256000,user_20,496,,
8272,,220000,0,user_22,496,,
8273,,530000,410000,user_23,496,,
8274,,77000,0,user_23,496,,
8275,,2500000,0,user_24,496,,
8276,,1500000,12800,user_26,496,,
8277,,5200000,0,user_26,496,,
8278,,120000,0,user_26,496,,
8279,,1000000,0,user_26,496,,
8280,,1400000,33300,user_26,496,,
8281,,240000,0,user_27,496,,
8282,,470000,19700,user_27,496,,
8283,,19000000,0,user_27,496,,
8284,,2600000,0,user_27,496,,
8285,,340000,19700,user_27,496,,
8286,,3200000,0,user_28,496,,
8287,,1500000,0,user_29,496,,
8288,,190000,32900,user_29,496,,
8289,,2400000,0,user_29,496,,
8290,,310000,0,user_29,496,,
8291,,5200000,0,user_30,496,,
8292,,120000,0,user_31,496,,
8293,,82000,0,user_33,496,,
8294,,260000,0,user_35,496,,
8295,,2100000,0,user_35,496,,
8296,,220000,0,user_37,496,,
8297,,150000,0,user_38,496,,
8298,,160000,5630,user_38,496,,
8299,,300000,0,user_39,496,,
8300,,1900000,0,user_40,496,,
8301,,2300000,0,user_40,496,,
8302,,530000,0,user_41,496,,
8303,,87000,0,user_42,496,,
8304,,1400000,4320000,user_43,496,,
8305,,2100000,285000,user_44,496,,
8306,,5000000,0,user_47,496,,
8307,,110000,0,user_47,496,,
8308,,310000,0,user_49,496,,
8260,0,30000000,0,user_8,496,496,
8283,1,19000000,0,user_27,496,496,
8266,2,5200000,0,user_15,496,496,
8277,3,5200000,0,user_26,496,496,
8291,4,5200000,0,user_30,496,496,
8306,5,5000000,0,user_47,496,496,
8286,6,3200000,0,user_28,496,496,
8284,7,2600000,0,user_27,496,496,
8275,8,2500000,0,user_24,496,496,
8289,9,2400000,0,user_29,496,496,
8301,10,2300000,0,user_40,496,496,
8305,11,2100000,285000,user_44,496,496,
8300,12,1900000,0,user_40,496,496,
8267,13,1800000,0,user_16,496,496,
8271,14,1600000,256000,user_20,496,496,
8276,15,1500000,12800,user_26,496,496,
8287,16,1500000,0,user_29,496,496,
8280,17,1400000,33300,user_26,496,496,
8304,18,1400000,4320000,user_43,496,496,
8269,19,1300000,0,user_18,496,496,
8258,20,1000000,0,user_6,496,496,
8279,21,1000000,0,user_26,496,496,
8273,22,530000,410000,user_23,496,496,
8302,23,530000,0,user_41,496,496,
8282,24,470000,19700,user_27,496,496,
8285,25,340000,19700,user_27,496,496,
8290,26,310000,0,user_29,496,496,
8299,27,300000,0,user_39,496,496,
8256,28,260000,108000,user_4,496,496,
8281,29,240000,0,user_27,496,496,
8270,30,220000,0,user_19,496,496,
8272,31,220000,0,user_22,496,496,
8288,32,190000,32900,user_29,496,496,
8254,33,170000,0,user_2,496,496,
8298,34,160000,5630,user_38,496,496,
8253,35,150000,67900,user_0,496,496,
8257,36,150000,0,user_4,496,496,
8297,37,150000,0,user_38,496,496,
8268,38,130000,0,user_18,496,496,
8261,39,120000,0,user_9,496,496,
8278,40,120000,0,user_26,496,496,
8292,41,120000,0,user_31,496,496,
8264,42,110000,0,user_13,496,496,
8307,43,110000,0,user_47,496,496,
8265,44,87000,23500,user_13,496,496,
8303,45,87000,0,user_42,496,496,
8252,46,82000,35600,user_0,496,496,
8259,47,77000,0,user_6,496,496,
8274,48,77000,0,user_23,496,496,
8407,,98000,0,user_0,497,,
8408,,150000,0,user_1,497,,
8409,,83000,15300,user_1,497,,
8410,,4500000,0,user_1,497,,
8411,,3600000,0,user_5,497,,
8412,,160000,32900,user_6,497,,
8413,,970000,0,user_7,497,,
8414,,460000,100000,user_8,497,,
8415,,19000000,0,user_9,497,,
8416,,80000,0,user_10,497,,
8417,,1100000,0,user_11,497,,
8418,,6100000,0,user_14,497,,
8419,,4200000,0,user_14,497,,
8420,,87000,769000,user_17,497,,
8421,,340000,0,user_20,497,,
8422,,120000,0,user_21,497,,
8423,,83000,0,user_22,497,,
8424,,670000,0,user_23,497,,
8425,,600000,0,user_23,497,,
8426,,630000,0,user_24,497,,
8427,,150000,0,user_25,497,,
8428,,30000000,39400,user_26,497,,
8429,,70000,0,user_28,497,,
8430,,4500000,0,user_30,497,,
8431,,2000000,0,user_31,497,,
8432,,1100000,0,user_31,497,,
8433,,170000,0,user_31,497,,
8434,,1100000,11200,user_32,497,,
8435,,310000,46500,user_33,497,,
8436,,5000000,49100,user_35,497,,
8437,,660000,215000,user_36,497,,
8438,,1500000,0,user_36,497,,
8439,,87000,108000,user_37,497,,
8440,,3500000,0,user_37,497,,
8441,,370000,0,user_38,497,,
8442,,1200000,231000,user_40,497,,
8443,,98000,0,user_41,497,,
8444,,3500000,0,user_41,497,,
8445,,1000000,0,user_41,497,,
8446,,460000,0,user_41,497,,
8447,,1500000,0,user_41,497,,
8448,,82000,0,user_42,497,,
8449,,30000000,0,user_44,497,,
8450,,660000,0,user_45,497,,
8451,,120000,0,user_47,497,,
8452,,1600000,0,user_47,497,,
8453,,460000,35600,user_48,497,,
8428,0,30000000,39400,user_26,497,497,
8449,1,30000000,0,user_44,497,497,
8415,2,19000000,0,user_9,497,497,
8418,3,6100000,0,user_14,497,497,
8436,4,5000000,49100,user_35,497,497,
8410,5,4500000,0,user_1,497,497,
8430,6,4500000,0,user_30,497,497,
8419,7,4200000,0,user_14,497,497,
8411,8,3600000,0,user_5,497,497,
8444,9,3500000,0,user_41,497,497,
8431,10,2000000,0,user_31,497,497,
8452,11,1600000,0,user_47,497,497,
8438,12,1500000,0,user_36,497,497,
8447,13,1500000,0,user_41,497,497,
8442,14,1200000,231000,user_40,497,497,
8417,15,1100000,0,user_11,497,497,
8432,16,1100000,0,user_31,497,497,
8434,17,1100000,11200,user_32,497,497,
8445,18,1000000,0,user_41,497,497,
8413,19,970000,0,user_7,497,497,
8424,20,670000,0,user_23,497,497,
8437,21,660000,215000,user_36,497,497,
8426,22,630000,0,user_24,497,497,
8425,23,600000,0,user_23,497,497,
8414,24,460000,100000,user_8,497,497,
8446,25,460000,0,user_41,497,497,
8453,26,460000,35600,user_48,497,497,
8441,27,370000,0,user_38,497,497,
8421,28,340000,0,user_20,497,497,
8435,29,310000,46500,user_33,497,497,
8433,30,170000,0,user_31,497,497,
8412,31,160000,32900,user_6,497,497,
8408,32,150000,0,user_1,497,497,
8422,33,120000,0,user_21,497,497,
8451,34,120000,0,user_47,497,497,
8443,35,98000,0,user_41,497,497,
8409,36,83000,15300,user_1,497,497,
8423,37,83000,0,user_22,497,497,
8448,38,82000,0,user_42,497,497,
8416,39,80000,0,user_10,497,497,
8429,40,70000,0,user_28,497,497,
8540,,82000,0,user_0,498,,
8541,,1600000,33100,user_0,498,,
8542,,120000,13800,user_0,498,,
8543,,2600000,0,user_2,498,,
8544,,2000000,0,user_4,498,,
8545,,150000,0,user_5,498,,
8546,,340000,0,user_6,498,,
8547,,30000000,10700,user_8,498,,
8548,,170000,21800,user_9,498,,
8549,,910000,0,user_9,498,,
8550,,660000,0,user_10,498,,
8551,,3600000,0,user_11,498,,
8552,,2000000,0,user_13,498,,
8553,,4200000,0,user_15,498,,
8554,,120000,0,user_16,498,,
8555,,1600000,35100,user_17,498,,
8556,,6300000,0,user_18,498,,
8557,,83000,0,user_18,498,,
8558,,6100000,7190000,user_20,498,,
8559,,1400000,0,user_20,498,,
8560,,160000,0,user_21,498,,
8561,,120000,0,user_22,498,,
8562,,260000,0,user_23,498,,
8563,,3500000,0,user_24,498,,
8564,,1300000,121000,user_24,498,,
8565,,360000,12300,user_25,498,,
8566,,120000,100000,user_25,498,,
8567,,120000,0,user_26,498,,
8568,,3200000,0,user_28,498,,
8569,,160000,16400,user_28,498,,
8570,,43000000,0,user_30,498,,
8571,,160000,0,user_30,498,,
8572,,150000,381000,user_31,498,,
8573,,110000,0,user_32,498,,
8574,,85000,108000,user_33,498,,
8575,,4500000,0,user_33,498,,
8576,,1900000,0,user_33,498,,
8577,,82000,0,user_34,498,,
8578,,80000,0,user_35,498,,
8579,,1000000,0,user_36,498,,
8580,,84000,0,user_37,498,,
8581,,120000,0,user_37,498,,
8582,,220000,0,user_37,498,,
8583,,320000,0,user_37,498,,
8584,,260000,100000,user_37,498,,
8585,,110000,0,user_39,498,,
8586,,160000,0,user_39,498,,
8587,,1300000,0,user_39,498,,
8588,,910000,0,user_40,498,,
8589,,120000,0,user_41,498,,
8590,,110000,0,user_43,498,,
8591,,77000,0,user_44,498,,
8592,,870000,43600,user_45,498,,
8593,,360000,0,user_47,498,,
8594,,130000,0,user_49,498,,
8570,0,43000000,0,user_30,498,498,
8547,1,30000000,10700,user_8,498,498,
8556,2,6300000,0,user_18,498,498,
8558,3,6100000,7190000,user_20,498,498,
8575,4,4500000,0,user_33,498,498,
8553,5,4200000,0,user_15,498,498,
8551,6,3600000,0,user_11,498,498,
8563,7,3500000,0,user_24,498,498,
8568,8,3200000,0,user_28,498,498,
8543,9,2600000,0,user_2,498,498,
8544,10,2000000,0,user_4,498,498,
8552,11,2000000,0,user_13,498,498,
8576,12,1900000,0,user_33,498,498,
8541,13,1600000,33100,user_0,498,498,
8555,14,1600000,35100,user_17,498,498,
8559,15,1400000,0,user_20,498,498,
8564,16,1300000,121000,user_24,498,498,
8587,17,1300000,0,user_39,498,498,
8588,18,910000,0,user_40,498,498,
8592,19,870000,43600,user_45,498,498,
8565,20,360000,12300,user_25,498,498,
8593,21,360000,0,user_47,498,498,
8546,22,340000,0,user_6,498,498,
8583,23,320000,0,user_37,498,498,
8562,24,260000,0,user_23,498,498,
8584,25,260000,100000,user_37,498,498,
8582,26,220000,0,user_37,498,498,
8560,27,160000,0,user_21,498,498,
8569,28,160000,16400,user_28,498,498,
8571,29,160000,0,user_30,498,498,
8586,30,160000,0,user_39,498,498,
8572,31,150000,381000,user_31,498,498,
8594,32,130000,0,user_49,498,498,
8542,33,120000,13800,user_0,498,498,
8554,34,120000,0,user_16,498,498,
8561,35,120000,0,user_22,498,498,
8566,36,120000,100000,user_25,498,498,
8567,37,120000,0,user_26,498,498,
8581,38,120000,0,user_37,498,498,
8589,39,120000,0,user_41,498,498,
8573,40,110000,0,user_32,498,498,
8585,41,110000,0,user_39,498,498,
8590,42,110000,0,user_43,498,498,
8574,43,85000,108000,user_33,498,498,
8580,44,84000,0,user_37,498,498,
8557,45,83000,0,user_18,498,498,
8540,46,82000,0,user_0,498,498,
8577,47,82000,0,user_34,498,498,
8578,48,80000,0,user_35,498,498,
8591,49,77000,0,user_44,498,498,
8698,,160000,0,user_1,499,,
8699,,300000,12300,user_2,499,,
8700,,340000,0,user_3,499,,
8701,,150000,0,user_3,499,,
8702,,1800000,0,user_4,499,,
8703,,1000000,0,user_4,499,,
8704,,260000,0,user_6,499,,
8705,,420000,0,user_8,499,,
8706,,630000,0,user_9,499,,
8707,,100000,0,user_11,499,,
8708,,43000000,0,user_12,499,,
8709,,910000,0,user_13,499,,
8710,,120000,0,user_13,499,,
8711,,1100000,0,user_14,499,,
8712,,660000,0,user_15,499,,
8713,,110000,0,user_15,499,,
8714,,2400000,0,user_15,499,,
8715,,1600000,0,user_15,499,,
8716,,420000,5640,user_15,499,,
8717,,150000,0,user_18,499,,
8718,,1100000,0,user_18,499,,
8719,,170000,0,user_18,499,,
8720,,2100000,0,user_18,499,,
8721,,670000,36800,user_18,499,,
8722,,6300000,231000,user_19,499,,
8723,,420000,0,user_19,499,,
8724,,1300000,0,user_21,499,,
8725,,2300000,0,user_22,499,,
8726,,150000,0,user_23,499,,
8727,,260000,0,user_25,499,,
8728,,910000,0,user_26,499,,
8729,,4500000,0,user_28,499,,
8730,,660000,0,user_28,499,,
8731,,1000000,0,user_29,499,,
8732,,2600000,0,user_30,499,,
8733,,110000,0,user_30,499,,
8734,,3600000,0,user_31,499,,
8735,,6300000,12800,user_31,499,,
8736,,87000,146000,user_33,499,,
8737,,30000000,12300,user_34,499,,
8738,,1000000,0,user_36,499,,
8739,,220000,0,user_36,499,,
8740,,110000,0,user_36,499,,
8741,,1500000,0,user_36,499,,
8742,,19000000,369000,user_36,499,,
8743,,170000,73100,user_37,499,,
8744,,670000,0,user_38,499,,
8745,,170000,12300,user_39,499,,
8746,,82000,0,user_40,499,,
8747,,1000000,0,user_41,499,,
8748,,130000,67500,user_42,499,,
8749,,150000,0,user_43,499,,
8750,,120000,0,user_44,499,,
8751,,420000,0,user_45,499,,
8752,,1800000,24700,user_46,499,,
8753,,100000,0,user_48,499,,
8754,,1600000,0,user_49,499,,
8708,0,43000000,0,user_12,499,499,
8737,1,30000000,12300,user_34,499,499,
8785,2,0,0,builder_3,499,499,8737
8786,3,0,0,builder_3,499,499,8742
8742,4,19000000,369000,user_36,499,499,
8787,5,0,0,builder_3,499,499,8722
8722,6,6300000,231000,user_19,499,499,
8788,7,0,0,builder_3,499,499,8735
8735,8,6300000,12800,user_31,499,499,
8729,9,4500000,0,user_28,499,499,
8734,10,3600000,0,user_31,499,499,
8732,11,2600000,0,user_30,499,499,
8714,12,2400000,0,user_15,499,499,
8725,13,2300000,0,user_22,499,499,
8720,14,2100000,0,user_18,499,499,
8789,15,0,0,builder_3,499,499,8752
8752,16,1800000,24700,user_46,499,499,
8702,17,1800000,0,user_4,499,499,
8715,18,1600000,0,user_15,499,499,
8754,19,1600000,0,user_49,499,499,
8741,20,1500000,0,user_36,499,499,
8724,21,1300000,0,user_21,499,499,
8711,22,1100000,0,user_14,499,499,
8718,23,1100000,0,user_18,499,499,
8703,24,1000000,0,user_4,499,499,
8731,25,1000000,0,user_29,499,499,
8738,26,1000000,0,user_36,499,499,
8747,27,1000000,0,user_41,499,499,
8709,28,910000,0,user_13,499,499,
8728,29,910000,0,user_26,499,499,
8790,30,0,0,builder_3,499,499,8721
8721,31,670000,36800,user_18,499,499,
8744,32,670000,0,user_38,499,499,
8712,33,660000,0,user_15,499,499,
8730,34,660000,0,user_28,499,499,
8791,35,0,0,builder_3,499,499,8716
8716,36,420000,5640,user_15,499,499,
8723,37,420000,0,user_19,499,499,
8751,38,420000,0,user_45,499,499,
8700,39,340000,0,user_3,499,499,
8792,40,0,0,builder_3,499,499,8699
8699,41,300000,12300,user_2,499,499,
8793,42,0,0,builder_3,499,499,8743
8743,43,170000,73100,user_37,499,499,
8736,44,87000,146000,user_33,499,499,
8794,45,0,0,builder_3,499,499,8736
8739,46,220000,0,user_36,499,499,
8795,47,0,0,builder_3,499,499,8748
8748,48,130000,67500,user_42,499,499,
8745,49,170000,12300,user_39,499,499,
8796,50,0,0,builder_3,499,499,8745
8719,51,170000,0,user_18,499,499,
8701,52,150000,0,user_3,499,499,
8717,53,150000,0,user_18,499,499,
8726,54,150000,0,user_23,499,499,
8749,55,150000,0,user_43,499,499,
8710,56,120000,0,user_13,499,499,
8750,57,120000,0,user_44,499,499,
8713,58,110000,0,user_15,499,499,
8733,59,110000,0,user_30,499,499,
8740,60,110000,0,user_36,499,499,
8707,61,100000,0,user_11,499,499,
8753,62,100000,0,user_48,499,499,
8746,63,82000,0,user_40,499,499,
8842,,110000,13900,user_0,500,,
8843,,30000000,0,user_0,500,,
8844,,910000,0,user_0,500,,
8845,,1500000,0,user_2,500,,
8846,,98000,381000,user_3,500,,
8847,,83000,0,user_3,500,,
8848,,27000000,779000,user_3,500,,
8849,,650000,0,user_3,500,,
8850,,420000,0,user_4,500,,
8851,,5000000,17700000,user_5,500,,
8852,,660000,0,user_8,500,,
8853,,82000,0,user_9,500,,
8854,,1300000,5180,user_9,500,,
8855,,340000,0,user_11,500,,
8856,,4200000,0,user_12,500,,
8857,,170000,0,user_12,500,,
8858,,3200000,0,user_13,500,,
8859,,1100000,0,user_13,500,,
8860,,27000000,0,user_14,500,,
8861,,170000,0,user_14,500,,
8862,,100000,0,user_16,500,,
8863,,600000,0,user_17,500,,
8864,,4200000,0,user_18,500,,
8865,,1400000,0,user_19,500,,
8866,,5000000,0,user_19,500,,
8867,,1800000,0,user_19,500,,
8868,,460000,0,user_19,500,,
8869,,2600000,0,user_20,500,,
8870,,1700000,594000,user_21,500,,
8871,,3500000,0,user_21,500,,
8872,,310000,296000,user_22,500,,
8873,,30000000,0,user_22,500,,
8874,,190000,0,user_25,500,,
8875,,650000,10700,user_27,500,,
8876,,110000,0,user_28,500,,
8877,,220000,0,user_29,500,,
8878,,1400000,0,user_29,500,,
8879,,3600000,0,user_29,500,,
8880,,120000,42000,user_32,500,,
8881,,2600000,0,user_32,500,,
8882,,5000000,0,user_33,500,,
8883,,2600000,0,user_34,500,,
8884,,77000,0,user_35,500,,
8885,,19000000,0,user_35,500,,
8886,,27000000,0,user_36,500,,
8887,,630000,0,user_37,500,,
8888,,110000,0,user_40,500,,
8889,,600000,0,user_41,500,,
8890,,1500000,0,user_43,500,,
8891,,1400000,0,user_44,500,,
8892,,340000,0,user_44,500,,
8893,,340000,0,user_46,500,,
8894,,3500000,84800,user_46,500,,
8895,,220000,0,user_48,500,,
8896,,2300000,13900,user_48,500,,
8843,0,30000000,0,user_0,500,500,
8873,1,30000000,0,user_22,500,500,
8924,2,0,0,builder_3,500,500,8848
8848,3,27000000,779000,user_3,500,500,
8860,4,27000000,0,user_14,500,500,
8886,5,27000000,0,user_36,500,500,
8851,6,5000000,17700000,user_5,500,500,
8925,7,0,0,builder_3,500,500,8851
8885,8,19000000,0,user_35,500,500,
8866,9,5000000,0,user_19,500,500,
8882,10,5000000,0,user_33,500,500,
8856,11,4200000,0,user_12,500,500,
8864,12,4200000,0,user_18,500,500,
8879,13,3600000,0,user_29,500,500,
8926,14,0,0,builder_3,500,500,8894
8894,15,3500000,84800,user_46,500,500,
8871,16,3500000,0,user_21,500,500,
8858,17,3200000,0,user_13,500,500,
8869,18,2600000,0,user_20,500,500,
8881,19,2600000,0,user_32,500,500,
8883,20,2600000,0,user_34,500,500,
8896,21,2300000,13900,user_48,500,500,
8927,22,0,0,builder_3,500,500,8896
8928,23,0,0,builder_3,500,500,8870
8870,24,1700000,594000,user_21,500,500,
8867,25,1800000,0,user_19,500,500,
8845,26,1500000,0,user_2,500,500,
8890,27,1500000,0,user_43,500,500,
8865,28,1400000,0,user_19,500,500,
8878,29,1400000,0,user_29,500,500,
8891,30,1400000,0,user_44,500,500,
8859,31,1100000,0,user_13,500,500,
8844,32,910000,0,user_0,500,500,
8849,33,650000,0,user_3,500,500,
8887,34,630000,0,user_37,500,500,
8929,35,0,0,builder_3,500,500,8872
8872,36,310000,296000,user_22,500,500,
8863,37,600000,0,user_17,500,500,
8889,38,600000,0,user_41,500,500,
8930,39,0,0,builder_3,500,500,8846
8846,40,98000,381000,user_3,500,500,
8868,41,460000,0,user_19,500,500,
8850,42,420000,0,user_4,500,500,
8855,43,340000,0,user_11,500,500,
8892,44,340000,0,user_44,500,500,
8893,45,340000,0,user_46,500,500,
8877,46,220000,0,user_29,500,500,
8895,47,220000,0,user_48,500,500,
8857,48,170000,0,user_12,500,500,
8861,49,170000,0,user_14,500,500,
8880,50,120000,42000,user_32,500,500,
8931,51,0,0,builder_3,500,500,8880
8842,52,110000,13900,user_0,500,500,
8932,53,0,0,builder_3,500,500,8842
8876,54,110000,0,user_28,500,500,
8888,55,110000,0,user_40,500,500,
8847,56,83000,0,user_3,500,500,
8884,57,77000,0,user_35,500,500,
8977,,110000,0,user_1,501,,
8978,,120000,0,user_1,501,,
8979,,310000,18600,user_1,501,,
8980,,1000000,56200,user_1,501,,
8981,,1500000,0,user_1,501,,
8982,,82000,0,user_2,501,,
8983,,320000,0,user_3,501,,
8984,,670000,0,user_4,501,,
8985,,6100000,381000,user_7,501,,
8986,,2500000,0,user_7,501,,
8987,,3600000,0,user_7,501,,
8988,,1400000,24700,user_9,501,,
8989,,150000,0,user_9,501,,
8990,,2000000,0,user_10,501,,
8991,,350000,0,user_10,501,,
8992,,77000,0,user_10,501,,
8993,,2600000,283000,user_10,501,,
8994,,320000,0,user_10,501,,
8995,,3600000,12300,user_12,501,,
8996,,6100000,0,user_13,501,,
8997,,2400000,0,user_14,501,,
8998,,5200000,0,user_15,501,,
8999,,27000000,0,user_16,501,,
9000,,6100000,0,user_17,501,,
9001,,79000,67900,user_18,501,,
9002,,340000,0,user_19,501,,
9003,,1600000,0,user_20,501,,
9004,,650000,0,user_21,501,,
9005,,1900000,0,user_23,501,,
9006,,2000000,0,user_24,501,,
9007,,30000000,0,user_24,501,,
9008,,2000000,0,user_24,501,,
9009,,2600000,0,user_25,501,,
9010,,310000,0,user_25,501,,
9011,,19000000,0,user_25,501,,
9012,,870000,0,user_26,501,,
9013,,300000,0,user_28,501,,
9014,,300000,0,user_31,501,,
9015,,130000,0,user_31,501,,
9016,,19000000,0,user_31,501,,
9017,,1400000,0,user_31,501,,
9018,,84000,0,user_34,501,,
9019,,350000,0,user_34,501,,
9020,,1800000,594000,user_35,501,,
9021,,630000,0,user_35,501,,
9022,,240000,0,user_36,501,,
9023,,870000,0,user_36,501,,
9024,,1100000,0,user_37,501,,
9025,,630000,0,user_38,501,,
9026,,160000,0,user_38,501,,
9027,,240000,15300,user_39,501,,
9028,,170000,0,user_41,501,,
9029,,300000,0,user_41,501,,
9030,,100000,0,user_41,501,,
9031,,1900000,0,user_41,501,,
9032,,1600000,0,user_41,501,,
9033,,660000,67500,user_42,501,,
9034,,77000,0,user_43,501,,
9035,,310000,0,user_44,501,,
9036,,300000,410000,user_44,501,,
9037,,420000,0,user_45,501,,
9038,,110000,0,user_45,501,,
9039,,220000,0,user_47,501,,
9040,,83000,0,user_47,501,,
9041,,150000,0,user_49,501,,
9007,0,30000000,0,user_24,501,501,
8999,1,27000000,0,user_16,501,501,
9011,2,19000000,0,user_25,501,501,
9016,3,19000000,0,user_31,501,501,
8985,4,6100000,381000,user_7,501,501,
8996,5,6100000,0,user_13,501,501,
9000,6,6100000,0,user_17,501,501,
8998,7,5200000,0,user_15,501,501,
8987,8,3600000,0,user_7,501,501,
8995,9,3600000,12300,user_12,501,501,
8993,10,2600000,283000,user_10,501,501,
9009,11,2600000,0,user_25,501,501,
8986,12,2500000,0,user_7,501,501,
8997,13,2400000,0,user_14,501,501,
8990,14,2000000,0,user_10,501,501,
9006,15,2000000,0,user_24,501,501,
9008,16,2000000,0,user_24,501,501,
9005,17,1900000,0,user_23,501,501,
9031,18,1900000,0,user_41,501,501,
9003,19,1600000,0,user_20,501,501,
9032,20,1600000,0,user_41,501,501,
8981,21,1500000,0,user_1,501,501,
8988,22,1400000,24700,user_9,501,501,
9017,23,1400000,0,user_31,501,501,
8980,24,1000000,56200,user_1,501,501,
9012,25,870000,0,user_26,501,501,
8984,26,670000,0,user_4,501,501,
9033,27,660000,67500,user_42,501,501,
9004,28,650000,0,user_21,501,501,
9025,29,630000,0,user_38,501,501,
9037,30,420000,0,user_45,501,501,
8991,31,350000,0,user_10,501,501,
9019,32,350000,0,user_34,501,501,
9002,33,340000,0,user_19,501,501,
8994,34,320000,0,user_10,501,501,
8979,35,310000,18600,user_1,501,501,
9010,36,310000,0,user_25,501,501,
9035,37,310000,0,user_44,501,501,
9013,38,300000,0,user_28,501,501,
9014,39,300000,0,user_31,501,501,
9029,40,300000,0,user_41,501,501,
9036,41,300000,410000,user_44,501,501,
9027,42,240000,15300,user_39,501,501,
9039,43,220000,0,user_47,501,501,
9028,44,170000,0,user_41,501,501,
9026,45,160000,0,user_38,501,501,
8989,46,150000,0,user_9,501,501,
9015,47,130000,0,user_31,501,501,
8978,48,120000,0,user_1,501,501,
8977,49,110000,0,user_1,501,501,
9038,50,110000,0,user_45,501,501,
9030,51,100000,0,user_41,501,501,
9018,52,84000,0,user_34,501,501,
9040,53,83000,0,user_47,501,501,
8982,54,82000,0,user_2,501,501,
9001,55,79000,67900,user_18,501,501,
8992,56,77000,0,user_10,501,501,
9034,57,77000,0,user_43,501,501,
9118,,2600000,64600,user_1,502,,
9119,,420000,36800,user_1,502,,
9120,,1600000,0,user_2,502,,
9121,,600000,0,user_3,502,,
9122,,3500000,0,user_3,502,,
9123,,1600000,0,user_6,502,,
9124,,3200000,0,user_7,502,,
9125,,110000,195000,user_8,502,,
9126,,2000000,0,user_10,502,,
9127,,120000,0,user_10,502,,
9128,,310000,0,user_12,502,,
9129,,150000,0,user_13,502,,
9130,,1600000,545000,user_14,502,,
9131,,190000,0,user_16,502,,
9132,,1800000,0,user_17,502,,
9133,,120000,16400,user_20,502,,
9134,,190000,0,user_20,502,,
9135,,1500000,0,user_23,502,,
9136,,80000,0,user_25,502,,
9137,,470000,0,user_27,502,,
9138,,530000,0,user_28,502,,
9139,,70000,10700,user_28,502,,
9140,,220000,0,user_28,502,,
9141,,340000,0,user_28,502,,
9142,,220000,0,user_29,502,,
9143,,3600000,0,user_30,502,,
9144,,460000,0,user_32,502,,
9145,,77000,0,user_33,502,,
9146,,98000,0,user_35,502,,
9147,,310000,0,user_35,502,,
9148,,150000,0,user_37,502,,
9149,,1600000,0,user_38,502,,
9150,,1500000,0,user_39,502,,
9151,,1600000,0,user_40,502,,
9152,,4200000,0,user_43,502,,
9153,,120000,0,user_44,502,,
9154,,4200000,0,user_44,502,,
9155,,660000,0,user_46,502,,
9156,,1300000,0,user_47,502,,
9157,,6100000,0,user_47,502,,
9158,,98000,0,user_48,502,,
9159,,120000,0,user_49,502,,
9157,0,6100000,0,user_47,502,502,
9152,1,4200000,0,user_43,502,502,
9154,2,4200000,0,user_44,502,502,
9143,3,3600000,0,user_30,502,502,
9122,4,3500000,0,user_3,502,502,
9124,5,3200000,0,user_7,502,502,
9118,6,2600000,64600,user_1,502,502,
9160,7,0,0,builder_0,502,502,9118
9161,8,0,0,builder_0,502,502,9130
9130,9,1600000,545000,user_14,502,502,
9126,10,2000000,0,user_10,502,502,
9132,11,1800000,0,user_17,502,502,
9120,12,1600000,0,user_2,502,502,
9123,13,1600000,0,user_6,502,502,
9149,14,1600000,0,user_38,502,502,
9151,15,1600000,0,user_40,502,502,
9135,16,1500000,0,user_23,502,502,
9156,17,1300000,0,user_47,502,502,
9155,18,660000,0,user_46,502,502,
9121,19,600000,0,user_3,502,502,
9138,20,530000,0,user_28,502,502,
9137,21,470000,0,user_27,502,502,
9144,22,460000,0,user_32,502,502,
9119,23,420000,36800,user_1,502,502,
9162,24,0,0,builder_0,502,502,9119
9141,25,340000,0,user_28,502,502,
9147,26,310000,0,user_35,502,502,
9125,27,110000,195000,user_8,502,502,
9163,28,0,0,builder_0,502,502,9125
9140,29,220000,0,user_28,502,502,
9142,30,220000,0,user_29,502,502,
9131,31,190000,0,user_16,502,502,
9134,32,190000,0,user_20,502,502,
9129,33,150000,0,user_13,502,502,
9148,34,150000,0,user_37,502,502,
9164,35,0,0,builder_0,502,502,9133
9133,36,120000,16400,user_20,502,502,
9127,37,120000,0,user_10,502,502,
9153,38,120000,0,user_44,502,502,
9159,39,120000,0,user_49,502,502,
9146,40,98000,0,user_35,502,502,
9158,41,98000,0,user_48,502,502,
9139,42,70000,10700,user_28,502,502,
9165,43,0,0,builder_0,502,502,9139
9136,44,80000,0,user_25,502,502,
9145,45,77000,0,user_33,502,502,
9201,,130000,0,user_0,503,,
9202,,19000000,0,user_0,503,,
9203,,27000000,256000,user_1,503,,
9204,,3600000,0,user_3,503,,
9205,,470000,0,user_4,503,,
9206,,1300000,4320000,user_5,503,,
9207,,190000,0,user_6,503,,
9208,,220000,0,user_7,503,,
9209,,260000,0,user_8,503,,
9210,,1200000,0,user_9,503,,
9211,,83000,0,user_10,503,,
9212,,5000000,0,user_11,503,,
9213,,420000,0,user_13,503,,
9214,,1400000,0,user_13,503,,
9215,,82000,0,user_15,503,,
9216,,1000000,0,user_15,503,,
9217,,160000,0,user_15,503,,
9218,,420000,0,user_15,503,,
9219,,1100000,84800,user_15,503,,
9220,,4500000,0,user_16,503,,
9221,,1700000,23500,user_18,503,,
9222,,2000000,0,user_20,503,,
9223,,150000,350000,user_21,503,,
9224,,370000,0,user_22,503,,
9225,,460000,0,user_23,503,,
9226,,84000,0,user_25,503,,
9227,,1400000,0,user_25,503,,
9228,,2400000,0,user_25,503,,
9229,,670000,13800,user_25,503,,
9230,,320000,0,user_28,503,,
9231,,420000,0,user_28,503,,
9232,,2300000,0,user_29,503,,
9233,,970000,0,user_30,503,,
9234,,77000,0,user_30,503,,
9235,,220000,0,user_31,503,,
9236,,300000,0,user_31,503,,
9237,,73000,0,user_32,503,,
9238,,460000,0,user_32,503,,
9239,,1500000,0,user_32,503,,
9240,,150000,381000,user_32,503,,
9241,,650000,108000,user_32,503,,
9242,,1000000,0,user_33,503,,
9243,,460000,0,user_35,503,,
9244,,110000,0,user_36,503,,
9245,,1600000,16400,user_37,503,,
9246,,240000,0,user_37,503,,
9247,,870000,0,user_39,503,,
9248,,1100000,0,user_40,503,,
9249,,150000,0,user_40,503,,
9250,,420000,0,user_42,503,,
9251,,160000,0,user_44,503,,
9252,,3500000,5630,user_46,503,,
9203,0,27000000,256000,user_1,503,503,
9202,1,19000000,0,user_0,503,503,
9212,2,5000000,0,user_11,503,503,
9220,3,4500000,0,user_16,503,503,
9204,4,3600000,0,user_3,503,503,
9252,5,3500000,5630,user_46,503,503,
9228,6,2400000,0,user_25,503,503,
9232,7,2300000,0,user_29,503,503,
9222,8,2000000,0,user_20,503,503,
9221,9,1700000,23500,user_18,503,503,
9245,10,1600000,16400,user_37,503,503,
9239,11,1500000,0,user_32,503,503,
9214,12,1400000,0,user_13,503,503,
9227,13,1400000,0,user_25,503,503,
9219,14,1100000,84800,user_15,503,503,
9248,15,1100000,0,user_40,503,503,
9216,16,1000000,0,user_15,503,503,
9242,17,1000000,0,user_33,503,503,
9233,18,970000,0,user_30,503,503,
9247,19,870000,0,user_39,503,503,
9229,20,670000,13800,user_25,503,503,
9241,21,650000,108000,user_32,503,503,
9205,22,470000,0,user_4,503,503,
9225,23,460000,0,user_23,503,503,
9238,24,460000,0,user_32,503,503,
9243,25,460000,0,user_35,503,503,
9213,26,420000,0,user_13,503,503,
9218,27,420000,0,user_15,503,503,
9231,28,420000,0,user_28,503,503,
9250,29,420000,0,user_42,503,503,
9224,30,370000,0,user_22,503,503,
9230,31,320000,0,user_28,503,503,
9236,32,300000,0,user_31,503,503,
9209,33,260000,0,user_8,503,503,
9246,34,240000,0,user_37,503,503,
9208,35,220000,0,user_7,503,503,
9235,36,220000,0,user_31,503,503,
9207,37,190000,0,user_6,503,503,
9217,38,160000,0,user_15,503,503,
9251,39,160000,0,user_44,503,503,
9223,40,150000,350000,user_21,503,503,
9240,41,150000,381000,user_32,503,503,
9249,42,150000,0,user_40,503,503,
9201,43,130000,0,user_0,503,503,
9226,44,84000,0,user_25,503,503,
9215,45,82000,0,user_15,503,503,
9234,46,77000,0,user_30,503,503,
9237,47,73000,0,user_32,503,503,
9326,,240000,0,user_0,504,,
9327,,4200000,67900,user_1,504,,
9328,,1000000,0,user_2,504,,
9329,,110000,19700,user_3,504,,
9330,,630000,17000,user_3,504,,
9331,,870000,0,user_3,504,,
9332,,5000000,0,user_3,504,,
9333,,460000,42000,user_3,504,,
9334,,4500000,0,user_4,504,,
9335,,3500000,146000,user_5,504,,
9336,,170000,0,user_6,504,,
9337,,87000,0,user_6,504,,
9338,,360000,0,user_6,504,,
9339,,630000,0,user_7,504,,
9340,,2400000,36800,user_7,504,,
9341,,120000,0,user_7,504,,
9342,,79000,47700,user_7,504,,
9343,,79000,3130,user_7,504,,
9344,,910000,0,user_8,504,,
9345,,160000,0,user_8,504,,
9346,,6100000,0,user_9,504,,
9347,,260000,0,user_13,504,,
9348,,79000,0,user_14,504,,
9349,,220000,0,user_15,504,,
9350,,1800000,0,user_16,504,,
9351,,1500000,0,user_17,504,,
9352,,3600000,0,user_18,504,,
9353,,170000,42000,user_19,504,,
9354,,340000,0,user_19,504,,
9355,,970000,0,user_21,504,,
9356,,1300000,0,user_23,504,,
9357,,340000,231000,user_26,504,,
9358,,170000,0,user_26,504,,
9359,,1200000,0,user_27,504,,
9360,,650000,0,user_30,504,,
9361,,110000,0,user_31,504,,
9362,,30000000,0,user_33,504,,
9363,,87000,3130,user_34,504,,
9364,,320000,0,user_34,504,,
9365,,300000,0,user_34,504,,
9366,,120000,283000,user_34,504,,
9367,,80000,0,user_34,504,,
9368,,43000000,0,user_35,504,,
9369,,1900000,0,user_37,504,,
9370,,160000,0,user_38,504,,
9371,,2400000,0,user_39,504,,
9372,,310000,0,user_40,504,,
9373,,220000,0,user_42,504,,
9374,,1400000,0,user_44,504,,
9375,,6300000,0,user_45,504,,
9376,,3500000,13800,user_46,504,,
9377,,150000,0,user_47,504,,
9378,,420000,0,user_47,504,,
9379,,460000,0,user_47,504,,
9380,,79000,0,user_47,504,,
9381,,120000,0,user_48,504,,
9382,,110000,47700,user_49,504,,
9383,,1700000,0,user_49,504,,
9384,,4200000,0,user_49,504,,
9385,,2600000,0,user_49,504,,
9368,0,43000000,0,user_35,504,504,
9362,1,30000000,0,user_33,504,504,
9375,2,6300000,0,user_45,504,504,
9332,3,5000000,0,user_3,504,504,
9334,4,4500000,0,user_4,504,504,
9327,5,4200000,67900,user_1,504,504,
9384,6,4200000,0,user_49,504,504,
9352,7,3600000,0,user_18,504,504,
9335,8,3500000,146000,user_5,504,504,
9376,9,3500000,13800,user_46,504,504,
9385,10,2600000,0,user_49,504,504,
9340,11,2400000,36800,user_7,504,504,
9371,12,2400000,0,user_39,504,504,
9369,13,1900000,0,user_37,504,504,
9350,14,1800000,0,user_16,504,504,
9383,15,1700000,0,user_49,504,504,
9351,16,1500000,0,user_17,504,504,
9374,17,1400000,0,user_44,504,504,
9356,18,1300000,0,user_23,504,504,
9359,19,1200000,0,user_27,504,504,
9328,20,1000000,0,user_2,504,504,
9355,21,970000,0,user_21,504,504,
9344,22,910000,0,user_8,504,504,
9331,23,870000,0,user_3,504,504,
9360,24,650000,0,user_30,504,504,
9330,25,630000,17000,user_3,504,504,
9339,26,630000,0,user_7,504,504,
9333,27,460000,42000,user_3,504,504,
9379,28,460000,0,user_47,504,504,
9378,29,420000,0,user_47,504,504,
9338,30,360000,0,user_6,504,504,
9357,31,340000,231000,user_26,504,504,
9364,32,320000,0,user_34,504,504,
9372,33,310000,0,user_40,504,504,
9365,34,300000,0,user_34,504,504,
9347,35,260000,0,user_13,504,504,
9326,36,240000,0,user_0,504,504,
9349,37,220000,0,user_15,504,504,
9373,38,220000,0,user_42,504,504,
9336,39,170000,0,user_6,504,504,
9358,40,170000,0,user_26,504,504,
9345,41,160000,0,user_8,504,504,
9377,42,150000,0,user_47,504,504,
9341,43,120000,0,user_7,504,504,
9366,44,120000,283000,user_34,504,504,
9329,45,110000,19700,user_3,504,504,
9361,46,110000,0,user_31,504,504,
9382,47,110000,47700,user_49,504,504,
9337,48,87000,0,user_6,504,504,
9363,49,87000,3130,user_34,504,504,
9367,50,80000,0,user_34,504,504,
9342,51,79000,47700,user_7,504,504,
9343,52,79000,3130,user_7,504,504,
9380,53,79000,0,user_47,504,504,
9478,,100000,15100,user_1,505,,
9479,,1300000,0,user_2,505,,
9480,,3600000,0,user_3,505,,
9481,,2000000,0,user_4,505,,
9482,,2500000,0,user_5,505,,
9483,,130000,31700,user_6,505,,
9484,,460000,0,user_7,505,,
9485,,970000,0,user_7,505,,
9486,,1000000,0,user_8,505,,
9487,,460000,322000,user_10,505,,
9488,,630000,0,user_11,505,,
9489,,4500000,0,user_12,505,,
9490,,3600000,0,user_12,505,,
9491,,120000,0,user_13,505,,
9492,,4500000,0,user_13,505,,
9493,,1900000,0,user_15,505,,
9494,,150000,0,user_16,505,,
9495,,130000,0,user_16,505,,
9496,,1000000,0,user_16,505,,
9497,,120000,0,user_16,505,,
9498,,85000,0,user_16,505,,
9499,,110000,32900,user_17,505,,
9500,,2000000,0,user_17,505,,
9501,,970000,0,user_20,505,,
9502,,360000,0,user_22,505,,
9503,,1400000,16400,user_24,505,,
9504,,340000,0,user_26,505,,
9505,,1800000,0,user_27,505,,
9506,,2600000,0,user_27,505,,
9507,,460000,0,user_27,505,,
9508,,110000,0,user_27,505,,
9509,,970000,6390,user_27,505,,
9510,,120000,3130,user_29,505,,
9511,,2000000,0,user_30,505,,
9512,,130000,0,user_31,505,,
9513,,3600000,0,user_32,505,,
9514,,70000,84800,user_33,505,,
9515,,5200000,0,user_34,505,,
9516,,2600000,0,user_35,505,,
9517,,120000,0,user_35,505,,
9518,,5000000,121000,user_35,505,,
9519,,110000,0,user_35,505,,
9520,,460000,3130,user_36,505,,
9521,,100000,0,user_37,505,,
9522,,80000,8520,user_38,505,,
9523,,130000,0,user_39,505,,
9524,,150000,0,user_40,505,,
9525,,1200000,0,user_42,505,,
9526,,110000,0,user_42,505,,
9527,,120000,0,user_43,505,,
9528,,660000,0,user_43,505,,
9529,,340000,0,user_44,505,,
9530,,160000,0,user_45,505,,
9531,,220000,0,user_46,505,,
9532,,1300000,0,user_47,505,,
9533,,110000,0,user_48,505,,
9534,,1100000,0,user_49,505,,
9535,,1600000,0,user_49,505,,
9515,0,5200000,0,user_34,505,505,
9518,1,5000000,121000,user_35,505,505,
9489,2,4500000,0,user_12,505,505,
9492,3,4500000,0,user_13,505,505,
9480,4,3600000,0,user_3,505,505,
9490,5,3600000,0,user_12,505,505,
9513,6,3600000,0,user_32,505,505,
9506,7,2600000,0,user_27,505,505,
9516,8,2600000,0,user_35,505,505,
9482,9,2500000,0,user_5,505,505,
9481,10,2000000,0,user_4,505,505,
9500,11,2000000,0,user_17,505,505,
9493,12,1900000,0,user_15,505,505,
9505,13,1800000,0,user_27,505,505,
9535,14,1600000,0,user_49,505,505,
9503,15,1400000,16400,user_24,505,505,
9479,16,1300000,0,user_2,505,505,
9532,17,1300000,0,user_47,505,505,
9525,18,1200000,0,user_42,505,505,
9534,19,1100000,0,user_49,505,505,
9486,20,1000000,0,user_8,505,505,
9496,21,1000000,0,user_16,505,505,
9485,22,970000,0,user_7,505,505,
9501,23,970000,0,user_20,505,505,
9509,24,970000,6390,user_27,505,505,
9528,25,660000,0,user_43,505,505,
9488,26,630000,0,user_11,505,505,
9484,27,460000,0,user_7,505,505,
9487,28,460000,322000,user_10,505,505,
9507,29,460000,0,user_27,505,505,
9504,30,340000,0,user_26,505,505,
9529,31,340000,0,user_44,505,505,
9531,32,220000,0,user_46,505,505,
9530,33,160000,0,user_45,505,505,
9494,34,150000,0,user_16,505,505,
9483,35,130000,31700,user_6,505,505,
9495,36,130000,0,user_16,505,505,
9512,37,130000,0,user_31,505,505,
9523,38,130000,0,user_39,505,505,
9491,39,120000,0,user_13,505,505,
9497,40,120000,0,user_16,505,505,
9510,41,120000,3130,user_29,505,505,
9517,42,120000,0,user_35,505,505,
9527,43,120000,0,user_43,505,505,
9499,44,110000,32900,user_17,505,505,
9508,45,110000,0,user_27,505,505,
9519,46,110000,0,user_35,505,505,
9526,47,110000,0,user_42,505,505,
9533,48,110000,0,user_48,505,505,
9478,49,100000,15100,user_1,505,505,
9521,50,100000,0,user_37,505,505,
9498,51,85000,0,user_16,505,505,
9522,52,80000,8520,user_38,505,505,
9514,53,70000,84800,user_33,505,505,
9616,,2600000,0,user_0,506,,
9617,,1400000,0,user_1,506,,
9618,,4200000,0,user_2,506,,
9619,,1600000,0,user_3,506,,
9620,,970000,0,user_4,506,,
9621,,3500000,30200,user_4,506,,
9622,,1700000,12800,user_5,506,,
9623,,30000000,0,user_9,506,,
9624,,170000,0,user_9,506,,
9625,,530000,0,user_10,506,,
9626,,460000,19700,user_10,506,,
9627,,170000,8520,user_11,506,,
9628,,98000,0,user_14,506,,
9629,,1000000,0,user_16,506,,
9630,,5000000,0,user_16,506,,
9631,,870000,0,user_17,506,,
9632,,2000000,35100,user_18,506,,
9633,,120000,0,user_18,506,,
9634,,30000000,0,user_20,506,,
9635,,120000,68100,user_21,506,,
9636,,80000,283000,user_22,506,,
9637,,1500000,0,user_24,506,,
9638,,3200000,0,user_30,506,,
9639,,70000,0,user_31,506,,
9640,,670000,0,user_32,506,,
9641,,160000,0,user_33,506,,
9642,,1600000,0,user_35,506,,
9643,,27000000,0,user_36,506,,
9644,,1000000,66100,user_37,506,,
9645,,220000,0,user_39,506,,
9646,,2100000,0,user_39,506,,
9647,,1700000,0,user_41,506,,
9648,,630000,0,user_42,506,,
9649,,320000,5640,user_43,506,,
9650,,320000,0,user_43,506,,
9651,,1500000,0,user_44,506,,
9652,,79000,0,user_45,506,,
9653,,30000000,0,user_46,506,,
9654,,350000,47700,user_47,506,,
9655,,1900000,84800,user_47,506,,
9656,,220000,0,user_48,506,,
9623,0,30000000,0,user_9,506,506,
9634,1,30000000,0,user_20,506,506,
9653,2,30000000,0,user_46,506,506,
9643,3,27000000,0,user_36,506,506,
9630,4,5000000,0,user_16,506,506,
9618,5,4200000,0,user_2,506,506,
9621,6,3500000,30200,user_4,506,506,
9723,7,0,0,builder_8,506,506,9621
9638,8,3200000,0,user_30,506,506,
9616,9,2600000,0,user_0,506,506,
9646,10,2100000,0,user_39,506,506,
9724,11,0,0,builder_8,506,506,9632
9632,12,2000000,35100,user_18,506,506,
9725,13,0,0,builder_8,506,506,9655
9655,14,1900000,84800,user_47,506,506,
9726,15,0,0,builder_8,506,506,9622
9622,16,1700000,12800,user_5,506,506,
9647,17,1700000,0,user_41,506,506,
9619,18,1600000,0,user_3,506,506,
9642,19,1600000,0,user_35,506,506,
9651,20,1500000,0,user_44,506,506,
9644,21,1000000,66100,user_37,506,506,
9727,22,0,0,builder_8,506,506,9644
9629,23,1000000,0,user_16,506,506,
9620,24,970000,0,user_4,506,506,
9640,25,670000,0,user_32,506,506,
9648,26,630000,0,user_42,506,506,
9625,27,530000,0,user_10,506,506,
9728,28,0,0,builder_8,506,506,9626
9626,29,460000,19700,user_10,506,506,
9729,30,0,0,builder_8,506,506,9654
9654,31,350000,47700,user_47,506,506,
9636,32,80000,283000,user_22,506,506,
9730,33,0,0,builder_8,506,506,9636
9645,34,220000,0,user_39,506,506,
9656,35,220000,0,user_48,506,506,
9635,36,120000,68100,user_21,506,506,
9731,37,0,0,builder_8,506,506,9635
9627,38,170000,8520,user_11,506,506,
9732,39,0,0,builder_8,506,506,9627
9624,40,170000,0,user_9,506,506,
9641,41,160000,0,user_33,506,506,
9633,42,120000,0,user_18,506,506,
9628,43,98000,0,user_14,506,506,
9733,,970000,0,user_0,507,,
9734,,120000,0,user_2,507,,
9735,,120000,7840,user_3,507,,
9736,,220000,4320000,user_4,507,,
9737,,4200000,17000,user_8,507,,
9738,,100000,0,user_11,507,,
9739,,260000,0,user_13,507,,
9740,,220000,0,user_15,507,,
9741,,660000,35600,user_16,507,,
9742,,4200000,0,user_17,507,,
9743,,120000,0,user_17,507,,
9744,,300000,0,user_18,507,,
9745,,360000,0,user_20,507,,
9746,,220000,0,user_20,507,,
9747,,5000000,0,user_20,507,,
9748,,3200000,0,user_20,507,,
9749,,2400000,0,user_20,507,,
9750,,470000,18600,user_24,507,,
9751,,85000,100000,user_27,507,,
9752,,1800000,0,user_28,507,,
9753,,1900000,0,user_29,507,,
9754,,650000,0,user_29,507,,
9755,,6100000,0,user_31,507,,
9756,,2100000,0,user_32,507,,
9757,,1500000,0,user_33,507,,
9758,,670000,0,user_34,507,,
9759,,30000000,0,user_35,507,,
9760,,80000,0,user_36,507,,
9761,,84000,0,user_37,507,,
9762,,3600000,0,user_37,507,,
9763,,77000,0,user_38,507,,
9764,,170000,0,user_39,507,,
9765,,360000,0,user_40,507,,
9766,,79000,128000,user_42,507,,
9767,,3200000,0,user_43,507,,
9768,,150000,0,user_43,507,,
9769,,150000,510000,user_45,507,,
9770,,2000000,16400,user_46,507,,
9771,,83000,0,user_48,507,,
9772,,100000,0,user_49,507,,
9759,0,30000000,0,user_35,507,507,
9755,1,6100000,0,user_31,507,507,
9747,2,5000000,0,user_20,507,507,
9737,3,4200000,17000,user_8,507,507,
9742,4,4200000,0,user_17,507,507,
9762,5,3600000,0,user_37,507,507,
9748,6,3200000,0,user_20,507,507,
9767,7,3200000,0,user_43,507,507,
9749,8,2400000,0,user_20,507,507,
9756,9,2100000,0,user_32,507,507,
9770,10,2000000,16400,user_46,507,507,
9753,11,1900000,0,user_29,507,507,
9752,12,1800000,0,user_28,507,507,
9757,13,1500000,0,user_33,507,507,
9733,14,970000,0,user_0,507,507,
9758,15,670000,0,user_34,507,507,
9741,16,660000,35600,user_16,507,507,
9754,17,650000,0,user_29,507,507,
9750,18,470000,18600,user_24,507,507,
9745,19,360000,0,user_20,507,507,
9765,20,360000,0,user_40,507,507,
9744,21,300000,0,user_18,507,507,
9739,22,260000,0,user_13,507,507,
9736,23,220000,4320000,user_4,507,507,
9740,24,220000,0,user_15,507,507,
9746,25,220000,0,user_20,507,507,
9764,26,170000,0,user_39,507,507,
9768,27,150000,0,user_43,507,507,
9769,28,150000,510000,user_45,507,507,
9734,29,120000,0,user_2,507,507,
9735,30,120000,7840,user_3,507,507,
9743,31,120000,0,user_17,507,507,
9738,32,100000,0,user_11,507,507,
9772,33,100000,0,user_49,507,507,
9761,34,84000,0,user_37,507,507,
9766,35,79000,128000,user_42,507,507,
9834,,120000,155000,user_1,508,,
9835,,220000,0,user_1,508,,
9836,,300000,0,user_2,508,,
9837,,82000,0,user_2,508,,
9838,,260000,0,user_3,508,,
9839,,260000,0,user_6,508,,
9840,,170000,0,user_7,508,,
9841,,73000,0,user_8,508,,
9842,,460000,0,user_9,508,,
9843,,3200000,128000,user_10,508,,
9844,,3200000,0,user_12,508,,
9845,,120000,0,user_12,508,,
9846,,160000,0,user_14,508,,
9847,,1700000,0,user_15,508,,
9848,,170000,0,user_16,508,,
9849,,2400000,49100,user_17,508,,
9850,,650000,0,user_20,508,,
9851,,220000,0,user_23,508,,
9852,,2500000,0,user_24,508,,
9853,,27000000,0,user_25,508,,
9854,,170000,56200,user_26,508,,
9855,,2100000,0,user_27,508,,
9856,,220000,0,user_28,508,,
9857,,150000,0,user_29,508,,
9858,,340000,0,user_30,508,,
9859,,350000,0,user_31,508,,
9860,,150000,0,user_32,508,,
9861,,870000,0,user_33,508,,
9862,,1200000,0,user_35,508,,
9863,,1800000,0,user_35,508,,
9864,,260000,0,user_37,508,,
9865,,370000,0,user_38,508,,
9866,,87000,0,user_39,508,,
9867,,360000,0,user_40,508,,
9868,,80000,0,user_41,508,,
9869,,87000,0,user_42,508,,
9870,,310000,12300,user_45,508,,
9871,,190000,0,user_45,508,,
9872,,420000,0,user_48,508,,
9873,,120000,0,user_49,508,,
9874,,19000000,0,user_49,508,,
9875,,110000,0,user_49,508,,
9853,0,27000000,0,user_25,508,508,
9874,1,19000000,0,user_49,508,508,
9843,2,3200000,128000,user_10,508,508,
9844,3,3200000,0,user_12,508,508,
9852,4,2500000,0,user_24,508,508,
9849,5,2400000,49100,user_17,508,508,
9855,6,2100000,0,user_27,508,508,
9863,7,1800000,0,user_35,508,508,
9847,8,1700000,0,user_15,508,508,
9862,9,1200000,0,user_35,508,508,
9861,10,870000,0,user_33,508,508,
9850,11,650000,0,user_20,508,508,
9842,12,460000,0,user_9,508,508,
9872,13,420000,0,user_48,508,508,
9865,14,370000,0,user_38,508,508,
9859,15,350000,0,user_31,508,508,
9870,16,310000,12300,user_45,508,508,
9836,17,300000,0,user_2,508,508,
9838,18,260000,0,user_3,508,508,
9839,19,260000,0,user_6,508,508,
9864,20,260000,0,user_37,508,508,
9835,21,220000,0,user_1,508,508,
9856,22,220000,0,user_28,508,508,
9871,23,190000,0,user_45,508,508,
9840,24,170000,0,user_7,508,508,
9848,25,170000,0,user_16,508,508,
9854,26,170000,56200,user_26,508,508,
9857,27,150000,0,user_29,508,508,
9860,28,150000,0,user_32,508,508,
9834,29,120000,155000,user_1,508,508,
9845,30,120000,0,user_12,508,508,
9873,31,120000,0,user_49,508,508,
9875,32,110000,0,user_49,508,508,
9866,33,87000,0,user_39,508,508,
9869,34,87000,0,user_42,508,508,
9837,35,82000,0,user_2,508,508,
9868,36,80000,0,user_41,508,508,
9841,37,73000,0,user_8,508,508,
9911,,1300000,0,user_0,509,,
9912,,80000,0,user_1,509,,
9913,,85000,0,user_1,509,,
9914,,4500000,0,user_1,509,,
9915,,530000,67500,user_2,509,,
9916,,260000,0,user_4,509,,
9917,,43000000,17000,user_5,509,,
9918,,80000,0,user_6,509,,
9919,,170000,0,user_6,509,,
9920,,1700000,0,user_8,509,,
9921,,260000,12800,user_9,509,,
9922,,600000,0,user_10,509,,
9923,,110000,215000,user_11,509,,
9924,,98000,0,user_13,509,,
9925,,260000,0,user_13,509,,
9926,,5000000,0,user_13,509,,
9927,,160000,0,user_15,509,,
9928,,420000,39400,user_16,509,,
9929,,110000,75000,user_16,509,,
9930,,5000000,0,user_17,509,,
9931,,130000,30200,user_18,509,,
9932,,77000,0,user_19,509,,
9933,,2000000,0,user_19,509,,
9934,,910000,0,user_19,509,,
9935,,79000,0,user_19,509,,
9936,,190000,0,user_19,509,,
9937,,2000000,0,user_20,509,,
9938,,2000000,0,user_20,509,,
9939,,910000,15100,user_22,509,,
9940,,600000,0,user_23,509,,
9941,,350000,0,user_24,509,,
9942,,4500000,0,user_24,509,,
9943,,27000000,4320000,user_24,509,,
9944,,240000,0,user_25,509,,
9945,,3500000,0,user_25,509,,
9946,,27000000,0,user_26,509,,
9947,,150000,0,user_27,509,,
9948,,70000,0,user_27,509,,
9949,,27000000,0,user_28,509,,
9950,,1000000,0,user_30,509,,
9951,,110000,0,user_31,509,,
9952,,3500000,0,user_33,509,,
9953,,87000,0,user_33,509,,
9954,,5000000,108000,user_34,509,,
9955,,2100000,0,user_35,509,,
9956,,360000,0,user_35,509,,
9957,,530000,0,user_37,509,,
9958,,4200000,31700,user_39,509,,
9959,,82000,0,user_39,509,,
9960,,79000,0,user_39,509,,
9961,,130000,0,user_39,509,,
9962,,1000000,5180,user_40,509,,
9963,,320000,0,user_40,509,,
9964,,1000000,0,user_40,509,,
9965,,87000,0,user_40,509,,
9966,,5000000,0,user_41,509,,
9967,,77000,0,user_42,509,,
9968,,83000,0,user_43,509,,
9969,,1400000,56200,user_43,509,,
9970,,300000,0,user_44,509,,
9971,,310000,0,user_45,509,,
9972,,630000,24700,user_45,509,,
9973,,160000,0,user_45,509,,
9974,,70000,0,user_45,509,,
9975,,320000,0,user_45,509,,
9976,,910000,0,user_47,509,,
9977,,100000,0,user_48,509,,
9978,,310000,0,user_48,509,,
9979,,350000,0,user_49,509,,
9980,,2100000,0,user_49,509,,
9917,0,43000000,17000,user_5,509,509,
9943,1,27000000,4320000,user_24,509,509,
9946,2,27000000,0,user_26,509,509,
9949,3,27000000,0,user_28,509,509,
9926,4,5000000,0,user_13,509,509,
9930,5,5000000,0,user_17,509,509,
9954,6,5000000,108000,user_34,509,509,
9966,7,5000000,0,user_41,509,509,
9914,8,4500000,0,user_1,509,509,
9942,9,4500000,0,user_24,509,509,
9958,10,4200000,31700,user_39,509,509,
9945,11,3500000,0,user_25,509,509,
9952,12,3500000,0,user_33,509,509,
9955,13,2100000,0,user_35,509,509,
9980,14,2100000,0,user_49,509,509,
9933,15,2000000,0,user_19,509,509,
9937,16,2000000,0,user_20,509,509,
9938,17,2000000,0,user_20,509,509,
9920,18,1700000,0,user_8,509,509,
9969,19,1400000,56200,user_43,509,509,
9934,20,910000,0,user_19,509,509,
9976,21,910000,0,user_47,509,509,
9972,22,630000,24700,user_45,509,509,
9922,23,600000,0,user_10,509,509,
9915,24,530000,67500,user_2,509,509,
9957,25,530000,0,user_37,509,509,
9928,26,420000,39400,user_16,509,509,
9956,27,360000,0,user_35,509,509,
9941,28,350000,0,user_24,509,509,
9979,29,350000,0,user_49,509,509,
9975,30,320000,0,user_45,509,509,
9971,31,310000,0,user_45,509,509,
9978,32,310000,0,user_48,509,509,
9970,33,300000,0,user_44,509,509,
9916,34,260000,0,user_4,509,509,
9921,35,260000,12800,user_9,509,509,
9925,36,260000,0,user_13,509,509,
9944,37,240000,0,user_25,509,509,
9936,38,190000,0,user_19,509,509,
9919,39,170000,0,user_6,509,509,
9927,40,160000,0,user_15,509,509,
9973,41,160000,0,user_45,509,509,
9947,42,150000,0,user_27,509,509,
9961,43,130000,0,user_39,509,509,
9923,44,110000,215000,user_11,509,509,
9929,45,110000,75000,user_16,509,509,
9951,46,110000,0,user_31,509,509,
9977,47,100000,0,user_48,509,509,
9924,48,98000,0,user_13,509,509,
9953,49,87000,0,user_33,509,509,
9913,50,85000,0,user_1,509,509,
9968,51,83000,0,user_43,509,509,
9959,52,82000,0,user_39,509,509,
9912,53,80000,0,user_1,509,509,
9918,54,80000,0,user_6,509,509,
9935,55,79000,0,user_19,509,509,
9960,56,79000,0,user_39,509,509,
9932,57,77000,0,user_19,509,509,
9967,58,77000,0,user_42,509,509,
9948,59,70000,0,user_27,509,509,
9974,60,70000,0,user_45,509,509,
10079,,170000,0,user_1,510,,
10080,,19000000,0,user_3,510,,
10081,,870000,0,user_3,510,,
10082,,100000,0,user_4,510,,
10083,,27000000,11200,user_5,510,,
10084,,150000,0,user_6,510,,
10085,,83000,0,user_6,510,,
10086,,30000000,0,user_6,510,,
10087,,350000,0,user_6,510,,
10088,,2100000,0,user_6,510,,
10089,,85000,0,user_7,510,,
10090,,3500000,0,user_8,510,,
10091,,3500000,0,user_9,510,,
10092,,310000,0,user_10,510,,
10093,,110000,0,user_12,510,,
10094,,1800000,0,user_12,510,,
10095,,2100000,1100000,user_13,510,,
10096,,530000,0,user_14,510,,
10097,,170000,0,user_16,510,,
10098,,110000,0,user_17,510,,
10099,,220000,0,user_18,510,,
10100,,420000,5640,user_18,510,,
10101,,110000,0,user_18,510,,
10102,,170000,30200,user_20,510,,
10103,,3600000,0,user_20,510,,
10104,,220000,0,user_21,510,,
10105,,1800000,0,user_21,510,,
10106,,160000,0,user_22,510,,
10107,,120000,8520,user_23,510,,
10108,,220000,231000,user_24,510,,
10109,,350000,0,user_26,510,,
10110,,160000,0,user_26,510,,
10111,,150000,0,user_26,510,,
10112,,910000,0,user_26,510,,
10113,,1100000,0,user_27,510,,
10114,,650000,0,user_27,510,,
10115,,6300000,0,user_28,510,,
10116,,6100000,0,user_30,510,,
10117,,970000,0,user_31,510,,
10118,,1300000,21800,user_31,510,,
10119,,150000,0,user_33,510,,
10120,,2500000,0,user_34,510,,
10121,,420000,0,user_36,510,,
10122,,1700000,32900,user_37,510,,
10123,,160000,0,user_39,510,,
10124,,170000,0,user_41,510,,
10125,,190000,0,user_41,510,,
10126,,260000,0,user_42,510,,
10127,,1100000,0,user_43,510,,
10128,,1500000,0,user_43,510,,
10129,,420000,215000,user_43,510,,
10130,,19000000,0,user_43,510,,
10131,,300000,0,user_46,510,,
10086,0,30000000,0,user_6,510,510,
10083,1,27000000,11200,user_5,510,510,
10080,2,19000000,0,user_3,510,510,
10130,3,19000000,0,user_43,510,510,
10115,4,6300000,0,user_28,510,510,
10116,5,6100000,0,user_30,510,510,
10103,6,3600000,0,user_20,510,510,
10090,7,3500000,0,user_8,510,510,
10091,8,3500000,0,user_9,510,510,
10120,9,2500000,0,user_34,510,510,
10088,10,2100000,0,user_6,510,510,
10095,11,2100000,1100000,user_13,510,510,
10094,12,1800000,0,user_12,510,510,
10105,13,1800000,0,user_21,510,510,
10122,14,1700000,32900,user_37,510,510,
10128,15,1500000,0,user_43,510,510,
10118,16,1300000,21800,user_31,510,510,
10113,17,1100000,0,user_27,510,510,
10127,18,1100000,0,user_43,510,510,
10117,19,970000,0,user_31,510,510,
10112,20,910000,0,user_26,510,510,
10081,21,870000,0,user_3,510,510,
10114,22,650000,0,user_27,510,510,
10096,23,530000,0,user_14,510,510,
10100,24,420000,5640,user_18,510,510,
10121,25,420000,0,user_36,510,510,
10129,26,420000,215000,user_43,510,510,
10087,27,350000,0,user_6,510,510,
10109,28,350000,0,user_26,510,510,
10126,29,260000,0,user_42,510,510,
10099,30,220000,0,user_18,510,510,
10104,31,220000,0,user_21,510,510,
10108,32,220000,231000,user_24,510,510,
10079,33,170000,0,user_1,510,510,
10102,34,170000,30200,user_20,510,510,
10106,35,160000,0,user_22,510,510,
10110,36,160000,0,user_26,510,510,
10123,37,160000,0,user_39,510,510,
10084,38,150000,0,user_6,510,510,
10111,39,150000,0,user_26,510,510,
10119,40,150000,0,user_33,510,510,
10107,41,120000,8520,user_23,510,510,
10093,42,110000,0,user_12,510,510,
10098,43,110000,0,user_17,510,510,
10101,44,110000,0,user_18,510,510,
10082,45,100000,0,user_4,510,510,
10089,46,85000,0,user_7,510,510,
10085,47,83000,0,user_6,510,510,
10195,,170000,0,user_2,511,,
10196,,220000,13900,user_3,511,,
10197,,110000,0,user_4,511,,
10198,,460000,0,user_4,511,,
10199,,1300000,0,user_6,511,,
10200,,1000000,0,user_7,511,,
10201,,650000,0,user_8,511,,
10202,,260000,35100,user_9,511,,
10203,,260000,36800,user_10,511,,
10204,,4200000,195000,user_10,511,,
10205,,82000,5180,user_12,511,,
10206,,1800000,0,user_13,511,,
10207,,870000,0,user_13,511,,
10208,,460000,0,user_15,511,,
10209,,120000,0,user_15,511,,
10210,,1800000,0,user_16,511,,
10211,,360000,0,user_16,511,,
10212,,1600000,0,user_16,511,,
10213,,4500000,0,user_16,511,,
10214,,70000,0,user_16,511,,
10215,,1500000,0,user_17,511,,
10216,,1600000,0,user_18,511,,
10217,,460000,0,user_21,511,,
10218,,120000,0,user_26,511,,
10219,,1100000,0,user_28,511,,
10220,,27000000,0,user_28,511,,
10221,,98000,0,user_28,511,,
10222,,84000,0,user_28,511,,
10223,,170000,0,user_28,511,,
10224,,3200000,0,user_30,511,,
10225,,460000,0,user_30,511,,
10226,,1000000,296000,user_31,511,,
10227,,1000000,0,user_32,511,,
10228,,320000,0,user_33,511,,
10229,,5200000,0,user_33,511,,
10230,,150000,155000,user_33,511,,
10231,,460000,36800,user_33,511,,
10232,,73000,0,user_34,511,,
10233,,1700000,0,user_34,511,,
10234,,150000,0,user_36,511,,
10235,,27000000,0,user_38,511,,
10236,,170000,0,user_39,511,,
10237,,1100000,0,user_41,511,,
10238,,160000,0,user_41,511,,
10239,,370000,0,user_42,511,,
10240,,2000000,0,user_47,511,,
10241,,420000,0,user_48,511,,
10242,,120000,0,user_49,511,,
10220,0,27000000,0,user_28,511,511,
10235,1,27000000,0,user_38,511,511,
10229,2,5200000,0,user_33,511,511,
10213,3,4500000,0,user_16,511,511,
10243,4,0,0,builder_0,511,511,10204
10204,5,4200000,195000,user_10,511,511,
10224,6,3200000,0,user_30,511,511,
10240,7,2000000,0,user_47,511,511,
10206,8,1800000,0,user_13,511,511,
10210,9,1800000,0,user_16,511,511,
10212,10,1600000,0,user_16,511,511,
10216,11,1600000,0,user_18,511,511,
10215,12,1500000,0,user_17,511,511,
10199,13,1300000,0,user_6,511,511,
10244,14,0,0,builder_0,511,511,10226
10226,15,1000000,296000,user_31,511,511,
10219,16,1100000,0,user_28,511,511,
10237,17,1100000,0,user_41,511,511,
10200,18,1000000,0,user_7,511,511,
10227,19,1000000,0,user_32,511,511,
10207,20,870000,0,user_13,511,511,
10201,21,650000,0,user_8,511,511,
10231,22,460000,36800,user_33,511,511,
10245,23,0,0,builder_0,511,511,10231
10217,24,460000,0,user_21,511,511,
10225,25,460000,0,user_30,511,511,
10241,26,420000,0,user_48,511,511,
10239,27,370000,0,user_42,511,511,
10211,28,360000,0,user_16,511,511,
10228,29,320000,0,user_33,511,511,
10230,30,150000,155000,user_33,511,511,
10246,31,0,0,builder_0,511,511,10230
10247,32,0,0,builder_0,511,511,10203
10203,33,260000,36800,user_10,511,511,
10202,34,260000,35100,user_9,511,511,
10248,35,0,0,builder_0,511,511,10202
10249,36,0,0,builder_0,511,511,10196
10196,37,220000,13900,user_3,511,511,
10195,38,170000,0,user_2,511,511,
10223,39,170000,0,user_28,511,511,
10238,40,160000,0,user_41,511,511,
10234,41,150000,0,user_36,511,511,
10218,42,120000,0,user_26,511,511,
10242,43,120000,0,user_49,511,511,
10221,44,98000,0,user_28,511,511,
10222,45,84000,0,user_28,511,511,
10214,46,70000,0,user_16,511,511,
10303,,150000,19700,user_0,512,,
10304,,73000,0,user_4,512,,
10305,,3200000,0,user_6,512,,
10306,,1900000,0,user_7,512,,
10307,,120000,0,user_7,512,,
10308,,5000000,0,user_7,512,,
10309,,120000,12800,user_7,512,,
10310,,19000000,10700,user_8,512,,
10311,,420000,17700000,user_8,512,,
10312,,2400000,0,user_9,512,,
10313,,160000,350000,user_10,512,,
10314,,1000000,0,user_12,512,,
10315,,77000,15700,user_13,512,,
10316,,110000,36800,user_14,512,,
10317,,2000000,0,user_14,512,,
10318,,19000000,39400,user_15,512,,
10319,,120000,0,user_15,512,,
10320,,110000,0,user_15,512,,
10321,,3200000,0,user_15,512,,
10322,,1500000,0,user_15,512,,
10323,,1500000,0,user_16,512,,
10324,,420000,959000,user_18,512,,
10325,,320000,0,user_19,512,,
10326,,170000,0,user_19,512,,
10327,,5000000,0,user_20,512,,
10328,,1100000,0,user_22,512,,
10329,,110000,0,user_23,512,,
10330,,310000,108000,user_24,512,,
10331,,600000,49100,user_24,512,,
10332,,650000,0,user_24,512,,
10333,,2000000,0,user_25,512,,
10334,,6300000,0,user_27,512,,
10335,,82000,0,user_28,512,,
10336,,420000,17700000,user_30,512,,
10337,,120000,100000,user_30,512,,
10338,,19000000,12800,user_32,512,,
10339,,650000,0,user_32,512,,
10340,,120000,0,user_32,512,,
10341,,260000,0,user_32,512,,
10342,,2000000,0,user_32,512,,
10343,,1400000,5630,user_33,512,,
10344,,320000,410000,user_33,512,,
10345,,130000,0,user_33,512,,
10346,,220000,0,user_34,512,,
10347,,5000000,0,user_37,512,,
10348,,350000,283000,user_38,512,,
10349,,460000,0,user_38,512,,
10350,,130000,0,user_38,512,,
10351,,87000,0,user_38,512,,
10352,,120000,0,user_39,512,,
10353,,3600000,0,user_42,512,,
10354,,5000000,0,user_42,512,,
10355,,350000,0,user_43,512,,
10356,,98000,0,user_46,512,,
10357,,84000,0,user_48,512,,
10358,,870000,0,user_48,512,,
10359,,3500000,0,user_49,512,,
10360,,360000,0,user_49,512,,
10310,0,19000000,10700,user_8,512,512,
10318,1,19000000,39400,user_15,512,512,
10338,2,19000000,12800,user_32,512,512,
10334,3,6300000,0,user_27,512,512,
10308,4,5000000,0,user_7,512,512,
10327,5,5000000,0,user_20,512,512,
10347,6,5000000,0,user_37,512,512,
10354,7,5000000,0,user_42,512,512,
10353,8,3600000,0,user_42,512,512,
10359,9,3500000,0,user_49,512,512,
10305,10,3200000,0,user_6,512,512,
10321,11,3200000,0,user_15,512,512,
10312,12,2400000,0,user_9,512,512,
10333,13,2000000,0,user_25,512,512,
10342,14,2000000,0,user_32,512,512,
10306,15,1900000,0,user_7,512,512,
10322,16,1500000,0,user_15,512,512,
10323,17,1500000,0,user_16,512,512,
10343,18,1400000,5630,user_33,512,512,
10314,19,1000000,0,user_12,512,512,
10358,20,870000,0,user_48,512,512,
10332,21,650000,0,user_24,512,512,
10339,22,650000,0,user_32,512,512,
10331,23,600000,49100,user_24,512,512,
10349,24,460000,0,user_38,512,512,
10311,25,420000,17700000,user_8,512,512,
10360,26,360000,0,user_49,512,512,
10348,27,350000,283000,user_38,512,512,
10355,28,350000,0,user_43,512,512,
10325,29,320000,0,user_19,512,512,
10344,30,320000,410000,user_33,512,512,
10330,31,310000,108000,user_24,512,512,
10341,32,260000,0,user_32,512,512,
10346,33,220000,0,user_34,512,512,
10326,34,170000,0,user_19,512,512,
10313,35,160000,350000,user_10,512,512,
10345,36,130000,0,user_33,512,512,
10350,37,130000,0,user_38,512,512,
10307,38,120000,0,user_7,512,512,
10309,39,120000,12800,user_7,512,512,
10319,40,120000,0,user_15,512,512,
10340,41,120000,0,user_32,512,512,
10352,42,120000,0,user_39,512,512,
10320,43,110000,0,user_15,512,512,
10356,44,98000,0,user_46,512,512,
10351,45,87000,0,user_38,512,512,
10357,46,84000,0,user_48,512,512,
10335,47,82000,0,user_28,512,512,
10315,48,77000,15700,user_13,512,512,
10304,49,73000,0,user_4,512,512,
10481,,4200000,67500,user_1,513,,
10482,,2500000,0,user_2,513,,
10483,,420000,0,user_5,513,,
10484,,2400000,10700,user_5,513,,
10485,,2000000,0,user_5,513,,
10486,,340000,0,user_8,513,,
10487,,79000,181000,user_9,513,,
10488,,1400000,0,user_9,513,,
10489,,320000,0,user_10,513,,
10490,,120000,0,user_12,513,,
10491,,110000,0,user_12,513,,
10492,,150000,0,user_14,513,,
10493,,1400000,0,user_15,513,,
10494,,1200000,0,user_15,513,,
10495,,110000,17000,user_15,513,,
10496,,910000,0,user_16,513,,
10497,,1400000,181000,user_17,513,,
10498,,2300000,0,user_17,513,,
10499,,130000,0,user_19,513,,
10500,,2400000,0,user_19,513,,
10501,,300000,108000,user_19,513,,
10502,,27000000,0,user_19,513,,
10503,,300000,0,user_20,513,,
10504,,150000,0,user_21,513,,
10505,,160000,0,user_23,513,,
10506,,82000,0,user_24,513,,
10507,,870000,0,user_25,513,,
10508,,98000,0,user_25,513,,
10509,,670000,0,user_26,513,,
10510,,1400000,0,user_27,513,,
10511,,30000000,0,user_27,513,,
10512,,2600000,23500,user_28,513,,
10513,,600000,0,user_29,513,,
10514,,120000,75000,user_32,513,,
10515,,1500000,0,user_36,513,,
10516,,970000,0,user_38,513,,
10517,,27000000,0,user_38,513,,
10518,,27000000,0,user_39,513,,
10519,,360000,68100,user_39,513,,
10520,,600000,68100,user_40,513,,
10521,,83000,0,user_40,513,,
10522,,1500000,0,user_41,513,,
10523,,150000,17000,user_42,513,,
10524,,630000,0,user_44,513,,
10525,,2300000,0,user_45,513,,
10526,,2600000,0,user_46,513,,
10527,,650000,0,user_47,513,,
10528,,98000,0,user_48,513,,
10529,,110000,0,user_48,513,,
10530,,160000,0,user_48,513,,
10531,,110000,0,user_48,513,,
10532,,260000,0,user_49,513,,
10533,,240000,0,user_49,513,,
10534,,130000,0,user_49,513,,
10535,,1800000,0,user_49,513,,
10536,,240000,0,user_49,513,,
10511,0,30000000,0,user_27,513,513,
10502,1,27000000,0,user_19,513,513,
10517,2,27000000,0,user_38,513,513,
10518,3,27000000,0,user_39,513,513,
10481,4,4200000,67500,user_1,513,513,
10512,5,2600000,23500,user_28,513,513,
10526,6,2600000,0,user_46,513,513,
10482,7,2500000,0,user_2,513,513,
10484,8,2400000,10700,user_5,513,513,
10500,9,2400000,0,user_19,513,513,
10498,10,2300000,0,user_17,513,513,
10525,11,2300000,0,user_45,513,513,
10485,12,2000000,0,user_5,513,513,
10535,13,1800000,0,user_49,513,513,
10522,14,1500000,0,user_41,513,513,
10488,15,1400000,0,user_9,513,513,
10493,16,1400000,0,user_15,513,513,
10497,17,1400000,181000,user_17,513,513,
10510,18,1400000,0,user_27,513,513,
10494,19,1200000,0,user_15,513,513,
10516,20,970000,0,user_38,513,513,
10496,21,910000,0,user_16,513,513,
10507,22,870000,0,user_25,513,513,
10509,23,670000,0,user_26,513,513,
10527,24,650000,0,user_47,513,513,
10524,25,630000,0,user_44,513,513,
10513,26,600000,0,user_29,513,513,
10483,27,420000,0,user_5,513,513,
10519,28,360000,68100,user_39,513,513,
10486,29,340000,0,user_8,513,513,
10489,30,320000,0,user_10,513,513,
10501,31,300000,108000,user_19,513,513,
10503,32,300000,0,user_20,513,513,
10532,33,260000,0,user_49,513,513,
10533,34,240000,0,user_49,513,513,
10536,35,240000,0,user_49,513,513,
10530,36,160000,0,user_48,513,513,
10523,37,150000,17000,user_42,513,513,
10499,38,130000,0,user_19,513,513,
10534,39,130000,0,user_49,513,513,
10490,40,120000,0,user_12,513,513,
10514,41,120000,75000,user_32,513,513,
10491,42,110000,0,user_12,513,513,
10495,43,110000,17000,user_15,513,513,
10529,44,110000,0,user_48,513,513,
10531,45,110000,0,user_48,513,513,
10508,46,98000,0,user_25,513,513,
10528,47,98000,0,user_48,513,513,
10506,48,82000,0,user_24,513,513,
10487,49,79000,181000,user_9,513,513,
10615,,1600000,0,user_0,514,,
10616,,530000,0,user_1,514,,
10617,,460000,0,user_2,514,,
10618,,220000,0,user_3,514,,
10619,,120000,0,user_3,514,,
10620,,220000,0,user_4,514,,
10621,,160000,0,user_6,514,,
10622,,530000,322000,user_7,514,,
10623,,150000,0,user_9,514,,
10624,,110000,0,user_11,514,,
10625,,73000,0,user_11,514,,
10626,,30000000,0,user_11,514,,
10627,,110000,0,user_13,514,,
10628,,160000,0,user_14,514,,
10629,,240000,16400,user_14,514,,
10630,,120000,0,user_14,514,,
10631,,2000000,0,user_15,514,,
10632,,1100000,0,user_17,514,,
10633,,27000000,0,user_17,514,,
10634,,6100000,0,user_18,514,,
10635,,5200000,0,user_19,514,,
10636,,320000,0,user_25,514,,
10637,,370000,0,user_25,514,,
10638,,370000,0,user_26,514,,
10639,,19000000,0,user_28,514,,
10640,,2000000,33100,user_29,514,,
10641,,80000,0,user_29,514,,
10642,,120000,0,user_29,514,,
10643,,3500000,0,user_29,514,,
10644,,120000,256000,user_29,514,,
10645,,73000,0,user_30,514,,
10646,,150000,296000,user_31,514,,
10647,,470000,0,user_33,514,,
10648,,120000,0,user_34,514,,
10649,,240000,0,user_35,514,,
10650,,3600000,0,user_36,514,,
10651,,300000,0,user_37,514,,
10652,,340000,39400,user_38,514,,
10653,,110000,43600,user_39,514,,
10654,,160000,0,user_40,514,,
10655,,2100000,0,user_42,514,,
10656,,320000,35100,user_43,514,,
10657,,85000,0,user_44,514,,
10658,,73000,0,user_46,514,,
10659,,1500000,35600,user_46,514,,
10660,,160000,0,user_46,514,,
10661,,220000,0,user_46,514,,
10662,,360000,60700,user_46,514,,
10663,,30000000,0,user_47,514,,
10664,,970000,0,user_48,514,,
10665,,87000,16400,user_48,514,,
10666,,6300000,0,user_49,514,,
10667,,19000000,0,user_49,514,,
10626,0,30000000,0,user_11,514,514,
10663,1,30000000,0,user_47,514,514,
10633,2,27000000,0,user_17,514,514,
10639,3,19000000,0,user_28,514,514,
10667,4,19000000,0,user_49,514,514,
10666,5,6300000,0,user_49,514,514,
10634,6,6100000,0,user_18,514,514,
10635,7,5200000,0,user_19,514,514,
10650,8,3600000,0,user_36,514,514,
10643,9,3500000,0,user_29,514,514,
10655,10,2100000,0,user_42,514,514,
10640,11,2000000,33100,user_29,514,514,
10695,12,0,0,builder_3,514,514,10640
10631,13,2000000,0,user_15,514,514,
10615,14,1600000,0,user_0,514,514,
10659,15,1500000,35600,user_46,514,514,
10696,16,0,0,builder_3,514,514,10659
10632,17,1100000,0,user_17,514,514,
10664,18,970000,0,user_48,514,514,
10622,19,530000,322000,user_7,514,514,
10697,20,0,0,builder_3,514,514,10622
10647,21,470000,0,user_33,514,514,
10617,22,460000,0,user_2,514,514,
10646,23,150000,296000,user_31,514,514,
10698,24,0,0,builder_3,514,514,10646
10662,25,360000,60700,user_46,514,514,
10699,26,0,0,builder_3,514,514,10662
10652,27,340000,39400,user_38,514,514,
10700,28,0,0,builder_3,514,514,10652
10701,29,0,0,builder_3,514,514,10644
10644,30,120000,256000,user_29,514,514,
10638,31,370000,0,user_26,514,514,
10656,32,320000,35100,user_43,514,514,
10702,33,0,0,builder_3,514,514,10656
10651,34,300000,0,user_37,514,514,
10629,35,240000,16400,user_14,514,514,
10703,36,0,0,builder_3,514,514,10629
10649,37,240000,0,user_35,514,514,
10618,38,220000,0,user_3,514,514,
10620,39,220000,0,user_4,514,514,
10661,40,220000,0,user_46,514,514,
10628,41,160000,0,user_14,514,514,
10654,42,160000,0,user_40,514,514,
10660,43,160000,0,user_46,514,514,
10653,44,110000,43600,user_39,514,514,
10704,45,0,0,builder_3,514,514,10653
10619,46,120000,0,user_3,514,514,
10630,47,120000,0,user_14,514,514,
10642,48,120000,0,user_29,514,514,
10648,49,120000,0,user_34,514,514,
10624,50,110000,0,user_11,514,514,
10627,51,110000,0,user_13,514,514,
10705,52,0,0,builder_3,514,514,10665
10665,53,87000,16400,user_48,514,514,
10657,54,85000,0,user_44,514,514,
10641,55,80000,0,user_29,514,514,
10625,56,73000,0,user_11,514,514,
10645,57,73000,0,user_30,514,514,
10658,58,73000,0,user_46,514,514,
10744,,110000,49100,user_4,515,,
10745,,70000,13900,user_5,515,,
10746,,3600000,0,user_6,515,,
10747,,120000,0,user_7,515,,
10748,,220000,0,user_8,515,,
10749,,150000,0,user_8,515,,
10750,,27000000,0,user_9,515,,
10751,,630000,0,user_9,515,,
10752,,170000,0,user_10,515,,
10753,,1800000,0,user_10,515,,
10754,,150000,0,user_11,515,,
10755,,1800000,43600,user_11,515,,
10756,,910000,0,user_12,515,,
10757,,83000,71800,user_13,515,,
10758,,79000,0,user_16,515,,
10759,,310000,0,user_18,515,,
10760,,420000,0,user_19,515,,
10761,,320000,0,user_20,515,,
10762,,160000,0,user_24,515,,
10763,,420000,12800,user_25,515,,
10764,,310000,14200,user_25,515,,
10765,,2400000,161000,user_26,515,,
10766,,110000,0,user_27,515,,
10767,,220000,0,user_28,515,,
10768,,160000,164000,user_28,515,,
10769,,240000,0,user_29,515,,
10770,,630000,0,user_29,515,,
10771,,160000,0,user_32,515,,
10772,,150000,0,user_32,515,,
10773,,670000,0,user_34,515,,
10774,,5000000,161000,user_35,515,,
10775,,6300000,0,user_36,515,,
10776,,120000,0,user_37,515,,
10777,,350000,68100,user_37,515,,
10778,,910000,959000,user_40,515,,
10779,,84000,64600,user_40,515,,
10780,,350000,0,user_41,515,,
10781,,73000,0,user_42,515,,
10782,,600000,0,user_43,515,,
10783,,260000,0,user_44,515,,
10784,,350000,0,user_45,515,,
10785,,82000,0,user_45,515,,
10786,,2600000,0,user_47,515,,
10787,,1100000,0,user_47,515,,
10788,,470000,0,user_47,515,,
10789,,1400000,0,user_47,515,,
10790,,310000,0,user_47,515,,
10791,,5200000,0,user_48,515,,
10792,,150000,381000,user_48,515,,
10793,,320000,0,user_49,515,,
10750,0,27000000,0,user_9,515,515,
10775,1,6300000,0,user_36,515,515,
10791,2,5200000,0,user_48,515,515,
10774,3,5000000,161000,user_35,515,515,
10794,4,0,0,builder_0,515,515,10774
10746,5,3600000,0,user_6,515,515,
10786,6,2600000,0,user_47,515,515,
10765,7,2400000,161000,user_26,515,515,
10795,8,0,0,builder_0,515,515,10765
10778,9,910000,959000,user_40,515,515,
10796,10,0,0,builder_0,515,515,10778
10797,11,0,0,builder_0,515,515,10755
10755,12,1800000,43600,user_11,515,515,
10753,13,1800000,0,user_10,515,515,
10789,14,1400000,0,user_47,515,515,
10787,15,1100000,0,user_47,515,515,
10751,16,630000,0,user_9,515,515,
10770,17,630000,0,user_29,515,515,
10782,18,600000,0,user_43,515,515,
10792,19,150000,381000,user_48,515,515,
10798,20,0,0,builder_0,515,515,10792
10788,21,470000,0,user_47,515,515,
10763,22,420000,12800,user_25,515,515,
10799,23,0,0,builder_0,515,515,10763
10760,24,420000,0,user_19,515,515,
10777,25,350000,68100,user_37,515,515,
10800,26,0,0,builder_0,515,515,10777
10780,27,350000,0,user_41,515,515,
10764,28,310000,14200,user_25,515,515,
10801,29,0,0,builder_0,515,515,10764
10802,30,0,0,builder_0,515,515,10768
10768,31,160000,164000,user_28,515,515,
10761,32,320000,0,user_20,515,515,
10793,33,320000,0,user_49,515,515,
10759,34,310000,0,user_18,515,515,
10790,35,310000,0,user_47,515,515,
10783,36,260000,0,user_44,515,515,
10769,37,240000,0,user_29,515,515,
10748,38,220000,0,user_8,515,515,
10767,39,220000,0,user_28,515,515,
10752,40,170000,0,user_10,515,515,
10771,41,160000,0,user_32,515,515,
10803,42,0,0,builder_0,515,515,10757
10757,43,83000,71800,user_13,515,515,
10749,44,150000,0,user_8,515,515,
10754,45,150000,0,user_11,515,515,
10772,46,150000,0,user_32,515,515,
10779,47,84000,64600,user_40,515,515,
10804,48,0,0,builder_0,515,515,10779
10747,49,120000,0,user_7,515,515,
10776,50,120000,0,user_37,515,515,
10766,51,110000,0,user_27,515,515,
10758,52,79000,0,user_16,515,515,
10781,53,73000,0,user_42,515,515,
10888,,1700000,0,user_0,516,,
10889,,460000,0,user_0,516,,
10890,,1000000,0,user_1,516,,
10891,,120000,0,user_2,516,,
10892,,85000,0,user_3,516,,
10893,,4200000,0,user_4,516,,
10894,,220000,19700,user_5,516,,
10895,,870000,0,user_5,516,,
10896,,80000,0,user_6,516,,
10897,,300000,0,user_8,516,,
10898,,150000,0,user_8,516,,
10899,,220000,0,user_9,516,,
10900,,27000000,0,user_10,516,,
10901,,160000,0,user_10,516,,
10902,,1400000,0,user_10,516,,
10903,,260000,0,user_10,516,,
10904,,120000,0,user_12,516,,
10905,,1100000,0,user_14,516,,
10906,,130000,0,user_14,516,,
10907,,110000,0,user_14,516,,
10908,,130000,108000,user_14,516,,
10909,,910000,0,user_14,516,,
10910,,220000,0,user_15,516,,
10911,,870000,0,user_16,516,,
10912,,3200000,12800,user_16,516,,
10913,,150000,0,user_18,516,,
10914,,79000,0,user_20,516,,
10915,,170000,0,user_20,516,,
10916,,2000000,0,user_21,516,,
10917,,1500000,164000,user_22,516,,
10918,,3600000,0,user_22,516,,
10919,,110000,0,user_23,516,,
10920,,2100000,0,user_24,516,,
10921,,460000,0,user_27,516,,
10922,,150000,0,user_29,516,,
10923,,150000,0,user_29,516,,
10924,,160000,0,user_31,516,,
10925,,85000,56200,user_31,516,,
10926,,79000,0,user_32,516,,
10927,,120000,35100,user_39,516,,
10928,,220000,0,user_39,516,,
10929,,260000,0,user_41,516,,
10930,,5000000,12800,user_42,516,,
10931,,2500000,0,user_42,516,,
10932,,110000,146000,user_44,516,,
10933,,150000,0,user_46,516,,
10934,,660000,36800,user_46,516,,
10935,,260000,0,user_47,516,,
10900,0,27000000,0,user_10,516,516,
10930,1,5000000,12800,user_42,516,516,
10893,2,4200000,0,user_4,516,516,
10918,3,3600000,0,user_22,516,516,
10912,4,3200000,12800,user_16,516,516,
10931,5,2500000,0,user_42,516,516,
10920,6,2100000,0,user_24,516,516,
10916,7,2000000,0,user_21,516,516,
10888,8,1700000,0,user_0,516,516,
10917,9,1500000,164000,user_22,516,516,
10902,10,1400000,0,user_10,516,516,
10905,11,1100000,0,user_14,516,516,
10890,12,1000000,0,user_1,516,516,
10909,13,910000,0,user_14,516,516,
10911,14,870000,0,user_16,516,516,
10934,15,660000,36800,user_46,516,516,
10889,16,460000,0,user_0,516,516,
10921,17,460000,0,user_27,516,516,
10897,18,300000,0,user_8,516,516,
10903,19,260000,0,user_10,516,516,
10929,20,260000,0,user_41,516,516,
10935,21,260000,0,user_47,516,516,
10899,22,220000,0,user_9,516,516,
10910,23,220000,0,user_15,516,516,
10928,24,220000,0,user_39,516,516,
10915,25,170000,0,user_20,516,516,
10901,26,160000,0,user_10,516,516,
10924,27,160000,0,user_31,516,516,
10898,28,150000,0,user_8,516,516,
10913,29,150000,0,user_18,516,516,
10922,30,150000,0,user_29,516,516,
10923,31,150000,0,user_29,516,516,
10933,32,150000,0,user_46,516,516,
10906,33,130000,0,user_14,516,516,
10908,34,130000,108000,user_14,516,516,
10891,35,120000,0,user_2,516,516,
10904,36,120000,0,user_12,516,516,
10927,37,120000,35100,user_39,516,516,
10907,38,110000,0,user_14,516,516,
10919,39,110000,0,user_23,516,516,
10932,40,110000,146000,user_44,516,516,
10925,41,85000,56200,user_31,516,516,
10896,42,80000,0,user_6,516,516,
10914,43,79000,0,user_20,516,516,
10999,,1300000,0,user_1,517,,
11000,,1100000,0,user_1,517,,
11001,,79000,0,user_2,517,,
11002,,2000000,0,user_2,517,,
11003,,670000,33300,user_2,517,,
11004,,73000,0,user_2,517,,
11005,,120000,0,user_2,517,,
11006,,150000,350000,user_3,517,,
11007,,870000,0,user_5,517,,
11008,,120000,0,user_5,517,,
11009,,910000,0,user_6,517,,
11010,,1900000,0,user_8,517,,
11011,,160000,0,user_8,517,,
11012,,120000,0,user_9,517,,
11013,,970000,0,user_10,517,,
11014,,3600000,0,user_10,517,,
11015,,150000,0,user_10,517,,
11016,,360000,0,user_12,517,,
11017,,1600000,0,user_12,517,,
11018,,1500000,46500,user_14,517,,
11019,,1600000,0,user_14,517,,
11020,,170000,0,user_16,517,,
11021,,1600000,0,user_17,517,,
11022,,310000,67500,user_18,517,,
11023,,1000000,0,user_19,517,,
11024,,79000,0,user_20,517,,
11025,,160000,0,user_20,517,,
11026,,1800000,0,user_21,517,,
11027,,870000,0,user_22,517,,
11028,,2500000,0,user_23,517,,
11029,,240000,0,user_24,517,,
11030,,3500000,0,user_26,517,,
11031,,460000,231000,user_27,517,,
11032,,120000,0,user_27,517,,
11033,,3200000,0,user_28,517,,
11034,,1700000,0,user_28,517,,
11035,,2500000,0,user_29,517,,
11036,,120000,0,user_30,517,,
11037,,83000,0,user_31,517,,
11038,,98000,0,user_32,517,,
11039,,1000000,0,user_32,517,,
11040,,460000,0,user_33,517,,
11041,,5000000,0,user_34,517,,
11042,,460000,0,user_35,517,,
11043,,360000,0,user_35,517,,
11044,,220000,0,user_36,517,,
11045,,1500000,0,user_37,517,,
11046,,83000,0,user_38,517,,
11047,,4500000,0,user_38,517,,
11048,,310000,0,user_39,517,,
11049,,530000,0,user_40,517,,
11050,,6100000,24700,user_41,517,,
11051,,1500000,0,user_43,517,,
11052,,1900000,0,user_44,517,,
11053,,1000000,0,user_46,517,,
11054,,460000,47700,user_46,517,,
11055,,260000,0,user_46,517,,
11056,,6100000,0,user_46,517,,
11057,,970000,0,user_48,517,,
11058,,870000,0,user_49,517,,
11082,0,0,0,builder_4,517,517,11050
11050,1,6100000,24700,user_41,517,517,
11056,2,6100000,0,user_46,517,517,
11041,3,5000000,0,user_34,517,517,
11047,4,4500000,0,user_38,517,517,
11014,5,3600000,0,user_10,517,517,
11030,6,3500000,0,user_26,517,517,
11033,7,3200000,0,user_28,517,517,
11028,8,2500000,0,user_23,517,517,
11035,9,2500000,0,user_29,517,517,
11002,10,2000000,0,user_2,517,517,
11010,11,1900000,0,user_8,517,517,
11052,12,1900000,0,user_44,517,517,
11026,13,1800000,0,user_21,517,517,
11034,14,1700000,0,user_28,517,517,
11017,15,1600000,0,user_12,517,517,
11019,16,1600000,0,user_14,517,517,
11021,17,1600000,0,user_17,517,517,
11083,18,0,0,builder_4,517,517,11018
11018,19,1500000,46500,user_14,517,517,
11045,20,1500000,0,user_37,517,517,
11051,21,1500000,0,user_43,517,517,
10999,22,1300000,0,user_1,517,517,
11000,23,1100000,0,user_1,517,517,
11023,24,1000000,0,user_19,517,517,
11039,25,1000000,0,user_32,517,517,
11053,26,1000000,0,user_46,517,517,
11013,27,970000,0,user_10,517,517,
11057,28,970000,0,user_48,517,517,
11009,29,910000,0,user_6,517,517,
11027,30,870000,0,user_22,517,517,
11058,31,870000,0,user_49,517,517,
11084,32,0,0,builder_4,517,517,11003
11003,33,670000,33300,user_2,517,517,
11085,34,0,0,builder_4,517,517,11031
11031,35,460000,231000,user_27,517,517,
11049,36,530000,0,user_40,517,517,
11086,37,0,0,builder_4,517,517,11054
11054,38,460000,47700,user_46,517,517,
11006,39,150000,350000,user_3,517,517,
11087,40,0,0,builder_4,517,517,11006
11040,41,460000,0,user_33,517,517,
11042,42,460000,0,user_35,517,517,
11088,43,0,0,builder_4,517,517,11022
11022,44,310000,67500,user_18,517,517,
11016,45,360000,0,user_12,517,517,
11043,46,360000,0,user_35,517,517,
11055,47,260000,0,user_46,517,517,
11029,48,240000,0,user_24,517,517,
11044,49,220000,0,user_36,517,517,
11020,50,170000,0,user_16,517,517,
11011,51,160000,0,user_8,517,517,
11025,52,160000,0,user_20,517,517,
11015,53,150000,0,user_10,517,517,
11005,54,120000,0,user_2,517,517,
11012,55,120000,0,user_9,517,517,
11032,56,120000,0,user_27,517,517,
11036,57,120000,0,user_30,517,517,
11038,58,98000,0,user_32,517,517,
11037,59,83000,0,user_31,517,517,
11046,60,83000,0,user_38,517,517,
11001,61,79000,0,user_2,517,517,
11024,62,79000,0,user_20,517,517,
11004,63,73000,0,user_2,517,517,
11109,,3500000,0,user_0,518,,
11110,,30000000,0,user_1,518,,
11111,,150000,0,user_2,518,,
11112,,43000000,0,user_3,518,,
11113,,3600000,0,user_3,518,,
11114,,1800000,381000,user_4,518,,
11115,,2400000,14200,user_6,518,,
11116,,1500000,0,user_7,518,,
11117,,110000,0,user_7,518,,
11118,,1000000,0,user_9,518,,
11119,,150000,0,user_9,518,,
11120,,910000,0,user_9,518,,
11121,,6100000,0,user_9,518,,
11122,,420000,0,user_9,518,,
11123,,84000,0,user_10,518,,
11124,,260000,0,user_12,518,,
11125,,110000,0,user_13,518,,
11126,,310000,0,user_16,518,,
11127,,1200000,0,user_17,518,,
11128,,98000,0,user_17,518,,
11129,,420000,0,user_19,518,,
11130,,340000,0,user_20,518,,
11131,,2600000,0,user_21,518,,
11132,,98000,0,user_22,518,,
11133,,170000,0,user_24,518,,
11134,,150000,0,user_25,518,,
11135,,19000000,16400,user_25,518,,
11136,,83000,0,user_27,518,,
11137,,170000,0,user_27,518,,
11138,,120000,0,user_28,518,,
11139,,870000,0,user_30,518,,
11140,,370000,0,user_31,518,,
11141,,110000,0,user_32,518,,
11142,,460000,0,user_32,518,,
11143,,2000000,0,user_32,518,,
11144,,310000,0,user_33,518,,
11145,,80000,0,user_34,518,,
11146,,970000,0,user_34,518,,
11147,,260000,0,user_34,518,,
11148,,160000,0,user_34,518,,
11149,,220000,0,user_37,518,,
11150,,84000,0,user_38,518,,
11151,,1400000,17700000,user_38,518,,
11152,,1300000,164000,user_38,518,,
11153,,1900000,0,user_38,518,,
11154,,170000,0,user_38,518,,
11155,,910000,0,user_40,518,,
11156,,310000,0,user_41,518,,
11157,,80000,0,user_41,518,,
11158,,220000,43600,user_44,518,,
11159,,370000,0,user_45,518,,
11160,,970000,0,user_46,518,,
11161,,220000,0,user_48,518,,
11162,,530000,0,user_48,518,,
11163,,2000000,0,user_48,518,,
11164,,3600000,0,user_48,518,,
11112,0,43000000,0,user_3,518,518,
11110,1,30000000,0,user_1,518,518,
11151,2,1400000,17700000,user_38,518,518,
11182,3,0,0,builder_4,518,518,11151
11183,4,0,0,builder_4,518,518,11135
11135,5,19000000,16400,user_25,518,518,
11121,6,6100000,0,user_9,518,518,
11113,7,3600000,0,user_3,518,518,
11164,8,3600000,0,user_48,518,518,
11109,9,3500000,0,user_0,518,518,
11131,10,2600000,0,user_21,518,518,
11115,11,2400000,14200,user_6,518,518,
11184,12,0,0,builder_4,518,518,11115
11114,13,1800000,381000,user_4,518,518,
11185,14,0,0,builder_4,518,518,11114
11143,15,2000000,0,user_32,518,518,
11163,16,2000000,0,user_48,518,518,
11153,17,1900000,0,user_38,518,518,
11186,18,0,0,builder_4,518,518,11152
11152,19,1300000,164000,user_38,518,518,
11127,20,1200000,0,user_17,518,518,
11118,21,1000000,0,user_9,518,518,
11146,22,970000,0,user_34,518,518,
11160,23,970000,0,user_46,518,518,
11120,24,910000,0,user_9,518,518,
11155,25,910000,0,user_40,518,518,
11139,26,870000,0,user_30,518,518,
11162,27,530000,0,user_48,518,518,
11142,28,460000,0,user_32,518,518,
11122,29,420000,0,user_9,518,518,
11129,30,420000,0,user_19,518,518,
11140,31,370000,0,user_31,518,518,
11159,32,370000,0,user_45,518,518,
11130,33,340000,0,user_20,518,518,
11126,34,310000,0,user_16,518,518,
11144,35,310000,0,user_33,518,518,
11156,36,310000,0,user_41,518,518,
11158,37,220000,43600,user_44,518,518,
11187,38,0,0,builder_4,518,518,11158
11124,39,260000,0,user_12,518,518,
11147,40,260000,0,user_34,518,518,
11149,41,220000,0,user_37,518,518,
11161,42,220000,0,user_48,518,518,
11133,43,170000,0,user_24,518,518,
11137,44,170000,0,user_27,518,518,
11154,45,170000,0,user_38,518,518,
11148,46,160000,0,user_34,518,518,
11111,47,150000,0,user_2,518,518,
11119,48,150000,0,user_9,518,518,
11134,49,150000,0,user_25,518,518,
11138,50,120000,0,user_28,518,518,
11125,51,110000,0,user_13,518,518,
11141,52,110000,0,user_32,518,518,
11128,53,98000,0,user_17,518,518,
11132,54,98000,0,user_22,518,518,
11123,55,84000,0,user_10,518,518,
11150,56,84000,0,user_38,518,518,
11136,57,83000,0,user_27,518,518,
11145,58,80000,0,user_34,518,518,
11157,59,80000,0,user_41,518,518,
11208,,320000,0,user_2,519,,
11209,,87000,0,user_3,519,,
11210,,4200000,0,user_6,519,,
11211,,5000000,0,user_11,519,,
11212,,1000000,0,user_12,519,,
11213,,2500000,0,user_13,519,,
11214,,2300000,66100,user_13,519,,
11215,,160000,0,user_13,519,,
11216,,27000000,0,user_13,519,,
11217,,300000,0,user_14,519,,
11218,,160000,0,user_16,519,,
11219,,19000000,779000,user_17,519,,
11220,,630000,0,user_17,519,,
11221,,310000,0,user_20,519,,
11222,,310000,0,user_21,519,,
11223,,170000,0,user_22,519,,
11224,,3200000,0,user_25,519,,
11225,,110000,0,user_27,519,,
11226,,1600000,0,user_27,519,,
11227,,220000,0,user_28,519,,
11228,,84000,0,user_28,519,,
11229,,870000,0,user_31,519,,
11230,,3200000,0,user_31,519,,
11231,,1100000,0,user_33,519,,
11232,,1000000,0,user_33,519,,
11233,,260000,0,user_34,519,,
11234,,220000,0,user_35,519,,
11235,,1400000,0,user_36,519,,
11236,,1000000,0,user_36,519,,
11237,,83000,0,user_39,519,,
11238,,120000,0,user_39,519,,
11239,,4500000,0,user_40,519,,
11240,,2100000,0,user_40,519,,
11241,,1900000,60700,user_40,519,,
11242,,1000000,0,user_40,519,,
11243,,110000,0,user_40,519,,
11244,,150000,0,user_41,519,,
11245,,150000,0,user_43,519,,
11246,,73000,0,user_44,519,,
11247,,970000,0,user_44,519,,
11248,,470000,67900,user_44,519,,
11249,,220000,0,user_44,519,,
11250,,2100000,31700,user_46,519,,
11251,,1000000,0,user_47,519,,
11252,,2400000,0,user_47,519,,
11253,,600000,0,user_48,519,,
11254,,1000000,0,user_49,519,,
11255,,27000000,0,user_49,519,,
11216,0,27000000,0,user_13,519,519,
11255,1,27000000,0,user_49,519,519,
11219,2,19000000,779000,user_17,519,519,
11211,3,5000000,0,user_11,519,519,
11239,4,4500000,0,user_40,519,519,
11210,5,4200000,0,user_6,519,519,
11224,6,3200000,0,user_25,519,519,
11230,7,3200000,0,user_31,519,519,
11213,8,2500000,0,user_13,519,519,
11252,9,2400000,0,user_47,519,519,
11214,10,2300000,66100,user_13,519,519,
11240,11,2100000,0,user_40,519,519,
11250,12,2100000,31700,user_46,519,519,
11241,13,1900000,60700,user_40,519,519,
11226,14,1600000,0,user_27,519,519,
11235,15,1400000,0,user_36,519,519,
11231,16,1100000,0,user_33,519,519,
11212,17,1000000,0,user_12,519,519,
11232,18,1000000,0,user_33,519,519,
11236,19,1000000,0,user_36,519,519,
11242,20,1000000,0,user_40,519,519,
11251,21,1000000,0,user_47,519,519,
11254,22,1000000,0,user_49,519,519,
11247,23,970000,0,user_44,519,519,
11229,24,870000,0,user_31,519,519,
11220,25,630000,0,user_17,519,519,
11248,26,470000,67900,user_44,519,519,
11208,27,320000,0,user_2,519,519,
11221,28,310000,0,user_20,519,519,
11222,29,310000,0,user_21,519,519,
11233,30,260000,0,user_34,519,519,
11234,31,220000,0,user_35,519,519,
11249,32,220000,0,user_44,519,519,
11223,33,170000,0,user_22,519,519,
11215,34,160000,0,user_13,519,519,
11218,35,160000,0,user_16,519,519,
11244,36,150000,0,user_41,519,519,
11245,37,150000,0,user_43,519,519,
11238,38,120000,0,user_39,519,519,
11225,39,110000,0,user_27,519,519,
11243,40,110000,0,user_40,519,519,
11209,41,87000,0,user_3,519,519,
11237,42,83000,0,user_39,519,519,
11246,43,73000,0,user_44,519,519,
11289,,170000,0,user_0,520,,
11290,,160000,0,user_0,520,,
11291,,160000,128000,user_0,520,,
11292,,5000000,19700,user_1,520,,
11293,,460000,0,user_3,520,,
11294,,87000,0,user_4,520,,
11295,,87000,0,user_5,520,,
11296,,260000,381000,user_5,520,,
11297,,83000,0,user_5,520,,
11298,,350000,0,user_7,520,,
11299,,130000,0,user_10,520,,
11300,,120000,0,user_10,520,,
11301,,6100000,0,user_11,520,,
11302,,84000,0,user_12,520,,
11303,,670000,369000,user_13,520,,
11304,,2000000,1100000,user_13,520,,
11305,,43000000,0,user_13,520,,
11306,,120000,0,user_13,520,,
11307,,110000,128000,user_14,520,,
11308,,1000000,30200,user_15,520,,
11309,,73000,0,user_16,520,,
11310,,110000,16400,user_18,520,,
11311,,2600000,0,user_20,520,,
11312,,1700000,66100,user_23,520,,
11313,,360000,0,user_24,520,,
11314,,1100000,0,user_25,520,,
11315,,2300000,0,user_25,520,,
11316,,1900000,0,user_26,520,,
11317,,370000,0,user_31,520,,
11318,,160000,0,user_31,520,,
11319,,260000,0,user_33,520,,
11320,,98000,545000,user_34,520,,
11321,,1600000,36800,user_35,520,,
11322,,2000000,0,user_36,520,,
11323,,120000,0,user_38,520,,
11324,,1500000,410000,user_38,520,,
11325,,79000,0,user_38,520,,
11326,,4200000,0,user_39,520,,
11327,,120000,16400,user_39,520,,
11328,,660000,3130,user_40,520,,
11329,,360000,959000,user_43,520,,
11330,,87000,0,user_44,520,,
11331,,150000,32900,user_45,520,,
11332,,19000000,0,user_46,520,,
11333,,220000,0,user_47,520,,
11334,,70000,0,user_47,520,,
11335,,110000,0,user_47,520,,
11336,,1800000,71800,user_48,520,,
11337,,2000000,0,user_49,520,,
11305,0,43000000,0,user_13,520,520,
11332,1,19000000,0,user_46,520,520,
11301,2,6100000,0,user_11,520,520,
11292,3,5000000,19700,user_1,520,520,
11326,4,4200000,0,user_39,520,520,
11311,5,2600000,0,user_20,520,520,
11315,6,2300000,0,user_25,520,520,
11304,7,2000000,1100000,user_13,520,520,
11322,8,2000000,0,user_36,520,520,
11337,9,2000000,0,user_49,520,520,
11316,10,1900000,0,user_26,520,520,
11312,11,1700000,66100,user_23,520,520,
11321,12,1600000,36800,user_35,520,520,
11314,13,1100000,0,user_25,520,520,
11308,14,1000000,30200,user_15,520,520,
11303,15,670000,369000,user_13,520,520,
11328,16,660000,3130,user_40,520,520,
11293,17,460000,0,user_3,520,520,
11317,18,370000,0,user_31,520,520,
11329,19,360000,959000,user_43,520,520,
11298,20,350000,0,user_7,520,520,
11296,21,260000,381000,user_5,520,520,
11319,22,260000,0,user_33,520,520,
11333,23,220000,0,user_47,520,520,
11289,24,170000,0,user_0,520,520,
11290,25,160000,0,user_0,520,520,
11291,26,160000,128000,user_0,520,520,
11318,27,160000,0,user_31,520,520,
11331,28,150000,32900,user_45,520,520,
11299,29,130000,0,user_10,520,520,
11300,30,120000,0,user_10,520,520,
11306,31,120000,0,user_13,520,520,
11327,32,120000,16400,user_39,520,520,
11310,33,110000,16400,user_18,520,520,
11335,34,110000,0,user_47,520,520,
11320,35,98000,545000,user_34,520,520,
11294,36,87000,0,user_4,520,520,
11295,37,87000,0,user_5,520,520,
11330,38,87000,0,user_44,520,520,
11302,39,84000,0,user_12,520,520,
11297,40,83000,0,user_5,520,520,
11309,41,73000,0,user_16,520,520,
11334,42,70000,0,user_47,520,520,
11457,,2000000,0,user_0,521,,
11458,,120000,0,user_1,521,,
11459,,1500000,0,user_2,521,,
11460,,150000,0,user_2,521,,
11461,,2000000,0,user_3,521,,
11462,,120000,0,user_3,521,,
11463,,530000,0,user_4,521,,
11464,,1900000,0,user_7,521,,
11465,,150000,0,user_8,521,,
11466,,150000,0,user_10,521,,
11467,,4200000,0,user_11,521,,
11468,,4200000,0,user_12,521,,
11469,,160000,0,user_12,521,,
11470,,670000,0,user_13,521,,
11471,,5000000,0,user_14,521,,
11472,,79000,0,user_15,521,,
11473,,340000,0,user_19,521,,
11474,,70000,0,user_20,521,,
11475,,79000,0,user_21,521,,
11476,,110000,0,user_22,521,,
11477,,4200000,350000,user_23,521,,
11478,,460000,0,user_23,521,,
11479,,1900000,0,user_23,521,,
11480,,110000,0,user_24,521,,
11481,,310000,0,user_25,521,,
11482,,110000,0,user_25,521,,
11483,,6100000,146000,user_25,521,,
11484,,420000,0,user_25,521,,
11485,,110000,0,user_26,521,,
11486,,650000,0,user_27,521,,
11487,,1700000,0,user_27,521,,
11488,,70000,0,user_32,521,,
11489,,160000,0,user_34,521,,
11490,,1500000,0,user_34,521,,
11491,,27000000,0,user_35,521,,
11492,,110000,0,user_36,521,,
11493,,3500000,13800,user_37,521,,
11494,,1400000,0,user_38,521,,
11495,,5000000,0,user_39,521,,
11496,,360000,0,user_40,521,,
11497,,70000,0,user_41,521,,
11498,,970000,73100,user_41,521,,
11499,,110000,0,user_43,521,,
11500,,27000000,67900,user_44,521,,
11501,,160000,7840,user_46,521,,
11502,,1100000,0,user_47,521,,
11503,,220000,0,user_49,521,,
11504,,4500000,0,user_49,521,,
11491,0,27000000,0,user_35,521,521,
11500,1,27000000,67900,user_44,521,521,
11483,2,6100000,146000,user_25,521,521,
11471,3,5000000,0,user_14,521,521,
11495,4,5000000,0,user_39,521,521,
11504,5,4500000,0,user_49,521,521,
11467,6,4200000,0,user_11,521,521,
11468,7,4200000,0,user_12,521,521,
11477,8,4200000,350000,user_23,521,521,
11493,9,3500000,13800,user_37,521,521,
11457,10,2000000,0,user_0,521,521,
11461,11,2000000,0,user_3,521,521,
11464,12,1900000,0,user_7,521,521,
11479,13,1900000,0,user_23,521,521,
11459,14,1500000,0,user_2,521,521,
11490,15,1500000,0,user_34,521,521,
11502,16,1100000,0,user_47,521,521,
11498,17,970000,73100,user_41,521,521,
11470,18,670000,0,user_13,521,521,
11463,19,530000,0,user_4,521,521,
11478,20,460000,0,user_23,521,521,
11484,21,420000,0,user_25,521,521,
11496,22,360000,0,user_40,521,521,
11473,23,340000,0,user_19,521,521,
11481,24,310000,0,user_25,521,521,
11503,25,220000,0,user_49,521,521,
11469,26,160000,0,user_12,521,521,
11489,27,160000,0,user_34,521,521,
11501,28,160000,7840,user_46,521,521,
11460,29,150000,0,user_2,521,521,
11465,30,150000,0,user_8,521,521,
11458,31,120000,0,user_1,521,521,
11462,32,120000,0,user_3,521,521,
11476,33,110000,0,user_22,521,521,
11480,34,110000,0,user_24,521,521,
11482,35,110000,0,user_25,521,521,
11485,36,110000,0,user_26,521,521,
11499,37,110000,0,user_43,521,521,
11472,38,79000,0,user_15,521,521,
11475,39,79000,0,user_21,521,521,
11474,40,70000,0,user_20,521,521,
11488,41,70000,0,user_32,521,521,
11497,42,70000,0,user_41,521,521,
11548,,150000,0,user_2,522,,
11549,,170000,0,user_3,522,,
11550,,1500000,5640,user_3,522,,
11551,,79000,0,user_3,522,,
11552,,870000,0,user_4,522,,
11553,,3600000,0,user_6,522,,
11554,,84000,0,user_9,522,,
11555,,470000,0,user_10,522,,
11556,,1400000,0,user_11,522,,
11557,,5000000,0,user_11,522,,
11558,,1900000,0,user_11,522,,
11559,,260000,0,user_11,522,,
11560,,350000,0,user_12,522,,
11561,,970000,11200,user_12,522,,
11562,,160000,49100,user_13,522,,
11563,,1400000,0,user_13,522,,
11564,,310000,0,user_14,522,,
11565,,2000000,0,user_15,522,,
11566,,1700000,0,user_15,522,,
11567,,160000,0,user_15,522,,
11568,,4500000,15300,user_15,522,,
11569,,420000,23500,user_16,522,,
11570,,1900000,0,user_17,522,,
11571,,77000,0,user_17,522,,
11572,,2300000,0,user_17,522,,
11573,,1600000,0,user_19,522,,
11574,,2400000,0,user_19,522,,
11575,,84000,0,user_20,522,,
11576,,630000,0,user_22,522,,
11577,,1600000,0,user_23,522,,
11578,,85000,0,user_24,522,,
11579,,120000,0,user_26,522,,
11580,,120000,0,user_26,522,,
11581,,87000,0,user_26,522,,
11582,,130000,39400,user_26,522,,
11583,,4200000,0,user_26,522,,
11584,,1000000,49100,user_27,522,,
11585,,1400000,0,user_27,522,,
11586,,460000,0,user_28,522,,
11587,,1000000,17000,user_28,522,,
11588,,2500000,0,user_31,522,,
11589,,19000000,100000,user_31,522,,
11590,,420000,0,user_31,522,,
11591,,2500000,0,user_32,522,,
11592,,320000,0,user_33,522,,
11593,,460000,0,user_33,522,,
11594,,420000,0,user_35,522,,
11595,,170000,12300,user_36,522,,
11596,,70000,350000,user_38,522,,
11597,,2400000,0,user_39,522,,
11598,,82000,0,user_39,522,,
11599,,70000,0,user_41,522,,
11600,,460000,0,user_42,522,,
11601,,5000000,215000,user_45,522,,
11602,,420000,0,user_47,522,,
11589,0,19000000,100000,user_31,522,522,
11557,1,5000000,0,user_11,522,522,
11601,2,5000000,215000,user_45,522,522,
11568,3,4500000,15300,user_15,522,522,
11583,4,4200000,0,user_26,522,522,
11553,5,3600000,0,user_6,522,522,
11588,6,2500000,0,user_31,522,522,
11591,7,2500000,0,user_32,522,522,
11574,8,2400000,0,user_19,522,522,
11597,9,2400000,0,user_39,522,522,
11572,10,2300000,0,user_17,522,522,
11565,11,2000000,0,user_15,522,522,
11558,12,1900000,0,user_11,522,522,
11570,13,1900000,0,user_17,522,522,
11566,14,1700000,0,user_15,522,522,
11573,15,1600000,0,user_19,522,522,
11550,16,1500000,5640,user_3,522,522,
11556,17,1400000,0,user_11,522,522,
11563,18,1400000,0,user_13,522,522,
11585,19,1400000,0,user_27,522,522,
11584,20,1000000,49100,user_27,522,522,
11587,21,1000000,17000,user_28,522,522,
11561,22,970000,11200,user_12,522,522,
11552,23,870000,0,user_4,522,522,
11555,24,470000,0,user_10,522,522,
11586,25,460000,0,user_28,522,522,
11593,26,460000,0,user_33,522,522,
11600,27,460000,0,user_42,522,522,
11569,28,420000,23500,user_16,522,522,
11590,29,420000,0,user_31,522,522,
11594,30,420000,0,user_35,522,522,
11602,31,420000,0,user_47,522,522,
11560,32,350000,0,user_12,522,522,
11592,33,320000,0,user_33,522,522,
11559,34,260000,0,user_11,522,522,
11549,35,170000,0,user_3,522,522,
11562,36,160000,49100,user_13,522,522,
11567,37,160000,0,user_15,522,522,
11548,38,150000,0,user_2,522,522,
11582,39,130000,39400,user_26,522,522,
11579,40,120000,0,user_26,522,522,
11580,41,120000,0,user_26,522,522,
11581,42,87000,0,user_26,522,522,
11578,43,85000,0,user_24,522,522,
11554,44,84000,0,user_9,522,522,
11575,45,84000,0,user_20,522,522,
11598,46,82000,0,user_39,522,522,
11551,47,79000,0,user_3,522,522,
11571,48,77000,0,user_17,522,522,
11596,49,70000,350000,user_38,522,522,
11599,50,70000,0,user_41,522,522,
11691,,110000,0,user_0,523,,
11692,,2000000,0,user_1,523,,
11693,,1100000,0,user_2,523,,
11694,,310000,0,user_3,523,,
11695,,1600000,0,user_4,523,,
11696,,77000,0,user_5,523,,
11697,,3600000,0,user_7,523,,
11698,,1600000,0,user_7,523,,
11699,,110000,0,user_8,523,,
11700,,77000,0,user_9,523,,
11701,,3200000,0,user_10,523,,
11702,,460000,71800,user_10,523,,
11703,,1200000,0,user_12,523,,
11704,,1600000,0,user_13,523,,
11705,,1400000,0,user_14,523,,
11706,,5000000,0,user_17,523,,
11707,,1400000,0,user_18,523,,
11708,,2000000,128000,user_20,523,,
11709,,660000,0,user_20,523,,
11710,,1900000,0,user_24,523,,
11711,,1700000,12300,user_26,523,,
11712,,530000,0,user_27,523,,
11713,,110000,11200,user_29,523,,
11714,,260000,60700,user_30,523,,
11715,,1500000,0,user_30,523,,
11716,,110000,0,user_30,523,,
11717,,6100000,231000,user_31,523,,
11718,,530000,0,user_32,523,,
11719,,420000,0,user_33,523,,
11720,,73000,0,user_33,523,,
11721,,5000000,0,user_34,523,,
11722,,350000,0,user_37,523,,
11723,,2000000,0,user_38,523,,
11724,,80000,0,user_39,523,,
11725,,260000,0,user_39,523,,
11726,,300000,0,user_40,523,,
11727,,110000,285000,user_40,523,,
11728,,190000,0,user_42,523,,
11729,,460000,0,user_43,523,,
11730,,2600000,0,user_43,523,,
11731,,150000,15300,user_43,523,,
11732,,170000,0,user_44,523,,
11733,,19000000,0,user_45,523,,
11734,,2000000,0,user_45,523,,
11735,,340000,49100,user_46,523,,
11736,,82000,17700000,user_47,523,,
11737,,1100000,39400,user_48,523,,
11738,,670000,0,user_49,523,,
11733,0,19000000,0,user_45,523,523,
11717,1,6100000,231000,user_31,523,523,
11706,2,5000000,0,user_17,523,523,
11721,3,5000000,0,user_34,523,523,
11697,4,3600000,0,user_7,523,523,
11701,5,3200000,0,user_10,523,523,
11730,6,2600000,0,user_43,523,523,
11692,7,2000000,0,user_1,523,523,
11708,8,2000000,128000,user_20,523,523,
11723,9,2000000,0,user_38,523,523,
11734,10,2000000,0,user_45,523,523,
11710,11,1900000,0,user_24,523,523,
11711,12,1700000,12300,user_26,523,523,
11695,13,1600000,0,user_4,523,523,
11698,14,1600000,0,user_7,523,523,
11704,15,1600000,0,user_13,523,523,
11715,16,1500000,0,user_30,523,523,
11705,17,1400000,0,user_14,523,523,
11707,18,1400000,0,user_18,523,523,
11703,19,1200000,0,user_12,523,523,
11693,20,1100000,0,user_2,523,523,
11737,21,1100000,39400,user_48,523,523,
11709,22,660000,0,user_20,523,523,
11712,23,530000,0,user_27,523,523,
11702,24,460000,71800,user_10,523,523,
11729,25,460000,0,user_43,523,523,
11735,26,340000,49100,user_46,523,523,
11726,27,300000,0,user_40,523,523,
11714,28,260000,60700,user_30,523,523,
11725,29,260000,0,user_39,523,523,
11728,30,190000,0,user_42,523,523,
11732,31,170000,0,user_44,523,523,
11731,32,150000,15300,user_43,523,523,
11691,33,110000,0,user_0,523,523,
11699,34,110000,0,user_8,523,523,
11713,35,110000,11200,user_29,523,523,
11716,36,110000,0,user_30,523,523,
11727,37,110000,285000,user_40,523,523,
11736,38,82000,17700000,user_47,523,523,
11724,39,80000,0,user_39,523,523,
11700,40,77000,0,user_9,523,523,
11813,,1500000,0,user_0,524,,
11814,,150000,0,user_1,524,,
11815,,370000,4320000,user_2,524,,
11816,,2300000,0,user_2,524,,
11817,,600000,0,user_2,524,,
11818,,110000,0,user_2,524,,
11819,,43000000,0,user_2,524,,
11820,,1000000,0,user_3,524,,
11821,,30000000,0,user_4,524,,
11822,,240000,0,user_5,524,,
11823,,630000,0,user_5,524,,
11824,,1500000,0,user_6,524,,
11825,,110000,0,user_7,524,,
11826,,220000,0,user_7,524,,
11827,,110000,285000,user_8,524,,
11828,,360000,0,user_8,524,,
11829,,910000,0,user_11,524,,
11830,,2400000,0,user_12,524,,
11831,,460000,0,user_12,524,,
11832,,870000,67500,user_13,524,,
11833,,2000000,0,user_14,524,,
11834,,87000,0,user_15,524,,
11835,,87000,33300,user_17,524,,
11836,,100000,0,user_17,524,,
11837,,190000,0,user_18,524,,
11838,,150000,0,user_19,524,,
11839,,82000,0,user_19,524,,
11840,,84000,30200,user_20,524,,
11841,,170000,0,user_21,524,,
11842,,3600000,0,user_22,524,,
11843,,150000,0,user_23,524,,
11844,,220000,0,user_23,524,,
11845,,650000,0,user_23,524,,
11846,,190000,0,user_23,524,,
11847,,340000,0,user_25,524,,
11848,,1100000,231000,user_26,524,,
11849,,170000,181000,user_27,524,,
11850,,1200000,0,user_29,524,,
11851,,120000,0,user_30,524,,
11852,,320000,0,user_30,524,,
11853,,300000,0,user_31,524,,
11854,,70000,39400,user_31,524,,
11855,,190000,0,user_32,524,,
11856,,85000,0,user_32,524,,
11857,,1100000,0,user_33,524,,
11858,,220000,0,user_34,524,,
11859,,120000,21800,user_35,524,,
11860,,240000,0,user_35,524,,
11861,,170000,0,user_35,524,,
11862,,77000,0,user_36,524,,
11863,,320000,769000,user_36,524,,
11864,,110000,0,user_36,524,,
11865,,340000,0,user_36,524,,
11866,,1400000,0,user_36,524,,
11867,,310000,0,user_37,524,,
11868,,600000,0,user_38,524,,
11869,,870000,0,user_38,524,,
11870,,19000000,0,user_40,524,,
11871,,19000000,0,user_41,524,,
11872,,83000,0,user_42,524,,
11873,,120000,0,user_43,524,,
11874,,460000,121000,user_43,524,,
11875,,2000000,0,user_46,524,,
11876,,1500000,0,user_46,524,,
11877,,240000,0,user_46,524,,
11878,,73000,0,user_47,524,,
11819,0,43000000,0,user_2,524,524,
11821,1,30000000,0,user_4,524,524,
11870,2,19000000,0,user_40,524,524,
11871,3,19000000,0,user_41,524,524,
11914,4,0,0,builder_4,524,524,11815
11815,5,370000,4320000,user_2,524,524,
11842,6,3600000,0,user_22,524,524,
11830,7,2400000,0,user_12,524,524,
11816,8,2300000,0,user_2,524,524,
11833,9,2000000,0,user_14,524,524,
11875,10,2000000,0,user_46,524,524,
11813,11,1500000,0,user_0,524,524,
11824,12,1500000,0,user_6,524,524,
11876,13,1500000,0,user_46,524,524,
11866,14,1400000,0,user_36,524,524,
11915,15,0,0,builder_4,524,524,11848
11848,16,1100000,231000,user_26,524,524,
11850,17,1200000,0,user_29,524,524,
11857,18,1100000,0,user_33,524,524,
11863,19,320000,769000,user_36,524,524,
11916,20,0,0,builder_4,524,524,11863
11820,21,1000000,0,user_3,524,524,
11832,22,870000,67500,user_13,524,524,
11917,23,0,0,builder_4,524,524,11832
11829,24,910000,0,user_11,524,524,
11869,25,870000,0,user_38,524,524,
11845,26,650000,0,user_23,524,524,
11817,27,600000,0,user_2,524,524,
11868,28,600000,0,user_38,524,524,
11918,29,0,0,builder_4,524,524,11874
11874,30,460000,121000,user_43,524,524,
11831,31,460000,0,user_12,524,524,
11919,32,0,0,builder_4,524,524,11827
11827,33,110000,285000,user_8,524,524,
11828,34,360000,0,user_8,524,524,
11920,35,0,0,builder_4,524,524,11849
11849,36,170000,181000,user_27,524,524,
11847,37,340000,0,user_25,524,524,
11865,38,340000,0,user_36,524,524,
11852,39,320000,0,user_30,524,524,
11867,40,310000,0,user_37,524,524,
11853,41,300000,0,user_31,524,524,
11860,42,240000,0,user_35,524,524,
11877,43,240000,0,user_46,524,524,
11844,44,220000,0,user_23,524,524,
11858,45,220000,0,user_34,524,524,
11837,46,190000,0,user_18,524,524,
11846,47,190000,0,user_23,524,524,
11855,48,190000,0,user_32,524,524,
11841,49,170000,0,user_21,524,524,
11861,50,170000,0,user_35,524,524,
11814,51,150000,0,user_1,524,524,
11838,52,150000,0,user_19,524,524,
11843,53,150000,0,user_23,524,524,
11859,54,120000,21800,user_35,524,524,
11921,55,0,0,builder_4,524,524,11859
11835,56,87000,33300,user_17,524,524,
11922,57,0,0,builder_4,524,524,11835
11851,58,120000,0,user_30,524,524,
11873,59,120000,0,user_43,524,524,
11923,60,0,0,builder_4,524,524,11840
11840,61,84000,30200,user_20,524,524,
11818,62,110000,0,user_2,524,524,
11864,63,110000,0,user_36,524,524,
11924,64,0,0,builder_4,524,524,11854
11854,65,70000,39400,user_31,524,524,
11836,66,100000,0,user_17,524,524,
11856,67,85000,0,user_32,524,524,
11872,68,83000,0,user_42,524,524,
11839,69,82000,0,user_19,524,524,
11862,70,77000,0,user_36,524,524,
11955,,98000,0,user_0,525,,
11956,,1100000,0,user_1,525,,
11957,,1600000,0,user_2,525,,
11958,,970000,10700,user_2,525,,
11959,,4200000,0,user_3,525,,
11960,,1100000,0,user_4,525,,
11961,,600000,0,user_4,525,,
11962,,120000,0,user_4,525,,
11963,,6300000,0,user_4,525,,
11964,,79000,68100,user_4,525,,
11965,,130000,0,user_5,525,,
11966,,150000,0,user_7,525,,
11967,,5000000,0,user_8,525,,
11968,,420000,0,user_9,525,,
11969,,43000000,0,user_13,525,,
11970,,70000,0,user_13,525,,
11971,,1500000,0,user_13,525,,
11972,,1600000,0,user_17,525,,
11973,,1100000,0,user_17,525,,
11974,,370000,0,user_17,525,,
11975,,2100000,0,user_17,525,,
11976,,2000000,0,user_17,525,,
11977,,98000,128000,user_18,525,,
11978,,1100000,0,user_21,525,,
11979,,220000,0,user_22,525,,
11980,,350000,5630,user_22,525,,
11981,,160000,0,user_22,525,,
11982,,2000000,0,user_23,525,,
11983,,2600000,0,user_23,525,,
11984,,370000,0,user_25,525,,
11985,,19000000,0,user_27,525,,
11986,,170000,0,user_29,525,,
11987,,79000,161000,user_30,525,,
11988,,27000000,0,user_31,525,,
11989,,370000,0,user_32,525,,
11990,,260000,5640,user_33,525,,
11991,,1500000,0,user_33,525,,
11992,,110000,0,user_34,525,,
11993,,85000,0,user_34,525,,
11994,,460000,0,user_35,525,,
11995,,150000,0,user_36,525,,
11996,,87000,0,user_37,525,,
11997,,310000,47700,user_38,525,,
11998,,190000,369000,user_39,525,,
11999,,300000,0,user_41,525,,
12000,,80000,12300,user_42,525,,
12001,,73000,0,user_43,525,,
12002,,110000,0,user_44,525,,
12003,,340000,7840,user_45,525,,
12004,,1600000,0,user_46,525,,
12005,,1600000,0,user_46,525,,
12006,,110000,0,user_47,525,,
12007,,3200000,121000,user_47,525,,
12008,,530000,0,user_48,525,,
12009,,470000,0,user_49,525,,
12010,,630000,13900,user_49,525,,
12011,,110000,0,user_49,525,,
12012,,2000000,0,user_49,525,,
12013,,2600000,0,user_49,525,,
11969,0,43000000,0,user_13,525,525,
11988,1,27000000,0,user_31,525,525,
11985,2,19000000,0,user_27,525,525,
11963,3,6300000,0,user_4,525,525,
11967,4,5000000,0,user_8,525,525,
11959,5,4200000,0,user_3,525,525,
12007,6,3200000,121000,user_47,525,525,
11983,7,2600000,0,user_23,525,525,
12013,8,2600000,0,user_49,525,525,
11975,9,2100000,0,user_17,525,525,
11976,10,2000000,0,user_17,525,525,
11982,11,2000000,0,user_23,525,525,
12012,12,2000000,0,user_49,525,525,
11957,13,1600000,0,user_2,525,525,
11972,14,1600000,0,user_17,525,525,
12004,15,1600000,0,user_46,525,525,
12005,16,1600000,0,user_46,525,525,
11971,17,1500000,0,user_13,525,525,
11991,18,1500000,0,user_33,525,525,
11956,19,1100000,0,user_1,525,525,
11960,20,1100000,0,user_4,525,525,
11973,21,1100000,0,user_17,525,525,
11978,22,1100000,0,user_21,525,525,
11958,23,970000,10700,user_2,525,525,
12010,24,630000,13900,user_49,525,525,
11961,25,600000,0,user_4,525,525,
12009,26,470000,0,user_49,525,525,
11994,27,460000,0,user_35,525,525,
11974,28,370000,0,user_17,525,525,
11984,29,370000,0,user_25,525,525,
11980,30,350000,5630,user_22,525,525,
12003,31,340000,7840,user_45,525,525,
11999,32,300000,0,user_41,525,525,
11990,33,260000,5640,user_33,525,525,
11979,34,220000,0,user_22,525,525,
11998,35,190000,369000,user_39,525,525,
11986,36,170000,0,user_29,525,525,
11981,37,160000,0,user_22,525,525,
11966,38,150000,0,user_7,525,525,
11995,39,150000,0,user_36,525,525,
11965,40,130000,0,user_5,525,525,
11962,41,120000,0,user_4,525,525,
11992,42,110000,0,user_34,525,525,
12002,43,110000,0,user_44,525,525,
12006,44,110000,0,user_47,525,525,
12011,45,110000,0,user_49,525,525,
11955,46,98000,0,user_0,525,525,
11977,47,98000,128000,user_18,525,525,
11996,48,87000,0,user_37,525,525,
11993,49,85000,0,user_34,525,525,
12000,50,80000,12300,user_42,525,525,
11964,51,79000,68100,user_4,525,525,
11987,52,79000,161000,user_30,525,525,
12001,53,73000,0,user_43,525,525,
11970,54,70000,0,user_13,525,525,
12098,,260000,0,user_0,526,,
12099,,120000,0,user_2,526,,
12100,,310000,0,user_3,526,,
12101,,84000,0,user_5,526,,
12102,,5000000,0,user_6,526,,
12103,,660000,0,user_7,526,,
12104,,310000,0,user_8,526,,
12105,,2600000,0,user_9,526,,
12106,,150000,0,user_9,526,,
12107,,320000,0,user_10,526,,
12108,,1600000,39400,user_11,526,,
12109,,4200000,0,user_13,526,,
12110,,84000,5640,user_14,526,,
12111,,470000,0,user_15,526,,
12112,,260000,0,user_17,526,,
12113,,73000,0,user_17,526,,
12114,,4200000,0,user_19,526,,
12115,,79000,0,user_21,526,,
12116,,1600000,0,user_22,526,,
12117,,120000,67500,user_22,526,,
12118,,220000,1100000,user_23,526,,
12119,,1200000,0,user_23,526,,
12120,,3500000,0,user_24,526,,
12121,,1600000,779000,user_25,526,,
12122,,77000,0,user_27,526,,
12123,,79000,0,user_28,526,,
12124,,77000,0,user_28,526,,
12125,,650000,0,user_29,526,,
12126,,670000,0,user_30,526,,
12127,,160000,0,user_31,526,,
12128,,80000,5180,user_31,526,,
12129,,260000,0,user_31,526,,
12130,,310000,0,user_31,526,,
12131,,1500000,0,user_31,526,,
12132,,110000,0,user_32,526,,
12133,,2300000,0,user_33,526,,
12134,,1100000,0,user_36,526,,
12135,,1400000,128000,user_37,526,,
12136,,1100000,0,user_38,526,,
12137,,300000,0,user_39,526,,
12138,,2100000,0,user_40,526,,
12139,,6300000,0,user_40,526,,
12140,,150000,0,user_40,526,,
12141,,110000,64600,user_40,526,,
12142,,320000,283000,user_40,526,,
12143,,160000,0,user_41,526,,
12144,,320000,0,user_42,526,,
12145,,160000,0,user_42,526,,
12146,,350000,0,user_43,526,,
12147,,2000000,0,user_43,526,,
12148,,220000,0,user_44,526,,
12149,,530000,0,user_45,526,,
12150,,660000,0,user_46,526,,
12151,,73000,32900,user_47,526,,
12152,,2300000,0,user_47,526,,
12153,,910000,0,user_49,526,,
12154,,460000,0,user_49,526,,
12155,,5000000,0,user_49,526,,
12139,0,6300000,0,user_40,526,526,
12102,1,5000000,0,user_6,526,526,
12155,2,5000000,0,user_49,526,526,
12109,3,4200000,0,user_13,526,526,
12114,4,4200000,0,user_19,526,526,
12120,5,3500000,0,user_24,526,526,
12105,6,2600000,0,user_9,526,526,
12133,7,2300000,0,user_33,526,526,
12152,8,2300000,0,user_47,526,526,
12138,9,2100000,0,user_40,526,526,
12147,10,2000000,0,user_43,526,526,
12108,11,1600000,39400,user_11,526,526,
12116,12,1600000,0,user_22,526,526,
12121,13,1600000,779000,user_25,526,526,
12131,14,1500000,0,user_31,526,526,
12119,15,1200000,0,user_23,526,526,
12134,16,1100000,0,user_36,526,526,
12136,17,1100000,0,user_38,526,526,
12153,18,910000,0,user_49,526,526,
12126,19,670000,0,user_30,526,526,
12103,20,660000,0,user_7,526,526,
12150,21,660000,0,user_46,526,526,
12125,22,650000,0,user_29,526,526,
12149,23,530000,0,user_45,526,526,
12111,24,470000,0,user_15,526,526,
12154,25,460000,0,user_49,526,526,
12146,26,350000,0,user_43,526,526,
12107,27,320000,0,user_10,526,526,
12142,28,320000,283000,user_40,526,526,
12144,29,320000,0,user_42,526,526,
12100,30,310000,0,user_3,526,526,
12104,31,310000,0,user_8,526,526,
12130,32,310000,0,user_31,526,526,
12098,33,260000,0,user_0,526,526,
12112,34,260000,0,user_17,526,526,
12129,35,260000,0,user_31,526,526,
12118,36,220000,1100000,user_23,526,526,
12148,37,220000,0,user_44,526,526,
12127,38,160000,0,user_31,526,526,
12143,39,160000,0,user_41,526,526,
12145,40,160000,0,user_42,526,526,
12106,41,150000,0,user_9,526,526,
12140,42,150000,0,user_40,526,526,
12099,43,120000,0,user_2,526,526,
12117,44,120000,67500,user_22,526,526,
12132,45,110000,0,user_32,526,526,
12141,46,110000,64600,user_40,526,526,
12101,47,84000,0,user_5,526,526,
12110,48,84000,5640,user_14,526,526,
12128,49,80000,5180,user_31,526,526,
12115,50,79000,0,user_21,526,526,
12122,51,77000,0,user_27,526,526,
12113,52,73000,0,user_17,526,526,
12151,53,73000,32900,user_47,526,526,
12226,,460000,0,user_0,527,,
12227,,80000,0,user_0,527,,
12228,,150000,12300,user_0,527,,
12229,,1500000,0,user_0,527,,
12230,,370000,73100,user_1,527,,
12231,,260000,0,user_2,527,,
12232,,2600000,0,user_3,527,,
12233,,110000,0,user_6,527,,
12234,,2000000,0,user_7,527,,
12235,,220000,0,user_10,527,,
12236,,1000000,68100,user_11,527,,
12237,,4200000,0,user_11,527,,
12238,,310000,0,user_12,527,,
12239,,3600000,0,user_13,527,,
12240,,670000,0,user_15,527,,
12241,,83000,0,user_15,527,,
12242,,170000,0,user_16,527,,
12243,,3500000,0,user_18,527,,
12244,,87000,0,user_20,527,,
12245,,870000,0,user_21,527,,
12246,,870000,0,user_24,527,,
12247,,1100000,0,user_24,527,,
12248,,82000,0,user_26,527,,
12249,,600000,0,user_27,527,,
12250,,5200000,0,user_29,527,,
12251,,85000,0,user_29,527,,
12252,,350000,15300,user_30,527,,
12253,,160000,0,user_31,527,,
12254,,120000,0,user_31,527,,
12255,,2400000,0,user_32,527,,
12256,,970000,0,user_33,527,,
12257,,4500000,0,user_33,527,,
12258,,120000,0,user_33,527,,
12259,,170000,0,user_33,527,,
12260,,2000000,0,user_34,527,,
12261,,1400000,0,user_36,527,,
12262,,1300000,100000,user_39,527,,
12263,,1500000,0,user_40,527,,
12264,,3200000,0,user_40,527,,
12265,,260000,0,user_41,527,,
12266,,110000,0,user_41,527,,
12267,,110000,0,user_42,527,,
12268,,110000,0,user_42,527,,
12269,,870000,0,user_42,527,,
12270,,530000,0,user_42,527,,
12271,,1400000,0,user_43,527,,
12272,,260000,0,user_43,527,,
12273,,130000,0,user_44,527,,
12274,,670000,0,user_45,527,,
12275,,460000,0,user_46,527,,
12276,,300000,0,user_49,527,,
12250,0,5200000,0,user_29,527,527,
12257,1,4500000,0,user_33,527,527,
12237,2,4200000,0,user_11,527,527,
12239,3,3600000,0,user_13,527,527,
12243,4,3500000,0,user_18,527,527,
12264,5,3200000,0,user_40,527,527,
12232,6,2600000,0,user_3,527,527,
12255,7,2400000,0,user_32,527,527,
12234,8,2000000,0,user_7,527,527,
12260,9,2000000,0,user_34,527,527,
12229,10,1500000,0,user_0,527,527,
12263,11,1500000,0,user_40,527,527,
12261,12,1400000,0,user_36,527,527,
12291,13,0,0,builder_3,527,527,12262
12262,14,1300000,100000,user_39,527,527,
12271,15,1400000,0,user_43,527,527,
12247,16,1100000,0,user_24,527,527,
12292,17,0,0,builder_3,527,527,12236
12236,18,1000000,68100,user_11,527,527,
12256,19,970000,0,user_33,527,527,
12245,20,870000,0,user_21,527,527,
12246,21,870000,0,user_24,527,527,
12269,22,870000,0,user_42,527,527,
12240,23,670000,0,user_15,527,527,
12274,24,670000,0,user_45,527,527,
12270,25,530000,0,user_42,527,527,
12226,26,460000,0,user_0,527,527,
12275,27,460000,0,user_46,527,527,
12252,28,350000,15300,user_30,527,527,
12293,29,0,0,builder_3,527,527,12252
12238,30,310000,0,user_12,527,527,
12276,31,300000,0,user_49,527,527,
12231,32,260000,0,user_2,527,527,
12265,33,260000,0,user_41,527,527,
12272,34,260000,0,user_43,527,527,
12235,35,220000,0,user_10,527,527,
12259,36,170000,0,user_33,527,527,
12228,37,150000,12300,user_0,527,527,
12294,38,0,0,builder_3,527,527,12228
12253,39,160000,0,user_31,527,527,
12273,40,130000,0,user_44,527,527,
12254,41,120000,0,user_31,527,527,
12258,42,120000,0,user_33,527,527,
12266,43,110000,0,user_41,527,527,
12267,44,110000,0,user_42,527,527,
12268,45,110000,0,user_42,527,527,
12244,46,87000,0,user_20,527,527,
12251,47,85000,0,user_29,527,527,
12241,48,83000,0,user_15,527,527,
12248,49,82000,0,user_26,527,527,
12227,50,80000,0,user_0,527,527,
12313,,3500000,15300,user_2,528,,
12314,,5000000,13900,user_3,528,,
12315,,1000000,0,user_3,528,,
12316,,160000,215000,user_3,528,,
12317,,4200000,35600,user_3,528,,
12318,,190000,73100,user_3,528,,
12319,,1300000,0,user_5,528,,
12320,,110000,15100,user_6,528,,
12321,,220000,0,user_7,528,,
12322,,2000000,0,user_8,528,,
12323,,360000,0,user_9,528,,
12324,,170000,0,user_11,528,,
12325,,360000,0,user_11,528,,
12326,,360000,0,user_14,528,,
12327,,1900000,0,user_16,528,,
12328,,190000,0,user_17,528,,
12329,,350000,0,user_17,528,,
12330,,1900000,0,user_18,528,,
12331,,110000,0,user_20,528,,
12332,,3200000,0,user_21,528,,
12333,,160000,0,user_21,528,,
12334,,120000,0,user_21,528,,
12335,,120000,0,user_21,528,,
12336,,4200000,0,user_21,528,,
12337,,2500000,779000,user_23,528,,
12338,,420000,42000,user_23,528,,
12339,,870000,0,user_23,528,,
12340,,110000,594000,user_23,528,,
12341,,660000,0,user_23,528,,
12342,,220000,0,user_25,528,,
12343,,220000,0,user_26,528,,
12344,,5000000,100000,user_28,528,,
12345,,170000,0,user_28,528,,
12346,,970000,0,user_30,528,,
12347,,220000,0,user_30,528,,
12348,,6300000,0,user_31,528,,
12349,,77000,0,user_32,528,,
12350,,120000,0,user_34,528,,
12351,,170000,0,user_34,528,,
12352,,120000,0,user_34,528,,
12353,,2000000,0,user_34,528,,
12354,,630000,0,user_34,528,,
12355,,5000000,0,user_35,528,,
12356,,5000000,0,user_36,528,,
12357,,4200000,0,user_36,528,,
12358,,120000,545000,user_38,528,,
12359,,70000,0,user_39,528,,
12360,,170000,0,user_39,528,,
12361,,4500000,0,user_39,528,,
12362,,120000,0,user_40,528,,
12363,,2500000,0,user_40,528,,
12364,,85000,0,user_41,528,,
12365,,1400000,16400,user_42,528,,
12366,,110000,959000,user_42,528,,
12367,,470000,64600,user_42,528,,
12368,,600000,0,user_44,528,,
12369,,1100000,0,user_45,528,,
12370,,2300000,0,user_45,528,,
12371,,470000,0,user_46,528,,
12372,,80000,0,user_47,528,,
12373,,4500000,0,user_48,528,,
12374,,110000,0,user_49,528,,
12348,0,6300000,0,user_31,528,528,
12405,1,0,0,builder_3,528,528,12344
12344,2,5000000,100000,user_28,528,528,
12314,3,5000000,13900,user_3,528,528,
12406,4,0,0,builder_3,528,528,12314
12355,5,5000000,0,user_35,528,528,
12356,6,5000000,0,user_36,528,528,
12361,7,4500000,0,user_39,528,528,
12373,8,4500000,0,user_48,528,528,
12407,9,0,0,builder_3,528,528,12317
12317,10,4200000,35600,user_3,528,528,
12336,11,4200000,0,user_21,528,528,
12357,12,4200000,0,user_36,528,528,
12408,13,0,0,builder_3,528,528,12313
12313,14,3500000,15300,user_2,528,528,
12337,15,2500000,779000,user_23,528,528,
12409,16,0,0,builder_3,528,528,12337
12332,17,3200000,0,user_21,528,528,
12363,18,2500000,0,user_40,528,528,
12370,19,2300000,0,user_45,528,528,
12353,20,2000000,0,user_34,528,528,
12330,21,1900000,0,user_18,528,528,
12410,22,0,0,builder_3,528,528,12365
12365,23,1400000,16400,user_42,528,528,
12319,24,1300000,0,user_5,528,528,
12369,25,1100000,0,user_45,528,528,
12411,26,0,0,builder_3,528,528,12366
12366,27,110000,959000,user_42,528,528,
12315,28,1000000,0,user_3,528,528,
12346,29,970000,0,user_30,528,528,
12339,30,870000,0,user_23,528,528,
12340,31,110000,594000,user_23,528,528,
12412,32,0,0,builder_3,528,528,12340
12413,33,0,0,builder_3,528,528,12358
12358,34,120000,545000,user_38,528,528,
12341,35,660000,0,user_23,528,528,
12354,36,630000,0,user_34,528,528,
12368,37,600000,0,user_44,528,528,
12414,38,0,0,builder_3,528,528,12367
12367,39,470000,64600,user_42,528,528,
12371,40,470000,0,user_46,528,528,
12338,41,420000,42000,user_23,528,528,
12415,42,0,0,builder_3,528,528,12338
12316,43,160000,215000,user_3,528,528,
12416,44,0,0,builder_3,528,528,12316
12325,45,360000,0,user_11,528,528,
12326,46,360000,0,user_14,528,528,
12329,47,350000,0,user_17,528,528,
12318,48,190000,73100,user_3,528,528,
12417,49,0,0,builder_3,528,528,12318
12321,50,220000,0,user_7,528,528,
12343,51,220000,0,user_26,528,528,
12347,52,220000,0,user_30,528,528,
12328,53,190000,0,user_17,528,528,
12324,54,170000,0,user_11,528,528,
12345,55,170000,0,user_28,528,528,
12351,56,170000,0,user_34,528,528,
12360,57,170000,0,user_39,528,528,
12333,58,160000,0,user_21,528,528,
12334,59,120000,0,user_21,528,528,
12335,60,120000,0,user_21,528,528,
12350,61,120000,0,user_34,528,528,
12352,62,120000,0,user_34,528,528,
12362,63,120000,0,user_40,528,528,
12331,64,110000,0,user_20,528,528,
12374,65,110000,0,user_49,528,528,
12364,66,85000,0,user_41,528,528,
12372,67,80000,0,user_47,528,528,
12349,68,77000,0,user_32,528,528,
12359,69,70000,0,user_39,528,528,
12469,,350000,0,user_0,529,,
12470,,5000000,146000,user_1,529,,
12471,,320000,15700,user_2,529,,
12472,,150000,769000,user_3,529,,
12473,,630000,0,user_4,529,,
12474,,650000,0,user_4,529,,
12475,,150000,0,user_4,529,,
12476,,2000000,0,user_5,529,,
12477,,910000,139000,user_6,529,,
12478,,240000,0,user_7,529,,
12479,,1700000,0,user_8,529,,
12480,,1000000,5640,user_10,529,,
12481,,5000000,164000,user_11,529,,
12482,,260000,0,user_12,529,,
12483,,83000,0,user_12,529,,
12484,,1700000,0,user_12,529,,
12485,,1000000,18600,user_12,529,,
12486,,420000,0,user_12,529,,
12487,,320000,0,user_14,529,,
12488,,350000,0,user_15,529,,
12489,,190000,0,user_16,529,,
12490,,2500000,0,user_16,529,,
12491,,170000,285000,user_16,529,,
12492,,1200000,0,user_16,529,,
12493,,1000000,0,user_17,529,,
12494,,1500000,0,user_20,529,,
12495,,360000,4320000,user_21,529,,
12496,,79000,0,user_21,529,,
12497,,120000,0,user_22,529,,
12498,,5000000,0,user_23,529,,
12499,,190000,0,user_23,529,,
12500,,160000,36800,user_24,529,,
12501,,160000,0,user_24,529,,
12502,,84000,0,user_24,529,,
12503,,1800000,0,user_24,529,,
12504,,1400000,285000,user_25,529,,
12505,,970000,0,user_25,529,,
12506,,5000000,0,user_25,529,,
12507,,370000,0,user_25,529,,
12508,,2600000,0,user_25,529,,
12509,,110000,0,user_26,529,,
12510,,630000,0,user_27,529,,
12511,,77000,0,user_27,529,,
12512,,2100000,0,user_28,529,,
12513,,170000,0,user_28,529,,
12514,,4500000,0,user_29,529,,
12515,,4200000,0,user_33,529,,
12516,,970000,0,user_33,529,,
12517,,120000,0,user_34,529,,
12518,,30000000,0,user_34,529,,
12519,,360000,0,user_35,529,,
12520,,1700000,0,user_36,529,,
12521,,1800000,0,user_40,529,,
12522,,260000,0,user_41,529,,
12523,,3200000,0,user_42,529,,
12524,,6100000,0,user_43,529,,
12525,,1300000,7190000,user_43,529,,
12526,,3500000,0,user_43,529,,
12527,,79000,0,user_44,529,,
12528,,100000,0,user_45,529,,
12529,,120000,0,user_46,529,,
12530,,27000000,0,user_47,529,,
12531,,420000,0,user_47,529,,
12532,,350000,0,user_49,529,,
12518,0,30000000,0,user_34,529,529,
12530,1,27000000,0,user_47,529,529,
12524,2,6100000,0,user_43,529,529,
12470,3,5000000,146000,user_1,529,529,
12481,4,5000000,164000,user_11,529,529,
12498,5,5000000,0,user_23,529,529,
12506,6,5000000,0,user_25,529,529,
12514,7,4500000,0,user_29,529,529,
12515,8,4200000,0,user_33,529,529,
12526,9,3500000,0,user_43,529,529,
12523,10,3200000,0,user_42,529,529,
12508,11,2600000,0,user_25,529,529,
12490,12,2500000,0,user_16,529,529,
12476,13,2000000,0,user_5,529,529,
12521,14,1800000,0,user_40,529,529,
12479,15,1700000,0,user_8,529,529,
12484,16,1700000,0,user_12,529,529,
12520,17,1700000,0,user_36,529,529,
12494,18,1500000,0,user_20,529,529,
12504,19,1400000,285000,user_25,529,529,
12525,20,1300000,7190000,user_43,529,529,
12492,21,1200000,0,user_16,529,529,
12480,22,1000000,5640,user_10,529,529,
12485,23,1000000,18600,user_12,529,529,
12493,24,1000000,0,user_17,529,529,
12505,25,970000,0,user_25,529,529,
12516,26,970000,0,user_33,529,529,
12477,27,910000,139000,user_6,529,529,
12474,28,650000,0,user_4,529,529,
12473,29,630000,0,user_4,529,529,
12510,30,630000,0,user_27,529,529,
12486,31,420000,0,user_12,529,529,
12531,32,420000,0,user_47,529,529,
12507,33,370000,0,user_25,529,529,
12495,34,360000,4320000,user_21,529,529,
12519,35,360000,0,user_35,529,529,
12469,36,350000,0,user_0,529,529,
12488,37,350000,0,user_15,529,529,
12532,38,350000,0,user_49,529,529,
12471,39,320000,15700,user_2,529,529,
12482,40,260000,0,user_12,529,529,
12522,41,260000,0,user_41,529,529,
12478,42,240000,0,user_7,529,529,
12489,43,190000,0,user_16,529,529,
12499,44,190000,0,user_23,529,529,
12491,45,170000,285000,user_16,529,529,
12472,46,150000,769000,user_3,529,529,
12475,47,150000,0,user_4,529,529,
12497,48,120000,0,user_22,529,529,
12517,49,120000,0,user_34,529,529,
12529,50,120000,0,user_46,529,529,
12509,51,110000,0,user_26,529,529,
12528,52,100000,0,user_45,529,529,
12483,53,83000,0,user_12,529,529,
12496,54,79000,0,user_21,529,529,
12527,55,79000,0,user_44,529,529,
12511,56,77000,0,user_27,529,529,
12618,,3600000,0,user_0,530,,
12619,,310000,0,user_2,530,,
12620,,4500000,0,user_3,530,,
12621,,370000,0,user_4,530,,
12622,,1300000,0,user_5,530,,
12623,,80000,0,user_5,530,,
12624,,80000,0,user_5,530,,
12625,,1100000,0,user_5,530,,
12626,,190000,0,user_6,530,,
12627,,3500000,0,user_6,530,,
12628,,110000,0,user_7,530,,
12629,,1000000,0,user_7,530,,
12630,,87000,0,user_8,530,,
12631,,220000,0,user_9,530,,
12632,,420000,256000,user_10,530,,
12633,,4200000,0,user_11,530,,
12634,,600000,350000,user_12,530,,
12635,,240000,0,user_13,530,,
12636,,420000,0,user_14,530,,
12637,,84000,0,user_14,530,,
12638,,1100000,215000,user_16,530,,
12639,,310000,0,user_16,530,,
12640,,420000,0,user_17,530,,
12641,,370000,0,user_17,530,,
12642,,220000,0,user_18,530,,
12643,,1400000,0,user_19,530,,
12644,,370000,0,user_20,530,,
12645,,160000,0,user_21,530,,
12646,,1600000,0,user_22,530,,
12647,,73000,0,user_24,530,,
12648,,370000,0,user_25,530,,
12649,,1600000,0,user_26,530,,
12650,,260000,0,user_28,530,,
12651,,110000,0,user_29,530,,
12652,,79000,0,user_29,530,,
12653,,630000,0,user_30,530,,
12654,,98000,0,user_30,530,,
12655,,2500000,0,user_30,530,,
12656,,5000000,0,user_30,530,,
12657,,84000,34700,user_32,530,,
12658,,1800000,0,user_33,530,,
12659,,1000000,0,user_33,530,,
12660,,2600000,0,user_34,530,,
12661,,110000,0,user_35,530,,
12662,,130000,0,user_36,530,,
12663,,82000,0,user_38,530,,
12664,,260000,0,user_39,530,,
12665,,340000,0,user_40,530,,
12666,,2300000,146000,user_40,530,,
12667,,600000,594000,user_40,530,,
12668,,110000,0,user_42,530,,
12669,,2300000,0,user_43,530,,
12670,,1100000,0,user_43,530,,
12671,,300000,121000,user_44,530,,
12672,,300000,0,user_44,530,,
12673,,1000000,769000,user_44,530,,
12674,,220000,0,user_45,530,,
12675,,120000,0,user_45,530,,
12676,,460000,0,user_45,530,,
12677,,1900000,0,user_48,530,,
12656,0,5000000,0,user_30,530,530,
12620,1,4500000,0,user_3,530,530,
12633,2,4200000,0,user_11,530,530,
12618,3,3600000,0,user_0,530,530,
12627,4,3500000,0,user_6,530,530,
12660,5,2600000,0,user_34,530,530,
12655,6,2500000,0,user_30,530,530,
12666,7,2300000,146000,user_40,530,530,
12669,8,2300000,0,user_43,530,530,
12677,9,1900000,0,user_48,530,530,
12658,10,1800000,0,user_33,530,530,
12646,11,1600000,0,user_22,530,530,
12643,12,1400000,0,user_19,530,530,
12622,13,1300000,0,user_5,530,530,
12625,14,1100000,0,user_5,530,530,
12638,15,1100000,215000,user_16,530,530,
12670,16,1100000,0,user_43,530,530,
12629,17,1000000,0,user_7,530,530,
12659,18,1000000,0,user_33,530,530,
12673,19,1000000,769000,user_44,530,530,
12653,20,630000,0,user_30,530,530,
12667,21,600000,594000,user_40,530,530,
12676,22,460000,0,user_45,530,530,
12632,23,420000,256000,user_10,530,530,
12636,24,420000,0,user_14,530,530,
12640,25,420000,0,user_17,530,530,
12641,26,370000,0,user_17,530,530,
12644,27,370000,0,user_20,530,530,
12648,28,370000,0,user_25,530,530,
12665,29,340000,0,user_40,530,530,
12619,30,310000,0,user_2,530,530,
12639,31,310000,0,user_16,530,530,
12671,32,300000,121000,user_44,530,530,
12672,33,300000,0,user_44,530,530,
12635,34,240000,0,user_13,530,530,
12631,35,220000,0,user_9,530,530,
12642,36,220000,0,user_18,530,530,
12674,37,220000,0,user_45,530,530,
12626,38,190000,0,user_6,530,530,
12645,39,160000,0,user_21,530,530,
12662,40,130000,0,user_36,530,530,
12675,41,120000,0,user_45,530,530,
12628,42,110000,0,user_7,530,530,
12651,43,110000,0,user_29,530,530,
12661,44,110000,0,user_35,530,530,
12668,45,110000,0,user_42,530,530,
12654,46,98000,0,user_30,530,530,
12630,47,87000,0,user_8,530,530,
12637,48,84000,0,user_14,530,530,
12657,49,84000,34700,user_32,530,530,
12663,50,82000,0,user_38,530,530,
12623,51,80000,0,user_5,530,530,
12624,52,80000,0,user_5,530,530,
12652,53,79000,0,user_29,530,530,
12647,54,73000,0,user_24,530,530,
12737,,120000,67500,user_0,531,,
12738,,130000,0,user_1,531,,
12739,,85000,121000,user_2,531,,
12740,,1200000,0,user_3,531,,
12741,,2500000,0,user_4,531,,
12742,,2300000,0,user_5,531,,
12743,,600000,17000,user_5,531,,
12744,,160000,0,user_5,531,,
12745,,220000,0,user_6,531,,
12746,,150000,0,user_10,531,,
12747,,460000,67900,user_11,531,,
12748,,2400000,49100,user_12,531,,
12749,,530000,0,user_12,531,,
12750,,79000,0,user_15,531,,
12751,,650000,0,user_18,531,,
12752,,150000,0,user_19,531,,
12753,,1100000,0,user_20,531,,
12754,,670000,0,user_20,531,,
12755,,170000,0,user_21,531,,
12756,,240000,0,user_22,531,,
12757,,350000,13800,user_23,531,,
12758,,110000,0,user_23,531,,
12759,,98000,17000,user_25,531,,
12760,,470000,10700,user_26,531,,
12761,,2000000,0,user_28,531,,
12762,,470000,0,user_29,531,,
12763,,2100000,15700,user_29,531,,
12764,,1500000,11200,user_30,531,,
12765,,3600000,0,user_31,531,,
12766,,1900000,0,user_33,531,,
12767,,83000,0,user_34,531,,
12768,,120000,0,user_34,531,,
12769,,1800000,0,user_36,531,,
12770,,2000000,0,user_37,531,,
12771,,600000,0,user_38,531,,
12772,,650000,0,user_40,531,,
12773,,1400000,66100,user_41,531,,
12774,,85000,0,user_41,531,,
12775,,420000,0,user_41,531,,
12776,,4200000,0,user_41,531,,
12777,,5000000,0,user_44,531,,
12778,,150000,0,user_45,531,,
12779,,120000,0,user_47,531,,
12780,,3500000,0,user_48,531,,
12781,,460000,15300,user_49,531,,
12777,0,5000000,0,user_44,531,531,
12776,1,4200000,0,user_41,531,531,
12765,2,3600000,0,user_31,531,531,
12780,3,3500000,0,user_48,531,531,
12741,4,2500000,0,user_4,531,531,
12810,5,0,0,builder_3,531,531,12748
12748,6,2400000,49100,user_12,531,531,
12742,7,2300000,0,user_5,531,531,
12763,8,2100000,15700,user_29,531,531,
12811,9,0,0,builder_3,531,531,12763
12761,10,2000000,0,user_28,531,531,
12770,11,2000000,0,user_37,531,531,
12766,12,1900000,0,user_33,531,531,
12769,13,1800000,0,user_36,531,531,
12812,14,0,0,builder_3,531,531,12764
12764,15,1500000,11200,user_30,531,531,
12773,16,1400000,66100,user_41,531,531,
12813,17,0,0,builder_3,531,531,12773
12740,18,1200000,0,user_3,531,531,
12753,19,1100000,0,user_20,531,531,
12754,20,670000,0,user_20,531,531,
12751,21,650000,0,user_18,531,531,
12772,22,650000,0,user_40,531,531,
12814,23,0,0,builder_3,531,531,12743
12743,24,600000,17000,user_5,531,531,
12771,25,600000,0,user_38,531,531,
12749,26,530000,0,user_12,531,531,
12747,27,460000,67900,user_11,531,531,
12815,28,0,0,builder_3,531,531,12747
12816,29,0,0,builder_3,531,531,12760
12760,30,470000,10700,user_26,531,531,
12817,31,0,0,builder_3,531,531,12781
12781,32,460000,15300,user_49,531,531,
12762,33,470000,0,user_29,531,531,
12775,34,420000,0,user_41,531,531,
12757,35,350000,13800,user_23,531,531,
12818,36,0,0,builder_3,531,531,12757
12756,37,240000,0,user_22,531,531,
12819,38,0,0,builder_3,531,531,12739
12739,39,85000,121000,user_2,531,531,
12737,40,120000,67500,user_0,531,531,
12820,41,0,0,builder_3,531,531,12737
12755,42,170000,0,user_21,531,531,
12744,43,160000,0,user_5,531,531,
12746,44,150000,0,user_10,531,531,
12752,45,150000,0,user_19,531,531,
12778,46,150000,0,user_45,531,531,
12768,47,120000,0,user_34,531,531,
12779,48,120000,0,user_47,531,531,
12758,49,110000,0,user_23,531,531,
12774,50,85000,0,user_41,531,531,
12767,51,83000,0,user_34,531,531,
12750,52,79000,0,user_15,531,531,
12868,,910000,0,user_0,532,,
12869,,30000000,350000,user_0,532,,
12870,,340000,0,user_1,532,,
12871,,150000,0,user_2,532,,
12872,,310000,0,user_3,532,,
12873,,110000,0,user_4,532,,
12874,,2600000,0,user_4,532,,
12875,,530000,181000,user_5,532,,
12876,,1300000,121000,user_6,532,,
12877,,6300000,0,user_6,532,,
12878,,310000,0,user_6,532,,
12879,,84000,0,user_7,532,,
12880,,1000000,0,user_8,532,,
12881,,2400000,0,user_9,532,,
12882,,1100000,0,user_10,532,,
12883,,1500000,0,user_10,532,,
12884,,1300000,0,user_13,532,,
12885,,2400000,0,user_15,532,,
12886,,1600000,0,user_15,532,,
12887,,5000000,0,user_16,532,,
12888,,470000,4320000,user_17,532,,
12889,,350000,0,user_21,532,,
12890,,2500000,19700,user_21,532,,
12891,,82000,0,user_21,532,,
12892,,470000,17700000,user_21,532,,
12893,,1300000,0,user_22,532,,
12894,,160000,0,user_24,532,,
12895,,240000,17000,user_24,532,,
12896,,19000000,0,user_25,532,,
12897,,870000,0,user_25,532,,
12898,,600000,11200,user_26,532,,
12899,,80000,0,user_27,532,,
12900,,260000,0,user_28,532,,
12901,,85000,8520,user_29,532,,
12902,,110000,3130,user_29,532,,
12903,,1100000,594000,user_29,532,,
12904,,110000,0,user_29,532,,
12905,,160000,0,user_29,532,,
12906,,2100000,7190000,user_30,532,,
12907,,650000,0,user_31,532,,
12908,,160000,84800,user_32,532,,
12909,,3200000,0,user_32,532,,
12910,,110000,21800,user_33,532,,
12911,,1900000,0,user_34,532,,
12912,,2000000,71800,user_34,532,,
12913,,340000,0,user_35,532,,
12914,,870000,0,user_36,532,,
12915,,670000,769000,user_37,532,,
12916,,360000,0,user_37,532,,
12917,,80000,0,user_37,532,,
12918,,350000,21800,user_39,532,,
12919,,370000,0,user_40,532,,
12920,,350000,0,user_41,532,,
12921,,80000,0,user_41,532,,
12922,,1500000,0,user_43,532,,
12923,,460000,0,user_43,532,,
12924,,340000,0,user_44,532,,
12925,,320000,0,user_45,532,,
12926,,110000,0,user_45,532,,
12927,,910000,0,user_46,532,,
12869,0,30000000,350000,user_0,532,532,
12981,1,0,0,builder_4,532,532,12869
12896,2,19000000,0,user_25,532,532,
12892,3,470000,17700000,user_21,532,532,
12982,4,0,0,builder_4,532,532,12892
12983,5,0,0,builder_4,532,532,12906
12906,6,2100000,7190000,user_30,532,532,
12877,7,6300000,0,user_6,532,532,
12887,8,5000000,0,user_16,532,532,
12888,9,470000,4320000,user_17,532,532,
12984,10,0,0,builder_4,532,532,12888
12909,11,3200000,0,user_32,532,532,
12874,12,2600000,0,user_4,532,532,
12985,13,0,0,builder_4,532,532,12890
12890,14,2500000,19700,user_21,532,532,
12881,15,2400000,0,user_9,532,532,
12986,16,0,0,builder_4,532,532,12912
12912,17,2000000,71800,user_34,532,532,
12911,18,1900000,0,user_34,532,532,
12987,19,0,0,builder_4,532,532,12903
12903,20,1100000,594000,user_29,532,532,
12883,21,1500000,0,user_10,532,532,
12922,22,1500000,0,user_43,532,532,
12915,23,670000,769000,user_37,532,532,
12988,24,0,0,builder_4,532,532,12915
12876,25,1300000,121000,user_6,532,532,
12989,26,0,0,builder_4,532,532,12876
12884,27,1300000,0,user_13,532,532,
12893,28,1300000,0,user_22,532,532,
12882,29,1100000,0,user_10,532,532,
12880,30,1000000,0,user_8,532,532,
12868,31,910000,0,user_0,532,532,
12927,32,910000,0,user_46,532,532,
12897,33,870000,0,user_25,532,532,
12914,34,870000,0,user_36,532,532,
12907,35,650000,0,user_31,532,532,
12898,36,600000,11200,user_26,532,532,
12990,37,0,0,builder_4,532,532,12898
12923,38,460000,0,user_43,532,532,
12919,39,370000,0,user_40,532,532,
12916,40,360000,0,user_37,532,532,
12889,41,350000,0,user_21,532,532,
12920,42,350000,0,user_41,532,532,
12870,43,340000,0,user_1,532,532,
12913,44,340000,0,user_35,532,532,
12924,45,340000,0,user_44,532,532,
12925,46,320000,0,user_45,532,532,
12872,47,310000,0,user_3,532,532,
12878,48,310000,0,user_6,532,532,
12900,49,260000,0,user_28,532,532,
12895,50,240000,17000,user_24,532,532,
12991,51,0,0,builder_4,532,532,12895
12908,52,160000,84800,user_32,532,532,
12992,53,0,0,builder_4,532,532,12908
12894,54,160000,0,user_24,532,532,
12905,55,160000,0,user_29,532,532,
12871,56,150000,0,user_2,532,532,
12993,57,0,0,builder_4,532,532,12910
12910,58,110000,21800,user_33,532,532,
12902,59,110000,3130,user_29,532,532,
12994,60,0,0,builder_4,532,532,12902
12873,61,110000,0,user_4,532,532,
12904,62,110000,0,user_29,532,532,
12926,63,110000,0,user_45,532,532,
12995,64,0,0,builder_4,532,532,12901
12901,65,85000,8520,user_29,532,532,
12891,66,82000,0,user_21,532,532,
12899,67,80000,0,user_27,532,532,
12917,68,80000,0,user_37,532,532,
12921,69,80000,0,user_41,532,532,
13046,,110000,0,user_1,533,,
13047,,43000000,30200,user_1,533,,
13048,,260000,0,user_2,533,,
13049,,660000,0,user_4,533,,
13050,,110000,0,user_5,533,,
13051,,360000,0,user_9,533,,
13052,,110000,0,user_10,533,,
13053,,2000000,64600,user_11,533,,
13054,,170000,73100,user_13,533,,
13055,,1500000,0,user_14,533,,
13056,,470000,0,user_15,533,,
13057,,120000,0,user_16,533,,
13058,,870000,0,user_17,533,,
13059,,110000,0,user_18,533,,
13060,,2000000,0,user_18,533,,
13061,,1600000,769000,user_19,533,,
13062,,1200000,39400,user_20,533,,
13063,,79000,0,user_22,533,,
13064,,910000,0,user_24,533,,
13065,,98000,0,user_25,533,,
13066,,6300000,5180,user_26,533,,
13067,,1100000,256000,user_28,533,,
13068,,530000,0,user_28,533,,
13069,,220000,0,user_29,533,,
13070,,970000,0,user_29,533,,
13071,,110000,0,user_29,533,,
13072,,150000,510000,user_29,533,,
13073,,310000,256000,user_30,533,,
13074,,1000000,0,user_31,533,,
13075,,2500000,0,user_34,533,,
13076,,1500000,0,user_35,533,,
13077,,1100000,0,user_36,533,,
13078,,84000,0,user_36,533,,
13079,,2000000,24700,user_38,533,,
13080,,870000,0,user_38,533,,
13081,,1500000,0,user_39,533,,
13082,,190000,0,user_41,533,,
13083,,120000,0,user_41,533,,
13084,,2300000,17700000,user_43,533,,
13085,,310000,0,user_43,533,,
13086,,220000,7190000,user_43,533,,
13087,,2000000,0,user_43,533,,
13088,,630000,0,user_45,533,,
13089,,1600000,43600,user_46,533,,
13090,,82000,0,user_48,533,,
13047,0,43000000,30200,user_1,533,533,
13091,1,0,0,builder_0,533,533,13047
13084,2,2300000,17700000,user_43,533,533,
13092,3,0,0,builder_0,533,533,13084
13093,4,0,0,builder_0,533,533,13086
13086,5,220000,7190000,user_43,533,533,
13066,6,6300000,5180,user_26,533,533,
13094,7,0,0,builder_0,533,533,13066
13061,8,1600000,769000,user_19,533,533,
13095,9,0,0,builder_0,533,533,13061
13096,10,0,0,builder_0,533,533,13053
13053,11,2000000,64600,user_11,533,533,
13079,12,2000000,24700,user_38,533,533,
13097,13,0,0,builder_0,533,533,13079
13060,14,2000000,0,user_18,533,533,
13087,15,2000000,0,user_43,533,533,
13089,16,1600000,43600,user_46,533,533,
13098,17,0,0,builder_0,533,533,13089
13055,18,1500000,0,user_14,533,533,
13076,19,1500000,0,user_35,533,533,
13067,20,1100000,256000,user_28,533,533,
13099,21,0,0,builder_0,533,533,13067
13100,22,0,0,builder_0,533,533,13062
13062,23,1200000,39400,user_20,533,533,
13077,24,1100000,0,user_36,533,533,
13074,25,1000000,0,user_31,533,533,
13070,26,970000,0,user_29,533,533,
13058,27,870000,0,user_17,533,533,
13080,28,870000,0,user_38,533,533,
13101,29,0,0,builder_0,533,533,13072
13072,30,150000,510000,user_29,533,533,
13073,31,310000,256000,user_30,533,533,
13102,32,0,0,builder_0,533,533,13073
13068,33,530000,0,user_28,533,533,
13051,34,360000,0,user_9,533,533,
13085,35,310000,0,user_43,533,533,
13048,36,260000,0,user_2,533,533,
13103,37,0,0,builder_0,533,533,13054
13054,38,170000,73100,user_13,533,533,
13069,39,220000,0,user_29,533,533,
13082,40,190000,0,user_41,533,533,
13057,41,120000,0,user_16,533,533,
13083,42,120000,0,user_41,533,533,
13046,43,110000,0,user_1,533,533,
13052,44,110000,0,user_10,533,533,
13059,45,110000,0,user_18,533,533,
13071,46,110000,0,user_29,533,533,
13065,47,98000,0,user_25,533,533,
13078,48,84000,0,user_36,533,533,
13090,49,82000,0,user_48,533,533,
13063,50,79000,0,user_22,533,533,
13179,,150000,296000,user_1,534,,
13180,,650000,0,user_2,534,,
13181,,300000,231000,user_3,534,,
13182,,1900000,0,user_3,534,,
13183,,5200000,0,user_3,534,,
13184,,1600000,0,user_4,534,,
13185,,650000,0,user_4,534,,
13186,,2500000,0,user_8,534,,
13187,,340000,0,user_8,534,,
13188,,130000,0,user_9,534,,
13189,,5000000,0,user_11,534,,
13190,,150000,0,user_13,534,,
13191,,1000000,0,user_14,534,,
13192,,160000,0,user_15,534,,
13193,,150000,0,user_15,534,,
13194,,1800000,0,user_16,534,,
13195,,310000,0,user_17,534,,
13196,,2400000,0,user_18,534,,
13197,,1400000,0,user_19,534,,
13198,,460000,0,user_19,534,,
13199,,460000,0,user_20,534,,
13200,,2000000,73100,user_20,534,,
13201,,110000,350000,user_21,534,,
13202,,310000,0,user_21,534,,
13203,,2400000,0,user_22,534,,
13204,,30000000,0,user_25,534,,
13205,,110000,0,user_26,534,,
13206,,2500000,0,user_27,534,,
13207,,1600000,47700,user_28,534,,
13208,,130000,0,user_29,534,,
13209,,160000,155000,user_29,534,,
13210,,910000,0,user_29,534,,
13211,,1200000,0,user_29,534,,
13212,,220000,0,user_30,534,,
13213,,1500000,0,user_30,534,,
13214,,240000,24700,user_31,534,,
13215,,4500000,0,user_31,534,,
13216,,170000,0,user_31,534,,
13217,,84000,594000,user_31,534,,
13218,,27000000,0,user_31,534,,
13219,,310000,0,user_32,534,,
13220,,120000,0,user_32,534,,
13221,,43000000,5640,user_33,534,,
13222,,3500000,0,user_34,534,,
13223,,1000000,0,user_34,534,,
13224,,1600000,0,user_35,534,,
13225,,5000000,0,user_35,534,,
13226,,4200000,0,user_36,534,,
13227,,600000,0,user_38,534,,
13228,,83000,0,user_39,534,,
13229,,6300000,0,user_40,534,,
13230,,3500000,0,user_40,534,,
13231,,170000,0,user_40,534,,
13232,,79000,0,user_40,534,,
13233,,1600000,0,user_41,534,,
13234,,170000,0,user_41,534,,
13235,,120000,0,user_44,534,,
13236,,3600000,0,user_44,534,,
13237,,3600000,0,user_44,534,,
13238,,350000,0,user_45,534,,
13239,,310000,0,user_46,534,,
13240,,19000000,0,user_46,534,,
13241,,350000,322000,user_47,534,,
13242,,630000,0,user_48,534,,
13243,,1600000,0,user_49,534,,
13221,0,43000000,5640,user_33,534,534,
13275,1,0,0,builder_4,534,534,13221
13204,2,30000000,0,user_25,534,534,
13218,3,27000000,0,user_31,534,534,
13240,4,19000000,0,user_46,534,534,
13229,5,6300000,0,user_40,534,534,
13183,6,5200000,0,user_3,534,534,
13189,7,5000000,0,user_11,534,534,
13225,8,5000000,0,user_35,534,534,
13215,9,4500000,0,user_31,534,534,
13226,10,4200000,0,user_36,534,534,
13236,11,3600000,0,user_44,534,534,
13237,12,3600000,0,user_44,534,534,
13222,13,3500000,0,user_34,534,534,
13230,14,3500000,0,user_40,534,534,
13186,15,2500000,0,user_8,534,534,
13206,16,2500000,0,user_27,534,534,
13196,17,2400000,0,user_18,534,534,
13203,18,2400000,0,user_22,534,534,
13200,19,2000000,73100,user_20,534,534,
13276,20,0,0,builder_4,534,534,13200
13182,21,1900000,0,user_3,534,534,
13194,22,1800000,0,user_16,534,534,
13277,23,0,0,builder_4,534,534,13207
13207,24,1600000,47700,user_28,534,534,
13184,25,1600000,0,user_4,534,534,
13224,26,1600000,0,user_35,534,534,
13233,27,1600000,0,user_41,534,534,
13243,28,1600000,0,user_49,534,534,
13213,29,1500000,0,user_30,534,534,
13197,30,1400000,0,user_19,534,534,
13211,31,1200000,0,user_29,534,534,
13191,32,1000000,0,user_14,534,534,
13223,33,1000000,0,user_34,534,534,
13210,34,910000,0,user_29,534,534,
13278,35,0,0,builder_4,534,534,13217
13217,36,84000,594000,user_31,534,534,
13180,37,650000,0,user_2,534,534,
13185,38,650000,0,user_4,534,534,
13242,39,630000,0,user_48,534,534,
13227,40,600000,0,user_38,534,534,
13279,41,0,0,builder_4,534,534,13181
13181,42,300000,231000,user_3,534,534,
13198,43,460000,0,user_19,534,534,
13199,44,460000,0,user_20,534,534,
13280,45,0,0,builder_4,534,534,13201
13201,46,110000,350000,user_21,534,534,
13179,47,150000,296000,user_1,534,534,
13281,48,0,0,builder_4,534,534,13179
13238,49,350000,0,user_45,534,534,
13187,50,340000,0,user_8,534,534,
13282,51,0,0,builder_4,534,534,13209
13209,52,160000,155000,user_29,534,534,
13195,53,310000,0,user_17,534,534,
13202,54,310000,0,user_21,534,534,
13219,55,310000,0,user_32,534,534,
13239,56,310000,0,user_46,534,534,
13214,57,240000,24700,user_31,534,534,
13283,58,0,0,builder_4,534,534,13214
13212,59,220000,0,user_30,534,534,
13216,60,170000,0,user_31,534,534,
13231,61,170000,0,user_40,534,534,
13234,62,170000,0,user_41,534,534,
13190,63,150000,0,user_13,534,534,
13188,64,130000,0,user_9,534,534,
13208,65,130000,0,user_29,534,534,
13220,66,120000,0,user_32,534,534,
13235,67,120000,0,user_44,534,534,
13205,68,110000,0,user_26,534,534,
13232,69,79000,0,user_40,534,534,
13314,,220000,0,user_1,535,,
13315,,160000,0,user_2,535,,
13316,,120000,0,user_3,535,,
13317,,110000,0,user_4,535,,
13318,,1200000,0,user_5,535,,
13319,,460000,0,user_6,535,,
13320,,82000,0,user_6,535,,
13321,,170000,410000,user_7,535,,
13322,,87000,0,user_8,535,,
13323,,160000,0,user_9,535,,
13324,,220000,0,user_9,535,,
13325,,84000,33100,user_11,535,,
13326,,310000,0,user_12,535,,
13327,,350000,0,user_12,535,,
13328,,110000,0,user_14,535,,
13329,,1200000,0,user_14,535,,
13330,,120000,0,user_15,535,,
13331,,80000,0,user_17,535,,
13332,,30000000,68100,user_17,535,,
13333,,260000,0,user_18,535,,
13334,,84000,0,user_19,535,,
13335,,160000,0,user_21,535,,
13336,,120000,0,user_22,535,,
13337,,85000,0,user_22,535,,
13338,,170000,0,user_23,535,,
13339,,2600000,0,user_24,535,,
13340,,1300000,0,user_27,535,,
13341,,630000,0,user_30,535,,
13342,,190000,0,user_31,535,,
13343,,910000,0,user_31,535,,
13344,,170000,0,user_32,535,,
13345,,120000,0,user_34,535,,
13346,,870000,0,user_35,535,,
13347,,5000000,0,user_37,535,,
13348,,43000000,128000,user_38,535,,
13349,,77000,0,user_38,535,,
13350,,600000,0,user_38,535,,
13351,,470000,350000,user_39,535,,
13352,,1100000,0,user_41,535,,
13353,,30000000,121000,user_42,535,,
13354,,460000,0,user_43,535,,
13355,,5000000,0,user_43,535,,
13356,,150000,0,user_44,535,,
13357,,85000,0,user_45,535,,
13358,,83000,0,user_46,535,,
13359,,110000,381000,user_47,535,,
13360,,3500000,181000,user_48,535,,
13387,0,0,0,builder_4,535,535,13348
13348,1,43000000,128000,user_38,535,535,
13388,2,0,0,builder_4,535,535,13353
13353,3,30000000,121000,user_42,535,535,
13332,4,30000000,68100,user_17,535,535,
13389,5,0,0,builder_4,535,535,13332
13347,6,5000000,0,user_37,535,535,
13355,7,5000000,0,user_43,535,535,
13390,8,0,0,builder_4,535,535,13360
13360,9,3500000,181000,user_48,535,535,
13339,10,2600000,0,user_24,535,535,
13340,11,1300000,0,user_27,535,535,
13329,12,1200000,0,user_14,535,535,
13352,13,1100000,0,user_41,535,535,
13343,14,910000,0,user_31,535,535,
13346,15,870000,0,user_35,535,535,
13341,16,630000,0,user_30,535,535,
13350,17,600000,0,user_38,535,535,
13319,18,460000,0,user_6,535,535,
13354,19,460000,0,user_43,535,535,
13327,20,350000,0,user_12,535,535,
13326,21,310000,0,user_12,535,535,
13333,22,260000,0,user_18,535,535,
13314,23,220000,0,user_1,535,535,
13324,24,220000,0,user_9,535,535,
13342,25,190000,0,user_31,535,535,
13338,26,170000,0,user_23,535,535,
13344,27,170000,0,user_32,535,535,
13315,28,160000,0,user_2,535,535,
13323,29,160000,0,user_9,535,535,
13335,30,160000,0,user_21,535,535,
13356,31,150000,0,user_44,535,535,
13316,32,120000,0,user_3,535,535,
13336,33,120000,0,user_22,535,535,
13345,34,120000,0,user_34,535,535,
13391,35,0,0,builder_4,535,535,13325
13325,36,84000,33100,user_11,535,535,
13317,37,110000,0,user_4,535,535,
13328,38,110000,0,user_14,535,535,
13322,39,87000,0,user_8,535,535,
13337,40,85000,0,user_22,535,535,
13357,41,85000,0,user_45,535,535,
13334,42,84000,0,user_19,535,535,
13358,43,83000,0,user_46,535,535,
13320,44,82000,0,user_6,535,535,
13331,45,80000,0,user_17,535,535,
13349,46,77000,0,user_38,535,535,
13414,,1100000,0,user_1,536,,
13415,,77000,0,user_4,536,,
13416,,85000,0,user_5,536,,
13417,,1800000,16400,user_5,536,,
13418,,2600000,0,user_7,536,,
13419,,83000,0,user_10,536,,
13420,,120000,0,user_11,536,,
13421,,910000,283000,user_12,536,,
13422,,84000,0,user_12,536,,
13423,,1300000,0,user_12,536,,
13424,,110000,0,user_12,536,,
13425,,19000000,0,user_12,536,,
13426,,85000,0,user_13,536,,
13427,,84000,0,user_18,536,,
13428,,2000000,0,user_18,536,,
13429,,3500000,0,user_19,536,,
13430,,110000,0,user_19,536,,
13431,,1100000,0,user_20,536,,
13432,,1900000,350000,user_21,536,,
13433,,110000,0,user_22,536,,
13434,,1500000,0,user_23,536,,
13435,,120000,0,user_25,536,,
13436,,73000,0,user_25,536,,
13437,,670000,13900,user_25,536,,
13438,,19000000,0,user_26,536,,
13439,,82000,0,user_26,536,,
13440,,1600000,0,user_27,536,,
13441,,360000,0,user_27,536,,
13442,,30000000,0,user_27,536,,
13443,,120000,16400,user_27,536,,
13444,,3500000,0,user_27,536,,
13445,,83000,5630,user_28,536,,
13446,,470000,0,user_28,536,,
13447,,460000,0,user_29,536,,
13448,,1000000,0,user_30,536,,
13449,,120000,0,user_31,536,,
13450,,2000000,510000,user_32,536,,
13451,,160000,0,user_32,536,,
13452,,150000,0,user_32,536,,
13453,,160000,0,user_32,536,,
13454,,2600000,34700,user_34,536,,
13455,,910000,0,user_34,536,,
13456,,260000,0,user_35,536,,
13457,,150000,0,user_35,536,,
13458,,1100000,64600,user_36,536,,
13459,,120000,0,user_37,536,,
13460,,150000,0,user_38,536,,
13461,,1400000,33300,user_39,536,,
13462,,970000,0,user_39,536,,
13463,,2000000,0,user_40,536,,
13464,,3200000,31700,user_40,536,,
13465,,160000,0,user_41,536,,
13466,,77000,33300,user_41,536,,
13467,,30000000,42000,user_41,536,,
13468,,2000000,0,user_41,536,,
13469,,170000,0,user_43,536,,
13470,,4200000,0,user_45,536,,
13471,,120000,0,user_45,536,,
13472,,160000,155000,user_46,536,,
13473,,160000,15100,user_48,536,,
13474,,1100000,0,user_49,536,,
13475,,1200000,0,user_49,536,,
13467,0,30000000,42000,user_41,536,536,
13523,1,0,0,builder_4,536,536,13467
13442,2,30000000,0,user_27,536,536,
13425,3,19000000,0,user_12,536,536,
13438,4,19000000,0,user_26,536,536,
13470,5,4200000,0,user_45,536,536,
13429,6,3500000,0,user_19,536,536,
13444,7,3500000,0,user_27,536,536,
13524,8,0,0,builder_4,536,536,13464
13464,9,3200000,31700,user_40,536,536,
13454,10,2600000,34700,user_34,536,536,
13525,11,0,0,builder_4,536,536,13454
13450,12,2000000,510000,user_32,536,536,
13526,13,0,0,builder_4,536,536,13450
13527,14,0,0,builder_4,536,536,13432
13432,15,1900000,350000,user_21,536,536,
13428,16,2000000,0,user_18,536,536,
13463,17,2000000,0,user_40,536,536,
13468,18,2000000,0,user_41,536,536,
13440,19,1600000,0,user_27,536,536,
13434,20,1500000,0,user_23,536,536,
13423,21,1300000,0,user_12,536,536,
13475,22,1200000,0,user_49,536,536,
13421,23,910000,283000,user_12,536,536,
13528,24,0,0,builder_4,536,536,13421
13458,25,1100000,64600,user_36,536,536,
13529,26,0,0,builder_4,536,536,13458
13414,27,1100000,0,user_1,536,536,
13431,28,1100000,0,user_20,536,536,
13474,29,1100000,0,user_49,536,536,
13448,30,1000000,0,user_30,536,536,
13455,31,910000,0,user_34,536,536,
13437,32,670000,13900,user_25,536,536,
13530,33,0,0,builder_4,536,536,13437
13446,34,470000,0,user_28,536,536,
13447,35,460000,0,user_29,536,536,
13441,36,360000,0,user_27,536,536,
13531,37,0,0,builder_4,536,536,13472
13472,38,160000,155000,user_46,536,536,
13456,39,260000,0,user_35,536,536,
13532,40,0,0,builder_4,536,536,13473
13473,41,160000,15100,user_48,536,536,
13469,42,170000,0,user_43,536,536,
13451,43,160000,0,user_32,536,536,
13453,44,160000,0,user_32,536,536,
13465,45,160000,0,user_41,536,536,
13452,46,150000,0,user_32,536,536,
13457,47,150000,0,user_35,536,536,
13460,48,150000,0,user_38,536,536,
13443,49,120000,16400,user_27,536,536,
13533,50,0,0,builder_4,536,536,13443
13420,51,120000,0,user_11,536,536,
13435,52,120000,0,user_25,536,536,
13449,53,120000,0,user_31,536,536,
13459,54,120000,0,user_37,536,536,
13471,55,120000,0,user_45,536,536,
13534,56,0,0,builder_4,536,536,13466
13466,57,77000,33300,user_41,536,536,
13424,58,110000,0,user_12,536,536,
13430,59,110000,0,user_19,536,536,
13433,60,110000,0,user_22,536,536,
13445,61,83000,5630,user_28,536,536,
13535,62,0,0,builder_4,536,536,13445
13426,63,85000,0,user_13,536,536,
13422,64,84000,0,user_12,536,536,
13427,65,84000,0,user_18,536,536,
13419,66,83000,0,user_10,536,536,
13439,67,82000,0,user_26,536,536,
13415,68,77000,0,user_4,536,536,
13436,69,73000,0,user_25,536,536,
13584,,2500000,0,user_0,537,,
13585,,240000,0,user_2,537,,
13586,,98000,0,user_4,537,,
13587,,260000,0,user_6,537,,
13588,,130000,0,user_7,537,,
13589,,470000,0,user_11,537,,
13590,,1100000,0,user_11,537,,
13591,,870000,0,user_12,537,,
13592,,1100000,0,user_13,537,,
13593,,300000,0,user_13,537,,
13594,,110000,0,user_14,537,,
13595,,6300000,0,user_15,537,,
13596,,370000,0,user_17,537,,
13597,,1300000,13800,user_19,537,,
13598,,150000,0,user_20,537,,
13599,,630000,0,user_21,537,,
13600,,43000000,0,user_21,537,,
13601,,160000,350000,user_22,537,,
13602,,260000,5640,user_23,537,,
13603,,83000,0,user_24,537,,
13604,,460000,0,user_25,537,,
13605,,220000,0,user_26,537,,
13606,,260000,21800,user_26,537,,
13607,,1800000,0,user_28,537,,
13608,,110000,0,user_30,537,,
13609,,150000,0,user_30,537,,
13610,,1000000,0,user_32,537,,
13611,,82000,0,user_32,537,,
13612,,670000,0,user_33,537,,
13613,,1600000,0,user_34,537,,
13614,,160000,0,user_34,537,,
13615,,460000,0,user_36,537,,
13616,,1200000,0,user_37,537,,
13617,,130000,0,user_38,537,,
13618,,1000000,0,user_40,537,,
13619,,310000,0,user_41,537,,
13620,,1000000,0,user_41,537,,
13621,,1400000,0,user_41,537,,
13622,,260000,7190000,user_41,537,,
13623,,1800000,0,user_41,537,,
13624,,170000,0,user_43,537,,
13625,,470000,49100,user_44,537,,
13626,,2000000,0,user_45,537,,
13627,,530000,17000,user_47,537,,
13628,,6300000,283000,user_47,537,,
13629,,1400000,0,user_48,537,,
13630,,670000,5180,user_49,537,,
13600,0,43000000,0,user_21,537,537,
13631,1,0,0,builder_0,537,537,13622
13622,2,260000,7190000,user_41,537,537,
13632,3,0,0,builder_0,537,537,13628
13628,4,6300000,283000,user_47,537,537,
13584,5,2500000,0,user_0,537,537,
13607,6,1800000,0,user_28,537,537,
13623,7,1800000,0,user_41,537,537,
13621,8,1400000,0,user_41,537,537,
13629,9,1400000,0,user_48,537,537,
13633,10,0,0,builder_0,537,537,13597
13597,11,1300000,13800,user_19,537,537,
13616,12,1200000,0,user_37,537,537,
13590,13,1100000,0,user_11,537,537,
13592,14,1100000,0,user_13,537,537,
13610,15,1000000,0,user_32,537,537,
13618,16,1000000,0,user_40,537,537,
13620,17,1000000,0,user_41,537,537,
13634,18,0,0,builder_0,537,537,13630
13630,19,670000,5180,user_49,537,537,
13612,20,670000,0,user_33,537,537,
13599,21,630000,0,user_21,537,537,
13635,22,0,0,builder_0,537,537,13627
13627,23,530000,17000,user_47,537,537,
13636,24,0,0,builder_0,537,537,13625
13625,25,470000,49100,user_44,537,537,
13601,26,160000,350000,user_22,537,537,
13637,27,0,0,builder_0,537,537,13601
13589,28,470000,0,user_11,537,537,
13604,29,460000,0,user_25,537,537,
13615,30,460000,0,user_36,537,537,
13596,31,370000,0,user_17,537,537,
13619,32,310000,0,user_41,537,537,
13593,33,300000,0,user_13,537,537,
13638,34,0,0,builder_0,537,537,13606
13606,35,260000,21800,user_26,537,537,
13602,36,260000,5640,user_23,537,537,
13639,37,0,0,builder_0,537,537,13602
13587,38,260000,0,user_6,537,537,
13585,39,240000,0,user_2,537,537,
13605,40,220000,0,user_26,537,537,
13624,41,170000,0,user_43,537,537,
13598,42,150000,0,user_20,537,537,
13609,43,150000,0,user_30,537,537,
13588,44,130000,0,user_7,537,537,
13617,45,130000,0,user_38,537,537,
13594,46,110000,0,user_14,537,537,
13608,47,110000,0,user_30,537,537,
13611,48,82000,0,user_32,537,537,
13692,,2100000,0,user_1,538,,
13693,,150000,0,user_5,538,,
13694,,1300000,0,user_7,538,,
13695,,870000,0,user_9,538,,
13696,,1500000,0,user_10,538,,
13697,,170000,0,user_13,538,,
13698,,1400000,0,user_14,538,,
13699,,2600000,15100,user_14,538,,
13700,,1500000,0,user_15,538,,
13701,,1300000,0,user_15,538,,
13702,,170000,0,user_16,538,,
13703,,5000000,0,user_17,538,,
13704,,120000,0,user_17,538,,
13705,,660000,959000,user_18,538,,
13706,,77000,0,user_19,538,,
13707,,43000000,0,user_20,538,,
13708,,6300000,0,user_21,538,,
13709,,460000,0,user_22,538,,
13710,,1900000,0,user_23,538,,
13711,,4200000,0,user_24,538,,
13712,,260000,0,user_24,538,,
13713,,80000,0,user_26,538,,
13714,,350000,545000,user_27,538,,
13715,,79000,0,user_28,538,,
13716,,1000000,0,user_30,538,,
13717,,3600000,0,user_30,538,,
13718,,1400000,0,user_30,538,,
13719,,2000000,0,user_30,538,,
13720,,260000,0,user_31,538,,
13721,,1800000,0,user_31,538,,
13722,,4200000,0,user_32,538,,
13723,,150000,0,user_32,538,,
13724,,310000,0,user_33,538,,
13725,,160000,0,user_33,538,,
13726,,1500000,0,user_36,538,,
13727,,80000,0,user_37,538,,
13728,,2500000,0,user_37,538,,
13729,,2000000,71800,user_38,538,,
13730,,310000,510000,user_39,538,,
13731,,2600000,0,user_40,538,,
13732,,340000,0,user_41,538,,
13733,,260000,0,user_42,538,,
13734,,87000,0,user_42,538,,
13735,,360000,0,user_44,538,,
13736,,360000,0,user_47,538,,
13737,,220000,0,user_49,538,,
13738,,350000,0,user_49,538,,
13739,,120000,71800,user_49,538,,
13740,,350000,0,user_49,538,,
13707,0,43000000,0,user_20,538,538,
13708,1,6300000,0,user_21,538,538,
13703,2,5000000,0,user_17,538,538,
13711,3,4200000,0,user_24,538,538,
13722,4,4200000,0,user_32,538,538,
13717,5,3600000,0,user_30,538,538,
13756,6,0,0,builder_3,538,538,13699
13699,7,2600000,15100,user_14,538,538,
13731,8,2600000,0,user_40,538,538,
13728,9,2500000,0,user_37,538,538,
13729,10,2000000,71800,user_38,538,538,
13757,11,0,0,builder_3,538,538,13729
13719,12,2000000,0,user_30,538,538,
13710,13,1900000,0,user_23,538,538,
13721,14,1800000,0,user_31,538,538,
13758,15,0,0,builder_3,538,538,13705
13705,16,660000,959000,user_18,538,538,
13696,17,1500000,0,user_10,538,538,
13700,18,1500000,0,user_15,538,538,
13726,19,1500000,0,user_36,538,538,
13698,20,1400000,0,user_14,538,538,
13718,21,1400000,0,user_30,538,538,
13694,22,1300000,0,user_7,538,538,
13701,23,1300000,0,user_15,538,538,
13716,24,1000000,0,user_30,538,538,
13759,25,0,0,builder_3,538,538,13730
13730,26,310000,510000,user_39,538,538,
13709,27,460000,0,user_22,538,538,
13735,28,360000,0,user_44,538,538,
13736,29,360000,0,user_47,538,538,
13738,30,350000,0,user_49,538,538,
13740,31,350000,0,user_49,538,538,
13732,32,340000,0,user_41,538,538,
13724,33,310000,0,user_33,538,538,
13712,34,260000,0,user_24,538,538,
13720,35,260000,0,user_31,538,538,
13733,36,260000,0,user_42,538,538,
13737,37,220000,0,user_49,538,538,
13739,38,120000,71800,user_49,538,538,
13760,39,0,0,builder_3,538,538,13739
13697,40,170000,0,user_13,538,538,
13725,41,160000,0,user_33,538,538,
13693,42,150000,0,user_5,538,538,
13723,43,150000,0,user_32,538,538,
13704,44,120000,0,user_17,538,538,
13734,45,87000,0,user_42,538,538,
13713,46,80000,0,user_26,538,538,
13727,47,80000,0,user_37,538,538,
13715,48,79000,0,user_28,538,538,
13706,49,77000,0,user_19,538,538,
13786,,160000,0,user_2,539,,
13787,,340000,0,user_2,539,,
13788,,420000,0,user_2,539,,
13789,,6100000,0,user_2,539,,
13790,,2100000,84800,user_2,539,,
13791,,460000,0,user_4,539,,
13792,,120000,0,user_6,539,,
13793,,27000000,0,user_7,539,,
13794,,87000,0,user_9,539,,
13795,,85000,0,user_10,539,,
13796,,1100000,0,user_11,539,,
13797,,100000,0,user_12,539,,
13798,,1300000,0,user_13,539,,
13799,,1900000,0,user_14,539,,
13800,,150000,0,user_17,539,,
13801,,260000,0,user_18,539,,
13802,,630000,0,user_18,539,,
13803,,1700000,0,user_19,539,,
13804,,79000,0,user_20,539,,
13805,,1400000,0,user_22,539,,
13806,,350000,195000,user_23,539,,
13807,,170000,959000,user_24,539,,
13808,,1800000,0,user_24,539,,
13809,,370000,0,user_25,539,,
13810,,910000,155000,user_26,539,,
13811,,2100000,0,user_27,539,,
13812,,87000,0,user_28,539,,
13813,,2500000,0,user_29,539,,
13814,,43000000,231000,user_29,539,,
13815,,82000,181000,user_29,539,,
13816,,220000,350000,user_30,539,,
13817,,30000000,369000,user_30,539,,
13818,,160000,0,user_30,539,,
13819,,30000000,15300,user_31,539,,
13820,,260000,0,user_32,539,,
13821,,160000,0,user_33,539,,
13822,,1400000,0,user_34,539,,
13823,,80000,0,user_35,539,,
13824,,2000000,0,user_36,539,,
13825,,220000,0,user_38,539,,
13826,,170000,779000,user_38,539,,
13827,,4500000,0,user_38,539,,
13828,,2300000,0,user_38,539,,
13829,,85000,0,user_38,539,,
13830,,170000,0,user_39,539,,
13831,,160000,0,user_40,539,,
13832,,43000000,0,user_41,539,,
13833,,2000000,0,user_42,539,,
13834,,84000,0,user_43,539,,
13835,,2100000,0,user_44,539,,
13836,,84000,0,user_45,539,,
13837,,1000000,0,user_46,539,,
13838,,85000,215000,user_47,539,,
13839,,1600000,0,user_49,539,,
13840,,370000,0,user_49,539,,
13841,,5200000,108000,user_49,539,,
13814,0,43000000,231000,user_29,539,539,
13832,1,43000000,0,user_41,539,539,
13817,2,30000000,369000,user_30,539,539,
13819,3,30000000,15300,user_31,539,539,
13793,4,27000000,0,user_7,539,539,
13789,5,6100000,0,user_2,539,539,
13841,6,5200000,108000,user_49,539,539,
13827,7,4500000,0,user_38,539,539,
13813,8,2500000,0,user_29,539,539,
13828,9,2300000,0,user_38,539,539,
13790,10,2100000,84800,user_2,539,539,
13811,11,2100000,0,user_27,539,539,
13835,12,2100000,0,user_44,539,539,
13824,13,2000000,0,user_36,539,539,
13833,14,2000000,0,user_42,539,539,
13799,15,1900000,0,user_14,539,539,
13808,16,1800000,0,user_24,539,539,
13803,17,1700000,0,user_19,539,539,
13839,18,1600000,0,user_49,539,539,
13805,19,1400000,0,user_22,539,539,
13822,20,1400000,0,user_34,539,539,
13798,21,1300000,0,user_13,539,539,
13796,22,1100000,0,user_11,539,539,
13837,23,1000000,0,user_46,539,539,
13802,24,630000,0,user_18,539,539,
13788,25,420000,0,user_2,539,539,
13809,26,370000,0,user_25,539,539,
13840,27,370000,0,user_49,539,539,
13806,28,350000,195000,user_23,539,539,
13787,29,340000,0,user_2,539,539,
13801,30,260000,0,user_18,539,539,
13820,31,260000,0,user_32,539,539,
13816,32,220000,350000,user_30,539,539,
13825,33,220000,0,user_38,539,539,
13807,34,170000,959000,user_24,539,539,
13826,35,170000,779000,user_38,539,539,
13786,36,160000,0,user_2,539,539,
13818,37,160000,0,user_30,539,539,
13821,38,160000,0,user_33,539,539,
13831,39,160000,0,user_40,539,539,
13800,40,150000,0,user_17,539,539,
13792,41,120000,0,user_6,539,539,
13794,42,87000,0,user_9,539,539,
13795,43,85000,0,user_10,539,539,
13829,44,85000,0,user_38,539,539,
13838,45,85000,215000,user_47,539,539,
13834,46,84000,0,user_43,539,539,
13836,47,84000,0,user_45,539,539,
13815,48,82000,181000,user_29,539,539,
13823,49,80000,0,user_35,539,539,
13804,50,79000,0,user_20,539,539,
9326,,240000,0,user_0,540,,
9327,,4200000,67900,user_1,540,,
9328,,1000000,0,user_2,540,,
9329,,110000,19700,user_3,540,,
9330,,630000,17000,user_3,540,,
9331,,870000,0,user_3,540,,
9332,,5000000,0,user_3,540,,
9333,,460000,42000,user_3,540,,
9334,,4500000,0,user_4,540,,
9335,,3500000,146000,user_5,540,,
9336,,170000,0,user_6,540,,
9337,,87000,0,user_6,540,,
9338,,360000,0,user_6,540,,
9339,,630000,0,user_7,540,,
9340,,2400000,36800,user_7,540,,
9341,,120000,0,user_7,540,,
9342,,79000,47700,user_7,540,,
9343,,79000,3130,user_7,540,,
9344,,910000,0,user_8,540,,
9345,,160000,0,user_8,540,,
9346,,6100000,0,user_9,540,,
9347,,260000,0,user_13,540,,
9348,,79000,0,user_14,540,,
9349,,220000,0,user_15,540,,
9350,,1800000,0,user_16,540,,
9351,,1500000,0,user_17,540,,
9352,,3600000,0,user_18,540,,
9353,,170000,42000,user_19,540,,
9354,,340000,0,user_19,540,,
9355,,970000,0,user_21,540,,
9356,,1300000,0,user_23,540,,
9357,,340000,231000,user_26,540,,
9358,,170000,0,user_26,540,,
9359,,1200000,0,user_27,540,,
9360,,650000,0,user_30,540,,
9361,,110000,0,user_31,540,,
9362,,30000000,0,user_33,540,,
9363,,87000,3130,user_34,540,,
9364,,320000,0,user_34,540,,
9365,,300000,0,user_34,540,,
9366,,120000,283000,user_34,540,,
9367,,80000,0,user_34,540,,
9368,,43000000,0,user_35,540,,
9369,,1900000,0,user_37,540,,
9370,,160000,0,user_38,540,,
9371,,2400000,0,user_39,540,,
9372,,310000,0,user_40,540,,
9373,,220000,0,user_42,540,,
9374,,1400000,0,user_44,540,,
9375,,6300000,0,user_45,540,,
9376,,3500000,13800,user_46,540,,
9377,,150000,0,user_47,540,,
9378,,420000,0,user_47,540,,
9379,,460000,0,user_47,540,,
9380,,79000,0,user_47,540,,
9381,,120000,0,user_48,540,,
9382,,110000,47700,user_49,540,,
9383,,1700000,0,user_49,540,,
9384,,4200000,0,user_49,540,,
9385,,2600000,0,user_49,540,,
9368,0,43000000,0,user_35,540,540,
9362,1,30000000,0,user_33,540,540,
9375,2,6300000,0,user_45,540,540,
9332,3,5000000,0,user_3,540,540,
9334,4,4500000,0,user_4,540,540,
9327,5,4200000,67900,user_1,540,540,
9384,6,4200000,0,user_49,540,540,
9352,7,3600000,0,user_18,540,540,
9335,8,3500000,146000,user_5,540,540,
9376,9,3500000,13800,user_46,540,540,
9385,10,2600000,0,user_49,540,540,
9340,11,2400000,36800,user_7,540,540,
9371,12,2400000,0,user_39,540,540,
9369,13,1900000,0,user_37,540,540,
9350,14,1800000,0,user_16,540,540,
9383,15,1700000,0,user_49,540,540,
9351,16,1500000,0,user_17,540,540,
9374,17,1400000,0,user_44,540,540,
9356,18,1300000,0,user_23,540,540,
9359,19,1200000,0,user_27,540,540,
9328,20,1000000,0,user_2,540,540,
9355,21,970000,0,user_21,540,540,
9344,22,910000,0,user_8,540,540,
9331,23,870000,0,user_3,540,540,
9360,24,650000,0,user_30,540,540,
9330,25,630000,17000,user_3,540,540,
9339,26,630000,0,user_7,540,540,
9333,27,460000,42000,user_3,540,540,
9379,28,460000,0,user_47,540,540,
9378,29,420000,0,user_47,540,540,
9338,30,360000,0,user_6,540,540,
9357,31,340000,231000,user_26,540,540,
9364,32,320000,0,user_34,540,540,
9372,33,310000,0,user_40,540,540,
9365,34,300000,0,user_34,540,540,
9347,35,260000,0,user_13,540,540,
9326,36,240000,0,user_0,540,540,
9349,37,220000,0,user_15,540,540,
9373,38,220000,0,user_42,540,540,
9336,39,170000,0,user_6,540,540,
9358,40,170000,0,user_26,540,540,
9345,41,160000,0,user_8,540,540,
9377,42,150000,0,user_47,540,540,
9341,43,120000,0,user_7,540,540,
9366,44,120000,283000,user_34,540,540,
9329,45,110000,19700,user_3,540,540,
9361,46,110000,0,user_31,540,540,
9382,47,110000,47700,user_49,540,540,
9337,48,87000,0,user_6,540,540,
9363,49,87000,3130,user_34,540,540,
9367,50,80000,0,user_34,540,540,
9342,51,79000,47700,user_7,540,540,
9343,52,79000,3130,user_7,540,540,
9380,53,79000,0,user_47,540,540,
9478,,100000,15100,user_1,541,,
9479,,1300000,0,user_2,541,,
9480,,3600000,0,user_3,541,,
9481,,2000000,0,user_4,541,,
9482,,2500000,0,user_5,541,,
9483,,130000,31700,user_6,541,,
9484,,460000,0,user_7,541,,
9485,,970000,0,user_7,541,,
9486,,1000000,0,user_8,541,,
9487,,460000,322000,user_10,541,,
9488,,630000,0,user_11,541,,
9489,,4500000,0,user_12,541,,
9490,,3600000,0,user_12,541,,
9491,,120000,0,user_13,541,,
9492,,4500000,0,user_13,541,,
9493,,1900000,0,user_15,541,,
9494,,150000,0,user_16,541,,
9495,,130000,0,user_16,541,,
9496,,1000000,0,user_16,541,,
9497,,120000,0,user_16,541,,
9498,,85000,0,user_16,541,,
9499,,110000,32900,user_17,541,,
9500,,2000000,0,user_17,541,,
9501,,970000,0,user_20,541,,
9502,,360000,0,user_22,541,,
9503,,1400000,16400,user_24,541,,
9504,,340000,0,user_26,541,,
9505,,1800000,0,user_27,541,,
9506,,2600000,0,user_27,541,,
9507,,460000,0,user_27,541,,
9508,,110000,0,user_27,541,,
9509,,970000,6390,user_27,541,,
9510,,120000,3130,user_29,541,,
9511,,2000000,0,user_30,541,,
9512,,130000,0,user_31,541,,
9513,,3600000,0,user_32,541,,
9514,,70000,84800,user_33,541,,
9515,,5200000,0,user_34,541,,
9516,,2600000,0,user_35,541,,
9517,,120000,0,user_35,541,,
9518,,5000000,121000,user_35,541,,
9519,,110000,0,user_35,541,,
9520,,460000,3130,user_36,541,,
9521,,100000,0,user_37,541,,
9522,,80000,8520,user_38,541,,
9523,,130000,0,user_39,541,,
9524,,150000,0,user_40,541,,
9525,,1200000,0,user_42,541,,
9526,,110000,0,user_42,541,,
9527,,120000,0,user_43,541,,
9528,,660000,0,user_43,541,,
9529,,340000,0,user_44,541,,
9530,,160000,0,user_45,541,,
9531,,220000,0,user_46,541,,
9532,,1300000,0,user_47,541,,
9533,,110000,0,user_48,541,,
9534,,1100000,0,user_49,541,,
9535,,1600000,0,user_49,541,,
9515,0,5200000,0,user_34,541,541,
9518,1,5000000,121000,user_35,541,541,
9489,2,4500000,0,user_12,541,541,
9492,3,4500000,0,user_13,541,541,
9480,4,3600000,0,user_3,541,541,
9490,5,3600000,0,user_12,541,541,
9513,6,3600000,0,user_32,541,541,
9506,7,2600000,0,user_27,541,541,
9516,8,2600000,0,user_35,541,541,
9482,9,2500000,0,user_5,541,541,
9481,10,2000000,0,user_4,541,541,
9500,11,2000000,0,user_17,541,541,
9493,12,1900000,0,user_15,541,541,
9505,13,1800000,0,user_27,541,541,
9535,14,1600000,0,user_49,541,541,
9503,15,1400000,16400,user_24,541,541,
9479,16,1300000,0,user_2,541,541,
9532,17,1300000,0,user_47,541,541,
9525,18,1200000,0,user_42,541,541,
9534,19,1100000,0,user_49,541,541,
9486,20,1000000,0,user_8,541,541,
9496,21,1000000,0,user_16,541,541,
9485,22,970000,0,user_7,541,541,
9501,23,970000,0,user_20,541,541,
9509,24,970000,6390,user_27,541,541,
9528,25,660000,0,user_43,541,541,
9488,26,630000,0,user_11,541,541,
9484,27,460000,0,user_7,541,541,
9487,28,460000,322000,user_10,541,541,
9507,29,460000,0,user_27,541,541,
9504,30,340000,0,user_26,541,541,
9529,31,340000,0,user_44,541,541,
9531,32,220000,0,user_46,541,541,
9530,33,160000,0,user_45,541,541,
9494,34,150000,0,user_16,541,541,
9483,35,130000,31700,user_6,541,541,
9495,36,130000,0,user_16,541,541,
9512,37,130000,0,user_31,541,541,
9523,38,130000,0,user_39,541,541,
9491,39,120000,0,user_13,541,541,
9497,40,120000,0,user_16,541,541,
9510,41,120000,3130,user_29,541,541,
9517,42,120000,0,user_35,541,541,
9527,43,120000,0,user_43,541,541,
9499,44,110000,32900,user_17,541,541,
9508,45,110000,0,user_27,541,541,
9519,46,110000,0,user_35,541,541,
9526,47,110000,0,user_42,541,541,
9533,48,110000,0,user_48,541,541,
9478,49,100000,15100,user_1,541,541,
9521,50,100000,0,user_37,541,541,
9498,51,85000,0,user_16,541,541,
9522,52,80000,8520,user_38,541,541,
9514,53,70000,84800,user_33,541,541,
9616,,2600000,0,user_0,542,,
9617,,1400000,0,user_1,542,,
9618,,4200000,0,user_2,542,,
9619,,1600000,0,user_3,542,,
9620,,970000,0,user_4,542,,
9621,,3500000,30200,user_4,542,,
9622,,1700000,12800,user_5,542,,
9623,,30000000,0,user_9,542,,
9624,,170000,0,user_9,542,,
9625,,530000,0,user_10,542,,
9626,,460000,19700,user_10,542,,
9627,,170000,8520,user_11,542,,
9628,,98000,0,user_14,542,,
9629,,1000000,0,user_16,542,,
9630,,5000000,0,user_16,542,,
9631,,870000,0,user_17,542,,
9632,,2000000,35100,user_18,542,,
9633,,120000,0,user_18,542,,
9634,,30000000,0,user_20,542,,
9635,,120000,68100,user_21,542,,
9636,,80000,283000,user_22,542,,
9637,,1500000,0,user_24,542,,
9638,,3200000,0,user_30,542,,
9639,,70000,0,user_31,542,,
9640,,670000,0,user_32,542,,
9641,,160000,0,user_33,542,,
9642,,1600000,0,user_35,542,,
9643,,27000000,0,user_36,542,,
9644,,1000000,66100,user_37,542,,
9645,,220000,0,user_39,542,,
9646,,2100000,0,user_39,542,,
9647,,1700000,0,user_41,542,,
9648,,630000,0,user_42,542,,
9649,,320000,5640,user_43,542,,
9650,,320000,0,user_43,542,,
9651,,1500000,0,user_44,542,,
9652,,79000,0,user_45,542,,
9653,,30000000,0,user_46,542,,
9654,,350000,47700,user_47,542,,
9655,,1900000,84800,user_47,542,,
9656,,220000,0,user_48,542,,
9623,0,30000000,0,user_9,542,542,
9634,1,30000000,0,user_20,542,542,
9653,2,30000000,0,user_46,542,542,
9643,3,27000000,0,user_36,542,542,
9630,4,5000000,0,user_16,542,542,
9618,5,4200000,0,user_2,542,542,
9621,6,3500000,30200,user_4,542,542,
9723,7,0,0,builder_8,542,542,9621
9638,8,3200000,0,user_30,542,542,
9616,9,2600000,0,user_0,542,542,
9646,10,2100000,0,user_39,542,542,
9724,11,0,0,builder_8,542,542,9632
9632,12,2000000,35100,user_18,542,542,
9725,13,0,0,builder_8,542,542,9655
9655,14,1900000,84800,user_47,542,542,
9726,15,0,0,builder_8,542,542,9622
9622,16,1700000,12800,user_5,542,542,
9647,17,1700000,0,user_41,542,542,
9619,18,1600000,0,user_3,542,542,
9642,19,1600000,0,user_35,542,542,
9651,20,1500000,0,user_44,542,542,
9644,21,1000000,66100,user_37,542,542,
9727,22,0,0,builder_8,542,542,9644
9629,23,1000000,0,user_16,542,542,
9620,24,970000,0,user_4,542,542,
9640,25,670000,0,user_32,542,542,
9648,26,630000,0,user_42,542,542,
9625,27,530000,0,user_10,542,542,
9728,28,0,0,builder_8,542,542,9626
9626,29,460000,19700,user_10,542,542,
9729,30,0,0,builder_8,542,542,9654
9654,31,350000,47700,user_47,542,542,
9636,32,80000,283000,user_22,542,542,
9730,33,0,0,builder_8,542,542,9636
9645,34,220000,0,user_39,542,542,
9656,35,220000,0,user_48,542,542,
9635,36,120000,68100,user_21,542,542,
9731,37,0,0,builder_8,542,542,9635
9627,38,170000,8520,user_11,542,542,
9732,39,0,0,builder_8,542,542,9627
9624,40,170000,0,user_9,542,542,
9641,41,160000,0,user_33,542,542,
9633,42,120000,0,user_18,542,542,
9628,43,98000,0,user_14,542,542,
9733,,970000,0,user_0,543,,
9734,,120000,0,user_2,543,,
9735,,120000,7840,user_3,543,,
9736,,220000,4320000,user_4,543,,
9737,,4200000,17000,user_8,543,,
9738,,100000,0,user_11,543,,
9739,,260000,0,user_13,543,,
9740,,220000,0,user_15,543,,
9741,,660000,35600,user_16,543,,
9742,,4200000,0,user_17,543,,
9743,,120000,0,user_17,543,,
9744,,300000,0,user_18,543,,
9745,,360000,0,user_20,543,,
9746,,220000,0,user_20,543,,
9747,,5000000,0,user_20,543,,
9748,,3200000,0,user_20,543,,
9749,,2400000,0,user_20,543,,
9750,,470000,18600,user_24,543,,
9751,,85000,100000,user_27,543,,
9752,,1800000,0,user_28,543,,
9753,,1900000,0,user_29,543,,
9754,,650000,0,user_29,543,,
9755,,6100000,0,user_31,543,,
9756,,2100000,0,user_32,543,,
9757,,1500000,0,user_33,543,,
9758,,670000,0,user_34,543,,
9759,,30000000,0,user_35,543,,
9760,,80000,0,user_36,543,,
9761,,84000,0,user_37,543,,
9762,,3600000,0,user_37,543,,
9763,,77000,0,user_38,543,,
9764,,170000,0,user_39,543,,
9765,,360000,0,user_40,543,,
9766,,79000,128000,user_42,543,,
9767,,3200000,0,user_43,543,,
9768,,150000,0,user_43,543,,
9769,,150000,510000,user_45,543,,
9770,,2000000,16400,user_46,543,,
9771,,83000,0,user_48,543,,
9772,,100000,0,user_49,543,,
9759,0,30000000,0,user_35,543,543,
9755,1,6100000,0,user_31,543,543,
9747,2,5000000,0,user_20,543,543,
9737,3,4200000,17000,user_8,543,543,
9742,4,4200000,0,user_17,543,543,
9762,5,3600000,0,user_37,543,543,
9748,6,3200000,0,user_20,543,543,
9767,7,3200000,0,user_43,543,543,
9749,8,2400000,0,user_20,543,543,
9756,9,2100000,0,user_32,543,543,
9770,10,2000000,16400,user_46,543,543,
9753,11,1900000,0,user_29,543,543,
9752,12,1800000,0,user_28,543,543,
9757,13,1500000,0,user_33,543,543,
9733,14,970000,0,user_0,543,543,
9758,15,670000,0,user_34,543,543,
9741,16,660000,35600,user_16,543,543,
9754,17,650000,0,user_29,543,543,
9750,18,470000,18600,user_24,543,543,
9745,19,360000,0,user_20,543,543,
9765,20,360000,0,user_40,543,543,
9744,21,300000,0,user_18,543,543,
9739,22,260000,0,user_13,543,543,
9736,23,220000,4320000,user_4,543,543,
9740,24,220000,0,user_15,543,543,
9746,25,220000,0,user_20,543,543,
9764,26,170000,0,user_39,543,543,
9768,27,150000,0,user_43,543,543,
9769,28,150000,510000,user_45,543,543,
9734,29,120000,0,user_2,543,543,
9735,30,120000,7840,user_3,543,543,
9743,31,120000,0,user_17,543,543,
9738,32,100000,0,user_11,543,543,
9772,33,100000,0,user_49,543,543,
9761,34,84000,0,user_37,543,543,
9766,35,79000,128000,user_42,543,543,
9834,,120000,155000,user_1,544,,
9835,,220000,0,user_1,544,,
9836,,300000,0,user_2,544,,
9837,,82000,0,user_2,544,,
9838,,260000,0,user_3,544,,
9839,,260000,0,user_6,544,,
9840,,170000,0,user_7,544,,
9841,,73000,0,user_8,544,,
9842,,460000,0,user_9,544,,
9843,,3200000,128000,user_10,544,,
9844,,3200000,0,user_12,544,,
9845,,120000,0,user_12,544,,
9846,,160000,0,user_14,544,,
9847,,1700000,0,user_15,544,,
9848,,170000,0,user_16,544,,
9849,,2400000,49100,user_17,544,,
9850,,650000,0,user_20,544,,
9851,,220000,0,user_23,544,,
9852,,2500000,0,user_24,544,,
9853,,27000000,0,user_25,544,,
9854,,170000,56200,user_26,544,,
9855,,2100000,0,user_27,544,,
9856,,220000,0,user_28,544,,
9857,,150000,0,user_29,544,,
9858,,340000,0,user_30,544,,
9859,,350000,0,user_31,544,,
9860,,150000,0,user_32,544,,
9861,,870000,0,user_33,544,,
9862,,1200000,0,user_35,544,,
9863,,1800000,0,user_35,544,,
9864,,260000,0,user_37,544,,
9865,,370000,0,user_38,544,,
9866,,87000,0,user_39,544,,
9867,,360000,0,user_40,544,,
9868,,80000,0,user_41,544,,
9869,,87000,0,user_42,544,,
9870,,310000,12300,user_45,544,,
9871,,190000,0,user_45,544,,
9872,,420000,0,user_48,544,,
9873,,120000,0,user_49,544,,
9874,,19000000,0,user_49,544,,
9875,,110000,0,user_49,544,,
9853,0,27000000,0,user_25,544,544,
9874,1,19000000,0,user_49,544,544,
9843,2,3200000,128000,user_10,544,544,
9844,3,3200000,0,user_12,544,544,
9852,4,2500000,0,user_24,544,544,
9849,5,2400000,49100,user_17,544,544,
9855,6,2100000,0,user_27,544,544,
9863,7,1800000,0,user_35,544,544,
9847,8,1700000,0,user_15,544,544,
9862,9,1200000,0,user_35,544,544,
9861,10,870000,0,user_33,544,544,
9850,11,650000,0,user_20,544,544,
9842,12,460000,0,user_9,544,544,
9872,13,420000,0,user_48,544,544,
9865,14,370000,0,user_38,544,544,
9859,15,350000,0,user_31,544,544,
9870,16,310000,12300,user_45,544,544,
9836,17,300000,0,user_2,544,544,
9838,18,260000,0,user_3,544,544,
9839,19,260000,0,user_6,544,544,
9864,20,260000,0,user_37,544,544,
9835,21,220000,0,user_1,544,544,
9856,22,220000,0,user_28,544,544,
9871,23,190000,0,user_45,544,544,
9840,24,170000,0,user_7,544,544,
9848,25,170000,0,user_16,544,544,
9854,26,170000,56200,user_26,544,544,
9857,27,150000,0,user_29,544,544,
9860,28,150000,0,user_32,544,544,
9834,29,120000,155000,user_1,544,544,
9845,30,120000,0,user_12,544,544,
9873,31,120000,0,user_49,544,544,
9875,32,110000,0,user_49,544,544,
9866,33,87000,0,user_39,544,544,
9869,34,87000,0,user_42,544,544,
9837,35,82000,0,user_2,544,544,
9868,36,80000,0,user_41,544,544,
9841,37,73000,0,user_8,544,544,
9911,,1300000,0,user_0,545,,
9912,,80000,0,user_1,545,,
9913,,85000,0,user_1,545,,
9914,,4500000,0,user_1,545,,
9915,,530000,67500,user_2,545,,
9916,,260000,0,user_4,545,,
9917,,43000000,17000,user_5,545,,
9918,,80000,0,user_6,545,,
9919,,170000,0,user_6,545,,
9920,,1700000,0,user_8,545,,
9921,,260000,12800,user_9,545,,
9922,,600000,0,user_10,545,,
9923,,110000,215000,user_11,545,,
9924,,98000,0,user_13,545,,
9925,,260000,0,user_13,545,,
9926,,5000000,0,user_13,545,,
9927,,160000,0,user_15,545,,
9928,,420000,39400,user_16,545,,
9929,,110000,75000,user_16,545,,
9930,,5000000,0,user_17,545,,
9931,,130000,30200,user_18,545,,
9932,,77000,0,user_19,545,,
9933,,2000000,0,user_19,545,,
9934,,910000,0,user_19,545,,
9935,,79000,0,user_19,545,,
9936,,190000,0,user_19,545,,
9937,,2000000,0,user_20,545,,
9938,,2000000,0,user_20,545,,
9939,,910000,15100,user_22,545,,
9940,,600000,0,user_23,545,,
9941,,350000,0,user_24,545,,
9942,,4500000,0,user_24,545,,
9943,,27000000,4320000,user_24,545,,
9944,,240000,0,user_25,545,,
9945,,3500000,0,user_25,545,,
9946,,27000000,0,user_26,545,,
9947,,150000,0,user_27,545,,
9948,,70000,0,user_27,545,,
9949,,27000000,0,user_28,545,,
9950,,1000000,0,user_30,545,,
9951,,110000,0,user_31,545,,
9952,,3500000,0,user_33,545,,
9953,,87000,0,user_33,545,,
9954,,5000000,108000,user_34,545,,
9955,,2100000,0,user_35,545,,
9956,,360000,0,user_35,545,,
9957,,530000,0,user_37,545,,
9958,,4200000,31700,user_39,545,,
9959,,82000,0,user_39,545,,
9960,,79000,0,user_39,545,,
9961,,130000,0,user_39,545,,
9962,,1000000,5180,user_40,545,,
9963,,320000,0,user_40,545,,
9964,,1000000,0,user_40,545,,
9965,,87000,0,user_40,545,,
9966,,5000000,0,user_41,545,,
9967,,77000,0,user_42,545,,
9968,,83000,0,user_43,545,,
9969,,1400000,56200,user_43,545,,
9970,,300000,0,user_44,545,,
9971,,310000,0,user_45,545,,
9972,,630000,24700,user_45,545,,
9973,,160000,0,user_45,545,,
9974,,70000,0,user_45,545,,
9975,,320000,0,user_45,545,,
9976,,910000,0,user_47,545,,
9977,,100000,0,user_48,545,,
9978,,310000,0,user_48,545,,
9979,,350000,0,user_49,545,,
9980,,2100000,0,user_49,545,,
9917,0,43000000,17000,user_5,545,545,
9943,1,27000000,4320000,user_24,545,545,
9946,2,27000000,0,user_26,545,545,
9949,3,27000000,0,user_28,545,545,
9926,4,5000000,0,user_13,545,545,
9930,5,5000000,0,user_17,545,545,
9954,6,5000000,108000,user_34,545,545,
9966,7,5000000,0,user_41,545,545,
9914,8,4500000,0,user_1,545,545,
9942,9,4500000,0,user_24,545,545,
9958,10,4200000,31700,user_39,545,545,
9945,11,3500000,0,user_25,545,545,
9952,12,3500000,0,user_33,545,545,
9955,13,2100000,0,user_35,545,545,
9980,14,2100000,0,user_49,545,545,
9933,15,2000000,0,user_19,545,545,
9937,16,2000000,0,user_20,545,545,
9938,17,2000000,0,user_20,545,545,
9920,18,1700000,0,user_8,545,545,
9969,19,1400000,56200,user_43,545,545,
9934,20,910000,0,user_19,545,545,
9976,21,910000,0,user_47,545,545,
9972,22,630000,24700,user_45,545,545,
9922,23,600000,0,user_10,545,545,
9915,24,530000,67500,user_2,545,545,
9957,25,530000,0,user_37,545,545,
9928,26,420000,39400,user_16,545,545,
9956,27,360000,0,user_35,545,545,
9941,28,350000,0,user_24,545,545,
9979,29,350000,0,user_49,545,545,
9975,30,320000,0,user_45,545,545,
9971,31,310000,0,user_45,545,545,
9978,32,310000,0,user_48,545,545,
9970,33,300000,0,user_44,545,545,
9916,34,260000,0,user_4,545,545,
9921,35,260000,12800,user_9,545,545,
9925,36,260000,0,user_13,545,545,
9944,37,240000,0,user_25,545,545,
9936,38,190000,0,user_19,545,545,
9919,39,170000,0,user_6,545,545,
9927,40,160000,0,user_15,545,545,
9973,41,160000,0,user_45,545,545,
9947,42,150000,0,user_27,545,545,
9961,43,130000,0,user_39,545,545,
9923,44,110000,215000,user_11,545,545,
9929,45,110000,75000,user_16,545,545,
9951,46,110000,0,user_31,545,545,
9977,47,100000,0,user_48,545,545,
9924,48,98000,0,user_13,545,545,
9953,49,87000,0,user_33,545,545,
9913,50,85000,0,user_1,545,545,
9968,51,83000,0,user_43,545,545,
9959,52,82000,0,user_39,545,545,
9912,53,80000,0,user_1,545,545,
9918,54,80000,0,user_6,545,545,
9935,55,79000,0,user_19,545,545,
9960,56,79000,0,user_39,545,545,
9932,57,77000,0,user_19,545,545,
9967,58,77000,0,user_42,545,545,
9948,59,70000,0,user_27,545,545,
9974,60,70000,0,user_45,545,545,
10079,,170000,0,user_1,546,,
10080,,19000000,0,user_3,546,,
10081,,870000,0,user_3,546,,
10082,,100000,0,user_4,546,,
10083,,27000000,11200,user_5,546,,
10084,,150000,0,user_6,546,,
10085,,83000,0,user_6,546,,
10086,,30000000,0,user_6,546,,
10087,,350000,0,user_6,546,,
10088,,2100000,0,user_6,546,,
10089,,85000,0,user_7,546,,
10090,,3500000,0,user_8,546,,
10091,,3500000,0,user_9,546,,
10092,,310000,0,user_10,546,,
10093,,110000,0,user_12,546,,
10094,,1800000,0,user_12,546,,
10095,,2100000,1100000,user_13,546,,
10096,,530000,0,user_14,546,,
10097,,170000,0,user_16,546,,
10098,,110000,0,user_17,546,,
10099,,220000,0,user_18,546,,
10100,,420000,5640,user_18,546,,
10101,,110000,0,user_18,546,,
10102,,170000,30200,user_20,546,,
10103,,3600000,0,user_20,546,,
10104,,220000,0,user_21,546,,
10105,,1800000,0,user_21,546,,
10106,,160000,0,user_22,546,,
10107,,120000,8520,user_23,546,,
10108,,220000,231000,user_24,546,,
10109,,350000,0,user_26,546,,
10110,,160000,0,user_26,546,,
10111,,150000,0,user_26,546,,
10112,,910000,0,user_26,546,,
10113,,1100000,0,user_27,546,,
10114,,650000,0,user_27,546,,
10115,,6300000,0,user_28,546,,
10116,,6100000,0,user_30,546,,
10117,,970000,0,user_31,546,,
10118,,1300000,21800,user_31,546,,
10119,,150000,0,user_33,546,,
10120,,2500000,0,user_34,546,,
10121,,420000,0,user_36,546,,
10122,,1700000,32900,user_37,546,,
10123,,160000,0,user_39,546,,
10124,,170000,0,user_41,546,,
10125,,190000,0,user_41,546,,
10126,,260000,0,user_42,546,,
10127,,1100000,0,user_43,546,,
10128,,1500000,0,user_43,546,,
10129,,420000,215000,user_43,546,,
10130,,19000000,0,user_43,546,,
10131,,300000,0,user_46,546,,
10086,0,30000000,0,user_6,546,546,
10083,1,27000000,11200,user_5,546,546,
10080,2,19000000,0,user_3,546,546,
10130,3,19000000,0,user_43,546,546,
10115,4,6300000,0,user_28,546,546,
10116,5,6100000,0,user_30,546,546,
10103,6,3600000,0,user_20,546,546,
10090,7,3500000,0,user_8,546,546,
10091,8,3500000,0,user_9,546,546,
10120,9,2500000,0,user_34,546,546,
10088,10,2100000,0,user_6,546,546,
10095,11,2100000,1100000,user_13,546,546,
10094,12,1800000,0,user_12,546,546,
10105,13,1800000,0,user_21,546,546,
10122,14,1700000,32900,user_37,546,546,
10128,15,1500000,0,user_43,546,546,
10118,16,1300000,21800,user_31,546,546,
10113,17,1100000,0,user_27,546,546,
10127,18,1100000,0,user_43,546,546,
10117,19,970000,0,user_31,546,546,
10112,20,910000,0,user_26,546,546,
10081,21,870000,0,user_3,546,546,
10114,22,650000,0,user_27,546,546,
10096,23,530000,0,user_14,546,546,
10100,24,420000,5640,user_18,546,546,
10121,25,420000,0,user_36,546,546,
10129,26,420000,215000,user_43,546,546,
10087,27,350000,0,user_6,546,546,
10109,28,350000,0,user_26,546,546,
10126,29,260000,0,user_42,546,546,
10099,30,220000,0,user_18,546,546,
10104,31,220000,0,user_21,546,546,
10108,32,220000,231000,user_24,546,546,
10079,33,170000,0,user_1,546,546,
10102,34,170000,30200,user_20,546,546,
10106,35,160000,0,user_22,546,546,
10110,36,160000,0,user_26,546,546,
10123,37,160000,0,user_39,546,546,
10084,38,150000,0,user_6,546,546,
10111,39,150000,0,user_26,546,546,
10119,40,150000,0,user_33,546,546,
10107,41,120000,8520,user_23,546,546,
10093,42,110000,0,user_12,546,546,
10098,43,110000,0,user_17,546,546,
10101,44,110000,0,user_18,546,546,
10082,45,100000,0,user_4,546,546,
10089,46,85000,0,user_7,546,546,
10085,47,83000,0,user_6,546,546,
10195,,170000,0,user_2,547,,
10196,,220000,13900,user_3,547,,
10197,,110000,0,user_4,547,,
10198,,460000,0,user_4,547,,
10199,,1300000,0,user_6,547,,
10200,,1000000,0,user_7,547,,
10201,,650000,0,user_8,547,,
10202,,260000,35100,user_9,547,,
10203,,260000,36800,user_10,547,,
10204,,4200000,195000,user_10,547,,
10205,,82000,5180,user_12,547,,
10206,,1800000,0,user_13,547,,
10207,,870000,0,user_13,547,,
10208,,460000,0,user_15,547,,
10209,,120000,0,user_15,547,,
10210,,1800000,0,user_16,547,,
10211,,360000,0,user_16,547,,
10212,,1600000,0,user_16,547,,
10213,,4500000,0,user_16,547,,
10214,,70000,0,user_16,547,,
10215,,1500000,0,user_17,547,,
10216,,1600000,0,user_18,547,,
10217,,460000,0,user_21,547,,
10218,,120000,0,user_26,547,,
10219,,1100000,0,user_28,547,,
10220,,27000000,0,user_28,547,,
10221,,98000,0,user_28,547,,
10222,,84000,0,user_28,547,,
10223,,170000,0,user_28,547,,
10224,,3200000,0,user_30,547,,
10225,,460000,0,user_30,547,,
10226,,1000000,296000,user_31,547,,
10227,,1000000,0,user_32,547,,
10228,,320000,0,user_33,547,,
10229,,5200000,0,user_33,547,,
10230,,150000,155000,user_33,547,,
10231,,460000,36800,user_33,547,,
10232,,73000,0,user_34,547,,
10233,,1700000,0,user_34,547,,
10234,,150000,0,user_36,547,,
10235,,27000000,0,user_38,547,,
10236,,170000,0,user_39,547,,
10237,,1100000,0,user_41,547,,
10238,,160000,0,user_41,547,,
10239,,370000,0,user_42,547,,
10240,,2000000,0,user_47,547,,
10241,,420000,0,user_48,547,,
10242,,120000,0,user_49,547,,
10220,0,27000000,0,user_28,547,547,
10235,1,27000000,0,user_38,547,547,
10229,2,5200000,0,user_33,547,547,
10213,3,4500000,0,user_16,547,547,
10243,4,0,0,builder_0,547,547,10204
10204,5,4200000,195000,user_10,547,547,
10224,6,3200000,0,user_30,547,547,
10240,7,2000000,0,user_47,547,547,
10206,8,1800000,0,user_13,547,547,
10210,9,1800000,0,user_16,547,547,
10212,10,1600000,0,user_16,547,547,
10216,11,1600000,0,user_18,547,547,
10215,12,1500000,0,user_17,547,547,
10199,13,1300000,0,user_6,547,547,
10244,14,0,0,builder_0,547,547,10226
10226,15,1000000,296000,user_31,547,547,
10219,16,1100000,0,user_28,547,547,
10237,17,1100000,0,user_41,547,547,
10200,18,1000000,0,user_7,547,547,
10227,19,1000000,0,user_32,547,547,
10207,20,870000,0,user_13,547,547,
10201,21,650000,0,user_8,547,547,
10231,22,460000,36800,user_33,547,547,
10245,23,0,0,builder_0,547,547,10231
10217,24,460000,0,user_21,547,547,
10225,25,460000,0,user_30,547,547,
10241,26,420000,0,user_48,547,547,
10239,27,370000,0,user_42,547,547,
10211,28,360000,0,user_16,547,547,
10228,29,320000,0,user_33,547,547,
10230,30,150000,155000,user_33,547,547,
10246,31,0,0,builder_0,547,547,10230
10247,32,0,0,builder_0,547,547,10203
10203,33,260000,36800,user_10,547,547,
10202,34,260000,35100,user_9,547,547,
10248,35,0,0,builder_0,547,547,10202
10249,36,0,0,builder_0,547,547,10196
10196,37,220000,13900,user_3,547,547,
10195,38,170000,0,user_2,547,547,
10223,39,170000,0,user_28,547,547,
10238,40,160000,0,user_41,547,547,
10234,41,150000,0,user_36,547,547,
10218,42,120000,0,user_26,547,547,
10242,43,120000,0,user_49,547,547,
10221,44,98000,0,user_28,547,547,
10222,45,84000,0,user_28,547,547,
10214,46,70000,0,user_16,547,547,
10303,,150000,19700,user_0,548,,
10304,,73000,0,user_4,548,,
10305,,3200000,0,user_6,548,,
10306,,1900000,0,user_7,548,,
10307,,120000,0,user_7,548,,
10308,,5000000,0,user_7,548,,
10309,,120000,12800,user_7,548,,
10310,,19000000,10700,user_8,548,,
10311,,420000,17700000,user_8,548,,
10312,,2400000,0,user_9,548,,
10313,,160000,350000,user_10,548,,
10314,,1000000,0,user_12,548,,
10315,,77000,15700,user_13,548,,
10316,,110000,36800,user_14,548,,
10317,,2000000,0,user_14,548,,
10318,,19000000,39400,user_15,548,,
10319,,120000,0,user_15,548,,
10320,,110000,0,user_15,548,,
10321,,3200000,0,user_15,548,,
10322,,1500000,0,user_15,548,,
10323,,1500000,0,user_16,548,,
10324,,420000,959000,user_18,548,,
10325,,320000,0,user_19,548,,
10326,,170000,0,user_19,548,,
10327,,5000000,0,user_20,548,,
10328,,1100000,0,user_22,548,,
10329,,110000,0,user_23,548,,
10330,,310000,108000,user_24,548,,
10331,,600000,49100,user_24,548,,
10332,,650000,0,user_24,548,,
10333,,2000000,0,user_25,548,,
10334,,6300000,0,user_27,548,,
10335,,82000,0,user_28,548,,
10336,,420000,17700000,user_30,548,,
10337,,120000,100000,user_30,548,,
10338,,19000000,12800,user_32,548,,
10339,,650000,0,user_32,548,,
10340,,120000,0,user_32,548,,
10341,,260000,0,user_32,548,,
10342,,2000000,0,user_32,548,,
10343,,1400000,5630,user_33,548,,
10344,,320000,410000,user_33,548,,
10345,,130000,0,user_33,548,,
10346,,220000,0,user_34,548,,
10347,,5000000,0,user_37,548,,
10348,,350000,283000,user_38,548,,
10349,,460000,0,user_38,548,,
10350,,130000,0,user_38,548,,
10351,,87000,0,user_38,548,,
10352,,120000,0,user_39,548,,
10353,,3600000,0,user_42,548,,
10354,,5000000,0,user_42,548,,
10355,,350000,0,user_43,548,,
10356,,98000,0,user_46,548,,
10357,,84000,0,user_48,548,,
10358,,870000,0,user_48,548,,
10359,,3500000,0,user_49,548,,
10360,,360000,0,user_49,548,,
10310,0,19000000,10700,user_8,548,548,
10318,1,19000000,39400,user_15,548,548,
10338,2,19000000,12800,user_32,548,548,
10334,3,6300000,0,user_27,548,548,
10308,4,5000000,0,user_7,548,548,
10327,5,5000000,0,user_20,548,548,
10347,6,5000000,0,user_37,548,548,
10354,7,5000000,0,user_42,548,548,
10353,8,3600000,0,user_42,548,548,
10359,9,3500000,0,user_49,548,548,
10305,10,3200000,0,user_6,548,548,
10321,11,3200000,0,user_15,548,548,
10312,12,2400000,0,user_9,548,548,
10333,13,2000000,0,user_25,548,548,
10342,14,2000000,0,user_32,548,548,
10306,15,1900000,0,user_7,548,548,
10322,16,1500000,0,user_15,548,548,
10323,17,1500000,0,user_16,548,548,
10343,18,1400000,5630,user_33,548,548,
10314,19,1000000,0,user_12,548,548,
10358,20,870000,0,user_48,548,548,
10332,21,650000,0,user_24,548,548,
10339,22,650000,0,user_32,548,548,
10331,23,600000,49100,user_24,548,548,
10349,24,460000,0,user_38,548,548,
10311,25,420000,17700000,user_8,548,548,
10360,26,360000,0,user_49,548,548,
10348,27,350000,283000,user_38,548,548,
10355,28,350000,0,user_43,548,548,
10325,29,320000,0,user_19,548,548,
10344,30,320000,410000,user_33,548,548,
10330,31,310000,108000,user_24,548,548,
10341,32,260000,0,user_32,548,548,
10346,33,220000,0,user_34,548,548,
10326,34,170000,0,user_19,548,548,
10313,35,160000,350000,user_10,548,548,
10345,36,130000,0,user_33,548,548,
10350,37,130000,0,user_38,548,548,
10307,38,120000,0,user_7,548,548,
10309,39,120000,12800,user_7,548,548,
10319,40,120000,0,user_15,548,548,
10340,41,120000,0,user_32,548,548,
10352,42,120000,0,user_39,548,548,
10320,43,110000,0,user_15,548,548,
10356,44,98000,0,user_46,548,548,
10351,45,87000,0,user_38,548,548,
10357,46,84000,0,user_48,548,548,
10335,47,82000,0,user_28,548,548,
10315,48,77000,15700,user_13,548,548,
10304,49,73000,0,user_4,548,548,
10481,,4200000,67500,user_1,549,,
10482,,2500000,0,user_2,549,,
10483,,420000,0,user_5,549,,
10484,,2400000,10700,user_5,549,,
10485,,2000000,0,user_5,549,,
10486,,340000,0,user_8,549,,
10487,,79000,181000,user_9,549,,
10488,,1400000,0,user_9,549,,
10489,,320000,0,user_10,549,,
10490,,120000,0,user_12,549,,
10491,,110000,0,user_12,549,,
10492,,150000,0,user_14,549,,
10493,,1400000,0,user_15,549,,
10494,,1200000,0,user_15,549,,
10495,,110000,17000,user_15,549,,
10496,,910000,0,user_16,549,,
10497,,1400000,181000,user_17,549,,
10498,,2300000,0,user_17,549,,
10499,,130000,0,user_19,549,,
10500,,2400000,0,user_19,549,,
10501,,300000,108000,user_19,549,,
10502,,27000000,0,user_19,549,,
10503,,300000,0,user_20,549,,
10504,,150000,0,user_21,549,,
10505,,160000,0,user_23,549,,
10506,,82000,0,user_24,549,,
10507,,870000,0,user_25,549,,
10508,,98000,0,user_25,549,,
10509,,670000,0,user_26,549,,
10510,,1400000,0,user_27,549,,
10511,,30000000,0,user_27,549,,
10512,,2600000,23500,user_28,549,,
10513,,600000,0,user_29,549,,
10514,,120000,75000,user_32,549,,
10515,,1500000,0,user_36,549,,
10516,,970000,0,user_38,549,,
10517,,27000000,0,user_38,549,,
10518,,27000000,0,user_39,549,,
10519,,360000,68100,user_39,549,,
10520,,600000,68100,user_40,549,,
10521,,83000,0,user_40,549,,
10522,,1500000,0,user_41,549,,
10523,,150000,17000,user_42,549,,
10524,,630000,0,user_44,549,,
10525,,2300000,0,user_45,549,,
10526,,2600000,0,user_46,549,,
10527,,650000,0,user_47,549,,
10528,,98000,0,user_48,549,,
10529,,110000,0,user_48,549,,
10530,,160000,0,user_48,549,,
10531,,110000,0,user_48,549,,
10532,,260000,0,user_49,549,,
10533,,240000,0,user_49,549,,
10534,,130000,0,user_49,549,,
10535,,1800000,0,user_49,549,,
10536,,240000,0,user_49,549,,
10511,0,30000000,0,user_27,549,549,
10502,1,27000000,0,user_19,549,549,
10517,2,27000000,0,user_38,549,549,
10518,3,27000000,0,user_39,549,549,
10481,4,4200000,67500,user_1,549,549,
10512,5,2600000,23500,user_28,549,549,
10526,6,2600000,0,user_46,549,549,
10482,7,2500000,0,user_2,549,549,
10484,8,2400000,10700,user_5,549,549,
10500,9,2400000,0,user_19,549,549,
10498,10,2300000,0,user_17,549,549,
10525,11,2300000,0,user_45,549,549,
10485,12,2000000,0,user_5,549,549,
10535,13,1800000,0,user_49,549,549,
10522,14,1500000,0,user_41,549,549,
10488,15,1400000,0,user_9,549,549,
10493,16,1400000,0,user_15,549,549,
10497,17,1400000,181000,user_17,549,549,
10510,18,1400000,0,user_27,549,549,
10494,19,1200000,0,user_15,549,549,
10516,20,970000,0,user_38,549,549,
10496,21,910000,0,user_16,549,549,
10507,22,870000,0,user_25,549,549,
10509,23,670000,0,user_26,549,549,
10527,24,650000,0,user_47,549,549,
10524,25,630000,0,user_44,549,549,
10513,26,600000,0,user_29,549,549,
10483,27,420000,0,user_5,549,549,
10519,28,360000,68100,user_39,549,549,
10486,29,340000,0,user_8,549,549,
10489,30,320000,0,user_10,549,549,
10501,31,300000,108000,user_19,549,549,
10503,32,300000,0,user_20,549,549,
10532,33,260000,0,user_49,549,549,
10533,34,240000,0,user_49,549,549,
10536,35,240000,0,user_49,549,549,
10530,36,160000,0,user_48,549,549,
10523,37,150000,17000,user_42,549,549,
10499,38,130000,0,user_19,549,549,
10534,39,130000,0,user_49,549,549,
10490,40,120000,0,user_12,549,549,
10514,41,120000,75000,user_32,549,549,
10491,42,110000,0,user_12,549,549,
10495,43,110000,17000,user_15,549,549,
10529,44,110000,0,user_48,549,549,
10531,45,110000,0,user_48,549,549,
10508,46,98000,0,user_25,549,549,
10528,47,98000,0,user_48,549,549,
10506,48,82000,0,user_24,549,549,
10487,49,79000,181000,user_9,549,549,
10615,,1600000,0,user_0,550,,
10616,,530000,0,user_1,550,,
10617,,460000,0,user_2,550,,
10618,,220000,0,user_3,550,,
10619,,120000,0,user_3,550,,
10620,,220000,0,user_4,550,,
10621,,160000,0,user_6,550,,
10622,,530000,322000,user_7,550,,
10623,,150000,0,user_9,550,,
10624,,110000,0,user_11,550,,
10625,,73000,0,user_11,550,,
10626,,30000000,0,user_11,550,,
10627,,110000,0,user_13,550,,
10628,,160000,0,user_14,550,,
10629,,240000,16400,user_14,550,,
10630,,120000,0,user_14,550,,
10631,,2000000,0,user_15,550,,
10632,,1100000,0,user_17,550,,
10633,,27000000,0,user_17,550,,
10634,,6100000,0,user_18,550,,
10635,,5200000,0,user_19,550,,
10636,,320000,0,user_25,550,,
10637,,370000,0,user_25,550,,
10638,,370000,0,user_26,550,,
10639,,19000000,0,user_28,550,,
10640,,2000000,33100,user_29,550,,
10641,,80000,0,user_29,550,,
10642,,120000,0,user_29,550,,
10643,,3500000,0,user_29,550,,
10644,,120000,256000,user_29,550,,
10645,,73000,0,user_30,550,,
10646,,150000,296000,user_31,550,,
10647,,470000,0,user_33,550,,
10648,,120000,0,user_34,550,,
10649,,240000,0,user_35,550,,
10650,,3600000,0,user_36,550,,
10651,,300000,0,user_37,550,,
10652,,340000,39400,user_38,550,,
10653,,110000,43600,user_39,550,,
10654,,160000,0,user_40,550,,
10655,,2100000,0,user_42,550,,
10656,,320000,35100,user_43,550,,
10657,,85000,0,user_44,550,,
10658,,73000,0,user_46,550,,
10659,,1500000,35600,user_46,550,,
10660,,160000,0,user_46,550,,
10661,,220000,0,user_46,550,,
10662,,360000,60700,user_46,550,,
10663,,30000000,0,user_47,550,,
10664,,970000,0,user_48,550,,
10665,,87000,16400,user_48,550,,
10666,,6300000,0,user_49,550,,
10667,,19000000,0,user_49,550,,
10626,0,30000000,0,user_11,550,550,
10663,1,30000000,0,user_47,550,550,
10633,2,27000000,0,user_17,550,550,
10639,3,19000000,0,user_28,550,550,
10667,4,19000000,0,user_49,550,550,
10666,5,6300000,0,user_49,550,550,
10634,6,6100000,0,user_18,550,550,
10635,7,5200000,0,user_19,550,550,
10650,8,3600000,0,user_36,550,550,
10643,9,3500000,0,user_29,550,550,
10655,10,2100000,0,user_42,550,550,
10640,11,2000000,33100,user_29,550,550,
10695,12,0,0,builder_3,550,550,10640
10631,13,2000000,0,user_15,550,550,
10615,14,1600000,0,user_0,550,550,
10659,15,1500000,35600,user_46,550,550,
10696,16,0,0,builder_3,550,550,10659
10632,17,1100000,0,user_17,550,550,
10664,18,970000,0,user_48,550,550,
10622,19,530000,322000,user_7,550,550,
10697,20,0,0,builder_3,550,550,10622
10647,21,470000,0,user_33,550,550,
10617,22,460000,0,user_2,550,550,
10646,23,150000,296000,user_31,550,550,
10698,24,0,0,builder_3,550,550,10646
10662,25,360000,60700,user_46,550,550,
10699,26,0,0,builder_3,550,550,10662
10652,27,340000,39400,user_38,550,550,
10700,28,0,0,builder_3,550,550,10652
10701,29,0,0,builder_3,550,550,10644
10644,30,120000,256000,user_29,550,550,
10638,31,370000,0,user_26,550,550,
10656,32,320000,35100,user_43,550,550,
10702,33,0,0,builder_3,550,550,10656
10651,34,300000,0,user_37,550,550,
10629,35,240000,16400,user_14,550,550,
10703,36,0,0,builder_3,550,550,10629
10649,37,240000,0,user_35,550,550,
10618,38,220000,0,user_3,550,550,
10620,39,220000,0,user_4,550,550,
10661,40,220000,0,user_46,550,550,
10628,41,160000,0,user_14,550,550,
10654,42,160000,0,user_40,550,550,
10660,43,160000,0,user_46,550,550,
10653,44,110000,43600,user_39,550,550,
10704,45,0,0,builder_3,550,550,10653
10619,46,120000,0,user_3,550,550,
10630,47,120000,0,user_14,550,550,
10642,48,120000,0,user_29,550,550,
10648,49,120000,0,user_34,550,550,
10624,50,110000,0,user_11,550,550,
10627,51,110000,0,user_13,550,550,
10705,52,0,0,builder_3,550,550,10665
10665,53,87000,16400,user_48,550,550,
10657,54,85000,0,user_44,550,550,
10641,55,80000,0,user_29,550,550,
10625,56,73000,0,user_11,550,550,
10645,57,73000,0,user_30,550,550,
10658,58,73000,0,user_46,550,550,
10744,,110000,49100,user_4,551,,
10745,,70000,13900,user_5,551,,
10746,,3600000,0,user_6,551,,
10747,,120000,0,user_7,551,,
10748,,220000,0,user_8,551,,
10749,,150000,0,user_8,551,,
10750,,27000000,0,user_9,551,,
10751,,630000,0,user_9,551,,
10752,,170000,0,user_10,551,,
10753,,1800000,0,user_10,551,,
10754,,150000,0,user_11,551,,
10755,,1800000,43600,user_11,551,,
10756,,910000,0,user_12,551,,
10757,,83000,71800,user_13,551,,
10758,,79000,0,user_16,551,,
10759,,310000,0,user_18,551,,
10760,,420000,0,user_19,551,,
10761,,320000,0,user_20,551,,
10762,,160000,0,user_24,551,,
10763,,420000,12800,user_25,551,,
10764,,310000,14200,user_25,551,,
10765,,2400000,161000,user_26,551,,
10766,,110000,0,user_27,551,,
10767,,220000,0,user_28,551,,
10768,,160000,164000,user_28,551,,
10769,,240000,0,user_29,551,,
10770,,630000,0,user_29,551,,
10771,,160000,0,user_32,551,,
10772,,150000,0,user_32,551,,
10773,,670000,0,user_34,551,,
10774,,5000000,161000,user_35,551,,
10775,,6300000,0,user_36,551,,
10776,,120000,0,user_37,551,,
10777,,350000,68100,user_37,551,,
10778,,910000,959000,user_40,551,,
10779,,84000,64600,user_40,551,,
10780,,350000,0,user_41,551,,
10781,,73000,0,user_42,551,,
10782,,600000,0,user_43,551,,
10783,,260000,0,user_44,551,,
10784,,350000,0,user_45,551,,
10785,,82000,0,user_45,551,,
10786,,2600000,0,user_47,551,,
10787,,1100000,0,user_47,551,,
10788,,470000,0,user_47,551,,
10789,,1400000,0,user_47,551,,
10790,,310000,0,user_47,551,,
10791,,5200000,0,user_48,551,,
10792,,150000,381000,user_48,551,,
10793,,320000,0,user_49,551,,
10750,0,27000000,0,user_9,551,551,
10775,1,6300000,0,user_36,551,551,
10791,2,5200000,0,user_48,551,551,
10774,3,5000000,161000,user_35,551,551,
10794,4,0,0,builder_0,551,551,10774
10746,5,3600000,0,user_6,551,551,
10786,6,2600000,0,user_47,551,551,
10765,7,2400000,161000,user_26,551,551,
10795,8,0,0,builder_0,551,551,10765
10778,9,910000,959000,user_40,551,551,
10796,10,0,0,builder_0,551,551,10778
10797,11,0,0,builder_0,551,551,10755
10755,12,1800000,43600,user_11,551,551,
10753,13,1800000,0,user_10,551,551,
10789,14,1400000,0,user_47,551,551,
10787,15,1100000,0,user_47,551,551,
10751,16,630000,0,user_9,551,551,
10770,17,630000,0,user_29,551,551,
10782,18,600000,0,user_43,551,551,
10792,19,150000,381000,user_48,551,551,
10798,20,0,0,builder_0,551,551,10792
10788,21,470000,0,user_47,551,551,
10763,22,420000,12800,user_25,551,551,
10799,23,0,0,builder_0,551,551,10763
10760,24,420000,0,user_19,551,551,
10777,25,350000,68100,user_37,551,551,
10800,26,0,0,builder_0,551,551,10777
10780,27,350000,0,user_41,551,551,
10764,28,310000,14200,user_25,551,551,
10801,29,0,0,builder_0,551,551,10764
10802,30,0,0,builder_0,551,551,10768
10768,31,160000,164000,user_28,551,551,
10761,32,320000,0,user_20,551,551,
10793,33,320000,0,user_49,551,551,
10759,34,310000,0,user_18,551,551,
10790,35,310000,0,user_47,551,551,
10783,36,260000,0,user_44,551,551,
10769,37,240000,0,user_29,551,551,
10748,38,220000,0,user_8,551,551,
10767,39,220000,0,user_28,551,551,
10752,40,170000,0,user_10,551,551,
10771,41,160000,0,user_32,551,551,
10803,42,0,0,builder_0,551,551,10757
10757,43,83000,71800,user_13,551,551,
10749,44,150000,0,user_8,551,551,
10754,45,150000,0,user_11,551,551,
10772,46,150000,0,user_32,551,551,
10779,47,84000,64600,user_40,551,551,
10804,48,0,0,builder_0,551,551,10779
10747,49,120000,0,user_7,551,551,
10776,50,120000,0,user_37,551,551,
10766,51,110000,0,user_27,551,551,
10758,52,79000,0,user_16,551,551,
10781,53,73000,0,user_42,551,551,
10888,,1700000,0,user_0,552,,
10889,,460000,0,user_0,552,,
10890,,1000000,0,user_1,552,,
10891,,120000,0,user_2,552,,
10892,,85000,0,user_3,552,,
10893,,4200000,0,user_4,552,,
10894,,220000,19700,user_5,552,,
10895,,870000,0,user_5,552,,
10896,,80000,0,user_6,552,,
10897,,300000,0,user_8,552,,
10898,,150000,0,user_8,552,,
10899,,220000,0,user_9,552,,
10900,,27000000,0,user_10,552,,
10901,,160000,0,user_10,552,,
10902,,1400000,0,user_10,552,,
10903,,260000,0,user_10,552,,
10904,,120000,0,user_12,552,,
10905,,1100000,0,user_14,552,,
10906,,130000,0,user_14,552,,
10907,,110000,0,user_14,552,,
10908,,130000,108000,user_14,552,,
10909,,910000,0,user_14,552,,
10910,,220000,0,user_15,552,,
10911,,870000,0,user_16,552,,
10912,,3200000,12800,user_16,552,,
10913,,150000,0,user_18,552,,
10914,,79000,0,user_20,552,,
10915,,170000,0,user_20,552,,
10916,,2000000,0,user_21,552,,
10917,,1500000,164000,user_22,552,,
10918,,3600000,0,user_22,552,,
10919,,110000,0,user_23,552,,
10920,,2100000,0,user_24,552,,
10921,,460000,0,user_27,552,,
10922,,150000,0,user_29,552,,
10923,,150000,0,user_29,552,,
10924,,160000,0,user_31,552,,
10925,,85000,56200,user_31,552,,
10926,,79000,0,user_32,552,,
10927,,120000,35100,user_39,552,,
10928,,220000,0,user_39,552,,
10929,,260000,0,user_41,552,,
10930,,5000000,12800,user_42,552,,
10931,,2500000,0,user_42,552,,
10932,,110000,146000,user_44,552,,
10933,,150000,0,user_46,552,,
10934,,660000,36800,user_46,552,,
10935,,260000,0,user_47,552,,
10900,0,27000000,0,user_10,552,552,
10930,1,5000000,12800,user_42,552,552,
10893,2,4200000,0,user_4,552,552,
10918,3,3600000,0,user_22,552,552,
10912,4,3200000,12800,user_16,552,552,
10931,5,2500000,0,user_42,552,552,
10920,6,2100000,0,user_24,552,552,
10916,7,2000000,0,user_21,552,552,
10888,8,1700000,0,user_0,552,552,
10917,9,1500000,164000,user_22,552,552,
10902,10,1400000,0,user_10,552,552,
10905,11,1100000,0,user_14,552,552,
10890,12,1000000,0,user_1,552,552,
10909,13,910000,0,user_14,552,552,
10911,14,870000,0,user_16,552,552,
10934,15,660000,36800,user_46,552,552,
10889,16,460000,0,user_0,552,552,
10921,17,460000,0,user_27,552,552,
10897,18,300000,0,user_8,552,552,
10903,19,260000,0,user_10,552,552,
10929,20,260000,0,user_41,552,552,
10935,21,260000,0,user_47,552,552,
10899,22,220000,0,user_9,552,552,
10910,23,220000,0,user_15,552,552,
10928,24,220000,0,user_39,552,552,
10915,25,170000,0,user_20,552,552,
10901,26,160000,0,user_10,552,552,
10924,27,160000,0,user_31,552,552,
10898,28,150000,0,user_8,552,552,
10913,29,150000,0,user_18,552,552,
10922,30,150000,0,user_29,552,552,
10923,31,150000,0,user_29,552,552,
10933,32,150000,0,user_46,552,552,
10906,33,130000,0,user_14,552,552,
10908,34,130000,108000,user_14,552,552,
10891,35,120000,0,user_2,552,552,
10904,36,120000,0,user_12,552,552,
10927,37,120000,35100,user_39,552,552,
10907,38,110000,0,user_14,552,552,
10919,39,110000,0,user_23,552,552,
10932,40,110000,146000,user_44,552,552,
10925,41,85000,56200,user_31,552,552,
10896,42,80000,0,user_6,552,552,
10914,43,79000,0,user_20,552,552,
10999,,1300000,0,user_1,553,,
11000,,1100000,0,user_1,553,,
11001,,79000,0,user_2,553,,
11002,,2000000,0,user_2,553,,
11003,,670000,33300,user_2,553,,
11004,,73000,0,user_2,553,,
11005,,120000,0,user_2,553,,
11006,,150000,350000,user_3,553,,
11007,,870000,0,user_5,553,,
11008,,120000,0,user_5,553,,
11009,,910000,0,user_6,553,,
11010,,1900000,0,user_8,553,,
11011,,160000,0,user_8,553,,
11012,,120000,0,user_9,553,,
11013,,970000,0,user_10,553,,
11014,,3600000,0,user_10,553,,
11015,,150000,0,user_10,553,,
11016,,360000,0,user_12,553,,
11017,,1600000,0,user_12,553,,
11018,,1500000,46500,user_14,553,,
11019,,1600000,0,user_14,553,,
11020,,170000,0,user_16,553,,
11021,,1600000,0,user_17,553,,
11022,,310000,67500,user_18,553,,
11023,,1000000,0,user_19,553,,
11024,,79000,0,user_20,553,,
11025,,160000,0,user_20,553,,
11026,,1800000,0,user_21,553,,
11027,,870000,0,user_22,553,,
11028,,2500000,0,user_23,553,,
11029,,240000,0,user_24,553,,
11030,,3500000,0,user_26,553,,
11031,,460000,231000,user_27,553,,
11032,,120000,0,user_27,553,,
11033,,3200000,0,user_28,553,,
11034,,1700000,0,user_28,553,,
11035,,2500000,0,user_29,553,,
11036,,120000,0,user_30,553,,
11037,,83000,0,user_31,553,,
11038,,98000,0,user_32,553,,
11039,,1000000,0,user_32,553,,
11040,,460000,0,user_33,553,,
11041,,5000000,0,user_34,553,,
11042,,460000,0,user_35,553,,
11043,,360000,0,user_35,553,,
11044,,220000,0,user_36,553,,
11045,,1500000,0,user_37,553,,
11046,,83000,0,user_38,553,,
11047,,4500000,0,user_38,553,,
11048,,310000,0,user_39,553,,
11049,,530000,0,user_40,553,,
11050,,6100000,24700,user_41,553,,
11051,,1500000,0,user_43,553,,
11052,,1900000,0,user_44,553,,
11053,,1000000,0,user_46,553,,
11054,,460000,47700,user_46,553,,
11055,,260000,0,user_46,553,,
11056,,6100000,0,user_46,553,,
11057,,970000,0,user_48,553,,
11058,,870000,0,user_49,553,,
11082,0,0,0,builder_4,553,553,11050
11050,1,6100000,24700,user_41,553,553,
11056,2,6100000,0,user_46,553,553,
11041,3,5000000,0,user_34,553,553,
11047,4,4500000,0,user_38,553,553,
11014,5,3600000,0,user_10,553,553,
11030,6,3500000,0,user_26,553,553,
11033,7,3200000,0,user_28,553,553,
11028,8,2500000,0,user_23,553,553,
11035,9,2500000,0,user_29,553,553,
11002,10,2000000,0,user_2,553,553,
11010,11,1900000,0,user_8,553,553,
11052,12,1900000,0,user_44,553,553,
11026,13,1800000,0,user_21,553,553,
11034,14,1700000,0,user_28,553,553,
11017,15,1600000,0,user_12,553,553,
11019,16,1600000,0,user_14,553,553,
11021,17,1600000,0,user_17,553,553,
11083,18,0,0,builder_4,553,553,11018
11018,19,1500000,46500,user_14,553,553,
11045,20,1500000,0,user_37,553,553,
11051,21,1500000,0,user_43,553,553,
10999,22,1300000,0,user_1,553,553,
11000,23,1100000,0,user_1,553,553,
11023,24,1000000,0,user_19,553,553,
11039,25,1000000,0,user_32,553,553,
11053,26,1000000,0,user_46,553,553,
11013,27,970000,0,user_10,553,553,
11057,28,970000,0,user_48,553,553,
11009,29,910000,0,user_6,553,553,
11027,30,870000,0,user_22,553,553,
11058,31,870000,0,user_49,553,553,
11084,32,0,0,builder_4,553,553,11003
11003,33,670000,33300,user_2,553,553,
11085,34,0,0,builder_4,553,553,11031
11031,35,460000,231000,user_27,553,553,
11049,36,530000,0,user_40,553,553,
11086,37,0,0,builder_4,553,553,11054
11054,38,460000,47700,user_46,553,553,
11006,39,150000,350000,user_3,553,553,
11087,40,0,0,builder_4,553,553,11006
11040,41,460000,0,user_33,553,553,
11042,42,460000,0,user_35,553,553,
11088,43,0,0,builder_4,553,553,11022
11022,44,310000,67500,user_18,553,553,
11016,45,360000,0,user_12,553,553,
11043,46,360000,0,user_35,553,553,
11055,47,260000,0,user_46,553,553,
11029,48,240000,0,user_24,553,553,
11044,49,220000,0,user_36,553,553,
11020,50,170000,0,user_16,553,553,
11011,51,160000,0,user_8,553,553,
11025,52,160000,0,user_20,553,553,
11015,53,150000,0,user_10,553,553,
11005,54,120000,0,user_2,553,553,
11012,55,120000,0,user_9,553,553,
11032,56,120000,0,user_27,553,553,
11036,57,120000,0,user_30,553,553,
11038,58,98000,0,user_32,553,553,
11037,59,83000,0,user_31,553,553,
11046,60,83000,0,user_38,553,553,
11001,61,79000,0,user_2,553,553,
11024,62,79000,0,user_20,553,553,
11004,63,73000,0,user_2,553,553,
11109,,3500000,0,user_0,554,,
11110,,30000000,0,user_1,554,,
11111,,150000,0,user_2,554,,
11112,,43000000,0,user_3,554,,
11113,,3600000,0,user_3,554,,
11114,,1800000,381000,user_4,554,,
11115,,2400000,14200,user_6,554,,
11116,,1500000,0,user_7,554,,
11117,,110000,0,user_7,554,,
11118,,1000000,0,user_9,554,,
11119,,150000,0,user_9,554,,
11120,,910000,0,user_9,554,,
11121,,6100000,0,user_9,554,,
11122,,420000,0,user_9,554,,
11123,,84000,0,user_10,554,,
11124,,260000,0,user_12,554,,
11125,,110000,0,user_13,554,,
11126,,310000,0,user_16,554,,
11127,,1200000,0,user_17,554,,
11128,,98000,0,user_17,554,,
11129,,420000,0,user_19,554,,
11130,,340000,0,user_20,554,,
11131,,2600000,0,user_21,554,,
11132,,98000,0,user_22,554,,
11133,,170000,0,user_24,554,,
11134,,150000,0,user_25,554,,
11135,,19000000,16400,user_25,554,,
11136,,83000,0,user_27,554,,
11137,,170000,0,user_27,554,,
11138,,120000,0,user_28,554,,
11139,,870000,0,user_30,554,,
11140,,370000,0,user_31,554,,
11141,,110000,0,user_32,554,,
11142,,460000,0,user_32,554,,
11143,,2000000,0,user_32,554,,
11144,,310000,0,user_33,554,,
11145,,80000,0,user_34,554,,
11146,,970000,0,user_34,554,,
11147,,260000,0,user_34,554,,
11148,,160000,0,user_34,554,,
11149,,220000,0,user_37,554,,
11150,,84000,0,user_38,554,,
11151,,1400000,17700000,user_38,554,,
11152,,1300000,164000,user_38,554,,
11153,,1900000,0,user_38,554,,
11154,,170000,0,user_38,554,,
11155,,910000,0,user_40,554,,
11156,,310000,0,user_41,554,,
11157,,80000,0,user_41,554,,
11158,,220000,43600,user_44,554,,
11159,,370000,0,user_45,554,,
11160,,970000,0,user_46,554,,
11161,,220000,0,user_48,554,,
11162,,530000,0,user_48,554,,
11163,,2000000,0,user_48,554,,
11164,,3600000,0,user_48,554,,
11112,0,43000000,0,user_3,554,554,
11110,1,30000000,0,user_1,554,554,
11151,2,1400000,17700000,user_38,554,554,
11182,3,0,0,builder_4,554,554,11151
11183,4,0,0,builder_4,554,554,11135
11135,5,19000000,16400,user_25,554,554,
11121,6,6100000,0,user_9,554,554,
11113,7,3600000,0,user_3,554,554,
11164,8,3600000,0,user_48,554,554,
11109,9,3500000,0,user_0,554,554,
11131,10,2600000,0,user_21,554,554,
11115,11,2400000,14200,user_6,554,554,
11184,12,0,0,builder_4,554,554,11115
11114,13,1800000,381000,user_4,554,554,
11185,14,0,0,builder_4,554,554,11114
11143,15,2000000,0,user_32,554,554,
11163,16,2000000,0,user_48,554,554,
11153,17,1900000,0,user_38,554,554,
11186,18,0,0,builder_4,554,554,11152
11152,19,1300000,164000,user_38,554,554,
11127,20,1200000,0,user_17,554,554,
11118,21,1000000,0,user_9,554,554,
11146,22,970000,0,user_34,554,554,
11160,23,970000,0,user_46,554,554,
11120,24,910000,0,user_9,554,554,
11155,25,910000,0,user_40,554,554,
11139,26,870000,0,user_30,554,554,
11162,27,530000,0,user_48,554,554,
11142,28,460000,0,user_32,554,554,
11122,29,420000,0,user_9,554,554,
11129,30,420000,0,user_19,554,554,
11140,31,370000,0,user_31,554,554,
11159,32,370000,0,user_45,554,554,
11130,33,340000,0,user_20,554,554,
11126,34,310000,0,user_16,554,554,
11144,35,310000,0,user_33,554,554,
11156,36,310000,0,user_41,554,554,
11158,37,220000,43600,user_44,554,554,
11187,38,0,0,builder_4,554,554,11158
11124,39,260000,0,user_12,554,554,
11147,40,260000,0,user_34,554,554,
11149,41,220000,0,user_37,554,554,
11161,42,220000,0,user_48,554,554,
11133,43,170000,0,user_24,554,554,
11137,44,170000,0,user_27,554,554,
11154,45,170000,0,user_38,554,554,
11148,46,160000,0,user_34,554,554,
11111,47,150000,0,user_2,554,554,
11119,48,150000,0,user_9,554,554,
11134,49,150000,0,user_25,554,554,
11138,50,120000,0,user_28,554,554,
11125,51,110000,0,user_13,554,554,
11141,52,110000,0,user_32,554,554,
11128,53,98000,0,user_17,554,554,
11132,54,98000,0,user_22,554,554,
11123,55,84000,0,user_10,554,554,
11150,56,84000,0,user_38,554,554,
11136,57,83000,0,user_27,554,554,
11145,58,80000,0,user_34,554,554,
11157,59,80000,0,user_41,554,554,
11208,,320000,0,user_2,555,,
11209,,87000,0,user_3,555,,
11210,,4200000,0,user_6,555,,
11211,,5000000,0,user_11,555,,
11212,,1000000,0,user_12,555,,
11213,,2500000,0,user_13,555,,
11214,,2300000,66100,user_13,555,,
11215,,160000,0,user_13,555,,
11216,,27000000,0,user_13,555,,
11217,,300000,0,user_14,555,,
11218,,160000,0,user_16,555,,
11219,,19000000,779000,user_17,555,,
11220,,630000,0,user_17,555,,
11221,,310000,0,user_20,555,,
11222,,310000,0,user_21,555,,
11223,,170000,0,user_22,555,,
11224,,3200000,0,user_25,555,,
11225,,110000,0,user_27,555,,
11226,,1600000,0,user_27,555,,
11227,,220000,0,user_28,555,,
11228,,84000,0,user_28,555,,
11229,,870000,0,user_31,555,,
11230,,3200000,0,user_31,555,,
11231,,1100000,0,user_33,555,,
11232,,1000000,0,user_33,555,,
11233,,260000,0,user_34,555,,
11234,,220000,0,user_35,555,,
11235,,1400000,0,user_36,555,,
11236,,1000000,0,user_36,555,,
11237,,83000,0,user_39,555,,
11238,,120000,0,user_39,555,,
11239,,4500000,0,user_40,555,,
11240,,2100000,0,user_40,555,,
11241,,1900000,60700,user_40,555,,
11242,,1000000,0,user_40,555,,
11243,,110000,0,user_40,555,,
11244,,150000,0,user_41,555,,
11245,,150000,0,user_43,555,,
11246,,73000,0,user_44,555,,
11247,,970000,0,user_44,555,,
11248,,470000,67900,user_44,555,,
11249,,220000,0,user_44,555,,
11250,,2100000,31700,user_46,555,,
11251,,1000000,0,user_47,555,,
11252,,2400000,0,user_47,555,,
11253,,600000,0,user_48,555,,
11254,,1000000,0,user_49,555,,
11255,,27000000,0,user_49,555,,
11216,0,27000000,0,user_13,555,555,
11255,1,27000000,0,user_49,555,555,
11219,2,19000000,779000,user_17,555,555,
11211,3,5000000,0,user_11,555,555,
11239,4,4500000,0,user_40,555,555,
11210,5,4200000,0,user_6,555,555,
11224,6,3200000,0,user_25,555,555,
11230,7,3200000,0,user_31,555,555,
11213,8,2500000,0,user_13,555,555,
11252,9,2400000,0,user_47,555,555,
11214,10,2300000,66100,user_13,555,555,
11240,11,2100000,0,user_40,555,555,
11250,12,2100000,31700,user_46,555,555,
11241,13,1900000,60700,user_40,555,555,
11226,14,1600000,0,user_27,555,555,
11235,15,1400000,0,user_36,555,555,
11231,16,1100000,0,user_33,555,555,
11212,17,1000000,0,user_12,555,555,
11232,18,1000000,0,user_33,555,555,
11236,19,1000000,0,user_36,555,555,
11242,20,1000000,0,user_40,555,555,
11251,21,1000000,0,user_47,555,555,
11254,22,1000000,0,user_49,555,555,
11247,23,970000,0,user_44,555,555,
11229,24,870000,0,user_31,555,555,
11220,25,630000,0,user_17,555,555,
11248,26,470000,67900,user_44,555,555,
11208,27,320000,0,user_2,555,555,
11221,28,310000,0,user_20,555,555,
11222,29,310000,0,user_21,555,555,
11233,30,260000,0,user_34,555,555,
11234,31,220000,0,user_35,555,555,
11249,32,220000,0,user_44,555,555,
11223,33,170000,0,user_22,555,555,
11215,34,160000,0,user_13,555,555,
11218,35,160000,0,user_16,555,555,
11244,36,150000,0,user_41,555,555,
11245,37,150000,0,user_43,555,555,
11238,38,120000,0,user_39,555,555,
11225,39,110000,0,user_27,555,555,
11243,40,110000,0,user_40,555,555,
11209,41,87000,0,user_3,555,555,
11237,42,83000,0,user_39,555,555,
11246,43,73000,0,user_44,555,555,
11289,,170000,0,user_0,556,,
11290,,160000,0,user_0,556,,
11291,,160000,128000,user_0,556,,
11292,,5000000,19700,user_1,556,,
11293,,460000,0,user_3,556,,
11294,,87000,0,user_4,556,,
11295,,87000,0,user_5,556,,
11296,,260000,381000,user_5,556,,
11297,,83000,0,user_5,556,,
11298,,350000,0,user_7,556,,
11299,,130000,0,user_10,556,,
11300,,120000,0,user_10,556,,
11301,,6100000,0,user_11,556,,
11302,,84000,0,user_12,556,,
11303,,670000,369000,user_13,556,,
11304,,2000000,1100000,user_13,556,,
11305,,43000000,0,user_13,556,,
11306,,120000,0,user_13,556,,
11307,,110000,128000,user_14,556,,
11308,,1000000,30200,user_15,556,,
11309,,73000,0,user_16,556,,
11310,,110000,16400,user_18,556,,
11311,,2600000,0,user_20,556,,
11312,,1700000,66100,user_23,556,,
11313,,360000,0,user_24,556,,
11314,,1100000,0,user_25,556,,
11315,,2300000,0,user_25,556,,
11316,,1900000,0,user_26,556,,
11317,,370000,0,user_31,556,,
11318,,160000,0,user_31,556,,
11319,,260000,0,user_33,556,,
11320,,98000,545000,user_34,556,,
11321,,1600000,36800,user_35,556,,
11322,,2000000,0,user_36,556,,
11323,,120000,0,user_38,556,,
11324,,1500000,410000,user_38,556,,
11325,,79000,0,user_38,556,,
11326,,4200000,0,user_39,556,,
11327,,120000,16400,user_39,556,,
11328,,660000,3130,user_40,556,,
11329,,360000,959000,user_43,556,,
11330,,87000,0,user_44,556,,
11331,,150000,32900,user_45,556,,
11332,,19000000,0,user_46,556,,
11333,,220000,0,user_47,556,,
11334,,70000,0,user_47,556,,
11335,,110000,0,user_47,556,,
11336,,1800000,71800,user_48,556,,
11337,,2000000,0,user_49,556,,
11305,0,43000000,0,user_13,556,556,
11332,1,19000000,0,user_46,556,556,
11301,2,6100000,0,user_11,556,556,
11292,3,5000000,19700,user_1,556,556,
11326,4,4200000,0,user_39,556,556,
11311,5,2600000,0,user_20,556,556,
11315,6,2300000,0,user_25,556,556,
11304,7,2000000,1100000,user_13,556,556,
11322,8,2000000,0,user_36,556,556,
11337,9,2000000,0,user_49,556,556,
11316,10,1900000,0,user_26,556,556,
11312,11,1700000,66100,user_23,556,556,
11321,12,1600000,36800,user_35,556,556,
11314,13,1100000,0,user_25,556,556,
11308,14,1000000,30200,user_15,556,556,
11303,15,670000,369000,user_13,556,556,
11328,16,660000,3130,user_40,556,556,
11293,17,460000,0,user_3,556,556,
11317,18,370000,0,user_31,556,556,
11329,19,360000,959000,user_43,556,556,
11298,20,350000,0,user_7,556,556,
11296,21,260000,381000,user_5,556,556,
11319,22,260000,0,user_33,556,556,
11333,23,220000,0,user_47,556,556,
11289,24,170000,0,user_0,556,556,
11290,25,160000,0,user_0,556,556,
11291,26,160000,128000,user_0,556,556,
11318,27,160000,0,user_31,556,556,
11331,28,150000,32900,user_45,556,556,
11299,29,130000,0,user_10,556,556,
11300,30,120000,0,user_10,556,556,
11306,31,120000,0,user_13,556,556,
11327,32,120000,16400,user_39,556,556,
11310,33,110000,16400,user_18,556,556,
11335,34,110000,0,user_47,556,556,
11320,35,98000,545000,user_34,556,556,
11294,36,87000,0,user_4,556,556,
11295,37,87000,0,user_5,556,556,
11330,38,87000,0,user_44,556,556,
11302,39,84000,0,user_12,556,556,
11297,40,83000,0,user_5,556,556,
11309,41,73000,0,user_16,556,556,
11334,42,70000,0,user_47,556,556,
11457,,2000000,0,user_0,557,,
11458,,120000,0,user_1,557,,
11459,,1500000,0,user_2,557,,
11460,,150000,0,user_2,557,,
11461,,2000000,0,user_3,557,,
11462,,120000,0,user_3,557,,
11463,,530000,0,user_4,557,,
11464,,1900000,0,user_7,557,,
11465,,150000,0,user_8,557,,
11466,,150000,0,user_10,557,,
11467,,4200000,0,user_11,557,,
11468,,4200000,0,user_12,557,,
11469,,160000,0,user_12,557,,
11470,,670000,0,user_13,557,,
11471,,5000000,0,user_14,557,,
11472,,79000,0,user_15,557,,
11473,,340000,0,user_19,557,,
11474,,70000,0,user_20,557,,
11475,,79000,0,user_21,557,,
11476,,110000,0,user_22,557,,
11477,,4200000,350000,user_23,557,,
11478,,460000,0,user_23,557,,
11479,,1900000,0,user_23,557,,
11480,,110000,0,user_24,557,,
11481,,310000,0,user_25,557,,
11482,,110000,0,user_25,557,,
11483,,6100000,146000,user_25,557,,
11484,,420000,0,user_25,557,,
11485,,110000,0,user_26,557,,
11486,,650000,0,user_27,557,,
11487,,1700000,0,user_27,557,,
11488,,70000,0,user_32,557,,
11489,,160000,0,user_34,557,,
11490,,1500000,0,user_34,557,,
11491,,27000000,0,user_35,557,,
11492,,110000,0,user_36,557,,
11493,,3500000,13800,user_37,557,,
11494,,1400000,0,user_38,557,,
11495,,5000000,0,user_39,557,,
11496,,360000,0,user_40,557,,
11497,,70000,0,user_41,557,,
11498,,970000,73100,user_41,557,,
11499,,110000,0,user_43,557,,
11500,,27000000,67900,user_44,557,,
11501,,160000,7840,user_46,557,,
11502,,1100000,0,user_47,557,,
11503,,220000,0,user_49,557,,
11504,,4500000,0,user_49,557,,
11491,0,27000000,0,user_35,557,557,
11500,1,27000000,67900,user_44,557,557,
11483,2,6100000,146000,user_25,557,557,
11471,3,5000000,0,user_14,557,557,
11495,4,5000000,0,user_39,557,557,
11504,5,4500000,0,user_49,557,557,
11467,6,4200000,0,user_11,557,557,
11468,7,4200000,0,user_12,557,557,
11477,8,4200000,350000,user_23,557,557,
11493,9,3500000,13800,user_37,557,557,
11457,10,2000000,0,user_0,557,557,
11461,11,2000000,0,user_3,557,557,
11464,12,1900000,0,user_7,557,557,
11479,13,1900000,0,user_23,557,557,
11459,14,1500000,0,user_2,557,557,
11490,15,1500000,0,user_34,557,557,
11502,16,1100000,0,user_47,557,557,
11498,17,970000,73100,user_41,557,557,
11470,18,670000,0,user_13,557,557,
11463,19,530000,0,user_4,557,557,
11478,20,460000,0,user_23,557,557,
11484,21,420000,0,user_25,557,557,
11496,22,360000,0,user_40,557,557,
11473,23,340000,0,user_19,557,557,
11481,24,310000,0,user_25,557,557,
11503,25,220000,0,user_49,557,557,
11469,26,160000,0,user_12,557,557,
11489,27,160000,0,user_34,557,557,
11501,28,160000,7840,user_46,557,557,
11460,29,150000,0,user_2,557,557,
11465,30,150000,0,user_8,557,557,
11458,31,120000,0,user_1,557,557,
11462,32,120000,0,user_3,557,557,
11476,33,110000,0,user_22,557,557,
11480,34,110000,0,user_24,557,557,
11482,35,110000,0,user_25,557,557,
11485,36,110000,0,user_26,557,557,
11499,37,110000,0,user_43,557,557,
11472,38,79000,0,user_15,557,557,
11475,39,79000,0,user_21,557,557,
11474,40,70000,0,user_20,557,557,
11488,41,70000,0,user_32,557,557,
11497,42,70000,0,user_41,557,557,
11548,,150000,0,user_2,558,,
11549,,170000,0,user_3,558,,
11550,,1500000,5640,user_3,558,,
11551,,79000,0,user_3,558,,
11552,,870000,0,user_4,558,,
11553,,3600000,0,user_6,558,,
11554,,84000,0,user_9,558,,
11555,,470000,0,user_10,558,,
11556,,1400000,0,user_11,558,,
11557,,5000000,0,user_11,558,,
11558,,1900000,0,user_11,558,,
11559,,260000,0,user_11,558,,
11560,,350000,0,user_12,558,,
11561,,970000,11200,user_12,558,,
11562,,160000,49100,user_13,558,,
11563,,1400000,0,user_13,558,,
11564,,310000,0,user_14,558,,
11565,,2000000,0,user_15,558,,
11566,,1700000,0,user_15,558,,
11567,,160000,0,user_15,558,,
11568,,4500000,15300,user_15,558,,
11569,,420000,23500,user_16,558,,
11570,,1900000,0,user_17,558,,
11571,,77000,0,user_17,558,,
11572,,2300000,0,user_17,558,,
11573,,1600000,0,user_19,558,,
11574,,2400000,0,user_19,558,,
11575,,84000,0,user_20,558,,
11576,,630000,0,user_22,558,,
11577,,1600000,0,user_23,558,,
11578,,85000,0,user_24,558,,
11579,,120000,0,user_26,558,,
11580,,120000,0,user_26,558,,
11581,,87000,0,user_26,558,,
11582,,130000,39400,user_26,558,,
11583,,4200000,0,user_26,558,,
11584,,1000000,49100,user_27,558,,
11585,,1400000,0,user_27,558,,
11586,,460000,0,user_28,558,,
11587,,1000000,17000,user_28,558,,
11588,,2500000,0,user_31,558,,
11589,,19000000,100000,user_31,558,,
11590,,420000,0,user_31,558,,
11591,,2500000,0,user_32,558,,
11592,,320000,0,user_33,558,,
11593,,460000,0,user_33,558,,
11594,,420000,0,user_35,558,,
11595,,170000,12300,user_36,558,,
11596,,70000,350000,user_38,558,,
11597,,2400000,0,user_39,558,,
11598,,82000,0,user_39,558,,
11599,,70000,0,user_41,558,,
11600,,460000,0,user_42,558,,
11601,,5000000,215000,user_45,558,,
11602,,420000,0,user_47,558,,
11589,0,19000000,100000,user_31,558,558,
11557,1,5000000,0,user_11,558,558,
11601,2,5000000,215000,user_45,558,558,
11568,3,4500000,15300,user_15,558,558,
11583,4,4200000,0,user_26,558,558,
11553,5,3600000,0,user_6,558,558,
11588,6,2500000,0,user_31,558,558,
11591,7,2500000,0,user_32,558,558,
11574,8,2400000,0,user_19,558,558,
11597,9,2400000,0,user_39,558,558,
11572,10,2300000,0,user_17,558,558,
11565,11,2000000,0,user_15,558,558,
11558,12,1900000,0,user_11,558,558,
11570,13,1900000,0,user_17,558,558,
11566,14,1700000,0,user_15,558,558,
11573,15,1600000,0,user_19,558,558,
11550,16,1500000,5640,user_3,558,558,
11556,17,1400000,0,user_11,558,558,
11563,18,1400000,0,user_13,558,558,
11585,19,1400000,0,user_27,558,558,
11584,20,1000000,49100,user_27,558,558,
11587,21,1000000,17000,user_28,558,558,
11561,22,970000,11200,user_12,558,558,
11552,23,870000,0,user_4,558,558,
11555,24,470000,0,user_10,558,558,
11586,25,460000,0,user_28,558,558,
11593,26,460000,0,user_33,558,558,
11600,27,460000,0,user_42,558,558,
11569,28,420000,23500,user_16,558,558,
11590,29,420000,0,user_31,558,558,
11594,30,420000,0,user_35,558,558,
11602,31,420000,0,user_47,558,558,
11560,32,350000,0,user_12,558,558,
11592,33,320000,0,user_33,558,558,
11559,34,260000,0,user_11,558,558,
11549,35,170000,0,user_3,558,558,
11562,36,160000,49100,user_13,558,558,
11567,37,160000,0,user_15,558,558,
11548,38,150000,0,user_2,558,558,
11582,39,130000,39400,user_26,558,558,
11579,40,120000,0,user_26,558,558,
11580,41,120000,0,user_26,558,558,
11581,42,87000,0,user_26,558,558,
11578,43,85000,0,user_24,558,558,
11554,44,84000,0,user_9,558,558,
11575,45,84000,0,user_20,558,558,
11598,46,82000,0,user_39,558,558,
11551,47,79000,0,user_3,558,558,
11571,48,77000,0,user_17,558,558,
11596,49,70000,350000,user_38,558,558,
11599,50,70000,0,user_41,558,558,
11691,,110000,0,user_0,559,,
11692,,2000000,0,user_1,559,,
11693,,1100000,0,user_2,559,,
11694,,310000,0,user_3,559,,
11695,,1600000,0,user_4,559,,
11696,,77000,0,user_5,559,,
11697,,3600000,0,user_7,559,,
11698,,1600000,0,user_7,559,,
11699,,110000,0,user_8,559,,
11700,,77000,0,user_9,559,,
11701,,3200000,0,user_10,559,,
11702,,460000,71800,user_10,559,,
11703,,1200000,0,user_12,559,,
11704,,1600000,0,user_13,559,,
11705,,1400000,0,user_14,559,,
11706,,5000000,0,user_17,559,,
11707,,1400000,0,user_18,559,,
11708,,2000000,128000,user_20,559,,
11709,,660000,0,user_20,559,,
11710,,1900000,0,user_24,559,,
11711,,1700000,12300,user_26,559,,
11712,,530000,0,user_27,559,,
11713,,110000,11200,user_29,559,,
11714,,260000,60700,user_30,559,,
11715,,1500000,0,user_30,559,,
11716,,110000,0,user_30,559,,
11717,,6100000,231000,user_31,559,,
11718,,530000,0,user_32,559,,
11719,,420000,0,user_33,559,,
11720,,73000,0,user_33,559,,
11721,,5000000,0,user_34,559,,
11722,,350000,0,user_37,559,,
11723,,2000000,0,user_38,559,,
11724,,80000,0,user_39,559,,
11725,,260000,0,user_39,559,,
11726,,300000,0,user_40,559,,
11727,,110000,285000,user_40,559,,
11728,,190000,0,user_42,559,,
11729,,460000,0,user_43,559,,
11730,,2600000,0,user_43,559,,
11731,,150000,15300,user_43,559,,
11732,,170000,0,user_44,559,,
11733,,19000000,0,user_45,559,,
11734,,2000000,0,user_45,559,,
11735,,340000,49100,user_46,559,,
11736,,82000,17700000,user_47,559,,
11737,,1100000,39400,user_48,559,,
11738,,670000,0,user_49,559,,
11733,0,19000000,0,user_45,559,559,
11717,1,6100000,231000,user_31,559,559,
11706,2,5000000,0,user_17,559,559,
11721,3,5000000,0,user_34,559,559,
11697,4,3600000,0,user_7,559,559,
11701,5,3200000,0,user_10,559,559,
11730,6,2600000,0,user_43,559,559,
11692,7,2000000,0,user_1,559,559,
11708,8,2000000,128000,user_20,559,559,
11723,9,2000000,0,user_38,559,559,
11734,10,2000000,0,user_45,559,559,
11710,11,1900000,0,user_24,559,559,
11711,12,1700000,12300,user_26,559,559,
11695,13,1600000,0,user_4,559,559,
11698,14,1600000,0,user_7,559,559,
11704,15,1600000,0,user_13,559,559,
11715,16,1500000,0,user_30,559,559,
11705,17,1400000,0,user_14,559,559,
11707,18,1400000,0,user_18,559,559,
11703,19,1200000,0,user_12,559,559,
11693,20,1100000,0,user_2,559,559,
11737,21,1100000,39400,user_48,559,559,
11709,22,660000,0,user_20,559,559,
11712,23,530000,0,user_27,559,559,
11702,24,460000,71800,user_10,559,559,
11729,25,460000,0,user_43,559,559,
11735,26,340000,49100,user_46,559,559,
11726,27,300000,0,user_40,559,559,
11714,28,260000,60700,user_30,559,559,
11725,29,260000,0,user_39,559,559,
11728,30,190000,0,user_42,559,559,
11732,31,170000,0,user_44,559,559,
11731,32,150000,15300,user_43,559,559,
11691,33,110000,0,user_0,559,559,
11699,34,110000,0,user_8,559,559,
11713,35,110000,11200,user_29,559,559,
11716,36,110000,0,user_30,559,559,
11727,37,110000,285000,user_40,559,559,
11736,38,82000,17700000,user_47,559,559,
11724,39,80000,0,user_39,559,559,
11700,40,77000,0,user_9,559,559,
11813,,1500000,0,user_0,560,,
11814,,150000,0,user_1,560,,
11815,,370000,4320000,user_2,560,,
11816,,2300000,0,user_2,560,,
11817,,600000,0,user_2,560,,
11818,,110000,0,user_2,560,,
11819,,43000000,0,user_2,560,,
11820,,1000000,0,user_3,560,,
11821,,30000000,0,user_4,560,,
11822,,240000,0,user_5,560,,
11823,,630000,0,user_5,560,,
11824,,1500000,0,user_6,560,,
11825,,110000,0,user_7,560,,
11826,,220000,0,user_7,560,,
11827,,110000,285000,user_8,560,,
11828,,360000,0,user_8,560,,
11829,,910000,0,user_11,560,,
11830,,2400000,0,user_12,560,,
11831,,460000,0,user_12,560,,
11832,,870000,67500,user_13,560,,
11833,,2000000,0,user_14,560,,
11834,,87000,0,user_15,560,,
11835,,87000,33300,user_17,560,,
11836,,100000,0,user_17,560,,
11837,,190000,0,user_18,560,,
11838,,150000,0,user_19,560,,
11839,,82000,0,user_19,560,,
11840,,84000,30200,user_20,560,,
11841,,170000,0,user_21,560,,
11842,,3600000,0,user_22,560,,
11843,,150000,0,user_23,560,,
11844,,220000,0,user_23,560,,
11845,,650000,0,user_23,560,,
11846,,190000,0,user_23,560,,
11847,,340000,0,user_25,560,,
11848,,1100000,231000,user_26,560,,
11849,,170000,181000,user_27,560,,
11850,,1200000,0,user_29,560,,
11851,,120000,0,user_30,560,,
11852,,320000,0,user_30,560,,
11853,,300000,0,user_31,560,,
11854,,70000,39400,user_31,560,,
11855,,190000,0,user_32,560,,
11856,,85000,0,user_32,560,,
11857,,1100000,0,user_33,560,,
11858,,220000,0,user_34,560,,
11859,,120000,21800,user_35,560,,
11860,,240000,0,user_35,560,,
11861,,170000,0,user_35,560,,
11862,,77000,0,user_36,560,,
11863,,320000,769000,user_36,560,,
11864,,110000,0,user_36,560,,
11865,,340000,0,user_36,560,,
11866,,1400000,0,user_36,560,,
11867,,310000,0,user_37,560,,
11868,,600000,0,user_38,560,,
11869,,870000,0,user_38,560,,
11870,,19000000,0,user_40,560,,
11871,,19000000,0,user_41,560,,
11872,,83000,0,user_42,560,,
11873,,120000,0,user_43,560,,
11874,,460000,121000,user_43,560,,
11875,,2000000,0,user_46,560,,
11876,,1500000,0,user_46,560,,
11877,,240000,0,user_46,560,,
11878,,73000,0,user_47,560,,
11819,0,43000000,0,user_2,560,560,
11821,1,30000000,0,user_4,560,560,
11870,2,19000000,0,user_40,560,560,
11871,3,19000000,0,user_41,560,560,
11914,4,0,0,builder_4,560,560,11815
11815,5,370000,4320000,user_2,560,560,
11842,6,3600000,0,user_22,560,560,
11830,7,2400000,0,user_12,560,560,
11816,8,2300000,0,user_2,560,560,
11833,9,2000000,0,user_14,560,560,
11875,10,2000000,0,user_46,560,560,
11813,11,1500000,0,user_0,560,560,
11824,12,1500000,0,user_6,560,560,
11876,13,1500000,0,user_46,560,560,
11866,14,1400000,0,user_36,560,560,
11915,15,0,0,builder_4,560,560,11848
11848,16,1100000,231000,user_26,560,560,
11850,17,1200000,0,user_29,560,560,
11857,18,1100000,0,user_33,560,560,
11863,19,320000,769000,user_36,560,560,
11916,20,0,0,builder_4,560,560,11863
11820,21,1000000,0,user_3,560,560,
11832,22,870000,67500,user_13,560,560,
11917,23,0,0,builder_4,560,560,11832
11829,24,910000,0,user_11,560,560,
11869,25,870000,0,user_38,560,560,
11845,26,650000,0,user_23,560,560,
11817,27,600000,0,user_2,560,560,
11868,28,600000,0,user_38,560,560,
11918,29,0,0,builder_4,560,560,11874
11874,30,460000,121000,user_43,560,560,
11831,31,460000,0,user_12,560,560,
11919,32,0,0,builder_4,560,560,11827
11827,33,110000,285000,user_8,560,560,
11828,34,360000,0,user_8,560,560,
11920,35,0,0,builder_4,560,560,11849
11849,36,170000,181000,user_27,560,560,
11847,37,340000,0,user_25,560,560,
11865,38,340000,0,user_36,560,560,
11852,39,320000,0,user_30,560,560,
11867,40,310000,0,user_37,560,560,
11853,41,300000,0,user_31,560,560,
11860,42,240000,0,user_35,560,560,
11877,43,240000,0,user_46,560,560,
11844,44,220000,0,user_23,560,560,
11858,45,220000,0,user_34,560,560,
11837,46,190000,0,user_18,560,560,
11846,47,190000,0,user_23,560,560,
11855,48,190000,0,user_32,560,560,
11841,49,170000,0,user_21,560,560,
11861,50,170000,0,user_35,560,560,
11814,51,150000,0,user_1,560,560,
11838,52,150000,0,user_19,560,560,
11843,53,150000,0,user_23,560,560,
11859,54,120000,21800,user_35,560,560,
11921,55,0,0,builder_4,560,560,11859
11835,56,87000,33300,user_17,560,560,
11922,57,0,0,builder_4,560,560,11835
11851,58,120000,0,user_30,560,560,
11873,59,120000,0,user_43,560,560,
11923,60,0,0,builder_4,560,560,11840
11840,61,84000,30200,user_20,560,560,
11818,62,110000,0,user_2,560,560,
11864,63,110000,0,user_36,560,560,
11924,64,0,0,builder_4,560,560,11854
11854,65,70000,39400,user_31,560,560,
11836,66,100000,0,user_17,560,560,
11856,67,85000,0,user_32,560,560,
11872,68,83000,0,user_42,560,560,
11839,69,82000,0,user_19,560,560,
11862,70,77000,0,user_36,560,560,
11955,,98000,0,user_0,561,,
11956,,1100000,0,user_1,561,,
11957,,1600000,0,user_2,561,,
11958,,970000,10700,user_2,561,,
11959,,4200000,0,user_3,561,,
11960,,1100000,0,user_4,561,,
11961,,600000,0,user_4,561,,
11962,,120000,0,user_4,561,,
11963,,6300000,0,user_4,561,,
11964,,79000,68100,user_4,561,,
11965,,130000,0,user_5,561,,
11966,,150000,0,user_7,561,,
11967,,5000000,0,user_8,561,,
11968,,420000,0,user_9,561,,
11969,,43000000,0,user_13,561,,
11970,,70000,0,user_13,561,,
11971,,1500000,0,user_13,561,,
11972,,1600000,0,user_17,561,,
11973,,1100000,0,user_17,561,,
11974,,370000,0,user_17,561,,
11975,,2100000,0,user_17,561,,
11976,,2000000,0,user_17,561,,
11977,,98000,128000,user_18,561,,
11978,,1100000,0,user_21,561,,
11979,,220000,0,user_22,561,,
11980,,350000,5630,user_22,561,,
11981,,160000,0,user_22,561,,
11982,,2000000,0,user_23,561,,
11983,,2600000,0,user_23,561,,
11984,,370000,0,user_25,561,,
11985,,19000000,0,user_27,561,,
11986,,170000,0,user_29,561,,
11987,,79000,161000,user_30,561,,
11988,,27000000,0,user_31,561,,
11989,,370000,0,user_32,561,,
11990,,260000,5640,user_33,561,,
11991,,1500000,0,user_33,561,,
11992,,110000,0,user_34,561,,
11993,,85000,0,user_34,561,,
11994,,460000,0,user_35,561,,
11995,,150000,0,user_36,561,,
11996,,87000,0,user_37,561,,
11997,,310000,47700,user_38,561,,
11998,,190000,369000,user_39,561,,
11999,,300000,0,user_41,561,,
12000,,80000,12300,user_42,561,,
12001,,73000,0,user_43,561,,
12002,,110000,0,user_44,561,,
12003,,340000,7840,user_45,561,,
12004,,1600000,0,user_46,561,,
12005,,1600000,0,user_46,561,,
12006,,110000,0,user_47,561,,
12007,,3200000,121000,user_47,561,,
12008,,530000,0,user_48,561,,
12009,,470000,0,user_49,561,,
12010,,630000,13900,user_49,561,,
12011,,110000,0,user_49,561,,
12012,,2000000,0,user_49,561,,
12013,,2600000,0,user_49,561,,
11969,0,43000000,0,user_13,561,561,
11988,1,27000000,0,user_31,561,561,
11985,2,19000000,0,user_27,561,561,
11963,3,6300000,0,user_4,561,561,
11967,4,5000000,0,user_8,561,561,
11959,5,4200000,0,user_3,561,561,
12007,6,3200000,121000,user_47,561,561,
11983,7,2600000,0,user_23,561,561,
12013,8,2600000,0,user_49,561,561,
11975,9,2100000,0,user_17,561,561,
11976,10,2000000,0,user_17,561,561,
11982,11,2000000,0,user_23,561,561,
12012,12,2000000,0,user_49,561,561,
11957,13,1600000,0,user_2,561,561,
11972,14,1600000,0,user_17,561,561,
12004,15,1600000,0,user_46,561,561,
12005,16,1600000,0,user_46,561,561,
11971,17,1500000,0,user_13,561,561,
11991,18,1500000,0,user_33,561,561,
11956,19,1100000,0,user_1,561,561,
11960,20,1100000,0,user_4,561,561,
11973,21,1100000,0,user_17,561,561,
11978,22,1100000,0,user_21,561,561,
11958,23,970000,10700,user_2,561,561,
12010,24,630000,13900,user_49,561,561,
11961,25,600000,0,user_4,561,561,
12009,26,470000,0,user_49,561,561,
11994,27,460000,0,user_35,561,561,
11974,28,370000,0,user_17,561,561,
11984,29,370000,0,user_25,561,561,
11980,30,350000,5630,user_22,561,561,
12003,31,340000,7840,user_45,561,561,
11999,32,300000,0,user_41,561,561,
11990,33,260000,5640,user_33,561,561,
11979,34,220000,0,user_22,561,561,
11998,35,190000,369000,user_39,561,561,
11986,36,170000,0,user_29,561,561,
11981,37,160000,0,user_22,561,561,
11966,38,150000,0,user_7,561,561,
11995,39,150000,0,user_36,561,561,
11965,40,130000,0,user_5,561,561,
11962,41,120000,0,user_4,561,561,
11992,42,110000,0,user_34,561,561,
12002,43,110000,0,user_44,561,561,
12006,44,110000,0,user_47,561,561,
12011,45,110000,0,user_49,561,561,
11955,46,98000,0,user_0,561,561,
11977,47,98000,128000,user_18,561,561,
11996,48,87000,0,user_37,561,561,
11993,49,85000,0,user_34,561,561,
12000,50,80000,12300,user_42,561,561,
11964,51,79000,68100,user_4,561,561,
11987,52,79000,161000,user_30,561,561,
12001,53,73000,0,user_43,561,561,
11970,54,70000,0,user_13,561,561,
12098,,260000,0,user_0,562,,
12099,,120000,0,user_2,562,,
12100,,310000,0,user_3,562,,
12101,,84000,0,user_5,562,,
12102,,5000000,0,user_6,562,,
12103,,660000,0,user_7,562,,
12104,,310000,0,user_8,562,,
12105,,2600000,0,user_9,562,,
12106,,150000,0,user_9,562,,
12107,,320000,0,user_10,562,,
12108,,1600000,39400,user_11,562,,
12109,,4200000,0,user_13,562,,
12110,,84000,5640,user_14,562,,
12111,,470000,0,user_15,562,,
12112,,260000,0,user_17,562,,
12113,,73000,0,user_17,562,,
12114,,4200000,0,user_19,562,,
12115,,79000,0,user_21,562,,
12116,,1600000,0,user_22,562,,
12117,,120000,67500,user_22,562,,
12118,,220000,1100000,user_23,562,,
12119,,1200000,0,user_23,562,,
12120,,3500000,0,user_24,562,,
12121,,1600000,779000,user_25,562,,
12122,,77000,0,user_27,562,,
12123,,79000,0,user_28,562,,
12124,,77000,0,user_28,562,,
12125,,650000,0,user_29,562,,
12126,,670000,0,user_30,562,,
12127,,160000,0,user_31,562,,
12128,,80000,5180,user_31,562,,
12129,,260000,0,user_31,562,,
12130,,310000,0,user_31,562,,
12131,,1500000,0,user_31,562,,
12132,,110000,0,user_32,562,,
12133,,2300000,0,user_33,562,,
12134,,1100000,0,user_36,562,,
12135,,1400000,128000,user_37,562,,
12136,,1100000,0,user_38,562,,
12137,,300000,0,user_39,562,,
12138,,2100000,0,user_40,562,,
12139,,6300000,0,user_40,562,,
12140,,150000,0,user_40,562,,
12141,,110000,64600,user_40,562,,
12142,,320000,283000,user_40,562,,
12143,,160000,0,user_41,562,,
12144,,320000,0,user_42,562,,
12145,,160000,0,user_42,562,,
12146,,350000,0,user_43,562,,
12147,,2000000,0,user_43,562,,
12148,,220000,0,user_44,562,,
12149,,530000,0,user_45,562,,
12150,,660000,0,user_46,562,,
12151,,73000,32900,user_47,562,,
12152,,2300000,0,user_47,562,,
12153,,910000,0,user_49,562,,
12154,,460000,0,user_49,562,,
12155,,5000000,0,user_49,562,,
12139,0,6300000,0,user_40,562,562,
12102,1,5000000,0,user_6,562,562,
12155,2,5000000,0,user_49,562,562,
12109,3,4200000,0,user_13,562,562,
12114,4,4200000,0,user_19,562,562,
12120,5,3500000,0,user_24,562,562,
12105,6,2600000,0,user_9,562,562,
12133,7,2300000,0,user_33,562,562,
12152,8,2300000,0,user_47,562,562,
12138,9,2100000,0,user_40,562,562,
12147,10,2000000,0,user_43,562,562,
12108,11,1600000,39400,user_11,562,562,
12116,12,1600000,0,user_22,562,562,
12121,13,1600000,779000,user_25,562,562,
12131,14,1500000,0,user_31,562,562,
12119,15,1200000,0,user_23,562,562,
12134,16,1100000,0,user_36,562,562,
12136,17,1100000,0,user_38,562,562,
12153,18,910000,0,user_49,562,562,
12126,19,670000,0,user_30,562,562,
12103,20,660000,0,user_7,562,562,
12150,21,660000,0,user_46,562,562,
12125,22,650000,0,user_29,562,562,
12149,23,530000,0,user_45,562,562,
12111,24,470000,0,user_15,562,562,
12154,25,460000,0,user_49,562,562,
12146,26,350000,0,user_43,562,562,
12107,27,320000,0,user_10,562,562,
12142,28,320000,283000,user_40,562,562,
12144,29,320000,0,user_42,562,562,
12100,30,310000,0,user_3,562,562,
12104,31,310000,0,user_8,562,562,
12130,32,310000,0,user_31,562,562,
12098,33,260000,0,user_0,562,562,
12112,34,260000,0,user_17,562,562,
12129,35,260000,0,user_31,562,562,
12118,36,220000,1100000,user_23,562,562,
12148,37,220000,0,user_44,562,562,
12127,38,160000,0,user_31,562,562,
12143,39,160000,0,user_41,562,562,
12145,40,160000,0,user_42,562,562,
12106,41,150000,0,user_9,562,562,
12140,42,150000,0,user_40,562,562,
12099,43,120000,0,user_2,562,562,
12117,44,120000,67500,user_22,562,562,
12132,45,110000,0,user_32,562,562,
12141,46,110000,64600,user_40,562,562,
12101,47,84000,0,user_5,562,562,
12110,48,84000,5640,user_14,562,562,
12128,49,80000,5180,user_31,562,562,
12115,50,79000,0,user_21,562,562,
12122,51,77000,0,user_27,562,562,
12113,52,73000,0,user_17,562,562,
12151,53,73000,32900,user_47,562,562,
12226,,460000,0,user_0,563,,
12227,,80000,0,user_0,563,,
12228,,150000,12300,user_0,563,,
12229,,1500000,0,user_0,563,,
12230,,370000,73100,user_1,563,,
12231,,260000,0,user_2,563,,
12232,,2600000,0,user_3,563,,
12233,,110000,0,user_6,563,,
12234,,2000000,0,user_7,563,,
12235,,220000,0,user_10,563,,
12236,,1000000,68100,user_11,563,,
12237,,4200000,0,user_11,563,,
12238,,310000,0,user_12,563,,
12239,,3600000,0,user_13,563,,
12240,,670000,0,user_15,563,,
12241,,83000,0,user_15,563,,
12242,,170000,0,user_16,563,,
12243,,3500000,0,user_18,563,,
12244,,87000,0,user_20,563,,
12245,,870000,0,user_21,563,,
12246,,870000,0,user_24,563,,
12247,,1100000,0,user_24,563,,
12248,,82000,0,user_26,563,,
12249,,600000,0,user_27,563,,
12250,,5200000,0,user_29,563,,
12251,,85000,0,user_29,563,,
12252,,350000,15300,user_30,563,,
12253,,160000,0,user_31,563,,
12254,,120000,0,user_31,563,,
12255,,2400000,0,user_32,563,,
12256,,970000,0,user_33,563,,
12257,,4500000,0,user_33,563,,
12258,,120000,0,user_33,563,,
12259,,170000,0,user_33,563,,
12260,,2000000,0,user_34,563,,
12261,,1400000,0,user_36,563,,
12262,,1300000,100000,user_39,563,,
12263,,1500000,0,user_40,563,,
12264,,3200000,0,user_40,563,,
12265,,260000,0,user_41,563,,
12266,,110000,0,user_41,563,,
12267,,110000,0,user_42,563,,
12268,,110000,0,user_42,563,,
12269,,870000,0,user_42,563,,
12270,,530000,0,user_42,563,,
12271,,1400000,0,user_43,563,,
12272,,260000,0,user_43,563,,
12273,,130000,0,user_44,563,,
12274,,670000,0,user_45,563,,
12275,,460000,0,user_46,563,,
12276,,300000,0,user_49,563,,
12250,0,5200000,0,user_29,563,563,
12257,1,4500000,0,user_33,563,563,
12237,2,4200000,0,user_11,563,563,
12239,3,3600000,0,user_13,563,563,
12243,4,3500000,0,user_18,563,563,
12264,5,3200000,0,user_40,563,563,
12232,6,2600000,0,user_3,563,563,
12255,7,2400000,0,user_32,563,563,
12234,8,2000000,0,user_7,563,563,
12260,9,2000000,0,user_34,563,563,
12229,10,1500000,0,user_0,563,563,
12263,11,1500000,0,user_40,563,563,
12261,12,1400000,0,user_36,563,563,
12291,13,0,0,builder_3,563,563,12262
12262,14,1300000,100000,user_39,563,563,
12271,15,1400000,0,user_43,563,563,
12247,16,1100000,0,user_24,563,563,
12292,17,0,0,builder_3,563,563,12236
12236,18,1000000,68100,user_11,563,563,
12256,19,970000,0,user_33,563,563,
12245,20,870000,0,user_21,563,563,
12246,21,870000,0,user_24,563,563,
12269,22,870000,0,user_42,563,563,
12240,23,670000,0,user_15,563,563,
12274,24,670000,0,user_45,563,563,
12270,25,530000,0,user_42,563,563,
12226,26,460000,0,user_0,563,563,
12275,27,460000,0,user_46,563,563,
12252,28,350000,15300,user_30,563,563,
12293,29,0,0,builder_3,563,563,12252
12238,30,310000,0,user_12,563,563,
12276,31,300000,0,user_49,563,563,
12231,32,260000,0,user_2,563,563,
12265,33,260000,0,user_41,563,563,
12272,34,260000,0,user_43,563,563,
12235,35,220000,0,user_10,563,563,
12259,36,170000,0,user_33,563,563,
12228,37,150000,12300,user_0,563,563,
12294,38,0,0,builder_3,563,563,12228
12253,39,160000,0,user_31,563,563,
12273,40,130000,0,user_44,563,563,
12254,41,120000,0,user_31,563,563,
12258,42,120000,0,user_33,563,563,
12266,43,110000,0,user_41,563,563,
12267,44,110000,0,user_42,563,563,
12268,45,110000,0,user_42,563,563,
12244,46,87000,0,user_20,563,563,
12251,47,85000,0,user_29,563,563,
12241,48,83000,0,user_15,563,563,
12248,49,82000,0,user_26,563,563,
12227,50,80000,0,user_0,563,563,
12313,,3500000,15300,user_2,564,,
12314,,5000000,13900,user_3,564,,
12315,,1000000,0,user_3,564,,
12316,,160000,215000,user_3,564,,
12317,,4200000,35600,user_3,564,,
12318,,190000,73100,user_3,564,,
12319,,1300000,0,user_5,564,,
12320,,110000,15100,user_6,564,,
12321,,220000,0,user_7,564,,
12322,,2000000,0,user_8,564,,
12323,,360000,0,user_9,564,,
12324,,170000,0,user_11,564,,
12325,,360000,0,user_11,564,,
12326,,360000,0,user_14,564,,
12327,,1900000,0,user_16,564,,
12328,,190000,0,user_17,564,,
12329,,350000,0,user_17,564,,
12330,,1900000,0,user_18,564,,
12331,,110000,0,user_20,564,,
12332,,3200000,0,user_21,564,,
12333,,160000,0,user_21,564,,
12334,,120000,0,user_21,564,,
12335,,120000,0,user_21,564,,
12336,,4200000,0,user_21,564,,
12337,,2500000,779000,user_23,564,,
12338,,420000,42000,user_23,564,,
12339,,870000,0,user_23,564,,
12340,,110000,594000,user_23,564,,
12341,,660000,0,user_23,564,,
12342,,220000,0,user_25,564,,
12343,,220000,0,user_26,564,,
12344,,5000000,100000,user_28,564,,
12345,,170000,0,user_28,564,,
12346,,970000,0,user_30,564,,
12347,,220000,0,user_30,564,,
12348,,6300000,0,user_31,564,,
12349,,77000,0,user_32,564,,
12350,,120000,0,user_34,564,,
12351,,170000,0,user_34,564,,
12352,,120000,0,user_34,564,,
12353,,2000000,0,user_34,564,,
12354,,630000,0,user_34,564,,
12355,,5000000,0,user_35,564,,
12356,,5000000,0,user_36,564,,
12357,,4200000,0,user_36,564,,
12358,,120000,545000,user_38,564,,
12359,,70000,0,user_39,564,,
12360,,170000,0,user_39,564,,
12361,,4500000,0,user_39,564,,
12362,,120000,0,user_40,564,,
12363,,2500000,0,user_40,564,,
12364,,85000,0,user_41,564,,
12365,,1400000,16400,user_42,564,,
12366,,110000,959000,user_42,564,,
12367,,470000,64600,user_42,564,,
12368,,600000,0,user_44,564,,
12369,,1100000,0,user_45,564,,
12370,,2300000,0,user_45,564,,
12371,,470000,0,user_46,564,,
12372,,80000,0,user_47,564,,
12373,,4500000,0,user_48,564,,
12374,,110000,0,user_49,564,,
12348,0,6300000,0,user_31,564,564,
12405,1,0,0,builder_3,564,564,12344
12344,2,5000000,100000,user_28,564,564,
12314,3,5000000,13900,user_3,564,564,
12406,4,0,0,builder_3,564,564,12314
12355,5,5000000,0,user_35,564,564,
12356,6,5000000,0,user_36,564,564,
12361,7,4500000,0,user_39,564,564,
12373,8,4500000,0,user_48,564,564,
12407,9,0,0,builder_3,564,564,12317
12317,10,4200000,35600,user_3,564,564,
12336,11,4200000,0,user_21,564,564,
12357,12,4200000,0,user_36,564,564,
12408,13,0,0,builder_3,564,564,12313
12313,14,3500000,15300,user_2,564,564,
12337,15,2500000,779000,user_23,564,564,
12409,16,0,0,builder_3,564,564,12337
12332,17,3200000,0,user_21,564,564,
12363,18,2500000,0,user_40,564,564,
12370,19,2300000,0,user_45,564,564,
12353,20,2000000,0,user_34,564,564,
12330,21,1900000,0,user_18,564,564,
12410,22,0,0,builder_3,564,564,12365
12365,23,1400000,16400,user_42,564,564,
12319,24,1300000,0,user_5,564,564,
12369,25,1100000,0,user_45,564,564,
12411,26,0,0,builder_3,564,564,12366
12366,27,110000,959000,user_42,564,564,
12315,28,1000000,0,user_3,564,564,
12346,29,970000,0,user_30,564,564,
12339,30,870000,0,user_23,564,564,
12340,31,110000,594000,user_23,564,564,
12412,32,0,0,builder_3,564,564,12340
12413,33,0,0,builder_3,564,564,12358
12358,34,120000,545000,user_38,564,564,
12341,35,660000,0,user_23,564,564,
12354,36,630000,0,user_34,564,564,
12368,37,600000,0,user_44,564,564,
12414,38,0,0,builder_3,564,564,12367
12367,39,470000,64600,user_42,564,564,
12371,40,470000,0,user_46,564,564,
12338,41,420000,42000,user_23,564,564,
12415,42,0,0,builder_3,564,564,12338
12316,43,160000,215000,user_3,564,564,
12416,44,0,0,builder_3,564,564,12316
12325,45,360000,0,user_11,564,564,
12326,46,360000,0,user_14,564,564,
12329,47,350000,0,user_17,564,564,
12318,48,190000,73100,user_3,564,564,
12417,49,0,0,builder_3,564,564,12318
12321,50,220000,0,user_7,564,564,
12343,51,220000,0,user_26,564,564,
12347,52,220000,0,user_30,564,564,
12328,53,190000,0,user_17,564,564,
12324,54,170000,0,user_11,564,564,
12345,55,170000,0,user_28,564,564,
12351,56,170000,0,user_34,564,564,
12360,57,170000,0,user_39,564,564,
12333,58,160000,0,user_21,564,564,
12334,59,120000,0,user_21,564,564,
12335,60,120000,0,user_21,564,564,
12350,61,120000,0,user_34,564,564,
12352,62,120000,0,user_34,564,564,
12362,63,120000,0,user_40,564,564,
12331,64,110000,0,user_20,564,564,
12374,65,110000,0,user_49,564,564,
12364,66,85000,0,user_41,564,564,
12372,67,80000,0,user_47,564,564,
12349,68,77000,0,user_32,564,564,
12359,69,70000,0,user_39,564,564,
12469,,350000,0,user_0,565,,
12470,,5000000,146000,user_1,565,,
12471,,320000,15700,user_2,565,,
12472,,150000,769000,user_3,565,,
12473,,630000,0,user_4,565,,
12474,,650000,0,user_4,565,,
12475,,150000,0,user_4,565,,
12476,,2000000,0,user_5,565,,
12477,,910000,139000,user_6,565,,
12478,,240000,0,user_7,565,,
12479,,1700000,0,user_8,565,,
12480,,1000000,5640,user_10,565,,
12481,,5000000,164000,user_11,565,,
12482,,260000,0,user_12,565,,
12483,,83000,0,user_12,565,,
12484,,1700000,0,user_12,565,,
12485,,1000000,18600,user_12,565,,
12486,,420000,0,user_12,565,,
12487,,320000,0,user_14,565,,
12488,,350000,0,user_15,565,,
12489,,190000,0,user_16,565,,
12490,,2500000,0,user_16,565,,
12491,,170000,285000,user_16,565,,
12492,,1200000,0,user_16,565,,
12493,,1000000,0,user_17,565,,
12494,,1500000,0,user_20,565,,
12495,,360000,4320000,user_21,565,,
12496,,79000,0,user_21,565,,
12497,,120000,0,user_22,565,,
12498,,5000000,0,user_23,565,,
12499,,190000,0,user_23,565,,
12500,,160000,36800,user_24,565,,
12501,,160000,0,user_24,565,,
12502,,84000,0,user_24,565,,
12503,,1800000,0,user_24,565,,
12504,,1400000,285000,user_25,565,,
12505,,970000,0,user_25,565,,
12506,,5000000,0,user_25,565,,
12507,,370000,0,user_25,565,,
12508,,2600000,0,user_25,565,,
12509,,110000,0,user_26,565,,
12510,,630000,0,user_27,565,,
12511,,77000,0,user_27,565,,
12512,,2100000,0,user_28,565,,
12513,,170000,0,user_28,565,,
12514,,4500000,0,user_29,565,,
12515,,4200000,0,user_33,565,,
12516,,970000,0,user_33,565,,
12517,,120000,0,user_34,565,,
12518,,30000000,0,user_34,565,,
12519,,360000,0,user_35,565,,
12520,,1700000,0,user_36,565,,
12521,,1800000,0,user_40,565,,
12522,,260000,0,user_41,565,,
12523,,3200000,0,user_42,565,,
12524,,6100000,0,user_43,565,,
12525,,1300000,7190000,user_43,565,,
12526,,3500000,0,user_43,565,,
12527,,79000,0,user_44,565,,
12528,,100000,0,user_45,565,,
12529,,120000,0,user_46,565,,
12530,,27000000,0,user_47,565,,
12531,,420000,0,user_47,565,,
12532,,350000,0,user_49,565,,
12518,0,30000000,0,user_34,565,565,
12530,1,27000000,0,user_47,565,565,
12524,2,6100000,0,user_43,565,565,
12470,3,5000000,146000,user_1,565,565,
12481,4,5000000,164000,user_11,565,565,
12498,5,5000000,0,user_23,565,565,
12506,6,5000000,0,user_25,565,565,
12514,7,4500000,0,user_29,565,565,
12515,8,4200000,0,user_33,565,565,
12526,9,3500000,0,user_43,565,565,
12523,10,3200000,0,user_42,565,565,
12508,11,2600000,0,user_25,565,565,
12490,12,2500000,0,user_16,565,565,
12476,13,2000000,0,user_5,565,565,
12521,14,1800000,0,user_40,565,565,
12479,15,1700000,0,user_8,565,565,
12484,16,1700000,0,user_12,565,565,
12520,17,1700000,0,user_36,565,565,
12494,18,1500000,0,user_20,565,565,
12504,19,1400000,285000,user_25,565,565,
12525,20,1300000,7190000,user_43,565,565,
12492,21,1200000,0,user_16,565,565,
12480,22,1000000,5640,user_10,565,565,
12485,23,1000000,18600,user_12,565,565,
12493,24,1000000,0,user_17,565,565,
12505,25,970000,0,user_25,565,565,
12516,26,970000,0,user_33,565,565,
12477,27,910000,139000,user_6,565,565,
12474,28,650000,0,user_4,565,565,
12473,29,630000,0,user_4,565,565,
12510,30,630000,0,user_27,565,565,
12486,31,420000,0,user_12,565,565,
12531,32,420000,0,user_47,565,565,
12507,33,370000,0,user_25,565,565,
12495,34,360000,4320000,user_21,565,565,
12519,35,360000,0,user_35,565,565,
12469,36,350000,0,user_0,565,565,
12488,37,350000,0,user_15,565,565,
12532,38,350000,0,user_49,565,565,
12471,39,320000,15700,user_2,565,565,
12482,40,260000,0,user_12,565,565,
12522,41,260000,0,user_41,565,565,
12478,42,240000,0,user_7,565,565,
12489,43,190000,0,user_16,565,565,
12499,44,190000,0,user_23,565,565,
12491,45,170000,285000,user_16,565,565,
12472,46,150000,769000,user_3,565,565,
12475,47,150000,0,user_4,565,565,
12497,48,120000,0,user_22,565,565,
12517,49,120000,0,user_34,565,565,
12529,50,120000,0,user_46,565,565,
12509,51,110000,0,user_26,565,565,
12528,52,100000,0,user_45,565,565,
12483,53,83000,0,user_12,565,565,
12496,54,79000,0,user_21,565,565,
12527,55,79000,0,user_44,565,565,
12511,56,77000,0,user_27,565,565,
12618,,3600000,0,user_0,566,,
12619,,310000,0,user_2,566,,
12620,,4500000,0,user_3,566,,
12621,,370000,0,user_4,566,,
12622,,1300000,0,user_5,566,,
12623,,80000,0,user_5,566,,
12624,,80000,0,user_5,566,,
12625,,1100000,0,user_5,566,,
12626,,190000,0,user_6,566,,
12627,,3500000,0,user_6,566,,
12628,,110000,0,user_7,566,,
12629,,1000000,0,user_7,566,,
12630,,87000,0,user_8,566,,
12631,,220000,0,user_9,566,,
12632,,420000,256000,user_10,566,,
12633,,4200000,0,user_11,566,,
12634,,600000,350000,user_12,566,,
12635,,240000,0,user_13,566,,
12636,,420000,0,user_14,566,,
12637,,84000,0,user_14,566,,
12638,,1100000,215000,user_16,566,,
12639,,310000,0,user_16,566,,
12640,,420000,0,user_17,566,,
12641,,370000,0,user_17,566,,
12642,,220000,0,user_18,566,,
12643,,1400000,0,user_19,566,,
12644,,370000,0,user_20,566,,
12645,,160000,0,user_21,566,,
12646,,1600000,0,user_22,566,,
12647,,73000,0,user_24,566,,
12648,,370000,0,user_25,566,,
12649,,1600000,0,user_26,566,,
12650,,260000,0,user_28,566,,
12651,,110000,0,user_29,566,,
12652,,79000,0,user_29,566,,
12653,,630000,0,user_30,566,,
12654,,98000,0,user_30,566,,
12655,,2500000,0,user_30,566,,
12656,,5000000,0,user_30,566,,
12657,,84000,34700,user_32,566,,
12658,,1800000,0,user_33,566,,
12659,,1000000,0,user_33,566,,
12660,,2600000,0,user_34,566,,
12661,,110000,0,user_35,566,,
12662,,130000,0,user_36,566,,
12663,,82000,0,user_38,566,,
12664,,260000,0,user_39,566,,
12665,,340000,0,user_40,566,,
12666,,2300000,146000,user_40,566,,
12667,,600000,594000,user_40,566,,
12668,,110000,0,user_42,566,,
12669,,2300000,0,user_43,566,,
12670,,1100000,0,user_43,566,,
12671,,300000,121000,user_44,566,,
12672,,300000,0,user_44,566,,
12673,,1000000,769000,user_44,566,,
12674,,220000,0,user_45,566,,
12675,,120000,0,user_45,566,,
12676,,460000,0,user_45,566,,
12677,,1900000,0,user_48,566,,
12656,0,5000000,0,user_30,566,566,
12620,1,4500000,0,user_3,566,566,
12633,2,4200000,0,user_11,566,566,
12618,3,3600000,0,user_0,566,566,
12627,4,3500000,0,user_6,566,566,
12660,5,2600000,0,user_34,566,566,
12655,6,2500000,0,user_30,566,566,
12666,7,2300000,146000,user_40,566,566,
12669,8,2300000,0,user_43,566,566,
12677,9,1900000,0,user_48,566,566,
12658,10,1800000,0,user_33,566,566,
12646,11,1600000,0,user_22,566,566,
12643,12,1400000,0,user_19,566,566,
12622,13,1300000,0,user_5,566,566,
12625,14,1100000,0,user_5,566,566,
12638,15,1100000,215000,user_16,566,566,
12670,16,1100000,0,user_43,566,566,
12629,17,1000000,0,user_7,566,566,
12659,18,1000000,0,user_33,566,566,
12673,19,1000000,769000,user_44,566,566,
12653,20,630000,0,user_30,566,566,
12667,21,600000,594000,user_40,566,566,
12676,22,460000,0,user_45,566,566,
12632,23,420000,256000,user_10,566,566,
12636,24,420000,0,user_14,566,566,
12640,25,420000,0,user_17,566,566,
12641,26,370000,0,user_17,566,566,
12644,27,370000,0,user_20,566,566,
12648,28,370000,0,user_25,566,566,
12665,29,340000,0,user_40,566,566,
12619,30,310000,0,user_2,566,566,
12639,31,310000,0,user_16,566,566,
12671,32,300000,121000,user_44,566,566,
12672,33,300000,0,user_44,566,566,
12635,34,240000,0,user_13,566,566,
12631,35,220000,0,user_9,566,566,
12642,36,220000,0,user_18,566,566,
12674,37,220000,0,user_45,566,566,
12626,38,190000,0,user_6,566,566,
12645,39,160000,0,user_21,566,566,
12662,40,130000,0,user_36,566,566,
12675,41,120000,0,user_45,566,566,
12628,42,110000,0,user_7,566,566,
12651,43,110000,0,user_29,566,566,
12661,44,110000,0,user_35,566,566,
12668,45,110000,0,user_42,566,566,
12654,46,98000,0,user_30,566,566,
12630,47,87000,0,user_8,566,566,
12637,48,84000,0,user_14,566,566,
12657,49,84000,34700,user_32,566,566,
12663,50,82000,0,user_38,566,566,
12623,51,80000,0,user_5,566,566,
12624,52,80000,0,user_5,566,566,
12652,53,79000,0,user_29,566,566,
12647,54,73000,0,user_24,566,566,
12737,,120000,67500,user_0,567,,
12738,,130000,0,user_1,567,,
12739,,85000,121000,user_2,567,,
12740,,1200000,0,user_3,567,,
12741,,2500000,0,user_4,567,,
12742,,2300000,0,user_5,567,,
12743,,600000,17000,user_5,567,,
12744,,160000,0,user_5,567,,
12745,,220000,0,user_6,567,,
12746,,150000,0,user_10,567,,
12747,,460000,67900,user_11,567,,
12748,,2400000,49100,user_12,567,,
12749,,530000,0,user_12,567,,
12750,,79000,0,user_15,567,,
12751,,650000,0,user_18,567,,
12752,,150000,0,user_19,567,,
12753,,1100000,0,user_20,567,,
12754,,670000,0,user_20,567,,
12755,,170000,0,user_21,567,,
12756,,240000,0,user_22,567,,
12757,,350000,13800,user_23,567,,
12758,,110000,0,user_23,567,,
12759,,98000,17000,user_25,567,,
12760,,470000,10700,user_26,567,,
12761,,2000000,0,user_28,567,,
12762,,470000,0,user_29,567,,
12763,,2100000,15700,user_29,567,,
12764,,1500000,11200,user_30,567,,
12765,,3600000,0,user_31,567,,
12766,,1900000,0,user_33,567,,
12767,,83000,0,user_34,567,,
12768,,120000,0,user_34,567,,
12769,,1800000,0,user_36,567,,
12770,,2000000,0,user_37,567,,
12771,,600000,0,user_38,567,,
12772,,650000,0,user_40,567,,
12773,,1400000,66100,user_41,567,,
12774,,85000,0,user_41,567,,
12775,,420000,0,user_41,567,,
12776,,4200000,0,user_41,567,,
12777,,5000000,0,user_44,567,,
12778,,150000,0,user_45,567,,
12779,,120000,0,user_47,567,,
12780,,3500000,0,user_48,567,,
12781,,460000,15300,user_49,567,,
12777,0,5000000,0,user_44,567,567,
12776,1,4200000,0,user_41,567,567,
12765,2,3600000,0,user_31,567,567,
12780,3,3500000,0,user_48,567,567,
12741,4,2500000,0,user_4,567,567,
12810,5,0,0,builder_3,567,567,12748
12748,6,2400000,49100,user_12,567,567,
12742,7,2300000,0,user_5,567,567,
12763,8,2100000,15700,user_29,567,567,
12811,9,0,0,builder_3,567,567,12763
12761,10,2000000,0,user_28,567,567,
12770,11,2000000,0,user_37,567,567,
12766,12,1900000,0,user_33,567,567,
12769,13,1800000,0,user_36,567,567,
12812,14,0,0,builder_3,567,567,12764
12764,15,1500000,11200,user_30,567,567,
12773,16,1400000,66100,user_41,567,567,
12813,17,0,0,builder_3,567,567,12773
12740,18,1200000,0,user_3,567,567,
12753,19,1100000,0,user_20,567,567,
12754,20,670000,0,user_20,567,567,
12751,21,650000,0,user_18,567,567,
12772,22,650000,0,user_40,567,567,
12814,23,0,0,builder_3,567,567,12743
12743,24,600000,17000,user_5,567,567,
12771,25,600000,0,user_38,567,567,
12749,26,530000,0,user_12,567,567,
12747,27,460000,67900,user_11,567,567,
12815,28,0,0,builder_3,567,567,12747
12816,29,0,0,builder_3,567,567,12760
12760,30,470000,10700,user_26,567,567,
12817,31,0,0,builder_3,567,567,12781
12781,32,460000,15300,user_49,567,567,
12762,33,470000,0,user_29,567,567,
12775,34,420000,0,user_41,567,567,
12757,35,350000,13800,user_23,567,567,
12818,36,0,0,builder_3,567,567,12757
12756,37,240000,0,user_22,567,567,
12819,38,0,0,builder_3,567,567,12739
12739,39,85000,121000,user_2,567,567,
12737,40,120000,67500,user_0,567,567,
12820,41,0,0,builder_3,567,567,12737
12755,42,170000,0,user_21,567,567,
12744,43,160000,0,user_5,567,567,
12746,44,150000,0,user_10,567,567,
12752,45,150000,0,user_19,567,567,
12778,46,150000,0,user_45,567,567,
12768,47,120000,0,user_34,567,567,
12779,48,120000,0,user_47,567,567,
12758,49,110000,0,user_23,567,567,
12774,50,85000,0,user_41,567,567,
12767,51,83000,0,user_34,567,567,
12750,52,79000,0,user_15,567,567,
12868,,910000,0,user_0,568,,
12869,,30000000,350000,user_0,568,,
12870,,340000,0,user_1,568,,
12871,,150000,0,user_2,568,,
12872,,310000,0,user_3,568,,
12873,,110000,0,user_4,568,,
12874,,2600000,0,user_4,568,,
12875,,530000,181000,user_5,568,,
12876,,1300000,121000,user_6,568,,
12877,,6300000,0,user_6,568,,
12878,,310000,0,user_6,568,,
12879,,84000,0,user_7,568,,
12880,,1000000,0,user_8,568,,
12881,,2400000,0,user_9,568,,
12882,,1100000,0,user_10,568,,
12883,,1500000,0,user_10,568,,
12884,,1300000,0,user_13,568,,
12885,,2400000,0,user_15,568,,
12886,,1600000,0,user_15,568,,
12887,,5000000,0,user_16,568,,
12888,,470000,4320000,user_17,568,,
12889,,350000,0,user_21,568,,
12890,,2500000,19700,user_21,568,,
12891,,82000,0,user_21,568,,
12892,,470000,17700000,user_21,568,,
12893,,1300000,0,user_22,568,,
12894,,160000,0,user_24,568,,
12895,,240000,17000,user_24,568,,
12896,,19000000,0,user_25,568,,
12897,,870000,0,user_25,568,,
12898,,600000,11200,user_26,568,,
12899,,80000,0,user_27,568,,
12900,,260000,0,user_28,568,,
12901,,85000,8520,user_29,568,,
12902,,110000,3130,user_29,568,,
12903,,1100000,594000,user_29,568,,
12904,,110000,0,user_29,568,,
12905,,160000,0,user_29,568,,
12906,,2100000,7190000,user_30,568,,
12907,,650000,0,user_31,568,,
12908,,160000,84800,user_32,568,,
12909,,3200000,0,user_32,568,,
12910,,110000,21800,user_33,568,,
12911,,1900000,0,user_34,568,,
12912,,2000000,71800,user_34,568,,
12913,,340000,0,user_35,568,,
12914,,870000,0,user_36,568,,
12915,,670000,769000,user_37,568,,
12916,,360000,0,user_37,568,,
12917,,80000,0,user_37,568,,
12918,,350000,21800,user_39,568,,
12919,,370000,0,user_40,568,,
12920,,350000,0,user_41,568,,
12921,,80000,0,user_41,568,,
12922,,1500000,0,user_43,568,,
12923,,460000,0,user_43,568,,
12924,,340000,0,user_44,568,,
12925,,320000,0,user_45,568,,
12926,,110000,0,user_45,568,,
12927,,910000,0,user_46,568,,
12869,0,30000000,350000,user_0,568,568,
12981,1,0,0,builder_4,568,568,12869
12896,2,19000000,0,user_25,568,568,
12892,3,470000,17700000,user_21,568,568,
12982,4,0,0,builder_4,568,568,12892
12983,5,0,0,builder_4,568,568,12906
12906,6,2100000,7190000,user_30,568,568,
12877,7,6300000,0,user_6,568,568,
12887,8,5000000,0,user_16,568,568,
12888,9,470000,4320000,user_17,568,568,
12984,10,0,0,builder_4,568,568,12888
12909,11,3200000,0,user_32,568,568,
12874,12,2600000,0,user_4,568,568,
12985,13,0,0,builder_4,568,568,12890
12890,14,2500000,19700,user_21,568,568,
12881,15,2400000,0,user_9,568,568,
12986,16,0,0,builder_4,568,568,12912
12912,17,2000000,71800,user_34,568,568,
12911,18,1900000,0,user_34,568,568,
12987,19,0,0,builder_4,568,568,12903
12903,20,1100000,594000,user_29,568,568,
12883,21,1500000,0,user_10,568,568,
12922,22,1500000,0,user_43,568,568,
12915,23,670000,769000,user_37,568,568,
12988,24,0,0,builder_4,568,568,12915
12876,25,1300000,121000,user_6,568,568,
12989,26,0,0,builder_4,568,568,12876
12884,27,1300000,0,user_13,568,568,
12893,28,1300000,0,user_22,568,568,
12882,29,1100000,0,user_10,568,568,
12880,30,1000000,0,user_8,568,568,
12868,31,910000,0,user_0,568,568,
12927,32,910000,0,user_46,568,568,
12897,33,870000,0,user_25,568,568,
12914,34,870000,0,user_36,568,568,
12907,35,650000,0,user_31,568,568,
12898,36,600000,11200,user_26,568,568,
12990,37,0,0,builder_4,568,568,12898
12923,38,460000,0,user_43,568,568,
12919,39,370000,0,user_40,568,568,
12916,40,360000,0,user_37,568,568,
12889,41,350000,0,user_21,568,568,
12920,42,350000,0,user_41,568,568,
12870,43,340000,0,user_1,568,568,
12913,44,340000,0,user_35,568,568,
12924,45,340000,0,user_44,568,568,
12925,46,320000,0,user_45,568,568,
12872,47,310000,0,user_3,568,568,
12878,48,310000,0,user_6,568,568,
12900,49,260000,0,user_28,568,568,
12895,50,240000,17000,user_24,568,568,
12991,51,0,0,builder_4,568,568,12895
12908,52,160000,84800,user_32,568,568,
12992,53,0,0,builder_4,568,568,12908
12894,54,160000,0,user_24,568,568,
12905,55,160000,0,user_29,568,568,
12871,56,150000,0,user_2,568,568,
12993,57,0,0,builder_4,568,568,12910
12910,58,110000,21800,user_33,568,568,
12902,59,110000,3130,user_29,568,568,
12994,60,0,0,builder_4,568,568,12902
12873,61,110000,0,user_4,568,568,
12904,62,110000,0,user_29,568,568,
12926,63,110000,0,user_45,568,568,
12995,64,0,0,builder_4,568,568,12901
12901,65,85000,8520,user_29,568,568,
12891,66,82000,0,user_21,568,568,
12899,67,80000,0,user_27,568,568,
12917,68,80000,0,user_37,568,568,
12921,69,80000,0,user_41,568,568,
13046,,110000,0,user_1,569,,
13047,,43000000,30200,user_1,569,,
13048,,260000,0,user_2,569,,
13049,,660000,0,user_4,569,,
13050,,110000,0,user_5,569,,
13051,,360000,0,user_9,569,,
13052,,110000,0,user_10,569,,
13053,,2000000,64600,user_11,569,,
13054,,170000,73100,user_13,569,,
13055,,1500000,0,user_14,569,,
13056,,470000,0,user_15,569,,
13057,,120000,0,user_16,569,,
13058,,870000,0,user_17,569,,
13059,,110000,0,user_18,569,,
13060,,2000000,0,user_18,569,,
13061,,1600000,769000,user_19,569,,
13062,,1200000,39400,user_20,569,,
13063,,79000,0,user_22,569,,
13064,,910000,0,user_24,569,,
13065,,98000,0,user_25,569,,
13066,,6300000,5180,user_26,569,,
13067,,1100000,256000,user_28,569,,
13068,,530000,0,user_28,569,,
13069,,220000,0,user_29,569,,
13070,,970000,0,user_29,569,,
13071,,110000,0,user_29,569,,
13072,,150000,510000,user_29,569,,
13073,,310000,256000,user_30,569,,
13074,,1000000,0,user_31,569,,
13075,,2500000,0,user_34,569,,
13076,,1500000,0,user_35,569,,
13077,,1100000,0,user_36,569,,
13078,,84000,0,user_36,569,,
13079,,2000000,24700,user_38,569,,
13080,,870000,0,user_38,569,,
13081,,1500000,0,user_39,569,,
13082,,190000,0,user_41,569,,
13083,,120000,0,user_41,569,,
13084,,2300000,17700000,user_43,569,,
13085,,310000,0,user_43,569,,
13086,,220000,7190000,user_43,569,,
13087,,2000000,0,user_43,569,,
13088,,630000,0,user_45,569,,
13089,,1600000,43600,user_46,569,,
13090,,82000,0,user_48,569,,
13047,0,43000000,30200,user_1,569,569,
13091,1,0,0,builder_0,569,569,13047
13084,2,2300000,17700000,user_43,569,569,
13092,3,0,0,builder_0,569,569,13084
13093,4,0,0,builder_0,569,569,13086
13086,5,220000,7190000,user_43,569,569,
13066,6,6300000,5180,user_26,569,569,
13094,7,0,0,builder_0,569,569,13066
13061,8,1600000,769000,user_19,569,569,
13095,9,0,0,builder_0,569,569,13061
13096,10,0,0,builder_0,569,569,13053
13053,11,2000000,64600,user_11,569,569,
13079,12,2000000,24700,user_38,569,569,
13097,13,0,0,builder_0,569,569,13079
13060,14,2000000,0,user_18,569,569,
13087,15,2000000,0,user_43,569,569,
13089,16,1600000,43600,user_46,569,569,
13098,17,0,0,builder_0,569,569,13089
13055,18,1500000,0,user_14,569,569,
13076,19,1500000,0,user_35,569,569,
13067,20,1100000,256000,user_28,569,569,
13099,21,0,0,builder_0,569,569,13067
13100,22,0,0,builder_0,569,569,13062
13062,23,1200000,39400,user_20,569,569,
13077,24,1100000,0,user_36,569,569,
13074,25,1000000,0,user_31,569,569,
13070,26,970000,0,user_29,569,569,
13058,27,870000,0,user_17,569,569,
13080,28,870000,0,user_38,569,569,
13101,29,0,0,builder_0,569,569,13072
13072,30,150000,510000,user_29,569,569,
13073,31,310000,256000,user_30,569,569,
13102,32,0,0,builder_0,569,569,13073
13068,33,530000,0,user_28,569,569,
13051,34,360000,0,user_9,569,569,
13085,35,310000,0,user_43,569,569,
13048,36,260000,0,user_2,569,569,
13103,37,0,0,builder_0,569,569,13054
13054,38,170000,73100,user_13,569,569,
13069,39,220000,0,user_29,569,569,
13082,40,190000,0,user_41,569,569,
13057,41,120000,0,user_16,569,569,
13083,42,120000,0,user_41,569,569,
13046,43,110000,0,user_1,569,569,
13052,44,110000,0,user_10,569,569,
13059,45,110000,0,user_18,569,569,
13071,46,110000,0,user_29,569,569,
13065,47,98000,0,user_25,569,569,
13078,48,84000,0,user_36,569,569,
13090,49,82000,0,user_48,569,569,
13063,50,79000,0,user_22,569,569,
13179,,150000,296000,user_1,570,,
13180,,650000,0,user_2,570,,
13181,,300000,231000,user_3,570,,
13182,,1900000,0,user_3,570,,
13183,,5200000,0,user_3,570,,
13184,,1600000,0,user_4,570,,
13185,,650000,0,user_4,570,,
13186,,2500000,0,user_8,570,,
13187,,340000,0,user_8,570,,
13188,,130000,0,user_9,570,,
13189,,5000000,0,user_11,570,,
13190,,150000,0,user_13,570,,
13191,,1000000,0,user_14,570,,
13192,,160000,0,user_15,570,,
13193,,150000,0,user_15,570,,
13194,,1800000,0,user_16,570,,
13195,,310000,0,user_17,570,,
13196,,2400000,0,user_18,570,,
13197,,1400000,0,user_19,570,,
13198,,460000,0,user_19,570,,
13199,,460000,0,user_20,570,,
13200,,2000000,73100,user_20,570,,
13201,,110000,350000,user_21,570,,
13202,,310000,0,user_21,570,,
13203,,2400000,0,user_22,570,,
13204,,30000000,0,user_25,570,,
13205,,110000,0,user_26,570,,
13206,,2500000,0,user_27,570,,
13207,,1600000,47700,user_28,570,,
13208,,130000,0,user_29,570,,
13209,,160000,155000,user_29,570,,
13210,,910000,0,user_29,570,,
13211,,1200000,0,user_29,570,,
13212,,220000,0,user_30,570,,
13213,,1500000,0,user_30,570,,
13214,,240000,24700,user_31,570,,
13215,,4500000,0,user_31,570,,
13216,,170000,0,user_31,570,,
13217,,84000,594000,user_31,570,,
13218,,27000000,0,user_31,570,,
13219,,310000,0,user_32,570,,
13220,,120000,0,user_32,570,,
13221,,43000000,5640,user_33,570,,
13222,,3500000,0,user_34,570,,
13223,,1000000,0,user_34,570,,
13224,,1600000,0,user_35,570,,
13225,,5000000,0,user_35,570,,
13226,,4200000,0,user_36,570,,
13227,,600000,0,user_38,570,,
13228,,83000,0,user_39,570,,
13229,,6300000,0,user_40,570,,
13230,,3500000,0,user_40,570,,
13231,,170000,0,user_40,570,,
13232,,79000,0,user_40,570,,
13233,,1600000,0,user_41,570,,
13234,,170000,0,user_41,570,,
13235,,120000,0,user_44,570,,
13236,,3600000,0,user_44,570,,
13237,,3600000,0,user_44,570,,
13238,,350000,0,user_45,570,,
13239,,310000,0,user_46,570,,
13240,,19000000,0,user_46,570,,
13241,,350000,322000,user_47,570,,
13242,,630000,0,user_48,570,,
13243,,1600000,0,user_49,570,,
13221,0,43000000,5640,user_33,570,570,
13275,1,0,0,builder_4,570,570,13221
13204,2,30000000,0,user_25,570,570,
13218,3,27000000,0,user_31,570,570,
13240,4,19000000,0,user_46,570,570,
13229,5,6300000,0,user_40,570,570,
13183,6,5200000,0,user_3,570,570,
13189,7,5000000,0,user_11,570,570,
13225,8,5000000,0,user_35,570,570,
13215,9,4500000,0,user_31,570,570,
13226,10,4200000,0,user_36,570,570,
13236,11,3600000,0,user_44,570,570,
13237,12,3600000,0,user_44,570,570,
13222,13,3500000,0,user_34,570,570,
13230,14,3500000,0,user_40,570,570,
13186,15,2500000,0,user_8,570,570,
13206,16,2500000,0,user_27,570,570,
13196,17,2400000,0,user_18,570,570,
13203,18,2400000,0,user_22,570,570,
13200,19,2000000,73100,user_20,570,570,
13276,20,0,0,builder_4,570,570,13200
13182,21,1900000,0,user_3,570,570,
13194,22,1800000,0,user_16,570,570,
13277,23,0,0,builder_4,570,570,13207
13207,24,1600000,47700,user_28,570,570,
13184,25,1600000,0,user_4,570,570,
13224,26,1600000,0,user_35,570,570,
13233,27,1600000,0,user_41,570,570,
13243,28,1600000,0,user_49,570,570,
13213,29,1500000,0,user_30,570,570,
13197,30,1400000,0,user_19,570,570,
13211,31,1200000,0,user_29,570,570,
13191,32,1000000,0,user_14,570,570,
13223,33,1000000,0,user_34,570,570,
13210,34,910000,0,user_29,570,570,
13278,35,0,0,builder_4,570,570,13217
13217,36,84000,594000,user_31,570,570,
13180,37,650000,0,user_2,570,570,
13185,38,650000,0,user_4,570,570,
13242,39,630000,0,user_48,570,570,
13227,40,600000,0,user_38,570,570,
13279,41,0,0,builder_4,570,570,13181
13181,42,300000,231000,user_3,570,570,
13198,43,460000,0,user_19,570,570,
13199,44,460000,0,user_20,570,570,
13280,45,0,0,builder_4,570,570,13201
13201,46,110000,350000,user_21,570,570,
13179,47,150000,296000,user_1,570,570,
13281,48,0,0,builder_4,570,570,13179
13238,49,350000,0,user_45,570,570,
13187,50,340000,0,user_8,570,570,
13282,51,0,0,builder_4,570,570,13209
13209,52,160000,155000,user_29,570,570,
13195,53,310000,0,user_17,570,570,
13202,54,310000,0,user_21,570,570,
13219,55,310000,0,user_32,570,570,
13239,56,310000,0,user_46,570,570,
13214,57,240000,24700,user_31,570,570,
13283,58,0,0,builder_4,570,570,13214
13212,59,220000,0,user_30,570,570,
13216,60,170000,0,user_31,570,570,
13231,61,170000,0,user_40,570,570,
13234,62,170000,0,user_41,570,570,
13190,63,150000,0,user_13,570,570,
13188,64,130000,0,user_9,570,570,
13208,65,130000,0,user_29,570,570,
13220,66,120000,0,user_32,570,570,
13235,67,120000,0,user_44,570,570,
13205,68,110000,0,user_26,570,570,
13232,69,79000,0,user_40,570,570,
13314,,220000,0,user_1,571,,
13315,,160000,0,user_2,571,,
13316,,120000,0,user_3,571,,
13317,,110000,0,user_4,571,,
13318,,1200000,0,user_5,571,,
13319,,460000,0,user_6,571,,
13320,,82000,0,user_6,571,,
13321,,170000,410000,user_7,571,,
13322,,87000,0,user_8,571,,
13323,,160000,0,user_9,571,,
13324,,220000,0,user_9,571,,
13325,,84000,33100,user_11,571,,
13326,,310000,0,user_12,571,,
13327,,350000,0,user_12,571,,
13328,,110000,0,user_14,571,,
13329,,1200000,0,user_14,571,,
13330,,120000,0,user_15,571,,
13331,,80000,0,user_17,571,,
13332,,30000000,68100,user_17,571,,
13333,,260000,0,user_18,571,,
13334,,84000,0,user_19,571,,
13335,,160000,0,user_21,571,,
13336,,120000,0,user_22,571,,
13337,,85000,0,user_22,571,,
13338,,170000,0,user_23,571,,
13339,,2600000,0,user_24,571,,
13340,,1300000,0,user_27,571,,
13341,,630000,0,user_30,571,,
13342,,190000,0,user_31,571,,
13343,,910000,0,user_31,571,,
13344,,170000,0,user_32,571,,
13345,,120000,0,user_34,571,,
13346,,870000,0,user_35,571,,
13347,,5000000,0,user_37,571,,
13348,,43000000,128000,user_38,571,,
13349,,77000,0,user_38,571,,
13350,,600000,0,user_38,571,,
13351,,470000,350000,user_39,571,,
13352,,1100000,0,user_41,571,,
13353,,30000000,121000,user_42,571,,
13354,,460000,0,user_43,571,,
13355,,5000000,0,user_43,571,,
13356,,150000,0,user_44,571,,
13357,,85000,0,user_45,571,,
13358,,83000,0,user_46,571,,
13359,,110000,381000,user_47,571,,
13360,,3500000,181000,user_48,571,,
13387,0,0,0,builder_4,571,571,13348
13348,1,43000000,128000,user_38,571,571,
13388,2,0,0,builder_4,571,571,13353
13353,3,30000000,121000,user_42,571,571,
13332,4,30000000,68100,user_17,571,571,
13389,5,0,0,builder_4,571,571,13332
13347,6,5000000,0,user_37,571,571,
13355,7,5000000,0,user_43,571,571,
13390,8,0,0,builder_4,571,571,13360
13360,9,3500000,181000,user_48,571,571,
13339,10,2600000,0,user_24,571,571,
13340,11,1300000,0,user_27,571,571,
13329,12,1200000,0,user_14,571,571,
13352,13,1100000,0,user_41,571,571,
13343,14,910000,0,user_31,571,571,
13346,15,870000,0,user_35,571,571,
13341,16,630000,0,user_30,571,571,
13350,17,600000,0,user_38,571,571,
13319,18,460000,0,user_6,571,571,
13354,19,460000,0,user_43,571,571,
13327,20,350000,0,user_12,571,571,
13326,21,310000,0,user_12,571,571,
13333,22,260000,0,user_18,571,571,
13314,23,220000,0,user_1,571,571,
13324,24,220000,0,user_9,571,571,
13342,25,190000,0,user_31,571,571,
13338,26,170000,0,user_23,571,571,
13344,27,170000,0,user_32,571,571,
13315,28,160000,0,user_2,571,571,
13323,29,160000,0,user_9,571,571,
13335,30,160000,0,user_21,571,571,
13356,31,150000,0,user_44,571,571,
13316,32,120000,0,user_3,571,571,
13336,33,120000,0,user_22,571,571,
13345,34,120000,0,user_34,571,571,
13391,35,0,0,builder_4,571,571,13325
13325,36,84000,33100,user_11,571,571,
13317,37,110000,0,user_4,571,571,
13328,38,110000,0,user_14,571,571,
13322,39,87000,0,user_8,571,571,
13337,40,85000,0,user_22,571,571,
13357,41,85000,0,user_45,571,571,
13334,42,84000,0,user_19,571,571,
13358,43,83000,0,user_46,571,571,
13320,44,82000,0,user_6,571,571,
13331,45,80000,0,user_17,571,571,
13349,46,77000,0,user_38,571,571,
13414,,1100000,0,user_1,572,,
13415,,77000,0,user_4,572,,
13416,,85000,0,user_5,572,,
13417,,1800000,16400,user_5,572,,
13418,,2600000,0,user_7,572,,
13419,,83000,0,user_10,572,,
13420,,120000,0,user_11,572,,
13421,,910000,283000,user_12,572,,
13422,,84000,0,user_12,572,,
13423,,1300000,0,user_12,572,,
13424,,110000,0,user_12,572,,
13425,,19000000,0,user_12,572,,
13426,,85000,0,user_13,572,,
13427,,84000,0,user_18,572,,
13428,,2000000,0,user_18,572,,
13429,,3500000,0,user_19,572,,
13430,,110000,0,user_19,572,,
13431,,1100000,0,user_20,572,,
13432,,1900000,350000,user_21,572,,
13433,,110000,0,user_22,572,,
13434,,1500000,0,user_23,572,,
13435,,120000,0,user_25,572,,
13436,,73000,0,user_25,572,,
13437,,670000,13900,user_25,572,,
13438,,19000000,0,user_26,572,,
13439,,82000,0,user_26,572,,
13440,,1600000,0,user_27,572,,
13441,,360000,0,user_27,572,,
13442,,30000000,0,user_27,572,,
13443,,120000,16400,user_27,572,,
13444,,3500000,0,user_27,572,,
13445,,83000,5630,user_28,572,,
13446,,470000,0,user_28,572,,
13447,,460000,0,user_29,572,,
13448,,1000000,0,user_30,572,,
13449,,120000,0,user_31,572,,
13450,,2000000,510000,user_32,572,,
13451,,160000,0,user_32,572,,
13452,,150000,0,user_32,572,,
13453,,160000,0,user_32,572,,
13454,,2600000,34700,user_34,572,,
13455,,910000,0,user_34,572,,
13456,,260000,0,user_35,572,,
13457,,150000,0,user_35,572,,
13458,,1100000,64600,user_36,572,,
13459,,120000,0,user_37,572,,
13460,,150000,0,user_38,572,,
13461,,1400000,33300,user_39,572,,
13462,,970000,0,user_39,572,,
13463,,2000000,0,user_40,572,,
13464,,3200000,31700,user_40,572,,
13465,,160000,0,user_41,572,,
13466,,77000,33300,user_41,572,,
13467,,30000000,42000,user_41,572,,
13468,,2000000,0,user_41,572,,
13469,,170000,0,user_43,572,,
13470,,4200000,0,user_45,572,,
13471,,120000,0,user_45,572,,
13472,,160000,155000,user_46,572,,
13473,,160000,15100,user_48,572,,
13474,,1100000,0,user_49,572,,
13475,,1200000,0,user_49,572,,
13467,0,30000000,42000,user_41,572,572,
13523,1,0,0,builder_4,572,572,13467
13442,2,30000000,0,user_27,572,572,
13425,3,19000000,0,user_12,572,572,
13438,4,19000000,0,user_26,572,572,
13470,5,4200000,0,user_45,572,572,
13429,6,3500000,0,user_19,572,572,
13444,7,3500000,0,user_27,572,572,
13524,8,0,0,builder_4,572,572,13464
13464,9,3200000,31700,user_40,572,572,
13454,10,2600000,34700,user_34,572,572,
13525,11,0,0,builder_4,572,572,13454
13450,12,2000000,510000,user_32,572,572,
13526,13,0,0,builder_4,572,572,13450
13527,14,0,0,builder_4,572,572,13432
13432,15,1900000,350000,user_21,572,572,
13428,16,2000000,0,user_18,572,572,
13463,17,2000000,0,user_40,572,572,
13468,18,2000000,0,user_41,572,572,
13440,19,1600000,0,user_27,572,572,
13434,20,1500000,0,user_23,572,572,
13423,21,1300000,0,user_12,572,572,
13475,22,1200000,0,user_49,572,572,
13421,23,910000,283000,user_12,572,572,
13528,24,0,0,builder_4,572,572,13421
13458,25,1100000,64600,user_36,572,572,
13529,26,0,0,builder_4,572,572,13458
13414,27,1100000,0,user_1,572,572,
13431,28,1100000,0,user_20,572,572,
13474,29,1100000,0,user_49,572,572,
13448,30,1000000,0,user_30,572,572,
13455,31,910000,0,user_34,572,572,
13437,32,670000,13900,user_25,572,572,
13530,33,0,0,builder_4,572,572,13437
13446,34,470000,0,user_28,572,572,
13447,35,460000,0,user_29,572,572,
13441,36,360000,0,user_27,572,572,
13531,37,0,0,builder_4,572,572,13472
13472,38,160000,155000,user_46,572,572,
13456,39,260000,0,user_35,572,572,
13532,40,0,0,builder_4,572,572,13473
13473,41,160000,15100,user_48,572,572,
13469,42,170000,0,user_43,572,572,
13451,43,160000,0,user_32,572,572,
13453,44,160000,0,user_32,572,572,
13465,45,160000,0,user_41,572,572,
13452,46,150000,0,user_32,572,572,
13457,47,150000,0,user_35,572,572,
13460,48,150000,0,user_38,572,572,
13443,49,120000,16400,user_27,572,572,
13533,50,0,0,builder_4,572,572,13443
13420,51,120000,0,user_11,572,572,
13435,52,120000,0,user_25,572,572,
13449,53,120000,0,user_31,572,572,
13459,54,120000,0,user_37,572,572,
13471,55,120000,0,user_45,572,572,
13534,56,0,0,builder_4,572,572,13466
13466,57,77000,33300,user_41,572,572,
13424,58,110000,0,user_12,572,572,
13430,59,110000,0,user_19,572,572,
13433,60,110000,0,user_22,572,572,
13445,61,83000,5630,user_28,572,572,
13535,62,0,0,builder_4,572,572,13445
13426,63,85000,0,user_13,572,572,
13422,64,84000,0,user_12,572,572,
13427,65,84000,0,user_18,572,572,
13419,66,83000,0,user_10,572,572,
13439,67,82000,0,user_26,572,572,
13415,68,77000,0,user_4,572,572,
13436,69,73000,0,user_25,572,572,
13584,,2500000,0,user_0,573,,
13585,,240000,0,user_2,573,,
13586,,98000,0,user_4,573,,
13587,,260000,0,user_6,573,,
13588,,130000,0,user_7,573,,
13589,,470000,0,user_11,573,,
13590,,1100000,0,user_11,573,,
13591,,870000,0,user_12,573,,
13592,,1100000,0,user_13,573,,
13593,,300000,0,user_13,573,,
13594,,110000,0,user_14,573,,
13595,,6300000,0,user_15,573,,
13596,,370000,0,user_17,573,,
13597,,1300000,13800,user_19,573,,
13598,,150000,0,user_20,573,,
13599,,630000,0,user_21,573,,
13600,,43000000,0,user_21,573,,
13601,,160000,350000,user_22,573,,
13602,,260000,5640,user_23,573,,
13603,,83000,0,user_24,573,,
13604,,460000,0,user_25,573,,
13605,,220000,0,user_26,573,,
13606,,260000,21800,user_26,573,,
13607,,1800000,0,user_28,573,,
13608,,110000,0,user_30,573,,
13609,,150000,0,user_30,573,,
13610,,1000000,0,user_32,573,,
13611,,82000,0,user_32,573,,
13612,,670000,0,user_33,573,,
13613,,1600000,0,user_34,573,,
13614,,160000,0,user_34,573,,
13615,,460000,0,user_36,573,,
13616,,1200000,0,user_37,573,,
13617,,130000,0,user_38,573,,
13618,,1000000,0,user_40,573,,
13619,,310000,0,user_41,573,,
13620,,1000000,0,user_41,573,,
13621,,1400000,0,user_41,573,,
13622,,260000,7190000,user_41,573,,
13623,,1800000,0,user_41,573,,
13624,,170000,0,user_43,573,,
13625,,470000,49100,user_44,573,,
13626,,2000000,0,user_45,573,,
13627,,530000,17000,user_47,573,,
13628,,6300000,283000,user_47,573,,
13629,,1400000,0,user_48,573,,
13630,,670000,5180,user_49,573,,
13600,0,43000000,0,user_21,573,573,
13631,1,0,0,builder_0,573,573,13622
13622,2,260000,7190000,user_41,573,573,
13632,3,0,0,builder_0,573,573,13628
13628,4,6300000,283000,user_47,573,573,
13584,5,2500000,0,user_0,573,573,
13607,6,1800000,0,user_28,573,573,
13623,7,1800000,0,user_41,573,573,
13621,8,1400000,0,user_41,573,573,
13629,9,1400000,0,user_48,573,573,
13633,10,0,0,builder_0,573,573,13597
13597,11,1300000,13800,user_19,573,573,
13616,12,1200000,0,user_37,573,573,
13590,13,1100000,0,user_11,573,573,
13592,14,1100000,0,user_13,573,573,
13610,15,1000000,0,user_32,573,573,
13618,16,1000000,0,user_40,573,573,
13620,17,1000000,0,user_41,573,573,
13634,18,0,0,builder_0,573,573,13630
13630,19,670000,5180,user_49,573,573,
13612,20,670000,0,user_33,573,573,
13599,21,630000,0,user_21,573,573,
13635,22,0,0,builder_0,573,573,13627
13627,23,530000,17000,user_47,573,573,
13636,24,0,0,builder_0,573,573,13625
13625,25,470000,49100,user_44,573,573,
13601,26,160000,350000,user_22,573,573,
13637,27,0,0,builder_0,573,573,13601
13589,28,470000,0,user_11,573,573,
13604,29,460000,0,user_25,573,573,
13615,30,460000,0,user_36,573,573,
13596,31,370000,0,user_17,573,573,
13619,32,310000,0,user_41,573,573,
13593,33,300000,0,user_13,573,573,
13638,34,0,0,builder_0,573,573,13606
13606,35,260000,21800,user_26,573,573,
13602,36,260000,5640,user_23,573,573,
13639,37,0,0,builder_0,573,573,13602
13587,38,260000,0,user_6,573,573,
13585,39,240000,0,user_2,573,573,
13605,40,220000,0,user_26,573,573,
13624,41,170000,0,user_43,573,573,
13598,42,150000,0,user_20,573,573,
13609,43,150000,0,user_30,573,573,
13588,44,130000,0,user_7,573,573,
13617,45,130000,0,user_38,573,573,
13594,46,110000,0,user_14,573,573,
13608,47,110000,0,user_30,573,573,
13611,48,82000,0,user_32,573,573,
13692,,2100000,0,user_1,574,,
13693,,150000,0,user_5,574,,
13694,,1300000,0,user_7,574,,
13695,,870000,0,user_9,574,,
13696,,1500000,0,user_10,574,,
13697,,170000,0,user_13,574,,
13698,,1400000,0,user_14,574,,
13699,,2600000,15100,user_14,574,,
13700,,1500000,0,user_15,574,,
13701,,1300000,0,user_15,574,,
13702,,170000,0,user_16,574,,
13703,,5000000,0,user_17,574,,
13704,,120000,0,user_17,574,,
13705,,660000,959000,user_18,574,,
13706,,77000,0,user_19,574,,
13707,,43000000,0,user_20,574,,
13708,,6300000,0,user_21,574,,
13709,,460000,0,user_22,574,,
13710,,1900000,0,user_23,574,,
13711,,4200000,0,user_24,574,,
13712,,260000,0,user_24,574,,
13713,,80000,0,user_26,574,,
13714,,350000,545000,user_27,574,,
13715,,79000,0,user_28,574,,
13716,,1000000,0,user_30,574,,
13717,,3600000,0,user_30,574,,
13718,,1400000,0,user_30,574,,
13719,,2000000,0,user_30,574,,
13720,,260000,0,user_31,574,,
13721,,1800000,0,user_31,574,,
13722,,4200000,0,user_32,574,,
13723,,150000,0,user_32,574,,
13724,,310000,0,user_33,574,,
13725,,160000,0,user_33,574,,
13726,,1500000,0,user_36,574,,
13727,,80000,0,user_37,574,,
13728,,2500000,0,user_37,574,,
13729,,2000000,71800,user_38,574,,
13730,,310000,510000,user_39,574,,
13731,,2600000,0,user_40,574,,
13732,,340000,0,user_41,574,,
13733,,260000,0,user_42,574,,
13734,,87000,0,user_42,574,,
13735,,360000,0,user_44,574,,
13736,,360000,0,user_47,574,,
13737,,220000,0,user_49,574,,
13738,,350000,0,user_49,574,,
13739,,120000,71800,user_49,574,,
13740,,350000,0,user_49,574,,
13707,0,43000000,0,user_20,574,574,
13708,1,6300000,0,user_21,574,574,
13703,2,5000000,0,user_17,574,574,
13711,3,4200000,0,user_24,574,574,
13722,4,4200000,0,user_32,574,574,
13717,5,3600000,0,user_30,574,574,
13756,6,0,0,builder_3,574,574,13699
13699,7,2600000,15100,user_14,574,574,
13731,8,2600000,0,user_40,574,574,
13728,9,2500000,0,user_37,574,574,
13729,10,2000000,71800,user_38,574,574,
13757,11,0,0,builder_3,574,574,13729
13719,12,2000000,0,user_30,574,574,
13710,13,1900000,0,user_23,574,574,
13721,14,1800000,0,user_31,574,574,
13758,15,0,0,builder_3,574,574,13705
13705,16,660000,959000,user_18,574,574,
13696,17,1500000,0,user_10,574,574,
13700,18,1500000,0,user_15,574,574,
13726,19,1500000,0,user_36,574,574,
13698,20,1400000,0,user_14,574,574,
13718,21,1400000,0,user_30,574,574,
13694,22,1300000,0,user_7,574,574,
13701,23,1300000,0,user_15,574,574,
13716,24,1000000,0,user_30,574,574,
13759,25,0,0,builder_3,574,574,13730
13730,26,310000,510000,user_39,574,574,
13709,27,460000,0,user_22,574,574,
13735,28,360000,0,user_44,574,574,
13736,29,360000,0,user_47,574,574,
13738,30,350000,0,user_49,574,574,
13740,31,350000,0,user_49,574,574,
13732,32,340000,0,user_41,574,574,
13724,33,310000,0,user_33,574,574,
13712,34,260000,0,user_24,574,574,
13720,35,260000,0,user_31,574,574,
13733,36,260000,0,user_42,574,574,
13737,37,220000,0,user_49,574,574,
13739,38,120000,71800,user_49,574,574,
13760,39,0,0,builder_3,574,574,13739
13697,40,170000,0,user_13,574,574,
13725,41,160000,0,user_33,574,574,
13693,42,150000,0,user_5,574,574,
13723,43,150000,0,user_32,574,574,
13704,44,120000,0,user_17,574,574,
13734,45,87000,0,user_42,574,574,
13713,46,80000,0,user_26,574,574,
13727,47,80000,0,user_37,574,574,
13715,48,79000,0,user_28,574,574,
13706,49,77000,0,user_19,574,574,
13786,,160000,0,user_2,575,,
13787,,340000,0,user_2,575,,
13788,,420000,0,user_2,575,,
13789,,6100000,0,user_2,575,,
13790,,2100000,84800,user_2,575,,
13791,,460000,0,user_4,575,,
13792,,120000,0,user_6,575,,
13793,,27000000,0,user_7,575,,
13794,,87000,0,user_9,575,,
13795,,85000,0,user_10,575,,
13796,,1100000,0,user_11,575,,
13797,,100000,0,user_12,575,,
13798,,1300000,0,user_13,575,,
13799,,1900000,0,user_14,575,,
13800,,150000,0,user_17,575,,
13801,,260000,0,user_18,575,,
13802,,630000,0,user_18,575,,
13803,,1700000,0,user_19,575,,
13804,,79000,0,user_20,575,,
13805,,1400000,0,user_22,575,,
13806,,350000,195000,user_23,575,,
13807,,170000,959000,user_24,575,,
13808,,1800000,0,user_24,575,,
13809,,370000,0,user_25,575,,
13810,,910000,155000,user_26,575,,
13811,,2100000,0,user_27,575,,
13812,,87000,0,user_28,575,,
13813,,2500000,0,user_29,575,,
13814,,43000000,231000,user_29,575,,
13815,,82000,181000,user_29,575,,
13816,,220000,350000,user_30,575,,
13817,,30000000,369000,user_30,575,,
13818,,160000,0,user_30,575,,
13819,,30000000,15300,user_31,575,,
13820,,260000,0,user_32,575,,
13821,,160000,0,user_33,575,,
13822,,1400000,0,user_34,575,,
13823,,80000,0,user_35,575,,
13824,,2000000,0,user_36,575,,
13825,,220000,0,user_38,575,,
13826,,170000,779000,user_38,575,,
13827,,4500000,0,user_38,575,,
13828,,2300000,0,user_38,575,,
13829,,85000,0,user_38,575,,
13830,,170000,0,user_39,575,,
13831,,160000,0,user_40,575,,
13832,,43000000,0,user_41,575,,
13833,,2000000,0,user_42,575,,
13834,,84000,0,user_43,575,,
13835,,2100000,0,user_44,575,,
13836,,84000,0,user_45,575,,
13837,,1000000,0,user_46,575,,
13838,,85000,215000,user_47,575,,
13839,,1600000,0,user_49,575,,
13840,,370000,0,user_49,575,,
13841,,5200000,108000,user_49,575,,
13814,0,43000000,231000,user_29,575,575,
13832,1,43000000,0,user_41,575,575,
13817,2,30000000,369000,user_30,575,575,
13819,3,30000000,15300,user_31,575,575,
13793,4,27000000,0,user_7,575,575,
13789,5,6100000,0,user_2,575,575,
13841,6,5200000,108000,user_49,575,575,
13827,7,4500000,0,user_38,575,575,
13813,8,2500000,0,user_29,575,575,
13828,9,2300000,0,user_38,575,575,
13790,10,2100000,84800,user_2,575,575,
13811,11,2100000,0,user_27,575,575,
13835,12,2100000,0,user_44,575,575,
13824,13,2000000,0,user_36,575,575,
13833,14,2000000,0,user_42,575,575,
13799,15,1900000,0,user_14,575,575,
13808,16,1800000,0,user_24,575,575,
13803,17,1700000,0,user_19,575,575,
13839,18,1600000,0,user_49,575,575,
13805,19,1400000,0,user_22,575,575,
13822,20,1400000,0,user_34,575,575,
13798,21,1300000,0,user_13,575,575,
13796,22,1100000,0,user_11,575,575,
13837,23,1000000,0,user_46,575,575,
13802,24,630000,0,user_18,575,575,
13788,25,420000,0,user_2,575,575,
13809,26,370000,0,user_25,575,575,
13840,27,370000,0,user_49,575,575,
13806,28,350000,195000,user_23,575,575,
13787,29,340000,0,user_2,575,575,
13801,30,260000,0,user_18,575,575,
13820,31,260000,0,user_32,575,575,
13816,32,220000,350000,user_30,575,575,
13825,33,220000,0,user_38,575,575,
13807,34,170000,959000,user_24,575,575,
13826,35,170000,779000,user_38,575,575,
13786,36,160000,0,user_2,575,575,
13818,37,160000,0,user_30,575,575,
13821,38,160000,0,user_33,575,575,
13831,39,160000,0,user_40,575,575,
13800,40,150000,0,user_17,575,575,
13792,41,120000,0,user_6,575,575,
13794,42,87000,0,user_9,575,575,
13795,43,85000,0,user_10,575,575,
13829,44,85000,0,user_38,575,575,
13838,45,85000,215000,user_47,575,575,
13834,46,84000,0,user_43,575,575,
13836,47,84000,0,user_45,575,575,
13815,48,82000,181000,user_29,575,575,
13823,49,80000,0,user_35,575,575,
13804,50,79000,0,user_20,575,575,
9326,,240000,0,user_0,576,,
9327,,4200000,67900,user_1,576,,
9328,,1000000,0,user_2,576,,
9329,,110000,19700,user_3,576,,
9330,,630000,17000,user_3,576,,
9331,,870000,0,user_3,576,,
9332,,5000000,0,user_3,576,,
9333,,460000,42000,user_3,576,,
9334,,4500000,0,user_4,576,,
9335,,3500000,146000,user_5,576,,
9336,,170000,0,user_6,576,,
9337,,87000,0,user_6,576,,
9338,,360000,0,user_6,576,,
9339,,630000,0,user_7,576,,
9340,,2400000,36800,user_7,576,,
9341,,120000,0,user_7,576,,
9342,,79000,47700,user_7,576,,
9343,,79000,3130,user_7,576,,
9344,,910000,0,user_8,576,,
9345,,160000,0,user_8,576,,
9346,,6100000,0,user_9,576,,
9347,,260000,0,user_13,576,,
9348,,79000,0,user_14,576,,
9349,,220000,0,user_15,576,,
9350,,1800000,0,user_16,576,,
9351,,1500000,0,user_17,576,,
9352,,3600000,0,user_18,576,,
9353,,170000,42000,user_19,576,,
9354,,340000,0,user_19,576,,
9355,,970000,0,user_21,576,,
9356,,1300000,0,user_23,576,,
9357,,340000,231000,user_26,576,,
9358,,170000,0,user_26,576,,
9359,,1200000,0,user_27,576,,
9360,,650000,0,user_30,576,,
9361,,110000,0,user_31,576,,
9362,,30000000,0,user_33,576,,
9363,,87000,3130,user_34,576,,
9364,,320000,0,user_34,576,,
9365,,300000,0,user_34,576,,
9366,,120000,283000,user_34,576,,
9367,,80000,0,user_34,576,,
9368,,43000000,0,user_35,576,,
9369,,1900000,0,user_37,576,,
9370,,160000,0,user_38,576,,
9371,,2400000,0,user_39,576,,
9372,,310000,0,user_40,576,,
9373,,220000,0,user_42,576,,
9374,,1400000,0,user_44,576,,
9375,,6300000,0,user_45,576,,
9376,,3500000,13800,user_46,576,,
9377,,150000,0,user_47,576,,
9378,,420000,0,user_47,576,,
9379,,460000,0,user_47,576,,
9380,,79000,0,user_47,576,,
9381,,120000,0,user_48,576,,
9382,,110000,47700,user_49,576,,
9383,,1700000,0,user_49,576,,
9384,,4200000,0,user_49,576,,
9385,,2600000,0,user_49,576,,
9368,0,43000000,0,user_35,576,576,
9362,1,30000000,0,user_33,576,576,
9375,2,6300000,0,user_45,576,576,
9332,3,5000000,0,user_3,576,576,
9334,4,4500000,0,user_4,576,576,
9327,5,4200000,67900,user_1,576,576,
9384,6,4200000,0,user_49,576,576,
9352,7,3600000,0,user_18,576,576,
9335,8,3500000,146000,user_5,576,576,
9376,9,3500000,13800,user_46,576,576,
9385,10,2600000,0,user_49,576,576,
9340,11,2400000,36800,user_7,576,576,
9371,12,2400000,0,user_39,576,576,
9369,13,1900000,0,user_37,576,576,
9350,14,1800000,0,user_16,576,576,
9383,15,1700000,0,user_49,576,576,
9351,16,1500000,0,user_17,576,576,
9374,17,1400000,0,user_44,576,576,
9356,18,1300000,0,user_23,576,576,
9359,19,1200000,0,user_27,576,576,
9328,20,1000000,0,user_2,576,576,
9355,21,970000,0,user_21,576,576,
9344,22,910000,0,user_8,576,576,
9331,23,870000,0,user_3,576,576,
9360,24,650000,0,user_30,576,576,
9330,25,630000,17000,user_3,576,576,
9339,26,630000,0,user_7,576,576,
9333,27,460000,42000,user_3,576,576,
9379,28,460000,0,user_47,576,576,
9378,29,420000,0,user_47,576,576,
9338,30,360000,0,user_6,576,576,
9357,31,340000,231000,user_26,576,576,
9364,32,320000,0,user_34,576,576,
9372,33,310000,0,user_40,576,576,
9365,34,300000,0,user_34,576,576,
9347,35,260000,0,user_13,576,576,
9326,36,240000,0,user_0,576,576,
9349,37,220000,0,user_15,576,576,
9373,38,220000,0,user_42,576,576,
9336,39,170000,0,user_6,576,576,
9358,40,170000,0,user_26,576,576,
9345,41,160000,0,user_8,576,576,
9377,42,150000,0,user_47,576,576,
9341,43,120000,0,user_7,576,576,
9366,44,120000,283000,user_34,576,576,
9329,45,110000,19700,user_3,576,576,
9361,46,110000,0,user_31,576,576,
9382,47,110000,47700,user_49,576,576,
9337,48,87000,0,user_6,576,576,
9363,49,87000,3130,user_34,576,576,
9367,50,80000,0,user_34,576,576,
9342,51,79000,47700,user_7,576,576,
9343,52,79000,3130,user_7,576,576,
9380,53,79000,0,user_47,576,576,
9478,,100000,15100,user_1,577,,
9479,,1300000,0,user_2,577,,
9480,,3600000,0,user_3,577,,
9481,,2000000,0,user_4,577,,
9482,,2500000,0,user_5,577,,
9483,,130000,31700,user_6,577,,
9484,,460000,0,user_7,577,,
9485,,970000,0,user_7,577,,
9486,,1000000,0,user_8,577,,
9487,,460000,322000,user_10,577,,
9488,,630000,0,user_11,577,,
9489,,4500000,0,user_12,577,,
9490,,3600000,0,user_12,577,,
9491,,120000,0,user_13,577,,
9492,,4500000,0,user_13,577,,
9493,,1900000,0,user_15,577,,
9494,,150000,0,user_16,577,,
9495,,130000,0,user_16,577,,
9496,,1000000,0,user_16,577,,
9497,,120000,0,user_16,577,,
9498,,85000,0,user_16,577,,
9499,,110000,32900,user_17,577,,
9500,,2000000,0,user_17,577,,
9501,,970000,0,user_20,577,,
9502,,360000,0,user_22,577,,
9503,,1400000,16400,user_24,577,,
9504,,340000,0,user_26,577,,
9505,,1800000,0,user_27,577,,
9506,,2600000,0,user_27,577,,
9507,,460000,0,user_27,577,,
9508,,110000,0,user_27,577,,
9509,,970000,6390,user_27,577,,
9510,,120000,3130,user_29,577,,
9511,,2000000,0,user_30,577,,
9512,,130000,0,user_31,577,,
9513,,3600000,0,user_32,577,,
9514,,70000,84800,user_33,577,,
9515,,5200000,0,user_34,577,,
9516,,2600000,0,user_35,577,,
9517,,120000,0,user_35,577,,
9518,,5000000,121000,user_35,577,,
9519,,110000,0,user_35,577,,
9520,,460000,3130,user_36,577,,
9521,,100000,0,user_37,577,,
9522,,80000,8520,user_38,577,,
9523,,130000,0,user_39,577,,
9524,,150000,0,user_40,577,,
9525,,1200000,0,user_42,577,,
9526,,110000,0,user_42,577,,
9527,,120000,0,user_43,577,,
9528,,660000,0,user_43,577,,
9529,,340000,0,user_44,577,,
9530,,160000,0,user_45,577,,
9531,,220000,0,user_46,577,,
9532,,1300000,0,user_47,577,,
9533,,110000,0,user_48,577,,
9534,,1100000,0,user_49,577,,
9535,,1600000,0,user_49,577,,
9515,0,5200000,0,user_34,577,577,
9518,1,5000000,121000,user_35,577,577,
9489,2,4500000,0,user_12,577,577,
9492,3,4500000,0,user_13,577,577,
9480,4,3600000,0,user_3,577,577,
9490,5,3600000,0,user_12,577,577,
9513,6,3600000,0,user_32,577,577,
9506,7,2600000,0,user_27,577,577,
9516,8,2600000,0,user_35,577,577,
9482,9,2500000,0,user_5,577,577,
9481,10,2000000,0,user_4,577,577,
9500,11,2000000,0,user_17,577,577,
9493,12,1900000,0,user_15,577,577,
9505,13,1800000,0,user_27,577,577,
9535,14,1600000,0,user_49,577,577,
9503,15,1400000,16400,user_24,577,577,
9479,16,1300000,0,user_2,577,577,
9532,17,1300000,0,user_47,577,577,
9525,18,1200000,0,user_42,577,577,
9534,19,1100000,0,user_49,577,577,
9486,20,1000000,0,user_8,577,577,
9496,21,1000000,0,user_16,577,577,
9485,22,970000,0,user_7,577,577,
9501,23,970000,0,user_20,577,577,
9509,24,970000,6390,user_27,577,577,
9528,25,660000,0,user_43,577,577,
9488,26,630000,0,user_11,577,577,
9484,27,460000,0,user_7,577,577,
9487,28,460000,322000,user_10,577,577,
9507,29,460000,0,user_27,577,577,
9504,30,340000,0,user_26,577,577,
9529,31,340000,0,user_44,577,577,
9531,32,220000,0,user_46,577,577,
9530,33,160000,0,user_45,577,577,
9494,34,150000,0,user_16,577,577,
9483,35,130000,31700,user_6,577,577,
9495,36,130000,0,user_16,577,577,
9512,37,130000,0,user_31,577,577,
9523,38,130000,0,user_39,577,577,
9491,39,120000,0,user_13,577,577,
9497,40,120000,0,user_16,577,577,
9510,41,120000,3130,user_29,577,577,
9517,42,120000,0,user_35,577,577,
9527,43,120000,0,user_43,577,577,
9499,44,110000,32900,user_17,577,577,
9508,45,110000,0,user_27,577,577,
9519,46,110000,0,user_35,577,577,
9526,47,110000,0,user_42,577,577,
9533,48,110000,0,user_48,577,577,
9478,49,100000,15100,user_1,577,577,
9521,50,100000,0,user_37,577,577,
9498,51,85000,0,user_16,577,577,
9522,52,80000,8520,user_38,577,577,
9514,53,70000,84800,user_33,577,577,
9616,,2600000,0,user_0,578,,
9617,,1400000,0,user_1,578,,
9618,,4200000,0,user_2,578,,
9619,,1600000,0,user_3,578,,
9620,,970000,0,user_4,578,,
9621,,3500000,30200,user_4,578,,
9622,,1700000,12800,user_5,578,,
9623,,30000000,0,user_9,578,,
9624,,170000,0,user_9,578,,
9625,,530000,0,user_10,578,,
9626,,460000,19700,user_10,578,,
9627,,170000,8520,user_11,578,,
9628,,98000,0,user_14,578,,
9629,,1000000,0,user_16,578,,
9630,,5000000,0,user_16,578,,
9631,,870000,0,user_17,578,,
9632,,2000000,35100,user_18,578,,
9633,,120000,0,user_18,578,,
9634,,30000000,0,user_20,578,,
9635,,120000,68100,user_21,578,,
9636,,80000,283000,user_22,578,,
9637,,1500000,0,user_24,578,,
9638,,3200000,0,user_30,578,,
9639,,70000,0,user_31,578,,
9640,,670000,0,user_32,578,,
9641,,160000,0,user_33,578,,
9642,,1600000,0,user_35,578,,
9643,,27000000,0,user_36,578,,
9644,,1000000,66100,user_37,578,,
9645,,220000,0,user_39,578,,
9646,,2100000,0,user_39,578,,
9647,,1700000,0,user_41,578,,
9648,,630000,0,user_42,578,,
9649,,320000,5640,user_43,578,,
9650,,320000,0,user_43,578,,
9651,,1500000,0,user_44,578,,
9652,,79000,0,user_45,578,,
9653,,30000000,0,user_46,578,,
9654,,350000,47700,user_47,578,,
9655,,1900000,84800,user_47,578,,
9656,,220000,0,user_48,578,,
9623,0,30000000,0,user_9,578,578,
9634,1,30000000,0,user_20,578,578,
9653,2,30000000,0,user_46,578,578,
9643,3,27000000,0,user_36,578,578,
9630,4,5000000,0,user_16,578,578,
9618,5,4200000,0,user_2,578,578,
9621,6,3500000,30200,user_4,578,578,
9723,7,0,0,builder_8,578,578,9621
9638,8,3200000,0,user_30,578,578,
9616,9,2600000,0,user_0,578,578,
9646,10,2100000,0,user_39,578,578,
9724,11,0,0,builder_8,578,578,9632
9632,12,2000000,35100,user_18,578,578,
9725,13,0,0,builder_8,578,578,9655
9655,14,1900000,84800,user_47,578,578,
9726,15,0,0,builder_8,578,578,9622
9622,16,1700000,12800,user_5,578,578,
9647,17,1700000,0,user_41,578,578,
9619,18,1600000,0,user_3,578,578,
9642,19,1600000,0,user_35,578,578,
9651,20,1500000,0,user_44,578,578,
9644,21,1000000,66100,user_37,578,578,
9727,22,0,0,builder_8,578,578,9644
9629,23,1000000,0,user_16,578,578,
9620,24,970000,0,user_4,578,578,
9640,25,670000,0,user_32,578,578,
9648,26,630000,0,user_42,578,578,
9625,27,530000,0,user_10,578,578,
9728,28,0,0,builder_8,578,578,9626
9626,29,460000,19700,user_10,578,578,
9729,30,0,0,builder_8,578,578,9654
9654,31,350000,47700,user_47,578,578,
9636,32,80000,283000,user_22,578,578,
9730,33,0,0,builder_8,578,578,9636
9645,34,220000,0,user_39,578,578,
9656,35,220000,0,user_48,578,578,
9635,36,120000,68100,user_21,578,578,
9731,37,0,0,builder_8,578,578,9635
9627,38,170000,8520,user_11,578,578,
9732,39,0,0,builder_8,578,578,9627
9624,40,170000,0,user_9,578,578,
9641,41,160000,0,user_33,578,578,
9633,42,120000,0,user_18,578,578,
9628,43,98000,0,user_14,578,578,
9733,,970000,0,user_0,579,,
9734,,120000,0,user_2,579,,
9735,,120000,7840,user_3,579,,
9736,,220000,4320000,user_4,579,,
9737,,4200000,17000,user_8,579,,
9738,,100000,0,user_11,579,,
9739,,260000,0,user_13,579,,
9740,,220000,0,user_15,579,,
9741,,660000,35600,user_16,579,,
9742,,4200000,0,user_17,579,,
9743,,120000,0,user_17,579,,
9744,,300000,0,user_18,579,,
9745,,360000,0,user_20,579,,
9746,,220000,0,user_20,579,,
9747,,5000000,0,user_20,579,,
9748,,3200000,0,user_20,579,,
9749,,2400000,0,user_20,579,,
9750,,470000,18600,user_24,579,,
9751,,85000,100000,user_27,579,,
9752,,1800000,0,user_28,579,,
9753,,1900000,0,user_29,579,,
9754,,650000,0,user_29,579,,
9755,,6100000,0,user_31,579,,
9756,,2100000,0,user_32,579,,
9757,,1500000,0,user_33,579,,
9758,,670000,0,user_34,579,,
9759,,30000000,0,user_35,579,,
9760,,80000,0,user_36,579,,
9761,,84000,0,user_37,579,,
9762,,3600000,0,user_37,579,,
9763,,77000,0,user_38,579,,
9764,,170000,0,user_39,579,,
9765,,360000,0,user_40,579,,
9766,,79000,128000,user_42,579,,
9767,,3200000,0,user_43,579,,
9768,,150000,0,user_43,579,,
9769,,150000,510000,user_45,579,,
9770,,2000000,16400,user_46,579,,
9771,,83000,0,user_48,579,,
9772,,100000,0,user_49,579,,
9759,0,30000000,0,user_35,579,579,
9755,1,6100000,0,user_31,579,579,
9747,2,5000000,0,user_20,579,579,
9737,3,4200000,17000,user_8,579,579,
9742,4,4200000,0,user_17,579,579,
9762,5,3600000,0,user_37,579,579,
9748,6,3200000,0,user_20,579,579,
9767,7,3200000,0,user_43,579,579,
9749,8,2400000,0,user_20,579,579,
9756,9,2100000,0,user_32,579,579,
9770,10,2000000,16400,user_46,579,579,
9753,11,1900000,0,user_29,579,579,
9752,12,1800000,0,user_28,579,579,
9757,13,1500000,0,user_33,579,579,
9733,14,970000,0,user_0,579,579,
9758,15,670000,0,user_34,579,579,
9741,16,660000,35600,user_16,579,579,
9754,17,650000,0,user_29,579,579,
9750,18,470000,18600,user_24,579,579,
9745,19,360000,0,user_20,579,579,
9765,20,360000,0,user_40,579,579,
9744,21,300000,0,user_18,579,579,
9739,22,260000,0,user_13,579,579,
9736,23,220000,4320000,user_4,579,579,
9740,24,220000,0,user_15,579,579,
9746,25,220000,0,user_20,579,579,
9764,26,170000,0,user_39,579,579,
9768,27,150000,0,user_43,579,579,
9769,28,150000,510000,user_45,579,579,
9734,29,120000,0,user_2,579,579,
9735,30,120000,7840,user_3,579,579,
9743,31,120000,0,user_17,579,579,
9738,32,100000,0,user_11,579,579,
9772,33,100000,0,user_49,579,579,
9761,34,84000,0,user_37,579,579,
9766,35,79000,128000,user_42,579,579,
9834,,120000,155000,user_1,580,,
9835,,220000,0,user_1,580,,
9836,,300000,0,user_2,580,,
9837,,82000,0,user_2,580,,
9838,,260000,0,user_3,580,,
9839,,260000,0,user_6,580,,
9840,,170000,0,user_7,580,,
9841,,73000,0,user_8,580,,
9842,,460000,0,user_9,580,,
9843,,3200000,128000,user_10,580,,
9844,,3200000,0,user_12,580,,
9845,,120000,0,user_12,580,,
9846,,160000,0,user_14,580,,
9847,,1700000,0,user_15,580,,
9848,,170000,0,user_16,580,,
9849,,2400000,49100,user_17,580,,
9850,,650000,0,user_20,580,,
9851,,220000,0,user_23,580,,
9852,,2500000,0,user_24,580,,
9853,,27000000,0,user_25,580,,
9854,,170000,56200,user_26,580,,
9855,,2100000,0,user_27,580,,
9856,,220000,0,user_28,580,,
9857,,150000,0,user_29,580,,
9858,,340000,0,user_30,580,,
9859,,350000,0,user_31,580,,
9860,,150000,0,user_32,580,,
9861,,870000,0,user_33,580,,
9862,,1200000,0,user_35,580,,
9863,,1800000,0,user_35,580,,
9864,,260000,0,user_37,580,,
9865,,370000,0,user_38,580,,
9866,,87000,0,user_39,580,,
9867,,360000,0,user_40,580,,
9868,,80000,0,user_41,580,,
9869,,87000,0,user_42,580,,
9870,,310000,12300,user_45,580,,
9871,,190000,0,user_45,580,,
9872,,420000,0,user_48,580,,
9873,,120000,0,user_49,580,,
9874,,19000000,0,user_49,580,,
9875,,110000,0,user_49,580,,
9853,0,27000000,0,user_25,580,580,
9874,1,19000000,0,user_49,580,580,
9843,2,3200000,128000,user_10,580,580,
9844,3,3200000,0,user_12,580,580,
9852,4,2500000,0,user_24,580,580,
9849,5,2400000,49100,user_17,580,580,
9855,6,2100000,0,user_27,580,580,
9863,7,1800000,0,user_35,580,580,
9847,8,1700000,0,user_15,580,580,
9862,9,1200000,0,user_35,580,580,
9861,10,870000,0,user_33,580,580,
9850,11,650000,0,user_20,580,580,
9842,12,460000,0,user_9,580,580,
9872,13,420000,0,user_48,580,580,
9865,14,370000,0,user_38,580,580,
9859,15,350000,0,user_31,580,580,
9870,16,310000,12300,user_45,580,580,
9836,17,300000,0,user_2,580,580,
9838,18,260000,0,user_3,580,580,
9839,19,260000,0,user_6,580,580,
9864,20,260000,0,user_37,580,580,
9835,21,220000,0,user_1,580,580,
9856,22,220000,0,user_28,580,580,
9871,23,190000,0,user_45,580,580,
9840,24,170000,0,user_7,580,580,
9848,25,170000,0,user_16,580,580,
9854,26,170000,56200,user_26,580,580,
9857,27,150000,0,user_29,580,580,
9860,28,150000,0,user_32,580,580,
9834,29,120000,155000,user_1,580,580,
9845,30,120000,0,user_12,580,580,
9873,31,120000,0,user_49,580,580,
9875,32,110000,0,user_49,580,580,
9866,33,87000,0,user_39,580,580,
9869,34,87000,0,user_42,580,580,
9837,35,82000,0,user_2,580,580,
9868,36,80000,0,user_41,580,580,
9841,37,73000,0,user_8,580,580,
9911,,1300000,0,user_0,581,,
9912,,80000,0,user_1,581,,
9913,,85000,0,user_1,581,,
9914,,4500000,0,user_1,581,,
9915,,530000,67500,user_2,581,,
9916,,260000,0,user_4,581,,
9917,,43000000,17000,user_5,581,,
9918,,80000,0,user_6,581,,
9919,,170000,0,user_6,581,,
9920,,1700000,0,user_8,581,,
9921,,260000,12800,user_9,581,,
9922,,600000,0,user_10,581,,
9923,,110000,215000,user_11,581,,
9924,,98000,0,user_13,581,,
9925,,260000,0,user_13,581,,
9926,,5000000,0,user_13,581,,
9927,,160000,0,user_15,581,,
9928,,420000,39400,user_16,581,,
9929,,110000,75000,user_16,581,,
9930,,5000000,0,user_17,581,,
9931,,130000,30200,user_18,581,,
9932,,77000,0,user_19,581,,
9933,,2000000,0,user_19,581,,
9934,,910000,0,user_19,581,,
9935,,79000,0,user_19,581,,
9936,,190000,0,user_19,581,,
9937,,2000000,0,user_20,581,,
9938,,2000000,0,user_20,581,,
9939,,910000,15100,user_22,581,,
9940,,600000,0,user_23,581,,
9941,,350000,0,user_24,581,,
9942,,4500000,0,user_24,581,,
9943,,27000000,4320000,user_24,581,,
9944,,240000,0,user_25,581,,
9945,,3500000,0,user_25,581,,
9946,,27000000,0,user_26,581,,
9947,,150000,0,user_27,581,,
9948,,70000,0,user_27,581,,
9949,,27000000,0,user_28,581,,
9950,,1000000,0,user_30,581,,
9951,,110000,0,user_31,581,,
9952,,3500000,0,user_33,581,,
9953,,87000,0,user_33,581,,
9954,,5000000,108000,user_34,581,,
9955,,2100000,0,user_35,581,,
9956,,360000,0,user_35,581,,
9957,,530000,0,user_37,581,,
9958,,4200000,31700,user_39,581,,
9959,,82000,0,user_39,581,,
9960,,79000,0,user_39,581,,
9961,,130000,0,user_39,581,,
9962,,1000000,5180,user_40,581,,
9963,,320000,0,user_40,581,,
9964,,1000000,0,user_40,581,,
9965,,87000,0,user_40,581,,
9966,,5000000,0,user_41,581,,
9967,,77000,0,user_42,581,,
9968,,83000,0,user_43,581,,
9969,,1400000,56200,user_43,581,,
9970,,300000,0,user_44,581,,
9971,,310000,0,user_45,581,,
9972,,630000,24700,user_45,581,,
9973,,160000,0,user_45,581,,
9974,,70000,0,user_45,581,,
9975,,320000,0,user_45,581,,
9976,,910000,0,user_47,581,,
9977,,100000,0,user_48,581,,
9978,,310000,0,user_48,581,,
9979,,350000,0,user_49,581,,
9980,,2100000,0,user_49,581,,
9917,0,43000000,17000,user_5,581,581,
9943,1,27000000,4320000,user_24,581,581,
9946,2,27000000,0,user_26,581,581,
9949,3,27000000,0,user_28,581,581,
9926,4,5000000,0,user_13,581,581,
9930,5,5000000,0,user_17,581,581,
9954,6,5000000,108000,user_34,581,581,
9966,7,5000000,0,user_41,581,581,
9914,8,4500000,0,user_1,581,581,
9942,9,4500000,0,user_24,581,581,
9958,10,4200000,31700,user_39,581,581,
9945,11,3500000,0,user_25,581,581,
9952,12,3500000,0,user_33,581,581,
9955,13,2100000,0,user_35,581,581,
9980,14,2100000,0,user_49,581,581,
9933,15,2000000,0,user_19,581,581,
9937,16,2000000,0,user_20,581,581,
9938,17,2000000,0,user_20,581,581,
9920,18,1700000,0,user_8,581,581,
9969,19,1400000,56200,user_43,581,581,
9934,20,910000,0,user_19,581,581,
9976,21,910000,0,user_47,581,581,
9972,22,630000,24700,user_45,581,581,
9922,23,600000,0,user_10,581,581,
9915,24,530000,67500,user_2,581,581,
9957,25,530000,0,user_37,581,581,
9928,26,420000,39400,user_16,581,581,
9956,27,360000,0,user_35,581,581,
9941,28,350000,0,user_24,581,581,
9979,29,350000,0,user_49,581,581,
9975,30,320000,0,user_45,581,581,
9971,31,310000,0,user_45,581,581,
9978,32,310000,0,user_48,581,581,
9970,33,300000,0,user_44,581,581,
9916,34,260000,0,user_4,581,581,
9921,35,260000,12800,user_9,581,581,
9925,36,260000,0,user_13,581,581,
9944,37,240000,0,user_25,581,581,
9936,38,190000,0,user_19,581,581,
9919,39,170000,0,user_6,581,581,
9927,40,160000,0,user_15,581,581,
9973,41,160000,0,user_45,581,581,
9947,42,150000,0,user_27,581,581,
9961,43,130000,0,user_39,581,581,
9923,44,110000,215000,user_11,581,581,
9929,45,110000,75000,user_16,581,581,
9951,46,110000,0,user_31,581,581,
9977,47,100000,0,user_48,581,581,
9924,48,98000,0,user_13,581,581,
9953,49,87000,0,user_33,581,581,
9913,50,85000,0,user_1,581,581,
9968,51,83000,0,user_43,581,581,
9959,52,82000,0,user_39,581,581,
9912,53,80000,0,user_1,581,581,
9918,54,80000,0,user_6,581,581,
9935,55,79000,0,user_19,581,581,
9960,56,79000,0,user_39,581,581,
9932,57,77000,0,user_19,581,581,
9967,58,77000,0,user_42,581,581,
9948,59,70000,0,user_27,581,581,
9974,60,70000,0,user_45,581,581,
10079,,170000,0,user_1,582,,
10080,,19000000,0,user_3,582,,
10081,,870000,0,user_3,582,,
10082,,100000,0,user_4,582,,
10083,,27000000,11200,user_5,582,,
10084,,150000,0,user_6,582,,
10085,,83000,0,user_6,582,,
10086,,30000000,0,user_6,582,,
10087,,350000,0,user_6,582,,
10088,,2100000,0,user_6,582,,
10089,,85000,0,user_7,582,,
10090,,3500000,0,user_8,582,,
10091,,3500000,0,user_9,582,,
10092,,310000,0,user_10,582,,
10093,,110000,0,user_12,582,,
10094,,1800000,0,user_12,582,,
10095,,2100000,1100000,user_13,582,,
10096,,530000,0,user_14,582,,
10097,,170000,0,user_16,582,,
10098,,110000,0,user_17,582,,
10099,,220000,0,user_18,582,,
10100,,420000,5640,user_18,582,,
10101,,110000,0,user_18,582,,
10102,,170000,30200,user_20,582,,
10103,,3600000,0,user_20,582,,
10104,,220000,0,user_21,582,,
10105,,1800000,0,user_21,582,,
10106,,160000,0,user_22,582,,
10107,,120000,8520,user_23,582,,
10108,,220000,231000,user_24,582,,
10109,,350000,0,user_26,582,,
10110,,160000,0,user_26,582,,
10111,,150000,0,user_26,582,,
10112,,910000,0,user_26,582,,
10113,,1100000,0,user_27,582,,
10114,,650000,0,user_27,582,,
10115,,6300000,0,user_28,582,,
10116,,6100000,0,user_30,582,,
10117,,970000,0,user_31,582,,
10118,,1300000,21800,user_31,582,,
10119,,150000,0,user_33,582,,
10120,,2500000,0,user_34,582,,
10121,,420000,0,user_36,582,,
10122,,1700000,32900,user_37,582,,
10123,,160000,0,user_39,582,,
10124,,170000,0,user_41,582,,
10125,,190000,0,user_41,582,,
10126,,260000,0,user_42,582,,
10127,,1100000,0,user_43,582,,
10128,,1500000,0,user_43,582,,
10129,,420000,215000,user_43,582,,
10130,,19000000,0,user_43,582,,
10131,,300000,0,user_46,582,,
10086,0,30000000,0,user_6,582,582,
10083,1,27000000,11200,user_5,582,582,
10080,2,19000000,0,user_3,582,582,
10130,3,19000000,0,user_43,582,582,
10115,4,6300000,0,user_28,582,582,
10116,5,6100000,0,user_30,582,582,
10103,6,3600000,0,user_20,582,582,
10090,7,3500000,0,user_8,582,582,
10091,8,3500000,0,user_9,582,582,
10120,9,2500000,0,user_34,582,582,
10088,10,2100000,0,user_6,582,582,
10095,11,2100000,1100000,user_13,582,582,
10094,12,1800000,0,user_12,582,582,
10105,13,1800000,0,user_21,582,582,
10122,14,1700000,32900,user_37,582,582,
10128,15,1500000,0,user_43,582,582,
10118,16,1300000,21800,user_31,582,582,
10113,17,1100000,0,user_27,582,582,
10127,18,1100000,0,user_43,582,582,
10117,19,970000,0,user_31,582,582,
10112,20,910000,0,user_26,582,582,
10081,21,870000,0,user_3,582,582,
10114,22,650000,0,user_27,582,582,
10096,23,530000,0,user_14,582,582,
10100,24,420000,5640,user_18,582,582,
10121,25,420000,0,user_36,582,582,
10129,26,420000,215000,user_43,582,582,
10087,27,350000,0,user_6,582,582,
10109,28,350000,0,user_26,582,582,
10126,29,260000,0,user_42,582,582,
10099,30,220000,0,user_18,582,582,
10104,31,220000,0,user_21,582,582,
10108,32,220000,231000,user_24,582,582,
10079,33,170000,0,user_1,582,582,
10102,34,170000,30200,user_20,582,582,
10106,35,160000,0,user_22,582,582,
10110,36,160000,0,user_26,582,582,
10123,37,160000,0,user_39,582,582,
10084,38,150000,0,user_6,582,582,
10111,39,150000,0,user_26,582,582,
10119,40,150000,0,user_33,582,582,
10107,41,120000,8520,user_23,582,582,
10093,42,110000,0,user_12,582,582,
10098,43,110000,0,user_17,582,582,
10101,44,110000,0,user_18,582,582,
10082,45,100000,0,user_4,582,582,
10089,46,85000,0,user_7,582,582,
10085,47,83000,0,user_6,582,582,
10195,,170000,0,user_2,583,,
10196,,220000,13900,user_3,583,,
10197,,110000,0,user_4,583,,
10198,,460000,0,user_4,583,,
10199,,1300000,0,user_6,583,,
10200,,1000000,0,user_7,583,,
10201,,650000,0,user_8,583,,
10202,,260000,35100,user_9,583,,
10203,,260000,36800,user_10,583,,
10204,,4200000,195000,user_10,583,,
10205,,82000,5180,user_12,583,,
10206,,1800000,0,user_13,583,,
10207,,870000,0,user_13,583,,
10208,,460000,0,user_15,583,,
10209,,120000,0,user_15,583,,
10210,,1800000,0,user_16,583,,
10211,,360000,0,user_16,583,,
10212,,1600000,0,user_16,583,,
10213,,4500000,0,user_16,583,,
10214,,70000,0,user_16,583,,
10215,,1500000,0,user_17,583,,
10216,,1600000,0,user_18,583,,
10217,,460000,0,user_21,583,,
10218,,120000,0,user_26,583,,
10219,,1100000,0,user_28,583,,
10220,,27000000,0,user_28,583,,
10221,,98000,0,user_28,583,,
10222,,84000,0,user_28,583,,
10223,,170000,0,user_28,583,,
10224,,3200000,0,user_30,583,,
10225,,460000,0,user_30,583,,
10226,,1000000,296000,user_31,583,,
10227,,1000000,0,user_32,583,,
10228,,320000,0,user_33,583,,
10229,,5200000,0,user_33,583,,
10230,,150000,155000,user_33,583,,
10231,,460000,36800,user_33,583,,
10232,,73000,0,user_34,583,,
10233,,1700000,0,user_34,583,,
10234,,150000,0,user_36,583,,
10235,,27000000,0,user_38,583,,
10236,,170000,0,user_39,583,,
10237,,1100000,0,user_41,583,,
10238,,160000,0,user_41,583,,
10239,,370000,0,user_42,583,,
10240,,2000000,0,user_47,583,,
10241,,420000,0,user_48,583,,
10242,,120000,0,user_49,583,,
10220,0,27000000,0,user_28,583,583,
10235,1,27000000,0,user_38,583,583,
10229,2,5200000,0,user_33,583,583,
10213,3,4500000,0,user_16,583,583,
10243,4,0,0,builder_0,583,583,10204
10204,5,4200000,195000,user_10,583,583,
10224,6,3200000,0,user_30,583,583,
10240,7,2000000,0,user_47,583,583,
10206,8,1800000,0,user_13,583,583,
10210,9,1800000,0,user_16,583,583,
10212,10,1600000,0,user_16,583,583,
10216,11,1600000,0,user_18,583,583,
10215,12,1500000,0,user_17,583,583,
10199,13,1300000,0,user_6,583,583,
10244,14,0,0,builder_0,583,583,10226
10226,15,1000000,296000,user_31,583,583,
10219,16,1100000,0,user_28,583,583,
10237,17,1100000,0,user_41,583,583,
10200,18,1000000,0,user_7,583,583,
10227,19,1000000,0,user_32,583,583,
10207,20,870000,0,user_13,583,583,
10201,21,650000,0,user_8,583,583,
10231,22,460000,36800,user_33,583,583,
10245,23,0,0,builder_0,583,583,10231
10217,24,460000,0,user_21,583,583,
10225,25,460000,0,user_30,583,583,
10241,26,420000,0,user_48,583,583,
10239,27,370000,0,user_42,583,583,
10211,28,360000,0,user_16,583,583,
10228,29,320000,0,user_33,583,583,
10230,30,150000,155000,user_33,583,583,
10246,31,0,0,builder_0,583,583,10230
10247,32,0,0,builder_0,583,583,10203
10203,33,260000,36800,user_10,583,583,
10202,34,260000,35100,user_9,583,583,
10248,35,0,0,builder_0,583,583,10202
10249,36,0,0,builder_0,583,583,10196
10196,37,220000,13900,user_3,583,583,
10195,38,170000,0,user_2,583,583,
10223,39,170000,0,user_28,583,583,
10238,40,160000,0,user_41,583,583,
10234,41,150000,0,user_36,583,583,
10218,42,120000,0,user_26,583,583,
10242,43,120000,0,user_49,583,583,
10221,44,98000,0,user_28,583,583,
10222,45,84000,0,user_28,583,583,
10214,46,70000,0,user_16,583,583,
10303,,150000,19700,user_0,584,,
10304,,73000,0,user_4,584,,
10305,,3200000,0,user_6,584,,
10306,,1900000,0,user_7,584,,
10307,,120000,0,user_7,584,,
10308,,5000000,0,user_7,584,,
10309,,120000,12800,user_7,584,,
10310,,19000000,10700,user_8,584,,
10311,,420000,17700000,user_8,584,,
10312,,2400000,0,user_9,584,,
10313,,160000,350000,user_10,584,,
10314,,1000000,0,user_12,584,,
10315,,77000,15700,user_13,584,,
10316,,110000,36800,user_14,584,,
10317,,2000000,0,user_14,584,,
10318,,19000000,39400,user_15,584,,
10319,,120000,0,user_15,584,,
10320,,110000,0,user_15,584,,
10321,,3200000,0,user_15,584,,
10322,,1500000,0,user_15,584,,
10323,,1500000,0,user_16,584,,
10324,,420000,959000,user_18,584,,
10325,,320000,0,user_19,584,,
10326,,170000,0,user_19,584,,
10327,,5000000,0,user_20,584,,
10328,,1100000,0,user_22,584,,
10329,,110000,0,user_23,584,,
10330,,310000,108000,user_24,584,,
10331,,600000,49100,user_24,584,,
10332,,650000,0,user_24,584,,
10333,,2000000,0,user_25,584,,
10334,,6300000,0,user_27,584,,
10335,,82000,0,user_28,584,,
10336,,420000,17700000,user_30,584,,
10337,,120000,100000,user_30,584,,
10338,,19000000,12800,user_32,584,,
10339,,650000,0,user_32,584,,
10340,,120000,0,user_32,584,,
10341,,260000,0,user_32,584,,
10342,,2000000,0,user_32,584,,
10343,,1400000,5630,user_33,584,,
10344,,320000,410000,user_33,584,,
10345,,130000,0,user_33,584,,
10346,,220000,0,user_34,584,,
10347,,5000000,0,user_37,584,,
10348,,350000,283000,user_38,584,,
10349,,460000,0,user_38,584,,
10350,,130000,0,user_38,584,,
10351,,87000,0,user_38,584,,
10352,,120000,0,user_39,584,,
10353,,3600000,0,user_42,584,,
10354,,5000000,0,user_42,584,,
10355,,350000,0,user_43,584,,
10356,,98000,0,user_46,584,,
10357,,84000,0,user_48,584,,
10358,,870000,0,user_48,584,,
10359,,3500000,0,user_49,584,,
10360,,360000,0,user_49,584,,
10310,0,19000000,10700,user_8,584,584,
10318,1,19000000,39400,user_15,584,584,
10338,2,19000000,12800,user_32,584,584,
10334,3,6300000,0,user_27,584,584,
10308,4,5000000,0,user_7,584,584,
10327,5,5000000,0,user_20,584,584,
10347,6,5000000,0,user_37,584,584,
10354,7,5000000,0,user_42,584,584,
10353,8,3600000,0,user_42,584,584,
10359,9,3500000,0,user_49,584,584,
10305,10,3200000,0,user_6,584,584,
10321,11,3200000,0,user_15,584,584,
10312,12,2400000,0,user_9,584,584,
10333,13,2000000,0,user_25,584,584,
10342,14,2000000,0,user_32,584,584,
10306,15,1900000,0,user_7,584,584,
10322,16,1500000,0,user_15,584,584,
10323,17,1500000,0,user_16,584,584,
10343,18,1400000,5630,user_33,584,584,
10314,19,1000000,0,user_12,584,584,
10358,20,870000,0,user_48,584,584,
10332,21,650000,0,user_24,584,584,
10339,22,650000,0,user_32,584,584,
10331,23,600000,49100,user_24,584,584,
10349,24,460000,0,user_38,584,584,
10311,25,420000,17700000,user_8,584,584,
10360,26,360000,0,user_49,584,584,
10348,27,350000,283000,user_38,584,584,
10355,28,350000,0,user_43,584,584,
10325,29,320000,0,user_19,584,584,
10344,30,320000,410000,user_33,584,584,
10330,31,310000,108000,user_24,584,584,
10341,32,260000,0,user_32,584,584,
10346,33,220000,0,user_34,584,584,
10326,34,170000,0,user_19,584,584,
10313,35,160000,350000,user_10,584,584,
10345,36,130000,0,user_33,584,584,
10350,37,130000,0,user_38,584,584,
10307,38,120000,0,user_7,584,584,
10309,39,120000,12800,user_7,584,584,
10319,40,120000,0,user_15,584,584,
10340,41,120000,0,user_32,584,584,
10352,42,120000,0,user_39,584,584,
10320,43,110000,0,user_15,584,584,
10356,44,98000,0,user_46,584,584,
10351,45,87000,0,user_38,584,584,
10357,46,84000,0,user_48,584,584,
10335,47,82000,0,user_28,584,584,
10315,48,77000,15700,user_13,584,584,
10304,49,73000,0,user_4,584,584,
10481,,4200000,67500,user_1,585,,
10482,,2500000,0,user_2,585,,
10483,,420000,0,user_5,585,,
10484,,2400000,10700,user_5,585,,
10485,,2000000,0,user_5,585,,
10486,,340000,0,user_8,585,,
10487,,79000,181000,user_9,585,,
10488,,1400000,0,user_9,585,,
10489,,320000,0,user_10,585,,
10490,,120000,0,user_12,585,,
10491,,110000,0,user_12,585,,
10492,,150000,0,user_14,585,,
10493,,1400000,0,user_15,585,,
10494,,1200000,0,user_15,585,,
10495,,110000,17000,user_15,585,,
10496,,910000,0,user_16,585,,
10497,,1400000,181000,user_17,585,,
10498,,2300000,0,user_17,585,,
10499,,130000,0,user_19,585,,
10500,,2400000,0,user_19,585,,
10501,,300000,108000,user_19,585,,
10502,,27000000,0,user_19,585,,
10503,,300000,0,user_20,585,,
10504,,150000,0,user_21,585,,
10505,,160000,0,user_23,585,,
10506,,82000,0,user_24,585,,
10507,,870000,0,user_25,585,,
10508,,98000,0,user_25,585,,
10509,,670000,0,user_26,585,,
10510,,1400000,0,user_27,585,,
10511,,30000000,0,user_27,585,,
10512,,2600000,23500,user_28,585,,
10513,,600000,0,user_29,585,,
10514,,120000,75000,user_32,585,,
10515,,1500000,0,user_36,585,,
10516,,970000,0,user_38,585,,
10517,,27000000,0,user_38,585,,
10518,,27000000,0,user_39,585,,
10519,,360000,68100,user_39,585,,
10520,,600000,68100,user_40,585,,
10521,,83000,0,user_40,585,,
10522,,1500000,0,user_41,585,,
10523,,150000,17000,user_42,585,,
10524,,630000,0,user_44,585,,
10525,,2300000,0,user_45,585,,
10526,,2600000,0,user_46,585,,
10527,,650000,0,user_47,585,,
10528,,98000,0,user_48,585,,
10529,,110000,0,user_48,585,,
10530,,160000,0,user_48,585,,
10531,,110000,0,user_48,585,,
10532,,260000,0,user_49,585,,
10533,,240000,0,user_49,585,,
10534,,130000,0,user_49,585,,
10535,,1800000,0,user_49,585,,
10536,,240000,0,user_49,585,,
10511,0,30000000,0,user_27,585,585,
10502,1,27000000,0,user_19,585,585,
10517,2,27000000,0,user_38,585,585,
10518,3,27000000,0,user_39,585,585,
10481,4,4200000,67500,user_1,585,585,
10512,5,2600000,23500,user_28,585,585,
10526,6,2600000,0,user_46,585,585,
10482,7,2500000,0,user_2,585,585,
10484,8,2400000,10700,user_5,585,585,
10500,9,2400000,0,user_19,585,585,
10498,10,2300000,0,user_17,585,585,
10525,11,2300000,0,user_45,585,585,
10485,12,2000000,0,user_5,585,585,
10535,13,1800000,0,user_49,585,585,
10522,14,1500000,0,user_41,585,585,
10488,15,1400000,0,user_9,585,585,
10493,16,1400000,0,user_15,585,585,
10497,17,1400000,181000,user_17,585,585,
10510,18,1400000,0,user_27,585,585,
10494,19,1200000,0,user_15,585,585,
10516,20,970000,0,user_38,585,585,
10496,21,910000,0,user_16,585,585,
10507,22,870000,0,user_25,585,585,
10509,23,670000,0,user_26,585,585,
10527,24,650000,0,user_47,585,585,
10524,25,630000,0,user_44,585,585,
10513,26,600000,0,user_29,585,585,
10483,27,420000,0,user_5,585,585,
10519,28,360000,68100,user_39,585,585,
10486,29,340000,0,user_8,585,585,
10489,30,320000,0,user_10,585,585,
10501,31,300000,108000,user_19,585,585,
10503,32,300000,0,user_20,585,585,
10532,33,260000,0,user_49,585,585,
10533,34,240000,0,user_49,585,585,
10536,35,240000,0,user_49,585,585,
10530,36,160000,0,user_48,585,585,
10523,37,150000,17000,user_42,585,585,
10499,38,130000,0,user_19,585,585,
10534,39,130000,0,user_49,585,585,
10490,40,120000,0,user_12,585,585,
10514,41,120000,75000,user_32,585,585,
10491,42,110000,0,user_12,585,585,
10495,43,110000,17000,user_15,585,585,
10529,44,110000,0,user_48,585,585,
10531,45,110000,0,user_48,585,585,
10508,46,98000,0,user_25,585,585,
10528,47,98000,0,user_48,585,585,
10506,48,82000,0,user_24,585,585,
10487,49,79000,181000,user_9,585,585,
10615,,1600000,0,user_0,586,,
10616,,530000,0,user_1,586,,
10617,,460000,0,user_2,586,,
10618,,220000,0,user_3,586,,
10619,,120000,0,user_3,586,,
10620,,220000,0,user_4,586,,
10621,,160000,0,user_6,586,,
10622,,530000,322000,user_7,586,,
10623,,150000,0,user_9,586,,
10624,,110000,0,user_11,586,,
10625,,73000,0,user_11,586,,
10626,,30000000,0,user_11,586,,
10627,,110000,0,user_13,586,,
10628,,160000,0,user_14,586,,
10629,,240000,16400,user_14,586,,
10630,,120000,0,user_14,586,,
10631,,2000000,0,user_15,586,,
10632,,1100000,0,user_17,586,,
10633,,27000000,0,user_17,586,,
10634,,6100000,0,user_18,586,,
10635,,5200000,0,user_19,586,,
10636,,320000,0,user_25,586,,
10637,,370000,0,user_25,586,,
10638,,370000,0,user_26,586,,
10639,,19000000,0,user_28,586,,
10640,,2000000,33100,user_29,586,,
10641,,80000,0,user_29,586,,
10642,,120000,0,user_29,586,,
10643,,3500000,0,user_29,586,,
10644,,120000,256000,user_29,586,,
10645,,73000,0,user_30,586,,
10646,,150000,296000,user_31,586,,
10647,,470000,0,user_33,586,,
10648,,120000,0,user_34,586,,
10649,,240000,0,user_35,586,,
10650,,3600000,0,user_36,586,,
10651,,300000,0,user_37,586,,
10652,,340000,39400,user_38,586,,
10653,,110000,43600,user_39,586,,
10654,,160000,0,user_40,586,,
10655,,2100000,0,user_42,586,,
10656,,320000,35100,user_43,586,,
10657,,85000,0,user_44,586,,
10658,,73000,0,user_46,586,,
10659,,1500000,35600,user_46,586,,
10660,,160000,0,user_46,586,,
10661,,220000,0,user_46,586,,
10662,,360000,60700,user_46,586,,
10663,,30000000,0,user_47,586,,
10664,,970000,0,user_48,586,,
10665,,87000,16400,user_48,586,,
10666,,6300000,0,user_49,586,,
10667,,19000000,0,user_49,586,,
10626,0,30000000,0,user_11,586,586,
10663,1,30000000,0,user_47,586,586,
10633,2,27000000,0,user_17,586,586,
10639,3,19000000,0,user_28,586,586,
10667,4,19000000,0,user_49,586,586,
10666,5,6300000,0,user_49,586,586,
10634,6,6100000,0,user_18,586,586,
10635,7,5200000,0,user_19,586,586,
10650,8,3600000,0,user_36,586,586,
10643,9,3500000,0,user_29,586,586,
10655,10,2100000,0,user_42,586,586,
10640,11,2000000,33100,user_29,586,586,
10695,12,0,0,builder_3,586,586,10640
10631,13,2000000,0,user_15,586,586,
10615,14,1600000,0,user_0,586,586,
10659,15,1500000,35600,user_46,586,586,
10696,16,0,0,builder_3,586,586,10659
10632,17,1100000,0,user_17,586,586,
10664,18,970000,0,user_48,586,586,
10622,19,530000,322000,user_7,586,586,
10697,20,0,0,builder_3,586,586,10622
10647,21,470000,0,user_33,586,586,
10617,22,460000,0,user_2,586,586,
10646,23,150000,296000,user_31,586,586,
10698,24,0,0,builder_3,586,586,10646
10662,25,360000,60700,user_46,586,586,
10699,26,0,0,builder_3,586,586,10662
10652,27,340000,39400,user_38,586,586,
10700,28,0,0,builder_3,586,586,10652
10701,29,0,0,builder_3,586,586,10644
10644,30,120000,256000,user_29,586,586,
10638,31,370000,0,user_26,586,586,
10656,32,320000,35100,user_43,586,586,
10702,33,0,0,builder_3,586,586,10656
10651,34,300000,0,user_37,586,586,
10629,35,240000,16400,user_14,586,586,
10703,36,0,0,builder_3,586,586,10629
10649,37,240000,0,user_35,586,586,
10618,38,220000,0,user_3,586,586,
10620,39,220000,0,user_4,586,586,
10661,40,220000,0,user_46,586,586,
10628,41,160000,0,user_14,586,586,
10654,42,160000,0,user_40,586,586,
10660,43,160000,0,user_46,586,586,
10653,44,110000,43600,user_39,586,586,
10704,45,0,0,builder_3,586,586,10653
10619,46,120000,0,user_3,586,586,
10630,47,120000,0,user_14,586,586,
10642,48,120000,0,user_29,586,586,
10648,49,120000,0,user_34,586,586,
10624,50,110000,0,user_11,586,586,
10627,51,110000,0,user_13,586,586,
10705,52,0,0,builder_3,586,586,10665
10665,53,87000,16400,user_48,586,586,
10657,54,85000,0,user_44,586,586,
10641,55,80000,0,user_29,586,586,
10625,56,73000,0,user_11,586,586,
10645,57,73000,0,user_30,586,586,
10658,58,73000,0,user_46,586,586,
10744,,110000,49100,user_4,587,,
10745,,70000,13900,user_5,587,,
10746,,3600000,0,user_6,587,,
10747,,120000,0,user_7,587,,
10748,,220000,0,user_8,587,,
10749,,150000,0,user_8,587,,
10750,,27000000,0,user_9,587,,
10751,,630000,0,user_9,587,,
10752,,170000,0,user_10,587,,
10753,,1800000,0,user_10,587,,
10754,,150000,0,user_11,587,,
10755,,1800000,43600,user_11,587,,
10756,,910000,0,user_12,587,,
10757,,83000,71800,user_13,587,,
10758,,79000,0,user_16,587,,
10759,,310000,0,user_18,587,,
10760,,420000,0,user_19,587,,
10761,,320000,0,user_20,587,,
10762,,160000,0,user_24,587,,
10763,,420000,12800,user_25,587,,
10764,,310000,14200,user_25,587,,
10765,,2400000,161000,user_26,587,,
10766,,110000,0,user_27,587,,
10767,,220000,0,user_28,587,,
10768,,160000,164000,user_28,587,,
10769,,240000,0,user_29,587,,
10770,,630000,0,user_29,587,,
10771,,160000,0,user_32,587,,
10772,,150000,0,user_32,587,,
10773,,670000,0,user_34,587,,
10774,,5000000,161000,user_35,587,,
10775,,6300000,0,user_36,587,,
10776,,120000,0,user_37,587,,
10777,,350000,68100,user_37,587,,
10778,,910000,959000,user_40,587,,
10779,,84000,64600,user_40,587,,
10780,,350000,0,user_41,587,,
10781,,73000,0,user_42,587,,
10782,,600000,0,user_43,587,,
10783,,260000,0,user_44,587,,
10784,,350000,0,user_45,587,,
10785,,82000,0,user_45,587,,
10786,,2600000,0,user_47,587,,
10787,,1100000,0,user_47,587,,
10788,,470000,0,user_47,587,,
10789,,1400000,0,user_47,587,,
10790,,310000,0,user_47,587,,
10791,,5200000,0,user_48,587,,
10792,,150000,381000,user_48,587,,
10793,,320000,0,user_49,587,,
10750,0,27000000,0,user_9,587,587,
10775,1,6300000,0,user_36,587,587,
10791,2,5200000,0,user_48,587,587,
10774,3,5000000,161000,user_35,587,587,
10794,4,0,0,builder_0,587,587,10774
10746,5,3600000,0,user_6,587,587,
10786,6,2600000,0,user_47,587,587,
10765,7,2400000,161000,user_26,587,587,
10795,8,0,0,builder_0,587,587,10765
10778,9,910000,959000,user_40,587,587,
10796,10,0,0,builder_0,587,587,10778
10797,11,0,0,builder_0,587,587,10755
10755,12,1800000,43600,user_11,587,587,
10753,13,1800000,0,user_10,587,587,
10789,14,1400000,0,user_47,587,587,
10787,15,1100000,0,user_47,587,587,
10751,16,630000,0,user_9,587,587,
10770,17,630000,0,user_29,587,587,
10782,18,600000,0,user_43,587,587,
10792,19,150000,381000,user_48,587,587,
10798,20,0,0,builder_0,587,587,10792
10788,21,470000,0,user_47,587,587,
10763,22,420000,12800,user_25,587,587,
10799,23,0,0,builder_0,587,587,10763
10760,24,420000,0,user_19,587,587,
10777,25,350000,68100,user_37,587,587,
10800,26,0,0,builder_0,587,587,10777
10780,27,350000,0,user_41,587,587,
10764,28,310000,14200,user_25,587,587,
10801,29,0,0,builder_0,587,587,10764
10802,30,0,0,builder_0,587,587,10768
10768,31,160000,164000,user_28,587,587,
10761,32,320000,0,user_20,587,587,
10793,33,320000,0,user_49,587,587,
10759,34,310000,0,user_18,587,587,
10790,35,310000,0,user_47,587,587,
10783,36,260000,0,user_44,587,587,
10769,37,240000,0,user_29,587,587,
10748,38,220000,0,user_8,587,587,
10767,39,220000,0,user_28,587,587,
10752,40,170000,0,user_10,587,587,
10771,41,160000,0,user_32,587,587,
10803,42,0,0,builder_0,587,587,10757
10757,43,83000,71800,user_13,587,587,
10749,44,150000,0,user_8,587,587,
10754,45,150000,0,user_11,587,587,
10772,46,150000,0,user_32,587,587,
10779,47,84000,64600,user_40,587,587,
10804,48,0,0,builder_0,587,587,10779
10747,49,120000,0,user_7,587,587,
10776,50,120000,0,user_37,587,587,
10766,51,110000,0,user_27,587,587,
10758,52,79000,0,user_16,587,587,
10781,53,73000,0,user_42,587,587,
10888,,1700000,0,user_0,588,,
10889,,460000,0,user_0,588,,
10890,,1000000,0,user_1,588,,
10891,,120000,0,user_2,588,,
10892,,85000,0,user_3,588,,
10893,,4200000,0,user_4,588,,
10894,,220000,19700,user_5,588,,
10895,,870000,0,user_5,588,,
10896,,80000,0,user_6,588,,
10897,,300000,0,user_8,588,,
10898,,150000,0,user_8,588,,
10899,,220000,0,user_9,588,,
10900,,27000000,0,user_10,588,,
10901,,160000,0,user_10,588,,
10902,,1400000,0,user_10,588,,
10903,,260000,0,user_10,588,,
10904,,120000,0,user_12,588,,
10905,,1100000,0,user_14,588,,
10906,,130000,0,user_14,588,,
10907,,110000,0,user_14,588,,
10908,,130000,108000,user_14,588,,
10909,,910000,0,user_14,588,,
10910,,220000,0,user_15,588,,
10911,,870000,0,user_16,588,,
10912,,3200000,12800,user_16,588,,
10913,,150000,0,user_18,588,,
10914,,79000,0,user_20,588,,
10915,,170000,0,user_20,588,,
10916,,2000000,0,user_21,588,,
10917,,1500000,164000,user_22,588,,
10918,,3600000,0,user_22,588,,
10919,,110000,0,user_23,588,,
10920,,2100000,0,user_24,588,,
10921,,460000,0,user_27,588,,
10922,,150000,0,user_29,588,,
10923,,150000,0,user_29,588,,
10924,,160000,0,user_31,588,,
10925,,85000,56200,user_31,588,,
10926,,79000,0,user_32,588,,
10927,,120000,35100,user_39,588,,
10928,,220000,0,user_39,588,,
10929,,260000,0,user_41,588,,
10930,,5000000,12800,user_42,588,,
10931,,2500000,0,user_42,588,,
10932,,110000,146000,user_44,588,,
10933,,150000,0,user_46,588,,
10934,,660000,36800,user_46,588,,
10935,,260000,0,user_47,588,,
10900,0,27000000,0,user_10,588,588,
10930,1,5000000,12800,user_42,588,588,
10893,2,4200000,0,user_4,588,588,
10918,3,3600000,0,user_22,588,588,
10912,4,3200000,12800,user_16,588,588,
10931,5,2500000,0,user_42,588,588,
10920,6,2100000,0,user_24,588,588,
10916,7,2000000,0,user_21,588,588,
10888,8,1700000,0,user_0,588,588,
10917,9,1500000,164000,user_22,588,588,
10902,10,1400000,0,user_10,588,588,
10905,11,1100000,0,user_14,588,588,
10890,12,1000000,0,user_1,588,588,
10909,13,910000,0,user_14,588,588,
10911,14,870000,0,user_16,588,588,
10934,15,660000,36800,user_46,588,588,
10889,16,460000,0,user_0,588,588,
10921,17,460000,0,user_27,588,588,
10897,18,300000,0,user_8,588,588,
10903,19,260000,0,user_10,588,588,
10929,20,260000,0,user_41,588,588,
10935,21,260000,0,user_47,588,588,
10899,22,220000,0,user_9,588,588,
10910,23,220000,0,user_15,588,588,
10928,24,220000,0,user_39,588,588,
10915,25,170000,0,user_20,588,588,
10901,26,160000,0,user_10,588,588,
10924,27,160000,0,user_31,588,588,
10898,28,150000,0,user_8,588,588,
10913,29,150000,0,user_18,588,588,
10922,30,150000,0,user_29,588,588,
10923,31,150000,0,user_29,588,588,
10933,32,150000,0,user_46,588,588,
10906,33,130000,0,user_14,588,588,
10908,34,130000,108000,user_14,588,588,
10891,35,120000,0,user_2,588,588,
10904,36,120000,0,user_12,588,588,
10927,37,120000,35100,user_39,588,588,
10907,38,110000,0,user_14,588,588,
10919,39,110000,0,user_23,588,588,
10932,40,110000,146000,user_44,588,588,
10925,41,85000,56200,user_31,588,588,
10896,42,80000,0,user_6,588,588,
10914,43,79000,0,user_20,588,588,
10999,,1300000,0,user_1,589,,
11000,,1100000,0,user_1,589,,
11001,,79000,0,user_2,589,,
11002,,2000000,0,user_2,589,,
11003,,670000,33300,user_2,589,,
11004,,73000,0,user_2,589,,
11005,,120000,0,user_2,589,,
11006,,150000,350000,user_3,589,,
11007,,870000,0,user_5,589,,
11008,,120000,0,user_5,589,,
11009,,910000,0,user_6,589,,
11010,,1900000,0,user_8,589,,
11011,,160000,0,user_8,589,,
11012,,120000,0,user_9,589,,
11013,,970000,0,user_10,589,,
11014,,3600000,0,user_10,589,,
11015,,150000,0,user_10,589,,
11016,,360000,0,user_12,589,,
11017,,1600000,0,user_12,589,,
11018,,1500000,46500,user_14,589,,
11019,,1600000,0,user_14,589,,
11020,,170000,0,user_16,589,,
11021,,1600000,0,user_17,589,,
11022,,310000,67500,user_18,589,,
11023,,1000000,0,user_19,589,,
11024,,79000,0,user_20,589,,
11025,,160000,0,user_20,589,,
11026,,1800000,0,user_21,589,,
11027,,870000,0,user_22,589,,
11028,,2500000,0,user_23,589,,
11029,,240000,0,user_24,589,,
11030,,3500000,0,user_26,589,,
11031,,460000,231000,user_27,589,,
11032,,120000,0,user_27,589,,
11033,,3200000,0,user_28,589,,
11034,,1700000,0,user_28,589,,
11035,,2500000,0,user_29,589,,
11036,,120000,0,user_30,589,,
11037,,83000,0,user_31,589,,
11038,,98000,0,user_32,589,,
11039,,1000000,0,user_32,589,,
11040,,460000,0,user_33,589,,
11041,,5000000,0,user_34,589,,
11042,,460000,0,user_35,589,,
11043,,360000,0,user_35,589,,
11044,,220000,0,user_36,589,,
11045,,1500000,0,user_37,589,,
11046,,83000,0,user_38,589,,
11047,,4500000,0,user_38,589,,
11048,,310000,0,user_39,589,,
11049,,530000,0,user_40,589,,
11050,,6100000,24700,user_41,589,,
11051,,1500000,0,user_43,589,,
11052,,1900000,0,user_44,589,,
11053,,1000000,0,user_46,589,,
11054,,460000,47700,user_46,589,,
11055,,260000,0,user_46,589,,
11056,,6100000,0,user_46,589,,
11057,,970000,0,user_48,589,,
11058,,870000,0,user_49,589,,
11082,0,0,0,builder_4,589,589,11050
11050,1,6100000,24700,user_41,589,589,
11056,2,6100000,0,user_46,589,589,
11041,3,5000000,0,user_34,589,589,
11047,4,4500000,0,user_38,589,589,
11014,5,3600000,0,user_10,589,589,
11030,6,3500000,0,user_26,589,589,
11033,7,3200000,0,user_28,589,589,
11028,8,2500000,0,user_23,589,589,
11035,9,2500000,0,user_29,589,589,
11002,10,2000000,0,user_2,589,589,
11010,11,1900000,0,user_8,589,589,
11052,12,1900000,0,user_44,589,589,
11026,13,1800000,0,user_21,589,589,
11034,14,1700000,0,user_28,589,589,
11017,15,1600000,0,user_12,589,589,
11019,16,1600000,0,user_14,589,589,
11021,17,1600000,0,user_17,589,589,
11083,18,0,0,builder_4,589,589,11018
11018,19,1500000,46500,user_14,589,589,
11045,20,1500000,0,user_37,589,589,
11051,21,1500000,0,user_43,589,589,
10999,22,1300000,0,user_1,589,589,
11000,23,1100000,0,user_1,589,589,
11023,24,1000000,0,user_19,589,589,
11039,25,1000000,0,user_32,589,589,
11053,26,1000000,0,user_46,589,589,
11013,27,970000,0,user_10,589,589,
11057,28,970000,0,user_48,589,589,
11009,29,910000,0,user_6,589,589,
11027,30,870000,0,user_22,589,589,
11058,31,870000,0,user_49,589,589,
11084,32,0,0,builder_4,589,589,11003
11003,33,670000,33300,user_2,589,589,
11085,34,0,0,builder_4,589,589,11031
11031,35,460000,231000,user_27,589,589,
11049,36,530000,0,user_40,589,589,
11086,37,0,0,builder_4,589,589,11054
11054,38,460000,47700,user_46,589,589,
11006,39,150000,350000,user_3,589,589,
11087,40,0,0,builder_4,589,589,11006
11040,41,460000,0,user_33,589,589,
11042,42,460000,0,user_35,589,589,
11088,43,0,0,builder_4,589,589,11022
11022,44,310000,67500,user_18,589,589,
11016,45,360000,0,user_12,589,589,
11043,46,360000,0,user_35,589,589,
11055,47,260000,0,user_46,589,589,
11029,48,240000,0,user_24,589,589,
11044,49,220000,0,user_36,589,589,
11020,50,170000,0,user_16,589,589,
11011,51,160000,0,user_8,589,589,
11025,52,160000,0,user_20,589,589,
11015,53,150000,0,user_10,589,589,
11005,54,120000,0,user_2,589,589,
11012,55,120000,0,user_9,589,589,
11032,56,120000,0,user_27,589,589,
11036,57,120000,0,user_30,589,589,
11038,58,98000,0,user_32,589,589,
11037,59,83000,0,user_31,589,589,
11046,60,83000,0,user_38,589,589,
11001,61,79000,0,user_2,589,589,
11024,62,79000,0,user_20,589,589,
11004,63,73000,0,user_2,589,589,
11109,,3500000,0,user_0,590,,
11110,,30000000,0,user_1,590,,
11111,,150000,0,user_2,590,,
11112,,43000000,0,user_3,590,,
11113,,3600000,0,user_3,590,,
11114,,1800000,381000,user_4,590,,
11115,,2400000,14200,user_6,590,,
11116,,1500000,0,user_7,590,,
11117,,110000,0,user_7,590,,
11118,,1000000,0,user_9,590,,
11119,,150000,0,user_9,590,,
11120,,910000,0,user_9,590,,
11121,,6100000,0,user_9,590,,
11122,,420000,0,user_9,590,,
11123,,84000,0,user_10,590,,
11124,,260000,0,user_12,590,,
11125,,110000,0,user_13,590,,
11126,,310000,0,user_16,590,,
11127,,1200000,0,user_17,590,,
11128,,98000,0,user_17,590,,
11129,,420000,0,user_19,590,,
11130,,340000,0,user_20,590,,
11131,,2600000,0,user_21,590,,
11132,,98000,0,user_22,590,,
11133,,170000,0,user_24,590,,
11134,,150000,0,user_25,590,,
11135,,19000000,16400,user_25,590,,
11136,,83000,0,user_27,590,,
11137,,170000,0,user_27,590,,
11138,,120000,0,user_28,590,,
11139,,870000,0,user_30,590,,
11140,,370000,0,user_31,590,,
11141,,110000,0,user_32,590,,
11142,,460000,0,user_32,590,,
11143,,2000000,0,user_32,590,,
11144,,310000,0,user_33,590,,
11145,,80000,0,user_34,590,,
11146,,970000,0,user_34,590,,
11147,,260000,0,user_34,590,,
11148,,160000,0,user_34,590,,
11149,,220000,0,user_37,590,,
11150,,84000,0,user_38,590,,
11151,,1400000,17700000,user_38,590,,
11152,,1300000,164000,user_38,590,,
11153,,1900000,0,user_38,590,,
11154,,170000,0,user_38,590,,
11155,,910000,0,user_40,590,,
11156,,310000,0,user_41,590,,
11157,,80000,0,user_41,590,,
11158,,220000,43600,user_44,590,,
11159,,370000,0,user_45,590,,
11160,,970000,0,user_46,590,,
11161,,220000,0,user_48,590,,
11162,,530000,0,user_48,590,,
11163,,2000000,0,user_48,590,,
11164,,3600000,0,user_48,590,,
11112,0,43000000,0,user_3,590,590,
11110,1,30000000,0,user_1,590,590,
11151,2,1400000,17700000,user_38,590,590,
11182,3,0,0,builder_4,590,590,11151
11183,4,0,0,builder_4,590,590,11135
11135,5,19000000,16400,user_25,590,590,
11121,6,6100000,0,user_9,590,590,
11113,7,3600000,0,user_3,590,590,
11164,8,3600000,0,user_48,590,590,
11109,9,3500000,0,user_0,590,590,
11131,10,2600000,0,user_21,590,590,
11115,11,2400000,14200,user_6,590,590,
11184,12,0,0,builder_4,590,590,11115
11114,13,1800000,381000,user_4,590,590,
11185,14,0,0,builder_4,590,590,11114
11143,15,2000000,0,user_32,590,590,
11163,16,2000000,0,user_48,590,590,
11153,17,1900000,0,user_38,590,590,
11186,18,0,0,builder_4,590,590,11152
11152,19,1300000,164000,user_38,590,590,
11127,20,1200000,0,user_17,590,590,
11118,21,1000000,0,user_9,590,590,
11146,22,970000,0,user_34,590,590,
11160,23,970000,0,user_46,590,590,
11120,24,910000,0,user_9,590,590,
11155,25,910000,0,user_40,590,590,
11139,26,870000,0,user_30,590,590,
11162,27,530000,0,user_48,590,590,
11142,28,460000,0,user_32,590,590,
11122,29,420000,0,user_9,590,590,
11129,30,420000,0,user_19,590,590,
11140,31,370000,0,user_31,590,590,
11159,32,370000,0,user_45,590,590,
11130,33,340000,0,user_20,590,590,
11126,34,310000,0,user_16,590,590,
11144,35,310000,0,user_33,590,590,
11156,36,310000,0,user_41,590,590,
11158,37,220000,43600,user_44,590,590,
11187,38,0,0,builder_4,590,590,11158
11124,39,260000,0,user_12,590,590,
11147,40,260000,0,user_34,590,590,
11149,41,220000,0,user_37,590,590,
11161,42,220000,0,user_48,590,590,
11133,43,170000,0,user_24,590,590,
11137,44,170000,0,user_27,590,590,
11154,45,170000,0,user_38,590,590,
11148,46,160000,0,user_34,590,590,
11111,47,150000,0,user_2,590,590,
11119,48,150000,0,user_9,590,590,
11134,49,150000,0,user_25,590,590,
11138,50,120000,0,user_28,590,590,
11125,51,110000,0,user_13,590,590,
11141,52,110000,0,user_32,590,590,
11128,53,98000,0,user_17,590,590,
11132,54,98000,0,user_22,590,590,
11123,55,84000,0,user_10,590,590,
11150,56,84000,0,user_38,590,590,
11136,57,83000,0,user_27,590,590,
11145,58,80000,0,user_34,590,590,
11157,59,80000,0,user_41,590,590,
11208,,320000,0,user_2,591,,
11209,,87000,0,user_3,591,,
11210,,4200000,0,user_6,591,,
11211,,5000000,0,user_11,591,,
11212,,1000000,0,user_12,591,,
11213,,2500000,0,user_13,591,,
11214,,2300000,66100,user_13,591,,
11215,,160000,0,user_13,591,,
11216,,27000000,0,user_13,591,,
11217,,300000,0,user_14,591,,
11218,,160000,0,user_16,591,,
11219,,19000000,779000,user_17,591,,
11220,,630000,0,user_17,591,,
11221,,310000,0,user_20,591,,
11222,,310000,0,user_21,591,,
11223,,170000,0,user_22,591,,
11224,,3200000,0,user_25,591,,
11225,,110000,0,user_27,591,,
11226,,1600000,0,user_27,591,,
11227,,220000,0,user_28,591,,
11228,,84000,0,user_28,591,,
11229,,870000,0,user_31,591,,
11230,,3200000,0,user_31,591,,
11231,,1100000,0,user_33,591,,
11232,,1000000,0,user_33,591,,
11233,,260000,0,user_34,591,,
11234,,220000,0,user_35,591,,
11235,,1400000,0,user_36,591,,
11236,,1000000,0,user_36,591,,
11237,,83000,0,user_39,591,,
11238,,120000,0,user_39,591,,
11239,,4500000,0,user_40,591,,
11240,,2100000,0,user_40,591,,
11241,,1900000,60700,user_40,591,,
11242,,1000000,0,user_40,591,,
11243,,110000,0,user_40,591,,
11244,,150000,0,user_41,591,,
11245,,150000,0,user_43,591,,
11246,,73000,0,user_44,591,,
11247,,970000,0,user_44,591,,
11248,,470000,67900,user_44,591,,
11249,,220000,0,user_44,591,,
11250,,2100000,31700,user_46,591,,
11251,,1000000,0,user_47,591,,
11252,,2400000,0,user_47,591,,
11253,,600000,0,user_48,591,,
11254,,1000000,0,user_49,591,,
11255,,27000000,0,user_49,591,,
11216,0,27000000,0,user_13,591,591,
11255,1,27000000,0,user_49,591,591,
11219,2,19000000,779000,user_17,591,591,
11211,3,5000000,0,user_11,591,591,
11239,4,4500000,0,user_40,591,591,
11210,5,4200000,0,user_6,591,591,
11224,6,3200000,0,user_25,591,591,
11230,7,3200000,0,user_31,591,591,
11213,8,2500000,0,user_13,591,591,
11252,9,2400000,0,user_47,591,591,
11214,10,2300000,66100,user_13,591,591,
11240,11,2100000,0,user_40,591,591,
11250,12,2100000,31700,user_46,591,591,
11241,13,1900000,60700,user_40,591,591,
11226,14,1600000,0,user_27,591,591,
11235,15,1400000,0,user_36,591,591,
11231,16,1100000,0,user_33,591,591,
11212,17,1000000,0,user_12,591,591,
11232,18,1000000,0,user_33,591,591,
11236,19,1000000,0,user_36,591,591,
11242,20,1000000,0,user_40,591,591,
11251,21,1000000,0,user_47,591,591,
11254,22,1000000,0,user_49,591,591,
11247,23,970000,0,user_44,591,591,
11229,24,870000,0,user_31,591,591,
11220,25,630000,0,user_17,591,591,
11248,26,470000,67900,user_44,591,591,
11208,27,320000,0,user_2,591,591,
11221,28,310000,0,user_20,591,591,
11222,29,310000,0,user_21,591,591,
11233,30,260000,0,user_34,591,591,
11234,31,220000,0,user_35,591,591,
11249,32,220000,0,user_44,591,591,
11223,33,170000,0,user_22,591,591,
11215,34,160000,0,user_13,591,591,
11218,35,160000,0,user_16,591,591,
11244,36,150000,0,user_41,591,591,
11245,37,150000,0,user_43,591,591,
11238,38,120000,0,user_39,591,591,
11225,39,110000,0,user_27,591,591,
11243,40,110000,0,user_40,591,591,
11209,41,87000,0,user_3,591,591,
11237,42,83000,0,user_39,591,591,
11246,43,73000,0,user_44,591,591,
11289,,170000,0,user_0,592,,
11290,,160000,0,user_0,592,,
11291,,160000,128000,user_0,592,,
11292,,5000000,19700,user_1,592,,
11293,,460000,0,user_3,592,,
11294,,87000,0,user_4,592,,
11295,,87000,0,user_5,592,,
11296,,260000,381000,user_5,592,,
11297,,83000,0,user_5,592,,
11298,,350000,0,user_7,592,,
11299,,130000,0,user_10,592,,
11300,,120000,0,user_10,592,,
11301,,6100000,0,user_11,592,,
11302,,84000,0,user_12,592,,
11303,,670000,369000,user_13,592,,
11304,,2000000,1100000,user_13,592,,
11305,,43000000,0,user_13,592,,
11306,,120000,0,user_13,592,,
11307,,110000,128000,user_14,592,,
11308,,1000000,30200,user_15,592,,
11309,,73000,0,user_16,592,,
11310,,110000,16400,user_18,592,,
11311,,2600000,0,user_20,592,,
11312,,1700000,66100,user_23,592,,
11313,,360000,0,user_24,592,,
11314,,1100000,0,user_25,592,,
11315,,2300000,0,user_25,592,,
11316,,1900000,0,user_26,592,,
11317,,370000,0,user_31,592,,
11318,,160000,0,user_31,592,,
11319,,260000,0,user_33,592,,
11320,,98000,545000,user_34,592,,
11321,,1600000,36800,user_35,592,,
11322,,2000000,0,user_36,592,,
11323,,120000,0,user_38,592,,
11324,,1500000,410000,user_38,592,,
11325,,79000,0,user_38,592,,
11326,,4200000,0,user_39,592,,
11327,,120000,16400,user_39,592,,
11328,,660000,3130,user_40,592,,
11329,,360000,959000,user_43,592,,
11330,,87000,0,user_44,592,,
11331,,150000,32900,user_45,592,,
11332,,19000000,0,user_46,592,,
11333,,220000,0,user_47,592,,
11334,,70000,0,user_47,592,,
11335,,110000,0,user_47,592,,
11336,,1800000,71800,user_48,592,,
11337,,2000000,0,user_49,592,,
11305,0,43000000,0,user_13,592,592,
11332,1,19000000,0,user_46,592,592,
11301,2,6100000,0,user_11,592,592,
11292,3,5000000,19700,user_1,592,592,
11326,4,4200000,0,user_39,592,592,
11311,5,2600000,0,user_20,592,592,
11315,6,2300000,0,user_25,592,592,
11304,7,2000000,1100000,user_13,592,592,
11322,8,2000000,0,user_36,592,592,
11337,9,2000000,0,user_49,592,592,
11316,10,1900000,0,user_26,592,592,
11312,11,1700000,66100,user_23,592,592,
11321,12,1600000,36800,user_35,592,592,
11314,13,1100000,0,user_25,592,592,
11308,14,1000000,30200,user_15,592,592,
11303,15,670000,369000,user_13,592,592,
11328,16,660000,3130,user_40,592,592,
11293,17,460000,0,user_3,592,592,
11317,18,370000,0,user_31,592,592,
11329,19,360000,959000,user_43,592,592,
11298,20,350000,0,user_7,592,592,
11296,21,260000,381000,user_5,592,592,
11319,22,260000,0,user_33,592,592,
11333,23,220000,0,user_47,592,592,
11289,24,170000,0,user_0,592,592,
11290,25,160000,0,user_0,592,592,
11291,26,160000,128000,user_0,592,592,
11318,27,160000,0,user_31,592,592,
11331,28,150000,32900,user_45,592,592,
11299,29,130000,0,user_10,592,592,
11300,30,120000,0,user_10,592,592,
11306,31,120000,0,user_13,592,592,
11327,32,120000,16400,user_39,592,592,
11310,33,110000,16400,user_18,592,592,
11335,34,110000,0,user_47,592,592,
11320,35,98000,545000,user_34,592,592,
11294,36,87000,0,user_4,592,592,
11295,37,87000,0,user_5,592,592,
11330,38,87000,0,user_44,592,592,
11302,39,84000,0,user_12,592,592,
11297,40,83000,0,user_5,592,592,
11309,41,73000,0,user_16,592,592,
11334,42,70000,0,user_47,592,592,
11457,,2000000,0,user_0,593,,
11458,,120000,0,user_1,593,,
11459,,1500000,0,user_2,593,,
11460,,150000,0,user_2,593,,
11461,,2000000,0,user_3,593,,
11462,,120000,0,user_3,593,,
11463,,530000,0,user_4,593,,
11464,,1900000,0,user_7,593,,
11465,,150000,0,user_8,593,,
11466,,150000,0,user_10,593,,
11467,,4200000,0,user_11,593,,
11468,,4200000,0,user_12,593,,
11469,,160000,0,user_12,593,,
11470,,670000,0,user_13,593,,
11471,,5000000,0,user_14,593,,
11472,,79000,0,user_15,593,,
11473,,340000,0,user_19,593,,
11474,,70000,0,user_20,593,,
11475,,79000,0,user_21,593,,
11476,,110000,0,user_22,593,,
11477,,4200000,350000,user_23,593,,
11478,,460000,0,user_23,593,,
11479,,1900000,0,user_23,593,,
11480,,110000,0,user_24,593,,
11481,,310000,0,user_25,593,,
11482,,110000,0,user_25,593,,
11483,,6100000,146000,user_25,593,,
11484,,420000,0,user_25,593,,
11485,,110000,0,user_26,593,,
11486,,650000,0,user_27,593,,
11487,,1700000,0,user_27,593,,
11488,,70000,0,user_32,593,,
11489,,160000,0,user_34,593,,
11490,,1500000,0,user_34,593,,
11491,,27000000,0,user_35,593,,
11492,,110000,0,user_36,593,,
11493,,3500000,13800,user_37,593,,
11494,,1400000,0,user_38,593,,
11495,,5000000,0,user_39,593,,
11496,,360000,0,user_40,593,,
11497,,70000,0,user_41,593,,
11498,,970000,73100,user_41,593,,
11499,,110000,0,user_43,593,,
11500,,27000000,67900,user_44,593,,
11501,,160000,7840,user_46,593,,
11502,,1100000,0,user_47,593,,
11503,,220000,0,user_49,593,,
11504,,4500000,0,user_49,593,,
11491,0,27000000,0,user_35,593,593,
11500,1,27000000,67900,user_44,593,593,
11483,2,6100000,146000,user_25,593,593,
11471,3,5000000,0,user_14,593,593,
11495,4,5000000,0,user_39,593,593,
11504,5,4500000,0,user_49,593,593,
11467,6,4200000,0,user_11,593,593,
11468,7,4200000,0,user_12,593,593,
11477,8,4200000,350000,user_23,593,593,
11493,9,3500000,13800,user_37,593,593,
11457,10,2000000,0,user_0,593,593,
11461,11,2000000,0,user_3,593,593,
11464,12,1900000,0,user_7,593,593,
11479,13,1900000,0,user_23,593,593,
11459,14,1500000,0,user_2,593,593,
11490,15,1500000,0,user_34,593,593,
11502,16,1100000,0,user_47,593,593,
11498,17,970000,73100,user_41,593,593,
11470,18,670000,0,user_13,593,593,
11463,19,530000,0,user_4,593,593,
11478,20,460000,0,user_23,593,593,
11484,21,420000,0,user_25,593,593,
11496,22,360000,0,user_40,593,593,
11473,23,340000,0,user_19,593,593,
11481,24,310000,0,user_25,593,593,
11503,25,220000,0,user_49,593,593,
11469,26,160000,0,user_12,593,593,
11489,27,160000,0,user_34,593,593,
11501,28,160000,7840,user_46,593,593,
11460,29,150000,0,user_2,593,593,
11465,30,150000,0,user_8,593,593,
11458,31,120000,0,user_1,593,593,
11462,32,120000,0,user_3,593,593,
11476,33,110000,0,user_22,593,593,
11480,34,110000,0,user_24,593,593,
11482,35,110000,0,user_25,593,593,
11485,36,110000,0,user_26,593,593,
11499,37,110000,0,user_43,593,593,
11472,38,79000,0,user_15,593,593,
11475,39,79000,0,user_21,593,593,
11474,40,70000,0,user_20,593,593,
11488,41,70000,0,user_32,593,593,
11497,42,70000,0,user_41,593,593,
11548,,150000,0,user_2,594,,
11549,,170000,0,user_3,594,,
11550,,1500000,5640,user_3,594,,
11551,,79000,0,user_3,594,,
11552,,870000,0,user_4,594,,
11553,,3600000,0,user_6,594,,
11554,,84000,0,user_9,594,,
11555,,470000,0,user_10,594,,
11556,,1400000,0,user_11,594,,
11557,,5000000,0,user_11,594,,
11558,,1900000,0,user_11,594,,
11559,,260000,0,user_11,594,,
11560,,350000,0,user_12,594,,
11561,,970000,11200,user_12,594,,
11562,,160000,49100,user_13,594,,
11563,,1400000,0,user_13,594,,
11564,,310000,0,user_14,594,,
11565,,2000000,0,user_15,594,,
11566,,1700000,0,user_15,594,,
11567,,160000,0,user_15,594,,
11568,,4500000,15300,user_15,594,,
11569,,420000,23500,user_16,594,,
11570,,1900000,0,user_17,594,,
11571,,77000,0,user_17,594,,
11572,,2300000,0,user_17,594,,
11573,,1600000,0,user_19,594,,
11574,,2400000,0,user_19,594,,
11575,,84000,0,user_20,594,,
11576,,630000,0,user_22,594,,
11577,,1600000,0,user_23,594,,
11578,,85000,0,user_24,594,,
11579,,120000,0,user_26,594,,
11580,,120000,0,user_26,594,,
11581,,87000,0,user_26,594,,
11582,,130000,39400,user_26,594,,
11583,,4200000,0,user_26,594,,
11584,,1000000,49100,user_27,594,,
11585,,1400000,0,user_27,594,,
11586,,460000,0,user_28,594,,
11587,,1000000,17000,user_28,594,,
11588,,2500000,0,user_31,594,,
11589,,19000000,100000,user_31,594,,
11590,,420000,0,user_31,594,,
11591,,2500000,0,user_32,594,,
11592,,320000,0,user_33,594,,
11593,,460000,0,user_33,594,,
11594,,420000,0,user_35,594,,
11595,,170000,12300,user_36,594,,
11596,,70000,350000,user_38,594,,
11597,,2400000,0,user_39,594,,
11598,,82000,0,user_39,594,,
11599,,70000,0,user_41,594,,
11600,,460000,0,user_42,594,,
11601,,5000000,215000,user_45,594,,
11602,,420000,0,user_47,594,,
11589,0,19000000,100000,user_31,594,594,
11557,1,5000000,0,user_11,594,594,
11601,2,5000000,215000,user_45,594,594,
11568,3,4500000,15300,user_15,594,594,
11583,4,4200000,0,user_26,594,594,
11553,5,3600000,0,user_6,594,594,
11588,6,2500000,0,user_31,594,594,
11591,7,2500000,0,user_32,594,594,
11574,8,2400000,0,user_19,594,594,
11597,9,2400000,0,user_39,594,594,
11572,10,2300000,0,user_17,594,594,
11565,11,2000000,0,user_15,594,594,
11558,12,1900000,0,user_11,594,594,
11570,13,1900000,0,user_17,594,594,
11566,14,1700000,0,user_15,594,594,
11573,15,1600000,0,user_19,594,594,
11550,16,1500000,5640,user_3,594,594,
11556,17,1400000,0,user_11,594,594,
11563,18,1400000,0,user_13,594,594,
11585,19,1400000,0,user_27,594,594,
11584,20,1000000,49100,user_27,594,594,
11587,21,1000000,17000,user_28,594,594,
11561,22,970000,11200,user_12,594,594,
11552,23,870000,0,user_4,594,594,
11555,24,470000,0,user_10,594,594,
11586,25,460000,0,user_28,594,594,
11593,26,460000,0,user_33,594,594,
11600,27,460000,0,user_42,594,594,
11569,28,420000,23500,user_16,594,594,
11590,29,420000,0,user_31,594,594,
11594,30,420000,0,user_35,594,594,
11602,31,420000,0,user_47,594,594,
11560,32,350000,0,user_12,594,594,
11592,33,320000,0,user_33,594,594,
11559,34,260000,0,user_11,594,594,
11549,35,170000,0,user_3,594,594,
11562,36,160000,49100,user_13,594,594,
11567,37,160000,0,user_15,594,594,
11548,38,150000,0,user_2,594,594,
11582,39,130000,39400,user_26,594,594,
11579,40,120000,0,user_26,594,594,
11580,41,120000,0,user_26,594,594,
11581,42,87000,0,user_26,594,594,
11578,43,85000,0,user_24,594,594,
11554,44,84000,0,user_9,594,594,
11575,45,84000,0,user_20,594,594,
11598,46,82000,0,user_39,594,594,
11551,47,79000,0,user_3,594,594,
11571,48,77000,0,user_17,594,594,
11596,49,70000,350000,user_38,594,594,
11599,50,70000,0,user_41,594,594,
11691,,110000,0,user_0,595,,
11692,,2000000,0,user_1,595,,
11693,,1100000,0,user_2,595,,
11694,,310000,0,user_3,595,,
11695,,1600000,0,user_4,595,,
11696,,77000,0,user_5,595,,
11697,,3600000,0,user_7,595,,
11698,,1600000,0,user_7,595,,
11699,,110000,0,user_8,595,,
11700,,77000,0,user_9,595,,
11701,,3200000,0,user_10,595,,
11702,,460000,71800,user_10,595,,
11703,,1200000,0,user_12,595,,
11704,,1600000,0,user_13,595,,
11705,,1400000,0,user_14,595,,
11706,,5000000,0,user_17,595,,
11707,,1400000,0,user_18,595,,
11708,,2000000,128000,user_20,595,,
11709,,660000,0,user_20,595,,
11710,,1900000,0,user_24,595,,
11711,,1700000,12300,user_26,595,,
11712,,530000,0,user_27,595,,
11713,,110000,11200,user_29,595,,
11714,,260000,60700,user_30,595,,
11715,,1500000,0,user_30,595,,
11716,,110000,0,user_30,595,,
11717,,6100000,231000,user_31,595,,
11718,,530000,0,user_32,595,,
11719,,420000,0,user_33,595,,
11720,,73000,0,user_33,595,,
11721,,5000000,0,user_34,595,,
11722,,350000,0,user_37,595,,
11723,,2000000,0,user_38,595,,
11724,,80000,0,user_39,595,,
11725,,260000,0,user_39,595,,
11726,,300000,0,user_40,595,,
11727,,110000,285000,user_40,595,,
11728,,190000,0,user_42,595,,
11729,,460000,0,user_43,595,,
11730,,2600000,0,user_43,595,,
11731,,150000,15300,user_43,595,,
11732,,170000,0,user_44,595,,
11733,,19000000,0,user_45,595,,
11734,,2000000,0,user_45,595,,
11735,,340000,49100,user_46,595,,
11736,,82000,17700000,user_47,595,,
11737,,1100000,39400,user_48,595,,
11738,,670000,0,user_49,595,,
11733,0,19000000,0,user_45,595,595,
11717,1,6100000,231000,user_31,595,595,
11706,2,5000000,0,user_17,595,595,
11721,3,5000000,0,user_34,595,595,
11697,4,3600000,0,user_7,595,595,
11701,5,3200000,0,user_10,595,595,
11730,6,2600000,0,user_43,595,595,
11692,7,2000000,0,user_1,595,595,
11708,8,2000000,128000,user_20,595,595,
11723,9,2000000,0,user_38,595,595,
11734,10,2000000,0,user_45,595,595,
11710,11,1900000,0,user_24,595,595,
11711,12,1700000,12300,user_26,595,595,
11695,13,1600000,0,user_4,595,595,
11698,14,1600000,0,user_7,595,595,
11704,15,1600000,0,user_13,595,595,
11715,16,1500000,0,user_30,595,595,
11705,17,1400000,0,user_14,595,595,
11707,18,1400000,0,user_18,595,595,
11703,19,1200000,0,user_12,595,595,
11693,20,1100000,0,user_2,595,595,
11737,21,1100000,39400,user_48,595,595,
11709,22,660000,0,user_20,595,595,
11712,23,530000,0,user_27,595,595,
11702,24,460000,71800,user_10,595,595,
11729,25,460000,0,user_43,595,595,
11735,26,340000,49100,user_46,595,595,
11726,27,300000,0,user_40,595,595,
11714,28,260000,60700,user_30,595,595,
11725,29,260000,0,user_39,595,595,
11728,30,190000,0,user_42,595,595,
11732,31,170000,0,user_44,595,595,
11731,32,150000,15300,user_43,595,595,
11691,33,110000,0,user_0,595,595,
11699,34,110000,0,user_8,595,595,
11713,35,110000,11200,user_29,595,595,
11716,36,110000,0,user_30,595,595,
11727,37,110000,285000,user_40,595,595,
11736,38,82000,17700000,user_47,595,595,
11724,39,80000,0,user_39,595,595,
11700,40,77000,0,user_9,595,595,
11813,,1500000,0,user_0,596,,
11814,,150000,0,user_1,596,,
11815,,370000,4320000,user_2,596,,
11816,,2300000,0,user_2,596,,
11817,,600000,0,user_2,596,,
11818,,110000,0,user_2,596,,
11819,,43000000,0,user_2,596,,
11820,,1000000,0,user_3,596,,
11821,,30000000,0,user_4,596,,
11822,,240000,0,user_5,596,,
11823,,630000,0,user_5,596,,
11824,,1500000,0,user_6,596,,
11825,,110000,0,user_7,596,,
11826,,220000,0,user_7,596,,
11827,,110000,285000,user_8,596,,
11828,,360000,0,user_8,596,,
11829,,910000,0,user_11,596,,
11830,,2400000,0,user_12,596,,
11831,,460000,0,user_12,596,,
11832,,870000,67500,user_13,596,,
11833,,2000000,0,user_14,596,,
11834,,87000,0,user_15,596,,
11835,,87000,33300,user_17,596,,
11836,,100000,0,user_17,596,,
11837,,190000,0,user_18,596,,
11838,,150000,0,user_19,596,,
11839,,82000,0,user_19,596,,
11840,,84000,30200,user_20,596,,
11841,,170000,0,user_21,596,,
11842,,3600000,0,user_22,596,,
11843,,150000,0,user_23,596,,
11844,,220000,0,user_23,596,,
11845,,650000,0,user_23,596,,
11846,,190000,0,user_23,596,,
11847,,340000,0,user_25,596,,
11848,,1100000,231000,user_26,596,,
11849,,170000,181000,user_27,596,,
11850,,1200000,0,user_29,596,,
11851,,120000,0,user_30,596,,
11852,,320000,0,user_30,596,,
11853,,300000,0,user_31,596,,
11854,,70000,39400,user_31,596,,
11855,,190000,0,user_32,596,,
11856,,85000,0,user_32,596,,
11857,,1100000,0,user_33,596,,
11858,,220000,0,user_34,596,,
11859,,120000,21800,user_35,596,,
11860,,240000,0,user_35,596,,
11861,,170000,0,user_35,596,,
11862,,77000,0,user_36,596,,
11863,,320000,769000,user_36,596,,
11864,,110000,0,user_36,596,,
11865,,340000,0,user_36,596,,
11866,,1400000,0,user_36,596,,
11867,,310000,0,user_37,596,,
11868,,600000,0,user_38,596,,
11869,,870000,0,user_38,596,,
11870,,19000000,0,user_40,596,,
11871,,19000000,0,user_41,596,,
11872,,83000,0,user_42,596,,
11873,,120000,0,user_43,596,,
11874,,460000,121000,user_43,596,,
11875,,2000000,0,user_46,596,,
11876,,1500000,0,user_46,596,,
11877,,240000,0,user_46,596,,
11878,,73000,0,user_47,596,,
11819,0,43000000,0,user_2,596,596,
11821,1,30000000,0,user_4,596,596,
11870,2,19000000,0,user_40,596,596,
11871,3,19000000,0,user_41,596,596,
11914,4,0,0,builder_4,596,596,11815
11815,5,370000,4320000,user_2,596,596,
11842,6,3600000,0,user_22,596,596,
11830,7,2400000,0,user_12,596,596,
11816,8,2300000,0,user_2,596,596,
11833,9,2000000,0,user_14,596,596,
11875,10,2000000,0,user_46,596,596,
11813,11,1500000,0,user_0,596,596,
11824,12,1500000,0,user_6,596,596,
11876,13,1500000,0,user_46,596,596,
11866,14,1400000,0,user_36,596,596,
11915,15,0,0,builder_4,596,596,11848
11848,16,1100000,231000,user_26,596,596,
11850,17,1200000,0,user_29,596,596,
11857,18,1100000,0,user_33,596,596,
11863,19,320000,769000,user_36,596,596,
11916,20,0,0,builder_4,596,596,11863
11820,21,1000000,0,user_3,596,596,
11832,22,870000,67500,user_13,596,596,
11917,23,0,0,builder_4,596,596,11832
11829,24,910000,0,user_11,596,596,
11869,25,870000,0,user_38,596,596,
11845,26,650000,0,user_23,596,596,
11817,27,600000,0,user_2,596,596,
11868,28,600000,0,user_38,596,596,
11918,29,0,0,builder_4,596,596,11874
11874,30,460000,121000,user_43,596,596,
11831,31,460000,0,user_12,596,596,
11919,32,0,0,builder_4,596,596,11827
11827,33,110000,285000,user_8,596,596,
11828,34,360000,0,user_8,596,596,
11920,35,0,0,builder_4,596,596,11849
11849,36,170000,181000,user_27,596,596,
11847,37,340000,0,user_25,596,596,
11865,38,340000,0,user_36,596,596,
11852,39,320000,0,user_30,596,596,
11867,40,310000,0,user_37,596,596,
11853,41,300000,0,user_31,596,596,
11860,42,240000,0,user_35,596,596,
11877,43,240000,0,user_46,596,596,
11844,44,220000,0,user_23,596,596,
11858,45,220000,0,user_34,596,596,
11837,46,190000,0,user_18,596,596,
11846,47,190000,0,user_23,596,596,
11855,48,190000,0,user_32,596,596,
11841,49,170000,0,user_21,596,596,
11861,50,170000,0,user_35,596,596,
11814,51,150000,0,user_1,596,596,
11838,52,150000,0,user_19,596,596,
11843,53,150000,0,user_23,596,596,
11859,54,120000,21800,user_35,596,596,
11921,55,0,0,builder_4,596,596,11859
11835,56,87000,33300,user_17,596,596,
11922,57,0,0,builder_4,596,596,11835
11851,58,120000,0,user_30,596,596,
11873,59,120000,0,user_43,596,596,
11923,60,0,0,builder_4,596,596,11840
11840,61,84000,30200,user_20,596,596,
11818,62,110000,0,user_2,596,596,
11864,63,110000,0,user_36,596,596,
11924,64,0,0,builder_4,596,596,11854
11854,65,70000,39400,user_31,596,596,
11836,66,100000,0,user_17,596,596,
11856,67,85000,0,user_32,596,596,
11872,68,83000,0,user_42,596,596,
11839,69,82000,0,user_19,596,596,
11862,70,77000,0,user_36,596,596,
11955,,98000,0,user_0,597,,
11956,,1100000,0,user_1,597,,
11957,,1600000,0,user_2,597,,
11958,,970000,10700,user_2,597,,
11959,,4200000,0,user_3,597,,
11960,,1100000,0,user_4,597,,
11961,,600000,0,user_4,597,,
11962,,120000,0,user_4,597,,
11963,,6300000,0,user_4,597,,
11964,,79000,68100,user_4,597,,
11965,,130000,0,user_5,597,,
11966,,150000,0,user_7,597,,
11967,,5000000,0,user_8,597,,
11968,,420000,0,user_9,597,,
11969,,43000000,0,user_13,597,,
11970,,70000,0,user_13,597,,
11971,,1500000,0,user_13,597,,
11972,,1600000,0,user_17,597,,
11973,,1100000,0,user_17,597,,
11974,,370000,0,user_17,597,,
11975,,2100000,0,user_17,597,,
11976,,2000000,0,user_17,597,,
11977,,98000,128000,user_18,597,,
11978,,1100000,0,user_21,597,,
11979,,220000,0,user_22,597,,
11980,,350000,5630,user_22,597,,
11981,,160000,0,user_22,597,,
11982,,2000000,0,user_23,597,,
11983,,2600000,0,user_23,597,,
11984,,370000,0,user_25,597,,
11985,,19000000,0,user_27,597,,
11986,,170000,0,user_29,597,,
11987,,79000,161000,user_30,597,,
11988,,27000000,0,user_31,597,,
11989,,370000,0,user_32,597,,
11990,,260000,5640,user_33,597,,
11991,,1500000,0,user_33,597,,
11992,,110000,0,user_34,597,,
11993,,85000,0,user_34,597,,
11994,,460000,0,user_35,597,,
11995,,150000,0,user_36,597,,
11996,,87000,0,user_37,597,,
11997,,310000,47700,user_38,597,,
11998,,190000,369000,user_39,597,,
11999,,300000,0,user_41,597,,
12000,,80000,12300,user_42,597,,
12001,,73000,0,user_43,597,,
12002,,110000,0,user_44,597,,
12003,,340000,7840,user_45,597,,
12004,,1600000,0,user_46,597,,
12005,,1600000,0,user_46,597,,
12006,,110000,0,user_47,597,,
12007,,3200000,121000,user_47,597,,
12008,,530000,0,user_48,597,,
12009,,470000,0,user_49,597,,
12010,,630000,13900,user_49,597,,
12011,,110000,0,user_49,597,,
12012,,2000000,0,user_49,597,,
12013,,2600000,0,user_49,597,,
11969,0,43000000,0,user_13,597,597,
11988,1,27000000,0,user_31,597,597,
11985,2,19000000,0,user_27,597,597,
11963,3,6300000,0,user_4,597,597,
11967,4,5000000,0,user_8,597,597,
11959,5,4200000,0,user_3,597,597,
12007,6,3200000,121000,user_47,597,597,
11983,7,2600000,0,user_23,597,597,
12013,8,2600000,0,user_49,597,597,
11975,9,2100000,0,user_17,597,597,
11976,10,2000000,0,user_17,597,597,
11982,11,2000000,0,user_23,597,597,
12012,12,2000000,0,user_49,597,597,
11957,13,1600000,0,user_2,597,597,
11972,14,1600000,0,user_17,597,597,
12004,15,1600000,0,user_46,597,597,
12005,16,1600000,0,user_46,597,597,
11971,17,1500000,0,user_13,597,597,
11991,18,1500000,0,user_33,597,597,
11956,19,1100000,0,user_1,597,597,
11960,20,1100000,0,user_4,597,597,
11973,21,1100000,0,user_17,597,597,
11978,22,1100000,0,user_21,597,597,
11958,23,970000,10700,user_2,597,597,
12010,24,630000,13900,user_49,597,597,
11961,25,600000,0,user_4,597,597,
12009,26,470000,0,user_49,597,597,
11994,27,460000,0,user_35,597,597,
11974,28,370000,0,user_17,597,597,
11984,29,370000,0,user_25,597,597,
11980,30,350000,5630,user_22,597,597,
12003,31,340000,7840,user_45,597,597,
11999,32,300000,0,user_41,597,597,
11990,33,260000,5640,user_33,597,597,
11979,34,220000,0,user_22,597,597,
11998,35,190000,369000,user_39,597,597,
11986,36,170000,0,user_29,597,597,
11981,37,160000,0,user_22,597,597,
11966,38,150000,0,user_7,597,597,
11995,39,150000,0,user_36,597,597,
11965,40,130000,0,user_5,597,597,
11962,41,120000,0,user_4,597,597,
11992,42,110000,0,user_34,597,597,
12002,43,110000,0,user_44,597,597,
12006,44,110000,0,user_47,597,597,
12011,45,110000,0,user_49,597,597,
11955,46,98000,0,user_0,597,597,
11977,47,98000,128000,user_18,597,597,
11996,48,87000,0,user_37,597,597,
11993,49,85000,0,user_34,597,597,
12000,50,80000,12300,user_42,597,597,
11964,51,79000,68100,user_4,597,597,
11987,52,79000,161000,user_30,597,597,
12001,53,73000,0,user_43,597,597,
11970,54,70000,0,user_13,597,597,
12098,,260000,0,user_0,598,,
12099,,120000,0,user_2,598,,
12100,,310000,0,user_3,598,,
12101,,84000,0,user_5,598,,
12102,,5000000,0,user_6,598,,
12103,,660000,0,user_7,598,,
12104,,310000,0,user_8,598,,
12105,,2600000,0,user_9,598,,
12106,,150000,0,user_9,598,,
12107,,320000,0,user_10,598,,
12108,,1600000,39400,user_11,598,,
12109,,4200000,0,user_13,598,,
12110,,84000,5640,user_14,598,,
12111,,470000,0,user_15,598,,
12112,,260000,0,user_17,598,,
12113,,73000,0,user_17,598,,
12114,,4200000,0,user_19,598,,
12115,,79000,0,user_21,598,,
12116,,1600000,0,user_22,598,,
12117,,120000,67500,user_22,598,,
12118,,220000,1100000,user_23,598,,
12119,,1200000,0,user_23,598,,
12120,,3500000,0,user_24,598,,
12121,,1600000,779000,user_25,598,,
12122,,77000,0,user_27,598,,
12123,,79000,0,user_28,598,,
12124,,77000,0,user_28,598,,
12125,,650000,0,user_29,598,,
12126,,670000,0,user_30,598,,
12127,,160000,0,user_31,598,,
12128,,80000,5180,user_31,598,,
12129,,260000,0,user_31,598,,
12130,,310000,0,user_31,598,,
12131,,1500000,0,user_31,598,,
12132,,110000,0,user_32,598,,
12133,,2300000,0,user_33,598,,
12134,,1100000,0,user_36,598,,
12135,,1400000,128000,user_37,598,,
12136,,1100000,0,user_38,598,,
12137,,300000,0,user_39,598,,
12138,,2100000,0,user_40,598,,
12139,,6300000,0,user_40,598,,
12140,,150000,0,user_40,598,,
12141,,110000,64600,user_40,598,,
12142,,320000,283000,user_40,598,,
12143,,160000,0,user_41,598,,
12144,,320000,0,user_42,598,,
12145,,160000,0,user_42,598,,
12146,,350000,0,user_43,598,,
12147,,2000000,0,user_43,598,,
12148,,220000,0,user_44,598,,
12149,,530000,0,user_45,598,,
12150,,660000,0,user_46,598,,
12151,,73000,32900,user_47,598,,
12152,,2300000,0,user_47,598,,
12153,,910000,0,user_49,598,,
12154,,460000,0,user_49,598,,
12155,,5000000,0,user_49,598,,
12139,0,6300000,0,user_40,598,598,
12102,1,5000000,0,user_6,598,598,
12155,2,5000000,0,user_49,598,598,
12109,3,4200000,0,user_13,598,598,
12114,4,4200000,0,user_19,598,598,
12120,5,3500000,0,user_24,598,598,
12105,6,2600000,0,user_9,598,598,
12133,7,2300000,0,user_33,598,598,
12152,8,2300000,0,user_47,598,598,
12138,9,2100000,0,user_40,598,598,
12147,10,2000000,0,user_43,598,598,
12108,11,1600000,39400,user_11,598,598,
12116,12,1600000,0,user_22,598,598,
12121,13,1600000,779000,user_25,598,598,
12131,14,1500000,0,user_31,598,598,
12119,15,1200000,0,user_23,598,598,
12134,16,1100000,0,user_36,598,598,
12136,17,1100000,0,user_38,598,598,
12153,18,910000,0,user_49,598,598,
12126,19,670000,0,user_30,598,598,
12103,20,660000,0,user_7,598,598,
12150,21,660000,0,user_46,598,598,
12125,22,650000,0,user_29,598,598,
12149,23,530000,0,user_45,598,598,
12111,24,470000,0,user_15,598,598,
12154,25,460000,0,user_49,598,598,
12146,26,350000,0,user_43,598,598,
12107,27,320000,0,user_10,598,598,
12142,28,320000,283000,user_40,598,598,
12144,29,320000,0,user_42,598,598,
12100,30,310000,0,user_3,598,598,
12104,31,310000,0,user_8,598,598,
12130,32,310000,0,user_31,598,598,
12098,33,260000,0,user_0,598,598,
12112,34,260000,0,user_17,598,598,
12129,35,260000,0,user_31,598,598,
12118,36,220000,1100000,user_23,598,598,
12148,37,220000,0,user_44,598,598,
12127,38,160000,0,user_31,598,598,
12143,39,160000,0,user_41,598,598,
12145,40,160000,0,user_42,598,598,
12106,41,150000,0,user_9,598,598,
12140,42,150000,0,user_40,598,598,
12099,43,120000,0,user_2,598,598,
12117,44,120000,67500,user_22,598,598,
12132,45,110000,0,user_32,598,598,
12141,46,110000,64600,user_40,598,598,
12101,47,84000,0,user_5,598,598,
12110,48,84000,5640,user_14,598,598,
12128,49,80000,5180,user_31,598,598,
12115,50,79000,0,user_21,598,598,
12122,51,77000,0,user_27,598,598,
12113,52,73000,0,user_17,598,598,
12151,53,73000,32900,user_47,598,598,
12226,,460000,0,user_0,599,,
12227,,80000,0,user_0,599,,
12228,,150000,12300,user_0,599,,
12229,,1500000,0,user_0,599,,
12230,,370000,73100,user_1,599,,
12231,,260000,0,user_2,599,,
12232,,2600000,0,user_3,599,,
12233,,110000,0,user_6,599,,
12234,,2000000,0,user_7,599,,
12235,,220000,0,user_10,599,,
12236,,1000000,68100,user_11,599,,
12237,,4200000,0,user_11,599,,
12238,,310000,0,user_12,599,,
12239,,3600000,0,user_13,599,,
12240,,670000,0,user_15,599,,
12241,,83000,0,user_15,599,,
12242,,170000,0,user_16,599,,
12243,,3500000,0,user_18,599,,
12244,,87000,0,user_20,599,,
12245,,870000,0,user_21,599,,
12246,,870000,0,user_24,599,,
12247,,1100000,0,user_24,599,,
12248,,82000,0,user_26,599,,
12249,,600000,0,user_27,599,,
12250,,5200000,0,user_29,599,,
12251,,85000,0,user_29,599,,
12252,,350000,15300,user_30,599,,
12253,,160000,0,user_31,599,,
12254,,120000,0,user_31,599,,
12255,,2400000,0,user_32,599,,
12256,,970000,0,user_33,599,,
12257,,4500000,0,user_33,599,,
12258,,120000,0,user_33,599,,
12259,,170000,0,user_33,599,,
12260,,2000000,0,user_34,599,,
12261,,1400000,0,user_36,599,,
12262,,1300000,100000,user_39,599,,
12263,,1500000,0,user_40,599,,
12264,,3200000,0,user_40,599,,
12265,,260000,0,user_41,599,,
12266,,110000,0,user_41,599,,
12267,,110000,0,user_42,599,,
12268,,110000,0,user_42,599,,
12269,,870000,0,user_42,599,,
12270,,530000,0,user_42,599,,
12271,,1400000,0,user_43,599,,
12272,,260000,0,user_43,599,,
12273,,130000,0,user_44,599,,
12274,,670000,0,user_45,599,,
12275,,460000,0,user_46,599,,
12276,,300000,0,user_49,599,,
12250,0,5200000,0,user_29,599,599,
12257,1,4500000,0,user_33,599,599,
12237,2,4200000,0,user_11,599,599,
12239,3,3600000,0,user_13,599,599,
12243,4,3500000,0,user_18,599,599,
12264,5,3200000,0,user_40,599,599,
12232,6,2600000,0,user_3,599,599,
12255,7,2400000,0,user_32,599,599,
12234,8,2000000,0,user_7,599,599,
12260,9,2000000,0,user_34,599,599,
12229,10,1500000,0,user_0,599,599,
12263,11,1500000,0,user_40,599,599,
12261,12,1400000,0,user_36,599,599,
12291,13,0,0,builder_3,599,599,12262
12262,14,1300000,100000,user_39,599,599,
12271,15,1400000,0,user_43,599,599,
12247,16,1100000,0,user_24,599,599,
12292,17,0,0,builder_3,599,599,12236
12236,18,1000000,68100,user_11,599,599,
12256,19,970000,0,user_33,599,599,
12245,20,870000,0,user_21,599,599,
12246,21,870000,0,user_24,599,599,
12269,22,870000,0,user_42,599,599,
12240,23,670000,0,user_15,599,599,
12274,24,670000,0,user_45,599,599,
12270,25,530000,0,user_42,599,599,
12226,26,460000,0,user_0,599,599,
12275,27,460000,0,user_46,599,599,
12252,28,350000,15300,user_30,599,599,
12293,29,0,0,builder_3,599,599,12252
12238,30,310000,0,user_12,599,599,
12276,31,300000,0,user_49,599,599,
12231,32,260000,0,user_2,599,599,
12265,33,260000,0,user_41,599,599,
12272,34,260000,0,user_43,599,599,
12235,35,220000,0,user_10,599,599,
12259,36,170000,0,user_33,599,599,
12228,37,150000,12300,user_0,599,599,
12294,38,0,0,builder_3,599,599,12228
12253,39,160000,0,user_31,599,599,
12273,40,130000,0,user_44,599,599,
12254,41,120000,0,user_31,599,599,
12258,42,120000,0,user_33,599,599,
12266,43,110000,0,user_41,599,599,
12267,44,110000,0,user_42,599,599,
12268,45,110000,0,user_42,599,599,
12244,46,87000,0,user_20,599,599,
12251,47,85000,0,user_29,599,599,
12241,48,83000,0,user_15,599,599,
12248,49,82000,0,user_26,599,599,
12227,50,80000,0,user_0,599,599,
12313,,3500000,15300,user_2,600,,
12314,,5000000,13900,user_3,600,,
12315,,1000000,0,user_3,600,,
12316,,160000,215000,user_3,600,,
12317,,4200000,35600,user_3,600,,
12318,,190000,73100,user_3,600,,
12319,,1300000,0,user_5,600,,
12320,,110000,15100,user_6,600,,
12321,,220000,0,user_7,600,,
12322,,2000000,0,user_8,600,,
12323,,360000,0,user_9,600,,
12324,,170000,0,user_11,600,,
12325,,360000,0,user_11,600,,
12326,,360000,0,user_14,600,,
12327,,1900000,0,user_16,600,,
12328,,190000,0,user_17,600,,
12329,,350000,0,user_17,600,,
12330,,1900000,0,user_18,600,,
12331,,110000,0,user_20,600,,
12332,,3200000,0,user_21,600,,
12333,,160000,0,user_21,600,,
12334,,120000,0,user_21,600,,
12335,,120000,0,user_21,600,,
12336,,4200000,0,user_21,600,,
12337,,2500000,779000,user_23,600,,
12338,,420000,42000,user_23,600,,
12339,,870000,0,user_23,600,,
12340,,110000,594000,user_23,600,,
12341,,660000,0,user_23,600,,
12342,,220000,0,user_25,600,,
12343,,220000,0,user_26,600,,
12344,,5000000,100000,user_28,600,,
12345,,170000,0,user_28,600,,
12346,,970000,0,user_30,600,,
12347,,220000,0,user_30,600,,
12348,,6300000,0,user_31,600,,
12349,,77000,0,user_32,600,,
12350,,120000,0,user_34,600,,
12351,,170000,0,user_34,600,,
12352,,120000,0,user_34,600,,
12353,,2000000,0,user_34,600,,
12354,,630000,0,user_34,600,,
12355,,5000000,0,user_35,600,,
12356,,5000000,0,user_36,600,,
12357,,4200000,0,user_36,600,,
12358,,120000,545000,user_38,600,,
12359,,70000,0,user_39,600,,
12360,,170000,0,user_39,600,,
12361,,4500000,0,user_39,600,,
12362,,120000,0,user_40,600,,
12363,,2500000,0,user_40,600,,
12364,,85000,0,user_41,600,,
12365,,1400000,16400,user_42,600,,
12366,,110000,959000,user_42,600,,
12367,,470000,64600,user_42,600,,
12368,,600000,0,user_44,600,,
12369,,1100000,0,user_45,600,,
12370,,2300000,0,user_45,600,,
12371,,470000,0,user_46,600,,
12372,,80000,0,user_47,600,,
12373,,4500000,0,user_48,600,,
12374,,110000,0,user_49,600,,
12348,0,6300000,0,user_31,600,600,
12405,1,0,0,builder_3,600,600,12344
12344,2,5000000,100000,user_28,600,600,
12314,3,5000000,13900,user_3,600,600,
12406,4,0,0,builder_3,600,600,12314
12355,5,5000000,0,user_35,600,600,
12356,6,5000000,0,user_36,600,600,
12361,7,4500000,0,user_39,600,600,
12373,8,4500000,0,user_48,600,600,
12407,9,0,0,builder_3,600,600,12317
12317,10,4200000,35600,user_3,600,600,
12336,11,4200000,0,user_21,600,600,
12357,12,4200000,0,user_36,600,600,
12408,13,0,0,builder_3,600,600,12313
12313,14,3500000,15300,user_2,600,600,
12337,15,2500000,779000,user_23,600,600,
12409,16,0,0,builder_3,600,600,12337
12332,17,3200000,0,user_21,600,600,
12363,18,2500000,0,user_40,600,600,
12370,19,2300000,0,user_45,600,600,
12353,20,2000000,0,user_34,600,600,
12330,21,1900000,0,user_18,600,600,
12410,22,0,0,builder_3,600,600,12365
12365,23,1400000,16400,user_42,600,600,
12319,24,1300000,0,user_5,600,600,
12369,25,1100000,0,user_45,600,600,
12411,26,0,0,builder_3,600,600,12366
12366,27,110000,959000,user_42,600,600,
12315,28,1000000,0,user_3,600,600,
12346,29,970000,0,user_30,600,600,
12339,30,870000,0,user_23,600,600,
12340,31,110000,594000,user_23,600,600,
12412,32,0,0,builder_3,600,600,12340
12413,33,0,0,builder_3,600,600,12358
12358,34,120000,545000,user_38,600,600,
12341,35,660000,0,user_23,600,600,
12354,36,630000,0,user_34,600,600,
12368,37,600000,0,user_44,600,600,
12414,38,0,0,builder_3,600,600,12367
12367,39,470000,64600,user_42,600,600,
12371,40,470000,0,user_46,600,600,
12338,41,420000,42000,user_23,600,600,
12415,42,0,0,builder_3,600,600,12338
12316,43,160000,215000,user_3,600,600,
12416,44,0,0,builder_3,600,600,12316
12325,45,360000,0,user_11,600,600,
12326,46,360000,0,user_14,600,600,
12329,47,350000,0,user_17,600,600,
12318,48,190000,73100,user_3,600,600,
12417,49,0,0,builder_3,600,600,12318
12321,50,220000,0,user_7,600,600,
12343,51,220000,0,user_26,600,600,
12347,52,220000,0,user_30,600,600,
12328,53,190000,0,user_17,600,600,
12324,54,170000,0,user_11,600,600,
12345,55,170000,0,user_28,600,600,
12351,56,170000,0,user_34,600,600,
12360,57,170000,0,user_39,600,600,
12333,58,160000,0,user_21,600,600,
12334,59,120000,0,user_21,600,600,
12335,60,120000,0,user_21,600,600,
12350,61,120000,0,user_34,600,600,
12352,62,120000,0,user_34,600,600,
12362,63,120000,0,user_40,600,600,
12331,64,110000,0,user_20,600,600,
12374,65,110000,0,user_49,600,600,
12364,66,85000,0,user_41,600,600,
12372,67,80000,0,user_47,600,600,
12349,68,77000,0,user_32,600,600,
12359,69,70000,0,user_39,600,600,
12469,,350000,0,user_0,601,,
12470,,5000000,146000,user_1,601,,
12471,,320000,15700,user_2,601,,
12472,,150000,769000,user_3,601,,
12473,,630000,0,user_4,601,,
12474,,650000,0,user_4,601,,
12475,,150000,0,user_4,601,,
12476,,2000000,0,user_5,601,,
12477,,910000,139000,user_6,601,,
12478,,240000,0,user_7,601,,
12479,,1700000,0,user_8,601,,
12480,,1000000,5640,user_10,601,,
12481,,5000000,164000,user_11,601,,
12482,,260000,0,user_12,601,,
12483,,83000,0,user_12,601,,
12484,,1700000,0,user_12,601,,
12485,,1000000,18600,user_12,601,,
12486,,420000,0,user_12,601,,
12487,,320000,0,user_14,601,,
12488,,350000,0,user_15,601,,
12489,,190000,0,user_16,601,,
12490,,2500000,0,user_16,601,,
12491,,170000,285000,user_16,601,,
12492,,1200000,0,user_16,601,,
12493,,1000000,0,user_17,601,,
12494,,1500000,0,user_20,601,,
12495,,360000,4320000,user_21,601,,
12496,,79000,0,user_21,601,,
12497,,120000,0,user_22,601,,
12498,,5000000,0,user_23,601,,
12499,,190000,0,user_23,601,,
12500,,160000,36800,user_24,601,,
12501,,160000,0,user_24,601,,
12502,,84000,0,user_24,601,,
12503,,1800000,0,user_24,601,,
12504,,1400000,285000,user_25,601,,
12505,,970000,0,user_25,601,,
12506,,5000000,0,user_25,601,,
12507,,370000,0,user_25,601,,
12508,,2600000,0,user_25,601,,
12509,,110000,0,user_26,601,,
12510,,630000,0,user_27,601,,
12511,,77000,0,user_27,601,,
12512,,2100000,0,user_28,601,,
12513,,170000,0,user_28,601,,
12514,,4500000,0,user_29,601,,
12515,,4200000,0,user_33,601,,
12516,,970000,0,user_33,601,,
12517,,120000,0,user_34,601,,
12518,,30000000,0,user_34,601,,
12519,,360000,0,user_35,601,,
12520,,1700000,0,user_36,601,,
12521,,1800000,0,user_40,601,,
12522,,260000,0,user_41,601,,
12523,,3200000,0,user_42,601,,
12524,,6100000,0,user_43,601,,
12525,,1300000,7190000,user_43,601,,
12526,,3500000,0,user_43,601,,
12527,,79000,0,user_44,601,,
12528,,100000,0,user_45,601,,
12529,,120000,0,user_46,601,,
12530,,27000000,0,user_47,601,,
12531,,420000,0,user_47,601,,
12532,,350000,0,user_49,601,,
12518,0,30000000,0,user_34,601,601,
12530,1,27000000,0,user_47,601,601,
12524,2,6100000,0,user_43,601,601,
12470,3,5000000,146000,user_1,601,601,
12481,4,5000000,164000,user_11,601,601,
12498,5,5000000,0,user_23,601,601,
12506,6,5000000,0,user_25,601,601,
12514,7,4500000,0,user_29,601,601,
12515,8,4200000,0,user_33,601,601,
12526,9,3500000,0,user_43,601,601,
12523,10,3200000,0,user_42,601,601,
12508,11,2600000,0,user_25,601,601,
12490,12,2500000,0,user_16,601,601,
12476,13,2000000,0,user_5,601,601,
12521,14,1800000,0,user_40,601,601,
12479,15,1700000,0,user_8,601,601,
12484,16,1700000,0,user_12,601,601,
12520,17,1700000,0,user_36,601,601,
12494,18,1500000,0,user_20,601,601,
12504,19,1400000,285000,user_25,601,601,
12525,20,1300000,7190000,user_43,601,601,
12492,21,1200000,0,user_16,601,601,
12480,22,1000000,5640,user_10,601,601,
12485,23,1000000,18600,user_12,601,601,
12493,24,1000000,0,user_17,601,601,
12505,25,970000,0,user_25,601,601,
12516,26,970000,0,user_33,601,601,
12477,27,910000,139000,user_6,601,601,
12474,28,650000,0,user_4,601,601,
12473,29,630000,0,user_4,601,601,
12510,30,630000,0,user_27,601,601,
12486,31,420000,0,user_12,601,601,
12531,32,420000,0,user_47,601,601,
12507,33,370000,0,user_25,601,601,
12495,34,360000,4320000,user_21,601,601,
12519,35,360000,0,user_35,601,601,
12469,36,350000,0,user_0,601,601,
12488,37,350000,0,user_15,601,601,
12532,38,350000,0,user_49,601,601,
12471,39,320000,15700,user_2,601,601,
12482,40,260000,0,user_12,601,601,
12522,41,260000,0,user_41,601,601,
12478,42,240000,0,user_7,601,601,
12489,43,190000,0,user_16,601,601,
12499,44,190000,0,user_23,601,601,
12491,45,170000,285000,user_16,601,601,
12472,46,150000,769000,user_3,601,601,
12475,47,150000,0,user_4,601,601,
12497,48,120000,0,user_22,601,601,
12517,49,120000,0,user_34,601,601,
12529,50,120000,0,user_46,601,601,
12509,51,110000,0,user_26,601,601,
12528,52,100000,0,user_45,601,601,
12483,53,83000,0,user_12,601,601,
12496,54,79000,0,user_21,601,601,
12527,55,79000,0,user_44,601,601,
12511,56,77000,0,user_27,601,601,
12618,,3600000,0,user_0,602,,
12619,,310000,0,user_2,602,,
12620,,4500000,0,user_3,602,,
12621,,370000,0,user_4,602,,
12622,,1300000,0,user_5,602,,
12623,,80000,0,user_5,602,,
12624,,80000,0,user_5,602,,
12625,,1100000,0,user_5,602,,
12626,,190000,0,user_6,602,,
12627,,3500000,0,user_6,602,,
12628,,110000,0,user_7,602,,
12629,,1000000,0,user_7,602,,
12630,,87000,0,user_8,602,,
12631,,220000,0,user_9,602,,
12632,,420000,256000,user_10,602,,
12633,,4200000,0,user_11,602,,
12634,,600000,350000,user_12,602,,
12635,,240000,0,user_13,602,,
12636,,420000,0,user_14,602,,
12637,,84000,0,user_14,602,,
12638,,1100000,215000,user_16,602,,
12639,,310000,0,user_16,602,,
12640,,420000,0,user_17,602,,
12641,,370000,0,user_17,602,,
12642,,220000,0,user_18,602,,
12643,,1400000,0,user_19,602,,
12644,,370000,0,user_20,602,,
12645,,160000,0,user_21,602,,
12646,,1600000,0,user_22,602,,
12647,,73000,0,user_24,602,,
12648,,370000,0,user_25,602,,
12649,,1600000,0,user_26,602,,
12650,,260000,0,user_28,602,,
12651,,110000,0,user_29,602,,
12652,,79000,0,user_29,602,,
12653,,630000,0,user_30,602,,
12654,,98000,0,user_30,602,,
12655,,2500000,0,user_30,602,,
12656,,5000000,0,user_30,602,,
12657,,84000,34700,user_32,602,,
12658,,1800000,0,user_33,602,,
12659,,1000000,0,user_33,602,,
12660,,2600000,0,user_34,602,,
12661,,110000,0,user_35,602,,
12662,,130000,0,user_36,602,,
12663,,82000,0,user_38,602,,
12664,,260000,0,user_39,602,,
12665,,340000,0,user_40,602,,
12666,,2300000,146000,user_40,602,,
12667,,600000,594000,user_40,602,,
12668,,110000,0,user_42,602,,
12669,,2300000,0,user_43,602,,
12670,,1100000,0,user_43,602,,
12671,,300000,121000,user_44,602,,
12672,,300000,0,user_44,602,,
12673,,1000000,769000,user_44,602,,
12674,,220000,0,user_45,602,,
12675,,120000,0,user_45,602,,
12676,,460000,0,user_45,602,,
12677,,1900000,0,user_48,602,,
12656,0,5000000,0,user_30,602,602,
12620,1,4500000,0,user_3,602,602,
12633,2,4200000,0,user_11,602,602,
12618,3,3600000,0,user_0,602,602,
12627,4,3500000,0,user_6,602,602,
12660,5,2600000,0,user_34,602,602,
12655,6,2500000,0,user_30,602,602,
12666,7,2300000,146000,user_40,602,602,
12669,8,2300000,0,user_43,602,602,
12677,9,1900000,0,user_48,602,602,
12658,10,1800000,0,user_33,602,602,
12646,11,1600000,0,user_22,602,602,
12643,12,1400000,0,user_19,602,602,
12622,13,1300000,0,user_5,602,602,
12625,14,1100000,0,user_5,602,602,
12638,15,1100000,215000,user_16,602,602,
12670,16,1100000,0,user_43,602,602,
12629,17,1000000,0,user_7,602,602,
12659,18,1000000,0,user_33,602,602,
12673,19,1000000,769000,user_44,602,602,
12653,20,630000,0,user_30,602,602,
12667,21,600000,594000,user_40,602,602,
12676,22,460000,0,user_45,602,602,
12632,23,420000,256000,user_10,602,602,
12636,24,420000,0,user_14,602,602,
12640,25,420000,0,user_17,602,602,
12641,26,370000,0,user_17,602,602,
12644,27,370000,0,user_20,602,602,
12648,28,370000,0,user_25,602,602,
12665,29,340000,0,user_40,602,602,
12619,30,310000,0,user_2,602,602,
12639,31,310000,0,user_16,602,602,
12671,32,300000,121000,user_44,602,602,
12672,33,300000,0,user_44,602,602,
12635,34,240000,0,user_13,602,602,
12631,35,220000,0,user_9,602,602,
12642,36,220000,0,user_18,602,602,
12674,37,220000,0,user_45,602,602,
12626,38,190000,0,user_6,602,602,
12645,39,160000,0,user_21,602,602,
12662,40,130000,0,user_36,602,602,
12675,41,120000,0,user_45,602,602,
12628,42,110000,0,user_7,602,602,
12651,43,110000,0,user_29,602,602,
12661,44,110000,0,user_35,602,602,
12668,45,110000,0,user_42,602,602,
12654,46,98000,0,user_30,602,602,
12630,47,87000,0,user_8,602,602,
12637,48,84000,0,user_14,602,602,
12657,49,84000,34700,user_32,602,602,
12663,50,82000,0,user_38,602,602,
12623,51,80000,0,user_5,602,602,
12624,52,80000,0,user_5,602,602,
12652,53,79000,0,user_29,602,602,
12647,54,73000,0,user_24,602,602,
12737,,120000,67500,user_0,603,,
12738,,130000,0,user_1,603,,
12739,,85000,121000,user_2,603,,
12740,,1200000,0,user_3,603,,
12741,,2500000,0,user_4,603,,
12742,,2300000,0,user_5,603,,
12743,,600000,17000,user_5,603,,
12744,,160000,0,user_5,603,,
12745,,220000,0,user_6,603,,
12746,,150000,0,user_10,603,,
12747,,460000,67900,user_11,603,,
12748,,2400000,49100,user_12,603,,
12749,,530000,0,user_12,603,,
12750,,79000,0,user_15,603,,
12751,,650000,0,user_18,603,,
12752,,150000,0,user_19,603,,
12753,,1100000,0,user_20,603,,
12754,,670000,0,user_20,603,,
12755,,170000,0,user_21,603,,
12756,,240000,0,user_22,603,,
12757,,350000,13800,user_23,603,,
12758,,110000,0,user_23,603,,
12759,,98000,17000,user_25,603,,
12760,,470000,10700,user_26,603,,
12761,,2000000,0,user_28,603,,
12762,,470000,0,user_29,603,,
12763,,2100000,15700,user_29,603,,
12764,,1500000,11200,user_30,603,,
12765,,3600000,0,user_31,603,,
12766,,1900000,0,user_33,603,,
12767,,83000,0,user_34,603,,
12768,,120000,0,user_34,603,,
12769,,1800000,0,user_36,603,,
12770,,2000000,0,user_37,603,,
12771,,600000,0,user_38,603,,
12772,,650000,0,user_40,603,,
12773,,1400000,66100,user_41,603,,
12774,,85000,0,user_41,603,,
12775,,420000,0,user_41,603,,
12776,,4200000,0,user_41,603,,
12777,,5000000,0,user_44,603,,
12778,,150000,0,user_45,603,,
12779,,120000,0,user_47,603,,
12780,,3500000,0,user_48,603,,
12781,,460000,15300,user_49,603,,
12777,0,5000000,0,user_44,603,603,
12776,1,4200000,0,user_41,603,603,
12765,2,3600000,0,user_31,603,603,
12780,3,3500000,0,user_48,603,603,
12741,4,2500000,0,user_4,603,603,
12810,5,0,0,builder_3,603,603,12748
12748,6,2400000,49100,user_12,603,603,
12742,7,2300000,0,user_5,603,603,
12763,8,2100000,15700,user_29,603,603,
12811,9,0,0,builder_3,603,603,12763
12761,10,2000000,0,user_28,603,603,
12770,11,2000000,0,user_37,603,603,
12766,12,1900000,0,user_33,603,603,
12769,13,1800000,0,user_36,603,603,
12812,14,0,0,builder_3,603,603,12764
12764,15,1500000,11200,user_30,603,603,
12773,16,1400000,66100,user_41,603,603,
12813,17,0,0,builder_3,603,603,12773
12740,18,1200000,0,user_3,603,603,
12753,19,1100000,0,user_20,603,603,
12754,20,670000,0,user_20,603,603,
12751,21,650000,0,user_18,603,603,
12772,22,650000,0,user_40,603,603,
12814,23,0,0,builder_3,603,603,12743
12743,24,600000,17000,user_5,603,603,
12771,25,600000,0,user_38,603,603,
12749,26,530000,0,user_12,603,603,
12747,27,460000,67900,user_11,603,603,
12815,28,0,0,builder_3,603,603,12747
12816,29,0,0,builder_3,603,603,12760
12760,30,470000,10700,user_26,603,603,
12817,31,0,0,builder_3,603,603,12781
12781,32,460000,15300,user_49,603,603,
12762,33,470000,0,user_29,603,603,
12775,34,420000,0,user_41,603,603,
12757,35,350000,13800,user_23,603,603,
12818,36,0,0,builder_3,603,603,12757
12756,37,240000,0,user_22,603,603,
12819,38,0,0,builder_3,603,603,12739
12739,39,85000,121000,user_2,603,603,
12737,40,120000,67500,user_0,603,603,
12820,41,0,0,builder_3,603,603,12737
12755,42,170000,0,user_21,603,603,
12744,43,160000,0,user_5,603,603,
12746,44,150000,0,user_10,603,603,
12752,45,150000,0,user_19,603,603,
12778,46,150000,0,user_45,603,603,
12768,47,120000,0,user_34,603,603,
12779,48,120000,0,user_47,603,603,
12758,49,110000,0,user_23,603,603,
12774,50,85000,0,user_41,603,603,
12767,51,83000,0,user_34,603,603,
12750,52,79000,0,user_15,603,603,
12868,,910000,0,user_0,604,,
12869,,30000000,350000,user_0,604,,
12870,,340000,0,user_1,604,,
12871,,150000,0,user_2,604,,
12872,,310000,0,user_3,604,,
12873,,110000,0,user_4,604,,
12874,,2600000,0,user_4,604,,
12875,,530000,181000,user_5,604,,
12876,,1300000,121000,user_6,604,,
12877,,6300000,0,user_6,604,,
12878,,310000,0,user_6,604,,
12879,,84000,0,user_7,604,,
12880,,1000000,0,user_8,604,,
12881,,2400000,0,user_9,604,,
12882,,1100000,0,user_10,604,,
12883,,1500000,0,user_10,604,,
12884,,1300000,0,user_13,604,,
12885,,2400000,0,user_15,604,,
12886,,1600000,0,user_15,604,,
12887,,5000000,0,user_16,604,,
12888,,470000,4320000,user_17,604,,
12889,,350000,0,user_21,604,,
12890,,2500000,19700,user_21,604,,
12891,,82000,0,user_21,604,,
12892,,470000,17700000,user_21,604,,
12893,,1300000,0,user_22,604,,
12894,,160000,0,user_24,604,,
12895,,240000,17000,user_24,604,,
12896,,19000000,0,user_25,604,,
12897,,870000,0,user_25,604,,
12898,,600000,11200,user_26,604,,
12899,,80000,0,user_27,604,,
12900,,260000,0,user_28,604,,
12901,,85000,8520,user_29,604,,
12902,,110000,3130,user_29,604,,
12903,,1100000,594000,user_29,604,,
12904,,110000,0,user_29,604,,
12905,,160000,0,user_29,604,,
12906,,2100000,7190000,user_30,604,,
12907,,650000,0,user_31,604,,
12908,,160000,84800,user_32,604,,
12909,,3200000,0,user_32,604,,
12910,,110000,21800,user_33,604,,
12911,,1900000,0,user_34,604,,
12912,,2000000,71800,user_34,604,,
12913,,340000,0,user_35,604,,
12914,,870000,0,user_36,604,,
12915,,670000,769000,user_37,604,,
12916,,360000,0,user_37,604,,
12917,,80000,0,user_37,604,,
12918,,350000,21800,user_39,604,,
12919,,370000,0,user_40,604,,
12920,,350000,0,user_41,604,,
12921,,80000,0,user_41,604,,
12922,,1500000,0,user_43,604,,
12923,,460000,0,user_43,604,,
12924,,340000,0,user_44,604,,
12925,,320000,0,user_45,604,,
12926,,110000,0,user_45,604,,
12927,,910000,0,user_46,604,,
12869,0,30000000,350000,user_0,604,604,
12981,1,0,0,builder_4,604,604,12869
12896,2,19000000,0,user_25,604,604,
12892,3,470000,17700000,user_21,604,604,
12982,4,0,0,builder_4,604,604,12892
12983,5,0,0,builder_4,604,604,12906
12906,6,2100000,7190000,user_30,604,604,
12877,7,6300000,0,user_6,604,604,
12887,8,5000000,0,user_16,604,604,
12888,9,470000,4320000,user_17,604,604,
12984,10,0,0,builder_4,604,604,12888
12909,11,3200000,0,user_32,604,604,
12874,12,2600000,0,user_4,604,604,
12985,13,0,0,builder_4,604,604,12890
12890,14,2500000,19700,user_21,604,604,
12881,15,2400000,0,user_9,604,604,
12986,16,0,0,builder_4,604,604,12912
12912,17,2000000,71800,user_34,604,604,
12911,18,1900000,0,user_34,604,604,
12987,19,0,0,builder_4,604,604,12903
12903,20,1100000,594000,user_29,604,604,
12883,21,1500000,0,user_10,604,604,
12922,22,1500000,0,user_43,604,604,
12915,23,670000,769000,user_37,604,604,
12988,24,0,0,builder_4,604,604,12915
12876,25,1300000,121000,user_6,604,604,
12989,26,0,0,builder_4,604,604,12876
12884,27,1300000,0,user_13,604,604,
12893,28,1300000,0,user_22,604,604,
12882,29,1100000,0,user_10,604,604,
12880,30,1000000,0,user_8,604,604,
12868,31,910000,0,user_0,604,604,
12927,32,910000,0,user_46,604,604,
12897,33,870000,0,user_25,604,604,
12914,34,870000,0,user_36,604,604,
12907,35,650000,0,user_31,604,604,
12898,36,600000,11200,user_26,604,604,
12990,37,0,0,builder_4,604,604,12898
12923,38,460000,0,user_43,604,604,
12919,39,370000,0,user_40,604,604,
12916,40,360000,0,user_37,604,604,
12889,41,350000,0,user_21,604,604,
12920,42,350000,0,user_41,604,604,
12870,43,340000,0,user_1,604,604,
12913,44,340000,0,user_35,604,604,
12924,45,340000,0,user_44,604,604,
12925,46,320000,0,user_45,604,604,
12872,47,310000,0,user_3,604,604,
12878,48,310000,0,user_6,604,604,
12900,49,260000,0,user_28,604,604,
12895,50,240000,17000,user_24,604,604,
12991,51,0,0,builder_4,604,604,12895
12908,52,160000,84800,user_32,604,604,
12992,53,0,0,builder_4,604,604,12908
12894,54,160000,0,user_24,604,604,
12905,55,160000,0,user_29,604,604,
12871,56,150000,0,user_2,604,604,
12993,57,0,0,builder_4,604,604,12910
12910,58,110000,21800,user_33,604,604,
12902,59,110000,3130,user_29,604,604,
12994,60,0,0,builder_4,604,604,12902
12873,61,110000,0,user_4,604,604,
12904,62,110000,0,user_29,604,604,
12926,63,110000,0,user_45,604,604,
12995,64,0,0,builder_4,604,604,12901
12901,65,85000,8520,user_29,604,604,
12891,66,82000,0,user_21,604,604,
12899,67,80000,0,user_27,604,604,
12917,68,80000,0,user_37,604,604,
12921,69,80000,0,user_41,604,604,
13046,,110000,0,user_1,605,,
13047,,43000000,30200,user_1,605,,
13048,,260000,0,user_2,605,,
13049,,660000,0,user_4,605,,
13050,,110000,0,user_5,605,,
13051,,360000,0,user_9,605,,
13052,,110000,0,user_10,605,,
13053,,2000000,64600,user_11,605,,
13054,,170000,73100,user_13,605,,
13055,,1500000,0,user_14,605,,
13056,,470000,0,user_15,605,,
13057,,120000,0,user_16,605,,
13058,,870000,0,user_17,605,,
13059,,110000,0,user_18,605,,
13060,,2000000,0,user_18,605,,
13061,,1600000,769000,user_19,605,,
13062,,1200000,39400,user_20,605,,
13063,,79000,0,user_22,605,,
13064,,910000,0,user_24,605,,
13065,,98000,0,user_25,605,,
13066,,6300000,5180,user_26,605,,
13067,,1100000,256000,user_28,605,,
13068,,530000,0,user_28,605,,
13069,,220000,0,user_29,605,,
13070,,970000,0,user_29,605,,
13071,,110000,0,user_29,605,,
13072,,150000,510000,user_29,605,,
13073,,310000,256000,user_30,605,,
13074,,1000000,0,user_31,605,,
13075,,2500000,0,user_34,605,,
13076,,1500000,0,user_35,605,,
13077,,1100000,0,user_36,605,,
13078,,84000,0,user_36,605,,
13079,,2000000,24700,user_38,605,,
13080,,870000,0,user_38,605,,
13081,,1500000,0,user_39,605,,
13082,,190000,0,user_41,605,,
13083,,120000,0,user_41,605,,
13084,,2300000,17700000,user_43,605,,
13085,,310000,0,user_43,605,,
13086,,220000,7190000,user_43,605,,
13087,,2000000,0,user_43,605,,
13088,,630000,0,user_45,605,,
13089,,1600000,43600,user_46,605,,
13090,,82000,0,user_48,605,,
13047,0,43000000,30200,user_1,605,605,
13091,1,0,0,builder_0,605,605,13047
13084,2,2300000,17700000,user_43,605,605,
13092,3,0,0,builder_0,605,605,13084
13093,4,0,0,builder_0,605,605,13086
13086,5,220000,7190000,user_43,605,605,
13066,6,6300000,5180,user_26,605,605,
13094,7,0,0,builder_0,605,605,13066
13061,8,1600000,769000,user_19,605,605,
13095,9,0,0,builder_0,605,605,13061
13096,10,0,0,builder_0,605,605,13053
13053,11,2000000,64600,user_11,605,605,
13079,12,2000000,24700,user_38,605,605,
13097,13,0,0,builder_0,605,605,13079
13060,14,2000000,0,user_18,605,605,
13087,15,2000000,0,user_43,605,605,
13089,16,1600000,43600,user_46,605,605,
13098,17,0,0,builder_0,605,605,13089
13055,18,1500000,0,user_14,605,605,
13076,19,1500000,0,user_35,605,605,
13067,20,1100000,256000,user_28,605,605,
13099,21,0,0,builder_0,605,605,13067
13100,22,0,0,builder_0,605,605,13062
13062,23,1200000,39400,user_20,605,605,
13077,24,1100000,0,user_36,605,605,
13074,25,1000000,0,user_31,605,605,
13070,26,970000,0,user_29,605,605,
13058,27,870000,0,user_17,605,605,
13080,28,870000,0,user_38,605,605,
13101,29,0,0,builder_0,605,605,13072
13072,30,150000,510000,user_29,605,605,
13073,31,310000,256000,user_30,605,605,
13102,32,0,0,builder_0,605,605,13073
13068,33,530000,0,user_28,605,605,
13051,34,360000,0,user_9,605,605,
13085,35,310000,0,user_43,605,605,
13048,36,260000,0,user_2,605,605,
13103,37,0,0,builder_0,605,605,13054
13054,38,170000,73100,user_13,605,605,
13069,39,220000,0,user_29,605,605,
13082,40,190000,0,user_41,605,605,
13057,41,120000,0,user_16,605,605,
13083,42,120000,0,user_41,605,605,
13046,43,110000,0,user_1,605,605,
13052,44,110000,0,user_10,605,605,
13059,45,110000,0,user_18,605,605,
13071,46,110000,0,user_29,605,605,
13065,47,98000,0,user_25,605,605,
13078,48,84000,0,user_36,605,605,
13090,49,82000,0,user_48,605,605,
13063,50,79000,0,user_22,605,605,
13179,,150000,296000,user_1,606,,
13180,,650000,0,user_2,606,,
13181,,300000,231000,user_3,606,,
13182,,1900000,0,user_3,606,,
13183,,5200000,0,user_3,606,,
13184,,1600000,0,user_4,606,,
13185,,650000,0,user_4,606,,
13186,,2500000,0,user_8,606,,
13187,,340000,0,user_8,606,,
13188,,130000,0,user_9,606,,
13189,,5000000,0,user_11,606,,
13190,,150000,0,user_13,606,,
13191,,1000000,0,user_14,606,,
13192,,160000,0,user_15,606,,
13193,,150000,0,user_15,606,,
13194,,1800000,0,user_16,606,,
13195,,310000,0,user_17,606,,
13196,,2400000,0,user_18,606,,
13197,,1400000,0,user_19,606,,
13198,,460000,0,user_19,606,,
13199,,460000,0,user_20,606,,
13200,,2000000,73100,user_20,606,,
13201,,110000,350000,user_21,606,,
13202,,310000,0,user_21,606,,
13203,,2400000,0,user_22,606,,
13204,,30000000,0,user_25,606,,
13205,,110000,0,user_26,606,,
13206,,2500000,0,user_27,606,,
13207,,1600000,47700,user_28,606,,
13208,,130000,0,user_29,606,,
13209,,160000,155000,user_29,606,,
13210,,910000,0,user_29,606,,
13211,,1200000,0,user_29,606,,
13212,,220000,0,user_30,606,,
13213,,1500000,0,user_30,606,,
13214,,240000,24700,user_31,606,,
13215,,4500000,0,user_31,606,,
13216,,170000,0,user_31,606,,
13217,,84000,594000,user_31,606,,
13218,,27000000,0,user_31,606,,
13219,,310000,0,user_32,606,,
13220,,120000,0,user_32,606,,
13221,,43000000,5640,user_33,606,,
13222,,3500000,0,user_34,606,,
13223,,1000000,0,user_34,606,,
13224,,1600000,0,user_35,606,,
13225,,5000000,0,user_35,606,,
13226,,4200000,0,user_36,606,,
13227,,600000,0,user_38,606,,
13228,,83000,0,user_39,606,,
13229,,6300000,0,user_40,606,,
13230,,3500000,0,user_40,606,,
13231,,170000,0,user_40,606,,
13232,,79000,0,user_40,606,,
13233,,1600000,0,user_41,606,,
13234,,170000,0,user_41,606,,
13235,,120000,0,user_44,606,,
13236,,3600000,0,user_44,606,,
13237,,3600000,0,user_44,606,,
13238,,350000,0,user_45,606,,
13239,,310000,0,user_46,606,,
13240,,19000000,0,user_46,606,,
13241,,350000,322000,user_47,606,,
13242,,630000,0,user_48,606,,
13243,,1600000,0,user_49,606,,
13221,0,43000000,5640,user_33,606,606,
13275,1,0,0,builder_4,606,606,13221
13204,2,30000000,0,user_25,606,606,
13218,3,27000000,0,user_31,606,606,
13240,4,19000000,0,user_46,606,606,
13229,5,6300000,0,user_40,606,606,
13183,6,5200000,0,user_3,606,606,
13189,7,5000000,0,user_11,606,606,
13225,8,5000000,0,user_35,606,606,
13215,9,4500000,0,user_31,606,606,
13226,10,4200000,0,user_36,606,606,
13236,11,3600000,0,user_44,606,606,
13237,12,3600000,0,user_44,606,606,
13222,13,3500000,0,user_34,606,606,
13230,14,3500000,0,user_40,606,606,
13186,15,2500000,0,user_8,606,606,
13206,16,2500000,0,user_27,606,606,
13196,17,2400000,0,user_18,606,606,
13203,18,2400000,0,user_22,606,606,
13200,19,2000000,73100,user_20,606,606,
13276,20,0,0,builder_4,606,606,13200
13182,21,1900000,0,user_3,606,606,
13194,22,1800000,0,user_16,606,606,
13277,23,0,0,builder_4,606,606,13207
13207,24,1600000,47700,user_28,606,606,
13184,25,1600000,0,user_4,606,606,
13224,26,1600000,0,user_35,606,606,
13233,27,1600000,0,user_41,606,606,
13243,28,1600000,0,user_49,606,606,
13213,29,1500000,0,user_30,606,606,
13197,30,1400000,0,user_19,606,606,
13211,31,1200000,0,user_29,606,606,
13191,32,1000000,0,user_14,606,606,
13223,33,1000000,0,user_34,606,606,
13210,34,910000,0,user_29,606,606,
13278,35,0,0,builder_4,606,606,13217
13217,36,84000,594000,user_31,606,606,
13180,37,650000,0,user_2,606,606,
13185,38,650000,0,user_4,606,606,
13242,39,630000,0,user_48,606,606,
13227,40,600000,0,user_38,606,606,
13279,41,0,0,builder_4,606,606,13181
13181,42,300000,231000,user_3,606,606,
13198,43,460000,0,user_19,606,606,
13199,44,460000,0,user_20,606,606,
13280,45,0,0,builder_4,606,606,13201
13201,46,110000,350000,user_21,606,606,
13179,47,150000,296000,user_1,606,606,
13281,48,0,0,builder_4,606,606,13179
13238,49,350000,0,user_45,606,606,
13187,50,340000,0,user_8,606,606,
13282,51,0,0,builder_4,606,606,13209
13209,52,160000,155000,user_29,606,606,
13195,53,310000,0,user_17,606,606,
13202,54,310000,0,user_21,606,606,
13219,55,310000,0,user_32,606,606,
13239,56,310000,0,user_46,606,606,
13214,57,240000,24700,user_31,606,606,
13283,58,0,0,builder_4,606,606,13214
13212,59,220000,0,user_30,606,606,
13216,60,170000,0,user_31,606,606,
13231,61,170000,0,user_40,606,606,
13234,62,170000,0,user_41,606,606,
13190,63,150000,0,user_13,606,606,
13188,64,130000,0,user_9,606,606,
13208,65,130000,0,user_29,606,606,
13220,66,120000,0,user_32,606,606,
13235,67,120000,0,user_44,606,606,
13205,68,110000,0,user_26,606,606,
13232,69,79000,0,user_40,606,606,
13314,,220000,0,user_1,607,,
13315,,160000,0,user_2,607,,
13316,,120000,0,user_3,607,,
13317,,110000,0,user_4,607,,
13318,,1200000,0,user_5,607,,
13319,,460000,0,user_6,607,,
13320,,82000,0,user_6,607,,
13321,,170000,410000,user_7,607,,
13322,,87000,0,user_8,607,,
13323,,160000,0,user_9,607,,
13324,,220000,0,user_9,607,,
13325,,84000,33100,user_11,607,,
13326,,310000,0,user_12,607,,
13327,,350000,0,user_12,607,,
13328,,110000,0,user_14,607,,
13329,,1200000,0,user_14,607,,
13330,,120000,0,user_15,607,,
13331,,80000,0,user_17,607,,
13332,,30000000,68100,user_17,607,,
13333,,260000,0,user_18,607,,
13334,,84000,0,user_19,607,,
13335,,160000,0,user_21,607,,
13336,,120000,0,user_22,607,,
13337,,85000,0,user_22,607,,
13338,,170000,0,user_23,607,,
13339,,2600000,0,user_24,607,,
13340,,1300000,0,user_27,607,,
13341,,630000,0,user_30,607,,
13342,,190000,0,user_31,607,,
13343,,910000,0,user_31,607,,
13344,,170000,0,user_32,607,,
13345,,120000,0,user_34,607,,
13346,,870000,0,user_35,607,,
13347,,5000000,0,user_37,607,,
13348,,43000000,128000,user_38,607,,
13349,,77000,0,user_38,607,,
13350,,600000,0,user_38,607,,
13351,,470000,350000,user_39,607,,
13352,,1100000,0,user_41,607,,
13353,,30000000,121000,user_42,607,,
13354,,460000,0,user_43,607,,
13355,,5000000,0,user_43,607,,
13356,,150000,0,user_44,607,,
13357,,85000,0,user_45,607,,
13358,,83000,0,user_46,607,,
13359,,110000,381000,user_47,607,,
13360,,3500000,181000,user_48,607,,
13387,0,0,0,builder_4,607,607,13348
13348,1,43000000,128000,user_38,607,607,
13388,2,0,0,builder_4,607,607,13353
13353,3,30000000,121000,user_42,607,607,
13332,4,30000000,68100,user_17,607,607,
13389,5,0,0,builder_4,607,607,13332
13347,6,5000000,0,user_37,607,607,
13355,7,5000000,0,user_43,607,607,
13390,8,0,0,builder_4,607,607,13360
13360,9,3500000,181000,user_48,607,607,
13339,10,2600000,0,user_24,607,607,
13340,11,1300000,0,user_27,607,607,
13329,12,1200000,0,user_14,607,607,
13352,13,1100000,0,user_41,607,607,
13343,14,910000,0,user_31,607,607,
13346,15,870000,0,user_35,607,607,
13341,16,630000,0,user_30,607,607,
13350,17,600000,0,user_38,607,607,
13319,18,460000,0,user_6,607,607,
13354,19,460000,0,user_43,607,607,
13327,20,350000,0,user_12,607,607,
13326,21,310000,0,user_12,607,607,
13333,22,260000,0,user_18,607,607,
13314,23,220000,0,user_1,607,607,
13324,24,220000,0,user_9,607,607,
13342,25,190000,0,user_31,607,607,
13338,26,170000,0,user_23,607,607,
13344,27,170000,0,user_32,607,607,
13315,28,160000,0,user_2,607,607,
13323,29,160000,0,user_9,607,607,
13335,30,160000,0,user_21,607,607,
13356,31,150000,0,user_44,607,607,
13316,32,120000,0,user_3,607,607,
13336,33,120000,0,user_22,607,607,
13345,34,120000,0,user_34,607,607,
13391,35,0,0,builder_4,607,607,13325
13325,36,84000,33100,user_11,607,607,
13317,37,110000,0,user_4,607,607,
13328,38,110000,0,user_14,607,607,
13322,39,87000,0,user_8,607,607,
13337,40,85000,0,user_22,607,607,
13357,41,85000,0,user_45,607,607,
13334,42,84000,0,user_19,607,607,
13358,43,83000,0,user_46,607,607,
13320,44,82000,0,user_6,607,607,
13331,45,80000,0,user_17,607,607,
13349,46,77000,0,user_38,607,607,
13414,,1100000,0,user_1,608,,
13415,,77000,0,user_4,608,,
13416,,85000,0,user_5,608,,
13417,,1800000,16400,user_5,608,,
13418,,2600000,0,user_7,608,,
13419,,83000,0,user_10,608,,
13420,,120000,0,user_11,608,,
13421,,910000,283000,user_12,608,,
13422,,84000,0,user_12,608,,
13423,,1300000,0,user_12,608,,
13424,,110000,0,user_12,608,,
13425,,19000000,0,user_12,608,,
13426,,85000,0,user_13,608,,
13427,,84000,0,user_18,608,,
13428,,2000000,0,user_18,608,,
13429,,3500000,0,user_19,608,,
13430,,110000,0,user_19,608,,
13431,,1100000,0,user_20,608,,
13432,,1900000,350000,user_21,608,,
13433,,110000,0,user_22,608,,
13434,,1500000,0,user_23,608,,
13435,,120000,0,user_25,608,,
13436,,73000,0,user_25,608,,
13437,,670000,13900,user_25,608,,
13438,,19000000,0,user_26,608,,
13439,,82000,0,user_26,608,,
13440,,1600000,0,user_27,608,,
13441,,360000,0,user_27,608,,
13442,,30000000,0,user_27,608,,
13443,,120000,16400,user_27,608,,
13444,,3500000,0,user_27,608,,
13445,,83000,5630,user_28,608,,
13446,,470000,0,user_28,608,,
13447,,460000,0,user_29,608,,
13448,,1000000,0,user_30,608,,
13449,,120000,0,user_31,608,,
13450,,2000000,510000,user_32,608,,
13451,,160000,0,user_32,608,,
13452,,150000,0,user_32,608,,
13453,,160000,0,user_32,608,,
13454,,2600000,34700,user_34,608,,
13455,,910000,0,user_34,608,,
13456,,260000,0,user_35,608,,
13457,,150000,0,user_35,608,,
13458,,1100000,64600,user_36,608,,
13459,,120000,0,user_37,608,,
13460,,150000,0,user_38,608,,
13461,,1400000,33300,user_39,608,,
13462,,970000,0,user_39,608,,
13463,,2000000,0,user_40,608,,
13464,,3200000,31700,user_40,608,,
13465,,160000,0,user_41,608,,
13466,,77000,33300,user_41,608,,
13467,,30000000,42000,user_41,608,,
13468,,2000000,0,user_41,608,,
13469,,170000,0,user_43,608,,
13470,,4200000,0,user_45,608,,
13471,,120000,0,user_45,608,,
13472,,160000,155000,user_46,608,,
13473,,160000,15100,user_48,608,,
13474,,1100000,0,user_49,608,,
13475,,1200000,0,user_49,608,,
13467,0,30000000,42000,user_41,608,608,
13523,1,0,0,builder_4,608,608,13467
13442,2,30000000,0,user_27,608,608,
13425,3,19000000,0,user_12,608,608,
13438,4,19000000,0,user_26,608,608,
13470,5,4200000,0,user_45,608,608,
13429,6,3500000,0,user_19,608,608,
13444,7,3500000,0,user_27,608,608,
13524,8,0,0,builder_4,608,608,13464
13464,9,3200000,31700,user_40,608,608,
13454,10,2600000,34700,user_34,608,608,
13525,11,0,0,builder_4,608,608,13454
13450,12,2000000,510000,user_32,608,608,
13526,13,0,0,builder_4,608,608,13450
13527,14,0,0,builder_4,608,608,13432
13432,15,1900000,350000,user_21,608,608,
13428,16,2000000,0,user_18,608,608,
13463,17,2000000,0,user_40,608,608,
13468,18,2000000,0,user_41,608,608,
13440,19,1600000,0,user_27,608,608,
13434,20,1500000,0,user_23,608,608,
13423,21,1300000,0,user_12,608,608,
13475,22,1200000,0,user_49,608,608,
13421,23,910000,283000,user_12,608,608,
13528,24,0,0,builder_4,608,608,13421
13458,25,1100000,64600,user_36,608,608,
13529,26,0,0,builder_4,608,608,13458
13414,27,1100000,0,user_1,608,608,
13431,28,1100000,0,user_20,608,608,
13474,29,1100000,0,user_49,608,608,
13448,30,1000000,0,user_30,608,608,
13455,31,910000,0,user_34,608,608,
13437,32,670000,13900,user_25,608,608,
13530,33,0,0,builder_4,608,608,13437
13446,34,470000,0,user_28,608,608,
13447,35,460000,0,user_29,608,608,
13441,36,360000,0,user_27,608,608,
13531,37,0,0,builder_4,608,608,13472
13472,38,160000,155000,user_46,608,608,
13456,39,260000,0,user_35,608,608,
13532,40,0,0,builder_4,608,608,13473
13473,41,160000,15100,user_48,608,608,
13469,42,170000,0,user_43,608,608,
13451,43,160000,0,user_32,608,608,
13453,44,160000,0,user_32,608,608,
13465,45,160000,0,user_41,608,608,
13452,46,150000,0,user_32,608,608,
13457,47,150000,0,user_35,608,608,
13460,48,150000,0,user_38,608,608,
13443,49,120000,16400,user_27,608,608,
13533,50,0,0,builder_4,608,608,13443
13420,51,120000,0,user_11,608,608,
13435,52,120000,0,user_25,608,608,
13449,53,120000,0,user_31,608,608,
13459,54,120000,0,user_37,608,608,
13471,55,120000,0,user_45,608,608,
13534,56,0,0,builder_4,608,608,13466
13466,57,77000,33300,user_41,608,608,
13424,58,110000,0,user_12,608,608,
13430,59,110000,0,user_19,608,608,
13433,60,110000,0,user_22,608,608,
13445,61,83000,5630,user_28,608,608,
13535,62,0,0,builder_4,608,608,13445
13426,63,85000,0,user_13,608,608,
13422,64,84000,0,user_12,608,608,
13427,65,84000,0,user_18,608,608,
13419,66,83000,0,user_10,608,608,
13439,67,82000,0,user_26,608,608,
13415,68,77000,0,user_4,608,608,
13436,69,73000,0,user_25,608,608,
13584,,2500000,0,user_0,609,,
13585,,240000,0,user_2,609,,
13586,,98000,0,user_4,609,,
13587,,260000,0,user_6,609,,
13588,,130000,0,user_7,609,,
13589,,470000,0,user_11,609,,
13590,,1100000,0,user_11,609,,
13591,,870000,0,user_12,609,,
13592,,1100000,0,user_13,609,,
13593,,300000,0,user_13,609,,
13594,,110000,0,user_14,609,,
13595,,6300000,0,user_15,609,,
13596,,370000,0,user_17,609,,
13597,,1300000,13800,user_19,609,,
13598,,150000,0,user_20,609,,
13599,,630000,0,user_21,609,,
13600,,43000000,0,user_21,609,,
13601,,160000,350000,user_22,609,,
13602,,260000,5640,user_23,609,,
13603,,83000,0,user_24,609,,
13604,,460000,0,user_25,609,,
13605,,220000,0,user_26,609,,
13606,,260000,21800,user_26,609,,
13607,,1800000,0,user_28,609,,
13608,,110000,0,user_30,609,,
13609,,150000,0,user_30,609,,
13610,,1000000,0,user_32,609,,
13611,,82000,0,user_32,609,,
13612,,670000,0,user_33,609,,
13613,,1600000,0,user_34,609,,
13614,,160000,0,user_34,609,,
13615,,460000,0,user_36,609,,
13616,,1200000,0,user_37,609,,
13617,,130000,0,user_38,609,,
13618,,1000000,0,user_40,609,,
13619,,310000,0,user_41,609,,
13620,,1000000,0,user_41,609,,
13621,,1400000,0,user_41,609,,
13622,,260000,7190000,user_41,609,,
13623,,1800000,0,user_41,609,,
13624,,170000,0,user_43,609,,
13625,,470000,49100,user_44,609,,
13626,,2000000,0,user_45,609,,
13627,,530000,17000,user_47,609,,
13628,,6300000,283000,user_47,609,,
13629,,1400000,0,user_48,609,,
13630,,670000,5180,user_49,609,,
13600,0,43000000,0,user_21,609,609,
13631,1,0,0,builder_0,609,609,13622
13622,2,260000,7190000,user_41,609,609,
13632,3,0,0,builder_0,609,609,13628
13628,4,6300000,283000,user_47,609,609,
13584,5,2500000,0,user_0,609,609,
13607,6,1800000,0,user_28,609,609,
13623,7,1800000,0,user_41,609,609,
13621,8,1400000,0,user_41,609,609,
13629,9,1400000,0,user_48,609,609,
13633,10,0,0,builder_0,609,609,13597
13597,11,1300000,13800,user_19,609,609,
13616,12,1200000,0,user_37,609,609,
13590,13,1100000,0,user_11,609,609,
13592,14,1100000,0,user_13,609,609,
13610,15,1000000,0,user_32,609,609,
13618,16,1000000,0,user_40,609,609,
13620,17,1000000,0,user_41,609,609,
13634,18,0,0,builder_0,609,609,13630
13630,19,670000,5180,user_49,609,609,
13612,20,670000,0,user_33,609,609,
13599,21,630000,0,user_21,609,609,
13635,22,0,0,builder_0,609,609,13627
13627,23,530000,17000,user_47,609,609,
13636,24,0,0,builder_0,609,609,13625
13625,25,470000,49100,user_44,609,609,
13601,26,160000,350000,user_22,609,609,
13637,27,0,0,builder_0,609,609,13601
13589,28,470000,0,user_11,609,609,
13604,29,460000,0,user_25,609,609,
13615,30,460000,0,user_36,609,609,
13596,31,370000,0,user_17,609,609,
13619,32,310000,0,user_41,609,609,
13593,33,300000,0,user_13,609,609,
13638,34,0,0,builder_0,609,609,13606
13606,35,260000,21800,user_26,609,609,
13602,36,260000,5640,user_23,609,609,
13639,37,0,0,builder_0,609,609,13602
13587,38,260000,0,user_6,609,609,
13585,39,240000,0,user_2,609,609,
13605,40,220000,0,user_26,609,609,
13624,41,170000,0,user_43,609,609,
13598,42,150000,0,user_20,609,609,
13609,43,150000,0,user_30,609,609,
13588,44,130000,0,user_7,609,609,
13617,45,130000,0,user_38,609,609,
13594,46,110000,0,user_14,609,609,
13608,47,110000,0,user_30,609,609,
13611,48,82000,0,user_32,609,609,
13692,,2100000,0,user_1,610,,
13693,,150000,0,user_5,610,,
13694,,1300000,0,user_7,610,,
13695,,870000,0,user_9,610,,
13696,,1500000,0,user_10,610,,
13697,,170000,0,user_13,610,,
13698,,1400000,0,user_14,610,,
13699,,2600000,15100,user_14,610,,
13700,,1500000,0,user_15,610,,
13701,,1300000,0,user_15,610,,
13702,,170000,0,user_16,610,,
13703,,5000000,0,user_17,610,,
13704,,120000,0,user_17,610,,
13705,,660000,959000,user_18,610,,
13706,,77000,0,user_19,610,,
13707,,43000000,0,user_20,610,,
13708,,6300000,0,user_21,610,,
13709,,460000,0,user_22,610,,
13710,,1900000,0,user_23,610,,
13711,,4200000,0,user_24,610,,
13712,,260000,0,user_24,610,,
13713,,80000,0,user_26,610,,
13714,,350000,545000,user_27,610,,
13715,,79000,0,user_28,610,,
13716,,1000000,0,user_30,610,,
13717,,3600000,0,user_30,610,,
13718,,1400000,0,user_30,610,,
13719,,2000000,0,user_30,610,,
13720,,260000,0,user_31,610,,
13721,,1800000,0,user_31,610,,
13722,,4200000,0,user_32,610,,
13723,,150000,0,user_32,610,,
13724,,310000,0,user_33,610,,
13725,,160000,0,user_33,610,,
13726,,1500000,0,user_36,610,,
13727,,80000,0,user_37,610,,
13728,,2500000,0,user_37,610,,
13729,,2000000,71800,user_38,610,,
13730,,310000,510000,user_39,610,,
13731,,2600000,0,user_40,610,,
13732,,340000,0,user_41,610,,
13733,,260000,0,user_42,610,,
13734,,87000,0,user_42,610,,
13735,,360000,0,user_44,610,,
13736,,360000,0,user_47,610,,
13737,,220000,0,user_49,610,,
13738,,350000,0,user_49,610,,
13739,,120000,71800,user_49,610,,
13740,,350000,0,user_49,610,,
13707,0,43000000,0,user_20,610,610,
13708,1,6300000,0,user_21,610,610,
13703,2,5000000,0,user_17,610,610,
13711,3,4200000,0,user_24,610,610,
13722,4,4200000,0,user_32,610,610,
13717,5,3600000,0,user_30,610,610,
13756,6,0,0,builder_3,610,610,13699
13699,7,2600000,15100,user_14,610,610,
13731,8,2600000,0,user_40,610,610,
13728,9,2500000,0,user_37,610,610,
13729,10,2000000,71800,user_38,610,610,
13757,11,0,0,builder_3,610,610,13729
13719,12,2000000,0,user_30,610,610,
13710,13,1900000,0,user_23,610,610,
13721,14,1800000,0,user_31,610,610,
13758,15,0,0,builder_3,610,610,13705
13705,16,660000,959000,user_18,610,610,
13696,17,1500000,0,user_10,610,610,
13700,18,1500000,0,user_15,610,610,
13726,19,1500000,0,user_36,610,610,
13698,20,1400000,0,user_14,610,610,
13718,21,1400000,0,user_30,610,610,
13694,22,1300000,0,user_7,610,610,
13701,23,1300000,0,user_15,610,610,
13716,24,1000000,0,user_30,610,610,
13759,25,0,0,builder_3,610,610,13730
13730,26,310000,510000,user_39,610,610,
13709,27,460000,0,user_22,610,610,
13735,28,360000,0,user_44,610,610,
13736,29,360000,0,user_47,610,610,
13738,30,350000,0,user_49,610,610,
13740,31,350000,0,user_49,610,610,
13732,32,340000,0,user_41,610,610,
13724,33,310000,0,user_33,610,610,
13712,34,260000,0,user_24,610,610,
13720,35,260000,0,user_31,610,610,
13733,36,260000,0,user_42,610,610,
13737,37,220000,0,user_49,610,610,
13739,38,120000,71800,user_49,610,610,
13760,39,0,0,builder_3,610,610,13739
13697,40,170000,0,user_13,610,610,
13725,41,160000,0,user_33,610,610,
13693,42,150000,0,user_5,610,610,
13723,43,150000,0,user_32,610,610,
13704,44,120000,0,user_17,610,610,
13734,45,87000,0,user_42,610,610,
13713,46,80000,0,user_26,610,610,
13727,47,80000,0,user_37,610,610,
13715,48,79000,0,user_28,610,610,
13706,49,77000,0,user_19,610,610,
13786,,160000,0,user_2,611,,
13787,,340000,0,user_2,611,,
13788,,420000,0,user_2,611,,
13789,,6100000,0,user_2,611,,
13790,,2100000,84800,user_2,611,,
13791,,460000,0,user_4,611,,
13792,,120000,0,user_6,611,,
13793,,27000000,0,user_7,611,,
13794,,87000,0,user_9,611,,
13795,,85000,0,user_10,611,,
13796,,1100000,0,user_11,611,,
13797,,100000,0,user_12,611,,
13798,,1300000,0,user_13,611,,
13799,,1900000,0,user_14,611,,
13800,,150000,0,user_17,611,,
13801,,260000,0,user_18,611,,
13802,,630000,0,user_18,611,,
13803,,1700000,0,user_19,611,,
13804,,79000,0,user_20,611,,
13805,,1400000,0,user_22,611,,
13806,,350000,195000,user_23,611,,
13807,,170000,959000,user_24,611,,
13808,,1800000,0,user_24,611,,
13809,,370000,0,user_25,611,,
13810,,910000,155000,user_26,611,,
13811,,2100000,0,user_27,611,,
13812,,87000,0,user_28,611,,
13813,,2500000,0,user_29,611,,
13814,,43000000,231000,user_29,611,,
13815,,82000,181000,user_29,611,,
13816,,220000,350000,user_30,611,,
13817,,30000000,369000,user_30,611,,
13818,,160000,0,user_30,611,,
13819,,30000000,15300,user_31,611,,
13820,,260000,0,user_32,611,,
13821,,160000,0,user_33,611,,
13822,,1400000,0,user_34,611,,
13823,,80000,0,user_35,611,,
13824,,2000000,0,user_36,611,,
13825,,220000,0,user_38,611,,
13826,,170000,779000,user_38,611,,
13827,,4500000,0,user_38,611,,
13828,,2300000,0,user_38,611,,
13829,,85000,0,user_38,611,,
13830,,170000,0,user_39,611,,
13831,,160000,0,user_40,611,,
13832,,43000000,0,user_41,611,,
13833,,2000000,0,user_42,611,,
13834,,84000,0,user_43,611,,
13835,,2100000,0,user_44,611,,
13836,,84000,0,user_45,611,,
13837,,1000000,0,user_46,611,,
13838,,85000,215000,user_47,611,,
13839,,1600000,0,user_49,611,,
13840,,370000,0,user_49,611,,
13841,,5200000,108000,user_49,611,,
13814,0,43000000,231000,user_29,611,611,
13832,1,43000000,0,user_41,611,611,
13817,2,30000000,369000,user_30,611,611,
13819,3,30000000,15300,user_31,611,611,
13793,4,27000000,0,user_7,611,611,
13789,5,6100000,0,user_2,611,611,
13841,6,5200000,108000,user_49,611,611,
13827,7,4500000,0,user_38,611,611,
13813,8,2500000,0,user_29,611,611,
13828,9,2300000,0,user_38,611,611,
13790,10,2100000,84800,user_2,611,611,
13811,11,2100000,0,user_27,611,611,
13835,12,2100000,0,user_44,611,611,
13824,13,2000000,0,user_36,611,611,
13833,14,2000000,0,user_42,611,611,
13799,15,1900000,0,user_14,611,611,
13808,16,1800000,0,user_24,611,611,
13803,17,1700000,0,user_19,611,611,
13839,18,1600000,0,user_49,611,611,
13805,19,1400000,0,user_22,611,611,
13822,20,1400000,0,user_34,611,611,
13798,21,1300000,0,user_13,611,611,
13796,22,1100000,0,user_11,611,611,
13837,23,1000000,0,user_46,611,611,
13802,24,630000,0,user_18,611,611,
13788,25,420000,0,user_2,611,611,
13809,26,370000,0,user_25,611,611,
13840,27,370000,0,user_49,611,611,
13806,28,350000,195000,user_23,611,611,
13787,29,340000,0,user_2,611,611,
13801,30,260000,0,user_18,611,611,
13820,31,260000,0,user_32,611,611,
13816,32,220000,350000,user_30,611,611,
13825,33,220000,0,user_38,611,611,
13807,34,170000,959000,user_24,611,611,
13826,35,170000,779000,user_38,611,611,
13786,36,160000,0,user_2,611,611,
13818,37,160000,0,user_30,611,611,
13821,38,160000,0,user_33,611,611,
13831,39,160000,0,user_40,611,611,
13800,40,150000,0,user_17,611,611,
13792,41,120000,0,user_6,611,611,
13794,42,87000,0,user_9,611,611,
13795,43,85000,0,user_10,611,611,
13829,44,85000,0,user_38,611,611,
13838,45,85000,215000,user_47,611,611,
13834,46,84000,0,user_43,611,611,
13836,47,84000,0,user_45,611,611,
13815,48,82000,181000,user_29,611,611,
13823,49,80000,0,user_35,611,611,
13804,50,79000,0,user_20,611,611,
9326,,240000,0,user_0,612,,
9327,,4200000,67900,user_1,612,,
9328,,1000000,0,user_2,612,,
9329,,110000,19700,user_3,612,,
9330,,630000,17000,user_3,612,,
9331,,870000,0,user_3,612,,
9332,,5000000,0,user_3,612,,
9333,,460000,42000,user_3,612,,
9334,,4500000,0,user_4,612,,
9335,,3500000,146000,user_5,612,,
9336,,170000,0,user_6,612,,
9337,,87000,0,user_6,612,,
9338,,360000,0,user_6,612,,
9339,,630000,0,user_7,612,,
9340,,2400000,36800,user_7,612,,
9341,,120000,0,user_7,612,,
9342,,79000,47700,user_7,612,,
9343,,79000,3130,user_7,612,,
9344,,910000,0,user_8,612,,
9345,,160000,0,user_8,612,,
9346,,6100000,0,user_9,612,,
9347,,260000,0,user_13,612,,
9348,,79000,0,user_14,612,,
9349,,220000,0,user_15,612,,
9350,,1800000,0,user_16,612,,
9351,,1500000,0,user_17,612,,
9352,,3600000,0,user_18,612,,
9353,,170000,42000,user_19,612,,
9354,,340000,0,user_19,612,,
9355,,970000,0,user_21,612,,
9356,,1300000,0,user_23,612,,
9357,,340000,231000,user_26,612,,
9358,,170000,0,user_26,612,,
9359,,1200000,0,user_27,612,,
9360,,650000,0,user_30,612,,
9361,,110000,0,user_31,612,,
9362,,30000000,0,user_33,612,,
9363,,87000,3130,user_34,612,,
9364,,320000,0,user_34,612,,
9365,,300000,0,user_34,612,,
9366,,120000,283000,user_34,612,,
9367,,80000,0,user_34,612,,
9368,,43000000,0,user_35,612,,
9369,,1900000,0,user_37,612,,
9370,,160000,0,user_38,612,,
9371,,2400000,0,user_39,612,,
9372,,310000,0,user_40,612,,
9373,,220000,0,user_42,612,,
9374,,1400000,0,user_44,612,,
9375,,6300000,0,user_45,612,,
9376,,3500000,13800,user_46,612,,
9377,,150000,0,user_47,612,,
9378,,420000,0,user_47,612,,
9379,,460000,0,user_47,612,,
9380,,79000,0,user_47,612,,
9381,,120000,0,user_48,612,,
9382,,110000,47700,user_49,612,,
9383,,1700000,0,user_49,612,,
9384,,4200000,0,user_49,612,,
9385,,2600000,0,user_49,612,,
9368,0,43000000,0,user_35,612,612,
9362,1,30000000,0,user_33,612,612,
9375,2,6300000,0,user_45,612,612,
9332,3,5000000,0,user_3,612,612,
9334,4,4500000,0,user_4,612,612,
9327,5,4200000,67900,user_1,612,612,
9384,6,4200000,0,user_49,612,612,
9352,7,3600000,0,user_18,612,612,
9335,8,3500000,146000,user_5,612,612,
9376,9,3500000,13800,user_46,612,612,
9385,10,2600000,0,user_49,612,612,
9340,11,2400000,36800,user_7,612,612,
9371,12,2400000,0,user_39,612,612,
9369,13,1900000,0,user_37,612,612,
9350,14,1800000,0,user_16,612,612,
9383,15,1700000,0,user_49,612,612,
9351,16,1500000,0,user_17,612,612,
9374,17,1400000,0,user_44,612,612,
9356,18,1300000,0,user_23,612,612,
9359,19,1200000,0,user_27,612,612,
9328,20,1000000,0,user_2,612,612,
9355,21,970000,0,user_21,612,612,
9344,22,910000,0,user_8,612,612,
9331,23,870000,0,user_3,612,612,
9360,24,650000,0,user_30,612,612,
9330,25,630000,17000,user_3,612,612,
9339,26,630000,0,user_7,612,612,
9333,27,460000,42000,user_3,612,612,
9379,28,460000,0,user_47,612,612,
9378,29,420000,0,user_47,612,612,
9338,30,360000,0,user_6,612,612,
9357,31,340000,231000,user_26,612,612,
9364,32,320000,0,user_34,612,612,
9372,33,310000,0,user_40,612,612,
9365,34,300000,0,user_34,612,612,
9347,35,260000,0,user_13,612,612,
9326,36,240000,0,user_0,612,612,
9349,37,220000,0,user_15,612,612,
9373,38,220000,0,user_42,612,612,
9336,39,170000,0,user_6,612,612,
9358,40,170000,0,user_26,612,612,
9345,41,160000,0,user_8,612,612,
9377,42,150000,0,user_47,612,612,
9341,43,120000,0,user_7,612,612,
9366,44,120000,283000,user_34,612,612,
9329,45,110000,19700,user_3,612,612,
9361,46,110000,0,user_31,612,612,
9382,47,110000,47700,user_49,612,612,
9337,48,87000,0,user_6,612,612,
9363,49,87000,3130,user_34,612,612,
9367,50,80000,0,user_34,612,612,
9342,51,79000,47700,user_7,612,612,
9343,52,79000,3130,user_7,612,612,
9380,53,79000,0,user_47,612,612,
9478,,100000,15100,user_1,613,,
9479,,1300000,0,user_2,613,,
9480,,3600000,0,user_3,613,,
9481,,2000000,0,user_4,613,,
9482,,2500000,0,user_5,613,,
9483,,130000,31700,user_6,613,,
9484,,460000,0,user_7,613,,
9485,,970000,0,user_7,613,,
9486,,1000000,0,user_8,613,,
9487,,460000,322000,user_10,613,,
9488,,630000,0,user_11,613,,
9489,,4500000,0,user_12,613,,
9490,,3600000,0,user_12,613,,
9491,,120000,0,user_13,613,,
9492,,4500000,0,user_13,613,,
9493,,1900000,0,user_15,613,,
9494,,150000,0,user_16,613,,
9495,,130000,0,user_16,613,,
9496,,1000000,0,user_16,613,,
9497,,120000,0,user_16,613,,
9498,,85000,0,user_16,613,,
9499,,110000,32900,user_17,613,,
9500,,2000000,0,user_17,613,,
9501,,970000,0,user_20,613,,
9502,,360000,0,user_22,613,,
9503,,1400000,16400,user_24,613,,
9504,,340000,0,user_26,613,,
9505,,1800000,0,user_27,613,,
9506,,2600000,0,user_27,613,,
9507,,460000,0,user_27,613,,
9508,,110000,0,user_27,613,,
9509,,970000,6390,user_27,613,,
9510,,120000,3130,user_29,613,,
9511,,2000000,0,user_30,613,,
9512,,130000,0,user_31,613,,
9513,,3600000,0,user_32,613,,
9514,,70000,84800,user_33,613,,
9515,,5200000,0,user_34,613,,
9516,,2600000,0,user_35,613,,
9517,,120000,0,user_35,613,,
9518,,5000000,121000,user_35,613,,
9519,,110000,0,user_35,613,,
9520,,460000,3130,user_36,613,,
9521,,100000,0,user_37,613,,
9522,,80000,8520,user_38,613,,
9523,,130000,0,user_39,613,,
9524,,150000,0,user_40,613,,
9525,,1200000,0,user_42,613,,
9526,,110000,0,user_42,613,,
9527,,120000,0,user_43,613,,
9528,,660000,0,user_43,613,,
9529,,340000,0,user_44,613,,
9530,,160000,0,user_45,613,,
9531,,220000,0,user_46,613,,
9532,,1300000,0,user_47,613,,
9533,,110000,0,user_48,613,,
9534,,1100000,0,user_49,613,,
9535,,1600000,0,user_49,613,,
9515,0,5200000,0,user_34,613,613,
9518,1,5000000,121000,user_35,613,613,
9489,2,4500000,0,user_12,613,613,
9492,3,4500000,0,user_13,613,613,
9480,4,3600000,0,user_3,613,613,
9490,5,3600000,0,user_12,613,613,
9513,6,3600000,0,user_32,613,613,
9506,7,2600000,0,user_27,613,613,
9516,8,2600000,0,user_35,613,613,
9482,9,2500000,0,user_5,613,613,
9481,10,2000000,0,user_4,613,613,
9500,11,2000000,0,user_17,613,613,
9493,12,1900000,0,user_15,613,613,
9505,13,1800000,0,user_27,613,613,
9535,14,1600000,0,user_49,613,613,
9503,15,1400000,16400,user_24,613,613,
9479,16,1300000,0,user_2,613,613,
9532,17,1300000,0,user_47,613,613,
9525,18,1200000,0,user_42,613,613,
9534,19,1100000,0,user_49,613,613,
9486,20,1000000,0,user_8,613,613,
9496,21,1000000,0,user_16,613,613,
9485,22,970000,0,user_7,613,613,
9501,23,970000,0,user_20,613,613,
9509,24,970000,6390,user_27,613,613,
9528,25,660000,0,user_43,613,613,
9488,26,630000,0,user_11,613,613,
9484,27,460000,0,user_7,613,613,
9487,28,460000,322000,user_10,613,613,
9507,29,460000,0,user_27,613,613,
9504,30,340000,0,user_26,613,613,
9529,31,340000,0,user_44,613,613,
9531,32,220000,0,user_46,613,613,
9530,33,160000,0,user_45,613,613,
9494,34,150000,0,user_16,613,613,
9483,35,130000,31700,user_6,613,613,
9495,36,130000,0,user_16,613,613,
9512,37,130000,0,user_31,613,613,
9523,38,130000,0,user_39,613,613,
9491,39,120000,0,user_13,613,613,
9497,40,120000,0,user_16,613,613,
9510,41,120000,3130,user_29,613,613,
9517,42,120000,0,user_35,613,613,
9527,43,120000,0,user_43,613,613,
9499,44,110000,32900,user_17,613,613,
9508,45,110000,0,user_27,613,613,
9519,46,110000,0,user_35,613,613,
9526,47,110000,0,user_42,613,613,
9533,48,110000,0,user_48,613,613,
9478,49,100000,15100,user_1,613,613,
9521,50,100000,0,user_37,613,613,
9498,51,85000,0,user_16,613,613,
9522,52,80000,8520,user_38,613,613,
9514,53,70000,84800,user_33,613,613,
9616,,2600000,0,user_0,614,,
9617,,1400000,0,user_1,614,,
9618,,4200000,0,user_2,614,,
9619,,1600000,0,user_3,614,,
9620,,970000,0,user_4,614,,
9621,,3500000,30200,user_4,614,,
9622,,1700000,12800,user_5,614,,
9623,,30000000,0,user_9,614,,
9624,,170000,0,user_9,614,,
9625,,530000,0,user_10,614,,
9626,,460000,19700,user_10,614,,
9627,,170000,8520,user_11,614,,
9628,,98000,0,user_14,614,,
9629,,1000000,0,user_16,614,,
9630,,5000000,0,user_16,614,,
9631,,870000,0,user_17,614,,
9632,,2000000,35100,user_18,614,,
9633,,120000,0,user_18,614,,
9634,,30000000,0,user_20,614,,
9635,,120000,68100,user_21,614,,
9636,,80000,283000,user_22,614,,
9637,,1500000,0,user_24,614,,
9638,,3200000,0,user_30,614,,
9639,,70000,0,user_31,614,,
9640,,670000,0,user_32,614,,
9641,,160000,0,user_33,614,,
9642,,1600000,0,user_35,614,,
9643,,27000000,0,user_36,614,,
9644,,1000000,66100,user_37,614,,
9645,,220000,0,user_39,614,,
9646,,2100000,0,user_39,614,,
9647,,1700000,0,user_41,614,,
9648,,630000,0,user_42,614,,
9649,,320000,5640,user_43,614,,
9650,,320000,0,user_43,614,,
9651,,1500000,0,user_44,614,,
9652,,79000,0,user_45,614,,
9653,,30000000,0,user_46,614,,
9654,,350000,47700,user_47,614,,
9655,,1900000,84800,user_47,614,,
9656,,220000,0,user_48,614,,
9623,0,30000000,0,user_9,614,614,
9634,1,30000000,0,user_20,614,614,
9653,2,30000000,0,user_46,614,614,
9643,3,27000000,0,user_36,614,614,
9630,4,5000000,0,user_16,614,614,
9618,5,4200000,0,user_2,614,614,
9621,6,3500000,30200,user_4,614,614,
9723,7,0,0,builder_8,614,614,9621
9638,8,3200000,0,user_30,614,614,
9616,9,2600000,0,user_0,614,614,
9646,10,2100000,0,user_39,614,614,
9724,11,0,0,builder_8,614,614,9632
9632,12,2000000,35100,user_18,614,614,
9725,13,0,0,builder_8,614,614,9655
9655,14,1900000,84800,user_47,614,614,
9726,15,0,0,builder_8,614,614,9622
9622,16,1700000,12800,user_5,614,614,
9647,17,1700000,0,user_41,614,614,
9619,18,1600000,0,user_3,614,614,
9642,19,1600000,0,user_35,614,614,
9651,20,1500000,0,user_44,614,614,
9644,21,1000000,66100,user_37,614,614,
9727,22,0,0,builder_8,614,614,9644
9629,23,1000000,0,user_16,614,614,
9620,24,970000,0,user_4,614,614,
9640,25,670000,0,user_32,614,614,
9648,26,630000,0,user_42,614,614,
9625,27,530000,0,user_10,614,614,
9728,28,0,0,builder_8,614,614,9626
9626,29,460000,19700,user_10,614,614,
9729,30,0,0,builder_8,614,614,9654
9654,31,350000,47700,user_47,614,614,
9636,32,80000,283000,user_22,614,614,
9730,33,0,0,builder_8,614,614,9636
9645,34,220000,0,user_39,614,614,
9656,35,220000,0,user_48,614,614,
9635,36,120000,68100,user_21,614,614,
9731,37,0,0,builder_8,614,614,9635
9627,38,170000,8520,user_11,614,614,
9732,39,0,0,builder_8,614,614,9627
9624,40,170000,0,user_9,614,614,
9641,41,160000,0,user_33,614,614,
9633,42,120000,0,user_18,614,614,
9628,43,98000,0,user_14,614,614,
9733,,970000,0,user_0,615,,
9734,,120000,0,user_2,615,,
9735,,120000,7840,user_3,615,,
9736,,220000,4320000,user_4,615,,
9737,,4200000,17000,user_8,615,,
9738,,100000,0,user_11,615,,
9739,,260000,0,user_13,615,,
9740,,220000,0,user_15,615,,
9741,,660000,35600,user_16,615,,
9742,,4200000,0,user_17,615,,
9743,,120000,0,user_17,615,,
9744,,300000,0,user_18,615,,
9745,,360000,0,user_20,615,,
9746,,220000,0,user_20,615,,
9747,,5000000,0,user_20,615,,
9748,,3200000,0,user_20,615,,
9749,,2400000,0,user_20,615,,
9750,,470000,18600,user_24,615,,
9751,,85000,100000,user_27,615,,
9752,,1800000,0,user_28,615,,
9753,,1900000,0,user_29,615,,
9754,,650000,0,user_29,615,,
9755,,6100000,0,user_31,615,,
9756,,2100000,0,user_32,615,,
9757,,1500000,0,user_33,615,,
9758,,670000,0,user_34,615,,
9759,,30000000,0,user_35,615,,
9760,,80000,0,user_36,615,,
9761,,84000,0,user_37,615,,
9762,,3600000,0,user_37,615,,
9763,,77000,0,user_38,615,,
9764,,170000,0,user_39,615,,
9765,,360000,0,user_40,615,,
9766,,79000,128000,user_42,615,,
9767,,3200000,0,user_43,615,,
9768,,150000,0,user_43,615,,
9769,,150000,510000,user_45,615,,
9770,,2000000,16400,user_46,615,,
9771,,83000,0,user_48,615,,
9772,,100000,0,user_49,615,,
9759,0,30000000,0,user_35,615,615,
9755,1,6100000,0,user_31,615,615,
9747,2,5000000,0,user_20,615,615,
9737,3,4200000,17000,user_8,615,615,
9742,4,4200000,0,user_17,615,615,
9762,5,3600000,0,user_37,615,615,
9748,6,3200000,0,user_20,615,615,
9767,7,3200000,0,user_43,615,615,
9749,8,2400000,0,user_20,615,615,
9756,9,2100000,0,user_32,615,615,
9770,10,2000000,16400,user_46,615,615,
9753,11,1900000,0,user_29,615,615,
9752,12,1800000,0,user_28,615,615,
9757,13,1500000,0,user_33,615,615,
9733,14,970000,0,user_0,615,615,
9758,15,670000,0,user_34,615,615,
9741,16,660000,35600,user_16,615,615,
9754,17,650000,0,user_29,615,615,
9750,18,470000,18600,user_24,615,615,
9745,19,360000,0,user_20,615,615,
9765,20,360000,0,user_40,615,615,
9744,21,300000,0,user_18,615,615,
9739,22,260000,0,user_13,615,615,
9736,23,220000,4320000,user_4,615,615,
9740,24,220000,0,user_15,615,615,
9746,25,220000,0,user_20,615,615,
9764,26,170000,0,user_39,615,615,
9768,27,150000,0,user_43,615,615,
9769,28,150000,510000,user_45,615,615,
9734,29,120000,0,user_2,615,615,
9735,30,120000,7840,user_3,615,615,
9743,31,120000,0,user_17,615,615,
9738,32,100000,0,user_11,615,615,
9772,33,100000,0,user_49,615,615,
9761,34,84000,0,user_37,615,615,
9766,35,79000,128000,user_42,615,615,
9834,,120000,155000,user_1,616,,
9835,,220000,0,user_1,616,,
9836,,300000,0,user_2,616,,
9837,,82000,0,user_2,616,,
9838,,260000,0,user_3,616,,
9839,,260000,0,user_6,616,,
9840,,170000,0,user_7,616,,
9841,,73000,0,user_8,616,,
9842,,460000,0,user_9,616,,
9843,,3200000,128000,user_10,616,,
9844,,3200000,0,user_12,616,,
9845,,120000,0,user_12,616,,
9846,,160000,0,user_14,616,,
9847,,1700000,0,user_15,616,,
9848,,170000,0,user_16,616,,
9849,,2400000,49100,user_17,616,,
9850,,650000,0,user_20,616,,
9851,,220000,0,user_23,616,,
9852,,2500000,0,user_24,616,,
9853,,27000000,0,user_25,616,,
9854,,170000,56200,user_26,616,,
9855,,2100000,0,user_27,616,,
9856,,220000,0,user_28,616,,
9857,,150000,0,user_29,616,,
9858,,340000,0,user_30,616,,
9859,,350000,0,user_31,616,,
9860,,150000,0,user_32,616,,
9861,,870000,0,user_33,616,,
9862,,1200000,0,user_35,616,,
9863,,1800000,0,user_35,616,,
9864,,260000,0,user_37,616,,
9865,,370000,0,user_38,616,,
9866,,87000,0,user_39,616,,
9867,,360000,0,user_40,616,,
9868,,80000,0,user_41,616,,
9869,,87000,0,user_42,616,,
9870,,310000,12300,user_45,616,,
9871,,190000,0,user_45,616,,
9872,,420000,0,user_48,616,,
9873,,120000,0,user_49,616,,
9874,,19000000,0,user_49,616,,
9875,,110000,0,user_49,616,,
9853,0,27000000,0,user_25,616,616,
9874,1,19000000,0,user_49,616,616,
9843,2,3200000,128000,user_10,616,616,
9844,3,3200000,0,user_12,616,616,
9852,4,2500000,0,user_24,616,616,
9849,5,2400000,49100,user_17,616,616,
9855,6,2100000,0,user_27,616,616,
9863,7,1800000,0,user_35,616,616,
9847,8,1700000,0,user_15,616,616,
9862,9,1200000,0,user_35,616,616,
9861,10,870000,0,user_33,616,616,
9850,11,650000,0,user_20,616,616,
9842,12,460000,0,user_9,616,616,
9872,13,420000,0,user_48,616,616,
9865,14,370000,0,user_38,616,616,
9859,15,350000,0,user_31,616,616,
9870,16,310000,12300,user_45,616,616,
9836,17,300000,0,user_2,616,616,
9838,18,260000,0,user_3,616,616,
9839,19,260000,0,user_6,616,616,
9864,20,260000,0,user_37,616,616,
9835,21,220000,0,user_1,616,616,
9856,22,220000,0,user_28,616,616,
9871,23,190000,0,user_45,616,616,
9840,24,170000,0,user_7,616,616,
9848,25,170000,0,user_16,616,616,
9854,26,170000,56200,user_26,616,616,
9857,27,150000,0,user_29,616,616,
9860,28,150000,0,user_32,616,616,
9834,29,120000,155000,user_1,616,616,
9845,30,120000,0,user_12,616,616,
9873,31,120000,0,user_49,616,616,
9875,32,110000,0,user_49,616,616,
9866,33,87000,0,user_39,616,616,
9869,34,87000,0,user_42,616,616,
9837,35,82000,0,user_2,616,616,
9868,36,80000,0,user_41,616,616,
9841,37,73000,0,user_8,616,616,
9911,,1300000,0,user_0,617,,
9912,,80000,0,user_1,617,,
9913,,85000,0,user_1,617,,
9914,,4500000,0,user_1,617,,
9915,,530000,67500,user_2,617,,
9916,,260000,0,user_4,617,,
9917,,43000000,17000,user_5,617,,
9918,,80000,0,user_6,617,,
9919,,170000,0,user_6,617,,
9920,,1700000,0,user_8,617,,
9921,,260000,12800,user_9,617,,
9922,,600000,0,user_10,617,,
9923,,110000,215000,user_11,617,,
9924,,98000,0,user_13,617,,
9925,,260000,0,user_13,617,,
9926,,5000000,0,user_13,617,,
9927,,160000,0,user_15,617,,
9928,,420000,39400,user_16,617,,
9929,,110000,75000,user_16,617,,
9930,,5000000,0,user_17,617,,
9931,,130000,30200,user_18,617,,
9932,,77000,0,user_19,617,,
9933,,2000000,0,user_19,617,,
9934,,910000,0,user_19,617,,
9935,,79000,0,user_19,617,,
9936,,190000,0,user_19,617,,
9937,,2000000,0,user_20,617,,
9938,,2000000,0,user_20,617,,
9939,,910000,15100,user_22,617,,
9940,,600000,0,user_23,617,,
9941,,350000,0,user_24,617,,
9942,,4500000,0,user_24,617,,
9943,,27000000,4320000,user_24,617,,
9944,,240000,0,user_25,617,,
9945,,3500000,0,user_25,617,,
9946,,27000000,0,user_26,617,,
9947,,150000,0,user_27,617,,
9948,,70000,0,user_27,617,,
9949,,27000000,0,user_28,617,,
9950,,1000000,0,user_30,617,,
9951,,110000,0,user_31,617,,
9952,,3500000,0,user_33,617,,
9953,,87000,0,user_33,617,,
9954,,5000000,108000,user_34,617,,
9955,,2100000,0,user_35,617,,
9956,,360000,0,user_35,617,,
9957,,530000,0,user_37,617,,
9958,,4200000,31700,user_39,617,,
9959,,82000,0,user_39,617,,
9960,,79000,0,user_39,617,,
9961,,130000,0,user_39,617,,
9962,,1000000,5180,user_40,617,,
9963,,320000,0,user_40,617,,
9964,,1000000,0,user_40,617,,
9965,,87000,0,user_40,617,,
9966,,5000000,0,user_41,617,,
9967,,77000,0,user_42,617,,
9968,,83000,0,user_43,617,,
9969,,1400000,56200,user_43,617,,
9970,,300000,0,user_44,617,,
9971,,310000,0,user_45,617,,
9972,,630000,24700,user_45,617,,
9973,,160000,0,user_45,617,,
9974,,70000,0,user_45,617,,
9975,,320000,0,user_45,617,,
9976,,910000,0,user_47,617,,
9977,,100000,0,user_48,617,,
9978,,310000,0,user_48,617,,
9979,,350000,0,user_49,617,,
9980,,2100000,0,user_49,617,,
9917,0,43000000,17000,user_5,617,617,
9943,1,27000000,4320000,user_24,617,617,
9946,2,27000000,0,user_26,617,617,
9949,3,27000000,0,user_28,617,617,
9926,4,5000000,0,user_13,617,617,
9930,5,5000000,0,user_17,617,617,
9954,6,5000000,108000,user_34,617,617,
9966,7,5000000,0,user_41,617,617,
9914,8,4500000,0,user_1,617,617,
9942,9,4500000,0,user_24,617,617,
9958,10,4200000,31700,user_39,617,617,
9945,11,3500000,0,user_25,617,617,
9952,12,3500000,0,user_33,617,617,
9955,13,2100000,0,user_35,617,617,
9980,14,2100000,0,user_49,617,617,
9933,15,2000000,0,user_19,617,617,
9937,16,2000000,0,user_20,617,617,
9938,17,2000000,0,user_20,617,617,
9920,18,1700000,0,user_8,617,617,
9969,19,1400000,56200,user_43,617,617,
9934,20,910000,0,user_19,617,617,
9976,21,910000,0,user_47,617,617,
9972,22,630000,24700,user_45,617,617,
9922,23,600000,0,user_10,617,617,
9915,24,530000,67500,user_2,617,617,
9957,25,530000,0,user_37,617,617,
9928,26,420000,39400,user_16,617,617,
9956,27,360000,0,user_35,617,617,
9941,28,350000,0,user_24,617,617,
9979,29,350000,0,user_49,617,617,
9975,30,320000,0,user_45,617,617,
9971,31,310000,0,user_45,617,617,
9978,32,310000,0,user_48,617,617,
9970,33,300000,0,user_44,617,617,
9916,34,260000,0,user_4,617,617,
9921,35,260000,12800,user_9,617,617,
9925,36,260000,0,user_13,617,617,
9944,37,240000,0,user_25,617,617,
9936,38,190000,0,user_19,617,617,
9919,39,170000,0,user_6,617,617,
9927,40,160000,0,user_15,617,617,
9973,41,160000,0,user_45,617,617,
9947,42,150000,0,user_27,617,617,
9961,43,130000,0,user_39,617,617,
9923,44,110000,215000,user_11,617,617,
9929,45,110000,75000,user_16,617,617,
9951,46,110000,0,user_31,617,617,
9977,47,100000,0,user_48,617,617,
9924,48,98000,0,user_13,617,617,
9953,49,87000,0,user_33,617,617,
9913,50,85000,0,user_1,617,617,
9968,51,83000,0,user_43,617,617,
9959,52,82000,0,user_39,617,617,
9912,53,80000,0,user_1,617,617,
9918,54,80000,0,user_6,617,617,
9935,55,79000,0,user_19,617,617,
9960,56,79000,0,user_39,617,617,
9932,57,77000,0,user_19,617,617,
9967,58,77000,0,user_42,617,617,
9948,59,70000,0,user_27,617,617,
9974,60,70000,0,user_45,617,617,
10079,,170000,0,user_1,618,,
10080,,19000000,0,user_3,618,,
10081,,870000,0,user_3,618,,
10082,,100000,0,user_4,618,,
10083,,27000000,11200,user_5,618,,
10084,,150000,0,user_6,618,,
10085,,83000,0,user_6,618,,
10086,,30000000,0,user_6,618,,
10087,,350000,0,user_6,618,,
10088,,2100000,0,user_6,618,,
10089,,85000,0,user_7,618,,
10090,,3500000,0,user_8,618,,
10091,,3500000,0,user_9,618,,
10092,,310000,0,user_10,618,,
10093,,110000,0,user_12,618,,
10094,,1800000,0,user_12,618,,
10095,,2100000,1100000,user_13,618,,
10096,,530000,0,user_14,618,,
10097,,170000,0,user_16,618,,
10098,,110000,0,user_17,618,,
10099,,220000,0,user_18,618,,
10100,,420000,5640,user_18,618,,
10101,,110000,0,user_18,618,,
10102,,170000,30200,user_20,618,,
10103,,3600000,0,user_20,618,,
10104,,220000,0,user_21,618,,
10105,,1800000,0,user_21,618,,
10106,,160000,0,user_22,618,,
10107,,120000,8520,user_23,618,,
10108,,220000,231000,user_24,618,,
10109,,350000,0,user_26,618,,
10110,,160000,0,user_26,618,,
10111,,150000,0,user_26,618,,
10112,,910000,0,user_26,618,,
10113,,1100000,0,user_27,618,,
10114,,650000,0,user_27,618,,
10115,,6300000,0,user_28,618,,
10116,,6100000,0,user_30,618,,
10117,,970000,0,user_31,618,,
10118,,1300000,21800,user_31,618,,
10119,,150000,0,user_33,618,,
10120,,2500000,0,user_34,618,,
10121,,420000,0,user_36,618,,
10122,,1700000,32900,user_37,618,,
10123,,160000,0,user_39,618,,
10124,,170000,0,user_41,618,,
10125,,190000,0,user_41,618,,
10126,,260000,0,user_42,618,,
10127,,1100000,0,user_43,618,,
10128,,1500000,0,user_43,618,,
10129,,420000,215000,user_43,618,,
10130,,19000000,0,user_43,618,,
10131,,300000,0,user_46,618,,
10086,0,30000000,0,user_6,618,618,
10083,1,27000000,11200,user_5,618,618,
10080,2,19000000,0,user_3,618,618,
10130,3,19000000,0,user_43,618,618,
10115,4,6300000,0,user_28,618,618,
10116,5,6100000,0,user_30,618,618,
10103,6,3600000,0,user_20,618,618,
10090,7,3500000,0,user_8,618,618,
10091,8,3500000,0,user_9,618,618,
10120,9,2500000,0,user_34,618,618,
10088,10,2100000,0,user_6,618,618,
10095,11,2100000,1100000,user_13,618,618,
10094,12,1800000,0,user_12,618,618,
10105,13,1800000,0,user_21,618,618,
10122,14,1700000,32900,user_37,618,618,
10128,15,1500000,0,user_43,618,618,
10118,16,1300000,21800,user_31,618,618,
10113,17,1100000,0,user_27,618,618,
10127,18,1100000,0,user_43,618,618,
10117,19,970000,0,user_31,618,618,
10112,20,910000,0,user_26,618,618,
10081,21,870000,0,user_3,618,618,
10114,22,650000,0,user_27,618,618,
10096,23,530000,0,user_14,618,618,
10100,24,420000,5640,user_18,618,618,
10121,25,420000,0,user_36,618,618,
10129,26,420000,215000,user_43,618,618,
10087,27,350000,0,user_6,618,618,
10109,28,350000,0,user_26,618,618,
10126,29,260000,0,user_42,618,618,
10099,30,220000,0,user_18,618,618,
10104,31,220000,0,user_21,618,618,
10108,32,220000,231000,user_24,618,618,
10079,33,170000,0,user_1,618,618,
10102,34,170000,30200,user_20,618,618,
10106,35,160000,0,user_22,618,618,
10110,36,160000,0,user_26,618,618,
10123,37,160000,0,user_39,618,618,
10084,38,150000,0,user_6,618,618,
10111,39,150000,0,user_26,618,618,
10119,40,150000,0,user_33,618,618,
10107,41,120000,8520,user_23,618,618,
10093,42,110000,0,user_12,618,618,
10098,43,110000,0,user_17,618,618,
10101,44,110000,0,user_18,618,618,
10082,45,100000,0,user_4,618,618,
10089,46,85000,0,user_7,618,618,
10085,47,83000,0,user_6,618,618,
10195,,170000,0,user_2,619,,
10196,,220000,13900,user_3,619,,
10197,,110000,0,user_4,619,,
10198,,460000,0,user_4,619,,
10199,,1300000,0,user_6,619,,
10200,,1000000,0,user_7,619,,
10201,,650000,0,user_8,619,,
10202,,260000,35100,user_9,619,,
10203,,260000,36800,user_10,619,,
10204,,4200000,195000,user_10,619,,
10205,,82000,5180,user_12,619,,
10206,,1800000,0,user_13,619,,
10207,,870000,0,user_13,619,,
10208,,460000,0,user_15,619,,
10209,,120000,0,user_15,619,,
10210,,1800000,0,user_16,619,,
10211,,360000,0,user_16,619,,
10212,,1600000,0,user_16,619,,
10213,,4500000,0,user_16,619,,
10214,,70000,0,user_16,619,,
10215,,1500000,0,user_17,619,,
10216,,1600000,0,user_18,619,,
10217,,460000,0,user_21,619,,
10218,,120000,0,user_26,619,,
10219,,1100000,0,user_28,619,,
10220,,27000000,0,user_28,619,,
10221,,98000,0,user_28,619,,
10222,,84000,0,user_28,619,,
10223,,170000,0,user_28,619,,
10224,,3200000,0,user_30,619,,
10225,,460000,0,user_30,619,,
10226,,1000000,296000,user_31,619,,
10227,,1000000,0,user_32,619,,
10228,,320000,0,user_33,619,,
10229,,5200000,0,user_33,619,,
10230,,150000,155000,user_33,619,,
10231,,460000,36800,user_33,619,,
10232,,73000,0,user_34,619,,
10233,,1700000,0,user_34,619,,
10234,,150000,0,user_36,619,,
10235,,27000000,0,user_38,619,,
10236,,170000,0,user_39,619,,
10237,,1100000,0,user_41,619,,
10238,,160000,0,user_41,619,,
10239,,370000,0,user_42,619,,
10240,,2000000,0,user_47,619,,
10241,,420000,0,user_48,619,,
10242,,120000,0,user_49,619,,
10220,0,27000000,0,user_28,619,619,
10235,1,27000000,0,user_38,619,619,
10229,2,5200000,0,user_33,619,619,
10213,3,4500000,0,user_16,619,619,
10243,4,0,0,builder_0,619,619,10204
10204,5,4200000,195000,user_10,619,619,
10224,6,3200000,0,user_30,619,619,
10240,7,2000000,0,user_47,619,619,
10206,8,1800000,0,user_13,619,619,
10210,9,1800000,0,user_16,619,619,
10212,10,1600000,0,user_16,619,619,
10216,11,1600000,0,user_18,619,619,
10215,12,1500000,0,user_17,619,619,
10199,13,1300000,0,user_6,619,619,
10244,14,0,0,builder_0,619,619,10226
10226,15,1000000,296000,user_31,619,619,
10219,16,1100000,0,user_28,619,619,
10237,17,1100000,0,user_41,619,619,
10200,18,1000000,0,user_7,619,619,
10227,19,1000000,0,user_32,619,619,
10207,20,870000,0,user_13,619,619,
10201,21,650000,0,user_8,619,619,
10231,22,460000,36800,user_33,619,619,
10245,23,0,0,builder_0,619,619,10231
10217,24,460000,0,user_21,619,619,
10225,25,460000,0,user_30,619,619,
10241,26,420000,0,user_48,619,619,
10239,27,370000,0,user_42,619,619,
10211,28,360000,0,user_16,619,619,
10228,29,320000,0,user_33,619,619,
10230,30,150000,155000,user_33,619,619,
10246,31,0,0,builder_0,619,619,10230
10247,32,0,0,builder_0,619,619,10203
10203,33,260000,36800,user_10,619,619,
10202,34,260000,35100,user_9,619,619,
10248,35,0,0,builder_0,619,619,10202
10249,36,0,0,builder_0,619,619,10196
10196,37,220000,13900,user_3,619,619,
10195,38,170000,0,user_2,619,619,
10223,39,170000,0,user_28,619,619,
10238,40,160000,0,user_41,619,619,
10234,41,150000,0,user_36,619,619,
10218,42,120000,0,user_26,619,619,
10242,43,120000,0,user_49,619,619,
10221,44,98000,0,user_28,619,619,
10222,45,84000,0,user_28,619,619,
10214,46,70000,0,user_16,619,619,
10303,,150000,19700,user_0,620,,
10304,,73000,0,user_4,620,,
10305,,3200000,0,user_6,620,,
10306,,1900000,0,user_7,620,,
10307,,120000,0,user_7,620,,
10308,,5000000,0,user_7,620,,
10309,,120000,12800,user_7,620,,
10310,,19000000,10700,user_8,620,,
10311,,420000,17700000,user_8,620,,
10312,,2400000,0,user_9,620,,
10313,,160000,350000,user_10,620,,
10314,,1000000,0,user_12,620,,
10315,,77000,15700,user_13,620,,
10316,,110000,36800,user_14,620,,
10317,,2000000,0,user_14,620,,
10318,,19000000,39400,user_15,620,,
10319,,120000,0,user_15,620,,
10320,,110000,0,user_15,620,,
10321,,3200000,0,user_15,620,,
10322,,1500000,0,user_15,620,,
10323,,1500000,0,user_16,620,,
10324,,420000,959000,user_18,620,,
10325,,320000,0,user_19,620,,
10326,,170000,0,user_19,620,,
10327,,5000000,0,user_20,620,,
10328,,1100000,0,user_22,620,,
10329,,110000,0,user_23,620,,
10330,,310000,108000,user_24,620,,
10331,,600000,49100,user_24,620,,
10332,,650000,0,user_24,620,,
10333,,2000000,0,user_25,620,,
10334,,6300000,0,user_27,620,,
10335,,82000,0,user_28,620,,
10336,,420000,17700000,user_30,620,,
10337,,120000,100000,user_30,620,,
10338,,19000000,12800,user_32,620,,
10339,,650000,0,user_32,620,,
10340,,120000,0,user_32,620,,
10341,,260000,0,user_32,620,,
10342,,2000000,0,user_32,620,,
10343,,1400000,5630,user_33,620,,
10344,,320000,410000,user_33,620,,
10345,,130000,0,user_33,620,,
10346,,220000,0,user_34,620,,
10347,,5000000,0,user_37,620,,
10348,,350000,283000,user_38,620,,
10349,,460000,0,user_38,620,,
10350,,130000,0,user_38,620,,
10351,,87000,0,user_38,620,,
10352,,120000,0,user_39,620,,
10353,,3600000,0,user_42,620,,
10354,,5000000,0,user_42,620,,
10355,,350000,0,user_43,620,,
10356,,98000,0,user_46,620,,
10357,,84000,0,user_48,620,,
10358,,870000,0,user_48,620,,
10359,,3500000,0,user_49,620,,
10360,,360000,0,user_49,620,,
10310,0,19000000,10700,user_8,620,620,
10318,1,19000000,39400,user_15,620,620,
10338,2,19000000,12800,user_32,620,620,
10334,3,6300000,0,user_27,620,620,
10308,4,5000000,0,user_7,620,620,
10327,5,5000000,0,user_20,620,620,
10347,6,5000000,0,user_37,620,620,
10354,7,5000000,0,user_42,620,620,
10353,8,3600000,0,user_42,620,620,
10359,9,3500000,0,user_49,620,620,
10305,10,3200000,0,user_6,620,620,
10321,11,3200000,0,user_15,620,620,
10312,12,2400000,0,user_9,620,620,
10333,13,2000000,0,user_25,620,620,
10342,14,2000000,0,user_32,620,620,
10306,15,1900000,0,user_7,620,620,
10322,16,1500000,0,user_15,620,620,
10323,17,1500000,0,user_16,620,620,
10343,18,1400000,5630,user_33,620,620,
10314,19,1000000,0,user_12,620,620,
10358,20,870000,0,user_48,620,620,
10332,21,650000,0,user_24,620,620,
10339,22,650000,0,user_32,620,620,
10331,23,600000,49100,user_24,620,620,
10349,24,460000,0,user_38,620,620,
10311,25,420000,17700000,user_8,620,620,
10360,26,360000,0,user_49,620,620,
10348,27,350000,283000,user_38,620,620,
10355,28,350000,0,user_43,620,620,
10325,29,320000,0,user_19,620,620,
10344,30,320000,410000,user_33,620,620,
10330,31,310000,108000,user_24,620,620,
10341,32,260000,0,user_32,620,620,
10346,33,220000,0,user_34,620,620,
10326,34,170000,0,user_19,620,620,
10313,35,160000,350000,user_10,620,620,
10345,36,130000,0,user_33,620,620,
10350,37,130000,0,user_38,620,620,
10307,38,120000,0,user_7,620,620,
10309,39,120000,12800,user_7,620,620,
10319,40,120000,0,user_15,620,620,
10340,41,120000,0,user_32,620,620,
10352,42,120000,0,user_39,620,620,
10320,43,110000,0,user_15,620,620,
10356,44,98000,0,user_46,620,620,
10351,45,87000,0,user_38,620,620,
10357,46,84000,0,user_48,620,620,
10335,47,82000,0,user_28,620,620,
10315,48,77000,15700,user_13,620,620,
10304,49,73000,0,user_4,620,620,
10481,,4200000,67500,user_1,621,,
10482,,2500000,0,user_2,621,,
10483,,420000,0,user_5,621,,
10484,,2400000,10700,user_5,621,,
10485,,2000000,0,user_5,621,,
10486,,340000,0,user_8,621,,
10487,,79000,181000,user_9,621,,
10488,,1400000,0,user_9,621,,
10489,,320000,0,user_10,621,,
10490,,120000,0,user_12,621,,
10491,,110000,0,user_12,621,,
10492,,150000,0,user_14,621,,
10493,,1400000,0,user_15,621,,
10494,,1200000,0,user_15,621,,
10495,,110000,17000,user_15,621,,
10496,,910000,0,user_16,621,,
10497,,1400000,181000,user_17,621,,
10498,,2300000,0,user_17,621,,
10499,,130000,0,user_19,621,,
10500,,2400000,0,user_19,621,,
10501,,300000,108000,user_19,621,,
10502,,27000000,0,user_19,621,,
10503,,300000,0,user_20,621,,
10504,,150000,0,user_21,621,,
10505,,160000,0,user_23,621,,
10506,,82000,0,user_24,621,,
10507,,870000,0,user_25,621,,
10508,,98000,0,user_25,621,,
10509,,670000,0,user_26,621,,
10510,,1400000,0,user_27,621,,
10511,,30000000,0,user_27,621,,
10512,,2600000,23500,user_28,621,,
10513,,600000,0,user_29,621,,
10514,,120000,75000,user_32,621,,
10515,,1500000,0,user_36,621,,
10516,,970000,0,user_38,621,,
10517,,27000000,0,user_38,621,,
10518,,27000000,0,user_39,621,,
10519,,360000,68100,user_39,621,,
10520,,600000,68100,user_40,621,,
10521,,83000,0,user_40,621,,
10522,,1500000,0,user_41,621,,
10523,,150000,17000,user_42,621,,
10524,,630000,0,user_44,621,,
10525,,2300000,0,user_45,621,,
10526,,2600000,0,user_46,621,,
10527,,650000,0,user_47,621,,
10528,,98000,0,user_48,621,,
10529,,110000,0,user_48,621,,
10530,,160000,0,user_48,621,,
10531,,110000,0,user_48,621,,
10532,,260000,0,user_49,621,,
10533,,240000,0,user_49,621,,
10534,,130000,0,user_49,621,,
10535,,1800000,0,user_49,621,,
10536,,240000,0,user_49,621,,
10511,0,30000000,0,user_27,621,621,
10502,1,27000000,0,user_19,621,621,
10517,2,27000000,0,user_38,621,621,
10518,3,27000000,0,user_39,621,621,
10481,4,4200000,67500,user_1,621,621,
10512,5,2600000,23500,user_28,621,621,
10526,6,2600000,0,user_46,621,621,
10482,7,2500000,0,user_2,621,621,
10484,8,2400000,10700,user_5,621,621,
10500,9,2400000,0,user_19,621,621,
10498,10,2300000,0,user_17,621,621,
10525,11,2300000,0,user_45,621,621,
10485,12,2000000,0,user_5,621,621,
10535,13,1800000,0,user_49,621,621,
10522,14,1500000,0,user_41,621,621,
10488,15,1400000,0,user_9,621,621,
10493,16,1400000,0,user_15,621,621,
10497,17,1400000,181000,user_17,621,621,
10510,18,1400000,0,user_27,621,621,
10494,19,1200000,0,user_15,621,621,
10516,20,970000,0,user_38,621,621,
10496,21,910000,0,user_16,621,621,
10507,22,870000,0,user_25,621,621,
10509,23,670000,0,user_26,621,621,
10527,24,650000,0,user_47,621,621,
10524,25,630000,0,user_44,621,621,
10513,26,600000,0,user_29,621,621,
10483,27,420000,0,user_5,621,621,
10519,28,360000,68100,user_39,621,621,
10486,29,340000,0,user_8,621,621,
10489,30,320000,0,user_10,621,621,
10501,31,300000,108000,user_19,621,621,
10503,32,300000,0,user_20,621,621,
10532,33,260000,0,user_49,621,621,
10533,34,240000,0,user_49,621,621,
10536,35,240000,0,user_49,621,621,
10530,36,160000,0,user_48,621,621,
10523,37,150000,17000,user_42,621,621,
10499,38,130000,0,user_19,621,621,
10534,39,130000,0,user_49,621,621,
10490,40,120000,0,user_12,621,621,
10514,41,120000,75000,user_32,621,621,
10491,42,110000,0,user_12,621,621,
10495,43,110000,17000,user_15,621,621,
10529,44,110000,0,user_48,621,621,
10531,45,110000,0,user_48,621,621,
10508,46,98000,0,user_25,621,621,
10528,47,98000,0,user_48,621,621,
10506,48,82000,0,user_24,621,621,
10487,49,79000,181000,user_9,621,621,
10615,,1600000,0,user_0,622,,
10616,,530000,0,user_1,622,,
10617,,460000,0,user_2,622,,
10618,,220000,0,user_3,622,,
10619,,120000,0,user_3,622,,
10620,,220000,0,user_4,622,,
10621,,160000,0,user_6,622,,
10622,,530000,322000,user_7,622,,
10623,,150000,0,user_9,622,,
10624,,110000,0,user_11,622,,
10625,,73000,0,user_11,622,,
10626,,30000000,0,user_11,622,,
10627,,110000,0,user_13,622,,
10628,,160000,0,user_14,622,,
10629,,240000,16400,user_14,622,,
10630,,120000,0,user_14,622,,
10631,,2000000,0,user_15,622,,
10632,,1100000,0,user_17,622,,
10633,,27000000,0,user_17,622,,
10634,,6100000,0,user_18,622,,
10635,,5200000,0,user_19,622,,
10636,,320000,0,user_25,622,,
10637,,370000,0,user_25,622,,
10638,,370000,0,user_26,622,,
10639,,19000000,0,user_28,622,,
10640,,2000000,33100,user_29,622,,
10641,,80000,0,user_29,622,,
10642,,120000,0,user_29,622,,
10643,,3500000,0,user_29,622,,
10644,,120000,256000,user_29,622,,
10645,,73000,0,user_30,622,,
10646,,150000,296000,user_31,622,,
10647,,470000,0,user_33,622,,
10648,,120000,0,user_34,622,,
10649,,240000,0,user_35,622,,
10650,,3600000,0,user_36,622,,
10651,,300000,0,user_37,622,,
10652,,340000,39400,user_38,622,,
10653,,110000,43600,user_39,622,,
10654,,160000,0,user_40,622,,
10655,,2100000,0,user_42,622,,
10656,,320000,35100,user_43,622,,
10657,,85000,0,user_44,622,,
10658,,73000,0,user_46,622,,
10659,,1500000,35600,user_46,622,,
10660,,160000,0,user_46,622,,
10661,,220000,0,user_46,622,,
10662,,360000,60700,user_46,622,,
10663,,30000000,0,user_47,622,,
10664,,970000,0,user_48,622,,
10665,,87000,16400,user_48,622,,
10666,,6300000,0,user_49,622,,
10667,,19000000,0,user_49,622,,
10626,0,30000000,0,user_11,622,622,
10663,1,30000000,0,user_47,622,622,
10633,2,27000000,0,user_17,622,622,
10639,3,19000000,0,user_28,622,622,
10667,4,19000000,0,user_49,622,622,
10666,5,6300000,0,user_49,622,622,
10634,6,6100000,0,user_18,622,622,
10635,7,5200000,0,user_19,622,622,
10650,8,3600000,0,user_36,622,622,
10643,9,3500000,0,user_29,622,622,
10655,10,2100000,0,user_42,622,622,
10640,11,2000000,33100,user_29,622,622,
10695,12,0,0,builder_3,622,622,10640
10631,13,2000000,0,user_15,622,622,
10615,14,1600000,0,user_0,622,622,
10659,15,1500000,35600,user_46,622,622,
10696,16,0,0,builder_3,622,622,10659
10632,17,1100000,0,user_17,622,622,
10664,18,970000,0,user_48,622,622,
10622,19,530000,322000,user_7,622,622,
10697,20,0,0,builder_3,622,622,10622
10647,21,470000,0,user_33,622,622,
10617,22,460000,0,user_2,622,622,
10646,23,150000,296000,user_31,622,622,
10698,24,0,0,builder_3,622,622,10646
10662,25,360000,60700,user_46,622,622,
10699,26,0,0,builder_3,622,622,10662
10652,27,340000,39400,user_38,622,622,
10700,28,0,0,builder_3,622,622,10652
10701,29,0,0,builder_3,622,622,10644
10644,30,120000,256000,user_29,622,622,
10638,31,370000,0,user_26,622,622,
10656,32,320000,35100,user_43,622,622,
10702,33,0,0,builder_3,622,622,10656
10651,34,300000,0,user_37,622,622,
10629,35,240000,16400,user_14,622,622,
10703,36,0,0,builder_3,622,622,10629
10649,37,240000,0,user_35,622,622,
10618,38,220000,0,user_3,622,622,
10620,39,220000,0,user_4,622,622,
10661,40,220000,0,user_46,622,622,
10628,41,160000,0,user_14,622,622,
10654,42,160000,0,user_40,622,622,
10660,43,160000,0,user_46,622,622,
10653,44,110000,43600,user_39,622,622,
10704,45,0,0,builder_3,622,622,10653
10619,46,120000,0,user_3,622,622,
10630,47,120000,0,user_14,622,622,
10642,48,120000,0,user_29,622,622,
10648,49,120000,0,user_34,622,622,
10624,50,110000,0,user_11,622,622,
10627,51,110000,0,user_13,622,622,
10705,52,0,0,builder_3,622,622,10665
10665,53,87000,16400,user_48,622,622,
10657,54,85000,0,user_44,622,622,
10641,55,80000,0,user_29,622,622,
10625,56,73000,0,user_11,622,622,
10645,57,73000,0,user_30,622,622,
10658,58,73000,0,user_46,622,622,
10744,,110000,49100,user_4,623,,
10745,,70000,13900,user_5,623,,
10746,,3600000,0,user_6,623,,
10747,,120000,0,user_7,623,,
10748,,220000,0,user_8,623,,
10749,,150000,0,user_8,623,,
10750,,27000000,0,user_9,623,,
10751,,630000,0,user_9,623,,
10752,,170000,0,user_10,623,,
10753,,1800000,0,user_10,623,,
10754,,150000,0,user_11,623,,
10755,,1800000,43600,user_11,623,,
10756,,910000,0,user_12,623,,
10757,,83000,71800,user_13,623,,
10758,,79000,0,user_16,623,,
10759,,310000,0,user_18,623,,
10760,,420000,0,user_19,623,,
10761,,320000,0,user_20,623,,
10762,,160000,0,user_24,623,,
10763,,420000,12800,user_25,623,,
10764,,310000,14200,user_25,623,,
10765,,2400000,161000,user_26,623,,
10766,,110000,0,user_27,623,,
10767,,220000,0,user_28,623,,
10768,,160000,164000,user_28,623,,
10769,,240000,0,user_29,623,,
10770,,630000,0,user_29,623,,
10771,,160000,0,user_32,623,,
10772,,150000,0,user_32,623,,
10773,,670000,0,user_34,623,,
10774,,5000000,161000,user_35,623,,
10775,,6300000,0,user_36,623,,
10776,,120000,0,user_37,623,,
10777,,350000,68100,user_37,623,,
10778,,910000,959000,user_40,623,,
10779,,84000,64600,user_40,623,,
10780,,350000,0,user_41,623,,
10781,,73000,0,user_42,623,,
10782,,600000,0,user_43,623,,
10783,,260000,0,user_44,623,,
10784,,350000,0,user_45,623,,
10785,,82000,0,user_45,623,,
10786,,2600000,0,user_47,623,,
10787,,1100000,0,user_47,623,,
10788,,470000,0,user_47,623,,
10789,,1400000,0,user_47,623,,
10790,,310000,0,user_47,623,,
10791,,5200000,0,user_48,623,,
10792,,150000,381000,user_48,623,,
10793,,320000,0,user_49,623,,
10750,0,27000000,0,user_9,623,623,
10775,1,6300000,0,user_36,623,623,
10791,2,5200000,0,user_48,623,623,
10774,3,5000000,161000,user_35,623,623,
10794,4,0,0,builder_0,623,623,10774
10746,5,3600000,0,user_6,623,623,
10786,6,2600000,0,user_47,623,623,
10765,7,2400000,161000,user_26,623,623,
10795,8,0,0,builder_0,623,623,10765
10778,9,910000,959000,user_40,623,623,
10796,10,0,0,builder_0,623,623,10778
10797,11,0,0,builder_0,623,623,10755
10755,12,1800000,43600,user_11,623,623,
10753,13,1800000,0,user_10,623,623,
10789,14,1400000,0,user_47,623,623,
10787,15,1100000,0,user_47,623,623,
10751,16,630000,0,user_9,623,623,
10770,17,630000,0,user_29,623,623,
10782,18,600000,0,user_43,623,623,
10792,19,150000,381000,user_48,623,623,
10798,20,0,0,builder_0,623,623,10792
10788,21,470000,0,user_47,623,623,
10763,22,420000,12800,user_25,623,623,
10799,23,0,0,builder_0,623,623,10763
10760,24,420000,0,user_19,623,623,
10777,25,350000,68100,user_37,623,623,
10800,26,0,0,builder_0,623,623,10777
10780,27,350000,0,user_41,623,623,
10764,28,310000,14200,user_25,623,623,
10801,29,0,0,builder_0,623,623,10764
10802,30,0,0,builder_0,623,623,10768
10768,31,160000,164000,user_28,623,623,
10761,32,320000,0,user_20,623,623,
10793,33,320000,0,user_49,623,623,
10759,34,310000,0,user_18,623,623,
10790,35,310000,0,user_47,623,623,
10783,36,260000,0,user_44,623,623,
10769,37,240000,0,user_29,623,623,
10748,38,220000,0,user_8,623,623,
10767,39,220000,0,user_28,623,623,
10752,40,170000,0,user_10,623,623,
10771,41,160000,0,user_32,623,623,
10803,42,0,0,builder_0,623,623,10757
10757,43,83000,71800,user_13,623,623,
10749,44,150000,0,user_8,623,623,
10754,45,150000,0,user_11,623,623,
10772,46,150000,0,user_32,623,623,
10779,47,84000,64600,user_40,623,623,
10804,48,0,0,builder_0,623,623,10779
10747,49,120000,0,user_7,623,623,
10776,50,120000,0,user_37,623,623,
10766,51,110000,0,user_27,623,623,
10758,52,79000,0,user_16,623,623,
10781,53,73000,0,user_42,623,623,
10888,,1700000,0,user_0,624,,
10889,,460000,0,user_0,624,,
10890,,1000000,0,user_1,624,,
10891,,120000,0,user_2,624,,
10892,,85000,0,user_3,624,,
10893,,4200000,0,user_4,624,,
10894,,220000,19700,user_5,624,,
10895,,870000,0,user_5,624,,
10896,,80000,0,user_6,624,,
10897,,300000,0,user_8,624,,
10898,,150000,0,user_8,624,,
10899,,220000,0,user_9,624,,
10900,,27000000,0,user_10,624,,
10901,,160000,0,user_10,624,,
10902,,1400000,0,user_10,624,,
10903,,260000,0,user_10,624,,
10904,,120000,0,user_12,624,,
10905,,1100000,0,user_14,624,,
10906,,130000,0,user_14,624,,
10907,,110000,0,user_14,624,,
10908,,130000,108000,user_14,624,,
10909,,910000,0,user_14,624,,
10910,,220000,0,user_15,624,,
10911,,870000,0,user_16,624,,
10912,,3200000,12800,user_16,624,,
10913,,150000,0,user_18,624,,
10914,,79000,0,user_20,624,,
10915,,170000,0,user_20,624,,
10916,,2000000,0,user_21,624,,
10917,,1500000,164000,user_22,624,,
10918,,3600000,0,user_22,624,,
10919,,110000,0,user_23,624,,
10920,,2100000,0,user_24,624,,
10921,,460000,0,user_27,624,,
10922,,150000,0,user_29,624,,
10923,,150000,0,user_29,624,,
10924,,160000,0,user_31,624,,
10925,,85000,56200,user_31,624,,
10926,,79000,0,user_32,624,,
10927,,120000,35100,user_39,624,,
10928,,220000,0,user_39,624,,
10929,,260000,0,user_41,624,,
10930,,5000000,12800,user_42,624,,
10931,,2500000,0,user_42,624,,
10932,,110000,146000,user_44,624,,
10933,,150000,0,user_46,624,,
10934,,660000,36800,user_46,624,,
10935,,260000,0,user_47,624,,
10900,0,27000000,0,user_10,624,624,
10930,1,5000000,12800,user_42,624,624,
10893,2,4200000,0,user_4,624,624,
10918,3,3600000,0,user_22,624,624,
10912,4,3200000,12800,user_16,624,624,
10931,5,2500000,0,user_42,624,624,
10920,6,2100000,0,user_24,624,624,
10916,7,2000000,0,user_21,624,624,
10888,8,1700000,0,user_0,624,624,
10917,9,1500000,164000,user_22,624,624,
10902,10,1400000,0,user_10,624,624,
10905,11,1100000,0,user_14,624,624,
10890,12,1000000,0,user_1,624,624,
10909,13,910000,0,user_14,624,624,
10911,14,870000,0,user_16,624,624,
10934,15,660000,36800,user_46,624,624,
10889,16,460000,0,user_0,624,624,
10921,17,460000,0,user_27,624,624,
10897,18,300000,0,user_8,624,624,
10903,19,260000,0,user_10,624,624,
10929,20,260000,0,user_41,624,624,
10935,21,260000,0,user_47,624,624,
10899,22,220000,0,user_9,624,624,
10910,23,220000,0,user_15,624,624,
10928,24,220000,0,user_39,624,624,
10915,25,170000,0,user_20,624,624,
10901,26,160000,0,user_10,624,624,
10924,27,160000,0,user_31,624,624,
10898,28,150000,0,user_8,624,624,
10913,29,150000,0,user_18,624,624,
10922,30,150000,0,user_29,624,624,
10923,31,150000,0,user_29,624,624,
10933,32,150000,0,user_46,624,624,
10906,33,130000,0,user_14,624,624,
10908,34,130000,108000,user_14,624,624,
10891,35,120000,0,user_2,624,624,
10904,36,120000,0,user_12,624,624,
10927,37,120000,35100,user_39,624,624,
10907,38,110000,0,user_14,624,624,
10919,39,110000,0,user_23,624,624,
10932,40,110000,146000,user_44,624,624,
10925,41,85000,56200,user_31,624,624,
10896,42,80000,0,user_6,624,624,
10914,43,79000,0,user_20,624,624,
10999,,1300000,0,user_1,625,,
11000,,1100000,0,user_1,625,,
11001,,79000,0,user_2,625,,
11002,,2000000,0,user_2,625,,
11003,,670000,33300,user_2,625,,
11004,,73000,0,user_2,625,,
11005,,120000,0,user_2,625,,
11006,,150000,350000,user_3,625,,
11007,,870000,0,user_5,625,,
11008,,120000,0,user_5,625,,
11009,,910000,0,user_6,625,,
11010,,1900000,0,user_8,625,,
11011,,160000,0,user_8,625,,
11012,,120000,0,user_9,625,,
11013,,970000,0,user_10,625,,
11014,,3600000,0,user_10,625,,
11015,,150000,0,user_10,625,,
11016,,360000,0,user_12,625,,
11017,,1600000,0,user_12,625,,
11018,,1500000,46500,user_14,625,,
11019,,1600000,0,user_14,625,,
11020,,170000,0,user_16,625,,
11021,,1600000,0,user_17,625,,
11022,,310000,67500,user_18,625,,
11023,,1000000,0,user_19,625,,
11024,,79000,0,user_20,625,,
11025,,160000,0,user_20,625,,
11026,,1800000,0,user_21,625,,
11027,,870000,0,user_22,625,,
11028,,2500000,0,user_23,625,,
11029,,240000,0,user_24,625,,
11030,,3500000,0,user_26,625,,
11031,,460000,231000,user_27,625,,
11032,,120000,0,user_27,625,,
11033,,3200000,0,user_28,625,,
11034,,1700000,0,user_28,625,,
11035,,2500000,0,user_29,625,,
11036,,120000,0,user_30,625,,
11037,,83000,0,user_31,625,,
11038,,98000,0,user_32,625,,
11039,,1000000,0,user_32,625,,
11040,,460000,0,user_33,625,,
11041,,5000000,0,user_34,625,,
11042,,460000,0,user_35,625,,
11043,,360000,0,user_35,625,,
11044,,220000,0,user_36,625,,
11045,,1500000,0,user_37,625,,
11046,,83000,0,user_38,625,,
11047,,4500000,0,user_38,625,,
11048,,310000,0,user_39,625,,
11049,,530000,0,user_40,625,,
11050,,6100000,24700,user_41,625,,
11051,,1500000,0,user_43,625,,
11052,,1900000,0,user_44,625,,
11053,,1000000,0,user_46,625,,
11054,,460000,47700,user_46,625,,
11055,,260000,0,user_46,625,,
11056,,6100000,0,user_46,625,,
11057,,970000,0,user_48,625,,
11058,,870000,0,user_49,625,,
11082,0,0,0,builder_4,625,625,11050
11050,1,6100000,24700,user_41,625,625,
11056,2,6100000,0,user_46,625,625,
11041,3,5000000,0,user_34,625,625,
11047,4,4500000,0,user_38,625,625,
11014,5,3600000,0,user_10,625,625,
11030,6,3500000,0,user_26,625,625,
11033,7,3200000,0,user_28,625,625,
11028,8,2500000,0,user_23,625,625,
11035,9,2500000,0,user_29,625,625,
11002,10,2000000,0,user_2,625,625,
11010,11,1900000,0,user_8,625,625,
11052,12,1900000,0,user_44,625,625,
11026,13,1800000,0,user_21,625,625,
11034,14,1700000,0,user_28,625,625,
11017,15,1600000,0,user_12,625,625,
11019,16,1600000,0,user_14,625,625,
11021,17,1600000,0,user_17,625,625,
11083,18,0,0,builder_4,625,625,11018
11018,19,1500000,46500,user_14,625,625,
11045,20,1500000,0,user_37,625,625,
11051,21,1500000,0,user_43,625,625,
10999,22,1300000,0,user_1,625,625,
11000,23,1100000,0,user_1,625,625,
11023,24,1000000,0,user_19,625,625,
11039,25,1000000,0,user_32,625,625,
11053,26,1000000,0,user_46,625,625,
11013,27,970000,0,user_10,625,625,
11057,28,970000,0,user_48,625,625,
11009,29,910000,0,user_6,625,625,
11027,30,870000,0,user_22,625,625,
11058,31,870000,0,user_49,625,625,
11084,32,0,0,builder_4,625,625,11003
11003,33,670000,33300,user_2,625,625,
11085,34,0,0,builder_4,625,625,11031
11031,35,460000,231000,user_27,625,625,
11049,36,530000,0,user_40,625,625,
11086,37,0,0,builder_4,625,625,11054
11054,38,460000,47700,user_46,625,625,
11006,39,150000,350000,user_3,625,625,
11087,40,0,0,builder_4,625,625,11006
11040,41,460000,0,user_33,625,625,
11042,42,460000,0,user_35,625,625,
11088,43,0,0,builder_4,625,625,11022
11022,44,310000,67500,user_18,625,625,
11016,45,360000,0,user_12,625,625,
11043,46,360000,0,user_35,625,625,
11055,47,260000,0,user_46,625,625,
11029,48,240000,0,user_24,625,625,
11044,49,220000,0,user_36,625,625,
11020,50,170000,0,user_16,625,625,
11011,51,160000,0,user_8,625,625,
11025,52,160000,0,user_20,625,625,
11015,53,150000,0,user_10,625,625,
11005,54,120000,0,user_2,625,625,
11012,55,120000,0,user_9,625,625,
11032,56,120000,0,user_27,625,625,
11036,57,120000,0,user_30,625,625,
11038,58,98000,0,user_32,625,625,
11037,59,83000,0,user_31,625,625,
11046,60,83000,0,user_38,625,625,
11001,61,79000,0,user_2,625,625,
11024,62,79000,0,user_20,625,625,
11004,63,73000,0,user_2,625,625,
11109,,3500000,0,user_0,626,,
11110,,30000000,0,user_1,626,,
11111,,150000,0,user_2,626,,
11112,,43000000,0,user_3,626,,
11113,,3600000,0,user_3,626,,
11114,,1800000,381000,user_4,626,,
11115,,2400000,14200,user_6,626,,
11116,,1500000,0,user_7,626,,
11117,,110000,0,user_7,626,,
11118,,1000000,0,user_9,626,,
11119,,150000,0,user_9,626,,
11120,,910000,0,user_9,626,,
11121,,6100000,0,user_9,626,,
11122,,420000,0,user_9,626,,
11123,,84000,0,user_10,626,,
11124,,260000,0,user_12,626,,
11125,,110000,0,user_13,626,,
11126,,310000,0,user_16,626,,
11127,,1200000,0,user_17,626,,
11128,,98000,0,user_17,626,,
11129,,420000,0,user_19,626,,
11130,,340000,0,user_20,626,,
11131,,2600000,0,user_21,626,,
11132,,98000,0,user_22,626,,
11133,,170000,0,user_24,626,,
11134,,150000,0,user_25,626,,
11135,,19000000,16400,user_25,626,,
11136,,83000,0,user_27,626,,
11137,,170000,0,user_27,626,,
11138,,120000,0,user_28,626,,
11139,,870000,0,user_30,626,,
11140,,370000,0,user_31,626,,
11141,,110000,0,user_32,626,,
11142,,460000,0,user_32,626,,
11143,,2000000,0,user_32,626,,
11144,,310000,0,user_33,626,,
11145,,80000,0,user_34,626,,
11146,,970000,0,user_34,626,,
11147,,260000,0,user_34,626,,
11148,,160000,0,user_34,626,,
11149,,220000,0,user_37,626,,
11150,,84000,0,user_38,626,,
11151,,1400000,17700000,user_38,626,,
11152,,1300000,164000,user_38,626,,
11153,,1900000,0,user_38,626,,
11154,,170000,0,user_38,626,,
11155,,910000,0,user_40,626,,
11156,,310000,0,user_41,626,,
11157,,80000,0,user_41,626,,
11158,,220000,43600,user_44,626,,
11159,,370000,0,user_45,626,,
11160,,970000,0,user_46,626,,
11161,,220000,0,user_48,626,,
11162,,530000,0,user_48,626,,
11163,,2000000,0,user_48,626,,
11164,,3600000,0,user_48,626,,
11112,0,43000000,0,user_3,626,626,
11110,1,30000000,0,user_1,626,626,
11151,2,1400000,17700000,user_38,626,626,
11182,3,0,0,builder_4,626,626,11151
11183,4,0,0,builder_4,626,626,11135
11135,5,19000000,16400,user_25,626,626,
11121,6,6100000,0,user_9,626,626,
11113,7,3600000,0,user_3,626,626,
11164,8,3600000,0,user_48,626,626,
11109,9,3500000,0,user_0,626,626,
11131,10,2600000,0,user_21,626,626,
11115,11,2400000,14200,user_6,626,626,
11184,12,0,0,builder_4,626,626,11115
11114,13,1800000,381000,user_4,626,626,
11185,14,0,0,builder_4,626,626,11114
11143,15,2000000,0,user_32,626,626,
11163,16,2000000,0,user_48,626,626,
11153,17,1900000,0,user_38,626,626,
11186,18,0,0,builder_4,626,626,11152
11152,19,1300000,164000,user_38,626,626,
11127,20,1200000,0,user_17,626,626,
11118,21,1000000,0,user_9,626,626,
11146,22,970000,0,user_34,626,626,
11160,23,970000,0,user_46,626,626,
11120,24,910000,0,user_9,626,626,
11155,25,910000,0,user_40,626,626,
11139,26,870000,0,user_30,626,626,
11162,27,530000,0,user_48,626,626,
11142,28,460000,0,user_32,626,626,
11122,29,420000,0,user_9,626,626,
11129,30,420000,0,user_19,626,626,
11140,31,370000,0,user_31,626,626,
11159,32,370000,0,user_45,626,626,
11130,33,340000,0,user_20,626,626,
11126,34,310000,0,user_16,626,626,
11144,35,310000,0,user_33,626,626,
11156,36,310000,0,user_41,626,626,
11158,37,220000,43600,user_44,626,626,
11187,38,0,0,builder_4,626,626,11158
11124,39,260000,0,user_12,626,626,
11147,40,260000,0,user_34,626,626,
11149,41,220000,0,user_37,626,626,
11161,42,220000,0,user_48,626,626,
11133,43,170000,0,user_24,626,626,
11137,44,170000,0,user_27,626,626,
11154,45,170000,0,user_38,626,626,
11148,46,160000,0,user_34,626,626,
11111,47,150000,0,user_2,626,626,
11119,48,150000,0,user_9,626,626,
11134,49,150000,0,user_25,626,626,
11138,50,120000,0,user_28,626,626,
11125,51,110000,0,user_13,626,626,
11141,52,110000,0,user_32,626,626,
11128,53,98000,0,user_17,626,626,
11132,54,98000,0,user_22,626,626,
11123,55,84000,0,user_10,626,626,
11150,56,84000,0,user_38,626,626,
11136,57,83000,0,user_27,626,626,
11145,58,80000,0,user_34,626,626,
11157,59,80000,0,user_41,626,626,
11208,,320000,0,user_2,627,,
11209,,87000,0,user_3,627,,
11210,,4200000,0,user_6,627,,
11211,,5000000,0,user_11,627,,
11212,,1000000,0,user_12,627,,
11213,,2500000,0,user_13,627,,
11214,,2300000,66100,user_13,627,,
11215,,160000,0,user_13,627,,
11216,,27000000,0,user_13,627,,
11217,,300000,0,user_14,627,,
11218,,160000,0,user_16,627,,
11219,,19000000,779000,user_17,627,,
11220,,630000,0,user_17,627,,
11221,,310000,0,user_20,627,,
11222,,310000,0,user_21,627,,
11223,,170000,0,user_22,627,,
11224,,3200000,0,user_25,627,,
11225,,110000,0,user_27,627,,
11226,,1600000,0,user_27,627,,
11227,,220000,0,user_28,627,,
11228,,84000,0,user_28,627,,
11229,,870000,0,user_31,627,,
11230,,3200000,0,user_31,627,,
11231,,1100000,0,user_33,627,,
11232,,1000000,0,user_33,627,,
11233,,260000,0,user_34,627,,
11234,,220000,0,user_35,627,,
11235,,1400000,0,user_36,627,,
11236,,1000000,0,user_36,627,,
11237,,83000,0,user_39,627,,
11238,,120000,0,user_39,627,,
11239,,4500000,0,user_40,627,,
11240,,2100000,0,user_40,627,,
11241,,1900000,60700,user_40,627,,
11242,,1000000,0,user_40,627,,
11243,,110000,0,user_40,627,,
11244,,150000,0,user_41,627,,
11245,,150000,0,user_43,627,,
11246,,73000,0,user_44,627,,
11247,,970000,0,user_44,627,,
11248,,470000,67900,user_44,627,,
11249,,220000,0,user_44,627,,
11250,,2100000,31700,user_46,627,,
11251,,1000000,0,user_47,627,,
11252,,2400000,0,user_47,627,,
11253,,600000,0,user_48,627,,
11254,,1000000,0,user_49,627,,
11255,,27000000,0,user_49,627,,
11216,0,27000000,0,user_13,627,627,
11255,1,27000000,0,user_49,627,627,
11219,2,19000000,779000,user_17,627,627,
11211,3,5000000,0,user_11,627,627,
11239,4,4500000,0,user_40,627,627,
11210,5,4200000,0,user_6,627,627,
11224,6,3200000,0,user_25,627,627,
11230,7,3200000,0,user_31,627,627,
11213,8,2500000,0,user_13,627,627,
11252,9,2400000,0,user_47,627,627,
11214,10,2300000,66100,user_13,627,627,
11240,11,2100000,0,user_40,627,627,
11250,12,2100000,31700,user_46,627,627,
11241,13,1900000,60700,user_40,627,627,
11226,14,1600000,0,user_27,627,627,
11235,15,1400000,0,user_36,627,627,
11231,16,1100000,0,user_33,627,627,
11212,17,1000000,0,user_12,627,627,
11232,18,1000000,0,user_33,627,627,
11236,19,1000000,0,user_36,627,627,
11242,20,1000000,0,user_40,627,627,
11251,21,1000000,0,user_47,627,627,
11254,22,1000000,0,user_49,627,627,
11247,23,970000,0,user_44,627,627,
11229,24,870000,0,user_31,627,627,
11220,25,630000,0,user_17,627,627,
11248,26,470000,67900,user_44,627,627,
11208,27,320000,0,user_2,627,627,
11221,28,310000,0,user_20,627,627,
11222,29,310000,0,user_21,627,627,
11233,30,260000,0,user_34,627,627,
11234,31,220000,0,user_35,627,627,
11249,32,220000,0,user_44,627,627,
11223,33,170000,0,user_22,627,627,
11215,34,160000,0,user_13,627,627,
11218,35,160000,0,user_16,627,627,
11244,36,150000,0,user_41,627,627,
11245,37,150000,0,user_43,627,627,
11238,38,120000,0,user_39,627,627,
11225,39,110000,0,user_27,627,627,
11243,40,110000,0,user_40,627,627,
11209,41,87000,0,user_3,627,627,
11237,42,83000,0,user_39,627,627,
11246,43,73000,0,user_44,627,627,
11289,,170000,0,user_0,628,,
11290,,160000,0,user_0,628,,
11291,,160000,128000,user_0,628,,
11292,,5000000,19700,user_1,628,,
11293,,460000,0,user_3,628,,
11294,,87000,0,user_4,628,,
11295,,87000,0,user_5,628,,
11296,,260000,381000,user_5,628,,
11297,,83000,0,user_5,628,,
11298,,350000,0,user_7,628,,
11299,,130000,0,user_10,628,,
11300,,120000,0,user_10,628,,
11301,,6100000,0,user_11,628,,
11302,,84000,0,user_12,628,,
11303,,670000,369000,user_13,628,,
11304,,2000000,1100000,user_13,628,,
11305,,43000000,0,user_13,628,,
11306,,120000,0,user_13,628,,
11307,,110000,128000,user_14,628,,
11308,,1000000,30200,user_15,628,,
11309,,73000,0,user_16,628,,
11310,,110000,16400,user_18,628,,
11311,,2600000,0,user_20,628,,
11312,,1700000,66100,user_23,628,,
11313,,360000,0,user_24,628,,
11314,,1100000,0,user_25,628,,
11315,,2300000,0,user_25,628,,
11316,,1900000,0,user_26,628,,
11317,,370000,0,user_31,628,,
11318,,160000,0,user_31,628,,
11319,,260000,0,user_33,628,,
11320,,98000,545000,user_34,628,,
11321,,1600000,36800,user_35,628,,
11322,,2000000,0,user_36,628,,
11323,,120000,0,user_38,628,,
11324,,1500000,410000,user_38,628,,
11325,,79000,0,user_38,628,,
11326,,4200000,0,user_39,628,,
11327,,120000,16400,user_39,628,,
11328,,660000,3130,user_40,628,,
11329,,360000,959000,user_43,628,,
11330,,87000,0,user_44,628,,
11331,,150000,32900,user_45,628,,
11332,,19000000,0,user_46,628,,
11333,,220000,0,user_47,628,,
11334,,70000,0,user_47,628,,
11335,,110000,0,user_47,628,,
11336,,1800000,71800,user_48,628,,
11337,,2000000,0,user_49,628,,
11305,0,43000000,0,user_13,628,628,
11332,1,19000000,0,user_46,628,628,
11301,2,6100000,0,user_11,628,628,
11292,3,5000000,19700,user_1,628,628,
11326,4,4200000,0,user_39,628,628,
11311,5,2600000,0,user_20,628,628,
11315,6,2300000,0,user_25,628,628,
11304,7,2000000,1100000,user_13,628,628,
11322,8,2000000,0,user_36,628,628,
11337,9,2000000,0,user_49,628,628,
11316,10,1900000,0,user_26,628,628,
11312,11,1700000,66100,user_23,628,628,
11321,12,1600000,36800,user_35,628,628,
11314,13,1100000,0,user_25,628,628,
11308,14,1000000,30200,user_15,628,628,
11303,15,670000,369000,user_13,628,628,
11328,16,660000,3130,user_40,628,628,
11293,17,460000,0,user_3,628,628,
11317,18,370000,0,user_31,628,628,
11329,19,360000,959000,user_43,628,628,
11298,20,350000,0,user_7,628,628,
11296,21,260000,381000,user_5,628,628,
11319,22,260000,0,user_33,628,628,
11333,23,220000,0,user_47,628,628,
11289,24,170000,0,user_0,628,628,
11290,25,160000,0,user_0,628,628,
11291,26,160000,128000,user_0,628,628,
11318,27,160000,0,user_31,628,628,
11331,28,150000,32900,user_45,628,628,
11299,29,130000,0,user_10,628,628,
11300,30,120000,0,user_10,628,628,
11306,31,120000,0,user_13,628,628,
11327,32,120000,16400,user_39,628,628,
11310,33,110000,16400,user_18,628,628,
11335,34,110000,0,user_47,628,628,
11320,35,98000,545000,user_34,628,628,
11294,36,87000,0,user_4,628,628,
11295,37,87000,0,user_5,628,628,
11330,38,87000,0,user_44,628,628,
11302,39,84000,0,user_12,628,628,
11297,40,83000,0,user_5,628,628,
11309,41,73000,0,user_16,628,628,
11334,42,70000,0,user_47,628,628,
11457,,2000000,0,user_0,629,,
11458,,120000,0,user_1,629,,
11459,,1500000,0,user_2,629,,
11460,,150000,0,user_2,629,,
11461,,2000000,0,user_3,629,,
11462,,120000,0,user_3,629,,
11463,,530000,0,user_4,629,,
11464,,1900000,0,user_7,629,,
11465,,150000,0,user_8,629,,
11466,,150000,0,user_10,629,,
11467,,4200000,0,user_11,629,,
11468,,4200000,0,user_12,629,,
11469,,160000,0,user_12,629,,
11470,,670000,0,user_13,629,,
11471,,5000000,0,user_14,629,,
11472,,79000,0,user_15,629,,
11473,,340000,0,user_19,629,,
11474,,70000,0,user_20,629,,
11475,,79000,0,user_21,629,,
11476,,110000,0,user_22,629,,
11477,,4200000,350000,user_23,629,,
11478,,460000,0,user_23,629,,
11479,,1900000,0,user_23,629,,
11480,,110000,0,user_24,629,,
11481,,310000,0,user_25,629,,
11482,,110000,0,user_25,629,,
11483,,6100000,146000,user_25,629,,
11484,,420000,0,user_25,629,,
11485,,110000,0,user_26,629,,
11486,,650000,0,user_27,629,,
11487,,1700000,0,user_27,629,,
11488,,70000,0,user_32,629,,
11489,,160000,0,user_34,629,,
11490,,1500000,0,user_34,629,,
11491,,27000000,0,user_35,629,,
11492,,110000,0,user_36,629,,
11493,,3500000,13800,user_37,629,,
11494,,1400000,0,user_38,629,,
11495,,5000000,0,user_39,629,,
11496,,360000,0,user_40,629,,
11497,,70000,0,user_41,629,,
11498,,970000,73100,user_41,629,,
11499,,110000,0,user_43,629,,
11500,,27000000,67900,user_44,629,,
11501,,160000,7840,user_46,629,,
11502,,1100000,0,user_47,629,,
11503,,220000,0,user_49,629,,
11504,,4500000,0,user_49,629,,
11491,0,27000000,0,user_35,629,629,
11500,1,27000000,67900,user_44,629,629,
11483,2,6100000,146000,user_25,629,629,
11471,3,5000000,0,user_14,629,629,
11495,4,5000000,0,user_39,629,629,
11504,5,4500000,0,user_49,629,629,
11467,6,4200000,0,user_11,629,629,
11468,7,4200000,0,user_12,629,629,
11477,8,4200000,350000,user_23,629,629,
11493,9,3500000,13800,user_37,629,629,
11457,10,2000000,0,user_0,629,629,
11461,11,2000000,0,user_3,629,629,
11464,12,1900000,0,user_7,629,629,
11479,13,1900000,0,user_23,629,629,
11459,14,1500000,0,user_2,629,629,
11490,15,1500000,0,user_34,629,629,
11502,16,1100000,0,user_47,629,629,
11498,17,970000,73100,user_41,629,629,
11470,18,670000,0,user_13,629,629,
11463,19,530000,0,user_4,629,629,
11478,20,460000,0,user_23,629,629,
11484,21,420000,0,user_25,629,629,
11496,22,360000,0,user_40,629,629,
11473,23,340000,0,user_19,629,629,
11481,24,310000,0,user_25,629,629,
11503,25,220000,0,user_49,629,629,
11469,26,160000,0,user_12,629,629,
11489,27,160000,0,user_34,629,629,
11501,28,160000,7840,user_46,629,629,
11460,29,150000,0,user_2,629,629,
11465,30,150000,0,user_8,629,629,
11458,31,120000,0,user_1,629,629,
11462,32,120000,0,user_3,629,629,
11476,33,110000,0,user_22,629,629,
11480,34,110000,0,user_24,629,629,
11482,35,110000,0,user_25,629,629,
11485,36,110000,0,user_26,629,629,
11499,37,110000,0,user_43,629,629,
11472,38,79000,0,user_15,629,629,
11475,39,79000,0,user_21,629,629,
11474,40,70000,0,user_20,629,629,
11488,41,70000,0,user_32,629,629,
11497,42,70000,0,user_41,629,629,
11548,,150000,0,user_2,630,,
11549,,170000,0,user_3,630,,
11550,,1500000,5640,user_3,630,,
11551,,79000,0,user_3,630,,
11552,,870000,0,user_4,630,,
11553,,3600000,0,user_6,630,,
11554,,84000,0,user_9,630,,
11555,,470000,0,user_10,630,,
11556,,1400000,0,user_11,630,,
11557,,5000000,0,user_11,630,,
11558,,1900000,0,user_11,630,,
11559,,260000,0,user_11,630,,
11560,,350000,0,user_12,630,,
11561,,970000,11200,user_12,630,,
11562,,160000,49100,user_13,630,,
11563,,1400000,0,user_13,630,,
11564,,310000,0,user_14,630,,
11565,,2000000,0,user_15,630,,
11566,,1700000,0,user_15,630,,
11567,,160000,0,user_15,630,,
11568,,4500000,15300,user_15,630,,
11569,,420000,23500,user_16,630,,
11570,,1900000,0,user_17,630,,
11571,,77000,0,user_17,630,,
11572,,2300000,0,user_17,630,,
11573,,1600000,0,user_19,630,,
11574,,2400000,0,user_19,630,,
11575,,84000,0,user_20,630,,
11576,,630000,0,user_22,630,,
11577,,1600000,0,user_23,630,,
11578,,85000,0,user_24,630,,
11579,,120000,0,user_26,630,,
11580,,120000,0,user_26,630,,
11581,,87000,0,user_26,630,,
11582,,130000,39400,user_26,630,,
11583,,4200000,0,user_26,630,,
11584,,1000000,49100,user_27,630,,
11585,,1400000,0,user_27,630,,
11586,,460000,0,user_28,630,,
11587,,1000000,17000,user_28,630,,
11588,,2500000,0,user_31,630,,
11589,,19000000,100000,user_31,630,,
11590,,420000,0,user_31,630,,
11591,,2500000,0,user_32,630,,
11592,,320000,0,user_33,630,,
11593,,460000,0,user_33,630,,
11594,,420000,0,user_35,630,,
11595,,170000,12300,user_36,630,,
11596,,70000,350000,user_38,630,,
11597,,2400000,0,user_39,630,,
11598,,82000,0,user_39,630,,
11599,,70000,0,user_41,630,,
11600,,460000,0,user_42,630,,
11601,,5000000,215000,user_45,630,,
11602,,420000,0,user_47,630,,
11589,0,19000000,100000,user_31,630,630,
11557,1,5000000,0,user_11,630,630,
11601,2,5000000,215000,user_45,630,630,
11568,3,4500000,15300,user_15,630,630,
11583,4,4200000,0,user_26,630,630,
11553,5,3600000,0,user_6,630,630,
11588,6,2500000,0,user_31,630,630,
11591,7,2500000,0,user_32,630,630,
11574,8,2400000,0,user_19,630,630,
11597,9,2400000,0,user_39,630,630,
11572,10,2300000,0,user_17,630,630,
11565,11,2000000,0,user_15,630,630,
11558,12,1900000,0,user_11,630,630,
11570,13,1900000,0,user_17,630,630,
11566,14,1700000,0,user_15,630,630,
11573,15,1600000,0,user_19,630,630,
11550,16,1500000,5640,user_3,630,630,
11556,17,1400000,0,user_11,630,630,
11563,18,1400000,0,user_13,630,630,
11585,19,1400000,0,user_27,630,630,
11584,20,1000000,49100,user_27,630,630,
11587,21,1000000,17000,user_28,630,630,
11561,22,970000,11200,user_12,630,630,
11552,23,870000,0,user_4,630,630,
11555,24,470000,0,user_10,630,630,
11586,25,460000,0,user_28,630,630,
11593,26,460000,0,user_33,630,630,
11600,27,460000,0,user_42,630,630,
11569,28,420000,23500,user_16,630,630,
11590,29,420000,0,user_31,630,630,
11594,30,420000,0,user_35,630,630,
11602,31,420000,0,user_47,630,630,
11560,32,350000,0,user_12,630,630,
11592,33,320000,0,user_33,630,630,
11559,34,260000,0,user_11,630,630,
11549,35,170000,0,user_3,630,630,
11562,36,160000,49100,user_13,630,630,
11567,37,160000,0,user_15,630,630,
11548,38,150000,0,user_2,630,630,
11582,39,130000,39400,user_26,630,630,
11579,40,120000,0,user_26,630,630,
11580,41,120000,0,user_26,630,630,
11581,42,87000,0,user_26,630,630,
11578,43,85000,0,user_24,630,630,
11554,44,84000,0,user_9,630,630,
11575,45,84000,0,user_20,630,630,
11598,46,82000,0,user_39,630,630,
11551,47,79000,0,user_3,630,630,
11571,48,77000,0,user_17,630,630,
11596,49,70000,350000,user_38,630,630,
11599,50,70000,0,user_41,630,630,
11691,,110000,0,user_0,631,,
11692,,2000000,0,user_1,631,,
11693,,1100000,0,user_2,631,,
11694,,310000,0,user_3,631,,
11695,,1600000,0,user_4,631,,
11696,,77000,0,user_5,631,,
11697,,3600000,0,user_7,631,,
11698,,1600000,0,user_7,631,,
11699,,110000,0,user_8,631,,
11700,,77000,0,user_9,631,,
11701,,3200000,0,user_10,631,,
11702,,460000,71800,user_10,631,,
11703,,1200000,0,user_12,631,,
11704,,1600000,0,user_13,631,,
11705,,1400000,0,user_14,631,,
11706,,5000000,0,user_17,631,,
11707,,1400000,0,user_18,631,,
11708,,2000000,128000,user_20,631,,
11709,,660000,0,user_20,631,,
11710,,1900000,0,user_24,631,,
11711,,1700000,12300,user_26,631,,
11712,,530000,0,user_27,631,,
11713,,110000,11200,user_29,631,,
11714,,260000,60700,user_30,631,,
11715,,1500000,0,user_30,631,,
11716,,110000,0,user_30,631,,
11717,,6100000,231000,user_31,631,,
11718,,530000,0,user_32,631,,
11719,,420000,0,user_33,631,,
11720,,73000,0,user_33,631,,
11721,,5000000,0,user_34,631,,
11722,,350000,0,user_37,631,,
11723,,2000000,0,user_38,631,,
11724,,80000,0,user_39,631,,
11725,,260000,0,user_39,631,,
11726,,300000,0,user_40,631,,
11727,,110000,285000,user_40,631,,
11728,,190000,0,user_42,631,,
11729,,460000,0,user_43,631,,
11730,,2600000,0,user_43,631,,
11731,,150000,15300,user_43,631,,
11732,,170000,0,user_44,631,,
11733,,19000000,0,user_45,631,,
11734,,2000000,0,user_45,631,,
11735,,340000,49100,user_46,631,,
11736,,82000,17700000,user_47,631,,
11737,,1100000,39400,user_48,631,,
11738,,670000,0,user_49,631,,
11733,0,19000000,0,user_45,631,631,
11717,1,6100000,231000,user_31,631,631,
11706,2,5000000,0,user_17,631,631,
11721,3,5000000,0,user_34,631,631,
11697,4,3600000,0,user_7,631,631,
11701,5,3200000,0,user_10,631,631,
11730,6,2600000,0,user_43,631,631,
11692,7,2000000,0,user_1,631,631,
11708,8,2000000,128000,user_20,631,631,
11723,9,2000000,0,user_38,631,631,
11734,10,2000000,0,user_45,631,631,
11710,11,1900000,0,user_24,631,631,
11711,12,1700000,12300,user_26,631,631,
11695,13,1600000,0,user_4,631,631,
11698,14,1600000,0,user_7,631,631,
11704,15,1600000,0,user_13,631,631,
11715,16,1500000,0,user_30,631,631,
11705,17,1400000,0,user_14,631,631,
11707,18,1400000,0,user_18,631,631,
11703,19,1200000,0,user_12,631,631,
11693,20,1100000,0,user_2,631,631,
11737,21,1100000,39400,user_48,631,631,
11709,22,660000,0,user_20,631,631,
11712,23,530000,0,user_27,631,631,
11702,24,460000,71800,user_10,631,631,
11729,25,460000,0,user_43,631,631,
11735,26,340000,49100,user_46,631,631,
11726,27,300000,0,user_40,631,631,
11714,28,260000,60700,user_30,631,631,
11725,29,260000,0,user_39,631,631,
11728,30,190000,0,user_42,631,631,
11732,31,170000,0,user_44,631,631,
11731,32,150000,15300,user_43,631,631,
11691,33,110000,0,user_0,631,631,
11699,34,110000,0,user_8,631,631,
11713,35,110000,11200,user_29,631,631,
11716,36,110000,0,user_30,631,631,
11727,37,110000,285000,user_40,631,631,
11736,38,82000,17700000,user_47,631,631,
11724,39,80000,0,user_39,631,631,
11700,40,77000,0,user_9,631,631,
11813,,1500000,0,user_0,632,,
11814,,150000,0,user_1,632,,
11815,,370000,4320000,user_2,632,,
11816,,2300000,0,user_2,632,,
11817,,600000,0,user_2,632,,
11818,,110000,0,user_2,632,,
11819,,43000000,0,user_2,632,,
11820,,1000000,0,user_3,632,,
11821,,30000000,0,user_4,632,,
11822,,240000,0,user_5,632,,
11823,,630000,0,user_5,632,,
11824,,1500000,0,user_6,632,,
11825,,110000,0,user_7,632,,
11826,,220000,0,user_7,632,,
11827,,110000,285000,user_8,632,,
11828,,360000,0,user_8,632,,
11829,,910000,0,user_11,632,,
11830,,2400000,0,user_12,632,,
11831,,460000,0,user_12,632,,
11832,,870000,67500,user_13,632,,
11833,,2000000,0,user_14,632,,
11834,,87000,0,user_15,632,,
11835,,87000,33300,user_17,632,,
11836,,100000,0,user_17,632,,
11837,,190000,0,user_18,632,,
11838,,150000,0,user_19,632,,
11839,,82000,0,user_19,632,,
11840,,84000,30200,user_20,632,,
11841,,170000,0,user_21,632,,
11842,,3600000,0,user_22,632,,
11843,,150000,0,user_23,632,,
11844,,220000,0,user_23,632,,
11845,,650000,0,user_23,632,,
11846,,190000,0,user_23,632,,
11847,,340000,0,user_25,632,,
11848,,1100000,231000,user_26,632,,
11849,,170000,181000,user_27,632,,
11850,,1200000,0,user_29,632,,
11851,,120000,0,user_30,632,,
11852,,320000,0,user_30,632,,
11853,,300000,0,user_31,632,,
11854,,70000,39400,user_31,632,,
11855,,190000,0,user_32,632,,
11856,,85000,0,user_32,632,,
11857,,1100000,0,user_33,632,,
11858,,220000,0,user_34,632,,
11859,,120000,21800,user_35,632,,
11860,,240000,0,user_35,632,,
11861,,170000,0,user_35,632,,
11862,,77000,0,user_36,632,,
11863,,320000,769000,user_36,632,,
11864,,110000,0,user_36,632,,
11865,,340000,0,user_36,632,,
11866,,1400000,0,user_36,632,,
11867,,310000,0,user_37,632,,
11868,,600000,0,user_38,632,,
11869,,870000,0,user_38,632,,
11870,,19000000,0,user_40,632,,
11871,,19000000,0,user_41,632,,
11872,,83000,0,user_42,632,,
11873,,120000,0,user_43,632,,
11874,,460000,121000,user_43,632,,
11875,,2000000,0,user_46,632,,
11876,,1500000,0,user_46,632,,
11877,,240000,0,user_46,632,,
11878,,73000,0,user_47,632,,
11819,0,43000000,0,user_2,632,632,
11821,1,30000000,0,user_4,632,632,
11870,2,19000000,0,user_40,632,632,
11871,3,19000000,0,user_41,632,632,
11914,4,0,0,builder_4,632,632,11815
11815,5,370000,4320000,user_2,632,632,
11842,6,3600000,0,user_22,632,632,
11830,7,2400000,0,user_12,632,632,
11816,8,2300000,0,user_2,632,632,
11833,9,2000000,0,user_14,632,632,
11875,10,2000000,0,user_46,632,632,
11813,11,1500000,0,user_0,632,632,
11824,12,1500000,0,user_6,632,632,
11876,13,1500000,0,user_46,632,632,
11866,14,1400000,0,user_36,632,632,
11915,15,0,0,builder_4,632,632,11848
11848,16,1100000,231000,user_26,632,632,
11850,17,1200000,0,user_29,632,632,
11857,18,1100000,0,user_33,632,632,
11863,19,320000,769000,user_36,632,632,
11916,20,0,0,builder_4,632,632,11863
11820,21,1000000,0,user_3,632,632,
11832,22,870000,67500,user_13,632,632,
11917,23,0,0,builder_4,632,632,11832
11829,24,910000,0,user_11,632,632,
11869,25,870000,0,user_38,632,632,
11845,26,650000,0,user_23,632,632,
11817,27,600000,0,user_2,632,632,
11868,28,600000,0,user_38,632,632,
11918,29,0,0,builder_4,632,632,11874
11874,30,460000,121000,user_43,632,632,
11831,31,460000,0,user_12,632,632,
11919,32,0,0,builder_4,632,632,11827
11827,33,110000,285000,user_8,632,632,
11828,34,360000,0,user_8,632,632,
11920,35,0,0,builder_4,632,632,11849
11849,36,170000,181000,user_27,632,632,
11847,37,340000,0,user_25,632,632,
11865,38,340000,0,user_36,632,632,
11852,39,320000,0,user_30,632,632,
11867,40,310000,0,user_37,632,632,
11853,41,300000,0,user_31,632,632,
11860,42,240000,0,user_35,632,632,
11877,43,240000,0,user_46,632,632,
11844,44,220000,0,user_23,632,632,
11858,45,220000,0,user_34,632,632,
11837,46,190000,0,user_18,632,632,
11846,47,190000,0,user_23,632,632,
11855,48,190000,0,user_32,632,632,
11841,49,170000,0,user_21,632,632,
11861,50,170000,0,user_35,632,632,
11814,51,150000,0,user_1,632,632,
11838,52,150000,0,user_19,632,632,
11843,53,150000,0,user_23,632,632,
11859,54,120000,21800,user_35,632,632,
11921,55,0,0,builder_4,632,632,11859
11835,56,87000,33300,user_17,632,632,
11922,57,0,0,builder_4,632,632,11835
11851,58,120000,0,user_30,632,632,
11873,59,120000,0,user_43,632,632,
11923,60,0,0,builder_4,632,632,11840
11840,61,84000,30200,user_20,632,632,
11818,62,110000,0,user_2,632,632,
11864,63,110000,0,user_36,632,632,
11924,64,0,0,builder_4,632,632,11854
11854,65,70000,39400,user_31,632,632,
11836,66,100000,0,user_17,632,632,
11856,67,85000,0,user_32,632,632,
11872,68,83000,0,user_42,632,632,
11839,69,82000,0,user_19,632,632,
11862,70,77000,0,user_36,632,632,
11955,,98000,0,user_0,633,,
11956,,1100000,0,user_1,633,,
11957,,1600000,0,user_2,633,,
11958,,970000,10700,user_2,633,,
11959,,4200000,0,user_3,633,,
11960,,1100000,0,user_4,633,,
11961,,600000,0,user_4,633,,
11962,,120000,0,user_4,633,,
11963,,6300000,0,user_4,633,,
11964,,79000,68100,user_4,633,,
11965,,130000,0,user_5,633,,
11966,,150000,0,user_7,633,,
11967,,5000000,0,user_8,633,,
11968,,420000,0,user_9,633,,
11969,,43000000,0,user_13,633,,
11970,,70000,0,user_13,633,,
11971,,1500000,0,user_13,633,,
11972,,1600000,0,user_17,633,,
11973,,1100000,0,user_17,633,,
11974,,370000,0,user_17,633,,
11975,,2100000,0,user_17,633,,
11976,,2000000,0,user_17,633,,
11977,,98000,128000,user_18,633,,
11978,,1100000,0,user_21,633,,
11979,,220000,0,user_22,633,,
11980,,350000,5630,user_22,633,,
11981,,160000,0,user_22,633,,
11982,,2000000,0,user_23,633,,
11983,,2600000,0,user_23,633,,
11984,,370000,0,user_25,633,,
11985,,19000000,0,user_27,633,,
11986,,170000,0,user_29,633,,
11987,,79000,161000,user_30,633,,
11988,,27000000,0,user_31,633,,
11989,,370000,0,user_32,633,,
11990,,260000,5640,user_33,633,,
11991,,1500000,0,user_33,633,,
11992,,110000,0,user_34,633,,
11993,,85000,0,user_34,633,,
11994,,460000,0,user_35,633,,
11995,,150000,0,user_36,633,,
11996,,87000,0,user_37,633,,
11997,,310000,47700,user_38,633,,
11998,,190000,369000,user_39,633,,
11999,,300000,0,user_41,633,,
12000,,80000,12300,user_42,633,,
12001,,73000,0,user_43,633,,
12002,,110000,0,user_44,633,,
12003,,340000,7840,user_45,633,,
12004,,1600000,0,user_46,633,,
12005,,1600000,0,user_46,633,,
12006,,110000,0,user_47,633,,
12007,,3200000,121000,user_47,633,,
12008,,530000,0,user_48,633,,
12009,,470000,0,user_49,633,,
12010,,630000,13900,user_49,633,,
12011,,110000,0,user_49,633,,
12012,,2000000,0,user_49,633,,
12013,,2600000,0,user_49,633,,
11969,0,43000000,0,user_13,633,633,
11988,1,27000000,0,user_31,633,633,
11985,2,19000000,0,user_27,633,633,
11963,3,6300000,0,user_4,633,633,
11967,4,5000000,0,user_8,633,633,
11959,5,4200000,0,user_3,633,633,
12007,6,3200000,121000,user_47,633,633,
11983,7,2600000,0,user_23,633,633,
12013,8,2600000,0,user_49,633,633,
11975,9,2100000,0,user_17,633,633,
11976,10,2000000,0,user_17,633,633,
11982,11,2000000,0,user_23,633,633,
12012,12,2000000,0,user_49,633,633,
11957,13,1600000,0,user_2,633,633,
11972,14,1600000,0,user_17,633,633,
12004,15,1600000,0,user_46,633,633,
12005,16,1600000,0,user_46,633,633,
11971,17,1500000,0,user_13,633,633,
11991,18,1500000,0,user_33,633,633,
11956,19,1100000,0,user_1,633,633,
11960,20,1100000,0,user_4,633,633,
11973,21,1100000,0,user_17,633,633,
11978,22,1100000,0,user_21,633,633,
11958,23,970000,10700,user_2,633,633,
12010,24,630000,13900,user_49,633,633,
11961,25,600000,0,user_4,633,633,
12009,26,470000,0,user_49,633,633,
11994,27,460000,0,user_35,633,633,
11974,28,370000,0,user_17,633,633,
11984,29,370000,0,user_25,633,633,
11980,30,350000,5630,user_22,633,633,
12003,31,340000,7840,user_45,633,633,
11999,32,300000,0,user_41,633,633,
11990,33,260000,5640,user_33,633,633,
11979,34,220000,0,user_22,633,633,
11998,35,190000,369000,user_39,633,633,
11986,36,170000,0,user_29,633,633,
11981,37,160000,0,user_22,633,633,
11966,38,150000,0,user_7,633,633,
11995,39,150000,0,user_36,633,633,
11965,40,130000,0,user_5,633,633,
11962,41,120000,0,user_4,633,633,
11992,42,110000,0,user_34,633,633,
12002,43,110000,0,user_44,633,633,
12006,44,110000,0,user_47,633,633,
12011,45,110000,0,user_49,633,633,
11955,46,98000,0,user_0,633,633,
11977,47,98000,128000,user_18,633,633,
11996,48,87000,0,user_37,633,633,
11993,49,85000,0,user_34,633,633,
12000,50,80000,12300,user_42,633,633,
11964,51,79000,68100,user_4,633,633,
11987,52,79000,161000,user_30,633,633,
12001,53,73000,0,user_43,633,633,
11970,54,70000,0,user_13,633,633,
12098,,260000,0,user_0,634,,
12099,,120000,0,user_2,634,,
12100,,310000,0,user_3,634,,
12101,,84000,0,user_5,634,,
12102,,5000000,0,user_6,634,,
12103,,660000,0,user_7,634,,
12104,,310000,0,user_8,634,,
12105,,2600000,0,user_9,634,,
12106,,150000,0,user_9,634,,
12107,,320000,0,user_10,634,,
12108,,1600000,39400,user_11,634,,
12109,,4200000,0,user_13,634,,
12110,,84000,5640,user_14,634,,
12111,,470000,0,user_15,634,,
12112,,260000,0,user_17,634,,
12113,,73000,0,user_17,634,,
12114,,4200000,0,user_19,634,,
12115,,79000,0,user_21,634,,
12116,,1600000,0,user_22,634,,
12117,,120000,67500,user_22,634,,
12118,,220000,1100000,user_23,634,,
12119,,1200000,0,user_23,634,,
12120,,3500000,0,user_24,634,,
12121,,1600000,779000,user_25,634,,
12122,,77000,0,user_27,634,,
12123,,79000,0,user_28,634,,
12124,,77000,0,user_28,634,,
12125,,650000,0,user_29,634,,
12126,,670000,0,user_30,634,,
12127,,160000,0,user_31,634,,
12128,,80000,5180,user_31,634,,
12129,,260000,0,user_31,634,,
12130,,310000,0,user_31,634,,
12131,,1500000,0,user_31,634,,
12132,,110000,0,user_32,634,,
12133,,2300000,0,user_33,634,,
12134,,1100000,0,user_36,634,,
12135,,1400000,128000,user_37,634,,
12136,,1100000,0,user_38,634,,
12137,,300000,0,user_39,634,,
12138,,2100000,0,user_40,634,,
12139,,6300000,0,user_40,634,,
12140,,150000,0,user_40,634,,
12141,,110000,64600,user_40,634,,
12142,,320000,283000,user_40,634,,
12143,,160000,0,user_41,634,,
12144,,320000,0,user_42,634,,
12145,,160000,0,user_42,634,,
12146,,350000,0,user_43,634,,
12147,,2000000,0,user_43,634,,
12148,,220000,0,user_44,634,,
12149,,530000,0,user_45,634,,
12150,,660000,0,user_46,634,,
12151,,73000,32900,user_47,634,,
12152,,2300000,0,user_47,634,,
12153,,910000,0,user_49,634,,
12154,,460000,0,user_49,634,,
12155,,5000000,0,user_49,634,,
12139,0,6300000,0,user_40,634,634,
12102,1,5000000,0,user_6,634,634,
12155,2,5000000,0,user_49,634,634,
12109,3,4200000,0,user_13,634,634,
12114,4,4200000,0,user_19,634,634,
12120,5,3500000,0,user_24,634,634,
12105,6,2600000,0,user_9,634,634,
12133,7,2300000,0,user_33,634,634,
12152,8,2300000,0,user_47,634,634,
12138,9,2100000,0,user_40,634,634,
12147,10,2000000,0,user_43,634,634,
12108,11,1600000,39400,user_11,634,634,
12116,12,1600000,0,user_22,634,634,
12121,13,1600000,779000,user_25,634,634,
12131,14,1500000,0,user_31,634,634,
12119,15,1200000,0,user_23,634,634,
12134,16,1100000,0,user_36,634,634,
12136,17,1100000,0,user_38,634,634,
12153,18,910000,0,user_49,634,634,
12126,19,670000,0,user_30,634,634,
12103,20,660000,0,user_7,634,634,
12150,21,660000,0,user_46,634,634,
12125,22,650000,0,user_29,634,634,
12149,23,530000,0,user_45,634,634,
12111,24,470000,0,user_15,634,634,
12154,25,460000,0,user_49,634,634,
12146,26,350000,0,user_43,634,634,
12107,27,320000,0,user_10,634,634,
12142,28,320000,283000,user_40,634,634,
12144,29,320000,0,user_42,634,634,
12100,30,310000,0,user_3,634,634,
12104,31,310000,0,user_8,634,634,
12130,32,310000,0,user_31,634,634,
12098,33,260000,0,user_0,634,634,
12112,34,260000,0,user_17,634,634,
12129,35,260000,0,user_31,634,634,
12118,36,220000,1100000,user_23,634,634,
12148,37,220000,0,user_44,634,634,
12127,38,160000,0,user_31,634,634,
12143,39,160000,0,user_41,634,634,
12145,40,160000,0,user_42,634,634,
12106,41,150000,0,user_9,634,634,
12140,42,150000,0,user_40,634,634,
12099,43,120000,0,user_2,634,634,
12117,44,120000,67500,user_22,634,634,
12132,45,110000,0,user_32,634,634,
12141,46,110000,64600,user_40,634,634,
12101,47,84000,0,user_5,634,634,
12110,48,84000,5640,user_14,634,634,
12128,49,80000,5180,user_31,634,634,
12115,50,79000,0,user_21,634,634,
12122,51,77000,0,user_27,634,634,
12113,52,73000,0,user_17,634,634,
12151,53,73000,32900,user_47,634,634,
12226,,460000,0,user_0,635,,
12227,,80000,0,user_0,635,,
12228,,150000,12300,user_0,635,,
12229,,1500000,0,user_0,635,,
12230,,370000,73100,user_1,635,,
12231,,260000,0,user_2,635,,
12232,,2600000,0,user_3,635,,
12233,,110000,0,user_6,635,,
12234,,2000000,0,user_7,635,,
12235,,220000,0,user_10,635,,
12236,,1000000,68100,user_11,635,,
12237,,4200000,0,user_11,635,,
12238,,310000,0,user_12,635,,
12239,,3600000,0,user_13,635,,
12240,,670000,0,user_15,635,,
12241,,83000,0,user_15,635,,
12242,,170000,0,user_16,635,,
12243,,3500000,0,user_18,635,,
12244,,87000,0,user_20,635,,
12245,,870000,0,user_21,635,,
12246,,870000,0,user_24,635,,
12247,,1100000,0,user_24,635,,
12248,,82000,0,user_26,635,,
12249,,600000,0,user_27,635,,
12250,,5200000,0,user_29,635,,
12251,,85000,0,user_29,635,,
12252,,350000,15300,user_30,635,,
12253,,160000,0,user_31,635,,
12254,,120000,0,user_31,635,,
12255,,2400000,0,user_32,635,,
12256,,970000,0,user_33,635,,
12257,,4500000,0,user_33,635,,
12258,,120000,0,user_33,635,,
12259,,170000,0,user_33,635,,
12260,,2000000,0,user_34,635,,
12261,,1400000,0,user_36,635,,
12262,,1300000,100000,user_39,635,,
12263,,1500000,0,user_40,635,,
12264,,3200000,0,user_40,635,,
12265,,260000,0,user_41,635,,
12266,,110000,0,user_41,635,,
12267,,110000,0,user_42,635,,
12268,,110000,0,user_42,635,,
12269,,870000,0,user_42,635,,
12270,,530000,0,user_42,635,,
12271,,1400000,0,user_43,635,,
12272,,260000,0,user_43,635,,
12273,,130000,0,user_44,635,,
12274,,670000,0,user_45,635,,
12275,,460000,0,user_46,635,,
12276,,300000,0,user_49,635,,
12250,0,5200000,0,user_29,635,635,
12257,1,4500000,0,user_33,635,635,
12237,2,4200000,0,user_11,635,635,
12239,3,3600000,0,user_13,635,635,
12243,4,3500000,0,user_18,635,635,
12264,5,3200000,0,user_40,635,635,
12232,6,2600000,0,user_3,635,635,
12255,7,2400000,0,user_32,635,635,
12234,8,2000000,0,user_7,635,635,
12260,9,2000000,0,user_34,635,635,
12229,10,1500000,0,user_0,635,635,
12263,11,1500000,0,user_40,635,635,
12261,12,1400000,0,user_36,635,635,
12291,13,0,0,builder_3,635,635,12262
12262,14,1300000,100000,user_39,635,635,
12271,15,1400000,0,user_43,635,635,
12247,16,1100000,0,user_24,635,635,
12292,17,0,0,builder_3,635,635,12236
12236,18,1000000,68100,user_11,635,635,
12256,19,970000,0,user_33,635,635,
12245,20,870000,0,user_21,635,635,
12246,21,870000,0,user_24,635,635,
12269,22,870000,0,user_42,635,635,
12240,23,670000,0,user_15,635,635,
12274,24,670000,0,user_45,635,635,
12270,25,530000,0,user_42,635,635,
12226,26,460000,0,user_0,635,635,
12275,27,460000,0,user_46,635,635,
12252,28,350000,15300,user_30,635,635,
12293,29,0,0,builder_3,635,635,12252
12238,30,310000,0,user_12,635,635,
12276,31,300000,0,user_49,635,635,
12231,32,260000,0,user_2,635,635,
12265,33,260000,0,user_41,635,635,
12272,34,260000,0,user_43,635,635,
12235,35,220000,0,user_10,635,635,
12259,36,170000,0,user_33,635,635,
12228,37,150000,12300,user_0,635,635,
12294,38,0,0,builder_3,635,635,12228
12253,39,160000,0,user_31,635,635,
12273,40,130000,0,user_44,635,635,
12254,41,120000,0,user_31,635,635,
12258,42,120000,0,user_33,635,635,
12266,43,110000,0,user_41,635,635,
12267,44,110000,0,user_42,635,635,
12268,45,110000,0,user_42,635,635,
12244,46,87000,0,user_20,635,635,
12251,47,85000,0,user_29,635,635,
12241,48,83000,0,user_15,635,635,
12248,49,82000,0,user_26,635,635,
12227,50,80000,0,user_0,635,635,
12313,,3500000,15300,user_2,636,,
12314,,5000000,13900,user_3,636,,
12315,,1000000,0,user_3,636,,
12316,,160000,215000,user_3,636,,
12317,,4200000,35600,user_3,636,,
12318,,190000,73100,user_3,636,,
12319,,1300000,0,user_5,636,,
12320,,110000,15100,user_6,636,,
12321,,220000,0,user_7,636,,
12322,,2000000,0,user_8,636,,
12323,,360000,0,user_9,636,,
12324,,170000,0,user_11,636,,
12325,,360000,0,user_11,636,,
12326,,360000,0,user_14,636,,
12327,,1900000,0,user_16,636,,
12328,,190000,0,user_17,636,,
12329,,350000,0,user_17,636,,
12330,,1900000,0,user_18,636,,
12331,,110000,0,user_20,636,,
12332,,3200000,0,user_21,636,,
12333,,160000,0,user_21,636,,
12334,,120000,0,user_21,636,,
12335,,120000,0,user_21,636,,
12336,,4200000,0,user_21,636,,
12337,,2500000,779000,user_23,636,,
12338,,420000,42000,user_23,636,,
12339,,870000,0,user_23,636,,
12340,,110000,594000,user_23,636,,
12341,,660000,0,user_23,636,,
12342,,220000,0,user_25,636,,
12343,,220000,0,user_26,636,,
12344,,5000000,100000,user_28,636,,
12345,,170000,0,user_28,636,,
12346,,970000,0,user_30,636,,
12347,,220000,0,user_30,636,,
12348,,6300000,0,user_31,636,,
12349,,77000,0,user_32,636,,
12350,,120000,0,user_34,636,,
12351,,170000,0,user_34,636,,
12352,,120000,0,user_34,636,,
12353,,2000000,0,user_34,636,,
12354,,630000,0,user_34,636,,
12355,,5000000,0,user_35,636,,
12356,,5000000,0,user_36,636,,
12357,,4200000,0,user_36,636,,
12358,,120000,545000,user_38,636,,
12359,,70000,0,user_39,636,,
12360,,170000,0,user_39,636,,
12361,,4500000,0,user_39,636,,
12362,,120000,0,user_40,636,,
12363,,2500000,0,user_40,636,,
12364,,85000,0,user_41,636,,
12365,,1400000,16400,user_42,636,,
12366,,110000,959000,user_42,636,,
12367,,470000,64600,user_42,636,,
12368,,600000,0,user_44,636,,
12369,,1100000,0,user_45,636,,
12370,,2300000,0,user_45,636,,
12371,,470000,0,user_46,636,,
12372,,80000,0,user_47,636,,
12373,,4500000,0,user_48,636,,
12374,,110000,0,user_49,636,,
12348,0,6300000,0,user_31,636,636,
12405,1,0,0,builder_3,636,636,12344
12344,2,5000000,100000,user_28,636,636,
12314,3,5000000,13900,user_3,636,636,
12406,4,0,0,builder_3,636,636,12314
12355,5,5000000,0,user_35,636,636,
12356,6,5000000,0,user_36,636,636,
12361,7,4500000,0,user_39,636,636,
12373,8,4500000,0,user_48,636,636,
12407,9,0,0,builder_3,636,636,12317
12317,10,4200000,35600,user_3,636,636,
12336,11,4200000,0,user_21,636,636,
12357,12,4200000,0,user_36,636,636,
12408,13,0,0,builder_3,636,636,12313
12313,14,3500000,15300,user_2,636,636,
12337,15,2500000,779000,user_23,636,636,
12409,16,0,0,builder_3,636,636,12337
12332,17,3200000,0,user_21,636,636,
12363,18,2500000,0,user_40,636,636,
12370,19,2300000,0,user_45,636,636,
12353,20,2000000,0,user_34,636,636,
12330,21,1900000,0,user_18,636,636,
12410,22,0,0,builder_3,636,636,12365
12365,23,1400000,16400,user_42,636,636,
12319,24,1300000,0,user_5,636,636,
12369,25,1100000,0,user_45,636,636,
12411,26,0,0,builder_3,636,636,12366
12366,27,110000,959000,user_42,636,636,
12315,28,1000000,0,user_3,636,636,
12346,29,970000,0,user_30,636,636,
12339,30,870000,0,user_23,636,636,
12340,31,110000,594000,user_23,636,636,
12412,32,0,0,builder_3,636,636,12340
12413,33,0,0,builder_3,636,636,12358
12358,34,120000,545000,user_38,636,636,
12341,35,660000,0,user_23,636,636,
12354,36,630000,0,user_34,636,636,
12368,37,600000,0,user_44,636,636,
12414,38,0,0,builder_3,636,636,12367
12367,39,470000,64600,user_42,636,636,
12371,40,470000,0,user_46,636,636,
12338,41,420000,42000,user_23,636,636,
12415,42,0,0,builder_3,636,636,12338
12316,43,160000,215000,user_3,636,636,
12416,44,0,0,builder_3,636,636,12316
12325,45,360000,0,user_11,636,636,
12326,46,360000,0,user_14,636,636,
12329,47,350000,0,user_17,636,636,
12318,48,190000,73100,user_3,636,636,
12417,49,0,0,builder_3,636,636,12318
12321,50,220000,0,user_7,636,636,
12343,51,220000,0,user_26,636,636,
12347,52,220000,0,user_30,636,636,
12328,53,190000,0,user_17,636,636,
12324,54,170000,0,user_11,636,636,
12345,55,170000,0,user_28,636,636,
12351,56,170000,0,user_34,636,636,
12360,57,170000,0,user_39,636,636,
12333,58,160000,0,user_21,636,636,
12334,59,120000,0,user_21,636,636,
12335,60,120000,0,user_21,636,636,
12350,61,120000,0,user_34,636,636,
12352,62,120000,0,user_34,636,636,
12362,63,120000,0,user_40,636,636,
12331,64,110000,0,user_20,636,636,
12374,65,110000,0,user_49,636,636,
12364,66,85000,0,user_41,636,636,
12372,67,80000,0,user_47,636,636,
12349,68,77000,0,user_32,636,636,
12359,69,70000,0,user_39,636,636,
12469,,350000,0,user_0,637,,
12470,,5000000,146000,user_1,637,,
12471,,320000,15700,user_2,637,,
12472,,150000,769000,user_3,637,,
12473,,630000,0,user_4,637,,
12474,,650000,0,user_4,637,,
12475,,150000,0,user_4,637,,
12476,,2000000,0,user_5,637,,
12477,,910000,139000,user_6,637,,
12478,,240000,0,user_7,637,,
12479,,1700000,0,user_8,637,,
12480,,1000000,5640,user_10,637,,
12481,,5000000,164000,user_11,637,,
12482,,260000,0,user_12,637,,
12483,,83000,0,user_12,637,,
12484,,1700000,0,user_12,637,,
12485,,1000000,18600,user_12,637,,
12486,,420000,0,user_12,637,,
12487,,320000,0,user_14,637,,
12488,,350000,0,user_15,637,,
12489,,190000,0,user_16,637,,
12490,,2500000,0,user_16,637,,
12491,,170000,285000,user_16,637,,
12492,,1200000,0,user_16,637,,
12493,,1000000,0,user_17,637,,
12494,,1500000,0,user_20,637,,
12495,,360000,4320000,user_21,637,,
12496,,79000,0,user_21,637,,
12497,,120000,0,user_22,637,,
12498,,5000000,0,user_23,637,,
12499,,190000,0,user_23,637,,
12500,,160000,36800,user_24,637,,
12501,,160000,0,user_24,637,,
12502,,84000,0,user_24,637,,
12503,,1800000,0,user_24,637,,
12504,,1400000,285000,user_25,637,,
12505,,970000,0,user_25,637,,
12506,,5000000,0,user_25,637,,
12507,,370000,0,user_25,637,,
12508,,2600000,0,user_25,637,,
12509,,110000,0,user_26,637,,
12510,,630000,0,user_27,637,,
12511,,77000,0,user_27,637,,
12512,,2100000,0,user_28,637,,
12513,,170000,0,user_28,637,,
12514,,4500000,0,user_29,637,,
12515,,4200000,0,user_33,637,,
12516,,970000,0,user_33,637,,
12517,,120000,0,user_34,637,,
12518,,30000000,0,user_34,637,,
12519,,360000,0,user_35,637,,
12520,,1700000,0,user_36,637,,
12521,,1800000,0,user_40,637,,
12522,,260000,0,user_41,637,,
12523,,3200000,0,user_42,637,,
12524,,6100000,0,user_43,637,,
12525,,1300000,7190000,user_43,637,,
12526,,3500000,0,user_43,637,,
12527,,79000,0,user_44,637,,
12528,,100000,0,user_45,637,,
12529,,120000,0,user_46,637,,
12530,,27000000,0,user_47,637,,
12531,,420000,0,user_47,637,,
12532,,350000,0,user_49,637,,
12518,0,30000000,0,user_34,637,637,
12530,1,27000000,0,user_47,637,637,
12524,2,6100000,0,user_43,637,637,
12470,3,5000000,146000,user_1,637,637,
12481,4,5000000,164000,user_11,637,637,
12498,5,5000000,0,user_23,637,637,
12506,6,5000000,0,user_25,637,637,
12514,7,4500000,0,user_29,637,637,
12515,8,4200000,0,user_33,637,637,
12526,9,3500000,0,user_43,637,637,
12523,10,3200000,0,user_42,637,637,
12508,11,2600000,0,user_25,637,637,
12490,12,2500000,0,user_16,637,637,
12476,13,2000000,0,user_5,637,637,
12521,14,1800000,0,user_40,637,637,
12479,15,1700000,0,user_8,637,637,
12484,16,1700000,0,user_12,637,637,
12520,17,1700000,0,user_36,637,637,
12494,18,1500000,0,user_20,637,637,
12504,19,1400000,285000,user_25,637,637,
12525,20,1300000,7190000,user_43,637,637,
12492,21,1200000,0,user_16,637,637,
12480,22,1000000,5640,user_10,637,637,
12485,23,1000000,18600,user_12,637,637,
12493,24,1000000,0,user_17,637,637,
12505,25,970000,0,user_25,637,637,
12516,26,970000,0,user_33,637,637,
12477,27,910000,139000,user_6,637,637,
12474,28,650000,0,user_4,637,637,
12473,29,630000,0,user_4,637,637,
12510,30,630000,0,user_27,637,637,
12486,31,420000,0,user_12,637,637,
12531,32,420000,0,user_47,637,637,
12507,33,370000,0,user_25,637,637,
12495,34,360000,4320000,user_21,637,637,
12519,35,360000,0,user_35,637,637,
12469,36,350000,0,user_0,637,637,
12488,37,350000,0,user_15,637,637,
12532,38,350000,0,user_49,637,637,
12471,39,320000,15700,user_2,637,637,
12482,40,260000,0,user_12,637,637,
12522,41,260000,0,user_41,637,637,
12478,42,240000,0,user_7,637,637,
12489,43,190000,0,user_16,637,637,
12499,44,190000,0,user_23,637,637,
12491,45,170000,285000,user_16,637,637,
12472,46,150000,769000,user_3,637,637,
12475,47,150000,0,user_4,637,637,
12497,48,120000,0,user_22,637,637,
12517,49,120000,0,user_34,637,637,
12529,50,120000,0,user_46,637,637,
12509,51,110000,0,user_26,637,637,
12528,52,100000,0,user_45,637,637,
12483,53,83000,0,user_12,637,637,
12496,54,79000,0,user_21,637,637,
12527,55,79000,0,user_44,637,637,
12511,56,77000,0,user_27,637,637,
12618,,3600000,0,user_0,638,,
12619,,310000,0,user_2,638,,
12620,,4500000,0,user_3,638,,
12621,,370000,0,user_4,638,,
12622,,1300000,0,user_5,638,,
12623,,80000,0,user_5,638,,
12624,,80000,0,user_5,638,,
12625,,1100000,0,user_5,638,,
12626,,190000,0,user_6,638,,
12627,,3500000,0,user_6,638,,
12628,,110000,0,user_7,638,,
12629,,1000000,0,user_7,638,,
12630,,87000,0,user_8,638,,
12631,,220000,0,user_9,638,,
12632,,420000,256000,user_10,638,,
12633,,4200000,0,user_11,638,,
12634,,600000,350000,user_12,638,,
12635,,240000,0,user_13,638,,
12636,,420000,0,user_14,638,,
12637,,84000,0,user_14,638,,
12638,,1100000,215000,user_16,638,,
12639,,310000,0,user_16,638,,
12640,,420000,0,user_17,638,,
12641,,370000,0,user_17,638,,
12642,,220000,0,user_18,638,,
12643,,1400000,0,user_19,638,,
12644,,370000,0,user_20,638,,
12645,,160000,0,user_21,638,,
12646,,1600000,0,user_22,638,,
12647,,73000,0,user_24,638,,
12648,,370000,0,user_25,638,,
12649,,1600000,0,user_26,638,,
12650,,260000,0,user_28,638,,
12651,,110000,0,user_29,638,,
12652,,79000,0,user_29,638,,
12653,,630000,0,user_30,638,,
12654,,98000,0,user_30,638,,
12655,,2500000,0,user_30,638,,
12656,,5000000,0,user_30,638,,
12657,,84000,34700,user_32,638,,
12658,,1800000,0,user_33,638,,
12659,,1000000,0,user_33,638,,
12660,,2600000,0,user_34,638,,
12661,,110000,0,user_35,638,,
12662,,130000,0,user_36,638,,
12663,,82000,0,user_38,638,,
12664,,260000,0,user_39,638,,
12665,,340000,0,user_40,638,,
12666,,2300000,146000,user_40,638,,
12667,,600000,594000,user_40,638,,
12668,,110000,0,user_42,638,,
12669,,2300000,0,user_43,638,,
12670,,1100000,0,user_43,638,,
12671,,300000,121000,user_44,638,,
12672,,300000,0,user_44,638,,
12673,,1000000,769000,user_44,638,,
12674,,220000,0,user_45,638,,
12675,,120000,0,user_45,638,,
12676,,460000,0,user_45,638,,
12677,,1900000,0,user_48,638,,
12656,0,5000000,0,user_30,638,638,
12620,1,4500000,0,user_3,638,638,
12633,2,4200000,0,user_11,638,638,
12618,3,3600000,0,user_0,638,638,
12627,4,3500000,0,user_6,638,638,
12660,5,2600000,0,user_34,638,638,
12655,6,2500000,0,user_30,638,638,
12666,7,2300000,146000,user_40,638,638,
12669,8,2300000,0,user_43,638,638,
12677,9,1900000,0,user_48,638,638,
12658,10,1800000,0,user_33,638,638,
12646,11,1600000,0,user_22,638,638,
12643,12,1400000,0,user_19,638,638,
12622,13,1300000,0,user_5,638,638,
12625,14,1100000,0,user_5,638,638,
12638,15,1100000,215000,user_16,638,638,
12670,16,1100000,0,user_43,638,638,
12629,17,1000000,0,user_7,638,638,
12659,18,1000000,0,user_33,638,638,
12673,19,1000000,769000,user_44,638,638,
12653,20,630000,0,user_30,638,638,
12667,21,600000,594000,user_40,638,638,
12676,22,460000,0,user_45,638,638,
12632,23,420000,256000,user_10,638,638,
12636,24,420000,0,user_14,638,638,
12640,25,420000,0,user_17,638,638,
12641,26,370000,0,user_17,638,638,
12644,27,370000,0,user_20,638,638,
12648,28,370000,0,user_25,638,638,
12665,29,340000,0,user_40,638,638,
12619,30,310000,0,user_2,638,638,
12639,31,310000,0,user_16,638,638,
12671,32,300000,121000,user_44,638,638,
12672,33,300000,0,user_44,638,638,
12635,34,240000,0,user_13,638,638,
12631,35,220000,0,user_9,638,638,
12642,36,220000,0,user_18,638,638,
12674,37,220000,0,user_45,638,638,
12626,38,190000,0,user_6,638,638,
12645,39,160000,0,user_21,638,638,
12662,40,130000,0,user_36,638,638,
12675,41,120000,0,user_45,638,638,
12628,42,110000,0,user_7,638,638,
12651,43,110000,0,user_29,638,638,
12661,44,110000,0,user_35,638,638,
12668,45,110000,0,user_42,638,638,
12654,46,98000,0,user_30,638,638,
12630,47,87000,0,user_8,638,638,
12637,48,84000,0,user_14,638,638,
12657,49,84000,34700,user_32,638,638,
12663,50,82000,0,user_38,638,638,
12623,51,80000,0,user_5,638,638,
12624,52,80000,0,user_5,638,638,
12652,53,79000,0,user_29,638,638,
12647,54,73000,0,user_24,638,638,
12737,,120000,67500,user_0,639,,
12738,,130000,0,user_1,639,,
12739,,85000,121000,user_2,639,,
12740,,1200000,0,user_3,639,,
12741,,2500000,0,user_4,639,,
12742,,2300000,0,user_5,639,,
12743,,600000,17000,user_5,639,,
12744,,160000,0,user_5,639,,
12745,,220000,0,user_6,639,,
12746,,150000,0,user_10,639,,
12747,,460000,67900,user_11,639,,
12748,,2400000,49100,user_12,639,,
12749,,530000,0,user_12,639,,
12750,,79000,0,user_15,639,,
12751,,650000,0,user_18,639,,
12752,,150000,0,user_19,639,,
12753,,1100000,0,user_20,639,,
12754,,670000,0,user_20,639,,
12755,,170000,0,user_21,639,,
12756,,240000,0,user_22,639,,
12757,,350000,13800,user_23,639,,
12758,,110000,0,user_23,639,,
12759,,98000,17000,user_25,639,,
12760,,470000,10700,user_26,639,,
12761,,2000000,0,user_28,639,,
12762,,470000,0,user_29,639,,
12763,,2100000,15700,user_29,639,,
12764,,1500000,11200,user_30,639,,
12765,,3600000,0,user_31,639,,
12766,,1900000,0,user_33,639,,
12767,,83000,0,user_34,639,,
12768,,120000,0,user_34,639,,
12769,,1800000,0,user_36,639,,
12770,,2000000,0,user_37,639,,
12771,,600000,0,user_38,639,,
12772,,650000,0,user_40,639,,
12773,,1400000,66100,user_41,639,,
12774,,85000,0,user_41,639,,
12775,,420000,0,user_41,639,,
12776,,4200000,0,user_41,639,,
12777,,5000000,0,user_44,639,,
12778,,150000,0,user_45,639,,
12779,,120000,0,user_47,639,,
12780,,3500000,0,user_48,639,,
12781,,460000,15300,user_49,639,,
12777,0,5000000,0,user_44,639,639,
12776,1,4200000,0,user_41,639,639,
12765,2,3600000,0,user_31,639,639,
12780,3,3500000,0,user_48,639,639,
12741,4,2500000,0,user_4,639,639,
12810,5,0,0,builder_3,639,639,12748
12748,6,2400000,49100,user_12,639,639,
12742,7,2300000,0,user_5,639,639,
12763,8,2100000,15700,user_29,639,639,
12811,9,0,0,builder_3,639,639,12763
12761,10,2000000,0,user_28,639,639,
12770,11,2000000,0,user_37,639,639,
12766,12,1900000,0,user_33,639,639,
12769,13,1800000,0,user_36,639,639,
12812,14,0,0,builder_3,639,639,12764
12764,15,1500000,11200,user_30,639,639,
12773,16,1400000,66100,user_41,639,639,
12813,17,0,0,builder_3,639,639,12773
12740,18,1200000,0,user_3,639,639,
12753,19,1100000,0,user_20,639,639,
12754,20,670000,0,user_20,639,639,
12751,21,650000,0,user_18,639,639,
12772,22,650000,0,user_40,639,639,
12814,23,0,0,builder_3,639,639,12743
12743,24,600000,17000,user_5,639,639,
12771,25,600000,0,user_38,639,639,
12749,26,530000,0,user_12,639,639,
12747,27,460000,67900,user_11,639,639,
12815,28,0,0,builder_3,639,639,12747
12816,29,0,0,builder_3,639,639,12760
12760,30,470000,10700,user_26,639,639,
12817,31,0,0,builder_3,639,639,12781
12781,32,460000,15300,user_49,639,639,
12762,33,470000,0,user_29,639,639,
12775,34,420000,0,user_41,639,639,
12757,35,350000,13800,user_23,639,639,
12818,36,0,0,builder_3,639,639,12757
12756,37,240000,0,user_22,639,639,
12819,38,0,0,builder_3,639,639,12739
12739,39,85000,121000,user_2,639,639,
12737,40,120000,67500,user_0,639,639,
12820,41,0,0,builder_3,639,639,12737
12755,42,170000,0,user_21,639,639,
12744,43,160000,0,user_5,639,639,
12746,44,150000,0,user_10,639,639,
12752,45,150000,0,user_19,639,639,
12778,46,150000,0,user_45,639,639,
12768,47,120000,0,user_34,639,639,
12779,48,120000,0,user_47,639,639,
12758,49,110000,0,user_23,639,639,
12774,50,85000,0,user_41,639,639,
12767,51,83000,0,user_34,639,639,
12750,52,79000,0,user_15,639,639,
12868,,910000,0,user_0,640,,
12869,,30000000,350000,user_0,640,,
12870,,340000,0,user_1,640,,
12871,,150000,0,user_2,640,,
12872,,310000,0,user_3,640,,
12873,,110000,0,user_4,640,,
12874,,2600000,0,user_4,640,,
12875,,530000,181000,user_5,640,,
12876,,1300000,121000,user_6,640,,
12877,,6300000,0,user_6,640,,
12878,,310000,0,user_6,640,,
12879,,84000,0,user_7,640,,
12880,,1000000,0,user_8,640,,
12881,,2400000,0,user_9,640,,
12882,,1100000,0,user_10,640,,
12883,,1500000,0,user_10,640,,
12884,,1300000,0,user_13,640,,
12885,,2400000,0,user_15,640,,
12886,,1600000,0,user_15,640,,
12887,,5000000,0,user_16,640,,
12888,,470000,4320000,user_17,640,,
12889,,350000,0,user_21,640,,
12890,,2500000,19700,user_21,640,,
12891,,82000,0,user_21,640,,
12892,,470000,17700000,user_21,640,,
12893,,1300000,0,user_22,640,,
12894,,160000,0,user_24,640,,
12895,,240000,17000,user_24,640,,
12896,,19000000,0,user_25,640,,
12897,,870000,0,user_25,640,,
12898,,600000,11200,user_26,640,,
12899,,80000,0,user_27,640,,
12900,,260000,0,user_28,640,,
12901,,85000,8520,user_29,640,,
12902,,110000,3130,user_29,640,,
12903,,1100000,594000,user_29,640,,
12904,,110000,0,user_29,640,,
12905,,160000,0,user_29,640,,
12906,,2100000,7190000,user_30,640,,
12907,,650000,0,user_31,640,,
12908,,160000,84800,user_32,640,,
12909,,3200000,0,user_32,640,,
12910,,110000,21800,user_33,640,,
12911,,1900000,0,user_34,640,,
12912,,2000000,71800,user_34,640,,
12913,,340000,0,user_35,640,,
12914,,870000,0,user_36,640,,
12915,,670000,769000,user_37,640,,
12916,,360000,0,user_37,640,,
12917,,80000,0,user_37,640,,
12918,,350000,21800,user_39,640,,
12919,,370000,0,user_40,640,,
12920,,350000,0,user_41,640,,
12921,,80000,0,user_41,640,,
12922,,1500000,0,user_43,640,,
12923,,460000,0,user_43,640,,
12924,,340000,0,user_44,640,,
12925,,320000,0,user_45,640,,
12926,,110000,0,user_45,640,,
12927,,910000,0,user_46,640,,
12869,0,30000000,350000,user_0,640,640,
12981,1,0,0,builder_4,640,640,12869
12896,2,19000000,0,user_25,640,640,
12892,3,470000,17700000,user_21,640,640,
12982,4,0,0,builder_4,640,640,12892
12983,5,0,0,builder_4,640,640,12906
12906,6,2100000,7190000,user_30,640,640,
12877,7,6300000,0,user_6,640,640,
12887,8,5000000,0,user_16,640,640,
12888,9,470000,4320000,user_17,640,640,
12984,10,0,0,builder_4,640,640,12888
12909,11,3200000,0,user_32,640,640,
12874,12,2600000,0,user_4,640,640,
12985,13,0,0,builder_4,640,640,12890
12890,14,2500000,19700,user_21,640,640,
12881,15,2400000,0,user_9,640,640,
12986,16,0,0,builder_4,640,640,12912
12912,17,2000000,71800,user_34,640,640,
12911,18,1900000,0,user_34,640,640,
12987,19,0,0,builder_4,640,640,12903
12903,20,1100000,594000,user_29,640,640,
12883,21,1500000,0,user_10,640,640,
12922,22,1500000,0,user_43,640,640,
12915,23,670000,769000,user_37,640,640,
12988,24,0,0,builder_4,640,640,12915
12876,25,1300000,121000,user_6,640,640,
12989,26,0,0,builder_4,640,640,12876
12884,27,1300000,0,user_13,640,640,
12893,28,1300000,0,user_22,640,640,
12882,29,1100000,0,user_10,640,640,
12880,30,1000000,0,user_8,640,640,
12868,31,910000,0,user_0,640,640,
12927,32,910000,0,user_46,640,640,
12897,33,870000,0,user_25,640,640,
12914,34,870000,0,user_36,640,640,
12907,35,650000,0,user_31,640,640,
12898,36,600000,11200,user_26,640,640,
12990,37,0,0,builder_4,640,640,12898
12923,38,460000,0,user_43,640,640,
12919,39,370000,0,user_40,640,640,
12916,40,360000,0,user_37,640,640,
12889,41,350000,0,user_21,640,640,
12920,42,350000,0,user_41,640,640,
12870,43,340000,0,user_1,640,640,
12913,44,340000,0,user_35,640,640,
12924,45,340000,0,user_44,640,640,
12925,46,320000,0,user_45,640,640,
12872,47,310000,0,user_3,640,640,
12878,48,310000,0,user_6,640,640,
12900,49,260000,0,user_28,640,640,
12895,50,240000,17000,user_24,640,640,
12991,51,0,0,builder_4,640,640,12895
12908,52,160000,84800,user_32,640,640,
12992,53,0,0,builder_4,640,640,12908
12894,54,160000,0,user_24,640,640,
12905,55,160000,0,user_29,640,640,
12871,56,150000,0,user_2,640,640,
12993,57,0,0,builder_4,640,640,12910
12910,58,110000,21800,user_33,640,640,
12902,59,110000,3130,user_29,640,640,
12994,60,0,0,builder_4,640,640,12902
12873,61,110000,0,user_4,640,640,
12904,62,110000,0,user_29,640,640,
12926,63,110000,0,user_45,640,640,
12995,64,0,0,builder_4,640,640,12901
12901,65,85000,8520,user_29,640,640,
12891,66,82000,0,user_21,640,640,
12899,67,80000,0,user_27,640,640,
12917,68,80000,0,user_37,640,640,
12921,69,80000,0,user_41,640,640,
13046,,110000,0,user_1,641,,
13047,,43000000,30200,user_1,641,,
13048,,260000,0,user_2,641,,
13049,,660000,0,user_4,641,,
13050,,110000,0,user_5,641,,
13051,,360000,0,user_9,641,,
13052,,110000,0,user_10,641,,
13053,,2000000,64600,user_11,641,,
13054,,170000,73100,user_13,641,,
13055,,1500000,0,user_14,641,,
13056,,470000,0,user_15,641,,
13057,,120000,0,user_16,641,,
13058,,870000,0,user_17,641,,
13059,,110000,0,user_18,641,,
13060,,2000000,0,user_18,641,,
13061,,1600000,769000,user_19,641,,
13062,,1200000,39400,user_20,641,,
13063,,79000,0,user_22,641,,
13064,,910000,0,user_24,641,,
13065,,98000,0,user_25,641,,
13066,,6300000,5180,user_26,641,,
13067,,1100000,256000,user_28,641,,
13068,,530000,0,user_28,641,,
13069,,220000,0,user_29,641,,
13070,,970000,0,user_29,641,,
13071,,110000,0,user_29,641,,
13072,,150000,510000,user_29,641,,
13073,,310000,256000,user_30,641,,
13074,,1000000,0,user_31,641,,
13075,,2500000,0,user_34,641,,
13076,,1500000,0,user_35,641,,
13077,,1100000,0,user_36,641,,
13078,,84000,0,user_36,641,,
13079,,2000000,24700,user_38,641,,
13080,,870000,0,user_38,641,,
13081,,1500000,0,user_39,641,,
13082,,190000,0,user_41,641,,
13083,,120000,0,user_41,641,,
13084,,2300000,17700000,user_43,641,,
13085,,310000,0,user_43,641,,
13086,,220000,7190000,user_43,641,,
13087,,2000000,0,user_43,641,,
13088,,630000,0,user_45,641,,
13089,,1600000,43600,user_46,641,,
13090,,82000,0,user_48,641,,
13047,0,43000000,30200,user_1,641,641,
13091,1,0,0,builder_0,641,641,13047
13084,2,2300000,17700000,user_43,641,641,
13092,3,0,0,builder_0,641,641,13084
13093,4,0,0,builder_0,641,641,13086
13086,5,220000,7190000,user_43,641,641,
13066,6,6300000,5180,user_26,641,641,
13094,7,0,0,builder_0,641,641,13066
13061,8,1600000,769000,user_19,641,641,
13095,9,0,0,builder_0,641,641,13061
13096,10,0,0,builder_0,641,641,13053
13053,11,2000000,64600,user_11,641,641,
13079,12,2000000,24700,user_38,641,641,
13097,13,0,0,builder_0,641,641,13079
13060,14,2000000,0,user_18,641,641,
13087,15,2000000,0,user_43,641,641,
13089,16,1600000,43600,user_46,641,641,
13098,17,0,0,builder_0,641,641,13089
13055,18,1500000,0,user_14,641,641,
13076,19,1500000,0,user_35,641,641,
13067,20,1100000,256000,user_28,641,641,
13099,21,0,0,builder_0,641,641,13067
13100,22,0,0,builder_0,641,641,13062
13062,23,1200000,39400,user_20,641,641,
13077,24,1100000,0,user_36,641,641,
13074,25,1000000,0,user_31,641,641,
13070,26,970000,0,user_29,641,641,
13058,27,870000,0,user_17,641,641,
13080,28,870000,0,user_38,641,641,
13101,29,0,0,builder_0,641,641,13072
13072,30,150000,510000,user_29,641,641,
13073,31,310000,256000,user_30,641,641,
13102,32,0,0,builder_0,641,641,13073
13068,33,530000,0,user_28,641,641,
13051,34,360000,0,user_9,641,641,
13085,35,310000,0,user_43,641,641,
13048,36,260000,0,user_2,641,641,
13103,37,0,0,builder_0,641,641,13054
13054,38,170000,73100,user_13,641,641,
13069,39,220000,0,user_29,641,641,
13082,40,190000,0,user_41,641,641,
13057,41,120000,0,user_16,641,641,
13083,42,120000,0,user_41,641,641,
13046,43,110000,0,user_1,641,641,
13052,44,110000,0,user_10,641,641,
13059,45,110000,0,user_18,641,641,
13071,46,110000,0,user_29,641,641,
13065,47,98000,0,user_25,641,641,
13078,48,84000,0,user_36,641,641,
13090,49,82000,0,user_48,641,641,
13063,50,79000,0,user_22,641,641,
13179,,150000,296000,user_1,642,,
13180,,650000,0,user_2,642,,
13181,,300000,231000,user_3,642,,
13182,,1900000,0,user_3,642,,
13183,,5200000,0,user_3,642,,
13184,,1600000,0,user_4,642,,
13185,,650000,0,user_4,642,,
13186,,2500000,0,user_8,642,,
13187,,340000,0,user_8,642,,
13188,,130000,0,user_9,642,,
13189,,5000000,0,user_11,642,,
13190,,150000,0,user_13,642,,
13191,,1000000,0,user_14,642,,
13192,,160000,0,user_15,642,,
13193,,150000,0,user_15,642,,
13194,,1800000,0,user_16,642,,
13195,,310000,0,user_17,642,,
13196,,2400000,0,user_18,642,,
13197,,1400000,0,user_19,642,,
13198,,460000,0,user_19,642,,
13199,,460000,0,user_20,642,,
13200,,2000000,73100,user_20,642,,
13201,,110000,350000,user_21,642,,
13202,,310000,0,user_21,642,,
13203,,2400000,0,user_22,642,,
13204,,30000000,0,user_25,642,,
13205,,110000,0,user_26,642,,
13206,,2500000,0,user_27,642,,
13207,,1600000,47700,user_28,642,,
13208,,130000,0,user_29,642,,
13209,,160000,155000,user_29,642,,
13210,,910000,0,user_29,642,,
13211,,1200000,0,user_29,642,,
13212,,220000,0,user_30,642,,
13213,,1500000,0,user_30,642,,
13214,,240000,24700,user_31,642,,
13215,,4500000,0,user_31,642,,
13216,,170000,0,user_31,642,,
13217,,84000,594000,user_31,642,,
13218,,27000000,0,user_31,642,,
13219,,310000,0,user_32,642,,
13220,,120000,0,user_32,642,,
13221,,43000000,5640,user_33,642,,
13222,,3500000,0,user_34,642,,
13223,,1000000,0,user_34,642,,
13224,,1600000,0,user_35,642,,
13225,,5000000,0,user_35,642,,
13226,,4200000,0,user_36,642,,
13227,,600000,0,user_38,642,,
13228,,83000,0,user_39,642,,
13229,,6300000,0,user_40,642,,
13230,,3500000,0,user_40,642,,
13231,,170000,0,user_40,642,,
13232,,79000,0,user_40,642,,
13233,,1600000,0,user_41,642,,
13234,,170000,0,user_41,642,,
13235,,120000,0,user_44,642,,
13236,,3600000,0,user_44,642,,
13237,,3600000,0,user_44,642,,
13238,,350000,0,user_45,642,,
13239,,310000,0,user_46,642,,
13240,,19000000,0,user_46,642,,
13241,,350000,322000,user_47,642,,
13242,,630000,0,user_48,642,,
13243,,1600000,0,user_49,642,,
13221,0,43000000,5640,user_33,642,642,
13275,1,0,0,builder_4,642,642,13221
13204,2,30000000,0,user_25,642,642,
13218,3,27000000,0,user_31,642,642,
13240,4,19000000,0,user_46,642,642,
13229,5,6300000,0,user_40,642,642,
13183,6,5200000,0,user_3,642,642,
13189,7,5000000,0,user_11,642,642,
13225,8,5000000,0,user_35,642,642,
13215,9,4500000,0,user_31,642,642,
13226,10,4200000,0,user_36,642,642,
13236,11,3600000,0,user_44,642,642,
13237,12,3600000,0,user_44,642,642,
13222,13,3500000,0,user_34,642,642,
13230,14,3500000,0,user_40,642,642,
13186,15,2500000,0,user_8,642,642,
13206,16,2500000,0,user_27,642,642,
13196,17,2400000,0,user_18,642,642,
13203,18,2400000,0,user_22,642,642,
13200,19,2000000,73100,user_20,642,642,
13276,20,0,0,builder_4,642,642,13200
13182,21,1900000,0,user_3,642,642,
13194,22,1800000,0,user_16,642,642,
13277,23,0,0,builder_4,642,642,13207
13207,24,1600000,47700,user_28,642,642,
13184,25,1600000,0,user_4,642,642,
13224,26,1600000,0,user_35,642,642,
13233,27,1600000,0,user_41,642,642,
13243,28,1600000,0,user_49,642,642,
13213,29,1500000,0,user_30,642,642,
13197,30,1400000,0,user_19,642,642,
13211,31,1200000,0,user_29,642,642,
13191,32,1000000,0,user_14,642,642,
13223,33,1000000,0,user_34,642,642,
13210,34,910000,0,user_29,642,642,
13278,35,0,0,builder_4,642,642,13217
13217,36,84000,594000,user_31,642,642,
13180,37,650000,0,user_2,642,642,
13185,38,650000,0,user_4,642,642,
13242,39,630000,0,user_48,642,642,
13227,40,600000,0,user_38,642,642,
13279,41,0,0,builder_4,642,642,13181
13181,42,300000,231000,user_3,642,642,
13198,43,460000,0,user_19,642,642,
13199,44,460000,0,user_20,642,642,
13280,45,0,0,builder_4,642,642,13201
13201,46,110000,350000,user_21,642,642,
13179,47,150000,296000,user_1,642,642,
13281,48,0,0,builder_4,642,642,13179
13238,49,350000,0,user_45,642,642,
13187,50,340000,0,user_8,642,642,
13282,51,0,0,builder_4,642,642,13209
13209,52,160000,155000,user_29,642,642,
13195,53,310000,0,user_17,642,642,
13202,54,310000,0,user_21,642,642,
13219,55,310000,0,user_32,642,642,
13239,56,310000,0,user_46,642,642,
13214,57,240000,24700,user_31,642,642,
13283,58,0,0,builder_4,642,642,13214
13212,59,220000,0,user_30,642,642,
13216,60,170000,0,user_31,642,642,
13231,61,170000,0,user_40,642,642,
13234,62,170000,0,user_41,642,642,
13190,63,150000,0,user_13,642,642,
13188,64,130000,0,user_9,642,642,
13208,65,130000,0,user_29,642,642,
13220,66,120000,0,user_32,642,642,
13235,67,120000,0,user_44,642,642,
13205,68,110000,0,user_26,642,642,
13232,69,79000,0,user_40,642,642,
13314,,220000,0,user_1,643,,
13315,,160000,0,user_2,643,,
13316,,120000,0,user_3,643,,
13317,,110000,0,user_4,643,,
13318,,1200000,0,user_5,643,,
13319,,460000,0,user_6,643,,
13320,,82000,0,user_6,643,,
13321,,170000,410000,user_7,643,,
13322,,87000,0,user_8,643,,
13323,,160000,0,user_9,643,,
13324,,220000,0,user_9,643,,
13325,,84000,33100,user_11,643,,
13326,,310000,0,user_12,643,,
13327,,350000,0,user_12,643,,
13328,,110000,0,user_14,643,,
13329,,1200000,0,user_14,643,,
13330,,120000,0,user_15,643,,
13331,,80000,0,user_17,643,,
13332,,30000000,68100,user_17,643,,
13333,,260000,0,user_18,643,,
13334,,84000,0,user_19,643,,
13335,,160000,0,user_21,643,,
13336,,120000,0,user_22,643,,
13337,,85000,0,user_22,643,,
13338,,170000,0,user_23,643,,
13339,,2600000,0,user_24,643,,
13340,,1300000,0,user_27,643,,
13341,,630000,0,user_30,643,,
13342,,190000,0,user_31,643,,
13343,,910000,0,user_31,643,,
13344,,170000,0,user_32,643,,
13345,,120000,0,user_34,643,,
13346,,870000,0,user_35,643,,
13347,,5000000,0,user_37,643,,
13348,,43000000,128000,user_38,643,,
13349,,77000,0,user_38,643,,
13350,,600000,0,user_38,643,,
13351,,470000,350000,user_39,643,,
13352,,1100000,0,user_41,643,,
13353,,30000000,121000,user_42,643,,
13354,,460000,0,user_43,643,,
13355,,5000000,0,user_43,643,,
13356,,150000,0,user_44,643,,
13357,,85000,0,user_45,643,,
13358,,83000,0,user_46,643,,
13359,,110000,381000,user_47,643,,
13360,,3500000,181000,user_48,643,,
13387,0,0,0,builder_4,643,643,13348
13348,1,43000000,128000,user_38,643,643,
13388,2,0,0,builder_4,643,643,13353
13353,3,30000000,121000,user_42,643,643,
13332,4,30000000,68100,user_17,643,643,
13389,5,0,0,builder_4,643,643,13332
13347,6,5000000,0,user_37,643,643,
13355,7,5000000,0,user_43,643,643,
13390,8,0,0,builder_4,643,643,13360
13360,9,3500000,181000,user_48,643,643,
13339,10,2600000,0,user_24,643,643,
13340,11,1300000,0,user_27,643,643,
13329,12,1200000,0,user_14,643,643,
13352,13,1100000,0,user_41,643,643,
13343,14,910000,0,user_31,643,643,
13346,15,870000,0,user_35,643,643,
13341,16,630000,0,user_30,643,643,
13350,17,600000,0,user_38,643,643,
13319,18,460000,0,user_6,643,643,
13354,19,460000,0,user_43,643,643,
13327,20,350000,0,user_12,643,643,
13326,21,310000,0,user_12,643,643,
13333,22,260000,0,user_18,643,643,
13314,23,220000,0,user_1,643,643,
13324,24,220000,0,user_9,643,643,
13342,25,190000,0,user_31,643,643,
13338,26,170000,0,user_23,643,643,
13344,27,170000,0,user_32,643,643,
13315,28,160000,0,user_2,643,643,
13323,29,160000,0,user_9,643,643,
13335,30,160000,0,user_21,643,643,
13356,31,150000,0,user_44,643,643,
13316,32,120000,0,user_3,643,643,
13336,33,120000,0,user_22,643,643,
13345,34,120000,0,user_34,643,643,
13391,35,0,0,builder_4,643,643,13325
13325,36,84000,33100,user_11,643,643,
13317,37,110000,0,user_4,643,643,
13328,38,110000,0,user_14,643,643,
13322,39,87000,0,user_8,643,643,
13337,40,85000,0,user_22,643,643,
13357,41,85000,0,user_45,643,643,
13334,42,84000,0,user_19,643,643,
13358,43,83000,0,user_46,643,643,
13320,44,82000,0,user_6,643,643,
13331,45,80000,0,user_17,643,643,
13349,46,77000,0,user_38,643,643,
13414,,1100000,0,user_1,644,,
13415,,77000,0,user_4,644,,
13416,,85000,0,user_5,644,,
13417,,1800000,16400,user_5,644,,
13418,,2600000,0,user_7,644,,
13419,,83000,0,user_10,644,,
13420,,120000,0,user_11,644,,
13421,,910000,283000,user_12,644,,
13422,,84000,0,user_12,644,,
13423,,1300000,0,user_12,644,,
13424,,110000,0,user_12,644,,
13425,,19000000,0,user_12,644,,
13426,,85000,0,user_13,644,,
13427,,84000,0,user_18,644,,
13428,,2000000,0,user_18,644,,
13429,,3500000,0,user_19,644,,
13430,,110000,0,user_19,644,,
13431,,1100000,0,user_20,644,,
13432,,1900000,350000,user_21,644,,
13433,,110000,0,user_22,644,,
13434,,1500000,0,user_23,644,,
13435,,120000,0,user_25,644,,
13436,,73000,0,user_25,644,,
13437,,670000,13900,user_25,644,,
13438,,19000000,0,user_26,644,,
13439,,82000,0,user_26,644,,
13440,,1600000,0,user_27,644,,
13441,,360000,0,user_27,644,,
13442,,30000000,0,user_27,644,,
13443,,120000,16400,user_27,644,,
13444,,3500000,0,user_27,644,,
13445,,83000,5630,user_28,644,,
13446,,470000,0,user_28,644,,
13447,,460000,0,user_29,644,,
13448,,1000000,0,user_30,644,,
13449,,120000,0,user_31,644,,
13450,,2000000,510000,user_32,644,,
13451,,160000,0,user_32,644,,
13452,,150000,0,user_32,644,,
13453,,160000,0,user_32,644,,
13454,,2600000,34700,user_34,644,,
13455,,910000,0,user_34,644,,
13456,,260000,0,user_35,644,,
13457,,150000,0,user_35,644,,
13458,,1100000,64600,user_36,644,,
13459,,120000,0,user_37,644,,
13460,,150000,0,user_38,644,,
13461,,1400000,33300,user_39,644,,
13462,,970000,0,user_39,644,,
13463,,2000000,0,user_40,644,,
13464,,3200000,31700,user_40,644,,
13465,,160000,0,user_41,644,,
13466,,77000,33300,user_41,644,,
13467,,30000000,42000,user_41,644,,
13468,,2000000,0,user_41,644,,
13469,,170000,0,user_43,644,,
13470,,4200000,0,user_45,644,,
13471,,120000,0,user_45,644,,
13472,,160000,155000,user_46,644,,
13473,,160000,15100,user_48,644,,
13474,,1100000,0,user_49,644,,
13475,,1200000,0,user_49,644,,
13467,0,30000000,42000,user_41,644,644,
13523,1,0,0,builder_4,644,644,13467
13442,2,30000000,0,user_27,644,644,
13425,3,19000000,0,user_12,644,644,
13438,4,19000000,0,user_26,644,644,
13470,5,4200000,0,user_45,644,644,
13429,6,3500000,0,user_19,644,644,
13444,7,3500000,0,user_27,644,644,
13524,8,0,0,builder_4,644,644,13464
13464,9,3200000,31700,user_40,644,644,
13454,10,2600000,34700,user_34,644,644,
13525,11,0,0,builder_4,644,644,13454
13450,12,2000000,510000,user_32,644,644,
13526,13,0,0,builder_4,644,644,13450
13527,14,0,0,builder_4,644,644,13432
13432,15,1900000,350000,user_21,644,644,
13428,16,2000000,0,user_18,644,644,
13463,17,2000000,0,user_40,644,644,
13468,18,2000000,0,user_41,644,644,
13440,19,1600000,0,user_27,644,644,
13434,20,1500000,0,user_23,644,644,
13423,21,1300000,0,user_12,644,644,
13475,22,1200000,0,user_49,644,644,
13421,23,910000,283000,user_12,644,644,
13528,24,0,0,builder_4,644,644,13421
13458,25,1100000,64600,user_36,644,644,
13529,26,0,0,builder_4,644,644,13458
13414,27,1100000,0,user_1,644,644,
13431,28,1100000,0,user_20,644,644,
13474,29,1100000,0,user_49,644,644,
13448,30,1000000,0,user_30,644,644,
13455,31,910000,0,user_34,644,644,
13437,32,670000,13900,user_25,644,644,
13530,33,0,0,builder_4,644,644,13437
13446,34,470000,0,user_28,644,644,
13447,35,460000,0,user_29,644,644,
13441,36,360000,0,user_27,644,644,
13531,37,0,0,builder_4,644,644,13472
13472,38,160000,155000,user_46,644,644,
13456,39,260000,0,user_35,644,644,
13532,40,0,0,builder_4,644,644,13473
13473,41,160000,15100,user_48,644,644,
13469,42,170000,0,user_43,644,644,
13451,43,160000,0,user_32,644,644,
13453,44,160000,0,user_32,644,644,
13465,45,160000,0,user_41,644,644,
13452,46,150000,0,user_32,644,644,
13457,47,150000,0,user_35,644,644,
13460,48,150000,0,user_38,644,644,
13443,49,120000,16400,user_27,644,644,
13533,50,0,0,builder_4,644,644,13443
13420,51,120000,0,user_11,644,644,
13435,52,120000,0,user_25,644,644,
13449,53,120000,0,user_31,644,644,
13459,54,120000,0,user_37,644,644,
13471,55,120000,0,user_45,644,644,
13534,56,0,0,builder_4,644,644,13466
13466,57,77000,33300,user_41,644,644,
13424,58,110000,0,user_12,644,644,
13430,59,110000,0,user_19,644,644,
13433,60,110000,0,user_22,644,644,
13445,61,83000,5630,user_28,644,644,
13535,62,0,0,builder_4,644,644,13445
13426,63,85000,0,user_13,644,644,
13422,64,84000,0,user_12,644,644,
13427,65,84000,0,user_18,644,644,
13419,66,83000,0,user_10,644,644,
13439,67,82000,0,user_26,644,644,
13415,68,77000,0,user_4,644,644,
13436,69,73000,0,user_25,644,644,
13584,,2500000,0,user_0,645,,
13585,,240000,0,user_2,645,,
13586,,98000,0,user_4,645,,
13587,,260000,0,user_6,645,,
13588,,130000,0,user_7,645,,
13589,,470000,0,user_11,645,,
13590,,1100000,0,user_11,645,,
13591,,870000,0,user_12,645,,
13592,,1100000,0,user_13,645,,
13593,,300000,0,user_13,645,,
13594,,110000,0,user_14,645,,
13595,,6300000,0,user_15,645,,
13596,,370000,0,user_17,645,,
13597,,1300000,13800,user_19,645,,
13598,,150000,0,user_20,645,,
13599,,630000,0,user_21,645,,
13600,,43000000,0,user_21,645,,
13601,,160000,350000,user_22,645,,
13602,,260000,5640,user_23,645,,
13603,,83000,0,user_24,645,,
13604,,460000,0,user_25,645,,
13605,,220000,0,user_26,645,,
13606,,260000,21800,user_26,645,,
13607,,1800000,0,user_28,645,,
13608,,110000,0,user_30,645,,
13609,,150000,0,user_30,645,,
13610,,1000000,0,user_32,645,,
13611,,82000,0,user_32,645,,
13612,,670000,0,user_33,645,,
13613,,1600000,0,user_34,645,,
13614,,160000,0,user_34,645,,
13615,,460000,0,user_36,645,,
13616,,1200000,0,user_37,645,,
13617,,130000,0,user_38,645,,
13618,,1000000,0,user_40,645,,
13619,,310000,0,user_41,645,,
13620,,1000000,0,user_41,645,,
13621,,1400000,0,user_41,645,,
13622,,260000,7190000,user_41,645,,
13623,,1800000,0,user_41,645,,
13624,,170000,0,user_43,645,,
13625,,470000,49100,user_44,645,,
13626,,2000000,0,user_45,645,,
13627,,530000,17000,user_47,645,,
13628,,6300000,283000,user_47,645,,
13629,,1400000,0,user_48,645,,
13630,,670000,5180,user_49,645,,
13600,0,43000000,0,user_21,645,645,
13631,1,0,0,builder_0,645,645,13622
13622,2,260000,7190000,user_41,645,645,
13632,3,0,0,builder_0,645,645,13628
13628,4,6300000,283000,user_47,645,645,
13584,5,2500000,0,user_0,645,645,
13607,6,1800000,0,user_28,645,645,
13623,7,1800000,0,user_41,645,645,
13621,8,1400000,0,user_41,645,645,
13629,9,1400000,0,user_48,645,645,
13633,10,0,0,builder_0,645,645,13597
13597,11,1300000,13800,user_19,645,645,
13616,12,1200000,0,user_37,645,645,
13590,13,1100000,0,user_11,645,645,
13592,14,1100000,0,user_13,645,645,
13610,15,1000000,0,user_32,645,645,
13618,16,1000000,0,user_40,645,645,
13620,17,1000000,0,user_41,645,645,
13634,18,0,0,builder_0,645,645,13630
13630,19,670000,5180,user_49,645,645,
13612,20,670000,0,user_33,645,645,
13599,21,630000,0,user_21,645,645,
13635,22,0,0,builder_0,645,645,13627
13627,23,530000,17000,user_47,645,645,
13636,24,0,0,builder_0,645,645,13625
13625,25,470000,49100,user_44,645,645,
13601,26,160000,350000,user_22,645,645,
13637,27,0,0,builder_0,645,645,13601
13589,28,470000,0,user_11,645,645,
13604,29,460000,0,user_25,645,645,
13615,30,460000,0,user_36,645,645,
13596,31,370000,0,user_17,645,645,
13619,32,310000,0,user_41,645,645,
13593,33,300000,0,user_13,645,645,
13638,34,0,0,builder_0,645,645,13606
13606,35,260000,21800,user_26,645,645,
13602,36,260000,5640,user_23,645,645,
13639,37,0,0,builder_0,645,645,13602
13587,38,260000,0,user_6,645,645,
13585,39,240000,0,user_2,645,645,
13605,40,220000,0,user_26,645,645,
13624,41,170000,0,user_43,645,645,
13598,42,150000,0,user_20,645,645,
13609,43,150000,0,user_30,645,645,
13588,44,130000,0,user_7,645,645,
13617,45,130000,0,user_38,645,645,
13594,46,110000,0,user_14,645,645,
13608,47,110000,0,user_30,645,645,
13611,48,82000,0,user_32,645,645,
13692,,2100000,0,user_1,646,,
13693,,150000,0,user_5,646,,
13694,,1300000,0,user_7,646,,
13695,,870000,0,user_9,646,,
13696,,1500000,0,user_10,646,,
13697,,170000,0,user_13,646,,
13698,,1400000,0,user_14,646,,
13699,,2600000,15100,user_14,646,,
13700,,1500000,0,user_15,646,,
13701,,1300000,0,user_15,646,,
13702,,170000,0,user_16,646,,
13703,,5000000,0,user_17,646,,
13704,,120000,0,user_17,646,,
13705,,660000,959000,user_18,646,,
13706,,77000,0,user_19,646,,
13707,,43000000,0,user_20,646,,
13708,,6300000,0,user_21,646,,
13709,,460000,0,user_22,646,,
13710,,1900000,0,user_23,646,,
13711,,4200000,0,user_24,646,,
13712,,260000,0,user_24,646,,
13713,,80000,0,user_26,646,,
13714,,350000,545000,user_27,646,,
13715,,79000,0,user_28,646,,
13716,,1000000,0,user_30,646,,
13717,,3600000,0,user_30,646,,
13718,,1400000,0,user_30,646,,
13719,,2000000,0,user_30,646,,
13720,,260000,0,user_31,646,,
13721,,1800000,0,user_31,646,,
13722,,4200000,0,user_32,646,,
13723,,150000,0,user_32,646,,
13724,,310000,0,user_33,646,,
13725,,160000,0,user_33,646,,
13726,,1500000,0,user_36,646,,
13727,,80000,0,user_37,646,,
13728,,2500000,0,user_37,646,,
13729,,2000000,71800,user_38,646,,
13730,,310000,510000,user_39,646,,
13731,,2600000,0,user_40,646,,
13732,,340000,0,user_41,646,,
13733,,260000,0,user_42,646,,
13734,,87000,0,user_42,646,,
13735,,360000,0,user_44,646,,
13736,,360000,0,user_47,646,,
13737,,220000,0,user_49,646,,
13738,,350000,0,user_49,646,,
13739,,120000,71800,user_49,646,,
13740,,350000,0,user_49,646,,
13707,0,43000000,0,user_20,646,646,
13708,1,6300000,0,user_21,646,646,
13703,2,5000000,0,user_17,646,646,
13711,3,4200000,0,user_24,646,646,
13722,4,4200000,0,user_32,646,646,
13717,5,3600000,0,user_30,646,646,
13756,6,0,0,builder_3,646,646,13699
13699,7,2600000,15100,user_14,646,646,
13731,8,2600000,0,user_40,646,646,
13728,9,2500000,0,user_37,646,646,
13729,10,2000000,71800,user_38,646,646,
13757,11,0,0,builder_3,646,646,13729
13719,12,2000000,0,user_30,646,646,
13710,13,1900000,0,user_23,646,646,
13721,14,1800000,0,user_31,646,646,
13758,15,0,0,builder_3,646,646,13705
13705,16,660000,959000,user_18,646,646,
13696,17,1500000,0,user_10,646,646,
13700,18,1500000,0,user_15,646,646,
13726,19,1500000,0,user_36,646,646,
13698,20,1400000,0,user_14,646,646,
13718,21,1400000,0,user_30,646,646,
13694,22,1300000,0,user_7,646,646,
13701,23,1300000,0,user_15,646,646,
13716,24,1000000,0,user_30,646,646,
13759,25,0,0,builder_3,646,646,13730
13730,26,310000,510000,user_39,646,646,
13709,27,460000,0,user_22,646,646,
13735,28,360000,0,user_44,646,646,
13736,29,360000,0,user_47,646,646,
13738,30,350000,0,user_49,646,646,
13740,31,350000,0,user_49,646,646,
13732,32,340000,0,user_41,646,646,
13724,33,310000,0,user_33,646,646,
13712,34,260000,0,user_24,646,646,
13720,35,260000,0,user_31,646,646,
13733,36,260000,0,user_42,646,646,
13737,37,220000,0,user_49,646,646,
13739,38,120000,71800,user_49,646,646,
13760,39,0,0,builder_3,646,646,13739
13697,40,170000,0,user_13,646,646,
13725,41,160000,0,user_33,646,646,
13693,42,150000,0,user_5,646,646,
13723,43,150000,0,user_32,646,646,
13704,44,120000,0,user_17,646,646,
13734,45,87000,0,user_42,646,646,
13713,46,80000,0,user_26,646,646,
13727,47,80000,0,user_37,646,646,
13715,48,79000,0,user_28,646,646,
13706,49,77000,0,user_19,646,646,
13786,,160000,0,user_2,647,,
13787,,340000,0,user_2,647,,
13788,,420000,0,user_2,647,,
13789,,6100000,0,user_2,647,,
13790,,2100000,84800,user_2,647,,
13791,,460000,0,user_4,647,,
13792,,120000,0,user_6,647,,
13793,,27000000,0,user_7,647,,
13794,,87000,0,user_9,647,,
13795,,85000,0,user_10,647,,
13796,,1100000,0,user_11,647,,
13797,,100000,0,user_12,647,,
13798,,1300000,0,user_13,647,,
13799,,1900000,0,user_14,647,,
13800,,150000,0,user_17,647,,
13801,,260000,0,user_18,647,,
13802,,630000,0,user_18,647,,
13803,,1700000,0,user_19,647,,
13804,,79000,0,user_20,647,,
13805,,1400000,0,user_22,647,,
13806,,350000,195000,user_23,647,,
13807,,170000,959000,user_24,647,,
13808,,1800000,0,user_24,647,,
13809,,370000,0,user_25,647,,
13810,,910000,155000,user_26,647,,
13811,,2100000,0,user_27,647,,
13812,,87000,0,user_28,647,,
13813,,2500000,0,user_29,647,,
13814,,43000000,231000,user_29,647,,
13815,,82000,181000,user_29,647,,
13816,,220000,350000,user_30,647,,
13817,,30000000,369000,user_30,647,,
13818,,160000,0,user_30,647,,
13819,,30000000,15300,user_31,647,,
13820,,260000,0,user_32,647,,
13821,,160000,0,user_33,647,,
13822,,1400000,0,user_34,647,,
13823,,80000,0,user_35,647,,
13824,,2000000,0,user_36,647,,
13825,,220000,0,user_38,647,,
13826,,170000,779000,user_38,647,,
13827,,4500000,0,user_38,647,,
13828,,2300000,0,user_38,647,,
13829,,85000,0,user_38,647,,
13830,,170000,0,user_39,647,,
13831,,160000,0,user_40,647,,
13832,,43000000,0,user_41,647,,
13833,,2000000,0,user_42,647,,
13834,,84000,0,user_43,647,,
13835,,2100000,0,user_44,647,,
13836,,84000,0,user_45,647,,
13837,,1000000,0,user_46,647,,
13838,,85000,215000,user_47,647,,
13839,,1600000,0,user_49,647,,
13840,,370000,0,user_49,647,,
13841,,5200000,108000,user_49,647,,
13814,0,43000000,231000,user_29,647,647,
13832,1,43000000,0,user_41,647,647,
13817,2,30000000,369000,user_30,647,647,
13819,3,30000000,15300,user_31,647,647,
13793,4,27000000,0,user_7,647,647,
13789,5,6100000,0,user_2,647,647,
13841,6,5200000,108000,user_49,647,647,
13827,7,4500000,0,user_38,647,647,
13813,8,2500000,0,user_29,647,647,
13828,9,2300000,0,user_38,647,647,
13790,10,2100000,84800,user_2,647,647,
13811,11,2100000,0,user_27,647,647,
13835,12,2100000,0,user_44,647,647,
13824,13,2000000,0,user_36,647,647,
13833,14,2000000,0,user_42,647,647,
13799,15,1900000,0,user_14,647,647,
13808,16,1800000,0,user_24,647,647,
13803,17,1700000,0,user_19,647,647,
13839,18,1600000,0,user_49,647,647,
13805,19,1400000,0,user_22,647,647,
13822,20,1400000,0,user_34,647,647,
13798,21,1300000,0,user_13,647,647,
13796,22,1100000,0,user_11,647,647,
13837,23,1000000,0,user_46,647,647,
13802,24,630000,0,user_18,647,647,
13788,25,420000,0,user_2,647,647,
13809,26,370000,0,user_25,647,647,
13840,27,370000,0,user_49,647,647,
13806,28,350000,195000,user_23,647,647,
13787,29,340000,0,user_2,647,647,
13801,30,260000,0,user_18,647,647,
13820,31,260000,0,user_32,647,647,
13816,32,220000,350000,user_30,647,647,
13825,33,220000,0,user_38,647,647,
13807,34,170000,959000,user_24,647,647,
13826,35,170000,779000,user_38,647,647,
13786,36,160000,0,user_2,647,647,
13818,37,160000,0,user_30,647,647,
13821,38,160000,0,user_33,647,647,
13831,39,160000,0,user_40,647,647,
13800,40,150000,0,user_17,647,647,
13792,41,120000,0,user_6,647,647,
13794,42,87000,0,user_9,647,647,
13795,43,85000,0,user_10,647,647,
13829,44,85000,0,user_38,647,647,
13838,45,85000,215000,user_47,647,647,
13834,46,84000,0,user_43,647,647,
13836,47,84000,0,user_45,647,647,
13815,48,82000,181000,user_29,647,647,
13823,49,80000,0,user_35,647,647,
13804,50,79000,0,user_20,647,647,
9326,,240000,0,user_0,648,,
9327,,4200000,67900,user_1,648,,
9328,,1000000,0,user_2,648,,
9329,,110000,19700,user_3,648,,
9330,,630000,17000,user_3,648,,
9331,,870000,0,user_3,648,,
9332,,5000000,0,user_3,648,,
9333,,460000,42000,user_3,648,,
9334,,4500000,0,user_4,648,,
9335,,3500000,146000,user_5,648,,
9336,,170000,0,user_6,648,,
9337,,87000,0,user_6,648,,
9338,,360000,0,user_6,648,,
9339,,630000,0,user_7,648,,
9340,,2400000,36800,user_7,648,,
9341,,120000,0,user_7,648,,
9342,,79000,47700,user_7,648,,
9343,,79000,3130,user_7,648,,
9344,,910000,0,user_8,648,,
9345,,160000,0,user_8,648,,
9346,,6100000,0,user_9,648,,
9347,,260000,0,user_13,648,,
9348,,79000,0,user_14,648,,
9349,,220000,0,user_15,648,,
9350,,1800000,0,user_16,648,,
9351,,1500000,0,user_17,648,,
9352,,3600000,0,user_18,648,,
9353,,170000,42000,user_19,648,,
9354,,340000,0,user_19,648,,
9355,,970000,0,user_21,648,,
9356,,1300000,0,user_23,648,,
9357,,340000,231000,user_26,648,,
9358,,170000,0,user_26,648,,
9359,,1200000,0,user_27,648,,
9360,,650000,0,user_30,648,,
9361,,110000,0,user_31,648,,
9362,,30000000,0,user_33,648,,
9363,,87000,3130,user_34,648,,
9364,,320000,0,user_34,648,,
9365,,300000,0,user_34,648,,
9366,,120000,283000,user_34,648,,
9367,,80000,0,user_34,648,,
9368,,43000000,0,user_35,648,,
9369,,1900000,0,user_37,648,,
9370,,160000,0,user_38,648,,
9371,,2400000,0,user_39,648,,
9372,,310000,0,user_40,648,,
9373,,220000,0,user_42,648,,
9374,,1400000,0,user_44,648,,
9375,,6300000,0,user_45,648,,
9376,,3500000,13800,user_46,648,,
9377,,150000,0,user_47,648,,
9378,,420000,0,user_47,648,,
9379,,460000,0,user_47,648,,
9380,,79000,0,user_47,648,,
9381,,120000,0,user_48,648,,
9382,,110000,47700,user_49,648,,
9383,,1700000,0,user_49,648,,
9384,,4200000,0,user_49,648,,
9385,,2600000,0,user_49,648,,
9368,0,43000000,0,user_35,648,648,
9362,1,30000000,0,user_33,648,648,
9375,2,6300000,0,user_45,648,648,
9332,3,5000000,0,user_3,648,648,
9334,4,4500000,0,user_4,648,648,
9327,5,4200000,67900,user_1,648,648,
9384,6,4200000,0,user_49,648,648,
9352,7,3600000,0,user_18,648,648,
9335,8,3500000,146000,user_5,648,648,
9376,9,3500000,13800,user_46,648,648,
9385,10,2600000,0,user_49,648,648,
9340,11,2400000,36800,user_7,648,648,
9371,12,2400000,0,user_39,648,648,
9369,13,1900000,0,user_37,648,648,
9350,14,1800000,0,user_16,648,648,
9383,15,1700000,0,user_49,648,648,
9351,16,1500000,0,user_17,648,648,
9374,17,1400000,0,user_44,648,648,
9356,18,1300000,0,user_23,648,648,
9359,19,1200000,0,user_27,648,648,
9328,20,1000000,0,user_2,648,648,
9355,21,970000,0,user_21,648,648,
9344,22,910000,0,user_8,648,648,
9331,23,870000,0,user_3,648,648,
9360,24,650000,0,user_30,648,648,
9330,25,630000,17000,user_3,648,648,
9339,26,630000,0,user_7,648,648,
9333,27,460000,42000,user_3,648,648,
9379,28,460000,0,user_47,648,648,
9378,29,420000,0,user_47,648,648,
9338,30,360000,0,user_6,648,648,
9357,31,340000,231000,user_26,648,648,
9364,32,320000,0,user_34,648,648,
9372,33,310000,0,user_40,648,648,
9365,34,300000,0,user_34,648,648,
9347,35,260000,0,user_13,648,648,
9326,36,240000,0,user_0,648,648,
9349,37,220000,0,user_15,648,648,
9373,38,220000,0,user_42,648,648,
9336,39,170000,0,user_6,648,648,
9358,40,170000,0,user_26,648,648,
9345,41,160000,0,user_8,648,648,
9377,42,150000,0,user_47,648,648,
9341,43,120000,0,user_7,648,648,
9366,44,120000,283000,user_34,648,648,
9329,45,110000,19700,user_3,648,648,
9361,46,110000,0,user_31,648,648,
9382,47,110000,47700,user_49,648,648,
9337,48,87000,0,user_6,648,648,
9363,49,87000,3130,user_34,648,648,
9367,50,80000,0,user_34,648,648,
9342,51,79000,47700,user_7,648,648,
9343,52,79000,3130,user_7,648,648,
9380,53,79000,0,user_47,648,648,
9478,,100000,15100,user_1,649,,
9479,,1300000,0,user_2,649,,
9480,,3600000,0,user_3,649,,
9481,,2000000,0,user_4,649,,
9482,,2500000,0,user_5,649,,
9483,,130000,31700,user_6,649,,
9484,,460000,0,user_7,649,,
9485,,970000,0,user_7,649,,
9486,,1000000,0,user_8,649,,
9487,,460000,322000,user_10,649,,
9488,,630000,0,user_11,649,,
9489,,4500000,0,user_12,649,,
9490,,3600000,0,user_12,649,,
9491,,120000,0,user_13,649,,
9492,,4500000,0,user_13,649,,
9493,,1900000,0,user_15,649,,
9494,,150000,0,user_16,649,,
9495,,130000,0,user_16,649,,
9496,,1000000,0,user_16,649,,
9497,,120000,0,user_16,649,,
9498,,85000,0,user_16,649,,
9499,,110000,32900,user_17,649,,
9500,,2000000,0,user_17,649,,
9501,,970000,0,user_20,649,,
9502,,360000,0,user_22,649,,
9503,,1400000,16400,user_24,649,,
9504,,340000,0,user_26,649,,
9505,,1800000,0,user_27,649,,
9506,,2600000,0,user_27,649,,
9507,,460000,0,user_27,649,,
9508,,110000,0,user_27,649,,
9509,,970000,6390,user_27,649,,
9510,,120000,3130,user_29,649,,
9511,,2000000,0,user_30,649,,
9512,,130000,0,user_31,649,,
9513,,3600000,0,user_32,649,,
9514,,70000,84800,user_33,649,,
9515,,5200000,0,user_34,649,,
9516,,2600000,0,user_35,649,,
9517,,120000,0,user_35,649,,
9518,,5000000,121000,user_35,649,,
9519,,110000,0,user_35,649,,
9520,,460000,3130,user_36,649,,
9521,,100000,0,user_37,649,,
9522,,80000,8520,user_38,649,,
9523,,130000,0,user_39,649,,
9524,,150000,0,user_40,649,,
9525,,1200000,0,user_42,649,,
9526,,110000,0,user_42,649,,
9527,,120000,0,user_43,649,,
9528,,660000,0,user_43,649,,
9529,,340000,0,user_44,649,,
9530,,160000,0,user_45,649,,
9531,,220000,0,user_46,649,,
9532,,1300000,0,user_47,649,,
9533,,110000,0,user_48,649,,
9534,,1100000,0,user_49,649,,
9535,,1600000,0,user_49,649,,
9515,0,5200000,0,user_34,649,649,
9518,1,5000000,121000,user_35,649,649,
9489,2,4500000,0,user_12,649,649,
9492,3,4500000,0,user_13,649,649,
9480,4,3600000,0,user_3,649,649,
9490,5,3600000,0,user_12,649,649,
9513,6,3600000,0,user_32,649,649,
9506,7,2600000,0,user_27,649,649,
9516,8,2600000,0,user_35,649,649,
9482,9,2500000,0,user_5,649,649,
9481,10,2000000,0,user_4,649,649,
9500,11,2000000,0,user_17,649,649,
9493,12,1900000,0,user_15,649,649,
9505,13,1800000,0,user_27,649,649,
9535,14,1600000,0,user_49,649,649,
9503,15,1400000,16400,user_24,649,649,
9479,16,1300000,0,user_2,649,649,
9532,17,1300000,0,user_47,649,649,
9525,18,1200000,0,user_42,649,649,
9534,19,1100000,0,user_49,649,649,
9486,20,1000000,0,user_8,649,649,
9496,21,1000000,0,user_16,649,649,
9485,22,970000,0,user_7,649,649,
9501,23,970000,0,user_20,649,649,
9509,24,970000,6390,user_27,649,649,
9528,25,660000,0,user_43,649,649,
9488,26,630000,0,user_11,649,649,
9484,27,460000,0,user_7,649,649,
9487,28,460000,322000,user_10,649,649,
9507,29,460000,0,user_27,649,649,
9504,30,340000,0,user_26,649,649,
9529,31,340000,0,user_44,649,649,
9531,32,220000,0,user_46,649,649,
9530,33,160000,0,user_45,649,649,
9494,34,150000,0,user_16,649,649,
9483,35,130000,31700,user_6,649,649,
9495,36,130000,0,user_16,649,649,
9512,37,130000,0,user_31,649,649,
9523,38,130000,0,user_39,649,649,
9491,39,120000,0,user_13,649,649,
9497,40,120000,0,user_16,649,649,
9510,41,120000,3130,user_29,649,649,
9517,42,120000,0,user_35,649,649,
9527,43,120000,0,user_43,649,649,
9499,44,110000,32900,user_17,649,649,
9508,45,110000,0,user_27,649,649,
9519,46,110000,0,user_35,649,649,
9526,47,110000,0,user_42,649,649,
9533,48,110000,0,user_48,649,649,
9478,49,100000,15100,user_1,649,649,
9521,50,100000,0,user_37,649,649,
9498,51,85000,0,user_16,649,649,
9522,52,80000,8520,user_38,649,649,
9514,53,70000,84800,user_33,649,649,
9616,,2600000,0,user_0,650,,
9617,,1400000,0,user_1,650,,
9618,,4200000,0,user_2,650,,
9619,,1600000,0,user_3,650,,
9620,,970000,0,user_4,650,,
9621,,3500000,30200,user_4,650,,
9622,,1700000,12800,user_5,650,,
9623,,30000000,0,user_9,650,,
9624,,170000,0,user_9,650,,
9625,,530000,0,user_10,650,,
9626,,460000,19700,user_10,650,,
9627,,170000,8520,user_11,650,,
9628,,98000,0,user_14,650,,
9629,,1000000,0,user_16,650,,
9630,,5000000,0,user_16,650,,
9631,,870000,0,user_17,650,,
9632,,2000000,35100,user_18,650,,
9633,,120000,0,user_18,650,,
9634,,30000000,0,user_20,650,,
9635,,120000,68100,user_21,650,,
9636,,80000,283000,user_22,650,,
9637,,1500000,0,user_24,650,,
9638,,3200000,0,user_30,650,,
9639,,70000,0,user_31,650,,
9640,,670000,0,user_32,650,,
9641,,160000,0,user_33,650,,
9642,,1600000,0,user_35,650,,
9643,,27000000,0,user_36,650,,
9644,,1000000,66100,user_37,650,,
9645,,220000,0,user_39,650,,
9646,,2100000,0,user_39,650,,
9647,,1700000,0,user_41,650,,
9648,,630000,0,user_42,650,,
9649,,320000,5640,user_43,650,,
9650,,320000,0,user_43,650,,
9651,,1500000,0,user_44,650,,
9652,,79000,0,user_45,650,,
9653,,30000000,0,user_46,650,,
9654,,350000,47700,user_47,650,,
9655,,1900000,84800,user_47,650,,
9656,,220000,0,user_48,650,,
9623,0,30000000,0,user_9,650,650,
9634,1,30000000,0,user_20,650,650,
9653,2,30000000,0,user_46,650,650,
9643,3,27000000,0,user_36,650,650,
9630,4,5000000,0,user_16,650,650,
9618,5,4200000,0,user_2,650,650,
9621,6,3500000,30200,user_4,650,650,
9723,7,0,0,builder_8,650,650,9621
9638,8,3200000,0,user_30,650,650,
9616,9,2600000,0,user_0,650,650,
9646,10,2100000,0,user_39,650,650,
9724,11,0,0,builder_8,650,650,9632
9632,12,2000000,35100,user_18,650,650,
9725,13,0,0,builder_8,650,650,9655
9655,14,1900000,84800,user_47,650,650,
9726,15,0,0,builder_8,650,650,9622
9622,16,1700000,12800,user_5,650,650,
9647,17,1700000,0,user_41,650,650,
9619,18,1600000,0,user_3,650,650,
9642,19,1600000,0,user_35,650,650,
9651,20,1500000,0,user_44,650,650,
9644,21,1000000,66100,user_37,650,650,
9727,22,0,0,builder_8,650,650,9644
9629,23,1000000,0,user_16,650,650,
9620,24,970000,0,user_4,650,650,
9640,25,670000,0,user_32,650,650,
9648,26,630000,0,user_42,650,650,
9625,27,530000,0,user_10,650,650,
9728,28,0,0,builder_8,650,650,9626
9626,29,460000,19700,user_10,650,650,
9729,30,0,0,builder_8,650,650,9654
9654,31,350000,47700,user_47,650,650,
9636,32,80000,283000,user_22,650,650,
9730,33,0,0,builder_8,650,650,9636
9645,34,220000,0,user_39,650,650,
9656,35,220000,0,user_48,650,650,
9635,36,120000,68100,user_21,650,650,
9731,37,0,0,builder_8,650,650,9635
9627,38,170000,8520,user_11,650,650,
9732,39,0,0,builder_8,650,650,9627
9624,40,170000,0,user_9,650,650,
9641,41,160000,0,user_33,650,650,
9633,42,120000,0,user_18,650,650,
9628,43,98000,0,user_14,650,650,
9733,,970000,0,user_0,651,,
9734,,120000,0,user_2,651,,
9735,,120000,7840,user_3,651,,
9736,,220000,4320000,user_4,651,,
9737,,4200000,17000,user_8,651,,
9738,,100000,0,user_11,651,,
9739,,260000,0,user_13,651,,
9740,,220000,0,user_15,651,,
9741,,660000,35600,user_16,651,,
9742,,4200000,0,user_17,651,,
9743,,120000,0,user_17,651,,
9744,,300000,0,user_18,651,,
9745,,360000,0,user_20,651,,
9746,,220000,0,user_20,651,,
9747,,5000000,0,user_20,651,,
9748,,3200000,0,user_20,651,,
9749,,2400000,0,user_20,651,,
9750,,470000,18600,user_24,651,,
9751,,85000,100000,user_27,651,,
9752,,1800000,0,user_28,651,,
9753,,1900000,0,user_29,651,,
9754,,650000,0,user_29,651,,
9755,,6100000,0,user_31,651,,
9756,,2100000,0,user_32,651,,
9757,,1500000,0,user_33,651,,
9758,,670000,0,user_34,651,,
9759,,30000000,0,user_35,651,,
9760,,80000,0,user_36,651,,
9761,,84000,0,user_37,651,,
9762,,3600000,0,user_37,651,,
9763,,77000,0,user_38,651,,
9764,,170000,0,user_39,651,,
9765,,360000,0,user_40,651,,
9766,,79000,128000,user_42,651,,
9767,,3200000,0,user_43,651,,
9768,,150000,0,user_43,651,,
9769,,150000,510000,user_45,651,,
9770,,2000000,16400,user_46,651,,
9771,,83000,0,user_48,651,,
9772,,100000,0,user_49,651,,
9759,0,30000000,0,user_35,651,651,
9755,1,6100000,0,user_31,651,651,
9747,2,5000000,0,user_20,651,651,
9737,3,4200000,17000,user_8,651,651,
9742,4,4200000,0,user_17,651,651,
9762,5,3600000,0,user_37,651,651,
9748,6,3200000,0,user_20,651,651,
9767,7,3200000,0,user_43,651,651,
9749,8,2400000,0,user_20,651,651,
9756,9,2100000,0,user_32,651,651,
9770,10,2000000,16400,user_46,651,651,
9753,11,1900000,0,user_29,651,651,
9752,12,1800000,0,user_28,651,651,
9757,13,1500000,0,user_33,651,651,
9733,14,970000,0,user_0,651,651,
9758,15,670000,0,user_34,651,651,
9741,16,660000,35600,user_16,651,651,
9754,17,650000,0,user_29,651,651,
9750,18,470000,18600,user_24,651,651,
9745,19,360000,0,user_20,651,651,
9765,20,360000,0,user_40,651,651,
9744,21,300000,0,user_18,651,651,
9739,22,260000,0,user_13,651,651,
9736,23,220000,4320000,user_4,651,651,
9740,24,220000,0,user_15,651,651,
9746,25,220000,0,user_20,651,651,
9764,26,170000,0,user_39,651,651,
9768,27,150000,0,user_43,651,651,
9769,28,150000,510000,user_45,651,651,
9734,29,120000,0,user_2,651,651,
9735,30,120000,7840,user_3,651,651,
9743,31,120000,0,user_17,651,651,
9738,32,100000,0,user_11,651,651,
9772,33,100000,0,user_49,651,651,
9761,34,84000,0,user_37,651,651,
9766,35,79000,128000,user_42,651,651,
9834,,120000,155000,user_1,652,,
9835,,220000,0,user_1,652,,
9836,,300000,0,user_2,652,,
9837,,82000,0,user_2,652,,
9838,,260000,0,user_3,652,,
9839,,260000,0,user_6,652,,
9840,,170000,0,user_7,652,,
9841,,73000,0,user_8,652,,
9842,,460000,0,user_9,652,,
9843,,3200000,128000,user_10,652,,
9844,,3200000,0,user_12,652,,
9845,,120000,0,user_12,652,,
9846,,160000,0,user_14,652,,
9847,,1700000,0,user_15,652,,
9848,,170000,0,user_16,652,,
9849,,2400000,49100,user_17,652,,
9850,,650000,0,user_20,652,,
9851,,220000,0,user_23,652,,
9852,,2500000,0,user_24,652,,
9853,,27000000,0,user_25,652,,
9854,,170000,56200,user_26,652,,
9855,,2100000,0,user_27,652,,
9856,,220000,0,user_28,652,,
9857,,150000,0,user_29,652,,
9858,,340000,0,user_30,652,,
9859,,350000,0,user_31,652,,
9860,,150000,0,user_32,652,,
9861,,870000,0,user_33,652,,
9862,,1200000,0,user_35,652,,
9863,,1800000,0,user_35,652,,
9864,,260000,0,user_37,652,,
9865,,370000,0,user_38,652,,
9866,,87000,0,user_39,652,,
9867,,360000,0,user_40,652,,
9868,,80000,0,user_41,652,,
9869,,87000,0,user_42,652,,
9870,,310000,12300,user_45,652,,
9871,,190000,0,user_45,652,,
9872,,420000,0,user_48,652,,
9873,,120000,0,user_49,652,,
9874,,19000000,0,user_49,652,,
9875,,110000,0,user_49,652,,
9853,0,27000000,0,user_25,652,652,
9874,1,19000000,0,user_49,652,652,
9843,2,3200000,128000,user_10,652,652,
9844,3,3200000,0,user_12,652,652,
9852,4,2500000,0,user_24,652,652,
9849,5,2400000,49100,user_17,652,652,
9855,6,2100000,0,user_27,652,652,
9863,7,1800000,0,user_35,652,652,
9847,8,1700000,0,user_15,652,652,
9862,9,1200000,0,user_35,652,652,
9861,10,870000,0,user_33,652,652,
9850,11,650000,0,user_20,652,652,
9842,12,460000,0,user_9,652,652,
9872,13,420000,0,user_48,652,652,
9865,14,370000,0,user_38,652,652,
9859,15,350000,0,user_31,652,652,
9870,16,310000,12300,user_45,652,652,
9836,17,300000,0,user_2,652,652,
9838,18,260000,0,user_3,652,652,
9839,19,260000,0,user_6,652,652,
9864,20,260000,0,user_37,652,652,
9835,21,220000,0,user_1,652,652,
9856,22,220000,0,user_28,652,652,
9871,23,190000,0,user_45,652,652,
9840,24,170000,0,user_7,652,652,
9848,25,170000,0,user_16,652,652,
9854,26,170000,56200,user_26,652,652,
9857,27,150000,0,user_29,652,652,
9860,28,150000,0,user_32,652,652,
9834,29,120000,155000,user_1,652,652,
9845,30,120000,0,user_12,652,652,
9873,31,120000,0,user_49,652,652,
9875,32,110000,0,user_49,652,652,
9866,33,87000,0,user_39,652,652,
9869,34,87000,0,user_42,652,652,
9837,35,82000,0,user_2,652,652,
9868,36,80000,0,user_41,652,652,
9841,37,73000,0,user_8,652,652,
9911,,1300000,0,user_0,653,,
9912,,80000,0,user_1,653,,
9913,,85000,0,user_1,653,,
9914,,4500000,0,user_1,653,,
9915,,530000,67500,user_2,653,,
9916,,260000,0,user_4,653,,
9917,,43000000,17000,user_5,653,,
9918,,80000,0,user_6,653,,
9919,,170000,0,user_6,653,,
9920,,1700000,0,user_8,653,,
9921,,260000,12800,user_9,653,,
9922,,600000,0,user_10,653,,
9923,,110000,215000,user_11,653,,
9924,,98000,0,user_13,653,,
9925,,260000,0,user_13,653,,
9926,,5000000,0,user_13,653,,
9927,,160000,0,user_15,653,,
9928,,420000,39400,user_16,653,,
9929,,110000,75000,user_16,653,,
9930,,5000000,0,user_17,653,,
9931,,130000,30200,user_18,653,,
9932,,77000,0,user_19,653,,
9933,,2000000,0,user_19,653,,
9934,,910000,0,user_19,653,,
9935,,79000,0,user_19,653,,
9936,,190000,0,user_19,653,,
9937,,2000000,0,user_20,653,,
9938,,2000000,0,user_20,653,,
9939,,910000,15100,user_22,653,,
9940,,600000,0,user_23,653,,
9941,,350000,0,user_24,653,,
9942,,4500000,0,user_24,653,,
9943,,27000000,4320000,user_24,653,,
9944,,240000,0,user_25,653,,
9945,,3500000,0,user_25,653,,
9946,,27000000,0,user_26,653,,
9947,,150000,0,user_27,653,,
9948,,70000,0,user_27,653,,
9949,,27000000,0,user_28,653,,
9950,,1000000,0,user_30,653,,
9951,,110000,0,user_31,653,,
9952,,3500000,0,user_33,653,,
9953,,87000,0,user_33,653,,
9954,,5000000,108000,user_34,653,,
9955,,2100000,0,user_35,653,,
9956,,360000,0,user_35,653,,
9957,,530000,0,user_37,653,,
9958,,4200000,31700,user_39,653,,
9959,,82000,0,user_39,653,,
9960,,79000,0,user_39,653,,
9961,,130000,0,user_39,653,,
9962,,1000000,5180,user_40,653,,
9963,,320000,0,user_40,653,,
9964,,1000000,0,user_40,653,,
9965,,87000,0,user_40,653,,
9966,,5000000,0,user_41,653,,
9967,,77000,0,user_42,653,,
9968,,83000,0,user_43,653,,
9969,,1400000,56200,user_43,653,,
9970,,300000,0,user_44,653,,
9971,,310000,0,user_45,653,,
9972,,630000,24700,user_45,653,,
9973,,160000,0,user_45,653,,
9974,,70000,0,user_45,653,,
9975,,320000,0,user_45,653,,
9976,,910000,0,user_47,653,,
9977,,100000,0,user_48,653,,
9978,,310000,0,user_48,653,,
9979,,350000,0,user_49,653,,
9980,,2100000,0,user_49,653,,
9917,0,43000000,17000,user_5,653,653,
9943,1,27000000,4320000,user_24,653,653,
9946,2,27000000,0,user_26,653,653,
9949,3,27000000,0,user_28,653,653,
9926,4,5000000,0,user_13,653,653,
9930,5,5000000,0,user_17,653,653,
9954,6,5000000,108000,user_34,653,653,
9966,7,5000000,0,user_41,653,653,
9914,8,4500000,0,user_1,653,653,
9942,9,4500000,0,user_24,653,653,
9958,10,4200000,31700,user_39,653,653,
9945,11,3500000,0,user_25,653,653,
9952,12,3500000,0,user_33,653,653,
9955,13,2100000,0,user_35,653,653,
9980,14,2100000,0,user_49,653,653,
9933,15,2000000,0,user_19,653,653,
9937,16,2000000,0,user_20,653,653,
9938,17,2000000,0,user_20,653,653,
9920,18,1700000,0,user_8,653,653,
9969,19,1400000,56200,user_43,653,653,
9934,20,910000,0,user_19,653,653,
9976,21,910000,0,user_47,653,653,
9972,22,630000,24700,user_45,653,653,
9922,23,600000,0,user_10,653,653,
9915,24,530000,67500,user_2,653,653,
9957,25,530000,0,user_37,653,653,
9928,26,420000,39400,user_16,653,653,
9956,27,360000,0,user_35,653,653,
9941,28,350000,0,user_24,653,653,
9979,29,350000,0,user_49,653,653,
9975,30,320000,0,user_45,653,653,
9971,31,310000,0,user_45,653,653,
9978,32,310000,0,user_48,653,653,
9970,33,300000,0,user_44,653,653,
9916,34,260000,0,user_4,653,653,
9921,35,260000,12800,user_9,653,653,
9925,36,260000,0,user_13,653,653,
9944,37,240000,0,user_25,653,653,
9936,38,190000,0,user_19,653,653,
9919,39,170000,0,user_6,653,653,
9927,40,160000,0,user_15,653,653,
9973,41,160000,0,user_45,653,653,
9947,42,150000,0,user_27,653,653,
9961,43,130000,0,user_39,653,653,
9923,44,110000,215000,user_11,653,653,
9929,45,110000,75000,user_16,653,653,
9951,46,110000,0,user_31,653,653,
9977,47,100000,0,user_48,653,653,
9924,48,98000,0,user_13,653,653,
9953,49,87000,0,user_33,653,653,
9913,50,85000,0,user_1,653,653,
9968,51,83000,0,user_43,653,653,
9959,52,82000,0,user_39,653,653,
9912,53,80000,0,user_1,653,653,
9918,54,80000,0,user_6,653,653,
9935,55,79000,0,user_19,653,653,
9960,56,79000,0,user_39,653,653,
9932,57,77000,0,user_19,653,653,
9967,58,77000,0,user_42,653,653,
9948,59,70000,0,user_27,653,653,
9974,60,70000,0,user_45,653,653,
10079,,170000,0,user_1,654,,
10080,,19000000,0,user_3,654,,
10081,,870000,0,user_3,654,,
10082,,100000,0,user_4,654,,
10083,,27000000,11200,user_5,654,,
10084,,150000,0,user_6,654,,
10085,,83000,0,user_6,654,,
10086,,30000000,0,user_6,654,,
10087,,350000,0,user_6,654,,
10088,,2100000,0,user_6,654,,
10089,,85000,0,user_7,654,,
10090,,3500000,0,user_8,654,,
10091,,3500000,0,user_9,654,,
10092,,310000,0,user_10,654,,
10093,,110000,0,user_12,654,,
10094,,1800000,0,user_12,654,,
10095,,2100000,1100000,user_13,654,,
10096,,530000,0,user_14,654,,
10097,,170000,0,user_16,654,,
10098,,110000,0,user_17,654,,
10099,,220000,0,user_18,654,,
10100,,420000,5640,user_18,654,,
10101,,110000,0,user_18,654,,
10102,,170000,30200,user_20,654,,
10103,,3600000,0,user_20,654,,
10104,,220000,0,user_21,654,,
10105,,1800000,0,user_21,654,,
10106,,160000,0,user_22,654,,
10107,,120000,8520,user_23,654,,
10108,,220000,231000,user_24,654,,
10109,,350000,0,user_26,654,,
10110,,160000,0,user_26,654,,
10111,,150000,0,user_26,654,,
10112,,910000,0,user_26,654,,
10113,,1100000,0,user_27,654,,
10114,,650000,0,user_27,654,,
10115,,6300000,0,user_28,654,,
10116,,6100000,0,user_30,654,,
10117,,970000,0,user_31,654,,
10118,,1300000,21800,user_31,654,,
10119,,150000,0,user_33,654,,
10120,,2500000,0,user_34,654,,
10121,,420000,0,user_36,654,,
10122,,1700000,32900,user_37,654,,
10123,,160000,0,user_39,654,,
10124,,170000,0,user_41,654,,
10125,,190000,0,user_41,654,,
10126,,260000,0,user_42,654,,
10127,,1100000,0,user_43,654,,
10128,,1500000,0,user_43,654,,
10129,,420000,215000,user_43,654,,
10130,,19000000,0,user_43,654,,
10131,,300000,0,user_46,654,,
10086,0,30000000,0,user_6,654,654,
10083,1,27000000,11200,user_5,654,654,
10080,2,19000000,0,user_3,654,654,
10130,3,19000000,0,user_43,654,654,
10115,4,6300000,0,user_28,654,654,
10116,5,6100000,0,user_30,654,654,
10103,6,3600000,0,user_20,654,654,
10090,7,3500000,0,user_8,654,654,
10091,8,3500000,0,user_9,654,654,
10120,9,2500000,0,user_34,654,654,
10088,10,2100000,0,user_6,654,654,
10095,11,2100000,1100000,user_13,654,654,
10094,12,1800000,0,user_12,654,654,
10105,13,1800000,0,user_21,654,654,
10122,14,1700000,32900,user_37,654,654,
10128,15,1500000,0,user_43,654,654,
10118,16,1300000,21800,user_31,654,654,
10113,17,1100000,0,user_27,654,654,
10127,18,1100000,0,user_43,654,654,
10117,19,970000,0,user_31,654,654,
10112,20,910000,0,user_26,654,654,
10081,21,870000,0,user_3,654,654,
10114,22,650000,0,user_27,654,654,
10096,23,530000,0,user_14,654,654,
10100,24,420000,5640,user_18,654,654,
10121,25,420000,0,user_36,654,654,
10129,26,420000,215000,user_43,654,654,
10087,27,350000,0,user_6,654,654,
10109,28,350000,0,user_26,654,654,
10126,29,260000,0,user_42,654,654,
10099,30,220000,0,user_18,654,654,
10104,31,220000,0,user_21,654,654,
10108,32,220000,231000,user_24,654,654,
10079,33,170000,0,user_1,654,654,
10102,34,170000,30200,user_20,654,654,
10106,35,160000,0,user_22,654,654,
10110,36,160000,0,user_26,654,654,
10123,37,160000,0,user_39,654,654,
10084,38,150000,0,user_6,654,654,
10111,39,150000,0,user_26,654,654,
10119,40,150000,0,user_33,654,654,
10107,41,120000,8520,user_23,654,654,
10093,42,110000,0,user_12,654,654,
10098,43,110000,0,user_17,654,654,
10101,44,110000,0,user_18,654,654,
10082,45,100000,0,user_4,654,654,
10089,46,85000,0,user_7,654,654,
10085,47,83000,0,user_6,654,654,
10195,,170000,0,user_2,655,,
10196,,220000,13900,user_3,655,,
10197,,110000,0,user_4,655,,
10198,,460000,0,user_4,655,,
10199,,1300000,0,user_6,655,,
10200,,1000000,0,user_7,655,,
10201,,650000,0,user_8,655,,
10202,,260000,35100,user_9,655,,
10203,,260000,36800,user_10,655,,
10204,,4200000,195000,user_10,655,,
10205,,82000,5180,user_12,655,,
10206,,1800000,0,user_13,655,,
10207,,870000,0,user_13,655,,
10208,,460000,0,user_15,655,,
10209,,120000,0,user_15,655,,
10210,,1800000,0,user_16,655,,
10211,,360000,0,user_16,655,,
10212,,1600000,0,user_16,655,,
10213,,4500000,0,user_16,655,,
10214,,70000,0,user_16,655,,
10215,,1500000,0,user_17,655,,
10216,,1600000,0,user_18,655,,
10217,,460000,0,user_21,655,,
10218,,120000,0,user_26,655,,
10219,,1100000,0,user_28,655,,
10220,,27000000,0,user_28,655,,
10221,,98000,0,user_28,655,,
10222,,84000,0,user_28,655,,
10223,,170000,0,user_28,655,,
10224,,3200000,0,user_30,655,,
10225,,460000,0,user_30,655,,
10226,,1000000,296000,user_31,655,,
10227,,1000000,0,user_32,655,,
10228,,320000,0,user_33,655,,
10229,,5200000,0,user_33,655,,
10230,,150000,155000,user_33,655,,
10231,,460000,36800,user_33,655,,
10232,,73000,0,user_34,655,,
10233,,1700000,0,user_34,655,,
10234,,150000,0,user_36,655,,
10235,,27000000,0,user_38,655,,
10236,,170000,0,user_39,655,,
10237,,1100000,0,user_41,655,,
10238,,160000,0,user_41,655,,
10239,,370000,0,user_42,655,,
10240,,2000000,0,user_47,655,,
10241,,420000,0,user_48,655,,
10242,,120000,0,user_49,655,,
10220,0,27000000,0,user_28,655,655,
10235,1,27000000,0,user_38,655,655,
10229,2,5200000,0,user_33,655,655,
10213,3,4500000,0,user_16,655,655,
10243,4,0,0,builder_0,655,655,10204
10204,5,4200000,195000,user_10,655,655,
10224,6,3200000,0,user_30,655,655,
10240,7,2000000,0,user_47,655,655,
10206,8,1800000,0,user_13,655,655,
10210,9,1800000,0,user_16,655,655,
10212,10,1600000,0,user_16,655,655,
10216,11,1600000,0,user_18,655,655,
10215,12,1500000,0,user_17,655,655,
10199,13,1300000,0,user_6,655,655,
10244,14,0,0,builder_0,655,655,10226
10226,15,1000000,296000,user_31,655,655,
10219,16,1100000,0,user_28,655,655,
10237,17,1100000,0,user_41,655,655,
10200,18,1000000,0,user_7,655,655,
10227,19,1000000,0,user_32,655,655,
10207,20,870000,0,user_13,655,655,
10201,21,650000,0,user_8,655,655,
10231,22,460000,36800,user_33,655,655,
10245,23,0,0,builder_0,655,655,10231
10217,24,460000,0,user_21,655,655,
10225,25,460000,0,user_30,655,655,
10241,26,420000,0,user_48,655,655,
10239,27,370000,0,user_42,655,655,
10211,28,360000,0,user_16,655,655,
10228,29,320000,0,user_33,655,655,
10230,30,150000,155000,user_33,655,655,
10246,31,0,0,builder_0,655,655,10230
10247,32,0,0,builder_0,655,655,10203
10203,33,260000,36800,user_10,655,655,
10202,34,260000,35100,user_9,655,655,
10248,35,0,0,builder_0,655,655,10202
10249,36,0,0,builder_0,655,655,10196
10196,37,220000,13900,user_3,655,655,
10195,38,170000,0,user_2,655,655,
10223,39,170000,0,user_28,655,655,
10238,40,160000,0,user_41,655,655,
10234,41,150000,0,user_36,655,655,
10218,42,120000,0,user_26,655,655,
10242,43,120000,0,user_49,655,655,
10221,44,98000,0,user_28,655,655,
10222,45,84000,0,user_28,655,655,
10214,46,70000,0,user_16,655,655,
10303,,150000,19700,user_0,656,,
10304,,73000,0,user_4,656,,
10305,,3200000,0,user_6,656,,
10306,,1900000,0,user_7,656,,
10307,,120000,0,user_7,656,,
10308,,5000000,0,user_7,656,,
10309,,120000,12800,user_7,656,,
10310,,19000000,10700,user_8,656,,
10311,,420000,17700000,user_8,656,,
10312,,2400000,0,user_9,656,,
10313,,160000,350000,user_10,656,,
10314,,1000000,0,user_12,656,,
10315,,77000,15700,user_13,656,,
10316,,110000,36800,user_14,656,,
10317,,2000000,0,user_14,656,,
10318,,19000000,39400,user_15,656,,
10319,,120000,0,user_15,656,,
10320,,110000,0,user_15,656,,
10321,,3200000,0,user_15,656,,
10322,,1500000,0,user_15,656,,
10323,,1500000,0,user_16,656,,
10324,,420000,959000,user_18,656,,
10325,,320000,0,user_19,656,,
10326,,170000,0,user_19,656,,
10327,,5000000,0,user_20,656,,
10328,,1100000,0,user_22,656,,
10329,,110000,0,user_23,656,,
10330,,310000,108000,user_24,656,,
10331,,600000,49100,user_24,656,,
10332,,650000,0,user_24,656,,
10333,,2000000,0,user_25,656,,
10334,,6300000,0,user_27,656,,
10335,,82000,0,user_28,656,,
10336,,420000,17700000,user_30,656,,
10337,,120000,100000,user_30,656,,
10338,,19000000,12800,user_32,656,,
10339,,650000,0,user_32,656,,
10340,,120000,0,user_32,656,,
10341,,260000,0,user_32,656,,
10342,,2000000,0,user_32,656,,
10343,,1400000,5630,user_33,656,,
10344,,320000,410000,user_33,656,,
10345,,130000,0,user_33,656,,
10346,,220000,0,user_34,656,,
10347,,5000000,0,user_37,656,,
10348,,350000,283000,user_38,656,,
10349,,460000,0,user_38,656,,
10350,,130000,0,user_38,656,,
10351,,87000,0,user_38,656,,
10352,,120000,0,user_39,656,,
10353,,3600000,0,user_42,656,,
10354,,5000000,0,user_42,656,,
10355,,350000,0,user_43,656,,
10356,,98000,0,user_46,656,,
10357,,84000,0,user_48,656,,
10358,,870000,0,user_48,656,,
10359,,3500000,0,user_49,656,,
10360,,360000,0,user_49,656,,
10310,0,19000000,10700,user_8,656,656,
10318,1,19000000,39400,user_15,656,656,
10338,2,19000000,12800,user_32,656,656,
10334,3,6300000,0,user_27,656,656,
10308,4,5000000,0,user_7,656,656,
10327,5,5000000,0,user_20,656,656,
10347,6,5000000,0,user_37,656,656,
10354,7,5000000,0,user_42,656,656,
10353,8,3600000,0,user_42,656,656,
10359,9,3500000,0,user_49,656,656,
10305,10,3200000,0,user_6,656,656,
10321,11,3200000,0,user_15,656,656,
10312,12,2400000,0,user_9,656,656,
10333,13,2000000,0,user_25,656,656,
10342,14,2000000,0,user_32,656,656,
10306,15,1900000,0,user_7,656,656,
10322,16,1500000,0,user_15,656,656,
10323,17,1500000,0,user_16,656,656,
10343,18,1400000,5630,user_33,656,656,
10314,19,1000000,0,user_12,656,656,
10358,20,870000,0,user_48,656,656,
10332,21,650000,0,user_24,656,656,
10339,22,650000,0,user_32,656,656,
10331,23,600000,49100,user_24,656,656,
10349,24,460000,0,user_38,656,656,
10311,25,420000,17700000,user_8,656,656,
10360,26,360000,0,user_49,656,656,
10348,27,350000,283000,user_38,656,656,
10355,28,350000,0,user_43,656,656,
10325,29,320000,0,user_19,656,656,
10344,30,320000,410000,user_33,656,656,
10330,31,310000,108000,user_24,656,656,
10341,32,260000,0,user_32,656,656,
10346,33,220000,0,user_34,656,656,
10326,34,170000,0,user_19,656,656,
10313,35,160000,350000,user_10,656,656,
10345,36,130000,0,user_33,656,656,
10350,37,130000,0,user_38,656,656,
10307,38,120000,0,user_7,656,656,
10309,39,120000,12800,user_7,656,656,
10319,40,120000,0,user_15,656,656,
10340,41,120000,0,user_32,656,656,
10352,42,120000,0,user_39,656,656,
10320,43,110000,0,user_15,656,656,
10356,44,98000,0,user_46,656,656,
10351,45,87000,0,user_38,656,656,
10357,46,84000,0,user_48,656,656,
10335,47,82000,0,user_28,656,656,
10315,48,77000,15700,user_13,656,656,
10304,49,73000,0,user_4,656,656,
10481,,4200000,67500,user_1,657,,
10482,,2500000,0,user_2,657,,
10483,,420000,0,user_5,657,,
10484,,2400000,10700,user_5,657,,
10485,,2000000,0,user_5,657,,
10486,,340000,0,user_8,657,,
10487,,79000,181000,user_9,657,,
10488,,1400000,0,user_9,657,,
10489,,320000,0,user_10,657,,
10490,,120000,0,user_12,657,,
10491,,110000,0,user_12,657,,
10492,,150000,0,user_14,657,,
10493,,1400000,0,user_15,657,,
10494,,1200000,0,user_15,657,,
10495,,110000,17000,user_15,657,,
10496,,910000,0,user_16,657,,
10497,,1400000,181000,user_17,657,,
10498,,2300000,0,user_17,657,,
10499,,130000,0,user_19,657,,
10500,,2400000,0,user_19,657,,
10501,,300000,108000,user_19,657,,
10502,,27000000,0,user_19,657,,
10503,,300000,0,user_20,657,,
10504,,150000,0,user_21,657,,
10505,,160000,0,user_23,657,,
10506,,82000,0,user_24,657,,
10507,,870000,0,user_25,657,,
10508,,98000,0,user_25,657,,
10509,,670000,0,user_26,657,,
10510,,1400000,0,user_27,657,,
10511,,30000000,0,user_27,657,,
10512,,2600000,23500,user_28,657,,
10513,,600000,0,user_29,657,,
10514,,120000,75000,user_32,657,,
10515,,1500000,0,user_36,657,,
10516,,970000,0,user_38,657,,
10517,,27000000,0,user_38,657,,
10518,,27000000,0,user_39,657,,
10519,,360000,68100,user_39,657,,
10520,,600000,68100,user_40,657,,
10521,,83000,0,user_40,657,,
10522,,1500000,0,user_41,657,,
10523,,150000,17000,user_42,657,,
10524,,630000,0,user_44,657,,
10525,,2300000,0,user_45,657,,
10526,,2600000,0,user_46,657,,
10527,,650000,0,user_47,657,,
10528,,98000,0,user_48,657,,
10529,,110000,0,user_48,657,,
10530,,160000,0,user_48,657,,
10531,,110000,0,user_48,657,,
10532,,260000,0,user_49,657,,
10533,,240000,0,user_49,657,,
10534,,130000,0,user_49,657,,
10535,,1800000,0,user_49,657,,
10536,,240000,0,user_49,657,,
10511,0,30000000,0,user_27,657,657,
10502,1,27000000,0,user_19,657,657,
10517,2,27000000,0,user_38,657,657,
10518,3,27000000,0,user_39,657,657,
10481,4,4200000,67500,user_1,657,657,
10512,5,2600000,23500,user_28,657,657,
10526,6,2600000,0,user_46,657,657,
10482,7,2500000,0,user_2,657,657,
10484,8,2400000,10700,user_5,657,657,
10500,9,2400000,0,user_19,657,657,
10498,10,2300000,0,user_17,657,657,
10525,11,2300000,0,user_45,657,657,
10485,12,2000000,0,user_5,657,657,
10535,13,1800000,0,user_49,657,657,
10522,14,1500000,0,user_41,657,657,
10488,15,1400000,0,user_9,657,657,
10493,16,1400000,0,user_15,657,657,
10497,17,1400000,181000,user_17,657,657,
10510,18,1400000,0,user_27,657,657,
10494,19,1200000,0,user_15,657,657,
10516,20,970000,0,user_38,657,657,
10496,21,910000,0,user_16,657,657,
10507,22,870000,0,user_25,657,657,
10509,23,670000,0,user_26,657,657,
10527,24,650000,0,user_47,657,657,
10524,25,630000,0,user_44,657,657,
10513,26,600000,0,user_29,657,657,
10483,27,420000,0,user_5,657,657,
10519,28,360000,68100,user_39,657,657,
10486,29,340000,0,user_8,657,657,
10489,30,320000,0,user_10,657,657,
10501,31,300000,108000,user_19,657,657,
10503,32,300000,0,user_20,657,657,
10532,33,260000,0,user_49,657,657,
10533,34,240000,0,user_49,657,657,
10536,35,240000,0,user_49,657,657,
10530,36,160000,0,user_48,657,657,
10523,37,150000,17000,user_42,657,657,
10499,38,130000,0,user_19,657,657,
10534,39,130000,0,user_49,657,657,
10490,40,120000,0,user_12,657,657,
10514,41,120000,75000,user_32,657,657,
10491,42,110000,0,user_12,657,657,
10495,43,110000,17000,user_15,657,657,
10529,44,110000,0,user_48,657,657,
10531,45,110000,0,user_48,657,657,
10508,46,98000,0,user_25,657,657,
10528,47,98000,0,user_48,657,657,
10506,48,82000,0,user_24,657,657,
10487,49,79000,181000,user_9,657,657,
10615,,1600000,0,user_0,658,,
10616,,530000,0,user_1,658,,
10617,,460000,0,user_2,658,,
10618,,220000,0,user_3,658,,
10619,,120000,0,user_3,658,,
10620,,220000,0,user_4,658,,
10621,,160000,0,user_6,658,,
10622,,530000,322000,user_7,658,,
10623,,150000,0,user_9,658,,
10624,,110000,0,user_11,658,,
10625,,73000,0,user_11,658,,
10626,,30000000,0,user_11,658,,
10627,,110000,0,user_13,658,,
10628,,160000,0,user_14,658,,
10629,,240000,16400,user_14,658,,
10630,,120000,0,user_14,658,,
10631,,2000000,0,user_15,658,,
10632,,1100000,0,user_17,658,,
10633,,27000000,0,user_17,658,,
10634,,6100000,0,user_18,658,,
10635,,5200000,0,user_19,658,,
10636,,320000,0,user_25,658,,
10637,,370000,0,user_25,658,,
10638,,370000,0,user_26,658,,
10639,,19000000,0,user_28,658,,
10640,,2000000,33100,user_29,658,,
10641,,80000,0,user_29,658,,
10642,,120000,0,user_29,658,,
10643,,3500000,0,user_29,658,,
10644,,120000,256000,user_29,658,,
10645,,73000,0,user_30,658,,
10646,,150000,296000,user_31,658,,
10647,,470000,0,user_33,658,,
10648,,120000,0,user_34,658,,
10649,,240000,0,user_35,658,,
10650,,3600000,0,user_36,658,,
10651,,300000,0,user_37,658,,
10652,,340000,39400,user_38,658,,
10653,,110000,43600,user_39,658,,
10654,,160000,0,user_40,658,,
10655,,2100000,0,user_42,658,,
10656,,320000,35100,user_43,658,,
10657,,85000,0,user_44,658,,
10658,,73000,0,user_46,658,,
10659,,1500000,35600,user_46,658,,
10660,,160000,0,user_46,658,,
10661,,220000,0,user_46,658,,
10662,,360000,60700,user_46,658,,
10663,,30000000,0,user_47,658,,
10664,,970000,0,user_48,658,,
10665,,87000,16400,user_48,658,,
10666,,6300000,0,user_49,658,,
10667,,19000000,0,user_49,658,,
10626,0,30000000,0,user_11,658,658,
10663,1,30000000,0,user_47,658,658,
10633,2,27000000,0,user_17,658,658,
10639,3,19000000,0,user_28,658,658,
10667,4,19000000,0,user_49,658,658,
10666,5,6300000,0,user_49,658,658,
10634,6,6100000,0,user_18,658,658,
10635,7,5200000,0,user_19,658,658,
10650,8,3600000,0,user_36,658,658,
10643,9,3500000,0,user_29,658,658,
10655,10,2100000,0,user_42,658,658,
10640,11,2000000,33100,user_29,658,658,
10695,12,0,0,builder_3,658,658,10640
10631,13,2000000,0,user_15,658,658,
10615,14,1600000,0,user_0,658,658,
10659,15,1500000,35600,user_46,658,658,
10696,16,0,0,builder_3,658,658,10659
10632,17,1100000,0,user_17,658,658,
10664,18,970000,0,user_48,658,658,
10622,19,530000,322000,user_7,658,658,
10697,20,0,0,builder_3,658,658,10622
10647,21,470000,0,user_33,658,658,
10617,22,460000,0,user_2,658,658,
10646,23,150000,296000,user_31,658,658,
10698,24,0,0,builder_3,658,658,10646
10662,25,360000,60700,user_46,658,658,
10699,26,0,0,builder_3,658,658,10662
10652,27,340000,39400,user_38,658,658,
10700,28,0,0,builder_3,658,658,10652
10701,29,0,0,builder_3,658,658,10644
10644,30,120000,256000,user_29,658,658,
10638,31,370000,0,user_26,658,658,
10656,32,320000,35100,user_43,658,658,
10702,33,0,0,builder_3,658,658,10656
10651,34,300000,0,user_37,658,658,
10629,35,240000,16400,user_14,658,658,
10703,36,0,0,builder_3,658,658,10629
10649,37,240000,0,user_35,658,658,
10618,38,220000,0,user_3,658,658,
10620,39,220000,0,user_4,658,658,
10661,40,220000,0,user_46,658,658,
10628,41,160000,0,user_14,658,658,
10654,42,160000,0,user_40,658,658,
10660,43,160000,0,user_46,658,658,
10653,44,110000,43600,user_39,658,658,
10704,45,0,0,builder_3,658,658,10653
10619,46,120000,0,user_3,658,658,
10630,47,120000,0,user_14,658,658,
10642,48,120000,0,user_29,658,658,
10648,49,120000,0,user_34,658,658,
10624,50,110000,0,user_11,658,658,
10627,51,110000,0,user_13,658,658,
10705,52,0,0,builder_3,658,658,10665
10665,53,87000,16400,user_48,658,658,
10657,54,85000,0,user_44,658,658,
10641,55,80000,0,user_29,658,658,
10625,56,73000,0,user_11,658,658,
10645,57,73000,0,user_30,658,658,
10658,58,73000,0,user_46,658,658,
10744,,110000,49100,user_4,659,,
10745,,70000,13900,user_5,659,,
10746,,3600000,0,user_6,659,,
10747,,120000,0,user_7,659,,
10748,,220000,0,user_8,659,,
10749,,150000,0,user_8,659,,
10750,,27000000,0,user_9,659,,
10751,,630000,0,user_9,659,,
10752,,170000,0,user_10,659,,
10753,,1800000,0,user_10,659,,
10754,,150000,0,user_11,659,,
10755,,1800000,43600,user_11,659,,
10756,,910000,0,user_12,659,,
10757,,83000,71800,user_13,659,,
10758,,79000,0,user_16,659,,
10759,,310000,0,user_18,659,,
10760,,420000,0,user_19,659,,
10761,,320000,0,user_20,659,,
10762,,160000,0,user_24,659,,
10763,,420000,12800,user_25,659,,
10764,,310000,14200,user_25,659,,
10765,,2400000,161000,user_26,659,,
10766,,110000,0,user_27,659,,
10767,,220000,0,user_28,659,,
10768,,160000,164000,user_28,659,,
10769,,240000,0,user_29,659,,
10770,,630000,0,user_29,659,,
10771,,160000,0,user_32,659,,
10772,,150000,0,user_32,659,,
10773,,670000,0,user_34,659,,
10774,,5000000,161000,user_35,659,,
10775,,6300000,0,user_36,659,,
10776,,120000,0,user_37,659,,
10777,,350000,68100,user_37,659,,
10778,,910000,959000,user_40,659,,
10779,,84000,64600,user_40,659,,
10780,,350000,0,user_41,659,,
10781,,73000,0,user_42,659,,
10782,,600000,0,user_43,659,,
10783,,260000,0,user_44,659,,
10784,,350000,0,user_45,659,,
10785,,82000,0,user_45,659,,
10786,,2600000,0,user_47,659,,
10787,,1100000,0,user_47,659,,
10788,,470000,0,user_47,659,,
10789,,1400000,0,user_47,659,,
10790,,310000,0,user_47,659,,
10791,,5200000,0,user_48,659,,
10792,,150000,381000,user_48,659,,
10793,,320000,0,user_49,659,,
10750,0,27000000,0,user_9,659,659,
10775,1,6300000,0,user_36,659,659,
10791,2,5200000,0,user_48,659,659,
10774,3,5000000,161000,user_35,659,659,
10794,4,0,0,builder_0,659,659,10774
10746,5,3600000,0,user_6,659,659,
10786,6,2600000,0,user_47,659,659,
10765,7,2400000,161000,user_26,659,659,
10795,8,0,0,builder_0,659,659,10765
10778,9,910000,959000,user_40,659,659,
10796,10,0,0,builder_0,659,659,10778
10797,11,0,0,builder_0,659,659,10755
10755,12,1800000,43600,user_11,659,659,
10753,13,1800000,0,user_10,659,659,
10789,14,1400000,0,user_47,659,659,
10787,15,1100000,0,user_47,659,659,
10751,16,630000,0,user_9,659,659,
10770,17,630000,0,user_29,659,659,
10782,18,600000,0,user_43,659,659,
10792,19,150000,381000,user_48,659,659,
10798,20,0,0,builder_0,659,659,10792
10788,21,470000,0,user_47,659,659,
10763,22,420000,12800,user_25,659,659,
10799,23,0,0,builder_0,659,659,10763
10760,24,420000,0,user_19,659,659,
10777,25,350000,68100,user_37,659,659,
10800,26,0,0,builder_0,659,659,10777
10780,27,350000,0,user_41,659,659,
10764,28,310000,14200,user_25,659,659,
10801,29,0,0,builder_0,659,659,10764
10802,30,0,0,builder_0,659,659,10768
10768,31,160000,164000,user_28,659,659,
10761,32,320000,0,user_20,659,659,
10793,33,320000,0,user_49,659,659,
10759,34,310000,0,user_18,659,659,
10790,35,310000,0,user_47,659,659,
10783,36,260000,0,user_44,659,659,
10769,37,240000,0,user_29,659,659,
10748,38,220000,0,user_8,659,659,
10767,39,220000,0,user_28,659,659,
10752,40,170000,0,user_10,659,659,
10771,41,160000,0,user_32,659,659,
10803,42,0,0,builder_0,659,659,10757
10757,43,83000,71800,user_13,659,659,
10749,44,150000,0,user_8,659,659,
10754,45,150000,0,user_11,659,659,
10772,46,150000,0,user_32,659,659,
10779,47,84000,64600,user_40,659,659,
10804,48,0,0,builder_0,659,659,10779
10747,49,120000,0,user_7,659,659,
10776,50,120000,0,user_37,659,659,
10766,51,110000,0,user_27,659,659,
10758,52,79000,0,user_16,659,659,
10781,53,73000,0,user_42,659,659,
10888,,1700000,0,user_0,660,,
10889,,460000,0,user_0,660,,
10890,,1000000,0,user_1,660,,
10891,,120000,0,user_2,660,,
10892,,85000,0,user_3,660,,
10893,,4200000,0,user_4,660,,
10894,,220000,19700,user_5,660,,
10895,,870000,0,user_5,660,,
10896,,80000,0,user_6,660,,
10897,,300000,0,user_8,660,,
10898,,150000,0,user_8,660,,
10899,,220000,0,user_9,660,,
10900,,27000000,0,user_10,660,,
10901,,160000,0,user_10,660,,
10902,,1400000,0,user_10,660,,
10903,,260000,0,user_10,660,,
10904,,120000,0,user_12,660,,
10905,,1100000,0,user_14,660,,
10906,,130000,0,user_14,660,,
10907,,110000,0,user_14,660,,
10908,,130000,108000,user_14,660,,
10909,,910000,0,user_14,660,,
10910,,220000,0,user_15,660,,
10911,,870000,0,user_16,660,,
10912,,3200000,12800,user_16,660,,
10913,,150000,0,user_18,660,,
10914,,79000,0,user_20,660,,
10915,,170000,0,user_20,660,,
10916,,2000000,0,user_21,660,,
10917,,1500000,164000,user_22,660,,
10918,,3600000,0,user_22,660,,
10919,,110000,0,user_23,660,,
10920,,2100000,0,user_24,660,,
10921,,460000,0,user_27,660,,
10922,,150000,0,user_29,660,,
10923,,150000,0,user_29,660,,
10924,,160000,0,user_31,660,,
10925,,85000,56200,user_31,660,,
10926,,79000,0,user_32,660,,
10927,,120000,35100,user_39,660,,
10928,,220000,0,user_39,660,,
10929,,260000,0,user_41,660,,
10930,,5000000,12800,user_42,660,,
10931,,2500000,0,user_42,660,,
10932,,110000,146000,user_44,660,,
10933,,150000,0,user_46,660,,
10934,,660000,36800,user_46,660,,
10935,,260000,0,user_47,660,,
10900,0,27000000,0,user_10,660,660,
10930,1,5000000,12800,user_42,660,660,
10893,2,4200000,0,user_4,660,660,
10918,3,3600000,0,user_22,660,660,
10912,4,3200000,12800,user_16,660,660,
10931,5,2500000,0,user_42,660,660,
10920,6,2100000,0,user_24,660,660,
10916,7,2000000,0,user_21,660,660,
10888,8,1700000,0,user_0,660,660,
10917,9,1500000,164000,user_22,660,660,
10902,10,1400000,0,user_10,660,660,
10905,11,1100000,0,user_14,660,660,
10890,12,1000000,0,user_1,660,660,
10909,13,910000,0,user_14,660,660,
10911,14,870000,0,user_16,660,660,
10934,15,660000,36800,user_46,660,660,
10889,16,460000,0,user_0,660,660,
10921,17,460000,0,user_27,660,660,
10897,18,300000,0,user_8,660,660,
10903,19,260000,0,user_10,660,660,
10929,20,260000,0,user_41,660,660,
10935,21,260000,0,user_47,660,660,
10899,22,220000,0,user_9,660,660,
10910,23,220000,0,user_15,660,660,
10928,24,220000,0,user_39,660,660,
10915,25,170000,0,user_20,660,660,
10901,26,160000,0,user_10,660,660,
10924,27,160000,0,user_31,660,660,
10898,28,150000,0,user_8,660,660,
10913,29,150000,0,user_18,660,660,
10922,30,150000,0,user_29,660,660,
10923,31,150000,0,user_29,660,660,
10933,32,150000,0,user_46,660,660,
10906,33,130000,0,user_14,660,660,
10908,34,130000,108000,user_14,660,660,
10891,35,120000,0,user_2,660,660,
10904,36,120000,0,user_12,660,660,
10927,37,120000,35100,user_39,660,660,
10907,38,110000,0,user_14,660,660,
10919,39,110000,0,user_23,660,660,
10932,40,110000,146000,user_44,660,660,
10925,41,85000,56200,user_31,660,660,
10896,42,80000,0,user_6,660,660,
10914,43,79000,0,user_20,660,660,
10999,,1300000,0,user_1,661,,
11000,,1100000,0,user_1,661,,
11001,,79000,0,user_2,661,,
11002,,2000000,0,user_2,661,,
11003,,670000,33300,user_2,661,,
11004,,73000,0,user_2,661,,
11005,,120000,0,user_2,661,,
11006,,150000,350000,user_3,661,,
11007,,870000,0,user_5,661,,
11008,,120000,0,user_5,661,,
11009,,910000,0,user_6,661,,
11010,,1900000,0,user_8,661,,
11011,,160000,0,user_8,661,,
11012,,120000,0,user_9,661,,
11013,,970000,0,user_10,661,,
11014,,3600000,0,user_10,661,,
11015,,150000,0,user_10,661,,
11016,,360000,0,user_12,661,,
11017,,1600000,0,user_12,661,,
11018,,1500000,46500,user_14,661,,
11019,,1600000,0,user_14,661,,
11020,,170000,0,user_16,661,,
11021,,1600000,0,user_17,661,,
11022,,310000,67500,user_18,661,,
11023,,1000000,0,user_19,661,,
11024,,79000,0,user_20,661,,
11025,,160000,0,user_20,661,,
11026,,1800000,0,user_21,661,,
11027,,870000,0,user_22,661,,
11028,,2500000,0,user_23,661,,
11029,,240000,0,user_24,661,,
11030,,3500000,0,user_26,661,,
11031,,460000,231000,user_27,661,,
11032,,120000,0,user_27,661,,
11033,,3200000,0,user_28,661,,
11034,,1700000,0,user_28,661,,
11035,,2500000,0,user_29,661,,
11036,,120000,0,user_30,661,,
11037,,83000,0,user_31,661,,
11038,,98000,0,user_32,661,,
11039,,1000000,0,user_32,661,,
11040,,460000,0,user_33,661,,
11041,,5000000,0,user_34,661,,
11042,,460000,0,user_35,661,,
11043,,360000,0,user_35,661,,
11044,,220000,0,user_36,661,,
11045,,1500000,0,user_37,661,,
11046,,83000,0,user_38,661,,
11047,,4500000,0,user_38,661,,
11048,,310000,0,user_39,661,,
11049,,530000,0,user_40,661,,
11050,,6100000,24700,user_41,661,,
11051,,1500000,0,user_43,661,,
11052,,1900000,0,user_44,661,,
11053,,1000000,0,user_46,661,,
11054,,460000,47700,user_46,661,,
11055,,260000,0,user_46,661,,
11056,,6100000,0,user_46,661,,
11057,,970000,0,user_48,661,,
11058,,870000,0,user_49,661,,
11082,0,0,0,builder_4,661,661,11050
11050,1,6100000,24700,user_41,661,661,
11056,2,6100000,0,user_46,661,661,
11041,3,5000000,0,user_34,661,661,
11047,4,4500000,0,user_38,661,661,
11014,5,3600000,0,user_10,661,661,
11030,6,3500000,0,user_26,661,661,
11033,7,3200000,0,user_28,661,661,
11028,8,2500000,0,user_23,661,661,
11035,9,2500000,0,user_29,661,661,
11002,10,2000000,0,user_2,661,661,
11010,11,1900000,0,user_8,661,661,
11052,12,1900000,0,user_44,661,661,
11026,13,1800000,0,user_21,661,661,
11034,14,1700000,0,user_28,661,661,
11017,15,1600000,0,user_12,661,661,
11019,16,1600000,0,user_14,661,661,
11021,17,1600000,0,user_17,661,661,
11083,18,0,0,builder_4,661,661,11018
11018,19,1500000,46500,user_14,661,661,
11045,20,1500000,0,user_37,661,661,
11051,21,1500000,0,user_43,661,661,
10999,22,1300000,0,user_1,661,661,
11000,23,1100000,0,user_1,661,661,
11023,24,1000000,0,user_19,661,661,
11039,25,1000000,0,user_32,661,661,
11053,26,1000000,0,user_46,661,661,
11013,27,970000,0,user_10,661,661,
11057,28,970000,0,user_48,661,661,
11009,29,910000,0,user_6,661,661,
11027,30,870000,0,user_22,661,661,
11058,31,870000,0,user_49,661,661,
11084,32,0,0,builder_4,661,661,11003
11003,33,670000,33300,user_2,661,661,
11085,34,0,0,builder_4,661,661,11031
11031,35,460000,231000,user_27,661,661,
11049,36,530000,0,user_40,661,661,
11086,37,0,0,builder_4,661,661,11054
11054,38,460000,47700,user_46,661,661,
11006,39,150000,350000,user_3,661,661,
11087,40,0,0,builder_4,661,661,11006
11040,41,460000,0,user_33,661,661,
11042,42,460000,0,user_35,661,661,
11088,43,0,0,builder_4,661,661,11022
11022,44,310000,67500,user_18,661,661,
11016,45,360000,0,user_12,661,661,
11043,46,360000,0,user_35,661,661,
11055,47,260000,0,user_46,661,661,
11029,48,240000,0,user_24,661,661,
11044,49,220000,0,user_36,661,661,
11020,50,170000,0,user_16,661,661,
11011,51,160000,0,user_8,661,661,
11025,52,160000,0,user_20,661,661,
11015,53,150000,0,user_10,661,661,
11005,54,120000,0,user_2,661,661,
11012,55,120000,0,user_9,661,661,
11032,56,120000,0,user_27,661,661,
11036,57,120000,0,user_30,661,661,
11038,58,98000,0,user_32,661,661,
11037,59,83000,0,user_31,661,661,
11046,60,83000,0,user_38,661,661,
11001,61,79000,0,user_2,661,661,
11024,62,79000,0,user_20,661,661,
11004,63,73000,0,user_2,661,661,
11109,,3500000,0,user_0,662,,
11110,,30000000,0,user_1,662,,
11111,,150000,0,user_2,662,,
11112,,43000000,0,user_3,662,,
11113,,3600000,0,user_3,662,,
11114,,1800000,381000,user_4,662,,
11115,,2400000,14200,user_6,662,,
11116,,1500000,0,user_7,662,,
11117,,110000,0,user_7,662,,
11118,,1000000,0,user_9,662,,
11119,,150000,0,user_9,662,,
11120,,910000,0,user_9,662,,
11121,,6100000,0,user_9,662,,
11122,,420000,0,user_9,662,,
11123,,84000,0,user_10,662,,
11124,,260000,0,user_12,662,,
11125,,110000,0,user_13,662,,
11126,,310000,0,user_16,662,,
11127,,1200000,0,user_17,662,,
11128,,98000,0,user_17,662,,
11129,,420000,0,user_19,662,,
11130,,340000,0,user_20,662,,
11131,,2600000,0,user_21,662,,
11132,,98000,0,user_22,662,,
11133,,170000,0,user_24,662,,
11134,,150000,0,user_25,662,,
11135,,19000000,16400,user_25,662,,
11136,,83000,0,user_27,662,,
11137,,170000,0,user_27,662,,
11138,,120000,0,user_28,662,,
11139,,870000,0,user_30,662,,
11140,,370000,0,user_31,662,,
11141,,110000,0,user_32,662,,
11142,,460000,0,user_32,662,,
11143,,2000000,0,user_32,662,,
11144,,310000,0,user_33,662,,
11145,,80000,0,user_34,662,,
11146,,970000,0,user_34,662,,
11147,,260000,0,user_34,662,,
11148,,160000,0,user_34,662,,
11149,,220000,0,user_37,662,,
11150,,84000,0,user_38,662,,
11151,,1400000,17700000,user_38,662,,
11152,,1300000,164000,user_38,662,,
11153,,1900000,0,user_38,662,,
11154,,170000,0,user_38,662,,
11155,,910000,0,user_40,662,,
11156,,310000,0,user_41,662,,
11157,,80000,0,user_41,662,,
11158,,220000,43600,user_44,662,,
11159,,370000,0,user_45,662,,
11160,,970000,0,user_46,662,,
11161,,220000,0,user_48,662,,
11162,,530000,0,user_48,662,,
11163,,2000000,0,user_48,662,,
11164,,3600000,0,user_48,662,,
11112,0,43000000,0,user_3,662,662,
11110,1,30000000,0,user_1,662,662,
11151,2,1400000,17700000,user_38,662,662,
11182,3,0,0,builder_4,662,662,11151
11183,4,0,0,builder_4,662,662,11135
11135,5,19000000,16400,user_25,662,662,
11121,6,6100000,0,user_9,662,662,
11113,7,3600000,0,user_3,662,662,
11164,8,3600000,0,user_48,662,662,
11109,9,3500000,0,user_0,662,662,
11131,10,2600000,0,user_21,662,662,
11115,11,2400000,14200,user_6,662,662,
11184,12,0,0,builder_4,662,662,11115
11114,13,1800000,381000,user_4,662,662,
11185,14,0,0,builder_4,662,662,11114
11143,15,2000000,0,user_32,662,662,
11163,16,2000000,0,user_48,662,662,
11153,17,1900000,0,user_38,662,662,
11186,18,0,0,builder_4,662,662,11152
11152,19,1300000,164000,user_38,662,662,
11127,20,1200000,0,user_17,662,662,
11118,21,1000000,0,user_9,662,662,
11146,22,970000,0,user_34,662,662,
11160,23,970000,0,user_46,662,662,
11120,24,910000,0,user_9,662,662,
11155,25,910000,0,user_40,662,662,
11139,26,870000,0,user_30,662,662,
11162,27,530000,0,user_48,662,662,
11142,28,460000,0,user_32,662,662,
11122,29,420000,0,user_9,662,662,
11129,30,420000,0,user_19,662,662,
11140,31,370000,0,user_31,662,662,
11159,32,370000,0,user_45,662,662,
11130,33,340000,0,user_20,662,662,
11126,34,310000,0,user_16,662,662,
11144,35,310000,0,user_33,662,662,
11156,36,310000,0,user_41,662,662,
11158,37,220000,43600,user_44,662,662,
11187,38,0,0,builder_4,662,662,11158
11124,39,260000,0,user_12,662,662,
11147,40,260000,0,user_34,662,662,
11149,41,220000,0,user_37,662,662,
11161,42,220000,0,user_48,662,662,
11133,43,170000,0,user_24,662,662,
11137,44,170000,0,user_27,662,662,
11154,45,170000,0,user_38,662,662,
11148,46,160000,0,user_34,662,662,
11111,47,150000,0,user_2,662,662,
11119,48,150000,0,user_9,662,662,
11134,49,150000,0,user_25,662,662,
11138,50,120000,0,user_28,662,662,
11125,51,110000,0,user_13,662,662,
11141,52,110000,0,user_32,662,662,
11128,53,98000,0,user_17,662,662,
11132,54,98000,0,user_22,662,662,
11123,55,84000,0,user_10,662,662,
11150,56,84000,0,user_38,662,662,
11136,57,83000,0,user_27,662,662,
11145,58,80000,0,user_34,662,662,
11157,59,80000,0,user_41,662,662,
11208,,320000,0,user_2,663,,
11209,,87000,0,user_3,663,,
11210,,4200000,0,user_6,663,,
11211,,5000000,0,user_11,663,,
11212,,1000000,0,user_12,663,,
11213,,2500000,0,user_13,663,,
11214,,2300000,66100,user_13,663,,
11215,,160000,0,user_13,663,,
11216,,27000000,0,user_13,663,,
11217,,300000,0,user_14,663,,
11218,,160000,0,user_16,663,,
11219,,19000000,779000,user_17,663,,
11220,,630000,0,user_17,663,,
11221,,310000,0,user_20,663,,
11222,,310000,0,user_21,663,,
11223,,170000,0,user_22,663,,
11224,,3200000,0,user_25,663,,
11225,,110000,0,user_27,663,,
11226,,1600000,0,user_27,663,,
11227,,220000,0,user_28,663,,
11228,,84000,0,user_28,663,,
11229,,870000,0,user_31,663,,
11230,,3200000,0,user_31,663,,
11231,,1100000,0,user_33,663,,
11232,,1000000,0,user_33,663,,
11233,,260000,0,user_34,663,,
11234,,220000,0,user_35,663,,
11235,,1400000,0,user_36,663,,
11236,,1000000,0,user_36,663,,
11237,,83000,0,user_39,663,,
11238,,120000,0,user_39,663,,
11239,,4500000,0,user_40,663,,
11240,,2100000,0,user_40,663,,
11241,,1900000,60700,user_40,663,,
11242,,1000000,0,user_40,663,,
11243,,110000,0,user_40,663,,
11244,,150000,0,user_41,663,,
11245,,150000,0,user_43,663,,
11246,,73000,0,user_44,663,,
11247,,970000,0,user_44,663,,
11248,,470000,67900,user_44,663,,
11249,,220000,0,user_44,663,,
11250,,2100000,31700,user_46,663,,
11251,,1000000,0,user_47,663,,
11252,,2400000,0,user_47,663,,
11253,,600000,0,user_48,663,,
11254,,1000000,0,user_49,663,,
11255,,27000000,0,user_49,663,,
11216,0,27000000,0,user_13,663,663,
11255,1,27000000,0,user_49,663,663,
11219,2,19000000,779000,user_17,663,663,
11211,3,5000000,0,user_11,663,663,
11239,4,4500000,0,user_40,663,663,
11210,5,4200000,0,user_6,663,663,
11224,6,3200000,0,user_25,663,663,
11230,7,3200000,0,user_31,663,663,
11213,8,2500000,0,user_13,663,663,
11252,9,2400000,0,user_47,663,663,
11214,10,2300000,66100,user_13,663,663,
11240,11,2100000,0,user_40,663,663,
11250,12,2100000,31700,user_46,663,663,
11241,13,1900000,60700,user_40,663,663,
11226,14,1600000,0,user_27,663,663,
11235,15,1400000,0,user_36,663,663,
11231,16,1100000,0,user_33,663,663,
11212,17,1000000,0,user_12,663,663,
11232,18,1000000,0,user_33,663,663,
11236,19,1000000,0,user_36,663,663,
11242,20,1000000,0,user_40,663,663,
11251,21,1000000,0,user_47,663,663,
11254,22,1000000,0,user_49,663,663,
11247,23,970000,0,user_44,663,663,
11229,24,870000,0,user_31,663,663,
11220,25,630000,0,user_17,663,663,
11248,26,470000,67900,user_44,663,663,
11208,27,320000,0,user_2,663,663,
11221,28,310000,0,user_20,663,663,
11222,29,310000,0,user_21,663,663,
11233,30,260000,0,user_34,663,663,
11234,31,220000,0,user_35,663,663,
11249,32,220000,0,user_44,663,663,
11223,33,170000,0,user_22,663,663,
11215,34,160000,0,user_13,663,663,
11218,35,160000,0,user_16,663,663,
11244,36,150000,0,user_41,663,663,
11245,37,150000,0,user_43,663,663,
11238,38,120000,0,user_39,663,663,
11225,39,110000,0,user_27,663,663,
11243,40,110000,0,user_40,663,663,
11209,41,87000,0,user_3,663,663,
11237,42,83000,0,user_39,663,663,
11246,43,73000,0,user_44,663,663,
11289,,170000,0,user_0,664,,
11290,,160000,0,user_0,664,,
11291,,160000,128000,user_0,664,,
11292,,5000000,19700,user_1,664,,
11293,,460000,0,user_3,664,,
11294,,87000,0,user_4,664,,
11295,,87000,0,user_5,664,,
11296,,260000,381000,user_5,664,,
11297,,83000,0,user_5,664,,
11298,,350000,0,user_7,664,,
11299,,130000,0,user_10,664,,
11300,,120000,0,user_10,664,,
11301,,6100000,0,user_11,664,,
11302,,84000,0,user_12,664,,
11303,,670000,369000,user_13,664,,
11304,,2000000,1100000,user_13,664,,
11305,,43000000,0,user_13,664,,
11306,,120000,0,user_13,664,,
11307,,110000,128000,user_14,664,,
11308,,1000000,30200,user_15,664,,
11309,,73000,0,user_16,664,,
11310,,110000,16400,user_18,664,,
11311,,2600000,0,user_20,664,,
11312,,1700000,66100,user_23,664,,
11313,,360000,0,user_24,664,,
11314,,1100000,0,user_25,664,,
11315,,2300000,0,user_25,664,,
11316,,1900000,0,user_26,664,,
11317,,370000,0,user_31,664,,
11318,,160000,0,user_31,664,,
11319,,260000,0,user_33,664,,
11320,,98000,545000,user_34,664,,
11321,,1600000,36800,user_35,664,,
11322,,2000000,0,user_36,664,,
11323,,120000,0,user_38,664,,
11324,,1500000,410000,user_38,664,,
11325,,79000,0,user_38,664,,
11326,,4200000,0,user_39,664,,
11327,,120000,16400,user_39,664,,
11328,,660000,3130,user_40,664,,
11329,,360000,959000,user_43,664,,
11330,,87000,0,user_44,664,,
11331,,150000,32900,user_45,664,,
11332,,19000000,0,user_46,664,,
11333,,220000,0,user_47,664,,
11334,,70000,0,user_47,664,,
11335,,110000,0,user_47,664,,
11336,,1800000,71800,user_48,664,,
11337,,2000000,0,user_49,664,,
11305,0,43000000,0,user_13,664,664,
11332,1,19000000,0,user_46,664,664,
11301,2,6100000,0,user_11,664,664,
11292,3,5000000,19700,user_1,664,664,
11326,4,4200000,0,user_39,664,664,
11311,5,2600000,0,user_20,664,664,
11315,6,2300000,0,user_25,664,664,
11304,7,2000000,1100000,user_13,664,664,
11322,8,2000000,0,user_36,664,664,
11337,9,2000000,0,user_49,664,664,
11316,10,1900000,0,user_26,664,664,
11312,11,1700000,66100,user_23,664,664,
11321,12,1600000,36800,user_35,664,664,
11314,13,1100000,0,user_25,664,664,
11308,14,1000000,30200,user_15,664,664,
11303,15,670000,369000,user_13,664,664,
11328,16,660000,3130,user_40,664,664,
11293,17,460000,0,user_3,664,664,
11317,18,370000,0,user_31,664,664,
11329,19,360000,959000,user_43,664,664,
11298,20,350000,0,user_7,664,664,
11296,21,260000,381000,user_5,664,664,
11319,22,260000,0,user_33,664,664,
11333,23,220000,0,user_47,664,664,
11289,24,170000,0,user_0,664,664,
11290,25,160000,0,user_0,664,664,
11291,26,160000,128000,user_0,664,664,
11318,27,160000,0,user_31,664,664,
11331,28,150000,32900,user_45,664,664,
11299,29,130000,0,user_10,664,664,
11300,30,120000,0,user_10,664,664,
11306,31,120000,0,user_13,664,664,
11327,32,120000,16400,user_39,664,664,
11310,33,110000,16400,user_18,664,664,
11335,34,110000,0,user_47,664,664,
11320,35,98000,545000,user_34,664,664,
11294,36,87000,0,user_4,664,664,
11295,37,87000,0,user_5,664,664,
11330,38,87000,0,user_44,664,664,
11302,39,84000,0,user_12,664,664,
11297,40,83000,0,user_5,664,664,
11309,41,73000,0,user_16,664,664,
11334,42,70000,0,user_47,664,664,
11457,,2000000,0,user_0,665,,
11458,,120000,0,user_1,665,,
11459,,1500000,0,user_2,665,,
11460,,150000,0,user_2,665,,
11461,,2000000,0,user_3,665,,
11462,,120000,0,user_3,665,,
11463,,530000,0,user_4,665,,
11464,,1900000,0,user_7,665,,
11465,,150000,0,user_8,665,,
11466,,150000,0,user_10,665,,
11467,,4200000,0,user_11,665,,
11468,,4200000,0,user_12,665,,
11469,,160000,0,user_12,665,,
11470,,670000,0,user_13,665,,
11471,,5000000,0,user_14,665,,
11472,,79000,0,user_15,665,,
11473,,340000,0,user_19,665,,
11474,,70000,0,user_20,665,,
11475,,79000,0,user_21,665,,
11476,,110000,0,user_22,665,,
11477,,4200000,350000,user_23,665,,
11478,,460000,0,user_23,665,,
11479,,1900000,0,user_23,665,,
11480,,110000,0,user_24,665,,
11481,,310000,0,user_25,665,,
11482,,110000,0,user_25,665,,
11483,,6100000,146000,user_25,665,,
11484,,420000,0,user_25,665,,
11485,,110000,0,user_26,665,,
11486,,650000,0,user_27,665,,
11487,,1700000,0,user_27,665,,
11488,,70000,0,user_32,665,,
11489,,160000,0,user_34,665,,
11490,,1500000,0,user_34,665,,
11491,,27000000,0,user_35,665,,
11492,,110000,0,user_36,665,,
11493,,3500000,13800,user_37,665,,
11494,,1400000,0,user_38,665,,
11495,,5000000,0,user_39,665,,
11496,,360000,0,user_40,665,,
11497,,70000,0,user_41,665,,
11498,,970000,73100,user_41,665,,
11499,,110000,0,user_43,665,,
11500,,27000000,67900,user_44,665,,
11501,,160000,7840,user_46,665,,
11502,,1100000,0,user_47,665,,
11503,,220000,0,user_49,665,,
11504,,4500000,0,user_49,665,,
11491,0,27000000,0,user_35,665,665,
11500,1,27000000,67900,user_44,665,665,
11483,2,6100000,146000,user_25,665,665,
11471,3,5000000,0,user_14,665,665,
11495,4,5000000,0,user_39,665,665,
11504,5,4500000,0,user_49,665,665,
11467,6,4200000,0,user_11,665,665,
11468,7,4200000,0,user_12,665,665,
11477,8,4200000,350000,user_23,665,665,
11493,9,3500000,13800,user_37,665,665,
11457,10,2000000,0,user_0,665,665,
11461,11,2000000,0,user_3,665,665,
11464,12,1900000,0,user_7,665,665,
11479,13,1900000,0,user_23,665,665,
11459,14,1500000,0,user_2,665,665,
11490,15,1500000,0,user_34,665,665,
11502,16,1100000,0,user_47,665,665,
11498,17,970000,73100,user_41,665,665,
11470,18,670000,0,user_13,665,665,
11463,19,530000,0,user_4,665,665,
11478,20,460000,0,user_23,665,665,
11484,21,420000,0,user_25,665,665,
11496,22,360000,0,user_40,665,665,
11473,23,340000,0,user_19,665,665,
11481,24,310000,0,user_25,665,665,
11503,25,220000,0,user_49,665,665,
11469,26,160000,0,user_12,665,665,
11489,27,160000,0,user_34,665,665,
11501,28,160000,7840,user_46,665,665,
11460,29,150000,0,user_2,665,665,
11465,30,150000,0,user_8,665,665,
11458,31,120000,0,user_1,665,665,
11462,32,120000,0,user_3,665,665,
11476,33,110000,0,user_22,665,665,
11480,34,110000,0,user_24,665,665,
11482,35,110000,0,user_25,665,665,
11485,36,110000,0,user_26,665,665,
11499,37,110000,0,user_43,665,665,
11472,38,79000,0,user_15,665,665,
11475,39,79000,0,user_21,665,665,
11474,40,70000,0,user_20,665,665,
11488,41,70000,0,user_32,665,665,
11497,42,70000,0,user_41,665,665,
11548,,150000,0,user_2,666,,
11549,,170000,0,user_3,666,,
11550,,1500000,5640,user_3,666,,
11551,,79000,0,user_3,666,,
11552,,870000,0,user_4,666,,
11553,,3600000,0,user_6,666,,
11554,,84000,0,user_9,666,,
11555,,470000,0,user_10,666,,
11556,,1400000,0,user_11,666,,
11557,,5000000,0,user_11,666,,
11558,,1900000,0,user_11,666,,
11559,,260000,0,user_11,666,,
11560,,350000,0,user_12,666,,
11561,,970000,11200,user_12,666,,
11562,,160000,49100,user_13,666,,
11563,,1400000,0,user_13,666,,
11564,,310000,0,user_14,666,,
11565,,2000000,0,user_15,666,,
11566,,1700000,0,user_15,666,,
11567,,160000,0,user_15,666,,
11568,,4500000,15300,user_15,666,,
11569,,420000,23500,user_16,666,,
11570,,1900000,0,user_17,666,,
11571,,77000,0,user_17,666,,
11572,,2300000,0,user_17,666,,
11573,,1600000,0,user_19,666,,
11574,,2400000,0,user_19,666,,
11575,,84000,0,user_20,666,,
11576,,630000,0,user_22,666,,
11577,,1600000,0,user_23,666,,
11578,,85000,0,user_24,666,,
11579,,120000,0,user_26,666,,
11580,,120000,0,user_26,666,,
11581,,87000,0,user_26,666,,
11582,,130000,39400,user_26,666,,
11583,,4200000,0,user_26,666,,
11584,,1000000,49100,user_27,666,,
11585,,1400000,0,user_27,666,,
11586,,460000,0,user_28,666,,
11587,,1000000,17000,user_28,666,,
11588,,2500000,0,user_31,666,,
11589,,19000000,100000,user_31,666,,
11590,,420000,0,user_31,666,,
11591,,2500000,0,user_32,666,,
11592,,320000,0,user_33,666,,
11593,,460000,0,user_33,666,,
11594,,420000,0,user_35,666,,
11595,,170000,12300,user_36,666,,
11596,,70000,350000,user_38,666,,
11597,,2400000,0,user_39,666,,
11598,,82000,0,user_39,666,,
11599,,70000,0,user_41,666,,
11600,,460000,0,user_42,666,,
11601,,5000000,215000,user_45,666,,
11602,,420000,0,user_47,666,,
11589,0,19000000,100000,user_31,666,666,
11557,1,5000000,0,user_11,666,666,
11601,2,5000000,215000,user_45,666,666,
11568,3,4500000,15300,user_15,666,666,
11583,4,4200000,0,user_26,666,666,
11553,5,3600000,0,user_6,666,666,
11588,6,2500000,0,user_31,666,666,
11591,7,2500000,0,user_32,666,666,
11574,8,2400000,0,user_19,666,666,
11597,9,2400000,0,user_39,666,666,
11572,10,2300000,0,user_17,666,666,
11565,11,2000000,0,user_15,666,666,
11558,12,1900000,0,user_11,666,666,
11570,13,1900000,0,user_17,666,666,
11566,14,1700000,0,user_15,666,666,
11573,15,1600000,0,user_19,666,666,
11550,16,1500000,5640,user_3,666,666,
11556,17,1400000,0,user_11,666,666,
11563,18,1400000,0,user_13,666,666,
11585,19,1400000,0,user_27,666,666,
11584,20,1000000,49100,user_27,666,666,
11587,21,1000000,17000,user_28,666,666,
11561,22,970000,11200,user_12,666,666,
11552,23,870000,0,user_4,666,666,
11555,24,470000,0,user_10,666,666,
11586,25,460000,0,user_28,666,666,
11593,26,460000,0,user_33,666,666,
11600,27,460000,0,user_42,666,666,
11569,28,420000,23500,user_16,666,666,
11590,29,420000,0,user_31,666,666,
11594,30,420000,0,user_35,666,666,
11602,31,420000,0,user_47,666,666,
11560,32,350000,0,user_12,666,666,
11592,33,320000,0,user_33,666,666,
11559,34,260000,0,user_11,666,666,
11549,35,170000,0,user_3,666,666,
11562,36,160000,49100,user_13,666,666,
11567,37,160000,0,user_15,666,666,
11548,38,150000,0,user_2,666,666,
11582,39,130000,39400,user_26,666,666,
11579,40,120000,0,user_26,666,666,
11580,41,120000,0,user_26,666,666,
11581,42,87000,0,user_26,666,666,
11578,43,85000,0,user_24,666,666,
11554,44,84000,0,user_9,666,666,
11575,45,84000,0,user_20,666,666,
11598,46,82000,0,user_39,666,666,
11551,47,79000,0,user_3,666,666,
11571,48,77000,0,user_17,666,666,
11596,49,70000,350000,user_38,666,666,
11599,50,70000,0,user_41,666,666,
11691,,110000,0,user_0,667,,
11692,,2000000,0,user_1,667,,
11693,,1100000,0,user_2,667,,
11694,,310000,0,user_3,667,,
11695,,1600000,0,user_4,667,,
11696,,77000,0,user_5,667,,
11697,,3600000,0,user_7,667,,
11698,,1600000,0,user_7,667,,
11699,,110000,0,user_8,667,,
11700,,77000,0,user_9,667,,
11701,,3200000,0,user_10,667,,
11702,,460000,71800,user_10,667,,
11703,,1200000,0,user_12,667,,
11704,,1600000,0,user_13,667,,
11705,,1400000,0,user_14,667,,
11706,,5000000,0,user_17,667,,
11707,,1400000,0,user_18,667,,
11708,,2000000,128000,user_20,667,,
11709,,660000,0,user_20,667,,
11710,,1900000,0,user_24,667,,
11711,,1700000,12300,user_26,667,,
11712,,530000,0,user_27,667,,
11713,,110000,11200,user_29,667,,
11714,,260000,60700,user_30,667,,
11715,,1500000,0,user_30,667,,
11716,,110000,0,user_30,667,,
11717,,6100000,231000,user_31,667,,
11718,,530000,0,user_32,667,,
11719,,420000,0,user_33,667,,
11720,,73000,0,user_33,667,,
11721,,5000000,0,user_34,667,,
11722,,350000,0,user_37,667,,
11723,,2000000,0,user_38,667,,
11724,,80000,0,user_39,667,,
11725,,260000,0,user_39,667,,
11726,,300000,0,user_40,667,,
11727,,110000,285000,user_40,667,,
11728,,190000,0,user_42,667,,
11729,,460000,0,user_43,667,,
11730,,2600000,0,user_43,667,,
11731,,150000,15300,user_43,667,,
11732,,170000,0,user_44,667,,
11733,,19000000,0,user_45,667,,
11734,,2000000,0,user_45,667,,
11735,,340000,49100,user_46,667,,
11736,,82000,17700000,user_47,667,,
11737,,1100000,39400,user_48,667,,
11738,,670000,0,user_49,667,,
11733,0,19000000,0,user_45,667,667,
11717,1,6100000,231000,user_31,667,667,
11706,2,5000000,0,user_17,667,667,
11721,3,5000000,0,user_34,667,667,
11697,4,3600000,0,user_7,667,667,
11701,5,3200000,0,user_10,667,667,
11730,6,2600000,0,user_43,667,667,
11692,7,2000000,0,user_1,667,667,
11708,8,2000000,128000,user_20,667,667,
11723,9,2000000,0,user_38,667,667,
11734,10,2000000,0,user_45,667,667,
11710,11,1900000,0,user_24,667,667,
11711,12,1700000,12300,user_26,667,667,
11695,13,1600000,0,user_4,667,667,
11698,14,1600000,0,user_7,667,667,
11704,15,1600000,0,user_13,667,667,
11715,16,1500000,0,user_30,667,667,
11705,17,1400000,0,user_14,667,667,
11707,18,1400000,0,user_18,667,667,
11703,19,1200000,0,user_12,667,667,
11693,20,1100000,0,user_2,667,667,
11737,21,1100000,39400,user_48,667,667,
11709,22,660000,0,user_20,667,667,
11712,23,530000,0,user_27,667,667,
11702,24,460000,71800,user_10,667,667,
11729,25,460000,0,user_43,667,667,
11735,26,340000,49100,user_46,667,667,
11726,27,300000,0,user_40,667,667,
11714,28,260000,60700,user_30,667,667,
11725,29,260000,0,user_39,667,667,
11728,30,190000,0,user_42,667,667,
11732,31,170000,0,user_44,667,667,
11731,32,150000,15300,user_43,667,667,
11691,33,110000,0,user_0,667,667,
11699,34,110000,0,user_8,667,667,
11713,35,110000,11200,user_29,667,667,
11716,36,110000,0,user_30,667,667,
11727,37,110000,285000,user_40,667,667,
11736,38,82000,17700000,user_47,667,667,
11724,39,80000,0,user_39,667,667,
11700,40,77000,0,user_9,667,667,
11813,,1500000,0,user_0,668,,
11814,,150000,0,user_1,668,,
11815,,370000,4320000,user_2,668,,
11816,,2300000,0,user_2,668,,
11817,,600000,0,user_2,668,,
11818,,110000,0,user_2,668,,
11819,,43000000,0,user_2,668,,
11820,,1000000,0,user_3,668,,
11821,,30000000,0,user_4,668,,
11822,,240000,0,user_5,668,,
11823,,630000,0,user_5,668,,
11824,,1500000,0,user_6,668,,
11825,,110000,0,user_7,668,,
11826,,220000,0,user_7,668,,
11827,,110000,285000,user_8,668,,
11828,,360000,0,user_8,668,,
11829,,910000,0,user_11,668,,
11830,,2400000,0,user_12,668,,
11831,,460000,0,user_12,668,,
11832,,870000,67500,user_13,668,,
11833,,2000000,0,user_14,668,,
11834,,87000,0,user_15,668,,
11835,,87000,33300,user_17,668,,
11836,,100000,0,user_17,668,,
11837,,190000,0,user_18,668,,
11838,,150000,0,user_19,668,,
11839,,82000,0,user_19,668,,
11840,,84000,30200,user_20,668,,
11841,,170000,0,user_21,668,,
11842,,3600000,0,user_22,668,,
11843,,150000,0,user_23,668,,
11844,,220000,0,user_23,668,,
11845,,650000,0,user_23,668,,
11846,,190000,0,user_23,668,,
11847,,340000,0,user_25,668,,
11848,,1100000,231000,user_26,668,,
11849,,170000,181000,user_27,668,,
11850,,1200000,0,user_29,668,,
11851,,120000,0,user_30,668,,
11852,,320000,0,user_30,668,,
11853,,300000,0,user_31,668,,
11854,,70000,39400,user_31,668,,
11855,,190000,0,user_32,668,,
11856,,85000,0,user_32,668,,
11857,,1100000,0,user_33,668,,
11858,,220000,0,user_34,668,,
11859,,120000,21800,user_35,668,,
11860,,240000,0,user_35,668,,
11861,,170000,0,user_35,668,,
11862,,77000,0,user_36,668,,
11863,,320000,769000,user_36,668,,
11864,,110000,0,user_36,668,,
11865,,340000,0,user_36,668,,
11866,,1400000,0,user_36,668,,
11867,,310000,0,user_37,668,,
11868,,600000,0,user_38,668,,
11869,,870000,0,user_38,668,,
11870,,19000000,0,user_40,668,,
11871,,19000000,0,user_41,668,,
11872,,83000,0,user_42,668,,
11873,,120000,0,user_43,668,,
11874,,460000,121000,user_43,668,,
11875,,2000000,0,user_46,668,,
11876,,1500000,0,user_46,668,,
11877,,240000,0,user_46,668,,
11878,,73000,0,user_47,668,,
11819,0,43000000,0,user_2,668,668,
11821,1,30000000,0,user_4,668,668,
11870,2,19000000,0,user_40,668,668,
11871,3,19000000,0,user_41,668,668,
11914,4,0,0,builder_4,668,668,11815
11815,5,370000,4320000,user_2,668,668,
11842,6,3600000,0,user_22,668,668,
11830,7,2400000,0,user_12,668,668,
11816,8,2300000,0,user_2,668,668,
11833,9,2000000,0,user_14,668,668,
11875,10,2000000,0,user_46,668,668,
11813,11,1500000,0,user_0,668,668,
11824,12,1500000,0,user_6,668,668,
11876,13,1500000,0,user_46,668,668,
11866,14,1400000,0,user_36,668,668,
11915,15,0,0,builder_4,668,668,11848
11848,16,1100000,231000,user_26,668,668,
11850,17,1200000,0,user_29,668,668,
11857,18,1100000,0,user_33,668,668,
11863,19,320000,769000,user_36,668,668,
11916,20,0,0,builder_4,668,668,11863
11820,21,1000000,0,user_3,668,668,
11832,22,870000,67500,user_13,668,668,
11917,23,0,0,builder_4,668,668,11832
11829,24,910000,0,user_11,668,668,
11869,25,870000,0,user_38,668,668,
11845,26,650000,0,user_23,668,668,
11817,27,600000,0,user_2,668,668,
11868,28,600000,0,user_38,668,668,
11918,29,0,0,builder_4,668,668,11874
11874,30,460000,121000,user_43,668,668,
11831,31,460000,0,user_12,668,668,
11919,32,0,0,builder_4,668,668,11827
11827,33,110000,285000,user_8,668,668,
11828,34,360000,0,user_8,668,668,
11920,35,0,0,builder_4,668,668,11849
11849,36,170000,181000,user_27,668,668,
11847,37,340000,0,user_25,668,668,
11865,38,340000,0,user_36,668,668,
11852,39,320000,0,user_30,668,668,
11867,40,310000,0,user_37,668,668,
11853,41,300000,0,user_31,668,668,
11860,42,240000,0,user_35,668,668,
11877,43,240000,0,user_46,668,668,
11844,44,220000,0,user_23,668,668,
11858,45,220000,0,user_34,668,668,
11837,46,190000,0,user_18,668,668,
11846,47,190000,0,user_23,668,668,
11855,48,190000,0,user_32,668,668,
11841,49,170000,0,user_21,668,668,
11861,50,170000,0,user_35,668,668,
11814,51,150000,0,user_1,668,668,
11838,52,150000,0,user_19,668,668,
11843,53,150000,0,user_23,668,668,
11859,54,120000,21800,user_35,668,668,
11921,55,0,0,builder_4,668,668,11859
11835,56,87000,33300,user_17,668,668,
11922,57,0,0,builder_4,668,668,11835
11851,58,120000,0,user_30,668,668,
11873,59,120000,0,user_43,668,668,
11923,60,0,0,builder_4,668,668,11840
11840,61,84000,30200,user_20,668,668,
11818,62,110000,0,user_2,668,668,
11864,63,110000,0,user_36,668,668,
11924,64,0,0,builder_4,668,668,11854
11854,65,70000,39400,user_31,668,668,
11836,66,100000,0,user_17,668,668,
11856,67,85000,0,user_32,668,668,
11872,68,83000,0,user_42,668,668,
11839,69,82000,0,user_19,668,668,
11862,70,77000,0,user_36,668,668,
11955,,98000,0,user_0,669,,
11956,,1100000,0,user_1,669,,
11957,,1600000,0,user_2,669,,
11958,,970000,10700,user_2,669,,
11959,,4200000,0,user_3,669,,
11960,,1100000,0,user_4,669,,
11961,,600000,0,user_4,669,,
11962,,120000,0,user_4,669,,
11963,,6300000,0,user_4,669,,
11964,,79000,68100,user_4,669,,
11965,,130000,0,user_5,669,,
11966,,150000,0,user_7,669,,
11967,,5000000,0,user_8,669,,
11968,,420000,0,user_9,669,,
11969,,43000000,0,user_13,669,,
11970,,70000,0,user_13,669,,
11971,,1500000,0,user_13,669,,
11972,,1600000,0,user_17,669,,
11973,,1100000,0,user_17,669,,
11974,,370000,0,user_17,669,,
11975,,2100000,0,user_17,669,,
11976,,2000000,0,user_17,669,,
11977,,98000,128000,user_18,669,,
11978,,1100000,0,user_21,669,,
11979,,220000,0,user_22,669,,
11980,,350000,5630,user_22,669,,
11981,,160000,0,user_22,669,,
11982,,2000000,0,user_23,669,,
11983,,2600000,0,user_23,669,,
11984,,370000,0,user_25,669,,
11985,,19000000,0,user_27,669,,
11986,,170000,0,user_29,669,,
11987,,79000,161000,user_30,669,,
11988,,27000000,0,user_31,669,,
11989,,370000,0,user_32,669,,
11990,,260000,5640,user_33,669,,
11991,,1500000,0,user_33,669,,
11992,,110000,0,user_34,669,,
11993,,85000,0,user_34,669,,
11994,,460000,0,user_35,669,,
11995,,150000,0,user_36,669,,
11996,,87000,0,user_37,669,,
11997,,310000,47700,user_38,669,,
11998,,190000,369000,user_39,669,,
11999,,300000,0,user_41,669,,
12000,,80000,12300,user_42,669,,
12001,,73000,0,user_43,669,,
12002,,110000,0,user_44,669,,
12003,,340000,7840,user_45,669,,
12004,,1600000,0,user_46,669,,
12005,,1600000,0,user_46,669,,
12006,,110000,0,user_47,669,,
12007,,3200000,121000,user_47,669,,
12008,,530000,0,user_48,669,,
12009,,470000,0,user_49,669,,
12010,,630000,13900,user_49,669,,
12011,,110000,0,user_49,669,,
12012,,2000000,0,user_49,669,,
12013,,2600000,0,user_49,669,,
11969,0,43000000,0,user_13,669,669,
11988,1,27000000,0,user_31,669,669,
11985,2,19000000,0,user_27,669,669,
11963,3,6300000,0,user_4,669,669,
11967,4,5000000,0,user_8,669,669,
11959,5,4200000,0,user_3,669,669,
12007,6,3200000,121000,user_47,669,669,
11983,7,2600000,0,user_23,669,669,
12013,8,2600000,0,user_49,669,669,
11975,9,2100000,0,user_17,669,669,
11976,10,2000000,0,user_17,669,669,
11982,11,2000000,0,user_23,669,669,
12012,12,2000000,0,user_49,669,669,
11957,13,1600000,0,user_2,669,669,
11972,14,1600000,0,user_17,669,669,
12004,15,1600000,0,user_46,669,669,
12005,16,1600000,0,user_46,669,669,
11971,17,1500000,0,user_13,669,669,
11991,18,1500000,0,user_33,669,669,
11956,19,1100000,0,user_1,669,669,
11960,20,1100000,0,user_4,669,669,
11973,21,1100000,0,user_17,669,669,
11978,22,1100000,0,user_21,669,669,
11958,23,970000,10700,user_2,669,669,
12010,24,630000,13900,user_49,669,669,
11961,25,600000,0,user_4,669,669,
12009,26,470000,0,user_49,669,669,
11994,27,460000,0,user_35,669,669,
11974,28,370000,0,user_17,669,669,
11984,29,370000,0,user_25,669,669,
11980,30,350000,5630,user_22,669,669,
12003,31,340000,7840,user_45,669,669,
11999,32,300000,0,user_41,669,669,
11990,33,260000,5640,user_33,669,669,
11979,34,220000,0,user_22,669,669,
11998,35,190000,369000,user_39,669,669,
11986,36,170000,0,user_29,669,669,
11981,37,160000,0,user_22,669,669,
11966,38,150000,0,user_7,669,669,
11995,39,150000,0,user_36,669,669,
11965,40,130000,0,user_5,669,669,
11962,41,120000,0,user_4,669,669,
11992,42,110000,0,user_34,669,669,
12002,43,110000,0,user_44,669,669,
12006,44,110000,0,user_47,669,669,
12011,45,110000,0,user_49,669,669,
11955,46,98000,0,user_0,669,669,
11977,47,98000,128000,user_18,669,669,
11996,48,87000,0,user_37,669,669,
11993,49,85000,0,user_34,669,669,
12000,50,80000,12300,user_42,669,669,
11964,51,79000,68100,user_4,669,669,
11987,52,79000,161000,user_30,669,669,
12001,53,73000,0,user_43,669,669,
11970,54,70000,0,user_13,669,669,
12098,,260000,0,user_0,670,,
12099,,120000,0,user_2,670,,
12100,,310000,0,user_3,670,,
12101,,84000,0,user_5,670,,
12102,,5000000,0,user_6,670,,
12103,,660000,0,user_7,670,,
12104,,310000,0,user_8,670,,
12105,,2600000,0,user_9,670,,
12106,,150000,0,user_9,670,,
12107,,320000,0,user_10,670,,
12108,,1600000,39400,user_11,670,,
12109,,4200000,0,user_13,670,,
12110,,84000,5640,user_14,670,,
12111,,470000,0,user_15,670,,
12112,,260000,0,user_17,670,,
12113,,73000,0,user_17,670,,
12114,,4200000,0,user_19,670,,
12115,,79000,0,user_21,670,,
12116,,1600000,0,user_22,670,,
12117,,120000,67500,user_22,670,,
12118,,220000,1100000,user_23,670,,
12119,,1200000,0,user_23,670,,
12120,,3500000,0,user_24,670,,
12121,,1600000,779000,user_25,670,,
12122,,77000,0,user_27,670,,
12123,,79000,0,user_28,670,,
12124,,77000,0,user_28,670,,
12125,,650000,0,user_29,670,,
12126,,670000,0,user_30,670,,
12127,,160000,0,user_31,670,,
12128,,80000,5180,user_31,670,,
12129,,260000,0,user_31,670,,
12130,,310000,0,user_31,670,,
12131,,1500000,0,user_31,670,,
12132,,110000,0,user_32,670,,
12133,,2300000,0,user_33,670,,
12134,,1100000,0,user_36,670,,
12135,,1400000,128000,user_37,670,,
12136,,1100000,0,user_38,670,,
12137,,300000,0,user_39,670,,
12138,,2100000,0,user_40,670,,
12139,,6300000,0,user_40,670,,
12140,,150000,0,user_40,670,,
12141,,110000,64600,user_40,670,,
12142,,320000,283000,user_40,670,,
12143,,160000,0,user_41,670,,
12144,,320000,0,user_42,670,,
12145,,160000,0,user_42,670,,
12146,,350000,0,user_43,670,,
12147,,2000000,0,user_43,670,,
12148,,220000,0,user_44,670,,
12149,,530000,0,user_45,670,,
12150,,660000,0,user_46,670,,
12151,,73000,32900,user_47,670,,
12152,,2300000,0,user_47,670,,
12153,,910000,0,user_49,670,,
12154,,460000,0,user_49,670,,
12155,,5000000,0,user_49,670,,
12139,0,6300000,0,user_40,670,670,
12102,1,5000000,0,user_6,670,670,
12155,2,5000000,0,user_49,670,670,
12109,3,4200000,0,user_13,670,670,
12114,4,4200000,0,user_19,670,670,
12120,5,3500000,0,user_24,670,670,
12105,6,2600000,0,user_9,670,670,
12133,7,2300000,0,user_33,670,670,
12152,8,2300000,0,user_47,670,670,
12138,9,2100000,0,user_40,670,670,
12147,10,2000000,0,user_43,670,670,
12108,11,1600000,39400,user_11,670,670,
12116,12,1600000,0,user_22,670,670,
12121,13,1600000,779000,user_25,670,670,
12131,14,1500000,0,user_31,670,670,
12119,15,1200000,0,user_23,670,670,
12134,16,1100000,0,user_36,670,670,
12136,17,1100000,0,user_38,670,670,
12153,18,910000,0,user_49,670,670,
12126,19,670000,0,user_30,670,670,
12103,20,660000,0,user_7,670,670,
12150,21,660000,0,user_46,670,670,
12125,22,650000,0,user_29,670,670,
12149,23,530000,0,user_45,670,670,
12111,24,470000,0,user_15,670,670,
12154,25,460000,0,user_49,670,670,
12146,26,350000,0,user_43,670,670,
12107,27,320000,0,user_10,670,670,
12142,28,320000,283000,user_40,670,670,
12144,29,320000,0,user_42,670,670,
12100,30,310000,0,user_3,670,670,
12104,31,310000,0,user_8,670,670,
12130,32,310000,0,user_31,670,670,
12098,33,260000,0,user_0,670,670,
12112,34,260000,0,user_17,670,670,
12129,35,260000,0,user_31,670,670,
12118,36,220000,1100000,user_23,670,670,
12148,37,220000,0,user_44,670,670,
12127,38,160000,0,user_31,670,670,
12143,39,160000,0,user_41,670,670,
12145,40,160000,0,user_42,670,670,
12106,41,150000,0,user_9,670,670,
12140,42,150000,0,user_40,670,670,
12099,43,120000,0,user_2,670,670,
12117,44,120000,67500,user_22,670,670,
12132,45,110000,0,user_32,670,670,
12141,46,110000,64600,user_40,670,670,
12101,47,84000,0,user_5,670,670,
12110,48,84000,5640,user_14,670,670,
12128,49,80000,5180,user_31,670,670,
12115,50,79000,0,user_21,670,670,
12122,51,77000,0,user_27,670,670,
12113,52,73000,0,user_17,670,670,
12151,53,73000,32900,user_47,670,670,
12226,,460000,0,user_0,671,,
12227,,80000,0,user_0,671,,
12228,,150000,12300,user_0,671,,
12229,,1500000,0,user_0,671,,
12230,,370000,73100,user_1,671,,
12231,,260000,0,user_2,671,,
12232,,2600000,0,user_3,671,,
12233,,110000,0,user_6,671,,
12234,,2000000,0,user_7,671,,
12235,,220000,0,user_10,671,,
12236,,1000000,68100,user_11,671,,
12237,,4200000,0,user_11,671,,
12238,,310000,0,user_12,671,,
12239,,3600000,0,user_13,671,,
12240,,670000,0,user_15,671,,
12241,,83000,0,user_15,671,,
12242,,170000,0,user_16,671,,
12243,,3500000,0,user_18,671,,
12244,,87000,0,user_20,671,,
12245,,870000,0,user_21,671,,
12246,,870000,0,user_24,671,,
12247,,1100000,0,user_24,671,,
12248,,82000,0,user_26,671,,
12249,,600000,0,user_27,671,,
12250,,5200000,0,user_29,671,,
12251,,85000,0,user_29,671,,
12252,,350000,15300,user_30,671,,
12253,,160000,0,user_31,671,,
12254,,120000,0,user_31,671,,
12255,,2400000,0,user_32,671,,
12256,,970000,0,user_33,671,,
12257,,4500000,0,user_33,671,,
12258,,120000,0,user_33,671,,
12259,,170000,0,user_33,671,,
12260,,2000000,0,user_34,671,,
12261,,1400000,0,user_36,671,,
12262,,1300000,100000,user_39,671,,
12263,,1500000,0,user_40,671,,
12264,,3200000,0,user_40,671,,
12265,,260000,0,user_41,671,,
12266,,110000,0,user_41,671,,
12267,,110000,0,user_42,671,,
12268,,110000,0,user_42,671,,
12269,,870000,0,user_42,671,,
12270,,530000,0,user_42,671,,
12271,,1400000,0,user_43,671,,
12272,,260000,0,user_43,671,,
12273,,130000,0,user_44,671,,
12274,,670000,0,user_45,671,,
12275,,460000,0,user_46,671,,
12276,,300000,0,user_49,671,,
12250,0,5200000,0,user_29,671,671,
12257,1,4500000,0,user_33,671,671,
12237,2,4200000,0,user_11,671,671,
12239,3,3600000,0,user_13,671,671,
12243,4,3500000,0,user_18,671,671,
12264,5,3200000,0,user_40,671,671,
12232,6,2600000,0,user_3,671,671,
12255,7,2400000,0,user_32,671,671,
12234,8,2000000,0,user_7,671,671,
12260,9,2000000,0,user_34,671,671,
12229,10,1500000,0,user_0,671,671,
12263,11,1500000,0,user_40,671,671,
12261,12,1400000,0,user_36,671,671,
12291,13,0,0,builder_3,671,671,12262
12262,14,1300000,100000,user_39,671,671,
12271,15,1400000,0,user_43,671,671,
12247,16,1100000,0,user_24,671,671,
12292,17,0,0,builder_3,671,671,12236
12236,18,1000000,68100,user_11,671,671,
12256,19,970000,0,user_33,671,671,
12245,20,870000,0,user_21,671,671,
12246,21,870000,0,user_24,671,671,
12269,22,870000,0,user_42,671,671,
12240,23,670000,0,user_15,671,671,
12274,24,670000,0,user_45,671,671,
12270,25,530000,0,user_42,671,671,
12226,26,460000,0,user_0,671,671,
12275,27,460000,0,user_46,671,671,
12252,28,350000,15300,user_30,671,671,
12293,29,0,0,builder_3,671,671,12252
12238,30,310000,0,user_12,671,671,
12276,31,300000,0,user_49,671,671,
12231,32,260000,0,user_2,671,671,
12265,33,260000,0,user_41,671,671,
12272,34,260000,0,user_43,671,671,
12235,35,220000,0,user_10,671,671,
12259,36,170000,0,user_33,671,671,
12228,37,150000,12300,user_0,671,671,
12294,38,0,0,builder_3,671,671,12228
12253,39,160000,0,user_31,671,671,
12273,40,130000,0,user_44,671,671,
12254,41,120000,0,user_31,671,671,
12258,42,120000,0,user_33,671,671,
12266,43,110000,0,user_41,671,671,
12267,44,110000,0,user_42,671,671,
12268,45,110000,0,user_42,671,671,
12244,46,87000,0,user_20,671,671,
12251,47,85000,0,user_29,671,671,
12241,48,83000,0,user_15,671,671,
12248,49,82000,0,user_26,671,671,
12227,50,80000,0,user_0,671,671,
12313,,3500000,15300,user_2,672,,
12314,,5000000,13900,user_3,672,,
12315,,1000000,0,user_3,672,,
12316,,160000,215000,user_3,672,,
12317,,4200000,35600,user_3,672,,
12318,,190000,73100,user_3,672,,
12319,,1300000,0,user_5,672,,
12320,,110000,15100,user_6,672,,
12321,,220000,0,user_7,672,,
12322,,2000000,0,user_8,672,,
12323,,360000,0,user_9,672,,
12324,,170000,0,user_11,672,,
12325,,360000,0,user_11,672,,
12326,,360000,0,user_14,672,,
12327,,1900000,0,user_16,672,,
12328,,190000,0,user_17,672,,
12329,,350000,0,user_17,672,,
12330,,1900000,0,user_18,672,,
12331,,110000,0,user_20,672,,
12332,,3200000,0,user_21,672,,
12333,,160000,0,user_21,672,,
12334,,120000,0,user_21,672,,
12335,,120000,0,user_21,672,,
12336,,4200000,0,user_21,672,,
12337,,2500000,779000,user_23,672,,
12338,,420000,42000,user_23,672,,
12339,,870000,0,user_23,672,,
12340,,110000,594000,user_23,672,,
12341,,660000,0,user_23,672,,
12342,,220000,0,user_25,672,,
12343,,220000,0,user_26,672,,
12344,,5000000,100000,user_28,672,,
12345,,170000,0,user_28,672,,
12346,,970000,0,user_30,672,,
12347,,220000,0,user_30,672,,
12348,,6300000,0,user_31,672,,
12349,,77000,0,user_32,672,,
12350,,120000,0,user_34,672,,
12351,,170000,0,user_34,672,,
12352,,120000,0,user_34,672,,
12353,,2000000,0,user_34,672,,
12354,,630000,0,user_34,672,,
12355,,5000000,0,user_35,672,,
12356,,5000000,0,user_36,672,,
12357,,4200000,0,user_36,672,,
12358,,120000,545000,user_38,672,,
12359,,70000,0,user_39,672,,
12360,,170000,0,user_39,672,,
12361,,4500000,0,user_39,672,,
12362,,120000,0,user_40,672,,
12363,,2500000,0,user_40,672,,
12364,,85000,0,user_41,672,,
12365,,1400000,16400,user_42,672,,
12366,,110000,959000,user_42,672,,
12367,,470000,64600,user_42,672,,
12368,,600000,0,user_44,672,,
12369,,1100000,0,user_45,672,,
12370,,2300000,0,user_45,672,,
12371,,470000,0,user_46,672,,
12372,,80000,0,user_47,672,,
12373,,4500000,0,user_48,672,,
12374,,110000,0,user_49,672,,
12348,0,6300000,0,user_31,672,672,
12405,1,0,0,builder_3,672,672,12344
12344,2,5000000,100000,user_28,672,672,
12314,3,5000000,13900,user_3,672,672,
12406,4,0,0,builder_3,672,672,12314
12355,5,5000000,0,user_35,672,672,
12356,6,5000000,0,user_36,672,672,
12361,7,4500000,0,user_39,672,672,
12373,8,4500000,0,user_48,672,672,
12407,9,0,0,builder_3,672,672,12317
12317,10,4200000,35600,user_3,672,672,
12336,11,4200000,0,user_21,672,672,
12357,12,4200000,0,user_36,672,672,
12408,13,0,0,builder_3,672,672,12313
12313,14,3500000,15300,user_2,672,672,
12337,15,2500000,779000,user_23,672,672,
12409,16,0,0,builder_3,672,672,12337
12332,17,3200000,0,user_21,672,672,
12363,18,2500000,0,user_40,672,672,
12370,19,2300000,0,user_45,672,672,
12353,20,2000000,0,user_34,672,672,
12330,21,1900000,0,user_18,672,672,
12410,22,0,0,builder_3,672,672,12365
12365,23,1400000,16400,user_42,672,672,
12319,24,1300000,0,user_5,672,672,
12369,25,1100000,0,user_45,672,672,
12411,26,0,0,builder_3,672,672,12366
12366,27,110000,959000,user_42,672,672,
12315,28,1000000,0,user_3,672,672,
12346,29,970000,0,user_30,672,672,
12339,30,870000,0,user_23,672,672,
12340,31,110000,594000,user_23,672,672,
12412,32,0,0,builder_3,672,672,12340
12413,33,0,0,builder_3,672,672,12358
12358,34,120000,545000,user_38,672,672,
12341,35,660000,0,user_23,672,672,
12354,36,630000,0,user_34,672,672,
12368,37,600000,0,user_44,672,672,
12414,38,0,0,builder_3,672,672,12367
12367,39,470000,64600,user_42,672,672,
12371,40,470000,0,user_46,672,672,
12338,41,420000,42000,user_23,672,672,
12415,42,0,0,builder_3,672,672,12338
12316,43,160000,215000,user_3,672,672,
12416,44,0,0,builder_3,672,672,12316
12325,45,360000,0,user_11,672,672,
12326,46,360000,0,user_14,672,672,
12329,47,350000,0,user_17,672,672,
12318,48,190000,73100,user_3,672,672,
12417,49,0,0,builder_3,672,672,12318
12321,50,220000,0,user_7,672,672,
12343,51,220000,0,user_26,672,672,
12347,52,220000,0,user_30,672,672,
12328,53,190000,0,user_17,672,672,
12324,54,170000,0,user_11,672,672,
12345,55,170000,0,user_28,672,672,
12351,56,170000,0,user_34,672,672,
12360,57,170000,0,user_39,672,672,
12333,58,160000,0,user_21,672,672,
12334,59,120000,0,user_21,672,672,
12335,60,120000,0,user_21,672,672,
12350,61,120000,0,user_34,672,672,
12352,62,120000,0,user_34,672,672,
12362,63,120000,0,user_40,672,672,
12331,64,110000,0,user_20,672,672,
12374,65,110000,0,user_49,672,672,
12364,66,85000,0,user_41,672,672,
12372,67,80000,0,user_47,672,672,
12349,68,77000,0,user_32,672,672,
12359,69,70000,0,user_39,672,672,
12469,,350000,0,user_0,673,,
12470,,5000000,146000,user_1,673,,
12471,,320000,15700,user_2,673,,
12472,,150000,769000,user_3,673,,
12473,,630000,0,user_4,673,,
12474,,650000,0,user_4,673,,
12475,,150000,0,user_4,673,,
12476,,2000000,0,user_5,673,,
12477,,910000,139000,user_6,673,,
12478,,240000,0,user_7,673,,
12479,,1700000,0,user_8,673,,
12480,,1000000,5640,user_10,673,,
12481,,5000000,164000,user_11,673,,
12482,,260000,0,user_12,673,,
12483,,83000,0,user_12,673,,
12484,,1700000,0,user_12,673,,
12485,,1000000,18600,user_12,673,,
12486,,420000,0,user_12,673,,
12487,,320000,0,user_14,673,,
12488,,350000,0,user_15,673,,
12489,,190000,0,user_16,673,,
12490,,2500000,0,user_16,673,,
12491,,170000,285000,user_16,673,,
12492,,1200000,0,user_16,673,,
12493,,1000000,0,user_17,673,,
12494,,1500000,0,user_20,673,,
12495,,360000,4320000,user_21,673,,
12496,,79000,0,user_21,673,,
12497,,120000,0,user_22,673,,
12498,,5000000,0,user_23,673,,
12499,,190000,0,user_23,673,,
12500,,160000,36800,user_24,673,,
12501,,160000,0,user_24,673,,
12502,,84000,0,user_24,673,,
12503,,1800000,0,user_24,673,,
12504,,1400000,285000,user_25,673,,
12505,,970000,0,user_25,673,,
12506,,5000000,0,user_25,673,,
12507,,370000,0,user_25,673,,
12508,,2600000,0,user_25,673,,
12509,,110000,0,user_26,673,,
12510,,630000,0,user_27,673,,
12511,,77000,0,user_27,673,,
12512,,2100000,0,user_28,673,,
12513,,170000,0,user_28,673,,
12514,,4500000,0,user_29,673,,
12515,,4200000,0,user_33,673,,
12516,,970000,0,user_33,673,,
12517,,120000,0,user_34,673,,
12518,,30000000,0,user_34,673,,
12519,,360000,0,user_35,673,,
12520,,1700000,0,user_36,673,,
12521,,1800000,0,user_40,673,,
12522,,260000,0,user_41,673,,
12523,,3200000,0,user_42,673,,
12524,,6100000,0,user_43,673,,
12525,,1300000,7190000,user_43,673,,
12526,,3500000,0,user_43,673,,
12527,,79000,0,user_44,673,,
12528,,100000,0,user_45,673,,
12529,,120000,0,user_46,673,,
12530,,27000000,0,user_47,673,,
12531,,420000,0,user_47,673,,
12532,,350000,0,user_49,673,,
12518,0,30000000,0,user_34,673,673,
12530,1,27000000,0,user_47,673,673,
12524,2,6100000,0,user_43,673,673,
12470,3,5000000,146000,user_1,673,673,
12481,4,5000000,164000,user_11,673,673,
12498,5,5000000,0,user_23,673,673,
12506,6,5000000,0,user_25,673,673,
12514,7,4500000,0,user_29,673,673,
12515,8,4200000,0,user_33,673,673,
12526,9,3500000,0,user_43,673,673,
12523,10,3200000,0,user_42,673,673,
12508,11,2600000,0,user_25,673,673,
12490,12,2500000,0,user_16,673,673,
12476,13,2000000,0,user_5,673,673,
12521,14,1800000,0,user_40,673,673,
12479,15,1700000,0,user_8,673,673,
12484,16,1700000,0,user_12,673,673,
12520,17,1700000,0,user_36,673,673,
12494,18,1500000,0,user_20,673,673,
12504,19,1400000,285000,user_25,673,673,
12525,20,1300000,7190000,user_43,673,673,
12492,21,1200000,0,user_16,673,673,
12480,22,1000000,5640,user_10,673,673,
12485,23,1000000,18600,user_12,673,673,
12493,24,1000000,0,user_17,673,673,
12505,25,970000,0,user_25,673,673,
12516,26,970000,0,user_33,673,673,
12477,27,910000,139000,user_6,673,673,
12474,28,650000,0,user_4,673,673,
12473,29,630000,0,user_4,673,673,
12510,30,630000,0,user_27,673,673,
12486,31,420000,0,user_12,673,673,
12531,32,420000,0,user_47,673,673,
12507,33,370000,0,user_25,673,673,
12495,34,360000,4320000,user_21,673,673,
12519,35,360000,0,user_35,673,673,
12469,36,350000,0,user_0,673,673,
12488,37,350000,0,user_15,673,673,
12532,38,350000,0,user_49,673,673,
12471,39,320000,15700,user_2,673,673,
12482,40,260000,0,user_12,673,673,
12522,41,260000,0,user_41,673,673,
12478,42,240000,0,user_7,673,673,
12489,43,190000,0,user_16,673,673,
12499,44,190000,0,user_23,673,673,
12491,45,170000,285000,user_16,673,673,
12472,46,150000,769000,user_3,673,673,
12475,47,150000,0,user_4,673,673,
12497,48,120000,0,user_22,673,673,
12517,49,120000,0,user_34,673,673,
12529,50,120000,0,user_46,673,673,
12509,51,110000,0,user_26,673,673,
12528,52,100000,0,user_45,673,673,
12483,53,83000,0,user_12,673,673,
12496,54,79000,0,user_21,673,673,
12527,55,79000,0,user_44,673,673,
12511,56,77000,0,user_27,673,673,
12618,,3600000,0,user_0,674,,
12619,,310000,0,user_2,674,,
12620,,4500000,0,user_3,674,,
12621,,370000,0,user_4,674,,
12622,,1300000,0,user_5,674,,
12623,,80000,0,user_5,674,,
12624,,80000,0,user_5,674,,
12625,,1100000,0,user_5,674,,
12626,,190000,0,user_6,674,,
12627,,3500000,0,user_6,674,,
12628,,110000,0,user_7,674,,
12629,,1000000,0,user_7,674,,
12630,,87000,0,user_8,674,,
12631,,220000,0,user_9,674,,
12632,,420000,256000,user_10,674,,
12633,,4200000,0,user_11,674,,
12634,,600000,350000,user_12,674,,
12635,,240000,0,user_13,674,,
12636,,420000,0,user_14,674,,
12637,,84000,0,user_14,674,,
12638,,1100000,215000,user_16,674,,
12639,,310000,0,user_16,674,,
12640,,420000,0,user_17,674,,
12641,,370000,0,user_17,674,,
12642,,220000,0,user_18,674,,
12643,,1400000,0,user_19,674,,
12644,,370000,0,user_20,674,,
12645,,160000,0,user_21,674,,
12646,,1600000,0,user_22,674,,
12647,,73000,0,user_24,674,,
12648,,370000,0,user_25,674,,
12649,,1600000,0,user_26,674,,
12650,,260000,0,user_28,674,,
12651,,110000,0,user_29,674,,
12652,,79000,0,user_29,674,,
12653,,630000,0,user_30,674,,
12654,,98000,0,user_30,674,,
12655,,2500000,0,user_30,674,,
12656,,5000000,0,user_30,674,,
12657,,84000,34700,user_32,674,,
12658,,1800000,0,user_33,674,,
12659,,1000000,0,user_33,674,,
12660,,2600000,0,user_34,674,,
12661,,110000,0,user_35,674,,
12662,,130000,0,user_36,674,,
12663,,82000,0,user_38,674,,
12664,,260000,0,user_39,674,,
12665,,340000,0,user_40,674,,
12666,,2300000,146000,user_40,674,,
12667,,600000,594000,user_40,674,,
12668,,110000,0,user_42,674,,
12669,,2300000,0,user_43,674,,
12670,,1100000,0,user_43,674,,
12671,,300000,121000,user_44,674,,
12672,,300000,0,user_44,674,,
12673,,1000000,769000,user_44,674,,
12674,,220000,0,user_45,674,,
12675,,120000,0,user_45,674,,
12676,,460000,0,user_45,674,,
12677,,1900000,0,user_48,674,,
12656,0,5000000,0,user_30,674,674,
12620,1,4500000,0,user_3,674,674,
12633,2,4200000,0,user_11,674,674,
12618,3,3600000,0,user_0,674,674,
12627,4,3500000,0,user_6,674,674,
12660,5,2600000,0,user_34,674,674,
12655,6,2500000,0,user_30,674,674,
12666,7,2300000,146000,user_40,674,674,
12669,8,2300000,0,user_43,674,674,
12677,9,1900000,0,user_48,674,674,
12658,10,1800000,0,user_33,674,674,
12646,11,1600000,0,user_22,674,674,
12643,12,1400000,0,user_19,674,674,
12622,13,1300000,0,user_5,674,674,
12625,14,1100000,0,user_5,674,674,
12638,15,1100000,215000,user_16,674,674,
12670,16,1100000,0,user_43,674,674,
12629,17,1000000,0,user_7,674,674,
12659,18,1000000,0,user_33,674,674,
12673,19,1000000,769000,user_44,674,674,
12653,20,630000,0,user_30,674,674,
12667,21,600000,594000,user_40,674,674,
12676,22,460000,0,user_45,674,674,
12632,23,420000,256000,user_10,674,674,
12636,24,420000,0,user_14,674,674,
12640,25,420000,0,user_17,674,674,
12641,26,370000,0,user_17,674,674,
12644,27,370000,0,user_20,674,674,
12648,28,370000,0,user_25,674,674,
12665,29,340000,0,user_40,674,674,
12619,30,310000,0,user_2,674,674,
12639,31,310000,0,user_16,674,674,
12671,32,300000,121000,user_44,674,674,
12672,33,300000,0,user_44,674,674,
12635,34,240000,0,user_13,674,674,
12631,35,220000,0,user_9,674,674,
12642,36,220000,0,user_18,674,674,
12674,37,220000,0,user_45,674,674,
12626,38,190000,0,user_6,674,674,
12645,39,160000,0,user_21,674,674,
12662,40,130000,0,user_36,674,674,
12675,41,120000,0,user_45,674,674,
12628,42,110000,0,user_7,674,674,
12651,43,110000,0,user_29,674,674,
12661,44,110000,0,user_35,674,674,
12668,45,110000,0,user_42,674,674,
12654,46,98000,0,user_30,674,674,
12630,47,87000,0,user_8,674,674,
12637,48,84000,0,user_14,674,674,
12657,49,84000,34700,user_32,674,674,
12663,50,82000,0,user_38,674,674,
12623,51,80000,0,user_5,674,674,
12624,52,80000,0,user_5,674,674,
12652,53,79000,0,user_29,674,674,
12647,54,73000,0,user_24,674,674,
12737,,120000,67500,user_0,675,,
12738,,130000,0,user_1,675,,
12739,,85000,121000,user_2,675,,
12740,,1200000,0,user_3,675,,
12741,,2500000,0,user_4,675,,
12742,,2300000,0,user_5,675,,
12743,,600000,17000,user_5,675,,
12744,,160000,0,user_5,675,,
12745,,220000,0,user_6,675,,
12746,,150000,0,user_10,675,,
12747,,460000,67900,user_11,675,,
12748,,2400000,49100,user_12,675,,
12749,,530000,0,user_12,675,,
12750,,79000,0,user_15,675,,
12751,,650000,0,user_18,675,,
12752,,150000,0,user_19,675,,
12753,,1100000,0,user_20,675,,
12754,,670000,0,user_20,675,,
12755,,170000,0,user_21,675,,
12756,,240000,0,user_22,675,,
12757,,350000,13800,user_23,675,,
12758,,110000,0,user_23,675,,
12759,,98000,17000,user_25,675,,
12760,,470000,10700,user_26,675,,
12761,,2000000,0,user_28,675,,
12762,,470000,0,user_29,675,,
12763,,2100000,15700,user_29,675,,
12764,,1500000,11200,user_30,675,,
12765,,3600000,0,user_31,675,,
12766,,1900000,0,user_33,675,,
12767,,83000,0,user_34,675,,
12768,,120000,0,user_34,675,,
12769,,1800000,0,user_36,675,,
12770,,2000000,0,user_37,675,,
12771,,600000,0,user_38,675,,
12772,,650000,0,user_40,675,,
12773,,1400000,66100,user_41,675,,
12774,,85000,0,user_41,675,,
12775,,420000,0,user_41,675,,
12776,,4200000,0,user_41,675,,
12777,,5000000,0,user_44,675,,
12778,,150000,0,user_45,675,,
12779,,120000,0,user_47,675,,
12780,,3500000,0,user_48,675,,
12781,,460000,15300,user_49,675,,
12777,0,5000000,0,user_44,675,675,
12776,1,4200000,0,user_41,675,675,
12765,2,3600000,0,user_31,675,675,
12780,3,3500000,0,user_48,675,675,
12741,4,2500000,0,user_4,675,675,
12810,5,0,0,builder_3,675,675,12748
12748,6,2400000,49100,user_12,675,675,
12742,7,2300000,0,user_5,675,675,
12763,8,2100000,15700,user_29,675,675,
12811,9,0,0,builder_3,675,675,12763
12761,10,2000000,0,user_28,675,675,
12770,11,2000000,0,user_37,675,675,
12766,12,1900000,0,user_33,675,675,
12769,13,1800000,0,user_36,675,675,
12812,14,0,0,builder_3,675,675,12764
12764,15,1500000,11200,user_30,675,675,
12773,16,1400000,66100,user_41,675,675,
12813,17,0,0,builder_3,675,675,12773
12740,18,1200000,0,user_3,675,675,
12753,19,1100000,0,user_20,675,675,
12754,20,670000,0,user_20,675,675,
12751,21,650000,0,user_18,675,675,
12772,22,650000,0,user_40,675,675,
12814,23,0,0,builder_3,675,675,12743
12743,24,600000,17000,user_5,675,675,
12771,25,600000,0,user_38,675,675,
12749,26,530000,0,user_12,675,675,
12747,27,460000,67900,user_11,675,675,
12815,28,0,0,builder_3,675,675,12747
12816,29,0,0,builder_3,675,675,12760
12760,30,470000,10700,user_26,675,675,
12817,31,0,0,builder_3,675,675,12781
12781,32,460000,15300,user_49,675,675,
12762,33,470000,0,user_29,675,675,
12775,34,420000,0,user_41,675,675,
12757,35,350000,13800,user_23,675,675,
12818,36,0,0,builder_3,675,675,12757
12756,37,240000,0,user_22,675,675,
12819,38,0,0,builder_3,675,675,12739
12739,39,85000,121000,user_2,675,675,
12737,40,120000,67500,user_0,675,675,
12820,41,0,0,builder_3,675,675,12737
12755,42,170000,0,user_21,675,675,
12744,43,160000,0,user_5,675,675,
12746,44,150000,0,user_10,675,675,
12752,45,150000,0,user_19,675,675,
12778,46,150000,0,user_45,675,675,
12768,47,120000,0,user_34,675,675,
12779,48,120000,0,user_47,675,675,
12758,49,110000,0,user_23,675,675,
12774,50,85000,0,user_41,675,675,
12767,51,83000,0,user_34,675,675,
12750,52,79000,0,user_15,675,675,
12868,,910000,0,user_0,676,,
12869,,30000000,350000,user_0,676,,
12870,,340000,0,user_1,676,,
12871,,150000,0,user_2,676,,
12872,,310000,0,user_3,676,,
12873,,110000,0,user_4,676,,
12874,,2600000,0,user_4,676,,
12875,,530000,181000,user_5,676,,
12876,,1300000,121000,user_6,676,,
12877,,6300000,0,user_6,676,,
12878,,310000,0,user_6,676,,
12879,,84000,0,user_7,676,,
12880,,1000000,0,user_8,676,,
12881,,2400000,0,user_9,676,,
12882,,1100000,0,user_10,676,,
12883,,1500000,0,user_10,676,,
12884,,1300000,0,user_13,676,,
12885,,2400000,0,user_15,676,,
12886,,1600000,0,user_15,676,,
12887,,5000000,0,user_16,676,,
12888,,470000,4320000,user_17,676,,
12889,,350000,0,user_21,676,,
12890,,2500000,19700,user_21,676,,
12891,,82000,0,user_21,676,,
12892,,470000,17700000,user_21,676,,
12893,,1300000,0,user_22,676,,
12894,,160000,0,user_24,676,,
12895,,240000,17000,user_24,676,,
12896,,19000000,0,user_25,676,,
12897,,870000,0,user_25,676,,
12898,,600000,11200,user_26,676,,
12899,,80000,0,user_27,676,,
12900,,260000,0,user_28,676,,
12901,,85000,8520,user_29,676,,
12902,,110000,3130,user_29,676,,
12903,,1100000,594000,user_29,676,,
12904,,110000,0,user_29,676,,
12905,,160000,0,user_29,676,,
12906,,2100000,7190000,user_30,676,,
12907,,650000,0,user_31,676,,
12908,,160000,84800,user_32,676,,
12909,,3200000,0,user_32,676,,
12910,,110000,21800,user_33,676,,
12911,,1900000,0,user_34,676,,
12912,,2000000,71800,user_34,676,,
12913,,340000,0,user_35,676,,
12914,,870000,0,user_36,676,,
12915,,670000,769000,user_37,676,,
12916,,360000,0,user_37,676,,
12917,,80000,0,user_37,676,,
12918,,350000,21800,user_39,676,,
12919,,370000,0,user_40,676,,
12920,,350000,0,user_41,676,,
12921,,80000,0,user_41,676,,
12922,,1500000,0,user_43,676,,
12923,,460000,0,user_43,676,,
12924,,340000,0,user_44,676,,
12925,,320000,0,user_45,676,,
12926,,110000,0,user_45,676,,
12927,,910000,0,user_46,676,,
12869,0,30000000,350000,user_0,676,676,
12981,1,0,0,builder_4,676,676,12869
12896,2,19000000,0,user_25,676,676,
12892,3,470000,17700000,user_21,676,676,
12982,4,0,0,builder_4,676,676,12892
12983,5,0,0,builder_4,676,676,12906
12906,6,2100000,7190000,user_30,676,676,
12877,7,6300000,0,user_6,676,676,
12887,8,5000000,0,user_16,676,676,
12888,9,470000,4320000,user_17,676,676,
12984,10,0,0,builder_4,676,676,12888
12909,11,3200000,0,user_32,676,676,
12874,12,2600000,0,user_4,676,676,
12985,13,0,0,builder_4,676,676,12890
12890,14,2500000,19700,user_21,676,676,
12881,15,2400000,0,user_9,676,676,
12986,16,0,0,builder_4,676,676,12912
12912,17,2000000,71800,user_34,676,676,
12911,18,1900000,0,user_34,676,676,
12987,19,0,0,builder_4,676,676,12903
12903,20,1100000,594000,user_29,676,676,
12883,21,1500000,0,user_10,676,676,
12922,22,1500000,0,user_43,676,676,
12915,23,670000,769000,user_37,676,676,
12988,24,0,0,builder_4,676,676,12915
12876,25,1300000,121000,user_6,676,676,
12989,26,0,0,builder_4,676,676,12876
12884,27,1300000,0,user_13,676,676,
12893,28,1300000,0,user_22,676,676,
12882,29,1100000,0,user_10,676,676,
12880,30,1000000,0,user_8,676,676,
12868,31,910000,0,user_0,676,676,
12927,32,910000,0,user_46,676,676,
12897,33,870000,0,user_25,676,676,
12914,34,870000,0,user_36,676,676,
12907,35,650000,0,user_31,676,676,
12898,36,600000,11200,user_26,676,676,
12990,37,0,0,builder_4,676,676,12898
12923,38,460000,0,user_43,676,676,
12919,39,370000,0,user_40,676,676,
12916,40,360000,0,user_37,676,676,
12889,41,350000,0,user_21,676,676,
12920,42,350000,0,user_41,676,676,
12870,43,340000,0,user_1,676,676,
12913,44,340000,0,user_35,676,676,
12924,45,340000,0,user_44,676,676,
12925,46,320000,0,user_45,676,676,
12872,47,310000,0,user_3,676,676,
12878,48,310000,0,user_6,676,676,
12900,49,260000,0,user_28,676,676,
12895,50,240000,17000,user_24,676,676,
12991,51,0,0,builder_4,676,676,12895
12908,52,160000,84800,user_32,676,676,
12992,53,0,0,builder_4,676,676,12908
12894,54,160000,0,user_24,676,676,
12905,55,160000,0,user_29,676,676,
12871,56,150000,0,user_2,676,676,
12993,57,0,0,builder_4,676,676,12910
12910,58,110000,21800,user_33,676,676,
12902,59,110000,3130,user_29,676,676,
12994,60,0,0,builder_4,676,676,12902
12873,61,110000,0,user_4,676,676,
12904,62,110000,0,user_29,676,676,
12926,63,110000,0,user_45,676,676,
12995,64,0,0,builder_4,676,676,12901
12901,65,85000,8520,user_29,676,676,
12891,66,82000,0,user_21,676,676,
12899,67,80000,0,user_27,676,676,
12917,68,80000,0,user_37,676,676,
12921,69,80000,0,user_41,676,676,
13046,,110000,0,user_1,677,,
13047,,43000000,30200,user_1,677,,
13048,,260000,0,user_2,677,,
13049,,660000,0,user_4,677,,
13050,,110000,0,user_5,677,,
13051,,360000,0,user_9,677,,
13052,,110000,0,user_10,677,,
13053,,2000000,64600,user_11,677,,
13054,,170000,73100,user_13,677,,
13055,,1500000,0,user_14,677,,
13056,,470000,0,user_15,677,,
13057,,120000,0,user_16,677,,
13058,,870000,0,user_17,677,,
13059,,110000,0,user_18,677,,
13060,,2000000,0,user_18,677,,
13061,,1600000,769000,user_19,677,,
13062,,1200000,39400,user_20,677,,
13063,,79000,0,user_22,677,,
13064,,910000,0,user_24,677,,
13065,,98000,0,user_25,677,,
13066,,6300000,5180,user_26,677,,
13067,,1100000,256000,user_28,677,,
13068,,530000,0,user_28,677,,
13069,,220000,0,user_29,677,,
13070,,970000,0,user_29,677,,
13071,,110000,0,user_29,677,,
13072,,150000,510000,user_29,677,,
13073,,310000,256000,user_30,677,,
13074,,1000000,0,user_31,677,,
13075,,2500000,0,user_34,677,,
13076,,1500000,0,user_35,677,,
13077,,1100000,0,user_36,677,,
13078,,84000,0,user_36,677,,
13079,,2000000,24700,user_38,677,,
13080,,870000,0,user_38,677,,
13081,,1500000,0,user_39,677,,
13082,,190000,0,user_41,677,,
13083,,120000,0,user_41,677,,
13084,,2300000,17700000,user_43,677,,
13085,,310000,0,user_43,677,,
13086,,220000,7190000,user_43,677,,
13087,,2000000,0,user_43,677,,
13088,,630000,0,user_45,677,,
13089,,1600000,43600,user_46,677,,
13090,,82000,0,user_48,677,,
13047,0,43000000,30200,user_1,677,677,
13091,1,0,0,builder_0,677,677,13047
13084,2,2300000,17700000,user_43,677,677,
13092,3,0,0,builder_0,677,677,13084
13093,4,0,0,builder_0,677,677,13086
13086,5,220000,7190000,user_43,677,677,
13066,6,6300000,5180,user_26,677,677,
13094,7,0,0,builder_0,677,677,13066
13061,8,1600000,769000,user_19,677,677,
13095,9,0,0,builder_0,677,677,13061
13096,10,0,0,builder_0,677,677,13053
13053,11,2000000,64600,user_11,677,677,
13079,12,2000000,24700,user_38,677,677,
13097,13,0,0,builder_0,677,677,13079
13060,14,2000000,0,user_18,677,677,
13087,15,2000000,0,user_43,677,677,
13089,16,1600000,43600,user_46,677,677,
13098,17,0,0,builder_0,677,677,13089
13055,18,1500000,0,user_14,677,677,
13076,19,1500000,0,user_35,677,677,
13067,20,1100000,256000,user_28,677,677,
13099,21,0,0,builder_0,677,677,13067
13100,22,0,0,builder_0,677,677,13062
13062,23,1200000,39400,user_20,677,677,
13077,24,1100000,0,user_36,677,677,
13074,25,1000000,0,user_31,677,677,
13070,26,970000,0,user_29,677,677,
13058,27,870000,0,user_17,677,677,
13080,28,870000,0,user_38,677,677,
13101,29,0,0,builder_0,677,677,13072
13072,30,150000,510000,user_29,677,677,
13073,31,310000,256000,user_30,677,677,
13102,32,0,0,builder_0,677,677,13073
13068,33,530000,0,user_28,677,677,
13051,34,360000,0,user_9,677,677,
13085,35,310000,0,user_43,677,677,
13048,36,260000,0,user_2,677,677,
13103,37,0,0,builder_0,677,677,13054
13054,38,170000,73100,user_13,677,677,
13069,39,220000,0,user_29,677,677,
13082,40,190000,0,user_41,677,677,
13057,41,120000,0,user_16,677,677,
13083,42,120000,0,user_41,677,677,
13046,43,110000,0,user_1,677,677,
13052,44,110000,0,user_10,677,677,
13059,45,110000,0,user_18,677,677,
13071,46,110000,0,user_29,677,677,
13065,47,98000,0,user_25,677,677,
13078,48,84000,0,user_36,677,677,
13090,49,82000,0,user_48,677,677,
13063,50,79000,0,user_22,677,677,
13179,,150000,296000,user_1,678,,
13180,,650000,0,user_2,678,,
13181,,300000,231000,user_3,678,,
13182,,1900000,0,user_3,678,,
13183,,5200000,0,user_3,678,,
13184,,1600000,0,user_4,678,,
13185,,650000,0,user_4,678,,
13186,,2500000,0,user_8,678,,
13187,,340000,0,user_8,678,,
13188,,130000,0,user_9,678,,
13189,,5000000,0,user_11,678,,
13190,,150000,0,user_13,678,,
13191,,1000000,0,user_14,678,,
13192,,160000,0,user_15,678,,
13193,,150000,0,user_15,678,,
13194,,1800000,0,user_16,678,,
13195,,310000,0,user_17,678,,
13196,,2400000,0,user_18,678,,
13197,,1400000,0,user_19,678,,
13198,,460000,0,user_19,678,,
13199,,460000,0,user_20,678,,
13200,,2000000,73100,user_20,678,,
13201,,110000,350000,user_21,678,,
13202,,310000,0,user_21,678,,
13203,,2400000,0,user_22,678,,
13204,,30000000,0,user_25,678,,
13205,,110000,0,user_26,678,,
13206,,2500000,0,user_27,678,,
13207,,1600000,47700,user_28,678,,
13208,,130000,0,user_29,678,,
13209,,160000,155000,user_29,678,,
13210,,910000,0,user_29,678,,
13211,,1200000,0,user_29,678,,
13212,,220000,0,user_30,678,,
13213,,1500000,0,user_30,678,,
13214,,240000,24700,user_31,678,,
13215,,4500000,0,user_31,678,,
13216,,170000,0,user_31,678,,
13217,,84000,594000,user_31,678,,
13218,,27000000,0,user_31,678,,
13219,,310000,0,user_32,678,,
13220,,120000,0,user_32,678,,
13221,,43000000,5640,user_33,678,,
13222,,3500000,0,user_34,678,,
13223,,1000000,0,user_34,678,,
13224,,1600000,0,user_35,678,,
13225,,5000000,0,user_35,678,,
13226,,4200000,0,user_36,678,,
13227,,600000,0,user_38,678,,
13228,,83000,0,user_39,678,,
13229,,6300000,0,user_40,678,,
13230,,3500000,0,user_40,678,,
13231,,170000,0,user_40,678,,
13232,,79000,0,user_40,678,,
13233,,1600000,0,user_41,678,,
13234,,170000,0,user_41,678,,
13235,,120000,0,user_44,678,,
13236,,3600000,0,user_44,678,,
13237,,3600000,0,user_44,678,,
13238,,350000,0,user_45,678,,
13239,,310000,0,user_46,678,,
13240,,19000000,0,user_46,678,,
13241,,350000,322000,user_47,678,,
13242,,630000,0,user_48,678,,
13243,,1600000,0,user_49,678,,
13221,0,43000000,5640,user_33,678,678,
13275,1,0,0,builder_4,678,678,13221
13204,2,30000000,0,user_25,678,678,
13218,3,27000000,0,user_31,678,678,
13240,4,19000000,0,user_46,678,678,
13229,5,6300000,0,user_40,678,678,
13183,6,5200000,0,user_3,678,678,
13189,7,5000000,0,user_11,678,678,
13225,8,5000000,0,user_35,678,678,
13215,9,4500000,0,user_31,678,678,
13226,10,4200000,0,user_36,678,678,
13236,11,3600000,0,user_44,678,678,
13237,12,3600000,0,user_44,678,678,
13222,13,3500000,0,user_34,678,678,
13230,14,3500000,0,user_40,678,678,
13186,15,2500000,0,user_8,678,678,
13206,16,2500000,0,user_27,678,678,
13196,17,2400000,0,user_18,678,678,
13203,18,2400000,0,user_22,678,678,
13200,19,2000000,73100,user_20,678,678,
13276,20,0,0,builder_4,678,678,13200
13182,21,1900000,0,user_3,678,678,
13194,22,1800000,0,user_16,678,678,
13277,23,0,0,builder_4,678,678,13207
13207,24,1600000,47700,user_28,678,678,
13184,25,1600000,0,user_4,678,678,
13224,26,1600000,0,user_35,678,678,
13233,27,1600000,0,user_41,678,678,
13243,28,1600000,0,user_49,678,678,
13213,29,1500000,0,user_30,678,678,
13197,30,1400000,0,user_19,678,678,
13211,31,1200000,0,user_29,678,678,
13191,32,1000000,0,user_14,678,678,
13223,33,1000000,0,user_34,678,678,
13210,34,910000,0,user_29,678,678,
13278,35,0,0,builder_4,678,678,13217
13217,36,84000,594000,user_31,678,678,
13180,37,650000,0,user_2,678,678,
13185,38,650000,0,user_4,678,678,
13242,39,630000,0,user_48,678,678,
13227,40,600000,0,user_38,678,678,
13279,41,0,0,builder_4,678,678,13181
13181,42,300000,231000,user_3,678,678,
13198,43,460000,0,user_19,678,678,
13199,44,460000,0,user_20,678,678,
13280,45,0,0,builder_4,678,678,13201
13201,46,110000,350000,user_21,678,678,
13179,47,150000,296000,user_1,678,678,
13281,48,0,0,builder_4,678,678,13179
13238,49,350000,0,user_45,678,678,
13187,50,340000,0,user_8,678,678,
13282,51,0,0,builder_4,678,678,13209
13209,52,160000,155000,user_29,678,678,
13195,53,310000,0,user_17,678,678,
13202,54,310000,0,user_21,678,678,
13219,55,310000,0,user_32,678,678,
13239,56,310000,0,user_46,678,678,
13214,57,240000,24700,user_31,678,678,
13283,58,0,0,builder_4,678,678,13214
13212,59,220000,0,user_30,678,678,
13216,60,170000,0,user_31,678,678,
13231,61,170000,0,user_40,678,678,
13234,62,170000,0,user_41,678,678,
13190,63,150000,0,user_13,678,678,
13188,64,130000,0,user_9,678,678,
13208,65,130000,0,user_29,678,678,
13220,66,120000,0,user_32,678,678,
13235,67,120000,0,user_44,678,678,
13205,68,110000,0,user_26,678,678,
13232,69,79000,0,user_40,678,678,
13314,,220000,0,user_1,679,,
13315,,160000,0,user_2,679,,
13316,,120000,0,user_3,679,,
13317,,110000,0,user_4,679,,
13318,,1200000,0,user_5,679,,
13319,,460000,0,user_6,679,,
13320,,82000,0,user_6,679,,
13321,,170000,410000,user_7,679,,
13322,,87000,0,user_8,679,,
13323,,160000,0,user_9,679,,
13324,,220000,0,user_9,679,,
13325,,84000,33100,user_11,679,,
13326,,310000,0,user_12,679,,
13327,,350000,0,user_12,679,,
13328,,110000,0,user_14,679,,
13329,,1200000,0,user_14,679,,
13330,,120000,0,user_15,679,,
13331,,80000,0,user_17,679,,
13332,,30000000,68100,user_17,679,,
13333,,260000,0,user_18,679,,
13334,,84000,0,user_19,679,,
13335,,160000,0,user_21,679,,
13336,,120000,0,user_22,679,,
13337,,85000,0,user_22,679,,
13338,,170000,0,user_23,679,,
13339,,2600000,0,user_24,679,,
13340,,1300000,0,user_27,679,,
13341,,630000,0,user_30,679,,
13342,,190000,0,user_31,679,,
13343,,910000,0,user_31,679,,
13344,,170000,0,user_32,679,,
13345,,120000,0,user_34,679,,
13346,,870000,0,user_35,679,,
13347,,5000000,0,user_37,679,,
13348,,43000000,128000,user_38,679,,
13349,,77000,0,user_38,679,,
13350,,600000,0,user_38,679,,
13351,,470000,350000,user_39,679,,
13352,,1100000,0,user_41,679,,
13353,,30000000,121000,user_42,679,,
13354,,460000,0,user_43,679,,
13355,,5000000,0,user_43,679,,
13356,,150000,0,user_44,679,,
13357,,85000,0,user_45,679,,
13358,,83000,0,user_46,679,,
13359,,110000,381000,user_47,679,,
13360,,3500000,181000,user_48,679,,
13387,0,0,0,builder_4,679,679,13348
13348,1,43000000,128000,user_38,679,679,
13388,2,0,0,builder_4,679,679,13353
13353,3,30000000,121000,user_42,679,679,
13332,4,30000000,68100,user_17,679,679,
13389,5,0,0,builder_4,679,679,13332
13347,6,5000000,0,user_37,679,679,
13355,7,5000000,0,user_43,679,679,
13390,8,0,0,builder_4,679,679,13360
13360,9,3500000,181000,user_48,679,679,
13339,10,2600000,0,user_24,679,679,
13340,11,1300000,0,user_27,679,679,
13329,12,1200000,0,user_14,679,679,
13352,13,1100000,0,user_41,679,679,
13343,14,910000,0,user_31,679,679,
13346,15,870000,0,user_35,679,679,
13341,16,630000,0,user_30,679,679,
13350,17,600000,0,user_38,679,679,
13319,18,460000,0,user_6,679,679,
13354,19,460000,0,user_43,679,679,
13327,20,350000,0,user_12,679,679,
13326,21,310000,0,user_12,679,679,
13333,22,260000,0,user_18,679,679,
13314,23,220000,0,user_1,679,679,
13324,24,220000,0,user_9,679,679,
13342,25,190000,0,user_31,679,679,
13338,26,170000,0,user_23,679,679,
13344,27,170000,0,user_32,679,679,
13315,28,160000,0,user_2,679,679,
13323,29,160000,0,user_9,679,679,
13335,30,160000,0,user_21,679,679,
13356,31,150000,0,user_44,679,679,
13316,32,120000,0,user_3,679,679,
13336,33,120000,0,user_22,679,679,
13345,34,120000,0,user_34,679,679,
13391,35,0,0,builder_4,679,679,13325
13325,36,84000,33100,user_11,679,679,
13317,37,110000,0,user_4,679,679,
13328,38,110000,0,user_14,679,679,
13322,39,87000,0,user_8,679,679,
13337,40,85000,0,user_22,679,679,
13357,41,85000,0,user_45,679,679,
13334,42,84000,0,user_19,679,679,
13358,43,83000,0,user_46,679,679,
13320,44,82000,0,user_6,679,679,
13331,45,80000,0,user_17,679,679,
13349,46,77000,0,user_38,679,679,
13414,,1100000,0,user_1,680,,
13415,,77000,0,user_4,680,,
13416,,85000,0,user_5,680,,
13417,,1800000,16400,user_5,680,,
13418,,2600000,0,user_7,680,,
13419,,83000,0,user_10,680,,
13420,,120000,0,user_11,680,,
13421,,910000,283000,user_12,680,,
13422,,84000,0,user_12,680,,
13423,,1300000,0,user_12,680,,
13424,,110000,0,user_12,680,,
13425,,19000000,0,user_12,680,,
13426,,85000,0,user_13,680,,
13427,,84000,0,user_18,680,,
13428,,2000000,0,user_18,680,,
13429,,3500000,0,user_19,680,,
13430,,110000,0,user_19,680,,
13431,,1100000,0,user_20,680,,
13432,,1900000,350000,user_21,680,,
13433,,110000,0,user_22,680,,
13434,,1500000,0,user_23,680,,
13435,,120000,0,user_25,680,,
13436,,73000,0,user_25,680,,
13437,,670000,13900,user_25,680,,
13438,,19000000,0,user_26,680,,
13439,,82000,0,user_26,680,,
13440,,1600000,0,user_27,680,,
13441,,360000,0,user_27,680,,
13442,,30000000,0,user_27,680,,
13443,,120000,16400,user_27,680,,
13444,,3500000,0,user_27,680,,
13445,,83000,5630,user_28,680,,
13446,,470000,0,user_28,680,,
13447,,460000,0,user_29,680,,
13448,,1000000,0,user_30,680,,
13449,,120000,0,user_31,680,,
13450,,2000000,510000,user_32,680,,
13451,,160000,0,user_32,680,,
13452,,150000,0,user_32,680,,
13453,,160000,0,user_32,680,,
13454,,2600000,34700,user_34,680,,
13455,,910000,0,user_34,680,,
13456,,260000,0,user_35,680,,
13457,,150000,0,user_35,680,,
13458,,1100000,64600,user_36,680,,
13459,,120000,0,user_37,680,,
13460,,150000,0,user_38,680,,
13461,,1400000,33300,user_39,680,,
13462,,970000,0,user_39,680,,
13463,,2000000,0,user_40,680,,
13464,,3200000,31700,user_40,680,,
13465,,160000,0,user_41,680,,
13466,,77000,33300,user_41,680,,
13467,,30000000,42000,user_41,680,,
13468,,2000000,0,user_41,680,,
13469,,170000,0,user_43,680,,
13470,,4200000,0,user_45,680,,
13471,,120000,0,user_45,680,,
13472,,160000,155000,user_46,680,,
13473,,160000,15100,user_48,680,,
13474,,1100000,0,user_49,680,,
13475,,1200000,0,user_49,680,,
13467,0,30000000,42000,user_41,680,680,
13523,1,0,0,builder_4,680,680,13467
13442,2,30000000,0,user_27,680,680,
13425,3,19000000,0,user_12,680,680,
13438,4,19000000,0,user_26,680,680,
13470,5,4200000,0,user_45,680,680,
13429,6,3500000,0,user_19,680,680,
13444,7,3500000,0,user_27,680,680,
13524,8,0,0,builder_4,680,680,13464
13464,9,3200000,31700,user_40,680,680,
13454,10,2600000,34700,user_34,680,680,
13525,11,0,0,builder_4,680,680,13454
13450,12,2000000,510000,user_32,680,680,
13526,13,0,0,builder_4,680,680,13450
13527,14,0,0,builder_4,680,680,13432
13432,15,1900000,350000,user_21,680,680,
13428,16,2000000,0,user_18,680,680,
13463,17,2000000,0,user_40,680,680,
13468,18,2000000,0,user_41,680,680,
13440,19,1600000,0,user_27,680,680,
13434,20,1500000,0,user_23,680,680,
13423,21,1300000,0,user_12,680,680,
13475,22,1200000,0,user_49,680,680,
13421,23,910000,283000,user_12,680,680,
13528,24,0,0,builder_4,680,680,13421
13458,25,1100000,64600,user_36,680,680,
13529,26,0,0,builder_4,680,680,13458
13414,27,1100000,0,user_1,680,680,
13431,28,1100000,0,user_20,680,680,
13474,29,1100000,0,user_49,680,680,
13448,30,1000000,0,user_30,680,680,
13455,31,910000,0,user_34,680,680,
13437,32,670000,13900,user_25,680,680,
13530,33,0,0,builder_4,680,680,13437
13446,34,470000,0,user_28,680,680,
13447,35,460000,0,user_29,680,680,
13441,36,360000,0,user_27,680,680,
13531,37,0,0,builder_4,680,680,13472
13472,38,160000,155000,user_46,680,680,
13456,39,260000,0,user_35,680,680,
13532,40,0,0,builder_4,680,680,13473
13473,41,160000,15100,user_48,680,680,
13469,42,170000,0,user_43,680,680,
13451,43,160000,0,user_32,680,680,
13453,44,160000,0,user_32,680,680,
13465,45,160000,0,user_41,680,680,
13452,46,150000,0,user_32,680,680,
13457,47,150000,0,user_35,680,680,
13460,48,150000,0,user_38,680,680,
13443,49,120000,16400,user_27,680,680,
13533,50,0,0,builder_4,680,680,13443
13420,51,120000,0,user_11,680,680,
13435,52,120000,0,user_25,680,680,
13449,53,120000,0,user_31,680,680,
13459,54,120000,0,user_37,680,680,
13471,55,120000,0,user_45,680,680,
13534,56,0,0,builder_4,680,680,13466
13466,57,77000,33300,user_41,680,680,
13424,58,110000,0,user_12,680,680,
13430,59,110000,0,user_19,680,680,
13433,60,110000,0,user_22,680,680,
13445,61,83000,5630,user_28,680,680,
13535,62,0,0,builder_4,680,680,13445
13426,63,85000,0,user_13,680,680,
13422,64,84000,0,user_12,680,680,
13427,65,84000,0,user_18,680,680,
13419,66,83000,0,user_10,680,680,
13439,67,82000,0,user_26,680,680,
13415,68,77000,0,user_4,680,680,
13436,69,73000,0,user_25,680,680,
13584,,2500000,0,user_0,681,,
13585,,240000,0,user_2,681,,
13586,,98000,0,user_4,681,,
13587,,260000,0,user_6,681,,
13588,,130000,0,user_7,681,,
13589,,470000,0,user_11,681,,
13590,,1100000,0,user_11,681,,
13591,,870000,0,user_12,681,,
13592,,1100000,0,user_13,681,,
13593,,300000,0,user_13,681,,
13594,,110000,0,user_14,681,,
13595,,6300000,0,user_15,681,,
13596,,370000,0,user_17,681,,
13597,,1300000,13800,user_19,681,,
13598,,150000,0,user_20,681,,
13599,,630000,0,user_21,681,,
13600,,43000000,0,user_21,681,,
13601,,160000,350000,user_22,681,,
13602,,260000,5640,user_23,681,,
13603,,83000,0,user_24,681,,
13604,,460000,0,user_25,681,,
13605,,220000,0,user_26,681,,
13606,,260000,21800,user_26,681,,
13607,,1800000,0,user_28,681,,
13608,,110000,0,user_30,681,,
13609,,150000,0,user_30,681,,
13610,,1000000,0,user_32,681,,
13611,,82000,0,user_32,681,,
13612,,670000,0,user_33,681,,
13613,,1600000,0,user_34,681,,
13614,,160000,0,user_34,681,,
13615,,460000,0,user_36,681,,
13616,,1200000,0,user_37,681,,
13617,,130000,0,user_38,681,,
13618,,1000000,0,user_40,681,,
13619,,310000,0,user_41,681,,
13620,,1000000,0,user_41,681,,
13621,,1400000,0,user_41,681,,
13622,,260000,7190000,user_41,681,,
13623,,1800000,0,user_41,681,,
13624,,170000,0,user_43,681,,
13625,,470000,49100,user_44,681,,
13626,,2000000,0,user_45,681,,
13627,,530000,17000,user_47,681,,
13628,,6300000,283000,user_47,681,,
13629,,1400000,0,user_48,681,,
13630,,670000,5180,user_49,681,,
13600,0,43000000,0,user_21,681,681,
13631,1,0,0,builder_0,681,681,13622
13622,2,260000,7190000,user_41,681,681,
13632,3,0,0,builder_0,681,681,13628
13628,4,6300000,283000,user_47,681,681,
13584,5,2500000,0,user_0,681,681,
13607,6,1800000,0,user_28,681,681,
13623,7,1800000,0,user_41,681,681,
13621,8,1400000,0,user_41,681,681,
13629,9,1400000,0,user_48,681,681,
13633,10,0,0,builder_0,681,681,13597
13597,11,1300000,13800,user_19,681,681,
13616,12,1200000,0,user_37,681,681,
13590,13,1100000,0,user_11,681,681,
13592,14,1100000,0,user_13,681,681,
13610,15,1000000,0,user_32,681,681,
13618,16,1000000,0,user_40,681,681,
13620,17,1000000,0,user_41,681,681,
13634,18,0,0,builder_0,681,681,13630
13630,19,670000,5180,user_49,681,681,
13612,20,670000,0,user_33,681,681,
13599,21,630000,0,user_21,681,681,
13635,22,0,0,builder_0,681,681,13627
13627,23,530000,17000,user_47,681,681,
13636,24,0,0,builder_0,681,681,13625
13625,25,470000,49100,user_44,681,681,
13601,26,160000,350000,user_22,681,681,
13637,27,0,0,builder_0,681,681,13601
13589,28,470000,0,user_11,681,681,
13604,29,460000,0,user_25,681,681,
13615,30,460000,0,user_36,681,681,
13596,31,370000,0,user_17,681,681,
13619,32,310000,0,user_41,681,681,
13593,33,300000,0,user_13,681,681,
13638,34,0,0,builder_0,681,681,13606
13606,35,260000,21800,user_26,681,681,
13602,36,260000,5640,user_23,681,681,
13639,37,0,0,builder_0,681,681,13602
13587,38,260000,0,user_6,681,681,
13585,39,240000,0,user_2,681,681,
13605,40,220000,0,user_26,681,681,
13624,41,170000,0,user_43,681,681,
13598,42,150000,0,user_20,681,681,
13609,43,150000,0,user_30,681,681,
13588,44,130000,0,user_7,681,681,
13617,45,130000,0,user_38,681,681,
13594,46,110000,0,user_14,681,681,
13608,47,110000,0,user_30,681,681,
13611,48,82000,0,user_32,681,681,
13692,,2100000,0,user_1,682,,
13693,,150000,0,user_5,682,,
13694,,1300000,0,user_7,682,,
13695,,870000,0,user_9,682,,
13696,,1500000,0,user_10,682,,
13697,,170000,0,user_13,682,,
13698,,1400000,0,user_14,682,,
13699,,2600000,15100,user_14,682,,
13700,,1500000,0,user_15,682,,
13701,,1300000,0,user_15,682,,
13702,,170000,0,user_16,682,,
13703,,5000000,0,user_17,682,,
13704,,120000,0,user_17,682,,
13705,,660000,959000,user_18,682,,
13706,,77000,0,user_19,682,,
13707,,43000000,0,user_20,682,,
13708,,6300000,0,user_21,682,,
13709,,460000,0,user_22,682,,
13710,,1900000,0,user_23,682,,
13711,,4200000,0,user_24,682,,
13712,,260000,0,user_24,682,,
13713,,80000,0,user_26,682,,
13714,,350000,545000,user_27,682,,
13715,,79000,0,user_28,682,,
13716,,1000000,0,user_30,682,,
13717,,3600000,0,user_30,682,,
13718,,1400000,0,user_30,682,,
13719,,2000000,0,user_30,682,,
13720,,260000,0,user_31,682,,
13721,,1800000,0,user_31,682,,
13722,,4200000,0,user_32,682,,
13723,,150000,0,user_32,682,,
13724,,310000,0,user_33,682,,
13725,,160000,0,user_33,682,,
13726,,1500000,0,user_36,682,,
13727,,80000,0,user_37,682,,
13728,,2500000,0,user_37,682,,
13729,,2000000,71800,user_38,682,,
13730,,310000,510000,user_39,682,,
13731,,2600000,0,user_40,682,,
13732,,340000,0,user_41,682,,
13733,,260000,0,user_42,682,,
13734,,87000,0,user_42,682,,
13735,,360000,0,user_44,682,,
13736,,360000,0,user_47,682,,
13737,,220000,0,user_49,682,,
13738,,350000,0,user_49,682,,
13739,,120000,71800,user_49,682,,
13740,,350000,0,user_49,682,,
13707,0,43000000,0,user_20,682,682,
13708,1,6300000,0,user_21,682,682,
13703,2,5000000,0,user_17,682,682,
13711,3,4200000,0,user_24,682,682,
13722,4,4200000,0,user_32,682,682,
13717,5,3600000,0,user_30,682,682,
13756,6,0,0,builder_3,682,682,13699
13699,7,2600000,15100,user_14,682,682,
13731,8,2600000,0,user_40,682,682,
13728,9,2500000,0,user_37,682,682,
13729,10,2000000,71800,user_38,682,682,
13757,11,0,0,builder_3,682,682,13729
13719,12,2000000,0,user_30,682,682,
13710,13,1900000,0,user_23,682,682,
13721,14,1800000,0,user_31,682,682,
13758,15,0,0,builder_3,682,682,13705
13705,16,660000,959000,user_18,682,682,
13696,17,1500000,0,user_10,682,682,
13700,18,1500000,0,user_15,682,682,
13726,19,1500000,0,user_36,682,682,
13698,20,1400000,0,user_14,682,682,
13718,21,1400000,0,user_30,682,682,
13694,22,1300000,0,user_7,682,682,
13701,23,1300000,0,user_15,682,682,
13716,24,1000000,0,user_30,682,682,
13759,25,0,0,builder_3,682,682,13730
13730,26,310000,510000,user_39,682,682,
13709,27,460000,0,user_22,682,682,
13735,28,360000,0,user_44,682,682,
13736,29,360000,0,user_47,682,682,
13738,30,350000,0,user_49,682,682,
13740,31,350000,0,user_49,682,682,
13732,32,340000,0,user_41,682,682,
13724,33,310000,0,user_33,682,682,
13712,34,260000,0,user_24,682,682,
13720,35,260000,0,user_31,682,682,
13733,36,260000,0,user_42,682,682,
13737,37,220000,0,user_49,682,682,
13739,38,120000,71800,user_49,682,682,
13760,39,0,0,builder_3,682,682,13739
13697,40,170000,0,user_13,682,682,
13725,41,160000,0,user_33,682,682,
13693,42,150000,0,user_5,682,682,
13723,43,150000,0,user_32,682,682,
13704,44,120000,0,user_17,682,682,
13734,45,87000,0,user_42,682,682,
13713,46,80000,0,user_26,682,682,
13727,47,80000,0,user_37,682,682,
13715,48,79000,0,user_28,682,682,
13706,49,77000,0,user_19,682,682,
13786,,160000,0,user_2,683,,
13787,,340000,0,user_2,683,,
13788,,420000,0,user_2,683,,
13789,,6100000,0,user_2,683,,
13790,,2100000,84800,user_2,683,,
13791,,460000,0,user_4,683,,
13792,,120000,0,user_6,683,,
13793,,27000000,0,user_7,683,,
13794,,87000,0,user_9,683,,
13795,,85000,0,user_10,683,,
13796,,1100000,0,user_11,683,,
13797,,100000,0,user_12,683,,
13798,,1300000,0,user_13,683,,
13799,,1900000,0,user_14,683,,
13800,,150000,0,user_17,683,,
13801,,260000,0,user_18,683,,
13802,,630000,0,user_18,683,,
13803,,1700000,0,user_19,683,,
13804,,79000,0,user_20,683,,
13805,,1400000,0,user_22,683,,
13806,,350000,195000,user_23,683,,
13807,,170000,959000,user_24,683,,
13808,,1800000,0,user_24,683,,
13809,,370000,0,user_25,683,,
13810,,910000,155000,user_26,683,,
13811,,2100000,0,user_27,683,,
13812,,87000,0,user_28,683,,
13813,,2500000,0,user_29,683,,
13814,,43000000,231000,user_29,683,,
13815,,82000,181000,user_29,683,,
13816,,220000,350000,user_30,683,,
13817,,30000000,369000,user_30,683,,
13818,,160000,0,user_30,683,,
13819,,30000000,15300,user_31,683,,
13820,,260000,0,user_32,683,,
13821,,160000,0,user_33,683,,
13822,,1400000,0,user_34,683,,
13823,,80000,0,user_35,683,,
13824,,2000000,0,user_36,683,,
13825,,220000,0,user_38,683,,
13826,,170000,779000,user_38,683,,
13827,,4500000,0,user_38,683,,
13828,,2300000,0,user_38,683,,
13829,,85000,0,user_38,683,,
13830,,170000,0,user_39,683,,
13831,,160000,0,user_40,683,,
13832,,43000000,0,user_41,683,,
13833,,2000000,0,user_42,683,,
13834,,84000,0,user_43,683,,
13835,,2100000,0,user_44,683,,
13836,,84000,0,user_45,683,,
13837,,1000000,0,user_46,683,,
13838,,85000,215000,user_47,683,,
13839,,1600000,0,user_49,683,,
13840,,370000,0,user_49,683,,
13841,,5200000,108000,user_49,683,,
13814,0,43000000,231000,user_29,683,683,
13832,1,43000000,0,user_41,683,683,
13817,2,30000000,369000,user_30,683,683,
13819,3,30000000,15300,user_31,683,683,
13793,4,27000000,0,user_7,683,683,
13789,5,6100000,0,user_2,683,683,
13841,6,5200000,108000,user_49,683,683,
13827,7,4500000,0,user_38,683,683,
13813,8,2500000,0,user_29,683,683,
13828,9,2300000,0,user_38,683,683,
13790,10,2100000,84800,user_2,683,683,
13811,11,2100000,0,user_27,683,683,
13835,12,2100000,0,user_44,683,683,
13824,13,2000000,0,user_36,683,683,
13833,14,2000000,0,user_42,683,683,
13799,15,1900000,0,user_14,683,683,
13808,16,1800000,0,user_24,683,683,
13803,17,1700000,0,user_19,683,683,
13839,18,1600000,0,user_49,683,683,
13805,19,1400000,0,user_22,683,683,
13822,20,1400000,0,user_34,683,683,
13798,21,1300000,0,user_13,683,683,
13796,22,1100000,0,user_11,683,683,
13837,23,1000000,0,user_46,683,683,
13802,24,630000,0,user_18,683,683,
13788,25,420000,0,user_2,683,683,
13809,26,370000,0,user_25,683,683,
13840,27,370000,0,user_49,683,683,
13806,28,350000,195000,user_23,683,683,
13787,29,340000,0,user_2,683,683,
13801,30,260000,0,user_18,683,683,
13820,31,260000,0,user_32,683,683,
13816,32,220000,350000,user_30,683,683,
13825,33,220000,0,user_38,683,683,
13807,34,170000,959000,user_24,683,683,
13826,35,170000,779000,user_38,683,683,
13786,36,160000,0,user_2,683,683,
13818,37,160000,0,user_30,683,683,
13821,38,160000,0,user_33,683,683,
13831,39,160000,0,user_40,683,683,
13800,40,150000,0,user_17,683,683,
13792,41,120000,0,user_6,683,683,
13794,42,87000,0,user_9,683,683,
13795,43,85000,0,user_10,683,683,
13829,44,85000,0,user_38,683,683,
13838,45,85000,215000,user_47,683,683,
13834,46,84000,0,user_43,683,683,
13836,47,84000,0,user_45,683,683,
13815,48,82000,181000,user_29,683,683,
13823,49,80000,0,user_35,683,683,
13804,50,79000,0,user_20,683,683,
9326,,240000,0,user_0,684,,
9327,,4200000,67900,user_1,684,,
9328,,1000000,0,user_2,684,,
9329,,110000,19700,user_3,684,,
9330,,630000,17000,user_3,684,,
9331,,870000,0,user_3,684,,
9332,,5000000,0,user_3,684,,
9333,,460000,42000,user_3,684,,
9334,,4500000,0,user_4,684,,
9335,,3500000,146000,user_5,684,,
9336,,170000,0,user_6,684,,
9337,,87000,0,user_6,684,,
9338,,360000,0,user_6,684,,
9339,,630000,0,user_7,684,,
9340,,2400000,36800,user_7,684,,
9341,,120000,0,user_7,684,,
9342,,79000,47700,user_7,684,,
9343,,79000,3130,user_7,684,,
9344,,910000,0,user_8,684,,
9345,,160000,0,user_8,684,,
9346,,6100000,0,user_9,684,,
9347,,260000,0,user_13,684,,
9348,,79000,0,user_14,684,,
9349,,220000,0,user_15,684,,
9350,,1800000,0,user_16,684,,
9351,,1500000,0,user_17,684,,
9352,,3600000,0,user_18,684,,
9353,,170000,42000,user_19,684,,
9354,,340000,0,user_19,684,,
9355,,970000,0,user_21,684,,
9356,,1300000,0,user_23,684,,
9357,,340000,231000,user_26,684,,
9358,,170000,0,user_26,684,,
9359,,1200000,0,user_27,684,,
9360,,650000,0,user_30,684,,
9361,,110000,0,user_31,684,,
9362,,30000000,0,user_33,684,,
9363,,87000,3130,user_34,684,,
9364,,320000,0,user_34,684,,
9365,,300000,0,user_34,684,,
9366,,120000,283000,user_34,684,,
9367,,80000,0,user_34,684,,
9368,,43000000,0,user_35,684,,
9369,,1900000,0,user_37,684,,
9370,,160000,0,user_38,684,,
9371,,2400000,0,user_39,684,,
9372,,310000,0,user_40,684,,
9373,,220000,0,user_42,684,,
9374,,1400000,0,user_44,684,,
9375,,6300000,0,user_45,684,,
9376,,3500000,13800,user_46,684,,
9377,,150000,0,user_47,684,,
9378,,420000,0,user_47,684,,
9379,,460000,0,user_47,684,,
9380,,79000,0,user_47,684,,
9381,,120000,0,user_48,684,,
9382,,110000,47700,user_49,684,,
9383,,1700000,0,user_49,684,,
9384,,4200000,0,user_49,684,,
9385,,2600000,0,user_49,684,,
9368,0,43000000,0,user_35,684,684,
9362,1,30000000,0,user_33,684,684,
9375,2,6300000,0,user_45,684,684,
9332,3,5000000,0,user_3,684,684,
9334,4,4500000,0,user_4,684,684,
9327,5,4200000,67900,user_1,684,684,
9384,6,4200000,0,user_49,684,684,
9352,7,3600000,0,user_18,684,684,
9335,8,3500000,146000,user_5,684,684,
9376,9,3500000,13800,user_46,684,684,
9385,10,2600000,0,user_49,684,684,
9340,11,2400000,36800,user_7,684,684,
9371,12,2400000,0,user_39,684,684,
9369,13,1900000,0,user_37,684,684,
9350,14,1800000,0,user_16,684,684,
9383,15,1700000,0,user_49,684,684,
9351,16,1500000,0,user_17,684,684,
9374,17,1400000,0,user_44,684,684,
9356,18,1300000,0,user_23,684,684,
9359,19,1200000,0,user_27,684,684,
9328,20,1000000,0,user_2,684,684,
9355,21,970000,0,user_21,684,684,
9344,22,910000,0,user_8,684,684,
9331,23,870000,0,user_3,684,684,
9360,24,650000,0,user_30,684,684,
9330,25,630000,17000,user_3,684,684,
9339,26,630000,0,user_7,684,684,
9333,27,460000,42000,user_3,684,684,
9379,28,460000,0,user_47,684,684,
9378,29,420000,0,user_47,684,684,
9338,30,360000,0,user_6,684,684,
9357,31,340000,231000,user_26,684,684,
9364,32,320000,0,user_34,684,684,
9372,33,310000,0,user_40,684,684,
9365,34,300000,0,user_34,684,684,
9347,35,260000,0,user_13,684,684,
9326,36,240000,0,user_0,684,684,
9349,37,220000,0,user_15,684,684,
9373,38,220000,0,user_42,684,684,
9336,39,170000,0,user_6,684,684,
9358,40,170000,0,user_26,684,684,
9345,41,160000,0,user_8,684,684,
9377,42,150000,0,user_47,684,684,
9341,43,120000,0,user_7,684,684,
9366,44,120000,283000,user_34,684,684,
9329,45,110000,19700,user_3,684,684,
9361,46,110000,0,user_31,684,684,
9382,47,110000,47700,user_49,684,684,
9337,48,87000,0,user_6,684,684,
9363,49,87000,3130,user_34,684,684,
9367,50,80000,0,user_34,684,684,
9342,51,79000,47700,user_7,684,684,
9343,52,79000,3130,user_7,684,684,
9380,53,79000,0,user_47,684,684,
9478,,100000,15100,user_1,685,,
9479,,1300000,0,user_2,685,,
9480,,3600000,0,user_3,685,,
9481,,2000000,0,user_4,685,,
9482,,2500000,0,user_5,685,,
9483,,130000,31700,user_6,685,,
9484,,460000,0,user_7,685,,
9485,,970000,0,user_7,685,,
9486,,1000000,0,user_8,685,,
9487,,460000,322000,user_10,685,,
9488,,630000,0,user_11,685,,
9489,,4500000,0,user_12,685,,
9490,,3600000,0,user_12,685,,
9491,,120000,0,user_13,685,,
9492,,4500000,0,user_13,685,,
9493,,1900000,0,user_15,685,,
9494,,150000,0,user_16,685,,
9495,,130000,0,user_16,685,,
9496,,1000000,0,user_16,685,,
9497,,120000,0,user_16,685,,
9498,,85000,0,user_16,685,,
9499,,110000,32900,user_17,685,,
9500,,2000000,0,user_17,685,,
9501,,970000,0,user_20,685,,
9502,,360000,0,user_22,685,,
9503,,1400000,16400,user_24,685,,
9504,,340000,0,user_26,685,,
9505,,1800000,0,user_27,685,,
9506,,2600000,0,user_27,685,,
9507,,460000,0,user_27,685,,
9508,,110000,0,user_27,685,,
9509,,970000,6390,user_27,685,,
9510,,120000,3130,user_29,685,,
9511,,2000000,0,user_30,685,,
9512,,130000,0,user_31,685,,
9513,,3600000,0,user_32,685,,
9514,,70000,84800,user_33,685,,
9515,,5200000,0,user_34,685,,
9516,,2600000,0,user_35,685,,
9517,,120000,0,user_35,685,,
9518,,5000000,121000,user_35,685,,
9519,,110000,0,user_35,685,,
9520,,460000,3130,user_36,685,,
9521,,100000,0,user_37,685,,
9522,,80000,8520,user_38,685,,
9523,,130000,0,user_39,685,,
9524,,150000,0,user_40,685,,
9525,,1200000,0,user_42,685,,
9526,,110000,0,user_42,685,,
9527,,120000,0,user_43,685,,
9528,,660000,0,user_43,685,,
9529,,340000,0,user_44,685,,
9530,,160000,0,user_45,685,,
9531,,220000,0,user_46,685,,
9532,,1300000,0,user_47,685,,
9533,,110000,0,user_48,685,,
9534,,1100000,0,user_49,685,,
9535,,1600000,0,user_49,685,,
9515,0,5200000,0,user_34,685,685,
9518,1,5000000,121000,user_35,685,685,
9489,2,4500000,0,user_12,685,685,
9492,3,4500000,0,user_13,685,685,
9480,4,3600000,0,user_3,685,685,
9490,5,3600000,0,user_12,685,685,
9513,6,3600000,0,user_32,685,685,
9506,7,2600000,0,user_27,685,685,
9516,8,2600000,0,user_35,685,685,
9482,9,2500000,0,user_5,685,685,
9481,10,2000000,0,user_4,685,685,
9500,11,2000000,0,user_17,685,685,
9493,12,1900000,0,user_15,685,685,
9505,13,1800000,0,user_27,685,685,
9535,14,1600000,0,user_49,685,685,
9503,15,1400000,16400,user_24,685,685,
9479,16,1300000,0,user_2,685,685,
9532,17,1300000,0,user_47,685,685,
9525,18,1200000,0,user_42,685,685,
9534,19,1100000,0,user_49,685,685,
9486,20,1000000,0,user_8,685,685,
9496,21,1000000,0,user_16,685,685,
9485,22,970000,0,user_7,685,685,
9501,23,970000,0,user_20,685,685,
9509,24,970000,6390,user_27,685,685,
9528,25,660000,0,user_43,685,685,
9488,26,630000,0,user_11,685,685,
9484,27,460000,0,user_7,685,685,
9487,28,460000,322000,user_10,685,685,
9507,29,460000,0,user_27,685,685,
9504,30,340000,0,user_26,685,685,
9529,31,340000,0,user_44,685,685,
9531,32,220000,0,user_46,685,685,
9530,33,160000,0,user_45,685,685,
9494,34,150000,0,user_16,685,685,
9483,35,130000,31700,user_6,685,685,
9495,36,130000,0,user_16,685,685,
9512,37,130000,0,user_31,685,685,
9523,38,130000,0,user_39,685,685,
9491,39,120000,0,user_13,685,685,
9497,40,120000,0,user_16,685,685,
9510,41,120000,3130,user_29,685,685,
9517,42,120000,0,user_35,685,685,
9527,43,120000,0,user_43,685,685,
9499,44,110000,32900,user_17,685,685,
9508,45,110000,0,user_27,685,685,
9519,46,110000,0,user_35,685,685,
9526,47,110000,0,user_42,685,685,
9533,48,110000,0,user_48,685,685,
9478,49,100000,15100,user_1,685,685,
9521,50,100000,0,user_37,685,685,
9498,51,85000,0,user_16,685,685,
9522,52,80000,8520,user_38,685,685,
9514,53,70000,84800,user_33,685,685,
9616,,2600000,0,user_0,686,,
9617,,1400000,0,user_1,686,,
9618,,4200000,0,user_2,686,,
9619,,1600000,0,user_3,686,,
9620,,970000,0,user_4,686,,
9621,,3500000,30200,user_4,686,,
9622,,1700000,12800,user_5,686,,
9623,,30000000,0,user_9,686,,
9624,,170000,0,user_9,686,,
9625,,530000,0,user_10,686,,
9626,,460000,19700,user_10,686,,
9627,,170000,8520,user_11,686,,
9628,,98000,0,user_14,686,,
9629,,1000000,0,user_16,686,,
9630,,5000000,0,user_16,686,,
9631,,870000,0,user_17,686,,
9632,,2000000,35100,user_18,686,,
9633,,120000,0,user_18,686,,
9634,,30000000,0,user_20,686,,
9635,,120000,68100,user_21,686,,
9636,,80000,283000,user_22,686,,
9637,,1500000,0,user_24,686,,
9638,,3200000,0,user_30,686,,
9639,,70000,0,user_31,686,,
9640,,670000,0,user_32,686,,
9641,,160000,0,user_33,686,,
9642,,1600000,0,user_35,686,,
9643,,27000000,0,user_36,686,,
9644,,1000000,66100,user_37,686,,
9645,,220000,0,user_39,686,,
9646,,2100000,0,user_39,686,,
9647,,1700000,0,user_41,686,,
9648,,630000,0,user_42,686,,
9649,,320000,5640,user_43,686,,
9650,,320000,0,user_43,686,,
9651,,1500000,0,user_44,686,,
9652,,79000,0,user_45,686,,
9653,,30000000,0,user_46,686,,
9654,,350000,47700,user_47,686,,
9655,,1900000,84800,user_47,686,,
9656,,220000,0,user_48,686,,
9623,0,30000000,0,user_9,686,686,
9634,1,30000000,0,user_20,686,686,
9653,2,30000000,0,user_46,686,686,
9643,3,27000000,0,user_36,686,686,
9630,4,5000000,0,user_16,686,686,
9618,5,4200000,0,user_2,686,686,
9621,6,3500000,30200,user_4,686,686,
9723,7,0,0,builder_8,686,686,9621
9638,8,3200000,0,user_30,686,686,
9616,9,2600000,0,user_0,686,686,
9646,10,2100000,0,user_39,686,686,
9724,11,0,0,builder_8,686,686,9632
9632,12,2000000,35100,user_18,686,686,
9725,13,0,0,builder_8,686,686,9655
9655,14,1900000,84800,user_47,686,686,
9726,15,0,0,builder_8,686,686,9622
9622,16,1700000,12800,user_5,686,686,
9647,17,1700000,0,user_41,686,686,
9619,18,1600000,0,user_3,686,686,
9642,19,1600000,0,user_35,686,686,
9651,20,1500000,0,user_44,686,686,
9644,21,1000000,66100,user_37,686,686,
9727,22,0,0,builder_8,686,686,9644
9629,23,1000000,0,user_16,686,686,
9620,24,970000,0,user_4,686,686,
9640,25,670000,0,user_32,686,686,
9648,26,630000,0,user_42,686,686,
9625,27,530000,0,user_10,686,686,
9728,28,0,0,builder_8,686,686,9626
9626,29,460000,19700,user_10,686,686,
9729,30,0,0,builder_8,686,686,9654
9654,31,350000,47700,user_47,686,686,
9636,32,80000,283000,user_22,686,686,
9730,33,0,0,builder_8,686,686,9636
9645,34,220000,0,user_39,686,686,
9656,35,220000,0,user_48,686,686,
9635,36,120000,68100,user_21,686,686,
9731,37,0,0,builder_8,686,686,9635
9627,38,170000,8520,user_11,686,686,
9732,39,0,0,builder_8,686,686,9627
9624,40,170000,0,user_9,686,686,
9641,41,160000,0,user_33,686,686,
9633,42,120000,0,user_18,686,686,
9628,43,98000,0,user_14,686,686,
9733,,970000,0,user_0,687,,
9734,,120000,0,user_2,687,,
9735,,120000,7840,user_3,687,,
9736,,220000,4320000,user_4,687,,
9737,,4200000,17000,user_8,687,,
9738,,100000,0,user_11,687,,
9739,,260000,0,user_13,687,,
9740,,220000,0,user_15,687,,
9741,,660000,35600,user_16,687,,
9742,,4200000,0,user_17,687,,
9743,,120000,0,user_17,687,,
9744,,300000,0,user_18,687,,
9745,,360000,0,user_20,687,,
9746,,220000,0,user_20,687,,
9747,,5000000,0,user_20,687,,
9748,,3200000,0,user_20,687,,
9749,,2400000,0,user_20,687,,
9750,,470000,18600,user_24,687,,
9751,,85000,100000,user_27,687,,
9752,,1800000,0,user_28,687,,
9753,,1900000,0,user_29,687,,
9754,,650000,0,user_29,687,,
9755,,6100000,0,user_31,687,,
9756,,2100000,0,user_32,687,,
9757,,1500000,0,user_33,687,,
9758,,670000,0,user_34,687,,
9759,,30000000,0,user_35,687,,
9760,,80000,0,user_36,687,,
9761,,84000,0,user_37,687,,
9762,,3600000,0,user_37,687,,
9763,,77000,0,user_38,687,,
9764,,170000,0,user_39,687,,
9765,,360000,0,user_40,687,,
9766,,79000,128000,user_42,687,,
9767,,3200000,0,user_43,687,,
9768,,150000,0,user_43,687,,
9769,,150000,510000,user_45,687,,
9770,,2000000,16400,user_46,687,,
9771,,83000,0,user_48,687,,
9772,,100000,0,user_49,687,,
9759,0,30000000,0,user_35,687,687,
9755,1,6100000,0,user_31,687,687,
9747,2,5000000,0,user_20,687,687,
9737,3,4200000,17000,user_8,687,687,
9742,4,4200000,0,user_17,687,687,
9762,5,3600000,0,user_37,687,687,
9748,6,3200000,0,user_20,687,687,
9767,7,3200000,0,user_43,687,687,
9749,8,2400000,0,user_20,687,687,
9756,9,2100000,0,user_32,687,687,
9770,10,2000000,16400,user_46,687,687,
9753,11,1900000,0,user_29,687,687,
9752,12,1800000,0,user_28,687,687,
9757,13,1500000,0,user_33,687,687,
9733,14,970000,0,user_0,687,687,
9758,15,670000,0,user_34,687,687,
9741,16,660000,35600,user_16,687,687,
9754,17,650000,0,user_29,687,687,
9750,18,470000,18600,user_24,687,687,
9745,19,360000,0,user_20,687,687,
9765,20,360000,0,user_40,687,687,
9744,21,300000,0,user_18,687,687,
9739,22,260000,0,user_13,687,687,
9736,23,220000,4320000,user_4,687,687,
9740,24,220000,0,user_15,687,687,
9746,25,220000,0,user_20,687,687,
9764,26,170000,0,user_39,687,687,
9768,27,150000,0,user_43,687,687,
9769,28,150000,510000,user_45,687,687,
9734,29,120000,0,user_2,687,687,
9735,30,120000,7840,user_3,687,687,
9743,31,120000,0,user_17,687,687,
9738,32,100000,0,user_11,687,687,
9772,33,100000,0,user_49,687,687,
9761,34,84000,0,user_37,687,687,
9766,35,79000,128000,user_42,687,687,
9834,,120000,155000,user_1,688,,
9835,,220000,0,user_1,688,,
9836,,300000,0,user_2,688,,
9837,,82000,0,user_2,688,,
9838,,260000,0,user_3,688,,
9839,,260000,0,user_6,688,,
9840,,170000,0,user_7,688,,
9841,,73000,0,user_8,688,,
9842,,460000,0,user_9,688,,
9843,,3200000,128000,user_10,688,,
9844,,3200000,0,user_12,688,,
9845,,120000,0,user_12,688,,
9846,,160000,0,user_14,688,,
9847,,1700000,0,user_15,688,,
9848,,170000,0,user_16,688,,
9849,,2400000,49100,user_17,688,,
9850,,650000,0,user_20,688,,
9851,,220000,0,user_23,688,,
9852,,2500000,0,user_24,688,,
9853,,27000000,0,user_25,688,,
9854,,170000,56200,user_26,688,,
9855,,2100000,0,user_27,688,,
9856,,220000,0,user_28,688,,
9857,,150000,0,user_29,688,,
9858,,340000,0,user_30,688,,
9859,,350000,0,user_31,688,,
9860,,150000,0,user_32,688,,
9861,,870000,0,user_33,688,,
9862,,1200000,0,user_35,688,,
9863,,1800000,0,user_35,688,,
9864,,260000,0,user_37,688,,
9865,,370000,0,user_38,688,,
9866,,87000,0,user_39,688,,
9867,,360000,0,user_40,688,,
9868,,80000,0,user_41,688,,
9869,,87000,0,user_42,688,,
9870,,310000,12300,user_45,688,,
9871,,190000,0,user_45,688,,
9872,,420000,0,user_48,688,,
9873,,120000,0,user_49,688,,
9874,,19000000,0,user_49,688,,
9875,,110000,0,user_49,688,,
9853,0,27000000,0,user_25,688,688,
9874,1,19000000,0,user_49,688,688,
9843,2,3200000,128000,user_10,688,688,
9844,3,3200000,0,user_12,688,688,
9852,4,2500000,0,user_24,688,688,
9849,5,2400000,49100,user_17,688,688,
9855,6,2100000,0,user_27,688,688,
9863,7,1800000,0,user_35,688,688,
9847,8,1700000,0,user_15,688,688,
9862,9,1200000,0,user_35,688,688,
9861,10,870000,0,user_33,688,688,
9850,11,650000,0,user_20,688,688,
9842,12,460000,0,user_9,688,688,
9872,13,420000,0,user_48,688,688,
9865,14,370000,0,user_38,688,688,
9859,15,350000,0,user_31,688,688,
9870,16,310000,12300,user_45,688,688,
9836,17,300000,0,user_2,688,688,
9838,18,260000,0,user_3,688,688,
9839,19,260000,0,user_6,688,688,
9864,20,260000,0,user_37,688,688,
9835,21,220000,0,user_1,688,688,
9856,22,220000,0,user_28,688,688,
9871,23,190000,0,user_45,688,688,
9840,24,170000,0,user_7,688,688,
9848,25,170000,0,user_16,688,688,
9854,26,170000,56200,user_26,688,688,
9857,27,150000,0,user_29,688,688,
9860,28,150000,0,user_32,688,688,
9834,29,120000,155000,user_1,688,688,
9845,30,120000,0,user_12,688,688,
9873,31,120000,0,user_49,688,688,
9875,32,110000,0,user_49,688,688,
9866,33,87000,0,user_39,688,688,
9869,34,87000,0,user_42,688,688,
9837,35,82000,0,user_2,688,688,
9868,36,80000,0,user_41,688,688,
9841,37,73000,0,user_8,688,688,
9911,,1300000,0,user_0,689,,
9912,,80000,0,user_1,689,,
9913,,85000,0,user_1,689,,
9914,,4500000,0,user_1,689,,
9915,,530000,67500,user_2,689,,
9916,,260000,0,user_4,689,,
9917,,43000000,17000,user_5,689,,
9918,,80000,0,user_6,689,,
9919,,170000,0,user_6,689,,
9920,,1700000,0,user_8,689,,
9921,,260000,12800,user_9,689,,
9922,,600000,0,user_10,689,,
9923,,110000,215000,user_11,689,,
9924,,98000,0,user_13,689,,
9925,,260000,0,user_13,689,,
9926,,5000000,0,user_13,689,,
9927,,160000,0,user_15,689,,
9928,,420000,39400,user_16,689,,
9929,,110000,75000,user_16,689,,
9930,,5000000,0,user_17,689,,
9931,,130000,30200,user_18,689,,
9932,,77000,0,user_19,689,,
9933,,2000000,0,user_19,689,,
9934,,910000,0,user_19,689,,
9935,,79000,0,user_19,689,,
9936,,190000,0,user_19,689,,
9937,,2000000,0,user_20,689,,
9938,,2000000,0,user_20,689,,
9939,,910000,15100,user_22,689,,
9940,,600000,0,user_23,689,,
9941,,350000,0,user_24,689,,
9942,,4500000,0,user_24,689,,
9943,,27000000,4320000,user_24,689,,
9944,,240000,0,user_25,689,,
9945,,3500000,0,user_25,689,,
9946,,27000000,0,user_26,689,,
9947,,150000,0,user_27,689,,
9948,,70000,0,user_27,689,,
9949,,27000000,0,user_28,689,,
9950,,1000000,0,user_30,689,,
9951,,110000,0,user_31,689,,
9952,,3500000,0,user_33,689,,
9953,,87000,0,user_33,689,,
9954,,5000000,108000,user_34,689,,
9955,,2100000,0,user_35,689,,
9956,,360000,0,user_35,689,,
9957,,530000,0,user_37,689,,
9958,,4200000,31700,user_39,689,,
9959,,82000,0,user_39,689,,
9960,,79000,0,user_39,689,,
9961,,130000,0,user_39,689,,
9962,,1000000,5180,user_40,689,,
9963,,320000,0,user_40,689,,
9964,,1000000,0,user_40,689,,
9965,,87000,0,user_40,689,,
9966,,5000000,0,user_41,689,,
9967,,77000,0,user_42,689,,
9968,,83000,0,user_43,689,,
9969,,1400000,56200,user_43,689,,
9970,,300000,0,user_44,689,,
9971,,310000,0,user_45,689,,
9972,,630000,24700,user_45,689,,
9973,,160000,0,user_45,689,,
9974,,70000,0,user_45,689,,
9975,,320000,0,user_45,689,,
9976,,910000,0,user_47,689,,
9977,,100000,0,user_48,689,,
9978,,310000,0,user_48,689,,
9979,,350000,0,user_49,689,,
9980,,2100000,0,user_49,689,,
9917,0,43000000,17000,user_5,689,689,
9943,1,27000000,4320000,user_24,689,689,
9946,2,27000000,0,user_26,689,689,
9949,3,27000000,0,user_28,689,689,
9926,4,5000000,0,user_13,689,689,
9930,5,5000000,0,user_17,689,689,
9954,6,5000000,108000,user_34,689,689,
9966,7,5000000,0,user_41,689,689,
9914,8,4500000,0,user_1,689,689,
9942,9,4500000,0,user_24,689,689,
9958,10,4200000,31700,user_39,689,689,
9945,11,3500000,0,user_25,689,689,
9952,12,3500000,0,user_33,689,689,
9955,13,2100000,0,user_35,689,689,
9980,14,2100000,0,user_49,689,689,
9933,15,2000000,0,user_19,689,689,
9937,16,2000000,0,user_20,689,689,
9938,17,2000000,0,user_20,689,689,
9920,18,1700000,0,user_8,689,689,
9969,19,1400000,56200,user_43,689,689,
9934,20,910000,0,user_19,689,689,
9976,21,910000,0,user_47,689,689,
9972,22,630000,24700,user_45,689,689,
9922,23,600000,0,user_10,689,689,
9915,24,530000,67500,user_2,689,689,
9957,25,530000,0,user_37,689,689,
9928,26,420000,39400,user_16,689,689,
9956,27,360000,0,user_35,689,689,
9941,28,350000,0,user_24,689,689,
9979,29,350000,0,user_49,689,689,
9975,30,320000,0,user_45,689,689,
9971,31,310000,0,user_45,689,689,
9978,32,310000,0,user_48,689,689,
9970,33,300000,0,user_44,689,689,
9916,34,260000,0,user_4,689,689,
9921,35,260000,12800,user_9,689,689,
9925,36,260000,0,user_13,689,689,
9944,37,240000,0,user_25,689,689,
9936,38,190000,0,user_19,689,689,
9919,39,170000,0,user_6,689,689,
9927,40,160000,0,user_15,689,689,
9973,41,160000,0,user_45,689,689,
9947,42,150000,0,user_27,689,689,
9961,43,130000,0,user_39,689,689,
9923,44,110000,215000,user_11,689,689,
9929,45,110000,75000,user_16,689,689,
9951,46,110000,0,user_31,689,689,
9977,47,100000,0,user_48,689,689,
9924,48,98000,0,user_13,689,689,
9953,49,87000,0,user_33,689,689,
9913,50,85000,0,user_1,689,689,
9968,51,83000,0,user_43,689,689,
9959,52,82000,0,user_39,689,689,
9912,53,80000,0,user_1,689,689,
9918,54,80000,0,user_6,689,689,
9935,55,79000,0,user_19,689,689,
9960,56,79000,0,user_39,689,689,
9932,57,77000,0,user_19,689,689,
9967,58,77000,0,user_42,689,689,
9948,59,70000,0,user_27,689,689,
9974,60,70000,0,user_45,689,689,
10079,,170000,0,user_1,690,,
10080,,19000000,0,user_3,690,,
10081,,870000,0,user_3,690,,
10082,,100000,0,user_4,690,,
10083,,27000000,11200,user_5,690,,
10084,,150000,0,user_6,690,,
10085,,83000,0,user_6,690,,
10086,,30000000,0,user_6,690,,
10087,,350000,0,user_6,690,,
10088,,2100000,0,user_6,690,,
10089,,85000,0,user_7,690,,
10090,,3500000,0,user_8,690,,
10091,,3500000,0,user_9,690,,
10092,,310000,0,user_10,690,,
10093,,110000,0,user_12,690,,
10094,,1800000,0,user_12,690,,
10095,,2100000,1100000,user_13,690,,
10096,,530000,0,user_14,690,,
10097,,170000,0,user_16,690,,
10098,,110000,0,user_17,690,,
10099,,220000,0,user_18,690,,
10100,,420000,5640,user_18,690,,
10101,,110000,0,user_18,690,,
10102,,170000,30200,user_20,690,,
10103,,3600000,0,user_20,690,,
10104,,220000,0,user_21,690,,
10105,,1800000,0,user_21,690,,
10106,,160000,0,user_22,690,,
10107,,120000,8520,user_23,690,,
10108,,220000,231000,user_24,690,,
10109,,350000,0,user_26,690,,
10110,,160000,0,user_26,690,,
10111,,150000,0,user_26,690,,
10112,,910000,0,user_26,690,,
10113,,1100000,0,user_27,690,,
10114,,650000,0,user_27,690,,
10115,,6300000,0,user_28,690,,
10116,,6100000,0,user_30,690,,
10117,,970000,0,user_31,690,,
10118,,1300000,21800,user_31,690,,
10119,,150000,0,user_33,690,,
10120,,2500000,0,user_34,690,,
10121,,420000,0,user_36,690,,
10122,,1700000,32900,user_37,690,,
10123,,160000,0,user_39,690,,
10124,,170000,0,user_41,690,,
10125,,190000,0,user_41,690,,
10126,,260000,0,user_42,690,,
10127,,1100000,0,user_43,690,,
10128,,1500000,0,user_43,690,,
10129,,420000,215000,user_43,690,,
10130,,19000000,0,user_43,690,,
10131,,300000,0,user_46,690,,
10086,0,30000000,0,user_6,690,690,
10083,1,27000000,11200,user_5,690,690,
10080,2,19000000,0,user_3,690,690,
10130,3,19000000,0,user_43,690,690,
10115,4,6300000,0,user_28,690,690,
10116,5,6100000,0,user_30,690,690,
10103,6,3600000,0,user_20,690,690,
10090,7,3500000,0,user_8,690,690,
10091,8,3500000,0,user_9,690,690,
10120,9,2500000,0,user_34,690,690,
10088,10,2100000,0,user_6,690,690,
10095,11,2100000,1100000,user_13,690,690,
10094,12,1800000,0,user_12,690,690,
10105,13,1800000,0,user_21,690,690,
10122,14,1700000,32900,user_37,690,690,
10128,15,1500000,0,user_43,690,690,
10118,16,1300000,21800,user_31,690,690,
10113,17,1100000,0,user_27,690,690,
10127,18,1100000,0,user_43,690,690,
10117,19,970000,0,user_31,690,690,
10112,20,910000,0,user_26,690,690,
10081,21,870000,0,user_3,690,690,
10114,22,650000,0,user_27,690,690,
10096,23,530000,0,user_14,690,690,
10100,24,420000,5640,user_18,690,690,
10121,25,420000,0,user_36,690,690,
10129,26,420000,215000,user_43,690,690,
10087,27,350000,0,user_6,690,690,
10109,28,350000,0,user_26,690,690,
10126,29,260000,0,user_42,690,690,
10099,30,220000,0,user_18,690,690,
10104,31,220000,0,user_21,690,690,
10108,32,220000,231000,user_24,690,690,
10079,33,170000,0,user_1,690,690,
10102,34,170000,30200,user_20,690,690,
10106,35,160000,0,user_22,690,690,
10110,36,160000,0,user_26,690,690,
10123,37,160000,0,user_39,690,690,
10084,38,150000,0,user_6,690,690,
10111,39,150000,0,user_26,690,690,
10119,40,150000,0,user_33,690,690,
10107,41,120000,8520,user_23,690,690,
10093,42,110000,0,user_12,690,690,
10098,43,110000,0,user_17,690,690,
10101,44,110000,0,user_18,690,690,
10082,45,100000,0,user_4,690,690,
10089,46,85000,0,user_7,690,690,
10085,47,83000,0,user_6,690,690,
10195,,170000,0,user_2,691,,
10196,,220000,13900,user_3,691,,
10197,,110000,0,user_4,691,,
10198,,460000,0,user_4,691,,
10199,,1300000,0,user_6,691,,
10200,,1000000,0,user_7,691,,
10201,,650000,0,user_8,691,,
10202,,260000,35100,user_9,691,,
10203,,260000,36800,user_10,691,,
10204,,4200000,195000,user_10,691,,
10205,,82000,5180,user_12,691,,
10206,,1800000,0,user_13,691,,
10207,,870000,0,user_13,691,,
10208,,460000,0,user_15,691,,
10209,,120000,0,user_15,691,,
10210,,1800000,0,user_16,691,,
10211,,360000,0,user_16,691,,
10212,,1600000,0,user_16,691,,
10213,,4500000,0,user_16,691,,
10214,,70000,0,user_16,691,,
10215,,1500000,0,user_17,691,,
10216,,1600000,0,user_18,691,,
10217,,460000,0,user_21,691,,
10218,,120000,0,user_26,691,,
10219,,1100000,0,user_28,691,,
10220,,27000000,0,user_28,691,,
10221,,98000,0,user_28,691,,
10222,,84000,0,user_28,691,,
10223,,170000,0,user_28,691,,
10224,,3200000,0,user_30,691,,
10225,,460000,0,user_30,691,,
10226,,1000000,296000,user_31,691,,
10227,,1000000,0,user_32,691,,
10228,,320000,0,user_33,691,,
10229,,5200000,0,user_33,691,,
10230,,150000,155000,user_33,691,,
10231,,460000,36800,user_33,691,,
10232,,73000,0,user_34,691,,
10233,,1700000,0,user_34,691,,
10234,,150000,0,user_36,691,,
10235,,27000000,0,user_38,691,,
10236,,170000,0,user_39,691,,
10237,,1100000,0,user_41,691,,
10238,,160000,0,user_41,691,,
10239,,370000,0,user_42,691,,
10240,,2000000,0,user_47,691,,
10241,,420000,0,user_48,691,,
10242,,120000,0,user_49,691,,
10220,0,27000000,0,user_28,691,691,
10235,1,27000000,0,user_38,691,691,
10229,2,5200000,0,user_33,691,691,
10213,3,4500000,0,user_16,691,691,
10243,4,0,0,builder_0,691,691,10204
10204,5,4200000,195000,user_10,691,691,
10224,6,3200000,0,user_30,691,691,
10240,7,2000000,0,user_47,691,691,
10206,8,1800000,0,user_13,691,691,
10210,9,1800000,0,user_16,691,691,
10212,10,1600000,0,user_16,691,691,
10216,11,1600000,0,user_18,691,691,
10215,12,1500000,0,user_17,691,691,
10199,13,1300000,0,user_6,691,691,
10244,14,0,0,builder_0,691,691,10226
10226,15,1000000,296000,user_31,691,691,
10219,16,1100000,0,user_28,691,691,
10237,17,1100000,0,user_41,691,691,
10200,18,1000000,0,user_7,691,691,
10227,19,1000000,0,user_32,691,691,
10207,20,870000,0,user_13,691,691,
10201,21,650000,0,user_8,691,691,
10231,22,460000,36800,user_33,691,691,
10245,23,0,0,builder_0,691,691,10231
10217,24,460000,0,user_21,691,691,
10225,25,460000,0,user_30,691,691,
10241,26,420000,0,user_48,691,691,
10239,27,370000,0,user_42,691,691,
10211,28,360000,0,user_16,691,691,
10228,29,320000,0,user_33,691,691,
10230,30,150000,155000,user_33,691,691,
10246,31,0,0,builder_0,691,691,10230
10247,32,0,0,builder_0,691,691,10203
10203,33,260000,36800,user_10,691,691,
10202,34,260000,35100,user_9,691,691,
10248,35,0,0,builder_0,691,691,10202
10249,36,0,0,builder_0,691,691,10196
10196,37,220000,13900,user_3,691,691,
10195,38,170000,0,user_2,691,691,
10223,39,170000,0,user_28,691,691,
10238,40,160000,0,user_41,691,691,
10234,41,150000,0,user_36,691,691,
10218,42,120000,0,user_26,691,691,
10242,43,120000,0,user_49,691,691,
10221,44,98000,0,user_28,691,691,
10222,45,84000,0,user_28,691,691,
10214,46,70000,0,user_16,691,691,
10303,,150000,19700,user_0,692,,
10304,,73000,0,user_4,692,,
10305,,3200000,0,user_6,692,,
10306,,1900000,0,user_7,692,,
10307,,120000,0,user_7,692,,
10308,,5000000,0,user_7,692,,
10309,,120000,12800,user_7,692,,
10310,,19000000,10700,user_8,692,,
10311,,420000,17700000,user_8,692,,
10312,,2400000,0,user_9,692,,
10313,,160000,350000,user_10,692,,
10314,,1000000,0,user_12,692,,
10315,,77000,15700,user_13,692,,
10316,,110000,36800,user_14,692,,
10317,,2000000,0,user_14,692,,
10318,,19000000,39400,user_15,692,,
10319,,120000,0,user_15,692,,
10320,,110000,0,user_15,692,,
10321,,3200000,0,user_15,692,,
10322,,1500000,0,user_15,692,,
10323,,1500000,0,user_16,692,,
10324,,420000,959000,user_18,692,,
10325,,320000,0,user_19,692,,
10326,,170000,0,user_19,692,,
10327,,5000000,0,user_20,692,,
10328,,1100000,0,user_22,692,,
10329,,110000,0,user_23,692,,
10330,,310000,108000,user_24,692,,
10331,,600000,49100,user_24,692,,
10332,,650000,0,user_24,692,,
10333,,2000000,0,user_25,692,,
10334,,6300000,0,user_27,692,,
10335,,82000,0,user_28,692,,
10336,,420000,17700000,user_30,692,,
10337,,120000,100000,user_30,692,,
10338,,19000000,12800,user_32,692,,
10339,,650000,0,user_32,692,,
10340,,120000,0,user_32,692,,
10341,,260000,0,user_32,692,,
10342,,2000000,0,user_32,692,,
10343,,1400000,5630,user_33,692,,
10344,,320000,410000,user_33,692,,
10345,,130000,0,user_33,692,,
10346,,220000,0,user_34,692,,
10347,,5000000,0,user_37,692,,
10348,,350000,283000,user_38,692,,
10349,,460000,0,user_38,692,,
10350,,130000,0,user_38,692,,
10351,,87000,0,user_38,692,,
10352,,120000,0,user_39,692,,
10353,,3600000,0,user_42,692,,
10354,,5000000,0,user_42,692,,
10355,,350000,0,user_43,692,,
10356,,98000,0,user_46,692,,
10357,,84000,0,user_48,692,,
10358,,870000,0,user_48,692,,
10359,,3500000,0,user_49,692,,
10360,,360000,0,user_49,692,,
10310,0,19000000,10700,user_8,692,692,
10318,1,19000000,39400,user_15,692,692,
10338,2,19000000,12800,user_32,692,692,
10334,3,6300000,0,user_27,692,692,
10308,4,5000000,0,user_7,692,692,
10327,5,5000000,0,user_20,692,692,
10347,6,5000000,0,user_37,692,692,
10354,7,5000000,0,user_42,692,692,
10353,8,3600000,0,user_42,692,692,
10359,9,3500000,0,user_49,692,692,
10305,10,3200000,0,user_6,692,692,
10321,11,3200000,0,user_15,692,692,
10312,12,2400000,0,user_9,692,692,
10333,13,2000000,0,user_25,692,692,
10342,14,2000000,0,user_32,692,692,
10306,15,1900000,0,user_7,692,692,
10322,16,1500000,0,user_15,692,692,
10323,17,1500000,0,user_16,692,692,
10343,18,1400000,5630,user_33,692,692,
10314,19,1000000,0,user_12,692,692,
10358,20,870000,0,user_48,692,692,
10332,21,650000,0,user_24,692,692,
10339,22,650000,0,user_32,692,692,
10331,23,600000,49100,user_24,692,692,
10349,24,460000,0,user_38,692,692,
10311,25,420000,17700000,user_8,692,692,
10360,26,360000,0,user_49,692,692,
10348,27,350000,283000,user_38,692,692,
10355,28,350000,0,user_43,692,692,
10325,29,320000,0,user_19,692,692,
10344,30,320000,410000,user_33,692,692,
10330,31,310000,108000,user_24,692,692,
10341,32,260000,0,user_32,692,692,
10346,33,220000,0,user_34,692,692,
10326,34,170000,0,user_19,692,692,
10313,35,160000,350000,user_10,692,692,
10345,36,130000,0,user_33,692,692,
10350,37,130000,0,user_38,692,692,
10307,38,120000,0,user_7,692,692,
10309,39,120000,12800,user_7,692,692,
10319,40,120000,0,user_15,692,692,
10340,41,120000,0,user_32,692,692,
10352,42,120000,0,user_39,692,692,
10320,43,110000,0,user_15,692,692,
10356,44,98000,0,user_46,692,692,
10351,45,87000,0,user_38,692,692,
10357,46,84000,0,user_48,692,692,
10335,47,82000,0,user_28,692,692,
10315,48,77000,15700,user_13,692,692,
10304,49,73000,0,user_4,692,692,
10481,,4200000,67500,user_1,693,,
10482,,2500000,0,user_2,693,,
10483,,420000,0,user_5,693,,
10484,,2400000,10700,user_5,693,,
10485,,2000000,0,user_5,693,,
10486,,340000,0,user_8,693,,
10487,,79000,181000,user_9,693,,
10488,,1400000,0,user_9,693,,
10489,,320000,0,user_10,693,,
10490,,120000,0,user_12,693,,
10491,,110000,0,user_12,693,,
10492,,150000,0,user_14,693,,
10493,,1400000,0,user_15,693,,
10494,,1200000,0,user_15,693,,
10495,,110000,17000,user_15,693,,
10496,,910000,0,user_16,693,,
10497,,1400000,181000,user_17,693,,
10498,,2300000,0,user_17,693,,
10499,,130000,0,user_19,693,,
10500,,2400000,0,user_19,693,,
10501,,300000,108000,user_19,693,,
10502,,27000000,0,user_19,693,,
10503,,300000,0,user_20,693,,
10504,,150000,0,user_21,693,,
10505,,160000,0,user_23,693,,
10506,,82000,0,user_24,693,,
10507,,870000,0,user_25,693,,
10508,,98000,0,user_25,693,,
10509,,670000,0,user_26,693,,
10510,,1400000,0,user_27,693,,
10511,,30000000,0,user_27,693,,
10512,,2600000,23500,user_28,693,,
10513,,600000,0,user_29,693,,
10514,,120000,75000,user_32,693,,
10515,,1500000,0,user_36,693,,
10516,,970000,0,user_38,693,,
10517,,27000000,0,user_38,693,,
10518,,27000000,0,user_39,693,,
10519,,360000,68100,user_39,693,,
10520,,600000,68100,user_40,693,,
10521,,83000,0,user_40,693,,
10522,,1500000,0,user_41,693,,
10523,,150000,17000,user_42,693,,
10524,,630000,0,user_44,693,,
10525,,2300000,0,user_45,693,,
10526,,2600000,0,user_46,693,,
10527,,650000,0,user_47,693,,
10528,,98000,0,user_48,693,,
10529,,110000,0,user_48,693,,
10530,,160000,0,user_48,693,,
10531,,110000,0,user_48,693,,
10532,,260000,0,user_49,693,,
10533,,240000,0,user_49,693,,
10534,,130000,0,user_49,693,,
10535,,1800000,0,user_49,693,,
10536,,240000,0,user_49,693,,
10511,0,30000000,0,user_27,693,693,
10502,1,27000000,0,user_19,693,693,
10517,2,27000000,0,user_38,693,693,
10518,3,27000000,0,user_39,693,693,
10481,4,4200000,67500,user_1,693,693,
10512,5,2600000,23500,user_28,693,693,
10526,6,2600000,0,user_46,693,693,
10482,7,2500000,0,user_2,693,693,
10484,8,2400000,10700,user_5,693,693,
10500,9,2400000,0,user_19,693,693,
10498,10,2300000,0,user_17,693,693,
10525,11,2300000,0,user_45,693,693,
10485,12,2000000,0,user_5,693,693,
10535,13,1800000,0,user_49,693,693,
10522,14,1500000,0,user_41,693,693,
10488,15,1400000,0,user_9,693,693,
10493,16,1400000,0,user_15,693,693,
10497,17,1400000,181000,user_17,693,693,
10510,18,1400000,0,user_27,693,693,
10494,19,1200000,0,user_15,693,693,
10516,20,970000,0,user_38,693,693,
10496,21,910000,0,user_16,693,693,
10507,22,870000,0,user_25,693,693,
10509,23,670000,0,user_26,693,693,
10527,24,650000,0,user_47,693,693,
10524,25,630000,0,user_44,693,693,
10513,26,600000,0,user_29,693,693,
10483,27,420000,0,user_5,693,693,
10519,28,360000,68100,user_39,693,693,
10486,29,340000,0,user_8,693,693,
10489,30,320000,0,user_10,693,693,
10501,31,300000,108000,user_19,693,693,
10503,32,300000,0,user_20,693,693,
10532,33,260000,0,user_49,693,693,
10533,34,240000,0,user_49,693,693,
10536,35,240000,0,user_49,693,693,
10530,36,160000,0,user_48,693,693,
10523,37,150000,17000,user_42,693,693,
10499,38,130000,0,user_19,693,693,
10534,39,130000,0,user_49,693,693,
10490,40,120000,0,user_12,693,693,
10514,41,120000,75000,user_32,693,693,
10491,42,110000,0,user_12,693,693,
10495,43,110000,17000,user_15,693,693,
10529,44,110000,0,user_48,693,693,
10531,45,110000,0,user_48,693,693,
10508,46,98000,0,user_25,693,693,
10528,47,98000,0,user_48,693,693,
10506,48,82000,0,user_24,693,693,
10487,49,79000,181000,user_9,693,693,
10615,,1600000,0,user_0,694,,
10616,,530000,0,user_1,694,,
10617,,460000,0,user_2,694,,
10618,,220000,0,user_3,694,,
10619,,120000,0,user_3,694,,
10620,,220000,0,user_4,694,,
10621,,160000,0,user_6,694,,
10622,,530000,322000,user_7,694,,
10623,,150000,0,user_9,694,,
10624,,110000,0,user_11,694,,
10625,,73000,0,user_11,694,,
10626,,30000000,0,user_11,694,,
10627,,110000,0,user_13,694,,
10628,,160000,0,user_14,694,,
10629,,240000,16400,user_14,694,,
10630,,120000,0,user_14,694,,
10631,,2000000,0,user_15,694,,
10632,,1100000,0,user_17,694,,
10633,,27000000,0,user_17,694,,
10634,,6100000,0,user_18,694,,
10635,,5200000,0,user_19,694,,
10636,,320000,0,user_25,694,,
10637,,370000,0,user_25,694,,
10638,,370000,0,user_26,694,,
10639,,19000000,0,user_28,694,,
10640,,2000000,33100,user_29,694,,
10641,,80000,0,user_29,694,,
10642,,120000,0,user_29,694,,
10643,,3500000,0,user_29,694,,
10644,,120000,256000,user_29,694,,
10645,,73000,0,user_30,694,,
10646,,150000,296000,user_31,694,,
10647,,470000,0,user_33,694,,
10648,,120000,0,user_34,694,,
10649,,240000,0,user_35,694,,
10650,,3600000,0,user_36,694,,
10651,,300000,0,user_37,694,,
10652,,340000,39400,user_38,694,,
10653,,110000,43600,user_39,694,,
10654,,160000,0,user_40,694,,
10655,,2100000,0,user_42,694,,
10656,,320000,35100,user_43,694,,
10657,,85000,0,user_44,694,,
10658,,73000,0,user_46,694,,
10659,,1500000,35600,user_46,694,,
10660,,160000,0,user_46,694,,
10661,,220000,0,user_46,694,,
10662,,360000,60700,user_46,694,,
10663,,30000000,0,user_47,694,,
10664,,970000,0,user_48,694,,
10665,,87000,16400,user_48,694,,
10666,,6300000,0,user_49,694,,
10667,,19000000,0,user_49,694,,
10626,0,30000000,0,user_11,694,694,
10663,1,30000000,0,user_47,694,694,
10633,2,27000000,0,user_17,694,694,
10639,3,19000000,0,user_28,694,694,
10667,4,19000000,0,user_49,694,694,
10666,5,6300000,0,user_49,694,694,
10634,6,6100000,0,user_18,694,694,
10635,7,5200000,0,user_19,694,694,
10650,8,3600000,0,user_36,694,694,
10643,9,3500000,0,user_29,694,694,
10655,10,2100000,0,user_42,694,694,
10640,11,2000000,33100,user_29,694,694,
10695,12,0,0,builder_3,694,694,10640
10631,13,2000000,0,user_15,694,694,
10615,14,1600000,0,user_0,694,694,
10659,15,1500000,35600,user_46,694,694,
10696,16,0,0,builder_3,694,694,10659
10632,17,1100000,0,user_17,694,694,
10664,18,970000,0,user_48,694,694,
10622,19,530000,322000,user_7,694,694,
10697,20,0,0,builder_3,694,694,10622
10647,21,470000,0,user_33,694,694,
10617,22,460000,0,user_2,694,694,
10646,23,150000,296000,user_31,694,694,
10698,24,0,0,builder_3,694,694,10646
10662,25,360000,60700,user_46,694,694,
10699,26,0,0,builder_3,694,694,10662
10652,27,340000,39400,user_38,694,694,
10700,28,0,0,builder_3,694,694,10652
10701,29,0,0,builder_3,694,694,10644
10644,30,120000,256000,user_29,694,694,
10638,31,370000,0,user_26,694,694,
10656,32,320000,35100,user_43,694,694,
10702,33,0,0,builder_3,694,694,10656
10651,34,300000,0,user_37,694,694,
10629,35,240000,16400,user_14,694,694,
10703,36,0,0,builder_3,694,694,10629
10649,37,240000,0,user_35,694,694,
10618,38,220000,0,user_3,694,694,
10620,39,220000,0,user_4,694,694,
10661,40,220000,0,user_46,694,694,
10628,41,160000,0,user_14,694,694,
10654,42,160000,0,user_40,694,694,
10660,43,160000,0,user_46,694,694,
10653,44,110000,43600,user_39,694,694,
10704,45,0,0,builder_3,694,694,10653
10619,46,120000,0,user_3,694,694,
10630,47,120000,0,user_14,694,694,
10642,48,120000,0,user_29,694,694,
10648,49,120000,0,user_34,694,694,
10624,50,110000,0,user_11,694,694,
10627,51,110000,0,user_13,694,694,
10705,52,0,0,builder_3,694,694,10665
10665,53,87000,16400,user_48,694,694,
10657,54,85000,0,user_44,694,694,
10641,55,80000,0,user_29,694,694,
10625,56,73000,0,user_11,694,694,
10645,57,73000,0,user_30,694,694,
10658,58,73000,0,user_46,694,694,
10744,,110000,49100,user_4,695,,
10745,,70000,13900,user_5,695,,
10746,,3600000,0,user_6,695,,
10747,,120000,0,user_7,695,,
10748,,220000,0,user_8,695,,
10749,,150000,0,user_8,695,,
10750,,27000000,0,user_9,695,,
10751,,630000,0,user_9,695,,
10752,,170000,0,user_10,695,,
10753,,1800000,0,user_10,695,,
10754,,150000,0,user_11,695,,
10755,,1800000,43600,user_11,695,,
10756,,910000,0,user_12,695,,
10757,,83000,71800,user_13,695,,
10758,,79000,0,user_16,695,,
10759,,310000,0,user_18,695,,
10760,,420000,0,user_19,695,,
10761,,320000,0,user_20,695,,
10762,,160000,0,user_24,695,,
10763,,420000,12800,user_25,695,,
10764,,310000,14200,user_25,695,,
10765,,2400000,161000,user_26,695,,
10766,,110000,0,user_27,695,,
10767,,220000,0,user_28,695,,
10768,,160000,164000,user_28,695,,
10769,,240000,0,user_29,695,,
10770,,630000,0,user_29,695,,
10771,,160000,0,user_32,695,,
10772,,150000,0,user_32,695,,
10773,,670000,0,user_34,695,,
10774,,5000000,161000,user_35,695,,
10775,,6300000,0,user_36,695,,
10776,,120000,0,user_37,695,,
10777,,350000,68100,user_37,695,,
10778,,910000,959000,user_40,695,,
10779,,84000,64600,user_40,695,,
10780,,350000,0,user_41,695,,
10781,,73000,0,user_42,695,,
10782,,600000,0,user_43,695,,
10783,,260000,0,user_44,695,,
10784,,350000,0,user_45,695,,
10785,,82000,0,user_45,695,,
10786,,2600000,0,user_47,695,,
10787,,1100000,0,user_47,695,,
10788,,470000,0,user_47,695,,
10789,,1400000,0,user_47,695,,
10790,,310000,0,user_47,695,,
10791,,5200000,0,user_48,695,,
10792,,150000,381000,user_48,695,,
10793,,320000,0,user_49,695,,
10750,0,27000000,0,user_9,695,695,
10775,1,6300000,0,user_36,695,695,
10791,2,5200000,0,user_48,695,695,
10774,3,5000000,161000,user_35,695,695,
10794,4,0,0,builder_0,695,695,10774
10746,5,3600000,0,user_6,695,695,
10786,6,2600000,0,user_47,695,695,
10765,7,2400000,161000,user_26,695,695,
10795,8,0,0,builder_0,695,695,10765
10778,9,910000,959000,user_40,695,695,
10796,10,0,0,builder_0,695,695,10778
10797,11,0,0,builder_0,695,695,10755
10755,12,1800000,43600,user_11,695,695,
10753,13,1800000,0,user_10,695,695,
10789,14,1400000,0,user_47,695,695,
10787,15,1100000,0,user_47,695,695,
10751,16,630000,0,user_9,695,695,
10770,17,630000,0,user_29,695,695,
10782,18,600000,0,user_43,695,695,
10792,19,150000,381000,user_48,695,695,
10798,20,0,0,builder_0,695,695,10792
10788,21,470000,0,user_47,695,695,
10763,22,420000,12800,user_25,695,695,
10799,23,0,0,builder_0,695,695,10763
10760,24,420000,0,user_19,695,695,
10777,25,350000,68100,user_37,695,695,
10800,26,0,0,builder_0,695,695,10777
10780,27,350000,0,user_41,695,695,
10764,28,310000,14200,user_25,695,695,
10801,29,0,0,builder_0,695,695,10764
10802,30,0,0,builder_0,695,695,10768
10768,31,160000,164000,user_28,695,695,
10761,32,320000,0,user_20,695,695,
10793,33,320000,0,user_49,695,695,
10759,34,310000,0,user_18,695,695,
10790,35,310000,0,user_47,695,695,
10783,36,260000,0,user_44,695,695,
10769,37,240000,0,user_29,695,695,
10748,38,220000,0,user_8,695,695,
10767,39,220000,0,user_28,695,695,
10752,40,170000,0,user_10,695,695,
10771,41,160000,0,user_32,695,695,
10803,42,0,0,builder_0,695,695,10757
10757,43,83000,71800,user_13,695,695,
10749,44,150000,0,user_8,695,695,
10754,45,150000,0,user_11,695,695,
10772,46,150000,0,user_32,695,695,
10779,47,84000,64600,user_40,695,695,
10804,48,0,0,builder_0,695,695,10779
10747,49,120000,0,user_7,695,695,
10776,50,120000,0,user_37,695,695,
10766,51,110000,0,user_27,695,695,
10758,52,79000,0,user_16,695,695,
10781,53,73000,0,user_42,695,695,
10888,,1700000,0,user_0,696,,
10889,,460000,0,user_0,696,,
10890,,1000000,0,user_1,696,,
10891,,120000,0,user_2,696,,
10892,,85000,0,user_3,696,,
10893,,4200000,0,user_4,696,,
10894,,220000,19700,user_5,696,,
10895,,870000,0,user_5,696,,
10896,,80000,0,user_6,696,,
10897,,300000,0,user_8,696,,
10898,,150000,0,user_8,696,,
10899,,220000,0,user_9,696,,
10900,,27000000,0,user_10,696,,
10901,,160000,0,user_10,696,,
10902,,1400000,0,user_10,696,,
10903,,260000,0,user_10,696,,
10904,,120000,0,user_12,696,,
10905,,1100000,0,user_14,696,,
10906,,130000,0,user_14,696,,
10907,,110000,0,user_14,696,,
10908,,130000,108000,user_14,696,,
10909,,910000,0,user_14,696,,
10910,,220000,0,user_15,696,,
10911,,870000,0,user_16,696,,
10912,,3200000,12800,user_16,696,,
10913,,150000,0,user_18,696,,
10914,,79000,0,user_20,696,,
10915,,170000,0,user_20,696,,
10916,,2000000,0,user_21,696,,
10917,,1500000,164000,user_22,696,,
10918,,3600000,0,user_22,696,,
10919,,110000,0,user_23,696,,
10920,,2100000,0,user_24,696,,
10921,,460000,0,user_27,696,,
10922,,150000,0,user_29,696,,
10923,,150000,0,user_29,696,,
10924,,160000,0,user_31,696,,
10925,,85000,56200,user_31,696,,
10926,,79000,0,user_32,696,,
10927,,120000,35100,user_39,696,,
10928,,220000,0,user_39,696,,
10929,,260000,0,user_41,696,,
10930,,5000000,12800,user_42,696,,
10931,,2500000,0,user_42,696,,
10932,,110000,146000,user_44,696,,
10933,,150000,0,user_46,696,,
10934,,660000,36800,user_46,696,,
10935,,260000,0,user_47,696,,
10900,0,27000000,0,user_10,696,696,
10930,1,5000000,12800,user_42,696,696,
10893,2,4200000,0,user_4,696,696,
10918,3,3600000,0,user_22,696,696,
10912,4,3200000,12800,user_16,696,696,
10931,5,2500000,0,user_42,696,696,
10920,6,2100000,0,user_24,696,696,
10916,7,2000000,0,user_21,696,696,
10888,8,1700000,0,user_0,696,696,
10917,9,1500000,164000,user_22,696,696,
10902,10,1400000,0,user_10,696,696,
10905,11,1100000,0,user_14,696,696,
10890,12,1000000,0,user_1,696,696,
10909,13,910000,0,user_14,696,696,
10911,14,870000,0,user_16,696,696,
10934,15,660000,36800,user_46,696,696,
10889,16,460000,0,user_0,696,696,
10921,17,460000,0,user_27,696,696,
10897,18,300000,0,user_8,696,696,
10903,19,260000,0,user_10,696,696,
10929,20,260000,0,user_41,696,696,
10935,21,260000,0,user_47,696,696,
10899,22,220000,0,user_9,696,696,
10910,23,220000,0,user_15,696,696,
10928,24,220000,0,user_39,696,696,
10915,25,170000,0,user_20,696,696,
10901,26,160000,0,user_10,696,696,
10924,27,160000,0,user_31,696,696,
10898,28,150000,0,user_8,696,696,
10913,29,150000,0,user_18,696,696,
10922,30,150000,0,user_29,696,696,
10923,31,150000,0,user_29,696,696,
10933,32,150000,0,user_46,696,696,
10906,33,130000,0,user_14,696,696,
10908,34,130000,108000,user_14,696,696,
10891,35,120000,0,user_2,696,696,
10904,36,120000,0,user_12,696,696,
10927,37,120000,35100,user_39,696,696,
10907,38,110000,0,user_14,696,696,
10919,39,110000,0,user_23,696,696,
10932,40,110000,146000,user_44,696,696,
10925,41,85000,56200,user_31,696,696,
10896,42,80000,0,user_6,696,696,
10914,43,79000,0,user_20,696,696,
10999,,1300000,0,user_1,697,,
11000,,1100000,0,user_1,697,,
11001,,79000,0,user_2,697,,
11002,,2000000,0,user_2,697,,
11003,,670000,33300,user_2,697,,
11004,,73000,0,user_2,697,,
11005,,120000,0,user_2,697,,
11006,,150000,350000,user_3,697,,
11007,,870000,0,user_5,697,,
11008,,120000,0,user_5,697,,
11009,,910000,0,user_6,697,,
11010,,1900000,0,user_8,697,,
11011,,160000,0,user_8,697,,
11012,,120000,0,user_9,697,,
11013,,970000,0,user_10,697,,
11014,,3600000,0,user_10,697,,
11015,,150000,0,user_10,697,,
11016,,360000,0,user_12,697,,
11017,,1600000,0,user_12,697,,
11018,,1500000,46500,user_14,697,,
11019,,1600000,0,user_14,697,,
11020,,170000,0,user_16,697,,
11021,,1600000,0,user_17,697,,
11022,,310000,67500,user_18,697,,
11023,,1000000,0,user_19,697,,
11024,,79000,0,user_20,697,,
11025,,160000,0,user_20,697,,
11026,,1800000,0,user_21,697,,
11027,,870000,0,user_22,697,,
11028,,2500000,0,user_23,697,,
11029,,240000,0,user_24,697,,
11030,,3500000,0,user_26,697,,
11031,,460000,231000,user_27,697,,
11032,,120000,0,user_27,697,,
11033,,3200000,0,user_28,697,,
11034,,1700000,0,user_28,697,,
11035,,2500000,0,user_29,697,,
11036,,120000,0,user_30,697,,
11037,,83000,0,user_31,697,,
11038,,98000,0,user_32,697,,
11039,,1000000,0,user_32,697,,
11040,,460000,0,user_33,697,,
11041,,5000000,0,user_34,697,,
11042,,460000,0,user_35,697,,
11043,,360000,0,user_35,697,,
11044,,220000,0,user_36,697,,
11045,,1500000,0,user_37,697,,
11046,,83000,0,user_38,697,,
11047,,4500000,0,user_38,697,,
11048,,310000,0,user_39,697,,
11049,,530000,0,user_40,697,,
11050,,6100000,24700,user_41,697,,
11051,,1500000,0,user_43,697,,
11052,,1900000,0,user_44,697,,
11053,,1000000,0,user_46,697,,
11054,,460000,47700,user_46,697,,
11055,,260000,0,user_46,697,,
11056,,6100000,0,user_46,697,,
11057,,970000,0,user_48,697,,
11058,,870000,0,user_49,697,,
11082,0,0,0,builder_4,697,697,11050
11050,1,6100000,24700,user_41,697,697,
11056,2,6100000,0,user_46,697,697,
11041,3,5000000,0,user_34,697,697,
11047,4,4500000,0,user_38,697,697,
11014,5,3600000,0,user_10,697,697,
11030,6,3500000,0,user_26,697,697,
11033,7,3200000,0,user_28,697,697,
11028,8,2500000,0,user_23,697,697,
11035,9,2500000,0,user_29,697,697,
11002,10,2000000,0,user_2,697,697,
11010,11,1900000,0,user_8,697,697,
11052,12,1900000,0,user_44,697,697,
11026,13,1800000,0,user_21,697,697,
11034,14,1700000,0,user_28,697,697,
11017,15,1600000,0,user_12,697,697,
11019,16,1600000,0,user_14,697,697,
11021,17,1600000,0,user_17,697,697,
11083,18,0,0,builder_4,697,697,11018
11018,19,1500000,46500,user_14,697,697,
11045,20,1500000,0,user_37,697,697,
11051,21,1500000,0,user_43,697,697,
10999,22,1300000,0,user_1,697,697,
11000,23,1100000,0,user_1,697,697,
11023,24,1000000,0,user_19,697,697,
11039,25,1000000,0,user_32,697,697,
11053,26,1000000,0,user_46,697,697,
11013,27,970000,0,user_10,697,697,
11057,28,970000,0,user_48,697,697,
11009,29,910000,0,user_6,697,697,
11027,30,870000,0,user_22,697,697,
11058,31,870000,0,user_49,697,697,
11084,32,0,0,builder_4,697,697,11003
11003,33,670000,33300,user_2,697,697,
11085,34,0,0,builder_4,697,697,11031
11031,35,460000,231000,user_27,697,697,
11049,36,530000,0,user_40,697,697,
11086,37,0,0,builder_4,697,697,11054
11054,38,460000,47700,user_46,697,697,
11006,39,150000,350000,user_3,697,697,
11087,40,0,0,builder_4,697,697,11006
11040,41,460000,0,user_33,697,697,
11042,42,460000,0,user_35,697,697,
11088,43,0,0,builder_4,697,697,11022
11022,44,310000,67500,user_18,697,697,
11016,45,360000,0,user_12,697,697,
11043,46,360000,0,user_35,697,697,
11055,47,260000,0,user_46,697,697,
11029,48,240000,0,user_24,697,697,
11044,49,220000,0,user_36,697,697,
11020,50,170000,0,user_16,697,697,
11011,51,160000,0,user_8,697,697,
11025,52,160000,0,user_20,697,697,
11015,53,150000,0,user_10,697,697,
11005,54,120000,0,user_2,697,697,
11012,55,120000,0,user_9,697,697,
11032,56,120000,0,user_27,697,697,
11036,57,120000,0,user_30,697,697,
11038,58,98000,0,user_32,697,697,
11037,59,83000,0,user_31,697,697,
11046,60,83000,0,user_38,697,697,
11001,61,79000,0,user_2,697,697,
11024,62,79000,0,user_20,697,697,
11004,63,73000,0,user_2,697,697,
11109,,3500000,0,user_0,698,,
11110,,30000000,0,user_1,698,,
11111,,150000,0,user_2,698,,
11112,,43000000,0,user_3,698,,
11113,,3600000,0,user_3,698,,
11114,,1800000,381000,user_4,698,,
11115,,2400000,14200,user_6,698,,
11116,,1500000,0,user_7,698,,
11117,,110000,0,user_7,698,,
11118,,1000000,0,user_9,698,,
11119,,150000,0,user_9,698,,
11120,,910000,0,user_9,698,,
11121,,6100000,0,user_9,698,,
11122,,420000,0,user_9,698,,
11123,,84000,0,user_10,698,,
11124,,260000,0,user_12,698,,
11125,,110000,0,user_13,698,,
11126,,310000,0,user_16,698,,
11127,,1200000,0,user_17,698,,
11128,,98000,0,user_17,698,,
11129,,420000,0,user_19,698,,
11130,,340000,0,user_20,698,,
11131,,2600000,0,user_21,698,,
11132,,98000,0,user_22,698,,
11133,,170000,0,user_24,698,,
11134,,150000,0,user_25,698,,
11135,,19000000,16400,user_25,698,,
11136,,83000,0,user_27,698,,
11137,,170000,0,user_27,698,,
11138,,120000,0,user_28,698,,
11139,,870000,0,user_30,698,,
11140,,370000,0,user_31,698,,
11141,,110000,0,user_32,698,,
11142,,460000,0,user_32,698,,
11143,,2000000,0,user_32,698,,
11144,,310000,0,user_33,698,,
11145,,80000,0,user_34,698,,
11146,,970000,0,user_34,698,,
11147,,260000,0,user_34,698,,
11148,,160000,0,user_34,698,,
11149,,220000,0,user_37,698,,
11150,,84000,0,user_38,698,,
11151,,1400000,17700000,user_38,698,,
11152,,1300000,164000,user_38,698,,
11153,,1900000,0,user_38,698,,
11154,,170000,0,user_38,698,,
11155,,910000,0,user_40,698,,
11156,,310000,0,user_41,698,,
11157,,80000,0,user_41,698,,
11158,,220000,43600,user_44,698,,
11159,,370000,0,user_45,698,,
11160,,970000,0,user_46,698,,
11161,,220000,0,user_48,698,,
11162,,530000,0,user_48,698,,
11163,,2000000,0,user_48,698,,
11164,,3600000,0,user_48,698,,
11112,0,43000000,0,user_3,698,698,
11110,1,30000000,0,user_1,698,698,
11151,2,1400000,17700000,user_38,698,698,
11182,3,0,0,builder_4,698,698,11151
11183,4,0,0,builder_4,698,698,11135
11135,5,19000000,16400,user_25,698,698,
11121,6,6100000,0,user_9,698,698,
11113,7,3600000,0,user_3,698,698,
11164,8,3600000,0,user_48,698,698,
11109,9,3500000,0,user_0,698,698,
11131,10,2600000,0,user_21,698,698,
11115,11,2400000,14200,user_6,698,698,
11184,12,0,0,builder_4,698,698,11115
11114,13,1800000,381000,user_4,698,698,
11185,14,0,0,builder_4,698,698,11114
11143,15,2000000,0,user_32,698,698,
11163,16,2000000,0,user_48,698,698,
11153,17,1900000,0,user_38,698,698,
11186,18,0,0,builder_4,698,698,11152
11152,19,1300000,164000,user_38,698,698,
11127,20,1200000,0,user_17,698,698,
11118,21,1000000,0,user_9,698,698,
11146,22,970000,0,user_34,698,698,
11160,23,970000,0,user_46,698,698,
11120,24,910000,0,user_9,698,698,
11155,25,910000,0,user_40,698,698,
11139,26,870000,0,user_30,698,698,
11162,27,530000,0,user_48,698,698,
11142,28,460000,0,user_32,698,698,
11122,29,420000,0,user_9,698,698,
11129,30,420000,0,user_19,698,698,
11140,31,370000,0,user_31,698,698,
11159,32,370000,0,user_45,698,698,
11130,33,340000,0,user_20,698,698,
11126,34,310000,0,user_16,698,698,
11144,35,310000,0,user_33,698,698,
11156,36,310000,0,user_41,698,698,
11158,37,220000,43600,user_44,698,698,
11187,38,0,0,builder_4,698,698,11158
11124,39,260000,0,user_12,698,698,
11147,40,260000,0,user_34,698,698,
11149,41,220000,0,user_37,698,698,
11161,42,220000,0,user_48,698,698,
11133,43,170000,0,user_24,698,698,
11137,44,170000,0,user_27,698,698,
11154,45,170000,0,user_38,698,698,
11148,46,160000,0,user_34,698,698,
11111,47,150000,0,user_2,698,698,
11119,48,150000,0,user_9,698,698,
11134,49,150000,0,user_25,698,698,
11138,50,120000,0,user_28,698,698,
11125,51,110000,0,user_13,698,698,
11141,52,110000,0,user_32,698,698,
11128,53,98000,0,user_17,698,698,
11132,54,98000,0,user_22,698,698,
11123,55,84000,0,user_10,698,698,
11150,56,84000,0,user_38,698,698,
11136,57,83000,0,user_27,698,698,
11145,58,80000,0,user_34,698,698,
11157,59,80000,0,user_41,698,698,
11208,,320000,0,user_2,699,,
11209,,87000,0,user_3,699,,
11210,,4200000,0,user_6,699,,
11211,,5000000,0,user_11,699,,
11212,,1000000,0,user_12,699,,
11213,,2500000,0,user_13,699,,
11214,,2300000,66100,user_13,699,,
11215,,160000,0,user_13,699,,
11216,,27000000,0,user_13,699,,
11217,,300000,0,user_14,699,,
11218,,160000,0,user_16,699,,
11219,,19000000,779000,user_17,699,,
11220,,630000,0,user_17,699,,
11221,,310000,0,user_20,699,,
11222,,310000,0,user_21,699,,
11223,,170000,0,user_22,699,,
11224,,3200000,0,user_25,699,,
11225,,110000,0,user_27,699,,
11226,,1600000,0,user_27,699,,
11227,,220000,0,user_28,699,,
11228,,84000,0,user_28,699,,
11229,,870000,0,user_31,699,,
11230,,3200000,0,user_31,699,,
11231,,1100000,0,user_33,699,,
11232,,1000000,0,user_33,699,,
11233,,260000,0,user_34,699,,
11234,,220000,0,user_35,699,,
11235,,1400000,0,user_36,699,,
11236,,1000000,0,user_36,699,,
11237,,83000,0,user_39,699,,
11238,,120000,0,user_39,699,,
11239,,4500000,0,user_40,699,,
11240,,2100000,0,user_40,699,,
11241,,1900000,60700,user_40,699,,
11242,,1000000,0,user_40,699,,
11243,,110000,0,user_40,699,,
11244,,150000,0,user_41,699,,
11245,,150000,0,user_43,699,,
11246,,73000,0,user_44,699,,
11247,,970000,0,user_44,699,,
11248,,470000,67900,user_44,699,,
11249,,220000,0,user_44,699,,
11250,,2100000,31700,user_46,699,,
11251,,1000000,0,user_47,699,,
11252,,2400000,0,user_47,699,,
11253,,600000,0,user_48,699,,
11254,,1000000,0,user_49,699,,
11255,,27000000,0,user_49,699,,
11216,0,27000000,0,user_13,699,699,
11255,1,27000000,0,user_49,699,699,
11219,2,19000000,779000,user_17,699,699,
11211,3,5000000,0,user_11,699,699,
11239,4,4500000,0,user_40,699,699,
11210,5,4200000,0,user_6,699,699,
11224,6,3200000,0,user_25,699,699,
11230,7,3200000,0,user_31,699,699,
11213,8,2500000,0,user_13,699,699,
11252,9,2400000,0,user_47,699,699,
11214,10,2300000,66100,user_13,699,699,
11240,11,2100000,0,user_40,699,699,
11250,12,2100000,31700,user_46,699,699,
11241,13,1900000,60700,user_40,699,699,
11226,14,1600000,0,user_27,699,699,
11235,15,1400000,0,user_36,699,699,
11231,16,1100000,0,user_33,699,699,
11212,17,1000000,0,user_12,699,699,
11232,18,1000000,0,user_33,699,699,
11236,19,1000000,0,user_36,699,699,
11242,20,1000000,0,user_40,699,699,
11251,21,1000000,0,user_47,699,699,
11254,22,1000000,0,user_49,699,699,
11247,23,970000,0,user_44,699,699,
11229,24,870000,0,user_31,699,699,
11220,25,630000,0,user_17,699,699,
11248,26,470000,67900,user_44,699,699,
11208,27,320000,0,user_2,699,699,
11221,28,310000,0,user_20,699,699,
11222,29,310000,0,user_21,699,699,
11233,30,260000,0,user_34,699,699,
11234,31,220000,0,user_35,699,699,
11249,32,220000,0,user_44,699,699,
11223,33,170000,0,user_22,699,699,
11215,34,160000,0,user_13,699,699,
11218,35,160000,0,user_16,699,699,
11244,36,150000,0,user_41,699,699,
11245,37,150000,0,user_43,699,699,
11238,38,120000,0,user_39,699,699,
11225,39,110000,0,user_27,699,699,
11243,40,110000,0,user_40,699,699,
11209,41,87000,0,user_3,699,699,
11237,42,83000,0,user_39,699,699,
11246,43,73000,0,user_44,699,699,
11289,,170000,0,user_0,700,,
11290,,160000,0,user_0,700,,
11291,,160000,128000,user_0,700,,
11292,,5000000,19700,user_1,700,,
11293,,460000,0,user_3,700,,
11294,,87000,0,user_4,700,,
11295,,87000,0,user_5,700,,
11296,,260000,381000,user_5,700,,
11297,,83000,0,user_5,700,,
11298,,350000,0,user_7,700,,
11299,,130000,0,user_10,700,,
11300,,120000,0,user_10,700,,
11301,,6100000,0,user_11,700,,
11302,,84000,0,user_12,700,,
11303,,670000,369000,user_13,700,,
11304,,2000000,1100000,user_13,700,,
11305,,43000000,0,user_13,700,,
11306,,120000,0,user_13,700,,
11307,,110000,128000,user_14,700,,
11308,,1000000,30200,user_15,700,,
11309,,73000,0,user_16,700,,
11310,,110000,16400,user_18,700,,
11311,,2600000,0,user_20,700,,
11312,,1700000,66100,user_23,700,,
11313,,360000,0,user_24,700,,
11314,,1100000,0,user_25,700,,
11315,,2300000,0,user_25,700,,
11316,,1900000,0,user_26,700,,
11317,,370000,0,user_31,700,,
11318,,160000,0,user_31,700,,
11319,,260000,0,user_33,700,,
11320,,98000,545000,user_34,700,,
11321,,1600000,36800,user_35,700,,
11322,,2000000,0,user_36,700,,
11323,,120000,0,user_38,700,,
11324,,1500000,410000,user_38,700,,
11325,,79000,0,user_38,700,,
11326,,4200000,0,user_39,700,,
11327,,120000,16400,user_39,700,,
11328,,660000,3130,user_40,700,,
11329,,360000,959000,user_43,700,,
11330,,87000,0,user_44,700,,
11331,,150000,32900,user_45,700,,
11332,,19000000,0,user_46,700,,
11333,,220000,0,user_47,700,,
11334,,70000,0,user_47,700,,
11335,,110000,0,user_47,700,,
11336,,1800000,71800,user_48,700,,
11337,,2000000,0,user_49,700,,
11305,0,43000000,0,user_13,700,700,
11332,1,19000000,0,user_46,700,700,
11301,2,6100000,0,user_11,700,700,
11292,3,5000000,19700,user_1,700,700,
11326,4,4200000,0,user_39,700,700,
11311,5,2600000,0,user_20,700,700,
11315,6,2300000,0,user_25,700,700,
11304,7,2000000,1100000,user_13,700,700,
11322,8,2000000,0,user_36,700,700,
11337,9,2000000,0,user_49,700,700,
11316,10,1900000,0,user_26,700,700,
11312,11,1700000,66100,user_23,700,700,
11321,12,1600000,36800,user_35,700,700,
11314,13,1100000,0,user_25,700,700,
11308,14,1000000,30200,user_15,700,700,
11303,15,670000,369000,user_13,700,700,
11328,16,660000,3130,user_40,700,700,
11293,17,460000,0,user_3,700,700,
11317,18,370000,0,user_31,700,700,
11329,19,360000,959000,user_43,700,700,
11298,20,350000,0,user_7,700,700,
11296,21,260000,381000,user_5,700,700,
11319,22,260000,0,user_33,700,700,
11333,23,220000,0,user_47,700,700,
11289,24,170000,0,user_0,700,700,
11290,25,160000,0,user_0,700,700,
11291,26,160000,128000,user_0,700,700,
11318,27,160000,0,user_31,700,700,
11331,28,150000,32900,user_45,700,700,
11299,29,130000,0,user_10,700,700,
11300,30,120000,0,user_10,700,700,
11306,31,120000,0,user_13,700,700,
11327,32,120000,16400,user_39,700,700,
11310,33,110000,16400,user_18,700,700,
11335,34,110000,0,user_47,700,700,
11320,35,98000,545000,user_34,700,700,
11294,36,87000,0,user_4,700,700,
11295,37,87000,0,user_5,700,700,
11330,38,87000,0,user_44,700,700,
11302,39,84000,0,user_12,700,700,
11297,40,83000,0,user_5,700,700,
11309,41,73000,0,user_16,700,700,
11334,42,70000,0,user_47,700,700,
11457,,2000000,0,user_0,701,,
11458,,120000,0,user_1,701,,
11459,,1500000,0,user_2,701,,
11460,,150000,0,user_2,701,,
11461,,2000000,0,user_3,701,,
11462,,120000,0,user_3,701,,
11463,,530000,0,user_4,701,,
11464,,1900000,0,user_7,701,,
11465,,150000,0,user_8,701,,
11466,,150000,0,user_10,701,,
11467,,4200000,0,user_11,701,,
11468,,4200000,0,user_12,701,,
11469,,160000,0,user_12,701,,
11470,,670000,0,user_13,701,,
11471,,5000000,0,user_14,701,,
11472,,79000,0,user_15,701,,
11473,,340000,0,user_19,701,,
11474,,70000,0,user_20,701,,
11475,,79000,0,user_21,701,,
11476,,110000,0,user_22,701,,
11477,,4200000,350000,user_23,701,,
11478,,460000,0,user_23,701,,
11479,,1900000,0,user_23,701,,
11480,,110000,0,user_24,701,,
11481,,310000,0,user_25,701,,
11482,,110000,0,user_25,701,,
11483,,6100000,146000,user_25,701,,
11484,,420000,0,user_25,701,,
11485,,110000,0,user_26,701,,
11486,,650000,0,user_27,701,,
11487,,1700000,0,user_27,701,,
11488,,70000,0,user_32,701,,
11489,,160000,0,user_34,701,,
11490,,1500000,0,user_34,701,,
11491,,27000000,0,user_35,701,,
11492,,110000,0,user_36,701,,
11493,,3500000,13800,user_37,701,,
11494,,1400000,0,user_38,701,,
11495,,5000000,0,user_39,701,,
11496,,360000,0,user_40,701,,
11497,,70000,0,user_41,701,,
11498,,970000,73100,user_41,701,,
11499,,110000,0,user_43,701,,
11500,,27000000,67900,user_44,701,,
11501,,160000,7840,user_46,701,,
11502,,1100000,0,user_47,701,,
11503,,220000,0,user_49,701,,
11504,,4500000,0,user_49,701,,
11491,0,27000000,0,user_35,701,701,
11500,1,27000000,67900,user_44,701,701,
11483,2,6100000,146000,user_25,701,701,
11471,3,5000000,0,user_14,701,701,
11495,4,5000000,0,user_39,701,701,
11504,5,4500000,0,user_49,701,701,
11467,6,4200000,0,user_11,701,701,
11468,7,4200000,0,user_12,701,701,
11477,8,4200000,350000,user_23,701,701,
11493,9,3500000,13800,user_37,701,701,
11457,10,2000000,0,user_0,701,701,
11461,11,2000000,0,user_3,701,701,
11464,12,1900000,0,user_7,701,701,
11479,13,1900000,0,user_23,701,701,
11459,14,1500000,0,user_2,701,701,
11490,15,1500000,0,user_34,701,701,
11502,16,1100000,0,user_47,701,701,
11498,17,970000,73100,user_41,701,701,
11470,18,670000,0,user_13,701,701,
11463,19,530000,0,user_4,701,701,
11478,20,460000,0,user_23,701,701,
11484,21,420000,0,user_25,701,701,
11496,22,360000,0,user_40,701,701,
11473,23,340000,0,user_19,701,701,
11481,24,310000,0,user_25,701,701,
11503,25,220000,0,user_49,701,701,
11469,26,160000,0,user_12,701,701,
11489,27,160000,0,user_34,701,701,
11501,28,160000,7840,user_46,701,701,
11460,29,150000,0,user_2,701,701,
11465,30,150000,0,user_8,701,701,
11458,31,120000,0,user_1,701,701,
11462,32,120000,0,user_3,701,701,
11476,33,110000,0,user_22,701,701,
11480,34,110000,0,user_24,701,701,
11482,35,110000,0,user_25,701,701,
11485,36,110000,0,user_26,701,701,
11499,37,110000,0,user_43,701,701,
11472,38,79000,0,user_15,701,701,
11475,39,79000,0,user_21,701,701,
11474,40,70000,0,user_20,701,701,
11488,41,70000,0,user_32,701,701,
11497,42,70000,0,user_41,701,701,
11548,,150000,0,user_2,702,,
11549,,170000,0,user_3,702,,
11550,,1500000,5640,user_3,702,,
11551,,79000,0,user_3,702,,
11552,,870000,0,user_4,702,,
11553,,3600000,0,user_6,702,,
11554,,84000,0,user_9,702,,
11555,,470000,0,user_10,702,,
11556,,1400000,0,user_11,702,,
11557,,5000000,0,user_11,702,,
11558,,1900000,0,user_11,702,,
11559,,260000,0,user_11,702,,
11560,,350000,0,user_12,702,,
11561,,970000,11200,user_12,702,,
11562,,160000,49100,user_13,702,,
11563,,1400000,0,user_13,702,,
11564,,310000,0,user_14,702,,
11565,,2000000,0,user_15,702,,
11566,,1700000,0,user_15,702,,
11567,,160000,0,user_15,702,,
11568,,4500000,15300,user_15,702,,
11569,,420000,23500,user_16,702,,
11570,,1900000,0,user_17,702,,
11571,,77000,0,user_17,702,,
11572,,2300000,0,user_17,702,,
11573,,1600000,0,user_19,702,,
11574,,2400000,0,user_19,702,,
11575,,84000,0,user_20,702,,
11576,,630000,0,user_22,702,,
11577,,1600000,0,user_23,702,,
11578,,85000,0,user_24,702,,
11579,,120000,0,user_26,702,,
11580,,120000,0,user_26,702,,
11581,,87000,0,user_26,702,,
11582,,130000,39400,user_26,702,,
11583,,4200000,0,user_26,702,,
11584,,1000000,49100,user_27,702,,
11585,,1400000,0,user_27,702,,
11586,,460000,0,user_28,702,,
11587,,1000000,17000,user_28,702,,
11588,,2500000,0,user_31,702,,
11589,,19000000,100000,user_31,702,,
11590,,420000,0,user_31,702,,
11591,,2500000,0,user_32,702,,
11592,,320000,0,user_33,702,,
11593,,460000,0,user_33,702,,
11594,,420000,0,user_35,702,,
11595,,170000,12300,user_36,702,,
11596,,70000,350000,user_38,702,,
11597,,2400000,0,user_39,702,,
11598,,82000,0,user_39,702,,
11599,,70000,0,user_41,702,,
11600,,460000,0,user_42,702,,
11601,,5000000,215000,user_45,702,,
11602,,420000,0,user_47,702,,
11589,0,19000000,100000,user_31,702,702,
11557,1,5000000,0,user_11,702,702,
11601,2,5000000,215000,user_45,702,702,
11568,3,4500000,15300,user_15,702,702,
11583,4,4200000,0,user_26,702,702,
11553,5,3600000,0,user_6,702,702,
11588,6,2500000,0,user_31,702,702,
11591,7,2500000,0,user_32,702,702,
11574,8,2400000,0,user_19,702,702,
11597,9,2400000,0,user_39,702,702,
11572,10,2300000,0,user_17,702,702,
11565,11,2000000,0,user_15,702,702,
11558,12,1900000,0,user_11,702,702,
11570,13,1900000,0,user_17,702,702,
11566,14,1700000,0,user_15,702,702,
11573,15,1600000,0,user_19,702,702,
11550,16,1500000,5640,user_3,702,702,
11556,17,1400000,0,user_11,702,702,
11563,18,1400000,0,user_13,702,702,
11585,19,1400000,0,user_27,702,702,
11584,20,1000000,49100,user_27,702,702,
11587,21,1000000,17000,user_28,702,702,
11561,22,970000,11200,user_12,702,702,
11552,23,870000,0,user_4,702,702,
11555,24,470000,0,user_10,702,702,
11586,25,460000,0,user_28,702,702,
11593,26,460000,0,user_33,702,702,
11600,27,460000,0,user_42,702,702,
11569,28,420000,23500,user_16,702,702,
11590,29,420000,0,user_31,702,702,
11594,30,420000,0,user_35,702,702,
11602,31,420000,0,user_47,702,702,
11560,32,350000,0,user_12,702,702,
11592,33,320000,0,user_33,702,702,
11559,34,260000,0,user_11,702,702,
11549,35,170000,0,user_3,702,702,
11562,36,160000,49100,user_13,702,702,
11567,37,160000,0,user_15,702,702,
11548,38,150000,0,user_2,702,702,
11582,39,130000,39400,user_26,702,702,
11579,40,120000,0,user_26,702,702,
11580,41,120000,0,user_26,702,702,
11581,42,87000,0,user_26,702,702,
11578,43,85000,0,user_24,702,702,
11554,44,84000,0,user_9,702,702,
11575,45,84000,0,user_20,702,702,
11598,46,82000,0,user_39,702,702,
11551,47,79000,0,user_3,702,702,
11571,48,77000,0,user_17,702,702,
11596,49,70000,350000,user_38,702,702,
11599,50,70000,0,user_41,702,702,
11691,,110000,0,user_0,703,,
11692,,2000000,0,user_1,703,,
11693,,1100000,0,user_2,703,,
11694,,310000,0,user_3,703,,
11695,,1600000,0,user_4,703,,
11696,,77000,0,user_5,703,,
11697,,3600000,0,user_7,703,,
11698,,1600000,0,user_7,703,,
11699,,110000,0,user_8,703,,
11700,,77000,0,user_9,703,,
11701,,3200000,0,user_10,703,,
11702,,460000,71800,user_10,703,,
11703,,1200000,0,user_12,703,,
11704,,1600000,0,user_13,703,,
11705,,1400000,0,user_14,703,,
11706,,5000000,0,user_17,703,,
11707,,1400000,0,user_18,703,,
11708,,2000000,128000,user_20,703,,
11709,,660000,0,user_20,703,,
11710,,1900000,0,user_24,703,,
11711,,1700000,12300,user_26,703,,
11712,,530000,0,user_27,703,,
11713,,110000,11200,user_29,703,,
11714,,260000,60700,user_30,703,,
11715,,1500000,0,user_30,703,,
11716,,110000,0,user_30,703,,
11717,,6100000,231000,user_31,703,,
11718,,530000,0,user_32,703,,
11719,,420000,0,user_33,703,,
11720,,73000,0,user_33,703,,
11721,,5000000,0,user_34,703,,
11722,,350000,0,user_37,703,,
11723,,2000000,0,user_38,703,,
11724,,80000,0,user_39,703,,
11725,,260000,0,user_39,703,,
11726,,300000,0,user_40,703,,
11727,,110000,285000,user_40,703,,
11728,,190000,0,user_42,703,,
11729,,460000,0,user_43,703,,
11730,,2600000,0,user_43,703,,
11731,,150000,15300,user_43,703,,
11732,,170000,0,user_44,703,,
11733,,19000000,0,user_45,703,,
11734,,2000000,0,user_45,703,,
11735,,340000,49100,user_46,703,,
11736,,82000,17700000,user_47,703,,
11737,,1100000,39400,user_48,703,,
11738,,670000,0,user_49,703,,
11733,0,19000000,0,user_45,703,703,
11717,1,6100000,231000,user_31,703,703,
11706,2,5000000,0,user_17,703,703,
11721,3,5000000,0,user_34,703,703,
11697,4,3600000,0,user_7,703,703,
11701,5,3200000,0,user_10,703,703,
11730,6,2600000,0,user_43,703,703,
11692,7,2000000,0,user_1,703,703,
11708,8,2000000,128000,user_20,703,703,
11723,9,2000000,0,user_38,703,703,
11734,10,2000000,0,user_45,703,703,
11710,11,1900000,0,user_24,703,703,
11711,12,1700000,12300,user_26,703,703,
11695,13,1600000,0,user_4,703,703,
11698,14,1600000,0,user_7,703,703,
11704,15,1600000,0,user_13,703,703,
11715,16,1500000,0,user_30,703,703,
11705,17,1400000,0,user_14,703,703,
11707,18,1400000,0,user_18,703,703,
11703,19,1200000,0,user_12,703,703,
11693,20,1100000,0,user_2,703,703,
11737,21,1100000,39400,user_48,703,703,
11709,22,660000,0,user_20,703,703,
11712,23,530000,0,user_27,703,703,
11702,24,460000,71800,user_10,703,703,
11729,25,460000,0,user_43,703,703,
11735,26,340000,49100,user_46,703,703,
11726,27,300000,0,user_40,703,703,
11714,28,260000,60700,user_30,703,703,
11725,29,260000,0,user_39,703,703,
11728,30,190000,0,user_42,703,703,
11732,31,170000,0,user_44,703,703,
11731,32,150000,15300,user_43,703,703,
11691,33,110000,0,user_0,703,703,
11699,34,110000,0,user_8,703,703,
11713,35,110000,11200,user_29,703,703,
11716,36,110000,0,user_30,703,703,
11727,37,110000,285000,user_40,703,703,
11736,38,82000,17700000,user_47,703,703,
11724,39,80000,0,user_39,703,703,
11700,40,77000,0,user_9,703,703,
11813,,1500000,0,user_0,704,,
11814,,150000,0,user_1,704,,
11815,,370000,4320000,user_2,704,,
11816,,2300000,0,user_2,704,,
11817,,600000,0,user_2,704,,
11818,,110000,0,user_2,704,,
11819,,43000000,0,user_2,704,,
11820,,1000000,0,user_3,704,,
11821,,30000000,0,user_4,704,,
11822,,240000,0,user_5,704,,
11823,,630000,0,user_5,704,,
11824,,1500000,0,user_6,704,,
11825,,110000,0,user_7,704,,
11826,,220000,0,user_7,704,,
11827,,110000,285000,user_8,704,,
11828,,360000,0,user_8,704,,
11829,,910000,0,user_11,704,,
11830,,2400000,0,user_12,704,,
11831,,460000,0,user_12,704,,
11832,,870000,67500,user_13,704,,
11833,,2000000,0,user_14,704,,
11834,,87000,0,user_15,704,,
11835,,87000,33300,user_17,704,,
11836,,100000,0,user_17,704,,
11837,,190000,0,user_18,704,,
11838,,150000,0,user_19,704,,
11839,,82000,0,user_19,704,,
11840,,84000,30200,user_20,704,,
11841,,170000,0,user_21,704,,
11842,,3600000,0,user_22,704,,
11843,,150000,0,user_23,704,,
11844,,220000,0,user_23,704,,
11845,,650000,0,user_23,704,,
11846,,190000,0,user_23,704,,
11847,,340000,0,user_25,704,,
11848,,1100000,231000,user_26,704,,
11849,,170000,181000,user_27,704,,
11850,,1200000,0,user_29,704,,
11851,,120000,0,user_30,704,,
11852,,320000,0,user_30,704,,
11853,,300000,0,user_31,704,,
11854,,70000,39400,user_31,704,,
11855,,190000,0,user_32,704,,
11856,,85000,0,user_32,704,,
11857,,1100000,0,user_33,704,,
11858,,220000,0,user_34,704,,
11859,,120000,21800,user_35,704,,
11860,,240000,0,user_35,704,,
11861,,170000,0,user_35,704,,
11862,,77000,0,user_36,704,,
11863,,320000,769000,user_36,704,,
11864,,110000,0,user_36,704,,
11865,,340000,0,user_36,704,,
11866,,1400000,0,user_36,704,,
11867,,310000,0,user_37,704,,
11868,,600000,0,user_38,704,,
11869,,870000,0,user_38,704,,
11870,,19000000,0,user_40,704,,
11871,,19000000,0,user_41,704,,
11872,,83000,0,user_42,704,,
11873,,120000,0,user_43,704,,
11874,,460000,121000,user_43,704,,
11875,,2000000,0,user_46,704,,
11876,,1500000,0,user_46,704,,
11877,,240000,0,user_46,704,,
11878,,73000,0,user_47,704,,
11819,0,43000000,0,user_2,704,704,
11821,1,30000000,0,user_4,704,704,
11870,2,19000000,0,user_40,704,704,
11871,3,19000000,0,user_41,704,704,
11914,4,0,0,builder_4,704,704,11815
11815,5,370000,4320000,user_2,704,704,
11842,6,3600000,0,user_22,704,704,
11830,7,2400000,0,user_12,704,704,
11816,8,2300000,0,user_2,704,704,
11833,9,2000000,0,user_14,704,704,
11875,10,2000000,0,user_46,704,704,
11813,11,1500000,0,user_0,704,704,
11824,12,1500000,0,user_6,704,704,
11876,13,1500000,0,user_46,704,704,
11866,14,1400000,0,user_36,704,704,
11915,15,0,0,builder_4,704,704,11848
11848,16,1100000,231000,user_26,704,704,
11850,17,1200000,0,user_29,704,704,
11857,18,1100000,0,user_33,704,704,
11863,19,320000,769000,user_36,704,704,
11916,20,0,0,builder_4,704,704,11863
11820,21,1000000,0,user_3,704,704,
11832,22,870000,67500,user_13,704,704,
11917,23,0,0,builder_4,704,704,11832
11829,24,910000,0,user_11,704,704,
11869,25,870000,0,user_38,704,704,
11845,26,650000,0,user_23,704,704,
11817,27,600000,0,user_2,704,704,
11868,28,600000,0,user_38,704,704,
11918,29,0,0,builder_4,704,704,11874
11874,30,460000,121000,user_43,704,704,
11831,31,460000,0,user_12,704,704,
11919,32,0,0,builder_4,704,704,11827
11827,33,110000,285000,user_8,704,704,
11828,34,360000,0,user_8,704,704,
11920,35,0,0,builder_4,704,704,11849
11849,36,170000,181000,user_27,704,704,
11847,37,340000,0,user_25,704,704,
11865,38,340000,0,user_36,704,704,
11852,39,320000,0,user_30,704,704,
11867,40,310000,0,user_37,704,704,
11853,41,300000,0,user_31,704,704,
11860,42,240000,0,user_35,704,704,
11877,43,240000,0,user_46,704,704,
11844,44,220000,0,user_23,704,704,
11858,45,220000,0,user_34,704,704,
11837,46,190000,0,user_18,704,704,
11846,47,190000,0,user_23,704,704,
11855,48,190000,0,user_32,704,704,
11841,49,170000,0,user_21,704,704,
11861,50,170000,0,user_35,704,704,
11814,51,150000,0,user_1,704,704,
11838,52,150000,0,user_19,704,704,
11843,53,150000,0,user_23,704,704,
11859,54,120000,21800,user_35,704,704,
11921,55,0,0,builder_4,704,704,11859
11835,56,87000,33300,user_17,704,704,
11922,57,0,0,builder_4,704,704,11835
11851,58,120000,0,user_30,704,704,
11873,59,120000,0,user_43,704,704,
11923,60,0,0,builder_4,704,704,11840
11840,61,84000,30200,user_20,704,704,
11818,62,110000,0,user_2,704,704,
11864,63,110000,0,user_36,704,704,
11924,64,0,0,builder_4,704,704,11854
11854,65,70000,39400,user_31,704,704,
11836,66,100000,0,user_17,704,704,
11856,67,85000,0,user_32,704,704,
11872,68,83000,0,user_42,704,704,
11839,69,82000,0,user_19,704,704,
11862,70,77000,0,user_36,704,704,
11955,,98000,0,user_0,705,,
11956,,1100000,0,user_1,705,,
11957,,1600000,0,user_2,705,,
11958,,970000,10700,user_2,705,,
11959,,4200000,0,user_3,705,,
11960,,1100000,0,user_4,705,,
11961,,600000,0,user_4,705,,
11962,,120000,0,user_4,705,,
11963,,6300000,0,user_4,705,,
11964,,79000,68100,user_4,705,,
11965,,130000,0,user_5,705,,
11966,,150000,0,user_7,705,,
11967,,5000000,0,user_8,705,,
11968,,420000,0,user_9,705,,
11969,,43000000,0,user_13,705,,
11970,,70000,0,user_13,705,,
11971,,1500000,0,user_13,705,,
11972,,1600000,0,user_17,705,,
11973,,1100000,0,user_17,705,,
11974,,370000,0,user_17,705,,
11975,,2100000,0,user_17,705,,
11976,,2000000,0,user_17,705,,
11977,,98000,128000,user_18,705,,
11978,,1100000,0,user_21,705,,
11979,,220000,0,user_22,705,,
11980,,350000,5630,user_22,705,,
11981,,160000,0,user_22,705,,
11982,,2000000,0,user_23,705,,
11983,,2600000,0,user_23,705,,
11984,,370000,0,user_25,705,,
11985,,19000000,0,user_27,705,,
11986,,170000,0,user_29,705,,
11987,,79000,161000,user_30,705,,
11988,,27000000,0,user_31,705,,
11989,,370000,0,user_32,705,,
11990,,260000,5640,user_33,705,,
11991,,1500000,0,user_33,705,,
11992,,110000,0,user_34,705,,
11993,,85000,0,user_34,705,,
11994,,460000,0,user_35,705,,
11995,,150000,0,user_36,705,,
11996,,87000,0,user_37,705,,
11997,,310000,47700,user_38,705,,
11998,,190000,369000,user_39,705,,
11999,,300000,0,user_41,705,,
12000,,80000,12300,user_42,705,,
12001,,73000,0,user_43,705,,
12002,,110000,0,user_44,705,,
12003,,340000,7840,user_45,705,,
12004,,1600000,0,user_46,705,,
12005,,1600000,0,user_46,705,,
12006,,110000,0,user_47,705,,
12007,,3200000,121000,user_47,705,,
12008,,530000,0,user_48,705,,
12009,,470000,0,user_49,705,,
12010,,630000,13900,user_49,705,,
12011,,110000,0,user_49,705,,
12012,,2000000,0,user_49,705,,
12013,,2600000,0,user_49,705,,
11969,0,43000000,0,user_13,705,705,
11988,1,27000000,0,user_31,705,705,
11985,2,19000000,0,user_27,705,705,
11963,3,6300000,0,user_4,705,705,
11967,4,5000000,0,user_8,705,705,
11959,5,4200000,0,user_3,705,705,
12007,6,3200000,121000,user_47,705,705,
11983,7,2600000,0,user_23,705,705,
12013,8,2600000,0,user_49,705,705,
11975,9,2100000,0,user_17,705,705,
11976,10,2000000,0,user_17,705,705,
11982,11,2000000,0,user_23,705,705,
12012,12,2000000,0,user_49,705,705,
11957,13,1600000,0,user_2,705,705,
11972,14,1600000,0,user_17,705,705,
12004,15,1600000,0,user_46,705,705,
12005,16,1600000,0,user_46,705,705,
11971,17,1500000,0,user_13,705,705,
11991,18,1500000,0,user_33,705,705,
11956,19,1100000,0,user_1,705,705,
11960,20,1100000,0,user_4,705,705,
11973,21,1100000,0,user_17,705,705,
11978,22,1100000,0,user_21,705,705,
11958,23,970000,10700,user_2,705,705,
12010,24,630000,13900,user_49,705,705,
11961,25,600000,0,user_4,705,705,
12009,26,470000,0,user_49,705,705,
11994,27,460000,0,user_35,705,705,
11974,28,370000,0,user_17,705,705,
11984,29,370000,0,user_25,705,705,
11980,30,350000,5630,user_22,705,705,
12003,31,340000,7840,user_45,705,705,
11999,32,300000,0,user_41,705,705,
11990,33,260000,5640,user_33,705,705,
11979,34,220000,0,user_22,705,705,
11998,35,190000,369000,user_39,705,705,
11986,36,170000,0,user_29,705,705,
11981,37,160000,0,user_22,705,705,
11966,38,150000,0,user_7,705,705,
11995,39,150000,0,user_36,705,705,
11965,40,130000,0,user_5,705,705,
11962,41,120000,0,user_4,705,705,
11992,42,110000,0,user_34,705,705,
12002,43,110000,0,user_44,705,705,
12006,44,110000,0,user_47,705,705,
12011,45,110000,0,user_49,705,705,
11955,46,98000,0,user_0,705,705,
11977,47,98000,128000,user_18,705,705,
11996,48,87000,0,user_37,705,705,
11993,49,85000,0,user_34,705,705,
12000,50,80000,12300,user_42,705,705,
11964,51,79000,68100,user_4,705,705,
11987,52,79000,161000,user_30,705,705,
12001,53,73000,0,user_43,705,705,
11970,54,70000,0,user_13,705,705,
12098,,260000,0,user_0,706,,
12099,,120000,0,user_2,706,,
12100,,310000,0,user_3,706,,
12101,,84000,0,user_5,706,,
12102,,5000000,0,user_6,706,,
12103,,660000,0,user_7,706,,
12104,,310000,0,user_8,706,,
12105,,2600000,0,user_9,706,,
12106,,150000,0,user_9,706,,
12107,,320000,0,user_10,706,,
12108,,1600000,39400,user_11,706,,
12109,,4200000,0,user_13,706,,
12110,,84000,5640,user_14,706,,
12111,,470000,0,user_15,706,,
12112,,260000,0,user_17,706,,
12113,,73000,0,user_17,706,,
12114,,4200000,0,user_19,706,,
12115,,79000,0,user_21,706,,
12116,,1600000,0,user_22,706,,
12117,,120000,67500,user_22,706,,
12118,,220000,1100000,user_23,706,,
12119,,1200000,0,user_23,706,,
12120,,3500000,0,user_24,706,,
12121,,1600000,779000,user_25,706,,
12122,,77000,0,user_27,706,,
12123,,79000,0,user_28,706,,
12124,,77000,0,user_28,706,,
12125,,650000,0,user_29,706,,
12126,,670000,0,user_30,706,,
12127,,160000,0,user_31,706,,
12128,,80000,5180,user_31,706,,
12129,,260000,0,user_31,706,,
12130,,310000,0,user_31,706,,
12131,,1500000,0,user_31,706,,
12132,,110000,0,user_32,706,,
12133,,2300000,0,user_33,706,,
12134,,1100000,0,user_36,706,,
12135,,1400000,128000,user_37,706,,
12136,,1100000,0,user_38,706,,
12137,,300000,0,user_39,706,,
12138,,2100000,0,user_40,706,,
12139,,6300000,0,user_40,706,,
12140,,150000,0,user_40,706,,
12141,,110000,64600,user_40,706,,
12142,,320000,283000,user_40,706,,
12143,,160000,0,user_41,706,,
12144,,320000,0,user_42,706,,
12145,,160000,0,user_42,706,,
12146,,350000,0,user_43,706,,
12147,,2000000,0,user_43,706,,
12148,,220000,0,user_44,706,,
12149,,530000,0,user_45,706,,
12150,,660000,0,user_46,706,,
12151,,73000,32900,user_47,706,,
12152,,2300000,0,user_47,706,,
12153,,910000,0,user_49,706,,
12154,,460000,0,user_49,706,,
12155,,5000000,0,user_49,706,,
12139,0,6300000,0,user_40,706,706,
12102,1,5000000,0,user_6,706,706,
12155,2,5000000,0,user_49,706,706,
12109,3,4200000,0,user_13,706,706,
12114,4,4200000,0,user_19,706,706,
12120,5,3500000,0,user_24,706,706,
12105,6,2600000,0,user_9,706,706,
12133,7,2300000,0,user_33,706,706,
12152,8,2300000,0,user_47,706,706,
12138,9,2100000,0,user_40,706,706,
12147,10,2000000,0,user_43,706,706,
12108,11,1600000,39400,user_11,706,706,
12116,12,1600000,0,user_22,706,706,
12121,13,1600000,779000,user_25,706,706,
12131,14,1500000,0,user_31,706,706,
12119,15,1200000,0,user_23,706,706,
12134,16,1100000,0,user_36,706,706,
12136,17,1100000,0,user_38,706,706,
12153,18,910000,0,user_49,706,706,
12126,19,670000,0,user_30,706,706,
12103,20,660000,0,user_7,706,706,
12150,21,660000,0,user_46,706,706,
12125,22,650000,0,user_29,706,706,
12149,23,530000,0,user_45,706,706,
12111,24,470000,0,user_15,706,706,
12154,25,460000,0,user_49,706,706,
12146,26,350000,0,user_43,706,706,
12107,27,320000,0,user_10,706,706,
12142,28,320000,283000,user_40,706,706,
12144,29,320000,0,user_42,706,706,
12100,30,310000,0,user_3,706,706,
12104,31,310000,0,user_8,706,706,
12130,32,310000,0,user_31,706,706,
12098,33,260000,0,user_0,706,706,
12112,34,260000,0,user_17,706,706,
12129,35,260000,0,user_31,706,706,
12118,36,220000,1100000,user_23,706,706,
12148,37,220000,0,user_44,706,706,
12127,38,160000,0,user_31,706,706,
12143,39,160000,0,user_41,706,706,
12145,40,160000,0,user_42,706,706,
12106,41,150000,0,user_9,706,706,
12140,42,150000,0,user_40,706,706,
12099,43,120000,0,user_2,706,706,
12117,44,120000,67500,user_22,706,706,
12132,45,110000,0,user_32,706,706,
12141,46,110000,64600,user_40,706,706,
12101,47,84000,0,user_5,706,706,
12110,48,84000,5640,user_14,706,706,
12128,49,80000,5180,user_31,706,706,
12115,50,79000,0,user_21,706,706,
12122,51,77000,0,user_27,706,706,
12113,52,73000,0,user_17,706,706,
12151,53,73000,32900,user_47,706,706,
12226,,460000,0,user_0,707,,
12227,,80000,0,user_0,707,,
12228,,150000,12300,user_0,707,,
12229,,1500000,0,user_0,707,,
12230,,370000,73100,user_1,707,,
12231,,260000,0,user_2,707,,
12232,,2600000,0,user_3,707,,
12233,,110000,0,user_6,707,,
12234,,2000000,0,user_7,707,,
12235,,220000,0,user_10,707,,
12236,,1000000,68100,user_11,707,,
12237,,4200000,0,user_11,707,,
12238,,310000,0,user_12,707,,
12239,,3600000,0,user_13,707,,
12240,,670000,0,user_15,707,,
12241,,83000,0,user_15,707,,
12242,,170000,0,user_16,707,,
12243,,3500000,0,user_18,707,,
12244,,87000,0,user_20,707,,
12245,,870000,0,user_21,707,,
12246,,870000,0,user_24,707,,
12247,,1100000,0,user_24,707,,
12248,,82000,0,user_26,707,,
12249,,600000,0,user_27,707,,
12250,,5200000,0,user_29,707,,
12251,,85000,0,user_29,707,,
12252,,350000,15300,user_30,707,,
12253,,160000,0,user_31,707,,
12254,,120000,0,user_31,707,,
12255,,2400000,0,user_32,707,,
12256,,970000,0,user_33,707,,
12257,,4500000,0,user_33,707,,
12258,,120000,0,user_33,707,,
12259,,170000,0,user_33,707,,
12260,,2000000,0,user_34,707,,
12261,,1400000,0,user_36,707,,
12262,,1300000,100000,user_39,707,,
12263,,1500000,0,user_40,707,,
12264,,3200000,0,user_40,707,,
12265,,260000,0,user_41,707,,
12266,,110000,0,user_41,707,,
12267,,110000,0,user_42,707,,
12268,,110000,0,user_42,707,,
12269,,870000,0,user_42,707,,
12270,,530000,0,user_42,707,,
12271,,1400000,0,user_43,707,,
12272,,260000,0,user_43,707,,
12273,,130000,0,user_44,707,,
12274,,670000,0,user_45,707,,
12275,,460000,0,user_46,707,,
12276,,300000,0,user_49,707,,
12250,0,5200000,0,user_29,707,707,
12257,1,4500000,0,user_33,707,707,
12237,2,4200000,0,user_11,707,707,
12239,3,3600000,0,user_13,707,707,
12243,4,3500000,0,user_18,707,707,
12264,5,3200000,0,user_40,707,707,
12232,6,2600000,0,user_3,707,707,
12255,7,2400000,0,user_32,707,707,
12234,8,2000000,0,user_7,707,707,
12260,9,2000000,0,user_34,707,707,
12229,10,1500000,0,user_0,707,707,
12263,11,1500000,0,user_40,707,707,
12261,12,1400000,0,user_36,707,707,
12291,13,0,0,builder_3,707,707,12262
12262,14,1300000,100000,user_39,707,707,
12271,15,1400000,0,user_43,707,707,
12247,16,1100000,0,user_24,707,707,
12292,17,0,0,builder_3,707,707,12236
12236,18,1000000,68100,user_11,707,707,
12256,19,970000,0,user_33,707,707,
12245,20,870000,0,user_21,707,707,
12246,21,870000,0,user_24,707,707,
12269,22,870000,0,user_42,707,707,
12240,23,670000,0,user_15,707,707,
12274,24,670000,0,user_45,707,707,
12270,25,530000,0,user_42,707,707,
12226,26,460000,0,user_0,707,707,
12275,27,460000,0,user_46,707,707,
12252,28,350000,15300,user_30,707,707,
12293,29,0,0,builder_3,707,707,12252
12238,30,310000,0,user_12,707,707,
12276,31,300000,0,user_49,707,707,
12231,32,260000,0,user_2,707,707,
12265,33,260000,0,user_41,707,707,
12272,34,260000,0,user_43,707,707,
12235,35,220000,0,user_10,707,707,
12259,36,170000,0,user_33,707,707,
12228,37,150000,12300,user_0,707,707,
12294,38,0,0,builder_3,707,707,12228
12253,39,160000,0,user_31,707,707,
12273,40,130000,0,user_44,707,707,
12254,41,120000,0,user_31,707,707,
12258,42,120000,0,user_33,707,707,
12266,43,110000,0,user_41,707,707,
12267,44,110000,0,user_42,707,707,
12268,45,110000,0,user_42,707,707,
12244,46,87000,0,user_20,707,707,
12251,47,85000,0,user_29,707,707,
12241,48,83000,0,user_15,707,707,
12248,49,82000,0,user_26,707,707,
12227,50,80000,0,user_0,707,707,
12313,,3500000,15300,user_2,708,,
12314,,5000000,13900,user_3,708,,
12315,,1000000,0,user_3,708,,
12316,,160000,215000,user_3,708,,
12317,,4200000,35600,user_3,708,,
12318,,190000,73100,user_3,708,,
12319,,1300000,0,user_5,708,,
12320,,110000,15100,user_6,708,,
12321,,220000,0,user_7,708,,
12322,,2000000,0,user_8,708,,
12323,,360000,0,user_9,708,,
12324,,170000,0,user_11,708,,
12325,,360000,0,user_11,708,,
12326,,360000,0,user_14,708,,
12327,,1900000,0,user_16,708,,
12328,,190000,0,user_17,708,,
12329,,350000,0,user_17,708,,
12330,,1900000,0,user_18,708,,
12331,,110000,0,user_20,708,,
12332,,3200000,0,user_21,708,,
12333,,160000,0,user_21,708,,
12334,,120000,0,user_21,708,,
12335,,120000,0,user_21,708,,
12336,,4200000,0,user_21,708,,
12337,,2500000,779000,user_23,708,,
12338,,420000,42000,user_23,708,,
12339,,870000,0,user_23,708,,
12340,,110000,594000,user_23,708,,
12341,,660000,0,user_23,708,,
12342,,220000,0,user_25,708,,
12343,,220000,0,user_26,708,,
12344,,5000000,100000,user_28,708,,
12345,,170000,0,user_28,708,,
12346,,970000,0,user_30,708,,
12347,,220000,0,user_30,708,,
12348,,6300000,0,user_31,708,,
12349,,77000,0,user_32,708,,
12350,,120000,0,user_34,708,,
12351,,170000,0,user_34,708,,
12352,,120000,0,user_34,708,,
12353,,2000000,0,user_34,708,,
12354,,630000,0,user_34,708,,
12355,,5000000,0,user_35,708,,
12356,,5000000,0,user_36,708,,
12357,,4200000,0,user_36,708,,
12358,,120000,545000,user_38,708,,
12359,,70000,0,user_39,708,,
12360,,170000,0,user_39,708,,
12361,,4500000,0,user_39,708,,
12362,,120000,0,user_40,708,,
12363,,2500000,0,user_40,708,,
12364,,85000,0,user_41,708,,
12365,,1400000,16400,user_42,708,,
12366,,110000,959000,user_42,708,,
12367,,470000,64600,user_42,708,,
12368,,600000,0,user_44,708,,
12369,,1100000,0,user_45,708,,
12370,,2300000,0,user_45,708,,
12371,,470000,0,user_46,708,,
12372,,80000,0,user_47,708,,
12373,,4500000,0,user_48,708,,
12374,,110000,0,user_49,708,,
12348,0,6300000,0,user_31,708,708,
12405,1,0,0,builder_3,708,708,12344
12344,2,5000000,100000,user_28,708,708,
12314,3,5000000,13900,user_3,708,708,
12406,4,0,0,builder_3,708,708,12314
12355,5,5000000,0,user_35,708,708,
12356,6,5000000,0,user_36,708,708,
12361,7,4500000,0,user_39,708,708,
12373,8,4500000,0,user_48,708,708,
12407,9,0,0,builder_3,708,708,12317
12317,10,4200000,35600,user_3,708,708,
12336,11,4200000,0,user_21,708,708,
12357,12,4200000,0,user_36,708,708,
12408,13,0,0,builder_3,708,708,12313
12313,14,3500000,15300,user_2,708,708,
12337,15,2500000,779000,user_23,708,708,
12409,16,0,0,builder_3,708,708,12337
12332,17,3200000,0,user_21,708,708,
12363,18,2500000,0,user_40,708,708,
12370,19,2300000,0,user_45,708,708,
12353,20,2000000,0,user_34,708,708,
12330,21,1900000,0,user_18,708,708,
12410,22,0,0,builder_3,708,708,12365
12365,23,1400000,16400,user_42,708,708,
12319,24,1300000,0,user_5,708,708,
12369,25,1100000,0,user_45,708,708,
12411,26,0,0,builder_3,708,708,12366
12366,27,110000,959000,user_42,708,708,
12315,28,1000000,0,user_3,708,708,
12346,29,970000,0,user_30,708,708,
12339,30,870000,0,user_23,708,708,
12340,31,110000,594000,user_23,708,708,
12412,32,0,0,builder_3,708,708,12340
12413,33,0,0,builder_3,708,708,12358
12358,34,120000,545000,user_38,708,708,
12341,35,660000,0,user_23,708,708,
12354,36,630000,0,user_34,708,708,
12368,37,600000,0,user_44,708,708,
12414,38,0,0,builder_3,708,708,12367
12367,39,470000,64600,user_42,708,708,
12371,40,470000,0,user_46,708,708,
12338,41,420000,42000,user_23,708,708,
12415,42,0,0,builder_3,708,708,12338
12316,43,160000,215000,user_3,708,708,
12416,44,0,0,builder_3,708,708,12316
12325,45,360000,0,user_11,708,708,
12326,46,360000,0,user_14,708,708,
12329,47,350000,0,user_17,708,708,
12318,48,190000,73100,user_3,708,708,
12417,49,0,0,builder_3,708,708,12318
12321,50,220000,0,user_7,708,708,
12343,51,220000,0,user_26,708,708,
12347,52,220000,0,user_30,708,708,
12328,53,190000,0,user_17,708,708,
12324,54,170000,0,user_11,708,708,
12345,55,170000,0,user_28,708,708,
12351,56,170000,0,user_34,708,708,
12360,57,170000,0,user_39,708,708,
12333,58,160000,0,user_21,708,708,
12334,59,120000,0,user_21,708,708,
12335,60,120000,0,user_21,708,708,
12350,61,120000,0,user_34,708,708,
12352,62,120000,0,user_34,708,708,
12362,63,120000,0,user_40,708,708,
12331,64,110000,0,user_20,708,708,
12374,65,110000,0,user_49,708,708,
12364,66,85000,0,user_41,708,708,
12372,67,80000,0,user_47,708,708,
12349,68,77000,0,user_32,708,708,
12359,69,70000,0,user_39,708,708,
12469,,350000,0,user_0,709,,
12470,,5000000,146000,user_1,709,,
12471,,320000,15700,user_2,709,,
12472,,150000,769000,user_3,709,,
12473,,630000,0,user_4,709,,
12474,,650000,0,user_4,709,,
12475,,150000,0,user_4,709,,
12476,,2000000,0,user_5,709,,
12477,,910000,139000,user_6,709,,
12478,,240000,0,user_7,709,,
12479,,1700000,0,user_8,709,,
12480,,1000000,5640,user_10,709,,
12481,,5000000,164000,user_11,709,,
12482,,260000,0,user_12,709,,
12483,,83000,0,user_12,709,,
12484,,1700000,0,user_12,709,,
12485,,1000000,18600,user_12,709,,
12486,,420000,0,user_12,709,,
12487,,320000,0,user_14,709,,
12488,,350000,0,user_15,709,,
12489,,190000,0,user_16,709,,
12490,,2500000,0,user_16,709,,
12491,,170000,285000,user_16,709,,
12492,,1200000,0,user_16,709,,
12493,,1000000,0,user_17,709,,
12494,,1500000,0,user_20,709,,
12495,,360000,4320000,user_21,709,,
12496,,79000,0,user_21,709,,
12497,,120000,0,user_22,709,,
12498,,5000000,0,user_23,709,,
12499,,190000,0,user_23,709,,
12500,,160000,36800,user_24,709,,
12501,,160000,0,user_24,709,,
12502,,84000,0,user_24,709,,
12503,,1800000,0,user_24,709,,
12504,,1400000,285000,user_25,709,,
12505,,970000,0,user_25,709,,
12506,,5000000,0,user_25,709,,
12507,,370000,0,user_25,709,,
12508,,2600000,0,user_25,709,,
12509,,110000,0,user_26,709,,
12510,,630000,0,user_27,709,,
12511,,77000,0,user_27,709,,
12512,,2100000,0,user_28,709,,
12513,,170000,0,user_28,709,,
12514,,4500000,0,user_29,709,,
12515,,4200000,0,user_33,709,,
12516,,970000,0,user_33,709,,
12517,,120000,0,user_34,709,,
12518,,30000000,0,user_34,709,,
12519,,360000,0,user_35,709,,
12520,,1700000,0,user_36,709,,
12521,,1800000,0,user_40,709,,
12522,,260000,0,user_41,709,,
12523,,3200000,0,user_42,709,,
12524,,6100000,0,user_43,709,,
12525,,1300000,7190000,user_43,709,,
12526,,3500000,0,user_43,709,,
12527,,79000,0,user_44,709,,
12528,,100000,0,user_45,709,,
12529,,120000,0,user_46,709,,
12530,,27000000,0,user_47,709,,
12531,,420000,0,user_47,709,,
12532,,350000,0,user_49,709,,
12518,0,30000000,0,user_34,709,709,
12530,1,27000000,0,user_47,709,709,
12524,2,6100000,0,user_43,709,709,
12470,3,5000000,146000,user_1,709,709,
12481,4,5000000,164000,user_11,709,709,
12498,5,5000000,0,user_23,709,709,
12506,6,5000000,0,user_25,709,709,
12514,7,4500000,0,user_29,709,709,
12515,8,4200000,0,user_33,709,709,
12526,9,3500000,0,user_43,709,709,
12523,10,3200000,0,user_42,709,709,
12508,11,2600000,0,user_25,709,709,
12490,12,2500000,0,user_16,709,709,
12476,13,2000000,0,user_5,709,709,
12521,14,1800000,0,user_40,709,709,
12479,15,1700000,0,user_8,709,709,
12484,16,1700000,0,user_12,709,709,
12520,17,1700000,0,user_36,709,709,
12494,18,1500000,0,user_20,709,709,
12504,19,1400000,285000,user_25,709,709,
12525,20,1300000,7190000,user_43,709,709,
12492,21,1200000,0,user_16,709,709,
12480,22,1000000,5640,user_10,709,709,
12485,23,1000000,18600,user_12,709,709,
12493,24,1000000,0,user_17,709,709,
12505,25,970000,0,user_25,709,709,
12516,26,970000,0,user_33,709,709,
12477,27,910000,139000,user_6,709,709,
12474,28,650000,0,user_4,709,709,
12473,29,630000,0,user_4,709,709,
12510,30,630000,0,user_27,709,709,
12486,31,420000,0,user_12,709,709,
12531,32,420000,0,user_47,709,709,
12507,33,370000,0,user_25,709,709,
12495,34,360000,4320000,user_21,709,709,
12519,35,360000,0,user_35,709,709,
12469,36,350000,0,user_0,709,709,
12488,37,350000,0,user_15,709,709,
12532,38,350000,0,user_49,709,709,
12471,39,320000,15700,user_2,709,709,
12482,40,260000,0,user_12,709,709,
12522,41,260000,0,user_41,709,709,
12478,42,240000,0,user_7,709,709,
12489,43,190000,0,user_16,709,709,
12499,44,190000,0,user_23,709,709,
12491,45,170000,285000,user_16,709,709,
12472,46,150000,769000,user_3,709,709,
12475,47,150000,0,user_4,709,709,
12497,48,120000,0,user_22,709,709,
12517,49,120000,0,user_34,709,709,
12529,50,120000,0,user_46,709,709,
12509,51,110000,0,user_26,709,709,
12528,52,100000,0,user_45,709,709,
12483,53,83000,0,user_12,709,709,
12496,54,79000,0,user_21,709,709,
12527,55,79000,0,user_44,709,709,
12511,56,77000,0,user_27,709,709,
12618,,3600000,0,user_0,710,,
12619,,310000,0,user_2,710,,
12620,,4500000,0,user_3,710,,
12621,,370000,0,user_4,710,,
12622,,1300000,0,user_5,710,,
12623,,80000,0,user_5,710,,
12624,,80000,0,user_5,710,,
12625,,1100000,0,user_5,710,,
12626,,190000,0,user_6,710,,
12627,,3500000,0,user_6,710,,
12628,,110000,0,user_7,710,,
12629,,1000000,0,user_7,710,,
12630,,87000,0,user_8,710,,
12631,,220000,0,user_9,710,,
12632,,420000,256000,user_10,710,,
12633,,4200000,0,user_11,710,,
12634,,600000,350000,user_12,710,,
12635,,240000,0,user_13,710,,
12636,,420000,0,user_14,710,,
12637,,84000,0,user_14,710,,
12638,,1100000,215000,user_16,710,,
12639,,310000,0,user_16,710,,
12640,,420000,0,user_17,710,,
12641,,370000,0,user_17,710,,
12642,,220000,0,user_18,710,,
12643,,1400000,0,user_19,710,,
12644,,370000,0,user_20,710,,
12645,,160000,0,user_21,710,,
12646,,1600000,0,user_22,710,,
12647,,73000,0,user_24,710,,
12648,,370000,0,user_25,710,,
12649,,1600000,0,user_26,710,,
12650,,260000,0,user_28,710,,
12651,,110000,0,user_29,710,,
12652,,79000,0,user_29,710,,
12653,,630000,0,user_30,710,,
12654,,98000,0,user_30,710,,
12655,,2500000,0,user_30,710,,
12656,,5000000,0,user_30,710,,
12657,,84000,34700,user_32,710,,
12658,,1800000,0,user_33,710,,
12659,,1000000,0,user_33,710,,
12660,,2600000,0,user_34,710,,
12661,,110000,0,user_35,710,,
12662,,130000,0,user_36,710,,
12663,,82000,0,user_38,710,,
12664,,260000,0,user_39,710,,
12665,,340000,0,user_40,710,,
12666,,2300000,146000,user_40,710,,
12667,,600000,594000,user_40,710,,
12668,,110000,0,user_42,710,,
12669,,2300000,0,user_43,710,,
12670,,1100000,0,user_43,710,,
12671,,300000,121000,user_44,710,,
12672,,300000,0,user_44,710,,
12673,,1000000,769000,user_44,710,,
12674,,220000,0,user_45,710,,
12675,,120000,0,user_45,710,,
12676,,460000,0,user_45,710,,
12677,,1900000,0,user_48,710,,
12656,0,5000000,0,user_30,710,710,
12620,1,4500000,0,user_3,710,710,
12633,2,4200000,0,user_11,710,710,
12618,3,3600000,0,user_0,710,710,
12627,4,3500000,0,user_6,710,710,
12660,5,2600000,0,user_34,710,710,
12655,6,2500000,0,user_30,710,710,
12666,7,2300000,146000,user_40,710,710,
12669,8,2300000,0,user_43,710,710,
12677,9,1900000,0,user_48,710,710,
12658,10,1800000,0,user_33,710,710,
12646,11,1600000,0,user_22,710,710,
12643,12,1400000,0,user_19,710,710,
12622,13,1300000,0,user_5,710,710,
12625,14,1100000,0,user_5,710,710,
12638,15,1100000,215000,user_16,710,710,
12670,16,1100000,0,user_43,710,710,
12629,17,1000000,0,user_7,710,710,
12659,18,1000000,0,user_33,710,710,
12673,19,1000000,769000,user_44,710,710,
12653,20,630000,0,user_30,710,710,
12667,21,600000,594000,user_40,710,710,
12676,22,460000,0,user_45,710,710,
12632,23,420000,256000,user_10,710,710,
12636,24,420000,0,user_14,710,710,
12640,25,420000,0,user_17,710,710,
12641,26,370000,0,user_17,710,710,
12644,27,370000,0,user_20,710,710,
12648,28,370000,0,user_25,710,710,
12665,29,340000,0,user_40,710,710,
12619,30,310000,0,user_2,710,710,
12639,31,310000,0,user_16,710,710,
12671,32,300000,121000,user_44,710,710,
12672,33,300000,0,user_44,710,710,
12635,34,240000,0,user_13,710,710,
12631,35,220000,0,user_9,710,710,
12642,36,220000,0,user_18,710,710,
12674,37,220000,0,user_45,710,710,
12626,38,190000,0,user_6,710,710,
12645,39,160000,0,user_21,710,710,
12662,40,130000,0,user_36,710,710,
12675,41,120000,0,user_45,710,710,
12628,42,110000,0,user_7,710,710,
12651,43,110000,0,user_29,710,710,
12661,44,110000,0,user_35,710,710,
12668,45,110000,0,user_42,710,710,
12654,46,98000,0,user_30,710,710,
12630,47,87000,0,user_8,710,710,
12637,48,84000,0,user_14,710,710,
12657,49,84000,34700,user_32,710,710,
12663,50,82000,0,user_38,710,710,
12623,51,80000,0,user_5,710,710,
12624,52,80000,0,user_5,710,710,
12652,53,79000,0,user_29,710,710,
12647,54,73000,0,user_24,710,710,
12737,,120000,67500,user_0,711,,
12738,,130000,0,user_1,711,,
12739,,85000,121000,user_2,711,,
12740,,1200000,0,user_3,711,,
12741,,2500000,0,user_4,711,,
12742,,2300000,0,user_5,711,,
12743,,600000,17000,user_5,711,,
12744,,160000,0,user_5,711,,
12745,,220000,0,user_6,711,,
12746,,150000,0,user_10,711,,
12747,,460000,67900,user_11,711,,
12748,,2400000,49100,user_12,711,,
12749,,530000,0,user_12,711,,
12750,,79000,0,user_15,711,,
12751,,650000,0,user_18,711,,
12752,,150000,0,user_19,711,,
12753,,1100000,0,user_20,711,,
12754,,670000,0,user_20,711,,
12755,,170000,0,user_21,711,,
12756,,240000,0,user_22,711,,
12757,,350000,13800,user_23,711,,
12758,,110000,0,user_23,711,,
12759,,98000,17000,user_25,711,,
12760,,470000,10700,user_26,711,,
12761,,2000000,0,user_28,711,,
12762,,470000,0,user_29,711,,
12763,,2100000,15700,user_29,711,,
12764,,1500000,11200,user_30,711,,
12765,,3600000,0,user_31,711,,
12766,,1900000,0,user_33,711,,
12767,,83000,0,user_34,711,,
12768,,120000,0,user_34,711,,
12769,,1800000,0,user_36,711,,
12770,,2000000,0,user_37,711,,
12771,,600000,0,user_38,711,,
12772,,650000,0,user_40,711,,
12773,,1400000,66100,user_41,711,,
12774,,85000,0,user_41,711,,
12775,,420000,0,user_41,711,,
12776,,4200000,0,user_41,711,,
12777,,5000000,0,user_44,711,,
12778,,150000,0,user_45,711,,
12779,,120000,0,user_47,711,,
12780,,3500000,0,user_48,711,,
12781,,460000,15300,user_49,711,,
12777,0,5000000,0,user_44,711,711,
12776,1,4200000,0,user_41,711,711,
12765,2,3600000,0,user_31,711,711,
12780,3,3500000,0,user_48,711,711,
12741,4,2500000,0,user_4,711,711,
12810,5,0,0,builder_3,711,711,12748
12748,6,2400000,49100,user_12,711,711,
12742,7,2300000,0,user_5,711,711,
12763,8,2100000,15700,user_29,711,711,
12811,9,0,0,builder_3,711,711,12763
12761,10,2000000,0,user_28,711,711,
12770,11,2000000,0,user_37,711,711,
12766,12,1900000,0,user_33,711,711,
12769,13,1800000,0,user_36,711,711,
12812,14,0,0,builder_3,711,711,12764
12764,15,1500000,11200,user_30,711,711,
12773,16,1400000,66100,user_41,711,711,
12813,17,0,0,builder_3,711,711,12773
12740,18,1200000,0,user_3,711,711,
12753,19,1100000,0,user_20,711,711,
12754,20,670000,0,user_20,711,711,
12751,21,650000,0,user_18,711,711,
12772,22,650000,0,user_40,711,711,
12814,23,0,0,builder_3,711,711,12743
12743,24,600000,17000,user_5,711,711,
12771,25,600000,0,user_38,711,711,
12749,26,530000,0,user_12,711,711,
12747,27,460000,67900,user_11,711,711,
12815,28,0,0,builder_3,711,711,12747
12816,29,0,0,builder_3,711,711,12760
12760,30,470000,10700,user_26,711,711,
12817,31,0,0,builder_3,711,711,12781
12781,32,460000,15300,user_49,711,711,
12762,33,470000,0,user_29,711,711,
12775,34,420000,0,user_41,711,711,
12757,35,350000,13800,user_23,711,711,
12818,36,0,0,builder_3,711,711,12757
12756,37,240000,0,user_22,711,711,
12819,38,0,0,builder_3,711,711,12739
12739,39,85000,121000,user_2,711,711,
12737,40,120000,67500,user_0,711,711,
12820,41,0,0,builder_3,711,711,12737
12755,42,170000,0,user_21,711,711,
12744,43,160000,0,user_5,711,711,
12746,44,150000,0,user_10,711,711,
12752,45,150000,0,user_19,711,711,
12778,46,150000,0,user_45,711,711,
12768,47,120000,0,user_34,711,711,
12779,48,120000,0,user_47,711,711,
12758,49,110000,0,user_23,711,711,
12774,50,85000,0,user_41,711,711,
12767,51,83000,0,user_34,711,711,
12750,52,79000,0,user_15,711,711,
12868,,910000,0,user_0,712,,
12869,,30000000,350000,user_0,712,,
12870,,340000,0,user_1,712,,
12871,,150000,0,user_2,712,,
12872,,310000,0,user_3,712,,
12873,,110000,0,user_4,712,,
12874,,2600000,0,user_4,712,,
12875,,530000,181000,user_5,712,,
12876,,1300000,121000,user_6,712,,
12877,,6300000,0,user_6,712,,
12878,,310000,0,user_6,712,,
12879,,84000,0,user_7,712,,
12880,,1000000,0,user_8,712,,
12881,,2400000,0,user_9,712,,
12882,,1100000,0,user_10,712,,
12883,,1500000,0,user_10,712,,
12884,,1300000,0,user_13,712,,
12885,,2400000,0,user_15,712,,
12886,,1600000,0,user_15,712,,
12887,,5000000,0,user_16,712,,
12888,,470000,4320000,user_17,712,,
12889,,350000,0,user_21,712,,
12890,,2500000,19700,user_21,712,,
12891,,82000,0,user_21,712,,
12892,,470000,17700000,user_21,712,,
12893,,1300000,0,user_22,712,,
12894,,160000,0,user_24,712,,
12895,,240000,17000,user_24,712,,
12896,,19000000,0,user_25,712,,
12897,,870000,0,user_25,712,,
12898,,600000,11200,user_26,712,,
12899,,80000,0,user_27,712,,
12900,,260000,0,user_28,712,,
12901,,85000,8520,user_29,712,,
12902,,110000,3130,user_29,712,,
12903,,1100000,594000,user_29,712,,
12904,,110000,0,user_29,712,,
12905,,160000,0,user_29,712,,
12906,,2100000,7190000,user_30,712,,
12907,,650000,0,user_31,712,,
12908,,160000,84800,user_32,712,,
12909,,3200000,0,user_32,712,,
12910,,110000,21800,user_33,712,,
12911,,1900000,0,user_34,712,,
12912,,2000000,71800,user_34,712,,
12913,,340000,0,user_35,712,,
12914,,870000,0,user_36,712,,
12915,,670000,769000,user_37,712,,
12916,,360000,0,user_37,712,,
12917,,80000,0,user_37,712,,
12918,,350000,21800,user_39,712,,
12919,,370000,0,user_40,712,,
12920,,350000,0,user_41,712,,
12921,,80000,0,user_41,712,,
12922,,1500000,0,user_43,712,,
12923,,460000,0,user_43,712,,
12924,,340000,0,user_44,712,,
12925,,320000,0,user_45,712,,
12926,,110000,0,user_45,712,,
12927,,910000,0,user_46,712,,
12869,0,30000000,350000,user_0,712,712,
12981,1,0,0,builder_4,712,712,12869
12896,2,19000000,0,user_25,712,712,
12892,3,470000,17700000,user_21,712,712,
12982,4,0,0,builder_4,712,712,12892
12983,5,0,0,builder_4,712,712,12906
12906,6,2100000,7190000,user_30,712,712,
12877,7,6300000,0,user_6,712,712,
12887,8,5000000,0,user_16,712,712,
12888,9,470000,4320000,user_17,712,712,
12984,10,0,0,builder_4,712,712,12888
12909,11,3200000,0,user_32,712,712,
12874,12,2600000,0,user_4,712,712,
12985,13,0,0,builder_4,712,712,12890
12890,14,2500000,19700,user_21,712,712,
12881,15,2400000,0,user_9,712,712,
12986,16,0,0,builder_4,712,712,12912
12912,17,2000000,71800,user_34,712,712,
12911,18,1900000,0,user_34,712,712,
12987,19,0,0,builder_4,712,712,12903
12903,20,1100000,594000,user_29,712,712,
12883,21,1500000,0,user_10,712,712,
12922,22,1500000,0,user_43,712,712,
12915,23,670000,769000,user_37,712,712,
12988,24,0,0,builder_4,712,712,12915
12876,25,1300000,121000,user_6,712,712,
12989,26,0,0,builder_4,712,712,12876
12884,27,1300000,0,user_13,712,712,
12893,28,1300000,0,user_22,712,712,
12882,29,1100000,0,user_10,712,712,
12880,30,1000000,0,user_8,712,712,
12868,31,910000,0,user_0,712,712,
12927,32,910000,0,user_46,712,712,
12897,33,870000,0,user_25,712,712,
12914,34,870000,0,user_36,712,712,
12907,35,650000,0,user_31,712,712,
12898,36,600000,11200,user_26,712,712,
12990,37,0,0,builder_4,712,712,12898
12923,38,460000,0,user_43,712,712,
12919,39,370000,0,user_40,712,712,
12916,40,360000,0,user_37,712,712,
12889,41,350000,0,user_21,712,712,
12920,42,350000,0,user_41,712,712,
12870,43,340000,0,user_1,712,712,
12913,44,340000,0,user_35,712,712,
12924,45,340000,0,user_44,712,712,
12925,46,320000,0,user_45,712,712,
12872,47,310000,0,user_3,712,712,
12878,48,310000,0,user_6,712,712,
12900,49,260000,0,user_28,712,712,
12895,50,240000,17000,user_24,712,712,
12991,51,0,0,builder_4,712,712,12895
12908,52,160000,84800,user_32,712,712,
12992,53,0,0,builder_4,712,712,12908
12894,54,160000,0,user_24,712,712,
12905,55,160000,0,user_29,712,712,
12871,56,150000,0,user_2,712,712,
12993,57,0,0,builder_4,712,712,12910
12910,58,110000,21800,user_33,712,712,
12902,59,110000,3130,user_29,712,712,
12994,60,0,0,builder_4,712,712,12902
12873,61,110000,0,user_4,712,712,
12904,62,110000,0,user_29,712,712,
12926,63,110000,0,user_45,712,712,
12995,64,0,0,builder_4,712,712,12901
12901,65,85000,8520,user_29,712,712,
12891,66,82000,0,user_21,712,712,
12899,67,80000,0,user_27,712,712,
12917,68,80000,0,user_37,712,712,
12921,69,80000,0,user_41,712,712,
13046,,110000,0,user_1,713,,
13047,,43000000,30200,user_1,713,,
13048,,260000,0,user_2,713,,
13049,,660000,0,user_4,713,,
13050,,110000,0,user_5,713,,
13051,,360000,0,user_9,713,,
13052,,110000,0,user_10,713,,
13053,,2000000,64600,user_11,713,,
13054,,170000,73100,user_13,713,,
13055,,1500000,0,user_14,713,,
13056,,470000,0,user_15,713,,
13057,,120000,0,user_16,713,,
13058,,870000,0,user_17,713,,
13059,,110000,0,user_18,713,,
13060,,2000000,0,user_18,713,,
13061,,1600000,769000,user_19,713,,
13062,,1200000,39400,user_20,713,,
13063,,79000,0,user_22,713,,
13064,,910000,0,user_24,713,,
13065,,98000,0,user_25,713,,
13066,,6300000,5180,user_26,713,,
13067,,1100000,256000,user_28,713,,
13068,,530000,0,user_28,713,,
13069,,220000,0,user_29,713,,
13070,,970000,0,user_29,713,,
13071,,110000,0,user_29,713,,
13072,,150000,510000,user_29,713,,
13073,,310000,256000,user_30,713,,
13074,,1000000,0,user_31,713,,
13075,,2500000,0,user_34,713,,
13076,,1500000,0,user_35,713,,
13077,,1100000,0,user_36,713,,
13078,,84000,0,user_36,713,,
13079,,2000000,24700,user_38,713,,
13080,,870000,0,user_38,713,,
13081,,1500000,0,user_39,713,,
13082,,190000,0,user_41,713,,
13083,,120000,0,user_41,713,,
13084,,2300000,17700000,user_43,713,,
13085,,310000,0,user_43,713,,
13086,,220000,7190000,user_43,713,,
13087,,2000000,0,user_43,713,,
13088,,630000,0,user_45,713,,
13089,,1600000,43600,user_46,713,,
13090,,82000,0,user_48,713,,
13047,0,43000000,30200,user_1,713,713,
13091,1,0,0,builder_0,713,713,13047
13084,2,2300000,17700000,user_43,713,713,
13092,3,0,0,builder_0,713,713,13084
13093,4,0,0,builder_0,713,713,13086
13086,5,220000,7190000,user_43,713,713,
13066,6,6300000,5180,user_26,713,713,
13094,7,0,0,builder_0,713,713,13066
13061,8,1600000,769000,user_19,713,713,
13095,9,0,0,builder_0,713,713,13061
13096,10,0,0,builder_0,713,713,13053
13053,11,2000000,64600,user_11,713,713,
13079,12,2000000,24700,user_38,713,713,
13097,13,0,0,builder_0,713,713,13079
13060,14,2000000,0,user_18,713,713,
13087,15,2000000,0,user_43,713,713,
13089,16,1600000,43600,user_46,713,713,
13098,17,0,0,builder_0,713,713,13089
13055,18,1500000,0,user_14,713,713,
13076,19,1500000,0,user_35,713,713,
13067,20,1100000,256000,user_28,713,713,
13099,21,0,0,builder_0,713,713,13067
13100,22,0,0,builder_0,713,713,13062
13062,23,1200000,39400,user_20,713,713,
13077,24,1100000,0,user_36,713,713,
13074,25,1000000,0,user_31,713,713,
13070,26,970000,0,user_29,713,713,
13058,27,870000,0,user_17,713,713,
13080,28,870000,0,user_38,713,713,
13101,29,0,0,builder_0,713,713,13072
13072,30,150000,510000,user_29,713,713,
13073,31,310000,256000,user_30,713,713,
13102,32,0,0,builder_0,713,713,13073
13068,33,530000,0,user_28,713,713,
13051,34,360000,0,user_9,713,713,
13085,35,310000,0,user_43,713,713,
13048,36,260000,0,user_2,713,713,
13103,37,0,0,builder_0,713,713,13054
13054,38,170000,73100,user_13,713,713,
13069,39,220000,0,user_29,713,713,
13082,40,190000,0,user_41,713,713,
13057,41,120000,0,user_16,713,713,
13083,42,120000,0,user_41,713,713,
13046,43,110000,0,user_1,713,713,
13052,44,110000,0,user_10,713,713,
13059,45,110000,0,user_18,713,713,
13071,46,110000,0,user_29,713,713,
13065,47,98000,0,user_25,713,713,
13078,48,84000,0,user_36,713,713,
13090,49,82000,0,user_48,713,713,
13063,50,79000,0,user_22,713,713,
13179,,150000,296000,user_1,714,,
13180,,650000,0,user_2,714,,
13181,,300000,231000,user_3,714,,
13182,,1900000,0,user_3,714,,
13183,,5200000,0,user_3,714,,
13184,,1600000,0,user_4,714,,
13185,,650000,0,user_4,714,,
13186,,2500000,0,user_8,714,,
13187,,340000,0,user_8,714,,
13188,,130000,0,user_9,714,,
13189,,5000000,0,user_11,714,,
13190,,150000,0,user_13,714,,
13191,,1000000,0,user_14,714,,
13192,,160000,0,user_15,714,,
13193,,150000,0,user_15,714,,
13194,,1800000,0,user_16,714,,
13195,,310000,0,user_17,714,,
13196,,2400000,0,user_18,714,,
13197,,1400000,0,user_19,714,,
13198,,460000,0,user_19,714,,
13199,,460000,0,user_20,714,,
13200,,2000000,73100,user_20,714,,
13201,,110000,350000,user_21,714,,
13202,,310000,0,user_21,714,,
13203,,2400000,0,user_22,714,,
13204,,30000000,0,user_25,714,,
13205,,110000,0,user_26,714,,
13206,,2500000,0,user_27,714,,
13207,,1600000,47700,user_28,714,,
13208,,130000,0,user_29,714,,
13209,,160000,155000,user_29,714,,
13210,,910000,0,user_29,714,,
13211,,1200000,0,user_29,714,,
13212,,220000,0,user_30,714,,
13213,,1500000,0,user_30,714,,
13214,,240000,24700,user_31,714,,
13215,,4500000,0,user_31,714,,
13216,,170000,0,user_31,714,,
13217,,84000,594000,user_31,714,,
13218,,27000000,0,user_31,714,,
13219,,310000,0,user_32,714,,
13220,,120000,0,user_32,714,,
13221,,43000000,5640,user_33,714,,
13222,,3500000,0,user_34,714,,
13223,,1000000,0,user_34,714,,
13224,,1600000,0,user_35,714,,
13225,,5000000,0,user_35,714,,
13226,,4200000,0,user_36,714,,
13227,,600000,0,user_38,714,,
13228,,83000,0,user_39,714,,
13229,,6300000,0,user_40,714,,
13230,,3500000,0,user_40,714,,
13231,,170000,0,user_40,714,,
13232,,79000,0,user_40,714,,
13233,,1600000,0,user_41,714,,
13234,,170000,0,user_41,714,,
13235,,120000,0,user_44,714,,
13236,,3600000,0,user_44,714,,
13237,,3600000,0,user_44,714,,
13238,,350000,0,user_45,714,,
13239,,310000,0,user_46,714,,
13240,,19000000,0,user_46,714,,
13241,,350000,322000,user_47,714,,
13242,,630000,0,user_48,714,,
13243,,1600000,0,user_49,714,,
13221,0,43000000,5640,user_33,714,714,
13275,1,0,0,builder_4,714,714,13221
13204,2,30000000,0,user_25,714,714,
13218,3,27000000,0,user_31,714,714,
13240,4,19000000,0,user_46,714,714,
13229,5,6300000,0,user_40,714,714,
13183,6,5200000,0,user_3,714,714,
13189,7,5000000,0,user_11,714,714,
13225,8,5000000,0,user_35,714,714,
13215,9,4500000,0,user_31,714,714,
13226,10,4200000,0,user_36,714,714,
13236,11,3600000,0,user_44,714,714,
13237,12,3600000,0,user_44,714,714,
13222,13,3500000,0,user_34,714,714,
13230,14,3500000,0,user_40,714,714,
13186,15,2500000,0,user_8,714,714,
13206,16,2500000,0,user_27,714,714,
13196,17,2400000,0,user_18,714,714,
13203,18,2400000,0,user_22,714,714,
13200,19,2000000,73100,user_20,714,714,
13276,20,0,0,builder_4,714,714,13200
13182,21,1900000,0,user_3,714,714,
13194,22,1800000,0,user_16,714,714,
13277,23,0,0,builder_4,714,714,13207
13207,24,1600000,47700,user_28,714,714,
13184,25,1600000,0,user_4,714,714,
13224,26,1600000,0,user_35,714,714,
13233,27,1600000,0,user_41,714,714,
13243,28,1600000,0,user_49,714,714,
13213,29,1500000,0,user_30,714,714,
13197,30,1400000,0,user_19,714,714,
13211,31,1200000,0,user_29,714,714,
13191,32,1000000,0,user_14,714,714,
13223,33,1000000,0,user_34,714,714,
13210,34,910000,0,user_29,714,714,
13278,35,0,0,builder_4,714,714,13217
13217,36,84000,594000,user_31,714,714,
13180,37,650000,0,user_2,714,714,
13185,38,650000,0,user_4,714,714,
13242,39,630000,0,user_48,714,714,
13227,40,600000,0,user_38,714,714,
13279,41,0,0,builder_4,714,714,13181
13181,42,300000,231000,user_3,714,714,
13198,43,460000,0,user_19,714,714,
13199,44,460000,0,user_20,714,714,
13280,45,0,0,builder_4,714,714,13201
13201,46,110000,350000,user_21,714,714,
13179,47,150000,296000,user_1,714,714,
13281,48,0,0,builder_4,714,714,13179
13238,49,350000,0,user_45,714,714,
13187,50,340000,0,user_8,714,714,
13282,51,0,0,builder_4,714,714,13209
13209,52,160000,155000,user_29,714,714,
13195,53,310000,0,user_17,714,714,
13202,54,310000,0,user_21,714,714,
13219,55,310000,0,user_32,714,714,
13239,56,310000,0,user_46,714,714,
13214,57,240000,24700,user_31,714,714,
13283,58,0,0,builder_4,714,714,13214
13212,59,220000,0,user_30,714,714,
13216,60,170000,0,user_31,714,714,
13231,61,170000,0,user_40,714,714,
13234,62,170000,0,user_41,714,714,
13190,63,150000,0,user_13,714,714,
13188,64,130000,0,user_9,714,714,
13208,65,130000,0,user_29,714,714,
13220,66,120000,0,user_32,714,714,
13235,67,120000,0,user_44,714,714,
13205,68,110000,0,user_26,714,714,
13232,69,79000,0,user_40,714,714,
13314,,220000,0,user_1,715,,
13315,,160000,0,user_2,715,,
13316,,120000,0,user_3,715,,
13317,,110000,0,user_4,715,,
13318,,1200000,0,user_5,715,,
13319,,460000,0,user_6,715,,
13320,,82000,0,user_6,715,,
13321,,170000,410000,user_7,715,,
13322,,87000,0,user_8,715,,
13323,,160000,0,user_9,715,,
13324,,220000,0,user_9,715,,
13325,,84000,33100,user_11,715,,
13326,,310000,0,user_12,715,,
13327,,350000,0,user_12,715,,
13328,,110000,0,user_14,715,,
13329,,1200000,0,user_14,715,,
13330,,120000,0,user_15,715,,
13331,,80000,0,user_17,715,,
13332,,30000000,68100,user_17,715,,
13333,,260000,0,user_18,715,,
13334,,84000,0,user_19,715,,
13335,,160000,0,user_21,715,,
13336,,120000,0,user_22,715,,
13337,,85000,0,user_22,715,,
13338,,170000,0,user_23,715,,
13339,,2600000,0,user_24,715,,
13340,,1300000,0,user_27,715,,
13341,,630000,0,user_30,715,,
13342,,190000,0,user_31,715,,
13343,,910000,0,user_31,715,,
13344,,170000,0,user_32,715,,
13345,,120000,0,user_34,715,,
13346,,870000,0,user_35,715,,
13347,,5000000,0,user_37,715,,
13348,,43000000,128000,user_38,715,,
13349,,77000,0,user_38,715,,
13350,,600000,0,user_38,715,,
13351,,470000,350000,user_39,715,,
13352,,1100000,0,user_41,715,,
13353,,30000000,121000,user_42,715,,
13354,,460000,0,user_43,715,,
13355,,5000000,0,user_43,715,,
13356,,150000,0,user_44,715,,
13357,,85000,0,user_45,715,,
13358,,83000,0,user_46,715,,
13359,,110000,381000,user_47,715,,
13360,,3500000,181000,user_48,715,,
13387,0,0,0,builder_4,715,715,13348
13348,1,43000000,128000,user_38,715,715,
13388,2,0,0,builder_4,715,715,13353
13353,3,30000000,121000,user_42,715,715,
13332,4,30000000,68100,user_17,715,715,
13389,5,0,0,builder_4,715,715,13332
13347,6,5000000,0,user_37,715,715,
13355,7,5000000,0,user_43,715,715,
13390,8,0,0,builder_4,715,715,13360
13360,9,3500000,181000,user_48,715,715,
13339,10,2600000,0,user_24,715,715,
13340,11,1300000,0,user_27,715,715,
13329,12,1200000,0,user_14,715,715,
13352,13,1100000,0,user_41,715,715,
13343,14,910000,0,user_31,715,715,
13346,15,870000,0,user_35,715,715,
13341,16,630000,0,user_30,715,715,
13350,17,600000,0,user_38,715,715,
13319,18,460000,0,user_6,715,715,
13354,19,460000,0,user_43,715,715,
13327,20,350000,0,user_12,715,715,
13326,21,310000,0,user_12,715,715,
13333,22,260000,0,user_18,715,715,
13314,23,220000,0,user_1,715,715,
13324,24,220000,0,user_9,715,715,
13342,25,190000,0,user_31,715,715,
13338,26,170000,0,user_23,715,715,
13344,27,170000,0,user_32,715,715,
13315,28,160000,0,user_2,715,715,
13323,29,160000,0,user_9,715,715,
13335,30,160000,0,user_21,715,715,
13356,31,150000,0,user_44,715,715,
13316,32,120000,0,user_3,715,715,
13336,33,120000,0,user_22,715,715,
13345,34,120000,0,user_34,715,715,
13391,35,0,0,builder_4,715,715,13325
13325,36,84000,33100,user_11,715,715,
13317,37,110000,0,user_4,715,715,
13328,38,110000,0,user_14,715,715,
13322,39,87000,0,user_8,715,715,
13337,40,85000,0,user_22,715,715,
13357,41,85000,0,user_45,715,715,
13334,42,84000,0,user_19,715,715,
13358,43,83000,0,user_46,715,715,
13320,44,82000,0,user_6,715,715,
13331,45,80000,0,user_17,715,715,
13349,46,77000,0,user_38,715,715,
13414,,1100000,0,user_1,716,,
13415,,77000,0,user_4,716,,
13416,,85000,0,user_5,716,,
13417,,1800000,16400,user_5,716,,
13418,,2600000,0,user_7,716,,
13419,,83000,0,user_10,716,,
13420,,120000,0,user_11,716,,
13421,,910000,283000,user_12,716,,
13422,,84000,0,user_12,716,,
13423,,1300000,0,user_12,716,,
13424,,110000,0,user_12,716,,
13425,,19000000,0,user_12,716,,
13426,,85000,0,user_13,716,,
13427,,84000,0,user_18,716,,
13428,,2000000,0,user_18,716,,
13429,,3500000,0,user_19,716,,
13430,,110000,0,user_19,716,,
13431,,1100000,0,user_20,716,,
13432,,1900000,350000,user_21,716,,
13433,,110000,0,user_22,716,,
13434,,1500000,0,user_23,716,,
13435,,120000,0,user_25,716,,
13436,,73000,0,user_25,716,,
13437,,670000,13900,user_25,716,,
13438,,19000000,0,user_26,716,,
13439,,82000,0,user_26,716,,
13440,,1600000,0,user_27,716,,
13441,,360000,0,user_27,716,,
13442,,30000000,0,user_27,716,,
13443,,120000,16400,user_27,716,,
13444,,3500000,0,user_27,716,,
13445,,83000,5630,user_28,716,,
13446,,470000,0,user_28,716,,
13447,,460000,0,user_29,716,,
13448,,1000000,0,user_30,716,,
13449,,120000,0,user_31,716,,
13450,,2000000,510000,user_32,716,,
13451,,160000,0,user_32,716,,
13452,,150000,0,user_32,716,,
13453,,160000,0,user_32,716,,
13454,,2600000,34700,user_34,716,,
13455,,910000,0,user_34,716,,
13456,,260000,0,user_35,716,,
13457,,150000,0,user_35,716,,
13458,,1100000,64600,user_36,716,,
13459,,120000,0,user_37,716,,
13460,,150000,0,user_38,716,,
13461,,1400000,33300,user_39,716,,
13462,,970000,0,user_39,716,,
13463,,2000000,0,user_40,716,,
13464,,3200000,31700,user_40,716,,
13465,,160000,0,user_41,716,,
13466,,77000,33300,user_41,716,,
13467,,30000000,42000,user_41,716,,
13468,,2000000,0,user_41,716,,
13469,,170000,0,user_43,716,,
13470,,4200000,0,user_45,716,,
13471,,120000,0,user_45,716,,
13472,,160000,155000,user_46,716,,
13473,,160000,15100,user_48,716,,
13474,,1100000,0,user_49,716,,
13475,,1200000,0,user_49,716,,
13467,0,30000000,42000,user_41,716,716,
13523,1,0,0,builder_4,716,716,13467
13442,2,30000000,0,user_27,716,716,
13425,3,19000000,0,user_12,716,716,
13438,4,19000000,0,user_26,716,716,
13470,5,4200000,0,user_45,716,716,
13429,6,3500000,0,user_19,716,716,
13444,7,3500000,0,user_27,716,716,
13524,8,0,0,builder_4,716,716,13464
13464,9,3200000,31700,user_40,716,716,
13454,10,2600000,34700,user_34,716,716,
13525,11,0,0,builder_4,716,716,13454
13450,12,2000000,510000,user_32,716,716,
13526,13,0,0,builder_4,716,716,13450
13527,14,0,0,builder_4,716,716,13432
13432,15,1900000,350000,user_21,716,716,
13428,16,2000000,0,user_18,716,716,
13463,17,2000000,0,user_40,716,716,
13468,18,2000000,0,user_41,716,716,
13440,19,1600000,0,user_27,716,716,
13434,20,1500000,0,user_23,716,716,
13423,21,1300000,0,user_12,716,716,
13475,22,1200000,0,user_49,716,716,
13421,23,910000,283000,user_12,716,716,
13528,24,0,0,builder_4,716,716,13421
13458,25,1100000,64600,user_36,716,716,
13529,26,0,0,builder_4,716,716,13458
13414,27,1100000,0,user_1,716,716,
13431,28,1100000,0,user_20,716,716,
13474,29,1100000,0,user_49,716,716,
13448,30,1000000,0,user_30,716,716,
13455,31,910000,0,user_34,716,716,
13437,32,670000,13900,user_25,716,716,
13530,33,0,0,builder_4,716,716,13437
13446,34,470000,0,user_28,716,716,
13447,35,460000,0,user_29,716,716,
13441,36,360000,0,user_27,716,716,
13531,37,0,0,builder_4,716,716,13472
13472,38,160000,155000,user_46,716,716,
13456,39,260000,0,user_35,716,716,
13532,40,0,0,builder_4,716,716,13473
13473,41,160000,15100,user_48,716,716,
13469,42,170000,0,user_43,716,716,
13451,43,160000,0,user_32,716,716,
13453,44,160000,0,user_32,716,716,
13465,45,160000,0,user_41,716,716,
13452,46,150000,0,user_32,716,716,
13457,47,150000,0,user_35,716,716,
13460,48,150000,0,user_38,716,716,
13443,49,120000,16400,user_27,716,716,
13533,50,0,0,builder_4,716,716,13443
13420,51,120000,0,user_11,716,716,
13435,52,120000,0,user_25,716,716,
13449,53,120000,0,user_31,716,716,
13459,54,120000,0,user_37,716,716,
13471,55,120000,0,user_45,716,716,
13534,56,0,0,builder_4,716,716,13466
13466,57,77000,33300,user_41,716,716,
13424,58,110000,0,user_12,716,716,
13430,59,110000,0,user_19,716,716,
13433,60,110000,0,user_22,716,716,
13445,61,83000,5630,user_28,716,716,
13535,62,0,0,builder_4,716,716,13445
13426,63,85000,0,user_13,716,716,
13422,64,84000,0,user_12,716,716,
13427,65,84000,0,user_18,716,716,
13419,66,83000,0,user_10,716,716,
13439,67,82000,0,user_26,716,716,
13415,68,77000,0,user_4,716,716,
13436,69,73000,0,user_25,716,716,
13584,,2500000,0,user_0,717,,
13585,,240000,0,user_2,717,,
13586,,98000,0,user_4,717,,
13587,,260000,0,user_6,717,,
13588,,130000,0,user_7,717,,
13589,,470000,0,user_11,717,,
13590,,1100000,0,user_11,717,,
13591,,870000,0,user_12,717,,
13592,,1100000,0,user_13,717,,
13593,,300000,0,user_13,717,,
13594,,110000,0,user_14,717,,
13595,,6300000,0,user_15,717,,
13596,,370000,0,user_17,717,,
13597,,1300000,13800,user_19,717,,
13598,,150000,0,user_20,717,,
13599,,630000,0,user_21,717,,
13600,,43000000,0,user_21,717,,
13601,,160000,350000,user_22,717,,
13602,,260000,5640,user_23,717,,
13603,,83000,0,user_24,717,,
13604,,460000,0,user_25,717,,
13605,,220000,0,user_26,717,,
13606,,260000,21800,user_26,717,,
13607,,1800000,0,user_28,717,,
13608,,110000,0,user_30,717,,
13609,,150000,0,user_30,717,,
13610,,1000000,0,user_32,717,,
13611,,82000,0,user_32,717,,
13612,,670000,0,user_33,717,,
13613,,1600000,0,user_34,717,,
13614,,160000,0,user_34,717,,
13615,,460000,0,user_36,717,,
13616,,1200000,0,user_37,717,,
13617,,130000,0,user_38,717,,
13618,,1000000,0,user_40,717,,
13619,,310000,0,user_41,717,,
13620,,1000000,0,user_41,717,,
13621,,1400000,0,user_41,717,,
13622,,260000,7190000,user_41,717,,
13623,,1800000,0,user_41,717,,
13624,,170000,0,user_43,717,,
13625,,470000,49100,user_44,717,,
13626,,2000000,0,user_45,717,,
13627,,530000,17000,user_47,717,,
13628,,6300000,283000,user_47,717,,
13629,,1400000,0,user_48,717,,
13630,,670000,5180,user_49,717,,
13600,0,43000000,0,user_21,717,717,
13631,1,0,0,builder_0,717,717,13622
13622,2,260000,7190000,user_41,717,717,
13632,3,0,0,builder_0,717,717,13628
13628,4,6300000,283000,user_47,717,717,
13584,5,2500000,0,user_0,717,717,
13607,6,1800000,0,user_28,717,717,
13623,7,1800000,0,user_41,717,717,
13621,8,1400000,0,user_41,717,717,
13629,9,1400000,0,user_48,717,717,
13633,10,0,0,builder_0,717,717,13597
13597,11,1300000,13800,user_19,717,717,
13616,12,1200000,0,user_37,717,717,
13590,13,1100000,0,user_11,717,717,
13592,14,1100000,0,user_13,717,717,
13610,15,1000000,0,user_32,717,717,
13618,16,1000000,0,user_40,717,717,
13620,17,1000000,0,user_41,717,717,
13634,18,0,0,builder_0,717,717,13630
13630,19,670000,5180,user_49,717,717,
13612,20,670000,0,user_33,717,717,
13599,21,630000,0,user_21,717,717,
13635,22,0,0,builder_0,717,717,13627
13627,23,530000,17000,user_47,717,717,
13636,24,0,0,builder_0,717,717,13625
13625,25,470000,49100,user_44,717,717,
13601,26,160000,350000,user_22,717,717,
13637,27,0,0,builder_0,717,717,13601
13589,28,470000,0,user_11,717,717,
13604,29,460000,0,user_25,717,717,
13615,30,460000,0,user_36,717,717,
13596,31,370000,0,user_17,717,717,
13619,32,310000,0,user_41,717,717,
13593,33,300000,0,user_13,717,717,
13638,34,0,0,builder_0,717,717,13606
13606,35,260000,21800,user_26,717,717,
13602,36,260000,5640,user_23,717,717,
13639,37,0,0,builder_0,717,717,13602
13587,38,260000,0,user_6,717,717,
13585,39,240000,0,user_2,717,717,
13605,40,220000,0,user_26,717,717,
13624,41,170000,0,user_43,717,717,
13598,42,150000,0,user_20,717,717,
13609,43,150000,0,user_30,717,717,
13588,44,130000,0,user_7,717,717,
13617,45,130000,0,user_38,717,717,
13594,46,110000,0,user_14,717,717,
13608,47,110000,0,user_30,717,717,
13611,48,82000,0,user_32,717,717,
13692,,2100000,0,user_1,718,,
13693,,150000,0,user_5,718,,
13694,,1300000,0,user_7,718,,
13695,,870000,0,user_9,718,,
13696,,1500000,0,user_10,718,,
13697,,170000,0,user_13,718,,
13698,,1400000,0,user_14,718,,
13699,,2600000,15100,user_14,718,,
13700,,1500000,0,user_15,718,,
13701,,1300000,0,user_15,718,,
13702,,170000,0,user_16,718,,
13703,,5000000,0,user_17,718,,
13704,,120000,0,user_17,718,,
13705,,660000,959000,user_18,718,,
13706,,77000,0,user_19,718,,
13707,,43000000,0,user_20,718,,
13708,,6300000,0,user_21,718,,
13709,,460000,0,user_22,718,,
13710,,1900000,0,user_23,718,,
13711,,4200000,0,user_24,718,,
13712,,260000,0,user_24,718,,
13713,,80000,0,user_26,718,,
13714,,350000,545000,user_27,718,,
13715,,79000,0,user_28,718,,
13716,,1000000,0,user_30,718,,
13717,,3600000,0,user_30,718,,
13718,,1400000,0,user_30,718,,
13719,,2000000,0,user_30,718,,
13720,,260000,0,user_31,718,,
13721,,1800000,0,user_31,718,,
13722,,4200000,0,user_32,718,,
13723,,150000,0,user_32,718,,
13724,,310000,0,user_33,718,,
13725,,160000,0,user_33,718,,
13726,,1500000,0,user_36,718,,
13727,,80000,0,user_37,718,,
13728,,2500000,0,user_37,718,,
13729,,2000000,71800,user_38,718,,
13730,,310000,510000,user_39,718,,
13731,,2600000,0,user_40,718,,
13732,,340000,0,user_41,718,,
13733,,260000,0,user_42,718,,
13734,,87000,0,user_42,718,,
13735,,360000,0,user_44,718,,
13736,,360000,0,user_47,718,,
13737,,220000,0,user_49,718,,
13738,,350000,0,user_49,718,,
13739,,120000,71800,user_49,718,,
13740,,350000,0,user_49,718,,
13707,0,43000000,0,user_20,718,718,
13708,1,6300000,0,user_21,718,718,
13703,2,5000000,0,user_17,718,718,
13711,3,4200000,0,user_24,718,718,
13722,4,4200000,0,user_32,718,718,
13717,5,3600000,0,user_30,718,718,
13756,6,0,0,builder_3,718,718,13699
13699,7,2600000,15100,user_14,718,718,
13731,8,2600000,0,user_40,718,718,
13728,9,2500000,0,user_37,718,718,
13729,10,2000000,71800,user_38,718,718,
13757,11,0,0,builder_3,718,718,13729
13719,12,2000000,0,user_30,718,718,
13710,13,1900000,0,user_23,718,718,
13721,14,1800000,0,user_31,718,718,
13758,15,0,0,builder_3,718,718,13705
13705,16,660000,959000,user_18,718,718,
13696,17,1500000,0,user_10,718,718,
13700,18,1500000,0,user_15,718,718,
13726,19,1500000,0,user_36,718,718,
13698,20,1400000,0,user_14,718,718,
13718,21,1400000,0,user_30,718,718,
13694,22,1300000,0,user_7,718,718,
13701,23,1300000,0,user_15,718,718,
13716,24,1000000,0,user_30,718,718,
13759,25,0,0,builder_3,718,718,13730
13730,26,310000,510000,user_39,718,718,
13709,27,460000,0,user_22,718,718,
13735,28,360000,0,user_44,718,718,
13736,29,360000,0,user_47,718,718,
13738,30,350000,0,user_49,718,718,
13740,31,350000,0,user_49,718,718,
13732,32,340000,0,user_41,718,718,
13724,33,310000,0,user_33,718,718,
13712,34,260000,0,user_24,718,718,
13720,35,260000,0,user_31,718,718,
13733,36,260000,0,user_42,718,718,
13737,37,220000,0,user_49,718,718,
13739,38,120000,71800,user_49,718,718,
13760,39,0,0,builder_3,718,718,13739
13697,40,170000,0,user_13,718,718,
13725,41,160000,0,user_33,718,718,
13693,42,150000,0,user_5,718,718,
13723,43,150000,0,user_32,718,718,
13704,44,120000,0,user_17,718,718,
13734,45,87000,0,user_42,718,718,
13713,46,80000,0,user_26,718,718,
13727,47,80000,0,user_37,718,718,
13715,48,79000,0,user_28,718,718,
13706,49,77000,0,user_19,718,718,
13786,,160000,0,user_2,719,,
13787,,340000,0,user_2,719,,
13788,,420000,0,user_2,719,,
13789,,6100000,0,user_2,719,,
13790,,2100000,84800,user_2,719,,
13791,,460000,0,user_4,719,,
13792,,120000,0,user_6,719,,
13793,,27000000,0,user_7,719,,
13794,,87000,0,user_9,719,,
13795,,85000,0,user_10,719,,
13796,,1100000,0,user_11,719,,
13797,,100000,0,user_12,719,,
13798,,1300000,0,user_13,719,,
13799,,1900000,0,user_14,719,,
13800,,150000,0,user_17,719,,
13801,,260000,0,user_18,719,,
13802,,630000,0,user_18,719,,
13803,,1700000,0,user_19,719,,
13804,,79000,0,user_20,719,,
13805,,1400000,0,user_22,719,,
13806,,350000,195000,user_23,719,,
13807,,170000,959000,user_24,719,,
13808,,1800000,0,user_24,719,,
13809,,370000,0,user_25,719,,
13810,,910000,155000,user_26,719,,
13811,,2100000,0,user_27,719,,
13812,,87000,0,user_28,719,,
13813,,2500000,0,user_29,719,,
13814,,43000000,231000,user_29,719,,
13815,,82000,181000,user_29,719,,
13816,,220000,350000,user_30,719,,
13817,,30000000,369000,user_30,719,,
13818,,160000,0,user_30,719,,
13819,,30000000,15300,user_31,719,,
13820,,260000,0,user_32,719,,
13821,,160000,0,user_33,719,,
13822,,1400000,0,user_34,719,,
13823,,80000,0,user_35,719,,
13824,,2000000,0,user_36,719,,
13825,,220000,0,user_38,719,,
13826,,170000,779000,user_38,719,,
13827,,4500000,0,user_38,719,,
13828,,2300000,0,user_38,719,,
13829,,85000,0,user_38,719,,
13830,,170000,0,user_39,719,,
13831,,160000,0,user_40,719,,
13832,,43000000,0,user_41,719,,
13833,,2000000,0,user_42,719,,
13834,,84000,0,user_43,719,,
13835,,2100000,0,user_44,719,,
13836,,84000,0,user_45,719,,
13837,,1000000,0,user_46,719,,
13838,,85000,215000,user_47,719,,
13839,,1600000,0,user_49,719,,
13840,,370000,0,user_49,719,,
13841,,5200000,108000,user_49,719,,
13814,0,43000000,231000,user_29,719,719,
13832,1,43000000,0,user_41,719,719,
13817,2,30000000,369000,user_30,719,719,
13819,3,30000000,15300,user_31,719,719,
13793,4,27000000,0,user_7,719,719,
13789,5,6100000,0,user_2,719,719,
13841,6,5200000,108000,user_49,719,719,
13827,7,4500000,0,user_38,719,719,
13813,8,2500000,0,user_29,719,719,
13828,9,2300000,0,user_38,719,719,
13790,10,2100000,84800,user_2,719,719,
13811,11,2100000,0,user_27,719,719,
13835,12,2100000,0,user_44,719,719,
13824,13,2000000,0,user_36,719,719,
13833,14,2000000,0,user_42,719,719,
13799,15,1900000,0,user_14,719,719,
13808,16,1800000,0,user_24,719,719,
13803,17,1700000,0,user_19,719,719,
13839,18,1600000,0,user_49,719,719,
13805,19,1400000,0,user_22,719,719,
13822,20,1400000,0,user_34,719,719,
13798,21,1300000,0,user_13,719,719,
13796,22,1100000,0,user_11,719,719,
13837,23,1000000,0,user_46,719,719,
13802,24,630000,0,user_18,719,719,
13788,25,420000,0,user_2,719,719,
13809,26,370000,0,user_25,719,719,
13840,27,370000,0,user_49,719,719,
13806,28,350000,195000,user_23,719,719,
13787,29,340000,0,user_2,719,719,
13801,30,260000,0,user_18,719,719,
13820,31,260000,0,user_32,719,719,
13816,32,220000,350000,user_30,719,719,
13825,33,220000,0,user_38,719,719,
13807,34,170000,959000,user_24,719,719,
13826,35,170000,779000,user_38,719,719,
13786,36,160000,0,user_2,719,719,
13818,37,160000,0,user_30,719,719,
13821,38,160000,0,user_33,719,719,
13831,39,160000,0,user_40,719,719,
13800,40,150000,0,user_17,719,719,
13792,41,120000,0,user_6,719,719,
13794,42,87000,0,user_9,719,719,
13795,43,85000,0,user_10,719,719,
13829,44,85000,0,user_38,719,719,
13838,45,85000,215000,user_47,719,719,
13834,46,84000,0,user_43,719,719,
13836,47,84000,0,user_45,719,719,
13815,48,82000,181000,user_29,719,719,
13823,49,80000,0,user_35,719,719,
13804,50,79000,0,user_20,719,719,
9326,,240000,0,user_0,720,,
9327,,4200000,67900,user_1,720,,
9328,,1000000,0,user_2,720,,
9329,,110000,19700,user_3,720,,
9330,,630000,17000,user_3,720,,
9331,,870000,0,user_3,720,,
9332,,5000000,0,user_3,720,,
9333,,460000,42000,user_3,720,,
9334,,4500000,0,user_4,720,,
9335,,3500000,146000,user_5,720,,
9336,,170000,0,user_6,720,,
9337,,87000,0,user_6,720,,
9338,,360000,0,user_6,720,,
9339,,630000,0,user_7,720,,
9340,,2400000,36800,user_7,720,,
9341,,120000,0,user_7,720,,
9342,,79000,47700,user_7,720,,
9343,,79000,3130,user_7,720,,
9344,,910000,0,user_8,720,,
9345,,160000,0,user_8,720,,
9346,,6100000,0,user_9,720,,
9347,,260000,0,user_13,720,,
9348,,79000,0,user_14,720,,
9349,,220000,0,user_15,720,,
9350,,1800000,0,user_16,720,,
9351,,1500000,0,user_17,720,,
9352,,3600000,0,user_18,720,,
9353,,170000,42000,user_19,720,,
9354,,340000,0,user_19,720,,
9355,,970000,0,user_21,720,,
9356,,1300000,0,user_23,720,,
9357,,340000,231000,user_26,720,,
9358,,170000,0,user_26,720,,
9359,,1200000,0,user_27,720,,
9360,,650000,0,user_30,720,,
9361,,110000,0,user_31,720,,
9362,,30000000,0,user_33,720,,
9363,,87000,3130,user_34,720,,
9364,,320000,0,user_34,720,,
9365,,300000,0,user_34,720,,
9366,,120000,283000,user_34,720,,
9367,,80000,0,user_34,720,,
9368,,43000000,0,user_35,720,,
9369,,1900000,0,user_37,720,,
9370,,160000,0,user_38,720,,
9371,,2400000,0,user_39,720,,
9372,,310000,0,user_40,720,,
9373,,220000,0,user_42,720,,
9374,,1400000,0,user_44,720,,
9375,,6300000,0,user_45,720,,
9376,,3500000,13800,user_46,720,,
9377,,150000,0,user_47,720,,
9378,,420000,0,user_47,720,,
9379,,460000,0,user_47,720,,
9380,,79000,0,user_47,720,,
9381,,120000,0,user_48,720,,
9382,,110000,47700,user_49,720,,
9383,,1700000,0,user_49,720,,
9384,,4200000,0,user_49,720,,
9385,,2600000,0,user_49,720,,
9368,0,43000000,0,user_35,720,720,
9362,1,30000000,0,user_33,720,720,
9375,2,6300000,0,user_45,720,720,
9332,3,5000000,0,user_3,720,720,
9334,4,4500000,0,user_4,720,720,
9327,5,4200000,67900,user_1,720,720,
9384,6,4200000,0,user_49,720,720,
9352,7,3600000,0,user_18,720,720,
9335,8,3500000,146000,user_5,720,720,
9376,9,3500000,13800,user_46,720,720,
9385,10,2600000,0,user_49,720,720,
9340,11,2400000,36800,user_7,720,720,
9371,12,2400000,0,user_39,720,720,
9369,13,1900000,0,user_37,720,720,
9350,14,1800000,0,user_16,720,720,
9383,15,1700000,0,user_49,720,720,
9351,16,1500000,0,user_17,720,720,
9374,17,1400000,0,user_44,720,720,
9356,18,1300000,0,user_23,720,720,
9359,19,1200000,0,user_27,720,720,
9328,20,1000000,0,user_2,720,720,
9355,21,970000,0,user_21,720,720,
9344,22,910000,0,user_8,720,720,
9331,23,870000,0,user_3,720,720,
9360,24,650000,0,user_30,720,720,
9330,25,630000,17000,user_3,720,720,
9339,26,630000,0,user_7,720,720,
9333,27,460000,42000,user_3,720,720,
9379,28,460000,0,user_47,720,720,
9378,29,420000,0,user_47,720,720,
9338,30,360000,0,user_6,720,720,
9357,31,340000,231000,user_26,720,720,
9364,32,320000,0,user_34,720,720,
9372,33,310000,0,user_40,720,720,
9365,34,300000,0,user_34,720,720,
9347,35,260000,0,user_13,720,720,
9326,36,240000,0,user_0,720,720,
9349,37,220000,0,user_15,720,720,
9373,38,220000,0,user_42,720,720,
9336,39,170000,0,user_6,720,720,
9358,40,170000,0,user_26,720,720,
9345,41,160000,0,user_8,720,720,
9377,42,150000,0,user_47,720,720,
9341,43,120000,0,user_7,720,720,
9366,44,120000,283000,user_34,720,720,
9329,45,110000,19700,user_3,720,720,
9361,46,110000,0,user_31,720,720,
9382,47,110000,47700,user_49,720,720,
9337,48,87000,0,user_6,720,720,
9363,49,87000,3130,user_34,720,720,
9367,50,80000,0,user_34,720,720,
9342,51,79000,47700,user_7,720,720,
9343,52,79000,3130,user_7,720,720,
9380,53,79000,0,user_47,720,720,
9478,,100000,15100,user_1,721,,
9479,,1300000,0,user_2,721,,
9480,,3600000,0,user_3,721,,
9481,,2000000,0,user_4,721,,
9482,,2500000,0,user_5,721,,
9483,,130000,31700,user_6,721,,
9484,,460000,0,user_7,721,,
9485,,970000,0,user_7,721,,
9486,,1000000,0,user_8,721,,
9487,,460000,322000,user_10,721,,
9488,,630000,0,user_11,721,,
9489,,4500000,0,user_12,721,,
9490,,3600000,0,user_12,721,,
9491,,120000,0,user_13,721,,
9492,,4500000,0,user_13,721,,
9493,,1900000,0,user_15,721,,
9494,,150000,0,user_16,721,,
9495,,130000,0,user_16,721,,
9496,,1000000,0,user_16,721,,
9497,,120000,0,user_16,721,,
9498,,85000,0,user_16,721,,
9499,,110000,32900,user_17,721,,
9500,,2000000,0,user_17,721,,
9501,,970000,0,user_20,721,,
9502,,360000,0,user_22,721,,
9503,,1400000,16400,user_24,721,,
9504,,340000,0,user_26,721,,
9505,,1800000,0,user_27,721,,
9506,,2600000,0,user_27,721,,
9507,,460000,0,user_27,721,,
9508,,110000,0,user_27,721,,
9509,,970000,6390,user_27,721,,
9510,,120000,3130,user_29,721,,
9511,,2000000,0,user_30,721,,
9512,,130000,0,user_31,721,,
9513,,3600000,0,user_32,721,,
9514,,70000,84800,user_33,721,,
9515,,5200000,0,user_34,721,,
9516,,2600000,0,user_35,721,,
9517,,120000,0,user_35,721,,
9518,,5000000,121000,user_35,721,,
9519,,110000,0,user_35,721,,
9520,,460000,3130,user_36,721,,
9521,,100000,0,user_37,721,,
9522,,80000,8520,user_38,721,,
9523,,130000,0,user_39,721,,
9524,,150000,0,user_40,721,,
9525,,1200000,0,user_42,721,,
9526,,110000,0,user_42,721,,
9527,,120000,0,user_43,721,,
9528,,660000,0,user_43,721,,
9529,,340000,0,user_44,721,,
9530,,160000,0,user_45,721,,
9531,,220000,0,user_46,721,,
9532,,1300000,0,user_47,721,,
9533,,110000,0,user_48,721,,
9534,,1100000,0,user_49,721,,
9535,,1600000,0,user_49,721,,
9515,0,5200000,0,user_34,721,721,
9518,1,5000000,121000,user_35,721,721,
9489,2,4500000,0,user_12,721,721,
9492,3,4500000,0,user_13,721,721,
9480,4,3600000,0,user_3,721,721,
9490,5,3600000,0,user_12,721,721,
9513,6,3600000,0,user_32,721,721,
9506,7,2600000,0,user_27,721,721,
9516,8,2600000,0,user_35,721,721,
9482,9,2500000,0,user_5,721,721,
9481,10,2000000,0,user_4,721,721,
9500,11,2000000,0,user_17,721,721,
9493,12,1900000,0,user_15,721,721,
9505,13,1800000,0,user_27,721,721,
9535,14,1600000,0,user_49,721,721,
9503,15,1400000,16400,user_24,721,721,
9479,16,1300000,0,user_2,721,721,
9532,17,1300000,0,user_47,721,721,
9525,18,1200000,0,user_42,721,721,
9534,19,1100000,0,user_49,721,721,
9486,20,1000000,0,user_8,721,721,
9496,21,1000000,0,user_16,721,721,
9485,22,970000,0,user_7,721,721,
9501,23,970000,0,user_20,721,721,
9509,24,970000,6390,user_27,721,721,
9528,25,660000,0,user_43,721,721,
9488,26,630000,0,user_11,721,721,
9484,27,460000,0,user_7,721,721,
9487,28,460000,322000,user_10,721,721,
9507,29,460000,0,user_27,721,721,
9504,30,340000,0,user_26,721,721,
9529,31,340000,0,user_44,721,721,
9531,32,220000,0,user_46,721,721,
9530,33,160000,0,user_45,721,721,
9494,34,150000,0,user_16,721,721,
9483,35,130000,31700,user_6,721,721,
9495,36,130000,0,user_16,721,721,
9512,37,130000,0,user_31,721,721,
9523,38,130000,0,user_39,721,721,
9491,39,120000,0,user_13,721,721,
9497,40,120000,0,user_16,721,721,
9510,41,120000,3130,user_29,721,721,
9517,42,120000,0,user_35,721,721,
9527,43,120000,0,user_43,721,721,
9499,44,110000,32900,user_17,721,721,
9508,45,110000,0,user_27,721,721,
9519,46,110000,0,user_35,721,721,
9526,47,110000,0,user_42,721,721,
9533,48,110000,0,user_48,721,721,
9478,49,100000,15100,user_1,721,721,
9521,50,100000,0,user_37,721,721,
9498,51,85000,0,user_16,721,721,
9522,52,80000,8520,user_38,721,721,
9514,53,70000,84800,user_33,721,721,
9616,,2600000,0,user_0,722,,
9617,,1400000,0,user_1,722,,
9618,,4200000,0,user_2,722,,
9619,,1600000,0,user_3,722,,
9620,,970000,0,user_4,722,,
9621,,3500000,30200,user_4,722,,
9622,,1700000,12800,user_5,722,,
9623,,30000000,0,user_9,722,,
9624,,170000,0,user_9,722,,
9625,,530000,0,user_10,722,,
9626,,460000,19700,user_10,722,,
9627,,170000,8520,user_11,722,,
9628,,98000,0,user_14,722,,
9629,,1000000,0,user_16,722,,
9630,,5000000,0,user_16,722,,
9631,,870000,0,user_17,722,,
9632,,2000000,35100,user_18,722,,
9633,,120000,0,user_18,722,,
9634,,30000000,0,user_20,722,,
9635,,120000,68100,user_21,722,,
9636,,80000,283000,user_22,722,,
9637,,1500000,0,user_24,722,,
9638,,3200000,0,user_30,722,,
9639,,70000,0,user_31,722,,
9640,,670000,0,user_32,722,,
9641,,160000,0,user_33,722,,
9642,,1600000,0,user_35,722,,
9643,,27000000,0,user_36,722,,
9644,,1000000,66100,user_37,722,,
9645,,220000,0,user_39,722,,
9646,,2100000,0,user_39,722,,
9647,,1700000,0,user_41,722,,
9648,,630000,0,user_42,722,,
9649,,320000,5640,user_43,722,,
9650,,320000,0,user_43,722,,
9651,,1500000,0,user_44,722,,
9652,,79000,0,user_45,722,,
9653,,30000000,0,user_46,722,,
9654,,350000,47700,user_47,722,,
9655,,1900000,84800,user_47,722,,
9656,,220000,0,user_48,722,,
9623,0,30000000,0,user_9,722,722,
9634,1,30000000,0,user_20,722,722,
9653,2,30000000,0,user_46,722,722,
9643,3,27000000,0,user_36,722,722,
9630,4,5000000,0,user_16,722,722,
9618,5,4200000,0,user_2,722,722,
9621,6,3500000,30200,user_4,722,722,
9723,7,0,0,builder_8,722,722,9621
9638,8,3200000,0,user_30,722,722,
9616,9,2600000,0,user_0,722,722,
9646,10,2100000,0,user_39,722,722,
9724,11,0,0,builder_8,722,722,9632
9632,12,2000000,35100,user_18,722,722,
9725,13,0,0,builder_8,722,722,9655
9655,14,1900000,84800,user_47,722,722,
9726,15,0,0,builder_8,722,722,9622
9622,16,1700000,12800,user_5,722,722,
9647,17,1700000,0,user_41,722,722,
9619,18,1600000,0,user_3,722,722,
9642,19,1600000,0,user_35,722,722,
9651,20,1500000,0,user_44,722,722,
9644,21,1000000,66100,user_37,722,722,
9727,22,0,0,builder_8,722,722,9644
9629,23,1000000,0,user_16,722,722,
9620,24,970000,0,user_4,722,722,
9640,25,670000,0,user_32,722,722,
9648,26,630000,0,user_42,722,722,
9625,27,530000,0,user_10,722,722,
9728,28,0,0,builder_8,722,722,9626
9626,29,460000,19700,user_10,722,722,
9729,30,0,0,builder_8,722,722,9654
9654,31,350000,47700,user_47,722,722,
9636,32,80000,283000,user_22,722,722,
9730,33,0,0,builder_8,722,722,9636
9645,34,220000,0,user_39,722,722,
9656,35,220000,0,user_48,722,722,
9635,36,120000,68100,user_21,722,722,
9731,37,0,0,builder_8,722,722,9635
9627,38,170000,8520,user_11,722,722,
9732,39,0,0,builder_8,722,722,9627
9624,40,170000,0,user_9,722,722,
9641,41,160000,0,user_33,722,722,
9633,42,120000,0,user_18,722,722,
9628,43,98000,0,user_14,722,722,
9733,,970000,0,user_0,723,,
9734,,120000,0,user_2,723,,
9735,,120000,7840,user_3,723,,
9736,,220000,4320000,user_4,723,,
9737,,4200000,17000,user_8,723,,
9738,,100000,0,user_11,723,,
9739,,260000,0,user_13,723,,
9740,,220000,0,user_15,723,,
9741,,660000,35600,user_16,723,,
9742,,4200000,0,user_17,723,,
9743,,120000,0,user_17,723,,
9744,,300000,0,user_18,723,,
9745,,360000,0,user_20,723,,
9746,,220000,0,user_20,723,,
9747,,5000000,0,user_20,723,,
9748,,3200000,0,user_20,723,,
9749,,2400000,0,user_20,723,,
9750,,470000,18600,user_24,723,,
9751,,85000,100000,user_27,723,,
9752,,1800000,0,user_28,723,,
9753,,1900000,0,user_29,723,,
9754,,650000,0,user_29,723,,
9755,,6100000,0,user_31,723,,
9756,,2100000,0,user_32,723,,
9757,,1500000,0,user_33,723,,
9758,,670000,0,user_34,723,,
9759,,30000000,0,user_35,723,,
9760,,80000,0,user_36,723,,
9761,,84000,0,user_37,723,,
9762,,3600000,0,user_37,723,,
9763,,77000,0,user_38,723,,
9764,,170000,0,user_39,723,,
9765,,360000,0,user_40,723,,
9766,,79000,128000,user_42,723,,
9767,,3200000,0,user_43,723,,
9768,,150000,0,user_43,723,,
9769,,150000,510000,user_45,723,,
9770,,2000000,16400,user_46,723,,
9771,,83000,0,user_48,723,,
9772,,100000,0,user_49,723,,
9759,0,30000000,0,user_35,723,723,
9755,1,6100000,0,user_31,723,723,
9747,2,5000000,0,user_20,723,723,
9737,3,4200000,17000,user_8,723,723,
9742,4,4200000,0,user_17,723,723,
9762,5,3600000,0,user_37,723,723,
9748,6,3200000,0,user_20,723,723,
9767,7,3200000,0,user_43,723,723,
9749,8,2400000,0,user_20,723,723,
9756,9,2100000,0,user_32,723,723,
9770,10,2000000,16400,user_46,723,723,
9753,11,1900000,0,user_29,723,723,
9752,12,1800000,0,user_28,723,723,
9757,13,1500000,0,user_33,723,723,
9733,14,970000,0,user_0,723,723,
9758,15,670000,0,user_34,723,723,
9741,16,660000,35600,user_16,723,723,
9754,17,650000,0,user_29,723,723,
9750,18,470000,18600,user_24,723,723,
9745,19,360000,0,user_20,723,723,
9765,20,360000,0,user_40,723,723,
9744,21,300000,0,user_18,723,723,
9739,22,260000,0,user_13,723,723,
9736,23,220000,4320000,user_4,723,723,
9740,24,220000,0,user_15,723,723,
9746,25,220000,0,user_20,723,723,
9764,26,170000,0,user_39,723,723,
9768,27,150000,0,user_43,723,723,
9769,28,150000,510000,user_45,723,723,
9734,29,120000,0,user_2,723,723,
9735,30,120000,7840,user_3,723,723,
9743,31,120000,0,user_17,723,723,
9738,32,100000,0,user_11,723,723,
9772,33,100000,0,user_49,723,723,
9761,34,84000,0,user_37,723,723,
9766,35,79000,128000,user_42,723,723,
9834,,120000,155000,user_1,724,,
9835,,220000,0,user_1,724,,
9836,,300000,0,user_2,724,,
9837,,82000,0,user_2,724,,
9838,,260000,0,user_3,724,,
9839,,260000,0,user_6,724,,
9840,,170000,0,user_7,724,,
9841,,73000,0,user_8,724,,
9842,,460000,0,user_9,724,,
9843,,3200000,128000,user_10,724,,
9844,,3200000,0,user_12,724,,
9845,,120000,0,user_12,724,,
9846,,160000,0,user_14,724,,
9847,,1700000,0,user_15,724,,
9848,,170000,0,user_16,724,,
9849,,2400000,49100,user_17,724,,
9850,,650000,0,user_20,724,,
9851,,220000,0,user_23,724,,
9852,,2500000,0,user_24,724,,
9853,,27000000,0,user_25,724,,
9854,,170000,56200,user_26,724,,
9855,,2100000,0,user_27,724,,
9856,,220000,0,user_28,724,,
9857,,150000,0,user_29,724,,
9858,,340000,0,user_30,724,,
9859,,350000,0,user_31,724,,
9860,,150000,0,user_32,724,,
9861,,870000,0,user_33,724,,
9862,,1200000,0,user_35,724,,
9863,,1800000,0,user_35,724,,
9864,,260000,0,user_37,724,,
9865,,370000,0,user_38,724,,
9866,,87000,0,user_39,724,,
9867,,360000,0,user_40,724,,
9868,,80000,0,user_41,724,,
9869,,87000,0,user_42,724,,
9870,,310000,12300,user_45,724,,
9871,,190000,0,user_45,724,,
9872,,420000,0,user_48,724,,
9873,,120000,0,user_49,724,,
9874,,19000000,0,user_49,724,,
9875,,110000,0,user_49,724,,
9853,0,27000000,0,user_25,724,724,
9874,1,19000000,0,user_49,724,724,
9843,2,3200000,128000,user_10,724,724,
9844,3,3200000,0,user_12,724,724,
9852,4,2500000,0,user_24,724,724,
9849,5,2400000,49100,user_17,724,724,
9855,6,2100000,0,user_27,724,724,
9863,7,1800000,0,user_35,724,724,
9847,8,1700000,0,user_15,724,724,
9862,9,1200000,0,user_35,724,724,
9861,10,870000,0,user_33,724,724,
9850,11,650000,0,user_20,724,724,
9842,12,460000,0,user_9,724,724,
9872,13,420000,0,user_48,724,724,
9865,14,370000,0,user_38,724,724,
9859,15,350000,0,user_31,724,724,
9870,16,310000,12300,user_45,724,724,
9836,17,300000,0,user_2,724,724,
9838,18,260000,0,user_3,724,724,
9839,19,260000,0,user_6,724,724,
9864,20,260000,0,user_37,724,724,
9835,21,220000,0,user_1,724,724,
9856,22,220000,0,user_28,724,724,
9871,23,190000,0,user_45,724,724,
9840,24,170000,0,user_7,724,724,
9848,25,170000,0,user_16,724,724,
9854,26,170000,56200,user_26,724,724,
9857,27,150000,0,user_29,724,724,
9860,28,150000,0,user_32,724,724,
9834,29,120000,155000,user_1,724,724,
9845,30,120000,0,user_12,724,724,
9873,31,120000,0,user_49,724,724,
9875,32,110000,0,user_49,724,724,
9866,33,87000,0,user_39,724,724,
9869,34,87000,0,user_42,724,724,
9837,35,82000,0,user_2,724,724,
9868,36,80000,0,user_41,724,724,
9841,37,73000,0,user_8,724,724,
9911,,1300000,0,user_0,725,,
9912,,80000,0,user_1,725,,
9913,,85000,0,user_1,725,,
9914,,4500000,0,user_1,725,,
9915,,530000,67500,user_2,725,,
9916,,260000,0,user_4,725,,
9917,,43000000,17000,user_5,725,,
9918,,80000,0,user_6,725,,
9919,,170000,0,user_6,725,,
9920,,1700000,0,user_8,725,,
9921,,260000,12800,user_9,725,,
9922,,600000,0,user_10,725,,
9923,,110000,215000,user_11,725,,
9924,,98000,0,user_13,725,,
9925,,260000,0,user_13,725,,
9926,,5000000,0,user_13,725,,
9927,,160000,0,user_15,725,,
9928,,420000,39400,user_16,725,,
9929,,110000,75000,user_16,725,,
9930,,5000000,0,user_17,725,,
9931,,130000,30200,user_18,725,,
9932,,77000,0,user_19,725,,
9933,,2000000,0,user_19,725,,
9934,,910000,0,user_19,725,,
9935,,79000,0,user_19,725,,
9936,,190000,0,user_19,725,,
9937,,2000000,0,user_20,725,,
9938,,2000000,0,user_20,725,,
9939,,910000,15100,user_22,725,,
9940,,600000,0,user_23,725,,
9941,,350000,0,user_24,725,,
9942,,4500000,0,user_24,725,,
9943,,27000000,4320000,user_24,725,,
9944,,240000,0,user_25,725,,
9945,,3500000,0,user_25,725,,
9946,,27000000,0,user_26,725,,
9947,,150000,0,user_27,725,,
9948,,70000,0,user_27,725,,
9949,,27000000,0,user_28,725,,
9950,,1000000,0,user_30,725,,
9951,,110000,0,user_31,725,,
9952,,3500000,0,user_33,725,,
9953,,87000,0,user_33,725,,
9954,,5000000,108000,user_34,725,,
9955,,2100000,0,user_35,725,,
9956,,360000,0,user_35,725,,
9957,,530000,0,user_37,725,,
9958,,4200000,31700,user_39,725,,
9959,,82000,0,user_39,725,,
9960,,79000,0,user_39,725,,
9961,,130000,0,user_39,725,,
9962,,1000000,5180,user_40,725,,
9963,,320000,0,user_40,725,,
9964,,1000000,0,user_40,725,,
9965,,87000,0,user_40,725,,
9966,,5000000,0,user_41,725,,
9967,,77000,0,user_42,725,,
9968,,83000,0,user_43,725,,
9969,,1400000,56200,user_43,725,,
9970,,300000,0,user_44,725,,
9971,,310000,0,user_45,725,,
9972,,630000,24700,user_45,725,,
9973,,160000,0,user_45,725,,
9974,,70000,0,user_45,725,,
9975,,320000,0,user_45,725,,
9976,,910000,0,user_47,725,,
9977,,100000,0,user_48,725,,
9978,,310000,0,user_48,725,,
9979,,350000,0,user_49,725,,
9980,,2100000,0,user_49,725,,
9917,0,43000000,17000,user_5,725,725,
9943,1,27000000,4320000,user_24,725,725,
9946,2,27000000,0,user_26,725,725,
9949,3,27000000,0,user_28,725,725,
9926,4,5000000,0,user_13,725,725,
9930,5,5000000,0,user_17,725,725,
9954,6,5000000,108000,user_34,725,725,
9966,7,5000000,0,user_41,725,725,
9914,8,4500000,0,user_1,725,725,
9942,9,4500000,0,user_24,725,725,
9958,10,4200000,31700,user_39,725,725,
9945,11,3500000,0,user_25,725,725,
9952,12,3500000,0,user_33,725,725,
9955,13,2100000,0,user_35,725,725,
9980,14,2100000,0,user_49,725,725,
9933,15,2000000,0,user_19,725,725,
9937,16,2000000,0,user_20,725,725,
9938,17,2000000,0,user_20,725,725,
9920,18,1700000,0,user_8,725,725,
9969,19,1400000,56200,user_43,725,725,
9934,20,910000,0,user_19,725,725,
9976,21,910000,0,user_47,725,725,
9972,22,630000,24700,user_45,725,725,
9922,23,600000,0,user_10,725,725,
9915,24,530000,67500,user_2,725,725,
9957,25,530000,0,user_37,725,725,
9928,26,420000,39400,user_16,725,725,
9956,27,360000,0,user_35,725,725,
9941,28,350000,0,user_24,725,725,
9979,29,350000,0,user_49,725,725,
9975,30,320000,0,user_45,725,725,
9971,31,310000,0,user_45,725,725,
9978,32,310000,0,user_48,725,725,
9970,33,300000,0,user_44,725,725,
9916,34,260000,0,user_4,725,725,
9921,35,260000,12800,user_9,725,725,
9925,36,260000,0,user_13,725,725,
9944,37,240000,0,user_25,725,725,
9936,38,190000,0,user_19,725,725,
9919,39,170000,0,user_6,725,725,
9927,40,160000,0,user_15,725,725,
9973,41,160000,0,user_45,725,725,
9947,42,150000,0,user_27,725,725,
9961,43,130000,0,user_39,725,725,
9923,44,110000,215000,user_11,725,725,
9929,45,110000,75000,user_16,725,725,
9951,46,110000,0,user_31,725,725,
9977,47,100000,0,user_48,725,725,
9924,48,98000,0,user_13,725,725,
9953,49,87000,0,user_33,725,725,
9913,50,85000,0,user_1,725,725,
9968,51,83000,0,user_43,725,725,
9959,52,82000,0,user_39,725,725,
9912,53,80000,0,user_1,725,725,
9918,54,80000,0,user_6,725,725,
9935,55,79000,0,user_19,725,725,
9960,56,79000,0,user_39,725,725,
9932,57,77000,0,user_19,725,725,
9967,58,77000,0,user_42,725,725,
9948,59,70000,0,user_27,725,725,
9974,60,70000,0,user_45,725,725,
10079,,170000,0,user_1,726,,
10080,,19000000,0,user_3,726,,
10081,,870000,0,user_3,726,,
10082,,100000,0,user_4,726,,
10083,,27000000,11200,user_5,726,,
10084,,150000,0,user_6,726,,
10085,,83000,0,user_6,726,,
10086,,30000000,0,user_6,726,,
10087,,350000,0,user_6,726,,
10088,,2100000,0,user_6,726,,
10089,,85000,0,user_7,726,,
10090,,3500000,0,user_8,726,,
10091,,3500000,0,user_9,726,,
10092,,310000,0,user_10,726,,
10093,,110000,0,user_12,726,,
10094,,1800000,0,user_12,726,,
10095,,2100000,1100000,user_13,726,,
10096,,530000,0,user_14,726,,
10097,,170000,0,user_16,726,,
10098,,110000,0,user_17,726,,
10099,,220000,0,user_18,726,,
10100,,420000,5640,user_18,726,,
10101,,110000,0,user_18,726,,
10102,,170000,30200,user_20,726,,
10103,,3600000,0,user_20,726,,
10104,,220000,0,user_21,726,,
10105,,1800000,0,user_21,726,,
10106,,160000,0,user_22,726,,
10107,,120000,8520,user_23,726,,
10108,,220000,231000,user_24,726,,
10109,,350000,0,user_26,726,,
10110,,160000,0,user_26,726,,
10111,,150000,0,user_26,726,,
10112,,910000,0,user_26,726,,
10113,,1100000,0,user_27,726,,
10114,,650000,0,user_27,726,,
10115,,6300000,0,user_28,726,,
10116,,6100000,0,user_30,726,,
10117,,970000,0,user_31,726,,
10118,,1300000,21800,user_31,726,,
10119,,150000,0,user_33,726,,
10120,,2500000,0,user_34,726,,
10121,,420000,0,user_36,726,,
10122,,1700000,32900,user_37,726,,
10123,,160000,0,user_39,726,,
10124,,170000,0,user_41,726,,
10125,,190000,0,user_41,726,,
10126,,260000,0,user_42,726,,
10127,,1100000,0,user_43,726,,
10128,,1500000,0,user_43,726,,
10129,,420000,215000,user_43,726,,
10130,,19000000,0,user_43,726,,
10131,,300000,0,user_46,726,,
10086,0,30000000,0,user_6,726,726,
10083,1,27000000,11200,user_5,726,726,
10080,2,19000000,0,user_3,726,726,
10130,3,19000000,0,user_43,726,726,
10115,4,6300000,0,user_28,726,726,
10116,5,6100000,0,user_30,726,726,
10103,6,3600000,0,user_20,726,726,
10090,7,3500000,0,user_8,726,726,
10091,8,3500000,0,user_9,726,726,
10120,9,2500000,0,user_34,726,726,
10088,10,2100000,0,user_6,726,726,
10095,11,2100000,1100000,user_13,726,726,
10094,12,1800000,0,user_12,726,726,
10105,13,1800000,0,user_21,726,726,
10122,14,1700000,32900,user_37,726,726,
10128,15,1500000,0,user_43,726,726,
10118,16,1300000,21800,user_31,726,726,
10113,17,1100000,0,user_27,726,726,
10127,18,1100000,0,user_43,726,726,
10117,19,970000,0,user_31,726,726,
10112,20,910000,0,user_26,726,726,
10081,21,870000,0,user_3,726,726,
10114,22,650000,0,user_27,726,726,
10096,23,530000,0,user_14,726,726,
10100,24,420000,5640,user_18,726,726,
10121,25,420000,0,user_36,726,726,
10129,26,420000,215000,user_43,726,726,
10087,27,350000,0,user_6,726,726,
10109,28,350000,0,user_26,726,726,
10126,29,260000,0,user_42,726,726,
10099,30,220000,0,user_18,726,726,
10104,31,220000,0,user_21,726,726,
10108,32,220000,231000,user_24,726,726,
10079,33,170000,0,user_1,726,726,
10102,34,170000,30200,user_20,726,726,
10106,35,160000,0,user_22,726,726,
10110,36,160000,0,user_26,726,726,
10123,37,160000,0,user_39,726,726,
10084,38,150000,0,user_6,726,726,
10111,39,150000,0,user_26,726,726,
10119,40,150000,0,user_33,726,726,
10107,41,120000,8520,user_23,726,726,
10093,42,110000,0,user_12,726,726,
10098,43,110000,0,user_17,726,726,
10101,44,110000,0,user_18,726,726,
10082,45,100000,0,user_4,726,726,
10089,46,85000,0,user_7,726,726,
10085,47,83000,0,user_6,726,726,
10195,,170000,0,user_2,727,,
10196,,220000,13900,user_3,727,,
10197,,110000,0,user_4,727,,
10198,,460000,0,user_4,727,,
10199,,1300000,0,user_6,727,,
10200,,1000000,0,user_7,727,,
10201,,650000,0,user_8,727,,
10202,,260000,35100,user_9,727,,
10203,,260000,36800,user_10,727,,
10204,,4200000,195000,user_10,727,,
10205,,82000,5180,user_12,727,,
10206,,1800000,0,user_13,727,,
10207,,870000,0,user_13,727,,
10208,,460000,0,user_15,727,,
10209,,120000,0,user_15,727,,
10210,,1800000,0,user_16,727,,
10211,,360000,0,user_16,727,,
10212,,1600000,0,user_16,727,,
10213,,4500000,0,user_16,727,,
10214,,70000,0,user_16,727,,
10215,,1500000,0,user_17,727,,
10216,,1600000,0,user_18,727,,
10217,,460000,0,user_21,727,,
10218,,120000,0,user_26,727,,
10219,,1100000,0,user_28,727,,
10220,,27000000,0,user_28,727,,
10221,,98000,0,user_28,727,,
10222,,84000,0,user_28,727,,
10223,,170000,0,user_28,727,,
10224,,3200000,0,user_30,727,,
10225,,460000,0,user_30,727,,
10226,,1000000,296000,user_31,727,,
10227,,1000000,0,user_32,727,,
10228,,320000,0,user_33,727,,
10229,,5200000,0,user_33,727,,
10230,,150000,155000,user_33,727,,
10231,,460000,36800,user_33,727,,
10232,,73000,0,user_34,727,,
10233,,1700000,0,user_34,727,,
10234,,150000,0,user_36,727,,
10235,,27000000,0,user_38,727,,
10236,,170000,0,user_39,727,,
10237,,1100000,0,user_41,727,,
10238,,160000,0,user_41,727,,
10239,,370000,0,user_42,727,,
10240,,2000000,0,user_47,727,,
10241,,420000,0,user_48,727,,
10242,,120000,0,user_49,727,,
10220,0,27000000,0,user_28,727,727,
10235,1,27000000,0,user_38,727,727,
10229,2,5200000,0,user_33,727,727,
10213,3,4500000,0,user_16,727,727,
10243,4,0,0,builder_0,727,727,10204
10204,5,4200000,195000,user_10,727,727,
10224,6,3200000,0,user_30,727,727,
10240,7,2000000,0,user_47,727,727,
10206,8,1800000,0,user_13,727,727,
10210,9,1800000,0,user_16,727,727,
10212,10,1600000,0,user_16,727,727,
10216,11,1600000,0,user_18,727,727,
10215,12,1500000,0,user_17,727,727,
10199,13,1300000,0,user_6,727,727,
10244,14,0,0,builder_0,727,727,10226
10226,15,1000000,296000,user_31,727,727,
10219,16,1100000,0,user_28,727,727,
10237,17,1100000,0,user_41,727,727,
10200,18,1000000,0,user_7,727,727,
10227,19,1000000,0,user_32,727,727,
10207,20,870000,0,user_13,727,727,
10201,21,650000,0,user_8,727,727,
10231,22,460000,36800,user_33,727,727,
10245,23,0,0,builder_0,727,727,10231
10217,24,460000,0,user_21,727,727,
10225,25,460000,0,user_30,727,727,
10241,26,420000,0,user_48,727,727,
10239,27,370000,0,user_42,727,727,
10211,28,360000,0,user_16,727,727,
10228,29,320000,0,user_33,727,727,
10230,30,150000,155000,user_33,727,727,
10246,31,0,0,builder_0,727,727,10230
10247,32,0,0,builder_0,727,727,10203
10203,33,260000,36800,user_10,727,727,
10202,34,260000,35100,user_9,727,727,
10248,35,0,0,builder_0,727,727,10202
10249,36,0,0,builder_0,727,727,10196
10196,37,220000,13900,user_3,727,727,
10195,38,170000,0,user_2,727,727,
10223,39,170000,0,user_28,727,727,
10238,40,160000,0,user_41,727,727,
10234,41,150000,0,user_36,727,727,
10218,42,120000,0,user_26,727,727,
10242,43,120000,0,user_49,727,727,
10221,44,98000,0,user_28,727,727,
10222,45,84000,0,user_28,727,727,
10214,46,70000,0,user_16,727,727,
10303,,150000,19700,user_0,728,,
10304,,73000,0,user_4,728,,
10305,,3200000,0,user_6,728,,
10306,,1900000,0,user_7,728,,
10307,,120000,0,user_7,728,,
10308,,5000000,0,user_7,728,,
10309,,120000,12800,user_7,728,,
10310,,19000000,10700,user_8,728,,
10311,,420000,17700000,user_8,728,,
10312,,2400000,0,user_9,728,,
10313,,160000,350000,user_10,728,,
10314,,1000000,0,user_12,728,,
10315,,77000,15700,user_13,728,,
10316,,110000,36800,user_14,728,,
10317,,2000000,0,user_14,728,,
10318,,19000000,39400,user_15,728,,
10319,,120000,0,user_15,728,,
10320,,110000,0,user_15,728,,
10321,,3200000,0,user_15,728,,
10322,,1500000,0,user_15,728,,
10323,,1500000,0,user_16,728,,
10324,,420000,959000,user_18,728,,
10325,,320000,0,user_19,728,,
10326,,170000,0,user_19,728,,
10327,,5000000,0,user_20,728,,
10328,,1100000,0,user_22,728,,
10329,,110000,0,user_23,728,,
10330,,310000,108000,user_24,728,,
10331,,600000,49100,user_24,728,,
10332,,650000,0,user_24,728,,
10333,,2000000,0,user_25,728,,
10334,,6300000,0,user_27,728,,
10335,,82000,0,user_28,728,,
10336,,420000,17700000,user_30,728,,
10337,,120000,100000,user_30,728,,
10338,,19000000,12800,user_32,728,,
10339,,650000,0,user_32,728,,
10340,,120000,0,user_32,728,,
10341,,260000,0,user_32,728,,
10342,,2000000,0,user_32,728,,
10343,,1400000,5630,user_33,728,,
10344,,320000,410000,user_33,728,,
10345,,130000,0,user_33,728,,
10346,,220000,0,user_34,728,,
10347,,5000000,0,user_37,728,,
10348,,350000,283000,user_38,728,,
10349,,460000,0,user_38,728,,
10350,,130000,0,user_38,728,,
10351,,87000,0,user_38,728,,
10352,,120000,0,user_39,728,,
10353,,3600000,0,user_42,728,,
10354,,5000000,0,user_42,728,,
10355,,350000,0,user_43,728,,
10356,,98000,0,user_46,728,,
10357,,84000,0,user_48,728,,
10358,,870000,0,user_48,728,,
10359,,3500000,0,user_49,728,,
10360,,360000,0,user_49,728,,
10310,0,19000000,10700,user_8,728,728,
10318,1,19000000,39400,user_15,728,728,
10338,2,19000000,12800,user_32,728,728,
10334,3,6300000,0,user_27,728,728,
10308,4,5000000,0,user_7,728,728,
10327,5,5000000,0,user_20,728,728,
10347,6,5000000,0,user_37,728,728,
10354,7,5000000,0,user_42,728,728,
10353,8,3600000,0,user_42,728,728,
10359,9,3500000,0,user_49,728,728,
10305,10,3200000,0,user_6,728,728,
10321,11,3200000,0,user_15,728,728,
10312,12,2400000,0,user_9,728,728,
10333,13,2000000,0,user_25,728,728,
10342,14,2000000,0,user_32,728,728,
10306,15,1900000,0,user_7,728,728,
10322,16,1500000,0,user_15,728,728,
10323,17,1500000,0,user_16,728,728,
10343,18,1400000,5630,user_33,728,728,
10314,19,1000000,0,user_12,728,728,
10358,20,870000,0,user_48,728,728,
10332,21,650000,0,user_24,728,728,
10339,22,650000,0,user_32,728,728,
10331,23,600000,49100,user_24,728,728,
10349,24,460000,0,user_38,728,728,
10311,25,420000,17700000,user_8,728,728,
10360,26,360000,0,user_49,728,728,
10348,27,350000,283000,user_38,728,728,
10355,28,350000,0,user_43,728,728,
10325,29,320000,0,user_19,728,728,
10344,30,320000,410000,user_33,728,728,
10330,31,310000,108000,user_24,728,728,
10341,32,260000,0,user_32,728,728,
10346,33,220000,0,user_34,728,728,
10326,34,170000,0,user_19,728,728,
10313,35,160000,350000,user_10,728,728,
10345,36,130000,0,user_33,728,728,
10350,37,130000,0,user_38,728,728,
10307,38,120000,0,user_7,728,728,
10309,39,120000,12800,user_7,728,728,
10319,40,120000,0,user_15,728,728,
10340,41,120000,0,user_32,728,728,
10352,42,120000,0,user_39,728,728,
10320,43,110000,0,user_15,728,728,
10356,44,98000,0,user_46,728,728,
10351,45,87000,0,user_38,728,728,
10357,46,84000,0,user_48,728,728,
10335,47,82000,0,user_28,728,728,
10315,48,77000,15700,user_13,728,728,
10304,49,73000,0,user_4,728,728,
10481,,4200000,67500,user_1,729,,
10482,,2500000,0,user_2,729,,
10483,,420000,0,user_5,729,,
10484,,2400000,10700,user_5,729,,
10485,,2000000,0,user_5,729,,
10486,,340000,0,user_8,729,,
10487,,79000,181000,user_9,729,,
10488,,1400000,0,user_9,729,,
10489,,320000,0,user_10,729,,
10490,,120000,0,user_12,729,,
10491,,110000,0,user_12,729,,
10492,,150000,0,user_14,729,,
10493,,1400000,0,user_15,729,,
10494,,1200000,0,user_15,729,,
10495,,110000,17000,user_15,729,,
10496,,910000,0,user_16,729,,
10497,,1400000,181000,user_17,729,,
10498,,2300000,0,user_17,729,,
10499,,130000,0,user_19,729,,
10500,,2400000,0,user_19,729,,
10501,,300000,108000,user_19,729,,
10502,,27000000,0,user_19,729,,
10503,,300000,0,user_20,729,,
10504,,150000,0,user_21,729,,
10505,,160000,0,user_23,729,,
10506,,82000,0,user_24,729,,
10507,,870000,0,user_25,729,,
10508,,98000,0,user_25,729,,
10509,,670000,0,user_26,729,,
10510,,1400000,0,user_27,729,,
10511,,30000000,0,user_27,729,,
10512,,2600000,23500,user_28,729,,
10513,,600000,0,user_29,729,,
10514,,120000,75000,user_32,729,,
10515,,1500000,0,user_36,729,,
10516,,970000,0,user_38,729,,
10517,,27000000,0,user_38,729,,
10518,,27000000,0,user_39,729,,
10519,,360000,68100,user_39,729,,
10520,,600000,68100,user_40,729,,
10521,,83000,0,user_40,729,,
10522,,1500000,0,user_41,729,,
10523,,150000,17000,user_42,729,,
10524,,630000,0,user_44,729,,
10525,,2300000,0,user_45,729,,
10526,,2600000,0,user_46,729,,
10527,,650000,0,user_47,729,,
10528,,98000,0,user_48,729,,
10529,,110000,0,user_48,729,,
10530,,160000,0,user_48,729,,
10531,,110000,0,user_48,729,,
10532,,260000,0,user_49,729,,
10533,,240000,0,user_49,729,,
10534,,130000,0,user_49,729,,
10535,,1800000,0,user_49,729,,
10536,,240000,0,user_49,729,,
10511,0,30000000,0,user_27,729,729,
10502,1,27000000,0,user_19,729,729,
10517,2,27000000,0,user_38,729,729,
10518,3,27000000,0,user_39,729,729,
10481,4,4200000,67500,user_1,729,729,
10512,5,2600000,23500,user_28,729,729,
10526,6,2600000,0,user_46,729,729,
10482,7,2500000,0,user_2,729,729,
10484,8,2400000,10700,user_5,729,729,
10500,9,2400000,0,user_19,729,729,
10498,10,2300000,0,user_17,729,729,
10525,11,2300000,0,user_45,729,729,
10485,12,2000000,0,user_5,729,729,
10535,13,1800000,0,user_49,729,729,
10522,14,1500000,0,user_41,729,729,
10488,15,1400000,0,user_9,729,729,
10493,16,1400000,0,user_15,729,729,
10497,17,1400000,181000,user_17,729,729,
10510,18,1400000,0,user_27,729,729,
10494,19,1200000,0,user_15,729,729,
10516,20,970000,0,user_38,729,729,
10496,21,910000,0,user_16,729,729,
10507,22,870000,0,user_25,729,729,
10509,23,670000,0,user_26,729,729,
10527,24,650000,0,user_47,729,729,
10524,25,630000,0,user_44,729,729,
10513,26,600000,0,user_29,729,729,
10483,27,420000,0,user_5,729,729,
10519,28,360000,68100,user_39,729,729,
10486,29,340000,0,user_8,729,729,
10489,30,320000,0,user_10,729,729,
10501,31,300000,108000,user_19,729,729,
10503,32,300000,0,user_20,729,729,
10532,33,260000,0,user_49,729,729,
10533,34,240000,0,user_49,729,729,
10536,35,240000,0,user_49,729,729,
10530,36,160000,0,user_48,729,729,
10523,37,150000,17000,user_42,729,729,
10499,38,130000,0,user_19,729,729,
10534,39,130000,0,user_49,729,729,
10490,40,120000,0,user_12,729,729,
10514,41,120000,75000,user_32,729,729,
10491,42,110000,0,user_12,729,729,
10495,43,110000,17000,user_15,729,729,
10529,44,110000,0,user_48,729,729,
10531,45,110000,0,user_48,729,729,
10508,46,98000,0,user_25,729,729,
10528,47,98000,0,user_48,729,729,
10506,48,82000,0,user_24,729,729,
10487,49,79000,181000,user_9,729,729,
10615,,1600000,0,user_0,730,,
10616,,530000,0,user_1,730,,
10617,,460000,0,user_2,730,,
10618,,220000,0,user_3,730,,
10619,,120000,0,user_3,730,,
10620,,220000,0,user_4,730,,
10621,,160000,0,user_6,730,,
10622,,530000,322000,user_7,730,,
10623,,150000,0,user_9,730,,
10624,,110000,0,user_11,730,,
10625,,73000,0,user_11,730,,
10626,,30000000,0,user_11,730,,
10627,,110000,0,user_13,730,,
10628,,160000,0,user_14,730,,
10629,,240000,16400,user_14,730,,
10630,,120000,0,user_14,730,,
10631,,2000000,0,user_15,730,,
10632,,1100000,0,user_17,730,,
10633,,27000000,0,user_17,730,,
10634,,6100000,0,user_18,730,,
10635,,5200000,0,user_19,730,,
10636,,320000,0,user_25,730,,
10637,,370000,0,user_25,730,,
10638,,370000,0,user_26,730,,
10639,,19000000,0,user_28,730,,
10640,,2000000,33100,user_29,730,,
10641,,80000,0,user_29,730,,
10642,,120000,0,user_29,730,,
10643,,3500000,0,user_29,730,,
10644,,120000,256000,user_29,730,,
10645,,73000,0,user_30,730,,
10646,,150000,296000,user_31,730,,
10647,,470000,0,user_33,730,,
10648,,120000,0,user_34,730,,
10649,,240000,0,user_35,730,,
10650,,3600000,0,user_36,730,,
10651,,300000,0,user_37,730,,
10652,,340000,39400,user_38,730,,
10653,,110000,43600,user_39,730,,
10654,,160000,0,user_40,730,,
10655,,2100000,0,user_42,730,,
10656,,320000,35100,user_43,730,,
10657,,85000,0,user_44,730,,
10658,,73000,0,user_46,730,,
10659,,1500000,35600,user_46,730,,
10660,,160000,0,user_46,730,,
10661,,220000,0,user_46,730,,
10662,,360000,60700,user_46,730,,
10663,,30000000,0,user_47,730,,
10664,,970000,0,user_48,730,,
10665,,87000,16400,user_48,730,,
10666,,6300000,0,user_49,730,,
10667,,19000000,0,user_49,730,,
10626,0,30000000,0,user_11,730,730,
10663,1,30000000,0,user_47,730,730,
10633,2,27000000,0,user_17,730,730,
10639,3,19000000,0,user_28,730,730,
10667,4,19000000,0,user_49,730,730,
10666,5,6300000,0,user_49,730,730,
10634,6,6100000,0,user_18,730,730,
10635,7,5200000,0,user_19,730,730,
10650,8,3600000,0,user_36,730,730,
10643,9,3500000,0,user_29,730,730,
10655,10,2100000,0,user_42,730,730,
10640,11,2000000,33100,user_29,730,730,
10695,12,0,0,builder_3,730,730,10640
10631,13,2000000,0,user_15,730,730,
10615,14,1600000,0,user_0,730,730,
10659,15,1500000,35600,user_46,730,730,
10696,16,0,0,builder_3,730,730,10659
10632,17,1100000,0,user_17,730,730,
10664,18,970000,0,user_48,730,730,
10622,19,530000,322000,user_7,730,730,
10697,20,0,0,builder_3,730,730,10622
10647,21,470000,0,user_33,730,730,
10617,22,460000,0,user_2,730,730,
10646,23,150000,296000,user_31,730,730,
10698,24,0,0,builder_3,730,730,10646
10662,25,360000,60700,user_46,730,730,
10699,26,0,0,builder_3,730,730,10662
10652,27,340000,39400,user_38,730,730,
10700,28,0,0,builder_3,730,730,10652
10701,29,0,0,builder_3,730,730,10644
10644,30,120000,256000,user_29,730,730,
10638,31,370000,0,user_26,730,730,
10656,32,320000,35100,user_43,730,730,
10702,33,0,0,builder_3,730,730,10656
10651,34,300000,0,user_37,730,730,
10629,35,240000,16400,user_14,730,730,
10703,36,0,0,builder_3,730,730,10629
10649,37,240000,0,user_35,730,730,
10618,38,220000,0,user_3,730,730,
10620,39,220000,0,user_4,730,730,
10661,40,220000,0,user_46,730,730,
10628,41,160000,0,user_14,730,730,
10654,42,160000,0,user_40,730,730,
10660,43,160000,0,user_46,730,730,
10653,44,110000,43600,user_39,730,730,
10704,45,0,0,builder_3,730,730,10653
10619,46,120000,0,user_3,730,730,
10630,47,120000,0,user_14,730,730,
10642,48,120000,0,user_29,730,730,
10648,49,120000,0,user_34,730,730,
10624,50,110000,0,user_11,730,730,
10627,51,110000,0,user_13,730,730,
10705,52,0,0,builder_3,730,730,10665
10665,53,87000,16400,user_48,730,730,
10657,54,85000,0,user_44,730,730,
10641,55,80000,0,user_29,730,730,
10625,56,73000,0,user_11,730,730,
10645,57,73000,0,user_30,730,730,
10658,58,73000,0,user_46,730,730,
10744,,110000,49100,user_4,731,,
10745,,70000,13900,user_5,731,,
10746,,3600000,0,user_6,731,,
10747,,120000,0,user_7,731,,
10748,,220000,0,user_8,731,,
10749,,150000,0,user_8,731,,
10750,,27000000,0,user_9,731,,
10751,,630000,0,user_9,731,,
10752,,170000,0,user_10,731,,
10753,,1800000,0,user_10,731,,
10754,,150000,0,user_11,731,,
10755,,1800000,43600,user_11,731,,
10756,,910000,0,user_12,731,,
10757,,83000,71800,user_13,731,,
10758,,79000,0,user_16,731,,
10759,,310000,0,user_18,731,,
10760,,420000,0,user_19,731,,
10761,,320000,0,user_20,731,,
10762,,160000,0,user_24,731,,
10763,,420000,12800,user_25,731,,
10764,,310000,14200,user_25,731,,
10765,,2400000,161000,user_26,731,,
10766,,110000,0,user_27,731,,
10767,,220000,0,user_28,731,,
10768,,160000,164000,user_28,731,,
10769,,240000,0,user_29,731,,
10770,,630000,0,user_29,731,,
10771,,160000,0,user_32,731,,
10772,,150000,0,user_32,731,,
10773,,670000,0,user_34,731,,
10774,,5000000,161000,user_35,731,,
10775,,6300000,0,user_36,731,,
10776,,120000,0,user_37,731,,
10777,,350000,68100,user_37,731,,
10778,,910000,959000,user_40,731,,
10779,,84000,64600,user_40,731,,
10780,,350000,0,user_41,731,,
10781,,73000,0,user_42,731,,
10782,,600000,0,user_43,731,,
10783,,260000,0,user_44,731,,
10784,,350000,0,user_45,731,,
10785,,82000,0,user_45,731,,
10786,,2600000,0,user_47,731,,
10787,,1100000,0,user_47,731,,
10788,,470000,0,user_47,731,,
10789,,1400000,0,user_47,731,,
10790,,310000,0,user_47,731,,
10791,,5200000,0,user_48,731,,
10792,,150000,381000,user_48,731,,
10793,,320000,0,user_49,731,,
10750,0,27000000,0,user_9,731,731,
10775,1,6300000,0,user_36,731,731,
10791,2,5200000,0,user_48,731,731,
10774,3,5000000,161000,user_35,731,731,
10794,4,0,0,builder_0,731,731,10774
10746,5,3600000,0,user_6,731,731,
10786,6,2600000,0,user_47,731,731,
10765,7,2400000,161000,user_26,731,731,
10795,8,0,0,builder_0,731,731,10765
10778,9,910000,959000,user_40,731,731,
10796,10,0,0,builder_0,731,731,10778
10797,11,0,0,builder_0,731,731,10755
10755,12,1800000,43600,user_11,731,731,
10753,13,1800000,0,user_10,731,731,
10789,14,1400000,0,user_47,731,731,
10787,15,1100000,0,user_47,731,731,
10751,16,630000,0,user_9,731,731,
10770,17,630000,0,user_29,731,731,
10782,18,600000,0,user_43,731,731,
10792,19,150000,381000,user_48,731,731,
10798,20,0,0,builder_0,731,731,10792
10788,21,470000,0,user_47,731,731,
10763,22,420000,12800,user_25,731,731,
10799,23,0,0,builder_0,731,731,10763
10760,24,420000,0,user_19,731,731,
10777,25,350000,68100,user_37,731,731,
10800,26,0,0,builder_0,731,731,10777
10780,27,350000,0,user_41,731,731,
10764,28,310000,14200,user_25,731,731,
10801,29,0,0,builder_0,731,731,10764
10802,30,0,0,builder_0,731,731,10768
10768,31,160000,164000,user_28,731,731,
10761,32,320000,0,user_20,731,731,
10793,33,320000,0,user_49,731,731,
10759,34,310000,0,user_18,731,731,
10790,35,310000,0,user_47,731,731,
10783,36,260000,0,user_44,731,731,
10769,37,240000,0,user_29,731,731,
10748,38,220000,0,user_8,731,731,
10767,39,220000,0,user_28,731,731,
10752,40,170000,0,user_10,731,731,
10771,41,160000,0,user_32,731,731,
10803,42,0,0,builder_0,731,731,10757
10757,43,83000,71800,user_13,731,731,
10749,44,150000,0,user_8,731,731,
10754,45,150000,0,user_11,731,731,
10772,46,150000,0,user_32,731,731,
10779,47,84000,64600,user_40,731,731,
10804,48,0,0,builder_0,731,731,10779
10747,49,120000,0,user_7,731,731,
10776,50,120000,0,user_37,731,731,
10766,51,110000,0,user_27,731,731,
10758,52,79000,0,user_16,731,731,
10781,53,73000,0,user_42,731,731,
10888,,1700000,0,user_0,732,,
10889,,460000,0,user_0,732,,
10890,,1000000,0,user_1,732,,
10891,,120000,0,user_2,732,,
10892,,85000,0,user_3,732,,
10893,,4200000,0,user_4,732,,
10894,,220000,19700,user_5,732,,
10895,,870000,0,user_5,732,,
10896,,80000,0,user_6,732,,
10897,,300000,0,user_8,732,,
10898,,150000,0,user_8,732,,
10899,,220000,0,user_9,732,,
10900,,27000000,0,user_10,732,,
10901,,160000,0,user_10,732,,
10902,,1400000,0,user_10,732,,
10903,,260000,0,user_10,732,,
10904,,120000,0,user_12,732,,
10905,,1100000,0,user_14,732,,
10906,,130000,0,user_14,732,,
10907,,110000,0,user_14,732,,
10908,,130000,108000,user_14,732,,
10909,,910000,0,user_14,732,,
10910,,220000,0,user_15,732,,
10911,,870000,0,user_16,732,,
10912,,3200000,12800,user_16,732,,
10913,,150000,0,user_18,732,,
10914,,79000,0,user_20,732,,
10915,,170000,0,user_20,732,,
10916,,2000000,0,user_21,732,,
10917,,1500000,164000,user_22,732,,
10918,,3600000,0,user_22,732,,
10919,,110000,0,user_23,732,,
10920,,2100000,0,user_24,732,,
10921,,460000,0,user_27,732,,
10922,,150000,0,user_29,732,,
10923,,150000,0,user_29,732,,
10924,,160000,0,user_31,732,,
10925,,85000,56200,user_31,732,,
10926,,79000,0,user_32,732,,
10927,,120000,35100,user_39,732,,
10928,,220000,0,user_39,732,,
10929,,260000,0,user_41,732,,
10930,,5000000,12800,user_42,732,,
10931,,2500000,0,user_42,732,,
10932,,110000,146000,user_44,732,,
10933,,150000,0,user_46,732,,
10934,,660000,36800,user_46,732,,
10935,,260000,0,user_47,732,,
10900,0,27000000,0,user_10,732,732,
10930,1,5000000,12800,user_42,732,732,
10893,2,4200000,0,user_4,732,732,
10918,3,3600000,0,user_22,732,732,
10912,4,3200000,12800,user_16,732,732,
10931,5,2500000,0,user_42,732,732,
10920,6,2100000,0,user_24,732,732,
10916,7,2000000,0,user_21,732,732,
10888,8,1700000,0,user_0,732,732,
10917,9,1500000,164000,user_22,732,732,
10902,10,1400000,0,user_10,732,732,
10905,11,1100000,0,user_14,732,732,
10890,12,1000000,0,user_1,732,732,
10909,13,910000,0,user_14,732,732,
10911,14,870000,0,user_16,732,732,
10934,15,660000,36800,user_46,732,732,
10889,16,460000,0,user_0,732,732,
10921,17,460000,0,user_27,732,732,
10897,18,300000,0,user_8,732,732,
10903,19,260000,0,user_10,732,732,
10929,20,260000,0,user_41,732,732,
10935,21,260000,0,user_47,732,732,
10899,22,220000,0,user_9,732,732,
10910,23,220000,0,user_15,732,732,
10928,24,220000,0,user_39,732,732,
10915,25,170000,0,user_20,732,732,
10901,26,160000,0,user_10,732,732,
10924,27,160000,0,user_31,732,732,
10898,28,150000,0,user_8,732,732,
10913,29,150000,0,user_18,732,732,
10922,30,150000,0,user_29,732,732,
10923,31,150000,0,user_29,732,732,
10933,32,150000,0,user_46,732,732,
10906,33,130000,0,user_14,732,732,
10908,34,130000,108000,user_14,732,732,
10891,35,120000,0,user_2,732,732,
10904,36,120000,0,user_12,732,732,
10927,37,120000,35100,user_39,732,732,
10907,38,110000,0,user_14,732,732,
10919,39,110000,0,user_23,732,732,
10932,40,110000,146000,user_44,732,732,
10925,41,85000,56200,user_31,732,732,
10896,42,80000,0,user_6,732,732,
10914,43,79000,0,user_20,732,732,
10999,,1300000,0,user_1,733,,
11000,,1100000,0,user_1,733,,
11001,,79000,0,user_2,733,,
11002,,2000000,0,user_2,733,,
11003,,670000,33300,user_2,733,,
11004,,73000,0,user_2,733,,
11005,,120000,0,user_2,733,,
11006,,150000,350000,user_3,733,,
11007,,870000,0,user_5,733,,
11008,,120000,0,user_5,733,,
11009,,910000,0,user_6,733,,
11010,,1900000,0,user_8,733,,
11011,,160000,0,user_8,733,,
11012,,120000,0,user_9,733,,
11013,,970000,0,user_10,733,,
11014,,3600000,0,user_10,733,,
11015,,150000,0,user_10,733,,
11016,,360000,0,user_12,733,,
11017,,1600000,0,user_12,733,,
11018,,1500000,46500,user_14,733,,
11019,,1600000,0,user_14,733,,
11020,,170000,0,user_16,733,,
11021,,1600000,0,user_17,733,,
11022,,310000,67500,user_18,733,,
11023,,1000000,0,user_19,733,,
11024,,79000,0,user_20,733,,
11025,,160000,0,user_20,733,,
11026,,1800000,0,user_21,733,,
11027,,870000,0,user_22,733,,
11028,,2500000,0,user_23,733,,
11029,,240000,0,user_24,733,,
11030,,3500000,0,user_26,733,,
11031,,460000,231000,user_27,733,,
11032,,120000,0,user_27,733,,
11033,,3200000,0,user_28,733,,
11034,,1700000,0,user_28,733,,
11035,,2500000,0,user_29,733,,
11036,,120000,0,user_30,733,,
11037,,83000,0,user_31,733,,
11038,,98000,0,user_32,733,,
11039,,1000000,0,user_32,733,,
11040,,460000,0,user_33,733,,
11041,,5000000,0,user_34,733,,
11042,,460000,0,user_35,733,,
11043,,360000,0,user_35,733,,
11044,,220000,0,user_36,733,,
11045,,1500000,0,user_37,733,,
11046,,83000,0,user_38,733,,
11047,,4500000,0,user_38,733,,
11048,,310000,0,user_39,733,,
11049,,530000,0,user_40,733,,
11050,,6100000,24700,user_41,733,,
11051,,1500000,0,user_43,733,,
11052,,1900000,0,user_44,733,,
11053,,1000000,0,user_46,733,,
11054,,460000,47700,user_46,733,,
11055,,260000,0,user_46,733,,
11056,,6100000,0,user_46,733,,
11057,,970000,0,user_48,733,,
11058,,870000,0,user_49,733,,
11082,0,0,0,builder_4,733,733,11050
11050,1,6100000,24700,user_41,733,733,
11056,2,6100000,0,user_46,733,733,
11041,3,5000000,0,user_34,733,733,
11047,4,4500000,0,user_38,733,733,
11014,5,3600000,0,user_10,733,733,
11030,6,3500000,0,user_26,733,733,
11033,7,3200000,0,user_28,733,733,
11028,8,2500000,0,user_23,733,733,
11035,9,2500000,0,user_29,733,733,
11002,10,2000000,0,user_2,733,733,
11010,11,1900000,0,user_8,733,733,
11052,12,1900000,0,user_44,733,733,
11026,13,1800000,0,user_21,733,733,
11034,14,1700000,0,user_28,733,733,
11017,15,1600000,0,user_12,733,733,
11019,16,1600000,0,user_14,733,733,
11021,17,1600000,0,user_17,733,733,
11083,18,0,0,builder_4,733,733,11018
11018,19,1500000,46500,user_14,733,733,
11045,20,1500000,0,user_37,733,733,
11051,21,1500000,0,user_43,733,733,
10999,22,1300000,0,user_1,733,733,
11000,23,1100000,0,user_1,733,733,
11023,24,1000000,0,user_19,733,733,
11039,25,1000000,0,user_32,733,733,
11053,26,1000000,0,user_46,733,733,
11013,27,970000,0,user_10,733,733,
11057,28,970000,0,user_48,733,733,
11009,29,910000,0,user_6,733,733,
11027,30,870000,0,user_22,733,733,
11058,31,870000,0,user_49,733,733,
11084,32,0,0,builder_4,733,733,11003
11003,33,670000,33300,user_2,733,733,
11085,34,0,0,builder_4,733,733,11031
11031,35,460000,231000,user_27,733,733,
11049,36,530000,0,user_40,733,733,
11086,37,0,0,builder_4,733,733,11054
11054,38,460000,47700,user_46,733,733,
11006,39,150000,350000,user_3,733,733,
11087,40,0,0,builder_4,733,733,11006
11040,41,460000,0,user_33,733,733,
11042,42,460000,0,user_35,733,733,
11088,43,0,0,builder_4,733,733,11022
11022,44,310000,67500,user_18,733,733,
11016,45,360000,0,user_12,733,733,
11043,46,360000,0,user_35,733,733,
11055,47,260000,0,user_46,733,733,
11029,48,240000,0,user_24,733,733,
11044,49,220000,0,user_36,733,733,
11020,50,170000,0,user_16,733,733,
11011,51,160000,0,user_8,733,733,
11025,52,160000,0,user_20,733,733,
11015,53,150000,0,user_10,733,733,
11005,54,120000,0,user_2,733,733,
11012,55,120000,0,user_9,733,733,
11032,56,120000,0,user_27,733,733,
11036,57,120000,0,user_30,733,733,
11038,58,98000,0,user_32,733,733,
11037,59,83000,0,user_31,733,733,
11046,60,83000,0,user_38,733,733,
11001,61,79000,0,user_2,733,733,
11024,62,79000,0,user_20,733,733,
11004,63,73000,0,user_2,733,733,
11109,,3500000,0,user_0,734,,
11110,,30000000,0,user_1,734,,
11111,,150000,0,user_2,734,,
11112,,43000000,0,user_3,734,,
11113,,3600000,0,user_3,734,,
11114,,1800000,381000,user_4,734,,
11115,,2400000,14200,user_6,734,,
11116,,1500000,0,user_7,734,,
11117,,110000,0,user_7,734,,
11118,,1000000,0,user_9,734,,
11119,,150000,0,user_9,734,,
11120,,910000,0,user_9,734,,
11121,,6100000,0,user_9,734,,
11122,,420000,0,user_9,734,,
11123,,84000,0,user_10,734,,
11124,,260000,0,user_12,734,,
11125,,110000,0,user_13,734,,
11126,,310000,0,user_16,734,,
11127,,1200000,0,user_17,734,,
11128,,98000,0,user_17,734,,
11129,,420000,0,user_19,734,,
11130,,340000,0,user_20,734,,
11131,,2600000,0,user_21,734,,
11132,,98000,0,user_22,734,,
11133,,170000,0,user_24,734,,
11134,,150000,0,user_25,734,,
11135,,19000000,16400,user_25,734,,
11136,,83000,0,user_27,734,,
11137,,170000,0,user_27,734,,
11138,,120000,0,user_28,734,,
11139,,870000,0,user_30,734,,
11140,,370000,0,user_31,734,,
11141,,110000,0,user_32,734,,
11142,,460000,0,user_32,734,,
11143,,2000000,0,user_32,734,,
11144,,310000,0,user_33,734,,
11145,,80000,0,user_34,734,,
11146,,970000,0,user_34,734,,
11147,,260000,0,user_34,734,,
11148,,160000,0,user_34,734,,
11149,,220000,0,user_37,734,,
11150,,84000,0,user_38,734,,
11151,,1400000,17700000,user_38,734,,
11152,,1300000,164000,user_38,734,,
11153,,1900000,0,user_38,734,,
11154,,170000,0,user_38,734,,
11155,,910000,0,user_40,734,,
11156,,310000,0,user_41,734,,
11157,,80000,0,user_41,734,,
11158,,220000,43600,user_44,734,,
11159,,370000,0,user_45,734,,
11160,,970000,0,user_46,734,,
11161,,220000,0,user_48,734,,
11162,,530000,0,user_48,734,,
11163,,2000000,0,user_48,734,,
11164,,3600000,0,user_48,734,,
11112,0,43000000,0,user_3,734,734,
11110,1,30000000,0,user_1,734,734,
11151,2,1400000,17700000,user_38,734,734,
11182,3,0,0,builder_4,734,734,11151
11183,4,0,0,builder_4,734,734,11135
11135,5,19000000,16400,user_25,734,734,
11121,6,6100000,0,user_9,734,734,
11113,7,3600000,0,user_3,734,734,
11164,8,3600000,0,user_48,734,734,
11109,9,3500000,0,user_0,734,734,
11131,10,2600000,0,user_21,734,734,
11115,11,2400000,14200,user_6,734,734,
11184,12,0,0,builder_4,734,734,11115
11114,13,1800000,381000,user_4,734,734,
11185,14,0,0,builder_4,734,734,11114
11143,15,2000000,0,user_32,734,734,
11163,16,2000000,0,user_48,734,734,
11153,17,1900000,0,user_38,734,734,
11186,18,0,0,builder_4,734,734,11152
11152,19,1300000,164000,user_38,734,734,
11127,20,1200000,0,user_17,734,734,
11118,21,1000000,0,user_9,734,734,
11146,22,970000,0,user_34,734,734,
11160,23,970000,0,user_46,734,734,
11120,24,910000,0,user_9,734,734,
11155,25,910000,0,user_40,734,734,
11139,26,870000,0,user_30,734,734,
11162,27,530000,0,user_48,734,734,
11142,28,460000,0,user_32,734,734,
11122,29,420000,0,user_9,734,734,
11129,30,420000,0,user_19,734,734,
11140,31,370000,0,user_31,734,734,
11159,32,370000,0,user_45,734,734,
11130,33,340000,0,user_20,734,734,
11126,34,310000,0,user_16,734,734,
11144,35,310000,0,user_33,734,734,
11156,36,310000,0,user_41,734,734,
11158,37,220000,43600,user_44,734,734,
11187,38,0,0,builder_4,734,734,11158
11124,39,260000,0,user_12,734,734,
11147,40,260000,0,user_34,734,734,
11149,41,220000,0,user_37,734,734,
11161,42,220000,0,user_48,734,734,
11133,43,170000,0,user_24,734,734,
11137,44,170000,0,user_27,734,734,
11154,45,170000,0,user_38,734,734,
11148,46,160000,0,user_34,734,734,
11111,47,150000,0,user_2,734,734,
11119,48,150000,0,user_9,734,734,
11134,49,150000,0,user_25,734,734,
11138,50,120000,0,user_28,734,734,
11125,51,110000,0,user_13,734,734,
11141,52,110000,0,user_32,734,734,
11128,53,98000,0,user_17,734,734,
11132,54,98000,0,user_22,734,734,
11123,55,84000,0,user_10,734,734,
11150,56,84000,0,user_38,734,734,
11136,57,83000,0,user_27,734,734,
11145,58,80000,0,user_34,734,734,
11157,59,80000,0,user_41,734,734,
11208,,320000,0,user_2,735,,
11209,,87000,0,user_3,735,,
11210,,4200000,0,user_6,735,,
11211,,5000000,0,user_11,735,,
11212,,1000000,0,user_12,735,,
11213,,2500000,0,user_13,735,,
11214,,2300000,66100,user_13,735,,
11215,,160000,0,user_13,735,,
11216,,27000000,0,user_13,735,,
11217,,300000,0,user_14,735,,
11218,,160000,0,user_16,735,,
11219,,19000000,779000,user_17,735,,
11220,,630000,0,user_17,735,,
11221,,310000,0,user_20,735,,
11222,,310000,0,user_21,735,,
11223,,170000,0,user_22,735,,
11224,,3200000,0,user_25,735,,
11225,,110000,0,user_27,735,,
11226,,1600000,0,user_27,735,,
11227,,220000,0,user_28,735,,
11228,,84000,0,user_28,735,,
11229,,870000,0,user_31,735,,
11230,,3200000,0,user_31,735,,
11231,,1100000,0,user_33,735,,
11232,,1000000,0,user_33,735,,
11233,,260000,0,user_34,735,,
11234,,220000,0,user_35,735,,
11235,,1400000,0,user_36,735,,
11236,,1000000,0,user_36,735,,
11237,,83000,0,user_39,735,,
11238,,120000,0,user_39,735,,
11239,,4500000,0,user_40,735,,
11240,,2100000,0,user_40,735,,
11241,,1900000,60700,user_40,735,,
11242,,1000000,0,user_40,735,,
11243,,110000,0,user_40,735,,
11244,,150000,0,user_41,735,,
11245,,150000,0,user_43,735,,
11246,,73000,0,user_44,735,,
11247,,970000,0,user_44,735,,
11248,,470000,67900,user_44,735,,
11249,,220000,0,user_44,735,,
11250,,2100000,31700,user_46,735,,
11251,,1000000,0,user_47,735,,
11252,,2400000,0,user_47,735,,
11253,,600000,0,user_48,735,,
11254,,1000000,0,user_49,735,,
11255,,27000000,0,user_49,735,,
11216,0,27000000,0,user_13,735,735,
11255,1,27000000,0,user_49,735,735,
11219,2,19000000,779000,user_17,735,735,
11211,3,5000000,0,user_11,735,735,
11239,4,4500000,0,user_40,735,735,
11210,5,4200000,0,user_6,735,735,
11224,6,3200000,0,user_25,735,735,
11230,7,3200000,0,user_31,735,735,
11213,8,2500000,0,user_13,735,735,
11252,9,2400000,0,user_47,735,735,
11214,10,2300000,66100,user_13,735,735,
11240,11,2100000,0,user_40,735,735,
11250,12,2100000,31700,user_46,735,735,
11241,13,1900000,60700,user_40,735,735,
11226,14,1600000,0,user_27,735,735,
11235,15,1400000,0,user_36,735,735,
11231,16,1100000,0,user_33,735,735,
11212,17,1000000,0,user_12,735,735,
11232,18,1000000,0,user_33,735,735,
11236,19,1000000,0,user_36,735,735,
11242,20,1000000,0,user_40,735,735,
11251,21,1000000,0,user_47,735,735,
11254,22,1000000,0,user_49,735,735,
11247,23,970000,0,user_44,735,735,
11229,24,870000,0,user_31,735,735,
11220,25,630000,0,user_17,735,735,
11248,26,470000,67900,user_44,735,735,
11208,27,320000,0,user_2,735,735,
11221,28,310000,0,user_20,735,735,
11222,29,310000,0,user_21,735,735,
11233,30,260000,0,user_34,735,735,
11234,31,220000,0,user_35,735,735,
11249,32,220000,0,user_44,735,735,
11223,33,170000,0,user_22,735,735,
11215,34,160000,0,user_13,735,735,
11218,35,160000,0,user_16,735,735,
11244,36,150000,0,user_41,735,735,
11245,37,150000,0,user_43,735,735,
11238,38,120000,0,user_39,735,735,
11225,39,110000,0,user_27,735,735,
11243,40,110000,0,user_40,735,735,
11209,41,87000,0,user_3,735,735,
11237,42,83000,0,user_39,735,735,
11246,43,73000,0,user_44,735,735,
11289,,170000,0,user_0,736,,
11290,,160000,0,user_0,736,,
11291,,160000,128000,user_0,736,,
11292,,5000000,19700,user_1,736,,
11293,,460000,0,user_3,736,,
11294,,87000,0,user_4,736,,
11295,,87000,0,user_5,736,,
11296,,260000,381000,user_5,736,,
11297,,83000,0,user_5,736,,
11298,,350000,0,user_7,736,,
11299,,130000,0,user_10,736,,
11300,,120000,0,user_10,736,,
11301,,6100000,0,user_11,736,,
11302,,84000,0,user_12,736,,
11303,,670000,369000,user_13,736,,
11304,,2000000,1100000,user_13,736,,
11305,,43000000,0,user_13,736,,
11306,,120000,0,user_13,736,,
11307,,110000,128000,user_14,736,,
11308,,1000000,30200,user_15,736,,
11309,,73000,0,user_16,736,,
11310,,110000,16400,user_18,736,,
11311,,2600000,0,user_20,736,,
11312,,1700000,66100,user_23,736,,
11313,,360000,0,user_24,736,,
11314,,1100000,0,user_25,736,,
11315,,2300000,0,user_25,736,,
11316,,1900000,0,user_26,736,,
11317,,370000,0,user_31,736,,
11318,,160000,0,user_31,736,,
11319,,260000,0,user_33,736,,
11320,,98000,545000,user_34,736,,
11321,,1600000,36800,user_35,736,,
11322,,2000000,0,user_36,736,,
11323,,120000,0,user_38,736,,
11324,,1500000,410000,user_38,736,,
11325,,79000,0,user_38,736,,
11326,,4200000,0,user_39,736,,
11327,,120000,16400,user_39,736,,
11328,,660000,3130,user_40,736,,
11329,,360000,959000,user_43,736,,
11330,,87000,0,user_44,736,,
11331,,150000,32900,user_45,736,,
11332,,19000000,0,user_46,736,,
11333,,220000,0,user_47,736,,
11334,,70000,0,user_47,736,,
11335,,110000,0,user_47,736,,
11336,,1800000,71800,user_48,736,,
11337,,2000000,0,user_49,736,,
11305,0,43000000,0,user_13,736,736,
11332,1,19000000,0,user_46,736,736,
11301,2,6100000,0,user_11,736,736,
11292,3,5000000,19700,user_1,736,736,
11326,4,4200000,0,user_39,736,736,
11311,5,2600000,0,user_20,736,736,
11315,6,2300000,0,user_25,736,736,
11304,7,2000000,1100000,user_13,736,736,
11322,8,2000000,0,user_36,736,736,
11337,9,2000000,0,user_49,736,736,
11316,10,1900000,0,user_26,736,736,
11312,11,1700000,66100,user_23,736,736,
11321,12,1600000,36800,user_35,736,736,
11314,13,1100000,0,user_25,736,736,
11308,14,1000000,30200,user_15,736,736,
11303,15,670000,369000,user_13,736,736,
11328,16,660000,3130,user_40,736,736,
11293,17,460000,0,user_3,736,736,
11317,18,370000,0,user_31,736,736,
11329,19,360000,959000,user_43,736,736,
11298,20,350000,0,user_7,736,736,
11296,21,260000,381000,user_5,736,736,
11319,22,260000,0,user_33,736,736,
11333,23,220000,0,user_47,736,736,
11289,24,170000,0,user_0,736,736,
11290,25,160000,0,user_0,736,736,
11291,26,160000,128000,user_0,736,736,
11318,27,160000,0,user_31,736,736,
11331,28,150000,32900,user_45,736,736,
11299,29,130000,0,user_10,736,736,
11300,30,120000,0,user_10,736,736,
11306,31,120000,0,user_13,736,736,
11327,32,120000,16400,user_39,736,736,
11310,33,110000,16400,user_18,736,736,
11335,34,110000,0,user_47,736,736,
11320,35,98000,545000,user_34,736,736,
11294,36,87000,0,user_4,736,736,
11295,37,87000,0,user_5,736,736,
11330,38,87000,0,user_44,736,736,
11302,39,84000,0,user_12,736,736,
11297,40,83000,0,user_5,736,736,
11309,41,73000,0,user_16,736,736,
11334,42,70000,0,user_47,736,736,
11457,,2000000,0,user_0,737,,
11458,,120000,0,user_1,737,,
11459,,1500000,0,user_2,737,,
11460,,150000,0,user_2,737,,
11461,,2000000,0,user_3,737,,
11462,,120000,0,user_3,737,,
11463,,530000,0,user_4,737,,
11464,,1900000,0,user_7,737,,
11465,,150000,0,user_8,737,,
11466,,150000,0,user_10,737,,
11467,,4200000,0,user_11,737,,
11468,,4200000,0,user_12,737,,
11469,,160000,0,user_12,737,,
11470,,670000,0,user_13,737,,
11471,,5000000,0,user_14,737,,
11472,,79000,0,user_15,737,,
11473,,340000,0,user_19,737,,
11474,,70000,0,user_20,737,,
11475,,79000,0,user_21,737,,
11476,,110000,0,user_22,737,,
11477,,4200000,350000,user_23,737,,
11478,,460000,0,user_23,737,,
11479,,1900000,0,user_23,737,,
11480,,110000,0,user_24,737,,
11481,,310000,0,user_25,737,,
11482,,110000,0,user_25,737,,
11483,,6100000,146000,user_25,737,,
11484,,420000,0,user_25,737,,
11485,,110000,0,user_26,737,,
11486,,650000,0,user_27,737,,
11487,,1700000,0,user_27,737,,
11488,,70000,0,user_32,737,,
11489,,160000,0,user_34,737,,
11490,,1500000,0,user_34,737,,
11491,,27000000,0,user_35,737,,
11492,,110000,0,user_36,737,,
11493,,3500000,13800,user_37,737,,
11494,,1400000,0,user_38,737,,
11495,,5000000,0,user_39,737,,
11496,,360000,0,user_40,737,,
11497,,70000,0,user_41,737,,
11498,,970000,73100,user_41,737,,
11499,,110000,0,user_43,737,,
11500,,27000000,67900,user_44,737,,
11501,,160000,7840,user_46,737,,
11502,,1100000,0,user_47,737,,
11503,,220000,0,user_49,737,,
11504,,4500000,0,user_49,737,,
11491,0,27000000,0,user_35,737,737,
11500,1,27000000,67900,user_44,737,737,
11483,2,6100000,146000,user_25,737,737,
11471,3,5000000,0,user_14,737,737,
11495,4,5000000,0,user_39,737,737,
11504,5,4500000,0,user_49,737,737,
11467,6,4200000,0,user_11,737,737,
11468,7,4200000,0,user_12,737,737,
11477,8,4200000,350000,user_23,737,737,
11493,9,3500000,13800,user_37,737,737,
11457,10,2000000,0,user_0,737,737,
11461,11,2000000,0,user_3,737,737,
11464,12,1900000,0,user_7,737,737,
11479,13,1900000,0,user_23,737,737,
11459,14,1500000,0,user_2,737,737,
11490,15,1500000,0,user_34,737,737,
11502,16,1100000,0,user_47,737,737,
11498,17,970000,73100,user_41,737,737,
11470,18,670000,0,user_13,737,737,
11463,19,530000,0,user_4,737,737,
11478,20,460000,0,user_23,737,737,
11484,21,420000,0,user_25,737,737,
11496,22,360000,0,user_40,737,737,
11473,23,340000,0,user_19,737,737,
11481,24,310000,0,user_25,737,737,
11503,25,220000,0,user_49,737,737,
11469,26,160000,0,user_12,737,737,
11489,27,160000,0,user_34,737,737,
11501,28,160000,7840,user_46,737,737,
11460,29,150000,0,user_2,737,737,
11465,30,150000,0,user_8,737,737,
11458,31,120000,0,user_1,737,737,
11462,32,120000,0,user_3,737,737,
11476,33,110000,0,user_22,737,737,
11480,34,110000,0,user_24,737,737,
11482,35,110000,0,user_25,737,737,
11485,36,110000,0,user_26,737,737,
11499,37,110000,0,user_43,737,737,
11472,38,79000,0,user_15,737,737,
11475,39,79000,0,user_21,737,737,
11474,40,70000,0,user_20,737,737,
11488,41,70000,0,user_32,737,737,
11497,42,70000,0,user_41,737,737,
11548,,150000,0,user_2,738,,
11549,,170000,0,user_3,738,,
11550,,1500000,5640,user_3,738,,
11551,,79000,0,user_3,738,,
11552,,870000,0,user_4,738,,
11553,,3600000,0,user_6,738,,
11554,,84000,0,user_9,738,,
11555,,470000,0,user_10,738,,
11556,,1400000,0,user_11,738,,
11557,,5000000,0,user_11,738,,
11558,,1900000,0,user_11,738,,
11559,,260000,0,user_11,738,,
11560,,350000,0,user_12,738,,
11561,,970000,11200,user_12,738,,
11562,,160000,49100,user_13,738,,
11563,,1400000,0,user_13,738,,
11564,,310000,0,user_14,738,,
11565,,2000000,0,user_15,738,,
11566,,1700000,0,user_15,738,,
11567,,160000,0,user_15,738,,
11568,,4500000,15300,user_15,738,,
11569,,420000,23500,user_16,738,,
11570,,1900000,0,user_17,738,,
11571,,77000,0,user_17,738,,
11572,,2300000,0,user_17,738,,
11573,,1600000,0,user_19,738,,
11574,,2400000,0,user_19,738,,
11575,,84000,0,user_20,738,,
11576,,630000,0,user_22,738,,
11577,,1600000,0,user_23,738,,
11578,,85000,0,user_24,738,,
11579,,120000,0,user_26,738,,
11580,,120000,0,user_26,738,,
11581,,87000,0,user_26,738,,
11582,,130000,39400,user_26,738,,
11583,,4200000,0,user_26,738,,
11584,,1000000,49100,user_27,738,,
11585,,1400000,0,user_27,738,,
11586,,460000,0,user_28,738,,
11587,,1000000,17000,user_28,738,,
11588,,2500000,0,user_31,738,,
11589,,19000000,100000,user_31,738,,
11590,,420000,0,user_31,738,,
11591,,2500000,0,user_32,738,,
11592,,320000,0,user_33,738,,
11593,,460000,0,user_33,738,,
11594,,420000,0,user_35,738,,
11595,,170000,12300,user_36,738,,
11596,,70000,350000,user_38,738,,
11597,,2400000,0,user_39,738,,
11598,,82000,0,user_39,738,,
11599,,70000,0,user_41,738,,
11600,,460000,0,user_42,738,,
11601,,5000000,215000,user_45,738,,
11602,,420000,0,user_47,738,,
11589,0,19000000,100000,user_31,738,738,
11557,1,5000000,0,user_11,738,738,
11601,2,5000000,215000,user_45,738,738,
11568,3,4500000,15300,user_15,738,738,
11583,4,4200000,0,user_26,738,738,
11553,5,3600000,0,user_6,738,738,
11588,6,2500000,0,user_31,738,738,
11591,7,2500000,0,user_32,738,738,
11574,8,2400000,0,user_19,738,738,
11597,9,2400000,0,user_39,738,738,
11572,10,2300000,0,user_17,738,738,
11565,11,2000000,0,user_15,738,738,
11558,12,1900000,0,user_11,738,738,
11570,13,1900000,0,user_17,738,738,
11566,14,1700000,0,user_15,738,738,
11573,15,1600000,0,user_19,738,738,
11550,16,1500000,5640,user_3,738,738,
11556,17,1400000,0,user_11,738,738,
11563,18,1400000,0,user_13,738,738,
11585,19,1400000,0,user_27,738,738,
11584,20,1000000,49100,user_27,738,738,
11587,21,1000000,17000,user_28,738,738,
11561,22,970000,11200,user_12,738,738,
11552,23,870000,0,user_4,738,738,
11555,24,470000,0,user_10,738,738,
11586,25,460000,0,user_28,738,738,
11593,26,460000,0,user_33,738,738,
11600,27,460000,0,user_42,738,738,
11569,28,420000,23500,user_16,738,738,
11590,29,420000,0,user_31,738,738,
11594,30,420000,0,user_35,738,738,
11602,31,420000,0,user_47,738,738,
11560,32,350000,0,user_12,738,738,
11592,33,320000,0,user_33,738,738,
11559,34,260000,0,user_11,738,738,
11549,35,170000,0,user_3,738,738,
11562,36,160000,49100,user_13,738,738,
11567,37,160000,0,user_15,738,738,
11548,38,150000,0,user_2,738,738,
11582,39,130000,39400,user_26,738,738,
11579,40,120000,0,user_26,738,738,
11580,41,120000,0,user_26,738,738,
11581,42,87000,0,user_26,738,738,
11578,43,85000,0,user_24,738,738,
11554,44,84000,0,user_9,738,738,
11575,45,84000,0,user_20,738,738,
11598,46,82000,0,user_39,738,738,
11551,47,79000,0,user_3,738,738,
11571,48,77000,0,user_17,738,738,
11596,49,70000,350000,user_38,738,738,
11599,50,70000,0,user_41,738,738,
11691,,110000,0,user_0,739,,
11692,,2000000,0,user_1,739,,
11693,,1100000,0,user_2,739,,
11694,,310000,0,user_3,739,,
11695,,1600000,0,user_4,739,,
11696,,77000,0,user_5,739,,
11697,,3600000,0,user_7,739,,
11698,,1600000,0,user_7,739,,
11699,,110000,0,user_8,739,,
11700,,77000,0,user_9,739,,
11701,,3200000,0,user_10,739,,
11702,,460000,71800,user_10,739,,
11703,,1200000,0,user_12,739,,
11704,,1600000,0,user_13,739,,
11705,,1400000,0,user_14,739,,
11706,,5000000,0,user_17,739,,
11707,,1400000,0,user_18,739,,
11708,,2000000,128000,user_20,739,,
11709,,660000,0,user_20,739,,
11710,,1900000,0,user_24,739,,
11711,,1700000,12300,user_26,739,,
11712,,530000,0,user_27,739,,
11713,,110000,11200,user_29,739,,
11714,,260000,60700,user_30,739,,
11715,,1500000,0,user_30,739,,
11716,,110000,0,user_30,739,,
11717,,6100000,231000,user_31,739,,
11718,,530000,0,user_32,739,,
11719,,420000,0,user_33,739,,
11720,,73000,0,user_33,739,,
11721,,5000000,0,user_34,739,,
11722,,350000,0,user_37,739,,
11723,,2000000,0,user_38,739,,
11724,,80000,0,user_39,739,,
11725,,260000,0,user_39,739,,
11726,,300000,0,user_40,739,,
11727,,110000,285000,user_40,739,,
11728,,190000,0,user_42,739,,
11729,,460000,0,user_43,739,,
11730,,2600000,0,user_43,739,,
11731,,150000,15300,user_43,739,,
11732,,170000,0,user_44,739,,
11733,,19000000,0,user_45,739,,
11734,,2000000,0,user_45,739,,
11735,,340000,49100,user_46,739,,
11736,,82000,17700000,user_47,739,,
11737,,1100000,39400,user_48,739,,
11738,,670000,0,user_49,739,,
11733,0,19000000,0,user_45,739,739,
11717,1,6100000,231000,user_31,739,739,
11706,2,5000000,0,user_17,739,739,
11721,3,5000000,0,user_34,739,739,
11697,4,3600000,0,user_7,739,739,
11701,5,3200000,0,user_10,739,739,
11730,6,2600000,0,user_43,739,739,
11692,7,2000000,0,user_1,739,739,
11708,8,2000000,128000,user_20,739,739,
11723,9,2000000,0,user_38,739,739,
11734,10,2000000,0,user_45,739,739,
11710,11,1900000,0,user_24,739,739,
11711,12,1700000,12300,user_26,739,739,
11695,13,1600000,0,user_4,739,739,
11698,14,1600000,0,user_7,739,739,
11704,15,1600000,0,user_13,739,739,
11715,16,1500000,0,user_30,739,739,
11705,17,1400000,0,user_14,739,739,
11707,18,1400000,0,user_18,739,739,
11703,19,1200000,0,user_12,739,739,
11693,20,1100000,0,user_2,739,739,
11737,21,1100000,39400,user_48,739,739,
11709,22,660000,0,user_20,739,739,
11712,23,530000,0,user_27,739,739,
11702,24,460000,71800,user_10,739,739,
11729,25,460000,0,user_43,739,739,
11735,26,340000,49100,user_46,739,739,
11726,27,300000,0,user_40,739,739,
11714,28,260000,60700,user_30,739,739,
11725,29,260000,0,user_39,739,739,
11728,30,190000,0,user_42,739,739,
11732,31,170000,0,user_44,739,739,
11731,32,150000,15300,user_43,739,739,
11691,33,110000,0,user_0,739,739,
11699,34,110000,0,user_8,739,739,
11713,35,110000,11200,user_29,739,739,
11716,36,110000,0,user_30,739,739,
11727,37,110000,285000,user_40,739,739,
11736,38,82000,17700000,user_47,739,739,
11724,39,80000,0,user_39,739,739,
11700,40,77000,0,user_9,739,739,
11813,,1500000,0,user_0,740,,
11814,,150000,0,user_1,740,,
11815,,370000,4320000,user_2,740,,
11816,,2300000,0,user_2,740,,
11817,,600000,0,user_2,740,,
11818,,110000,0,user_2,740,,
11819,,43000000,0,user_2,740,,
11820,,1000000,0,user_3,740,,
11821,,30000000,0,user_4,740,,
11822,,240000,0,user_5,740,,
11823,,630000,0,user_5,740,,
11824,,1500000,0,user_6,740,,
11825,,110000,0,user_7,740,,
11826,,220000,0,user_7,740,,
11827,,110000,285000,user_8,740,,
11828,,360000,0,user_8,740,,
11829,,910000,0,user_11,740,,
11830,,2400000,0,user_12,740,,
11831,,460000,0,user_12,740,,
11832,,870000,67500,user_13,740,,
11833,,2000000,0,user_14,740,,
11834,,87000,0,user_15,740,,
11835,,87000,33300,user_17,740,,
11836,,100000,0,user_17,740,,
11837,,190000,0,user_18,740,,
11838,,150000,0,user_19,740,,
11839,,82000,0,user_19,740,,
11840,,84000,30200,user_20,740,,
11841,,170000,0,user_21,740,,
11842,,3600000,0,user_22,740,,
11843,,150000,0,user_23,740,,
11844,,220000,0,user_23,740,,
11845,,650000,0,user_23,740,,
11846,,190000,0,user_23,740,,
11847,,340000,0,user_25,740,,
11848,,1100000,231000,user_26,740,,
11849,,170000,181000,user_27,740,,
11850,,1200000,0,user_29,740,,
11851,,120000,0,user_30,740,,
11852,,320000,0,user_30,740,,
11853,,300000,0,user_31,740,,
11854,,70000,39400,user_31,740,,
11855,,190000,0,user_32,740,,
11856,,85000,0,user_32,740,,
11857,,1100000,0,user_33,740,,
11858,,220000,0,user_34,740,,
11859,,120000,21800,user_35,740,,
11860,,240000,0,user_35,740,,
11861,,170000,0,user_35,740,,
11862,,77000,0,user_36,740,,
11863,,320000,769000,user_36,740,,
11864,,110000,0,user_36,740,,
11865,,340000,0,user_36,740,,
11866,,1400000,0,user_36,740,,
11867,,310000,0,user_37,740,,
11868,,600000,0,user_38,740,,
11869,,870000,0,user_38,740,,
11870,,19000000,0,user_40,740,,
11871,,19000000,0,user_41,740,,
11872,,83000,0,user_42,740,,
11873,,120000,0,user_43,740,,
11874,,460000,121000,user_43,740,,
11875,,2000000,0,user_46,740,,
11876,,1500000,0,user_46,740,,
11877,,240000,0,user_46,740,,
11878,,73000,0,user_47,740,,
11819,0,43000000,0,user_2,740,740,
11821,1,30000000,0,user_4,740,740,
11870,2,19000000,0,user_40,740,740,
11871,3,19000000,0,user_41,740,740,
11914,4,0,0,builder_4,740,740,11815
11815,5,370000,4320000,user_2,740,740,
11842,6,3600000,0,user_22,740,740,
11830,7,2400000,0,user_12,740,740,
11816,8,2300000,0,user_2,740,740,
11833,9,2000000,0,user_14,740,740,
11875,10,2000000,0,user_46,740,740,
11813,11,1500000,0,user_0,740,740,
11824,12,1500000,0,user_6,740,740,
11876,13,1500000,0,user_46,740,740,
11866,14,1400000,0,user_36,740,740,
11915,15,0,0,builder_4,740,740,11848
11848,16,1100000,231000,user_26,740,740,
11850,17,1200000,0,user_29,740,740,
11857,18,1100000,0,user_33,740,740,
11863,19,320000,769000,user_36,740,740,
11916,20,0,0,builder_4,740,740,11863
11820,21,1000000,0,user_3,740,740,
11832,22,870000,67500,user_13,740,740,
11917,23,0,0,builder_4,740,740,11832
11829,24,910000,0,user_11,740,740,
11869,25,870000,0,user_38,740,740,
11845,26,650000,0,user_23,740,740,
11817,27,600000,0,user_2,740,740,
11868,28,600000,0,user_38,740,740,
11918,29,0,0,builder_4,740,740,11874
11874,30,460000,121000,user_43,740,740,
11831,31,460000,0,user_12,740,740,
11919,32,0,0,builder_4,740,740,11827
11827,33,110000,285000,user_8,740,740,
11828,34,360000,0,user_8,740,740,
11920,35,0,0,builder_4,740,740,11849
11849,36,170000,181000,user_27,740,740,
11847,37,340000,0,user_25,740,740,
11865,38,340000,0,user_36,740,740,
11852,39,320000,0,user_30,740,740,
11867,40,310000,0,user_37,740,740,
11853,41,300000,0,user_31,740,740,
11860,42,240000,0,user_35,740,740,
11877,43,240000,0,user_46,740,740,
11844,44,220000,0,user_23,740,740,
11858,45,220000,0,user_34,740,740,
11837,46,190000,0,user_18,740,740,
11846,47,190000,0,user_23,740,740,
11855,48,190000,0,user_32,740,740,
11841,49,170000,0,user_21,740,740,
11861,50,170000,0,user_35,740,740,
11814,51,150000,0,user_1,740,740,
11838,52,150000,0,user_19,740,740,
11843,53,150000,0,user_23,740,740,
11859,54,120000,21800,user_35,740,740,
11921,55,0,0,builder_4,740,740,11859
11835,56,87000,33300,user_17,740,740,
11922,57,0,0,builder_4,740,740,11835
11851,58,120000,0,user_30,740,740,
11873,59,120000,0,user_43,740,740,
11923,60,0,0,builder_4,740,740,11840
11840,61,84000,30200,user_20,740,740,
11818,62,110000,0,user_2,740,740,
11864,63,110000,0,user_36,740,740,
11924,64,0,0,builder_4,740,740,11854
11854,65,70000,39400,user_31,740,740,
11836,66,100000,0,user_17,740,740,
11856,67,85000,0,user_32,740,740,
11872,68,83000,0,user_42,740,740,
11839,69,82000,0,user_19,740,740,
11862,70,77000,0,user_36,740,740,
11955,,98000,0,user_0,741,,
11956,,1100000,0,user_1,741,,
11957,,1600000,0,user_2,741,,
11958,,970000,10700,user_2,741,,
11959,,4200000,0,user_3,741,,
11960,,1100000,0,user_4,741,,
11961,,600000,0,user_4,741,,
11962,,120000,0,user_4,741,,
11963,,6300000,0,user_4,741,,
11964,,79000,68100,user_4,741,,
11965,,130000,0,user_5,741,,
11966,,150000,0,user_7,741,,
11967,,5000000,0,user_8,741,,
11968,,420000,0,user_9,741,,
11969,,43000000,0,user_13,741,,
11970,,70000,0,user_13,741,,
11971,,1500000,0,user_13,741,,
11972,,1600000,0,user_17,741,,
11973,,1100000,0,user_17,741,,
11974,,370000,0,user_17,741,,
11975,,2100000,0,user_17,741,,
11976,,2000000,0,user_17,741,,
11977,,98000,128000,user_18,741,,
11978,,1100000,0,user_21,741,,
11979,,220000,0,user_22,741,,
11980,,350000,5630,user_22,741,,
11981,,160000,0,user_22,741,,
11982,,2000000,0,user_23,741,,
11983,,2600000,0,user_23,741,,
11984,,370000,0,user_25,741,,
11985,,19000000,0,user_27,741,,
11986,,170000,0,user_29,741,,
11987,,79000,161000,user_30,741,,
11988,,27000000,0,user_31,741,,
11989,,370000,0,user_32,741,,
11990,,260000,5640,user_33,741,,
11991,,1500000,0,user_33,741,,
11992,,110000,0,user_34,741,,
11993,,85000,0,user_34,741,,
11994,,460000,0,user_35,741,,
11995,,150000,0,user_36,741,,
11996,,87000,0,user_37,741,,
11997,,310000,47700,user_38,741,,
11998,,190000,369000,user_39,741,,
11999,,300000,0,user_41,741,,
12000,,80000,12300,user_42,741,,
12001,,73000,0,user_43,741,,
12002,,110000,0,user_44,741,,
12003,,340000,7840,user_45,741,,
12004,,1600000,0,user_46,741,,
12005,,1600000,0,user_46,741,,
12006,,110000,0,user_47,741,,
12007,,3200000,121000,user_47,741,,
12008,,530000,0,user_48,741,,
12009,,470000,0,user_49,741,,
12010,,630000,13900,user_49,741,,
12011,,110000,0,user_49,741,,
12012,,2000000,0,user_49,741,,
12013,,2600000,0,user_49,741,,
11969,0,43000000,0,user_13,741,741,
11988,1,27000000,0,user_31,741,741,
11985,2,19000000,0,user_27,741,741,
11963,3,6300000,0,user_4,741,741,
11967,4,5000000,0,user_8,741,741,
11959,5,4200000,0,user_3,741,741,
12007,6,3200000,121000,user_47,741,741,
11983,7,2600000,0,user_23,741,741,
12013,8,2600000,0,user_49,741,741,
11975,9,2100000,0,user_17,741,741,
11976,10,2000000,0,user_17,741,741,
11982,11,2000000,0,user_23,741,741,
12012,12,2000000,0,user_49,741,741,
11957,13,1600000,0,user_2,741,741,
11972,14,1600000,0,user_17,741,741,
12004,15,1600000,0,user_46,741,741,
12005,16,1600000,0,user_46,741,741,
11971,17,1500000,0,user_13,741,741,
11991,18,1500000,0,user_33,741,741,
11956,19,1100000,0,user_1,741,741,
11960,20,1100000,0,user_4,741,741,
11973,21,1100000,0,user_17,741,741,
11978,22,1100000,0,user_21,741,741,
11958,23,970000,10700,user_2,741,741,
12010,24,630000,13900,user_49,741,741,
11961,25,600000,0,user_4,741,741,
12009,26,470000,0,user_49,741,741,
11994,27,460000,0,user_35,741,741,
11974,28,370000,0,user_17,741,741,
11984,29,370000,0,user_25,741,741,
11980,30,350000,5630,user_22,741,741,
12003,31,340000,7840,user_45,741,741,
11999,32,300000,0,user_41,741,741,
11990,33,260000,5640,user_33,741,741,
11979,34,220000,0,user_22,741,741,
11998,35,190000,369000,user_39,741,741,
11986,36,170000,0,user_29,741,741,
11981,37,160000,0,user_22,741,741,
11966,38,150000,0,user_7,741,741,
11995,39,150000,0,user_36,741,741,
11965,40,130000,0,user_5,741,741,
11962,41,120000,0,user_4,741,741,
11992,42,110000,0,user_34,741,741,
12002,43,110000,0,user_44,741,741,
12006,44,110000,0,user_47,741,741,
12011,45,110000,0,user_49,741,741,
11955,46,98000,0,user_0,741,741,
11977,47,98000,128000,user_18,741,741,
11996,48,87000,0,user_37,741,741,
11993,49,85000,0,user_34,741,741,
12000,50,80000,12300,user_42,741,741,
11964,51,79000,68100,user_4,741,741,
11987,52,79000,161000,user_30,741,741,
12001,53,73000,0,user_43,741,741,
11970,54,70000,0,user_13,741,741,
12098,,260000,0,user_0,742,,
12099,,120000,0,user_2,742,,
12100,,310000,0,user_3,742,,
12101,,84000,0,user_5,742,,
12102,,5000000,0,user_6,742,,
12103,,660000,0,user_7,742,,
12104,,310000,0,user_8,742,,
12105,,2600000,0,user_9,742,,
12106,,150000,0,user_9,742,,
12107,,320000,0,user_10,742,,
12108,,1600000,39400,user_11,742,,
12109,,4200000,0,user_13,742,,
12110,,84000,5640,user_14,742,,
12111,,470000,0,user_15,742,,
12112,,260000,0,user_17,742,,
12113,,73000,0,user_17,742,,
12114,,4200000,0,user_19,742,,
12115,,79000,0,user_21,742,,
12116,,1600000,0,user_22,742,,
12117,,120000,67500,user_22,742,,
12118,,220000,1100000,user_23,742,,
12119,,1200000,0,user_23,742,,
12120,,3500000,0,user_24,742,,
12121,,1600000,779000,user_25,742,,
12122,,77000,0,user_27,742,,
12123,,79000,0,user_28,742,,
12124,,77000,0,user_28,742,,
12125,,650000,0,user_29,742,,
12126,,670000,0,user_30,742,,
12127,,160000,0,user_31,742,,
12128,,80000,5180,user_31,742,,
12129,,260000,0,user_31,742,,
12130,,310000,0,user_31,742,,
12131,,1500000,0,user_31,742,,
12132,,110000,0,user_32,742,,
12133,,2300000,0,user_33,742,,
12134,,1100000,0,user_36,742,,
12135,,1400000,128000,user_37,742,,
12136,,1100000,0,user_38,742,,
12137,,300000,0,user_39,742,,
12138,,2100000,0,user_40,742,,
12139,,6300000,0,user_40,742,,
12140,,150000,0,user_40,742,,
12141,,110000,64600,user_40,742,,
12142,,320000,283000,user_40,742,,
12143,,160000,0,user_41,742,,
12144,,320000,0,user_42,742,,
12145,,160000,0,user_42,742,,
12146,,350000,0,user_43,742,,
12147,,2000000,0,user_43,742,,
12148,,220000,0,user_44,742,,
12149,,530000,0,user_45,742,,
12150,,660000,0,user_46,742,,
12151,,73000,32900,user_47,742,,
12152,,2300000,0,user_47,742,,
12153,,910000,0,user_49,742,,
12154,,460000,0,user_49,742,,
12155,,5000000,0,user_49,742,,
12139,0,6300000,0,user_40,742,742,
12102,1,5000000,0,user_6,742,742,
12155,2,5000000,0,user_49,742,742,
12109,3,4200000,0,user_13,742,742,
12114,4,4200000,0,user_19,742,742,
12120,5,3500000,0,user_24,742,742,
12105,6,2600000,0,user_9,742,742,
12133,7,2300000,0,user_33,742,742,
12152,8,2300000,0,user_47,742,742,
12138,9,2100000,0,user_40,742,742,
12147,10,2000000,0,user_43,742,742,
12108,11,1600000,39400,user_11,742,742,
12116,12,1600000,0,user_22,742,742,
12121,13,1600000,779000,user_25,742,742,
12131,14,1500000,0,user_31,742,742,
12119,15,1200000,0,user_23,742,742,
12134,16,1100000,0,user_36,742,742,
12136,17,1100000,0,user_38,742,742,
12153,18,910000,0,user_49,742,742,
12126,19,670000,0,user_30,742,742,
12103,20,660000,0,user_7,742,742,
12150,21,660000,0,user_46,742,742,
12125,22,650000,0,user_29,742,742,
12149,23,530000,0,user_45,742,742,
12111,24,470000,0,user_15,742,742,
12154,25,460000,0,user_49,742,742,
12146,26,350000,0,user_43,742,742,
12107,27,320000,0,user_10,742,742,
12142,28,320000,283000,user_40,742,742,
12144,29,320000,0,user_42,742,742,
12100,30,310000,0,user_3,742,742,
12104,31,310000,0,user_8,742,742,
12130,32,310000,0,user_31,742,742,
12098,33,260000,0,user_0,742,742,
12112,34,260000,0,user_17,742,742,
12129,35,260000,0,user_31,742,742,
12118,36,220000,1100000,user_23,742,742,
12148,37,220000,0,user_44,742,742,
12127,38,160000,0,user_31,742,742,
12143,39,160000,0,user_41,742,742,
12145,40,160000,0,user_42,742,742,
12106,41,150000,0,user_9,742,742,
12140,42,150000,0,user_40,742,742,
12099,43,120000,0,user_2,742,742,
12117,44,120000,67500,user_22,742,742,
12132,45,110000,0,user_32,742,742,
12141,46,110000,64600,user_40,742,742,
12101,47,84000,0,user_5,742,742,
12110,48,84000,5640,user_14,742,742,
12128,49,80000,5180,user_31,742,742,
12115,50,79000,0,user_21,742,742,
12122,51,77000,0,user_27,742,742,
12113,52,73000,0,user_17,742,742,
12151,53,73000,32900,user_47,742,742,
12226,,460000,0,user_0,743,,
12227,,80000,0,user_0,743,,
12228,,150000,12300,user_0,743,,
12229,,1500000,0,user_0,743,,
12230,,370000,73100,user_1,743,,
12231,,260000,0,user_2,743,,
12232,,2600000,0,user_3,743,,
12233,,110000,0,user_6,743,,
12234,,2000000,0,user_7,743,,
12235,,220000,0,user_10,743,,
12236,,1000000,68100,user_11,743,,
12237,,4200000,0,user_11,743,,
12238,,310000,0,user_12,743,,
12239,,3600000,0,user_13,743,,
12240,,670000,0,user_15,743,,
12241,,83000,0,user_15,743,,
12242,,170000,0,user_16,743,,
12243,,3500000,0,user_18,743,,
12244,,87000,0,user_20,743,,
12245,,870000,0,user_21,743,,
12246,,870000,0,user_24,743,,
12247,,1100000,0,user_24,743,,
12248,,82000,0,user_26,743,,
12249,,600000,0,user_27,743,,
12250,,5200000,0,user_29,743,,
12251,,85000,0,user_29,743,,
12252,,350000,15300,user_30,743,,
12253,,160000,0,user_31,743,,
12254,,120000,0,user_31,743,,
12255,,2400000,0,user_32,743,,
12256,,970000,0,user_33,743,,
12257,,4500000,0,user_33,743,,
12258,,120000,0,user_33,743,,
12259,,170000,0,user_33,743,,
12260,,2000000,0,user_34,743,,
12261,,1400000,0,user_36,743,,
12262,,1300000,100000,user_39,743,,
12263,,1500000,0,user_40,743,,
12264,,3200000,0,user_40,743,,
12265,,260000,0,user_41,743,,
12266,,110000,0,user_41,743,,
12267,,110000,0,user_42,743,,
12268,,110000,0,user_42,743,,
12269,,870000,0,user_42,743,,
12270,,530000,0,user_42,743,,
12271,,1400000,0,user_43,743,,
12272,,260000,0,user_43,743,,
12273,,130000,0,user_44,743,,
12274,,670000,0,user_45,743,,
12275,,460000,0,user_46,743,,
12276,,300000,0,user_49,743,,
12250,0,5200000,0,user_29,743,743,
12257,1,4500000,0,user_33,743,743,
12237,2,4200000,0,user_11,743,743,
12239,3,3600000,0,user_13,743,743,
12243,4,3500000,0,user_18,743,743,
12264,5,3200000,0,user_40,743,743,
12232,6,2600000,0,user_3,743,743,
12255,7,2400000,0,user_32,743,743,
12234,8,2000000,0,user_7,743,743,
12260,9,2000000,0,user_34,743,743,
12229,10,1500000,0,user_0,743,743,
12263,11,1500000,0,user_40,743,743,
12261,12,1400000,0,user_36,743,743,
12291,13,0,0,builder_3,743,743,12262
12262,14,1300000,100000,user_39,743,743,
12271,15,1400000,0,user_43,743,743,
12247,16,1100000,0,user_24,743,743,
12292,17,0,0,builder_3,743,743,12236
12236,18,1000000,68100,user_11,743,743,
12256,19,970000,0,user_33,743,743,
12245,20,870000,0,user_21,743,743,
12246,21,870000,0,user_24,743,743,
12269,22,870000,0,user_42,743,743,
12240,23,670000,0,user_15,743,743,
12274,24,670000,0,user_45,743,743,
12270,25,530000,0,user_42,743,743,
12226,26,460000,0,user_0,743,743,
12275,27,460000,0,user_46,743,743,
12252,28,350000,15300,user_30,743,743,
12293,29,0,0,builder_3,743,743,12252
12238,30,310000,0,user_12,743,743,
12276,31,300000,0,user_49,743,743,
12231,32,260000,0,user_2,743,743,
12265,33,260000,0,user_41,743,743,
12272,34,260000,0,user_43,743,743,
12235,35,220000,0,user_10,743,743,
12259,36,170000,0,user_33,743,743,
12228,37,150000,12300,user_0,743,743,
12294,38,0,0,builder_3,743,743,12228
12253,39,160000,0,user_31,743,743,
12273,40,130000,0,user_44,743,743,
12254,41,120000,0,user_31,743,743,
12258,42,120000,0,user_33,743,743,
12266,43,110000,0,user_41,743,743,
12267,44,110000,0,user_42,743,743,
12268,45,110000,0,user_42,743,743,
12244,46,87000,0,user_20,743,743,
12251,47,85000,0,user_29,743,743,
12241,48,83000,0,user_15,743,743,
12248,49,82000,0,user_26,743,743,
12227,50,80000,0,user_0,743,743,
12313,,3500000,15300,user_2,744,,
12314,,5000000,13900,user_3,744,,
12315,,1000000,0,user_3,744,,
12316,,160000,215000,user_3,744,,
12317,,4200000,35600,user_3,744,,
12318,,190000,73100,user_3,744,,
12319,,1300000,0,user_5,744,,
12320,,110000,15100,user_6,744,,
12321,,220000,0,user_7,744,,
12322,,2000000,0,user_8,744,,
12323,,360000,0,user_9,744,,
12324,,170000,0,user_11,744,,
12325,,360000,0,user_11,744,,
12326,,360000,0,user_14,744,,
12327,,1900000,0,user_16,744,,
12328,,190000,0,user_17,744,,
12329,,350000,0,user_17,744,,
12330,,1900000,0,user_18,744,,
12331,,110000,0,user_20,744,,
12332,,3200000,0,user_21,744,,
12333,,160000,0,user_21,744,,
12334,,120000,0,user_21,744,,
12335,,120000,0,user_21,744,,
12336,,4200000,0,user_21,744,,
12337,,2500000,779000,user_23,744,,
12338,,420000,42000,user_23,744,,
12339,,870000,0,user_23,744,,
12340,,110000,594000,user_23,744,,
12341,,660000,0,user_23,744,,
12342,,220000,0,user_25,744,,
12343,,220000,0,user_26,744,,
12344,,5000000,100000,user_28,744,,
12345,,170000,0,user_28,744,,
12346,,970000,0,user_30,744,,
12347,,220000,0,user_30,744,,
12348,,6300000,0,user_31,744,,
12349,,77000,0,user_32,744,,
12350,,120000,0,user_34,744,,
12351,,170000,0,user_34,744,,
12352,,120000,0,user_34,744,,
12353,,2000000,0,user_34,744,,
12354,,630000,0,user_34,744,,
12355,,5000000,0,user_35,744,,
12356,,5000000,0,user_36,744,,
12357,,4200000,0,user_36,744,,
12358,,120000,545000,user_38,744,,
12359,,70000,0,user_39,744,,
12360,,170000,0,user_39,744,,
12361,,4500000,0,user_39,744,,
12362,,120000,0,user_40,744,,
12363,,2500000,0,user_40,744,,
12364,,85000,0,user_41,744,,
12365,,1400000,16400,user_42,744,,
12366,,110000,959000,user_42,744,,
12367,,470000,64600,user_42,744,,
12368,,600000,0,user_44,744,,
12369,,1100000,0,user_45,744,,
12370,,2300000,0,user_45,744,,
12371,,470000,0,user_46,744,,
12372,,80000,0,user_47,744,,
12373,,4500000,0,user_48,744,,
12374,,110000,0,user_49,744,,
12348,0,6300000,0,user_31,744,744,
12405,1,0,0,builder_3,744,744,12344
12344,2,5000000,100000,user_28,744,744,
12314,3,5000000,13900,user_3,744,744,
12406,4,0,0,builder_3,744,744,12314
12355,5,5000000,0,user_35,744,744,
12356,6,5000000,0,user_36,744,744,
12361,7,4500000,0,user_39,744,744,
12373,8,4500000,0,user_48,744,744,
12407,9,0,0,builder_3,744,744,12317
12317,10,4200000,35600,user_3,744,744,
12336,11,4200000,0,user_21,744,744,
12357,12,4200000,0,user_36,744,744,
12408,13,0,0,builder_3,744,744,12313
12313,14,3500000,15300,user_2,744,744,
12337,15,2500000,779000,user_23,744,744,
12409,16,0,0,builder_3,744,744,12337
12332,17,3200000,0,user_21,744,744,
12363,18,2500000,0,user_40,744,744,
12370,19,2300000,0,user_45,744,744,
12353,20,2000000,0,user_34,744,744,
12330,21,1900000,0,user_18,744,744,
12410,22,0,0,builder_3,744,744,12365
12365,23,1400000,16400,user_42,744,744,
12319,24,1300000,0,user_5,744,744,
12369,25,1100000,0,user_45,744,744,
12411,26,0,0,builder_3,744,744,12366
12366,27,110000,959000,user_42,744,744,
12315,28,1000000,0,user_3,744,744,
12346,29,970000,0,user_30,744,744,
12339,30,870000,0,user_23,744,744,
12340,31,110000,594000,user_23,744,744,
12412,32,0,0,builder_3,744,744,12340
12413,33,0,0,builder_3,744,744,12358
12358,34,120000,545000,user_38,744,744,
12341,35,660000,0,user_23,744,744,
12354,36,630000,0,user_34,744,744,
12368,37,600000,0,user_44,744,744,
12414,38,0,0,builder_3,744,744,12367
12367,39,470000,64600,user_42,744,744,
12371,40,470000,0,user_46,744,744,
12338,41,420000,42000,user_23,744,744,
12415,42,0,0,builder_3,744,744,12338
12316,43,160000,215000,user_3,744,744,
12416,44,0,0,builder_3,744,744,12316
12325,45,360000,0,user_11,744,744,
12326,46,360000,0,user_14,744,744,
12329,47,350000,0,user_17,744,744,
12318,48,190000,73100,user_3,744,744,
12417,49,0,0,builder_3,744,744,12318
12321,50,220000,0,user_7,744,744,
12343,51,220000,0,user_26,744,744,
12347,52,220000,0,user_30,744,744,
12328,53,190000,0,user_17,744,744,
12324,54,170000,0,user_11,744,744,
12345,55,170000,0,user_28,744,744,
12351,56,170000,0,user_34,744,744,
12360,57,170000,0,user_39,744,744,
12333,58,160000,0,user_21,744,744,
12334,59,120000,0,user_21,744,744,
12335,60,120000,0,user_21,744,744,
12350,61,120000,0,user_34,744,744,
12352,62,120000,0,user_34,744,744,
12362,63,120000,0,user_40,744,744,
12331,64,110000,0,user_20,744,744,
12374,65,110000,0,user_49,744,744,
12364,66,85000,0,user_41,744,744,
12372,67,80000,0,user_47,744,744,
12349,68,77000,0,user_32,744,744,
12359,69,70000,0,user_39,744,744,
12469,,350000,0,user_0,745,,
12470,,5000000,146000,user_1,745,,
12471,,320000,15700,user_2,745,,
12472,,150000,769000,user_3,745,,
12473,,630000,0,user_4,745,,
12474,,650000,0,user_4,745,,
12475,,150000,0,user_4,745,,
12476,,2000000,0,user_5,745,,
12477,,910000,139000,user_6,745,,
12478,,240000,0,user_7,745,,
12479,,1700000,0,user_8,745,,
12480,,1000000,5640,user_10,745,,
12481,,5000000,164000,user_11,745,,
12482,,260000,0,user_12,745,,
12483,,83000,0,user_12,745,,
12484,,1700000,0,user_12,745,,
12485,,1000000,18600,user_12,745,,
12486,,420000,0,user_12,745,,
12487,,320000,0,user_14,745,,
12488,,350000,0,user_15,745,,
12489,,190000,0,user_16,745,,
12490,,2500000,0,user_16,745,,
12491,,170000,285000,user_16,745,,
12492,,1200000,0,user_16,745,,
12493,,1000000,0,user_17,745,,
12494,,1500000,0,user_20,745,,
12495,,360000,4320000,user_21,745,,
12496,,79000,0,user_21,745,,
12497,,120000,0,user_22,745,,
12498,,5000000,0,user_23,745,,
12499,,190000,0,user_23,745,,
12500,,160000,36800,user_24,745,,
12501,,160000,0,user_24,745,,
12502,,84000,0,user_24,745,,
12503,,1800000,0,user_24,745,,
12504,,1400000,285000,user_25,745,,
12505,,970000,0,user_25,745,,
12506,,5000000,0,user_25,745,,
12507,,370000,0,user_25,745,,
12508,,2600000,0,user_25,745,,
12509,,110000,0,user_26,745,,
12510,,630000,0,user_27,745,,
12511,,77000,0,user_27,745,,
12512,,2100000,0,user_28,745,,
12513,,170000,0,user_28,745,,
12514,,4500000,0,user_29,745,,
12515,,4200000,0,user_33,745,,
12516,,970000,0,user_33,745,,
12517,,120000,0,user_34,745,,
12518,,30000000,0,user_34,745,,
12519,,360000,0,user_35,745,,
12520,,1700000,0,user_36,745,,
12521,,1800000,0,user_40,745,,
12522,,260000,0,user_41,745,,
12523,,3200000,0,user_42,745,,
12524,,6100000,0,user_43,745,,
12525,,1300000,7190000,user_43,745,,
12526,,3500000,0,user_43,745,,
12527,,79000,0,user_44,745,,
12528,,100000,0,user_45,745,,
12529,,120000,0,user_46,745,,
12530,,27000000,0,user_47,745,,
12531,,420000,0,user_47,745,,
12532,,350000,0,user_49,745,,
12518,0,30000000,0,user_34,745,745,
12530,1,27000000,0,user_47,745,745,
12524,2,6100000,0,user_43,745,745,
12470,3,5000000,146000,user_1,745,745,
12481,4,5000000,164000,user_11,745,745,
12498,5,5000000,0,user_23,745,745,
12506,6,5000000,0,user_25,745,745,
12514,7,4500000,0,user_29,745,745,
12515,8,4200000,0,user_33,745,745,
12526,9,3500000,0,user_43,745,745,
12523,10,3200000,0,user_42,745,745,
12508,11,2600000,0,user_25,745,745,
12490,12,2500000,0,user_16,745,745,
12476,13,2000000,0,user_5,745,745,
12521,14,1800000,0,user_40,745,745,
12479,15,1700000,0,user_8,745,745,
12484,16,1700000,0,user_12,745,745,
12520,17,1700000,0,user_36,745,745,
12494,18,1500000,0,user_20,745,745,
12504,19,1400000,285000,user_25,745,745,
12525,20,1300000,7190000,user_43,745,745,
12492,21,1200000,0,user_16,745,745,
12480,22,1000000,5640,user_10,745,745,
12485,23,1000000,18600,user_12,745,745,
12493,24,1000000,0,user_17,745,745,
12505,25,970000,0,user_25,745,745,
12516,26,970000,0,user_33,745,745,
12477,27,910000,139000,user_6,745,745,
12474,28,650000,0,user_4,745,745,
12473,29,630000,0,user_4,745,745,
12510,30,630000,0,user_27,745,745,
12486,31,420000,0,user_12,745,745,
12531,32,420000,0,user_47,745,745,
12507,33,370000,0,user_25,745,745,
12495,34,360000,4320000,user_21,745,745,
12519,35,360000,0,user_35,745,745,
12469,36,350000,0,user_0,745,745,
12488,37,350000,0,user_15,745,745,
12532,38,350000,0,user_49,745,745,
12471,39,320000,15700,user_2,745,745,
12482,40,260000,0,user_12,745,745,
12522,41,260000,0,user_41,745,745,
12478,42,240000,0,user_7,745,745,
12489,43,190000,0,user_16,745,745,
12499,44,190000,0,user_23,745,745,
12491,45,170000,285000,user_16,745,745,
12472,46,150000,769000,user_3,745,745,
12475,47,150000,0,user_4,745,745,
12497,48,120000,0,user_22,745,745,
12517,49,120000,0,user_34,745,745,
12529,50,120000,0,user_46,745,745,
12509,51,110000,0,user_26,745,745,
12528,52,100000,0,user_45,745,745,
12483,53,83000,0,user_12,745,745,
12496,54,79000,0,user_21,745,745,
12527,55,79000,0,user_44,745,745,
12511,56,77000,0,user_27,745,745,
12618,,3600000,0,user_0,746,,
12619,,310000,0,user_2,746,,
12620,,4500000,0,user_3,746,,
12621,,370000,0,user_4,746,,
12622,,1300000,0,user_5,746,,
12623,,80000,0,user_5,746,,
12624,,80000,0,user_5,746,,
12625,,1100000,0,user_5,746,,
12626,,190000,0,user_6,746,,
12627,,3500000,0,user_6,746,,
12628,,110000,0,user_7,746,,
12629,,1000000,0,user_7,746,,
12630,,87000,0,user_8,746,,
12631,,220000,0,user_9,746,,
12632,,420000,256000,user_10,746,,
12633,,4200000,0,user_11,746,,
12634,,600000,350000,user_12,746,,
12635,,240000,0,user_13,746,,
12636,,420000,0,user_14,746,,
12637,,84000,0,user_14,746,,
12638,,1100000,215000,user_16,746,,
12639,,310000,0,user_16,746,,
12640,,420000,0,user_17,746,,
12641,,370000,0,user_17,746,,
12642,,220000,0,user_18,746,,
12643,,1400000,0,user_19,746,,
12644,,370000,0,user_20,746,,
12645,,160000,0,user_21,746,,
12646,,1600000,0,user_22,746,,
12647,,73000,0,user_24,746,,
12648,,370000,0,user_25,746,,
12649,,1600000,0,user_26,746,,
12650,,260000,0,user_28,746,,
12651,,110000,0,user_29,746,,
12652,,79000,0,user_29,746,,
12653,,630000,0,user_30,746,,
12654,,98000,0,user_30,746,,
12655,,2500000,0,user_30,746,,
12656,,5000000,0,user_30,746,,
12657,,84000,34700,user_32,746,,
12658,,1800000,0,user_33,746,,
12659,,1000000,0,user_33,746,,
12660,,2600000,0,user_34,746,,
12661,,110000,0,user_35,746,,
12662,,130000,0,user_36,746,,
12663,,82000,0,user_38,746,,
12664,,260000,0,user_39,746,,
12665,,340000,0,user_40,746,,
12666,,2300000,146000,user_40,746,,
12667,,600000,594000,user_40,746,,
12668,,110000,0,user_42,746,,
12669,,2300000,0,user_43,746,,
12670,,1100000,0,user_43,746,,
12671,,300000,121000,user_44,746,,
12672,,300000,0,user_44,746,,
12673,,1000000,769000,user_44,746,,
12674,,220000,0,user_45,746,,
12675,,120000,0,user_45,746,,
12676,,460000,0,user_45,746,,
12677,,1900000,0,user_48,746,,
12656,0,5000000,0,user_30,746,746,
12620,1,4500000,0,user_3,746,746,
12633,2,4200000,0,user_11,746,746,
12618,3,3600000,0,user_0,746,746,
12627,4,3500000,0,user_6,746,746,
12660,5,2600000,0,user_34,746,746,
12655,6,2500000,0,user_30,746,746,
12666,7,2300000,146000,user_40,746,746,
12669,8,2300000,0,user_43,746,746,
12677,9,1900000,0,user_48,746,746,
12658,10,1800000,0,user_33,746,746,
12646,11,1600000,0,user_22,746,746,
12643,12,1400000,0,user_19,746,746,
12622,13,1300000,0,user_5,746,746,
12625,14,1100000,0,user_5,746,746,
12638,15,1100000,215000,user_16,746,746,
12670,16,1100000,0,user_43,746,746,
12629,17,1000000,0,user_7,746,746,
12659,18,1000000,0,user_33,746,746,
12673,19,1000000,769000,user_44,746,746,
12653,20,630000,0,user_30,746,746,
12667,21,600000,594000,user_40,746,746,
12676,22,460000,0,user_45,746,746,
12632,23,420000,256000,user_10,746,746,
12636,24,420000,0,user_14,746,746,
12640,25,420000,0,user_17,746,746,
12641,26,370000,0,user_17,746,746,
12644,27,370000,0,user_20,746,746,
12648,28,370000,0,user_25,746,746,
12665,29,340000,0,user_40,746,746,
12619,30,310000,0,user_2,746,746,
12639,31,310000,0,user_16,746,746,
12671,32,300000,121000,user_44,746,746,
12672,33,300000,0,user_44,746,746,
12635,34,240000,0,user_13,746,746,
12631,35,220000,0,user_9,746,746,
12642,36,220000,0,user_18,746,746,
12674,37,220000,0,user_45,746,746,
12626,38,190000,0,user_6,746,746,
12645,39,160000,0,user_21,746,746,
12662,40,130000,0,user_36,746,746,
12675,41,120000,0,user_45,746,746,
12628,42,110000,0,user_7,746,746,
12651,43,110000,0,user_29,746,746,
12661,44,110000,0,user_35,746,746,
12668,45,110000,0,user_42,746,746,
12654,46,98000,0,user_30,746,746,
12630,47,87000,0,user_8,746,746,
12637,48,84000,0,user_14,746,746,
12657,49,84000,34700,user_32,746,746,
12663,50,82000,0,user_38,746,746,
12623,51,80000,0,user_5,746,746,
12624,52,80000,0,user_5,746,746,
12652,53,79000,0,user_29,746,746,
12647,54,73000,0,user_24,746,746,
12737,,120000,67500,user_0,747,,
12738,,130000,0,user_1,747,,
12739,,85000,121000,user_2,747,,
12740,,1200000,0,user_3,747,,
12741,,2500000,0,user_4,747,,
12742,,2300000,0,user_5,747,,
12743,,600000,17000,user_5,747,,
12744,,160000,0,user_5,747,,
12745,,220000,0,user_6,747,,
12746,,150000,0,user_10,747,,
12747,,460000,67900,user_11,747,,
12748,,2400000,49100,user_12,747,,
12749,,530000,0,user_12,747,,
12750,,79000,0,user_15,747,,
12751,,650000,0,user_18,747,,
12752,,150000,0,user_19,747,,
12753,,1100000,0,user_20,747,,
12754,,670000,0,user_20,747,,
12755,,170000,0,user_21,747,,
12756,,240000,0,user_22,747,,
12757,,350000,13800,user_23,747,,
12758,,110000,0,user_23,747,,
12759,,98000,17000,user_25,747,,
12760,,470000,10700,user_26,747,,
12761,,2000000,0,user_28,747,,
12762,,470000,0,user_29,747,,
12763,,2100000,15700,user_29,747,,
12764,,1500000,11200,user_30,747,,
12765,,3600000,0,user_31,747,,
12766,,1900000,0,user_33,747,,
12767,,83000,0,user_34,747,,
12768,,120000,0,user_34,747,,
12769,,1800000,0,user_36,747,,
12770,,2000000,0,user_37,747,,
12771,,600000,0,user_38,747,,
12772,,650000,0,user_40,747,,
12773,,1400000,66100,user_41,747,,
12774,,85000,0,user_41,747,,
12775,,420000,0,user_41,747,,
12776,,4200000,0,user_41,747,,
12777,,5000000,0,user_44,747,,
12778,,150000,0,user_45,747,,
12779,,120000,0,user_47,747,,
12780,,3500000,0,user_48,747,,
12781,,460000,15300,user_49,747,,
12777,0,5000000,0,user_44,747,747,
12776,1,4200000,0,user_41,747,747,
12765,2,3600000,0,user_31,747,747,
12780,3,3500000,0,user_48,747,747,
12741,4,2500000,0,user_4,747,747,
12810,5,0,0,builder_3,747,747,12748
12748,6,2400000,49100,user_12,747,747,
12742,7,2300000,0,user_5,747,747,
12763,8,2100000,15700,user_29,747,747,
12811,9,0,0,builder_3,747,747,12763
12761,10,2000000,0,user_28,747,747,
12770,11,2000000,0,user_37,747,747,
12766,12,1900000,0,user_33,747,747,
12769,13,1800000,0,user_36,747,747,
12812,14,0,0,builder_3,747,747,12764
12764,15,1500000,11200,user_30,747,747,
12773,16,1400000,66100,user_41,747,747,
12813,17,0,0,builder_3,747,747,12773
12740,18,1200000,0,user_3,747,747,
12753,19,1100000,0,user_20,747,747,
12754,20,670000,0,user_20,747,747,
12751,21,650000,0,user_18,747,747,
12772,22,650000,0,user_40,747,747,
12814,23,0,0,builder_3,747,747,12743
12743,24,600000,17000,user_5,747,747,
12771,25,600000,0,user_38,747,747,
12749,26,530000,0,user_12,747,747,
12747,27,460000,67900,user_11,747,747,
12815,28,0,0,builder_3,747,747,12747
12816,29,0,0,builder_3,747,747,12760
12760,30,470000,10700,user_26,747,747,
12817,31,0,0,builder_3,747,747,12781
12781,32,460000,15300,user_49,747,747,
12762,33,470000,0,user_29,747,747,
12775,34,420000,0,user_41,747,747,
12757,35,350000,13800,user_23,747,747,
12818,36,0,0,builder_3,747,747,12757
12756,37,240000,0,user_22,747,747,
12819,38,0,0,builder_3,747,747,12739
12739,39,85000,121000,user_2,747,747,
12737,40,120000,67500,user_0,747,747,
12820,41,0,0,builder_3,747,747,12737
12755,42,170000,0,user_21,747,747,
12744,43,160000,0,user_5,747,747,
12746,44,150000,0,user_10,747,747,
12752,45,150000,0,user_19,747,747,
12778,46,150000,0,user_45,747,747,
12768,47,120000,0,user_34,747,747,
12779,48,120000,0,user_47,747,747,
12758,49,110000,0,user_23,747,747,
12774,50,85000,0,user_41,747,747,
12767,51,83000,0,user_34,747,747,
12750,52,79000,0,user_15,747,747,
12868,,910000,0,user_0,748,,
12869,,30000000,350000,user_0,748,,
12870,,340000,0,user_1,748,,
12871,,150000,0,user_2,748,,
12872,,310000,0,user_3,748,,
12873,,110000,0,user_4,748,,
12874,,2600000,0,user_4,748,,
12875,,530000,181000,user_5,748,,
12876,,1300000,121000,user_6,748,,
12877,,6300000,0,user_6,748,,
12878,,310000,0,user_6,748,,
12879,,84000,0,user_7,748,,
12880,,1000000,0,user_8,748,,
12881,,2400000,0,user_9,748,,
12882,,1100000,0,user_10,748,,
12883,,1500000,0,user_10,748,,
12884,,1300000,0,user_13,748,,
12885,,2400000,0,user_15,748,,
12886,,1600000,0,user_15,748,,
12887,,5000000,0,user_16,748,,
12888,,470000,4320000,user_17,748,,
12889,,350000,0,user_21,748,,
12890,,2500000,19700,user_21,748,,
12891,,82000,0,user_21,748,,
12892,,470000,17700000,user_21,748,,
12893,,1300000,0,user_22,748,,
12894,,160000,0,user_24,748,,
12895,,240000,17000,user_24,748,,
12896,,19000000,0,user_25,748,,
12897,,870000,0,user_25,748,,
12898,,600000,11200,user_26,748,,
12899,,80000,0,user_27,748,,
12900,,260000,0,user_28,748,,
12901,,85000,8520,user_29,748,,
12902,,110000,3130,user_29,748,,
12903,,1100000,594000,user_29,748,,
12904,,110000,0,user_29,748,,
12905,,160000,0,user_29,748,,
12906,,2100000,7190000,user_30,748,,
12907,,650000,0,user_31,748,,
12908,,160000,84800,user_32,748,,
12909,,3200000,0,user_32,748,,
12910,,110000,21800,user_33,748,,
12911,,1900000,0,user_34,748,,
12912,,2000000,71800,user_34,748,,
12913,,340000,0,user_35,748,,
12914,,870000,0,user_36,748,,
12915,,670000,769000,user_37,748,,
12916,,360000,0,user_37,748,,
12917,,80000,0,user_37,748,,
12918,,350000,21800,user_39,748,,
12919,,370000,0,user_40,748,,
12920,,350000,0,user_41,748,,
12921,,80000,0,user_41,748,,
12922,,1500000,0,user_43,748,,
12923,,460000,0,user_43,748,,
12924,,340000,0,user_44,748,,
12925,,320000,0,user_45,748,,
12926,,110000,0,user_45,748,,
12927,,910000,0,user_46,748,,
12869,0,30000000,350000,user_0,748,748,
12981,1,0,0,builder_4,748,748,12869
12896,2,19000000,0,user_25,748,748,
12892,3,470000,17700000,user_21,748,748,
12982,4,0,0,builder_4,748,748,12892
12983,5,0,0,builder_4,748,748,12906
12906,6,2100000,7190000,user_30,748,748,
12877,7,6300000,0,user_6,748,748,
12887,8,5000000,0,user_16,748,748,
12888,9,470000,4320000,user_17,748,748,
12984,10,0,0,builder_4,748,748,12888
12909,11,3200000,0,user_32,748,748,
12874,12,2600000,0,user_4,748,748,
12985,13,0,0,builder_4,748,748,12890
12890,14,2500000,19700,user_21,748,748,
12881,15,2400000,0,user_9,748,748,
12986,16,0,0,builder_4,748,748,12912
12912,17,2000000,71800,user_34,748,748,
12911,18,1900000,0,user_34,748,748,
12987,19,0,0,builder_4,748,748,12903
12903,20,1100000,594000,user_29,748,748,
12883,21,1500000,0,user_10,748,748,
12922,22,1500000,0,user_43,748,748,
12915,23,670000,769000,user_37,748,748,
12988,24,0,0,builder_4,748,748,12915
12876,25,1300000,121000,user_6,748,748,
12989,26,0,0,builder_4,748,748,12876
12884,27,1300000,0,user_13,748,748,
12893,28,1300000,0,user_22,748,748,
12882,29,1100000,0,user_10,748,748,
12880,30,1000000,0,user_8,748,748,
12868,31,910000,0,user_0,748,748,
12927,32,910000,0,user_46,748,748,
12897,33,870000,0,user_25,748,748,
12914,34,870000,0,user_36,748,748,
12907,35,650000,0,user_31,748,748,
12898,36,600000,11200,user_26,748,748,
12990,37,0,0,builder_4,748,748,12898
12923,38,460000,0,user_43,748,748,
12919,39,370000,0,user_40,748,748,
12916,40,360000,0,user_37,748,748,
12889,41,350000,0,user_21,748,748,
12920,42,350000,0,user_41,748,748,
12870,43,340000,0,user_1,748,748,
12913,44,340000,0,user_35,748,748,
12924,45,340000,0,user_44,748,748,
12925,46,320000,0,user_45,748,748,
12872,47,310000,0,user_3,748,748,
12878,48,310000,0,user_6,748,748,
12900,49,260000,0,user_28,748,748,
12895,50,240000,17000,user_24,748,748,
12991,51,0,0,builder_4,748,748,12895
12908,52,160000,84800,user_32,748,748,
12992,53,0,0,builder_4,748,748,12908
12894,54,160000,0,user_24,748,748,
12905,55,160000,0,user_29,748,748,
12871,56,150000,0,user_2,748,748,
12993,57,0,0,builder_4,748,748,12910
12910,58,110000,21800,user_33,748,748,
12902,59,110000,3130,user_29,748,748,
12994,60,0,0,builder_4,748,748,12902
12873,61,110000,0,user_4,748,748,
12904,62,110000,0,user_29,748,748,
12926,63,110000,0,user_45,748,748,
12995,64,0,0,builder_4,748,748,12901
12901,65,85000,8520,user_29,748,748,
12891,66,82000,0,user_21,748,748,
12899,67,80000,0,user_27,748,748,
12917,68,80000,0,user_37,748,748,
12921,69,80000,0,user_41,748,748,
13046,,110000,0,user_1,749,,
13047,,43000000,30200,user_1,749,,
13048,,260000,0,user_2,749,,
13049,,660000,0,user_4,749,,
13050,,110000,0,user_5,749,,
13051,,360000,0,user_9,749,,
13052,,110000,0,user_10,749,,
13053,,2000000,64600,user_11,749,,
13054,,170000,73100,user_13,749,,
13055,,1500000,0,user_14,749,,
13056,,470000,0,user_15,749,,
13057,,120000,0,user_16,749,,
13058,,870000,0,user_17,749,,
13059,,110000,0,user_18,749,,
13060,,2000000,0,user_18,749,,
13061,,1600000,769000,user_19,749,,
13062,,1200000,39400,user_20,749,,
13063,,79000,0,user_22,749,,
13064,,910000,0,user_24,749,,
13065,,98000,0,user_25,749,,
13066,,6300000,5180,user_26,749,,
13067,,1100000,256000,user_28,749,,
13068,,530000,0,user_28,749,,
13069,,220000,0,user_29,749,,
13070,,970000,0,user_29,749,,
13071,,110000,0,user_29,749,,
13072,,150000,510000,user_29,749,,
13073,,310000,256000,user_30,749,,
13074,,1000000,0,user_31,749,,
13075,,2500000,0,user_34,749,,
13076,,1500000,0,user_35,749,,
13077,,1100000,0,user_36,749,,
13078,,84000,0,user_36,749,,
13079,,2000000,24700,user_38,749,,
13080,,870000,0,user_38,749,,
13081,,1500000,0,user_39,749,,
13082,,190000,0,user_41,749,,
13083,,120000,0,user_41,749,,
13084,,2300000,17700000,user_43,749,,
13085,,310000,0,user_43,749,,
13086,,220000,7190000,user_43,749,,
13087,,2000000,0,user_43,749,,
13088,,630000,0,user_45,749,,
13089,,1600000,43600,user_46,749,,
13090,,82000,0,user_48,749,,
13047,0,43000000,30200,user_1,749,749,
13091,1,0,0,builder_0,749,749,13047
13084,2,2300000,17700000,user_43,749,749,
13092,3,0,0,builder_0,749,749,13084
13093,4,0,0,builder_0,749,749,13086
13086,5,220000,7190000,user_43,749,749,
13066,6,6300000,5180,user_26,749,749,
13094,7,0,0,builder_0,749,749,13066
13061,8,1600000,769000,user_19,749,749,
13095,9,0,0,builder_0,749,749,13061
13096,10,0,0,builder_0,749,749,13053
13053,11,2000000,64600,user_11,749,749,
13079,12,2000000,24700,user_38,749,749,
13097,13,0,0,builder_0,749,749,13079
13060,14,2000000,0,user_18,749,749,
13087,15,2000000,0,user_43,749,749,
13089,16,1600000,43600,user_46,749,749,
13098,17,0,0,builder_0,749,749,13089
13055,18,1500000,0,user_14,749,749,
13076,19,1500000,0,user_35,749,749,
13067,20,1100000,256000,user_28,749,749,
13099,21,0,0,builder_0,749,749,13067
13100,22,0,0,builder_0,749,749,13062
13062,23,1200000,39400,user_20,749,749,
13077,24,1100000,0,user_36,749,749,
13074,25,1000000,0,user_31,749,749,
13070,26,970000,0,user_29,749,749,
13058,27,870000,0,user_17,749,749,
13080,28,870000,0,user_38,749,749,
13101,29,0,0,builder_0,749,749,13072
13072,30,150000,510000,user_29,749,749,
13073,31,310000,256000,user_30,749,749,
13102,32,0,0,builder_0,749,749,13073
13068,33,530000,0,user_28,749,749,
13051,34,360000,0,user_9,749,749,
13085,35,310000,0,user_43,749,749,
13048,36,260000,0,user_2,749,749,
13103,37,0,0,builder_0,749,749,13054
13054,38,170000,73100,user_13,749,749,
13069,39,220000,0,user_29,749,749,
13082,40,190000,0,user_41,749,749,
13057,41,120000,0,user_16,749,749,
13083,42,120000,0,user_41,749,749,
13046,43,110000,0,user_1,749,749,
13052,44,110000,0,user_10,749,749,
13059,45,110000,0,user_18,749,749,
13071,46,110000,0,user_29,749,749,
13065,47,98000,0,user_25,749,749,
13078,48,84000,0,user_36,749,749,
13090,49,82000,0,user_48,749,749,
13063,50,79000,0,user_22,749,749,
13179,,150000,296000,user_1,750,,
13180,,650000,0,user_2,750,,
13181,,300000,231000,user_3,750,,
13182,,1900000,0,user_3,750,,
13183,,5200000,0,user_3,750,,
13184,,1600000,0,user_4,750,,
13185,,650000,0,user_4,750,,
13186,,2500000,0,user_8,750,,
13187,,340000,0,user_8,750,,
13188,,130000,0,user_9,750,,
13189,,5000000,0,user_11,750,,
13190,,150000,0,user_13,750,,
13191,,1000000,0,user_14,750,,
13192,,160000,0,user_15,750,,
13193,,150000,0,user_15,750,,
13194,,1800000,0,user_16,750,,
13195,,310000,0,user_17,750,,
13196,,2400000,0,user_18,750,,
13197,,1400000,0,user_19,750,,
13198,,460000,0,user_19,750,,
13199,,460000,0,user_20,750,,
13200,,2000000,73100,user_20,750,,
13201,,110000,350000,user_21,750,,
13202,,310000,0,user_21,750,,
13203,,2400000,0,user_22,750,,
13204,,30000000,0,user_25,750,,
13205,,110000,0,user_26,750,,
13206,,2500000,0,user_27,750,,
13207,,1600000,47700,user_28,750,,
13208,,130000,0,user_29,750,,
13209,,160000,155000,user_29,750,,
13210,,910000,0,user_29,750,,
13211,,1200000,0,user_29,750,,
13212,,220000,0,user_30,750,,
13213,,1500000,0,user_30,750,,
13214,,240000,24700,user_31,750,,
13215,,4500000,0,user_31,750,,
13216,,170000,0,user_31,750,,
13217,,84000,594000,user_31,750,,
13218,,27000000,0,user_31,750,,
13219,,310000,0,user_32,750,,
13220,,120000,0,user_32,750,,
13221,,43000000,5640,user_33,750,,
13222,,3500000,0,user_34,750,,
13223,,1000000,0,user_34,750,,
13224,,1600000,0,user_35,750,,
13225,,5000000,0,user_35,750,,
13226,,4200000,0,user_36,750,,
13227,,600000,0,user_38,750,,
13228,,83000,0,user_39,750,,
13229,,6300000,0,user_40,750,,
13230,,3500000,0,user_40,750,,
13231,,170000,0,user_40,750,,
13232,,79000,0,user_40,750,,
13233,,1600000,0,user_41,750,,
13234,,170000,0,user_41,750,,
13235,,120000,0,user_44,750,,
13236,,3600000,0,user_44,750,,
13237,,3600000,0,user_44,750,,
13238,,350000,0,user_45,750,,
13239,,310000,0,user_46,750,,
13240,,19000000,0,user_46,750,,
13241,,350000,322000,user_47,750,,
13242,,630000,0,user_48,750,,
13243,,1600000,0,user_49,750,,
13221,0,43000000,5640,user_33,750,750,
13275,1,0,0,builder_4,750,750,13221
13204,2,30000000,0,user_25,750,750,
13218,3,27000000,0,user_31,750,750,
13240,4,19000000,0,user_46,750,750,
13229,5,6300000,0,user_40,750,750,
13183,6,5200000,0,user_3,750,750,
13189,7,5000000,0,user_11,750,750,
13225,8,5000000,0,user_35,750,750,
13215,9,4500000,0,user_31,750,750,
13226,10,4200000,0,user_36,750,750,
13236,11,3600000,0,user_44,750,750,
13237,12,3600000,0,user_44,750,750,
13222,13,3500000,0,user_34,750,750,
13230,14,3500000,0,user_40,750,750,
13186,15,2500000,0,user_8,750,750,
13206,16,2500000,0,user_27,750,750,
13196,17,2400000,0,user_18,750,750,
13203,18,2400000,0,user_22,750,750,
13200,19,2000000,73100,user_20,750,750,
13276,20,0,0,builder_4,750,750,13200
13182,21,1900000,0,user_3,750,750,
13194,22,1800000,0,user_16,750,750,
13277,23,0,0,builder_4,750,750,13207
13207,24,1600000,47700,user_28,750,750,
13184,25,1600000,0,user_4,750,750,
13224,26,1600000,0,user_35,750,750,
13233,27,1600000,0,user_41,750,750,
13243,28,1600000,0,user_49,750,750,
13213,29,1500000,0,user_30,750,750,
13197,30,1400000,0,user_19,750,750,
13211,31,1200000,0,user_29,750,750,
13191,32,1000000,0,user_14,750,750,
13223,33,1000000,0,user_34,750,750,
13210,34,910000,0,user_29,750,750,
13278,35,0,0,builder_4,750,750,13217
13217,36,84000,594000,user_31,750,750,
13180,37,650000,0,user_2,750,750,
13185,38,650000,0,user_4,750,750,
13242,39,630000,0,user_48,750,750,
13227,40,600000,0,user_38,750,750,
13279,41,0,0,builder_4,750,750,13181
13181,42,300000,231000,user_3,750,750,
13198,43,460000,0,user_19,750,750,
13199,44,460000,0,user_20,750,750,
13280,45,0,0,builder_4,750,750,13201
13201,46,110000,350000,user_21,750,750,
13179,47,150000,296000,user_1,750,750,
13281,48,0,0,builder_4,750,750,13179
13238,49,350000,0,user_45,750,750,
13187,50,340000,0,user_8,750,750,
13282,51,0,0,builder_4,750,750,13209
13209,52,160000,155000,user_29,750,750,
13195,53,310000,0,user_17,750,750,
13202,54,310000,0,user_21,750,750,
13219,55,310000,0,user_32,750,750,
13239,56,310000,0,user_46,750,750,
13214,57,240000,24700,user_31,750,750,
13283,58,0,0,builder_4,750,750,13214
13212,59,220000,0,user_30,750,750,
13216,60,170000,0,user_31,750,750,
13231,61,170000,0,user_40,750,750,
13234,62,170000,0,user_41,750,750,
13190,63,150000,0,user_13,750,750,
13188,64,130000,0,user_9,750,750,
13208,65,130000,0,user_29,750,750,
13220,66,120000,0,user_32,750,750,
13235,67,120000,0,user_44,750,750,
13205,68,110000,0,user_26,750,750,
13232,69,79000,0,user_40,750,750,
13314,,220000,0,user_1,751,,
13315,,160000,0,user_2,751,,
13316,,120000,0,user_3,751,,
13317,,110000,0,user_4,751,,
13318,,1200000,0,user_5,751,,
13319,,460000,0,user_6,751,,
13320,,82000,0,user_6,751,,
13321,,170000,410000,user_7,751,,
13322,,87000,0,user_8,751,,
13323,,160000,0,user_9,751,,
13324,,220000,0,user_9,751,,
13325,,84000,33100,user_11,751,,
13326,,310000,0,user_12,751,,
13327,,350000,0,user_12,751,,
13328,,110000,0,user_14,751,,
13329,,1200000,0,user_14,751,,
13330,,120000,0,user_15,751,,
13331,,80000,0,user_17,751,,
13332,,30000000,68100,user_17,751,,
13333,,260000,0,user_18,751,,
13334,,84000,0,user_19,751,,
13335,,160000,0,user_21,751,,
13336,,120000,0,user_22,751,,
13337,,85000,0,user_22,751,,
13338,,170000,0,user_23,751,,
13339,,2600000,0,user_24,751,,
13340,,1300000,0,user_27,751,,
13341,,630000,0,user_30,751,,
13342,,190000,0,user_31,751,,
13343,,910000,0,user_31,751,,
13344,,170000,0,user_32,751,,
13345,,120000,0,user_34,751,,
13346,,870000,0,user_35,751,,
13347,,5000000,0,user_37,751,,
13348,,43000000,128000,user_38,751,,
13349,,77000,0,user_38,751,,
13350,,600000,0,user_38,751,,
13351,,470000,350000,user_39,751,,
13352,,1100000,0,user_41,751,,
13353,,30000000,121000,user_42,751,,
13354,,460000,0,user_43,751,,
13355,,5000000,0,user_43,751,,
13356,,150000,0,user_44,751,,
13357,,85000,0,user_45,751,,
13358,,83000,0,user_46,751,,
13359,,110000,381000,user_47,751,,
13360,,3500000,181000,user_48,751,,
13387,0,0,0,builder_4,751,751,13348
13348,1,43000000,128000,user_38,751,751,
13388,2,0,0,builder_4,751,751,13353
13353,3,30000000,121000,user_42,751,751,
13332,4,30000000,68100,user_17,751,751,
13389,5,0,0,builder_4,751,751,13332
13347,6,5000000,0,user_37,751,751,
13355,7,5000000,0,user_43,751,751,
13390,8,0,0,builder_4,751,751,13360
13360,9,3500000,181000,user_48,751,751,
13339,10,2600000,0,user_24,751,751,
13340,11,1300000,0,user_27,751,751,
13329,12,1200000,0,user_14,751,751,
13352,13,1100000,0,user_41,751,751,
13343,14,910000,0,user_31,751,751,
13346,15,870000,0,user_35,751,751,
13341,16,630000,0,user_30,751,751,
13350,17,600000,0,user_38,751,751,
13319,18,460000,0,user_6,751,751,
13354,19,460000,0,user_43,751,751,
13327,20,350000,0,user_12,751,751,
13326,21,310000,0,user_12,751,751,
13333,22,260000,0,user_18,751,751,
13314,23,220000,0,user_1,751,751,
13324,24,220000,0,user_9,751,751,
13342,25,190000,0,user_31,751,751,
13338,26,170000,0,user_23,751,751,
13344,27,170000,0,user_32,751,751,
13315,28,160000,0,user_2,751,751,
13323,29,160000,0,user_9,751,751,
13335,30,160000,0,user_21,751,751,
13356,31,150000,0,user_44,751,751,
13316,32,120000,0,user_3,751,751,
13336,33,120000,0,user_22,751,751,
13345,34,120000,0,user_34,751,751,
13391,35,0,0,builder_4,751,751,13325
13325,36,84000,33100,user_11,751,751,
13317,37,110000,0,user_4,751,751,
13328,38,110000,0,user_14,751,751,
13322,39,87000,0,user_8,751,751,
13337,40,85000,0,user_22,751,751,
13357,41,85000,0,user_45,751,751,
13334,42,84000,0,user_19,751,751,
13358,43,83000,0,user_46,751,751,
13320,44,82000,0,user_6,751,751,
13331,45,80000,0,user_17,751,751,
13349,46,77000,0,user_38,751,751,
13414,,1100000,0,user_1,752,,
13415,,77000,0,user_4,752,,
13416,,85000,0,user_5,752,,
13417,,1800000,16400,user_5,752,,
13418,,2600000,0,user_7,752,,
13419,,83000,0,user_10,752,,
13420,,120000,0,user_11,752,,
13421,,910000,283000,user_12,752,,
13422,,84000,0,user_12,752,,
13423,,1300000,0,user_12,752,,
13424,,110000,0,user_12,752,,
13425,,19000000,0,user_12,752,,
13426,,85000,0,user_13,752,,
13427,,84000,0,user_18,752,,
13428,,2000000,0,user_18,752,,
13429,,3500000,0,user_19,752,,
13430,,110000,0,user_19,752,,
13431,,1100000,0,user_20,752,,
13432,,1900000,350000,user_21,752,,
13433,,110000,0,user_22,752,,
13434,,1500000,0,user_23,752,,
13435,,120000,0,user_25,752,,
13436,,73000,0,user_25,752,,
13437,,670000,13900,user_25,752,,
13438,,19000000,0,user_26,752,,
13439,,82000,0,user_26,752,,
13440,,1600000,0,user_27,752,,
13441,,360000,0,user_27,752,,
13442,,30000000,0,user_27,752,,
13443,,120000,16400,user_27,752,,
13444,,3500000,0,user_27,752,,
13445,,83000,5630,user_28,752,,
13446,,470000,0,user_28,752,,
13447,,460000,0,user_29,752,,
13448,,1000000,0,user_30,752,,
13449,,120000,0,user_31,752,,
13450,,2000000,510000,user_32,752,,
13451,,160000,0,user_32,752,,
13452,,150000,0,user_32,752,,
13453,,160000,0,user_32,752,,
13454,,2600000,34700,user_34,752,,
13455,,910000,0,user_34,752,,
13456,,260000,0,user_35,752,,
13457,,150000,0,user_35,752,,
13458,,1100000,64600,user_36,752,,
13459,,120000,0,user_37,752,,
13460,,150000,0,user_38,752,,
13461,,1400000,33300,user_39,752,,
13462,,970000,0,user_39,752,,
13463,,2000000,0,user_40,752,,
13464,,3200000,31700,user_40,752,,
13465,,160000,0,user_41,752,,
13466,,77000,33300,user_41,752,,
13467,,30000000,42000,user_41,752,,
13468,,2000000,0,user_41,752,,
13469,,170000,0,user_43,752,,
13470,,4200000,0,user_45,752,,
13471,,120000,0,user_45,752,,
13472,,160000,155000,user_46,752,,
13473,,160000,15100,user_48,752,,
13474,,1100000,0,user_49,752,,
13475,,1200000,0,user_49,752,,
13467,0,30000000,42000,user_41,752,752,
13523,1,0,0,builder_4,752,752,13467
13442,2,30000000,0,user_27,752,752,
13425,3,19000000,0,user_12,752,752,
13438,4,19000000,0,user_26,752,752,
13470,5,4200000,0,user_45,752,752,
13429,6,3500000,0,user_19,752,752,
13444,7,3500000,0,user_27,752,752,
13524,8,0,0,builder_4,752,752,13464
13464,9,3200000,31700,user_40,752,752,
13454,10,2600000,34700,user_34,752,752,
13525,11,0,0,builder_4,752,752,13454
13450,12,2000000,510000,user_32,752,752,
13526,13,0,0,builder_4,752,752,13450
13527,14,0,0,builder_4,752,752,13432
13432,15,1900000,350000,user_21,752,752,
13428,16,2000000,0,user_18,752,752,
13463,17,2000000,0,user_40,752,752,
13468,18,2000000,0,user_41,752,752,
13440,19,1600000,0,user_27,752,752,
13434,20,1500000,0,user_23,752,752,
13423,21,1300000,0,user_12,752,752,
13475,22,1200000,0,user_49,752,752,
13421,23,910000,283000,user_12,752,752,
13528,24,0,0,builder_4,752,752,13421
13458,25,1100000,64600,user_36,752,752,
13529,26,0,0,builder_4,752,752,13458
13414,27,1100000,0,user_1,752,752,
13431,28,1100000,0,user_20,752,752,
13474,29,1100000,0,user_49,752,752,
13448,30,1000000,0,user_30,752,752,
13455,31,910000,0,user_34,752,752,
13437,32,670000,13900,user_25,752,752,
13530,33,0,0,builder_4,752,752,13437
13446,34,470000,0,user_28,752,752,
13447,35,460000,0,user_29,752,752,
13441,36,360000,0,user_27,752,752,
13531,37,0,0,builder_4,752,752,13472
13472,38,160000,155000,user_46,752,752,
13456,39,260000,0,user_35,752,752,
13532,40,0,0,builder_4,752,752,13473
13473,41,160000,15100,user_48,752,752,
13469,42,170000,0,user_43,752,752,
13451,43,160000,0,user_32,752,752,
13453,44,160000,0,user_32,752,752,
13465,45,160000,0,user_41,752,752,
13452,46,150000,0,user_32,752,752,
13457,47,150000,0,user_35,752,752,
13460,48,150000,0,user_38,752,752,
13443,49,120000,16400,user_27,752,752,
13533,50,0,0,builder_4,752,752,13443
13420,51,120000,0,user_11,752,752,
13435,52,120000,0,user_25,752,752,
13449,53,120000,0,user_31,752,752,
13459,54,120000,0,user_37,752,752,
13471,55,120000,0,user_45,752,752,
13534,56,0,0,builder_4,752,752,13466
13466,57,77000,33300,user_41,752,752,
13424,58,110000,0,user_12,752,752,
13430,59,110000,0,user_19,752,752,
13433,60,110000,0,user_22,752,752,
13445,61,83000,5630,user_28,752,752,
13535,62,0,0,builder_4,752,752,13445
13426,63,85000,0,user_13,752,752,
13422,64,84000,0,user_12,752,752,
13427,65,84000,0,user_18,752,752,
13419,66,83000,0,user_10,752,752,
13439,67,82000,0,user_26,752,752,
13415,68,77000,0,user_4,752,752,
13436,69,73000,0,user_25,752,752,
13584,,2500000,0,user_0,753,,
13585,,240000,0,user_2,753,,
13586,,98000,0,user_4,753,,
13587,,260000,0,user_6,753,,
13588,,130000,0,user_7,753,,
13589,,470000,0,user_11,753,,
13590,,1100000,0,user_11,753,,
13591,,870000,0,user_12,753,,
13592,,1100000,0,user_13,753,,
13593,,300000,0,user_13,753,,
13594,,110000,0,user_14,753,,
13595,,6300000,0,user_15,753,,
13596,,370000,0,user_17,753,,
13597,,1300000,13800,user_19,753,,
13598,,150000,0,user_20,753,,
13599,,630000,0,user_21,753,,
13600,,43000000,0,user_21,753,,
13601,,160000,350000,user_22,753,,
13602,,260000,5640,user_23,753,,
13603,,83000,0,user_24,753,,
13604,,460000,0,user_25,753,,
13605,,220000,0,user_26,753,,
13606,,260000,21800,user_26,753,,
13607,,1800000,0,user_28,753,,
13608,,110000,0,user_30,753,,
13609,,150000,0,user_30,753,,
13610,,1000000,0,user_32,753,,
13611,,82000,0,user_32,753,,
13612,,670000,0,user_33,753,,
13613,,1600000,0,user_34,753,,
13614,,160000,0,user_34,753,,
13615,,460000,0,user_36,753,,
13616,,1200000,0,user_37,753,,
13617,,130000,0,user_38,753,,
13618,,1000000,0,user_40,753,,
13619,,310000,0,user_41,753,,
13620,,1000000,0,user_41,753,,
13621,,1400000,0,user_41,753,,
13622,,260000,7190000,user_41,753,,
13623,,1800000,0,user_41,753,,
13624,,170000,0,user_43,753,,
13625,,470000,49100,user_44,753,,
13626,,2000000,0,user_45,753,,
13627,,530000,17000,user_47,753,,
13628,,6300000,283000,user_47,753,,
13629,,1400000,0,user_48,753,,
13630,,670000,5180,user_49,753,,
13600,0,43000000,0,user_21,753,753,
13631,1,0,0,builder_0,753,753,13622
13622,2,260000,7190000,user_41,753,753,
13632,3,0,0,builder_0,753,753,13628
13628,4,6300000,283000,user_47,753,753,
13584,5,2500000,0,user_0,753,753,
13607,6,1800000,0,user_28,753,753,
13623,7,1800000,0,user_41,753,753,
13621,8,1400000,0,user_41,753,753,
13629,9,1400000,0,user_48,753,753,
13633,10,0,0,builder_0,753,753,13597
13597,11,1300000,13800,user_19,753,753,
13616,12,1200000,0,user_37,753,753,
13590,13,1100000,0,user_11,753,753,
13592,14,1100000,0,user_13,753,753,
13610,15,1000000,0,user_32,753,753,
13618,16,1000000,0,user_40,753,753,
13620,17,1000000,0,user_41,753,753,
13634,18,0,0,builder_0,753,753,13630
13630,19,670000,5180,user_49,753,753,
13612,20,670000,0,user_33,753,753,
13599,21,630000,0,user_21,753,753,
13635,22,0,0,builder_0,753,753,13627
13627,23,530000,17000,user_47,753,753,
13636,24,0,0,builder_0,753,753,13625
13625,25,470000,49100,user_44,753,753,
13601,26,160000,350000,user_22,753,753,
13637,27,0,0,builder_0,753,753,13601
13589,28,470000,0,user_11,753,753,
13604,29,460000,0,user_25,753,753,
13615,30,460000,0,user_36,753,753,
13596,31,370000,0,user_17,753,753,
13619,32,310000,0,user_41,753,753,
13593,33,300000,0,user_13,753,753,
13638,34,0,0,builder_0,753,753,13606
13606,35,260000,21800,user_26,753,753,
13602,36,260000,5640,user_23,753,753,
13639,37,0,0,builder_0,753,753,13602
13587,38,260000,0,user_6,753,753,
13585,39,240000,0,user_2,753,753,
13605,40,220000,0,user_26,753,753,
13624,41,170000,0,user_43,753,753,
13598,42,150000,0,user_20,753,753,
13609,43,150000,0,user_30,753,753,
13588,44,130000,0,user_7,753,753,
13617,45,130000,0,user_38,753,753,
13594,46,110000,0,user_14,753,753,
13608,47,110000,0,user_30,753,753,
13611,48,82000,0,user_32,753,753,
13692,,2100000,0,user_1,754,,
13693,,150000,0,user_5,754,,
13694,,1300000,0,user_7,754,,
13695,,870000,0,user_9,754,,
13696,,1500000,0,user_10,754,,
13697,,170000,0,user_13,754,,
13698,,1400000,0,user_14,754,,
13699,,2600000,15100,user_14,754,,
13700,,1500000,0,user_15,754,,
13701,,1300000,0,user_15,754,,
13702,,170000,0,user_16,754,,
13703,,5000000,0,user_17,754,,
13704,,120000,0,user_17,754,,
13705,,660000,959000,user_18,754,,
13706,,77000,0,user_19,754,,
13707,,43000000,0,user_20,754,,
13708,,6300000,0,user_21,754,,
13709,,460000,0,user_22,754,,
13710,,1900000,0,user_23,754,,
13711,,4200000,0,user_24,754,,
13712,,260000,0,user_24,754,,
13713,,80000,0,user_26,754,,
13714,,350000,545000,user_27,754,,
13715,,79000,0,user_28,754,,
13716,,1000000,0,user_30,754,,
13717,,3600000,0,user_30,754,,
13718,,1400000,0,user_30,754,,
13719,,2000000,0,user_30,754,,
13720,,260000,0,user_31,754,,
13721,,1800000,0,user_31,754,,
13722,,4200000,0,user_32,754,,
13723,,150000,0,user_32,754,,
13724,,310000,0,user_33,754,,
13725,,160000,0,user_33,754,,
13726,,1500000,0,user_36,754,,
13727,,80000,0,user_37,754,,
13728,,2500000,0,user_37,754,,
13729,,2000000,71800,user_38,754,,
13730,,310000,510000,user_39,754,,
13731,,2600000,0,user_40,754,,
13732,,340000,0,user_41,754,,
13733,,260000,0,user_42,754,,
13734,,87000,0,user_42,754,,
13735,,360000,0,user_44,754,,
13736,,360000,0,user_47,754,,
13737,,220000,0,user_49,754,,
13738,,350000,0,user_49,754,,
13739,,120000,71800,user_49,754,,
13740,,350000,0,user_49,754,,
13707,0,43000000,0,user_20,754,754,
13708,1,6300000,0,user_21,754,754,
13703,2,5000000,0,user_17,754,754,
13711,3,4200000,0,user_24,754,754,
13722,4,4200000,0,user_32,754,754,
13717,5,3600000,0,user_30,754,754,
13756,6,0,0,builder_3,754,754,13699
13699,7,2600000,15100,user_14,754,754,
13731,8,2600000,0,user_40,754,754,
13728,9,2500000,0,user_37,754,754,
13729,10,2000000,71800,user_38,754,754,
13757,11,0,0,builder_3,754,754,13729
13719,12,2000000,0,user_30,754,754,
13710,13,1900000,0,user_23,754,754,
13721,14,1800000,0,user_31,754,754,
13758,15,0,0,builder_3,754,754,13705
13705,16,660000,959000,user_18,754,754,
13696,17,1500000,0,user_10,754,754,
13700,18,1500000,0,user_15,754,754,
13726,19,1500000,0,user_36,754,754,
13698,20,1400000,0,user_14,754,754,
13718,21,1400000,0,user_30,754,754,
13694,22,1300000,0,user_7,754,754,
13701,23,1300000,0,user_15,754,754,
13716,24,1000000,0,user_30,754,754,
13759,25,0,0,builder_3,754,754,13730
13730,26,310000,510000,user_39,754,754,
13709,27,460000,0,user_22,754,754,
13735,28,360000,0,user_44,754,754,
13736,29,360000,0,user_47,754,754,
13738,30,350000,0,user_49,754,754,
13740,31,350000,0,user_49,754,754,
13732,32,340000,0,user_41,754,754,
13724,33,310000,0,user_33,754,754,
13712,34,260000,0,user_24,754,754,
13720,35,260000,0,user_31,754,754,
13733,36,260000,0,user_42,754,754,
13737,37,220000,0,user_49,754,754,
13739,38,120000,71800,user_49,754,754,
13760,39,0,0,builder_3,754,754,13739
13697,40,170000,0,user_13,754,754,
13725,41,160000,0,user_33,754,754,
13693,42,150000,0,user_5,754,754,
13723,43,150000,0,user_32,754,754,
13704,44,120000,0,user_17,754,754,
13734,45,87000,0,user_42,754,754,
13713,46,80000,0,user_26,754,754,
13727,47,80000,0,user_37,754,754,
13715,48,79000,0,user_28,754,754,
13706,49,77000,0,user_19,754,754,
13786,,160000,0,user_2,755,,
13787,,340000,0,user_2,755,,
13788,,420000,0,user_2,755,,
13789,,6100000,0,user_2,755,,
13790,,2100000,84800,user_2,755,,
13791,,460000,0,user_4,755,,
13792,,120000,0,user_6,755,,
13793,,27000000,0,user_7,755,,
13794,,87000,0,user_9,755,,
13795,,85000,0,user_10,755,,
13796,,1100000,0,user_11,755,,
13797,,100000,0,user_12,755,,
13798,,1300000,0,user_13,755,,
13799,,1900000,0,user_14,755,,
13800,,150000,0,user_17,755,,
13801,,260000,0,user_18,755,,
13802,,630000,0,user_18,755,,
13803,,1700000,0,user_19,755,,
13804,,79000,0,user_20,755,,
13805,,1400000,0,user_22,755,,
13806,,350000,195000,user_23,755,,
13807,,170000,959000,user_24,755,,
13808,,1800000,0,user_24,755,,
13809,,370000,0,user_25,755,,
13810,,910000,155000,user_26,755,,
13811,,2100000,0,user_27,755,,
13812,,87000,0,user_28,755,,
13813,,2500000,0,user_29,755,,
13814,,43000000,231000,user_29,755,,
13815,,82000,181000,user_29,755,,
13816,,220000,350000,user_30,755,,
13817,,30000000,369000,user_30,755,,
13818,,160000,0,user_30,755,,
13819,,30000000,15300,user_31,755,,
13820,,260000,0,user_32,755,,
13821,,160000,0,user_33,755,,
13822,,1400000,0,user_34,755,,
13823,,80000,0,user_35,755,,
13824,,2000000,0,user_36,755,,
13825,,220000,0,user_38,755,,
13826,,170000,779000,user_38,755,,
13827,,4500000,0,user_38,755,,
13828,,2300000,0,user_38,755,,
13829,,85000,0,user_38,755,,
13830,,170000,0,user_39,755,,
13831,,160000,0,user_40,755,,
13832,,43000000,0,user_41,755,,
13833,,2000000,0,user_42,755,,
13834,,84000,0,user_43,755,,
13835,,2100000,0,user_44,755,,
13836,,84000,0,user_45,755,,
13837,,1000000,0,user_46,755,,
13838,,85000,215000,user_47,755,,
13839,,1600000,0,user_49,755,,
13840,,370000,0,user_49,755,,
13841,,5200000,108000,user_49,755,,
13814,0,43000000,231000,user_29,755,755,
13832,1,43000000,0,user_41,755,755,
13817,2,30000000,369000,user_30,755,755,
13819,3,30000000,15300,user_31,755,755,
13793,4,27000000,0,user_7,755,755,
13789,5,6100000,0,user_2,755,755,
13841,6,5200000,108000,user_49,755,755,
13827,7,4500000,0,user_38,755,755,
13813,8,2500000,0,user_29,755,755,
13828,9,2300000,0,user_38,755,755,
13790,10,2100000,84800,user_2,755,755,
13811,11,2100000,0,user_27,755,755,
13835,12,2100000,0,user_44,755,755,
13824,13,2000000,0,user_36,755,755,
13833,14,2000000,0,user_42,755,755,
13799,15,1900000,0,user_14,755,755,
13808,16,1800000,0,user_24,755,755,
13803,17,1700000,0,user_19,755,755,
13839,18,1600000,0,user_49,755,755,
13805,19,1400000,0,user_22,755,755,
13822,20,1400000,0,user_34,755,755,
13798,21,1300000,0,user_13,755,755,
13796,22,1100000,0,user_11,755,755,
13837,23,1000000,0,user_46,755,755,
13802,24,630000,0,user_18,755,755,
13788,25,420000,0,user_2,755,755,
13809,26,370000,0,user_25,755,755,
13840,27,370000,0,user_49,755,755,
13806,28,350000,195000,user_23,755,755,
13787,29,340000,0,user_2,755,755,
13801,30,260000,0,user_18,755,755,
13820,31,260000,0,user_32,755,755,
13816,32,220000,350000,user_30,755,755,
13825,33,220000,0,user_38,755,755,
13807,34,170000,959000,user_24,755,755,
13826,35,170000,779000,user_38,755,755,
13786,36,160000,0,user_2,755,755,
13818,37,160000,0,user_30,755,755,
13821,38,160000,0,user_33,755,755,
13831,39,160000,0,user_40,755,755,
13800,40,150000,0,user_17,755,755,
13792,41,120000,0,user_6,755,755,
13794,42,87000,0,user_9,755,755,
13795,43,85000,0,user_10,755,755,
13829,44,85000,0,user_38,755,755,
13838,45,85000,215000,user_47,755,755,
13834,46,84000,0,user_43,755,755,
13836,47,84000,0,user_45,755,755,
13815,48,82000,181000,user_29,755,755,
13823,49,80000,0,user_35,755,755,
13804,50,79000,0,user_20,755,755,
13925,,460000,0,user_0,756,,
13926,,1200000,283000,user_0,756,,
13927,,6300000,0,user_2,756,,
13928,,910000,0,user_3,756,,
13929,,460000,0,user_4,756,,
13930,,530000,0,user_5,756,,
13931,,5000000,0,user_6,756,,
13932,,600000,0,user_7,756,,
13933,,120000,0,user_7,756,,
13934,,320000,0,user_8,756,,
13935,,1300000,0,user_8,756,,
13936,,2300000,0,user_8,756,,
13937,,2600000,11200,user_8,756,,
13938,,1200000,4320000,user_10,756,,
13939,,220000,84800,user_13,756,,
13940,,80000,0,user_14,756,,
13941,,370000,17000,user_14,756,,
13942,,120000,0,user_15,756,,
13943,,460000,0,user_16,756,,
13944,,2000000,0,user_18,756,,
13945,,1100000,0,user_19,756,,
13946,,1000000,0,user_22,756,,
13947,,260000,3130,user_22,756,,
13948,,650000,0,user_23,756,,
13949,,73000,256000,user_24,756,,
13950,,130000,0,user_24,756,,
13951,,4200000,0,user_24,756,,
13952,,110000,0,user_24,756,,
13953,,350000,15300,user_25,756,,
13954,,100000,0,user_26,756,,
13955,,1000000,0,user_26,756,,
13956,,420000,0,user_28,756,,
13957,,170000,36800,user_29,756,,
13958,,27000000,0,user_30,756,,
13959,,77000,0,user_31,756,,
13960,,1000000,0,user_33,756,,
13961,,5000000,30200,user_34,756,,
13962,,150000,0,user_35,756,,
13963,,530000,0,user_35,756,,
13964,,110000,0,user_36,756,,
13965,,120000,0,user_36,756,,
13966,,910000,33300,user_37,756,,
13967,,73000,0,user_37,756,,
13968,,2300000,21800,user_38,756,,
13969,,110000,73100,user_38,756,,
13970,,360000,0,user_38,756,,
13971,,240000,0,user_38,756,,
13972,,110000,13900,user_39,756,,
13973,,220000,0,user_39,756,,
13974,,6100000,0,user_40,756,,
13975,,4500000,0,user_41,756,,
13976,,870000,0,user_43,756,,
13977,,160000,0,user_43,756,,
13978,,6300000,0,user_43,756,,
13979,,150000,35600,user_46,756,,
13980,,1800000,34700,user_48,756,,
13981,,150000,35600,user_49,756,,
13958,0,27000000,0,user_30,756,756,
13927,1,6300000,0,user_2,756,756,
13978,2,6300000,0,user_43,756,756,
13974,3,6100000,0,user_40,756,756,
14040,4,0,0,builder_4,756,756,13938
13938,5,1200000,4320000,user_10,756,756,
14041,6,0,0,builder_4,756,756,13961
13961,7,5000000,30200,user_34,756,756,
13931,8,5000000,0,user_6,756,756,
13975,9,4500000,0,user_41,756,756,
13951,10,4200000,0,user_24,756,756,
14042,11,0,0,builder_4,756,756,13937
13937,12,2600000,11200,user_8,756,756,
14043,13,0,0,builder_4,756,756,13968
13968,14,2300000,21800,user_38,756,756,
13936,15,2300000,0,user_8,756,756,
13944,16,2000000,0,user_18,756,756,
14044,17,0,0,builder_4,756,756,13980
13980,18,1800000,34700,user_48,756,756,
13926,19,1200000,283000,user_0,756,756,
14045,20,0,0,builder_4,756,756,13926
13935,21,1300000,0,user_8,756,756,
13945,22,1100000,0,user_19,756,756,
13946,23,1000000,0,user_22,756,756,
13955,24,1000000,0,user_26,756,756,
13960,25,1000000,0,user_33,756,756,
14046,26,0,0,builder_4,756,756,13966
13966,27,910000,33300,user_37,756,756,
13928,28,910000,0,user_3,756,756,
13976,29,870000,0,user_43,756,756,
13948,30,650000,0,user_23,756,756,
13963,31,530000,0,user_35,756,756,
13925,32,460000,0,user_0,756,756,
13929,33,460000,0,user_4,756,756,
13943,34,460000,0,user_16,756,756,
13956,35,420000,0,user_28,756,756,
14047,36,0,0,builder_4,756,756,13941
13941,37,370000,17000,user_14,756,756,
13953,38,350000,15300,user_25,756,756,
14048,39,0,0,builder_4,756,756,13953
13970,40,360000,0,user_38,756,756,
14049,41,0,0,builder_4,756,756,13949
13949,42,73000,256000,user_24,756,756,
13934,43,320000,0,user_8,756,756,
14050,44,0,0,builder_4,756,756,13939
13939,45,220000,84800,user_13,756,756,
13947,46,260000,3130,user_22,756,756,
14051,47,0,0,builder_4,756,756,13947
13971,48,240000,0,user_38,756,756,
13957,49,170000,36800,user_29,756,756,
14052,50,0,0,builder_4,756,756,13957
13979,51,150000,35600,user_46,756,756,
14053,52,0,0,builder_4,756,756,13979
14054,53,0,0,builder_4,756,756,13981
13981,54,150000,35600,user_49,756,756,
13969,55,110000,73100,user_38,756,756,
14055,56,0,0,builder_4,756,756,13969
13977,57,160000,0,user_43,756,756,
13962,58,150000,0,user_35,756,756,
13950,59,130000,0,user_24,756,756,
13965,60,120000,0,user_36,756,756,
13952,61,110000,0,user_24,756,756,
13964,62,110000,0,user_36,756,756,
13954,63,100000,0,user_26,756,756,
13940,64,80000,0,user_14,756,756,
13959,65,77000,0,user_31,756,756,
13967,66,73000,0,user_37,756,756,
14108,,4200000,0,user_0,757,,
14109,,1500000,0,user_0,757,,
14110,,470000,0,user_1,757,,
14111,,300000,0,user_1,757,,
14112,,970000,0,user_2,757,,
14113,,1700000,0,user_3,757,,
14114,,77000,15700,user_4,757,,
14115,,3500000,0,user_5,757,,
14116,,670000,155000,user_6,757,,
14117,,3500000,0,user_7,757,,
14118,,1300000,959000,user_7,757,,
14119,,87000,0,user_8,757,,
14120,,3500000,0,user_9,757,,
14121,,30000000,769000,user_11,757,,
14122,,3200000,0,user_15,757,,
14123,,150000,285000,user_16,757,,
14124,,73000,0,user_18,757,,
14125,,1300000,0,user_21,757,,
14126,,1400000,0,user_22,757,,
14127,,82000,0,user_23,757,,
14128,,1100000,3130,user_24,757,,
14129,,2100000,19700,user_26,757,,
14130,,73000,0,user_27,757,,
14131,,350000,0,user_30,757,,
14132,,150000,0,user_31,757,,
14133,,370000,73100,user_34,757,,
14134,,110000,0,user_36,757,,
14135,,1600000,0,user_36,757,,
14136,,1500000,195000,user_39,757,,
14137,,83000,5630,user_40,757,,
14138,,1700000,0,user_41,757,,
14139,,310000,0,user_42,757,,
14140,,83000,779000,user_42,757,,
14141,,160000,0,user_42,757,,
14142,,220000,15100,user_42,757,,
14143,,1100000,0,user_42,757,,
14144,,27000000,0,user_43,757,,
14145,,83000,0,user_44,757,,
14146,,1700000,0,user_44,757,,
14147,,82000,0,user_44,757,,
14148,,2300000,24700,user_44,757,,
14149,,5000000,60700,user_44,757,,
14150,,630000,0,user_45,757,,
14151,,2000000,0,user_46,757,,
14152,,1000000,0,user_47,757,,
14153,,1900000,0,user_49,757,,
14121,0,30000000,769000,user_11,757,757,
14144,1,27000000,0,user_43,757,757,
14149,2,5000000,60700,user_44,757,757,
14108,3,4200000,0,user_0,757,757,
14115,4,3500000,0,user_5,757,757,
14117,5,3500000,0,user_7,757,757,
14120,6,3500000,0,user_9,757,757,
14122,7,3200000,0,user_15,757,757,
14148,8,2300000,24700,user_44,757,757,
14151,9,2000000,0,user_46,757,757,
14153,10,1900000,0,user_49,757,757,
14113,11,1700000,0,user_3,757,757,
14138,12,1700000,0,user_41,757,757,
14146,13,1700000,0,user_44,757,757,
14135,14,1600000,0,user_36,757,757,
14109,15,1500000,0,user_0,757,757,
14126,16,1400000,0,user_22,757,757,
14118,17,1300000,959000,user_7,757,757,
14125,18,1300000,0,user_21,757,757,
14128,19,1100000,3130,user_24,757,757,
14143,20,1100000,0,user_42,757,757,
14152,21,1000000,0,user_47,757,757,
14112,22,970000,0,user_2,757,757,
14116,23,670000,155000,user_6,757,757,
14150,24,630000,0,user_45,757,757,
14133,25,370000,73100,user_34,757,757,
14131,26,350000,0,user_30,757,757,
14139,27,310000,0,user_42,757,757,
14142,28,220000,15100,user_42,757,757,
14141,29,160000,0,user_42,757,757,
14123,30,150000,285000,user_16,757,757,
14132,31,150000,0,user_31,757,757,
14134,32,110000,0,user_36,757,757,
14119,33,87000,0,user_8,757,757,
14137,34,83000,5630,user_40,757,757,
14140,35,83000,779000,user_42,757,757,
14145,36,83000,0,user_44,757,757,
14127,37,82000,0,user_23,757,757,
14147,38,82000,0,user_44,757,757,
14124,39,73000,0,user_18,757,757,
14130,40,73000,0,user_27,757,757,
14246,,630000,7840,user_0,758,,
14247,,150000,108000,user_1,758,,
14248,,160000,66100,user_3,758,,
14249,,220000,0,user_5,758,,
14250,,1000000,0,user_6,758,,
14251,,2100000,0,user_6,758,,
14252,,260000,67500,user_8,758,,
14253,,120000,31700,user_9,758,,
14254,,3600000,23500,user_10,758,,
14255,,1200000,0,user_11,758,,
14256,,260000,128000,user_11,758,,
14257,,120000,0,user_11,758,,
14258,,5000000,0,user_11,758,,
14259,,27000000,0,user_11,758,,
14260,,130000,0,user_12,758,,
14261,,240000,0,user_12,758,,
14262,,320000,0,user_14,758,,
14263,,1500000,0,user_19,758,,
14264,,1500000,12800,user_20,758,,
14265,,1300000,3130,user_21,758,,
14266,,83000,0,user_22,758,,
14267,,310000,0,user_23,758,,
14268,,120000,0,user_25,758,,
14269,,260000,64600,user_27,758,,
14270,,110000,33300,user_27,758,,
14271,,350000,322000,user_28,758,,
14272,,370000,12300,user_28,758,,
14273,,6100000,0,user_29,758,,
14274,,100000,0,user_29,758,,
14275,,2100000,0,user_30,758,,
14276,,150000,0,user_33,758,,
14277,,120000,0,user_34,758,,
14278,,1800000,43600,user_34,758,,
14279,,1400000,0,user_35,758,,
14280,,2000000,0,user_36,758,,
14281,,1900000,0,user_37,758,,
14282,,340000,0,user_39,758,,
14283,,1100000,164000,user_39,758,,
14284,,1500000,0,user_40,758,,
14285,,1000000,0,user_40,758,,
14286,,970000,0,user_40,758,,
14287,,73000,10700,user_40,758,,
14288,,2000000,0,user_41,758,,
14289,,84000,0,user_42,758,,
14290,,160000,0,user_42,758,,
14291,,1200000,0,user_42,758,,
14292,,110000,0,user_43,758,,
14293,,85000,0,user_44,758,,
14294,,970000,0,user_47,758,,
14295,,27000000,0,user_47,758,,
14296,,150000,0,user_48,758,,
14297,,6100000,0,user_48,758,,
14298,,100000,0,user_49,758,,
14299,,260000,35600,user_49,758,,
14259,0,27000000,0,user_11,758,758,
14295,1,27000000,0,user_47,758,758,
14273,2,6100000,0,user_29,758,758,
14297,3,6100000,0,user_48,758,758,
14258,4,5000000,0,user_11,758,758,
14254,5,3600000,23500,user_10,758,758,
14300,6,0,0,builder_0,758,758,14254
14251,7,2100000,0,user_6,758,758,
14275,8,2100000,0,user_30,758,758,
14280,9,2000000,0,user_36,758,758,
14288,10,2000000,0,user_41,758,758,
14281,11,1900000,0,user_37,758,758,
14301,12,0,0,builder_0,758,758,14264
14264,13,1500000,12800,user_20,758,758,
14263,14,1500000,0,user_19,758,758,
14284,15,1500000,0,user_40,758,758,
14279,16,1400000,0,user_35,758,758,
14302,17,0,0,builder_0,758,758,14265
14265,18,1300000,3130,user_21,758,758,
14255,19,1200000,0,user_11,758,758,
14291,20,1200000,0,user_42,758,758,
14250,21,1000000,0,user_6,758,758,
14285,22,1000000,0,user_40,758,758,
14286,23,970000,0,user_40,758,758,
14294,24,970000,0,user_47,758,758,
14271,25,350000,322000,user_28,758,758,
14303,26,0,0,builder_0,758,758,14271
14304,27,0,0,builder_0,758,758,14246
14246,28,630000,7840,user_0,758,758,
14256,29,260000,128000,user_11,758,758,
14305,30,0,0,builder_0,758,758,14256
14306,31,0,0,builder_0,758,758,14272
14272,32,370000,12300,user_28,758,758,
14252,33,260000,67500,user_8,758,758,
14307,34,0,0,builder_0,758,758,14252
14269,35,260000,64600,user_27,758,758,
14308,36,0,0,builder_0,758,758,14269
14262,37,320000,0,user_14,758,758,
14267,38,310000,0,user_23,758,758,
14309,39,0,0,builder_0,758,758,14299
14299,40,260000,35600,user_49,758,758,
14247,41,150000,108000,user_1,758,758,
14310,42,0,0,builder_0,758,758,14247
14311,43,0,0,builder_0,758,758,14248
14248,44,160000,66100,user_3,758,758,
14290,45,160000,0,user_42,758,758,
14312,46,0,0,builder_0,758,758,14253
14253,47,120000,31700,user_9,758,758,
14276,48,150000,0,user_33,758,758,
14296,49,150000,0,user_48,758,758,
14270,50,110000,33300,user_27,758,758,
14313,51,0,0,builder_0,758,758,14270
14257,52,120000,0,user_11,758,758,
14268,53,120000,0,user_25,758,758,
14292,54,110000,0,user_43,758,758,
14274,55,100000,0,user_29,758,758,
14298,56,100000,0,user_49,758,758,
14293,57,85000,0,user_44,758,758,
14289,58,84000,0,user_42,758,758,
14287,59,73000,10700,user_40,758,758,
14314,60,0,0,builder_0,758,758,14287
14266,61,83000,0,user_22,758,758,
14423,,630000,5630,user_0,759,,
14424,,130000,0,user_1,759,,
14425,,170000,31700,user_2,759,,
14426,,310000,0,user_5,759,,
14427,,82000,0,user_5,759,,
14428,,260000,21800,user_6,759,,
14429,,660000,0,user_7,759,,
14430,,420000,0,user_8,759,,
14431,,84000,0,user_8,759,,
14432,,73000,0,user_9,759,,
14433,,1700000,0,user_9,759,,
14434,,3200000,0,user_11,759,,
14435,,110000,0,user_13,759,,
14436,,150000,0,user_13,759,,
14437,,1000000,0,user_14,759,,
14438,,27000000,161000,user_15,759,,
14439,,650000,0,user_16,759,,
14440,,120000,0,user_17,759,,
14441,,630000,0,user_19,759,,
14442,,83000,0,user_20,759,,
14443,,77000,0,user_21,759,,
14444,,83000,0,user_21,759,,
14445,,150000,0,user_25,759,,
14446,,350000,13900,user_26,759,,
14447,,150000,64600,user_26,759,,
14448,,320000,19700,user_27,759,,
14449,,360000,0,user_28,759,,
14450,,190000,24700,user_29,759,,
14451,,2000000,0,user_30,759,,
14452,,310000,0,user_31,759,,
14453,,870000,0,user_32,759,,
14454,,100000,16400,user_33,759,,
14455,,120000,0,user_34,759,,
14456,,1100000,0,user_35,759,,
14457,,4200000,0,user_35,759,,
14458,,1400000,0,user_35,759,,
14459,,120000,0,user_35,759,,
14460,,650000,0,user_36,759,,
14461,,1100000,381000,user_37,759,,
14462,,110000,121000,user_37,759,,
14463,,5200000,0,user_38,759,,
14464,,6300000,0,user_42,759,,
14465,,420000,75000,user_43,759,,
14466,,1800000,0,user_44,759,,
14467,,43000000,13800,user_46,759,,
14468,,1600000,71800,user_47,759,,
14469,,2000000,10700,user_48,759,,
14470,,79000,0,user_48,759,,
14471,,19000000,0,user_49,759,,
14467,0,43000000,13800,user_46,759,759,
14438,1,27000000,161000,user_15,759,759,
14471,2,19000000,0,user_49,759,759,
14464,3,6300000,0,user_42,759,759,
14463,4,5200000,0,user_38,759,759,
14457,5,4200000,0,user_35,759,759,
14434,6,3200000,0,user_11,759,759,
14451,7,2000000,0,user_30,759,759,
14469,8,2000000,10700,user_48,759,759,
14466,9,1800000,0,user_44,759,759,
14433,10,1700000,0,user_9,759,759,
14468,11,1600000,71800,user_47,759,759,
14458,12,1400000,0,user_35,759,759,
14456,13,1100000,0,user_35,759,759,
14437,14,1000000,0,user_14,759,759,
14453,15,870000,0,user_32,759,759,
14429,16,660000,0,user_7,759,759,
14439,17,650000,0,user_16,759,759,
14460,18,650000,0,user_36,759,759,
14423,19,630000,5630,user_0,759,759,
14441,20,630000,0,user_19,759,759,
14430,21,420000,0,user_8,759,759,
14465,22,420000,75000,user_43,759,759,
14448,23,320000,19700,user_27,759,759,
14426,24,310000,0,user_5,759,759,
14452,25,310000,0,user_31,759,759,
14428,26,260000,21800,user_6,759,759,
14450,27,190000,24700,user_29,759,759,
14425,28,170000,31700,user_2,759,759,
14436,29,150000,0,user_13,759,759,
14445,30,150000,0,user_25,759,759,
14440,31,120000,0,user_17,759,759,
14455,32,120000,0,user_34,759,759,
14459,33,120000,0,user_35,759,759,
14435,34,110000,0,user_13,759,759,
14454,35,100000,16400,user_33,759,759,
14431,36,84000,0,user_8,759,759,
14442,37,83000,0,user_20,759,759,
14444,38,83000,0,user_21,759,759,
14427,39,82000,0,user_5,759,759,
14470,40,79000,0,user_48,759,759,
14443,41,77000,0,user_21,759,759,
14432,42,73000,0,user_9,759,759,
14578,,360000,0,user_0,760,,
14579,,80000,16400,user_1,760,,
14580,,110000,0,user_2,760,,
14581,,1000000,0,user_2,760,,
14582,,120000,15700,user_3,760,,
14583,,220000,0,user_4,760,,
14584,,110000,0,user_5,760,,
14585,,220000,32900,user_6,760,,
14586,,110000,0,user_6,760,,
14587,,110000,0,user_7,760,,
14588,,870000,0,user_8,760,,
14589,,220000,0,user_9,760,,
14590,,2600000,0,user_11,760,,
14591,,1000000,0,user_11,760,,
14592,,160000,0,user_12,760,,
14593,,2500000,0,user_12,760,,
14594,,73000,0,user_12,760,,
14595,,1700000,0,user_12,760,,
14596,,77000,0,user_12,760,,
14597,,2600000,24700,user_13,760,,
14598,,1900000,0,user_13,760,,
14599,,1500000,231000,user_14,760,,
14600,,350000,0,user_16,760,,
14601,,650000,0,user_18,760,,
14602,,350000,0,user_18,760,,
14603,,160000,0,user_20,760,,
14604,,1500000,0,user_21,760,,
14605,,160000,0,user_21,760,,
14606,,170000,0,user_21,760,,
14607,,30000000,0,user_22,760,,
14608,,320000,0,user_24,760,,
14609,,2000000,283000,user_24,760,,
14610,,1900000,0,user_25,760,,
14611,,870000,0,user_25,760,,
14612,,110000,0,user_28,760,,
14613,,79000,0,user_29,760,,
14614,,1500000,0,user_30,760,,
14615,,360000,0,user_31,760,,
14616,,43000000,0,user_32,760,,
14617,,2600000,231000,user_32,760,,
14618,,300000,71800,user_33,760,,
14619,,870000,0,user_33,760,,
14620,,2500000,0,user_34,760,,
14621,,370000,0,user_35,760,,
14622,,4500000,0,user_35,760,,
14623,,5200000,0,user_40,760,,
14624,,1300000,0,user_41,760,,
14625,,320000,959000,user_43,760,,
14626,,4500000,56200,user_44,760,,
14627,,360000,0,user_45,760,,
14628,,1600000,0,user_46,760,,
14629,,2300000,14200,user_47,760,,
14630,,4200000,19700,user_48,760,,
14631,,1100000,0,user_49,760,,
14616,0,43000000,0,user_32,760,760,
14607,1,30000000,0,user_22,760,760,
14623,2,5200000,0,user_40,760,760,
14669,3,0,0,builder_4,760,760,14626
14626,4,4500000,56200,user_44,760,760,
14622,5,4500000,0,user_35,760,760,
14630,6,4200000,19700,user_48,760,760,
14670,7,0,0,builder_4,760,760,14630
14617,8,2600000,231000,user_32,760,760,
14671,9,0,0,builder_4,760,760,14617
14597,10,2600000,24700,user_13,760,760,
14672,11,0,0,builder_4,760,760,14597
14590,12,2600000,0,user_11,760,760,
14593,13,2500000,0,user_12,760,760,
14620,14,2500000,0,user_34,760,760,
14673,15,0,0,builder_4,760,760,14609
14609,16,2000000,283000,user_24,760,760,
14598,17,1900000,0,user_13,760,760,
14610,18,1900000,0,user_25,760,760,
14599,19,1500000,231000,user_14,760,760,
14674,20,0,0,builder_4,760,760,14599
14595,21,1700000,0,user_12,760,760,
14628,22,1600000,0,user_46,760,760,
14604,23,1500000,0,user_21,760,760,
14614,24,1500000,0,user_30,760,760,
14624,25,1300000,0,user_41,760,760,
14675,26,0,0,builder_4,760,760,14625
14625,27,320000,959000,user_43,760,760,
14631,28,1100000,0,user_49,760,760,
14581,29,1000000,0,user_2,760,760,
14591,30,1000000,0,user_11,760,760,
14588,31,870000,0,user_8,760,760,
14611,32,870000,0,user_25,760,760,
14619,33,870000,0,user_33,760,760,
14601,34,650000,0,user_18,760,760,
14618,35,300000,71800,user_33,760,760,
14676,36,0,0,builder_4,760,760,14618
14621,37,370000,0,user_35,760,760,
14578,38,360000,0,user_0,760,760,
14615,39,360000,0,user_31,760,760,
14627,40,360000,0,user_45,760,760,
14600,41,350000,0,user_16,760,760,
14602,42,350000,0,user_18,760,760,
14608,43,320000,0,user_24,760,760,
14677,44,0,0,builder_4,760,760,14585
14585,45,220000,32900,user_6,760,760,
14583,46,220000,0,user_4,760,760,
14589,47,220000,0,user_9,760,760,
14606,48,170000,0,user_21,760,760,
14592,49,160000,0,user_12,760,760,
14603,50,160000,0,user_20,760,760,
14605,51,160000,0,user_21,760,760,
14678,52,0,0,builder_4,760,760,14582
14582,53,120000,15700,user_3,760,760,
14580,54,110000,0,user_2,760,760,
14586,55,110000,0,user_6,760,760,
14612,56,110000,0,user_28,760,760,
14579,57,80000,16400,user_1,760,760,
14679,58,0,0,builder_4,760,760,14579
14613,59,79000,0,user_29,760,760,
14596,60,77000,0,user_12,760,760,
14594,61,73000,0,user_12,760,760,
14714,,160000,0,user_1,761,,
14715,,130000,0,user_3,761,,
14716,,600000,0,user_5,761,,
14717,,970000,7190000,user_7,761,,
14718,,83000,0,user_9,761,,
14719,,3200000,0,user_10,761,,
14720,,4200000,128000,user_11,761,,
14721,,2400000,0,user_12,761,,
14722,,1400000,0,user_14,761,,
14723,,85000,0,user_16,761,,
14724,,530000,0,user_17,761,,
14725,,120000,0,user_18,761,,
14726,,170000,0,user_18,761,,
14727,,910000,17000,user_19,761,,
14728,,170000,369000,user_20,761,,
14729,,70000,0,user_20,761,,
14730,,1000000,0,user_21,761,,
14731,,160000,0,user_22,761,,
14732,,120000,0,user_23,761,,
14733,,120000,0,user_23,761,,
14734,,2400000,0,user_23,761,,
14735,,80000,0,user_23,761,,
14736,,100000,21800,user_23,761,,
14737,,240000,0,user_24,761,,
14738,,910000,0,user_25,761,,
14739,,1700000,139000,user_25,761,,
14740,,670000,0,user_26,761,,
14741,,1600000,0,user_27,761,,
14742,,79000,0,user_28,761,,
14743,,3600000,0,user_28,761,,
14744,,1300000,0,user_29,761,,
14745,,310000,0,user_31,761,,
14746,,82000,15700,user_31,761,,
14747,,310000,0,user_32,761,,
14748,,1900000,0,user_32,761,,
14749,,1000000,7190000,user_32,761,,
14750,,1400000,0,user_32,761,,
14751,,1600000,67500,user_32,761,,
14752,,220000,121000,user_33,761,,
14753,,87000,47700,user_36,761,,
14754,,170000,0,user_36,761,,
14755,,43000000,0,user_37,761,,
14756,,150000,0,user_38,761,,
14757,,100000,0,user_40,761,,
14758,,260000,0,user_41,761,,
14759,,1900000,0,user_41,761,,
14760,,2000000,256000,user_42,761,,
14761,,27000000,0,user_43,761,,
14762,,5200000,0,user_44,761,,
14763,,220000,0,user_45,761,,
14764,,310000,0,user_46,761,,
14765,,27000000,769000,user_47,761,,
14766,,420000,100000,user_48,761,,
14755,0,43000000,0,user_37,761,761,
14765,1,27000000,769000,user_47,761,761,
14767,2,0,0,builder_0,761,761,14765
14761,3,27000000,0,user_43,761,761,
14749,4,1000000,7190000,user_32,761,761,
14768,5,0,0,builder_0,761,761,14749
14769,6,0,0,builder_0,761,761,14717
14717,7,970000,7190000,user_7,761,761,
14762,8,5200000,0,user_44,761,761,
14720,9,4200000,128000,user_11,761,761,
14770,10,0,0,builder_0,761,761,14720
14743,11,3600000,0,user_28,761,761,
14719,12,3200000,0,user_10,761,761,
14734,13,2400000,0,user_23,761,761,
14760,14,2000000,256000,user_42,761,761,
14771,15,0,0,builder_0,761,761,14760
14748,16,1900000,0,user_32,761,761,
14759,17,1900000,0,user_41,761,761,
14772,18,0,0,builder_0,761,761,14739
14739,19,1700000,139000,user_25,761,761,
14773,20,0,0,builder_0,761,761,14751
14751,21,1600000,67500,user_32,761,761,
14741,22,1600000,0,user_27,761,761,
14722,23,1400000,0,user_14,761,761,
14750,24,1400000,0,user_32,761,761,
14744,25,1300000,0,user_29,761,761,
14730,26,1000000,0,user_21,761,761,
14727,27,910000,17000,user_19,761,761,
14774,28,0,0,builder_0,761,761,14727
14738,29,910000,0,user_25,761,761,
14740,30,670000,0,user_26,761,761,
14728,31,170000,369000,user_20,761,761,
14775,32,0,0,builder_0,761,761,14728
14724,33,530000,0,user_17,761,761,
14776,34,0,0,builder_0,761,761,14766
14766,35,420000,100000,user_48,761,761,
14752,36,220000,121000,user_33,761,761,
14777,37,0,0,builder_0,761,761,14752
14745,38,310000,0,user_31,761,761,
14747,39,310000,0,user_32,761,761,
14764,40,310000,0,user_46,761,761,
14758,41,260000,0,user_41,761,761,
14726,42,170000,0,user_18,761,761,
14754,43,170000,0,user_36,761,761,
14714,44,160000,0,user_1,761,761,
14731,45,160000,0,user_22,761,761,
14756,46,150000,0,user_38,761,761,
14778,47,0,0,builder_0,761,761,14753
14753,48,87000,47700,user_36,761,761,
14715,49,130000,0,user_3,761,761,
14736,50,100000,21800,user_23,761,761,
14779,51,0,0,builder_0,761,761,14736
14725,52,120000,0,user_18,761,761,
14732,53,120000,0,user_23,761,761,
14733,54,120000,0,user_23,761,761,
14757,55,100000,0,user_40,761,761,
14746,56,82000,15700,user_31,761,761,
14780,57,0,0,builder_0,761,761,14746
14723,58,85000,0,user_16,761,761,
14718,59,83000,0,user_9,761,761,
14735,60,80000,0,user_23,761,761,
14742,61,79000,0,user_28,761,761,
14729,62,70000,0,user_20,761,761,
14866,,190000,0,user_0,762,,
14867,,2400000,0,user_1,762,,
14868,,30000000,0,user_2,762,,
14869,,1500000,0,user_4,762,,
14870,,1500000,19700,user_4,762,,
14871,,82000,0,user_5,762,,
14872,,5200000,0,user_6,762,,
14873,,83000,15100,user_7,762,,
14874,,1000000,0,user_8,762,,
14875,,1500000,0,user_10,762,,
14876,,2000000,0,user_10,762,,
14877,,420000,0,user_12,762,,
14878,,160000,0,user_14,762,,
14879,,2300000,0,user_17,762,,
14880,,79000,0,user_19,762,,
14881,,220000,0,user_19,762,,
14882,,27000000,23500,user_21,762,,
14883,,2000000,0,user_23,762,,
14884,,30000000,12300,user_24,762,,
14885,,870000,0,user_25,762,,
14886,,1000000,0,user_27,762,,
14887,,2500000,0,user_29,762,,
14888,,2600000,0,user_29,762,,
14889,,350000,0,user_29,762,,
14890,,160000,34700,user_32,762,,
14891,,160000,0,user_35,762,,
14892,,460000,0,user_35,762,,
14893,,160000,0,user_35,762,,
14894,,120000,0,user_36,762,,
14895,,1200000,0,user_36,762,,
14896,,1600000,0,user_37,762,,
14897,,100000,0,user_37,762,,
14898,,70000,0,user_39,762,,
14899,,130000,0,user_40,762,,
14900,,77000,0,user_42,762,,
14901,,190000,0,user_42,762,,
14902,,170000,0,user_43,762,,
14903,,70000,0,user_44,762,,
14904,,83000,0,user_45,762,,
14905,,82000,0,user_46,762,,
14906,,360000,0,user_49,762,,
14920,0,0,0,builder_4,762,762,14884
14884,1,30000000,12300,user_24,762,762,
14868,2,30000000,0,user_2,762,762,
14921,3,0,0,builder_4,762,762,14882
14882,4,27000000,23500,user_21,762,762,
14872,5,5200000,0,user_6,762,762,
14888,6,2600000,0,user_29,762,762,
14887,7,2500000,0,user_29,762,762,
14867,8,2400000,0,user_1,762,762,
14879,9,2300000,0,user_17,762,762,
14876,10,2000000,0,user_10,762,762,
14883,11,2000000,0,user_23,762,762,
14896,12,1600000,0,user_37,762,762,
14870,13,1500000,19700,user_4,762,762,
14922,14,0,0,builder_4,762,762,14870
14869,15,1500000,0,user_4,762,762,
14875,16,1500000,0,user_10,762,762,
14895,17,1200000,0,user_36,762,762,
14874,18,1000000,0,user_8,762,762,
14886,19,1000000,0,user_27,762,762,
14885,20,870000,0,user_25,762,762,
14892,21,460000,0,user_35,762,762,
14877,22,420000,0,user_12,762,762,
14906,23,360000,0,user_49,762,762,
14889,24,350000,0,user_29,762,762,
14881,25,220000,0,user_19,762,762,
14923,26,0,0,builder_4,762,762,14890
14890,27,160000,34700,user_32,762,762,
14866,28,190000,0,user_0,762,762,
14901,29,190000,0,user_42,762,762,
14902,30,170000,0,user_43,762,762,
14878,31,160000,0,user_14,762,762,
14891,32,160000,0,user_35,762,762,
14893,33,160000,0,user_35,762,762,
14899,34,130000,0,user_40,762,762,
14894,35,120000,0,user_36,762,762,
14897,36,100000,0,user_37,762,762,
14904,37,83000,0,user_45,762,762,
14905,38,82000,0,user_46,762,762,
14880,39,79000,0,user_19,762,762,
14900,40,77000,0,user_42,762,762,
14903,41,70000,0,user_44,762,762,
14942,,160000,0,user_1,763,,
14943,,150000,30200,user_2,763,,
14944,,220000,0,user_4,763,,
14945,,910000,0,user_4,763,,
14946,,84000,215000,user_4,763,,
14947,,130000,0,user_4,763,,
14948,,660000,0,user_6,763,,
14949,,19000000,0,user_7,763,,
14950,,870000,0,user_8,763,,
14951,,77000,0,user_9,763,,
14952,,1400000,49100,user_10,763,,
14953,,5000000,296000,user_10,763,,
14954,,2600000,0,user_10,763,,
14955,,170000,0,user_10,763,,
14956,,87000,0,user_10,763,,
14957,,160000,0,user_11,763,,
14958,,30000000,0,user_11,763,,
14959,,2400000,0,user_11,763,,
14960,,320000,8520,user_11,763,,
14961,,85000,0,user_12,763,,
14962,,420000,32900,user_12,763,,
14963,,650000,7840,user_13,763,,
14964,,190000,369000,user_13,763,,
14965,,5200000,0,user_14,763,,
14966,,970000,0,user_15,763,,
14967,,1400000,0,user_17,763,,
14968,,1600000,0,user_17,763,,
14969,,1500000,31700,user_18,763,,
14970,,2100000,0,user_18,763,,
14971,,870000,0,user_19,763,,
14972,,6100000,0,user_21,763,,
14973,,310000,0,user_22,763,,
14974,,1200000,0,user_23,763,,
14975,,3500000,0,user_23,763,,
14976,,3200000,181000,user_23,763,,
14977,,220000,0,user_24,763,,
14978,,3600000,0,user_25,763,,
14979,,79000,0,user_26,763,,
14980,,3500000,17700000,user_27,763,,
14981,,170000,0,user_30,763,,
14982,,87000,71800,user_31,763,,
14983,,310000,0,user_32,763,,
14984,,660000,0,user_33,763,,
14985,,320000,0,user_33,763,,
14986,,170000,410000,user_35,763,,
14987,,2300000,0,user_36,763,,
14988,,98000,0,user_37,763,,
14989,,360000,0,user_37,763,,
14990,,77000,0,user_37,763,,
14991,,98000,0,user_37,763,,
14992,,1400000,32900,user_38,763,,
14993,,460000,0,user_38,763,,
14994,,6300000,0,user_41,763,,
14995,,910000,0,user_41,763,,
14996,,6300000,0,user_43,763,,
14997,,77000,0,user_45,763,,
14998,,1200000,0,user_45,763,,
14999,,1600000,0,user_46,763,,
15000,,310000,0,user_48,763,,
14958,0,30000000,0,user_11,763,763,
14949,1,19000000,0,user_7,763,763,
14994,2,6300000,0,user_41,763,763,
14996,3,6300000,0,user_43,763,763,
14972,4,6100000,0,user_21,763,763,
14965,5,5200000,0,user_14,763,763,
14953,6,5000000,296000,user_10,763,763,
14978,7,3600000,0,user_25,763,763,
14975,8,3500000,0,user_23,763,763,
14980,9,3500000,17700000,user_27,763,763,
14976,10,3200000,181000,user_23,763,763,
14954,11,2600000,0,user_10,763,763,
14959,12,2400000,0,user_11,763,763,
14987,13,2300000,0,user_36,763,763,
14970,14,2100000,0,user_18,763,763,
14968,15,1600000,0,user_17,763,763,
14999,16,1600000,0,user_46,763,763,
14969,17,1500000,31700,user_18,763,763,
14952,18,1400000,49100,user_10,763,763,
14967,19,1400000,0,user_17,763,763,
14992,20,1400000,32900,user_38,763,763,
14974,21,1200000,0,user_23,763,763,
14998,22,1200000,0,user_45,763,763,
14966,23,970000,0,user_15,763,763,
14995,24,910000,0,user_41,763,763,
14950,25,870000,0,user_8,763,763,
14971,26,870000,0,user_19,763,763,
14948,27,660000,0,user_6,763,763,
14984,28,660000,0,user_33,763,763,
14963,29,650000,7840,user_13,763,763,
14993,30,460000,0,user_38,763,763,
14960,31,320000,8520,user_11,763,763,
14985,32,320000,0,user_33,763,763,
14973,33,310000,0,user_22,763,763,
14983,34,310000,0,user_32,763,763,
15000,35,310000,0,user_48,763,763,
14977,36,220000,0,user_24,763,763,
14964,37,190000,369000,user_13,763,763,
14955,38,170000,0,user_10,763,763,
14981,39,170000,0,user_30,763,763,
14986,40,170000,410000,user_35,763,763,
14957,41,160000,0,user_11,763,763,
14943,42,150000,30200,user_2,763,763,
14956,43,87000,0,user_10,763,763,
14982,44,87000,71800,user_31,763,763,
14951,45,77000,0,user_9,763,763,
14997,46,77000,0,user_45,763,763,
15104,,1200000,0,user_1,764,,
15105,,220000,0,user_2,764,,
15106,,220000,0,user_4,764,,
15107,,150000,0,user_5,764,,
15108,,150000,68100,user_5,764,,
15109,,370000,0,user_7,764,,
15110,,1900000,0,user_7,764,,
15111,,3500000,66100,user_9,764,,
15112,,5000000,0,user_10,764,,
15113,,77000,256000,user_10,764,,
15114,,5200000,0,user_12,764,,
15115,,2300000,49100,user_12,764,,
15116,,170000,0,user_13,764,,
15117,,2100000,769000,user_13,764,,
15118,,220000,0,user_13,764,,
15119,,1600000,0,user_13,764,,
15120,,85000,71800,user_13,764,,
15121,,420000,0,user_14,764,,
15122,,80000,0,user_14,764,,
15123,,160000,0,user_15,764,,
15124,,5200000,0,user_16,764,,
15125,,310000,0,user_17,764,,
15126,,110000,0,user_18,764,,
15127,,3500000,0,user_18,764,,
15128,,79000,0,user_18,764,,
15129,,150000,0,user_18,764,,
15130,,310000,0,user_20,764,,
15131,,300000,0,user_20,764,,
15132,,310000,23500,user_21,764,,
15133,,1800000,0,user_21,764,,
15134,,1000000,0,user_22,764,,
15135,,300000,0,user_26,764,,
15136,,220000,0,user_26,764,,
15137,,110000,0,user_28,764,,
15138,,2000000,0,user_28,764,,
15139,,1100000,12800,user_30,764,,
15140,,6300000,0,user_31,764,,
15141,,120000,0,user_33,764,,
15142,,120000,17000,user_34,764,,
15143,,5000000,0,user_35,764,,
15144,,150000,0,user_35,764,,
15145,,2000000,0,user_36,764,,
15146,,6100000,0,user_37,764,,
15147,,150000,0,user_37,764,,
15148,,170000,0,user_38,764,,
15149,,870000,0,user_40,764,,
15150,,110000,0,user_40,764,,
15151,,220000,0,user_41,764,,
15152,,82000,0,user_41,764,,
15153,,4500000,0,user_43,764,,
15154,,630000,0,user_43,764,,
15155,,1000000,0,user_44,764,,
15156,,220000,0,user_45,764,,
15157,,660000,0,user_45,764,,
15158,,370000,0,user_46,764,,
15159,,3500000,64600,user_46,764,,
15160,,1100000,0,user_46,764,,
15161,,84000,0,user_46,764,,
15162,,120000,5180,user_46,764,,
15163,,1500000,0,user_48,764,,
15164,,190000,0,user_49,764,,
15140,0,6300000,0,user_31,764,764,
15146,1,6100000,0,user_37,764,764,
15114,2,5200000,0,user_12,764,764,
15124,3,5200000,0,user_16,764,764,
15112,4,5000000,0,user_10,764,764,
15143,5,5000000,0,user_35,764,764,
15153,6,4500000,0,user_43,764,764,
15111,7,3500000,66100,user_9,764,764,
15200,8,0,0,builder_4,764,764,15111
15201,9,0,0,builder_4,764,764,15159
15159,10,3500000,64600,user_46,764,764,
15127,11,3500000,0,user_18,764,764,
15202,12,0,0,builder_4,764,764,15117
15117,13,2100000,769000,user_13,764,764,
15203,14,0,0,builder_4,764,764,15115
15115,15,2300000,49100,user_12,764,764,
15138,16,2000000,0,user_28,764,764,
15145,17,2000000,0,user_36,764,764,
15133,18,1800000,0,user_21,764,764,
15119,19,1600000,0,user_13,764,764,
15163,20,1500000,0,user_48,764,764,
15104,21,1200000,0,user_1,764,764,
15139,22,1100000,12800,user_30,764,764,
15204,23,0,0,builder_4,764,764,15139
15160,24,1100000,0,user_46,764,764,
15134,25,1000000,0,user_22,764,764,
15155,26,1000000,0,user_44,764,764,
15149,27,870000,0,user_40,764,764,
15157,28,660000,0,user_45,764,764,
15154,29,630000,0,user_43,764,764,
15121,30,420000,0,user_14,764,764,
15158,31,370000,0,user_46,764,764,
15132,32,310000,23500,user_21,764,764,
15205,33,0,0,builder_4,764,764,15132
15113,34,77000,256000,user_10,764,764,
15206,35,0,0,builder_4,764,764,15113
15125,36,310000,0,user_17,764,764,
15130,37,310000,0,user_20,764,764,
15131,38,300000,0,user_20,764,764,
15135,39,300000,0,user_26,764,764,
15105,40,220000,0,user_2,764,764,
15106,41,220000,0,user_4,764,764,
15118,42,220000,0,user_13,764,764,
15136,43,220000,0,user_26,764,764,
15151,44,220000,0,user_41,764,764,
15156,45,220000,0,user_45,764,764,
15164,46,190000,0,user_49,764,764,
15116,47,170000,0,user_13,764,764,
15148,48,170000,0,user_38,764,764,
15120,49,85000,71800,user_13,764,764,
15207,50,0,0,builder_4,764,764,15120
15129,51,150000,0,user_18,764,764,
15144,52,150000,0,user_35,764,764,
15147,53,150000,0,user_37,764,764,
15142,54,120000,17000,user_34,764,764,
15208,55,0,0,builder_4,764,764,15142
15162,56,120000,5180,user_46,764,764,
15209,57,0,0,builder_4,764,764,15162
15141,58,120000,0,user_33,764,764,
15126,59,110000,0,user_18,764,764,
15137,60,110000,0,user_28,764,764,
15150,61,110000,0,user_40,764,764,
15161,62,84000,0,user_46,764,764,
15152,63,82000,0,user_41,764,764,
15122,64,80000,0,user_14,764,764,
15128,65,79000,0,user_18,764,764,
15238,,1100000,0,user_0,765,,
15239,,110000,146000,user_2,765,,
15240,,150000,42000,user_3,765,,
15241,,460000,0,user_4,765,,
15242,,870000,46500,user_7,765,,
15243,,1900000,4320000,user_8,765,,
15244,,130000,0,user_9,765,,
15245,,110000,0,user_10,765,,
15246,,630000,0,user_14,765,,
15247,,87000,0,user_16,765,,
15248,,5200000,0,user_17,765,,
15249,,5200000,161000,user_19,765,,
15250,,460000,0,user_19,765,,
15251,,1500000,0,user_20,765,,
15252,,160000,0,user_20,765,,
15253,,460000,0,user_21,765,,
15254,,5200000,0,user_21,765,,
15255,,98000,0,user_21,765,,
15256,,1500000,0,user_21,765,,
15257,,300000,510000,user_22,765,,
15258,,170000,0,user_23,765,,
15259,,84000,16400,user_24,765,,
15260,,870000,0,user_24,765,,
15261,,27000000,0,user_26,765,,
15262,,2100000,11200,user_26,765,,
15263,,650000,0,user_27,765,,
15264,,220000,21800,user_27,765,,
15265,,120000,283000,user_28,765,,
15266,,19000000,5630,user_30,765,,
15267,,1500000,0,user_30,765,,
15268,,80000,0,user_30,765,,
15269,,83000,0,user_32,765,,
15270,,120000,0,user_33,765,,
15271,,1700000,0,user_35,765,,
15272,,5200000,7840,user_35,765,,
15273,,1400000,0,user_36,765,,
15274,,120000,0,user_37,765,,
15275,,77000,0,user_38,765,,
15276,,130000,5630,user_39,765,,
15277,,660000,0,user_40,765,,
15278,,1000000,0,user_41,765,,
15279,,110000,0,user_42,765,,
15280,,27000000,0,user_43,765,,
15281,,150000,0,user_43,765,,
15282,,6100000,0,user_43,765,,
15283,,150000,0,user_43,765,,
15284,,1600000,0,user_44,765,,
15285,,160000,0,user_45,765,,
15286,,5000000,0,user_46,765,,
15287,,420000,0,user_46,765,,
15288,,110000,0,user_46,765,,
15289,,110000,0,user_46,765,,
15290,,120000,0,user_46,765,,
15291,,2400000,0,user_47,765,,
15261,0,27000000,0,user_26,765,765,
15280,1,27000000,0,user_43,765,765,
15292,2,0,0,builder_0,765,765,15266
15266,3,19000000,5630,user_30,765,765,
15293,4,0,0,builder_0,765,765,15243
15243,5,1900000,4320000,user_8,765,765,
15282,6,6100000,0,user_43,765,765,
15294,7,0,0,builder_0,765,765,15249
15249,8,5200000,161000,user_19,765,765,
15295,9,0,0,builder_0,765,765,15272
15272,10,5200000,7840,user_35,765,765,
15248,11,5200000,0,user_17,765,765,
15254,12,5200000,0,user_21,765,765,
15286,13,5000000,0,user_46,765,765,
15291,14,2400000,0,user_47,765,765,
15262,15,2100000,11200,user_26,765,765,
15296,16,0,0,builder_0,765,765,15262
15271,17,1700000,0,user_35,765,765,
15284,18,1600000,0,user_44,765,765,
15251,19,1500000,0,user_20,765,765,
15256,20,1500000,0,user_21,765,765,
15267,21,1500000,0,user_30,765,765,
15273,22,1400000,0,user_36,765,765,
15238,23,1100000,0,user_0,765,765,
15278,24,1000000,0,user_41,765,765,
15297,25,0,0,builder_0,765,765,15242
15242,26,870000,46500,user_7,765,765,
15257,27,300000,510000,user_22,765,765,
15298,28,0,0,builder_0,765,765,15257
15277,29,660000,0,user_40,765,765,
15263,30,650000,0,user_27,765,765,
15246,31,630000,0,user_14,765,765,
15250,32,460000,0,user_19,765,765,
15253,33,460000,0,user_21,765,765,
15287,34,420000,0,user_46,765,765,
15265,35,120000,283000,user_28,765,765,
15299,36,0,0,builder_0,765,765,15265
15239,37,110000,146000,user_2,765,765,
15300,38,0,0,builder_0,765,765,15239
15264,39,220000,21800,user_27,765,765,
15301,40,0,0,builder_0,765,765,15264
15240,41,150000,42000,user_3,765,765,
15302,42,0,0,builder_0,765,765,15240
15258,43,170000,0,user_23,765,765,
15252,44,160000,0,user_20,765,765,
15281,45,150000,0,user_43,765,765,
15283,46,150000,0,user_43,765,765,
15244,47,130000,0,user_9,765,765,
15270,48,120000,0,user_33,765,765,
15274,49,120000,0,user_37,765,765,
15290,50,120000,0,user_46,765,765,
15245,51,110000,0,user_10,765,765,
15279,52,110000,0,user_42,765,765,
15288,53,110000,0,user_46,765,765,
15289,54,110000,0,user_46,765,765,
15255,55,98000,0,user_21,765,765,
15247,56,87000,0,user_16,765,765,
15269,57,83000,0,user_32,765,765,
15268,58,80000,0,user_30,765,765,
15275,59,77000,0,user_38,765,765,
15382,,120000,17700000,user_0,766,,
15383,,98000,0,user_2,766,,
15384,,43000000,0,user_3,766,,
15385,,1000000,0,user_4,766,,
15386,,1600000,0,user_5,766,,
15387,,1000000,0,user_5,766,,
15388,,19000000,0,user_5,766,,
15389,,120000,0,user_5,766,,
15390,,83000,0,user_6,766,,
15391,,6100000,0,user_7,766,,
15392,,460000,0,user_8,766,,
15393,,2000000,0,user_9,766,,
15394,,2000000,0,user_10,766,,
15395,,1200000,46500,user_11,766,,
15396,,160000,0,user_11,766,,
15397,,30000000,0,user_12,766,,
15398,,320000,0,user_12,766,,
15399,,1000000,0,user_13,766,,
15400,,1300000,0,user_13,766,,
15401,,240000,0,user_14,766,,
15402,,1000000,33100,user_15,766,,
15403,,2400000,0,user_15,766,,
15404,,70000,0,user_16,766,,
15405,,19000000,0,user_16,766,,
15406,,600000,0,user_17,766,,
15407,,3500000,0,user_18,766,,
15408,,530000,0,user_19,766,,
15409,,170000,0,user_20,766,,
15410,,170000,73100,user_21,766,,
15411,,27000000,0,user_22,766,,
15412,,1100000,0,user_23,766,,
15413,,150000,0,user_25,766,,
15414,,79000,0,user_27,766,,
15415,,360000,36800,user_29,766,,
15416,,5200000,0,user_30,766,,
15417,,1100000,0,user_30,766,,
15418,,150000,296000,user_31,766,,
15419,,1100000,0,user_32,766,,
15420,,150000,0,user_33,766,,
15421,,300000,4320000,user_33,766,,
15422,,110000,0,user_33,766,,
15423,,320000,0,user_34,766,,
15424,,120000,0,user_35,766,,
15425,,2300000,12300,user_35,766,,
15426,,630000,0,user_40,766,,
15427,,350000,0,user_41,766,,
15428,,1500000,3130,user_42,766,,
15429,,220000,68100,user_44,766,,
15430,,310000,959000,user_44,766,,
15431,,1500000,0,user_44,766,,
15432,,150000,0,user_44,766,,
15433,,360000,0,user_44,766,,
15434,,85000,0,user_45,766,,
15435,,370000,0,user_46,766,,
15384,0,43000000,0,user_3,766,766,
15397,1,30000000,0,user_12,766,766,
15411,2,27000000,0,user_22,766,766,
15388,3,19000000,0,user_5,766,766,
15405,4,19000000,0,user_16,766,766,
15391,5,6100000,0,user_7,766,766,
15416,6,5200000,0,user_30,766,766,
15407,7,3500000,0,user_18,766,766,
15403,8,2400000,0,user_15,766,766,
15425,9,2300000,12300,user_35,766,766,
15394,10,2000000,0,user_10,766,766,
15386,11,1600000,0,user_5,766,766,
15428,12,1500000,3130,user_42,766,766,
15431,13,1500000,0,user_44,766,766,
15400,14,1300000,0,user_13,766,766,
15395,15,1200000,46500,user_11,766,766,
15412,16,1100000,0,user_23,766,766,
15417,17,1100000,0,user_30,766,766,
15385,18,1000000,0,user_4,766,766,
15387,19,1000000,0,user_5,766,766,
15399,20,1000000,0,user_13,766,766,
15402,21,1000000,33100,user_15,766,766,
15426,22,630000,0,user_40,766,766,
15406,23,600000,0,user_17,766,766,
15392,24,460000,0,user_8,766,766,
15435,25,370000,0,user_46,766,766,
15415,26,360000,36800,user_29,766,766,
15433,27,360000,0,user_44,766,766,
15427,28,350000,0,user_41,766,766,
15398,29,320000,0,user_12,766,766,
15423,30,320000,0,user_34,766,766,
15430,31,310000,959000,user_44,766,766,
15421,32,300000,4320000,user_33,766,766,
15429,33,220000,68100,user_44,766,766,
15409,34,170000,0,user_20,766,766,
15410,35,170000,73100,user_21,766,766,
15396,36,160000,0,user_11,766,766,
15413,37,150000,0,user_25,766,766,
15418,38,150000,296000,user_31,766,766,
15420,39,150000,0,user_33,766,766,
15432,40,150000,0,user_44,766,766,
15382,41,120000,17700000,user_0,766,766,
15389,42,120000,0,user_5,766,766,
15424,43,120000,0,user_35,766,766,
15422,44,110000,0,user_33,766,766,
15383,45,98000,0,user_2,766,766,
15434,46,85000,0,user_45,766,766,
15390,47,83000,0,user_6,766,766,
15414,48,79000,0,user_27,766,766,
15404,49,70000,0,user_16,766,766,
15515,,80000,0,user_0,767,,
15516,,2000000,0,user_1,767,,
15517,,2600000,0,user_2,767,,
15518,,160000,0,user_5,767,,
15519,,360000,0,user_5,767,,
15520,,1500000,0,user_6,767,,
15521,,1100000,0,user_6,767,,
15522,,170000,0,user_8,767,,
15523,,82000,0,user_8,767,,
15524,,2000000,0,user_8,767,,
15525,,3500000,0,user_8,767,,
15526,,870000,0,user_8,767,,
15527,,1500000,0,user_9,767,,
15528,,120000,0,user_10,767,,
15529,,2500000,0,user_11,767,,
15530,,110000,0,user_11,767,,
15531,,1600000,0,user_12,767,,
15532,,2000000,0,user_14,767,,
15533,,110000,0,user_15,767,,
15534,,2500000,0,user_15,767,,
15535,,1600000,0,user_16,767,,
15536,,220000,0,user_17,767,,
15537,,70000,43600,user_18,767,,
15538,,170000,0,user_19,767,,
15539,,1100000,0,user_19,767,,
15540,,660000,0,user_19,767,,
15541,,73000,0,user_19,767,,
15542,,82000,0,user_19,767,,
15543,,110000,0,user_20,767,,
15544,,1000000,0,user_20,767,,
15545,,43000000,0,user_21,767,,
15546,,220000,0,user_24,767,,
15547,,460000,0,user_26,767,,
15548,,130000,0,user_29,767,,
15549,,220000,1100000,user_30,767,,
15550,,30000000,0,user_31,767,,
15551,,150000,0,user_31,767,,
15552,,87000,0,user_32,767,,
15553,,73000,0,user_33,767,,
15554,,1000000,0,user_34,767,,
15555,,120000,215000,user_35,767,,
15556,,110000,0,user_35,767,,
15557,,83000,84800,user_36,767,,
15558,,660000,0,user_38,767,,
15559,,160000,0,user_39,767,,
15560,,370000,195000,user_39,767,,
15561,,220000,0,user_39,767,,
15562,,630000,0,user_39,767,,
15563,,460000,181000,user_40,767,,
15564,,2100000,215000,user_40,767,,
15565,,870000,0,user_42,767,,
15566,,340000,0,user_43,767,,
15567,,660000,0,user_44,767,,
15568,,98000,0,user_44,767,,
15569,,1900000,959000,user_45,767,,
15570,,120000,0,user_45,767,,
15571,,220000,0,user_46,767,,
15572,,110000,0,user_47,767,,
15573,,1400000,231000,user_48,767,,
15574,,2000000,16400,user_49,767,,
15545,0,43000000,0,user_21,767,767,
15550,1,30000000,0,user_31,767,767,
15525,2,3500000,0,user_8,767,767,
15517,3,2600000,0,user_2,767,767,
15529,4,2500000,0,user_11,767,767,
15534,5,2500000,0,user_15,767,767,
15564,6,2100000,215000,user_40,767,767,
15516,7,2000000,0,user_1,767,767,
15524,8,2000000,0,user_8,767,767,
15532,9,2000000,0,user_14,767,767,
15574,10,2000000,16400,user_49,767,767,
15569,11,1900000,959000,user_45,767,767,
15531,12,1600000,0,user_12,767,767,
15535,13,1600000,0,user_16,767,767,
15520,14,1500000,0,user_6,767,767,
15521,15,1100000,0,user_6,767,767,
15539,16,1100000,0,user_19,767,767,
15544,17,1000000,0,user_20,767,767,
15554,18,1000000,0,user_34,767,767,
15526,19,870000,0,user_8,767,767,
15565,20,870000,0,user_42,767,767,
15540,21,660000,0,user_19,767,767,
15567,22,660000,0,user_44,767,767,
15562,23,630000,0,user_39,767,767,
15547,24,460000,0,user_26,767,767,
15563,25,460000,181000,user_40,767,767,
15560,26,370000,195000,user_39,767,767,
15566,27,340000,0,user_43,767,767,
15536,28,220000,0,user_17,767,767,
15546,29,220000,0,user_24,767,767,
15549,30,220000,1100000,user_30,767,767,
15561,31,220000,0,user_39,767,767,
15571,32,220000,0,user_46,767,767,
15522,33,170000,0,user_8,767,767,
15538,34,170000,0,user_19,767,767,
15559,35,160000,0,user_39,767,767,
15551,36,150000,0,user_31,767,767,
15548,37,130000,0,user_29,767,767,
15555,38,120000,215000,user_35,767,767,
15570,39,120000,0,user_45,767,767,
15530,40,110000,0,user_11,767,767,
15533,41,110000,0,user_15,767,767,
15543,42,110000,0,user_20,767,767,
15556,43,110000,0,user_35,767,767,
15572,44,110000,0,user_47,767,767,
15568,45,98000,0,user_44,767,767,
15552,46,87000,0,user_32,767,767,
15523,47,82000,0,user_8,767,767,
15542,48,82000,0,user_19,767,767,
15515,49,80000,0,user_0,767,767,
15541,50,73000,0,user_19,767,767,
15553,51,73000,0,user_33,767,767,
15537,52,70000,43600,user_18,767,767,
15649,,130000,0,user_0,768,,
15650,,970000,0,user_1,768,,
15651,,2400000,0,user_2,768,,
15652,,320000,6390,user_3,768,,
15653,,110000,0,user_4,768,,
15654,,650000,0,user_5,768,,
15655,,1100000,0,user_6,768,,
15656,,110000,0,user_6,768,,
15657,,85000,0,user_7,768,,
15658,,220000,0,user_8,768,,
15659,,460000,0,user_9,768,,
15660,,27000000,0,user_10,768,,
15661,,150000,0,user_12,768,,
15662,,1500000,21800,user_13,768,,
15663,,670000,0,user_13,768,,
15664,,1300000,369000,user_13,768,,
15665,,670000,0,user_13,768,,
15666,,73000,0,user_14,768,,
15667,,170000,0,user_14,768,,
15668,,1900000,0,user_15,768,,
15669,,170000,0,user_16,768,,
15670,,2000000,46500,user_17,768,,
15671,,87000,35100,user_17,768,,
15672,,2500000,0,user_18,768,,
15673,,150000,0,user_19,768,,
15674,,73000,0,user_20,768,,
15675,,83000,0,user_22,768,,
15676,,83000,0,user_23,768,,
15677,,150000,0,user_25,768,,
15678,,1500000,0,user_26,768,,
15679,,2000000,0,user_27,768,,
15680,,150000,0,user_27,768,,
15681,,30000000,0,user_27,768,,
15682,,2000000,0,user_27,768,,
15683,,1500000,75000,user_28,768,,
15684,,350000,0,user_30,768,,
15685,,160000,0,user_31,768,,
15686,,970000,0,user_31,768,,
15687,,83000,0,user_32,768,,
15688,,5200000,0,user_34,768,,
15689,,910000,0,user_35,768,,
15690,,150000,0,user_37,768,,
15691,,970000,0,user_39,768,,
15692,,1800000,0,user_39,768,,
15693,,6300000,64600,user_39,768,,
15694,,420000,0,user_40,768,,
15695,,260000,17700000,user_41,768,,
15696,,130000,0,user_42,768,,
15697,,3500000,0,user_42,768,,
15698,,1500000,1100000,user_45,768,,
15699,,1000000,0,user_45,768,,
15700,,82000,67900,user_45,768,,
15701,,4200000,0,user_45,768,,
15702,,19000000,0,user_45,768,,
15703,,170000,0,user_46,768,,
15704,,320000,0,user_47,768,,
15705,,260000,0,user_47,768,,
15681,0,30000000,0,user_27,768,768,
15660,1,27000000,0,user_10,768,768,
15702,2,19000000,0,user_45,768,768,
15693,3,6300000,64600,user_39,768,768,
15688,4,5200000,0,user_34,768,768,
15701,5,4200000,0,user_45,768,768,
15697,6,3500000,0,user_42,768,768,
15672,7,2500000,0,user_18,768,768,
15651,8,2400000,0,user_2,768,768,
15670,9,2000000,46500,user_17,768,768,
15679,10,2000000,0,user_27,768,768,
15682,11,2000000,0,user_27,768,768,
15668,12,1900000,0,user_15,768,768,
15692,13,1800000,0,user_39,768,768,
15662,14,1500000,21800,user_13,768,768,
15678,15,1500000,0,user_26,768,768,
15683,16,1500000,75000,user_28,768,768,
15698,17,1500000,1100000,user_45,768,768,
15664,18,1300000,369000,user_13,768,768,
15655,19,1100000,0,user_6,768,768,
15699,20,1000000,0,user_45,768,768,
15650,21,970000,0,user_1,768,768,
15686,22,970000,0,user_31,768,768,
15691,23,970000,0,user_39,768,768,
15663,24,670000,0,user_13,768,768,
15665,25,670000,0,user_13,768,768,
15659,26,460000,0,user_9,768,768,
15694,27,420000,0,user_40,768,768,
15684,28,350000,0,user_30,768,768,
15704,29,320000,0,user_47,768,768,
15695,30,260000,17700000,user_41,768,768,
15705,31,260000,0,user_47,768,768,
15658,32,220000,0,user_8,768,768,
15667,33,170000,0,user_14,768,768,
15669,34,170000,0,user_16,768,768,
15703,35,170000,0,user_46,768,768,
15685,36,160000,0,user_31,768,768,
15661,37,150000,0,user_12,768,768,
15673,38,150000,0,user_19,768,768,
15677,39,150000,0,user_25,768,768,
15680,40,150000,0,user_27,768,768,
15649,41,130000,0,user_0,768,768,
15696,42,130000,0,user_42,768,768,
15653,43,110000,0,user_4,768,768,
15656,44,110000,0,user_6,768,768,
15671,45,87000,35100,user_17,768,768,
15657,46,85000,0,user_7,768,768,
15675,47,83000,0,user_22,768,768,
15676,48,83000,0,user_23,768,768,
15700,49,82000,67900,user_45,768,768,
15666,50,73000,0,user_14,768,768,
15674,51,73000,0,user_20,768,768,
15776,,370000,0,user_0,769,,
15777,,110000,0,user_0,769,,
15778,,170000,0,user_0,769,,
15779,,240000,0,user_0,769,,
15780,,870000,0,user_1,769,,
15781,,260000,155000,user_2,769,,
15782,,370000,0,user_4,769,,
15783,,3600000,0,user_5,769,,
15784,,1500000,0,user_6,769,,
15785,,87000,0,user_6,769,,
15786,,600000,0,user_7,769,,
15787,,240000,0,user_9,769,,
15788,,970000,0,user_9,769,,
15789,,2100000,0,user_10,769,,
15790,,650000,0,user_15,769,,
15791,,83000,0,user_17,769,,
15792,,470000,0,user_18,769,,
15793,,110000,0,user_19,769,,
15794,,630000,16400,user_20,769,,
15795,,4200000,0,user_20,769,,
15796,,1000000,0,user_21,769,,
15797,,80000,215000,user_21,769,,
15798,,130000,0,user_21,769,,
15799,,340000,0,user_21,769,,
15800,,660000,15700,user_26,769,,
15801,,1900000,0,user_26,769,,
15802,,87000,0,user_27,769,,
15803,,87000,0,user_28,769,,
15804,,1700000,0,user_28,769,,
15805,,1400000,0,user_28,769,,
15806,,2500000,0,user_29,769,,
15807,,2500000,0,user_30,769,,
15808,,110000,0,user_31,769,,
15809,,420000,0,user_31,769,,
15810,,6100000,0,user_34,769,,
15811,,170000,108000,user_35,769,,
15812,,3500000,0,user_37,769,,
15813,,110000,0,user_40,769,,
15814,,30000000,67500,user_40,769,,
15815,,220000,0,user_41,769,,
15816,,870000,8520,user_43,769,,
15817,,670000,60700,user_45,769,,
15818,,320000,0,user_45,769,,
15819,,2600000,0,user_45,769,,
15820,,530000,0,user_45,769,,
15821,,1500000,0,user_45,769,,
15822,,82000,0,user_46,769,,
15823,,460000,0,user_47,769,,
15824,,43000000,0,user_48,769,,
15824,0,43000000,0,user_48,769,769,
15843,1,0,0,builder_3,769,769,15814
15814,2,30000000,67500,user_40,769,769,
15810,3,6100000,0,user_34,769,769,
15795,4,4200000,0,user_20,769,769,
15783,5,3600000,0,user_5,769,769,
15812,6,3500000,0,user_37,769,769,
15819,7,2600000,0,user_45,769,769,
15806,8,2500000,0,user_29,769,769,
15807,9,2500000,0,user_30,769,769,
15789,10,2100000,0,user_10,769,769,
15801,11,1900000,0,user_26,769,769,
15804,12,1700000,0,user_28,769,769,
15821,13,1500000,0,user_45,769,769,
15805,14,1400000,0,user_28,769,769,
15796,15,1000000,0,user_21,769,769,
15844,16,0,0,builder_3,769,769,15816
15816,17,870000,8520,user_43,769,769,
15817,18,670000,60700,user_45,769,769,
15845,19,0,0,builder_3,769,769,15817
15800,20,660000,15700,user_26,769,769,
15846,21,0,0,builder_3,769,769,15800
15790,22,650000,0,user_15,769,769,
15847,23,0,0,builder_3,769,769,15794
15794,24,630000,16400,user_20,769,769,
15786,25,600000,0,user_7,769,769,
15820,26,530000,0,user_45,769,769,
15792,27,470000,0,user_18,769,769,
15823,28,460000,0,user_47,769,769,
15809,29,420000,0,user_31,769,769,
15781,30,260000,155000,user_2,769,769,
15848,31,0,0,builder_3,769,769,15781
15776,32,370000,0,user_0,769,769,
15782,33,370000,0,user_4,769,769,
15799,34,340000,0,user_21,769,769,
15818,35,320000,0,user_45,769,769,
15797,36,80000,215000,user_21,769,769,
15849,37,0,0,builder_3,769,769,15797
15811,38,170000,108000,user_35,769,769,
15850,39,0,0,builder_3,769,769,15811
15779,40,240000,0,user_0,769,769,
15815,41,220000,0,user_41,769,769,
15778,42,170000,0,user_0,769,769,
15798,43,130000,0,user_21,769,769,
15777,44,110000,0,user_0,769,769,
15793,45,110000,0,user_19,769,769,
15808,46,110000,0,user_31,769,769,
15813,47,110000,0,user_40,769,769,
15803,48,87000,0,user_28,769,769,
15791,49,83000,0,user_17,769,769,
15822,50,82000,0,user_46,769,769,
15879,,1000000,0,user_0,770,,
15880,,120000,0,user_0,770,,
15881,,170000,0,user_2,770,,
15882,,2500000,12800,user_3,770,,
15883,,120000,0,user_4,770,,
15884,,110000,0,user_4,770,,
15885,,150000,0,user_4,770,,
15886,,1600000,0,user_4,770,,
15887,,120000,0,user_5,770,,
15888,,120000,0,user_10,770,,
15889,,2600000,0,user_12,770,,
15890,,19000000,0,user_13,770,,
15891,,3600000,0,user_17,770,,
15892,,73000,17700000,user_18,770,,
15893,,530000,0,user_19,770,,
15894,,1500000,0,user_20,770,,
15895,,340000,0,user_20,770,,
15896,,2000000,0,user_22,770,,
15897,,110000,75000,user_23,770,,
15898,,220000,15700,user_23,770,,
15899,,1600000,0,user_23,770,,
15900,,80000,0,user_24,770,,
15901,,1700000,0,user_25,770,,
15902,,1500000,0,user_25,770,,
15903,,160000,0,user_25,770,,
15904,,1300000,0,user_25,770,,
15905,,130000,0,user_26,770,,
15906,,160000,0,user_27,770,,
15907,,420000,11200,user_27,770,,
15908,,670000,0,user_28,770,,
15909,,5000000,0,user_29,770,,
15910,,3600000,0,user_30,770,,
15911,,80000,0,user_30,770,,
15912,,150000,13900,user_31,770,,
15913,,120000,108000,user_32,770,,
15914,,460000,0,user_32,770,,
15915,,6300000,0,user_34,770,,
15916,,910000,0,user_35,770,,
15917,,310000,0,user_36,770,,
15918,,5000000,0,user_38,770,,
15919,,19000000,231000,user_39,770,,
15920,,1500000,0,user_40,770,,
15921,,650000,0,user_42,770,,
15922,,420000,0,user_42,770,,
15923,,6300000,0,user_43,770,,
15924,,2500000,0,user_45,770,,
15925,,1700000,0,user_45,770,,
15926,,70000,0,user_47,770,,
15927,,1100000,0,user_47,770,,
15928,,470000,0,user_48,770,,
15929,,120000,0,user_49,770,,
15890,0,19000000,0,user_13,770,770,
15919,1,19000000,231000,user_39,770,770,
15915,2,6300000,0,user_34,770,770,
15923,3,6300000,0,user_43,770,770,
15909,4,5000000,0,user_29,770,770,
15918,5,5000000,0,user_38,770,770,
15891,6,3600000,0,user_17,770,770,
15910,7,3600000,0,user_30,770,770,
15889,8,2600000,0,user_12,770,770,
15924,9,2500000,0,user_45,770,770,
15896,10,2000000,0,user_22,770,770,
15901,11,1700000,0,user_25,770,770,
15925,12,1700000,0,user_45,770,770,
15886,13,1600000,0,user_4,770,770,
15899,14,1600000,0,user_23,770,770,
15894,15,1500000,0,user_20,770,770,
15902,16,1500000,0,user_25,770,770,
15920,17,1500000,0,user_40,770,770,
15904,18,1300000,0,user_25,770,770,
15927,19,1100000,0,user_47,770,770,
15879,20,1000000,0,user_0,770,770,
15908,21,670000,0,user_28,770,770,
15921,22,650000,0,user_42,770,770,
15893,23,530000,0,user_19,770,770,
15928,24,470000,0,user_48,770,770,
15907,25,420000,11200,user_27,770,770,
15922,26,420000,0,user_42,770,770,
15895,27,340000,0,user_20,770,770,
15898,28,220000,15700,user_23,770,770,
15881,29,170000,0,user_2,770,770,
15903,30,160000,0,user_25,770,770,
15906,31,160000,0,user_27,770,770,
15885,32,150000,0,user_4,770,770,
15912,33,150000,13900,user_31,770,770,
15905,34,130000,0,user_26,770,770,
15880,35,120000,0,user_0,770,770,
15883,36,120000,0,user_4,770,770,
15888,37,120000,0,user_10,770,770,
15884,38,110000,0,user_4,770,770,
15897,39,110000,75000,user_23,770,770,
15900,40,80000,0,user_24,770,770,
15911,41,80000,0,user_30,770,770,
15892,42,73000,17700000,user_18,770,770,
15926,43,70000,0,user_47,770,770,
15986,,1500000,15100,user_0,771,,
15987,,170000,0,user_0,771,,
15988,,160000,195000,user_2,771,,
15989,,2500000,0,user_2,771,,
15990,,470000,0,user_3,771,,
15991,,190000,0,user_5,771,,
15992,,2000000,0,user_7,771,,
15993,,160000,0,user_8,771,,
15994,,2100000,0,user_9,771,,
15995,,260000,0,user_11,771,,
15996,,170000,510000,user_15,771,,
15997,,1600000,0,user_16,771,,
15998,,360000,0,user_17,771,,
15999,,1600000,0,user_18,771,,
16000,,1500000,0,user_18,771,,
16001,,910000,0,user_20,771,,
16002,,70000,0,user_21,771,,
16003,,1100000,0,user_22,771,,
16004,,3500000,510000,user_25,771,,
16005,,130000,0,user_25,771,,
16006,,2500000,60700,user_26,771,,
16007,,1600000,0,user_27,771,,
16008,,6300000,0,user_31,771,,
16009,,1100000,0,user_33,771,,
16010,,120000,0,user_33,771,,
16011,,310000,0,user_35,771,,
16012,,650000,0,user_35,771,,
16013,,910000,0,user_36,771,,
16014,,370000,0,user_36,771,,
16015,,170000,0,user_36,771,,
16016,,130000,0,user_36,771,,
16017,,670000,0,user_36,771,,
16018,,1700000,0,user_37,771,,
16019,,1100000,0,user_39,771,,
16020,,30000000,0,user_39,771,,
16021,,1500000,0,user_40,771,,
16022,,2000000,0,user_40,771,,
16023,,120000,0,user_41,771,,
16024,,420000,0,user_42,771,,
16025,,150000,0,user_43,771,,
16026,,150000,0,user_45,771,,
16027,,27000000,0,user_45,771,,
16028,,2000000,0,user_47,771,,
16029,,100000,0,user_47,771,,
16030,,1000000,0,user_49,771,,
16020,0,30000000,0,user_39,771,771,
16027,1,27000000,0,user_45,771,771,
16008,2,6300000,0,user_31,771,771,
16004,3,3500000,510000,user_25,771,771,
15989,4,2500000,0,user_2,771,771,
16006,5,2500000,60700,user_26,771,771,
15992,6,2000000,0,user_7,771,771,
16022,7,2000000,0,user_40,771,771,
16028,8,2000000,0,user_47,771,771,
16018,9,1700000,0,user_37,771,771,
15997,10,1600000,0,user_16,771,771,
15999,11,1600000,0,user_18,771,771,
16007,12,1600000,0,user_27,771,771,
15986,13,1500000,15100,user_0,771,771,
16000,14,1500000,0,user_18,771,771,
16021,15,1500000,0,user_40,771,771,
16003,16,1100000,0,user_22,771,771,
16009,17,1100000,0,user_33,771,771,
16019,18,1100000,0,user_39,771,771,
16030,19,1000000,0,user_49,771,771,
16001,20,910000,0,user_20,771,771,
16013,21,910000,0,user_36,771,771,
16017,22,670000,0,user_36,771,771,
16012,23,650000,0,user_35,771,771,
15990,24,470000,0,user_3,771,771,
16024,25,420000,0,user_42,771,771,
16014,26,370000,0,user_36,771,771,
15998,27,360000,0,user_17,771,771,
16011,28,310000,0,user_35,771,771,
15995,29,260000,0,user_11,771,771,
15991,30,190000,0,user_5,771,771,
15987,31,170000,0,user_0,771,771,
15996,32,170000,510000,user_15,771,771,
16015,33,170000,0,user_36,771,771,
15988,34,160000,195000,user_2,771,771,
15993,35,160000,0,user_8,771,771,
16025,36,150000,0,user_43,771,771,
16026,37,150000,0,user_45,771,771,
16005,38,130000,0,user_25,771,771,
16016,39,130000,0,user_36,771,771,
16010,40,120000,0,user_33,771,771,
16023,41,120000,0,user_41,771,771,
16029,42,100000,0,user_47,771,771,
16002,43,70000,0,user_21,771,771,
16068,,970000,0,user_0,772,,
16069,,3200000,0,user_3,772,,
16070,,160000,15700,user_4,772,,
16071,,100000,0,user_5,772,,
16072,,170000,0,user_5,772,,
16073,,970000,46500,user_6,772,,
16074,,1400000,0,user_6,772,,
16075,,1600000,0,user_7,772,,
16076,,1500000,0,user_7,772,,
16077,,220000,64600,user_8,772,,
16078,,110000,0,user_8,772,,
16079,,910000,0,user_9,772,,
16080,,110000,0,user_10,772,,
16081,,170000,0,user_11,772,,
16082,,600000,0,user_12,772,,
16083,,300000,0,user_13,772,,
16084,,910000,0,user_13,772,,
16085,,3500000,0,user_13,772,,
16086,,83000,0,user_13,772,,
16087,,120000,0,user_14,772,,
16088,,2000000,0,user_14,772,,
16089,,670000,0,user_14,772,,
16090,,170000,0,user_14,772,,
16091,,120000,0,user_15,772,,
16092,,2000000,0,user_16,772,,
16093,,120000,0,user_16,772,,
16094,,2000000,0,user_17,772,,
16095,,4200000,0,user_19,772,,
16096,,220000,0,user_20,772,,
16097,,150000,0,user_21,772,,
16098,,910000,0,user_22,772,,
16099,,130000,0,user_23,772,,
16100,,870000,0,user_24,772,,
16101,,340000,0,user_24,772,,
16102,,120000,0,user_25,772,,
16103,,87000,283000,user_27,772,,
16104,,2300000,0,user_29,772,,
16105,,70000,0,user_29,772,,
16106,,82000,0,user_30,772,,
16107,,1300000,0,user_32,772,,
16108,,77000,0,user_33,772,,
16109,,84000,0,user_34,772,,
16110,,260000,0,user_35,772,,
16111,,120000,13900,user_36,772,,
16112,,170000,0,user_38,772,,
16113,,5000000,0,user_40,772,,
16114,,4500000,0,user_41,772,,
16115,,120000,0,user_42,772,,
16116,,150000,0,user_42,772,,
16117,,3500000,0,user_43,772,,
16118,,420000,0,user_45,772,,
16119,,630000,0,user_46,772,,
16120,,260000,0,user_47,772,,
16121,,82000,56200,user_48,772,,
16122,,150000,0,user_48,772,,
16123,,43000000,0,user_49,772,,
16123,0,43000000,0,user_49,772,772,
16113,1,5000000,0,user_40,772,772,
16114,2,4500000,0,user_41,772,772,
16095,3,4200000,0,user_19,772,772,
16085,4,3500000,0,user_13,772,772,
16117,5,3500000,0,user_43,772,772,
16069,6,3200000,0,user_3,772,772,
16104,7,2300000,0,user_29,772,772,
16088,8,2000000,0,user_14,772,772,
16092,9,2000000,0,user_16,772,772,
16094,10,2000000,0,user_17,772,772,
16075,11,1600000,0,user_7,772,772,
16076,12,1500000,0,user_7,772,772,
16074,13,1400000,0,user_6,772,772,
16107,14,1300000,0,user_32,772,772,
16068,15,970000,0,user_0,772,772,
16073,16,970000,46500,user_6,772,772,
16079,17,910000,0,user_9,772,772,
16084,18,910000,0,user_13,772,772,
16098,19,910000,0,user_22,772,772,
16100,20,870000,0,user_24,772,772,
16089,21,670000,0,user_14,772,772,
16119,22,630000,0,user_46,772,772,
16118,23,420000,0,user_45,772,772,
16101,24,340000,0,user_24,772,772,
16083,25,300000,0,user_13,772,772,
16110,26,260000,0,user_35,772,772,
16120,27,260000,0,user_47,772,772,
16077,28,220000,64600,user_8,772,772,
16096,29,220000,0,user_20,772,772,
16072,30,170000,0,user_5,772,772,
16081,31,170000,0,user_11,772,772,
16090,32,170000,0,user_14,772,772,
16112,33,170000,0,user_38,772,772,
16097,34,150000,0,user_21,772,772,
16116,35,150000,0,user_42,772,772,
16122,36,150000,0,user_48,772,772,
16099,37,130000,0,user_23,772,772,
16087,38,120000,0,user_14,772,772,
16091,39,120000,0,user_15,772,772,
16093,40,120000,0,user_16,772,772,
16102,41,120000,0,user_25,772,772,
16111,42,120000,13900,user_36,772,772,
16115,43,120000,0,user_42,772,772,
16078,44,110000,0,user_8,772,772,
16080,45,110000,0,user_10,772,772,
16071,46,100000,0,user_5,772,772,
16103,47,87000,283000,user_27,772,772,
16109,48,84000,0,user_34,772,772,
16086,49,83000,0,user_13,772,772,
16106,50,82000,0,user_30,772,772,
16121,51,82000,56200,user_48,772,772,
16108,52,77000,0,user_33,772,772,
16105,53,70000,0,user_29,772,772,
16167,,370000,0,user_0,773,,
16168,,2600000,0,user_1,773,,
16169,,220000,0,user_1,773,,
16170,,19000000,0,user_2,773,,
16171,,160000,0,user_3,773,,
16172,,150000,0,user_3,773,,
16173,,220000,0,user_3,773,,
16174,,260000,0,user_4,773,,
16175,,98000,23500,user_4,773,,
16176,,630000,49100,user_4,773,,
16177,,6300000,0,user_6,773,,
16178,,3200000,0,user_6,773,,
16179,,310000,410000,user_7,773,,
16180,,150000,410000,user_9,773,,
16181,,2400000,0,user_9,773,,
16182,,260000,0,user_10,773,,
16183,,1600000,0,user_12,773,,
16184,,27000000,0,user_14,773,,
16185,,1100000,15700,user_14,773,,
16186,,160000,381000,user_15,773,,
16187,,1600000,1100000,user_15,773,,
16188,,2300000,0,user_15,773,,
16189,,1200000,0,user_16,773,,
16190,,150000,0,user_18,773,,
16191,,120000,1100000,user_19,773,,
16192,,350000,0,user_20,773,,
16193,,79000,0,user_21,773,,
16194,,910000,0,user_22,773,,
16195,,460000,0,user_23,773,,
16196,,340000,75000,user_24,773,,
16197,,4500000,0,user_24,773,,
16198,,160000,0,user_26,773,,
16199,,83000,0,user_27,773,,
16200,,1000000,0,user_28,773,,
16201,,660000,0,user_28,773,,
16202,,1600000,0,user_30,773,,
16203,,98000,0,user_30,773,,
16204,,630000,56200,user_30,773,,
16205,,3200000,73100,user_30,773,,
16206,,910000,0,user_32,773,,
16207,,2000000,0,user_32,773,,
16208,,670000,16400,user_32,773,,
16209,,150000,0,user_32,773,,
16210,,110000,0,user_32,773,,
16211,,120000,68100,user_35,773,,
16212,,110000,779000,user_35,773,,
16213,,1100000,0,user_35,773,,
16214,,120000,35100,user_36,773,,
16215,,5000000,15100,user_37,773,,
16216,,1500000,4320000,user_38,773,,
16217,,110000,0,user_39,773,,
16218,,630000,0,user_42,773,,
16219,,310000,0,user_43,773,,
16220,,5200000,0,user_44,773,,
16221,,320000,0,user_46,773,,
16222,,1000000,0,user_47,773,,
16223,,1400000,8520,user_48,773,,
16224,,470000,0,user_49,773,,
16184,0,27000000,0,user_14,773,773,
16170,1,19000000,0,user_2,773,773,
16177,2,6300000,0,user_6,773,773,
16282,3,0,0,builder_4,773,773,16216
16216,4,1500000,4320000,user_38,773,773,
16220,5,5200000,0,user_44,773,773,
16215,6,5000000,15100,user_37,773,773,
16283,7,0,0,builder_4,773,773,16215
16197,8,4500000,0,user_24,773,773,
16284,9,0,0,builder_4,773,773,16205
16205,10,3200000,73100,user_30,773,773,
16178,11,3200000,0,user_6,773,773,
16168,12,2600000,0,user_1,773,773,
16181,13,2400000,0,user_9,773,773,
16207,14,2000000,0,user_32,773,773,
16183,15,1600000,0,user_12,773,773,
16202,16,1600000,0,user_30,773,773,
16223,17,1400000,8520,user_48,773,773,
16285,18,0,0,builder_4,773,773,16223
16286,19,0,0,builder_4,773,773,16191
16191,20,120000,1100000,user_19,773,773,
16189,21,1200000,0,user_16,773,773,
16185,22,1100000,15700,user_14,773,773,
16287,23,0,0,builder_4,773,773,16185
16213,24,1100000,0,user_35,773,773,
16200,25,1000000,0,user_28,773,773,
16194,26,910000,0,user_22,773,773,
16206,27,910000,0,user_32,773,773,
16288,28,0,0,builder_4,773,773,16212
16212,29,110000,779000,user_35,773,773,
16208,30,670000,16400,user_32,773,773,
16289,31,0,0,builder_4,773,773,16208
16204,32,630000,56200,user_30,773,773,
16290,33,0,0,builder_4,773,773,16204
16176,34,630000,49100,user_4,773,773,
16291,35,0,0,builder_4,773,773,16176
16201,36,660000,0,user_28,773,773,
16218,37,630000,0,user_42,773,773,
16292,38,0,0,builder_4,773,773,16180
16180,39,150000,410000,user_9,773,773,
16224,40,470000,0,user_49,773,773,
16195,41,460000,0,user_23,773,773,
16196,42,340000,75000,user_24,773,773,
16293,43,0,0,builder_4,773,773,16196
16167,44,370000,0,user_0,773,773,
16192,45,350000,0,user_20,773,773,
16221,46,320000,0,user_46,773,773,
16219,47,310000,0,user_43,773,773,
16174,48,260000,0,user_4,773,773,
16182,49,260000,0,user_10,773,773,
16169,50,220000,0,user_1,773,773,
16173,51,220000,0,user_3,773,773,
16294,52,0,0,builder_4,773,773,16211
16211,53,120000,68100,user_35,773,773,
16171,54,160000,0,user_3,773,773,
16198,55,160000,0,user_26,773,773,
16295,56,0,0,builder_4,773,773,16214
16214,57,120000,35100,user_36,773,773,
16172,58,150000,0,user_3,773,773,
16190,59,150000,0,user_18,773,773,
16209,60,150000,0,user_32,773,773,
16175,61,98000,23500,user_4,773,773,
16296,62,0,0,builder_4,773,773,16175
16210,63,110000,0,user_32,773,773,
16203,64,98000,0,user_30,773,773,
16199,65,83000,0,user_27,773,773,
16193,66,79000,0,user_21,773,773,
16356,,1500000,42000,user_2,774,,
16357,,600000,0,user_4,774,,
16358,,1000000,0,user_6,774,,
16359,,110000,0,user_7,774,,
16360,,19000000,0,user_8,774,,
16361,,43000000,0,user_9,774,,
16362,,220000,0,user_11,774,,
16363,,420000,256000,user_12,774,,
16364,,6100000,0,user_13,774,,
16365,,240000,0,user_13,774,,
16366,,2100000,0,user_16,774,,
16367,,530000,0,user_16,774,,
16368,,87000,0,user_16,774,,
16369,,2500000,0,user_16,774,,
16370,,350000,0,user_16,774,,
16371,,150000,47700,user_17,774,,
16372,,4500000,0,user_17,774,,
16373,,870000,0,user_17,774,,
16374,,350000,14200,user_19,774,,
16375,,420000,0,user_19,774,,
16376,,3500000,0,user_19,774,,
16377,,2000000,0,user_19,774,,
16378,,2000000,0,user_20,774,,
16379,,650000,0,user_20,774,,
16380,,1500000,0,user_20,774,,
16381,,240000,0,user_20,774,,
16382,,420000,0,user_20,774,,
16383,,370000,0,user_21,774,,
16384,,5000000,0,user_23,774,,
16385,,43000000,0,user_23,774,,
16386,,110000,0,user_23,774,,
16387,,2000000,0,user_23,774,,
16388,,1800000,0,user_25,774,,
16389,,190000,8520,user_26,774,,
16390,,1100000,0,user_27,774,,
16391,,1500000,0,user_27,774,,
16392,,170000,0,user_28,774,,
16393,,150000,0,user_28,774,,
16394,,650000,0,user_29,774,,
16395,,2000000,0,user_31,774,,
16396,,970000,108000,user_32,774,,
16397,,85000,0,user_33,774,,
16398,,910000,68100,user_34,774,,
16399,,300000,0,user_34,774,,
16400,,150000,19700,user_35,774,,
16401,,1700000,0,user_35,774,,
16402,,2000000,0,user_36,774,,
16403,,70000,0,user_37,774,,
16404,,420000,0,user_38,774,,
16405,,1600000,0,user_40,774,,
16406,,2400000,0,user_40,774,,
16407,,1600000,0,user_40,774,,
16408,,220000,0,user_40,774,,
16409,,4200000,15300,user_41,774,,
16410,,77000,0,user_42,774,,
16411,,170000,0,user_43,774,,
16412,,77000,0,user_44,774,,
16413,,85000,0,user_44,774,,
16414,,420000,0,user_46,774,,
16415,,43000000,0,user_47,774,,
16416,,2400000,0,user_48,774,,
16417,,82000,0,user_48,774,,
16418,,530000,0,user_48,774,,
16419,,2000000,350000,user_48,774,,
16420,,870000,0,user_48,774,,
16421,,43000000,0,user_49,774,,
16361,0,43000000,0,user_9,774,774,
16385,1,43000000,0,user_23,774,774,
16415,2,43000000,0,user_47,774,774,
16421,3,43000000,0,user_49,774,774,
16360,4,19000000,0,user_8,774,774,
16364,5,6100000,0,user_13,774,774,
16384,6,5000000,0,user_23,774,774,
16372,7,4500000,0,user_17,774,774,
16409,8,4200000,15300,user_41,774,774,
16376,9,3500000,0,user_19,774,774,
16369,10,2500000,0,user_16,774,774,
16406,11,2400000,0,user_40,774,774,
16416,12,2400000,0,user_48,774,774,
16366,13,2100000,0,user_16,774,774,
16377,14,2000000,0,user_19,774,774,
16378,15,2000000,0,user_20,774,774,
16387,16,2000000,0,user_23,774,774,
16395,17,2000000,0,user_31,774,774,
16402,18,2000000,0,user_36,774,774,
16419,19,2000000,350000,user_48,774,774,
16388,20,1800000,0,user_25,774,774,
16401,21,1700000,0,user_35,774,774,
16405,22,1600000,0,user_40,774,774,
16407,23,1600000,0,user_40,774,774,
16356,24,1500000,42000,user_2,774,774,
16380,25,1500000,0,user_20,774,774,
16391,26,1500000,0,user_27,774,774,
16390,27,1100000,0,user_27,774,774,
16358,28,1000000,0,user_6,774,774,
16396,29,970000,108000,user_32,774,774,
16398,30,910000,68100,user_34,774,774,
16373,31,870000,0,user_17,774,774,
16420,32,870000,0,user_48,774,774,
16379,33,650000,0,user_20,774,774,
16394,34,650000,0,user_29,774,774,
16367,35,530000,0,user_16,774,774,
16418,36,530000,0,user_48,774,774,
16375,37,420000,0,user_19,774,774,
16382,38,420000,0,user_20,774,774,
16404,39,420000,0,user_38,774,774,
16414,40,420000,0,user_46,774,774,
16383,41,370000,0,user_21,774,774,
16370,42,350000,0,user_16,774,774,
16374,43,350000,14200,user_19,774,774,
16399,44,300000,0,user_34,774,774,
16365,45,240000,0,user_13,774,774,
16381,46,240000,0,user_20,774,774,
16362,47,220000,0,user_11,774,774,
16408,48,220000,0,user_40,774,774,
16411,49,170000,0,user_43,774,774,
16371,50,150000,47700,user_17,774,774,
16400,51,150000,19700,user_35,774,774,
16359,52,110000,0,user_7,774,774,
16386,53,110000,0,user_23,774,774,
16368,54,87000,0,user_16,774,774,
16397,55,85000,0,user_33,774,774,
16413,56,85000,0,user_44,774,774,
16417,57,82000,0,user_48,774,774,
16410,58,77000,0,user_42,774,774,
16412,59,77000,0,user_44,774,774,
16492,,1000000,0,user_0,775,,
16493,,30000000,108000,user_1,775,,
16494,,600000,49100,user_2,775,,
16495,,300000,0,user_2,775,,
16496,,1500000,0,user_2,775,,
16497,,970000,0,user_2,775,,
16498,,5000000,0,user_2,775,,
16499,,1400000,0,user_3,775,,
16500,,1100000,0,user_5,775,,
16501,,420000,0,user_6,775,,
16502,,220000,0,user_7,775,,
16503,,110000,0,user_8,775,,
16504,,1700000,0,user_11,775,,
16505,,1600000,0,user_14,775,,
16506,,3600000,0,user_15,775,,
16507,,110000,0,user_16,775,,
16508,,2000000,0,user_17,775,,
16509,,1200000,155000,user_18,775,,
16510,,220000,0,user_19,775,,
16511,,3600000,0,user_20,775,,
16512,,27000000,195000,user_20,775,,
16513,,300000,0,user_21,775,,
16514,,2100000,161000,user_22,775,,
16515,,1100000,0,user_22,775,,
16516,,82000,0,user_24,775,,
16517,,460000,0,user_25,775,,
16518,,2100000,0,user_26,775,,
16519,,43000000,0,user_27,775,,
16520,,110000,0,user_27,775,,
16521,,420000,0,user_27,775,,
16522,,1500000,0,user_27,775,,
16523,,130000,0,user_28,775,,
16524,,130000,0,user_30,775,,
16525,,120000,0,user_32,775,,
16526,,150000,181000,user_33,775,,
16527,,460000,0,user_34,775,,
16528,,1000000,31700,user_35,775,,
16529,,460000,0,user_36,775,,
16530,,240000,0,user_38,775,,
16531,,150000,0,user_38,775,,
16532,,82000,67900,user_39,775,,
16533,,190000,0,user_39,775,,
16534,,43000000,15300,user_40,775,,
16535,,4500000,0,user_40,775,,
16536,,150000,0,user_41,775,,
16537,,160000,0,user_41,775,,
16538,,530000,0,user_43,775,,
16539,,650000,0,user_44,775,,
16540,,600000,0,user_44,775,,
16541,,6300000,0,user_45,775,,
16542,,110000,0,user_45,775,,
16543,,1500000,0,user_47,775,,
16544,,4200000,0,user_48,775,,
16545,,82000,46500,user_49,775,,
16519,0,43000000,0,user_27,775,775,
16534,1,43000000,15300,user_40,775,775,
16493,2,30000000,108000,user_1,775,775,
16512,3,27000000,195000,user_20,775,775,
16541,4,6300000,0,user_45,775,775,
16498,5,5000000,0,user_2,775,775,
16535,6,4500000,0,user_40,775,775,
16544,7,4200000,0,user_48,775,775,
16506,8,3600000,0,user_15,775,775,
16511,9,3600000,0,user_20,775,775,
16514,10,2100000,161000,user_22,775,775,
16518,11,2100000,0,user_26,775,775,
16508,12,2000000,0,user_17,775,775,
16505,13,1600000,0,user_14,775,775,
16496,14,1500000,0,user_2,775,775,
16522,15,1500000,0,user_27,775,775,
16543,16,1500000,0,user_47,775,775,
16509,17,1200000,155000,user_18,775,775,
16515,18,1100000,0,user_22,775,775,
16492,19,1000000,0,user_0,775,775,
16497,20,970000,0,user_2,775,775,
16539,21,650000,0,user_44,775,775,
16494,22,600000,49100,user_2,775,775,
16540,23,600000,0,user_44,775,775,
16538,24,530000,0,user_43,775,775,
16517,25,460000,0,user_25,775,775,
16527,26,460000,0,user_34,775,775,
16501,27,420000,0,user_6,775,775,
16521,28,420000,0,user_27,775,775,
16495,29,300000,0,user_2,775,775,
16513,30,300000,0,user_21,775,775,
16530,31,240000,0,user_38,775,775,
16502,32,220000,0,user_7,775,775,
16510,33,220000,0,user_19,775,775,
16533,34,190000,0,user_39,775,775,
16537,35,160000,0,user_41,775,775,
16531,36,150000,0,user_38,775,775,
16536,37,150000,0,user_41,775,775,
16523,38,130000,0,user_28,775,775,
16524,39,130000,0,user_30,775,775,
16503,40,110000,0,user_8,775,775,
16507,41,110000,0,user_16,775,775,
16520,42,110000,0,user_27,775,775,
16542,43,110000,0,user_45,775,775,
16516,44,82000,0,user_24,775,775,
16532,45,82000,67900,user_39,775,775,
16618,,1100000,16400,user_0,776,,
16619,,1400000,0,user_0,776,,
16620,,2000000,0,user_2,776,,
16621,,160000,7840,user_3,776,,
16622,,3600000,0,user_6,776,,
16623,,160000,0,user_8,776,,
16624,,1400000,0,user_8,776,,
16625,,170000,5640,user_10,776,,
16626,,170000,0,user_11,776,,
16627,,110000,75000,user_11,776,,
16628,,6300000,0,user_12,776,,
16629,,340000,23500,user_12,776,,
16630,,150000,64600,user_12,776,,
16631,,100000,0,user_12,776,,
16632,,1500000,0,user_14,776,,
16633,,150000,13800,user_16,776,,
16634,,260000,0,user_20,776,,
16635,,150000,0,user_20,776,,
16636,,1300000,5640,user_20,776,,
16637,,360000,5640,user_20,776,,
16638,,910000,0,user_20,776,,
16639,,110000,0,user_21,776,,
16640,,910000,0,user_22,776,,
16641,,79000,0,user_23,776,,
16642,,100000,0,user_25,776,,
16643,,2000000,0,user_27,776,,
16644,,2500000,0,user_28,776,,
16645,,43000000,0,user_29,776,,
16646,,220000,0,user_30,776,,
16647,,30000000,0,user_31,776,,
16648,,300000,0,user_33,776,,
16649,,150000,0,user_34,776,,
16650,,87000,0,user_35,776,,
16651,,320000,0,user_36,776,,
16652,,43000000,0,user_38,776,,
16653,,630000,0,user_39,776,,
16654,,360000,0,user_39,776,,
16655,,1100000,0,user_41,776,,
16656,,160000,0,user_42,776,,
16657,,1100000,0,user_42,776,,
16658,,4500000,0,user_43,776,,
16659,,1400000,0,user_44,776,,
16660,,220000,0,user_45,776,,
16661,,2500000,0,user_45,776,,
16662,,3200000,0,user_46,776,,
16663,,910000,100000,user_47,776,,
16664,,190000,68100,user_48,776,,
16665,,3500000,0,user_49,776,,
16645,0,43000000,0,user_29,776,776,
16652,1,43000000,0,user_38,776,776,
16647,2,30000000,0,user_31,776,776,
16628,3,6300000,0,user_12,776,776,
16658,4,4500000,0,user_43,776,776,
16622,5,3600000,0,user_6,776,776,
16665,6,3500000,0,user_49,776,776,
16662,7,3200000,0,user_46,776,776,
16644,8,2500000,0,user_28,776,776,
16661,9,2500000,0,user_45,776,776,
16620,10,2000000,0,user_2,776,776,
16643,11,2000000,0,user_27,776,776,
16632,12,1500000,0,user_14,776,776,
16619,13,1400000,0,user_0,776,776,
16624,14,1400000,0,user_8,776,776,
16659,15,1400000,0,user_44,776,776,
16636,16,1300000,5640,user_20,776,776,
16699,17,0,0,builder_4,776,776,16636
16700,18,0,0,builder_4,776,776,16618
16618,19,1100000,16400,user_0,776,776,
16655,20,1100000,0,user_41,776,776,
16657,21,1100000,0,user_42,776,776,
16638,22,910000,0,user_20,776,776,
16640,23,910000,0,user_22,776,776,
16701,24,0,0,builder_4,776,776,16637
16637,25,360000,5640,user_20,776,776,
16629,26,340000,23500,user_12,776,776,
16702,27,0,0,builder_4,776,776,16629
16651,28,320000,0,user_36,776,776,
16648,29,300000,0,user_33,776,776,
16634,30,260000,0,user_20,776,776,
16664,31,190000,68100,user_48,776,776,
16703,32,0,0,builder_4,776,776,16664
16646,33,220000,0,user_30,776,776,
16660,34,220000,0,user_45,776,776,
16630,35,150000,64600,user_12,776,776,
16704,36,0,0,builder_4,776,776,16630
16627,37,110000,75000,user_11,776,776,
16705,38,0,0,builder_4,776,776,16627
16706,39,0,0,builder_4,776,776,16625
16625,40,170000,5640,user_10,776,776,
16626,41,170000,0,user_11,776,776,
16707,42,0,0,builder_4,776,776,16621
16621,43,160000,7840,user_3,776,776,
16633,44,150000,13800,user_16,776,776,
16708,45,0,0,builder_4,776,776,16633
16623,46,160000,0,user_8,776,776,
16656,47,160000,0,user_42,776,776,
16635,48,150000,0,user_20,776,776,
16649,49,150000,0,user_34,776,776,
16639,50,110000,0,user_21,776,776,
16631,51,100000,0,user_12,776,776,
16642,52,100000,0,user_25,776,776,
16650,53,87000,0,user_35,776,776,
16641,54,79000,0,user_23,776,776,
16743,,4200000,0,user_0,777,,
16744,,5000000,0,user_1,777,,
16745,,1800000,0,user_2,777,,
16746,,110000,0,user_3,777,,
16747,,84000,0,user_4,777,,
16748,,1100000,0,user_4,777,,
16749,,600000,0,user_6,777,,
16750,,5200000,0,user_7,777,,
16751,,240000,0,user_9,777,,
16752,,340000,0,user_9,777,,
16753,,470000,0,user_10,777,,
16754,,870000,0,user_11,777,,
16755,,5200000,0,user_12,777,,
16756,,120000,0,user_13,777,,
16757,,670000,0,user_14,777,,
16758,,150000,0,user_15,777,,
16759,,160000,42000,user_16,777,,
16760,,3500000,0,user_17,777,,
16761,,100000,0,user_17,777,,
16762,,150000,0,user_18,777,,
16763,,82000,39400,user_19,777,,
16764,,1000000,0,user_19,777,,
16765,,2100000,0,user_19,777,,
16766,,660000,0,user_19,777,,
16767,,1200000,769000,user_19,777,,
16768,,83000,139000,user_20,777,,
16769,,160000,0,user_20,777,,
16770,,3500000,0,user_21,777,,
16771,,1500000,0,user_22,777,,
16772,,1800000,0,user_23,777,,
16773,,30000000,0,user_24,777,,
16774,,2500000,0,user_25,777,,
16775,,1600000,13800,user_26,777,,
16776,,2000000,0,user_27,777,,
16777,,1400000,0,user_27,777,,
16778,,5200000,0,user_28,777,,
16779,,3500000,0,user_30,777,,
16780,,30000000,161000,user_30,777,,
16781,,460000,0,user_32,777,,
16782,,1500000,0,user_33,777,,
16783,,1000000,33300,user_35,777,,
16784,,1600000,0,user_35,777,,
16785,,2000000,0,user_35,777,,
16786,,1700000,0,user_36,777,,
16787,,1000000,322000,user_36,777,,
16788,,660000,0,user_36,777,,
16789,,110000,0,user_38,777,,
16790,,3600000,0,user_39,777,,
16791,,310000,0,user_39,777,,
16792,,300000,0,user_40,777,,
16793,,1400000,0,user_41,777,,
16794,,73000,0,user_42,777,,
16795,,120000,0,user_42,777,,
16796,,100000,0,user_43,777,,
16797,,1500000,0,user_45,777,,
16798,,870000,0,user_45,777,,
16799,,220000,0,user_45,777,,
16800,,110000,0,user_45,777,,
16801,,300000,0,user_48,777,,
16802,,19000000,64600,user_48,777,,
16803,,80000,0,user_49,777,,
16780,0,30000000,161000,user_30,777,777,
16835,1,0,0,builder_4,777,777,16780
16773,2,30000000,0,user_24,777,777,
16836,3,0,0,builder_4,777,777,16802
16802,4,19000000,64600,user_48,777,777,
16755,5,5200000,0,user_12,777,777,
16778,6,5200000,0,user_28,777,777,
16744,7,5000000,0,user_1,777,777,
16743,8,4200000,0,user_0,777,777,
16760,9,3500000,0,user_17,777,777,
16770,10,3500000,0,user_21,777,777,
16779,11,3500000,0,user_30,777,777,
16774,12,2500000,0,user_25,777,777,
16765,13,2100000,0,user_19,777,777,
16776,14,2000000,0,user_27,777,777,
16785,15,2000000,0,user_35,777,777,
16837,16,0,0,builder_4,777,777,16767
16767,17,1200000,769000,user_19,777,777,
16745,18,1800000,0,user_2,777,777,
16772,19,1800000,0,user_23,777,777,
16786,20,1700000,0,user_36,777,777,
16775,21,1600000,13800,user_26,777,777,
16838,22,0,0,builder_4,777,777,16775
16784,23,1600000,0,user_35,777,777,
16771,24,1500000,0,user_22,777,777,
16782,25,1500000,0,user_33,777,777,
16797,26,1500000,0,user_45,777,777,
16777,27,1400000,0,user_27,777,777,
16793,28,1400000,0,user_41,777,777,
16787,29,1000000,322000,user_36,777,777,
16839,30,0,0,builder_4,777,777,16787
16748,31,1100000,0,user_4,777,777,
16840,32,0,0,builder_4,777,777,16783
16783,33,1000000,33300,user_35,777,777,
16764,34,1000000,0,user_19,777,777,
16754,35,870000,0,user_11,777,777,
16798,36,870000,0,user_45,777,777,
16757,37,670000,0,user_14,777,777,
16766,38,660000,0,user_19,777,777,
16788,39,660000,0,user_36,777,777,
16749,40,600000,0,user_6,777,777,
16753,41,470000,0,user_10,777,777,
16781,42,460000,0,user_32,777,777,
16752,43,340000,0,user_9,777,777,
16792,44,300000,0,user_40,777,777,
16801,45,300000,0,user_48,777,777,
16751,46,240000,0,user_9,777,777,
16841,47,0,0,builder_4,777,777,16768
16768,48,83000,139000,user_20,777,777,
16799,49,220000,0,user_45,777,777,
16759,50,160000,42000,user_16,777,777,
16842,51,0,0,builder_4,777,777,16759
16769,52,160000,0,user_20,777,777,
16762,53,150000,0,user_18,777,777,
16763,54,82000,39400,user_19,777,777,
16843,55,0,0,builder_4,777,777,16763
16756,56,120000,0,user_13,777,777,
16795,57,120000,0,user_42,777,777,
16746,58,110000,0,user_3,777,777,
16789,59,110000,0,user_38,777,777,
16800,60,110000,0,user_45,777,777,
16761,61,100000,0,user_17,777,777,
16796,62,100000,0,user_43,777,777,
16747,63,84000,0,user_4,777,777,
16803,64,80000,0,user_49,777,777,
16794,65,73000,0,user_42,777,777,
16870,,2000000,0,user_0,778,,
16871,,27000000,0,user_0,778,,
16872,,600000,0,user_1,778,,
16873,,83000,181000,user_1,778,,
16874,,170000,0,user_4,778,,
16875,,120000,0,user_4,778,,
16876,,170000,0,user_4,778,,
16877,,910000,0,user_4,778,,
16878,,19000000,0,user_5,778,,
16879,,3600000,11200,user_5,778,,
16880,,98000,0,user_9,778,,
16881,,100000,0,user_11,778,,
16882,,1600000,0,user_12,778,,
16883,,1700000,0,user_14,778,,
16884,,3600000,0,user_16,778,,
16885,,630000,0,user_17,778,,
16886,,970000,0,user_17,778,,
16887,,43000000,0,user_18,778,,
16888,,970000,0,user_18,778,,
16889,,3600000,0,user_18,778,,
16890,,1300000,0,user_18,778,,
16891,,190000,0,user_18,778,,
16892,,1400000,16400,user_20,778,,
16893,,150000,0,user_21,778,,
16894,,220000,0,user_22,778,,
16895,,4500000,0,user_24,778,,
16896,,1100000,33300,user_24,778,,
16897,,630000,0,user_25,778,,
16898,,300000,0,user_25,778,,
16899,,70000,0,user_25,778,,
16900,,110000,0,user_26,778,,
16901,,170000,0,user_27,778,,
16902,,77000,769000,user_28,778,,
16903,,83000,7840,user_29,778,,
16904,,1800000,0,user_30,778,,
16905,,120000,0,user_31,778,,
16906,,160000,0,user_32,778,,
16907,,220000,0,user_35,778,,
16908,,170000,0,user_36,778,,
16909,,670000,0,user_40,778,,
16910,,170000,0,user_41,778,,
16911,,650000,0,user_41,778,,
16912,,3500000,0,user_42,778,,
16913,,1000000,0,user_42,778,,
16914,,110000,64600,user_43,778,,
16915,,5000000,0,user_43,778,,
16916,,120000,0,user_44,778,,
16917,,2000000,0,user_45,778,,
16918,,150000,0,user_45,778,,
16919,,6100000,0,user_46,778,,
16920,,600000,12800,user_49,778,,
16921,,220000,0,user_49,778,,
16922,,98000,0,user_49,778,,
16887,0,43000000,0,user_18,778,778,
16871,1,27000000,0,user_0,778,778,
16878,2,19000000,0,user_5,778,778,
16919,3,6100000,0,user_46,778,778,
16915,4,5000000,0,user_43,778,778,
16895,5,4500000,0,user_24,778,778,
16879,6,3600000,11200,user_5,778,778,
16884,7,3600000,0,user_16,778,778,
16889,8,3600000,0,user_18,778,778,
16912,9,3500000,0,user_42,778,778,
16870,10,2000000,0,user_0,778,778,
16917,11,2000000,0,user_45,778,778,
16904,12,1800000,0,user_30,778,778,
16883,13,1700000,0,user_14,778,778,
16882,14,1600000,0,user_12,778,778,
16890,15,1300000,0,user_18,778,778,
16896,16,1100000,33300,user_24,778,778,
16913,17,1000000,0,user_42,778,778,
16886,18,970000,0,user_17,778,778,
16888,19,970000,0,user_18,778,778,
16877,20,910000,0,user_4,778,778,
16909,21,670000,0,user_40,778,778,
16885,22,630000,0,user_17,778,778,
16897,23,630000,0,user_25,778,778,
16920,24,600000,12800,user_49,778,778,
16898,25,300000,0,user_25,778,778,
16894,26,220000,0,user_22,778,778,
16907,27,220000,0,user_35,778,778,
16921,28,220000,0,user_49,778,778,
16891,29,190000,0,user_18,778,778,
16874,30,170000,0,user_4,778,778,
16876,31,170000,0,user_4,778,778,
16901,32,170000,0,user_27,778,778,
16908,33,170000,0,user_36,778,778,
16906,34,160000,0,user_32,778,778,
16893,35,150000,0,user_21,778,778,
16918,36,150000,0,user_45,778,778,
16875,37,120000,0,user_4,778,778,
16916,38,120000,0,user_44,778,778,
16900,39,110000,0,user_26,778,778,
16914,40,110000,64600,user_43,778,778,
16881,41,100000,0,user_11,778,778,
16880,42,98000,0,user_9,778,778,
16922,43,98000,0,user_49,778,778,
16903,44,83000,7840,user_29,778,778,
16902,45,77000,769000,user_28,778,778,
16899,46,70000,0,user_25,778,778,
16980,,260000,0,user_0,779,,
16981,,2300000,6390,user_0,779,,
16982,,670000,0,user_1,779,,
16983,,2000000,0,user_2,779,,
16984,,1300000,0,user_2,779,,
16985,,150000,0,user_4,779,,
16986,,43000000,71800,user_4,779,,
16987,,27000000,0,user_5,779,,
16988,,2100000,181000,user_5,779,,
16989,,120000,139000,user_6,779,,
16990,,110000,0,user_7,779,,
16991,,6100000,779000,user_9,779,,
16992,,1500000,0,user_10,779,,
16993,,340000,128000,user_11,779,,
16994,,220000,350000,user_12,779,,
16995,,420000,0,user_12,779,,
16996,,630000,0,user_12,779,,
16997,,1500000,0,user_12,779,,
16998,,160000,0,user_13,779,,
16999,,4500000,0,user_15,779,,
17000,,1200000,0,user_15,779,,
17001,,73000,16400,user_16,779,,
17002,,350000,0,user_17,779,,
17003,,1900000,0,user_18,779,,
17004,,43000000,0,user_18,779,,
17005,,4200000,0,user_19,779,,
17006,,120000,1100000,user_20,779,,
17007,,84000,0,user_22,779,,
17008,,110000,0,user_22,779,,
17009,,98000,32900,user_22,779,,
17010,,73000,0,user_22,779,,
17011,,670000,0,user_24,779,,
17012,,84000,0,user_25,779,,
17013,,70000,35100,user_25,779,,
17014,,120000,0,user_25,779,,
17015,,110000,0,user_25,779,,
17016,,1600000,0,user_25,779,,
17017,,1000000,0,user_26,779,,
17018,,150000,959000,user_26,779,,
17019,,160000,1100000,user_26,779,,
17020,,1000000,0,user_26,779,,
17021,,120000,0,user_26,779,,
17022,,350000,0,user_27,779,,
17023,,240000,285000,user_28,779,,
17024,,120000,0,user_29,779,,
17025,,660000,0,user_29,779,,
17026,,100000,0,user_30,779,,
17027,,530000,0,user_31,779,,
17028,,120000,0,user_32,779,,
17029,,82000,0,user_33,779,,
17030,,1700000,0,user_33,779,,
17031,,300000,16400,user_34,779,,
17032,,2500000,0,user_35,779,,
17033,,2000000,0,user_36,779,,
17034,,660000,12800,user_37,779,,
17035,,170000,0,user_39,779,,
17036,,460000,0,user_39,779,,
17037,,340000,0,user_40,779,,
17038,,460000,0,user_40,779,,
17039,,160000,17700000,user_40,779,,
17040,,73000,0,user_40,779,,
17041,,650000,17000,user_40,779,,
17042,,6100000,0,user_41,779,,
17043,,1500000,75000,user_42,779,,
17044,,150000,0,user_44,779,,
17045,,240000,0,user_44,779,,
17046,,150000,0,user_45,779,,
17047,,130000,0,user_46,779,,
17048,,420000,0,user_47,779,,
17049,,1400000,0,user_48,779,,
17050,,1400000,71800,user_49,779,,
16986,0,43000000,71800,user_4,779,779,
17131,1,0,0,builder_5,779,779,16986
17004,2,43000000,0,user_18,779,779,
16987,3,27000000,0,user_5,779,779,
16991,4,6100000,779000,user_9,779,779,
17132,5,0,0,builder_5,779,779,16991
17042,6,6100000,0,user_41,779,779,
16999,7,4500000,0,user_15,779,779,
17005,8,4200000,0,user_19,779,779,
17032,9,2500000,0,user_35,779,779,
17133,10,0,0,builder_5,779,779,16981
16981,11,2300000,6390,user_0,779,779,
17134,12,0,0,builder_5,779,779,16988
16988,13,2100000,181000,user_5,779,779,
16983,14,2000000,0,user_2,779,779,
17033,15,2000000,0,user_36,779,779,
17003,16,1900000,0,user_18,779,779,
17030,17,1700000,0,user_33,779,779,
17016,18,1600000,0,user_25,779,779,
17135,19,0,0,builder_5,779,779,17043
17043,20,1500000,75000,user_42,779,779,
16992,21,1500000,0,user_10,779,779,
16997,22,1500000,0,user_12,779,779,
17136,23,0,0,builder_5,779,779,17050
17050,24,1400000,71800,user_49,779,779,
17049,25,1400000,0,user_48,779,779,
16984,26,1300000,0,user_2,779,779,
17137,27,0,0,builder_5,779,779,17019
17019,28,160000,1100000,user_26,779,779,
17138,29,0,0,builder_5,779,779,17006
17006,30,120000,1100000,user_20,779,779,
17000,31,1200000,0,user_15,779,779,
17018,32,150000,959000,user_26,779,779,
17139,33,0,0,builder_5,779,779,17018
17017,34,1000000,0,user_26,779,779,
17020,35,1000000,0,user_26,779,779,
17140,36,0,0,builder_5,779,779,17034
17034,37,660000,12800,user_37,779,779,
16982,38,670000,0,user_1,779,779,
17011,39,670000,0,user_24,779,779,
16996,40,630000,0,user_12,779,779,
17141,41,0,0,builder_5,779,779,16994
16994,42,220000,350000,user_12,779,779,
17027,43,530000,0,user_31,779,779,
17142,44,0,0,builder_5,779,779,17023
17023,45,240000,285000,user_28,779,779,
17143,46,0,0,builder_5,779,779,16993
16993,47,340000,128000,user_11,779,779,
17036,48,460000,0,user_39,779,779,
16995,49,420000,0,user_12,779,779,
17048,50,420000,0,user_47,779,779,
16980,51,260000,0,user_0,779,779,
17144,52,0,0,builder_5,779,779,16989
16989,53,120000,139000,user_6,779,779,
17035,54,170000,0,user_39,779,779,
16998,55,160000,0,user_13,779,779,
16985,56,150000,0,user_4,779,779,
17046,57,150000,0,user_45,779,779,
17014,58,120000,0,user_25,779,779,
17021,59,120000,0,user_26,779,779,
17028,60,120000,0,user_32,779,779,
16990,61,110000,0,user_7,779,779,
17015,62,110000,0,user_25,779,779,
17013,63,70000,35100,user_25,779,779,
17145,64,0,0,builder_5,779,779,17013
17146,65,0,0,builder_5,779,779,17001
17001,66,73000,16400,user_16,779,779,
17012,67,84000,0,user_25,779,779,
17029,68,82000,0,user_33,779,779,
17191,,420000,0,user_1,780,,
17192,,98000,0,user_3,780,,
17193,,30000000,0,user_3,780,,
17194,,80000,0,user_4,780,,
17195,,5000000,0,user_6,780,,
17196,,160000,959000,user_7,780,,
17197,,1400000,121000,user_7,780,,
17198,,310000,19700,user_11,780,,
17199,,870000,0,user_12,780,,
17200,,84000,0,user_12,780,,
17201,,1600000,0,user_13,780,,
17202,,1200000,0,user_13,780,,
17203,,1000000,0,user_14,780,,
17204,,340000,13800,user_16,780,,
17205,,83000,0,user_17,780,,
17206,,310000,181000,user_18,780,,
17207,,1400000,13900,user_18,780,,
17208,,84000,0,user_19,780,,
17209,,1600000,0,user_20,780,,
17210,,84000,0,user_21,780,,
17211,,82000,0,user_22,780,,
17212,,1000000,0,user_23,780,,
17213,,650000,0,user_24,780,,
17214,,4200000,0,user_24,780,,
17215,,120000,0,user_25,780,,
17216,,130000,0,user_26,780,,
17217,,130000,0,user_26,780,,
17218,,240000,0,user_27,780,,
17219,,1500000,0,user_28,780,,
17220,,910000,0,user_29,780,,
17221,,420000,0,user_30,780,,
17222,,240000,0,user_30,780,,
17223,,3600000,0,user_30,780,,
17224,,27000000,0,user_31,780,,
17225,,2000000,779000,user_31,780,,
17226,,870000,0,user_31,780,,
17227,,27000000,0,user_32,780,,
17228,,220000,7840,user_33,780,,
17229,,530000,296000,user_33,780,,
17230,,360000,35100,user_34,780,,
17231,,4200000,769000,user_35,780,,
17232,,1600000,0,user_36,780,,
17233,,120000,0,user_37,780,,
17234,,170000,369000,user_39,780,,
17235,,910000,0,user_39,780,,
17236,,110000,0,user_40,780,,
17237,,1300000,0,user_42,780,,
17238,,77000,33100,user_44,780,,
17239,,360000,0,user_44,780,,
17240,,82000,0,user_45,780,,
17241,,1000000,0,user_48,780,,
17193,0,30000000,0,user_3,780,780,
17224,1,27000000,0,user_31,780,780,
17227,2,27000000,0,user_32,780,780,
17195,3,5000000,0,user_6,780,780,
17214,4,4200000,0,user_24,780,780,
17231,5,4200000,769000,user_35,780,780,
17223,6,3600000,0,user_30,780,780,
17225,7,2000000,779000,user_31,780,780,
17201,8,1600000,0,user_13,780,780,
17209,9,1600000,0,user_20,780,780,
17232,10,1600000,0,user_36,780,780,
17219,11,1500000,0,user_28,780,780,
17197,12,1400000,121000,user_7,780,780,
17207,13,1400000,13900,user_18,780,780,
17237,14,1300000,0,user_42,780,780,
17202,15,1200000,0,user_13,780,780,
17203,16,1000000,0,user_14,780,780,
17212,17,1000000,0,user_23,780,780,
17241,18,1000000,0,user_48,780,780,
17235,19,910000,0,user_39,780,780,
17199,20,870000,0,user_12,780,780,
17226,21,870000,0,user_31,780,780,
17213,22,650000,0,user_24,780,780,
17229,23,530000,296000,user_33,780,780,
17191,24,420000,0,user_1,780,780,
17221,25,420000,0,user_30,780,780,
17230,26,360000,35100,user_34,780,780,
17239,27,360000,0,user_44,780,780,
17198,28,310000,19700,user_11,780,780,
17206,29,310000,181000,user_18,780,780,
17218,30,240000,0,user_27,780,780,
17222,31,240000,0,user_30,780,780,
17228,32,220000,7840,user_33,780,780,
17234,33,170000,369000,user_39,780,780,
17196,34,160000,959000,user_7,780,780,
17216,35,130000,0,user_26,780,780,
17217,36,130000,0,user_26,780,780,
17236,37,110000,0,user_40,780,780,
17192,38,98000,0,user_3,780,780,
17200,39,84000,0,user_12,780,780,
17208,40,84000,0,user_19,780,780,
17210,41,84000,0,user_21,780,780,
17211,42,82000,0,user_22,780,780,
17194,43,80000,0,user_4,780,780,
17238,44,77000,33100,user_44,780,780,
17331,,600000,0,user_0,781,,
17332,,150000,0,user_0,781,,
17333,,310000,0,user_2,781,,
17334,,3200000,0,user_2,781,,
17335,,120000,0,user_3,781,,
17336,,110000,0,user_4,781,,
17337,,2600000,0,user_6,781,,
17338,,1500000,0,user_9,781,,
17339,,79000,0,user_10,781,,
17340,,1500000,0,user_15,781,,
17341,,150000,0,user_18,781,,
17342,,160000,0,user_18,781,,
17343,,79000,0,user_19,781,,
17344,,120000,0,user_20,781,,
17345,,530000,0,user_21,781,,
17346,,6300000,139000,user_22,781,,
17347,,110000,0,user_23,781,,
17348,,1400000,0,user_23,781,,
17349,,110000,0,user_24,781,,
17350,,300000,0,user_25,781,,
17351,,110000,0,user_25,781,,
17352,,43000000,0,user_26,781,,
17353,,1500000,0,user_27,781,,
17354,,1800000,0,user_28,781,,
17355,,1500000,0,user_29,781,,
17356,,1000000,0,user_30,781,,
17357,,110000,0,user_30,781,,
17358,,120000,64600,user_33,781,,
17359,,660000,21800,user_33,781,,
17360,,6300000,0,user_34,781,,
17361,,460000,0,user_38,781,,
17362,,1000000,0,user_39,781,,
17363,,1300000,0,user_40,781,,
17364,,190000,12300,user_40,781,,
17365,,970000,0,user_40,781,,
17366,,260000,0,user_40,781,,
17367,,260000,296000,user_41,781,,
17368,,2300000,0,user_42,781,,
17369,,4200000,14200,user_43,781,,
17370,,460000,0,user_44,781,,
17371,,1200000,0,user_45,781,,
17372,,2000000,0,user_45,781,,
17373,,120000,0,user_46,781,,
17374,,1500000,0,user_46,781,,
17375,,260000,56200,user_46,781,,
17376,,6100000,322000,user_46,781,,
17377,,460000,0,user_47,781,,
17378,,870000,0,user_48,781,,
17379,,30000000,0,user_49,781,,
17352,0,43000000,0,user_26,781,781,
17379,1,30000000,0,user_49,781,781,
17346,2,6300000,139000,user_22,781,781,
17409,3,0,0,builder_4,781,781,17346
17410,4,0,0,builder_4,781,781,17376
17376,5,6100000,322000,user_46,781,781,
17360,6,6300000,0,user_34,781,781,
17369,7,4200000,14200,user_43,781,781,
17411,8,0,0,builder_4,781,781,17369
17334,9,3200000,0,user_2,781,781,
17337,10,2600000,0,user_6,781,781,
17368,11,2300000,0,user_42,781,781,
17372,12,2000000,0,user_45,781,781,
17354,13,1800000,0,user_28,781,781,
17338,14,1500000,0,user_9,781,781,
17353,15,1500000,0,user_27,781,781,
17355,16,1500000,0,user_29,781,781,
17374,17,1500000,0,user_46,781,781,
17348,18,1400000,0,user_23,781,781,
17363,19,1300000,0,user_40,781,781,
17371,20,1200000,0,user_45,781,781,
17356,21,1000000,0,user_30,781,781,
17365,22,970000,0,user_40,781,781,
17378,23,870000,0,user_48,781,781,
17359,24,660000,21800,user_33,781,781,
17412,25,0,0,builder_4,781,781,17359
17331,26,600000,0,user_0,781,781,
17367,27,260000,296000,user_41,781,781,
17413,28,0,0,builder_4,781,781,17367
17345,29,530000,0,user_21,781,781,
17361,30,460000,0,user_38,781,781,
17370,31,460000,0,user_44,781,781,
17414,32,0,0,builder_4,781,781,17375
17375,33,260000,56200,user_46,781,781,
17333,34,310000,0,user_2,781,781,
17350,35,300000,0,user_25,781,781,
17366,36,260000,0,user_40,781,781,
17415,37,0,0,builder_4,781,781,17364
17364,38,190000,12300,user_40,781,781,
17358,39,120000,64600,user_33,781,781,
17416,40,0,0,builder_4,781,781,17358
17342,41,160000,0,user_18,781,781,
17332,42,150000,0,user_0,781,781,
17341,43,150000,0,user_18,781,781,
17335,44,120000,0,user_3,781,781,
17344,45,120000,0,user_20,781,781,
17373,46,120000,0,user_46,781,781,
17336,47,110000,0,user_4,781,781,
17347,48,110000,0,user_23,781,781,
17349,49,110000,0,user_24,781,781,
17351,50,110000,0,user_25,781,781,
17357,51,110000,0,user_30,781,781,
17339,52,79000,0,user_10,781,781,
17343,53,79000,0,user_19,781,781,
17434,,98000,0,user_1,782,,
17435,,80000,0,user_1,782,,
17436,,160000,0,user_2,782,,
17437,,650000,0,user_3,782,,
17438,,1400000,0,user_6,782,,
17439,,360000,0,user_7,782,,
17440,,220000,13900,user_10,782,,
17441,,1500000,0,user_12,782,,
17442,,220000,0,user_13,782,,
17443,,130000,0,user_14,782,,
17444,,600000,0,user_15,782,,
17445,,77000,0,user_16,782,,
17446,,220000,0,user_18,782,,
17447,,1800000,0,user_21,782,,
17448,,77000,0,user_21,782,,
17449,,260000,0,user_21,782,,
17450,,4200000,0,user_21,782,,
17451,,2400000,0,user_24,782,,
17452,,77000,0,user_26,782,,
17453,,600000,0,user_27,782,,
17454,,260000,0,user_29,782,,
17455,,650000,0,user_30,782,,
17456,,1800000,0,user_30,782,,
17457,,43000000,0,user_30,782,,
17458,,2000000,46500,user_32,782,,
17459,,83000,34700,user_34,782,,
17460,,370000,215000,user_35,782,,
17461,,120000,139000,user_35,782,,
17462,,170000,68100,user_37,782,,
17463,,2400000,0,user_37,782,,
17464,,84000,0,user_40,782,,
17465,,87000,0,user_40,782,,
17466,,220000,0,user_41,782,,
17467,,870000,256000,user_42,782,,
17468,,2100000,285000,user_45,782,,
17469,,2000000,0,user_46,782,,
17470,,2000000,0,user_47,782,,
17471,,130000,0,user_47,782,,
17472,,320000,0,user_48,782,,
17473,,83000,0,user_49,782,,
17457,0,43000000,0,user_30,782,782,
17450,1,4200000,0,user_21,782,782,
17463,2,2400000,0,user_37,782,782,
17458,3,2000000,46500,user_32,782,782,
17474,4,0,0,builder_0,782,782,17458
17469,5,2000000,0,user_46,782,782,
17470,6,2000000,0,user_47,782,782,
17447,7,1800000,0,user_21,782,782,
17456,8,1800000,0,user_30,782,782,
17438,9,1400000,0,user_6,782,782,
17475,10,0,0,builder_0,782,782,17467
17467,11,870000,256000,user_42,782,782,
17437,12,650000,0,user_3,782,782,
17455,13,650000,0,user_30,782,782,
17453,14,600000,0,user_27,782,782,
17476,15,0,0,builder_0,782,782,17460
17460,16,370000,215000,user_35,782,782,
17439,17,360000,0,user_7,782,782,
17472,18,320000,0,user_48,782,782,
17449,19,260000,0,user_21,782,782,
17454,20,260000,0,user_29,782,782,
17477,21,0,0,builder_0,782,782,17461
17461,22,120000,139000,user_35,782,782,
17462,23,170000,68100,user_37,782,782,
17478,24,0,0,builder_0,782,782,17462
17440,25,220000,13900,user_10,782,782,
17479,26,0,0,builder_0,782,782,17440
17442,27,220000,0,user_13,782,782,
17446,28,220000,0,user_18,782,782,
17466,29,220000,0,user_41,782,782,
17436,30,160000,0,user_2,782,782,
17443,31,130000,0,user_14,782,782,
17471,32,130000,0,user_47,782,782,
17434,33,98000,0,user_1,782,782,
17465,34,87000,0,user_40,782,782,
17464,35,84000,0,user_40,782,782,
17473,36,83000,0,user_49,782,782,
17435,37,80000,0,user_1,782,782,
17445,38,77000,0,user_16,782,782,
17448,39,77000,0,user_21,782,782,
17452,40,77000,0,user_26,782,782,
17532,,85000,0,user_1,783,,
17533,,110000,215000,user_5,783,,
17534,,30000000,0,user_6,783,,
17535,,77000,959000,user_7,783,,
17536,,2000000,0,user_8,783,,
17537,,3500000,0,user_9,783,,
17538,,130000,12300,user_9,783,,
17539,,1800000,0,user_10,783,,
17540,,110000,35600,user_11,783,,
17541,,150000,108000,user_12,783,,
17542,,120000,7190000,user_13,783,,
17543,,79000,0,user_13,783,,
17544,,160000,594000,user_14,783,,
17545,,150000,0,user_14,783,,
17546,,110000,8520,user_16,783,,
17547,,2000000,0,user_17,783,,
17548,,6300000,15700,user_17,783,,
17549,,120000,0,user_17,783,,
17550,,1700000,0,user_17,783,,
17551,,5000000,256000,user_17,783,,
17552,,82000,0,user_18,783,,
17553,,150000,0,user_20,783,,
17554,,320000,0,user_20,783,,
17555,,220000,0,user_21,783,,
17556,,220000,10700,user_21,783,,
17557,,150000,0,user_23,783,,
17558,,4500000,67500,user_23,783,,
17559,,150000,594000,user_24,783,,
17560,,1500000,0,user_26,783,,
17561,,83000,7840,user_27,783,,
17562,,1400000,0,user_28,783,,
17563,,910000,13800,user_28,783,,
17564,,6100000,0,user_30,783,,
17565,,1400000,0,user_31,783,,
17566,,84000,779000,user_32,783,,
17567,,110000,0,user_32,783,,
17568,,1000000,0,user_32,783,,
17569,,2400000,0,user_32,783,,
17570,,43000000,0,user_33,783,,
17571,,240000,0,user_34,783,,
17572,,6100000,5640,user_35,783,,
17573,,82000,0,user_36,783,,
17574,,190000,0,user_37,783,,
17575,,160000,0,user_39,783,,
17576,,85000,0,user_42,783,,
17577,,160000,0,user_42,783,,
17578,,82000,545000,user_43,783,,
17579,,340000,0,user_44,783,,
17580,,1200000,0,user_44,783,,
17581,,340000,5640,user_45,783,,
17582,,6300000,0,user_46,783,,
17583,,6100000,42000,user_46,783,,
17584,,1300000,0,user_47,783,,
17585,,420000,67500,user_49,783,,
17570,0,43000000,0,user_33,783,783,
17534,1,30000000,0,user_6,783,783,
17542,2,120000,7190000,user_13,783,783,
17586,3,0,0,builder_0,783,783,17542
17548,4,6300000,15700,user_17,783,783,
17587,5,0,0,builder_0,783,783,17548
17582,6,6300000,0,user_46,783,783,
17588,7,0,0,builder_0,783,783,17583
17583,8,6100000,42000,user_46,783,783,
17572,9,6100000,5640,user_35,783,783,
17589,10,0,0,builder_0,783,783,17572
17564,11,6100000,0,user_30,783,783,
17551,12,5000000,256000,user_17,783,783,
17590,13,0,0,builder_0,783,783,17551
17558,14,4500000,67500,user_23,783,783,
17591,15,0,0,builder_0,783,783,17558
17537,16,3500000,0,user_9,783,783,
17569,17,2400000,0,user_32,783,783,
17536,18,2000000,0,user_8,783,783,
17547,19,2000000,0,user_17,783,783,
17539,20,1800000,0,user_10,783,783,
17550,21,1700000,0,user_17,783,783,
17560,22,1500000,0,user_26,783,783,
17562,23,1400000,0,user_28,783,783,
17565,24,1400000,0,user_31,783,783,
17584,25,1300000,0,user_47,783,783,
17580,26,1200000,0,user_44,783,783,
17592,27,0,0,builder_0,783,783,17535
17535,28,77000,959000,user_7,783,783,
17568,29,1000000,0,user_32,783,783,
17593,30,0,0,builder_0,783,783,17563
17563,31,910000,13800,user_28,783,783,
17566,32,84000,779000,user_32,783,783,
17594,33,0,0,builder_0,783,783,17566
17595,34,0,0,builder_0,783,783,17544
17544,35,160000,594000,user_14,783,783,
17596,36,0,0,builder_0,783,783,17578
17578,37,82000,545000,user_43,783,783,
17585,38,420000,67500,user_49,783,783,
17597,39,0,0,builder_0,783,783,17585
17579,40,340000,0,user_44,783,783,
17554,41,320000,0,user_20,783,783,
17556,42,220000,10700,user_21,783,783,
17598,43,0,0,builder_0,783,783,17556
17555,44,220000,0,user_21,783,783,
17574,45,190000,0,user_37,783,783,
17577,46,160000,0,user_42,783,783,
17545,47,150000,0,user_14,783,783,
17553,48,150000,0,user_20,783,783,
17557,49,150000,0,user_23,783,783,
17599,50,0,0,builder_0,783,783,17540
17540,51,110000,35600,user_11,783,783,
17538,52,130000,12300,user_9,783,783,
17600,53,0,0,builder_0,783,783,17538
17549,54,120000,0,user_17,783,783,
17546,55,110000,8520,user_16,783,783,
17601,56,0,0,builder_0,783,783,17546
17567,57,110000,0,user_32,783,783,
17561,58,83000,7840,user_27,783,783,
17602,59,0,0,builder_0,783,783,17561
17532,60,85000,0,user_1,783,783,
17576,61,85000,0,user_42,783,783,
17552,62,82000,0,user_18,783,783,
17573,63,82000,0,user_36,783,783,
17543,64,79000,0,user_13,783,783,
17731,,6300000,0,user_1,784,,
17732,,630000,0,user_2,784,,
17733,,80000,0,user_3,784,,
17734,,310000,0,user_3,784,,
17735,,220000,0,user_3,784,,
17736,,79000,0,user_3,784,,
17737,,1500000,39400,user_4,784,,
17738,,910000,84800,user_6,784,,
17739,,2600000,0,user_7,784,,
17740,,260000,0,user_7,784,,
17741,,5000000,0,user_8,784,,
17742,,82000,0,user_8,784,,
17743,,1500000,0,user_10,784,,
17744,,27000000,0,user_12,784,,
17745,,1100000,12800,user_14,784,,
17746,,4500000,0,user_14,784,,
17747,,43000000,0,user_15,784,,
17748,,150000,0,user_18,784,,
17749,,1000000,68100,user_22,784,,
17750,,1300000,0,user_22,784,,
17751,,310000,0,user_22,784,,
17752,,130000,0,user_24,784,,
17753,,1500000,0,user_26,784,,
17754,,240000,0,user_26,784,,
17755,,2000000,0,user_27,784,,
17756,,83000,43600,user_29,784,,
17757,,2000000,0,user_31,784,,
17758,,360000,0,user_32,784,,
17759,,4500000,0,user_33,784,,
17760,,110000,0,user_33,784,,
17761,,310000,0,user_34,784,,
17762,,150000,15300,user_34,784,,
17763,,83000,0,user_35,784,,
17764,,5000000,0,user_36,784,,
17765,,1400000,0,user_37,784,,
17766,,1700000,0,user_38,784,,
17767,,170000,0,user_39,784,,
17768,,600000,31700,user_39,784,,
17769,,2000000,0,user_40,784,,
17770,,3500000,0,user_42,784,,
17771,,1300000,0,user_43,784,,
17772,,1100000,0,user_44,784,,
17773,,2300000,0,user_45,784,,
17774,,310000,0,user_46,784,,
17775,,2000000,181000,user_47,784,,
17776,,110000,410000,user_48,784,,
17777,,85000,0,user_49,784,,
17778,,160000,0,user_49,784,,
17779,,420000,10700,user_49,784,,
17780,,98000,0,user_49,784,,
17781,,160000,0,user_49,784,,
17747,0,43000000,0,user_15,784,784,
17744,1,27000000,0,user_12,784,784,
17731,2,6300000,0,user_1,784,784,
17741,3,5000000,0,user_8,784,784,
17764,4,5000000,0,user_36,784,784,
17746,5,4500000,0,user_14,784,784,
17759,6,4500000,0,user_33,784,784,
17770,7,3500000,0,user_42,784,784,
17739,8,2600000,0,user_7,784,784,
17755,9,2000000,0,user_27,784,784,
17757,10,2000000,0,user_31,784,784,
17769,11,2000000,0,user_40,784,784,
17775,12,2000000,181000,user_47,784,784,
17766,13,1700000,0,user_38,784,784,
17737,14,1500000,39400,user_4,784,784,
17753,15,1500000,0,user_26,784,784,
17765,16,1400000,0,user_37,784,784,
17750,17,1300000,0,user_22,784,784,
17771,18,1300000,0,user_43,784,784,
17745,19,1100000,12800,user_14,784,784,
17772,20,1100000,0,user_44,784,784,
17749,21,1000000,68100,user_22,784,784,
17738,22,910000,84800,user_6,784,784,
17732,23,630000,0,user_2,784,784,
17768,24,600000,31700,user_39,784,784,
17779,25,420000,10700,user_49,784,784,
17734,26,310000,0,user_3,784,784,
17751,27,310000,0,user_22,784,784,
17761,28,310000,0,user_34,784,784,
17740,29,260000,0,user_7,784,784,
17754,30,240000,0,user_26,784,784,
17735,31,220000,0,user_3,784,784,
17767,32,170000,0,user_39,784,784,
17778,33,160000,0,user_49,784,784,
17781,34,160000,0,user_49,784,784,
17748,35,150000,0,user_18,784,784,
17762,36,150000,15300,user_34,784,784,
17752,37,130000,0,user_24,784,784,
17760,38,110000,0,user_33,784,784,
17776,39,110000,410000,user_48,784,784,
17780,40,98000,0,user_49,784,784,
17777,41,85000,0,user_49,784,784,
17756,42,83000,43600,user_29,784,784,
17742,43,82000,0,user_8,784,784,
17733,44,80000,0,user_3,784,784,
17736,45,79000,0,user_3,784,784,
17850,,470000,0,user_2,785,,
17851,,110000,0,user_3,785,,
17852,,420000,0,user_3,785,,
17853,,420000,0,user_3,785,,
17854,,2000000,0,user_4,785,,
17855,,1100000,0,user_6,785,,
17856,,110000,0,user_6,785,,
17857,,310000,0,user_7,785,,
17858,,120000,0,user_7,785,,
17859,,220000,0,user_7,785,,
17860,,310000,0,user_8,785,,
17861,,370000,11200,user_9,785,,
17862,,98000,0,user_11,785,,
17863,,160000,139000,user_11,785,,
17864,,360000,0,user_12,785,,
17865,,220000,285000,user_13,785,,
17866,,470000,0,user_13,785,,
17867,,110000,10700,user_14,785,,
17868,,170000,0,user_14,785,,
17869,,1400000,0,user_14,785,,
17870,,160000,0,user_14,785,,
17871,,160000,369000,user_18,785,,
17872,,310000,0,user_19,785,,
17873,,310000,0,user_20,785,,
17874,,3500000,0,user_20,785,,
17875,,220000,0,user_21,785,,
17876,,220000,0,user_23,785,,
17877,,530000,0,user_24,785,,
17878,,1500000,283000,user_28,785,,
17879,,70000,0,user_28,785,,
17880,,79000,0,user_29,785,,
17881,,1500000,24700,user_29,785,,
17882,,4500000,0,user_30,785,,
17883,,2600000,0,user_30,785,,
17884,,19000000,0,user_31,785,,
17885,,190000,0,user_33,785,,
17886,,70000,0,user_34,785,,
17887,,110000,0,user_34,785,,
17888,,2100000,0,user_34,785,,
17889,,360000,0,user_34,785,,
17890,,630000,0,user_34,785,,
17891,,19000000,0,user_35,785,,
17892,,420000,0,user_37,785,,
17893,,70000,0,user_39,785,,
17894,,530000,0,user_39,785,,
17895,,110000,0,user_40,785,,
17896,,150000,84800,user_42,785,,
17897,,1100000,0,user_44,785,,
17898,,1700000,0,user_45,785,,
17899,,240000,0,user_46,785,,
17900,,150000,24700,user_46,785,,
17901,,2100000,0,user_47,785,,
17902,,220000,5640,user_47,785,,
17903,,5000000,0,user_48,785,,
17904,,630000,0,user_48,785,,
17905,,160000,0,user_49,785,,
17906,,1500000,0,user_49,785,,
17884,0,19000000,0,user_31,785,785,
17891,1,19000000,0,user_35,785,785,
17903,2,5000000,0,user_48,785,785,
17882,3,4500000,0,user_30,785,785,
17874,4,3500000,0,user_20,785,785,
17883,5,2600000,0,user_30,785,785,
17888,6,2100000,0,user_34,785,785,
17901,7,2100000,0,user_47,785,785,
17854,8,2000000,0,user_4,785,785,
17929,9,0,0,builder_3,785,785,17878
17878,10,1500000,283000,user_28,785,785,
17898,11,1700000,0,user_45,785,785,
17881,12,1500000,24700,user_29,785,785,
17930,13,0,0,builder_3,785,785,17881
17906,14,1500000,0,user_49,785,785,
17869,15,1400000,0,user_14,785,785,
17897,16,1100000,0,user_44,785,785,
17890,17,630000,0,user_34,785,785,
17904,18,630000,0,user_48,785,785,
17877,19,530000,0,user_24,785,785,
17894,20,530000,0,user_39,785,785,
17871,21,160000,369000,user_18,785,785,
17931,22,0,0,builder_3,785,785,17871
17865,23,220000,285000,user_13,785,785,
17932,24,0,0,builder_3,785,785,17865
17850,25,470000,0,user_2,785,785,
17866,26,470000,0,user_13,785,785,
17852,27,420000,0,user_3,785,785,
17853,28,420000,0,user_3,785,785,
17892,29,420000,0,user_37,785,785,
17864,30,360000,0,user_12,785,785,
17889,31,360000,0,user_34,785,785,
17857,32,310000,0,user_7,785,785,
17872,33,310000,0,user_19,785,785,
17873,34,310000,0,user_20,785,785,
17863,35,160000,139000,user_11,785,785,
17933,36,0,0,builder_3,785,785,17863
17899,37,240000,0,user_46,785,785,
17934,38,0,0,builder_3,785,785,17896
17896,39,150000,84800,user_42,785,785,
17902,40,220000,5640,user_47,785,785,
17935,41,0,0,builder_3,785,785,17902
17859,42,220000,0,user_7,785,785,
17875,43,220000,0,user_21,785,785,
17876,44,220000,0,user_23,785,785,
17885,45,190000,0,user_33,785,785,
17900,46,150000,24700,user_46,785,785,
17936,47,0,0,builder_3,785,785,17900
17868,48,170000,0,user_14,785,785,
17870,49,160000,0,user_14,785,785,
17905,50,160000,0,user_49,785,785,
17937,51,0,0,builder_3,785,785,17867
17867,52,110000,10700,user_14,785,785,
17858,53,120000,0,user_7,785,785,
17851,54,110000,0,user_3,785,785,
17887,55,110000,0,user_34,785,785,
17895,56,110000,0,user_40,785,785,
17862,57,98000,0,user_11,785,785,
17880,58,79000,0,user_29,785,785,
17879,59,70000,0,user_28,785,785,
17886,60,70000,0,user_34,785,785,
17893,61,70000,0,user_39,785,785,
17974,,98000,0,user_0,786,,
17975,,2000000,0,user_1,786,,
17976,,110000,0,user_2,786,,
17977,,5200000,0,user_3,786,,
17978,,460000,0,user_3,786,,
17979,,320000,0,user_3,786,,
17980,,6300000,0,user_3,786,,
17981,,3500000,0,user_5,786,,
17982,,1500000,56200,user_5,786,,
17983,,79000,0,user_5,786,,
17984,,2300000,0,user_7,786,,
17985,,220000,73100,user_7,786,,
17986,,150000,0,user_9,786,,
17987,,1800000,0,user_10,786,,
17988,,2600000,0,user_10,786,,
17989,,3200000,0,user_10,786,,
17990,,310000,0,user_12,786,,
17991,,220000,35100,user_14,786,,
17992,,310000,0,user_16,786,,
17993,,79000,0,user_17,786,,
17994,,420000,0,user_18,786,,
17995,,240000,0,user_19,786,,
17996,,360000,0,user_20,786,,
17997,,630000,0,user_22,786,,
17998,,2500000,0,user_22,786,,
17999,,260000,0,user_25,786,,
18000,,630000,0,user_26,786,,
18001,,4200000,0,user_27,786,,
18002,,2400000,49100,user_27,786,,
18003,,70000,0,user_28,786,,
18004,,110000,67900,user_28,786,,
18005,,6300000,0,user_28,786,,
18006,,79000,0,user_28,786,,
18007,,1700000,67500,user_29,786,,
18008,,1100000,0,user_31,786,,
18009,,110000,108000,user_33,786,,
18010,,340000,350000,user_35,786,,
18011,,83000,0,user_36,786,,
18012,,43000000,0,user_39,786,,
18013,,130000,0,user_41,786,,
18014,,2000000,0,user_43,786,,
18015,,300000,35100,user_45,786,,
18016,,630000,0,user_45,786,,
18017,,43000000,0,user_45,786,,
18018,,2000000,0,user_45,786,,
18019,,420000,0,user_45,786,,
18020,,160000,16400,user_46,786,,
18021,,110000,71800,user_48,786,,
18022,,3600000,0,user_49,786,,
18012,0,43000000,0,user_39,786,786,
18017,1,43000000,0,user_45,786,786,
17980,2,6300000,0,user_3,786,786,
18005,3,6300000,0,user_28,786,786,
17977,4,5200000,0,user_3,786,786,
18001,5,4200000,0,user_27,786,786,
18022,6,3600000,0,user_49,786,786,
17981,7,3500000,0,user_5,786,786,
17989,8,3200000,0,user_10,786,786,
17988,9,2600000,0,user_10,786,786,
17998,10,2500000,0,user_22,786,786,
18002,11,2400000,49100,user_27,786,786,
18082,12,0,0,builder_7,786,786,18002
17984,13,2300000,0,user_7,786,786,
17975,14,2000000,0,user_1,786,786,
18014,15,2000000,0,user_43,786,786,
18018,16,2000000,0,user_45,786,786,
17987,17,1800000,0,user_10,786,786,
18007,18,1700000,67500,user_29,786,786,
18083,19,0,0,builder_7,786,786,18007
17982,20,1500000,56200,user_5,786,786,
18084,21,0,0,builder_7,786,786,17982
18008,22,1100000,0,user_31,786,786,
17997,23,630000,0,user_22,786,786,
18016,24,630000,0,user_45,786,786,
17978,25,460000,0,user_3,786,786,
18019,26,420000,0,user_45,786,786,
17996,27,360000,0,user_20,786,786,
18015,28,300000,35100,user_45,786,786,
18085,29,0,0,builder_7,786,786,18015
17979,30,320000,0,user_3,786,786,
17990,31,310000,0,user_12,786,786,
17992,32,310000,0,user_16,786,786,
17985,33,220000,73100,user_7,786,786,
18086,34,0,0,builder_7,786,786,17985
17999,35,260000,0,user_25,786,786,
17991,36,220000,35100,user_14,786,786,
18087,37,0,0,builder_7,786,786,17991
18088,38,0,0,builder_7,786,786,18009
18009,39,110000,108000,user_33,786,786,
18004,40,110000,67900,user_28,786,786,
18089,41,0,0,builder_7,786,786,18004
17986,42,150000,0,user_9,786,786,
18013,43,130000,0,user_41,786,786,
17976,44,110000,0,user_2,786,786,
17974,45,98000,0,user_0,786,786,
18011,46,83000,0,user_36,786,786,
17983,47,79000,0,user_5,786,786,
17993,48,79000,0,user_17,786,786,
18006,49,79000,0,user_28,786,786,
18003,50,70000,0,user_28,786,786,
18100,,79000,100000,user_1,787,,
18101,,420000,35100,user_2,787,,
18102,,87000,0,user_4,787,,
18103,,130000,381000,user_5,787,,
18104,,3600000,0,user_5,787,,
18105,,260000,6390,user_7,787,,
18106,,1900000,779000,user_8,787,,
18107,,660000,0,user_8,787,,
18108,,1000000,322000,user_9,787,,
18109,,220000,283000,user_10,787,,
18110,,470000,0,user_11,787,,
18111,,2000000,0,user_12,787,,
18112,,87000,0,user_12,787,,
18113,,5200000,0,user_13,787,,
18114,,110000,0,user_14,787,,
18115,,910000,0,user_15,787,,
18116,,73000,0,user_16,787,,
18117,,160000,0,user_16,787,,
18118,,120000,7840,user_16,787,,
18119,,420000,0,user_16,787,,
18120,,120000,0,user_17,787,,
18121,,150000,16400,user_20,787,,
18122,,110000,0,user_21,787,,
18123,,160000,510000,user_22,787,,
18124,,370000,0,user_25,787,,
18125,,110000,0,user_27,787,,
18126,,79000,0,user_27,787,,
18127,,420000,0,user_28,787,,
18128,,470000,18600,user_29,787,,
18129,,70000,0,user_29,787,,
18130,,310000,0,user_29,787,,
18131,,1800000,0,user_29,787,,
18132,,160000,0,user_34,787,,
18133,,300000,0,user_34,787,,
18134,,1600000,0,user_34,787,,
18135,,2000000,0,user_34,787,,
18136,,6100000,0,user_35,787,,
18137,,1000000,0,user_37,787,,
18138,,130000,0,user_39,787,,
18139,,110000,0,user_40,787,,
18140,,120000,0,user_41,787,,
18141,,2000000,0,user_44,787,,
18142,,120000,0,user_44,787,,
18143,,120000,0,user_44,787,,
18144,,1500000,0,user_44,787,,
18145,,1500000,0,user_47,787,,
18146,,650000,0,user_49,787,,
18136,0,6100000,0,user_35,787,787,
18113,1,5200000,0,user_13,787,787,
18104,2,3600000,0,user_5,787,787,
18111,3,2000000,0,user_12,787,787,
18135,4,2000000,0,user_34,787,787,
18141,5,2000000,0,user_44,787,787,
18106,6,1900000,779000,user_8,787,787,
18131,7,1800000,0,user_29,787,787,
18134,8,1600000,0,user_34,787,787,
18144,9,1500000,0,user_44,787,787,
18145,10,1500000,0,user_47,787,787,
18108,11,1000000,322000,user_9,787,787,
18137,12,1000000,0,user_37,787,787,
18115,13,910000,0,user_15,787,787,
18107,14,660000,0,user_8,787,787,
18146,15,650000,0,user_49,787,787,
18110,16,470000,0,user_11,787,787,
18128,17,470000,18600,user_29,787,787,
18101,18,420000,35100,user_2,787,787,
18119,19,420000,0,user_16,787,787,
18127,20,420000,0,user_28,787,787,
18124,21,370000,0,user_25,787,787,
18130,22,310000,0,user_29,787,787,
18133,23,300000,0,user_34,787,787,
18105,24,260000,6390,user_7,787,787,
18109,25,220000,283000,user_10,787,787,
18117,26,160000,0,user_16,787,787,
18132,27,160000,0,user_34,787,787,
18121,28,150000,16400,user_20,787,787,
18103,29,130000,381000,user_5,787,787,
18138,30,130000,0,user_39,787,787,
18118,31,120000,7840,user_16,787,787,
18120,32,120000,0,user_17,787,787,
18140,33,120000,0,user_41,787,787,
18142,34,120000,0,user_44,787,787,
18143,35,120000,0,user_44,787,787,
18125,36,110000,0,user_27,787,787,
18102,37,87000,0,user_4,787,787,
18112,38,87000,0,user_12,787,787,
18100,39,79000,100000,user_1,787,787,
18126,40,79000,0,user_27,787,787,
18116,41,73000,0,user_16,787,787,
18129,42,70000,0,user_29,787,787,
18225,,120000,0,user_0,788,,
18226,,420000,33300,user_0,788,,
18227,,150000,350000,user_2,788,,
18228,,670000,0,user_2,788,,
18229,,340000,36800,user_3,788,,
18230,,1700000,23500,user_4,788,,
18231,,160000,108000,user_5,788,,
18232,,2600000,0,user_8,788,,
18233,,2400000,0,user_8,788,,
18234,,170000,0,user_8,788,,
18235,,150000,0,user_10,788,,
18236,,420000,0,user_12,788,,
18237,,470000,100000,user_13,788,,
18238,,460000,0,user_14,788,,
18239,,2100000,0,user_14,788,,
18240,,3500000,0,user_14,788,,
18241,,98000,0,user_14,788,,
18242,,150000,15100,user_14,788,,
18243,,260000,0,user_15,788,,
18244,,1100000,0,user_16,788,,
18245,,3600000,66100,user_17,788,,
18246,,160000,0,user_18,788,,
18247,,4500000,0,user_20,788,,
18248,,170000,32900,user_21,788,,
18249,,1000000,0,user_21,788,,
18250,,220000,350000,user_21,788,,
18251,,5000000,36800,user_21,788,,
18252,,1100000,0,user_22,788,,
18253,,150000,0,user_22,788,,
18254,,470000,0,user_22,788,,
18255,,650000,0,user_22,788,,
18256,,3200000,16400,user_23,788,,
18257,,150000,0,user_23,788,,
18258,,150000,0,user_24,788,,
18259,,82000,0,user_25,788,,
18260,,83000,0,user_27,788,,
18261,,460000,12800,user_28,788,,
18262,,2500000,0,user_29,788,,
18263,,160000,0,user_30,788,,
18264,,1600000,0,user_31,788,,
18265,,220000,0,user_32,788,,
18266,,1700000,0,user_33,788,,
18267,,160000,0,user_33,788,,
18268,,420000,0,user_36,788,,
18269,,190000,0,user_37,788,,
18270,,160000,0,user_39,788,,
18271,,27000000,0,user_40,788,,
18272,,970000,0,user_41,788,,
18273,,260000,0,user_43,788,,
18274,,1700000,0,user_43,788,,
18275,,1500000,0,user_46,788,,
18276,,150000,0,user_47,788,,
18277,,470000,0,user_49,788,,
18278,,1400000,0,user_49,788,,
18271,0,27000000,0,user_40,788,788,
18251,1,5000000,36800,user_21,788,788,
18319,2,0,0,builder_4,788,788,18251
18247,3,4500000,0,user_20,788,788,
18245,4,3600000,66100,user_17,788,788,
18320,5,0,0,builder_4,788,788,18245
18240,6,3500000,0,user_14,788,788,
18256,7,3200000,16400,user_23,788,788,
18321,8,0,0,builder_4,788,788,18256
18232,9,2600000,0,user_8,788,788,
18262,10,2500000,0,user_29,788,788,
18233,11,2400000,0,user_8,788,788,
18239,12,2100000,0,user_14,788,788,
18230,13,1700000,23500,user_4,788,788,
18322,14,0,0,builder_4,788,788,18230
18266,15,1700000,0,user_33,788,788,
18274,16,1700000,0,user_43,788,788,
18264,17,1600000,0,user_31,788,788,
18275,18,1500000,0,user_46,788,788,
18278,19,1400000,0,user_49,788,788,
18244,20,1100000,0,user_16,788,788,
18252,21,1100000,0,user_22,788,788,
18249,22,1000000,0,user_21,788,788,
18272,23,970000,0,user_41,788,788,
18228,24,670000,0,user_2,788,788,
18255,25,650000,0,user_22,788,788,
18323,26,0,0,builder_4,788,788,18237
18237,27,470000,100000,user_13,788,788,
18250,28,220000,350000,user_21,788,788,
18324,29,0,0,builder_4,788,788,18250
18325,30,0,0,builder_4,788,788,18227
18227,31,150000,350000,user_2,788,788,
18261,32,460000,12800,user_28,788,788,
18326,33,0,0,builder_4,788,788,18261
18254,34,470000,0,user_22,788,788,
18277,35,470000,0,user_49,788,788,
18238,36,460000,0,user_14,788,788,
18327,37,0,0,builder_4,788,788,18226
18226,38,420000,33300,user_0,788,788,
18236,39,420000,0,user_12,788,788,
18268,40,420000,0,user_36,788,788,
18328,41,0,0,builder_4,788,788,18229
18229,42,340000,36800,user_3,788,788,
18273,43,260000,0,user_43,788,788,
18265,44,220000,0,user_32,788,788,
18248,45,170000,32900,user_21,788,788,
18329,46,0,0,builder_4,788,788,18248
18269,47,190000,0,user_37,788,788,
18234,48,170000,0,user_8,788,788,
18242,49,150000,15100,user_14,788,788,
18330,50,0,0,builder_4,788,788,18242
18246,51,160000,0,user_18,788,788,
18263,52,160000,0,user_30,788,788,
18267,53,160000,0,user_33,788,788,
18235,54,150000,0,user_10,788,788,
18253,55,150000,0,user_22,788,788,
18257,56,150000,0,user_23,788,788,
18258,57,150000,0,user_24,788,788,
18225,58,120000,0,user_0,788,788,
18241,59,98000,0,user_14,788,788,
18260,60,83000,0,user_27,788,788,
18259,61,82000,0,user_25,788,788,
18372,,530000,0,user_0,789,,
18373,,660000,0,user_0,789,,
18374,,350000,0,user_1,789,,
18375,,130000,0,user_2,789,,
18376,,2600000,0,user_3,789,,
18377,,6300000,0,user_3,789,,
18378,,2000000,0,user_5,789,,
18379,,120000,0,user_6,789,,
18380,,5200000,510000,user_6,789,,
18381,,110000,0,user_7,789,,
18382,,100000,0,user_7,789,,
18383,,3600000,0,user_8,789,,
18384,,2400000,0,user_10,789,,
18385,,120000,0,user_11,789,,
18386,,650000,0,user_12,789,,
18387,,1400000,47700,user_13,789,,
18388,,130000,0,user_14,789,,
18389,,1000000,0,user_18,789,,
18390,,100000,0,user_19,789,,
18391,,260000,84800,user_19,789,,
18392,,110000,0,user_22,789,,
18393,,600000,0,user_22,789,,
18394,,660000,195000,user_23,789,,
18395,,340000,0,user_23,789,,
18396,,120000,0,user_24,789,,
18397,,83000,0,user_24,789,,
18398,,170000,0,user_27,789,,
18399,,310000,510000,user_31,789,,
18400,,120000,0,user_32,789,,
18401,,150000,3130,user_33,789,,
18402,,1500000,0,user_34,789,,
18403,,2400000,0,user_35,789,,
18404,,73000,0,user_35,789,,
18405,,73000,0,user_35,789,,
18406,,660000,0,user_36,789,,
18407,,1500000,0,user_37,789,,
18408,,120000,13800,user_38,789,,
18409,,160000,0,user_38,789,,
18410,,870000,0,user_40,789,,
18411,,420000,0,user_41,789,,
18412,,73000,0,user_41,789,,
18413,,350000,0,user_48,789,,
18414,,970000,7190000,user_48,789,,
18414,0,970000,7190000,user_48,789,789,
18442,1,0,0,builder_4,789,789,18414
18377,2,6300000,0,user_3,789,789,
18380,3,5200000,510000,user_6,789,789,
18443,4,0,0,builder_4,789,789,18380
18383,5,3600000,0,user_8,789,789,
18376,6,2600000,0,user_3,789,789,
18384,7,2400000,0,user_10,789,789,
18403,8,2400000,0,user_35,789,789,
18402,9,1500000,0,user_34,789,789,
18407,10,1500000,0,user_37,789,789,
18387,11,1400000,47700,user_13,789,789,
18444,12,0,0,builder_4,789,789,18387
18389,13,1000000,0,user_18,789,789,
18410,14,870000,0,user_40,789,789,
18394,15,660000,195000,user_23,789,789,
18445,16,0,0,builder_4,789,789,18394
18399,17,310000,510000,user_31,789,789,
18446,18,0,0,builder_4,789,789,18399
18373,19,660000,0,user_0,789,789,
18406,20,660000,0,user_36,789,789,
18386,21,650000,0,user_12,789,789,
18393,22,600000,0,user_22,789,789,
18372,23,530000,0,user_0,789,789,
18411,24,420000,0,user_41,789,789,
18374,25,350000,0,user_1,789,789,
18413,26,350000,0,user_48,789,789,
18447,27,0,0,builder_4,789,789,18391
18391,28,260000,84800,user_19,789,789,
18395,29,340000,0,user_23,789,789,
18398,30,170000,0,user_27,789,789,
18409,31,160000,0,user_38,789,789,
18401,32,150000,3130,user_33,789,789,
18448,33,0,0,builder_4,789,789,18401
18408,34,120000,13800,user_38,789,789,
18449,35,0,0,builder_4,789,789,18408
18375,36,130000,0,user_2,789,789,
18388,37,130000,0,user_14,789,789,
18379,38,120000,0,user_6,789,789,
18385,39,120000,0,user_11,789,789,
18396,40,120000,0,user_24,789,789,
18400,41,120000,0,user_32,789,789,
18392,42,110000,0,user_22,789,789,
18390,43,100000,0,user_19,789,789,
18397,44,83000,0,user_24,789,789,
18404,45,73000,0,user_35,789,789,
18405,46,73000,0,user_35,789,789,
18412,47,73000,0,user_41,789,789,
18473,,310000,0,user_1,790,,
18474,,98000,0,user_1,790,,
18475,,1000000,0,user_3,790,,
18476,,79000,0,user_6,790,,
18477,,870000,0,user_7,790,,
18478,,160000,35100,user_8,790,,
18479,,220000,0,user_9,790,,
18480,,350000,0,user_11,790,,
18481,,3200000,7840,user_12,790,,
18482,,85000,15300,user_14,790,,
18483,,1600000,71800,user_18,790,,
18484,,2600000,0,user_19,790,,
18485,,2000000,0,user_21,790,,
18486,,1500000,0,user_22,790,,
18487,,5000000,0,user_22,790,,
18488,,83000,0,user_23,790,,
18489,,150000,0,user_25,790,,
18490,,340000,0,user_25,790,,
18491,,260000,0,user_26,790,,
18492,,1400000,0,user_26,790,,
18493,,1500000,0,user_27,790,,
18494,,1100000,0,user_27,790,,
18495,,420000,0,user_28,790,,
18496,,1100000,0,user_29,790,,
18497,,150000,0,user_30,790,,
18498,,1100000,0,user_31,790,,
18499,,1500000,0,user_31,790,,
18500,,87000,0,user_32,790,,
18501,,130000,0,user_33,790,,
18502,,240000,0,user_34,790,,
18503,,150000,0,user_34,790,,
18504,,87000,36800,user_35,790,,
18505,,150000,67900,user_36,790,,
18506,,2400000,0,user_36,790,,
18507,,27000000,0,user_37,790,,
18508,,110000,0,user_38,790,,
18509,,2100000,67900,user_39,790,,
18510,,2500000,350000,user_39,790,,
18511,,5200000,0,user_40,790,,
18512,,150000,0,user_41,790,,
18513,,1200000,0,user_41,790,,
18514,,3200000,0,user_42,790,,
18515,,150000,0,user_42,790,,
18516,,460000,0,user_44,790,,
18517,,2000000,7840,user_46,790,,
18518,,1100000,3130,user_48,790,,
18519,,4200000,0,user_48,790,,
18507,0,27000000,0,user_37,790,790,
18511,1,5200000,0,user_40,790,790,
18487,2,5000000,0,user_22,790,790,
18519,3,4200000,0,user_48,790,790,
18481,4,3200000,7840,user_12,790,790,
18514,5,3200000,0,user_42,790,790,
18484,6,2600000,0,user_19,790,790,
18510,7,2500000,350000,user_39,790,790,
18506,8,2400000,0,user_36,790,790,
18509,9,2100000,67900,user_39,790,790,
18485,10,2000000,0,user_21,790,790,
18483,11,1600000,71800,user_18,790,790,
18486,12,1500000,0,user_22,790,790,
18493,13,1500000,0,user_27,790,790,
18499,14,1500000,0,user_31,790,790,
18492,15,1400000,0,user_26,790,790,
18494,16,1100000,0,user_27,790,790,
18496,17,1100000,0,user_29,790,790,
18498,18,1100000,0,user_31,790,790,
18518,19,1100000,3130,user_48,790,790,
18475,20,1000000,0,user_3,790,790,
18477,21,870000,0,user_7,790,790,
18516,22,460000,0,user_44,790,790,
18495,23,420000,0,user_28,790,790,
18490,24,340000,0,user_25,790,790,
18473,25,310000,0,user_1,790,790,
18491,26,260000,0,user_26,790,790,
18502,27,240000,0,user_34,790,790,
18479,28,220000,0,user_9,790,790,
18478,29,160000,35100,user_8,790,790,
18489,30,150000,0,user_25,790,790,
18497,31,150000,0,user_30,790,790,
18503,32,150000,0,user_34,790,790,
18505,33,150000,67900,user_36,790,790,
18515,34,150000,0,user_42,790,790,
18501,35,130000,0,user_33,790,790,
18508,36,110000,0,user_38,790,790,
18474,37,98000,0,user_1,790,790,
18482,38,85000,15300,user_14,790,790,
18488,39,83000,0,user_23,790,790,
18476,40,79000,0,user_6,790,790,
18590,,2000000,68100,user_1,791,,
18591,,150000,0,user_2,791,,
18592,,2100000,0,user_3,791,,
18593,,1800000,0,user_5,791,,
18594,,120000,19700,user_6,791,,
18595,,80000,0,user_7,791,,
18596,,220000,0,user_7,791,,
18597,,83000,0,user_8,791,,
18598,,1200000,0,user_10,791,,
18599,,370000,0,user_11,791,,
18600,,2000000,0,user_14,791,,
18601,,5000000,0,user_15,791,,
18602,,2000000,0,user_15,791,,
18603,,870000,0,user_16,791,,
18604,,30000000,0,user_17,791,,
18605,,98000,0,user_18,791,,
18606,,27000000,4320000,user_19,791,,
18607,,120000,0,user_21,791,,
18608,,19000000,0,user_21,791,,
18609,,6100000,0,user_24,791,,
18610,,1400000,0,user_25,791,,
18611,,340000,0,user_26,791,,
18612,,630000,0,user_26,791,,
18613,,160000,0,user_27,791,,
18614,,4200000,0,user_27,791,,
18615,,310000,0,user_27,791,,
18616,,320000,128000,user_28,791,,
18617,,170000,0,user_29,791,,
18618,,130000,0,user_29,791,,
18619,,150000,0,user_29,791,,
18620,,1200000,0,user_30,791,,
18621,,150000,0,user_30,791,,
18622,,160000,0,user_32,791,,
18623,,350000,0,user_33,791,,
18624,,670000,0,user_33,791,,
18625,,1300000,0,user_33,791,,
18626,,660000,0,user_33,791,,
18627,,2100000,0,user_33,791,,
18628,,170000,0,user_36,791,,
18629,,170000,0,user_36,791,,
18630,,84000,0,user_38,791,,
18631,,110000,35600,user_39,791,,
18632,,2100000,0,user_40,791,,
18633,,320000,0,user_40,791,,
18634,,160000,0,user_42,791,,
18635,,460000,0,user_44,791,,
18636,,27000000,121000,user_44,791,,
18637,,73000,18600,user_45,791,,
18638,,100000,0,user_45,791,,
18639,,1900000,0,user_46,791,,
18640,,910000,0,user_49,791,,
18604,0,30000000,0,user_17,791,791,
18606,1,27000000,4320000,user_19,791,791,
18636,2,27000000,121000,user_44,791,791,
18608,3,19000000,0,user_21,791,791,
18609,4,6100000,0,user_24,791,791,
18601,5,5000000,0,user_15,791,791,
18614,6,4200000,0,user_27,791,791,
18592,7,2100000,0,user_3,791,791,
18627,8,2100000,0,user_33,791,791,
18632,9,2100000,0,user_40,791,791,
18600,10,2000000,0,user_14,791,791,
18602,11,2000000,0,user_15,791,791,
18639,12,1900000,0,user_46,791,791,
18593,13,1800000,0,user_5,791,791,
18610,14,1400000,0,user_25,791,791,
18625,15,1300000,0,user_33,791,791,
18598,16,1200000,0,user_10,791,791,
18620,17,1200000,0,user_30,791,791,
18640,18,910000,0,user_49,791,791,
18603,19,870000,0,user_16,791,791,
18624,20,670000,0,user_33,791,791,
18626,21,660000,0,user_33,791,791,
18635,22,460000,0,user_44,791,791,
18599,23,370000,0,user_11,791,791,
18623,24,350000,0,user_33,791,791,
18633,25,320000,0,user_40,791,791,
18615,26,310000,0,user_27,791,791,
18596,27,220000,0,user_7,791,791,
18617,28,170000,0,user_29,791,791,
18628,29,170000,0,user_36,791,791,
18629,30,170000,0,user_36,791,791,
18613,31,160000,0,user_27,791,791,
18622,32,160000,0,user_32,791,791,
18634,33,160000,0,user_42,791,791,
18591,34,150000,0,user_2,791,791,
18619,35,150000,0,user_29,791,791,
18621,36,150000,0,user_30,791,791,
18618,37,130000,0,user_29,791,791,
18594,38,120000,19700,user_6,791,791,
18607,39,120000,0,user_21,791,791,
18638,40,100000,0,user_45,791,791,
18605,41,98000,0,user_18,791,791,
18630,42,84000,0,user_38,791,791,
18597,43,83000,0,user_8,791,791,
18595,44,80000,0,user_7,791,791,
18637,45,73000,18600,user_45,791,791,
13925,,460000,0,user_0,792,,
13926,,1200000,283000,user_0,792,,
13927,,6300000,0,user_2,792,,
13928,,910000,0,user_3,792,,
13929,,460000,0,user_4,792,,
13930,,530000,0,user_5,792,,
13931,,5000000,0,user_6,792,,
13932,,600000,0,user_7,792,,
13933,,120000,0,user_7,792,,
13934,,320000,0,user_8,792,,
13935,,1300000,0,user_8,792,,
13936,,2300000,0,user_8,792,,
13937,,2600000,11200,user_8,792,,
13938,,1200000,4320000,user_10,792,,
13939,,220000,84800,user_13,792,,
13940,,80000,0,user_14,792,,
13941,,370000,17000,user_14,792,,
13942,,120000,0,user_15,792,,
13943,,460000,0,user_16,792,,
13944,,2000000,0,user_18,792,,
13945,,1100000,0,user_19,792,,
13946,,1000000,0,user_22,792,,
13947,,260000,3130,user_22,792,,
13948,,650000,0,user_23,792,,
13949,,73000,256000,user_24,792,,
13950,,130000,0,user_24,792,,
13951,,4200000,0,user_24,792,,
13952,,110000,0,user_24,792,,
13953,,350000,15300,user_25,792,,
13954,,100000,0,user_26,792,,
13955,,1000000,0,user_26,792,,
13956,,420000,0,user_28,792,,
13957,,170000,36800,user_29,792,,
13958,,27000000,0,user_30,792,,
13959,,77000,0,user_31,792,,
13960,,1000000,0,user_33,792,,
13961,,5000000,30200,user_34,792,,
13962,,150000,0,user_35,792,,
13963,,530000,0,user_35,792,,
13964,,110000,0,user_36,792,,
13965,,120000,0,user_36,792,,
13966,,910000,33300,user_37,792,,
13967,,73000,0,user_37,792,,
13968,,2300000,21800,user_38,792,,
13969,,110000,73100,user_38,792,,
13970,,360000,0,user_38,792,,
13971,,240000,0,user_38,792,,
13972,,110000,13900,user_39,792,,
13973,,220000,0,user_39,792,,
13974,,6100000,0,user_40,792,,
13975,,4500000,0,user_41,792,,
13976,,870000,0,user_43,792,,
13977,,160000,0,user_43,792,,
13978,,6300000,0,user_43,792,,
13979,,150000,35600,user_46,792,,
13980,,1800000,34700,user_48,792,,
13981,,150000,35600,user_49,792,,
13958,0,27000000,0,user_30,792,792,
13927,1,6300000,0,user_2,792,792,
13978,2,6300000,0,user_43,792,792,
13974,3,6100000,0,user_40,792,792,
14040,4,0,0,builder_4,792,792,13938
13938,5,1200000,4320000,user_10,792,792,
14041,6,0,0,builder_4,792,792,13961
13961,7,5000000,30200,user_34,792,792,
13931,8,5000000,0,user_6,792,792,
13975,9,4500000,0,user_41,792,792,
13951,10,4200000,0,user_24,792,792,
14042,11,0,0,builder_4,792,792,13937
13937,12,2600000,11200,user_8,792,792,
14043,13,0,0,builder_4,792,792,13968
13968,14,2300000,21800,user_38,792,792,
13936,15,2300000,0,user_8,792,792,
13944,16,2000000,0,user_18,792,792,
14044,17,0,0,builder_4,792,792,13980
13980,18,1800000,34700,user_48,792,792,
13926,19,1200000,283000,user_0,792,792,
14045,20,0,0,builder_4,792,792,13926
13935,21,1300000,0,user_8,792,792,
13945,22,1100000,0,user_19,792,792,
13946,23,1000000,0,user_22,792,792,
13955,24,1000000,0,user_26,792,792,
13960,25,1000000,0,user_33,792,792,
14046,26,0,0,builder_4,792,792,13966
13966,27,910000,33300,user_37,792,792,
13928,28,910000,0,user_3,792,792,
13976,29,870000,0,user_43,792,792,
13948,30,650000,0,user_23,792,792,
13963,31,530000,0,user_35,792,792,
13925,32,460000,0,user_0,792,792,
13929,33,460000,0,user_4,792,792,
13943,34,460000,0,user_16,792,792,
13956,35,420000,0,user_28,792,792,
14047,36,0,0,builder_4,792,792,13941
13941,37,370000,17000,user_14,792,792,
13953,38,350000,15300,user_25,792,792,
14048,39,0,0,builder_4,792,792,13953
13970,40,360000,0,user_38,792,792,
14049,41,0,0,builder_4,792,792,13949
13949,42,73000,256000,user_24,792,792,
13934,43,320000,0,user_8,792,792,
14050,44,0,0,builder_4,792,792,13939
13939,45,220000,84800,user_13,792,792,
13947,46,260000,3130,user_22,792,792,
14051,47,0,0,builder_4,792,792,13947
13971,48,240000,0,user_38,792,792,
13957,49,170000,36800,user_29,792,792,
14052,50,0,0,builder_4,792,792,13957
13979,51,150000,35600,user_46,792,792,
14053,52,0,0,builder_4,792,792,13979
14054,53,0,0,builder_4,792,792,13981
13981,54,150000,35600,user_49,792,792,
13969,55,110000,73100,user_38,792,792,
14055,56,0,0,builder_4,792,792,13969
13977,57,160000,0,user_43,792,792,
13962,58,150000,0,user_35,792,792,
13950,59,130000,0,user_24,792,792,
13965,60,120000,0,user_36,792,792,
13952,61,110000,0,user_24,792,792,
13964,62,110000,0,user_36,792,792,
13954,63,100000,0,user_26,792,792,
13940,64,80000,0,user_14,792,792,
13959,65,77000,0,user_31,792,792,
13967,66,73000,0,user_37,792,792,
14108,,4200000,0,user_0,793,,
14109,,1500000,0,user_0,793,,
14110,,470000,0,user_1,793,,
14111,,300000,0,user_1,793,,
14112,,970000,0,user_2,793,,
14113,,1700000,0,user_3,793,,
14114,,77000,15700,user_4,793,,
14115,,3500000,0,user_5,793,,
14116,,670000,155000,user_6,793,,
14117,,3500000,0,user_7,793,,
14118,,1300000,959000,user_7,793,,
14119,,87000,0,user_8,793,,
14120,,3500000,0,user_9,793,,
14121,,30000000,769000,user_11,793,,
14122,,3200000,0,user_15,793,,
14123,,150000,285000,user_16,793,,
14124,,73000,0,user_18,793,,
14125,,1300000,0,user_21,793,,
14126,,1400000,0,user_22,793,,
14127,,82000,0,user_23,793,,
14128,,1100000,3130,user_24,793,,
14129,,2100000,19700,user_26,793,,
14130,,73000,0,user_27,793,,
14131,,350000,0,user_30,793,,
14132,,150000,0,user_31,793,,
14133,,370000,73100,user_34,793,,
14134,,110000,0,user_36,793,,
14135,,1600000,0,user_36,793,,
14136,,1500000,195000,user_39,793,,
14137,,83000,5630,user_40,793,,
14138,,1700000,0,user_41,793,,
14139,,310000,0,user_42,793,,
14140,,83000,779000,user_42,793,,
14141,,160000,0,user_42,793,,
14142,,220000,15100,user_42,793,,
14143,,1100000,0,user_42,793,,
14144,,27000000,0,user_43,793,,
14145,,83000,0,user_44,793,,
14146,,1700000,0,user_44,793,,
14147,,82000,0,user_44,793,,
14148,,2300000,24700,user_44,793,,
14149,,5000000,60700,user_44,793,,
14150,,630000,0,user_45,793,,
14151,,2000000,0,user_46,793,,
14152,,1000000,0,user_47,793,,
14153,,1900000,0,user_49,793,,
14121,0,30000000,769000,user_11,793,793,
14144,1,27000000,0,user_43,793,793,
14149,2,5000000,60700,user_44,793,793,
14108,3,4200000,0,user_0,793,793,
14115,4,3500000,0,user_5,793,793,
14117,5,3500000,0,user_7,793,793,
14120,6,3500000,0,user_9,793,793,
14122,7,3200000,0,user_15,793,793,
14148,8,2300000,24700,user_44,793,793,
14151,9,2000000,0,user_46,793,793,
14153,10,1900000,0,user_49,793,793,
14113,11,1700000,0,user_3,793,793,
14138,12,1700000,0,user_41,793,793,
14146,13,1700000,0,user_44,793,793,
14135,14,1600000,0,user_36,793,793,
14109,15,1500000,0,user_0,793,793,
14126,16,1400000,0,user_22,793,793,
14118,17,1300000,959000,user_7,793,793,
14125,18,1300000,0,user_21,793,793,
14128,19,1100000,3130,user_24,793,793,
14143,20,1100000,0,user_42,793,793,
14152,21,1000000,0,user_47,793,793,
14112,22,970000,0,user_2,793,793,
14116,23,670000,155000,user_6,793,793,
14150,24,630000,0,user_45,793,793,
14133,25,370000,73100,user_34,793,793,
14131,26,350000,0,user_30,793,793,
14139,27,310000,0,user_42,793,793,
14142,28,220000,15100,user_42,793,793,
14141,29,160000,0,user_42,793,793,
14123,30,150000,285000,user_16,793,793,
14132,31,150000,0,user_31,793,793,
14134,32,110000,0,user_36,793,793,
14119,33,87000,0,user_8,793,793,
14137,34,83000,5630,user_40,793,793,
14140,35,83000,779000,user_42,793,793,
14145,36,83000,0,user_44,793,793,
14127,37,82000,0,user_23,793,793,
14147,38,82000,0,user_44,793,793,
14124,39,73000,0,user_18,793,793,
14130,40,73000,0,user_27,793,793,
14246,,630000,7840,user_0,794,,
14247,,150000,108000,user_1,794,,
14248,,160000,66100,user_3,794,,
14249,,220000,0,user_5,794,,
14250,,1000000,0,user_6,794,,
14251,,2100000,0,user_6,794,,
14252,,260000,67500,user_8,794,,
14253,,120000,31700,user_9,794,,
14254,,3600000,23500,user_10,794,,
14255,,1200000,0,user_11,794,,
14256,,260000,128000,user_11,794,,
14257,,120000,0,user_11,794,,
14258,,5000000,0,user_11,794,,
14259,,27000000,0,user_11,794,,
14260,,130000,0,user_12,794,,
14261,,240000,0,user_12,794,,
14262,,320000,0,user_14,794,,
14263,,1500000,0,user_19,794,,
14264,,1500000,12800,user_20,794,,
14265,,1300000,3130,user_21,794,,
14266,,83000,0,user_22,794,,
14267,,310000,0,user_23,794,,
14268,,120000,0,user_25,794,,
14269,,260000,64600,user_27,794,,
14270,,110000,33300,user_27,794,,
14271,,350000,322000,user_28,794,,
14272,,370000,12300,user_28,794,,
14273,,6100000,0,user_29,794,,
14274,,100000,0,user_29,794,,
14275,,2100000,0,user_30,794,,
14276,,150000,0,user_33,794,,
14277,,120000,0,user_34,794,,
14278,,1800000,43600,user_34,794,,
14279,,1400000,0,user_35,794,,
14280,,2000000,0,user_36,794,,
14281,,1900000,0,user_37,794,,
14282,,340000,0,user_39,794,,
14283,,1100000,164000,user_39,794,,
14284,,1500000,0,user_40,794,,
14285,,1000000,0,user_40,794,,
14286,,970000,0,user_40,794,,
14287,,73000,10700,user_40,794,,
14288,,2000000,0,user_41,794,,
14289,,84000,0,user_42,794,,
14290,,160000,0,user_42,794,,
14291,,1200000,0,user_42,794,,
14292,,110000,0,user_43,794,,
14293,,85000,0,user_44,794,,
14294,,970000,0,user_47,794,,
14295,,27000000,0,user_47,794,,
14296,,150000,0,user_48,794,,
14297,,6100000,0,user_48,794,,
14298,,100000,0,user_49,794,,
14299,,260000,35600,user_49,794,,
14259,0,27000000,0,user_11,794,794,
14295,1,27000000,0,user_47,794,794,
14273,2,6100000,0,user_29,794,794,
14297,3,6100000,0,user_48,794,794,
14258,4,5000000,0,user_11,794,794,
14254,5,3600000,23500,user_10,794,794,
14300,6,0,0,builder_0,794,794,14254
14251,7,2100000,0,user_6,794,794,
14275,8,2100000,0,user_30,794,794,
14280,9,2000000,0,user_36,794,794,
14288,10,2000000,0,user_41,794,794,
14281,11,1900000,0,user_37,794,794,
14301,12,0,0,builder_0,794,794,14264
14264,13,1500000,12800,user_20,794,794,
14263,14,1500000,0,user_19,794,794,
14284,15,1500000,0,user_40,794,794,
14279,16,1400000,0,user_35,794,794,
14302,17,0,0,builder_0,794,794,14265
14265,18,1300000,3130,user_21,794,794,
14255,19,1200000,0,user_11,794,794,
14291,20,1200000,0,user_42,794,794,
14250,21,1000000,0,user_6,794,794,
14285,22,1000000,0,user_40,794,794,
14286,23,970000,0,user_40,794,794,
14294,24,970000,0,user_47,794,794,
14271,25,350000,322000,user_28,794,794,
14303,26,0,0,builder_0,794,794,14271
14304,27,0,0,builder_0,794,794,14246
14246,28,630000,7840,user_0,794,794,
14256,29,260000,128000,user_11,794,794,
14305,30,0,0,builder_0,794,794,14256
14306,31,0,0,builder_0,794,794,14272
14272,32,370000,12300,user_28,794,794,
14252,33,260000,67500,user_8,794,794,
14307,34,0,0,builder_0,794,794,14252
14269,35,260000,64600,user_27,794,794,
14308,36,0,0,builder_0,794,794,14269
14262,37,320000,0,user_14,794,794,
14267,38,310000,0,user_23,794,794,
14309,39,0,0,builder_0,794,794,14299
14299,40,260000,35600,user_49,794,794,
14247,41,150000,108000,user_1,794,794,
14310,42,0,0,builder_0,794,794,14247
14311,43,0,0,builder_0,794,794,14248
14248,44,160000,66100,user_3,794,794,
14290,45,160000,0,user_42,794,794,
14312,46,0,0,builder_0,794,794,14253
14253,47,120000,31700,user_9,794,794,
14276,48,150000,0,user_33,794,794,
14296,49,150000,0,user_48,794,794,
14270,50,110000,33300,user_27,794,794,
14313,51,0,0,builder_0,794,794,14270
14257,52,120000,0,user_11,794,794,
14268,53,120000,0,user_25,794,794,
14292,54,110000,0,user_43,794,794,
14274,55,100000,0,user_29,794,794,
14298,56,100000,0,user_49,794,794,
14293,57,85000,0,user_44,794,794,
14289,58,84000,0,user_42,794,794,
14287,59,73000,10700,user_40,794,794,
14314,60,0,0,builder_0,794,794,14287
14266,61,83000,0,user_22,794,794,
14423,,630000,5630,user_0,795,,
14424,,130000,0,user_1,795,,
14425,,170000,31700,user_2,795,,
14426,,310000,0,user_5,795,,
14427,,82000,0,user_5,795,,
14428,,260000,21800,user_6,795,,
14429,,660000,0,user_7,795,,
14430,,420000,0,user_8,795,,
14431,,84000,0,user_8,795,,
14432,,73000,0,user_9,795,,
14433,,1700000,0,user_9,795,,
14434,,3200000,0,user_11,795,,
14435,,110000,0,user_13,795,,
14436,,150000,0,user_13,795,,
14437,,1000000,0,user_14,795,,
14438,,27000000,161000,user_15,795,,
14439,,650000,0,user_16,795,,
14440,,120000,0,user_17,795,,
14441,,630000,0,user_19,795,,
14442,,83000,0,user_20,795,,
14443,,77000,0,user_21,795,,
14444,,83000,0,user_21,795,,
14445,,150000,0,user_25,795,,
14446,,350000,13900,user_26,795,,
14447,,150000,64600,user_26,795,,
14448,,320000,19700,user_27,795,,
14449,,360000,0,user_28,795,,
14450,,190000,24700,user_29,795,,
14451,,2000000,0,user_30,795,,
14452,,310000,0,user_31,795,,
14453,,870000,0,user_32,795,,
14454,,100000,16400,user_33,795,,
14455,,120000,0,user_34,795,,
14456,,1100000,0,user_35,795,,
14457,,4200000,0,user_35,795,,
14458,,1400000,0,user_35,795,,
14459,,120000,0,user_35,795,,
14460,,650000,0,user_36,795,,
14461,,1100000,381000,user_37,795,,
14462,,110000,121000,user_37,795,,
14463,,5200000,0,user_38,795,,
14464,,6300000,0,user_42,795,,
14465,,420000,75000,user_43,795,,
14466,,1800000,0,user_44,795,,
14467,,43000000,13800,user_46,795,,
14468,,1600000,71800,user_47,795,,
14469,,2000000,10700,user_48,795,,
14470,,79000,0,user_48,795,,
14471,,19000000,0,user_49,795,,
14467,0,43000000,13800,user_46,795,795,
14438,1,27000000,161000,user_15,795,795,
14471,2,19000000,0,user_49,795,795,
14464,3,6300000,0,user_42,795,795,
14463,4,5200000,0,user_38,795,795,
14457,5,4200000,0,user_35,795,795,
14434,6,3200000,0,user_11,795,795,
14451,7,2000000,0,user_30,795,795,
14469,8,2000000,10700,user_48,795,795,
14466,9,1800000,0,user_44,795,795,
14433,10,1700000,0,user_9,795,795,
14468,11,1600000,71800,user_47,795,795,
14458,12,1400000,0,user_35,795,795,
14456,13,1100000,0,user_35,795,795,
14437,14,1000000,0,user_14,795,795,
14453,15,870000,0,user_32,795,795,
14429,16,660000,0,user_7,795,795,
14439,17,650000,0,user_16,795,795,
14460,18,650000,0,user_36,795,795,
14423,19,630000,5630,user_0,795,795,
14441,20,630000,0,user_19,795,795,
14430,21,420000,0,user_8,795,795,
14465,22,420000,75000,user_43,795,795,
14448,23,320000,19700,user_27,795,795,
14426,24,310000,0,user_5,795,795,
14452,25,310000,0,user_31,795,795,
14428,26,260000,21800,user_6,795,795,
14450,27,190000,24700,user_29,795,795,
14425,28,170000,31700,user_2,795,795,
14436,29,150000,0,user_13,795,795,
14445,30,150000,0,user_25,795,795,
14440,31,120000,0,user_17,795,795,
14455,32,120000,0,user_34,795,795,
14459,33,120000,0,user_35,795,795,
14435,34,110000,0,user_13,795,795,
14454,35,100000,16400,user_33,795,795,
14431,36,84000,0,user_8,795,795,
14442,37,83000,0,user_20,795,795,
14444,38,83000,0,user_21,795,795,
14427,39,82000,0,user_5,795,795,
14470,40,79000,0,user_48,795,795,
14443,41,77000,0,user_21,795,795,
14432,42,73000,0,user_9,795,795,
14578,,360000,0,user_0,796,,
14579,,80000,16400,user_1,796,,
14580,,110000,0,user_2,796,,
14581,,1000000,0,user_2,796,,
14582,,120000,15700,user_3,796,,
14583,,220000,0,user_4,796,,
14584,,110000,0,user_5,796,,
14585,,220000,32900,user_6,796,,
14586,,110000,0,user_6,796,,
14587,,110000,0,user_7,796,,
14588,,870000,0,user_8,796,,
14589,,220000,0,user_9,796,,
14590,,2600000,0,user_11,796,,
14591,,1000000,0,user_11,796,,
14592,,160000,0,user_12,796,,
14593,,2500000,0,user_12,796,,
14594,,73000,0,user_12,796,,
14595,,1700000,0,user_12,796,,
14596,,77000,0,user_12,796,,
14597,,2600000,24700,user_13,796,,
14598,,1900000,0,user_13,796,,
14599,,1500000,231000,user_14,796,,
14600,,350000,0,user_16,796,,
14601,,650000,0,user_18,796,,
14602,,350000,0,user_18,796,,
14603,,160000,0,user_20,796,,
14604,,1500000,0,user_21,796,,
14605,,160000,0,user_21,796,,
14606,,170000,0,user_21,796,,
14607,,30000000,0,user_22,796,,
14608,,320000,0,user_24,796,,
14609,,2000000,283000,user_24,796,,
14610,,1900000,0,user_25,796,,
14611,,870000,0,user_25,796,,
14612,,110000,0,user_28,796,,
14613,,79000,0,user_29,796,,
14614,,1500000,0,user_30,796,,
14615,,360000,0,user_31,796,,
14616,,43000000,0,user_32,796,,
14617,,2600000,231000,user_32,796,,
14618,,300000,71800,user_33,796,,
14619,,870000,0,user_33,796,,
14620,,2500000,0,user_34,796,,
14621,,370000,0,user_35,796,,
14622,,4500000,0,user_35,796,,
14623,,5200000,0,user_40,796,,
14624,,1300000,0,user_41,796,,
14625,,320000,959000,user_43,796,,
14626,,4500000,56200,user_44,796,,
14627,,360000,0,user_45,796,,
14628,,1600000,0,user_46,796,,
14629,,2300000,14200,user_47,796,,
14630,,4200000,19700,user_48,796,,
14631,,1100000,0,user_49,796,,
14616,0,43000000,0,user_32,796,796,
14607,1,30000000,0,user_22,796,796,
14623,2,5200000,0,user_40,796,796,
14669,3,0,0,builder_4,796,796,14626
14626,4,4500000,56200,user_44,796,796,
14622,5,4500000,0,user_35,796,796,
14630,6,4200000,19700,user_48,796,796,
14670,7,0,0,builder_4,796,796,14630
14617,8,2600000,231000,user_32,796,796,
14671,9,0,0,builder_4,796,796,14617
14597,10,2600000,24700,user_13,796,796,
14672,11,0,0,builder_4,796,796,14597
14590,12,2600000,0,user_11,796,796,
14593,13,2500000,0,user_12,796,796,
14620,14,2500000,0,user_34,796,796,
14673,15,0,0,builder_4,796,796,14609
14609,16,2000000,283000,user_24,796,796,
14598,17,1900000,0,user_13,796,796,
14610,18,1900000,0,user_25,796,796,
14599,19,1500000,231000,user_14,796,796,
14674,20,0,0,builder_4,796,796,14599
14595,21,1700000,0,user_12,796,796,
14628,22,1600000,0,user_46,796,796,
14604,23,1500000,0,user_21,796,796,
14614,24,1500000,0,user_30,796,796,
14624,25,1300000,0,user_41,796,796,
14675,26,0,0,builder_4,796,796,14625
14625,27,320000,959000,user_43,796,796,
14631,28,1100000,0,user_49,796,796,
14581,29,1000000,0,user_2,796,796,
14591,30,1000000,0,user_11,796,796,
14588,31,870000,0,user_8,796,796,
14611,32,870000,0,user_25,796,796,
14619,33,870000,0,user_33,796,796,
14601,34,650000,0,user_18,796,796,
14618,35,300000,71800,user_33,796,796,
14676,36,0,0,builder_4,796,796,14618
14621,37,370000,0,user_35,796,796,
14578,38,360000,0,user_0,796,796,
14615,39,360000,0,user_31,796,796,
14627,40,360000,0,user_45,796,796,
14600,41,350000,0,user_16,796,796,
14602,42,350000,0,user_18,796,796,
14608,43,320000,0,user_24,796,796,
14677,44,0,0,builder_4,796,796,14585
14585,45,220000,32900,user_6,796,796,
14583,46,220000,0,user_4,796,796,
14589,47,220000,0,user_9,796,796,
14606,48,170000,0,user_21,796,796,
14592,49,160000,0,user_12,796,796,
14603,50,160000,0,user_20,796,796,
14605,51,160000,0,user_21,796,796,
14678,52,0,0,builder_4,796,796,14582
14582,53,120000,15700,user_3,796,796,
14580,54,110000,0,user_2,796,796,
14586,55,110000,0,user_6,796,796,
14612,56,110000,0,user_28,796,796,
14579,57,80000,16400,user_1,796,796,
14679,58,0,0,builder_4,796,796,14579
14613,59,79000,0,user_29,796,796,
14596,60,77000,0,user_12,796,796,
14594,61,73000,0,user_12,796,796,
14714,,160000,0,user_1,797,,
14715,,130000,0,user_3,797,,
14716,,600000,0,user_5,797,,
14717,,970000,7190000,user_7,797,,
14718,,83000,0,user_9,797,,
14719,,3200000,0,user_10,797,,
14720,,4200000,128000,user_11,797,,
14721,,2400000,0,user_12,797,,
14722,,1400000,0,user_14,797,,
14723,,85000,0,user_16,797,,
14724,,530000,0,user_17,797,,
14725,,120000,0,user_18,797,,
14726,,170000,0,user_18,797,,
14727,,910000,17000,user_19,797,,
14728,,170000,369000,user_20,797,,
14729,,70000,0,user_20,797,,
14730,,1000000,0,user_21,797,,
14731,,160000,0,user_22,797,,
14732,,120000,0,user_23,797,,
14733,,120000,0,user_23,797,,
14734,,2400000,0,user_23,797,,
14735,,80000,0,user_23,797,,
14736,,100000,21800,user_23,797,,
14737,,240000,0,user_24,797,,
14738,,910000,0,user_25,797,,
14739,,1700000,139000,user_25,797,,
14740,,670000,0,user_26,797,,
14741,,1600000,0,user_27,797,,
14742,,79000,0,user_28,797,,
14743,,3600000,0,user_28,797,,
14744,,1300000,0,user_29,797,,
14745,,310000,0,user_31,797,,
14746,,82000,15700,user_31,797,,
14747,,310000,0,user_32,797,,
14748,,1900000,0,user_32,797,,
14749,,1000000,7190000,user_32,797,,
14750,,1400000,0,user_32,797,,
14751,,1600000,67500,user_32,797,,
14752,,220000,121000,user_33,797,,
14753,,87000,47700,user_36,797,,
14754,,170000,0,user_36,797,,
14755,,43000000,0,user_37,797,,
14756,,150000,0,user_38,797,,
14757,,100000,0,user_40,797,,
14758,,260000,0,user_41,797,,
14759,,1900000,0,user_41,797,,
14760,,2000000,256000,user_42,797,,
14761,,27000000,0,user_43,797,,
14762,,5200000,0,user_44,797,,
14763,,220000,0,user_45,797,,
14764,,310000,0,user_46,797,,
14765,,27000000,769000,user_47,797,,
14766,,420000,100000,user_48,797,,
14755,0,43000000,0,user_37,797,797,
14765,1,27000000,769000,user_47,797,797,
14767,2,0,0,builder_0,797,797,14765
14761,3,27000000,0,user_43,797,797,
14749,4,1000000,7190000,user_32,797,797,
14768,5,0,0,builder_0,797,797,14749
14769,6,0,0,builder_0,797,797,14717
14717,7,970000,7190000,user_7,797,797,
14762,8,5200000,0,user_44,797,797,
14720,9,4200000,128000,user_11,797,797,
14770,10,0,0,builder_0,797,797,14720
14743,11,3600000,0,user_28,797,797,
14719,12,3200000,0,user_10,797,797,
14734,13,2400000,0,user_23,797,797,
14760,14,2000000,256000,user_42,797,797,
14771,15,0,0,builder_0,797,797,14760
14748,16,1900000,0,user_32,797,797,
14759,17,1900000,0,user_41,797,797,
14772,18,0,0,builder_0,797,797,14739
14739,19,1700000,139000,user_25,797,797,
14773,20,0,0,builder_0,797,797,14751
14751,21,1600000,67500,user_32,797,797,
14741,22,1600000,0,user_27,797,797,
14722,23,1400000,0,user_14,797,797,
14750,24,1400000,0,user_32,797,797,
14744,25,1300000,0,user_29,797,797,
14730,26,1000000,0,user_21,797,797,
14727,27,910000,17000,user_19,797,797,
14774,28,0,0,builder_0,797,797,14727
14738,29,910000,0,user_25,797,797,
14740,30,670000,0,user_26,797,797,
14728,31,170000,369000,user_20,797,797,
14775,32,0,0,builder_0,797,797,14728
14724,33,530000,0,user_17,797,797,
14776,34,0,0,builder_0,797,797,14766
14766,35,420000,100000,user_48,797,797,
14752,36,220000,121000,user_33,797,797,
14777,37,0,0,builder_0,797,797,14752
14745,38,310000,0,user_31,797,797,
14747,39,310000,0,user_32,797,797,
14764,40,310000,0,user_46,797,797,
14758,41,260000,0,user_41,797,797,
14726,42,170000,0,user_18,797,797,
14754,43,170000,0,user_36,797,797,
14714,44,160000,0,user_1,797,797,
14731,45,160000,0,user_22,797,797,
14756,46,150000,0,user_38,797,797,
14778,47,0,0,builder_0,797,797,14753
14753,48,87000,47700,user_36,797,797,
14715,49,130000,0,user_3,797,797,
14736,50,100000,21800,user_23,797,797,
14779,51,0,0,builder_0,797,797,14736
14725,52,120000,0,user_18,797,797,
14732,53,120000,0,user_23,797,797,
14733,54,120000,0,user_23,797,797,
14757,55,100000,0,user_40,797,797,
14746,56,82000,15700,user_31,797,797,
14780,57,0,0,builder_0,797,797,14746
14723,58,85000,0,user_16,797,797,
14718,59,83000,0,user_9,797,797,
14735,60,80000,0,user_23,797,797,
14742,61,79000,0,user_28,797,797,
14729,62,70000,0,user_20,797,797,
14866,,190000,0,user_0,798,,
14867,,2400000,0,user_1,798,,
14868,,30000000,0,user_2,798,,
14869,,1500000,0,user_4,798,,
14870,,1500000,19700,user_4,798,,
14871,,82000,0,user_5,798,,
14872,,5200000,0,user_6,798,,
14873,,83000,15100,user_7,798,,
14874,,1000000,0,user_8,798,,
14875,,1500000,0,user_10,798,,
14876,,2000000,0,user_10,798,,
14877,,420000,0,user_12,798,,
14878,,160000,0,user_14,798,,
14879,,2300000,0,user_17,798,,
14880,,79000,0,user_19,798,,
14881,,220000,0,user_19,798,,
14882,,27000000,23500,user_21,798,,
14883,,2000000,0,user_23,798,,
14884,,30000000,12300,user_24,798,,
14885,,870000,0,user_25,798,,
14886,,1000000,0,user_27,798,,
14887,,2500000,0,user_29,798,,
14888,,2600000,0,user_29,798,,
14889,,350000,0,user_29,798,,
14890,,160000,34700,user_32,798,,
14891,,160000,0,user_35,798,,
14892,,460000,0,user_35,798,,
14893,,160000,0,user_35,798,,
14894,,120000,0,user_36,798,,
14895,,1200000,0,user_36,798,,
14896,,1600000,0,user_37,798,,
14897,,100000,0,user_37,798,,
14898,,70000,0,user_39,798,,
14899,,130000,0,user_40,798,,
14900,,77000,0,user_42,798,,
14901,,190000,0,user_42,798,,
14902,,170000,0,user_43,798,,
14903,,70000,0,user_44,798,,
14904,,83000,0,user_45,798,,
14905,,82000,0,user_46,798,,
14906,,360000,0,user_49,798,,
14920,0,0,0,builder_4,798,798,14884
14884,1,30000000,12300,user_24,798,798,
14868,2,30000000,0,user_2,798,798,
14921,3,0,0,builder_4,798,798,14882
14882,4,27000000,23500,user_21,798,798,
14872,5,5200000,0,user_6,798,798,
14888,6,2600000,0,user_29,798,798,
14887,7,2500000,0,user_29,798,798,
14867,8,2400000,0,user_1,798,798,
14879,9,2300000,0,user_17,798,798,
14876,10,2000000,0,user_10,798,798,
14883,11,2000000,0,user_23,798,798,
14896,12,1600000,0,user_37,798,798,
14870,13,1500000,19700,user_4,798,798,
14922,14,0,0,builder_4,798,798,14870
14869,15,1500000,0,user_4,798,798,
14875,16,1500000,0,user_10,798,798,
14895,17,1200000,0,user_36,798,798,
14874,18,1000000,0,user_8,798,798,
14886,19,1000000,0,user_27,798,798,
14885,20,870000,0,user_25,798,798,
14892,21,460000,0,user_35,798,798,
14877,22,420000,0,user_12,798,798,
14906,23,360000,0,user_49,798,798,
14889,24,350000,0,user_29,798,798,
14881,25,220000,0,user_19,798,798,
14923,26,0,0,builder_4,798,798,14890
14890,27,160000,34700,user_32,798,798,
14866,28,190000,0,user_0,798,798,
14901,29,190000,0,user_42,798,798,
14902,30,170000,0,user_43,798,798,
14878,31,160000,0,user_14,798,798,
14891,32,160000,0,user_35,798,798,
14893,33,160000,0,user_35,798,798,
14899,34,130000,0,user_40,798,798,
14894,35,120000,0,user_36,798,798,
14897,36,100000,0,user_37,798,798,
14904,37,83000,0,user_45,798,798,
14905,38,82000,0,user_46,798,798,
14880,39,79000,0,user_19,798,798,
14900,40,77000,0,user_42,798,798,
14903,41,70000,0,user_44,798,798,
14942,,160000,0,user_1,799,,
14943,,150000,30200,user_2,799,,
14944,,220000,0,user_4,799,,
14945,,910000,0,user_4,799,,
14946,,84000,215000,user_4,799,,
14947,,130000,0,user_4,799,,
14948,,660000,0,user_6,799,,
14949,,19000000,0,user_7,799,,
14950,,870000,0,user_8,799,,
14951,,77000,0,user_9,799,,
14952,,1400000,49100,user_10,799,,
14953,,5000000,296000,user_10,799,,
14954,,2600000,0,user_10,799,,
14955,,170000,0,user_10,799,,
14956,,87000,0,user_10,799,,
14957,,160000,0,user_11,799,,
14958,,30000000,0,user_11,799,,
14959,,2400000,0,user_11,799,,
14960,,320000,8520,user_11,799,,
14961,,85000,0,user_12,799,,
14962,,420000,32900,user_12,799,,
14963,,650000,7840,user_13,799,,
14964,,190000,369000,user_13,799,,
14965,,5200000,0,user_14,799,,
14966,,970000,0,user_15,799,,
14967,,1400000,0,user_17,799,,
14968,,1600000,0,user_17,799,,
14969,,1500000,31700,user_18,799,,
14970,,2100000,0,user_18,799,,
14971,,870000,0,user_19,799,,
14972,,6100000,0,user_21,799,,
14973,,310000,0,user_22,799,,
14974,,1200000,0,user_23,799,,
14975,,3500000,0,user_23,799,,
14976,,3200000,181000,user_23,799,,
14977,,220000,0,user_24,799,,
14978,,3600000,0,user_25,799,,
14979,,79000,0,user_26,799,,
14980,,3500000,17700000,user_27,799,,
14981,,170000,0,user_30,799,,
14982,,87000,71800,user_31,799,,
14983,,310000,0,user_32,799,,
14984,,660000,0,user_33,799,,
14985,,320000,0,user_33,799,,
14986,,170000,410000,user_35,799,,
14987,,2300000,0,user_36,799,,
14988,,98000,0,user_37,799,,
14989,,360000,0,user_37,799,,
14990,,77000,0,user_37,799,,
14991,,98000,0,user_37,799,,
14992,,1400000,32900,user_38,799,,
14993,,460000,0,user_38,799,,
14994,,6300000,0,user_41,799,,
14995,,910000,0,user_41,799,,
14996,,6300000,0,user_43,799,,
14997,,77000,0,user_45,799,,
14998,,1200000,0,user_45,799,,
14999,,1600000,0,user_46,799,,
15000,,310000,0,user_48,799,,
14958,0,30000000,0,user_11,799,799,
14949,1,19000000,0,user_7,799,799,
14994,2,6300000,0,user_41,799,799,
14996,3,6300000,0,user_43,799,799,
14972,4,6100000,0,user_21,799,799,
14965,5,5200000,0,user_14,799,799,
14953,6,5000000,296000,user_10,799,799,
14978,7,3600000,0,user_25,799,799,
14975,8,3500000,0,user_23,799,799,
14980,9,3500000,17700000,user_27,799,799,
14976,10,3200000,181000,user_23,799,799,
14954,11,2600000,0,user_10,799,799,
14959,12,2400000,0,user_11,799,799,
14987,13,2300000,0,user_36,799,799,
14970,14,2100000,0,user_18,799,799,
14968,15,1600000,0,user_17,799,799,
14999,16,1600000,0,user_46,799,799,
14969,17,1500000,31700,user_18,799,799,
14952,18,1400000,49100,user_10,799,799,
14967,19,1400000,0,user_17,799,799,
14992,20,1400000,32900,user_38,799,799,
14974,21,1200000,0,user_23,799,799,
14998,22,1200000,0,user_45,799,799,
14966,23,970000,0,user_15,799,799,
14995,24,910000,0,user_41,799,799,
14950,25,870000,0,user_8,799,799,
14971,26,870000,0,user_19,799,799,
14948,27,660000,0,user_6,799,799,
14984,28,660000,0,user_33,799,799,
14963,29,650000,7840,user_13,799,799,
14993,30,460000,0,user_38,799,799,
14960,31,320000,8520,user_11,799,799,
14985,32,320000,0,user_33,799,799,
14973,33,310000,0,user_22,799,799,
14983,34,310000,0,user_32,799,799,
15000,35,310000,0,user_48,799,799,
14977,36,220000,0,user_24,799,799,
14964,37,190000,369000,user_13,799,799,
14955,38,170000,0,user_10,799,799,
14981,39,170000,0,user_30,799,799,
14986,40,170000,410000,user_35,799,799,
14957,41,160000,0,user_11,799,799,
14943,42,150000,30200,user_2,799,799,
14956,43,87000,0,user_10,799,799,
14982,44,87000,71800,user_31,799,799,
14951,45,77000,0,user_9,799,799,
14997,46,77000,0,user_45,799,799,
15104,,1200000,0,user_1,800,,
15105,,220000,0,user_2,800,,
15106,,220000,0,user_4,800,,
15107,,150000,0,user_5,800,,
15108,,150000,68100,user_5,800,,
15109,,370000,0,user_7,800,,
15110,,1900000,0,user_7,800,,
15111,,3500000,66100,user_9,800,,
15112,,5000000,0,user_10,800,,
15113,,77000,256000,user_10,800,,
15114,,5200000,0,user_12,800,,
15115,,2300000,49100,user_12,800,,
15116,,170000,0,user_13,800,,
15117,,2100000,769000,user_13,800,,
15118,,220000,0,user_13,800,,
15119,,1600000,0,user_13,800,,
15120,,85000,71800,user_13,800,,
15121,,420000,0,user_14,800,,
15122,,80000,0,user_14,800,,
15123,,160000,0,user_15,800,,
15124,,5200000,0,user_16,800,,
15125,,310000,0,user_17,800,,
15126,,110000,0,user_18,800,,
15127,,3500000,0,user_18,800,,
15128,,79000,0,user_18,800,,
15129,,150000,0,user_18,800,,
15130,,310000,0,user_20,800,,
15131,,300000,0,user_20,800,,
15132,,310000,23500,user_21,800,,
15133,,1800000,0,user_21,800,,
15134,,1000000,0,user_22,800,,
15135,,300000,0,user_26,800,,
15136,,220000,0,user_26,800,,
15137,,110000,0,user_28,800,,
15138,,2000000,0,user_28,800,,
15139,,1100000,12800,user_30,800,,
15140,,6300000,0,user_31,800,,
15141,,120000,0,user_33,800,,
15142,,120000,17000,user_34,800,,
15143,,5000000,0,user_35,800,,
15144,,150000,0,user_35,800,,
15145,,2000000,0,user_36,800,,
15146,,6100000,0,user_37,800,,
15147,,150000,0,user_37,800,,
15148,,170000,0,user_38,800,,
15149,,870000,0,user_40,800,,
15150,,110000,0,user_40,800,,
15151,,220000,0,user_41,800,,
15152,,82000,0,user_41,800,,
15153,,4500000,0,user_43,800,,
15154,,630000,0,user_43,800,,
15155,,1000000,0,user_44,800,,
15156,,220000,0,user_45,800,,
15157,,660000,0,user_45,800,,
15158,,370000,0,user_46,800,,
15159,,3500000,64600,user_46,800,,
15160,,1100000,0,user_46,800,,
15161,,84000,0,user_46,800,,
15162,,120000,5180,user_46,800,,
15163,,1500000,0,user_48,800,,
15164,,190000,0,user_49,800,,
15140,0,6300000,0,user_31,800,800,
15146,1,6100000,0,user_37,800,800,
15114,2,5200000,0,user_12,800,800,
15124,3,5200000,0,user_16,800,800,
15112,4,5000000,0,user_10,800,800,
15143,5,5000000,0,user_35,800,800,
15153,6,4500000,0,user_43,800,800,
15111,7,3500000,66100,user_9,800,800,
15200,8,0,0,builder_4,800,800,15111
15201,9,0,0,builder_4,800,800,15159
15159,10,3500000,64600,user_46,800,800,
15127,11,3500000,0,user_18,800,800,
15202,12,0,0,builder_4,800,800,15117
15117,13,2100000,769000,user_13,800,800,
15203,14,0,0,builder_4,800,800,15115
15115,15,2300000,49100,user_12,800,800,
15138,16,2000000,0,user_28,800,800,
15145,17,2000000,0,user_36,800,800,
15133,18,1800000,0,user_21,800,800,
15119,19,1600000,0,user_13,800,800,
15163,20,1500000,0,user_48,800,800,
15104,21,1200000,0,user_1,800,800,
15139,22,1100000,12800,user_30,800,800,
15204,23,0,0,builder_4,800,800,15139
15160,24,1100000,0,user_46,800,800,
15134,25,1000000,0,user_22,800,800,
15155,26,1000000,0,user_44,800,800,
15149,27,870000,0,user_40,800,800,
15157,28,660000,0,user_45,800,800,
15154,29,630000,0,user_43,800,800,
15121,30,420000,0,user_14,800,800,
15158,31,370000,0,user_46,800,800,
15132,32,310000,23500,user_21,800,800,
15205,33,0,0,builder_4,800,800,15132
15113,34,77000,256000,user_10,800,800,
15206,35,0,0,builder_4,800,800,15113
15125,36,310000,0,user_17,800,800,
15130,37,310000,0,user_20,800,800,
15131,38,300000,0,user_20,800,800,
15135,39,300000,0,user_26,800,800,
15105,40,220000,0,user_2,800,800,
15106,41,220000,0,user_4,800,800,
15118,42,220000,0,user_13,800,800,
15136,43,220000,0,user_26,800,800,
15151,44,220000,0,user_41,800,800,
15156,45,220000,0,user_45,800,800,
15164,46,190000,0,user_49,800,800,
15116,47,170000,0,user_13,800,800,
15148,48,170000,0,user_38,800,800,
15120,49,85000,71800,user_13,800,800,
15207,50,0,0,builder_4,800,800,15120
15129,51,150000,0,user_18,800,800,
15144,52,150000,0,user_35,800,800,
15147,53,150000,0,user_37,800,800,
15142,54,120000,17000,user_34,800,800,
15208,55,0,0,builder_4,800,800,15142
15162,56,120000,5180,user_46,800,800,
15209,57,0,0,builder_4,800,800,15162
15141,58,120000,0,user_33,800,800,
15126,59,110000,0,user_18,800,800,
15137,60,110000,0,user_28,800,800,
15150,61,110000,0,user_40,800,800,
15161,62,84000,0,user_46,800,800,
15152,63,82000,0,user_41,800,800,
15122,64,80000,0,user_14,800,800,
15128,65,79000,0,user_18,800,800,
15238,,1100000,0,user_0,801,,
15239,,110000,146000,user_2,801,,
15240,,150000,42000,user_3,801,,
15241,,460000,0,user_4,801,,
15242,,870000,46500,user_7,801,,
15243,,1900000,4320000,user_8,801,,
15244,,130000,0,user_9,801,,
15245,,110000,0,user_10,801,,
15246,,630000,0,user_14,801,,
15247,,87000,0,user_16,801,,
15248,,5200000,0,user_17,801,,
15249,,5200000,161000,user_19,801,,
15250,,460000,0,user_19,801,,
15251,,1500000,0,user_20,801,,
15252,,160000,0,user_20,801,,
15253,,460000,0,user_21,801,,
15254,,5200000,0,user_21,801,,
15255,,98000,0,user_21,801,,
15256,,1500000,0,user_21,801,,
15257,,300000,510000,user_22,801,,
15258,,170000,0,user_23,801,,
15259,,84000,16400,user_24,801,,
15260,,870000,0,user_24,801,,
15261,,27000000,0,user_26,801,,
15262,,2100000,11200,user_26,801,,
15263,,650000,0,user_27,801,,
15264,,220000,21800,user_27,801,,
15265,,120000,283000,user_28,801,,
15266,,19000000,5630,user_30,801,,
15267,,1500000,0,user_30,801,,
15268,,80000,0,user_30,801,,
15269,,83000,0,user_32,801,,
15270,,120000,0,user_33,801,,
15271,,1700000,0,user_35,801,,
15272,,5200000,7840,user_35,801,,
15273,,1400000,0,user_36,801,,
15274,,120000,0,user_37,801,,
15275,,77000,0,user_38,801,,
15276,,130000,5630,user_39,801,,
15277,,660000,0,user_40,801,,
15278,,1000000,0,user_41,801,,
15279,,110000,0,user_42,801,,
15280,,27000000,0,user_43,801,,
15281,,150000,0,user_43,801,,
15282,,6100000,0,user_43,801,,
15283,,150000,0,user_43,801,,
15284,,1600000,0,user_44,801,,
15285,,160000,0,user_45,801,,
15286,,5000000,0,user_46,801,,
15287,,420000,0,user_46,801,,
15288,,110000,0,user_46,801,,
15289,,110000,0,user_46,801,,
15290,,120000,0,user_46,801,,
15291,,2400000,0,user_47,801,,
15261,0,27000000,0,user_26,801,801,
15280,1,27000000,0,user_43,801,801,
15292,2,0,0,builder_0,801,801,15266
15266,3,19000000,5630,user_30,801,801,
15293,4,0,0,builder_0,801,801,15243
15243,5,1900000,4320000,user_8,801,801,
15282,6,6100000,0,user_43,801,801,
15294,7,0,0,builder_0,801,801,15249
15249,8,5200000,161000,user_19,801,801,
15295,9,0,0,builder_0,801,801,15272
15272,10,5200000,7840,user_35,801,801,
15248,11,5200000,0,user_17,801,801,
15254,12,5200000,0,user_21,801,801,
15286,13,5000000,0,user_46,801,801,
15291,14,2400000,0,user_47,801,801,
15262,15,2100000,11200,user_26,801,801,
15296,16,0,0,builder_0,801,801,15262
15271,17,1700000,0,user_35,801,801,
15284,18,1600000,0,user_44,801,801,
15251,19,1500000,0,user_20,801,801,
15256,20,1500000,0,user_21,801,801,
15267,21,1500000,0,user_30,801,801,
15273,22,1400000,0,user_36,801,801,
15238,23,1100000,0,user_0,801,801,
15278,24,1000000,0,user_41,801,801,
15297,25,0,0,builder_0,801,801,15242
15242,26,870000,46500,user_7,801,801,
15257,27,300000,510000,user_22,801,801,
15298,28,0,0,builder_0,801,801,15257
15277,29,660000,0,user_40,801,801,
15263,30,650000,0,user_27,801,801,
15246,31,630000,0,user_14,801,801,
15250,32,460000,0,user_19,801,801,
15253,33,460000,0,user_21,801,801,
15287,34,420000,0,user_46,801,801,
15265,35,120000,283000,user_28,801,801,
15299,36,0,0,builder_0,801,801,15265
15239,37,110000,146000,user_2,801,801,
15300,38,0,0,builder_0,801,801,15239
15264,39,220000,21800,user_27,801,801,
15301,40,0,0,builder_0,801,801,15264
15240,41,150000,42000,user_3,801,801,
15302,42,0,0,builder_0,801,801,15240
15258,43,170000,0,user_23,801,801,
15252,44,160000,0,user_20,801,801,
15281,45,150000,0,user_43,801,801,
15283,46,150000,0,user_43,801,801,
15244,47,130000,0,user_9,801,801,
15270,48,120000,0,user_33,801,801,
15274,49,120000,0,user_37,801,801,
15290,50,120000,0,user_46,801,801,
15245,51,110000,0,user_10,801,801,
15279,52,110000,0,user_42,801,801,
15288,53,110000,0,user_46,801,801,
15289,54,110000,0,user_46,801,801,
15255,55,98000,0,user_21,801,801,
15247,56,87000,0,user_16,801,801,
15269,57,83000,0,user_32,801,801,
15268,58,80000,0,user_30,801,801,
15275,59,77000,0,user_38,801,801,
15382,,120000,17700000,user_0,802,,
15383,,98000,0,user_2,802,,
15384,,43000000,0,user_3,802,,
15385,,1000000,0,user_4,802,,
15386,,1600000,0,user_5,802,,
15387,,1000000,0,user_5,802,,
15388,,19000000,0,user_5,802,,
15389,,120000,0,user_5,802,,
15390,,83000,0,user_6,802,,
15391,,6100000,0,user_7,802,,
15392,,460000,0,user_8,802,,
15393,,2000000,0,user_9,802,,
15394,,2000000,0,user_10,802,,
15395,,1200000,46500,user_11,802,,
15396,,160000,0,user_11,802,,
15397,,30000000,0,user_12,802,,
15398,,320000,0,user_12,802,,
15399,,1000000,0,user_13,802,,
15400,,1300000,0,user_13,802,,
15401,,240000,0,user_14,802,,
15402,,1000000,33100,user_15,802,,
15403,,2400000,0,user_15,802,,
15404,,70000,0,user_16,802,,
15405,,19000000,0,user_16,802,,
15406,,600000,0,user_17,802,,
15407,,3500000,0,user_18,802,,
15408,,530000,0,user_19,802,,
15409,,170000,0,user_20,802,,
15410,,170000,73100,user_21,802,,
15411,,27000000,0,user_22,802,,
15412,,1100000,0,user_23,802,,
15413,,150000,0,user_25,802,,
15414,,79000,0,user_27,802,,
15415,,360000,36800,user_29,802,,
15416,,5200000,0,user_30,802,,
15417,,1100000,0,user_30,802,,
15418,,150000,296000,user_31,802,,
15419,,1100000,0,user_32,802,,
15420,,150000,0,user_33,802,,
15421,,300000,4320000,user_33,802,,
15422,,110000,0,user_33,802,,
15423,,320000,0,user_34,802,,
15424,,120000,0,user_35,802,,
15425,,2300000,12300,user_35,802,,
15426,,630000,0,user_40,802,,
15427,,350000,0,user_41,802,,
15428,,1500000,3130,user_42,802,,
15429,,220000,68100,user_44,802,,
15430,,310000,959000,user_44,802,,
15431,,1500000,0,user_44,802,,
15432,,150000,0,user_44,802,,
15433,,360000,0,user_44,802,,
15434,,85000,0,user_45,802,,
15435,,370000,0,user_46,802,,
15384,0,43000000,0,user_3,802,802,
15397,1,30000000,0,user_12,802,802,
15411,2,27000000,0,user_22,802,802,
15388,3,19000000,0,user_5,802,802,
15405,4,19000000,0,user_16,802,802,
15391,5,6100000,0,user_7,802,802,
15416,6,5200000,0,user_30,802,802,
15407,7,3500000,0,user_18,802,802,
15403,8,2400000,0,user_15,802,802,
15425,9,2300000,12300,user_35,802,802,
15394,10,2000000,0,user_10,802,802,
15386,11,1600000,0,user_5,802,802,
15428,12,1500000,3130,user_42,802,802,
15431,13,1500000,0,user_44,802,802,
15400,14,1300000,0,user_13,802,802,
15395,15,1200000,46500,user_11,802,802,
15412,16,1100000,0,user_23,802,802,
15417,17,1100000,0,user_30,802,802,
15385,18,1000000,0,user_4,802,802,
15387,19,1000000,0,user_5,802,802,
15399,20,1000000,0,user_13,802,802,
15402,21,1000000,33100,user_15,802,802,
15426,22,630000,0,user_40,802,802,
15406,23,600000,0,user_17,802,802,
15392,24,460000,0,user_8,802,802,
15435,25,370000,0,user_46,802,802,
15415,26,360000,36800,user_29,802,802,
15433,27,360000,0,user_44,802,802,
15427,28,350000,0,user_41,802,802,
15398,29,320000,0,user_12,802,802,
15423,30,320000,0,user_34,802,802,
15430,31,310000,959000,user_44,802,802,
15421,32,300000,4320000,user_33,802,802,
15429,33,220000,68100,user_44,802,802,
15409,34,170000,0,user_20,802,802,
15410,35,170000,73100,user_21,802,802,
15396,36,160000,0,user_11,802,802,
15413,37,150000,0,user_25,802,802,
15418,38,150000,296000,user_31,802,802,
15420,39,150000,0,user_33,802,802,
15432,40,150000,0,user_44,802,802,
15382,41,120000,17700000,user_0,802,802,
15389,42,120000,0,user_5,802,802,
15424,43,120000,0,user_35,802,802,
15422,44,110000,0,user_33,802,802,
15383,45,98000,0,user_2,802,802,
15434,46,85000,0,user_45,802,802,
15390,47,83000,0,user_6,802,802,
15414,48,79000,0,user_27,802,802,
15404,49,70000,0,user_16,802,802,
15515,,80000,0,user_0,803,,
15516,,2000000,0,user_1,803,,
15517,,2600000,0,user_2,803,,
15518,,160000,0,user_5,803,,
15519,,360000,0,user_5,803,,
15520,,1500000,0,user_6,803,,
15521,,1100000,0,user_6,803,,
15522,,170000,0,user_8,803,,
15523,,82000,0,user_8,803,,
15524,,2000000,0,user_8,803,,
15525,,3500000,0,user_8,803,,
15526,,870000,0,user_8,803,,
15527,,1500000,0,user_9,803,,
15528,,120000,0,user_10,803,,
15529,,2500000,0,user_11,803,,
15530,,110000,0,user_11,803,,
15531,,1600000,0,user_12,803,,
15532,,2000000,0,user_14,803,,
15533,,110000,0,user_15,803,,
15534,,2500000,0,user_15,803,,
15535,,1600000,0,user_16,803,,
15536,,220000,0,user_17,803,,
15537,,70000,43600,user_18,803,,
15538,,170000,0,user_19,803,,
15539,,1100000,0,user_19,803,,
15540,,660000,0,user_19,803,,
15541,,73000,0,user_19,803,,
15542,,82000,0,user_19,803,,
15543,,110000,0,user_20,803,,
15544,,1000000,0,user_20,803,,
15545,,43000000,0,user_21,803,,
15546,,220000,0,user_24,803,,
15547,,460000,0,user_26,803,,
15548,,130000,0,user_29,803,,
15549,,220000,1100000,user_30,803,,
15550,,30000000,0,user_31,803,,
15551,,150000,0,user_31,803,,
15552,,87000,0,user_32,803,,
15553,,73000,0,user_33,803,,
15554,,1000000,0,user_34,803,,
15555,,120000,215000,user_35,803,,
15556,,110000,0,user_35,803,,
15557,,83000,84800,user_36,803,,
15558,,660000,0,user_38,803,,
15559,,160000,0,user_39,803,,
15560,,370000,195000,user_39,803,,
15561,,220000,0,user_39,803,,
15562,,630000,0,user_39,803,,
15563,,460000,181000,user_40,803,,
15564,,2100000,215000,user_40,803,,
15565,,870000,0,user_42,803,,
15566,,340000,0,user_43,803,,
15567,,660000,0,user_44,803,,
15568,,98000,0,user_44,803,,
15569,,1900000,959000,user_45,803,,
15570,,120000,0,user_45,803,,
15571,,220000,0,user_46,803,,
15572,,110000,0,user_47,803,,
15573,,1400000,231000,user_48,803,,
15574,,2000000,16400,user_49,803,,
15545,0,43000000,0,user_21,803,803,
15550,1,30000000,0,user_31,803,803,
15525,2,3500000,0,user_8,803,803,
15517,3,2600000,0,user_2,803,803,
15529,4,2500000,0,user_11,803,803,
15534,5,2500000,0,user_15,803,803,
15564,6,2100000,215000,user_40,803,803,
15516,7,2000000,0,user_1,803,803,
15524,8,2000000,0,user_8,803,803,
15532,9,2000000,0,user_14,803,803,
15574,10,2000000,16400,user_49,803,803,
15569,11,1900000,959000,user_45,803,803,
15531,12,1600000,0,user_12,803,803,
15535,13,1600000,0,user_16,803,803,
15520,14,1500000,0,user_6,803,803,
15521,15,1100000,0,user_6,803,803,
15539,16,1100000,0,user_19,803,803,
15544,17,1000000,0,user_20,803,803,
15554,18,1000000,0,user_34,803,803,
15526,19,870000,0,user_8,803,803,
15565,20,870000,0,user_42,803,803,
15540,21,660000,0,user_19,803,803,
15567,22,660000,0,user_44,803,803,
15562,23,630000,0,user_39,803,803,
15547,24,460000,0,user_26,803,803,
15563,25,460000,181000,user_40,803,803,
15560,26,370000,195000,user_39,803,803,
15566,27,340000,0,user_43,803,803,
15536,28,220000,0,user_17,803,803,
15546,29,220000,0,user_24,803,803,
15549,30,220000,1100000,user_30,803,803,
15561,31,220000,0,user_39,803,803,
15571,32,220000,0,user_46,803,803,
15522,33,170000,0,user_8,803,803,
15538,34,170000,0,user_19,803,803,
15559,35,160000,0,user_39,803,803,
15551,36,150000,0,user_31,803,803,
15548,37,130000,0,user_29,803,803,
15555,38,120000,215000,user_35,803,803,
15570,39,120000,0,user_45,803,803,
15530,40,110000,0,user_11,803,803,
15533,41,110000,0,user_15,803,803,
15543,42,110000,0,user_20,803,803,
15556,43,110000,0,user_35,803,803,
15572,44,110000,0,user_47,803,803,
15568,45,98000,0,user_44,803,803,
15552,46,87000,0,user_32,803,803,
15523,47,82000,0,user_8,803,803,
15542,48,82000,0,user_19,803,803,
15515,49,80000,0,user_0,803,803,
15541,50,73000,0,user_19,803,803,
15553,51,73000,0,user_33,803,803,
15537,52,70000,43600,user_18,803,803,
15649,,130000,0,user_0,804,,
15650,,970000,0,user_1,804,,
15651,,2400000,0,user_2,804,,
15652,,320000,6390,user_3,804,,
15653,,110000,0,user_4,804,,
15654,,650000,0,user_5,804,,
15655,,1100000,0,user_6,804,,
15656,,110000,0,user_6,804,,
15657,,85000,0,user_7,804,,
15658,,220000,0,user_8,804,,
15659,,460000,0,user_9,804,,
15660,,27000000,0,user_10,804,,
15661,,150000,0,user_12,804,,
15662,,1500000,21800,user_13,804,,
15663,,670000,0,user_13,804,,
15664,,1300000,369000,user_13,804,,
15665,,670000,0,user_13,804,,
15666,,73000,0,user_14,804,,
15667,,170000,0,user_14,804,,
15668,,1900000,0,user_15,804,,
15669,,170000,0,user_16,804,,
15670,,2000000,46500,user_17,804,,
15671,,87000,35100,user_17,804,,
15672,,2500000,0,user_18,804,,
15673,,150000,0,user_19,804,,
15674,,73000,0,user_20,804,,
15675,,83000,0,user_22,804,,
15676,,83000,0,user_23,804,,
15677,,150000,0,user_25,804,,
15678,,1500000,0,user_26,804,,
15679,,2000000,0,user_27,804,,
15680,,150000,0,user_27,804,,
15681,,30000000,0,user_27,804,,
15682,,2000000,0,user_27,804,,
15683,,1500000,75000,user_28,804,,
15684,,350000,0,user_30,804,,
15685,,160000,0,user_31,804,,
15686,,970000,0,user_31,804,,
15687,,83000,0,user_32,804,,
15688,,5200000,0,user_34,804,,
15689,,910000,0,user_35,804,,
15690,,150000,0,user_37,804,,
15691,,970000,0,user_39,804,,
15692,,1800000,0,user_39,804,,
15693,,6300000,64600,user_39,804,,
15694,,420000,0,user_40,804,,
15695,,260000,17700000,user_41,804,,
15696,,130000,0,user_42,804,,
15697,,3500000,0,user_42,804,,
15698,,1500000,1100000,user_45,804,,
15699,,1000000,0,user_45,804,,
15700,,82000,67900,user_45,804,,
15701,,4200000,0,user_45,804,,
15702,,19000000,0,user_45,804,,
15703,,170000,0,user_46,804,,
15704,,320000,0,user_47,804,,
15705,,260000,0,user_47,804,,
15681,0,30000000,0,user_27,804,804,
15660,1,27000000,0,user_10,804,804,
15702,2,19000000,0,user_45,804,804,
15693,3,6300000,64600,user_39,804,804,
15688,4,5200000,0,user_34,804,804,
15701,5,4200000,0,user_45,804,804,
15697,6,3500000,0,user_42,804,804,
15672,7,2500000,0,user_18,804,804,
15651,8,2400000,0,user_2,804,804,
15670,9,2000000,46500,user_17,804,804,
15679,10,2000000,0,user_27,804,804,
15682,11,2000000,0,user_27,804,804,
15668,12,1900000,0,user_15,804,804,
15692,13,1800000,0,user_39,804,804,
15662,14,1500000,21800,user_13,804,804,
15678,15,1500000,0,user_26,804,804,
15683,16,1500000,75000,user_28,804,804,
15698,17,1500000,1100000,user_45,804,804,
15664,18,1300000,369000,user_13,804,804,
15655,19,1100000,0,user_6,804,804,
15699,20,1000000,0,user_45,804,804,
15650,21,970000,0,user_1,804,804,
15686,22,970000,0,user_31,804,804,
15691,23,970000,0,user_39,804,804,
15663,24,670000,0,user_13,804,804,
15665,25,670000,0,user_13,804,804,
15659,26,460000,0,user_9,804,804,
15694,27,420000,0,user_40,804,804,
15684,28,350000,0,user_30,804,804,
15704,29,320000,0,user_47,804,804,
15695,30,260000,17700000,user_41,804,804,
15705,31,260000,0,user_47,804,804,
15658,32,220000,0,user_8,804,804,
15667,33,170000,0,user_14,804,804,
15669,34,170000,0,user_16,804,804,
15703,35,170000,0,user_46,804,804,
15685,36,160000,0,user_31,804,804,
15661,37,150000,0,user_12,804,804,
15673,38,150000,0,user_19,804,804,
15677,39,150000,0,user_25,804,804,
15680,40,150000,0,user_27,804,804,
15649,41,130000,0,user_0,804,804,
15696,42,130000,0,user_42,804,804,
15653,43,110000,0,user_4,804,804,
15656,44,110000,0,user_6,804,804,
15671,45,87000,35100,user_17,804,804,
15657,46,85000,0,user_7,804,804,
15675,47,83000,0,user_22,804,804,
15676,48,83000,0,user_23,804,804,
15700,49,82000,67900,user_45,804,804,
15666,50,73000,0,user_14,804,804,
15674,51,73000,0,user_20,804,804,
15776,,370000,0,user_0,805,,
15777,,110000,0,user_0,805,,
15778,,170000,0,user_0,805,,
15779,,240000,0,user_0,805,,
15780,,870000,0,user_1,805,,
15781,,260000,155000,user_2,805,,
15782,,370000,0,user_4,805,,
15783,,3600000,0,user_5,805,,
15784,,1500000,0,user_6,805,,
15785,,87000,0,user_6,805,,
15786,,600000,0,user_7,805,,
15787,,240000,0,user_9,805,,
15788,,970000,0,user_9,805,,
15789,,2100000,0,user_10,805,,
15790,,650000,0,user_15,805,,
15791,,83000,0,user_17,805,,
15792,,470000,0,user_18,805,,
15793,,110000,0,user_19,805,,
15794,,630000,16400,user_20,805,,
15795,,4200000,0,user_20,805,,
15796,,1000000,0,user_21,805,,
15797,,80000,215000,user_21,805,,
15798,,130000,0,user_21,805,,
15799,,340000,0,user_21,805,,
15800,,660000,15700,user_26,805,,
15801,,1900000,0,user_26,805,,
15802,,87000,0,user_27,805,,
15803,,87000,0,user_28,805,,
15804,,1700000,0,user_28,805,,
15805,,1400000,0,user_28,805,,
15806,,2500000,0,user_29,805,,
15807,,2500000,0,user_30,805,,
15808,,110000,0,user_31,805,,
15809,,420000,0,user_31,805,,
15810,,6100000,0,user_34,805,,
15811,,170000,108000,user_35,805,,
15812,,3500000,0,user_37,805,,
15813,,110000,0,user_40,805,,
15814,,30000000,67500,user_40,805,,
15815,,220000,0,user_41,805,,
15816,,870000,8520,user_43,805,,
15817,,670000,60700,user_45,805,,
15818,,320000,0,user_45,805,,
15819,,2600000,0,user_45,805,,
15820,,530000,0,user_45,805,,
15821,,1500000,0,user_45,805,,
15822,,82000,0,user_46,805,,
15823,,460000,0,user_47,805,,
15824,,43000000,0,user_48,805,,
15824,0,43000000,0,user_48,805,805,
15843,1,0,0,builder_3,805,805,15814
15814,2,30000000,67500,user_40,805,805,
15810,3,6100000,0,user_34,805,805,
15795,4,4200000,0,user_20,805,805,
15783,5,3600000,0,user_5,805,805,
15812,6,3500000,0,user_37,805,805,
15819,7,2600000,0,user_45,805,805,
15806,8,2500000,0,user_29,805,805,
15807,9,2500000,0,user_30,805,805,
15789,10,2100000,0,user_10,805,805,
15801,11,1900000,0,user_26,805,805,
15804,12,1700000,0,user_28,805,805,
15821,13,1500000,0,user_45,805,805,
15805,14,1400000,0,user_28,805,805,
15796,15,1000000,0,user_21,805,805,
15844,16,0,0,builder_3,805,805,15816
15816,17,870000,8520,user_43,805,805,
15817,18,670000,60700,user_45,805,805,
15845,19,0,0,builder_3,805,805,15817
15800,20,660000,15700,user_26,805,805,
15846,21,0,0,builder_3,805,805,15800
15790,22,650000,0,user_15,805,805,
15847,23,0,0,builder_3,805,805,15794
15794,24,630000,16400,user_20,805,805,
15786,25,600000,0,user_7,805,805,
15820,26,530000,0,user_45,805,805,
15792,27,470000,0,user_18,805,805,
15823,28,460000,0,user_47,805,805,
15809,29,420000,0,user_31,805,805,
15781,30,260000,155000,user_2,805,805,
15848,31,0,0,builder_3,805,805,15781
15776,32,370000,0,user_0,805,805,
15782,33,370000,0,user_4,805,805,
15799,34,340000,0,user_21,805,805,
15818,35,320000,0,user_45,805,805,
15797,36,80000,215000,user_21,805,805,
15849,37,0,0,builder_3,805,805,15797
15811,38,170000,108000,user_35,805,805,
15850,39,0,0,builder_3,805,805,15811
15779,40,240000,0,user_0,805,805,
15815,41,220000,0,user_41,805,805,
15778,42,170000,0,user_0,805,805,
15798,43,130000,0,user_21,805,805,
15777,44,110000,0,user_0,805,805,
15793,45,110000,0,user_19,805,805,
15808,46,110000,0,user_31,805,805,
15813,47,110000,0,user_40,805,805,
15803,48,87000,0,user_28,805,805,
15791,49,83000,0,user_17,805,805,
15822,50,82000,0,user_46,805,805,
15879,,1000000,0,user_0,806,,
15880,,120000,0,user_0,806,,
15881,,170000,0,user_2,806,,
15882,,2500000,12800,user_3,806,,
15883,,120000,0,user_4,806,,
15884,,110000,0,user_4,806,,
15885,,150000,0,user_4,806,,
15886,,1600000,0,user_4,806,,
15887,,120000,0,user_5,806,,
15888,,120000,0,user_10,806,,
15889,,2600000,0,user_12,806,,
15890,,19000000,0,user_13,806,,
15891,,3600000,0,user_17,806,,
15892,,73000,17700000,user_18,806,,
15893,,530000,0,user_19,806,,
15894,,1500000,0,user_20,806,,
15895,,340000,0,user_20,806,,
15896,,2000000,0,user_22,806,,
15897,,110000,75000,user_23,806,,
15898,,220000,15700,user_23,806,,
15899,,1600000,0,user_23,806,,
15900,,80000,0,user_24,806,,
15901,,1700000,0,user_25,806,,
15902,,1500000,0,user_25,806,,
15903,,160000,0,user_25,806,,
15904,,1300000,0,user_25,806,,
15905,,130000,0,user_26,806,,
15906,,160000,0,user_27,806,,
15907,,420000,11200,user_27,806,,
15908,,670000,0,user_28,806,,
15909,,5000000,0,user_29,806,,
15910,,3600000,0,user_30,806,,
15911,,80000,0,user_30,806,,
15912,,150000,13900,user_31,806,,
15913,,120000,108000,user_32,806,,
15914,,460000,0,user_32,806,,
15915,,6300000,0,user_34,806,,
15916,,910000,0,user_35,806,,
15917,,310000,0,user_36,806,,
15918,,5000000,0,user_38,806,,
15919,,19000000,231000,user_39,806,,
15920,,1500000,0,user_40,806,,
15921,,650000,0,user_42,806,,
15922,,420000,0,user_42,806,,
15923,,6300000,0,user_43,806,,
15924,,2500000,0,user_45,806,,
15925,,1700000,0,user_45,806,,
15926,,70000,0,user_47,806,,
15927,,1100000,0,user_47,806,,
15928,,470000,0,user_48,806,,
15929,,120000,0,user_49,806,,
15890,0,19000000,0,user_13,806,806,
15919,1,19000000,231000,user_39,806,806,
15915,2,6300000,0,user_34,806,806,
15923,3,6300000,0,user_43,806,806,
15909,4,5000000,0,user_29,806,806,
15918,5,5000000,0,user_38,806,806,
15891,6,3600000,0,user_17,806,806,
15910,7,3600000,0,user_30,806,806,
15889,8,2600000,0,user_12,806,806,
15924,9,2500000,0,user_45,806,806,
15896,10,2000000,0,user_22,806,806,
15901,11,1700000,0,user_25,806,806,
15925,12,1700000,0,user_45,806,806,
15886,13,1600000,0,user_4,806,806,
15899,14,1600000,0,user_23,806,806,
15894,15,1500000,0,user_20,806,806,
15902,16,1500000,0,user_25,806,806,
15920,17,1500000,0,user_40,806,806,
15904,18,1300000,0,user_25,806,806,
15927,19,1100000,0,user_47,806,806,
15879,20,1000000,0,user_0,806,806,
15908,21,670000,0,user_28,806,806,
15921,22,650000,0,user_42,806,806,
15893,23,530000,0,user_19,806,806,
15928,24,470000,0,user_48,806,806,
15907,25,420000,11200,user_27,806,806,
15922,26,420000,0,user_42,806,806,
15895,27,340000,0,user_20,806,806,
15898,28,220000,15700,user_23,806,806,
15881,29,170000,0,user_2,806,806,
15903,30,160000,0,user_25,806,806,
15906,31,160000,0,user_27,806,806,
15885,32,150000,0,user_4,806,806,
15912,33,150000,13900,user_31,806,806,
15905,34,130000,0,user_26,806,806,
15880,35,120000,0,user_0,806,806,
15883,36,120000,0,user_4,806,806,
15888,37,120000,0,user_10,806,806,
15884,38,110000,0,user_4,806,806,
15897,39,110000,75000,user_23,806,806,
15900,40,80000,0,user_24,806,806,
15911,41,80000,0,user_30,806,806,
15892,42,73000,17700000,user_18,806,806,
15926,43,70000,0,user_47,806,806,
15986,,1500000,15100,user_0,807,,
15987,,170000,0,user_0,807,,
15988,,160000,195000,user_2,807,,
15989,,2500000,0,user_2,807,,
15990,,470000,0,user_3,807,,
15991,,190000,0,user_5,807,,
15992,,2000000,0,user_7,807,,
15993,,160000,0,user_8,807,,
15994,,2100000,0,user_9,807,,
15995,,260000,0,user_11,807,,
15996,,170000,510000,user_15,807,,
15997,,1600000,0,user_16,807,,
15998,,360000,0,user_17,807,,
15999,,1600000,0,user_18,807,,
16000,,1500000,0,user_18,807,,
16001,,910000,0,user_20,807,,
16002,,70000,0,user_21,807,,
16003,,1100000,0,user_22,807,,
16004,,3500000,510000,user_25,807,,
16005,,130000,0,user_25,807,,
16006,,2500000,60700,user_26,807,,
16007,,1600000,0,user_27,807,,
16008,,6300000,0,user_31,807,,
16009,,1100000,0,user_33,807,,
16010,,120000,0,user_33,807,,
16011,,310000,0,user_35,807,,
16012,,650000,0,user_35,807,,
16013,,910000,0,user_36,807,,
16014,,370000,0,user_36,807,,
16015,,170000,0,user_36,807,,
16016,,130000,0,user_36,807,,
16017,,670000,0,user_36,807,,
16018,,1700000,0,user_37,807,,
16019,,1100000,0,user_39,807,,
16020,,30000000,0,user_39,807,,
16021,,1500000,0,user_40,807,,
16022,,2000000,0,user_40,807,,
16023,,120000,0,user_41,807,,
16024,,420000,0,user_42,807,,
16025,,150000,0,user_43,807,,
16026,,150000,0,user_45,807,,
16027,,27000000,0,user_45,807,,
16028,,2000000,0,user_47,807,,
16029,,100000,0,user_47,807,,
16030,,1000000,0,user_49,807,,
16020,0,30000000,0,user_39,807,807,
16027,1,27000000,0,user_45,807,807,
16008,2,6300000,0,user_31,807,807,
16004,3,3500000,510000,user_25,807,807,
15989,4,2500000,0,user_2,807,807,
16006,5,2500000,60700,user_26,807,807,
15992,6,2000000,0,user_7,807,807,
16022,7,2000000,0,user_40,807,807,
16028,8,2000000,0,user_47,807,807,
16018,9,1700000,0,user_37,807,807,
15997,10,1600000,0,user_16,807,807,
15999,11,1600000,0,user_18,807,807,
16007,12,1600000,0,user_27,807,807,
15986,13,1500000,15100,user_0,807,807,
16000,14,1500000,0,user_18,807,807,
16021,15,1500000,0,user_40,807,807,
16003,16,1100000,0,user_22,807,807,
16009,17,1100000,0,user_33,807,807,
16019,18,1100000,0,user_39,807,807,
16030,19,1000000,0,user_49,807,807,
16001,20,910000,0,user_20,807,807,
16013,21,910000,0,user_36,807,807,
16017,22,670000,0,user_36,807,807,
16012,23,650000,0,user_35,807,807,
15990,24,470000,0,user_3,807,807,
16024,25,420000,0,user_42,807,807,
16014,26,370000,0,user_36,807,807,
15998,27,360000,0,user_17,807,807,
16011,28,310000,0,user_35,807,807,
15995,29,260000,0,user_11,807,807,
15991,30,190000,0,user_5,807,807,
15987,31,170000,0,user_0,807,807,
15996,32,170000,510000,user_15,807,807,
16015,33,170000,0,user_36,807,807,
15988,34,160000,195000,user_2,807,807,
15993,35,160000,0,user_8,807,807,
16025,36,150000,0,user_43,807,807,
16026,37,150000,0,user_45,807,807,
16005,38,130000,0,user_25,807,807,
16016,39,130000,0,user_36,807,807,
16010,40,120000,0,user_33,807,807,
16023,41,120000,0,user_41,807,807,
16029,42,100000,0,user_47,807,807,
16002,43,70000,0,user_21,807,807,
16068,,970000,0,user_0,808,,
16069,,3200000,0,user_3,808,,
16070,,160000,15700,user_4,808,,
16071,,100000,0,user_5,808,,
16072,,170000,0,user_5,808,,
16073,,970000,46500,user_6,808,,
16074,,1400000,0,user_6,808,,
16075,,1600000,0,user_7,808,,
16076,,1500000,0,user_7,808,,
16077,,220000,64600,user_8,808,,
16078,,110000,0,user_8,808,,
16079,,910000,0,user_9,808,,
16080,,110000,0,user_10,808,,
16081,,170000,0,user_11,808,,
16082,,600000,0,user_12,808,,
16083,,300000,0,user_13,808,,
16084,,910000,0,user_13,808,,
16085,,3500000,0,user_13,808,,
16086,,83000,0,user_13,808,,
16087,,120000,0,user_14,808,,
16088,,2000000,0,user_14,808,,
16089,,670000,0,user_14,808,,
16090,,170000,0,user_14,808,,
16091,,120000,0,user_15,808,,
16092,,2000000,0,user_16,808,,
16093,,120000,0,user_16,808,,
16094,,2000000,0,user_17,808,,
16095,,4200000,0,user_19,808,,
16096,,220000,0,user_20,808,,
16097,,150000,0,user_21,808,,
16098,,910000,0,user_22,808,,
16099,,130000,0,user_23,808,,
16100,,870000,0,user_24,808,,
16101,,340000,0,user_24,808,,
16102,,120000,0,user_25,808,,
16103,,87000,283000,user_27,808,,
16104,,2300000,0,user_29,808,,
16105,,70000,0,user_29,808,,
16106,,82000,0,user_30,808,,
16107,,1300000,0,user_32,808,,
16108,,77000,0,user_33,808,,
16109,,84000,0,user_34,808,,
16110,,260000,0,user_35,808,,
16111,,120000,13900,user_36,808,,
16112,,170000,0,user_38,808,,
16113,,5000000,0,user_40,808,,
16114,,4500000,0,user_41,808,,
16115,,120000,0,user_42,808,,
16116,,150000,0,user_42,808,,
16117,,3500000,0,user_43,808,,
16118,,420000,0,user_45,808,,
16119,,630000,0,user_46,808,,
16120,,260000,0,user_47,808,,
16121,,82000,56200,user_48,808,,
16122,,150000,0,user_48,808,,
16123,,43000000,0,user_49,808,,
16123,0,43000000,0,user_49,808,808,
16113,1,5000000,0,user_40,808,808,
16114,2,4500000,0,user_41,808,808,
16095,3,4200000,0,user_19,808,808,
16085,4,3500000,0,user_13,808,808,
16117,5,3500000,0,user_43,808,808,
16069,6,3200000,0,user_3,808,808,
16104,7,2300000,0,user_29,808,808,
16088,8,2000000,0,user_14,808,808,
16092,9,2000000,0,user_16,808,808,
16094,10,2000000,0,user_17,808,808,
16075,11,1600000,0,user_7,808,808,
16076,12,1500000,0,user_7,808,808,
16074,13,1400000,0,user_6,808,808,
16107,14,1300000,0,user_32,808,808,
16068,15,970000,0,user_0,808,808,
16073,16,970000,46500,user_6,808,808,
16079,17,910000,0,user_9,808,808,
16084,18,910000,0,user_13,808,808,
16098,19,910000,0,user_22,808,808,
16100,20,870000,0,user_24,808,808,
16089,21,670000,0,user_14,808,808,
16119,22,630000,0,user_46,808,808,
16118,23,420000,0,user_45,808,808,
16101,24,340000,0,user_24,808,808,
16083,25,300000,0,user_13,808,808,
16110,26,260000,0,user_35,808,808,
16120,27,260000,0,user_47,808,808,
16077,28,220000,64600,user_8,808,808,
16096,29,220000,0,user_20,808,808,
16072,30,170000,0,user_5,808,808,
16081,31,170000,0,user_11,808,808,
16090,32,170000,0,user_14,808,808,
16112,33,170000,0,user_38,808,808,
16097,34,150000,0,user_21,808,808,
16116,35,150000,0,user_42,808,808,
16122,36,150000,0,user_48,808,808,
16099,37,130000,0,user_23,808,808,
16087,38,120000,0,user_14,808,808,
16091,39,120000,0,user_15,808,808,
16093,40,120000,0,user_16,808,808,
16102,41,120000,0,user_25,808,808,
16111,42,120000,13900,user_36,808,808,
16115,43,120000,0,user_42,808,808,
16078,44,110000,0,user_8,808,808,
16080,45,110000,0,user_10,808,808,
16071,46,100000,0,user_5,808,808,
16103,47,87000,283000,user_27,808,808,
16109,48,84000,0,user_34,808,808,
16086,49,83000,0,user_13,808,808,
16106,50,82000,0,user_30,808,808,
16121,51,82000,56200,user_48,808,808,
16108,52,77000,0,user_33,808,808,
16105,53,70000,0,user_29,808,808,
16167,,370000,0,user_0,809,,
16168,,2600000,0,user_1,809,,
16169,,220000,0,user_1,809,,
16170,,19000000,0,user_2,809,,
16171,,160000,0,user_3,809,,
16172,,150000,0,user_3,809,,
16173,,220000,0,user_3,809,,
16174,,260000,0,user_4,809,,
16175,,98000,23500,user_4,809,,
16176,,630000,49100,user_4,809,,
16177,,6300000,0,user_6,809,,
16178,,3200000,0,user_6,809,,
16179,,310000,410000,user_7,809,,
16180,,150000,410000,user_9,809,,
16181,,2400000,0,user_9,809,,
16182,,260000,0,user_10,809,,
16183,,1600000,0,user_12,809,,
16184,,27000000,0,user_14,809,,
16185,,1100000,15700,user_14,809,,
16186,,160000,381000,user_15,809,,
16187,,1600000,1100000,user_15,809,,
16188,,2300000,0,user_15,809,,
16189,,1200000,0,user_16,809,,
16190,,150000,0,user_18,809,,
16191,,120000,1100000,user_19,809,,
16192,,350000,0,user_20,809,,
16193,,79000,0,user_21,809,,
16194,,910000,0,user_22,809,,
16195,,460000,0,user_23,809,,
16196,,340000,75000,user_24,809,,
16197,,4500000,0,user_24,809,,
16198,,160000,0,user_26,809,,
16199,,83000,0,user_27,809,,
16200,,1000000,0,user_28,809,,
16201,,660000,0,user_28,809,,
16202,,1600000,0,user_30,809,,
16203,,98000,0,user_30,809,,
16204,,630000,56200,user_30,809,,
16205,,3200000,73100,user_30,809,,
16206,,910000,0,user_32,809,,
16207,,2000000,0,user_32,809,,
16208,,670000,16400,user_32,809,,
16209,,150000,0,user_32,809,,
16210,,110000,0,user_32,809,,
16211,,120000,68100,user_35,809,,
16212,,110000,779000,user_35,809,,
16213,,1100000,0,user_35,809,,
16214,,120000,35100,user_36,809,,
16215,,5000000,15100,user_37,809,,
16216,,1500000,4320000,user_38,809,,
16217,,110000,0,user_39,809,,
16218,,630000,0,user_42,809,,
16219,,310000,0,user_43,809,,
16220,,5200000,0,user_44,809,,
16221,,320000,0,user_46,809,,
16222,,1000000,0,user_47,809,,
16223,,1400000,8520,user_48,809,,
16224,,470000,0,user_49,809,,
16184,0,27000000,0,user_14,809,809,
16170,1,19000000,0,user_2,809,809,
16177,2,6300000,0,user_6,809,809,
16282,3,0,0,builder_4,809,809,16216
16216,4,1500000,4320000,user_38,809,809,
16220,5,5200000,0,user_44,809,809,
16215,6,5000000,15100,user_37,809,809,
16283,7,0,0,builder_4,809,809,16215
16197,8,4500000,0,user_24,809,809,
16284,9,0,0,builder_4,809,809,16205
16205,10,3200000,73100,user_30,809,809,
16178,11,3200000,0,user_6,809,809,
16168,12,2600000,0,user_1,809,809,
16181,13,2400000,0,user_9,809,809,
16207,14,2000000,0,user_32,809,809,
16183,15,1600000,0,user_12,809,809,
16202,16,1600000,0,user_30,809,809,
16223,17,1400000,8520,user_48,809,809,
16285,18,0,0,builder_4,809,809,16223
16286,19,0,0,builder_4,809,809,16191
16191,20,120000,1100000,user_19,809,809,
16189,21,1200000,0,user_16,809,809,
16185,22,1100000,15700,user_14,809,809,
16287,23,0,0,builder_4,809,809,16185
16213,24,1100000,0,user_35,809,809,
16200,25,1000000,0,user_28,809,809,
16194,26,910000,0,user_22,809,809,
16206,27,910000,0,user_32,809,809,
16288,28,0,0,builder_4,809,809,16212
16212,29,110000,779000,user_35,809,809,
16208,30,670000,16400,user_32,809,809,
16289,31,0,0,builder_4,809,809,16208
16204,32,630000,56200,user_30,809,809,
16290,33,0,0,builder_4,809,809,16204
16176,34,630000,49100,user_4,809,809,
16291,35,0,0,builder_4,809,809,16176
16201,36,660000,0,user_28,809,809,
16218,37,630000,0,user_42,809,809,
16292,38,0,0,builder_4,809,809,16180
16180,39,150000,410000,user_9,809,809,
16224,40,470000,0,user_49,809,809,
16195,41,460000,0,user_23,809,809,
16196,42,340000,75000,user_24,809,809,
16293,43,0,0,builder_4,809,809,16196
16167,44,370000,0,user_0,809,809,
16192,45,350000,0,user_20,809,809,
16221,46,320000,0,user_46,809,809,
16219,47,310000,0,user_43,809,809,
16174,48,260000,0,user_4,809,809,
16182,49,260000,0,user_10,809,809,
16169,50,220000,0,user_1,809,809,
16173,51,220000,0,user_3,809,809,
16294,52,0,0,builder_4,809,809,16211
16211,53,120000,68100,user_35,809,809,
16171,54,160000,0,user_3,809,809,
16198,55,160000,0,user_26,809,809,
16295,56,0,0,builder_4,809,809,16214
16214,57,120000,35100,user_36,809,809,
16172,58,150000,0,user_3,809,809,
16190,59,150000,0,user_18,809,809,
16209,60,150000,0,user_32,809,809,
16175,61,98000,23500,user_4,809,809,
16296,62,0,0,builder_4,809,809,16175
16210,63,110000,0,user_32,809,809,
16203,64,98000,0,user_30,809,809,
16199,65,83000,0,user_27,809,809,
16193,66,79000,0,user_21,809,809,
16356,,1500000,42000,user_2,810,,
16357,,600000,0,user_4,810,,
16358,,1000000,0,user_6,810,,
16359,,110000,0,user_7,810,,
16360,,19000000,0,user_8,810,,
16361,,43000000,0,user_9,810,,
16362,,220000,0,user_11,810,,
16363,,420000,256000,user_12,810,,
16364,,6100000,0,user_13,810,,
16365,,240000,0,user_13,810,,
16366,,2100000,0,user_16,810,,
16367,,530000,0,user_16,810,,
16368,,87000,0,user_16,810,,
16369,,2500000,0,user_16,810,,
16370,,350000,0,user_16,810,,
16371,,150000,47700,user_17,810,,
16372,,4500000,0,user_17,810,,
16373,,870000,0,user_17,810,,
16374,,350000,14200,user_19,810,,
16375,,420000,0,user_19,810,,
16376,,3500000,0,user_19,810,,
16377,,2000000,0,user_19,810,,
16378,,2000000,0,user_20,810,,
16379,,650000,0,user_20,810,,
16380,,1500000,0,user_20,810,,
16381,,240000,0,user_20,810,,
16382,,420000,0,user_20,810,,
16383,,370000,0,user_21,810,,
16384,,5000000,0,user_23,810,,
16385,,43000000,0,user_23,810,,
16386,,110000,0,user_23,810,,
16387,,2000000,0,user_23,810,,
16388,,1800000,0,user_25,810,,
16389,,190000,8520,user_26,810,,
16390,,1100000,0,user_27,810,,
16391,,1500000,0,user_27,810,,
16392,,170000,0,user_28,810,,
16393,,150000,0,user_28,810,,
16394,,650000,0,user_29,810,,
16395,,2000000,0,user_31,810,,
16396,,970000,108000,user_32,810,,
16397,,85000,0,user_33,810,,
16398,,910000,68100,user_34,810,,
16399,,300000,0,user_34,810,,
16400,,150000,19700,user_35,810,,
16401,,1700000,0,user_35,810,,
16402,,2000000,0,user_36,810,,
16403,,70000,0,user_37,810,,
16404,,420000,0,user_38,810,,
16405,,1600000,0,user_40,810,,
16406,,2400000,0,user_40,810,,
16407,,1600000,0,user_40,810,,
16408,,220000,0,user_40,810,,
16409,,4200000,15300,user_41,810,,
16410,,77000,0,user_42,810,,
16411,,170000,0,user_43,810,,
16412,,77000,0,user_44,810,,
16413,,85000,0,user_44,810,,
16414,,420000,0,user_46,810,,
16415,,43000000,0,user_47,810,,
16416,,2400000,0,user_48,810,,
16417,,82000,0,user_48,810,,
16418,,530000,0,user_48,810,,
16419,,2000000,350000,user_48,810,,
16420,,870000,0,user_48,810,,
16421,,43000000,0,user_49,810,,
16361,0,43000000,0,user_9,810,810,
16385,1,43000000,0,user_23,810,810,
16415,2,43000000,0,user_47,810,810,
16421,3,43000000,0,user_49,810,810,
16360,4,19000000,0,user_8,810,810,
16364,5,6100000,0,user_13,810,810,
16384,6,5000000,0,user_23,810,810,
16372,7,4500000,0,user_17,810,810,
16409,8,4200000,15300,user_41,810,810,
16376,9,3500000,0,user_19,810,810,
16369,10,2500000,0,user_16,810,810,
16406,11,2400000,0,user_40,810,810,
16416,12,2400000,0,user_48,810,810,
16366,13,2100000,0,user_16,810,810,
16377,14,2000000,0,user_19,810,810,
16378,15,2000000,0,user_20,810,810,
16387,16,2000000,0,user_23,810,810,
16395,17,2000000,0,user_31,810,810,
16402,18,2000000,0,user_36,810,810,
16419,19,2000000,350000,user_48,810,810,
16388,20,1800000,0,user_25,810,810,
16401,21,1700000,0,user_35,810,810,
16405,22,1600000,0,user_40,810,810,
16407,23,1600000,0,user_40,810,810,
16356,24,1500000,42000,user_2,810,810,
16380,25,1500000,0,user_20,810,810,
16391,26,1500000,0,user_27,810,810,
16390,27,1100000,0,user_27,810,810,
16358,28,1000000,0,user_6,810,810,
16396,29,970000,108000,user_32,810,810,
16398,30,910000,68100,user_34,810,810,
16373,31,870000,0,user_17,810,810,
16420,32,870000,0,user_48,810,810,
16379,33,650000,0,user_20,810,810,
16394,34,650000,0,user_29,810,810,
16367,35,530000,0,user_16,810,810,
16418,36,530000,0,user_48,810,810,
16375,37,420000,0,user_19,810,810,
16382,38,420000,0,user_20,810,810,
16404,39,420000,0,user_38,810,810,
16414,40,420000,0,user_46,810,810,
16383,41,370000,0,user_21,810,810,
16370,42,350000,0,user_16,810,810,
16374,43,350000,14200,user_19,810,810,
16399,44,300000,0,user_34,810,810,
16365,45,240000,0,user_13,810,810,
16381,46,240000,0,user_20,810,810,
16362,47,220000,0,user_11,810,810,
16408,48,220000,0,user_40,810,810,
16411,49,170000,0,user_43,810,810,
16371,50,150000,47700,user_17,810,810,
16400,51,150000,19700,user_35,810,810,
16359,52,110000,0,user_7,810,810,
16386,53,110000,0,user_23,810,810,
16368,54,87000,0,user_16,810,810,
16397,55,85000,0,user_33,810,810,
16413,56,85000,0,user_44,810,810,
16417,57,82000,0,user_48,810,810,
16410,58,77000,0,user_42,810,810,
16412,59,77000,0,user_44,810,810,
16492,,1000000,0,user_0,811,,
16493,,30000000,108000,user_1,811,,
16494,,600000,49100,user_2,811,,
16495,,300000,0,user_2,811,,
16496,,1500000,0,user_2,811,,
16497,,970000,0,user_2,811,,
16498,,5000000,0,user_2,811,,
16499,,1400000,0,user_3,811,,
16500,,1100000,0,user_5,811,,
16501,,420000,0,user_6,811,,
16502,,220000,0,user_7,811,,
16503,,110000,0,user_8,811,,
16504,,1700000,0,user_11,811,,
16505,,1600000,0,user_14,811,,
16506,,3600000,0,user_15,811,,
16507,,110000,0,user_16,811,,
16508,,2000000,0,user_17,811,,
16509,,1200000,155000,user_18,811,,
16510,,220000,0,user_19,811,,
16511,,3600000,0,user_20,811,,
16512,,27000000,195000,user_20,811,,
16513,,300000,0,user_21,811,,
16514,,2100000,161000,user_22,811,,
16515,,1100000,0,user_22,811,,
16516,,82000,0,user_24,811,,
16517,,460000,0,user_25,811,,
16518,,2100000,0,user_26,811,,
16519,,43000000,0,user_27,811,,
16520,,110000,0,user_27,811,,
16521,,420000,0,user_27,811,,
16522,,1500000,0,user_27,811,,
16523,,130000,0,user_28,811,,
16524,,130000,0,user_30,811,,
16525,,120000,0,user_32,811,,
16526,,150000,181000,user_33,811,,
16527,,460000,0,user_34,811,,
16528,,1000000,31700,user_35,811,,
16529,,460000,0,user_36,811,,
16530,,240000,0,user_38,811,,
16531,,150000,0,user_38,811,,
16532,,82000,67900,user_39,811,,
16533,,190000,0,user_39,811,,
16534,,43000000,15300,user_40,811,,
16535,,4500000,0,user_40,811,,
16536,,150000,0,user_41,811,,
16537,,160000,0,user_41,811,,
16538,,530000,0,user_43,811,,
16539,,650000,0,user_44,811,,
16540,,600000,0,user_44,811,,
16541,,6300000,0,user_45,811,,
16542,,110000,0,user_45,811,,
16543,,1500000,0,user_47,811,,
16544,,4200000,0,user_48,811,,
16545,,82000,46500,user_49,811,,
16519,0,43000000,0,user_27,811,811,
16534,1,43000000,15300,user_40,811,811,
16493,2,30000000,108000,user_1,811,811,
16512,3,27000000,195000,user_20,811,811,
16541,4,6300000,0,user_45,811,811,
16498,5,5000000,0,user_2,811,811,
16535,6,4500000,0,user_40,811,811,
16544,7,4200000,0,user_48,811,811,
16506,8,3600000,0,user_15,811,811,
16511,9,3600000,0,user_20,811,811,
16514,10,2100000,161000,user_22,811,811,
16518,11,2100000,0,user_26,811,811,
16508,12,2000000,0,user_17,811,811,
16505,13,1600000,0,user_14,811,811,
16496,14,1500000,0,user_2,811,811,
16522,15,1500000,0,user_27,811,811,
16543,16,1500000,0,user_47,811,811,
16509,17,1200000,155000,user_18,811,811,
16515,18,1100000,0,user_22,811,811,
16492,19,1000000,0,user_0,811,811,
16497,20,970000,0,user_2,811,811,
16539,21,650000,0,user_44,811,811,
16494,22,600000,49100,user_2,811,811,
16540,23,600000,0,user_44,811,811,
16538,24,530000,0,user_43,811,811,
16517,25,460000,0,user_25,811,811,
16527,26,460000,0,user_34,811,811,
16501,27,420000,0,user_6,811,811,
16521,28,420000,0,user_27,811,811,
16495,29,300000,0,user_2,811,811,
16513,30,300000,0,user_21,811,811,
16530,31,240000,0,user_38,811,811,
16502,32,220000,0,user_7,811,811,
16510,33,220000,0,user_19,811,811,
16533,34,190000,0,user_39,811,811,
16537,35,160000,0,user_41,811,811,
16531,36,150000,0,user_38,811,811,
16536,37,150000,0,user_41,811,811,
16523,38,130000,0,user_28,811,811,
16524,39,130000,0,user_30,811,811,
16503,40,110000,0,user_8,811,811,
16507,41,110000,0,user_16,811,811,
16520,42,110000,0,user_27,811,811,
16542,43,110000,0,user_45,811,811,
16516,44,82000,0,user_24,811,811,
16532,45,82000,67900,user_39,811,811,
16618,,1100000,16400,user_0,812,,
16619,,1400000,0,user_0,812,,
16620,,2000000,0,user_2,812,,
16621,,160000,7840,user_3,812,,
16622,,3600000,0,user_6,812,,
16623,,160000,0,user_8,812,,
16624,,1400000,0,user_8,812,,
16625,,170000,5640,user_10,812,,
16626,,170000,0,user_11,812,,
16627,,110000,75000,user_11,812,,
16628,,6300000,0,user_12,812,,
16629,,340000,23500,user_12,812,,
16630,,150000,64600,user_12,812,,
16631,,100000,0,user_12,812,,
16632,,1500000,0,user_14,812,,
16633,,150000,13800,user_16,812,,
16634,,260000,0,user_20,812,,
16635,,150000,0,user_20,812,,
16636,,1300000,5640,user_20,812,,
16637,,360000,5640,user_20,812,,
16638,,910000,0,user_20,812,,
16639,,110000,0,user_21,812,,
16640,,910000,0,user_22,812,,
16641,,79000,0,user_23,812,,
16642,,100000,0,user_25,812,,
16643,,2000000,0,user_27,812,,
16644,,2500000,0,user_28,812,,
16645,,43000000,0,user_29,812,,
16646,,220000,0,user_30,812,,
16647,,30000000,0,user_31,812,,
16648,,300000,0,user_33,812,,
16649,,150000,0,user_34,812,,
16650,,87000,0,user_35,812,,
16651,,320000,0,user_36,812,,
16652,,43000000,0,user_38,812,,
16653,,630000,0,user_39,812,,
16654,,360000,0,user_39,812,,
16655,,1100000,0,user_41,812,,
16656,,160000,0,user_42,812,,
16657,,1100000,0,user_42,812,,
16658,,4500000,0,user_43,812,,
16659,,1400000,0,user_44,812,,
16660,,220000,0,user_45,812,,
16661,,2500000,0,user_45,812,,
16662,,3200000,0,user_46,812,,
16663,,910000,100000,user_47,812,,
16664,,190000,68100,user_48,812,,
16665,,3500000,0,user_49,812,,
16645,0,43000000,0,user_29,812,812,
16652,1,43000000,0,user_38,812,812,
16647,2,30000000,0,user_31,812,812,
16628,3,6300000,0,user_12,812,812,
16658,4,4500000,0,user_43,812,812,
16622,5,3600000,0,user_6,812,812,
16665,6,3500000,0,user_49,812,812,
16662,7,3200000,0,user_46,812,812,
16644,8,2500000,0,user_28,812,812,
16661,9,2500000,0,user_45,812,812,
16620,10,2000000,0,user_2,812,812,
16643,11,2000000,0,user_27,812,812,
16632,12,1500000,0,user_14,812,812,
16619,13,1400000,0,user_0,812,812,
16624,14,1400000,0,user_8,812,812,
16659,15,1400000,0,user_44,812,812,
16636,16,1300000,5640,user_20,812,812,
16699,17,0,0,builder_4,812,812,16636
16700,18,0,0,builder_4,812,812,16618
16618,19,1100000,16400,user_0,812,812,
16655,20,1100000,0,user_41,812,812,
16657,21,1100000,0,user_42,812,812,
16638,22,910000,0,user_20,812,812,
16640,23,910000,0,user_22,812,812,
16701,24,0,0,builder_4,812,812,16637
16637,25,360000,5640,user_20,812,812,
16629,26,340000,23500,user_12,812,812,
16702,27,0,0,builder_4,812,812,16629
16651,28,320000,0,user_36,812,812,
16648,29,300000,0,user_33,812,812,
16634,30,260000,0,user_20,812,812,
16664,31,190000,68100,user_48,812,812,
16703,32,0,0,builder_4,812,812,16664
16646,33,220000,0,user_30,812,812,
16660,34,220000,0,user_45,812,812,
16630,35,150000,64600,user_12,812,812,
16704,36,0,0,builder_4,812,812,16630
16627,37,110000,75000,user_11,812,812,
16705,38,0,0,builder_4,812,812,16627
16706,39,0,0,builder_4,812,812,16625
16625,40,170000,5640,user_10,812,812,
16626,41,170000,0,user_11,812,812,
16707,42,0,0,builder_4,812,812,16621
16621,43,160000,7840,user_3,812,812,
16633,44,150000,13800,user_16,812,812,
16708,45,0,0,builder_4,812,812,16633
16623,46,160000,0,user_8,812,812,
16656,47,160000,0,user_42,812,812,
16635,48,150000,0,user_20,812,812,
16649,49,150000,0,user_34,812,812,
16639,50,110000,0,user_21,812,812,
16631,51,100000,0,user_12,812,812,
16642,52,100000,0,user_25,812,812,
16650,53,87000,0,user_35,812,812,
16641,54,79000,0,user_23,812,812,
16743,,4200000,0,user_0,813,,
16744,,5000000,0,user_1,813,,
16745,,1800000,0,user_2,813,,
16746,,110000,0,user_3,813,,
16747,,84000,0,user_4,813,,
16748,,1100000,0,user_4,813,,
16749,,600000,0,user_6,813,,
16750,,5200000,0,user_7,813,,
16751,,240000,0,user_9,813,,
16752,,340000,0,user_9,813,,
16753,,470000,0,user_10,813,,
16754,,870000,0,user_11,813,,
16755,,5200000,0,user_12,813,,
16756,,120000,0,user_13,813,,
16757,,670000,0,user_14,813,,
16758,,150000,0,user_15,813,,
16759,,160000,42000,user_16,813,,
16760,,3500000,0,user_17,813,,
16761,,100000,0,user_17,813,,
16762,,150000,0,user_18,813,,
16763,,82000,39400,user_19,813,,
16764,,1000000,0,user_19,813,,
16765,,2100000,0,user_19,813,,
16766,,660000,0,user_19,813,,
16767,,1200000,769000,user_19,813,,
16768,,83000,139000,user_20,813,,
16769,,160000,0,user_20,813,,
16770,,3500000,0,user_21,813,,
16771,,1500000,0,user_22,813,,
16772,,1800000,0,user_23,813,,
16773,,30000000,0,user_24,813,,
16774,,2500000,0,user_25,813,,
16775,,1600000,13800,user_26,813,,
16776,,2000000,0,user_27,813,,
16777,,1400000,0,user_27,813,,
16778,,5200000,0,user_28,813,,
16779,,3500000,0,user_30,813,,
16780,,30000000,161000,user_30,813,,
16781,,460000,0,user_32,813,,
16782,,1500000,0,user_33,813,,
16783,,1000000,33300,user_35,813,,
16784,,1600000,0,user_35,813,,
16785,,2000000,0,user_35,813,,
16786,,1700000,0,user_36,813,,
16787,,1000000,322000,user_36,813,,
16788,,660000,0,user_36,813,,
16789,,110000,0,user_38,813,,
16790,,3600000,0,user_39,813,,
16791,,310000,0,user_39,813,,
16792,,300000,0,user_40,813,,
16793,,1400000,0,user_41,813,,
16794,,73000,0,user_42,813,,
16795,,120000,0,user_42,813,,
16796,,100000,0,user_43,813,,
16797,,1500000,0,user_45,813,,
16798,,870000,0,user_45,813,,
16799,,220000,0,user_45,813,,
16800,,110000,0,user_45,813,,
16801,,300000,0,user_48,813,,
16802,,19000000,64600,user_48,813,,
16803,,80000,0,user_49,813,,
16780,0,30000000,161000,user_30,813,813,
16835,1,0,0,builder_4,813,813,16780
16773,2,30000000,0,user_24,813,813,
16836,3,0,0,builder_4,813,813,16802
16802,4,19000000,64600,user_48,813,813,
16755,5,5200000,0,user_12,813,813,
16778,6,5200000,0,user_28,813,813,
16744,7,5000000,0,user_1,813,813,
16743,8,4200000,0,user_0,813,813,
16760,9,3500000,0,user_17,813,813,
16770,10,3500000,0,user_21,813,813,
16779,11,3500000,0,user_30,813,813,
16774,12,2500000,0,user_25,813,813,
16765,13,2100000,0,user_19,813,813,
16776,14,2000000,0,user_27,813,813,
16785,15,2000000,0,user_35,813,813,
16837,16,0,0,builder_4,813,813,16767
16767,17,1200000,769000,user_19,813,813,
16745,18,1800000,0,user_2,813,813,
16772,19,1800000,0,user_23,813,813,
16786,20,1700000,0,user_36,813,813,
16775,21,1600000,13800,user_26,813,813,
16838,22,0,0,builder_4,813,813,16775
16784,23,1600000,0,user_35,813,813,
16771,24,1500000,0,user_22,813,813,
16782,25,1500000,0,user_33,813,813,
16797,26,1500000,0,user_45,813,813,
16777,27,1400000,0,user_27,813,813,
16793,28,1400000,0,user_41,813,813,
16787,29,1000000,322000,user_36,813,813,
16839,30,0,0,builder_4,813,813,16787
16748,31,1100000,0,user_4,813,813,
16840,32,0,0,builder_4,813,813,16783
16783,33,1000000,33300,user_35,813,813,
16764,34,1000000,0,user_19,813,813,
16754,35,870000,0,user_11,813,813,
16798,36,870000,0,user_45,813,813,
16757,37,670000,0,user_14,813,813,
16766,38,660000,0,user_19,813,813,
16788,39,660000,0,user_36,813,813,
16749,40,600000,0,user_6,813,813,
16753,41,470000,0,user_10,813,813,
16781,42,460000,0,user_32,813,813,
16752,43,340000,0,user_9,813,813,
16792,44,300000,0,user_40,813,813,
16801,45,300000,0,user_48,813,813,
16751,46,240000,0,user_9,813,813,
16841,47,0,0,builder_4,813,813,16768
16768,48,83000,139000,user_20,813,813,
16799,49,220000,0,user_45,813,813,
16759,50,160000,42000,user_16,813,813,
16842,51,0,0,builder_4,813,813,16759
16769,52,160000,0,user_20,813,813,
16762,53,150000,0,user_18,813,813,
16763,54,82000,39400,user_19,813,813,
16843,55,0,0,builder_4,813,813,16763
16756,56,120000,0,user_13,813,813,
16795,57,120000,0,user_42,813,813,
16746,58,110000,0,user_3,813,813,
16789,59,110000,0,user_38,813,813,
16800,60,110000,0,user_45,813,813,
16761,61,100000,0,user_17,813,813,
16796,62,100000,0,user_43,813,813,
16747,63,84000,0,user_4,813,813,
16803,64,80000,0,user_49,813,813,
16794,65,73000,0,user_42,813,813,
16870,,2000000,0,user_0,814,,
16871,,27000000,0,user_0,814,,
16872,,600000,0,user_1,814,,
16873,,83000,181000,user_1,814,,
16874,,170000,0,user_4,814,,
16875,,120000,0,user_4,814,,
16876,,170000,0,user_4,814,,
16877,,910000,0,user_4,814,,
16878,,19000000,0,user_5,814,,
16879,,3600000,11200,user_5,814,,
16880,,98000,0,user_9,814,,
16881,,100000,0,user_11,814,,
16882,,1600000,0,user_12,814,,
16883,,1700000,0,user_14,814,,
16884,,3600000,0,user_16,814,,
16885,,630000,0,user_17,814,,
16886,,970000,0,user_17,814,,
16887,,43000000,0,user_18,814,,
16888,,970000,0,user_18,814,,
16889,,3600000,0,user_18,814,,
16890,,1300000,0,user_18,814,,
16891,,190000,0,user_18,814,,
16892,,1400000,16400,user_20,814,,
16893,,150000,0,user_21,814,,
16894,,220000,0,user_22,814,,
16895,,4500000,0,user_24,814,,
16896,,1100000,33300,user_24,814,,
16897,,630000,0,user_25,814,,
16898,,300000,0,user_25,814,,
16899,,70000,0,user_25,814,,
16900,,110000,0,user_26,814,,
16901,,170000,0,user_27,814,,
16902,,77000,769000,user_28,814,,
16903,,83000,7840,user_29,814,,
16904,,1800000,0,user_30,814,,
16905,,120000,0,user_31,814,,
16906,,160000,0,user_32,814,,
16907,,220000,0,user_35,814,,
16908,,170000,0,user_36,814,,
16909,,670000,0,user_40,814,,
16910,,170000,0,user_41,814,,
16911,,650000,0,user_41,814,,
16912,,3500000,0,user_42,814,,
16913,,1000000,0,user_42,814,,
16914,,110000,64600,user_43,814,,
16915,,5000000,0,user_43,814,,
16916,,120000,0,user_44,814,,
16917,,2000000,0,user_45,814,,
16918,,150000,0,user_45,814,,
16919,,6100000,0,user_46,814,,
16920,,600000,12800,user_49,814,,
16921,,220000,0,user_49,814,,
16922,,98000,0,user_49,814,,
16887,0,43000000,0,user_18,814,814,
16871,1,27000000,0,user_0,814,814,
16878,2,19000000,0,user_5,814,814,
16919,3,6100000,0,user_46,814,814,
16915,4,5000000,0,user_43,814,814,
16895,5,4500000,0,user_24,814,814,
16879,6,3600000,11200,user_5,814,814,
16884,7,3600000,0,user_16,814,814,
16889,8,3600000,0,user_18,814,814,
16912,9,3500000,0,user_42,814,814,
16870,10,2000000,0,user_0,814,814,
16917,11,2000000,0,user_45,814,814,
16904,12,1800000,0,user_30,814,814,
16883,13,1700000,0,user_14,814,814,
16882,14,1600000,0,user_12,814,814,
16890,15,1300000,0,user_18,814,814,
16896,16,1100000,33300,user_24,814,814,
16913,17,1000000,0,user_42,814,814,
16886,18,970000,0,user_17,814,814,
16888,19,970000,0,user_18,814,814,
16877,20,910000,0,user_4,814,814,
16909,21,670000,0,user_40,814,814,
16885,22,630000,0,user_17,814,814,
16897,23,630000,0,user_25,814,814,
16920,24,600000,12800,user_49,814,814,
16898,25,300000,0,user_25,814,814,
16894,26,220000,0,user_22,814,814,
16907,27,220000,0,user_35,814,814,
16921,28,220000,0,user_49,814,814,
16891,29,190000,0,user_18,814,814,
16874,30,170000,0,user_4,814,814,
16876,31,170000,0,user_4,814,814,
16901,32,170000,0,user_27,814,814,
16908,33,170000,0,user_36,814,814,
16906,34,160000,0,user_32,814,814,
16893,35,150000,0,user_21,814,814,
16918,36,150000,0,user_45,814,814,
16875,37,120000,0,user_4,814,814,
16916,38,120000,0,user_44,814,814,
16900,39,110000,0,user_26,814,814,
16914,40,110000,64600,user_43,814,814,
16881,41,100000,0,user_11,814,814,
16880,42,98000,0,user_9,814,814,
16922,43,98000,0,user_49,814,814,
16903,44,83000,7840,user_29,814,814,
16902,45,77000,769000,user_28,814,814,
16899,46,70000,0,user_25,814,814,
16980,,260000,0,user_0,815,,
16981,,2300000,6390,user_0,815,,
16982,,670000,0,user_1,815,,
16983,,2000000,0,user_2,815,,
16984,,1300000,0,user_2,815,,
16985,,150000,0,user_4,815,,
16986,,43000000,71800,user_4,815,,
16987,,27000000,0,user_5,815,,
16988,,2100000,181000,user_5,815,,
16989,,120000,139000,user_6,815,,
16990,,110000,0,user_7,815,,
16991,,6100000,779000,user_9,815,,
16992,,1500000,0,user_10,815,,
16993,,340000,128000,user_11,815,,
16994,,220000,350000,user_12,815,,
16995,,420000,0,user_12,815,,
16996,,630000,0,user_12,815,,
16997,,1500000,0,user_12,815,,
16998,,160000,0,user_13,815,,
16999,,4500000,0,user_15,815,,
17000,,1200000,0,user_15,815,,
17001,,73000,16400,user_16,815,,
17002,,350000,0,user_17,815,,
17003,,1900000,0,user_18,815,,
17004,,43000000,0,user_18,815,,
17005,,4200000,0,user_19,815,,
17006,,120000,1100000,user_20,815,,
17007,,84000,0,user_22,815,,
17008,,110000,0,user_22,815,,
17009,,98000,32900,user_22,815,,
17010,,73000,0,user_22,815,,
17011,,670000,0,user_24,815,,
17012,,84000,0,user_25,815,,
17013,,70000,35100,user_25,815,,
17014,,120000,0,user_25,815,,
17015,,110000,0,user_25,815,,
17016,,1600000,0,user_25,815,,
17017,,1000000,0,user_26,815,,
17018,,150000,959000,user_26,815,,
17019,,160000,1100000,user_26,815,,
17020,,1000000,0,user_26,815,,
17021,,120000,0,user_26,815,,
17022,,350000,0,user_27,815,,
17023,,240000,285000,user_28,815,,
17024,,120000,0,user_29,815,,
17025,,660000,0,user_29,815,,
17026,,100000,0,user_30,815,,
17027,,530000,0,user_31,815,,
17028,,120000,0,user_32,815,,
17029,,82000,0,user_33,815,,
17030,,1700000,0,user_33,815,,
17031,,300000,16400,user_34,815,,
17032,,2500000,0,user_35,815,,
17033,,2000000,0,user_36,815,,
17034,,660000,12800,user_37,815,,
17035,,170000,0,user_39,815,,
17036,,460000,0,user_39,815,,
17037,,340000,0,user_40,815,,
17038,,460000,0,user_40,815,,
17039,,160000,17700000,user_40,815,,
17040,,73000,0,user_40,815,,
17041,,650000,17000,user_40,815,,
17042,,6100000,0,user_41,815,,
17043,,1500000,75000,user_42,815,,
17044,,150000,0,user_44,815,,
17045,,240000,0,user_44,815,,
17046,,150000,0,user_45,815,,
17047,,130000,0,user_46,815,,
17048,,420000,0,user_47,815,,
17049,,1400000,0,user_48,815,,
17050,,1400000,71800,user_49,815,,
16986,0,43000000,71800,user_4,815,815,
17131,1,0,0,builder_5,815,815,16986
17004,2,43000000,0,user_18,815,815,
16987,3,27000000,0,user_5,815,815,
16991,4,6100000,779000,user_9,815,815,
17132,5,0,0,builder_5,815,815,16991
17042,6,6100000,0,user_41,815,815,
16999,7,4500000,0,user_15,815,815,
17005,8,4200000,0,user_19,815,815,
17032,9,2500000,0,user_35,815,815,
17133,10,0,0,builder_5,815,815,16981
16981,11,2300000,6390,user_0,815,815,
17134,12,0,0,builder_5,815,815,16988
16988,13,2100000,181000,user_5,815,815,
16983,14,2000000,0,user_2,815,815,
17033,15,2000000,0,user_36,815,815,
17003,16,1900000,0,user_18,815,815,
17030,17,1700000,0,user_33,815,815,
17016,18,1600000,0,user_25,815,815,
17135,19,0,0,builder_5,815,815,17043
17043,20,1500000,75000,user_42,815,815,
16992,21,1500000,0,user_10,815,815,
16997,22,1500000,0,user_12,815,815,
17136,23,0,0,builder_5,815,815,17050
17050,24,1400000,71800,user_49,815,815,
17049,25,1400000,0,user_48,815,815,
16984,26,1300000,0,user_2,815,815,
17137,27,0,0,builder_5,815,815,17019
17019,28,160000,1100000,user_26,815,815,
17138,29,0,0,builder_5,815,815,17006
17006,30,120000,1100000,user_20,815,815,
17000,31,1200000,0,user_15,815,815,
17018,32,150000,959000,user_26,815,815,
17139,33,0,0,builder_5,815,815,17018
17017,34,1000000,0,user_26,815,815,
17020,35,1000000,0,user_26,815,815,
17140,36,0,0,builder_5,815,815,17034
17034,37,660000,12800,user_37,815,815,
16982,38,670000,0,user_1,815,815,
17011,39,670000,0,user_24,815,815,
16996,40,630000,0,user_12,815,815,
17141,41,0,0,builder_5,815,815,16994
16994,42,220000,350000,user_12,815,815,
17027,43,530000,0,user_31,815,815,
17142,44,0,0,builder_5,815,815,17023
17023,45,240000,285000,user_28,815,815,
17143,46,0,0,builder_5,815,815,16993
16993,47,340000,128000,user_11,815,815,
17036,48,460000,0,user_39,815,815,
16995,49,420000,0,user_12,815,815,
17048,50,420000,0,user_47,815,815,
16980,51,260000,0,user_0,815,815,
17144,52,0,0,builder_5,815,815,16989
16989,53,120000,139000,user_6,815,815,
17035,54,170000,0,user_39,815,815,
16998,55,160000,0,user_13,815,815,
16985,56,150000,0,user_4,815,815,
17046,57,150000,0,user_45,815,815,
17014,58,120000,0,user_25,815,815,
17021,59,120000,0,user_26,815,815,
17028,60,120000,0,user_32,815,815,
16990,61,110000,0,user_7,815,815,
17015,62,110000,0,user_25,815,815,
17013,63,70000,35100,user_25,815,815,
17145,64,0,0,builder_5,815,815,17013
17146,65,0,0,builder_5,815,815,17001
17001,66,73000,16400,user_16,815,815,
17012,67,84000,0,user_25,815,815,
17029,68,82000,0,user_33,815,815,
17191,,420000,0,user_1,816,,
17192,,98000,0,user_3,816,,
17193,,30000000,0,user_3,816,,
17194,,80000,0,user_4,816,,
17195,,5000000,0,user_6,816,,
17196,,160000,959000,user_7,816,,
17197,,1400000,121000,user_7,816,,
17198,,310000,19700,user_11,816,,
17199,,870000,0,user_12,816,,
17200,,84000,0,user_12,816,,
17201,,1600000,0,user_13,816,,
17202,,1200000,0,user_13,816,,
17203,,1000000,0,user_14,816,,
17204,,340000,13800,user_16,816,,
17205,,83000,0,user_17,816,,
17206,,310000,181000,user_18,816,,
17207,,1400000,13900,user_18,816,,
17208,,84000,0,user_19,816,,
17209,,1600000,0,user_20,816,,
17210,,84000,0,user_21,816,,
17211,,82000,0,user_22,816,,
17212,,1000000,0,user_23,816,,
17213,,650000,0,user_24,816,,
17214,,4200000,0,user_24,816,,
17215,,120000,0,user_25,816,,
17216,,130000,0,user_26,816,,
17217,,130000,0,user_26,816,,
17218,,240000,0,user_27,816,,
17219,,1500000,0,user_28,816,,
17220,,910000,0,user_29,816,,
17221,,420000,0,user_30,816,,
17222,,240000,0,user_30,816,,
17223,,3600000,0,user_30,816,,
17224,,27000000,0,user_31,816,,
17225,,2000000,779000,user_31,816,,
17226,,870000,0,user_31,816,,
17227,,27000000,0,user_32,816,,
17228,,220000,7840,user_33,816,,
17229,,530000,296000,user_33,816,,
17230,,360000,35100,user_34,816,,
17231,,4200000,769000,user_35,816,,
17232,,1600000,0,user_36,816,,
17233,,120000,0,user_37,816,,
17234,,170000,369000,user_39,816,,
17235,,910000,0,user_39,816,,
17236,,110000,0,user_40,816,,
17237,,1300000,0,user_42,816,,
17238,,77000,33100,user_44,816,,
17239,,360000,0,user_44,816,,
17240,,82000,0,user_45,816,,
17241,,1000000,0,user_48,816,,
17193,0,30000000,0,user_3,816,816,
17224,1,27000000,0,user_31,816,816,
17227,2,27000000,0,user_32,816,816,
17195,3,5000000,0,user_6,816,816,
17214,4,4200000,0,user_24,816,816,
17231,5,4200000,769000,user_35,816,816,
17223,6,3600000,0,user_30,816,816,
17225,7,2000000,779000,user_31,816,816,
17201,8,1600000,0,user_13,816,816,
17209,9,1600000,0,user_20,816,816,
17232,10,1600000,0,user_36,816,816,
17219,11,1500000,0,user_28,816,816,
17197,12,1400000,121000,user_7,816,816,
17207,13,1400000,13900,user_18,816,816,
17237,14,1300000,0,user_42,816,816,
17202,15,1200000,0,user_13,816,816,
17203,16,1000000,0,user_14,816,816,
17212,17,1000000,0,user_23,816,816,
17241,18,1000000,0,user_48,816,816,
17235,19,910000,0,user_39,816,816,
17199,20,870000,0,user_12,816,816,
17226,21,870000,0,user_31,816,816,
17213,22,650000,0,user_24,816,816,
17229,23,530000,296000,user_33,816,816,
17191,24,420000,0,user_1,816,816,
17221,25,420000,0,user_30,816,816,
17230,26,360000,35100,user_34,816,816,
17239,27,360000,0,user_44,816,816,
17198,28,310000,19700,user_11,816,816,
17206,29,310000,181000,user_18,816,816,
17218,30,240000,0,user_27,816,816,
17222,31,240000,0,user_30,816,816,
17228,32,220000,7840,user_33,816,816,
17234,33,170000,369000,user_39,816,816,
17196,34,160000,959000,user_7,816,816,
17216,35,130000,0,user_26,816,816,
17217,36,130000,0,user_26,816,816,
17236,37,110000,0,user_40,816,816,
17192,38,98000,0,user_3,816,816,
17200,39,84000,0,user_12,816,816,
17208,40,84000,0,user_19,816,816,
17210,41,84000,0,user_21,816,816,
17211,42,82000,0,user_22,816,816,
17194,43,80000,0,user_4,816,816,
17238,44,77000,33100,user_44,816,816,
17331,,600000,0,user_0,817,,
17332,,150000,0,user_0,817,,
17333,,310000,0,user_2,817,,
17334,,3200000,0,user_2,817,,
17335,,120000,0,user_3,817,,
17336,,110000,0,user_4,817,,
17337,,2600000,0,user_6,817,,
17338,,1500000,0,user_9,817,,
17339,,79000,0,user_10,817,,
17340,,1500000,0,user_15,817,,
17341,,150000,0,user_18,817,,
17342,,160000,0,user_18,817,,
17343,,79000,0,user_19,817,,
17344,,120000,0,user_20,817,,
17345,,530000,0,user_21,817,,
17346,,6300000,139000,user_22,817,,
17347,,110000,0,user_23,817,,
17348,,1400000,0,user_23,817,,
17349,,110000,0,user_24,817,,
17350,,300000,0,user_25,817,,
17351,,110000,0,user_25,817,,
17352,,43000000,0,user_26,817,,
17353,,1500000,0,user_27,817,,
17354,,1800000,0,user_28,817,,
17355,,1500000,0,user_29,817,,
17356,,1000000,0,user_30,817,,
17357,,110000,0,user_30,817,,
17358,,120000,64600,user_33,817,,
17359,,660000,21800,user_33,817,,
17360,,6300000,0,user_34,817,,
17361,,460000,0,user_38,817,,
17362,,1000000,0,user_39,817,,
17363,,1300000,0,user_40,817,,
17364,,190000,12300,user_40,817,,
17365,,970000,0,user_40,817,,
17366,,260000,0,user_40,817,,
17367,,260000,296000,user_41,817,,
17368,,2300000,0,user_42,817,,
17369,,4200000,14200,user_43,817,,
17370,,460000,0,user_44,817,,
17371,,1200000,0,user_45,817,,
17372,,2000000,0,user_45,817,,
17373,,120000,0,user_46,817,,
17374,,1500000,0,user_46,817,,
17375,,260000,56200,user_46,817,,
17376,,6100000,322000,user_46,817,,
17377,,460000,0,user_47,817,,
17378,,870000,0,user_48,817,,
17379,,30000000,0,user_49,817,,
17352,0,43000000,0,user_26,817,817,
17379,1,30000000,0,user_49,817,817,
17346,2,6300000,139000,user_22,817,817,
17409,3,0,0,builder_4,817,817,17346
17410,4,0,0,builder_4,817,817,17376
17376,5,6100000,322000,user_46,817,817,
17360,6,6300000,0,user_34,817,817,
17369,7,4200000,14200,user_43,817,817,
17411,8,0,0,builder_4,817,817,17369
17334,9,3200000,0,user_2,817,817,
17337,10,2600000,0,user_6,817,817,
17368,11,2300000,0,user_42,817,817,
17372,12,2000000,0,user_45,817,817,
17354,13,1800000,0,user_28,817,817,
17338,14,1500000,0,user_9,817,817,
17353,15,1500000,0,user_27,817,817,
17355,16,1500000,0,user_29,817,817,
17374,17,1500000,0,user_46,817,817,
17348,18,1400000,0,user_23,817,817,
17363,19,1300000,0,user_40,817,817,
17371,20,1200000,0,user_45,817,817,
17356,21,1000000,0,user_30,817,817,
17365,22,970000,0,user_40,817,817,
17378,23,870000,0,user_48,817,817,
17359,24,660000,21800,user_33,817,817,
17412,25,0,0,builder_4,817,817,17359
17331,26,600000,0,user_0,817,817,
17367,27,260000,296000,user_41,817,817,
17413,28,0,0,builder_4,817,817,17367
17345,29,530000,0,user_21,817,817,
17361,30,460000,0,user_38,817,817,
17370,31,460000,0,user_44,817,817,
17414,32,0,0,builder_4,817,817,17375
17375,33,260000,56200,user_46,817,817,
17333,34,310000,0,user_2,817,817,
17350,35,300000,0,user_25,817,817,
17366,36,260000,0,user_40,817,817,
17415,37,0,0,builder_4,817,817,17364
17364,38,190000,12300,user_40,817,817,
17358,39,120000,64600,user_33,817,817,
17416,40,0,0,builder_4,817,817,17358
17342,41,160000,0,user_18,817,817,
17332,42,150000,0,user_0,817,817,
17341,43,150000,0,user_18,817,817,
17335,44,120000,0,user_3,817,817,
17344,45,120000,0,user_20,817,817,
17373,46,120000,0,user_46,817,817,
17336,47,110000,0,user_4,817,817,
17347,48,110000,0,user_23,817,817,
17349,49,110000,0,user_24,817,817,
17351,50,110000,0,user_25,817,817,
17357,51,110000,0,user_30,817,817,
17339,52,79000,0,user_10,817,817,
17343,53,79000,0,user_19,817,817,
17434,,98000,0,user_1,818,,
17435,,80000,0,user_1,818,,
17436,,160000,0,user_2,818,,
17437,,650000,0,user_3,818,,
17438,,1400000,0,user_6,818,,
17439,,360000,0,user_7,818,,
17440,,220000,13900,user_10,818,,
17441,,1500000,0,user_12,818,,
17442,,220000,0,user_13,818,,
17443,,130000,0,user_14,818,,
17444,,600000,0,user_15,818,,
17445,,77000,0,user_16,818,,
17446,,220000,0,user_18,818,,
17447,,1800000,0,user_21,818,,
17448,,77000,0,user_21,818,,
17449,,260000,0,user_21,818,,
17450,,4200000,0,user_21,818,,
17451,,2400000,0,user_24,818,,
17452,,77000,0,user_26,818,,
17453,,600000,0,user_27,818,,
17454,,260000,0,user_29,818,,
17455,,650000,0,user_30,818,,
17456,,1800000,0,user_30,818,,
17457,,43000000,0,user_30,818,,
17458,,2000000,46500,user_32,818,,
17459,,83000,34700,user_34,818,,
17460,,370000,215000,user_35,818,,
17461,,120000,139000,user_35,818,,
17462,,170000,68100,user_37,818,,
17463,,2400000,0,user_37,818,,
17464,,84000,0,user_40,818,,
17465,,87000,0,user_40,818,,
17466,,220000,0,user_41,818,,
17467,,870000,256000,user_42,818,,
17468,,2100000,285000,user_45,818,,
17469,,2000000,0,user_46,818,,
17470,,2000000,0,user_47,818,,
17471,,130000,0,user_47,818,,
17472,,320000,0,user_48,818,,
17473,,83000,0,user_49,818,,
17457,0,43000000,0,user_30,818,818,
17450,1,4200000,0,user_21,818,818,
17463,2,2400000,0,user_37,818,818,
17458,3,2000000,46500,user_32,818,818,
17474,4,0,0,builder_0,818,818,17458
17469,5,2000000,0,user_46,818,818,
17470,6,2000000,0,user_47,818,818,
17447,7,1800000,0,user_21,818,818,
17456,8,1800000,0,user_30,818,818,
17438,9,1400000,0,user_6,818,818,
17475,10,0,0,builder_0,818,818,17467
17467,11,870000,256000,user_42,818,818,
17437,12,650000,0,user_3,818,818,
17455,13,650000,0,user_30,818,818,
17453,14,600000,0,user_27,818,818,
17476,15,0,0,builder_0,818,818,17460
17460,16,370000,215000,user_35,818,818,
17439,17,360000,0,user_7,818,818,
17472,18,320000,0,user_48,818,818,
17449,19,260000,0,user_21,818,818,
17454,20,260000,0,user_29,818,818,
17477,21,0,0,builder_0,818,818,17461
17461,22,120000,139000,user_35,818,818,
17462,23,170000,68100,user_37,818,818,
17478,24,0,0,builder_0,818,818,17462
17440,25,220000,13900,user_10,818,818,
17479,26,0,0,builder_0,818,818,17440
17442,27,220000,0,user_13,818,818,
17446,28,220000,0,user_18,818,818,
17466,29,220000,0,user_41,818,818,
17436,30,160000,0,user_2,818,818,
17443,31,130000,0,user_14,818,818,
17471,32,130000,0,user_47,818,818,
17434,33,98000,0,user_1,818,818,
17465,34,87000,0,user_40,818,818,
17464,35,84000,0,user_40,818,818,
17473,36,83000,0,user_49,818,818,
17435,37,80000,0,user_1,818,818,
17445,38,77000,0,user_16,818,818,
17448,39,77000,0,user_21,818,818,
17452,40,77000,0,user_26,818,818,
17532,,85000,0,user_1,819,,
17533,,110000,215000,user_5,819,,
17534,,30000000,0,user_6,819,,
17535,,77000,959000,user_7,819,,
17536,,2000000,0,user_8,819,,
17537,,3500000,0,user_9,819,,
17538,,130000,12300,user_9,819,,
17539,,1800000,0,user_10,819,,
17540,,110000,35600,user_11,819,,
17541,,150000,108000,user_12,819,,
17542,,120000,7190000,user_13,819,,
17543,,79000,0,user_13,819,,
17544,,160000,594000,user_14,819,,
17545,,150000,0,user_14,819,,
17546,,110000,8520,user_16,819,,
17547,,2000000,0,user_17,819,,
17548,,6300000,15700,user_17,819,,
17549,,120000,0,user_17,819,,
17550,,1700000,0,user_17,819,,
17551,,5000000,256000,user_17,819,,
17552,,82000,0,user_18,819,,
17553,,150000,0,user_20,819,,
17554,,320000,0,user_20,819,,
17555,,220000,0,user_21,819,,
17556,,220000,10700,user_21,819,,
17557,,150000,0,user_23,819,,
17558,,4500000,67500,user_23,819,,
17559,,150000,594000,user_24,819,,
17560,,1500000,0,user_26,819,,
17561,,83000,7840,user_27,819,,
17562,,1400000,0,user_28,819,,
17563,,910000,13800,user_28,819,,
17564,,6100000,0,user_30,819,,
17565,,1400000,0,user_31,819,,
17566,,84000,779000,user_32,819,,
17567,,110000,0,user_32,819,,
17568,,1000000,0,user_32,819,,
17569,,2400000,0,user_32,819,,
17570,,43000000,0,user_33,819,,
17571,,240000,0,user_34,819,,
17572,,6100000,5640,user_35,819,,
17573,,82000,0,user_36,819,,
17574,,190000,0,user_37,819,,
17575,,160000,0,user_39,819,,
17576,,85000,0,user_42,819,,
17577,,160000,0,user_42,819,,
17578,,82000,545000,user_43,819,,
17579,,340000,0,user_44,819,,
17580,,1200000,0,user_44,819,,
17581,,340000,5640,user_45,819,,
17582,,6300000,0,user_46,819,,
17583,,6100000,42000,user_46,819,,
17584,,1300000,0,user_47,819,,
17585,,420000,67500,user_49,819,,
17570,0,43000000,0,user_33,819,819,
17534,1,30000000,0,user_6,819,819,
17542,2,120000,7190000,user_13,819,819,
17586,3,0,0,builder_0,819,819,17542
17548,4,6300000,15700,user_17,819,819,
17587,5,0,0,builder_0,819,819,17548
17582,6,6300000,0,user_46,819,819,
17588,7,0,0,builder_0,819,819,17583
17583,8,6100000,42000,user_46,819,819,
17572,9,6100000,5640,user_35,819,819,
17589,10,0,0,builder_0,819,819,17572
17564,11,6100000,0,user_30,819,819,
17551,12,5000000,256000,user_17,819,819,
17590,13,0,0,builder_0,819,819,17551
17558,14,4500000,67500,user_23,819,819,
17591,15,0,0,builder_0,819,819,17558
17537,16,3500000,0,user_9,819,819,
17569,17,2400000,0,user_32,819,819,
17536,18,2000000,0,user_8,819,819,
17547,19,2000000,0,user_17,819,819,
17539,20,1800000,0,user_10,819,819,
17550,21,1700000,0,user_17,819,819,
17560,22,1500000,0,user_26,819,819,
17562,23,1400000,0,user_28,819,819,
17565,24,1400000,0,user_31,819,819,
17584,25,1300000,0,user_47,819,819,
17580,26,1200000,0,user_44,819,819,
17592,27,0,0,builder_0,819,819,17535
17535,28,77000,959000,user_7,819,819,
17568,29,1000000,0,user_32,819,819,
17593,30,0,0,builder_0,819,819,17563
17563,31,910000,13800,user_28,819,819,
17566,32,84000,779000,user_32,819,819,
17594,33,0,0,builder_0,819,819,17566
17595,34,0,0,builder_0,819,819,17544
17544,35,160000,594000,user_14,819,819,
17596,36,0,0,builder_0,819,819,17578
17578,37,82000,545000,user_43,819,819,
17585,38,420000,67500,user_49,819,819,
17597,39,0,0,builder_0,819,819,17585
17579,40,340000,0,user_44,819,819,
17554,41,320000,0,user_20,819,819,
17556,42,220000,10700,user_21,819,819,
17598,43,0,0,builder_0,819,819,17556
17555,44,220000,0,user_21,819,819,
17574,45,190000,0,user_37,819,819,
17577,46,160000,0,user_42,819,819,
17545,47,150000,0,user_14,819,819,
17553,48,150000,0,user_20,819,819,
17557,49,150000,0,user_23,819,819,
17599,50,0,0,builder_0,819,819,17540
17540,51,110000,35600,user_11,819,819,
17538,52,130000,12300,user_9,819,819,
17600,53,0,0,builder_0,819,819,17538
17549,54,120000,0,user_17,819,819,
17546,55,110000,8520,user_16,819,819,
17601,56,0,0,builder_0,819,819,17546
17567,57,110000,0,user_32,819,819,
17561,58,83000,7840,user_27,819,819,
17602,59,0,0,builder_0,819,819,17561
17532,60,85000,0,user_1,819,819,
17576,61,85000,0,user_42,819,819,
17552,62,82000,0,user_18,819,819,
17573,63,82000,0,user_36,819,819,
17543,64,79000,0,user_13,819,819,
17731,,6300000,0,user_1,820,,
17732,,630000,0,user_2,820,,
17733,,80000,0,user_3,820,,
17734,,310000,0,user_3,820,,
17735,,220000,0,user_3,820,,
17736,,79000,0,user_3,820,,
17737,,1500000,39400,user_4,820,,
17738,,910000,84800,user_6,820,,
17739,,2600000,0,user_7,820,,
17740,,260000,0,user_7,820,,
17741,,5000000,0,user_8,820,,
17742,,82000,0,user_8,820,,
17743,,1500000,0,user_10,820,,
17744,,27000000,0,user_12,820,,
17745,,1100000,12800,user_14,820,,
17746,,4500000,0,user_14,820,,
17747,,43000000,0,user_15,820,,
17748,,150000,0,user_18,820,,
17749,,1000000,68100,user_22,820,,
17750,,1300000,0,user_22,820,,
17751,,310000,0,user_22,820,,
17752,,130000,0,user_24,820,,
17753,,1500000,0,user_26,820,,
17754,,240000,0,user_26,820,,
17755,,2000000,0,user_27,820,,
17756,,83000,43600,user_29,820,,
17757,,2000000,0,user_31,820,,
17758,,360000,0,user_32,820,,
17759,,4500000,0,user_33,820,,
17760,,110000,0,user_33,820,,
17761,,310000,0,user_34,820,,
17762,,150000,15300,user_34,820,,
17763,,83000,0,user_35,820,,
17764,,5000000,0,user_36,820,,
17765,,1400000,0,user_37,820,,
17766,,1700000,0,user_38,820,,
17767,,170000,0,user_39,820,,
17768,,600000,31700,user_39,820,,
17769,,2000000,0,user_40,820,,
17770,,3500000,0,user_42,820,,
17771,,1300000,0,user_43,820,,
17772,,1100000,0,user_44,820,,
17773,,2300000,0,user_45,820,,
17774,,310000,0,user_46,820,,
17775,,2000000,181000,user_47,820,,
17776,,110000,410000,user_48,820,,
17777,,85000,0,user_49,820,,
17778,,160000,0,user_49,820,,
17779,,420000,10700,user_49,820,,
17780,,98000,0,user_49,820,,
17781,,160000,0,user_49,820,,
17747,0,43000000,0,user_15,820,820,
17744,1,27000000,0,user_12,820,820,
17731,2,6300000,0,user_1,820,820,
17741,3,5000000,0,user_8,820,820,
17764,4,5000000,0,user_36,820,820,
17746,5,4500000,0,user_14,820,820,
17759,6,4500000,0,user_33,820,820,
17770,7,3500000,0,user_42,820,820,
17739,8,2600000,0,user_7,820,820,
17755,9,2000000,0,user_27,820,820,
17757,10,2000000,0,user_31,820,820,
17769,11,2000000,0,user_40,820,820,
17775,12,2000000,181000,user_47,820,820,
17766,13,1700000,0,user_38,820,820,
17737,14,1500000,39400,user_4,820,820,
17753,15,1500000,0,user_26,820,820,
17765,16,1400000,0,user_37,820,820,
17750,17,1300000,0,user_22,820,820,
17771,18,1300000,0,user_43,820,820,
17745,19,1100000,12800,user_14,820,820,
17772,20,1100000,0,user_44,820,820,
17749,21,1000000,68100,user_22,820,820,
17738,22,910000,84800,user_6,820,820,
17732,23,630000,0,user_2,820,820,
17768,24,600000,31700,user_39,820,820,
17779,25,420000,10700,user_49,820,820,
17734,26,310000,0,user_3,820,820,
17751,27,310000,0,user_22,820,820,
17761,28,310000,0,user_34,820,820,
17740,29,260000,0,user_7,820,820,
17754,30,240000,0,user_26,820,820,
17735,31,220000,0,user_3,820,820,
17767,32,170000,0,user_39,820,820,
17778,33,160000,0,user_49,820,820,
17781,34,160000,0,user_49,820,820,
17748,35,150000,0,user_18,820,820,
17762,36,150000,15300,user_34,820,820,
17752,37,130000,0,user_24,820,820,
17760,38,110000,0,user_33,820,820,
17776,39,110000,410000,user_48,820,820,
17780,40,98000,0,user_49,820,820,
17777,41,85000,0,user_49,820,820,
17756,42,83000,43600,user_29,820,820,
17742,43,82000,0,user_8,820,820,
17733,44,80000,0,user_3,820,820,
17736,45,79000,0,user_3,820,820,
17850,,470000,0,user_2,821,,
17851,,110000,0,user_3,821,,
17852,,420000,0,user_3,821,,
17853,,420000,0,user_3,821,,
17854,,2000000,0,user_4,821,,
17855,,1100000,0,user_6,821,,
17856,,110000,0,user_6,821,,
17857,,310000,0,user_7,821,,
17858,,120000,0,user_7,821,,
17859,,220000,0,user_7,821,,
17860,,310000,0,user_8,821,,
17861,,370000,11200,user_9,821,,
17862,,98000,0,user_11,821,,
17863,,160000,139000,user_11,821,,
17864,,360000,0,user_12,821,,
17865,,220000,285000,user_13,821,,
17866,,470000,0,user_13,821,,
17867,,110000,10700,user_14,821,,
17868,,170000,0,user_14,821,,
17869,,1400000,0,user_14,821,,
17870,,160000,0,user_14,821,,
17871,,160000,369000,user_18,821,,
17872,,310000,0,user_19,821,,
17873,,310000,0,user_20,821,,
17874,,3500000,0,user_20,821,,
17875,,220000,0,user_21,821,,
17876,,220000,0,user_23,821,,
17877,,530000,0,user_24,821,,
17878,,1500000,283000,user_28,821,,
17879,,70000,0,user_28,821,,
17880,,79000,0,user_29,821,,
17881,,1500000,24700,user_29,821,,
17882,,4500000,0,user_30,821,,
17883,,2600000,0,user_30,821,,
17884,,19000000,0,user_31,821,,
17885,,190000,0,user_33,821,,
17886,,70000,0,user_34,821,,
17887,,110000,0,user_34,821,,
17888,,2100000,0,user_34,821,,
17889,,360000,0,user_34,821,,
17890,,630000,0,user_34,821,,
17891,,19000000,0,user_35,821,,
17892,,420000,0,user_37,821,,
17893,,70000,0,user_39,821,,
17894,,530000,0,user_39,821,,
17895,,110000,0,user_40,821,,
17896,,150000,84800,user_42,821,,
17897,,1100000,0,user_44,821,,
17898,,1700000,0,user_45,821,,
17899,,240000,0,user_46,821,,
17900,,150000,24700,user_46,821,,
17901,,2100000,0,user_47,821,,
17902,,220000,5640,user_47,821,,
17903,,5000000,0,user_48,821,,
17904,,630000,0,user_48,821,,
17905,,160000,0,user_49,821,,
17906,,1500000,0,user_49,821,,
17884,0,19000000,0,user_31,821,821,
17891,1,19000000,0,user_35,821,821,
17903,2,5000000,0,user_48,821,821,
17882,3,4500000,0,user_30,821,821,
17874,4,3500000,0,user_20,821,821,
17883,5,2600000,0,user_30,821,821,
17888,6,2100000,0,user_34,821,821,
17901,7,2100000,0,user_47,821,821,
17854,8,2000000,0,user_4,821,821,
17929,9,0,0,builder_3,821,821,17878
17878,10,1500000,283000,user_28,821,821,
17898,11,1700000,0,user_45,821,821,
17881,12,1500000,24700,user_29,821,821,
17930,13,0,0,builder_3,821,821,17881
17906,14,1500000,0,user_49,821,821,
17869,15,1400000,0,user_14,821,821,
17897,16,1100000,0,user_44,821,821,
17890,17,630000,0,user_34,821,821,
17904,18,630000,0,user_48,821,821,
17877,19,530000,0,user_24,821,821,
17894,20,530000,0,user_39,821,821,
17871,21,160000,369000,user_18,821,821,
17931,22,0,0,builder_3,821,821,17871
17865,23,220000,285000,user_13,821,821,
17932,24,0,0,builder_3,821,821,17865
17850,25,470000,0,user_2,821,821,
17866,26,470000,0,user_13,821,821,
17852,27,420000,0,user_3,821,821,
17853,28,420000,0,user_3,821,821,
17892,29,420000,0,user_37,821,821,
17864,30,360000,0,user_12,821,821,
17889,31,360000,0,user_34,821,821,
17857,32,310000,0,user_7,821,821,
17872,33,310000,0,user_19,821,821,
17873,34,310000,0,user_20,821,821,
17863,35,160000,139000,user_11,821,821,
17933,36,0,0,builder_3,821,821,17863
17899,37,240000,0,user_46,821,821,
17934,38,0,0,builder_3,821,821,17896
17896,39,150000,84800,user_42,821,821,
17902,40,220000,5640,user_47,821,821,
17935,41,0,0,builder_3,821,821,17902
17859,42,220000,0,user_7,821,821,
17875,43,220000,0,user_21,821,821,
17876,44,220000,0,user_23,821,821,
17885,45,190000,0,user_33,821,821,
17900,46,150000,24700,user_46,821,821,
17936,47,0,0,builder_3,821,821,17900
17868,48,170000,0,user_14,821,821,
17870,49,160000,0,user_14,821,821,
17905,50,160000,0,user_49,821,821,
17937,51,0,0,builder_3,821,821,17867
17867,52,110000,10700,user_14,821,821,
17858,53,120000,0,user_7,821,821,
17851,54,110000,0,user_3,821,821,
17887,55,110000,0,user_34,821,821,
17895,56,110000,0,user_40,821,821,
17862,57,98000,0,user_11,821,821,
17880,58,79000,0,user_29,821,821,
17879,59,70000,0,user_28,821,821,
17886,60,70000,0,user_34,821,821,
17893,61,70000,0,user_39,821,821,
17974,,98000,0,user_0,822,,
17975,,2000000,0,user_1,822,,
17976,,110000,0,user_2,822,,
17977,,5200000,0,user_3,822,,
17978,,460000,0,user_3,822,,
17979,,320000,0,user_3,822,,
17980,,6300000,0,user_3,822,,
17981,,3500000,0,user_5,822,,
17982,,1500000,56200,user_5,822,,
17983,,79000,0,user_5,822,,
17984,,2300000,0,user_7,822,,
17985,,220000,73100,user_7,822,,
17986,,150000,0,user_9,822,,
17987,,1800000,0,user_10,822,,
17988,,2600000,0,user_10,822,,
17989,,3200000,0,user_10,822,,
17990,,310000,0,user_12,822,,
17991,,220000,35100,user_14,822,,
17992,,310000,0,user_16,822,,
17993,,79000,0,user_17,822,,
17994,,420000,0,user_18,822,,
17995,,240000,0,user_19,822,,
17996,,360000,0,user_20,822,,
17997,,630000,0,user_22,822,,
17998,,2500000,0,user_22,822,,
17999,,260000,0,user_25,822,,
18000,,630000,0,user_26,822,,
18001,,4200000,0,user_27,822,,
18002,,2400000,49100,user_27,822,,
18003,,70000,0,user_28,822,,
18004,,110000,67900,user_28,822,,
18005,,6300000,0,user_28,822,,
18006,,79000,0,user_28,822,,
18007,,1700000,67500,user_29,822,,
18008,,1100000,0,user_31,822,,
18009,,110000,108000,user_33,822,,
18010,,340000,350000,user_35,822,,
18011,,83000,0,user_36,822,,
18012,,43000000,0,user_39,822,,
18013,,130000,0,user_41,822,,
18014,,2000000,0,user_43,822,,
18015,,300000,35100,user_45,822,,
18016,,630000,0,user_45,822,,
18017,,43000000,0,user_45,822,,
18018,,2000000,0,user_45,822,,
18019,,420000,0,user_45,822,,
18020,,160000,16400,user_46,822,,
18021,,110000,71800,user_48,822,,
18022,,3600000,0,user_49,822,,
18012,0,43000000,0,user_39,822,822,
18017,1,43000000,0,user_45,822,822,
17980,2,6300000,0,user_3,822,822,
18005,3,6300000,0,user_28,822,822,
17977,4,5200000,0,user_3,822,822,
18001,5,4200000,0,user_27,822,822,
18022,6,3600000,0,user_49,822,822,
17981,7,3500000,0,user_5,822,822,
17989,8,3200000,0,user_10,822,822,
17988,9,2600000,0,user_10,822,822,
17998,10,2500000,0,user_22,822,822,
18002,11,2400000,49100,user_27,822,822,
18082,12,0,0,builder_7,822,822,18002
17984,13,2300000,0,user_7,822,822,
17975,14,2000000,0,user_1,822,822,
18014,15,2000000,0,user_43,822,822,
18018,16,2000000,0,user_45,822,822,
17987,17,1800000,0,user_10,822,822,
18007,18,1700000,67500,user_29,822,822,
18083,19,0,0,builder_7,822,822,18007
17982,20,1500000,56200,user_5,822,822,
18084,21,0,0,builder_7,822,822,17982
18008,22,1100000,0,user_31,822,822,
17997,23,630000,0,user_22,822,822,
18016,24,630000,0,user_45,822,822,
17978,25,460000,0,user_3,822,822,
18019,26,420000,0,user_45,822,822,
17996,27,360000,0,user_20,822,822,
18015,28,300000,35100,user_45,822,822,
18085,29,0,0,builder_7,822,822,18015
17979,30,320000,0,user_3,822,822,
17990,31,310000,0,user_12,822,822,
17992,32,310000,0,user_16,822,822,
17985,33,220000,73100,user_7,822,822,
18086,34,0,0,builder_7,822,822,17985
17999,35,260000,0,user_25,822,822,
17991,36,220000,35100,user_14,822,822,
18087,37,0,0,builder_7,822,822,17991
18088,38,0,0,builder_7,822,822,18009
18009,39,110000,108000,user_33,822,822,
18004,40,110000,67900,user_28,822,822,
18089,41,0,0,builder_7,822,822,18004
17986,42,150000,0,user_9,822,822,
18013,43,130000,0,user_41,822,822,
17976,44,110000,0,user_2,822,822,
17974,45,98000,0,user_0,822,822,
18011,46,83000,0,user_36,822,822,
17983,47,79000,0,user_5,822,822,
17993,48,79000,0,user_17,822,822,
18006,49,79000,0,user_28,822,822,
18003,50,70000,0,user_28,822,822,
18100,,79000,100000,user_1,823,,
18101,,420000,35100,user_2,823,,
18102,,87000,0,user_4,823,,
18103,,130000,381000,user_5,823,,
18104,,3600000,0,user_5,823,,
18105,,260000,6390,user_7,823,,
18106,,1900000,779000,user_8,823,,
18107,,660000,0,user_8,823,,
18108,,1000000,322000,user_9,823,,
18109,,220000,283000,user_10,823,,
18110,,470000,0,user_11,823,,
18111,,2000000,0,user_12,823,,
18112,,87000,0,user_12,823,,
18113,,5200000,0,user_13,823,,
18114,,110000,0,user_14,823,,
18115,,910000,0,user_15,823,,
18116,,73000,0,user_16,823,,
18117,,160000,0,user_16,823,,
18118,,120000,7840,user_16,823,,
18119,,420000,0,user_16,823,,
18120,,120000,0,user_17,823,,
18121,,150000,16400,user_20,823,,
18122,,110000,0,user_21,823,,
18123,,160000,510000,user_22,823,,
18124,,370000,0,user_25,823,,
18125,,110000,0,user_27,823,,
18126,,79000,0,user_27,823,,
18127,,420000,0,user_28,823,,
18128,,470000,18600,user_29,823,,
18129,,70000,0,user_29,823,,
18130,,310000,0,user_29,823,,
18131,,1800000,0,user_29,823,,
18132,,160000,0,user_34,823,,
18133,,300000,0,user_34,823,,
18134,,1600000,0,user_34,823,,
18135,,2000000,0,user_34,823,,
18136,,6100000,0,user_35,823,,
18137,,1000000,0,user_37,823,,
18138,,130000,0,user_39,823,,
18139,,110000,0,user_40,823,,
18140,,120000,0,user_41,823,,
18141,,2000000,0,user_44,823,,
18142,,120000,0,user_44,823,,
18143,,120000,0,user_44,823,,
18144,,1500000,0,user_44,823,,
18145,,1500000,0,user_47,823,,
18146,,650000,0,user_49,823,,
18136,0,6100000,0,user_35,823,823,
18113,1,5200000,0,user_13,823,823,
18104,2,3600000,0,user_5,823,823,
18111,3,2000000,0,user_12,823,823,
18135,4,2000000,0,user_34,823,823,
18141,5,2000000,0,user_44,823,823,
18106,6,1900000,779000,user_8,823,823,
18131,7,1800000,0,user_29,823,823,
18134,8,1600000,0,user_34,823,823,
18144,9,1500000,0,user_44,823,823,
18145,10,1500000,0,user_47,823,823,
18108,11,1000000,322000,user_9,823,823,
18137,12,1000000,0,user_37,823,823,
18115,13,910000,0,user_15,823,823,
18107,14,660000,0,user_8,823,823,
18146,15,650000,0,user_49,823,823,
18110,16,470000,0,user_11,823,823,
18128,17,470000,18600,user_29,823,823,
18101,18,420000,35100,user_2,823,823,
18119,19,420000,0,user_16,823,823,
18127,20,420000,0,user_28,823,823,
18124,21,370000,0,user_25,823,823,
18130,22,310000,0,user_29,823,823,
18133,23,300000,0,user_34,823,823,
18105,24,260000,6390,user_7,823,823,
18109,25,220000,283000,user_10,823,823,
18117,26,160000,0,user_16,823,823,
18132,27,160000,0,user_34,823,823,
18121,28,150000,16400,user_20,823,823,
18103,29,130000,381000,user_5,823,823,
18138,30,130000,0,user_39,823,823,
18118,31,120000,7840,user_16,823,823,
18120,32,120000,0,user_17,823,823,
18140,33,120000,0,user_41,823,823,
18142,34,120000,0,user_44,823,823,
18143,35,120000,0,user_44,823,823,
18125,36,110000,0,user_27,823,823,
18102,37,87000,0,user_4,823,823,
18112,38,87000,0,user_12,823,823,
18100,39,79000,100000,user_1,823,823,
18126,40,79000,0,user_27,823,823,
18116,41,73000,0,user_16,823,823,
18129,42,70000,0,user_29,823,823,
18225,,120000,0,user_0,824,,
18226,,420000,33300,user_0,824,,
18227,,150000,350000,user_2,824,,
18228,,670000,0,user_2,824,,
18229,,340000,36800,user_3,824,,
18230,,1700000,23500,user_4,824,,
18231,,160000,108000,user_5,824,,
18232,,2600000,0,user_8,824,,
18233,,2400000,0,user_8,824,,
18234,,170000,0,user_8,824,,
18235,,150000,0,user_10,824,,
18236,,420000,0,user_12,824,,
18237,,470000,100000,user_13,824,,
18238,,460000,0,user_14,824,,
18239,,2100000,0,user_14,824,,
18240,,3500000,0,user_14,824,,
18241,,98000,0,user_14,824,,
18242,,150000,15100,user_14,824,,
18243,,260000,0,user_15,824,,
18244,,1100000,0,user_16,824,,
18245,,3600000,66100,user_17,824,,
18246,,160000,0,user_18,824,,
18247,,4500000,0,user_20,824,,
18248,,170000,32900,user_21,824,,
18249,,1000000,0,user_21,824,,
18250,,220000,350000,user_21,824,,
18251,,5000000,36800,user_21,824,,
18252,,1100000,0,user_22,824,,
18253,,150000,0,user_22,824,,
18254,,470000,0,user_22,824,,
18255,,650000,0,user_22,824,,
18256,,3200000,16400,user_23,824,,
18257,,150000,0,user_23,824,,
18258,,150000,0,user_24,824,,
18259,,82000,0,user_25,824,,
18260,,83000,0,user_27,824,,
18261,,460000,12800,user_28,824,,
18262,,2500000,0,user_29,824,,
18263,,160000,0,user_30,824,,
18264,,1600000,0,user_31,824,,
18265,,220000,0,user_32,824,,
18266,,1700000,0,user_33,824,,
18267,,160000,0,user_33,824,,
18268,,420000,0,user_36,824,,
18269,,190000,0,user_37,824,,
18270,,160000,0,user_39,824,,
18271,,27000000,0,user_40,824,,
18272,,970000,0,user_41,824,,
18273,,260000,0,user_43,824,,
18274,,1700000,0,user_43,824,,
18275,,1500000,0,user_46,824,,
18276,,150000,0,user_47,824,,
18277,,470000,0,user_49,824,,
18278,,1400000,0,user_49,824,,
18271,0,27000000,0,user_40,824,824,
18251,1,5000000,36800,user_21,824,824,
18319,2,0,0,builder_4,824,824,18251
18247,3,4500000,0,user_20,824,824,
18245,4,3600000,66100,user_17,824,824,
18320,5,0,0,builder_4,824,824,18245
18240,6,3500000,0,user_14,824,824,
18256,7,3200000,16400,user_23,824,824,
18321,8,0,0,builder_4,824,824,18256
18232,9,2600000,0,user_8,824,824,
18262,10,2500000,0,user_29,824,824,
18233,11,2400000,0,user_8,824,824,
18239,12,2100000,0,user_14,824,824,
18230,13,1700000,23500,user_4,824,824,
18322,14,0,0,builder_4,824,824,18230
18266,15,1700000,0,user_33,824,824,
18274,16,1700000,0,user_43,824,824,
18264,17,1600000,0,user_31,824,824,
18275,18,1500000,0,user_46,824,824,
18278,19,1400000,0,user_49,824,824,
18244,20,1100000,0,user_16,824,824,
18252,21,1100000,0,user_22,824,824,
18249,22,1000000,0,user_21,824,824,
18272,23,970000,0,user_41,824,824,
18228,24,670000,0,user_2,824,824,
18255,25,650000,0,user_22,824,824,
18323,26,0,0,builder_4,824,824,18237
18237,27,470000,100000,user_13,824,824,
18250,28,220000,350000,user_21,824,824,
18324,29,0,0,builder_4,824,824,18250
18325,30,0,0,builder_4,824,824,18227
18227,31,150000,350000,user_2,824,824,
18261,32,460000,12800,user_28,824,824,
18326,33,0,0,builder_4,824,824,18261
18254,34,470000,0,user_22,824,824,
18277,35,470000,0,user_49,824,824,
18238,36,460000,0,user_14,824,824,
18327,37,0,0,builder_4,824,824,18226
18226,38,420000,33300,user_0,824,824,
18236,39,420000,0,user_12,824,824,
18268,40,420000,0,user_36,824,824,
18328,41,0,0,builder_4,824,824,18229
18229,42,340000,36800,user_3,824,824,
18273,43,260000,0,user_43,824,824,
18265,44,220000,0,user_32,824,824,
18248,45,170000,32900,user_21,824,824,
18329,46,0,0,builder_4,824,824,18248
18269,47,190000,0,user_37,824,824,
18234,48,170000,0,user_8,824,824,
18242,49,150000,15100,user_14,824,824,
18330,50,0,0,builder_4,824,824,18242
18246,51,160000,0,user_18,824,824,
18263,52,160000,0,user_30,824,824,
18267,53,160000,0,user_33,824,824,
18235,54,150000,0,user_10,824,824,
18253,55,150000,0,user_22,824,824,
18257,56,150000,0,user_23,824,824,
18258,57,150000,0,user_24,824,824,
18225,58,120000,0,user_0,824,824,
18241,59,98000,0,user_14,824,824,
18260,60,83000,0,user_27,824,824,
18259,61,82000,0,user_25,824,824,
18372,,530000,0,user_0,825,,
18373,,660000,0,user_0,825,,
18374,,350000,0,user_1,825,,
18375,,130000,0,user_2,825,,
18376,,2600000,0,user_3,825,,
18377,,6300000,0,user_3,825,,
18378,,2000000,0,user_5,825,,
18379,,120000,0,user_6,825,,
18380,,5200000,510000,user_6,825,,
18381,,110000,0,user_7,825,,
18382,,100000,0,user_7,825,,
18383,,3600000,0,user_8,825,,
18384,,2400000,0,user_10,825,,
18385,,120000,0,user_11,825,,
18386,,650000,0,user_12,825,,
18387,,1400000,47700,user_13,825,,
18388,,130000,0,user_14,825,,
18389,,1000000,0,user_18,825,,
18390,,100000,0,user_19,825,,
18391,,260000,84800,user_19,825,,
18392,,110000,0,user_22,825,,
18393,,600000,0,user_22,825,,
18394,,660000,195000,user_23,825,,
18395,,340000,0,user_23,825,,
18396,,120000,0,user_24,825,,
18397,,83000,0,user_24,825,,
18398,,170000,0,user_27,825,,
18399,,310000,510000,user_31,825,,
18400,,120000,0,user_32,825,,
18401,,150000,3130,user_33,825,,
18402,,1500000,0,user_34,825,,
18403,,2400000,0,user_35,825,,
18404,,73000,0,user_35,825,,
18405,,73000,0,user_35,825,,
18406,,660000,0,user_36,825,,
18407,,1500000,0,user_37,825,,
18408,,120000,13800,user_38,825,,
18409,,160000,0,user_38,825,,
18410,,870000,0,user_40,825,,
18411,,420000,0,user_41,825,,
18412,,73000,0,user_41,825,,
18413,,350000,0,user_48,825,,
18414,,970000,7190000,user_48,825,,
18414,0,970000,7190000,user_48,825,825,
18442,1,0,0,builder_4,825,825,18414
18377,2,6300000,0,user_3,825,825,
18380,3,5200000,510000,user_6,825,825,
18443,4,0,0,builder_4,825,825,18380
18383,5,3600000,0,user_8,825,825,
18376,6,2600000,0,user_3,825,825,
18384,7,2400000,0,user_10,825,825,
18403,8,2400000,0,user_35,825,825,
18402,9,1500000,0,user_34,825,825,
18407,10,1500000,0,user_37,825,825,
18387,11,1400000,47700,user_13,825,825,
18444,12,0,0,builder_4,825,825,18387
18389,13,1000000,0,user_18,825,825,
18410,14,870000,0,user_40,825,825,
18394,15,660000,195000,user_23,825,825,
18445,16,0,0,builder_4,825,825,18394
18399,17,310000,510000,user_31,825,825,
18446,18,0,0,builder_4,825,825,18399
18373,19,660000,0,user_0,825,825,
18406,20,660000,0,user_36,825,825,
18386,21,650000,0,user_12,825,825,
18393,22,600000,0,user_22,825,825,
18372,23,530000,0,user_0,825,825,
18411,24,420000,0,user_41,825,825,
18374,25,350000,0,user_1,825,825,
18413,26,350000,0,user_48,825,825,
18447,27,0,0,builder_4,825,825,18391
18391,28,260000,84800,user_19,825,825,
18395,29,340000,0,user_23,825,825,
18398,30,170000,0,user_27,825,825,
18409,31,160000,0,user_38,825,825,
18401,32,150000,3130,user_33,825,825,
18448,33,0,0,builder_4,825,825,18401
18408,34,120000,13800,user_38,825,825,
18449,35,0,0,builder_4,825,825,18408
18375,36,130000,0,user_2,825,825,
18388,37,130000,0,user_14,825,825,
18379,38,120000,0,user_6,825,825,
18385,39,120000,0,user_11,825,825,
18396,40,120000,0,user_24,825,825,
18400,41,120000,0,user_32,825,825,
18392,42,110000,0,user_22,825,825,
18390,43,100000,0,user_19,825,825,
18397,44,83000,0,user_24,825,825,
18404,45,73000,0,user_35,825,825,
18405,46,73000,0,user_35,825,825,
18412,47,73000,0,user_41,825,825,
18473,,310000,0,user_1,826,,
18474,,98000,0,user_1,826,,
18475,,1000000,0,user_3,826,,
18476,,79000,0,user_6,826,,
18477,,870000,0,user_7,826,,
18478,,160000,35100,user_8,826,,
18479,,220000,0,user_9,826,,
18480,,350000,0,user_11,826,,
18481,,3200000,7840,user_12,826,,
18482,,85000,15300,user_14,826,,
18483,,1600000,71800,user_18,826,,
18484,,2600000,0,user_19,826,,
18485,,2000000,0,user_21,826,,
18486,,1500000,0,user_22,826,,
18487,,5000000,0,user_22,826,,
18488,,83000,0,user_23,826,,
18489,,150000,0,user_25,826,,
18490,,340000,0,user_25,826,,
18491,,260000,0,user_26,826,,
18492,,1400000,0,user_26,826,,
18493,,1500000,0,user_27,826,,
18494,,1100000,0,user_27,826,,
18495,,420000,0,user_28,826,,
18496,,1100000,0,user_29,826,,
18497,,150000,0,user_30,826,,
18498,,1100000,0,user_31,826,,
18499,,1500000,0,user_31,826,,
18500,,87000,0,user_32,826,,
18501,,130000,0,user_33,826,,
18502,,240000,0,user_34,826,,
18503,,150000,0,user_34,826,,
18504,,87000,36800,user_35,826,,
18505,,150000,67900,user_36,826,,
18506,,2400000,0,user_36,826,,
18507,,27000000,0,user_37,826,,
18508,,110000,0,user_38,826,,
18509,,2100000,67900,user_39,826,,
18510,,2500000,350000,user_39,826,,
18511,,5200000,0,user_40,826,,
18512,,150000,0,user_41,826,,
18513,,1200000,0,user_41,826,,
18514,,3200000,0,user_42,826,,
18515,,150000,0,user_42,826,,
18516,,460000,0,user_44,826,,
18517,,2000000,7840,user_46,826,,
18518,,1100000,3130,user_48,826,,
18519,,4200000,0,user_48,826,,
18507,0,27000000,0,user_37,826,826,
18511,1,5200000,0,user_40,826,826,
18487,2,5000000,0,user_22,826,826,
18519,3,4200000,0,user_48,826,826,
18481,4,3200000,7840,user_12,826,826,
18514,5,3200000,0,user_42,826,826,
18484,6,2600000,0,user_19,826,826,
18510,7,2500000,350000,user_39,826,826,
18506,8,2400000,0,user_36,826,826,
18509,9,2100000,67900,user_39,826,826,
18485,10,2000000,0,user_21,826,826,
18483,11,1600000,71800,user_18,826,826,
18486,12,1500000,0,user_22,826,826,
18493,13,1500000,0,user_27,826,826,
18499,14,1500000,0,user_31,826,826,
18492,15,1400000,0,user_26,826,826,
18494,16,1100000,0,user_27,826,826,
18496,17,1100000,0,user_29,826,826,
18498,18,1100000,0,user_31,826,826,
18518,19,1100000,3130,user_48,826,826,
18475,20,1000000,0,user_3,826,826,
18477,21,870000,0,user_7,826,826,
18516,22,460000,0,user_44,826,826,
18495,23,420000,0,user_28,826,826,
18490,24,340000,0,user_25,826,826,
18473,25,310000,0,user_1,826,826,
18491,26,260000,0,user_26,826,826,
18502,27,240000,0,user_34,826,826,
18479,28,220000,0,user_9,826,826,
18478,29,160000,35100,user_8,826,826,
18489,30,150000,0,user_25,826,826,
18497,31,150000,0,user_30,826,826,
18503,32,150000,0,user_34,826,826,
18505,33,150000,67900,user_36,826,826,
18515,34,150000,0,user_42,826,826,
18501,35,130000,0,user_33,826,826,
18508,36,110000,0,user_38,826,826,
18474,37,98000,0,user_1,826,826,
18482,38,85000,15300,user_14,826,826,
18488,39,83000,0,user_23,826,826,
18476,40,79000,0,user_6,826,826,
18590,,2000000,68100,user_1,827,,
18591,,150000,0,user_2,827,,
18592,,2100000,0,user_3,827,,
18593,,1800000,0,user_5,827,,
18594,,120000,19700,user_6,827,,
18595,,80000,0,user_7,827,,
18596,,220000,0,user_7,827,,
18597,,83000,0,user_8,827,,
18598,,1200000,0,user_10,827,,
18599,,370000,0,user_11,827,,
18600,,2000000,0,user_14,827,,
18601,,5000000,0,user_15,827,,
18602,,2000000,0,user_15,827,,
18603,,870000,0,user_16,827,,
18604,,30000000,0,user_17,827,,
18605,,98000,0,user_18,827,,
18606,,27000000,4320000,user_19,827,,
18607,,120000,0,user_21,827,,
18608,,19000000,0,user_21,827,,
18609,,6100000,0,user_24,827,,
18610,,1400000,0,user_25,827,,
18611,,340000,0,user_26,827,,
18612,,630000,0,user_26,827,,
18613,,160000,0,user_27,827,,
18614,,4200000,0,user_27,827,,
18615,,310000,0,user_27,827,,
18616,,320000,128000,user_28,827,,
18617,,170000,0,user_29,827,,
18618,,130000,0,user_29,827,,
18619,,150000,0,user_29,827,,
18620,,1200000,0,user_30,827,,
18621,,150000,0,user_30,827,,
18622,,160000,0,user_32,827,,
18623,,350000,0,user_33,827,,
18624,,670000,0,user_33,827,,
18625,,1300000,0,user_33,827,,
18626,,660000,0,user_33,827,,
18627,,2100000,0,user_33,827,,
18628,,170000,0,user_36,827,,
18629,,170000,0,user_36,827,,
18630,,84000,0,user_38,827,,
18631,,110000,35600,user_39,827,,
18632,,2100000,0,user_40,827,,
18633,,320000,0,user_40,827,,
18634,,160000,0,user_42,827,,
18635,,460000,0,user_44,827,,
18636,,27000000,121000,user_44,827,,
18637,,73000,18600,user_45,827,,
18638,,100000,0,user_45,827,,
18639,,1900000,0,user_46,827,,
18640,,910000,0,user_49,827,,
18604,0,30000000,0,user_17,827,827,
18606,1,27000000,4320000,user_19,827,827,
18636,2,27000000,121000,user_44,827,827,
18608,3,19000000,0,user_21,827,827,
18609,4,6100000,0,user_24,827,827,
18601,5,5000000,0,user_15,827,827,
18614,6,4200000,0,user_27,827,827,
18592,7,2100000,0,user_3,827,827,
18627,8,2100000,0,user_33,827,827,
18632,9,2100000,0,user_40,827,827,
18600,10,2000000,0,user_14,827,827,
18602,11,2000000,0,user_15,827,827,
18639,12,1900000,0,user_46,827,827,
18593,13,1800000,0,user_5,827,827,
18610,14,1400000,0,user_25,827,827,
18625,15,1300000,0,user_33,827,827,
18598,16,1200000,0,user_10,827,827,
18620,17,1200000,0,user_30,827,827,
18640,18,910000,0,user_49,827,827,
18603,19,870000,0,user_16,827,827,
18624,20,670000,0,user_33,827,827,
18626,21,660000,0,user_33,827,827,
18635,22,460000,0,user_44,827,827,
18599,23,370000,0,user_11,827,827,
18623,24,350000,0,user_33,827,827,
18633,25,320000,0,user_40,827,827,
18615,26,310000,0,user_27,827,827,
18596,27,220000,0,user_7,827,827,
18617,28,170000,0,user_29,827,827,
18628,29,170000,0,user_36,827,827,
18629,30,170000,0,user_36,827,827,
18613,31,160000,0,user_27,827,827,
18622,32,160000,0,user_32,827,827,
18634,33,160000,0,user_42,827,827,
18591,34,150000,0,user_2,827,827,
18619,35,150000,0,user_29,827,827,
18621,36,150000,0,user_30,827,827,
18618,37,130000,0,user_29,827,827,
18594,38,120000,19700,user_6,827,827,
18607,39,120000,0,user_21,827,827,
18638,40,100000,0,user_45,827,827,
18605,41,98000,0,user_18,827,827,
18630,42,84000,0,user_38,827,827,
18597,43,83000,0,user_8,827,827,
18595,44,80000,0,user_7,827,827,
18637,45,73000,18600,user_45,827,827,
13925,,460000,0,user_0,828,,
13926,,1200000,283000,user_0,828,,
13927,,6300000,0,user_2,828,,
13928,,910000,0,user_3,828,,
13929,,460000,0,user_4,828,,
13930,,530000,0,user_5,828,,
13931,,5000000,0,user_6,828,,
13932,,600000,0,user_7,828,,
13933,,120000,0,user_7,828,,
13934,,320000,0,user_8,828,,
13935,,1300000,0,user_8,828,,
13936,,2300000,0,user_8,828,,
13937,,2600000,11200,user_8,828,,
13938,,1200000,4320000,user_10,828,,
13939,,220000,84800,user_13,828,,
13940,,80000,0,user_14,828,,
13941,,370000,17000,user_14,828,,
13942,,120000,0,user_15,828,,
13943,,460000,0,user_16,828,,
13944,,2000000,0,user_18,828,,
13945,,1100000,0,user_19,828,,
13946,,1000000,0,user_22,828,,
13947,,260000,3130,user_22,828,,
13948,,650000,0,user_23,828,,
13949,,73000,256000,user_24,828,,
13950,,130000,0,user_24,828,,
13951,,4200000,0,user_24,828,,
13952,,110000,0,user_24,828,,
13953,,350000,15300,user_25,828,,
13954,,100000,0,user_26,828,,
13955,,1000000,0,user_26,828,,
13956,,420000,0,user_28,828,,
13957,,170000,36800,user_29,828,,
13958,,27000000,0,user_30,828,,
13959,,77000,0,user_31,828,,
13960,,1000000,0,user_33,828,,
13961,,5000000,30200,user_34,828,,
13962,,150000,0,user_35,828,,
13963,,530000,0,user_35,828,,
13964,,110000,0,user_36,828,,
13965,,120000,0,user_36,828,,
13966,,910000,33300,user_37,828,,
13967,,73000,0,user_37,828,,
13968,,2300000,21800,user_38,828,,
13969,,110000,73100,user_38,828,,
13970,,360000,0,user_38,828,,
13971,,240000,0,user_38,828,,
13972,,110000,13900,user_39,828,,
13973,,220000,0,user_39,828,,
13974,,6100000,0,user_40,828,,
13975,,4500000,0,user_41,828,,
13976,,870000,0,user_43,828,,
13977,,160000,0,user_43,828,,
13978,,6300000,0,user_43,828,,
13979,,150000,35600,user_46,828,,
13980,,1800000,34700,user_48,828,,
13981,,150000,35600,user_49,828,,
13958,0,27000000,0,user_30,828,828,
13927,1,6300000,0,user_2,828,828,
13978,2,6300000,0,user_43,828,828,
13974,3,6100000,0,user_40,828,828,
14040,4,0,0,builder_4,828,828,13938
13938,5,1200000,4320000,user_10,828,828,
14041,6,0,0,builder_4,828,828,13961
13961,7,5000000,30200,user_34,828,828,
13931,8,5000000,0,user_6,828,828,
13975,9,4500000,0,user_41,828,828,
13951,10,4200000,0,user_24,828,828,
14042,11,0,0,builder_4,828,828,13937
13937,12,2600000,11200,user_8,828,828,
14043,13,0,0,builder_4,828,828,13968
13968,14,2300000,21800,user_38,828,828,
13936,15,2300000,0,user_8,828,828,
13944,16,2000000,0,user_18,828,828,
14044,17,0,0,builder_4,828,828,13980
13980,18,1800000,34700,user_48,828,828,
13926,19,1200000,283000,user_0,828,828,
14045,20,0,0,builder_4,828,828,13926
13935,21,1300000,0,user_8,828,828,
13945,22,1100000,0,user_19,828,828,
13946,23,1000000,0,user_22,828,828,
13955,24,1000000,0,user_26,828,828,
13960,25,1000000,0,user_33,828,828,
14046,26,0,0,builder_4,828,828,13966
13966,27,910000,33300,user_37,828,828,
13928,28,910000,0,user_3,828,828,
13976,29,870000,0,user_43,828,828,
13948,30,650000,0,user_23,828,828,
13963,31,530000,0,user_35,828,828,
13925,32,460000,0,user_0,828,828,
13929,33,460000,0,user_4,828,828,
13943,34,460000,0,user_16,828,828,
13956,35,420000,0,user_28,828,828,
14047,36,0,0,builder_4,828,828,13941
13941,37,370000,17000,user_14,828,828,
13953,38,350000,15300,user_25,828,828,
14048,39,0,0,builder_4,828,828,13953
13970,40,360000,0,user_38,828,828,
14049,41,0,0,builder_4,828,828,13949
13949,42,73000,256000,user_24,828,828,
13934,43,320000,0,user_8,828,828,
14050,44,0,0,builder_4,828,828,13939
13939,45,220000,84800,user_13,828,828,
13947,46,260000,3130,user_22,828,828,
14051,47,0,0,builder_4,828,828,13947
13971,48,240000,0,user_38,828,828,
13957,49,170000,36800,user_29,828,828,
14052,50,0,0,builder_4,828,828,13957
13979,51,150000,35600,user_46,828,828,
14053,52,0,0,builder_4,828,828,13979
14054,53,0,0,builder_4,828,828,13981
13981,54,150000,35600,user_49,828,828,
13969,55,110000,73100,user_38,828,828,
14055,56,0,0,builder_4,828,828,13969
13977,57,160000,0,user_43,828,828,
13962,58,150000,0,user_35,828,828,
13950,59,130000,0,user_24,828,828,
13965,60,120000,0,user_36,828,828,
13952,61,110000,0,user_24,828,828,
13964,62,110000,0,user_36,828,828,
13954,63,100000,0,user_26,828,828,
13940,64,80000,0,user_14,828,828,
13959,65,77000,0,user_31,828,828,
13967,66,73000,0,user_37,828,828,
14108,,4200000,0,user_0,829,,
14109,,1500000,0,user_0,829,,
14110,,470000,0,user_1,829,,
14111,,300000,0,user_1,829,,
14112,,970000,0,user_2,829,,
14113,,1700000,0,user_3,829,,
14114,,77000,15700,user_4,829,,
14115,,3500000,0,user_5,829,,
14116,,670000,155000,user_6,829,,
14117,,3500000,0,user_7,829,,
14118,,1300000,959000,user_7,829,,
14119,,87000,0,user_8,829,,
14120,,3500000,0,user_9,829,,
14121,,30000000,769000,user_11,829,,
14122,,3200000,0,user_15,829,,
14123,,150000,285000,user_16,829,,
14124,,73000,0,user_18,829,,
14125,,1300000,0,user_21,829,,
14126,,1400000,0,user_22,829,,
14127,,82000,0,user_23,829,,
14128,,1100000,3130,user_24,829,,
14129,,2100000,19700,user_26,829,,
14130,,73000,0,user_27,829,,
14131,,350000,0,user_30,829,,
14132,,150000,0,user_31,829,,
14133,,370000,73100,user_34,829,,
14134,,110000,0,user_36,829,,
14135,,1600000,0,user_36,829,,
14136,,1500000,195000,user_39,829,,
14137,,83000,5630,user_40,829,,
14138,,1700000,0,user_41,829,,
14139,,310000,0,user_42,829,,
14140,,83000,779000,user_42,829,,
14141,,160000,0,user_42,829,,
14142,,220000,15100,user_42,829,,
14143,,1100000,0,user_42,829,,
14144,,27000000,0,user_43,829,,
14145,,83000,0,user_44,829,,
14146,,1700000,0,user_44,829,,
14147,,82000,0,user_44,829,,
14148,,2300000,24700,user_44,829,,
14149,,5000000,60700,user_44,829,,
14150,,630000,0,user_45,829,,
14151,,2000000,0,user_46,829,,
14152,,1000000,0,user_47,829,,
14153,,1900000,0,user_49,829,,
14121,0,30000000,769000,user_11,829,829,
14144,1,27000000,0,user_43,829,829,
14149,2,5000000,60700,user_44,829,829,
14108,3,4200000,0,user_0,829,829,
14115,4,3500000,0,user_5,829,829,
14117,5,3500000,0,user_7,829,829,
14120,6,3500000,0,user_9,829,829,
14122,7,3200000,0,user_15,829,829,
14148,8,2300000,24700,user_44,829,829,
14151,9,2000000,0,user_46,829,829,
14153,10,1900000,0,user_49,829,829,
14113,11,1700000,0,user_3,829,829,
14138,12,1700000,0,user_41,829,829,
14146,13,1700000,0,user_44,829,829,
14135,14,1600000,0,user_36,829,829,
14109,15,1500000,0,user_0,829,829,
14126,16,1400000,0,user_22,829,829,
14118,17,1300000,959000,user_7,829,829,
14125,18,1300000,0,user_21,829,829,
14128,19,1100000,3130,user_24,829,829,
14143,20,1100000,0,user_42,829,829,
14152,21,1000000,0,user_47,829,829,
14112,22,970000,0,user_2,829,829,
14116,23,670000,155000,user_6,829,829,
14150,24,630000,0,user_45,829,829,
14133,25,370000,73100,user_34,829,829,
14131,26,350000,0,user_30,829,829,
14139,27,310000,0,user_42,829,829,
14142,28,220000,15100,user_42,829,829,
14141,29,160000,0,user_42,829,829,
14123,30,150000,285000,user_16,829,829,
14132,31,150000,0,user_31,829,829,
14134,32,110000,0,user_36,829,829,
14119,33,87000,0,user_8,829,829,
14137,34,83000,5630,user_40,829,829,
14140,35,83000,779000,user_42,829,829,
14145,36,83000,0,user_44,829,829,
14127,37,82000,0,user_23,829,829,
14147,38,82000,0,user_44,829,829,
14124,39,73000,0,user_18,829,829,
14130,40,73000,0,user_27,829,829,
14246,,630000,7840,user_0,830,,
14247,,150000,108000,user_1,830,,
14248,,160000,66100,user_3,830,,
14249,,220000,0,user_5,830,,
14250,,1000000,0,user_6,830,,
14251,,2100000,0,user_6,830,,
14252,,260000,67500,user_8,830,,
14253,,120000,31700,user_9,830,,
14254,,3600000,23500,user_10,830,,
14255,,1200000,0,user_11,830,,
14256,,260000,128000,user_11,830,,
14257,,120000,0,user_11,830,,
14258,,5000000,0,user_11,830,,
14259,,27000000,0,user_11,830,,
14260,,130000,0,user_12,830,,
14261,,240000,0,user_12,830,,
14262,,320000,0,user_14,830,,
14263,,1500000,0,user_19,830,,
14264,,1500000,12800,user_20,830,,
14265,,1300000,3130,user_21,830,,
14266,,83000,0,user_22,830,,
14267,,310000,0,user_23,830,,
14268,,120000,0,user_25,830,,
14269,,260000,64600,user_27,830,,
14270,,110000,33300,user_27,830,,
14271,,350000,322000,user_28,830,,
14272,,370000,12300,user_28,830,,
14273,,6100000,0,user_29,830,,
14274,,100000,0,user_29,830,,
14275,,2100000,0,user_30,830,,
14276,,150000,0,user_33,830,,
14277,,120000,0,user_34,830,,
14278,,1800000,43600,user_34,830,,
14279,,1400000,0,user_35,830,,
14280,,2000000,0,user_36,830,,
14281,,1900000,0,user_37,830,,
14282,,340000,0,user_39,830,,
14283,,1100000,164000,user_39,830,,
14284,,1500000,0,user_40,830,,
14285,,1000000,0,user_40,830,,
14286,,970000,0,user_40,830,,
14287,,73000,10700,user_40,830,,
14288,,2000000,0,user_41,830,,
14289,,84000,0,user_42,830,,
14290,,160000,0,user_42,830,,
14291,,1200000,0,user_42,830,,
14292,,110000,0,user_43,830,,
14293,,85000,0,user_44,830,,
14294,,970000,0,user_47,830,,
14295,,27000000,0,user_47,830,,
14296,,150000,0,user_48,830,,
14297,,6100000,0,user_48,830,,
14298,,100000,0,user_49,830,,
14299,,260000,35600,user_49,830,,
14259,0,27000000,0,user_11,830,830,
14295,1,27000000,0,user_47,830,830,
14273,2,6100000,0,user_29,830,830,
14297,3,6100000,0,user_48,830,830,
14258,4,5000000,0,user_11,830,830,
14254,5,3600000,23500,user_10,830,830,
14300,6,0,0,builder_0,830,830,14254
14251,7,2100000,0,user_6,830,830,
14275,8,2100000,0,user_30,830,830,
14280,9,2000000,0,user_36,830,830,
14288,10,2000000,0,user_41,830,830,
14281,11,1900000,0,user_37,830,830,
14301,12,0,0,builder_0,830,830,14264
14264,13,1500000,12800,user_20,830,830,
14263,14,1500000,0,user_19,830,830,
14284,15,1500000,0,user_40,830,830,
14279,16,1400000,0,user_35,830,830,
14302,17,0,0,builder_0,830,830,14265
14265,18,1300000,3130,user_21,830,830,
14255,19,1200000,0,user_11,830,830,
14291,20,1200000,0,user_42,830,830,
14250,21,1000000,0,user_6,830,830,
14285,22,1000000,0,user_40,830,830,
14286,23,970000,0,user_40,830,830,
14294,24,970000,0,user_47,830,830,
14271,25,350000,322000,user_28,830,830,
14303,26,0,0,builder_0,830,830,14271
14304,27,0,0,builder_0,830,830,14246
14246,28,630000,7840,user_0,830,830,
14256,29,260000,128000,user_11,830,830,
14305,30,0,0,builder_0,830,830,14256
14306,31,0,0,builder_0,830,830,14272
14272,32,370000,12300,user_28,830,830,
14252,33,260000,67500,user_8,830,830,
14307,34,0,0,builder_0,830,830,14252
14269,35,260000,64600,user_27,830,830,
14308,36,0,0,builder_0,830,830,14269
14262,37,320000,0,user_14,830,830,
14267,38,310000,0,user_23,830,830,
14309,39,0,0,builder_0,830,830,14299
14299,40,260000,35600,user_49,830,830,
14247,41,150000,108000,user_1,830,830,
14310,42,0,0,builder_0,830,830,14247
14311,43,0,0,builder_0,830,830,14248
14248,44,160000,66100,user_3,830,830,
14290,45,160000,0,user_42,830,830,
14312,46,0,0,builder_0,830,830,14253
14253,47,120000,31700,user_9,830,830,
14276,48,150000,0,user_33,830,830,
14296,49,150000,0,user_48,830,830,
14270,50,110000,33300,user_27,830,830,
14313,51,0,0,builder_0,830,830,14270
14257,52,120000,0,user_11,830,830,
14268,53,120000,0,user_25,830,830,
14292,54,110000,0,user_43,830,830,
14274,55,100000,0,user_29,830,830,
14298,56,100000,0,user_49,830,830,
14293,57,85000,0,user_44,830,830,
14289,58,84000,0,user_42,830,830,
14287,59,73000,10700,user_40,830,830,
14314,60,0,0,builder_0,830,830,14287
14266,61,83000,0,user_22,830,830,
14423,,630000,5630,user_0,831,,
14424,,130000,0,user_1,831,,
14425,,170000,31700,user_2,831,,
14426,,310000,0,user_5,831,,
14427,,82000,0,user_5,831,,
14428,,260000,21800,user_6,831,,
14429,,660000,0,user_7,831,,
14430,,420000,0,user_8,831,,
14431,,84000,0,user_8,831,,
14432,,73000,0,user_9,831,,
14433,,1700000,0,user_9,831,,
14434,,3200000,0,user_11,831,,
14435,,110000,0,user_13,831,,
14436,,150000,0,user_13,831,,
14437,,1000000,0,user_14,831,,
14438,,27000000,161000,user_15,831,,
14439,,650000,0,user_16,831,,
14440,,120000,0,user_17,831,,
14441,,630000,0,user_19,831,,
14442,,83000,0,user_20,831,,
14443,,77000,0,user_21,831,,
14444,,83000,0,user_21,831,,
14445,,150000,0,user_25,831,,
14446,,350000,13900,user_26,831,,
14447,,150000,64600,user_26,831,,
14448,,320000,19700,user_27,831,,
14449,,360000,0,user_28,831,,
14450,,190000,24700,user_29,831,,
14451,,2000000,0,user_30,831,,
14452,,310000,0,user_31,831,,
14453,,870000,0,user_32,831,,
14454,,100000,16400,user_33,831,,
14455,,120000,0,user_34,831,,
14456,,1100000,0,user_35,831,,
14457,,4200000,0,user_35,831,,
14458,,1400000,0,user_35,831,,
14459,,120000,0,user_35,831,,
14460,,650000,0,user_36,831,,
14461,,1100000,381000,user_37,831,,
14462,,110000,121000,user_37,831,,
14463,,5200000,0,user_38,831,,
14464,,6300000,0,user_42,831,,
14465,,420000,75000,user_43,831,,
14466,,1800000,0,user_44,831,,
14467,,43000000,13800,user_46,831,,
14468,,1600000,71800,user_47,831,,
14469,,2000000,10700,user_48,831,,
14470,,79000,0,user_48,831,,
14471,,19000000,0,user_49,831,,
14467,0,43000000,13800,user_46,831,831,
14438,1,27000000,161000,user_15,831,831,
14471,2,19000000,0,user_49,831,831,
14464,3,6300000,0,user_42,831,831,
14463,4,5200000,0,user_38,831,831,
14457,5,4200000,0,user_35,831,831,
14434,6,3200000,0,user_11,831,831,
14451,7,2000000,0,user_30,831,831,
14469,8,2000000,10700,user_48,831,831,
14466,9,1800000,0,user_44,831,831,
14433,10,1700000,0,user_9,831,831,
14468,11,1600000,71800,user_47,831,831,
14458,12,1400000,0,user_35,831,831,
14456,13,1100000,0,user_35,831,831,
14437,14,1000000,0,user_14,831,831,
14453,15,870000,0,user_32,831,831,
14429,16,660000,0,user_7,831,831,
14439,17,650000,0,user_16,831,831,
14460,18,650000,0,user_36,831,831,
14423,19,630000,5630,user_0,831,831,
14441,20,630000,0,user_19,831,831,
14430,21,420000,0,user_8,831,831,
14465,22,420000,75000,user_43,831,831,
14448,23,320000,19700,user_27,831,831,
14426,24,310000,0,user_5,831,831,
14452,25,310000,0,user_31,831,831,
14428,26,260000,21800,user_6,831,831,
14450,27,190000,24700,user_29,831,831,
14425,28,170000,31700,user_2,831,831,
14436,29,150000,0,user_13,831,831,
14445,30,150000,0,user_25,831,831,
14440,31,120000,0,user_17,831,831,
14455,32,120000,0,user_34,831,831,
14459,33,120000,0,user_35,831,831,
14435,34,110000,0,user_13,831,831,
14454,35,100000,16400,user_33,831,831,
14431,36,84000,0,user_8,831,831,
14442,37,83000,0,user_20,831,831,
14444,38,83000,0,user_21,831,831,
14427,39,82000,0,user_5,831,831,
14470,40,79000,0,user_48,831,831,
14443,41,77000,0,user_21,831,831,
14432,42,73000,0,user_9,831,831,
14578,,360000,0,user_0,832,,
14579,,80000,16400,user_1,832,,
14580,,110000,0,user_2,832,,
14581,,1000000,0,user_2,832,,
14582,,120000,15700,user_3,832,,
14583,,220000,0,user_4,832,,
14584,,110000,0,user_5,832,,
14585,,220000,32900,user_6,832,,
14586,,110000,0,user_6,832,,
14587,,110000,0,user_7,832,,
14588,,870000,0,user_8,832,,
14589,,220000,0,user_9,832,,
14590,,2600000,0,user_11,832,,
14591,,1000000,0,user_11,832,,
14592,,160000,0,user_12,832,,
14593,,2500000,0,user_12,832,,
14594,,73000,0,user_12,832,,
14595,,1700000,0,user_12,832,,
14596,,77000,0,user_12,832,,
14597,,2600000,24700,user_13,832,,
14598,,1900000,0,user_13,832,,
14599,,1500000,231000,user_14,832,,
14600,,350000,0,user_16,832,,
14601,,650000,0,user_18,832,,
14602,,350000,0,user_18,832,,
14603,,160000,0,user_20,832,,
14604,,1500000,0,user_21,832,,
14605,,160000,0,user_21,832,,
14606,,170000,0,user_21,832,,
14607,,30000000,0,user_22,832,,
14608,,320000,0,user_24,832,,
14609,,2000000,283000,user_24,832,,
14610,,1900000,0,user_25,832,,
14611,,870000,0,user_25,832,,
14612,,110000,0,user_28,832,,
14613,,79000,0,user_29,832,,
14614,,1500000,0,user_30,832,,
14615,,360000,0,user_31,832,,
14616,,43000000,0,user_32,832,,
14617,,2600000,231000,user_32,832,,
14618,,300000,71800,user_33,832,,
14619,,870000,0,user_33,832,,
14620,,2500000,0,user_34,832,,
14621,,370000,0,user_35,832,,
14622,,4500000,0,user_35,832,,
14623,,5200000,0,user_40,832,,
14624,,1300000,0,user_41,832,,
14625,,320000,959000,user_43,832,,
14626,,4500000,56200,user_44,832,,
14627,,360000,0,user_45,832,,
14628,,1600000,0,user_46,832,,
14629,,2300000,14200,user_47,832,,
14630,,4200000,19700,user_48,832,,
14631,,1100000,0,user_49,832,,
14616,0,43000000,0,user_32,832,832,
14607,1,30000000,0,user_22,832,832,
14623,2,5200000,0,user_40,832,832,
14669,3,0,0,builder_4,832,832,14626
14626,4,4500000,56200,user_44,832,832,
14622,5,4500000,0,user_35,832,832,
14630,6,4200000,19700,user_48,832,832,
14670,7,0,0,builder_4,832,832,14630
14617,8,2600000,231000,user_32,832,832,
14671,9,0,0,builder_4,832,832,14617
14597,10,2600000,24700,user_13,832,832,
14672,11,0,0,builder_4,832,832,14597
14590,12,2600000,0,user_11,832,832,
14593,13,2500000,0,user_12,832,832,
14620,14,2500000,0,user_34,832,832,
14673,15,0,0,builder_4,832,832,14609
14609,16,2000000,283000,user_24,832,832,
14598,17,1900000,0,user_13,832,832,
14610,18,1900000,0,user_25,832,832,
14599,19,1500000,231000,user_14,832,832,
14674,20,0,0,builder_4,832,832,14599
14595,21,1700000,0,user_12,832,832,
14628,22,1600000,0,user_46,832,832,
14604,23,1500000,0,user_21,832,832,
14614,24,1500000,0,user_30,832,832,
14624,25,1300000,0,user_41,832,832,
14675,26,0,0,builder_4,832,832,14625
14625,27,320000,959000,user_43,832,832,
14631,28,1100000,0,user_49,832,832,
14581,29,1000000,0,user_2,832,832,
14591,30,1000000,0,user_11,832,832,
14588,31,870000,0,user_8,832,832,
14611,32,870000,0,user_25,832,832,
14619,33,870000,0,user_33,832,832,
14601,34,650000,0,user_18,832,832,
14618,35,300000,71800,user_33,832,832,
14676,36,0,0,builder_4,832,832,14618
14621,37,370000,0,user_35,832,832,
14578,38,360000,0,user_0,832,832,
14615,39,360000,0,user_31,832,832,
14627,40,360000,0,user_45,832,832,
14600,41,350000,0,user_16,832,832,
14602,42,350000,0,user_18,832,832,
14608,43,320000,0,user_24,832,832,
14677,44,0,0,builder_4,832,832,14585
14585,45,220000,32900,user_6,832,832,
14583,46,220000,0,user_4,832,832,
14589,47,220000,0,user_9,832,832,
14606,48,170000,0,user_21,832,832,
14592,49,160000,0,user_12,832,832,
14603,50,160000,0,user_20,832,832,
14605,51,160000,0,user_21,832,832,
14678,52,0,0,builder_4,832,832,14582
14582,53,120000,15700,user_3,832,832,
14580,54,110000,0,user_2,832,832,
14586,55,110000,0,user_6,832,832,
14612,56,110000,0,user_28,832,832,
14579,57,80000,16400,user_1,832,832,
14679,58,0,0,builder_4,832,832,14579
14613,59,79000,0,user_29,832,832,
14596,60,77000,0,user_12,832,832,
14594,61,73000,0,user_12,832,832,
14714,,160000,0,user_1,833,,
14715,,130000,0,user_3,833,,
14716,,600000,0,user_5,833,,
14717,,970000,7190000,user_7,833,,
14718,,83000,0,user_9,833,,
14719,,3200000,0,user_10,833,,
14720,,4200000,128000,user_11,833,,
14721,,2400000,0,user_12,833,,
14722,,1400000,0,user_14,833,,
14723,,85000,0,user_16,833,,
14724,,530000,0,user_17,833,,
14725,,120000,0,user_18,833,,
14726,,170000,0,user_18,833,,
14727,,910000,17000,user_19,833,,
14728,,170000,369000,user_20,833,,
14729,,70000,0,user_20,833,,
14730,,1000000,0,user_21,833,,
14731,,160000,0,user_22,833,,
14732,,120000,0,user_23,833,,
14733,,120000,0,user_23,833,,
14734,,2400000,0,user_23,833,,
14735,,80000,0,user_23,833,,
14736,,100000,21800,user_23,833,,
14737,,240000,0,user_24,833,,
14738,,910000,0,user_25,833,,
14739,,1700000,139000,user_25,833,,
14740,,670000,0,user_26,833,,
14741,,1600000,0,user_27,833,,
14742,,79000,0,user_28,833,,
14743,,3600000,0,user_28,833,,
14744,,1300000,0,user_29,833,,
14745,,310000,0,user_31,833,,
14746,,82000,15700,user_31,833,,
14747,,310000,0,user_32,833,,
14748,,1900000,0,user_32,833,,
14749,,1000000,7190000,user_32,833,,
14750,,1400000,0,user_32,833,,
14751,,1600000,67500,user_32,833,,
14752,,220000,121000,user_33,833,,
14753,,87000,47700,user_36,833,,
14754,,170000,0,user_36,833,,
14755,,43000000,0,user_37,833,,
14756,,150000,0,user_38,833,,
14757,,100000,0,user_40,833,,
14758,,260000,0,user_41,833,,
14759,,1900000,0,user_41,833,,
14760,,2000000,256000,user_42,833,,
14761,,27000000,0,user_43,833,,
14762,,5200000,0,user_44,833,,
14763,,220000,0,user_45,833,,
14764,,310000,0,user_46,833,,
14765,,27000000,769000,user_47,833,,
14766,,420000,100000,user_48,833,,
14755,0,43000000,0,user_37,833,833,
14765,1,27000000,769000,user_47,833,833,
14767,2,0,0,builder_0,833,833,14765
14761,3,27000000,0,user_43,833,833,
14749,4,1000000,7190000,user_32,833,833,
14768,5,0,0,builder_0,833,833,14749
14769,6,0,0,builder_0,833,833,14717
14717,7,970000,7190000,user_7,833,833,
14762,8,5200000,0,user_44,833,833,
14720,9,4200000,128000,user_11,833,833,
14770,10,0,0,builder_0,833,833,14720
14743,11,3600000,0,user_28,833,833,
14719,12,3200000,0,user_10,833,833,
14734,13,2400000,0,user_23,833,833,
14760,14,2000000,256000,user_42,833,833,
14771,15,0,0,builder_0,833,833,14760
14748,16,1900000,0,user_32,833,833,
14759,17,1900000,0,user_41,833,833,
14772,18,0,0,builder_0,833,833,14739
14739,19,1700000,139000,user_25,833,833,
14773,20,0,0,builder_0,833,833,14751
14751,21,1600000,67500,user_32,833,833,
14741,22,1600000,0,user_27,833,833,
14722,23,1400000,0,user_14,833,833,
14750,24,1400000,0,user_32,833,833,
14744,25,1300000,0,user_29,833,833,
14730,26,1000000,0,user_21,833,833,
14727,27,910000,17000,user_19,833,833,
14774,28,0,0,builder_0,833,833,14727
14738,29,910000,0,user_25,833,833,
14740,30,670000,0,user_26,833,833,
14728,31,170000,369000,user_20,833,833,
14775,32,0,0,builder_0,833,833,14728
14724,33,530000,0,user_17,833,833,
14776,34,0,0,builder_0,833,833,14766
14766,35,420000,100000,user_48,833,833,
14752,36,220000,121000,user_33,833,833,
14777,37,0,0,builder_0,833,833,14752
14745,38,310000,0,user_31,833,833,
14747,39,310000,0,user_32,833,833,
14764,40,310000,0,user_46,833,833,
14758,41,260000,0,user_41,833,833,
14726,42,170000,0,user_18,833,833,
14754,43,170000,0,user_36,833,833,
14714,44,160000,0,user_1,833,833,
14731,45,160000,0,user_22,833,833,
14756,46,150000,0,user_38,833,833,
14778,47,0,0,builder_0,833,833,14753
14753,48,87000,47700,user_36,833,833,
14715,49,130000,0,user_3,833,833,
14736,50,100000,21800,user_23,833,833,
14779,51,0,0,builder_0,833,833,14736
14725,52,120000,0,user_18,833,833,
14732,53,120000,0,user_23,833,833,
14733,54,120000,0,user_23,833,833,
14757,55,100000,0,user_40,833,833,
14746,56,82000,15700,user_31,833,833,
14780,57,0,0,builder_0,833,833,14746
14723,58,85000,0,user_16,833,833,
14718,59,83000,0,user_9,833,833,
14735,60,80000,0,user_23,833,833,
14742,61,79000,0,user_28,833,833,
14729,62,70000,0,user_20,833,833,
14866,,190000,0,user_0,834,,
14867,,2400000,0,user_1,834,,
14868,,30000000,0,user_2,834,,
14869,,1500000,0,user_4,834,,
14870,,1500000,19700,user_4,834,,
14871,,82000,0,user_5,834,,
14872,,5200000,0,user_6,834,,
14873,,83000,15100,user_7,834,,
14874,,1000000,0,user_8,834,,
14875,,1500000,0,user_10,834,,
14876,,2000000,0,user_10,834,,
14877,,420000,0,user_12,834,,
14878,,160000,0,user_14,834,,
14879,,2300000,0,user_17,834,,
14880,,79000,0,user_19,834,,
14881,,220000,0,user_19,834,,
14882,,27000000,23500,user_21,834,,
14883,,2000000,0,user_23,834,,
14884,,30000000,12300,user_24,834,,
14885,,870000,0,user_25,834,,
14886,,1000000,0,user_27,834,,
14887,,2500000,0,user_29,834,,
14888,,2600000,0,user_29,834,,
14889,,350000,0,user_29,834,,
14890,,160000,34700,user_32,834,,
14891,,160000,0,user_35,834,,
14892,,460000,0,user_35,834,,
14893,,160000,0,user_35,834,,
14894,,120000,0,user_36,834,,
14895,,1200000,0,user_36,834,,
14896,,1600000,0,user_37,834,,
14897,,100000,0,user_37,834,,
14898,,70000,0,user_39,834,,
14899,,130000,0,user_40,834,,
14900,,77000,0,user_42,834,,
14901,,190000,0,user_42,834,,
14902,,170000,0,user_43,834,,
14903,,70000,0,user_44,834,,
14904,,83000,0,user_45,834,,
14905,,82000,0,user_46,834,,
14906,,360000,0,user_49,834,,
14920,0,0,0,builder_4,834,834,14884
14884,1,30000000,12300,user_24,834,834,
14868,2,30000000,0,user_2,834,834,
14921,3,0,0,builder_4,834,834,14882
14882,4,27000000,23500,user_21,834,834,
14872,5,5200000,0,user_6,834,834,
14888,6,2600000,0,user_29,834,834,
14887,7,2500000,0,user_29,834,834,
14867,8,2400000,0,user_1,834,834,
14879,9,2300000,0,user_17,834,834,
14876,10,2000000,0,user_10,834,834,
14883,11,2000000,0,user_23,834,834,
14896,12,1600000,0,user_37,834,834,
14870,13,1500000,19700,user_4,834,834,
14922,14,0,0,builder_4,834,834,14870
14869,15,1500000,0,user_4,834,834,
14875,16,1500000,0,user_10,834,834,
14895,17,1200000,0,user_36,834,834,
14874,18,1000000,0,user_8,834,834,
14886,19,1000000,0,user_27,834,834,
14885,20,870000,0,user_25,834,834,
14892,21,460000,0,user_35,834,834,
14877,22,420000,0,user_12,834,834,
14906,23,360000,0,user_49,834,834,
14889,24,350000,0,user_29,834,834,
14881,25,220000,0,user_19,834,834,
14923,26,0,0,builder_4,834,834,14890
14890,27,160000,34700,user_32,834,834,
14866,28,190000,0,user_0,834,834,
14901,29,190000,0,user_42,834,834,
14902,30,170000,0,user_43,834,834,
14878,31,160000,0,user_14,834,834,
14891,32,160000,0,user_35,834,834,
14893,33,160000,0,user_35,834,834,
14899,34,130000,0,user_40,834,834,
14894,35,120000,0,user_36,834,834,
14897,36,100000,0,user_37,834,834,
14904,37,83000,0,user_45,834,834,
14905,38,82000,0,user_46,834,834,
14880,39,79000,0,user_19,834,834,
14900,40,77000,0,user_42,834,834,
14903,41,70000,0,user_44,834,834,
14942,,160000,0,user_1,835,,
14943,,150000,30200,user_2,835,,
14944,,220000,0,user_4,835,,
14945,,910000,0,user_4,835,,
14946,,84000,215000,user_4,835,,
14947,,130000,0,user_4,835,,
14948,,660000,0,user_6,835,,
14949,,19000000,0,user_7,835,,
14950,,870000,0,user_8,835,,
14951,,77000,0,user_9,835,,
14952,,1400000,49100,user_10,835,,
14953,,5000000,296000,user_10,835,,
14954,,2600000,0,user_10,835,,
14955,,170000,0,user_10,835,,
14956,,87000,0,user_10,835,,
14957,,160000,0,user_11,835,,
14958,,30000000,0,user_11,835,,
14959,,2400000,0,user_11,835,,
14960,,320000,8520,user_11,835,,
14961,,85000,0,user_12,835,,
14962,,420000,32900,user_12,835,,
14963,,650000,7840,user_13,835,,
14964,,190000,369000,user_13,835,,
14965,,5200000,0,user_14,835,,
14966,,970000,0,user_15,835,,
14967,,1400000,0,user_17,835,,
14968,,1600000,0,user_17,835,,
14969,,1500000,31700,user_18,835,,
14970,,2100000,0,user_18,835,,
14971,,870000,0,user_19,835,,
14972,,6100000,0,user_21,835,,
14973,,310000,0,user_22,835,,
14974,,1200000,0,user_23,835,,
14975,,3500000,0,user_23,835,,
14976,,3200000,181000,user_23,835,,
14977,,220000,0,user_24,835,,
14978,,3600000,0,user_25,835,,
14979,,79000,0,user_26,835,,
14980,,3500000,17700000,user_27,835,,
14981,,170000,0,user_30,835,,
14982,,87000,71800,user_31,835,,
14983,,310000,0,user_32,835,,
14984,,660000,0,user_33,835,,
14985,,320000,0,user_33,835,,
14986,,170000,410000,user_35,835,,
14987,,2300000,0,user_36,835,,
14988,,98000,0,user_37,835,,
14989,,360000,0,user_37,835,,
14990,,77000,0,user_37,835,,
14991,,98000,0,user_37,835,,
14992,,1400000,32900,user_38,835,,
14993,,460000,0,user_38,835,,
14994,,6300000,0,user_41,835,,
14995,,910000,0,user_41,835,,
14996,,6300000,0,user_43,835,,
14997,,77000,0,user_45,835,,
14998,,1200000,0,user_45,835,,
14999,,1600000,0,user_46,835,,
15000,,310000,0,user_48,835,,
14958,0,30000000,0,user_11,835,835,
14949,1,19000000,0,user_7,835,835,
14994,2,6300000,0,user_41,835,835,
14996,3,6300000,0,user_43,835,835,
14972,4,6100000,0,user_21,835,835,
14965,5,5200000,0,user_14,835,835,
14953,6,5000000,296000,user_10,835,835,
14978,7,3600000,0,user_25,835,835,
14975,8,3500000,0,user_23,835,835,
14980,9,3500000,17700000,user_27,835,835,
14976,10,3200000,181000,user_23,835,835,
14954,11,2600000,0,user_10,835,835,
14959,12,2400000,0,user_11,835,835,
14987,13,2300000,0,user_36,835,835,
14970,14,2100000,0,user_18,835,835,
14968,15,1600000,0,user_17,835,835,
14999,16,1600000,0,user_46,835,835,
14969,17,1500000,31700,user_18,835,835,
14952,18,1400000,49100,user_10,835,835,
14967,19,1400000,0,user_17,835,835,
14992,20,1400000,32900,user_38,835,835,
14974,21,1200000,0,user_23,835,835,
14998,22,1200000,0,user_45,835,835,
14966,23,970000,0,user_15,835,835,
14995,24,910000,0,user_41,835,835,
14950,25,870000,0,user_8,835,835,
14971,26,870000,0,user_19,835,835,
14948,27,660000,0,user_6,835,835,
14984,28,660000,0,user_33,835,835,
14963,29,650000,7840,user_13,835,835,
14993,30,460000,0,user_38,835,835,
14960,31,320000,8520,user_11,835,835,
14985,32,320000,0,user_33,835,835,
14973,33,310000,0,user_22,835,835,
14983,34,310000,0,user_32,835,835,
15000,35,310000,0,user_48,835,835,
14977,36,220000,0,user_24,835,835,
14964,37,190000,369000,user_13,835,835,
14955,38,170000,0,user_10,835,835,
14981,39,170000,0,user_30,835,835,
14986,40,170000,410000,user_35,835,835,
14957,41,160000,0,user_11,835,835,
14943,42,150000,30200,user_2,835,835,
14956,43,87000,0,user_10,835,835,
14982,44,87000,71800,user_31,835,835,
14951,45,77000,0,user_9,835,835,
14997,46,77000,0,user_45,835,835,
15104,,1200000,0,user_1,836,,
15105,,220000,0,user_2,836,,
15106,,220000,0,user_4,836,,
15107,,150000,0,user_5,836,,
15108,,150000,68100,user_5,836,,
15109,,370000,0,user_7,836,,
15110,,1900000,0,user_7,836,,
15111,,3500000,66100,user_9,836,,
15112,,5000000,0,user_10,836,,
15113,,77000,256000,user_10,836,,
15114,,5200000,0,user_12,836,,
15115,,2300000,49100,user_12,836,,
15116,,170000,0,user_13,836,,
15117,,2100000,769000,user_13,836,,
15118,,220000,0,user_13,836,,
15119,,1600000,0,user_13,836,,
15120,,85000,71800,user_13,836,,
15121,,420000,0,user_14,836,,
15122,,80000,0,user_14,836,,
15123,,160000,0,user_15,836,,
15124,,5200000,0,user_16,836,,
15125,,310000,0,user_17,836,,
15126,,110000,0,user_18,836,,
15127,,3500000,0,user_18,836,,
15128,,79000,0,user_18,836,,
15129,,150000,0,user_18,836,,
15130,,310000,0,user_20,836,,
15131,,300000,0,user_20,836,,
15132,,310000,23500,user_21,836,,
15133,,1800000,0,user_21,836,,
15134,,1000000,0,user_22,836,,
15135,,300000,0,user_26,836,,
15136,,220000,0,user_26,836,,
15137,,110000,0,user_28,836,,
15138,,2000000,0,user_28,836,,
15139,,1100000,12800,user_30,836,,
15140,,6300000,0,user_31,836,,
15141,,120000,0,user_33,836,,
15142,,120000,17000,user_34,836,,
15143,,5000000,0,user_35,836,,
15144,,150000,0,user_35,836,,
15145,,2000000,0,user_36,836,,
15146,,6100000,0,user_37,836,,
15147,,150000,0,user_37,836,,
15148,,170000,0,user_38,836,,
15149,,870000,0,user_40,836,,
15150,,110000,0,user_40,836,,
15151,,220000,0,user_41,836,,
15152,,82000,0,user_41,836,,
15153,,4500000,0,user_43,836,,
15154,,630000,0,user_43,836,,
15155,,1000000,0,user_44,836,,
15156,,220000,0,user_45,836,,
15157,,660000,0,user_45,836,,
15158,,370000,0,user_46,836,,
15159,,3500000,64600,user_46,836,,
15160,,1100000,0,user_46,836,,
15161,,84000,0,user_46,836,,
15162,,120000,5180,user_46,836,,
15163,,1500000,0,user_48,836,,
15164,,190000,0,user_49,836,,
15140,0,6300000,0,user_31,836,836,
15146,1,6100000,0,user_37,836,836,
15114,2,5200000,0,user_12,836,836,
15124,3,5200000,0,user_16,836,836,
15112,4,5000000,0,user_10,836,836,
15143,5,5000000,0,user_35,836,836,
15153,6,4500000,0,user_43,836,836,
15111,7,3500000,66100,user_9,836,836,
15200,8,0,0,builder_4,836,836,15111
15201,9,0,0,builder_4,836,836,15159
15159,10,3500000,64600,user_46,836,836,
15127,11,3500000,0,user_18,836,836,
15202,12,0,0,builder_4,836,836,15117
15117,13,2100000,769000,user_13,836,836,
15203,14,0,0,builder_4,836,836,15115
15115,15,2300000,49100,user_12,836,836,
15138,16,2000000,0,user_28,836,836,
15145,17,2000000,0,user_36,836,836,
15133,18,1800000,0,user_21,836,836,
15119,19,1600000,0,user_13,836,836,
15163,20,1500000,0,user_48,836,836,
15104,21,1200000,0,user_1,836,836,
15139,22,1100000,12800,user_30,836,836,
15204,23,0,0,builder_4,836,836,15139
15160,24,1100000,0,user_46,836,836,
15134,25,1000000,0,user_22,836,836,
15155,26,1000000,0,user_44,836,836,
15149,27,870000,0,user_40,836,836,
15157,28,660000,0,user_45,836,836,
15154,29,630000,0,user_43,836,836,
15121,30,420000,0,user_14,836,836,
15158,31,370000,0,user_46,836,836,
15132,32,310000,23500,user_21,836,836,
15205,33,0,0,builder_4,836,836,15132
15113,34,77000,256000,user_10,836,836,
15206,35,0,0,builder_4,836,836,15113
15125,36,310000,0,user_17,836,836,
15130,37,310000,0,user_20,836,836,
15131,38,300000,0,user_20,836,836,
15135,39,300000,0,user_26,836,836,
15105,40,220000,0,user_2,836,836,
15106,41,220000,0,user_4,836,836,
15118,42,220000,0,user_13,836,836,
15136,43,220000,0,user_26,836,836,
15151,44,220000,0,user_41,836,836,
15156,45,220000,0,user_45,836,836,
15164,46,190000,0,user_49,836,836,
15116,47,170000,0,user_13,836,836,
15148,48,170000,0,user_38,836,836,
15120,49,85000,71800,user_13,836,836,
15207,50,0,0,builder_4,836,836,15120
15129,51,150000,0,user_18,836,836,
15144,52,150000,0,user_35,836,836,
15147,53,150000,0,user_37,836,836,
15142,54,120000,17000,user_34,836,836,
15208,55,0,0,builder_4,836,836,15142
15162,56,120000,5180,user_46,836,836,
15209,57,0,0,builder_4,836,836,15162
15141,58,120000,0,user_33,836,836,
15126,59,110000,0,user_18,836,836,
15137,60,110000,0,user_28,836,836,
15150,61,110000,0,user_40,836,836,
15161,62,84000,0,user_46,836,836,
15152,63,82000,0,user_41,836,836,
15122,64,80000,0,user_14,836,836,
15128,65,79000,0,user_18,836,836,
15238,,1100000,0,user_0,837,,
15239,,110000,146000,user_2,837,,
15240,,150000,42000,user_3,837,,
15241,,460000,0,user_4,837,,
15242,,870000,46500,user_7,837,,
15243,,1900000,4320000,user_8,837,,
15244,,130000,0,user_9,837,,
15245,,110000,0,user_10,837,,
15246,,630000,0,user_14,837,,
15247,,87000,0,user_16,837,,
15248,,5200000,0,user_17,837,,
15249,,5200000,161000,user_19,837,,
15250,,460000,0,user_19,837,,
15251,,1500000,0,user_20,837,,
15252,,160000,0,user_20,837,,
15253,,460000,0,user_21,837,,
15254,,5200000,0,user_21,837,,
15255,,98000,0,user_21,837,,
15256,,1500000,0,user_21,837,,
15257,,300000,510000,user_22,837,,
15258,,170000,0,user_23,837,,
15259,,84000,16400,user_24,837,,
15260,,870000,0,user_24,837,,
15261,,27000000,0,user_26,837,,
15262,,2100000,11200,user_26,837,,
15263,,650000,0,user_27,837,,
15264,,220000,21800,user_27,837,,
15265,,120000,283000,user_28,837,,
15266,,19000000,5630,user_30,837,,
15267,,1500000,0,user_30,837,,
15268,,80000,0,user_30,837,,
15269,,83000,0,user_32,837,,
15270,,120000,0,user_33,837,,
15271,,1700000,0,user_35,837,,
15272,,5200000,7840,user_35,837,,
15273,,1400000,0,user_36,837,,
15274,,120000,0,user_37,837,,
15275,,77000,0,user_38,837,,
15276,,130000,5630,user_39,837,,
15277,,660000,0,user_40,837,,
15278,,1000000,0,user_41,837,,
15279,,110000,0,user_42,837,,
15280,,27000000,0,user_43,837,,
15281,,150000,0,user_43,837,,
15282,,6100000,0,user_43,837,,
15283,,150000,0,user_43,837,,
15284,,1600000,0,user_44,837,,
15285,,160000,0,user_45,837,,
15286,,5000000,0,user_46,837,,
15287,,420000,0,user_46,837,,
15288,,110000,0,user_46,837,,
15289,,110000,0,user_46,837,,
15290,,120000,0,user_46,837,,
15291,,2400000,0,user_47,837,,
15261,0,27000000,0,user_26,837,837,
15280,1,27000000,0,user_43,837,837,
15292,2,0,0,builder_0,837,837,15266
15266,3,19000000,5630,user_30,837,837,
15293,4,0,0,builder_0,837,837,15243
15243,5,1900000,4320000,user_8,837,837,
15282,6,6100000,0,user_43,837,837,
15294,7,0,0,builder_0,837,837,15249
15249,8,5200000,161000,user_19,837,837,
15295,9,0,0,builder_0,837,837,15272
15272,10,5200000,7840,user_35,837,837,
15248,11,5200000,0,user_17,837,837,
15254,12,5200000,0,user_21,837,837,
15286,13,5000000,0,user_46,837,837,
15291,14,2400000,0,user_47,837,837,
15262,15,2100000,11200,user_26,837,837,
15296,16,0,0,builder_0,837,837,15262
15271,17,1700000,0,user_35,837,837,
15284,18,1600000,0,user_44,837,837,
15251,19,1500000,0,user_20,837,837,
15256,20,1500000,0,user_21,837,837,
15267,21,1500000,0,user_30,837,837,
15273,22,1400000,0,user_36,837,837,
15238,23,1100000,0,user_0,837,837,
15278,24,1000000,0,user_41,837,837,
15297,25,0,0,builder_0,837,837,15242
15242,26,870000,46500,user_7,837,837,
15257,27,300000,510000,user_22,837,837,
15298,28,0,0,builder_0,837,837,15257
15277,29,660000,0,user_40,837,837,
15263,30,650000,0,user_27,837,837,
15246,31,630000,0,user_14,837,837,
15250,32,460000,0,user_19,837,837,
15253,33,460000,0,user_21,837,837,
15287,34,420000,0,user_46,837,837,
15265,35,120000,283000,user_28,837,837,
15299,36,0,0,builder_0,837,837,15265
15239,37,110000,146000,user_2,837,837,
15300,38,0,0,builder_0,837,837,15239
15264,39,220000,21800,user_27,837,837,
15301,40,0,0,builder_0,837,837,15264
15240,41,150000,42000,user_3,837,837,
15302,42,0,0,builder_0,837,837,15240
15258,43,170000,0,user_23,837,837,
15252,44,160000,0,user_20,837,837,
15281,45,150000,0,user_43,837,837,
15283,46,150000,0,user_43,837,837,
15244,47,130000,0,user_9,837,837,
15270,48,120000,0,user_33,837,837,
15274,49,120000,0,user_37,837,837,
15290,50,120000,0,user_46,837,837,
15245,51,110000,0,user_10,837,837,
15279,52,110000,0,user_42,837,837,
15288,53,110000,0,user_46,837,837,
15289,54,110000,0,user_46,837,837,
15255,55,98000,0,user_21,837,837,
15247,56,87000,0,user_16,837,837,
15269,57,83000,0,user_32,837,837,
15268,58,80000,0,user_30,837,837,
15275,59,77000,0,user_38,837,837,
15382,,120000,17700000,user_0,838,,
15383,,98000,0,user_2,838,,
15384,,43000000,0,user_3,838,,
15385,,1000000,0,user_4,838,,
15386,,1600000,0,user_5,838,,
15387,,1000000,0,user_5,838,,
15388,,19000000,0,user_5,838,,
15389,,120000,0,user_5,838,,
15390,,83000,0,user_6,838,,
15391,,6100000,0,user_7,838,,
15392,,460000,0,user_8,838,,
15393,,2000000,0,user_9,838,,
15394,,2000000,0,user_10,838,,
15395,,1200000,46500,user_11,838,,
15396,,160000,0,user_11,838,,
15397,,30000000,0,user_12,838,,
15398,,320000,0,user_12,838,,
15399,,1000000,0,user_13,838,,
15400,,1300000,0,user_13,838,,
15401,,240000,0,user_14,838,,
15402,,1000000,33100,user_15,838,,
15403,,2400000,0,user_15,838,,
15404,,70000,0,user_16,838,,
15405,,19000000,0,user_16,838,,
15406,,600000,0,user_17,838,,
15407,,3500000,0,user_18,838,,
15408,,530000,0,user_19,838,,
15409,,170000,0,user_20,838,,
15410,,170000,73100,user_21,838,,
15411,,27000000,0,user_22,838,,
15412,,1100000,0,user_23,838,,
15413,,150000,0,user_25,838,,
15414,,79000,0,user_27,838,,
15415,,360000,36800,user_29,838,,
15416,,5200000,0,user_30,838,,
15417,,1100000,0,user_30,838,,
15418,,150000,296000,user_31,838,,
15419,,1100000,0,user_32,838,,
15420,,150000,0,user_33,838,,
15421,,300000,4320000,user_33,838,,
15422,,110000,0,user_33,838,,
15423,,320000,0,user_34,838,,
15424,,120000,0,user_35,838,,
15425,,2300000,12300,user_35,838,,
15426,,630000,0,user_40,838,,
15427,,350000,0,user_41,838,,
15428,,1500000,3130,user_42,838,,
15429,,220000,68100,user_44,838,,
15430,,310000,959000,user_44,838,,
15431,,1500000,0,user_44,838,,
15432,,150000,0,user_44,838,,
15433,,360000,0,user_44,838,,
15434,,85000,0,user_45,838,,
15435,,370000,0,user_46,838,,
15384,0,43000000,0,user_3,838,838,
15397,1,30000000,0,user_12,838,838,
15411,2,27000000,0,user_22,838,838,
15388,3,19000000,0,user_5,838,838,
15405,4,19000000,0,user_16,838,838,
15391,5,6100000,0,user_7,838,838,
15416,6,5200000,0,user_30,838,838,
15407,7,3500000,0,user_18,838,838,
15403,8,2400000,0,user_15,838,838,
15425,9,2300000,12300,user_35,838,838,
15394,10,2000000,0,user_10,838,838,
15386,11,1600000,0,user_5,838,838,
15428,12,1500000,3130,user_42,838,838,
15431,13,1500000,0,user_44,838,838,
15400,14,1300000,0,user_13,838,838,
15395,15,1200000,46500,user_11,838,838,
15412,16,1100000,0,user_23,838,838,
15417,17,1100000,0,user_30,838,838,
15385,18,1000000,0,user_4,838,838,
15387,19,1000000,0,user_5,838,838,
15399,20,1000000,0,user_13,838,838,
15402,21,1000000,33100,user_15,838,838,
15426,22,630000,0,user_40,838,838,
15406,23,600000,0,user_17,838,838,
15392,24,460000,0,user_8,838,838,
15435,25,370000,0,user_46,838,838,
15415,26,360000,36800,user_29,838,838,
15433,27,360000,0,user_44,838,838,
15427,28,350000,0,user_41,838,838,
15398,29,320000,0,user_12,838,838,
15423,30,320000,0,user_34,838,838,
15430,31,310000,959000,user_44,838,838,
15421,32,300000,4320000,user_33,838,838,
15429,33,220000,68100,user_44,838,838,
15409,34,170000,0,user_20,838,838,
15410,35,170000,73100,user_21,838,838,
15396,36,160000,0,user_11,838,838,
15413,37,150000,0,user_25,838,838,
15418,38,150000,296000,user_31,838,838,
15420,39,150000,0,user_33,838,838,
15432,40,150000,0,user_44,838,838,
15382,41,120000,17700000,user_0,838,838,
15389,42,120000,0,user_5,838,838,
15424,43,120000,0,user_35,838,838,
15422,44,110000,0,user_33,838,838,
15383,45,98000,0,user_2,838,838,
15434,46,85000,0,user_45,838,838,
15390,47,83000,0,user_6,838,838,
15414,48,79000,0,user_27,838,838,
15404,49,70000,0,user_16,838,838,
15515,,80000,0,user_0,839,,
15516,,2000000,0,user_1,839,,
15517,,2600000,0,user_2,839,,
15518,,160000,0,user_5,839,,
15519,,360000,0,user_5,839,,
15520,,1500000,0,user_6,839,,
15521,,1100000,0,user_6,839,,
15522,,170000,0,user_8,839,,
15523,,82000,0,user_8,839,,
15524,,2000000,0,user_8,839,,
15525,,3500000,0,user_8,839,,
15526,,870000,0,user_8,839,,
15527,,1500000,0,user_9,839,,
15528,,120000,0,user_10,839,,
15529,,2500000,0,user_11,839,,
15530,,110000,0,user_11,839,,
15531,,1600000,0,user_12,839,,
15532,,2000000,0,user_14,839,,
15533,,110000,0,user_15,839,,
15534,,2500000,0,user_15,839,,
15535,,1600000,0,user_16,839,,
15536,,220000,0,user_17,839,,
15537,,70000,43600,user_18,839,,
15538,,170000,0,user_19,839,,
15539,,1100000,0,user_19,839,,
15540,,660000,0,user_19,839,,
15541,,73000,0,user_19,839,,
15542,,82000,0,user_19,839,,
15543,,110000,0,user_20,839,,
15544,,1000000,0,user_20,839,,
15545,,43000000,0,user_21,839,,
15546,,220000,0,user_24,839,,
15547,,460000,0,user_26,839,,
15548,,130000,0,user_29,839,,
15549,,220000,1100000,user_30,839,,
15550,,30000000,0,user_31,839,,
15551,,150000,0,user_31,839,,
15552,,87000,0,user_32,839,,
15553,,73000,0,user_33,839,,
15554,,1000000,0,user_34,839,,
15555,,120000,215000,user_35,839,,
15556,,110000,0,user_35,839,,
15557,,83000,84800,user_36,839,,
15558,,660000,0,user_38,839,,
15559,,160000,0,user_39,839,,
15560,,370000,195000,user_39,839,,
15561,,220000,0,user_39,839,,
15562,,630000,0,user_39,839,,
15563,,460000,181000,user_40,839,,
15564,,2100000,215000,user_40,839,,
15565,,870000,0,user_42,839,,
15566,,340000,0,user_43,839,,
15567,,660000,0,user_44,839,,
15568,,98000,0,user_44,839,,
15569,,1900000,959000,user_45,839,,
15570,,120000,0,user_45,839,,
15571,,220000,0,user_46,839,,
15572,,110000,0,user_47,839,,
15573,,1400000,231000,user_48,839,,
15574,,2000000,16400,user_49,839,,
15545,0,43000000,0,user_21,839,839,
15550,1,30000000,0,user_31,839,839,
15525,2,3500000,0,user_8,839,839,
15517,3,2600000,0,user_2,839,839,
15529,4,2500000,0,user_11,839,839,
15534,5,2500000,0,user_15,839,839,
15564,6,2100000,215000,user_40,839,839,
15516,7,2000000,0,user_1,839,839,
15524,8,2000000,0,user_8,839,839,
15532,9,2000000,0,user_14,839,839,
15574,10,2000000,16400,user_49,839,839,
15569,11,1900000,959000,user_45,839,839,
15531,12,1600000,0,user_12,839,839,
15535,13,1600000,0,user_16,839,839,
15520,14,1500000,0,user_6,839,839,
15521,15,1100000,0,user_6,839,839,
15539,16,1100000,0,user_19,839,839,
15544,17,1000000,0,user_20,839,839,
15554,18,1000000,0,user_34,839,839,
15526,19,870000,0,user_8,839,839,
15565,20,870000,0,user_42,839,839,
15540,21,660000,0,user_19,839,839,
15567,22,660000,0,user_44,839,839,
15562,23,630000,0,user_39,839,839,
15547,24,460000,0,user_26,839,839,
15563,25,460000,181000,user_40,839,839,
15560,26,370000,195000,user_39,839,839,
15566,27,340000,0,user_43,839,839,
15536,28,220000,0,user_17,839,839,
15546,29,220000,0,user_24,839,839,
15549,30,220000,1100000,user_30,839,839,
15561,31,220000,0,user_39,839,839,
15571,32,220000,0,user_46,839,839,
15522,33,170000,0,user_8,839,839,
15538,34,170000,0,user_19,839,839,
15559,35,160000,0,user_39,839,839,
15551,36,150000,0,user_31,839,839,
15548,37,130000,0,user_29,839,839,
15555,38,120000,215000,user_35,839,839,
15570,39,120000,0,user_45,839,839,
15530,40,110000,0,user_11,839,839,
15533,41,110000,0,user_15,839,839,
15543,42,110000,0,user_20,839,839,
15556,43,110000,0,user_35,839,839,
15572,44,110000,0,user_47,839,839,
15568,45,98000,0,user_44,839,839,
15552,46,87000,0,user_32,839,839,
15523,47,82000,0,user_8,839,839,
15542,48,82000,0,user_19,839,839,
15515,49,80000,0,user_0,839,839,
15541,50,73000,0,user_19,839,839,
15553,51,73000,0,user_33,839,839,
15537,52,70000,43600,user_18,839,839,
15649,,130000,0,user_0,840,,
15650,,970000,0,user_1,840,,
15651,,2400000,0,user_2,840,,
15652,,320000,6390,user_3,840,,
15653,,110000,0,user_4,840,,
15654,,650000,0,user_5,840,,
15655,,1100000,0,user_6,840,,
15656,,110000,0,user_6,840,,
15657,,85000,0,user_7,840,,
15658,,220000,0,user_8,840,,
15659,,460000,0,user_9,840,,
15660,,27000000,0,user_10,840,,
15661,,150000,0,user_12,840,,
15662,,1500000,21800,user_13,840,,
15663,,670000,0,user_13,840,,
15664,,1300000,369000,user_13,840,,
15665,,670000,0,user_13,840,,
15666,,73000,0,user_14,840,,
15667,,170000,0,user_14,840,,
15668,,1900000,0,user_15,840,,
15669,,170000,0,user_16,840,,
15670,,2000000,46500,user_17,840,,
15671,,87000,35100,user_17,840,,
15672,,2500000,0,user_18,840,,
15673,,150000,0,user_19,840,,
15674,,73000,0,user_20,840,,
15675,,83000,0,user_22,840,,
15676,,83000,0,user_23,840,,
15677,,150000,0,user_25,840,,
15678,,1500000,0,user_26,840,,
15679,,2000000,0,user_27,840,,
15680,,150000,0,user_27,840,,
15681,,30000000,0,user_27,840,,
15682,,2000000,0,user_27,840,,
15683,,1500000,75000,user_28,840,,
15684,,350000,0,user_30,840,,
15685,,160000,0,user_31,840,,
15686,,970000,0,user_31,840,,
15687,,83000,0,user_32,840,,
15688,,5200000,0,user_34,840,,
15689,,910000,0,user_35,840,,
15690,,150000,0,user_37,840,,
15691,,970000,0,user_39,840,,
15692,,1800000,0,user_39,840,,
15693,,6300000,64600,user_39,840,,
15694,,420000,0,user_40,840,,
15695,,260000,17700000,user_41,840,,
15696,,130000,0,user_42,840,,
15697,,3500000,0,user_42,840,,
15698,,1500000,1100000,user_45,840,,
15699,,1000000,0,user_45,840,,
15700,,82000,67900,user_45,840,,
15701,,4200000,0,user_45,840,,
15702,,19000000,0,user_45,840,,
15703,,170000,0,user_46,840,,
15704,,320000,0,user_47,840,,
15705,,260000,0,user_47,840,,
15681,0,30000000,0,user_27,840,840,
15660,1,27000000,0,user_10,840,840,
15702,2,19000000,0,user_45,840,840,
15693,3,6300000,64600,user_39,840,840,
15688,4,5200000,0,user_34,840,840,
15701,5,4200000,0,user_45,840,840,
15697,6,3500000,0,user_42,840,840,
15672,7,2500000,0,user_18,840,840,
15651,8,2400000,0,user_2,840,840,
15670,9,2000000,46500,user_17,840,840,
15679,10,2000000,0,user_27,840,840,
15682,11,2000000,0,user_27,840,840,
15668,12,1900000,0,user_15,840,840,
15692,13,1800000,0,user_39,840,840,
15662,14,1500000,21800,user_13,840,840,
15678,15,1500000,0,user_26,840,840,
15683,16,1500000,75000,user_28,840,840,
15698,17,1500000,1100000,user_45,840,840,
15664,18,1300000,369000,user_13,840,840,
15655,19,1100000,0,user_6,840,840,
15699,20,1000000,0,user_45,840,840,
15650,21,970000,0,user_1,840,840,
15686,22,970000,0,user_31,840,840,
15691,23,970000,0,user_39,840,840,
15663,24,670000,0,user_13,840,840,
15665,25,670000,0,user_13,840,840,
15659,26,460000,0,user_9,840,840,
15694,27,420000,0,user_40,840,840,
15684,28,350000,0,user_30,840,840,
15704,29,320000,0,user_47,840,840,
15695,30,260000,17700000,user_41,840,840,
15705,31,260000,0,user_47,840,840,
15658,32,220000,0,user_8,840,840,
15667,33,170000,0,user_14,840,840,
15669,34,170000,0,user_16,840,840,
15703,35,170000,0,user_46,840,840,
15685,36,160000,0,user_31,840,840,
15661,37,150000,0,user_12,840,840,
15673,38,150000,0,user_19,840,840,
15677,39,150000,0,user_25,840,840,
15680,40,150000,0,user_27,840,840,
15649,41,130000,0,user_0,840,840,
15696,42,130000,0,user_42,840,840,
15653,43,110000,0,user_4,840,840,
15656,44,110000,0,user_6,840,840,
15671,45,87000,35100,user_17,840,840,
15657,46,85000,0,user_7,840,840,
15675,47,83000,0,user_22,840,840,
15676,48,83000,0,user_23,840,840,
15700,49,82000,67900,user_45,840,840,
15666,50,73000,0,user_14,840,840,
15674,51,73000,0,user_20,840,840,
15776,,370000,0,user_0,841,,
15777,,110000,0,user_0,841,,
15778,,170000,0,user_0,841,,
15779,,240000,0,user_0,841,,
15780,,870000,0,user_1,841,,
15781,,260000,155000,user_2,841,,
15782,,370000,0,user_4,841,,
15783,,3600000,0,user_5,841,,
15784,,1500000,0,user_6,841,,
15785,,87000,0,user_6,841,,
15786,,600000,0,user_7,841,,
15787,,240000,0,user_9,841,,
15788,,970000,0,user_9,841,,
15789,,2100000,0,user_10,841,,
15790,,650000,0,user_15,841,,
15791,,83000,0,user_17,841,,
15792,,470000,0,user_18,841,,
15793,,110000,0,user_19,841,,
15794,,630000,16400,user_20,841,,
15795,,4200000,0,user_20,841,,
15796,,1000000,0,user_21,841,,
15797,,80000,215000,user_21,841,,
15798,,130000,0,user_21,841,,
15799,,340000,0,user_21,841,,
15800,,660000,15700,user_26,841,,
15801,,1900000,0,user_26,841,,
15802,,87000,0,user_27,841,,
15803,,87000,0,user_28,841,,
15804,,1700000,0,user_28,841,,
15805,,1400000,0,user_28,841,,
15806,,2500000,0,user_29,841,,
15807,,2500000,0,user_30,841,,
15808,,110000,0,user_31,841,,
15809,,420000,0,user_31,841,,
15810,,6100000,0,user_34,841,,
15811,,170000,108000,user_35,841,,
15812,,3500000,0,user_37,841,,
15813,,110000,0,user_40,841,,
15814,,30000000,67500,user_40,841,,
15815,,220000,0,user_41,841,,
15816,,870000,8520,user_43,841,,
15817,,670000,60700,user_45,841,,
15818,,320000,0,user_45,841,,
15819,,2600000,0,user_45,841,,
15820,,530000,0,user_45,841,,
15821,,1500000,0,user_45,841,,
15822,,82000,0,user_46,841,,
15823,,460000,0,user_47,841,,
15824,,43000000,0,user_48,841,,
15824,0,43000000,0,user_48,841,841,
15843,1,0,0,builder_3,841,841,15814
15814,2,30000000,67500,user_40,841,841,
15810,3,6100000,0,user_34,841,841,
15795,4,4200000,0,user_20,841,841,
15783,5,3600000,0,user_5,841,841,
15812,6,3500000,0,user_37,841,841,
15819,7,2600000,0,user_45,841,841,
15806,8,2500000,0,user_29,841,841,
15807,9,2500000,0,user_30,841,841,
15789,10,2100000,0,user_10,841,841,
15801,11,1900000,0,user_26,841,841,
15804,12,1700000,0,user_28,841,841,
15821,13,1500000,0,user_45,841,841,
15805,14,1400000,0,user_28,841,841,
15796,15,1000000,0,user_21,841,841,
15844,16,0,0,builder_3,841,841,15816
15816,17,870000,8520,user_43,841,841,
15817,18,670000,60700,user_45,841,841,
15845,19,0,0,builder_3,841,841,15817
15800,20,660000,15700,user_26,841,841,
15846,21,0,0,builder_3,841,841,15800
15790,22,650000,0,user_15,841,841,
15847,23,0,0,builder_3,841,841,15794
15794,24,630000,16400,user_20,841,841,
15786,25,600000,0,user_7,841,841,
15820,26,530000,0,user_45,841,841,
15792,27,470000,0,user_18,841,841,
15823,28,460000,0,user_47,841,841,
15809,29,420000,0,user_31,841,841,
15781,30,260000,155000,user_2,841,841,
15848,31,0,0,builder_3,841,841,15781
15776,32,370000,0,user_0,841,841,
15782,33,370000,0,user_4,841,841,
15799,34,340000,0,user_21,841,841,
15818,35,320000,0,user_45,841,841,
15797,36,80000,215000,user_21,841,841,
15849,37,0,0,builder_3,841,841,15797
15811,38,170000,108000,user_35,841,841,
15850,39,0,0,builder_3,841,841,15811
15779,40,240000,0,user_0,841,841,
15815,41,220000,0,user_41,841,841,
15778,42,170000,0,user_0,841,841,
15798,43,130000,0,user_21,841,841,
15777,44,110000,0,user_0,841,841,
15793,45,110000,0,user_19,841,841,
15808,46,110000,0,user_31,841,841,
15813,47,110000,0,user_40,841,841,
15803,48,87000,0,user_28,841,841,
15791,49,83000,0,user_17,841,841,
15822,50,82000,0,user_46,841,841,
15879,,1000000,0,user_0,842,,
15880,,120000,0,user_0,842,,
15881,,170000,0,user_2,842,,
15882,,2500000,12800,user_3,842,,
15883,,120000,0,user_4,842,,
15884,,110000,0,user_4,842,,
15885,,150000,0,user_4,842,,
15886,,1600000,0,user_4,842,,
15887,,120000,0,user_5,842,,
15888,,120000,0,user_10,842,,
15889,,2600000,0,user_12,842,,
15890,,19000000,0,user_13,842,,
15891,,3600000,0,user_17,842,,
15892,,73000,17700000,user_18,842,,
15893,,530000,0,user_19,842,,
15894,,1500000,0,user_20,842,,
15895,,340000,0,user_20,842,,
15896,,2000000,0,user_22,842,,
15897,,110000,75000,user_23,842,,
15898,,220000,15700,user_23,842,,
15899,,1600000,0,user_23,842,,
15900,,80000,0,user_24,842,,
15901,,1700000,0,user_25,842,,
15902,,1500000,0,user_25,842,,
15903,,160000,0,user_25,842,,
15904,,1300000,0,user_25,842,,
15905,,130000,0,user_26,842,,
15906,,160000,0,user_27,842,,
15907,,420000,11200,user_27,842,,
15908,,670000,0,user_28,842,,
15909,,5000000,0,user_29,842,,
15910,,3600000,0,user_30,842,,
15911,,80000,0,user_30,842,,
15912,,150000,13900,user_31,842,,
15913,,120000,108000,user_32,842,,
15914,,460000,0,user_32,842,,
15915,,6300000,0,user_34,842,,
15916,,910000,0,user_35,842,,
15917,,310000,0,user_36,842,,
15918,,5000000,0,user_38,842,,
15919,,19000000,231000,user_39,842,,
15920,,1500000,0,user_40,842,,
15921,,650000,0,user_42,842,,
15922,,420000,0,user_42,842,,
15923,,6300000,0,user_43,842,,
15924,,2500000,0,user_45,842,,
15925,,1700000,0,user_45,842,,
15926,,70000,0,user_47,842,,
15927,,1100000,0,user_47,842,,
15928,,470000,0,user_48,842,,
15929,,120000,0,user_49,842,,
15890,0,19000000,0,user_13,842,842,
15919,1,19000000,231000,user_39,842,842,
15915,2,6300000,0,user_34,842,842,
15923,3,6300000,0,user_43,842,842,
15909,4,5000000,0,user_29,842,842,
15918,5,5000000,0,user_38,842,842,
15891,6,3600000,0,user_17,842,842,
15910,7,3600000,0,user_30,842,842,
15889,8,2600000,0,user_12,842,842,
15924,9,2500000,0,user_45,842,842,
15896,10,2000000,0,user_22,842,842,
15901,11,1700000,0,user_25,842,842,
15925,12,1700000,0,user_45,842,842,
15886,13,1600000,0,user_4,842,842,
15899,14,1600000,0,user_23,842,842,
15894,15,1500000,0,user_20,842,842,
15902,16,1500000,0,user_25,842,842,
15920,17,1500000,0,user_40,842,842,
15904,18,1300000,0,user_25,842,842,
15927,19,1100000,0,user_47,842,842,
15879,20,1000000,0,user_0,842,842,
15908,21,670000,0,user_28,842,842,
15921,22,650000,0,user_42,842,842,
15893,23,530000,0,user_19,842,842,
15928,24,470000,0,user_48,842,842,
15907,25,420000,11200,user_27,842,842,
15922,26,420000,0,user_42,842,842,
15895,27,340000,0,user_20,842,842,
15898,28,220000,15700,user_23,842,842,
15881,29,170000,0,user_2,842,842,
15903,30,160000,0,user_25,842,842,
15906,31,160000,0,user_27,842,842,
15885,32,150000,0,user_4,842,842,
15912,33,150000,13900,user_31,842,842,
15905,34,130000,0,user_26,842,842,
15880,35,120000,0,user_0,842,842,
15883,36,120000,0,user_4,842,842,
15888,37,120000,0,user_10,842,842,
15884,38,110000,0,user_4,842,842,
15897,39,110000,75000,user_23,842,842,
15900,40,80000,0,user_24,842,842,
15911,41,80000,0,user_30,842,842,
15892,42,73000,17700000,user_18,842,842,
15926,43,70000,0,user_47,842,842,
15986,,1500000,15100,user_0,843,,
15987,,170000,0,user_0,843,,
15988,,160000,195000,user_2,843,,
15989,,2500000,0,user_2,843,,
15990,,470000,0,user_3,843,,
15991,,190000,0,user_5,843,,
15992,,2000000,0,user_7,843,,
15993,,160000,0,user_8,843,,
15994,,2100000,0,user_9,843,,
15995,,260000,0,user_11,843,,
15996,,170000,510000,user_15,843,,
15997,,1600000,0,user_16,843,,
15998,,360000,0,user_17,843,,
15999,,1600000,0,user_18,843,,
16000,,1500000,0,user_18,843,,
16001,,910000,0,user_20,843,,
16002,,70000,0,user_21,843,,
16003,,1100000,0,user_22,843,,
16004,,3500000,510000,user_25,843,,
16005,,130000,0,user_25,843,,
16006,,2500000,60700,user_26,843,,
16007,,1600000,0,user_27,843,,
16008,,6300000,0,user_31,843,,
16009,,1100000,0,user_33,843,,
16010,,120000,0,user_33,843,,
16011,,310000,0,user_35,843,,
16012,,650000,0,user_35,843,,
16013,,910000,0,user_36,843,,
16014,,370000,0,user_36,843,,
16015,,170000,0,user_36,843,,
16016,,130000,0,user_36,843,,
16017,,670000,0,user_36,843,,
16018,,1700000,0,user_37,843,,
16019,,1100000,0,user_39,843,,
16020,,30000000,0,user_39,843,,
16021,,1500000,0,user_40,843,,
16022,,2000000,0,user_40,843,,
16023,,120000,0,user_41,843,,
16024,,420000,0,user_42,843,,
16025,,150000,0,user_43,843,,
16026,,150000,0,user_45,843,,
16027,,27000000,0,user_45,843,,
16028,,2000000,0,user_47,843,,
16029,,100000,0,user_47,843,,
16030,,1000000,0,user_49,843,,
16020,0,30000000,0,user_39,843,843,
16027,1,27000000,0,user_45,843,843,
16008,2,6300000,0,user_31,843,843,
16004,3,3500000,510000,user_25,843,843,
15989,4,2500000,0,user_2,843,843,
16006,5,2500000,60700,user_26,843,843,
15992,6,2000000,0,user_7,843,843,
16022,7,2000000,0,user_40,843,843,
16028,8,2000000,0,user_47,843,843,
16018,9,1700000,0,user_37,843,843,
15997,10,1600000,0,user_16,843,843,
15999,11,1600000,0,user_18,843,843,
16007,12,1600000,0,user_27,843,843,
15986,13,1500000,15100,user_0,843,843,
16000,14,1500000,0,user_18,843,843,
16021,15,1500000,0,user_40,843,843,
16003,16,1100000,0,user_22,843,843,
16009,17,1100000,0,user_33,843,843,
16019,18,1100000,0,user_39,843,843,
16030,19,1000000,0,user_49,843,843,
16001,20,910000,0,user_20,843,843,
16013,21,910000,0,user_36,843,843,
16017,22,670000,0,user_36,843,843,
16012,23,650000,0,user_35,843,843,
15990,24,470000,0,user_3,843,843,
16024,25,420000,0,user_42,843,843,
16014,26,370000,0,user_36,843,843,
15998,27,360000,0,user_17,843,843,
16011,28,310000,0,user_35,843,843,
15995,29,260000,0,user_11,843,843,
15991,30,190000,0,user_5,843,843,
15987,31,170000,0,user_0,843,843,
15996,32,170000,510000,user_15,843,843,
16015,33,170000,0,user_36,843,843,
15988,34,160000,195000,user_2,843,843,
15993,35,160000,0,user_8,843,843,
16025,36,150000,0,user_43,843,843,
16026,37,150000,0,user_45,843,843,
16005,38,130000,0,user_25,843,843,
16016,39,130000,0,user_36,843,843,
16010,40,120000,0,user_33,843,843,
16023,41,120000,0,user_41,843,843,
16029,42,100000,0,user_47,843,843,
16002,43,70000,0,user_21,843,843,
16068,,970000,0,user_0,844,,
16069,,3200000,0,user_3,844,,
16070,,160000,15700,user_4,844,,
16071,,100000,0,user_5,844,,
16072,,170000,0,user_5,844,,
16073,,970000,46500,user_6,844,,
16074,,1400000,0,user_6,844,,
16075,,1600000,0,user_7,844,,
16076,,1500000,0,user_7,844,,
16077,,220000,64600,user_8,844,,
16078,,110000,0,user_8,844,,
16079,,910000,0,user_9,844,,
16080,,110000,0,user_10,844,,
16081,,170000,0,user_11,844,,
16082,,600000,0,user_12,844,,
16083,,300000,0,user_13,844,,
16084,,910000,0,user_13,844,,
16085,,3500000,0,user_13,844,,
16086,,83000,0,user_13,844,,
16087,,120000,0,user_14,844,,
16088,,2000000,0,user_14,844,,
16089,,670000,0,user_14,844,,
16090,,170000,0,user_14,844,,
16091,,120000,0,user_15,844,,
16092,,2000000,0,user_16,844,,
16093,,120000,0,user_16,844,,
16094,,2000000,0,user_17,844,,
16095,,4200000,0,user_19,844,,
16096,,220000,0,user_20,844,,
16097,,150000,0,user_21,844,,
16098,,910000,0,user_22,844,,
16099,,130000,0,user_23,844,,
16100,,870000,0,user_24,844,,
16101,,340000,0,user_24,844,,
16102,,120000,0,user_25,844,,
16103,,87000,283000,user_27,844,,
16104,,2300000,0,user_29,844,,
16105,,70000,0,user_29,844,,
16106,,82000,0,user_30,844,,
16107,,1300000,0,user_32,844,,
16108,,77000,0,user_33,844,,
16109,,84000,0,user_34,844,,
16110,,260000,0,user_35,844,,
16111,,120000,13900,user_36,844,,
16112,,170000,0,user_38,844,,
16113,,5000000,0,user_40,844,,
16114,,4500000,0,user_41,844,,
16115,,120000,0,user_42,844,,
16116,,150000,0,user_42,844,,
16117,,3500000,0,user_43,844,,
16118,,420000,0,user_45,844,,
16119,,630000,0,user_46,844,,
16120,,260000,0,user_47,844,,
16121,,82000,56200,user_48,844,,
16122,,150000,0,user_48,844,,
16123,,43000000,0,user_49,844,,
16123,0,43000000,0,user_49,844,844,
16113,1,5000000,0,user_40,844,844,
16114,2,4500000,0,user_41,844,844,
16095,3,4200000,0,user_19,844,844,
16085,4,3500000,0,user_13,844,844,
16117,5,3500000,0,user_43,844,844,
16069,6,3200000,0,user_3,844,844,
16104,7,2300000,0,user_29,844,844,
16088,8,2000000,0,user_14,844,844,
16092,9,2000000,0,user_16,844,844,
16094,10,2000000,0,user_17,844,844,
16075,11,1600000,0,user_7,844,844,
16076,12,1500000,0,user_7,844,844,
16074,13,1400000,0,user_6,844,844,
16107,14,1300000,0,user_32,844,844,
16068,15,970000,0,user_0,844,844,
16073,16,970000,46500,user_6,844,844,
16079,17,910000,0,user_9,844,844,
16084,18,910000,0,user_13,844,844,
16098,19,910000,0,user_22,844,844,
16100,20,870000,0,user_24,844,844,
16089,21,670000,0,user_14,844,844,
16119,22,630000,0,user_46,844,844,
16118,23,420000,0,user_45,844,844,
16101,24,340000,0,user_24,844,844,
16083,25,300000,0,user_13,844,844,
16110,26,260000,0,user_35,844,844,
16120,27,260000,0,user_47,844,844,
16077,28,220000,64600,user_8,844,844,
16096,29,220000,0,user_20,844,844,
16072,30,170000,0,user_5,844,844,
16081,31,170000,0,user_11,844,844,
16090,32,170000,0,user_14,844,844,
16112,33,170000,0,user_38,844,844,
16097,34,150000,0,user_21,844,844,
16116,35,150000,0,user_42,844,844,
16122,36,150000,0,user_48,844,844,
16099,37,130000,0,user_23,844,844,
16087,38,120000,0,user_14,844,844,
16091,39,120000,0,user_15,844,844,
16093,40,120000,0,user_16,844,844,
16102,41,120000,0,user_25,844,844,
16111,42,120000,13900,user_36,844,844,
16115,43,120000,0,user_42,844,844,
16078,44,110000,0,user_8,844,844,
16080,45,110000,0,user_10,844,844,
16071,46,100000,0,user_5,844,844,
16103,47,87000,283000,user_27,844,844,
16109,48,84000,0,user_34,844,844,
16086,49,83000,0,user_13,844,844,
16106,50,82000,0,user_30,844,844,
16121,51,82000,56200,user_48,844,844,
16108,52,77000,0,user_33,844,844,
16105,53,70000,0,user_29,844,844,
16167,,370000,0,user_0,845,,
16168,,2600000,0,user_1,845,,
16169,,220000,0,user_1,845,,
16170,,19000000,0,user_2,845,,
16171,,160000,0,user_3,845,,
16172,,150000,0,user_3,845,,
16173,,220000,0,user_3,845,,
16174,,260000,0,user_4,845,,
16175,,98000,23500,user_4,845,,
16176,,630000,49100,user_4,845,,
16177,,6300000,0,user_6,845,,
16178,,3200000,0,user_6,845,,
16179,,310000,410000,user_7,845,,
16180,,150000,410000,user_9,845,,
16181,,2400000,0,user_9,845,,
16182,,260000,0,user_10,845,,
16183,,1600000,0,user_12,845,,
16184,,27000000,0,user_14,845,,
16185,,1100000,15700,user_14,845,,
16186,,160000,381000,user_15,845,,
16187,,1600000,1100000,user_15,845,,
16188,,2300000,0,user_15,845,,
16189,,1200000,0,user_16,845,,
16190,,150000,0,user_18,845,,
16191,,120000,1100000,user_19,845,,
16192,,350000,0,user_20,845,,
16193,,79000,0,user_21,845,,
16194,,910000,0,user_22,845,,
16195,,460000,0,user_23,845,,
16196,,340000,75000,user_24,845,,
16197,,4500000,0,user_24,845,,
16198,,160000,0,user_26,845,,
16199,,83000,0,user_27,845,,
16200,,1000000,0,user_28,845,,
16201,,660000,0,user_28,845,,
16202,,1600000,0,user_30,845,,
16203,,98000,0,user_30,845,,
16204,,630000,56200,user_30,845,,
16205,,3200000,73100,user_30,845,,
16206,,910000,0,user_32,845,,
16207,,2000000,0,user_32,845,,
16208,,670000,16400,user_32,845,,
16209,,150000,0,user_32,845,,
16210,,110000,0,user_32,845,,
16211,,120000,68100,user_35,845,,
16212,,110000,779000,user_35,845,,
16213,,1100000,0,user_35,845,,
16214,,120000,35100,user_36,845,,
16215,,5000000,15100,user_37,845,,
16216,,1500000,4320000,user_38,845,,
16217,,110000,0,user_39,845,,
16218,,630000,0,user_42,845,,
16219,,310000,0,user_43,845,,
16220,,5200000,0,user_44,845,,
16221,,320000,0,user_46,845,,
16222,,1000000,0,user_47,845,,
16223,,1400000,8520,user_48,845,,
16224,,470000,0,user_49,845,,
16184,0,27000000,0,user_14,845,845,
16170,1,19000000,0,user_2,845,845,
16177,2,6300000,0,user_6,845,845,
16282,3,0,0,builder_4,845,845,16216
16216,4,1500000,4320000,user_38,845,845,
16220,5,5200000,0,user_44,845,845,
16215,6,5000000,15100,user_37,845,845,
16283,7,0,0,builder_4,845,845,16215
16197,8,4500000,0,user_24,845,845,
16284,9,0,0,builder_4,845,845,16205
16205,10,3200000,73100,user_30,845,845,
16178,11,3200000,0,user_6,845,845,
16168,12,2600000,0,user_1,845,845,
16181,13,2400000,0,user_9,845,845,
16207,14,2000000,0,user_32,845,845,
16183,15,1600000,0,user_12,845,845,
16202,16,1600000,0,user_30,845,845,
16223,17,1400000,8520,user_48,845,845,
16285,18,0,0,builder_4,845,845,16223
16286,19,0,0,builder_4,845,845,16191
16191,20,120000,1100000,user_19,845,845,
16189,21,1200000,0,user_16,845,845,
16185,22,1100000,15700,user_14,845,845,
16287,23,0,0,builder_4,845,845,16185
16213,24,1100000,0,user_35,845,845,
16200,25,1000000,0,user_28,845,845,
16194,26,910000,0,user_22,845,845,
16206,27,910000,0,user_32,845,845,
16288,28,0,0,builder_4,845,845,16212
16212,29,110000,779000,user_35,845,845,
16208,30,670000,16400,user_32,845,845,
16289,31,0,0,builder_4,845,845,16208
16204,32,630000,56200,user_30,845,845,
16290,33,0,0,builder_4,845,845,16204
16176,34,630000,49100,user_4,845,845,
16291,35,0,0,builder_4,845,845,16176
16201,36,660000,0,user_28,845,845,
16218,37,630000,0,user_42,845,845,
16292,38,0,0,builder_4,845,845,16180
16180,39,150000,410000,user_9,845,845,
16224,40,470000,0,user_49,845,845,
16195,41,460000,0,user_23,845,845,
16196,42,340000,75000,user_24,845,845,
16293,43,0,0,builder_4,845,845,16196
16167,44,370000,0,user_0,845,845,
16192,45,350000,0,user_20,845,845,
16221,46,320000,0,user_46,845,845,
16219,47,310000,0,user_43,845,845,
16174,48,260000,0,user_4,845,845,
16182,49,260000,0,user_10,845,845,
16169,50,220000,0,user_1,845,845,
16173,51,220000,0,user_3,845,845,
16294,52,0,0,builder_4,845,845,16211
16211,53,120000,68100,user_35,845,845,
16171,54,160000,0,user_3,845,845,
16198,55,160000,0,user_26,845,845,
16295,56,0,0,builder_4,845,845,16214
16214,57,120000,35100,user_36,845,845,
16172,58,150000,0,user_3,845,845,
16190,59,150000,0,user_18,845,845,
16209,60,150000,0,user_32,845,845,
16175,61,98000,23500,user_4,845,845,
16296,62,0,0,builder_4,845,845,16175
16210,63,110000,0,user_32,845,845,
16203,64,98000,0,user_30,845,845,
16199,65,83000,0,user_27,845,845,
16193,66,79000,0,user_21,845,845,
16356,,1500000,42000,user_2,846,,
16357,,600000,0,user_4,846,,
16358,,1000000,0,user_6,846,,
16359,,110000,0,user_7,846,,
16360,,19000000,0,user_8,846,,
16361,,43000000,0,user_9,846,,
16362,,220000,0,user_11,846,,
16363,,420000,256000,user_12,846,,
16364,,6100000,0,user_13,846,,
16365,,240000,0,user_13,846,,
16366,,2100000,0,user_16,846,,
16367,,530000,0,user_16,846,,
16368,,87000,0,user_16,846,,
16369,,2500000,0,user_16,846,,
16370,,350000,0,user_16,846,,
16371,,150000,47700,user_17,846,,
16372,,4500000,0,user_17,846,,
16373,,870000,0,user_17,846,,
16374,,350000,14200,user_19,846,,
16375,,420000,0,user_19,846,,
16376,,3500000,0,user_19,846,,
16377,,2000000,0,user_19,846,,
16378,,2000000,0,user_20,846,,
16379,,650000,0,user_20,846,,
16380,,1500000,0,user_20,846,,
16381,,240000,0,user_20,846,,
16382,,420000,0,user_20,846,,
16383,,370000,0,user_21,846,,
16384,,5000000,0,user_23,846,,
16385,,43000000,0,user_23,846,,
16386,,110000,0,user_23,846,,
16387,,2000000,0,user_23,846,,
16388,,1800000,0,user_25,846,,
16389,,190000,8520,user_26,846,,
16390,,1100000,0,user_27,846,,
16391,,1500000,0,user_27,846,,
16392,,170000,0,user_28,846,,
16393,,150000,0,user_28,846,,
16394,,650000,0,user_29,846,,
16395,,2000000,0,user_31,846,,
16396,,970000,108000,user_32,846,,
16397,,85000,0,user_33,846,,
16398,,910000,68100,user_34,846,,
16399,,300000,0,user_34,846,,
16400,,150000,19700,user_35,846,,
16401,,1700000,0,user_35,846,,
16402,,2000000,0,user_36,846,,
16403,,70000,0,user_37,846,,
16404,,420000,0,user_38,846,,
16405,,1600000,0,user_40,846,,
16406,,2400000,0,user_40,846,,
16407,,1600000,0,user_40,846,,
16408,,220000,0,user_40,846,,
16409,,4200000,15300,user_41,846,,
16410,,77000,0,user_42,846,,
16411,,170000,0,user_43,846,,
16412,,77000,0,user_44,846,,
16413,,85000,0,user_44,846,,
16414,,420000,0,user_46,846,,
16415,,43000000,0,user_47,846,,
16416,,2400000,0,user_48,846,,
16417,,82000,0,user_48,846,,
16418,,530000,0,user_48,846,,
16419,,2000000,350000,user_48,846,,
16420,,870000,0,user_48,846,,
16421,,43000000,0,user_49,846,,
16361,0,43000000,0,user_9,846,846,
16385,1,43000000,0,user_23,846,846,
16415,2,43000000,0,user_47,846,846,
16421,3,43000000,0,user_49,846,846,
16360,4,19000000,0,user_8,846,846,
16364,5,6100000,0,user_13,846,846,
16384,6,5000000,0,user_23,846,846,
16372,7,4500000,0,user_17,846,846,
16409,8,4200000,15300,user_41,846,846,
16376,9,3500000,0,user_19,846,846,
16369,10,2500000,0,user_16,846,846,
16406,11,2400000,0,user_40,846,846,
16416,12,2400000,0,user_48,846,846,
16366,13,2100000,0,user_16,846,846,
16377,14,2000000,0,user_19,846,846,
16378,15,2000000,0,user_20,846,846,
16387,16,2000000,0,user_23,846,846,
16395,17,2000000,0,user_31,846,846,
16402,18,2000000,0,user_36,846,846,
16419,19,2000000,350000,user_48,846,846,
16388,20,1800000,0,user_25,846,846,
16401,21,1700000,0,user_35,846,846,
16405,22,1600000,0,user_40,846,846,
16407,23,1600000,0,user_40,846,846,
16356,24,1500000,42000,user_2,846,846,
16380,25,1500000,0,user_20,846,846,
16391,26,1500000,0,user_27,846,846,
16390,27,1100000,0,user_27,846,846,
16358,28,1000000,0,user_6,846,846,
16396,29,970000,108000,user_32,846,846,
16398,30,910000,68100,user_34,846,846,
16373,31,870000,0,user_17,846,846,
16420,32,870000,0,user_48,846,846,
16379,33,650000,0,user_20,846,846,
16394,34,650000,0,user_29,846,846,
16367,35,530000,0,user_16,846,846,
16418,36,530000,0,user_48,846,846,
16375,37,420000,0,user_19,846,846,
16382,38,420000,0,user_20,846,846,
16404,39,420000,0,user_38,846,846,
16414,40,420000,0,user_46,846,846,
16383,41,370000,0,user_21,846,846,
16370,42,350000,0,user_16,846,846,
16374,43,350000,14200,user_19,846,846,
16399,44,300000,0,user_34,846,846,
16365,45,240000,0,user_13,846,846,
16381,46,240000,0,user_20,846,846,
16362,47,220000,0,user_11,846,846,
16408,48,220000,0,user_40,846,846,
16411,49,170000,0,user_43,846,846,
16371,50,150000,47700,user_17,846,846,
16400,51,150000,19700,user_35,846,846,
16359,52,110000,0,user_7,846,846,
16386,53,110000,0,user_23,846,846,
16368,54,87000,0,user_16,846,846,
16397,55,85000,0,user_33,846,846,
16413,56,85000,0,user_44,846,846,
16417,57,82000,0,user_48,846,846,
16410,58,77000,0,user_42,846,846,
16412,59,77000,0,user_44,846,846,
16492,,1000000,0,user_0,847,,
16493,,30000000,108000,user_1,847,,
16494,,600000,49100,user_2,847,,
16495,,300000,0,user_2,847,,
16496,,1500000,0,user_2,847,,
16497,,970000,0,user_2,847,,
16498,,5000000,0,user_2,847,,
16499,,1400000,0,user_3,847,,
16500,,1100000,0,user_5,847,,
16501,,420000,0,user_6,847,,
16502,,220000,0,user_7,847,,
16503,,110000,0,user_8,847,,
16504,,1700000,0,user_11,847,,
16505,,1600000,0,user_14,847,,
16506,,3600000,0,user_15,847,,
16507,,110000,0,user_16,847,,
16508,,2000000,0,user_17,847,,
16509,,1200000,155000,user_18,847,,
16510,,220000,0,user_19,847,,
16511,,3600000,0,user_20,847,,
16512,,27000000,195000,user_20,847,,
16513,,300000,0,user_21,847,,
16514,,2100000,161000,user_22,847,,
16515,,1100000,0,user_22,847,,
16516,,82000,0,user_24,847,,
16517,,460000,0,user_25,847,,
16518,,2100000,0,user_26,847,,
16519,,43000000,0,user_27,847,,
16520,,110000,0,user_27,847,,
16521,,420000,0,user_27,847,,
16522,,1500000,0,user_27,847,,
16523,,130000,0,user_28,847,,
16524,,130000,0,user_30,847,,
16525,,120000,0,user_32,847,,
16526,,150000,181000,user_33,847,,
16527,,460000,0,user_34,847,,
16528,,1000000,31700,user_35,847,,
16529,,460000,0,user_36,847,,
16530,,240000,0,user_38,847,,
16531,,150000,0,user_38,847,,
16532,,82000,67900,user_39,847,,
16533,,190000,0,user_39,847,,
16534,,43000000,15300,user_40,847,,
16535,,4500000,0,user_40,847,,
16536,,150000,0,user_41,847,,
16537,,160000,0,user_41,847,,
16538,,530000,0,user_43,847,,
16539,,650000,0,user_44,847,,
16540,,600000,0,user_44,847,,
16541,,6300000,0,user_45,847,,
16542,,110000,0,user_45,847,,
16543,,1500000,0,user_47,847,,
16544,,4200000,0,user_48,847,,
16545,,82000,46500,user_49,847,,
16519,0,43000000,0,user_27,847,847,
16534,1,43000000,15300,user_40,847,847,
16493,2,30000000,108000,user_1,847,847,
16512,3,27000000,195000,user_20,847,847,
16541,4,6300000,0,user_45,847,847,
16498,5,5000000,0,user_2,847,847,
16535,6,4500000,0,user_40,847,847,
16544,7,4200000,0,user_48,847,847,
16506,8,3600000,0,user_15,847,847,
16511,9,3600000,0,user_20,847,847,
16514,10,2100000,161000,user_22,847,847,
16518,11,2100000,0,user_26,847,847,
16508,12,2000000,0,user_17,847,847,
16505,13,1600000,0,user_14,847,847,
16496,14,1500000,0,user_2,847,847,
16522,15,1500000,0,user_27,847,847,
16543,16,1500000,0,user_47,847,847,
16509,17,1200000,155000,user_18,847,847,
16515,18,1100000,0,user_22,847,847,
16492,19,1000000,0,user_0,847,847,
16497,20,970000,0,user_2,847,847,
16539,21,650000,0,user_44,847,847,
16494,22,600000,49100,user_2,847,847,
16540,23,600000,0,user_44,847,847,
16538,24,530000,0,user_43,847,847,
16517,25,460000,0,user_25,847,847,
16527,26,460000,0,user_34,847,847,
16501,27,420000,0,user_6,847,847,
16521,28,420000,0,user_27,847,847,
16495,29,300000,0,user_2,847,847,
16513,30,300000,0,user_21,847,847,
16530,31,240000,0,user_38,847,847,
16502,32,220000,0,user_7,847,847,
16510,33,220000,0,user_19,847,847,
16533,34,190000,0,user_39,847,847,
16537,35,160000,0,user_41,847,847,
16531,36,150000,0,user_38,847,847,
16536,37,150000,0,user_41,847,847,
16523,38,130000,0,user_28,847,847,
16524,39,130000,0,user_30,847,847,
16503,40,110000,0,user_8,847,847,
16507,41,110000,0,user_16,847,847,
16520,42,110000,0,user_27,847,847,
16542,43,110000,0,user_45,847,847,
16516,44,82000,0,user_24,847,847,
16532,45,82000,67900,user_39,847,847,
16618,,1100000,16400,user_0,848,,
16619,,1400000,0,user_0,848,,
16620,,2000000,0,user_2,848,,
16621,,160000,7840,user_3,848,,
16622,,3600000,0,user_6,848,,
16623,,160000,0,user_8,848,,
16624,,1400000,0,user_8,848,,
16625,,170000,5640,user_10,848,,
16626,,170000,0,user_11,848,,
16627,,110000,75000,user_11,848,,
16628,,6300000,0,user_12,848,,
16629,,340000,23500,user_12,848,,
16630,,150000,64600,user_12,848,,
16631,,100000,0,user_12,848,,
16632,,1500000,0,user_14,848,,
16633,,150000,13800,user_16,848,,
16634,,260000,0,user_20,848,,
16635,,150000,0,user_20,848,,
16636,,1300000,5640,user_20,848,,
16637,,360000,5640,user_20,848,,
16638,,910000,0,user_20,848,,
16639,,110000,0,user_21,848,,
16640,,910000,0,user_22,848,,
16641,,79000,0,user_23,848,,
16642,,100000,0,user_25,848,,
16643,,2000000,0,user_27,848,,
16644,,2500000,0,user_28,848,,
16645,,43000000,0,user_29,848,,
16646,,220000,0,user_30,848,,
16647,,30000000,0,user_31,848,,
16648,,300000,0,user_33,848,,
16649,,150000,0,user_34,848,,
16650,,87000,0,user_35,848,,
16651,,320000,0,user_36,848,,
16652,,43000000,0,user_38,848,,
16653,,630000,0,user_39,848,,
16654,,360000,0,user_39,848,,
16655,,1100000,0,user_41,848,,
16656,,160000,0,user_42,848,,
16657,,1100000,0,user_42,848,,
16658,,4500000,0,user_43,848,,
16659,,1400000,0,user_44,848,,
16660,,220000,0,user_45,848,,
16661,,2500000,0,user_45,848,,
16662,,3200000,0,user_46,848,,
16663,,910000,100000,user_47,848,,
16664,,190000,68100,user_48,848,,
16665,,3500000,0,user_49,848,,
16645,0,43000000,0,user_29,848,848,
16652,1,43000000,0,user_38,848,848,
16647,2,30000000,0,user_31,848,848,
16628,3,6300000,0,user_12,848,848,
16658,4,4500000,0,user_43,848,848,
16622,5,3600000,0,user_6,848,848,
16665,6,3500000,0,user_49,848,848,
16662,7,3200000,0,user_46,848,848,
16644,8,2500000,0,user_28,848,848,
16661,9,2500000,0,user_45,848,848,
16620,10,2000000,0,user_2,848,848,
16643,11,2000000,0,user_27,848,848,
16632,12,1500000,0,user_14,848,848,
16619,13,1400000,0,user_0,848,848,
16624,14,1400000,0,user_8,848,848,
16659,15,1400000,0,user_44,848,848,
16636,16,1300000,5640,user_20,848,848,
16699,17,0,0,builder_4,848,848,16636
16700,18,0,0,builder_4,848,848,16618
16618,19,1100000,16400,user_0,848,848,
16655,20,1100000,0,user_41,848,848,
16657,21,1100000,0,user_42,848,848,
16638,22,910000,0,user_20,848,848,
16640,23,910000,0,user_22,848,848,
16701,24,0,0,builder_4,848,848,16637
16637,25,360000,5640,user_20,848,848,
16629,26,340000,23500,user_12,848,848,
16702,27,0,0,builder_4,848,848,16629
16651,28,320000,0,user_36,848,848,
16648,29,300000,0,user_33,848,848,
16634,30,260000,0,user_20,848,848,
16664,31,190000,68100,user_48,848,848,
16703,32,0,0,builder_4,848,848,16664
16646,33,220000,0,user_30,848,848,
16660,34,220000,0,user_45,848,848,
16630,35,150000,64600,user_12,848,848,
16704,36,0,0,builder_4,848,848,16630
16627,37,110000,75000,user_11,848,848,
16705,38,0,0,builder_4,848,848,16627
16706,39,0,0,builder_4,848,848,16625
16625,40,170000,5640,user_10,848,848,
16626,41,170000,0,user_11,848,848,
16707,42,0,0,builder_4,848,848,16621
16621,43,160000,7840,user_3,848,848,
16633,44,150000,13800,user_16,848,848,
16708,45,0,0,builder_4,848,848,16633
16623,46,160000,0,user_8,848,848,
16656,47,160000,0,user_42,848,848,
16635,48,150000,0,user_20,848,848,
16649,49,150000,0,user_34,848,848,
16639,50,110000,0,user_21,848,848,
16631,51,100000,0,user_12,848,848,
16642,52,100000,0,user_25,848,848,
16650,53,87000,0,user_35,848,848,
16641,54,79000,0,user_23,848,848,
16743,,4200000,0,user_0,849,,
16744,,5000000,0,user_1,849,,
16745,,1800000,0,user_2,849,,
16746,,110000,0,user_3,849,,
16747,,84000,0,user_4,849,,
16748,,1100000,0,user_4,849,,
16749,,600000,0,user_6,849,,
16750,,5200000,0,user_7,849,,
16751,,240000,0,user_9,849,,
16752,,340000,0,user_9,849,,
16753,,470000,0,user_10,849,,
16754,,870000,0,user_11,849,,
16755,,5200000,0,user_12,849,,
16756,,120000,0,user_13,849,,
16757,,670000,0,user_14,849,,
16758,,150000,0,user_15,849,,
16759,,160000,42000,user_16,849,,
16760,,3500000,0,user_17,849,,
16761,,100000,0,user_17,849,,
16762,,150000,0,user_18,849,,
16763,,82000,39400,user_19,849,,
16764,,1000000,0,user_19,849,,
16765,,2100000,0,user_19,849,,
16766,,660000,0,user_19,849,,
16767,,1200000,769000,user_19,849,,
16768,,83000,139000,user_20,849,,
16769,,160000,0,user_20,849,,
16770,,3500000,0,user_21,849,,
16771,,1500000,0,user_22,849,,
16772,,1800000,0,user_23,849,,
16773,,30000000,0,user_24,849,,
16774,,2500000,0,user_25,849,,
16775,,1600000,13800,user_26,849,,
16776,,2000000,0,user_27,849,,
16777,,1400000,0,user_27,849,,
16778,,5200000,0,user_28,849,,
16779,,3500000,0,user_30,849,,
16780,,30000000,161000,user_30,849,,
16781,,460000,0,user_32,849,,
16782,,1500000,0,user_33,849,,
16783,,1000000,33300,user_35,849,,
16784,,1600000,0,user_35,849,,
16785,,2000000,0,user_35,849,,
16786,,1700000,0,user_36,849,,
16787,,1000000,322000,user_36,849,,
16788,,660000,0,user_36,849,,
16789,,110000,0,user_38,849,,
16790,,3600000,0,user_39,849,,
16791,,310000,0,user_39,849,,
16792,,300000,0,user_40,849,,
16793,,1400000,0,user_41,849,,
16794,,73000,0,user_42,849,,
16795,,120000,0,user_42,849,,
16796,,100000,0,user_43,849,,
16797,,1500000,0,user_45,849,,
16798,,870000,0,user_45,849,,
16799,,220000,0,user_45,849,,
16800,,110000,0,user_45,849,,
16801,,300000,0,user_48,849,,
16802,,19000000,64600,user_48,849,,
16803,,80000,0,user_49,849,,
16780,0,30000000,161000,user_30,849,849,
16835,1,0,0,builder_4,849,849,16780
16773,2,30000000,0,user_24,849,849,
16836,3,0,0,builder_4,849,849,16802
16802,4,19000000,64600,user_48,849,849,
16755,5,5200000,0,user_12,849,849,
16778,6,5200000,0,user_28,849,849,
16744,7,5000000,0,user_1,849,849,
16743,8,4200000,0,user_0,849,849,
16760,9,3500000,0,user_17,849,849,
16770,10,3500000,0,user_21,849,849,
16779,11,3500000,0,user_30,849,849,
16774,12,2500000,0,user_25,849,849,
16765,13,2100000,0,user_19,849,849,
16776,14,2000000,0,user_27,849,849,
16785,15,2000000,0,user_35,849,849,
16837,16,0,0,builder_4,849,849,16767
16767,17,1200000,769000,user_19,849,849,
16745,18,1800000,0,user_2,849,849,
16772,19,1800000,0,user_23,849,849,
16786,20,1700000,0,user_36,849,849,
16775,21,1600000,13800,user_26,849,849,
16838,22,0,0,builder_4,849,849,16775
16784,23,1600000,0,user_35,849,849,
16771,24,1500000,0,user_22,849,849,
16782,25,1500000,0,user_33,849,849,
16797,26,1500000,0,user_45,849,849,
16777,27,1400000,0,user_27,849,849,
16793,28,1400000,0,user_41,849,849,
16787,29,1000000,322000,user_36,849,849,
16839,30,0,0,builder_4,849,849,16787
16748,31,1100000,0,user_4,849,849,
16840,32,0,0,builder_4,849,849,16783
16783,33,1000000,33300,user_35,849,849,
16764,34,1000000,0,user_19,849,849,
16754,35,870000,0,user_11,849,849,
16798,36,870000,0,user_45,849,849,
16757,37,670000,0,user_14,849,849,
16766,38,660000,0,user_19,849,849,
16788,39,660000,0,user_36,849,849,
16749,40,600000,0,user_6,849,849,
16753,41,470000,0,user_10,849,849,
16781,42,460000,0,user_32,849,849,
16752,43,340000,0,user_9,849,849,
16792,44,300000,0,user_40,849,849,
16801,45,300000,0,user_48,849,849,
16751,46,240000,0,user_9,849,849,
16841,47,0,0,builder_4,849,849,16768
16768,48,83000,139000,user_20,849,849,
16799,49,220000,0,user_45,849,849,
16759,50,160000,42000,user_16,849,849,
16842,51,0,0,builder_4,849,849,16759
16769,52,160000,0,user_20,849,849,
16762,53,150000,0,user_18,849,849,
16763,54,82000,39400,user_19,849,849,
16843,55,0,0,builder_4,849,849,16763
16756,56,120000,0,user_13,849,849,
16795,57,120000,0,user_42,849,849,
16746,58,110000,0,user_3,849,849,
16789,59,110000,0,user_38,849,849,
16800,60,110000,0,user_45,849,849,
16761,61,100000,0,user_17,849,849,
16796,62,100000,0,user_43,849,849,
16747,63,84000,0,user_4,849,849,
16803,64,80000,0,user_49,849,849,
16794,65,73000,0,user_42,849,849,
16870,,2000000,0,user_0,850,,
16871,,27000000,0,user_0,850,,
16872,,600000,0,user_1,850,,
16873,,83000,181000,user_1,850,,
16874,,170000,0,user_4,850,,
16875,,120000,0,user_4,850,,
16876,,170000,0,user_4,850,,
16877,,910000,0,user_4,850,,
16878,,19000000,0,user_5,850,,
16879,,3600000,11200,user_5,850,,
16880,,98000,0,user_9,850,,
16881,,100000,0,user_11,850,,
16882,,1600000,0,user_12,850,,
16883,,1700000,0,user_14,850,,
16884,,3600000,0,user_16,850,,
16885,,630000,0,user_17,850,,
16886,,970000,0,user_17,850,,
16887,,43000000,0,user_18,850,,
16888,,970000,0,user_18,850,,
16889,,3600000,0,user_18,850,,
16890,,1300000,0,user_18,850,,
16891,,190000,0,user_18,850,,
16892,,1400000,16400,user_20,850,,
16893,,150000,0,user_21,850,,
16894,,220000,0,user_22,850,,
16895,,4500000,0,user_24,850,,
16896,,1100000,33300,user_24,850,,
16897,,630000,0,user_25,850,,
16898,,300000,0,user_25,850,,
16899,,70000,0,user_25,850,,
16900,,110000,0,user_26,850,,
16901,,170000,0,user_27,850,,
16902,,77000,769000,user_28,850,,
16903,,83000,7840,user_29,850,,
16904,,1800000,0,user_30,850,,
16905,,120000,0,user_31,850,,
16906,,160000,0,user_32,850,,
16907,,220000,0,user_35,850,,
16908,,170000,0,user_36,850,,
16909,,670000,0,user_40,850,,
16910,,170000,0,user_41,850,,
16911,,650000,0,user_41,850,,
16912,,3500000,0,user_42,850,,
16913,,1000000,0,user_42,850,,
16914,,110000,64600,user_43,850,,
16915,,5000000,0,user_43,850,,
16916,,120000,0,user_44,850,,
16917,,2000000,0,user_45,850,,
16918,,150000,0,user_45,850,,
16919,,6100000,0,user_46,850,,
16920,,600000,12800,user_49,850,,
16921,,220000,0,user_49,850,,
16922,,98000,0,user_49,850,,
16887,0,43000000,0,user_18,850,850,
16871,1,27000000,0,user_0,850,850,
16878,2,19000000,0,user_5,850,850,
16919,3,6100000,0,user_46,850,850,
16915,4,5000000,0,user_43,850,850,
16895,5,4500000,0,user_24,850,850,
16879,6,3600000,11200,user_5,850,850,
16884,7,3600000,0,user_16,850,850,
16889,8,3600000,0,user_18,850,850,
16912,9,3500000,0,user_42,850,850,
16870,10,2000000,0,user_0,850,850,
16917,11,2000000,0,user_45,850,850,
16904,12,1800000,0,user_30,850,850,
16883,13,1700000,0,user_14,850,850,
16882,14,1600000,0,user_12,850,850,
16890,15,1300000,0,user_18,850,850,
16896,16,1100000,33300,user_24,850,850,
16913,17,1000000,0,user_42,850,850,
16886,18,970000,0,user_17,850,850,
16888,19,970000,0,user_18,850,850,
16877,20,910000,0,user_4,850,850,
16909,21,670000,0,user_40,850,850,
16885,22,630000,0,user_17,850,850,
16897,23,630000,0,user_25,850,850,
16920,24,600000,12800,user_49,850,850,
16898,25,300000,0,user_25,850,850,
16894,26,220000,0,user_22,850,850,
16907,27,220000,0,user_35,850,850,
16921,28,220000,0,user_49,850,850,
16891,29,190000,0,user_18,850,850,
16874,30,170000,0,user_4,850,850,
16876,31,170000,0,user_4,850,850,
16901,32,170000,0,user_27,850,850,
16908,33,170000,0,user_36,850,850,
16906,34,160000,0,user_32,850,850,
16893,35,150000,0,user_21,850,850,
16918,36,150000,0,user_45,850,850,
16875,37,120000,0,user_4,850,850,
16916,38,120000,0,user_44,850,850,
16900,39,110000,0,user_26,850,850,
16914,40,110000,64600,user_43,850,850,
16881,41,100000,0,user_11,850,850,
16880,42,98000,0,user_9,850,850,
16922,43,98000,0,user_49,850,850,
16903,44,83000,7840,user_29,850,850,
16902,45,77000,769000,user_28,850,850,
16899,46,70000,0,user_25,850,850,
16980,,260000,0,user_0,851,,
16981,,2300000,6390,user_0,851,,
16982,,670000,0,user_1,851,,
16983,,2000000,0,user_2,851,,
16984,,1300000,0,user_2,851,,
16985,,150000,0,user_4,851,,
16986,,43000000,71800,user_4,851,,
16987,,27000000,0,user_5,851,,
16988,,2100000,181000,user_5,851,,
16989,,120000,139000,user_6,851,,
16990,,110000,0,user_7,851,,
16991,,6100000,779000,user_9,851,,
16992,,1500000,0,user_10,851,,
16993,,340000,128000,user_11,851,,
16994,,220000,350000,user_12,851,,
16995,,420000,0,user_12,851,,
16996,,630000,0,user_12,851,,
16997,,1500000,0,user_12,851,,
16998,,160000,0,user_13,851,,
16999,,4500000,0,user_15,851,,
17000,,1200000,0,user_15,851,,
17001,,73000,16400,user_16,851,,
17002,,350000,0,user_17,851,,
17003,,1900000,0,user_18,851,,
17004,,43000000,0,user_18,851,,
17005,,4200000,0,user_19,851,,
17006,,120000,1100000,user_20,851,,
17007,,84000,0,user_22,851,,
17008,,110000,0,user_22,851,,
17009,,98000,32900,user_22,851,,
17010,,73000,0,user_22,851,,
17011,,670000,0,user_24,851,,
17012,,84000,0,user_25,851,,
17013,,70000,35100,user_25,851,,
17014,,120000,0,user_25,851,,
17015,,110000,0,user_25,851,,
17016,,1600000,0,user_25,851,,
17017,,1000000,0,user_26,851,,
17018,,150000,959000,user_26,851,,
17019,,160000,1100000,user_26,851,,
17020,,1000000,0,user_26,851,,
17021,,120000,0,user_26,851,,
17022,,350000,0,user_27,851,,
17023,,240000,285000,user_28,851,,
17024,,120000,0,user_29,851,,
17025,,660000,0,user_29,851,,
17026,,100000,0,user_30,851,,
17027,,530000,0,user_31,851,,
17028,,120000,0,user_32,851,,
17029,,82000,0,user_33,851,,
17030,,1700000,0,user_33,851,,
17031,,300000,16400,user_34,851,,
17032,,2500000,0,user_35,851,,
17033,,2000000,0,user_36,851,,
17034,,660000,12800,user_37,851,,
17035,,170000,0,user_39,851,,
17036,,460000,0,user_39,851,,
17037,,340000,0,user_40,851,,
17038,,460000,0,user_40,851,,
17039,,160000,17700000,user_40,851,,
17040,,73000,0,user_40,851,,
17041,,650000,17000,user_40,851,,
17042,,6100000,0,user_41,851,,
17043,,1500000,75000,user_42,851,,
17044,,150000,0,user_44,851,,
17045,,240000,0,user_44,851,,
17046,,150000,0,user_45,851,,
17047,,130000,0,user_46,851,,
17048,,420000,0,user_47,851,,
17049,,1400000,0,user_48,851,,
17050,,1400000,71800,user_49,851,,
16986,0,43000000,71800,user_4,851,851,
17131,1,0,0,builder_5,851,851,16986
17004,2,43000000,0,user_18,851,851,
16987,3,27000000,0,user_5,851,851,
16991,4,6100000,779000,user_9,851,851,
17132,5,0,0,builder_5,851,851,16991
17042,6,6100000,0,user_41,851,851,
16999,7,4500000,0,user_15,851,851,
17005,8,4200000,0,user_19,851,851,
17032,9,2500000,0,user_35,851,851,
17133,10,0,0,builder_5,851,851,16981
16981,11,2300000,6390,user_0,851,851,
17134,12,0,0,builder_5,851,851,16988
16988,13,2100000,181000,user_5,851,851,
16983,14,2000000,0,user_2,851,851,
17033,15,2000000,0,user_36,851,851,
17003,16,1900000,0,user_18,851,851,
17030,17,1700000,0,user_33,851,851,
17016,18,1600000,0,user_25,851,851,
17135,19,0,0,builder_5,851,851,17043
17043,20,1500000,75000,user_42,851,851,
16992,21,1500000,0,user_10,851,851,
16997,22,1500000,0,user_12,851,851,
17136,23,0,0,builder_5,851,851,17050
17050,24,1400000,71800,user_49,851,851,
17049,25,1400000,0,user_48,851,851,
16984,26,1300000,0,user_2,851,851,
17137,27,0,0,builder_5,851,851,17019
17019,28,160000,1100000,user_26,851,851,
17138,29,0,0,builder_5,851,851,17006
17006,30,120000,1100000,user_20,851,851,
17000,31,1200000,0,user_15,851,851,
17018,32,150000,959000,user_26,851,851,
17139,33,0,0,builder_5,851,851,17018
17017,34,1000000,0,user_26,851,851,
17020,35,1000000,0,user_26,851,851,
17140,36,0,0,builder_5,851,851,17034
17034,37,660000,12800,user_37,851,851,
16982,38,670000,0,user_1,851,851,
17011,39,670000,0,user_24,851,851,
16996,40,630000,0,user_12,851,851,
17141,41,0,0,builder_5,851,851,16994
16994,42,220000,350000,user_12,851,851,
17027,43,530000,0,user_31,851,851,
17142,44,0,0,builder_5,851,851,17023
17023,45,240000,285000,user_28,851,851,
17143,46,0,0,builder_5,851,851,16993
16993,47,340000,128000,user_11,851,851,
17036,48,460000,0,user_39,851,851,
16995,49,420000,0,user_12,851,851,
17048,50,420000,0,user_47,851,851,
16980,51,260000,0,user_0,851,851,
17144,52,0,0,builder_5,851,851,16989
16989,53,120000,139000,user_6,851,851,
17035,54,170000,0,user_39,851,851,
16998,55,160000,0,user_13,851,851,
16985,56,150000,0,user_4,851,851,
17046,57,150000,0,user_45,851,851,
17014,58,120000,0,user_25,851,851,
17021,59,120000,0,user_26,851,851,
17028,60,120000,0,user_32,851,851,
16990,61,110000,0,user_7,851,851,
17015,62,110000,0,user_25,851,851,
17013,63,70000,35100,user_25,851,851,
17145,64,0,0,builder_5,851,851,17013
17146,65,0,0,builder_5,851,851,17001
17001,66,73000,16400,user_16,851,851,
17012,67,84000,0,user_25,851,851,
17029,68,82000,0,user_33,851,851,
17191,,420000,0,user_1,852,,
17192,,98000,0,user_3,852,,
17193,,30000000,0,user_3,852,,
17194,,80000,0,user_4,852,,
17195,,5000000,0,user_6,852,,
17196,,160000,959000,user_7,852,,
17197,,1400000,121000,user_7,852,,
17198,,310000,19700,user_11,852,,
17199,,870000,0,user_12,852,,
17200,,84000,0,user_12,852,,
17201,,1600000,0,user_13,852,,
17202,,1200000,0,user_13,852,,
17203,,1000000,0,user_14,852,,
17204,,340000,13800,user_16,852,,
17205,,83000,0,user_17,852,,
17206,,310000,181000,user_18,852,,
17207,,1400000,13900,user_18,852,,
17208,,84000,0,user_19,852,,
17209,,1600000,0,user_20,852,,
17210,,84000,0,user_21,852,,
17211,,82000,0,user_22,852,,
17212,,1000000,0,user_23,852,,
17213,,650000,0,user_24,852,,
17214,,4200000,0,user_24,852,,
17215,,120000,0,user_25,852,,
17216,,130000,0,user_26,852,,
17217,,130000,0,user_26,852,,
17218,,240000,0,user_27,852,,
17219,,1500000,0,user_28,852,,
17220,,910000,0,user_29,852,,
17221,,420000,0,user_30,852,,
17222,,240000,0,user_30,852,,
17223,,3600000,0,user_30,852,,
17224,,27000000,0,user_31,852,,
17225,,2000000,779000,user_31,852,,
17226,,870000,0,user_31,852,,
17227,,27000000,0,user_32,852,,
17228,,220000,7840,user_33,852,,
17229,,530000,296000,user_33,852,,
17230,,360000,35100,user_34,852,,
17231,,4200000,769000,user_35,852,,
17232,,1600000,0,user_36,852,,
17233,,120000,0,user_37,852,,
17234,,170000,369000,user_39,852,,
17235,,910000,0,user_39,852,,
17236,,110000,0,user_40,852,,
17237,,1300000,0,user_42,852,,
17238,,77000,33100,user_44,852,,
17239,,360000,0,user_44,852,,
17240,,82000,0,user_45,852,,
17241,,1000000,0,user_48,852,,
17193,0,30000000,0,user_3,852,852,
17224,1,27000000,0,user_31,852,852,
17227,2,27000000,0,user_32,852,852,
17195,3,5000000,0,user_6,852,852,
17214,4,4200000,0,user_24,852,852,
17231,5,4200000,769000,user_35,852,852,
17223,6,3600000,0,user_30,852,852,
17225,7,2000000,779000,user_31,852,852,
17201,8,1600000,0,user_13,852,852,
17209,9,1600000,0,user_20,852,852,
17232,10,1600000,0,user_36,852,852,
17219,11,1500000,0,user_28,852,852,
17197,12,1400000,121000,user_7,852,852,
17207,13,1400000,13900,user_18,852,852,
17237,14,1300000,0,user_42,852,852,
17202,15,1200000,0,user_13,852,852,
17203,16,1000000,0,user_14,852,852,
17212,17,1000000,0,user_23,852,852,
17241,18,1000000,0,user_48,852,852,
17235,19,910000,0,user_39,852,852,
17199,20,870000,0,user_12,852,852,
17226,21,870000,0,user_31,852,852,
17213,22,650000,0,user_24,852,852,
17229,23,530000,296000,user_33,852,852,
17191,24,420000,0,user_1,852,852,
17221,25,420000,0,user_30,852,852,
17230,26,360000,35100,user_34,852,852,
17239,27,360000,0,user_44,852,852,
17198,28,310000,19700,user_11,852,852,
17206,29,310000,181000,user_18,852,852,
17218,30,240000,0,user_27,852,852,
17222,31,240000,0,user_30,852,852,
17228,32,220000,7840,user_33,852,852,
17234,33,170000,369000,user_39,852,852,
17196,34,160000,959000,user_7,852,852,
17216,35,130000,0,user_26,852,852,
17217,36,130000,0,user_26,852,852,
17236,37,110000,0,user_40,852,852,
17192,38,98000,0,user_3,852,852,
17200,39,84000,0,user_12,852,852,
17208,40,84000,0,user_19,852,852,
17210,41,84000,0,user_21,852,852,
17211,42,82000,0,user_22,852,852,
17194,43,80000,0,user_4,852,852,
17238,44,77000,33100,user_44,852,852,
17331,,600000,0,user_0,853,,
17332,,150000,0,user_0,853,,
17333,,310000,0,user_2,853,,
17334,,3200000,0,user_2,853,,
17335,,120000,0,user_3,853,,
17336,,110000,0,user_4,853,,
17337,,2600000,0,user_6,853,,
17338,,1500000,0,user_9,853,,
17339,,79000,0,user_10,853,,
17340,,1500000,0,user_15,853,,
17341,,150000,0,user_18,853,,
17342,,160000,0,user_18,853,,
17343,,79000,0,user_19,853,,
17344,,120000,0,user_20,853,,
17345,,530000,0,user_21,853,,
17346,,6300000,139000,user_22,853,,
17347,,110000,0,user_23,853,,
17348,,1400000,0,user_23,853,,
17349,,110000,0,user_24,853,,
17350,,300000,0,user_25,853,,
17351,,110000,0,user_25,853,,
17352,,43000000,0,user_26,853,,
17353,,1500000,0,user_27,853,,
17354,,1800000,0,user_28,853,,
17355,,1500000,0,user_29,853,,
17356,,1000000,0,user_30,853,,
17357,,110000,0,user_30,853,,
17358,,120000,64600,user_33,853,,
17359,,660000,21800,user_33,853,,
17360,,6300000,0,user_34,853,,
17361,,460000,0,user_38,853,,
17362,,1000000,0,user_39,853,,
17363,,1300000,0,user_40,853,,
17364,,190000,12300,user_40,853,,
17365,,970000,0,user_40,853,,
17366,,260000,0,user_40,853,,
17367,,260000,296000,user_41,853,,
17368,,2300000,0,user_42,853,,
17369,,4200000,14200,user_43,853,,
17370,,460000,0,user_44,853,,
17371,,1200000,0,user_45,853,,
17372,,2000000,0,user_45,853,,
17373,,120000,0,user_46,853,,
17374,,1500000,0,user_46,853,,
17375,,260000,56200,user_46,853,,
17376,,6100000,322000,user_46,853,,
17377,,460000,0,user_47,853,,
17378,,870000,0,user_48,853,,
17379,,30000000,0,user_49,853,,
17352,0,43000000,0,user_26,853,853,
17379,1,30000000,0,user_49,853,853,
17346,2,6300000,139000,user_22,853,853,
17409,3,0,0,builder_4,853,853,17346
17410,4,0,0,builder_4,853,853,17376
17376,5,6100000,322000,user_46,853,853,
17360,6,6300000,0,user_34,853,853,
17369,7,4200000,14200,user_43,853,853,
17411,8,0,0,builder_4,853,853,17369
17334,9,3200000,0,user_2,853,853,
17337,10,2600000,0,user_6,853,853,
17368,11,2300000,0,user_42,853,853,
17372,12,2000000,0,user_45,853,853,
17354,13,1800000,0,user_28,853,853,
17338,14,1500000,0,user_9,853,853,
17353,15,1500000,0,user_27,853,853,
17355,16,1500000,0,user_29,853,853,
17374,17,1500000,0,user_46,853,853,
17348,18,1400000,0,user_23,853,853,
17363,19,1300000,0,user_40,853,853,
17371,20,1200000,0,user_45,853,853,
17356,21,1000000,0,user_30,853,853,
17365,22,970000,0,user_40,853,853,
17378,23,870000,0,user_48,853,853,
17359,24,660000,21800,user_33,853,853,
17412,25,0,0,builder_4,853,853,17359
17331,26,600000,0,user_0,853,853,
17367,27,260000,296000,user_41,853,853,
17413,28,0,0,builder_4,853,853,17367
17345,29,530000,0,user_21,853,853,
17361,30,460000,0,user_38,853,853,
17370,31,460000,0,user_44,853,853,
17414,32,0,0,builder_4,853,853,17375
17375,33,260000,56200,user_46,853,853,
17333,34,310000,0,user_2,853,853,
17350,35,300000,0,user_25,853,853,
17366,36,260000,0,user_40,853,853,
17415,37,0,0,builder_4,853,853,17364
17364,38,190000,12300,user_40,853,853,
17358,39,120000,64600,user_33,853,853,
17416,40,0,0,builder_4,853,853,17358
17342,41,160000,0,user_18,853,853,
17332,42,150000,0,user_0,853,853,
17341,43,150000,0,user_18,853,853,
17335,44,120000,0,user_3,853,853,
17344,45,120000,0,user_20,853,853,
17373,46,120000,0,user_46,853,853,
17336,47,110000,0,user_4,853,853,
17347,48,110000,0,user_23,853,853,
17349,49,110000,0,user_24,853,853,
17351,50,110000,0,user_25,853,853,
17357,51,110000,0,user_30,853,853,
17339,52,79000,0,user_10,853,853,
17343,53,79000,0,user_19,853,853,
17434,,98000,0,user_1,854,,
17435,,80000,0,user_1,854,,
17436,,160000,0,user_2,854,,
17437,,650000,0,user_3,854,,
17438,,1400000,0,user_6,854,,
17439,,360000,0,user_7,854,,
17440,,220000,13900,user_10,854,,
17441,,1500000,0,user_12,854,,
17442,,220000,0,user_13,854,,
17443,,130000,0,user_14,854,,
17444,,600000,0,user_15,854,,
17445,,77000,0,user_16,854,,
17446,,220000,0,user_18,854,,
17447,,1800000,0,user_21,854,,
17448,,77000,0,user_21,854,,
17449,,260000,0,user_21,854,,
17450,,4200000,0,user_21,854,,
17451,,2400000,0,user_24,854,,
17452,,77000,0,user_26,854,,
17453,,600000,0,user_27,854,,
17454,,260000,0,user_29,854,,
17455,,650000,0,user_30,854,,
17456,,1800000,0,user_30,854,,
17457,,43000000,0,user_30,854,,
17458,,2000000,46500,user_32,854,,
17459,,83000,34700,user_34,854,,
17460,,370000,215000,user_35,854,,
17461,,120000,139000,user_35,854,,
17462,,170000,68100,user_37,854,,
17463,,2400000,0,user_37,854,,
17464,,84000,0,user_40,854,,
17465,,87000,0,user_40,854,,
17466,,220000,0,user_41,854,,
17467,,870000,256000,user_42,854,,
17468,,2100000,285000,user_45,854,,
17469,,2000000,0,user_46,854,,
17470,,2000000,0,user_47,854,,
17471,,130000,0,user_47,854,,
17472,,320000,0,user_48,854,,
17473,,83000,0,user_49,854,,
17457,0,43000000,0,user_30,854,854,
17450,1,4200000,0,user_21,854,854,
17463,2,2400000,0,user_37,854,854,
17458,3,2000000,46500,user_32,854,854,
17474,4,0,0,builder_0,854,854,17458
17469,5,2000000,0,user_46,854,854,
17470,6,2000000,0,user_47,854,854,
17447,7,1800000,0,user_21,854,854,
17456,8,1800000,0,user_30,854,854,
17438,9,1400000,0,user_6,854,854,
17475,10,0,0,builder_0,854,854,17467
17467,11,870000,256000,user_42,854,854,
17437,12,650000,0,user_3,854,854,
17455,13,650000,0,user_30,854,854,
17453,14,600000,0,user_27,854,854,
17476,15,0,0,builder_0,854,854,17460
17460,16,370000,215000,user_35,854,854,
17439,17,360000,0,user_7,854,854,
17472,18,320000,0,user_48,854,854,
17449,19,260000,0,user_21,854,854,
17454,20,260000,0,user_29,854,854,
17477,21,0,0,builder_0,854,854,17461
17461,22,120000,139000,user_35,854,854,
17462,23,170000,68100,user_37,854,854,
17478,24,0,0,builder_0,854,854,17462
17440,25,220000,13900,user_10,854,854,
17479,26,0,0,builder_0,854,854,17440
17442,27,220000,0,user_13,854,854,
17446,28,220000,0,user_18,854,854,
17466,29,220000,0,user_41,854,854,
17436,30,160000,0,user_2,854,854,
17443,31,130000,0,user_14,854,854,
17471,32,130000,0,user_47,854,854,
17434,33,98000,0,user_1,854,854,
17465,34,87000,0,user_40,854,854,
17464,35,84000,0,user_40,854,854,
17473,36,83000,0,user_49,854,854,
17435,37,80000,0,user_1,854,854,
17445,38,77000,0,user_16,854,854,
17448,39,77000,0,user_21,854,854,
17452,40,77000,0,user_26,854,854,
17532,,85000,0,user_1,855,,
17533,,110000,215000,user_5,855,,
17534,,30000000,0,user_6,855,,
17535,,77000,959000,user_7,855,,
17536,,2000000,0,user_8,855,,
17537,,3500000,0,user_9,855,,
17538,,130000,12300,user_9,855,,
17539,,1800000,0,user_10,855,,
17540,,110000,35600,user_11,855,,
17541,,150000,108000,user_12,855,,
17542,,120000,7190000,user_13,855,,
17543,,79000,0,user_13,855,,
17544,,160000,594000,user_14,855,,
17545,,150000,0,user_14,855,,
17546,,110000,8520,user_16,855,,
17547,,2000000,0,user_17,855,,
17548,,6300000,15700,user_17,855,,
17549,,120000,0,user_17,855,,
17550,,1700000,0,user_17,855,,
17551,,5000000,256000,user_17,855,,
17552,,82000,0,user_18,855,,
17553,,150000,0,user_20,855,,
17554,,320000,0,user_20,855,,
17555,,220000,0,user_21,855,,
17556,,220000,10700,user_21,855,,
17557,,150000,0,user_23,855,,
17558,,4500000,67500,user_23,855,,
17559,,150000,594000,user_24,855,,
17560,,1500000,0,user_26,855,,
17561,,83000,7840,user_27,855,,
17562,,1400000,0,user_28,855,,
17563,,910000,13800,user_28,855,,
17564,,6100000,0,user_30,855,,
17565,,1400000,0,user_31,855,,
17566,,84000,779000,user_32,855,,
17567,,110000,0,user_32,855,,
17568,,1000000,0,user_32,855,,
17569,,2400000,0,user_32,855,,
17570,,43000000,0,user_33,855,,
17571,,240000,0,user_34,855,,
17572,,6100000,5640,user_35,855,,
17573,,82000,0,user_36,855,,
17574,,190000,0,user_37,855,,
17575,,160000,0,user_39,855,,
17576,,85000,0,user_42,855,,
17577,,160000,0,user_42,855,,
17578,,82000,545000,user_43,855,,
17579,,340000,0,user_44,855,,
17580,,1200000,0,user_44,855,,
17581,,340000,5640,user_45,855,,
17582,,6300000,0,user_46,855,,
17583,,6100000,42000,user_46,855,,
17584,,1300000,0,user_47,855,,
17585,,420000,67500,user_49,855,,
17570,0,43000000,0,user_33,855,855,
17534,1,30000000,0,user_6,855,855,
17542,2,120000,7190000,user_13,855,855,
17586,3,0,0,builder_0,855,855,17542
17548,4,6300000,15700,user_17,855,855,
17587,5,0,0,builder_0,855,855,17548
17582,6,6300000,0,user_46,855,855,
17588,7,0,0,builder_0,855,855,17583
17583,8,6100000,42000,user_46,855,855,
17572,9,6100000,5640,user_35,855,855,
17589,10,0,0,builder_0,855,855,17572
17564,11,6100000,0,user_30,855,855,
17551,12,5000000,256000,user_17,855,855,
17590,13,0,0,builder_0,855,855,17551
17558,14,4500000,67500,user_23,855,855,
17591,15,0,0,builder_0,855,855,17558
17537,16,3500000,0,user_9,855,855,
17569,17,2400000,0,user_32,855,855,
17536,18,2000000,0,user_8,855,855,
17547,19,2000000,0,user_17,855,855,
17539,20,1800000,0,user_10,855,855,
17550,21,1700000,0,user_17,855,855,
17560,22,1500000,0,user_26,855,855,
17562,23,1400000,0,user_28,855,855,
17565,24,1400000,0,user_31,855,855,
17584,25,1300000,0,user_47,855,855,
17580,26,1200000,0,user_44,855,855,
17592,27,0,0,builder_0,855,855,17535
17535,28,77000,959000,user_7,855,855,
17568,29,1000000,0,user_32,855,855,
17593,30,0,0,builder_0,855,855,17563
17563,31,910000,13800,user_28,855,855,
17566,32,84000,779000,user_32,855,855,
17594,33,0,0,builder_0,855,855,17566
17595,34,0,0,builder_0,855,855,17544
17544,35,160000,594000,user_14,855,855,
17596,36,0,0,builder_0,855,855,17578
17578,37,82000,545000,user_43,855,855,
17585,38,420000,67500,user_49,855,855,
17597,39,0,0,builder_0,855,855,17585
17579,40,340000,0,user_44,855,855,
17554,41,320000,0,user_20,855,855,
17556,42,220000,10700,user_21,855,855,
17598,43,0,0,builder_0,855,855,17556
17555,44,220000,0,user_21,855,855,
17574,45,190000,0,user_37,855,855,
17577,46,160000,0,user_42,855,855,
17545,47,150000,0,user_14,855,855,
17553,48,150000,0,user_20,855,855,
17557,49,150000,0,user_23,855,855,
17599,50,0,0,builder_0,855,855,17540
17540,51,110000,35600,user_11,855,855,
17538,52,130000,12300,user_9,855,855,
17600,53,0,0,builder_0,855,855,17538
17549,54,120000,0,user_17,855,855,
17546,55,110000,8520,user_16,855,855,
17601,56,0,0,builder_0,855,855,17546
17567,57,110000,0,user_32,855,855,
17561,58,83000,7840,user_27,855,855,
17602,59,0,0,builder_0,855,855,17561
17532,60,85000,0,user_1,855,855,
17576,61,85000,0,user_42,855,855,
17552,62,82000,0,user_18,855,855,
17573,63,82000,0,user_36,855,855,
17543,64,79000,0,user_13,855,855,
17731,,6300000,0,user_1,856,,
17732,,630000,0,user_2,856,,
17733,,80000,0,user_3,856,,
17734,,310000,0,user_3,856,,
17735,,220000,0,user_3,856,,
17736,,79000,0,user_3,856,,
17737,,1500000,39400,user_4,856,,
17738,,910000,84800,user_6,856,,
17739,,2600000,0,user_7,856,,
17740,,260000,0,user_7,856,,
17741,,5000000,0,user_8,856,,
17742,,82000,0,user_8,856,,
17743,,1500000,0,user_10,856,,
17744,,27000000,0,user_12,856,,
17745,,1100000,12800,user_14,856,,
17746,,4500000,0,user_14,856,,
17747,,43000000,0,user_15,856,,
17748,,150000,0,user_18,856,,
17749,,1000000,68100,user_22,856,,
17750,,1300000,0,user_22,856,,
17751,,310000,0,user_22,856,,
17752,,130000,0,user_24,856,,
17753,,1500000,0,user_26,856,,
17754,,240000,0,user_26,856,,
17755,,2000000,0,user_27,856,,
17756,,83000,43600,user_29,856,,
17757,,2000000,0,user_31,856,,
17758,,360000,0,user_32,856,,
17759,,4500000,0,user_33,856,,
17760,,110000,0,user_33,856,,
17761,,310000,0,user_34,856,,
17762,,150000,15300,user_34,856,,
17763,,83000,0,user_35,856,,
17764,,5000000,0,user_36,856,,
17765,,1400000,0,user_37,856,,
17766,,1700000,0,user_38,856,,
17767,,170000,0,user_39,856,,
17768,,600000,31700,user_39,856,,
17769,,2000000,0,user_40,856,,
17770,,3500000,0,user_42,856,,
17771,,1300000,0,user_43,856,,
17772,,1100000,0,user_44,856,,
17773,,2300000,0,user_45,856,,
17774,,310000,0,user_46,856,,
17775,,2000000,181000,user_47,856,,
17776,,110000,410000,user_48,856,,
17777,,85000,0,user_49,856,,
17778,,160000,0,user_49,856,,
17779,,420000,10700,user_49,856,,
17780,,98000,0,user_49,856,,
17781,,160000,0,user_49,856,,
17747,0,43000000,0,user_15,856,856,
17744,1,27000000,0,user_12,856,856,
17731,2,6300000,0,user_1,856,856,
17741,3,5000000,0,user_8,856,856,
17764,4,5000000,0,user_36,856,856,
17746,5,4500000,0,user_14,856,856,
17759,6,4500000,0,user_33,856,856,
17770,7,3500000,0,user_42,856,856,
17739,8,2600000,0,user_7,856,856,
17755,9,2000000,0,user_27,856,856,
17757,10,2000000,0,user_31,856,856,
17769,11,2000000,0,user_40,856,856,
17775,12,2000000,181000,user_47,856,856,
17766,13,1700000,0,user_38,856,856,
17737,14,1500000,39400,user_4,856,856,
17753,15,1500000,0,user_26,856,856,
17765,16,1400000,0,user_37,856,856,
17750,17,1300000,0,user_22,856,856,
17771,18,1300000,0,user_43,856,856,
17745,19,1100000,12800,user_14,856,856,
17772,20,1100000,0,user_44,856,856,
17749,21,1000000,68100,user_22,856,856,
17738,22,910000,84800,user_6,856,856,
17732,23,630000,0,user_2,856,856,
17768,24,600000,31700,user_39,856,856,
17779,25,420000,10700,user_49,856,856,
17734,26,310000,0,user_3,856,856,
17751,27,310000,0,user_22,856,856,
17761,28,310000,0,user_34,856,856,
17740,29,260000,0,user_7,856,856,
17754,30,240000,0,user_26,856,856,
17735,31,220000,0,user_3,856,856,
17767,32,170000,0,user_39,856,856,
17778,33,160000,0,user_49,856,856,
17781,34,160000,0,user_49,856,856,
17748,35,150000,0,user_18,856,856,
17762,36,150000,15300,user_34,856,856,
17752,37,130000,0,user_24,856,856,
17760,38,110000,0,user_33,856,856,
17776,39,110000,410000,user_48,856,856,
17780,40,98000,0,user_49,856,856,
17777,41,85000,0,user_49,856,856,
17756,42,83000,43600,user_29,856,856,
17742,43,82000,0,user_8,856,856,
17733,44,80000,0,user_3,856,856,
17736,45,79000,0,user_3,856,856,
17850,,470000,0,user_2,857,,
17851,,110000,0,user_3,857,,
17852,,420000,0,user_3,857,,
17853,,420000,0,user_3,857,,
17854,,2000000,0,user_4,857,,
17855,,1100000,0,user_6,857,,
17856,,110000,0,user_6,857,,
17857,,310000,0,user_7,857,,
17858,,120000,0,user_7,857,,
17859,,220000,0,user_7,857,,
17860,,310000,0,user_8,857,,
17861,,370000,11200,user_9,857,,
17862,,98000,0,user_11,857,,
17863,,160000,139000,user_11,857,,
17864,,360000,0,user_12,857,,
17865,,220000,285000,user_13,857,,
17866,,470000,0,user_13,857,,
17867,,110000,10700,user_14,857,,
17868,,170000,0,user_14,857,,
17869,,1400000,0,user_14,857,,
17870,,160000,0,user_14,857,,
17871,,160000,369000,user_18,857,,
17872,,310000,0,user_19,857,,
17873,,310000,0,user_20,857,,
17874,,3500000,0,user_20,857,,
17875,,220000,0,user_21,857,,
17876,,220000,0,user_23,857,,
17877,,530000,0,user_24,857,,
17878,,1500000,283000,user_28,857,,
17879,,70000,0,user_28,857,,
17880,,79000,0,user_29,857,,
17881,,1500000,24700,user_29,857,,
17882,,4500000,0,user_30,857,,
17883,,2600000,0,user_30,857,,
17884,,19000000,0,user_31,857,,
17885,,190000,0,user_33,857,,
17886,,70000,0,user_34,857,,
17887,,110000,0,user_34,857,,
17888,,2100000,0,user_34,857,,
17889,,360000,0,user_34,857,,
17890,,630000,0,user_34,857,,
17891,,19000000,0,user_35,857,,
17892,,420000,0,user_37,857,,
17893,,70000,0,user_39,857,,
17894,,530000,0,user_39,857,,
17895,,110000,0,user_40,857,,
17896,,150000,84800,user_42,857,,
17897,,1100000,0,user_44,857,,
17898,,1700000,0,user_45,857,,
17899,,240000,0,user_46,857,,
17900,,150000,24700,user_46,857,,
17901,,2100000,0,user_47,857,,
17902,,220000,5640,user_47,857,,
17903,,5000000,0,user_48,857,,
17904,,630000,0,user_48,857,,
17905,,160000,0,user_49,857,,
17906,,1500000,0,user_49,857,,
17884,0,19000000,0,user_31,857,857,
17891,1,19000000,0,user_35,857,857,
17903,2,5000000,0,user_48,857,857,
17882,3,4500000,0,user_30,857,857,
17874,4,3500000,0,user_20,857,857,
17883,5,2600000,0,user_30,857,857,
17888,6,2100000,0,user_34,857,857,
17901,7,2100000,0,user_47,857,857,
17854,8,2000000,0,user_4,857,857,
17929,9,0,0,builder_3,857,857,17878
17878,10,1500000,283000,user_28,857,857,
17898,11,1700000,0,user_45,857,857,
17881,12,1500000,24700,user_29,857,857,
17930,13,0,0,builder_3,857,857,17881
17906,14,1500000,0,user_49,857,857,
17869,15,1400000,0,user_14,857,857,
17897,16,1100000,0,user_44,857,857,
17890,17,630000,0,user_34,857,857,
17904,18,630000,0,user_48,857,857,
17877,19,530000,0,user_24,857,857,
17894,20,530000,0,user_39,857,857,
17871,21,160000,369000,user_18,857,857,
17931,22,0,0,builder_3,857,857,17871
17865,23,220000,285000,user_13,857,857,
17932,24,0,0,builder_3,857,857,17865
17850,25,470000,0,user_2,857,857,
17866,26,470000,0,user_13,857,857,
17852,27,420000,0,user_3,857,857,
17853,28,420000,0,user_3,857,857,
17892,29,420000,0,user_37,857,857,
17864,30,360000,0,user_12,857,857,
17889,31,360000,0,user_34,857,857,
17857,32,310000,0,user_7,857,857,
17872,33,310000,0,user_19,857,857,
17873,34,310000,0,user_20,857,857,
17863,35,160000,139000,user_11,857,857,
17933,36,0,0,builder_3,857,857,17863
17899,37,240000,0,user_46,857,857,
17934,38,0,0,builder_3,857,857,17896
17896,39,150000,84800,user_42,857,857,
17902,40,220000,5640,user_47,857,857,
17935,41,0,0,builder_3,857,857,17902
17859,42,220000,0,user_7,857,857,
17875,43,220000,0,user_21,857,857,
17876,44,220000,0,user_23,857,857,
17885,45,190000,0,user_33,857,857,
17900,46,150000,24700,user_46,857,857,
17936,47,0,0,builder_3,857,857,17900
17868,48,170000,0,user_14,857,857,
17870,49,160000,0,user_14,857,857,
17905,50,160000,0,user_49,857,857,
17937,51,0,0,builder_3,857,857,17867
17867,52,110000,10700,user_14,857,857,
17858,53,120000,0,user_7,857,857,
17851,54,110000,0,user_3,857,857,
17887,55,110000,0,user_34,857,857,
17895,56,110000,0,user_40,857,857,
17862,57,98000,0,user_11,857,857,
17880,58,79000,0,user_29,857,857,
17879,59,70000,0,user_28,857,857,
17886,60,70000,0,user_34,857,857,
17893,61,70000,0,user_39,857,857,
17974,,98000,0,user_0,858,,
17975,,2000000,0,user_1,858,,
17976,,110000,0,user_2,858,,
17977,,5200000,0,user_3,858,,
17978,,460000,0,user_3,858,,
17979,,320000,0,user_3,858,,
17980,,6300000,0,user_3,858,,
17981,,3500000,0,user_5,858,,
17982,,1500000,56200,user_5,858,,
17983,,79000,0,user_5,858,,
17984,,2300000,0,user_7,858,,
17985,,220000,73100,user_7,858,,
17986,,150000,0,user_9,858,,
17987,,1800000,0,user_10,858,,
17988,,2600000,0,user_10,858,,
17989,,3200000,0,user_10,858,,
17990,,310000,0,user_12,858,,
17991,,220000,35100,user_14,858,,
17992,,310000,0,user_16,858,,
17993,,79000,0,user_17,858,,
17994,,420000,0,user_18,858,,
17995,,240000,0,user_19,858,,
17996,,360000,0,user_20,858,,
17997,,630000,0,user_22,858,,
17998,,2500000,0,user_22,858,,
17999,,260000,0,user_25,858,,
18000,,630000,0,user_26,858,,
18001,,4200000,0,user_27,858,,
18002,,2400000,49100,user_27,858,,
18003,,70000,0,user_28,858,,
18004,,110000,67900,user_28,858,,
18005,,6300000,0,user_28,858,,
18006,,79000,0,user_28,858,,
18007,,1700000,67500,user_29,858,,
18008,,1100000,0,user_31,858,,
18009,,110000,108000,user_33,858,,
18010,,340000,350000,user_35,858,,
18011,,83000,0,user_36,858,,
18012,,43000000,0,user_39,858,,
18013,,130000,0,user_41,858,,
18014,,2000000,0,user_43,858,,
18015,,300000,35100,user_45,858,,
18016,,630000,0,user_45,858,,
18017,,43000000,0,user_45,858,,
18018,,2000000,0,user_45,858,,
18019,,420000,0,user_45,858,,
18020,,160000,16400,user_46,858,,
18021,,110000,71800,user_48,858,,
18022,,3600000,0,user_49,858,,
18012,0,43000000,0,user_39,858,858,
18017,1,43000000,0,user_45,858,858,
17980,2,6300000,0,user_3,858,858,
18005,3,6300000,0,user_28,858,858,
17977,4,5200000,0,user_3,858,858,
18001,5,4200000,0,user_27,858,858,
18022,6,3600000,0,user_49,858,858,
17981,7,3500000,0,user_5,858,858,
17989,8,3200000,0,user_10,858,858,
17988,9,2600000,0,user_10,858,858,
17998,10,2500000,0,user_22,858,858,
18002,11,2400000,49100,user_27,858,858,
18082,12,0,0,builder_7,858,858,18002
17984,13,2300000,0,user_7,858,858,
17975,14,2000000,0,user_1,858,858,
18014,15,2000000,0,user_43,858,858,
18018,16,2000000,0,user_45,858,858,
17987,17,1800000,0,user_10,858,858,
18007,18,1700000,67500,user_29,858,858,
18083,19,0,0,builder_7,858,858,18007
17982,20,1500000,56200,user_5,858,858,
18084,21,0,0,builder_7,858,858,17982
18008,22,1100000,0,user_31,858,858,
17997,23,630000,0,user_22,858,858,
18016,24,630000,0,user_45,858,858,
17978,25,460000,0,user_3,858,858,
18019,26,420000,0,user_45,858,858,
17996,27,360000,0,user_20,858,858,
18015,28,300000,35100,user_45,858,858,
18085,29,0,0,builder_7,858,858,18015
17979,30,320000,0,user_3,858,858,
17990,31,310000,0,user_12,858,858,
17992,32,310000,0,user_16,858,858,
17985,33,220000,73100,user_7,858,858,
18086,34,0,0,builder_7,858,858,17985
17999,35,260000,0,user_25,858,858,
17991,36,220000,35100,user_14,858,858,
18087,37,0,0,builder_7,858,858,17991
18088,38,0,0,builder_7,858,858,18009
18009,39,110000,108000,user_33,858,858,
18004,40,110000,67900,user_28,858,858,
18089,41,0,0,builder_7,858,858,18004
17986,42,150000,0,user_9,858,858,
18013,43,130000,0,user_41,858,858,
17976,44,110000,0,user_2,858,858,
17974,45,98000,0,user_0,858,858,
18011,46,83000,0,user_36,858,858,
17983,47,79000,0,user_5,858,858,
17993,48,79000,0,user_17,858,858,
18006,49,79000,0,user_28,858,858,
18003,50,70000,0,user_28,858,858,
18100,,79000,100000,user_1,859,,
18101,,420000,35100,user_2,859,,
18102,,87000,0,user_4,859,,
18103,,130000,381000,user_5,859,,
18104,,3600000,0,user_5,859,,
18105,,260000,6390,user_7,859,,
18106,,1900000,779000,user_8,859,,
18107,,660000,0,user_8,859,,
18108,,1000000,322000,user_9,859,,
18109,,220000,283000,user_10,859,,
18110,,470000,0,user_11,859,,
18111,,2000000,0,user_12,859,,
18112,,87000,0,user_12,859,,
18113,,5200000,0,user_13,859,,
18114,,110000,0,user_14,859,,
18115,,910000,0,user_15,859,,
18116,,73000,0,user_16,859,,
18117,,160000,0,user_16,859,,
18118,,120000,7840,user_16,859,,
18119,,420000,0,user_16,859,,
18120,,120000,0,user_17,859,,
18121,,150000,16400,user_20,859,,
18122,,110000,0,user_21,859,,
18123,,160000,510000,user_22,859,,
18124,,370000,0,user_25,859,,
18125,,110000,0,user_27,859,,
18126,,79000,0,user_27,859,,
18127,,420000,0,user_28,859,,
18128,,470000,18600,user_29,859,,
18129,,70000,0,user_29,859,,
18130,,310000,0,user_29,859,,
18131,,1800000,0,user_29,859,,
18132,,160000,0,user_34,859,,
18133,,300000,0,user_34,859,,
18134,,1600000,0,user_34,859,,
18135,,2000000,0,user_34,859,,
18136,,6100000,0,user_35,859,,
18137,,1000000,0,user_37,859,,
18138,,130000,0,user_39,859,,
18139,,110000,0,user_40,859,,
18140,,120000,0,user_41,859,,
18141,,2000000,0,user_44,859,,
18142,,120000,0,user_44,859,,
18143,,120000,0,user_44,859,,
18144,,1500000,0,user_44,859,,
18145,,1500000,0,user_47,859,,
18146,,650000,0,user_49,859,,
18136,0,6100000,0,user_35,859,859,
18113,1,5200000,0,user_13,859,859,
18104,2,3600000,0,user_5,859,859,
18111,3,2000000,0,user_12,859,859,
18135,4,2000000,0,user_34,859,859,
18141,5,2000000,0,user_44,859,859,
18106,6,1900000,779000,user_8,859,859,
18131,7,1800000,0,user_29,859,859,
18134,8,1600000,0,user_34,859,859,
18144,9,1500000,0,user_44,859,859,
18145,10,1500000,0,user_47,859,859,
18108,11,1000000,322000,user_9,859,859,
18137,12,1000000,0,user_37,859,859,
18115,13,910000,0,user_15,859,859,
18107,14,660000,0,user_8,859,859,
18146,15,650000,0,user_49,859,859,
18110,16,470000,0,user_11,859,859,
18128,17,470000,18600,user_29,859,859,
18101,18,420000,35100,user_2,859,859,
18119,19,420000,0,user_16,859,859,
18127,20,420000,0,user_28,859,859,
18124,21,370000,0,user_25,859,859,
18130,22,310000,0,user_29,859,859,
18133,23,300000,0,user_34,859,859,
18105,24,260000,6390,user_7,859,859,
18109,25,220000,283000,user_10,859,859,
18117,26,160000,0,user_16,859,859,
18132,27,160000,0,user_34,859,859,
18121,28,150000,16400,user_20,859,859,
18103,29,130000,381000,user_5,859,859,
18138,30,130000,0,user_39,859,859,
18118,31,120000,7840,user_16,859,859,
18120,32,120000,0,user_17,859,859,
18140,33,120000,0,user_41,859,859,
18142,34,120000,0,user_44,859,859,
18143,35,120000,0,user_44,859,859,
18125,36,110000,0,user_27,859,859,
18102,37,87000,0,user_4,859,859,
18112,38,87000,0,user_12,859,859,
18100,39,79000,100000,user_1,859,859,
18126,40,79000,0,user_27,859,859,
18116,41,73000,0,user_16,859,859,
18129,42,70000,0,user_29,859,859,
18225,,120000,0,user_0,860,,
18226,,420000,33300,user_0,860,,
18227,,150000,350000,user_2,860,,
18228,,670000,0,user_2,860,,
18229,,340000,36800,user_3,860,,
18230,,1700000,23500,user_4,860,,
18231,,160000,108000,user_5,860,,
18232,,2600000,0,user_8,860,,
18233,,2400000,0,user_8,860,,
18234,,170000,0,user_8,860,,
18235,,150000,0,user_10,860,,
18236,,420000,0,user_12,860,,
18237,,470000,100000,user_13,860,,
18238,,460000,0,user_14,860,,
18239,,2100000,0,user_14,860,,
18240,,3500000,0,user_14,860,,
18241,,98000,0,user_14,860,,
18242,,150000,15100,user_14,860,,
18243,,260000,0,user_15,860,,
18244,,1100000,0,user_16,860,,
18245,,3600000,66100,user_17,860,,
18246,,160000,0,user_18,860,,
18247,,4500000,0,user_20,860,,
18248,,170000,32900,user_21,860,,
18249,,1000000,0,user_21,860,,
18250,,220000,350000,user_21,860,,
18251,,5000000,36800,user_21,860,,
18252,,1100000,0,user_22,860,,
18253,,150000,0,user_22,860,,
18254,,470000,0,user_22,860,,
18255,,650000,0,user_22,860,,
18256,,3200000,16400,user_23,860,,
18257,,150000,0,user_23,860,,
18258,,150000,0,user_24,860,,
18259,,82000,0,user_25,860,,
18260,,83000,0,user_27,860,,
18261,,460000,12800,user_28,860,,
18262,,2500000,0,user_29,860,,
18263,,160000,0,user_30,860,,
18264,,1600000,0,user_31,860,,
18265,,220000,0,user_32,860,,
18266,,1700000,0,user_33,860,,
18267,,160000,0,user_33,860,,
18268,,420000,0,user_36,860,,
18269,,190000,0,user_37,860,,
18270,,160000,0,user_39,860,,
18271,,27000000,0,user_40,860,,
18272,,970000,0,user_41,860,,
18273,,260000,0,user_43,860,,
18274,,1700000,0,user_43,860,,
18275,,1500000,0,user_46,860,,
18276,,150000,0,user_47,860,,
18277,,470000,0,user_49,860,,
18278,,1400000,0,user_49,860,,
18271,0,27000000,0,user_40,860,860,
18251,1,5000000,36800,user_21,860,860,
18319,2,0,0,builder_4,860,860,18251
18247,3,4500000,0,user_20,860,860,
18245,4,3600000,66100,user_17,860,860,
18320,5,0,0,builder_4,860,860,18245
18240,6,3500000,0,user_14,860,860,
18256,7,3200000,16400,user_23,860,860,
18321,8,0,0,builder_4,860,860,18256
18232,9,2600000,0,user_8,860,860,
18262,10,2500000,0,user_29,860,860,
18233,11,2400000,0,user_8,860,860,
18239,12,2100000,0,user_14,860,860,
18230,13,1700000,23500,user_4,860,860,
18322,14,0,0,builder_4,860,860,18230
18266,15,1700000,0,user_33,860,860,
18274,16,1700000,0,user_43,860,860,
18264,17,1600000,0,user_31,860,860,
18275,18,1500000,0,user_46,860,860,
18278,19,1400000,0,user_49,860,860,
18244,20,1100000,0,user_16,860,860,
18252,21,1100000,0,user_22,860,860,
18249,22,1000000,0,user_21,860,860,
18272,23,970000,0,user_41,860,860,
18228,24,670000,0,user_2,860,860,
18255,25,650000,0,user_22,860,860,
18323,26,0,0,builder_4,860,860,18237
18237,27,470000,100000,user_13,860,860,
18250,28,220000,350000,user_21,860,860,
18324,29,0,0,builder_4,860,860,18250
18325,30,0,0,builder_4,860,860,18227
18227,31,150000,350000,user_2,860,860,
18261,32,460000,12800,user_28,860,860,
18326,33,0,0,builder_4,860,860,18261
18254,34,470000,0,user_22,860,860,
18277,35,470000,0,user_49,860,860,
18238,36,460000,0,user_14,860,860,
18327,37,0,0,builder_4,860,860,18226
18226,38,420000,33300,user_0,860,860,
18236,39,420000,0,user_12,860,860,
18268,40,420000,0,user_36,860,860,
18328,41,0,0,builder_4,860,860,18229
18229,42,340000,36800,user_3,860,860,
18273,43,260000,0,user_43,860,860,
18265,44,220000,0,user_32,860,860,
18248,45,170000,32900,user_21,860,860,
18329,46,0,0,builder_4,860,860,18248
18269,47,190000,0,user_37,860,860,
18234,48,170000,0,user_8,860,860,
18242,49,150000,15100,user_14,860,860,
18330,50,0,0,builder_4,860,860,18242
18246,51,160000,0,user_18,860,860,
18263,52,160000,0,user_30,860,860,
18267,53,160000,0,user_33,860,860,
18235,54,150000,0,user_10,860,860,
18253,55,150000,0,user_22,860,860,
18257,56,150000,0,user_23,860,860,
18258,57,150000,0,user_24,860,860,
18225,58,120000,0,user_0,860,860,
18241,59,98000,0,user_14,860,860,
18260,60,83000,0,user_27,860,860,
18259,61,82000,0,user_25,860,860,
18372,,530000,0,user_0,861,,
18373,,660000,0,user_0,861,,
18374,,350000,0,user_1,861,,
18375,,130000,0,user_2,861,,
18376,,2600000,0,user_3,861,,
18377,,6300000,0,user_3,861,,
18378,,2000000,0,user_5,861,,
18379,,120000,0,user_6,861,,
18380,,5200000,510000,user_6,861,,
18381,,110000,0,user_7,861,,
18382,,100000,0,user_7,861,,
18383,,3600000,0,user_8,861,,
18384,,2400000,0,user_10,861,,
18385,,120000,0,user_11,861,,
18386,,650000,0,user_12,861,,
18387,,1400000,47700,user_13,861,,
18388,,130000,0,user_14,861,,
18389,,1000000,0,user_18,861,,
18390,,100000,0,user_19,861,,
18391,,260000,84800,user_19,861,,
18392,,110000,0,user_22,861,,
18393,,600000,0,user_22,861,,
18394,,660000,195000,user_23,861,,
18395,,340000,0,user_23,861,,
18396,,120000,0,user_24,861,,
18397,,83000,0,user_24,861,,
18398,,170000,0,user_27,861,,
18399,,310000,510000,user_31,861,,
18400,,120000,0,user_32,861,,
18401,,150000,3130,user_33,861,,
18402,,1500000,0,user_34,861,,
18403,,2400000,0,user_35,861,,
18404,,73000,0,user_35,861,,
18405,,73000,0,user_35,861,,
18406,,660000,0,user_36,861,,
18407,,1500000,0,user_37,861,,
18408,,120000,13800,user_38,861,,
18409,,160000,0,user_38,861,,
18410,,870000,0,user_40,861,,
18411,,420000,0,user_41,861,,
18412,,73000,0,user_41,861,,
18413,,350000,0,user_48,861,,
18414,,970000,7190000,user_48,861,,
18414,0,970000,7190000,user_48,861,861,
18442,1,0,0,builder_4,861,861,18414
18377,2,6300000,0,user_3,861,861,
18380,3,5200000,510000,user_6,861,861,
18443,4,0,0,builder_4,861,861,18380
18383,5,3600000,0,user_8,861,861,
18376,6,2600000,0,user_3,861,861,
18384,7,2400000,0,user_10,861,861,
18403,8,2400000,0,user_35,861,861,
18402,9,1500000,0,user_34,861,861,
18407,10,1500000,0,user_37,861,861,
18387,11,1400000,47700,user_13,861,861,
18444,12,0,0,builder_4,861,861,18387
18389,13,1000000,0,user_18,861,861,
18410,14,870000,0,user_40,861,861,
18394,15,660000,195000,user_23,861,861,
18445,16,0,0,builder_4,861,861,18394
18399,17,310000,510000,user_31,861,861,
18446,18,0,0,builder_4,861,861,18399
18373,19,660000,0,user_0,861,861,
18406,20,660000,0,user_36,861,861,
18386,21,650000,0,user_12,861,861,
18393,22,600000,0,user_22,861,861,
18372,23,530000,0,user_0,861,861,
18411,24,420000,0,user_41,861,861,
18374,25,350000,0,user_1,861,861,
18413,26,350000,0,user_48,861,861,
18447,27,0,0,builder_4,861,861,18391
18391,28,260000,84800,user_19,861,861,
18395,29,340000,0,user_23,861,861,
18398,30,170000,0,user_27,861,861,
18409,31,160000,0,user_38,861,861,
18401,32,150000,3130,user_33,861,861,
18448,33,0,0,builder_4,861,861,18401
18408,34,120000,13800,user_38,861,861,
18449,35,0,0,builder_4,861,861,18408
18375,36,130000,0,user_2,861,861,
18388,37,130000,0,user_14,861,861,
18379,38,120000,0,user_6,861,861,
18385,39,120000,0,user_11,861,861,
18396,40,120000,0,user_24,861,861,
18400,41,120000,0,user_32,861,861,
18392,42,110000,0,user_22,861,861,
18390,43,100000,0,user_19,861,861,
18397,44,83000,0,user_24,861,861,
18404,45,73000,0,user_35,861,861,
18405,46,73000,0,user_35,861,861,
18412,47,73000,0,user_41,861,861,
18473,,310000,0,user_1,862,,
18474,,98000,0,user_1,862,,
18475,,1000000,0,user_3,862,,
18476,,79000,0,user_6,862,,
18477,,870000,0,user_7,862,,
18478,,160000,35100,user_8,862,,
18479,,220000,0,user_9,862,,
18480,,350000,0,user_11,862,,
18481,,3200000,7840,user_12,862,,
18482,,85000,15300,user_14,862,,
18483,,1600000,71800,user_18,862,,
18484,,2600000,0,user_19,862,,
18485,,2000000,0,user_21,862,,
18486,,1500000,0,user_22,862,,
18487,,5000000,0,user_22,862,,
18488,,83000,0,user_23,862,,
18489,,150000,0,user_25,862,,
18490,,340000,0,user_25,862,,
18491,,260000,0,user_26,862,,
18492,,1400000,0,user_26,862,,
18493,,1500000,0,user_27,862,,
18494,,1100000,0,user_27,862,,
18495,,420000,0,user_28,862,,
18496,,1100000,0,user_29,862,,
18497,,150000,0,user_30,862,,
18498,,1100000,0,user_31,862,,
18499,,1500000,0,user_31,862,,
18500,,87000,0,user_32,862,,
18501,,130000,0,user_33,862,,
18502,,240000,0,user_34,862,,
18503,,150000,0,user_34,862,,
18504,,87000,36800,user_35,862,,
18505,,150000,67900,user_36,862,,
18506,,2400000,0,user_36,862,,
18507,,27000000,0,user_37,862,,
18508,,110000,0,user_38,862,,
18509,,2100000,67900,user_39,862,,
18510,,2500000,350000,user_39,862,,
18511,,5200000,0,user_40,862,,
18512,,150000,0,user_41,862,,
18513,,1200000,0,user_41,862,,
18514,,3200000,0,user_42,862,,
18515,,150000,0,user_42,862,,
18516,,460000,0,user_44,862,,
18517,,2000000,7840,user_46,862,,
18518,,1100000,3130,user_48,862,,
18519,,4200000,0,user_48,862,,
18507,0,27000000,0,user_37,862,862,
18511,1,5200000,0,user_40,862,862,
18487,2,5000000,0,user_22,862,862,
18519,3,4200000,0,user_48,862,862,
18481,4,3200000,7840,user_12,862,862,
18514,5,3200000,0,user_42,862,862,
18484,6,2600000,0,user_19,862,862,
18510,7,2500000,350000,user_39,862,862,
18506,8,2400000,0,user_36,862,862,
18509,9,2100000,67900,user_39,862,862,
18485,10,2000000,0,user_21,862,862,
18483,11,1600000,71800,user_18,862,862,
18486,12,1500000,0,user_22,862,862,
18493,13,1500000,0,user_27,862,862,
18499,14,1500000,0,user_31,862,862,
18492,15,1400000,0,user_26,862,862,
18494,16,1100000,0,user_27,862,862,
18496,17,1100000,0,user_29,862,862,
18498,18,1100000,0,user_31,862,862,
18518,19,1100000,3130,user_48,862,862,
18475,20,1000000,0,user_3,862,862,
18477,21,870000,0,user_7,862,862,
18516,22,460000,0,user_44,862,862,
18495,23,420000,0,user_28,862,862,
18490,24,340000,0,user_25,862,862,
18473,25,310000,0,user_1,862,862,
18491,26,260000,0,user_26,862,862,
18502,27,240000,0,user_34,862,862,
18479,28,220000,0,user_9,862,862,
18478,29,160000,35100,user_8,862,862,
18489,30,150000,0,user_25,862,862,
18497,31,150000,0,user_30,862,862,
18503,32,150000,0,user_34,862,862,
18505,33,150000,67900,user_36,862,862,
18515,34,150000,0,user_42,862,862,
18501,35,130000,0,user_33,862,862,
18508,36,110000,0,user_38,862,862,
18474,37,98000,0,user_1,862,862,
18482,38,85000,15300,user_14,862,862,
18488,39,83000,0,user_23,862,862,
18476,40,79000,0,user_6,862,862,
18590,,2000000,68100,user_1,863,,
18591,,150000,0,user_2,863,,
18592,,2100000,0,user_3,863,,
18593,,1800000,0,user_5,863,,
18594,,120000,19700,user_6,863,,
18595,,80000,0,user_7,863,,
18596,,220000,0,user_7,863,,
18597,,83000,0,user_8,863,,
18598,,1200000,0,user_10,863,,
18599,,370000,0,user_11,863,,
18600,,2000000,0,user_14,863,,
18601,,5000000,0,user_15,863,,
18602,,2000000,0,user_15,863,,
18603,,870000,0,user_16,863,,
18604,,30000000,0,user_17,863,,
18605,,98000,0,user_18,863,,
18606,,27000000,4320000,user_19,863,,
18607,,120000,0,user_21,863,,
18608,,19000000,0,user_21,863,,
18609,,6100000,0,user_24,863,,
18610,,1400000,0,user_25,863,,
18611,,340000,0,user_26,863,,
18612,,630000,0,user_26,863,,
18613,,160000,0,user_27,863,,
18614,,4200000,0,user_27,863,,
18615,,310000,0,user_27,863,,
18616,,320000,128000,user_28,863,,
18617,,170000,0,user_29,863,,
18618,,130000,0,user_29,863,,
18619,,150000,0,user_29,863,,
18620,,1200000,0,user_30,863,,
18621,,150000,0,user_30,863,,
18622,,160000,0,user_32,863,,
18623,,350000,0,user_33,863,,
18624,,670000,0,user_33,863,,
18625,,1300000,0,user_33,863,,
18626,,660000,0,user_33,863,,
18627,,2100000,0,user_33,863,,
18628,,170000,0,user_36,863,,
18629,,170000,0,user_36,863,,
18630,,84000,0,user_38,863,,
18631,,110000,35600,user_39,863,,
18632,,2100000,0,user_40,863,,
18633,,320000,0,user_40,863,,
18634,,160000,0,user_42,863,,
18635,,460000,0,user_44,863,,
18636,,27000000,121000,user_44,863,,
18637,,73000,18600,user_45,863,,
18638,,100000,0,user_45,863,,
18639,,1900000,0,user_46,863,,
18640,,910000,0,user_49,863,,
18604,0,30000000,0,user_17,863,863,
18606,1,27000000,4320000,user_19,863,863,
18636,2,27000000,121000,user_44,863,863,
18608,3,19000000,0,user_21,863,863,
18609,4,6100000,0,user_24,863,863,
18601,5,5000000,0,user_15,863,863,
18614,6,4200000,0,user_27,863,863,
18592,7,2100000,0,user_3,863,863,
18627,8,2100000,0,user_33,863,863,
18632,9,2100000,0,user_40,863,863,
18600,10,2000000,0,user_14,863,863,
18602,11,2000000,0,user_15,863,863,
18639,12,1900000,0,user_46,863,863,
18593,13,1800000,0,user_5,863,863,
18610,14,1400000,0,user_25,863,863,
18625,15,1300000,0,user_33,863,863,
18598,16,1200000,0,user_10,863,863,
18620,17,1200000,0,user_30,863,863,
18640,18,910000,0,user_49,863,863,
18603,19,870000,0,user_16,863,863,
18624,20,670000,0,user_33,863,863,
18626,21,660000,0,user_33,863,863,
18635,22,460000,0,user_44,863,863,
18599,23,370000,0,user_11,863,863,
18623,24,350000,0,user_33,863,863,
18633,25,320000,0,user_40,863,863,
18615,26,310000,0,user_27,863,863,
18596,27,220000,0,user_7,863,863,
18617,28,170000,0,user_29,863,863,
18628,29,170000,0,user_36,863,863,
18629,30,170000,0,user_36,863,863,
18613,31,160000,0,user_27,863,863,
18622,32,160000,0,user_32,863,863,
18634,33,160000,0,user_42,863,863,
18591,34,150000,0,user_2,863,863,
18619,35,150000,0,user_29,863,863,
18621,36,150000,0,user_30,863,863,
18618,37,130000,0,user_29,863,863,
18594,38,120000,19700,user_6,863,863,
18607,39,120000,0,user_21,863,863,
18638,40,100000,0,user_45,863,863,
18605,41,98000,0,user_18,863,863,
18630,42,84000,0,user_38,863,863,
18597,43,83000,0,user_8,863,863,
18595,44,80000,0,user_7,863,863,
18637,45,73000,18600,user_45,863,863,
13925,,460000,0,user_0,864,,
13926,,1200000,283000,user_0,864,,
13927,,6300000,0,user_2,864,,
13928,,910000,0,user_3,864,,
13929,,460000,0,user_4,864,,
13930,,530000,0,user_5,864,,
13931,,5000000,0,user_6,864,,
13932,,600000,0,user_7,864,,
13933,,120000,0,user_7,864,,
13934,,320000,0,user_8,864,,
13935,,1300000,0,user_8,864,,
13936,,2300000,0,user_8,864,,
13937,,2600000,11200,user_8,864,,
13938,,1200000,4320000,user_10,864,,
13939,,220000,84800,user_13,864,,
13940,,80000,0,user_14,864,,
13941,,370000,17000,user_14,864,,
13942,,120000,0,user_15,864,,
13943,,460000,0,user_16,864,,
13944,,2000000,0,user_18,864,,
13945,,1100000,0,user_19,864,,
13946,,1000000,0,user_22,864,,
13947,,260000,3130,user_22,864,,
13948,,650000,0,user_23,864,,
13949,,73000,256000,user_24,864,,
13950,,130000,0,user_24,864,,
13951,,4200000,0,user_24,864,,
13952,,110000,0,user_24,864,,
13953,,350000,15300,user_25,864,,
13954,,100000,0,user_26,864,,
13955,,1000000,0,user_26,864,,
13956,,420000,0,user_28,864,,
13957,,170000,36800,user_29,864,,
13958,,27000000,0,user_30,864,,
13959,,77000,0,user_31,864,,
13960,,1000000,0,user_33,864,,
13961,,5000000,30200,user_34,864,,
13962,,150000,0,user_35,864,,
13963,,530000,0,user_35,864,,
13964,,110000,0,user_36,864,,
13965,,120000,0,user_36,864,,
13966,,910000,33300,user_37,864,,
13967,,73000,0,user_37,864,,
13968,,2300000,21800,user_38,864,,
13969,,110000,73100,user_38,864,,
13970,,360000,0,user_38,864,,
13971,,240000,0,user_38,864,,
13972,,110000,13900,user_39,864,,
13973,,220000,0,user_39,864,,
13974,,6100000,0,user_40,864,,
13975,,4500000,0,user_41,864,,
13976,,870000,0,user_43,864,,
13977,,160000,0,user_43,864,,
13978,,6300000,0,user_43,864,,
13979,,150000,35600,user_46,864,,
13980,,1800000,34700,user_48,864,,
13981,,150000,35600,user_49,864,,
13958,0,27000000,0,user_30,864,864,
13927,1,6300000,0,user_2,864,864,
13978,2,6300000,0,user_43,864,864,
13974,3,6100000,0,user_40,864,864,
14040,4,0,0,builder_4,864,864,13938
13938,5,1200000,4320000,user_10,864,864,
14041,6,0,0,builder_4,864,864,13961
13961,7,5000000,30200,user_34,864,864,
13931,8,5000000,0,user_6,864,864,
13975,9,4500000,0,user_41,864,864,
13951,10,4200000,0,user_24,864,864,
14042,11,0,0,builder_4,864,864,13937
13937,12,2600000,11200,user_8,864,864,
14043,13,0,0,builder_4,864,864,13968
13968,14,2300000,21800,user_38,864,864,
13936,15,2300000,0,user_8,864,864,
13944,16,2000000,0,user_18,864,864,
14044,17,0,0,builder_4,864,864,13980
13980,18,1800000,34700,user_48,864,864,
13926,19,1200000,283000,user_0,864,864,
14045,20,0,0,builder_4,864,864,13926
13935,21,1300000,0,user_8,864,864,
13945,22,1100000,0,user_19,864,864,
13946,23,1000000,0,user_22,864,864,
13955,24,1000000,0,user_26,864,864,
13960,25,1000000,0,user_33,864,864,
14046,26,0,0,builder_4,864,864,13966
13966,27,910000,33300,user_37,864,864,
13928,28,910000,0,user_3,864,864,
13976,29,870000,0,user_43,864,864,
13948,30,650000,0,user_23,864,864,
13963,31,530000,0,user_35,864,864,
13925,32,460000,0,user_0,864,864,
13929,33,460000,0,user_4,864,864,
13943,34,460000,0,user_16,864,864,
13956,35,420000,0,user_28,864,864,
14047,36,0,0,builder_4,864,864,13941
13941,37,370000,17000,user_14,864,864,
13953,38,350000,15300,user_25,864,864,
14048,39,0,0,builder_4,864,864,13953
13970,40,360000,0,user_38,864,864,
14049,41,0,0,builder_4,864,864,13949
13949,42,73000,256000,user_24,864,864,
13934,43,320000,0,user_8,864,864,
14050,44,0,0,builder_4,864,864,13939
13939,45,220000,84800,user_13,864,864,
13947,46,260000,3130,user_22,864,864,
14051,47,0,0,builder_4,864,864,13947
13971,48,240000,0,user_38,864,864,
13957,49,170000,36800,user_29,864,864,
14052,50,0,0,builder_4,864,864,13957
13979,51,150000,35600,user_46,864,864,
14053,52,0,0,builder_4,864,864,13979
14054,53,0,0,builder_4,864,864,13981
13981,54,150000,35600,user_49,864,864,
13969,55,110000,73100,user_38,864,864,
14055,56,0,0,builder_4,864,864,13969
13977,57,160000,0,user_43,864,864,
13962,58,150000,0,user_35,864,864,
13950,59,130000,0,user_24,864,864,
13965,60,120000,0,user_36,864,864,
13952,61,110000,0,user_24,864,864,
13964,62,110000,0,user_36,864,864,
13954,63,100000,0,user_26,864,864,
13940,64,80000,0,user_14,864,864,
13959,65,77000,0,user_31,864,864,
13967,66,73000,0,user_37,864,864,
14108,,4200000,0,user_0,865,,
14109,,1500000,0,user_0,865,,
14110,,470000,0,user_1,865,,
14111,,300000,0,user_1,865,,
14112,,970000,0,user_2,865,,
14113,,1700000,0,user_3,865,,
14114,,77000,15700,user_4,865,,
14115,,3500000,0,user_5,865,,
14116,,670000,155000,user_6,865,,
14117,,3500000,0,user_7,865,,
14118,,1300000,959000,user_7,865,,
14119,,87000,0,user_8,865,,
14120,,3500000,0,user_9,865,,
14121,,30000000,769000,user_11,865,,
14122,,3200000,0,user_15,865,,
14123,,150000,285000,user_16,865,,
14124,,73000,0,user_18,865,,
14125,,1300000,0,user_21,865,,
14126,,1400000,0,user_22,865,,
14127,,82000,0,user_23,865,,
14128,,1100000,3130,user_24,865,,
14129,,2100000,19700,user_26,865,,
14130,,73000,0,user_27,865,,
14131,,350000,0,user_30,865,,
14132,,150000,0,user_31,865,,
14133,,370000,73100,user_34,865,,
14134,,110000,0,user_36,865,,
14135,,1600000,0,user_36,865,,
14136,,1500000,195000,user_39,865,,
14137,,83000,5630,user_40,865,,
14138,,1700000,0,user_41,865,,
14139,,310000,0,user_42,865,,
14140,,83000,779000,user_42,865,,
14141,,160000,0,user_42,865,,
14142,,220000,15100,user_42,865,,
14143,,1100000,0,user_42,865,,
14144,,27000000,0,user_43,865,,
14145,,83000,0,user_44,865,,
14146,,1700000,0,user_44,865,,
14147,,82000,0,user_44,865,,
14148,,2300000,24700,user_44,865,,
14149,,5000000,60700,user_44,865,,
14150,,630000,0,user_45,865,,
14151,,2000000,0,user_46,865,,
14152,,1000000,0,user_47,865,,
14153,,1900000,0,user_49,865,,
14121,0,30000000,769000,user_11,865,865,
14144,1,27000000,0,user_43,865,865,
14149,2,5000000,60700,user_44,865,865,
14108,3,4200000,0,user_0,865,865,
14115,4,3500000,0,user_5,865,865,
14117,5,3500000,0,user_7,865,865,
14120,6,3500000,0,user_9,865,865,
14122,7,3200000,0,user_15,865,865,
14148,8,2300000,24700,user_44,865,865,
14151,9,2000000,0,user_46,865,865,
14153,10,1900000,0,user_49,865,865,
14113,11,1700000,0,user_3,865,865,
14138,12,1700000,0,user_41,865,865,
14146,13,1700000,0,user_44,865,865,
14135,14,1600000,0,user_36,865,865,
14109,15,1500000,0,user_0,865,865,
14126,16,1400000,0,user_22,865,865,
14118,17,1300000,959000,user_7,865,865,
14125,18,1300000,0,user_21,865,865,
14128,19,1100000,3130,user_24,865,865,
14143,20,1100000,0,user_42,865,865,
14152,21,1000000,0,user_47,865,865,
14112,22,970000,0,user_2,865,865,
14116,23,670000,155000,user_6,865,865,
14150,24,630000,0,user_45,865,865,
14133,25,370000,73100,user_34,865,865,
14131,26,350000,0,user_30,865,865,
14139,27,310000,0,user_42,865,865,
14142,28,220000,15100,user_42,865,865,
14141,29,160000,0,user_42,865,865,
14123,30,150000,285000,user_16,865,865,
14132,31,150000,0,user_31,865,865,
14134,32,110000,0,user_36,865,865,
14119,33,87000,0,user_8,865,865,
14137,34,83000,5630,user_40,865,865,
14140,35,83000,779000,user_42,865,865,
14145,36,83000,0,user_44,865,865,
14127,37,82000,0,user_23,865,865,
14147,38,82000,0,user_44,865,865,
14124,39,73000,0,user_18,865,865,
14130,40,73000,0,user_27,865,865,
14246,,630000,7840,user_0,866,,
14247,,150000,108000,user_1,866,,
14248,,160000,66100,user_3,866,,
14249,,220000,0,user_5,866,,
14250,,1000000,0,user_6,866,,
14251,,2100000,0,user_6,866,,
14252,,260000,67500,user_8,866,,
14253,,120000,31700,user_9,866,,
14254,,3600000,23500,user_10,866,,
14255,,1200000,0,user_11,866,,
14256,,260000,128000,user_11,866,,
14257,,120000,0,user_11,866,,
14258,,5000000,0,user_11,866,,
14259,,27000000,0,user_11,866,,
14260,,130000,0,user_12,866,,
14261,,240000,0,user_12,866,,
14262,,320000,0,user_14,866,,
14263,,1500000,0,user_19,866,,
14264,,1500000,12800,user_20,866,,
14265,,1300000,3130,user_21,866,,
14266,,83000,0,user_22,866,,
14267,,310000,0,user_23,866,,
14268,,120000,0,user_25,866,,
14269,,260000,64600,user_27,866,,
14270,,110000,33300,user_27,866,,
14271,,350000,322000,user_28,866,,
14272,,370000,12300,user_28,866,,
14273,,6100000,0,user_29,866,,
14274,,100000,0,user_29,866,,
14275,,2100000,0,user_30,866,,
14276,,150000,0,user_33,866,,
14277,,120000,0,user_34,866,,
14278,,1800000,43600,user_34,866,,
14279,,1400000,0,user_35,866,,
14280,,2000000,0,user_36,866,,
14281,,1900000,0,user_37,866,,
14282,,340000,0,user_39,866,,
14283,,1100000,164000,user_39,866,,
14284,,1500000,0,user_40,866,,
14285,,1000000,0,user_40,866,,
14286,,970000,0,user_40,866,,
14287,,73000,10700,user_40,866,,
14288,,2000000,0,user_41,866,,
14289,,84000,0,user_42,866,,
14290,,160000,0,user_42,866,,
14291,,1200000,0,user_42,866,,
14292,,110000,0,user_43,866,,
14293,,85000,0,user_44,866,,
14294,,970000,0,user_47,866,,
14295,,27000000,0,user_47,866,,
14296,,150000,0,user_48,866,,
14297,,6100000,0,user_48,866,,
14298,,100000,0,user_49,866,,
14299,,260000,35600,user_49,866,,
14259,0,27000000,0,user_11,866,866,
14295,1,27000000,0,user_47,866,866,
14273,2,6100000,0,user_29,866,866,
14297,3,6100000,0,user_48,866,866,
14258,4,5000000,0,user_11,866,866,
14254,5,3600000,23500,user_10,866,866,
14300,6,0,0,builder_0,866,866,14254
14251,7,2100000,0,user_6,866,866,
14275,8,2100000,0,user_30,866,866,
14280,9,2000000,0,user_36,866,866,
14288,10,2000000,0,user_41,866,866,
14281,11,1900000,0,user_37,866,866,
14301,12,0,0,builder_0,866,866,14264
14264,13,1500000,12800,user_20,866,866,
14263,14,1500000,0,user_19,866,866,
14284,15,1500000,0,user_40,866,866,
14279,16,1400000,0,user_35,866,866,
14302,17,0,0,builder_0,866,866,14265
14265,18,1300000,3130,user_21,866,866,
14255,19,1200000,0,user_11,866,866,
14291,20,1200000,0,user_42,866,866,
14250,21,1000000,0,user_6,866,866,
14285,22,1000000,0,user_40,866,866,
14286,23,970000,0,user_40,866,866,
14294,24,970000,0,user_47,866,866,
14271,25,350000,322000,user_28,866,866,
14303,26,0,0,builder_0,866,866,14271
14304,27,0,0,builder_0,866,866,14246
14246,28,630000,7840,user_0,866,866,
14256,29,260000,128000,user_11,866,866,
14305,30,0,0,builder_0,866,866,14256
14306,31,0,0,builder_0,866,866,14272
14272,32,370000,12300,user_28,866,866,
14252,33,260000,67500,user_8,866,866,
14307,34,0,0,builder_0,866,866,14252
14269,35,260000,64600,user_27,866,866,
14308,36,0,0,builder_0,866,866,14269
14262,37,320000,0,user_14,866,866,
14267,38,310000,0,user_23,866,866,
14309,39,0,0,builder_0,866,866,14299
14299,40,260000,35600,user_49,866,866,
14247,41,150000,108000,user_1,866,866,
14310,42,0,0,builder_0,866,866,14247
14311,43,0,0,builder_0,866,866,14248
14248,44,160000,66100,user_3,866,866,
14290,45,160000,0,user_42,866,866,
14312,46,0,0,builder_0,866,866,14253
14253,47,120000,31700,user_9,866,866,
14276,48,150000,0,user_33,866,866,
14296,49,150000,0,user_48,866,866,
14270,50,110000,33300,user_27,866,866,
14313,51,0,0,builder_0,866,866,14270
14257,52,120000,0,user_11,866,866,
14268,53,120000,0,user_25,866,866,
14292,54,110000,0,user_43,866,866,
14274,55,100000,0,user_29,866,866,
14298,56,100000,0,user_49,866,866,
14293,57,85000,0,user_44,866,866,
14289,58,84000,0,user_42,866,866,
14287,59,73000,10700,user_40,866,866,
14314,60,0,0,builder_0,866,866,14287
14266,61,83000,0,user_22,866,866,
14423,,630000,5630,user_0,867,,
14424,,130000,0,user_1,867,,
14425,,170000,31700,user_2,867,,
14426,,310000,0,user_5,867,,
14427,,82000,0,user_5,867,,
14428,,260000,21800,user_6,867,,
14429,,660000,0,user_7,867,,
14430,,420000,0,user_8,867,,
14431,,84000,0,user_8,867,,
14432,,73000,0,user_9,867,,
14433,,1700000,0,user_9,867,,
14434,,3200000,0,user_11,867,,
14435,,110000,0,user_13,867,,
14436,,150000,0,user_13,867,,
14437,,1000000,0,user_14,867,,
14438,,27000000,161000,user_15,867,,
14439,,650000,0,user_16,867,,
14440,,120000,0,user_17,867,,
14441,,630000,0,user_19,867,,
14442,,83000,0,user_20,867,,
14443,,77000,0,user_21,867,,
14444,,83000,0,user_21,867,,
14445,,150000,0,user_25,867,,
14446,,350000,13900,user_26,867,,
14447,,150000,64600,user_26,867,,
14448,,320000,19700,user_27,867,,
14449,,360000,0,user_28,867,,
14450,,190000,24700,user_29,867,,
14451,,2000000,0,user_30,867,,
14452,,310000,0,user_31,867,,
14453,,870000,0,user_32,867,,
14454,,100000,16400,user_33,867,,
14455,,120000,0,user_34,867,,
14456,,1100000,0,user_35,867,,
14457,,4200000,0,user_35,867,,
14458,,1400000,0,user_35,867,,
14459,,120000,0,user_35,867,,
14460,,650000,0,user_36,867,,
14461,,1100000,381000,user_37,867,,
14462,,110000,121000,user_37,867,,
14463,,5200000,0,user_38,867,,
14464,,6300000,0,user_42,867,,
14465,,420000,75000,user_43,867,,
14466,,1800000,0,user_44,867,,
14467,,43000000,13800,user_46,867,,
14468,,1600000,71800,user_47,867,,
14469,,2000000,10700,user_48,867,,
14470,,79000,0,user_48,867,,
14471,,19000000,0,user_49,867,,
14467,0,43000000,13800,user_46,867,867,
14438,1,27000000,161000,user_15,867,867,
14471,2,19000000,0,user_49,867,867,
14464,3,6300000,0,user_42,867,867,
14463,4,5200000,0,user_38,867,867,
14457,5,4200000,0,user_35,867,867,
14434,6,3200000,0,user_11,867,867,
14451,7,2000000,0,user_30,867,867,
14469,8,2000000,10700,user_48,867,867,
14466,9,1800000,0,user_44,867,867,
14433,10,1700000,0,user_9,867,867,
14468,11,1600000,71800,user_47,867,867,
14458,12,1400000,0,user_35,867,867,
14456,13,1100000,0,user_35,867,867,
14437,14,1000000,0,user_14,867,867,
14453,15,870000,0,user_32,867,867,
14429,16,660000,0,user_7,867,867,
14439,17,650000,0,user_16,867,867,
14460,18,650000,0,user_36,867,867,
14423,19,630000,5630,user_0,867,867,
14441,20,630000,0,user_19,867,867,
14430,21,420000,0,user_8,867,867,
14465,22,420000,75000,user_43,867,867,
14448,23,320000,19700,user_27,867,867,
14426,24,310000,0,user_5,867,867,
14452,25,310000,0,user_31,867,867,
14428,26,260000,21800,user_6,867,867,
14450,27,190000,24700,user_29,867,867,
14425,28,170000,31700,user_2,867,867,
14436,29,150000,0,user_13,867,867,
14445,30,150000,0,user_25,867,867,
14440,31,120000,0,user_17,867,867,
14455,32,120000,0,user_34,867,867,
14459,33,120000,0,user_35,867,867,
14435,34,110000,0,user_13,867,867,
14454,35,100000,16400,user_33,867,867,
14431,36,84000,0,user_8,867,867,
14442,37,83000,0,user_20,867,867,
14444,38,83000,0,user_21,867,867,
14427,39,82000,0,user_5,867,867,
14470,40,79000,0,user_48,867,867,
14443,41,77000,0,user_21,867,867,
14432,42,73000,0,user_9,867,867,
14578,,360000,0,user_0,868,,
14579,,80000,16400,user_1,868,,
14580,,110000,0,user_2,868,,
14581,,1000000,0,user_2,868,,
14582,,120000,15700,user_3,868,,
14583,,220000,0,user_4,868,,
14584,,110000,0,user_5,868,,
14585,,220000,32900,user_6,868,,
14586,,110000,0,user_6,868,,
14587,,110000,0,user_7,868,,
14588,,870000,0,user_8,868,,
14589,,220000,0,user_9,868,,
14590,,2600000,0,user_11,868,,
14591,,1000000,0,user_11,868,,
14592,,160000,0,user_12,868,,
14593,,2500000,0,user_12,868,,
14594,,73000,0,user_12,868,,
14595,,1700000,0,user_12,868,,
14596,,77000,0,user_12,868,,
14597,,2600000,24700,user_13,868,,
14598,,1900000,0,user_13,868,,
14599,,1500000,231000,user_14,868,,
14600,,350000,0,user_16,868,,
14601,,650000,0,user_18,868,,
14602,,350000,0,user_18,868,,
14603,,160000,0,user_20,868,,
14604,,1500000,0,user_21,868,,
14605,,160000,0,user_21,868,,
14606,,170000,0,user_21,868,,
14607,,30000000,0,user_22,868,,
14608,,320000,0,user_24,868,,
14609,,2000000,283000,user_24,868,,
14610,,1900000,0,user_25,868,,
14611,,870000,0,user_25,868,,
14612,,110000,0,user_28,868,,
14613,,79000,0,user_29,868,,
14614,,1500000,0,user_30,868,,
14615,,360000,0,user_31,868,,
14616,,43000000,0,user_32,868,,
14617,,2600000,231000,user_32,868,,
14618,,300000,71800,user_33,868,,
14619,,870000,0,user_33,868,,
14620,,2500000,0,user_34,868,,
14621,,370000,0,user_35,868,,
14622,,4500000,0,user_35,868,,
14623,,5200000,0,user_40,868,,
14624,,1300000,0,user_41,868,,
14625,,320000,959000,user_43,868,,
14626,,4500000,56200,user_44,868,,
14627,,360000,0,user_45,868,,
14628,,1600000,0,user_46,868,,
14629,,2300000,14200,user_47,868,,
14630,,4200000,19700,user_48,868,,
14631,,1100000,0,user_49,868,,
14616,0,43000000,0,user_32,868,868,
14607,1,30000000,0,user_22,868,868,
14623,2,5200000,0,user_40,868,868,
14669,3,0,0,builder_4,868,868,14626
14626,4,4500000,56200,user_44,868,868,
14622,5,4500000,0,user_35,868,868,
14630,6,4200000,19700,user_48,868,868,
14670,7,0,0,builder_4,868,868,14630
14617,8,2600000,231000,user_32,868,868,
14671,9,0,0,builder_4,868,868,14617
14597,10,2600000,24700,user_13,868,868,
14672,11,0,0,builder_4,868,868,14597
14590,12,2600000,0,user_11,868,868,
14593,13,2500000,0,user_12,868,868,
14620,14,2500000,0,user_34,868,868,
14673,15,0,0,builder_4,868,868,14609
14609,16,2000000,283000,user_24,868,868,
14598,17,1900000,0,user_13,868,868,
14610,18,1900000,0,user_25,868,868,
14599,19,1500000,231000,user_14,868,868,
14674,20,0,0,builder_4,868,868,14599
14595,21,1700000,0,user_12,868,868,
14628,22,1600000,0,user_46,868,868,
14604,23,1500000,0,user_21,868,868,
14614,24,1500000,0,user_30,868,868,
14624,25,1300000,0,user_41,868,868,
14675,26,0,0,builder_4,868,868,14625
14625,27,320000,959000,user_43,868,868,
14631,28,1100000,0,user_49,868,868,
14581,29,1000000,0,user_2,868,868,
14591,30,1000000,0,user_11,868,868,
14588,31,870000,0,user_8,868,868,
14611,32,870000,0,user_25,868,868,
14619,33,870000,0,user_33,868,868,
14601,34,650000,0,user_18,868,868,
14618,35,300000,71800,user_33,868,868,
14676,36,0,0,builder_4,868,868,14618
14621,37,370000,0,user_35,868,868,
14578,38,360000,0,user_0,868,868,
14615,39,360000,0,user_31,868,868,
14627,40,360000,0,user_45,868,868,
14600,41,350000,0,user_16,868,868,
14602,42,350000,0,user_18,868,868,
14608,43,320000,0,user_24,868,868,
14677,44,0,0,builder_4,868,868,14585
14585,45,220000,32900,user_6,868,868,
14583,46,220000,0,user_4,868,868,
14589,47,220000,0,user_9,868,868,
14606,48,170000,0,user_21,868,868,
14592,49,160000,0,user_12,868,868,
14603,50,160000,0,user_20,868,868,
14605,51,160000,0,user_21,868,868,
14678,52,0,0,builder_4,868,868,14582
14582,53,120000,15700,user_3,868,868,
14580,54,110000,0,user_2,868,868,
14586,55,110000,0,user_6,868,868,
14612,56,110000,0,user_28,868,868,
14579,57,80000,16400,user_1,868,868,
14679,58,0,0,builder_4,868,868,14579
14613,59,79000,0,user_29,868,868,
14596,60,77000,0,user_12,868,868,
14594,61,73000,0,user_12,868,868,
14714,,160000,0,user_1,869,,
14715,,130000,0,user_3,869,,
14716,,600000,0,user_5,869,,
14717,,970000,7190000,user_7,869,,
14718,,83000,0,user_9,869,,
14719,,3200000,0,user_10,869,,
14720,,4200000,128000,user_11,869,,
14721,,2400000,0,user_12,869,,
14722,,1400000,0,user_14,869,,
14723,,85000,0,user_16,869,,
14724,,530000,0,user_17,869,,
14725,,120000,0,user_18,869,,
14726,,170000,0,user_18,869,,
14727,,910000,17000,user_19,869,,
14728,,170000,369000,user_20,869,,
14729,,70000,0,user_20,869,,
14730,,1000000,0,user_21,869,,
14731,,160000,0,user_22,869,,
14732,,120000,0,user_23,869,,
14733,,120000,0,user_23,869,,
14734,,2400000,0,user_23,869,,
14735,,80000,0,user_23,869,,
14736,,100000,21800,user_23,869,,
14737,,240000,0,user_24,869,,
14738,,910000,0,user_25,869,,
14739,,1700000,139000,user_25,869,,
14740,,670000,0,user_26,869,,
14741,,1600000,0,user_27,869,,
14742,,79000,0,user_28,869,,
14743,,3600000,0,user_28,869,,
14744,,1300000,0,user_29,869,,
14745,,310000,0,user_31,869,,
14746,,82000,15700,user_31,869,,
14747,,310000,0,user_32,869,,
14748,,1900000,0,user_32,869,,
14749,,1000000,7190000,user_32,869,,
14750,,1400000,0,user_32,869,,
14751,,1600000,67500,user_32,869,,
14752,,220000,121000,user_33,869,,
14753,,87000,47700,user_36,869,,
14754,,170000,0,user_36,869,,
14755,,43000000,0,user_37,869,,
14756,,150000,0,user_38,869,,
14757,,100000,0,user_40,869,,
14758,,260000,0,user_41,869,,
14759,,1900000,0,user_41,869,,
14760,,2000000,256000,user_42,869,,
14761,,27000000,0,user_43,869,,
14762,,5200000,0,user_44,869,,
14763,,220000,0,user_45,869,,
14764,,310000,0,user_46,869,,
14765,,27000000,769000,user_47,869,,
14766,,420000,100000,user_48,869,,
14755,0,43000000,0,user_37,869,869,
14765,1,27000000,769000,user_47,869,869,
14767,2,0,0,builder_0,869,869,14765
14761,3,27000000,0,user_43,869,869,
14749,4,1000000,7190000,user_32,869,869,
14768,5,0,0,builder_0,869,869,14749
14769,6,0,0,builder_0,869,869,14717
14717,7,970000,7190000,user_7,869,869,
14762,8,5200000,0,user_44,869,869,
14720,9,4200000,128000,user_11,869,869,
14770,10,0,0,builder_0,869,869,14720
14743,11,3600000,0,user_28,869,869,
14719,12,3200000,0,user_10,869,869,
14734,13,2400000,0,user_23,869,869,
14760,14,2000000,256000,user_42,869,869,
14771,15,0,0,builder_0,869,869,14760
14748,16,1900000,0,user_32,869,869,
14759,17,1900000,0,user_41,869,869,
14772,18,0,0,builder_0,869,869,14739
14739,19,1700000,139000,user_25,869,869,
14773,20,0,0,builder_0,869,869,14751
14751,21,1600000,67500,user_32,869,869,
14741,22,1600000,0,user_27,869,869,
14722,23,1400000,0,user_14,869,869,
14750,24,1400000,0,user_32,869,869,
14744,25,1300000,0,user_29,869,869,
14730,26,1000000,0,user_21,869,869,
14727,27,910000,17000,user_19,869,869,
14774,28,0,0,builder_0,869,869,14727
14738,29,910000,0,user_25,869,869,
14740,30,670000,0,user_26,869,869,
14728,31,170000,369000,user_20,869,869,
14775,32,0,0,builder_0,869,869,14728
14724,33,530000,0,user_17,869,869,
14776,34,0,0,builder_0,869,869,14766
14766,35,420000,100000,user_48,869,869,
14752,36,220000,121000,user_33,869,869,
14777,37,0,0,builder_0,869,869,14752
14745,38,310000,0,user_31,869,869,
14747,39,310000,0,user_32,869,869,
14764,40,310000,0,user_46,869,869,
14758,41,260000,0,user_41,869,869,
14726,42,170000,0,user_18,869,869,
14754,43,170000,0,user_36,869,869,
14714,44,160000,0,user_1,869,869,
14731,45,160000,0,user_22,869,869,
14756,46,150000,0,user_38,869,869,
14778,47,0,0,builder_0,869,869,14753
14753,48,87000,47700,user_36,869,869,
14715,49,130000,0,user_3,869,869,
14736,50,100000,21800,user_23,869,869,
14779,51,0,0,builder_0,869,869,14736
14725,52,120000,0,user_18,869,869,
14732,53,120000,0,user_23,869,869,
14733,54,120000,0,user_23,869,869,
14757,55,100000,0,user_40,869,869,
14746,56,82000,15700,user_31,869,869,
14780,57,0,0,builder_0,869,869,14746
14723,58,85000,0,user_16,869,869,
14718,59,83000,0,user_9,869,869,
14735,60,80000,0,user_23,869,869,
14742,61,79000,0,user_28,869,869,
14729,62,70000,0,user_20,869,869,
14866,,190000,0,user_0,870,,
14867,,2400000,0,user_1,870,,
14868,,30000000,0,user_2,870,,
14869,,1500000,0,user_4,870,,
14870,,1500000,19700,user_4,870,,
14871,,82000,0,user_5,870,,
14872,,5200000,0,user_6,870,,
14873,,83000,15100,user_7,870,,
14874,,1000000,0,user_8,870,,
14875,,1500000,0,user_10,870,,
14876,,2000000,0,user_10,870,,
14877,,420000,0,user_12,870,,
14878,,160000,0,user_14,870,,
14879,,2300000,0,user_17,870,,
14880,,79000,0,user_19,870,,
14881,,220000,0,user_19,870,,
14882,,27000000,23500,user_21,870,,
14883,,2000000,0,user_23,870,,
14884,,30000000,12300,user_24,870,,
14885,,870000,0,user_25,870,,
14886,,1000000,0,user_27,870,,
14887,,2500000,0,user_29,870,,
14888,,2600000,0,user_29,870,,
14889,,350000,0,user_29,870,,
14890,,160000,34700,user_32,870,,
14891,,160000,0,user_35,870,,
14892,,460000,0,user_35,870,,
14893,,160000,0,user_35,870,,
14894,,120000,0,user_36,870,,
14895,,1200000,0,user_36,870,,
14896,,1600000,0,user_37,870,,
14897,,100000,0,user_37,870,,
14898,,70000,0,user_39,870,,
14899,,130000,0,user_40,870,,
14900,,77000,0,user_42,870,,
14901,,190000,0,user_42,870,,
14902,,170000,0,user_43,870,,
14903,,70000,0,user_44,870,,
14904,,83000,0,user_45,870,,
14905,,82000,0,user_46,870,,
14906,,360000,0,user_49,870,,
14920,0,0,0,builder_4,870,870,14884
14884,1,30000000,12300,user_24,870,870,
14868,2,30000000,0,user_2,870,870,
14921,3,0,0,builder_4,870,870,14882
14882,4,27000000,23500,user_21,870,870,
14872,5,5200000,0,user_6,870,870,
14888,6,2600000,0,user_29,870,870,
14887,7,2500000,0,user_29,870,870,
14867,8,2400000,0,user_1,870,870,
14879,9,2300000,0,user_17,870,870,
14876,10,2000000,0,user_10,870,870,
14883,11,2000000,0,user_23,870,870,
14896,12,1600000,0,user_37,870,870,
14870,13,1500000,19700,user_4,870,870,
14922,14,0,0,builder_4,870,870,14870
14869,15,1500000,0,user_4,870,870,
14875,16,1500000,0,user_10,870,870,
14895,17,1200000,0,user_36,870,870,
14874,18,1000000,0,user_8,870,870,
14886,19,1000000,0,user_27,870,870,
14885,20,870000,0,user_25,870,870,
14892,21,460000,0,user_35,870,870,
14877,22,420000,0,user_12,870,870,
14906,23,360000,0,user_49,870,870,
14889,24,350000,0,user_29,870,870,
14881,25,220000,0,user_19,870,870,
14923,26,0,0,builder_4,870,870,14890
14890,27,160000,34700,user_32,870,870,
14866,28,190000,0,user_0,870,870,
14901,29,190000,0,user_42,870,870,
14902,30,170000,0,user_43,870,870,
14878,31,160000,0,user_14,870,870,
14891,32,160000,0,user_35,870,870,
14893,33,160000,0,user_35,870,870,
14899,34,130000,0,user_40,870,870,
14894,35,120000,0,user_36,870,870,
14897,36,100000,0,user_37,870,870,
14904,37,83000,0,user_45,870,870,
14905,38,82000,0,user_46,870,870,
14880,39,79000,0,user_19,870,870,
14900,40,77000,0,user_42,870,870,
14903,41,70000,0,user_44,870,870,
14942,,160000,0,user_1,871,,
14943,,150000,30200,user_2,871,,
14944,,220000,0,user_4,871,,
14945,,910000,0,user_4,871,,
14946,,84000,215000,user_4,871,,
14947,,130000,0,user_4,871,,
14948,,660000,0,user_6,871,,
14949,,19000000,0,user_7,871,,
14950,,870000,0,user_8,871,,
14951,,77000,0,user_9,871,,
14952,,1400000,49100,user_10,871,,
14953,,5000000,296000,user_10,871,,
14954,,2600000,0,user_10,871,,
14955,,170000,0,user_10,871,,
14956,,87000,0,user_10,871,,
14957,,160000,0,user_11,871,,
14958,,30000000,0,user_11,871,,
14959,,2400000,0,user_11,871,,
14960,,320000,8520,user_11,871,,
14961,,85000,0,user_12,871,,
14962,,420000,32900,user_12,871,,
14963,,650000,7840,user_13,871,,
14964,,190000,369000,user_13,871,,
14965,,5200000,0,user_14,871,,
14966,,970000,0,user_15,871,,
14967,,1400000,0,user_17,871,,
14968,,1600000,0,user_17,871,,
14969,,1500000,31700,user_18,871,,
14970,,2100000,0,user_18,871,,
14971,,870000,0,user_19,871,,
14972,,6100000,0,user_21,871,,
14973,,310000,0,user_22,871,,
14974,,1200000,0,user_23,871,,
14975,,3500000,0,user_23,871,,
14976,,3200000,181000,user_23,871,,
14977,,220000,0,user_24,871,,
14978,,3600000,0,user_25,871,,
14979,,79000,0,user_26,871,,
14980,,3500000,17700000,user_27,871,,
14981,,170000,0,user_30,871,,
14982,,87000,71800,user_31,871,,
14983,,310000,0,user_32,871,,
14984,,660000,0,user_33,871,,
14985,,320000,0,user_33,871,,
14986,,170000,410000,user_35,871,,
14987,,2300000,0,user_36,871,,
14988,,98000,0,user_37,871,,
14989,,360000,0,user_37,871,,
14990,,77000,0,user_37,871,,
14991,,98000,0,user_37,871,,
14992,,1400000,32900,user_38,871,,
14993,,460000,0,user_38,871,,
14994,,6300000,0,user_41,871,,
14995,,910000,0,user_41,871,,
14996,,6300000,0,user_43,871,,
14997,,77000,0,user_45,871,,
14998,,1200000,0,user_45,871,,
14999,,1600000,0,user_46,871,,
15000,,310000,0,user_48,871,,
14958,0,30000000,0,user_11,871,871,
14949,1,19000000,0,user_7,871,871,
14994,2,6300000,0,user_41,871,871,
14996,3,6300000,0,user_43,871,871,
14972,4,6100000,0,user_21,871,871,
14965,5,5200000,0,user_14,871,871,
14953,6,5000000,296000,user_10,871,871,
14978,7,3600000,0,user_25,871,871,
14975,8,3500000,0,user_23,871,871,
14980,9,3500000,17700000,user_27,871,871,
14976,10,3200000,181000,user_23,871,871,
14954,11,2600000,0,user_10,871,871,
14959,12,2400000,0,user_11,871,871,
14987,13,2300000,0,user_36,871,871,
14970,14,2100000,0,user_18,871,871,
14968,15,1600000,0,user_17,871,871,
14999,16,1600000,0,user_46,871,871,
14969,17,1500000,31700,user_18,871,871,
14952,18,1400000,49100,user_10,871,871,
14967,19,1400000,0,user_17,871,871,
14992,20,1400000,32900,user_38,871,871,
14974,21,1200000,0,user_23,871,871,
14998,22,1200000,0,user_45,871,871,
14966,23,970000,0,user_15,871,871,
14995,24,910000,0,user_41,871,871,
14950,25,870000,0,user_8,871,871,
14971,26,870000,0,user_19,871,871,
14948,27,660000,0,user_6,871,871,
14984,28,660000,0,user_33,871,871,
14963,29,650000,7840,user_13,871,871,
14993,30,460000,0,user_38,871,871,
14960,31,320000,8520,user_11,871,871,
14985,32,320000,0,user_33,871,871,
14973,33,310000,0,user_22,871,871,
14983,34,310000,0,user_32,871,871,
15000,35,310000,0,user_48,871,871,
14977,36,220000,0,user_24,871,871,
14964,37,190000,369000,user_13,871,871,
14955,38,170000,0,user_10,871,871,
14981,39,170000,0,user_30,871,871,
14986,40,170000,410000,user_35,871,871,
14957,41,160000,0,user_11,871,871,
14943,42,150000,30200,user_2,871,871,
14956,43,87000,0,user_10,871,871,
14982,44,87000,71800,user_31,871,871,
14951,45,77000,0,user_9,871,871,
14997,46,77000,0,user_45,871,871,
15104,,1200000,0,user_1,872,,
15105,,220000,0,user_2,872,,
15106,,220000,0,user_4,872,,
15107,,150000,0,user_5,872,,
15108,,150000,68100,user_5,872,,
15109,,370000,0,user_7,872,,
15110,,1900000,0,user_7,872,,
15111,,3500000,66100,user_9,872,,
15112,,5000000,0,user_10,872,,
15113,,77000,256000,user_10,872,,
15114,,5200000,0,user_12,872,,
15115,,2300000,49100,user_12,872,,
15116,,170000,0,user_13,872,,
15117,,2100000,769000,user_13,872,,
15118,,220000,0,user_13,872,,
15119,,1600000,0,user_13,872,,
15120,,85000,71800,user_13,872,,
15121,,420000,0,user_14,872,,
15122,,80000,0,user_14,872,,
15123,,160000,0,user_15,872,,
15124,,5200000,0,user_16,872,,
15125,,310000,0,user_17,872,,
15126,,110000,0,user_18,872,,
15127,,3500000,0,user_18,872,,
15128,,79000,0,user_18,872,,
15129,,150000,0,user_18,872,,
15130,,310000,0,user_20,872,,
15131,,300000,0,user_20,872,,
15132,,310000,23500,user_21,872,,
15133,,1800000,0,user_21,872,,
15134,,1000000,0,user_22,872,,
15135,,300000,0,user_26,872,,
15136,,220000,0,user_26,872,,
15137,,110000,0,user_28,872,,
15138,,2000000,0,user_28,872,,
15139,,1100000,12800,user_30,872,,
15140,,6300000,0,user_31,872,,
15141,,120000,0,user_33,872,,
15142,,120000,17000,user_34,872,,
15143,,5000000,0,user_35,872,,
15144,,150000,0,user_35,872,,
15145,,2000000,0,user_36,872,,
15146,,6100000,0,user_37,872,,
15147,,150000,0,user_37,872,,
15148,,170000,0,user_38,872,,
15149,,870000,0,user_40,872,,
15150,,110000,0,user_40,872,,
15151,,220000,0,user_41,872,,
15152,,82000,0,user_41,872,,
15153,,4500000,0,user_43,872,,
15154,,630000,0,user_43,872,,
15155,,1000000,0,user_44,872,,
15156,,220000,0,user_45,872,,
15157,,660000,0,user_45,872,,
15158,,370000,0,user_46,872,,
15159,,3500000,64600,user_46,872,,
15160,,1100000,0,user_46,872,,
15161,,84000,0,user_46,872,,
15162,,120000,5180,user_46,872,,
15163,,1500000,0,user_48,872,,
15164,,190000,0,user_49,872,,
15140,0,6300000,0,user_31,872,872,
15146,1,6100000,0,user_37,872,872,
15114,2,5200000,0,user_12,872,872,
15124,3,5200000,0,user_16,872,872,
15112,4,5000000,0,user_10,872,872,
15143,5,5000000,0,user_35,872,872,
15153,6,4500000,0,user_43,872,872,
15111,7,3500000,66100,user_9,872,872,
15200,8,0,0,builder_4,872,872,15111
15201,9,0,0,builder_4,872,872,15159
15159,10,3500000,64600,user_46,872,872,
15127,11,3500000,0,user_18,872,872,
15202,12,0,0,builder_4,872,872,15117
15117,13,2100000,769000,user_13,872,872,
15203,14,0,0,builder_4,872,872,15115
15115,15,2300000,49100,user_12,872,872,
15138,16,2000000,0,user_28,872,872,
15145,17,2000000,0,user_36,872,872,
15133,18,1800000,0,user_21,872,872,
15119,19,1600000,0,user_13,872,872,
15163,20,1500000,0,user_48,872,872,
15104,21,1200000,0,user_1,872,872,
15139,22,1100000,12800,user_30,872,872,
15204,23,0,0,builder_4,872,872,15139
15160,24,1100000,0,user_46,872,872,
15134,25,1000000,0,user_22,872,872,
15155,26,1000000,0,user_44,872,872,
15149,27,870000,0,user_40,872,872,
15157,28,660000,0,user_45,872,872,
15154,29,630000,0,user_43,872,872,
15121,30,420000,0,user_14,872,872,
15158,31,370000,0,user_46,872,872,
15132,32,310000,23500,user_21,872,872,
15205,33,0,0,builder_4,872,872,15132
15113,34,77000,256000,user_10,872,872,
15206,35,0,0,builder_4,872,872,15113
15125,36,310000,0,user_17,872,872,
15130,37,310000,0,user_20,872,872,
15131,38,300000,0,user_20,872,872,
15135,39,300000,0,user_26,872,872,
15105,40,220000,0,user_2,872,872,
15106,41,220000,0,user_4,872,872,
15118,42,220000,0,user_13,872,872,
15136,43,220000,0,user_26,872,872,
15151,44,220000,0,user_41,872,872,
15156,45,220000,0,user_45,872,872,
15164,46,190000,0,user_49,872,872,
15116,47,170000,0,user_13,872,872,
15148,48,170000,0,user_38,872,872,
15120,49,85000,71800,user_13,872,872,
15207,50,0,0,builder_4,872,872,15120
15129,51,150000,0,user_18,872,872,
15144,52,150000,0,user_35,872,872,
15147,53,150000,0,user_37,872,872,
15142,54,120000,17000,user_34,872,872,
15208,55,0,0,builder_4,872,872,15142
15162,56,120000,5180,user_46,872,872,
15209,57,0,0,builder_4,872,872,15162
15141,58,120000,0,user_33,872,872,
15126,59,110000,0,user_18,872,872,
15137,60,110000,0,user_28,872,872,
15150,61,110000,0,user_40,872,872,
15161,62,84000,0,user_46,872,872,
15152,63,82000,0,user_41,872,872,
15122,64,80000,0,user_14,872,872,
15128,65,79000,0,user_18,872,872,
15238,,1100000,0,user_0,873,,
15239,,110000,146000,user_2,873,,
15240,,150000,42000,user_3,873,,
15241,,460000,0,user_4,873,,
15242,,870000,46500,user_7,873,,
15243,,1900000,4320000,user_8,873,,
15244,,130000,0,user_9,873,,
15245,,110000,0,user_10,873,,
15246,,630000,0,user_14,873,,
15247,,87000,0,user_16,873,,
15248,,5200000,0,user_17,873,,
15249,,5200000,161000,user_19,873,,
15250,,460000,0,user_19,873,,
15251,,1500000,0,user_20,873,,
15252,,160000,0,user_20,873,,
15253,,460000,0,user_21,873,,
15254,,5200000,0,user_21,873,,
15255,,98000,0,user_21,873,,
15256,,1500000,0,user_21,873,,
15257,,300000,510000,user_22,873,,
15258,,170000,0,user_23,873,,
15259,,84000,16400,user_24,873,,
15260,,870000,0,user_24,873,,
15261,,27000000,0,user_26,873,,
15262,,2100000,11200,user_26,873,,
15263,,650000,0,user_27,873,,
15264,,220000,21800,user_27,873,,
15265,,120000,283000,user_28,873,,
15266,,19000000,5630,user_30,873,,
15267,,1500000,0,user_30,873,,
15268,,80000,0,user_30,873,,
15269,,83000,0,user_32,873,,
15270,,120000,0,user_33,873,,
15271,,1700000,0,user_35,873,,
15272,,5200000,7840,user_35,873,,
15273,,1400000,0,user_36,873,,
15274,,120000,0,user_37,873,,
15275,,77000,0,user_38,873,,
15276,,130000,5630,user_39,873,,
15277,,660000,0,user_40,873,,
15278,,1000000,0,user_41,873,,
15279,,110000,0,user_42,873,,
15280,,27000000,0,user_43,873,,
15281,,150000,0,user_43,873,,
15282,,6100000,0,user_43,873,,
15283,,150000,0,user_43,873,,
15284,,1600000,0,user_44,873,,
15285,,160000,0,user_45,873,,
15286,,5000000,0,user_46,873,,
15287,,420000,0,user_46,873,,
15288,,110000,0,user_46,873,,
15289,,110000,0,user_46,873,,
15290,,120000,0,user_46,873,,
15291,,2400000,0,user_47,873,,
15261,0,27000000,0,user_26,873,873,
15280,1,27000000,0,user_43,873,873,
15292,2,0,0,builder_0,873,873,15266
15266,3,19000000,5630,user_30,873,873,
15293,4,0,0,builder_0,873,873,15243
15243,5,1900000,4320000,user_8,873,873,
15282,6,6100000,0,user_43,873,873,
15294,7,0,0,builder_0,873,873,15249
15249,8,5200000,161000,user_19,873,873,
15295,9,0,0,builder_0,873,873,15272
15272,10,5200000,7840,user_35,873,873,
15248,11,5200000,0,user_17,873,873,
15254,12,5200000,0,user_21,873,873,
15286,13,5000000,0,user_46,873,873,
15291,14,2400000,0,user_47,873,873,
15262,15,2100000,11200,user_26,873,873,
15296,16,0,0,builder_0,873,873,15262
15271,17,1700000,0,user_35,873,873,
15284,18,1600000,0,user_44,873,873,
15251,19,1500000,0,user_20,873,873,
15256,20,1500000,0,user_21,873,873,
15267,21,1500000,0,user_30,873,873,
15273,22,1400000,0,user_36,873,873,
15238,23,1100000,0,user_0,873,873,
15278,24,1000000,0,user_41,873,873,
15297,25,0,0,builder_0,873,873,15242
15242,26,870000,46500,user_7,873,873,
15257,27,300000,510000,user_22,873,873,
15298,28,0,0,builder_0,873,873,15257
15277,29,660000,0,user_40,873,873,
15263,30,650000,0,user_27,873,873,
15246,31,630000,0,user_14,873,873,
15250,32,460000,0,user_19,873,873,
15253,33,460000,0,user_21,873,873,
15287,34,420000,0,user_46,873,873,
15265,35,120000,283000,user_28,873,873,
15299,36,0,0,builder_0,873,873,15265
15239,37,110000,146000,user_2,873,873,
15300,38,0,0,builder_0,873,873,15239
15264,39,220000,21800,user_27,873,873,
15301,40,0,0,builder_0,873,873,15264
15240,41,150000,42000,user_3,873,873,
15302,42,0,0,builder_0,873,873,15240
15258,43,170000,0,user_23,873,873,
15252,44,160000,0,user_20,873,873,
15281,45,150000,0,user_43,873,873,
15283,46,150000,0,user_43,873,873,
15244,47,130000,0,user_9,873,873,
15270,48,120000,0,user_33,873,873,
15274,49,120000,0,user_37,873,873,
15290,50,120000,0,user_46,873,873,
15245,51,110000,0,user_10,873,873,
15279,52,110000,0,user_42,873,873,
15288,53,110000,0,user_46,873,873,
15289,54,110000,0,user_46,873,873,
15255,55,98000,0,user_21,873,873,
15247,56,87000,0,user_16,873,873,
15269,57,83000,0,user_32,873,873,
15268,58,80000,0,user_30,873,873,
15275,59,77000,0,user_38,873,873,
15382,,120000,17700000,user_0,874,,
15383,,98000,0,user_2,874,,
15384,,43000000,0,user_3,874,,
15385,,1000000,0,user_4,874,,
15386,,1600000,0,user_5,874,,
15387,,1000000,0,user_5,874,,
15388,,19000000,0,user_5,874,,
15389,,120000,0,user_5,874,,
15390,,83000,0,user_6,874,,
15391,,6100000,0,user_7,874,,
15392,,460000,0,user_8,874,,
15393,,2000000,0,user_9,874,,
15394,,2000000,0,user_10,874,,
15395,,1200000,46500,user_11,874,,
15396,,160000,0,user_11,874,,
15397,,30000000,0,user_12,874,,
15398,,320000,0,user_12,874,,
15399,,1000000,0,user_13,874,,
15400,,1300000,0,user_13,874,,
15401,,240000,0,user_14,874,,
15402,,1000000,33100,user_15,874,,
15403,,2400000,0,user_15,874,,
15404,,70000,0,user_16,874,,
15405,,19000000,0,user_16,874,,
15406,,600000,0,user_17,874,,
15407,,3500000,0,user_18,874,,
15408,,530000,0,user_19,874,,
15409,,170000,0,user_20,874,,
15410,,170000,73100,user_21,874,,
15411,,27000000,0,user_22,874,,
15412,,1100000,0,user_23,874,,
15413,,150000,0,user_25,874,,
15414,,79000,0,user_27,874,,
15415,,360000,36800,user_29,874,,
15416,,5200000,0,user_30,874,,
15417,,1100000,0,user_30,874,,
15418,,150000,296000,user_31,874,,
15419,,1100000,0,user_32,874,,
15420,,150000,0,user_33,874,,
15421,,300000,4320000,user_33,874,,
15422,,110000,0,user_33,874,,
15423,,320000,0,user_34,874,,
15424,,120000,0,user_35,874,,
15425,,2300000,12300,user_35,874,,
15426,,630000,0,user_40,874,,
15427,,350000,0,user_41,874,,
15428,,1500000,3130,user_42,874,,
15429,,220000,68100,user_44,874,,
15430,,310000,959000,user_44,874,,
15431,,1500000,0,user_44,874,,
15432,,150000,0,user_44,874,,
15433,,360000,0,user_44,874,,
15434,,85000,0,user_45,874,,
15435,,370000,0,user_46,874,,
15384,0,43000000,0,user_3,874,874,
15397,1,30000000,0,user_12,874,874,
15411,2,27000000,0,user_22,874,874,
15388,3,19000000,0,user_5,874,874,
15405,4,19000000,0,user_16,874,874,
15391,5,6100000,0,user_7,874,874,
15416,6,5200000,0,user_30,874,874,
15407,7,3500000,0,user_18,874,874,
15403,8,2400000,0,user_15,874,874,
15425,9,2300000,12300,user_35,874,874,
15394,10,2000000,0,user_10,874,874,
15386,11,1600000,0,user_5,874,874,
15428,12,1500000,3130,user_42,874,874,
15431,13,1500000,0,user_44,874,874,
15400,14,1300000,0,user_13,874,874,
15395,15,1200000,46500,user_11,874,874,
15412,16,1100000,0,user_23,874,874,
15417,17,1100000,0,user_30,874,874,
15385,18,1000000,0,user_4,874,874,
15387,19,1000000,0,user_5,874,874,
15399,20,1000000,0,user_13,874,874,
15402,21,1000000,33100,user_15,874,874,
15426,22,630000,0,user_40,874,874,
15406,23,600000,0,user_17,874,874,
15392,24,460000,0,user_8,874,874,
15435,25,370000,0,user_46,874,874,
15415,26,360000,36800,user_29,874,874,
15433,27,360000,0,user_44,874,874,
15427,28,350000,0,user_41,874,874,
15398,29,320000,0,user_12,874,874,
15423,30,320000,0,user_34,874,874,
15430,31,310000,959000,user_44,874,874,
15421,32,300000,4320000,user_33,874,874,
15429,33,220000,68100,user_44,874,874,
15409,34,170000,0,user_20,874,874,
15410,35,170000,73100,user_21,874,874,
15396,36,160000,0,user_11,874,874,
15413,37,150000,0,user_25,874,874,
15418,38,150000,296000,user_31,874,874,
15420,39,150000,0,user_33,874,874,
15432,40,150000,0,user_44,874,874,
15382,41,120000,17700000,user_0,874,874,
15389,42,120000,0,user_5,874,874,
15424,43,120000,0,user_35,874,874,
15422,44,110000,0,user_33,874,874,
15383,45,98000,0,user_2,874,874,
15434,46,85000,0,user_45,874,874,
15390,47,83000,0,user_6,874,874,
15414,48,79000,0,user_27,874,874,
15404,49,70000,0,user_16,874,874,
15515,,80000,0,user_0,875,,
15516,,2000000,0,user_1,875,,
15517,,2600000,0,user_2,875,,
15518,,160000,0,user_5,875,,
15519,,360000,0,user_5,875,,
15520,,1500000,0,user_6,875,,
15521,,1100000,0,user_6,875,,
15522,,170000,0,user_8,875,,
15523,,82000,0,user_8,875,,
15524,,2000000,0,user_8,875,,
15525,,3500000,0,user_8,875,,
15526,,870000,0,user_8,875,,
15527,,1500000,0,user_9,875,,
15528,,120000,0,user_10,875,,
15529,,2500000,0,user_11,875,,
15530,,110000,0,user_11,875,,
15531,,1600000,0,user_12,875,,
15532,,2000000,0,user_14,875,,
15533,,110000,0,user_15,875,,
15534,,2500000,0,user_15,875,,
15535,,1600000,0,user_16,875,,
15536,,220000,0,user_17,875,,
15537,,70000,43600,user_18,875,,
15538,,170000,0,user_19,875,,
15539,,1100000,0,user_19,875,,
15540,,660000,0,user_19,875,,
15541,,73000,0,user_19,875,,
15542,,82000,0,user_19,875,,
15543,,110000,0,user_20,875,,
15544,,1000000,0,user_20,875,,
15545,,43000000,0,user_21,875,,
15546,,220000,0,user_24,875,,
15547,,460000,0,user_26,875,,
15548,,130000,0,user_29,875,,
15549,,220000,1100000,user_30,875,,
15550,,30000000,0,user_31,875,,
15551,,150000,0,user_31,875,,
15552,,87000,0,user_32,875,,
15553,,73000,0,user_33,875,,
15554,,1000000,0,user_34,875,,
15555,,120000,215000,user_35,875,,
15556,,110000,0,user_35,875,,
15557,,83000,84800,user_36,875,,
15558,,660000,0,user_38,875,,
15559,,160000,0,user_39,875,,
15560,,370000,195000,user_39,875,,
15561,,220000,0,user_39,875,,
15562,,630000,0,user_39,875,,
15563,,460000,181000,user_40,875,,
15564,,2100000,215000,user_40,875,,
15565,,870000,0,user_42,875,,
15566,,340000,0,user_43,875,,
15567,,660000,0,user_44,875,,
15568,,98000,0,user_44,875,,
15569,,1900000,959000,user_45,875,,
15570,,120000,0,user_45,875,,
15571,,220000,0,user_46,875,,
15572,,110000,0,user_47,875,,
15573,,1400000,231000,user_48,875,,
15574,,2000000,16400,user_49,875,,
15545,0,43000000,0,user_21,875,875,
15550,1,30000000,0,user_31,875,875,
15525,2,3500000,0,user_8,875,875,
15517,3,2600000,0,user_2,875,875,
15529,4,2500000,0,user_11,875,875,
15534,5,2500000,0,user_15,875,875,
15564,6,2100000,215000,user_40,875,875,
15516,7,2000000,0,user_1,875,875,
15524,8,2000000,0,user_8,875,875,
15532,9,2000000,0,user_14,875,875,
15574,10,2000000,16400,user_49,875,875,
15569,11,1900000,959000,user_45,875,875,
15531,12,1600000,0,user_12,875,875,
15535,13,1600000,0,user_16,875,875,
15520,14,1500000,0,user_6,875,875,
15521,15,1100000,0,user_6,875,875,
15539,16,1100000,0,user_19,875,875,
15544,17,1000000,0,user_20,875,875,
15554,18,1000000,0,user_34,875,875,
15526,19,870000,0,user_8,875,875,
15565,20,870000,0,user_42,875,875,
15540,21,660000,0,user_19,875,875,
15567,22,660000,0,user_44,875,875,
15562,23,630000,0,user_39,875,875,
15547,24,460000,0,user_26,875,875,
15563,25,460000,181000,user_40,875,875,
15560,26,370000,195000,user_39,875,875,
15566,27,340000,0,user_43,875,875,
15536,28,220000,0,user_17,875,875,
15546,29,220000,0,user_24,875,875,
15549,30,220000,1100000,user_30,875,875,
15561,31,220000,0,user_39,875,875,
15571,32,220000,0,user_46,875,875,
15522,33,170000,0,user_8,875,875,
15538,34,170000,0,user_19,875,875,
15559,35,160000,0,user_39,875,875,
15551,36,150000,0,user_31,875,875,
15548,37,130000,0,user_29,875,875,
15555,38,120000,215000,user_35,875,875,
15570,39,120000,0,user_45,875,875,
15530,40,110000,0,user_11,875,875,
15533,41,110000,0,user_15,875,875,
15543,42,110000,0,user_20,875,875,
15556,43,110000,0,user_35,875,875,
15572,44,110000,0,user_47,875,875,
15568,45,98000,0,user_44,875,875,
15552,46,87000,0,user_32,875,875,
15523,47,82000,0,user_8,875,875,
15542,48,82000,0,user_19,875,875,
15515,49,80000,0,user_0,875,875,
15541,50,73000,0,user_19,875,875,
15553,51,73000,0,user_33,875,875,
15537,52,70000,43600,user_18,875,875,
15649,,130000,0,user_0,876,,
15650,,970000,0,user_1,876,,
15651,,2400000,0,user_2,876,,
15652,,320000,6390,user_3,876,,
15653,,110000,0,user_4,876,,
15654,,650000,0,user_5,876,,
15655,,1100000,0,user_6,876,,
15656,,110000,0,user_6,876,,
15657,,85000,0,user_7,876,,
15658,,220000,0,user_8,876,,
15659,,460000,0,user_9,876,,
15660,,27000000,0,user_10,876,,
15661,,150000,0,user_12,876,,
15662,,1500000,21800,user_13,876,,
15663,,670000,0,user_13,876,,
15664,,1300000,369000,user_13,876,,
15665,,670000,0,user_13,876,,
15666,,73000,0,user_14,876,,
15667,,170000,0,user_14,876,,
15668,,1900000,0,user_15,876,,
15669,,170000,0,user_16,876,,
15670,,2000000,46500,user_17,876,,
15671,,87000,35100,user_17,876,,
15672,,2500000,0,user_18,876,,
15673,,150000,0,user_19,876,,
15674,,73000,0,user_20,876,,
15675,,83000,0,user_22,876,,
15676,,83000,0,user_23,876,,
15677,,150000,0,user_25,876,,
15678,,1500000,0,user_26,876,,
15679,,2000000,0,user_27,876,,
15680,,150000,0,user_27,876,,
15681,,30000000,0,user_27,876,,
15682,,2000000,0,user_27,876,,
15683,,1500000,75000,user_28,876,,
15684,,350000,0,user_30,876,,
15685,,160000,0,user_31,876,,
15686,,970000,0,user_31,876,,
15687,,83000,0,user_32,876,,
15688,,5200000,0,user_34,876,,
15689,,910000,0,user_35,876,,
15690,,150000,0,user_37,876,,
15691,,970000,0,user_39,876,,
15692,,1800000,0,user_39,876,,
15693,,6300000,64600,user_39,876,,
15694,,420000,0,user_40,876,,
15695,,260000,17700000,user_41,876,,
15696,,130000,0,user_42,876,,
15697,,3500000,0,user_42,876,,
15698,,1500000,1100000,user_45,876,,
15699,,1000000,0,user_45,876,,
15700,,82000,67900,user_45,876,,
15701,,4200000,0,user_45,876,,
15702,,19000000,0,user_45,876,,
15703,,170000,0,user_46,876,,
15704,,320000,0,user_47,876,,
15705,,260000,0,user_47,876,,
15681,0,30000000,0,user_27,876,876,
15660,1,27000000,0,user_10,876,876,
15702,2,19000000,0,user_45,876,876,
15693,3,6300000,64600,user_39,876,876,
15688,4,5200000,0,user_34,876,876,
15701,5,4200000,0,user_45,876,876,
15697,6,3500000,0,user_42,876,876,
15672,7,2500000,0,user_18,876,876,
15651,8,2400000,0,user_2,876,876,
15670,9,2000000,46500,user_17,876,876,
15679,10,2000000,0,user_27,876,876,
15682,11,2000000,0,user_27,876,876,
15668,12,1900000,0,user_15,876,876,
15692,13,1800000,0,user_39,876,876,
15662,14,1500000,21800,user_13,876,876,
15678,15,1500000,0,user_26,876,876,
15683,16,1500000,75000,user_28,876,876,
15698,17,1500000,1100000,user_45,876,876,
15664,18,1300000,369000,user_13,876,876,
15655,19,1100000,0,user_6,876,876,
15699,20,1000000,0,user_45,876,876,
15650,21,970000,0,user_1,876,876,
15686,22,970000,0,user_31,876,876,
15691,23,970000,0,user_39,876,876,
15663,24,670000,0,user_13,876,876,
15665,25,670000,0,user_13,876,876,
15659,26,460000,0,user_9,876,876,
15694,27,420000,0,user_40,876,876,
15684,28,350000,0,user_30,876,876,
15704,29,320000,0,user_47,876,876,
15695,30,260000,17700000,user_41,876,876,
15705,31,260000,0,user_47,876,876,
15658,32,220000,0,user_8,876,876,
15667,33,170000,0,user_14,876,876,
15669,34,170000,0,user_16,876,876,
15703,35,170000,0,user_46,876,876,
15685,36,160000,0,user_31,876,876,
15661,37,150000,0,user_12,876,876,
15673,38,150000,0,user_19,876,876,
15677,39,150000,0,user_25,876,876,
15680,40,150000,0,user_27,876,876,
15649,41,130000,0,user_0,876,876,
15696,42,130000,0,user_42,876,876,
15653,43,110000,0,user_4,876,876,
15656,44,110000,0,user_6,876,876,
15671,45,87000,35100,user_17,876,876,
15657,46,85000,0,user_7,876,876,
15675,47,83000,0,user_22,876,876,
15676,48,83000,0,user_23,876,876,
15700,49,82000,67900,user_45,876,876,
15666,50,73000,0,user_14,876,876,
15674,51,73000,0,user_20,876,876,
15776,,370000,0,user_0,877,,
15777,,110000,0,user_0,877,,
15778,,170000,0,user_0,877,,
15779,,240000,0,user_0,877,,
15780,,870000,0,user_1,877,,
15781,,260000,155000,user_2,877,,
15782,,370000,0,user_4,877,,
15783,,3600000,0,user_5,877,,
15784,,1500000,0,user_6,877,,
15785,,87000,0,user_6,877,,
15786,,600000,0,user_7,877,,
15787,,240000,0,user_9,877,,
15788,,970000,0,user_9,877,,
15789,,2100000,0,user_10,877,,
15790,,650000,0,user_15,877,,
15791,,83000,0,user_17,877,,
15792,,470000,0,user_18,877,,
15793,,110000,0,user_19,877,,
15794,,630000,16400,user_20,877,,
15795,,4200000,0,user_20,877,,
15796,,1000000,0,user_21,877,,
15797,,80000,215000,user_21,877,,
15798,,130000,0,user_21,877,,
15799,,340000,0,user_21,877,,
15800,,660000,15700,user_26,877,,
15801,,1900000,0,user_26,877,,
15802,,87000,0,user_27,877,,
15803,,87000,0,user_28,877,,
15804,,1700000,0,user_28,877,,
15805,,1400000,0,user_28,877,,
15806,,2500000,0,user_29,877,,
15807,,2500000,0,user_30,877,,
15808,,110000,0,user_31,877,,
15809,,420000,0,user_31,877,,
15810,,6100000,0,user_34,877,,
15811,,170000,108000,user_35,877,,
15812,,3500000,0,user_37,877,,
15813,,110000,0,user_40,877,,
15814,,30000000,67500,user_40,877,,
15815,,220000,0,user_41,877,,
15816,,870000,8520,user_43,877,,
15817,,670000,60700,user_45,877,,
15818,,320000,0,user_45,877,,
15819,,2600000,0,user_45,877,,
15820,,530000,0,user_45,877,,
15821,,1500000,0,user_45,877,,
15822,,82000,0,user_46,877,,
15823,,460000,0,user_47,877,,
15824,,43000000,0,user_48,877,,
15824,0,43000000,0,user_48,877,877,
15843,1,0,0,builder_3,877,877,15814
15814,2,30000000,67500,user_40,877,877,
15810,3,6100000,0,user_34,877,877,
15795,4,4200000,0,user_20,877,877,
15783,5,3600000,0,user_5,877,877,
15812,6,3500000,0,user_37,877,877,
15819,7,2600000,0,user_45,877,877,
15806,8,2500000,0,user_29,877,877,
15807,9,2500000,0,user_30,877,877,
15789,10,2100000,0,user_10,877,877,
15801,11,1900000,0,user_26,877,877,
15804,12,1700000,0,user_28,877,877,
15821,13,1500000,0,user_45,877,877,
15805,14,1400000,0,user_28,877,877,
15796,15,1000000,0,user_21,877,877,
15844,16,0,0,builder_3,877,877,15816
15816,17,870000,8520,user_43,877,877,
15817,18,670000,60700,user_45,877,877,
15845,19,0,0,builder_3,877,877,15817
15800,20,660000,15700,user_26,877,877,
15846,21,0,0,builder_3,877,877,15800
15790,22,650000,0,user_15,877,877,
15847,23,0,0,builder_3,877,877,15794
15794,24,630000,16400,user_20,877,877,
15786,25,600000,0,user_7,877,877,
15820,26,530000,0,user_45,877,877,
15792,27,470000,0,user_18,877,877,
15823,28,460000,0,user_47,877,877,
15809,29,420000,0,user_31,877,877,
15781,30,260000,155000,user_2,877,877,
15848,31,0,0,builder_3,877,877,15781
15776,32,370000,0,user_0,877,877,
15782,33,370000,0,user_4,877,877,
15799,34,340000,0,user_21,877,877,
15818,35,320000,0,user_45,877,877,
15797,36,80000,215000,user_21,877,877,
15849,37,0,0,builder_3,877,877,15797
15811,38,170000,108000,user_35,877,877,
15850,39,0,0,builder_3,877,877,15811
15779,40,240000,0,user_0,877,877,
15815,41,220000,0,user_41,877,877,
15778,42,170000,0,user_0,877,877,
15798,43,130000,0,user_21,877,877,
15777,44,110000,0,user_0,877,877,
15793,45,110000,0,user_19,877,877,
15808,46,110000,0,user_31,877,877,
15813,47,110000,0,user_40,877,877,
15803,48,87000,0,user_28,877,877,
15791,49,83000,0,user_17,877,877,
15822,50,82000,0,user_46,877,877,
15879,,1000000,0,user_0,878,,
15880,,120000,0,user_0,878,,
15881,,170000,0,user_2,878,,
15882,,2500000,12800,user_3,878,,
15883,,120000,0,user_4,878,,
15884,,110000,0,user_4,878,,
15885,,150000,0,user_4,878,,
15886,,1600000,0,user_4,878,,
15887,,120000,0,user_5,878,,
15888,,120000,0,user_10,878,,
15889,,2600000,0,user_12,878,,
15890,,19000000,0,user_13,878,,
15891,,3600000,0,user_17,878,,
15892,,73000,17700000,user_18,878,,
15893,,530000,0,user_19,878,,
15894,,1500000,0,user_20,878,,
15895,,340000,0,user_20,878,,
15896,,2000000,0,user_22,878,,
15897,,110000,75000,user_23,878,,
15898,,220000,15700,user_23,878,,
15899,,1600000,0,user_23,878,,
15900,,80000,0,user_24,878,,
15901,,1700000,0,user_25,878,,
15902,,1500000,0,user_25,878,,
15903,,160000,0,user_25,878,,
15904,,1300000,0,user_25,878,,
15905,,130000,0,user_26,878,,
15906,,160000,0,user_27,878,,
15907,,420000,11200,user_27,878,,
15908,,670000,0,user_28,878,,
15909,,5000000,0,user_29,878,,
15910,,3600000,0,user_30,878,,
15911,,80000,0,user_30,878,,
15912,,150000,13900,user_31,878,,
15913,,120000,108000,user_32,878,,
15914,,460000,0,user_32,878,,
15915,,6300000,0,user_34,878,,
15916,,910000,0,user_35,878,,
15917,,310000,0,user_36,878,,
15918,,5000000,0,user_38,878,,
15919,,19000000,231000,user_39,878,,
15920,,1500000,0,user_40,878,,
15921,,650000,0,user_42,878,,
15922,,420000,0,user_42,878,,
15923,,6300000,0,user_43,878,,
15924,,2500000,0,user_45,878,,
15925,,1700000,0,user_45,878,,
15926,,70000,0,user_47,878,,
15927,,1100000,0,user_47,878,,
15928,,470000,0,user_48,878,,
15929,,120000,0,user_49,878,,
15890,0,19000000,0,user_13,878,878,
15919,1,19000000,231000,user_39,878,878,
15915,2,6300000,0,user_34,878,878,
15923,3,6300000,0,user_43,878,878,
15909,4,5000000,0,user_29,878,878,
15918,5,5000000,0,user_38,878,878,
15891,6,3600000,0,user_17,878,878,
15910,7,3600000,0,user_30,878,878,
15889,8,2600000,0,user_12,878,878,
15924,9,2500000,0,user_45,878,878,
15896,10,2000000,0,user_22,878,878,
15901,11,1700000,0,user_25,878,878,
15925,12,1700000,0,user_45,878,878,
15886,13,1600000,0,user_4,878,878,
15899,14,1600000,0,user_23,878,878,
15894,15,1500000,0,user_20,878,878,
15902,16,1500000,0,user_25,878,878,
15920,17,1500000,0,user_40,878,878,
15904,18,1300000,0,user_25,878,878,
15927,19,1100000,0,user_47,878,878,
15879,20,1000000,0,user_0,878,878,
15908,21,670000,0,user_28,878,878,
15921,22,650000,0,user_42,878,878,
15893,23,530000,0,user_19,878,878,
15928,24,470000,0,user_48,878,878,
15907,25,420000,11200,user_27,878,878,
15922,26,420000,0,user_42,878,878,
15895,27,340000,0,user_20,878,878,
15898,28,220000,15700,user_23,878,878,
15881,29,170000,0,user_2,878,878,
15903,30,160000,0,user_25,878,878,
15906,31,160000,0,user_27,878,878,
15885,32,150000,0,user_4,878,878,
15912,33,150000,13900,user_31,878,878,
15905,34,130000,0,user_26,878,878,
15880,35,120000,0,user_0,878,878,
15883,36,120000,0,user_4,878,878,
15888,37,120000,0,user_10,878,878,
15884,38,110000,0,user_4,878,878,
15897,39,110000,75000,user_23,878,878,
15900,40,80000,0,user_24,878,878,
15911,41,80000,0,user_30,878,878,
15892,42,73000,17700000,user_18,878,878,
15926,43,70000,0,user_47,878,878,
15986,,1500000,15100,user_0,879,,
15987,,170000,0,user_0,879,,
15988,,160000,195000,user_2,879,,
15989,,2500000,0,user_2,879,,
15990,,470000,0,user_3,879,,
15991,,190000,0,user_5,879,,
15992,,2000000,0,user_7,879,,
15993,,160000,0,user_8,879,,
15994,,2100000,0,user_9,879,,
15995,,260000,0,user_11,879,,
15996,,170000,510000,user_15,879,,
15997,,1600000,0,user_16,879,,
15998,,360000,0,user_17,879,,
15999,,1600000,0,user_18,879,,
16000,,1500000,0,user_18,879,,
16001,,910000,0,user_20,879,,
16002,,70000,0,user_21,879,,
16003,,1100000,0,user_22,879,,
16004,,3500000,510000,user_25,879,,
16005,,130000,0,user_25,879,,
16006,,2500000,60700,user_26,879,,
16007,,1600000,0,user_27,879,,
16008,,6300000,0,user_31,879,,
16009,,1100000,0,user_33,879,,
16010,,120000,0,user_33,879,,
16011,,310000,0,user_35,879,,
16012,,650000,0,user_35,879,,
16013,,910000,0,user_36,879,,
16014,,370000,0,user_36,879,,
16015,,170000,0,user_36,879,,
16016,,130000,0,user_36,879,,
16017,,670000,0,user_36,879,,
16018,,1700000,0,user_37,879,,
16019,,1100000,0,user_39,879,,
16020,,30000000,0,user_39,879,,
16021,,1500000,0,user_40,879,,
16022,,2000000,0,user_40,879,,
16023,,120000,0,user_41,879,,
16024,,420000,0,user_42,879,,
16025,,150000,0,user_43,879,,
16026,,150000,0,user_45,879,,
16027,,27000000,0,user_45,879,,
16028,,2000000,0,user_47,879,,
16029,,100000,0,user_47,879,,
16030,,1000000,0,user_49,879,,
16020,0,30000000,0,user_39,879,879,
16027,1,27000000,0,user_45,879,879,
16008,2,6300000,0,user_31,879,879,
16004,3,3500000,510000,user_25,879,879,
15989,4,2500000,0,user_2,879,879,
16006,5,2500000,60700,user_26,879,879,
15992,6,2000000,0,user_7,879,879,
16022,7,2000000,0,user_40,879,879,
16028,8,2000000,0,user_47,879,879,
16018,9,1700000,0,user_37,879,879,
15997,10,1600000,0,user_16,879,879,
15999,11,1600000,0,user_18,879,879,
16007,12,1600000,0,user_27,879,879,
15986,13,1500000,15100,user_0,879,879,
16000,14,1500000,0,user_18,879,879,
16021,15,1500000,0,user_40,879,879,
16003,16,1100000,0,user_22,879,879,
16009,17,1100000,0,user_33,879,879,
16019,18,1100000,0,user_39,879,879,
16030,19,1000000,0,user_49,879,879,
16001,20,910000,0,user_20,879,879,
16013,21,910000,0,user_36,879,879,
16017,22,670000,0,user_36,879,879,
16012,23,650000,0,user_35,879,879,
15990,24,470000,0,user_3,879,879,
16024,25,420000,0,user_42,879,879,
16014,26,370000,0,user_36,879,879,
15998,27,360000,0,user_17,879,879,
16011,28,310000,0,user_35,879,879,
15995,29,260000,0,user_11,879,879,
15991,30,190000,0,user_5,879,879,
15987,31,170000,0,user_0,879,879,
15996,32,170000,510000,user_15,879,879,
16015,33,170000,0,user_36,879,879,
15988,34,160000,195000,user_2,879,879,
15993,35,160000,0,user_8,879,879,
16025,36,150000,0,user_43,879,879,
16026,37,150000,0,user_45,879,879,
16005,38,130000,0,user_25,879,879,
16016,39,130000,0,user_36,879,879,
16010,40,120000,0,user_33,879,879,
16023,41,120000,0,user_41,879,879,
16029,42,100000,0,user_47,879,879,
16002,43,70000,0,user_21,879,879,
16068,,970000,0,user_0,880,,
16069,,3200000,0,user_3,880,,
16070,,160000,15700,user_4,880,,
16071,,100000,0,user_5,880,,
16072,,170000,0,user_5,880,,
16073,,970000,46500,user_6,880,,
16074,,1400000,0,user_6,880,,
16075,,1600000,0,user_7,880,,
16076,,1500000,0,user_7,880,,
16077,,220000,64600,user_8,880,,
16078,,110000,0,user_8,880,,
16079,,910000,0,user_9,880,,
16080,,110000,0,user_10,880,,
16081,,170000,0,user_11,880,,
16082,,600000,0,user_12,880,,
16083,,300000,0,user_13,880,,
16084,,910000,0,user_13,880,,
16085,,3500000,0,user_13,880,,
16086,,83000,0,user_13,880,,
16087,,120000,0,user_14,880,,
16088,,2000000,0,user_14,880,,
16089,,670000,0,user_14,880,,
16090,,170000,0,user_14,880,,
16091,,120000,0,user_15,880,,
16092,,2000000,0,user_16,880,,
16093,,120000,0,user_16,880,,
16094,,2000000,0,user_17,880,,
16095,,4200000,0,user_19,880,,
16096,,220000,0,user_20,880,,
16097,,150000,0,user_21,880,,
16098,,910000,0,user_22,880,,
16099,,130000,0,user_23,880,,
16100,,870000,0,user_24,880,,
16101,,340000,0,user_24,880,,
16102,,120000,0,user_25,880,,
16103,,87000,283000,user_27,880,,
16104,,2300000,0,user_29,880,,
16105,,70000,0,user_29,880,,
16106,,82000,0,user_30,880,,
16107,,1300000,0,user_32,880,,
16108,,77000,0,user_33,880,,
16109,,84000,0,user_34,880,,
16110,,260000,0,user_35,880,,
16111,,120000,13900,user_36,880,,
16112,,170000,0,user_38,880,,
16113,,5000000,0,user_40,880,,
16114,,4500000,0,user_41,880,,
16115,,120000,0,user_42,880,,
16116,,150000,0,user_42,880,,
16117,,3500000,0,user_43,880,,
16118,,420000,0,user_45,880,,
16119,,630000,0,user_46,880,,
16120,,260000,0,user_47,880,,
16121,,82000,56200,user_48,880,,
16122,,150000,0,user_48,880,,
16123,,43000000,0,user_49,880,,
16123,0,43000000,0,user_49,880,880,
16113,1,5000000,0,user_40,880,880,
16114,2,4500000,0,user_41,880,880,
16095,3,4200000,0,user_19,880,880,
16085,4,3500000,0,user_13,880,880,
16117,5,3500000,0,user_43,880,880,
16069,6,3200000,0,user_3,880,880,
16104,7,2300000,0,user_29,880,880,
16088,8,2000000,0,user_14,880,880,
16092,9,2000000,0,user_16,880,880,
16094,10,2000000,0,user_17,880,880,
16075,11,1600000,0,user_7,880,880,
16076,12,1500000,0,user_7,880,880,
16074,13,1400000,0,user_6,880,880,
16107,14,1300000,0,user_32,880,880,
16068,15,970000,0,user_0,880,880,
16073,16,970000,46500,user_6,880,880,
16079,17,910000,0,user_9,880,880,
16084,18,910000,0,user_13,880,880,
16098,19,910000,0,user_22,880,880,
16100,20,870000,0,user_24,880,880,
16089,21,670000,0,user_14,880,880,
16119,22,630000,0,user_46,880,880,
16118,23,420000,0,user_45,880,880,
16101,24,340000,0,user_24,880,880,
16083,25,300000,0,user_13,880,880,
16110,26,260000,0,user_35,880,880,
16120,27,260000,0,user_47,880,880,
16077,28,220000,64600,user_8,880,880,
16096,29,220000,0,user_20,880,880,
16072,30,170000,0,user_5,880,880,
16081,31,170000,0,user_11,880,880,
16090,32,170000,0,user_14,880,880,
16112,33,170000,0,user_38,880,880,
16097,34,150000,0,user_21,880,880,
16116,35,150000,0,user_42,880,880,
16122,36,150000,0,user_48,880,880,
16099,37,130000,0,user_23,880,880,
16087,38,120000,0,user_14,880,880,
16091,39,120000,0,user_15,880,880,
16093,40,120000,0,user_16,880,880,
16102,41,120000,0,user_25,880,880,
16111,42,120000,13900,user_36,880,880,
16115,43,120000,0,user_42,880,880,
16078,44,110000,0,user_8,880,880,
16080,45,110000,0,user_10,880,880,
16071,46,100000,0,user_5,880,880,
16103,47,87000,283000,user_27,880,880,
16109,48,84000,0,user_34,880,880,
16086,49,83000,0,user_13,880,880,
16106,50,82000,0,user_30,880,880,
16121,51,82000,56200,user_48,880,880,
16108,52,77000,0,user_33,880,880,
16105,53,70000,0,user_29,880,880,
16167,,370000,0,user_0,881,,
16168,,2600000,0,user_1,881,,
16169,,220000,0,user_1,881,,
16170,,19000000,0,user_2,881,,
16171,,160000,0,user_3,881,,
16172,,150000,0,user_3,881,,
16173,,220000,0,user_3,881,,
16174,,260000,0,user_4,881,,
16175,,98000,23500,user_4,881,,
16176,,630000,49100,user_4,881,,
16177,,6300000,0,user_6,881,,
16178,,3200000,0,user_6,881,,
16179,,310000,410000,user_7,881,,
16180,,150000,410000,user_9,881,,
16181,,2400000,0,user_9,881,,
16182,,260000,0,user_10,881,,
16183,,1600000,0,user_12,881,,
16184,,27000000,0,user_14,881,,
16185,,1100000,15700,user_14,881,,
16186,,160000,381000,user_15,881,,
16187,,1600000,1100000,user_15,881,,
16188,,2300000,0,user_15,881,,
16189,,1200000,0,user_16,881,,
16190,,150000,0,user_18,881,,
16191,,120000,1100000,user_19,881,,
16192,,350000,0,user_20,881,,
16193,,79000,0,user_21,881,,
16194,,910000,0,user_22,881,,
16195,,460000,0,user_23,881,,
16196,,340000,75000,user_24,881,,
16197,,4500000,0,user_24,881,,
16198,,160000,0,user_26,881,,
16199,,83000,0,user_27,881,,
16200,,1000000,0,user_28,881,,
16201,,660000,0,user_28,881,,
16202,,1600000,0,user_30,881,,
16203,,98000,0,user_30,881,,
16204,,630000,56200,user_30,881,,
16205,,3200000,73100,user_30,881,,
16206,,910000,0,user_32,881,,
16207,,2000000,0,user_32,881,,
16208,,670000,16400,user_32,881,,
16209,,150000,0,user_32,881,,
16210,,110000,0,user_32,881,,
16211,,120000,68100,user_35,881,,
16212,,110000,779000,user_35,881,,
16213,,1100000,0,user_35,881,,
16214,,120000,35100,user_36,881,,
16215,,5000000,15100,user_37,881,,
16216,,1500000,4320000,user_38,881,,
16217,,110000,0,user_39,881,,
16218,,630000,0,user_42,881,,
16219,,310000,0,user_43,881,,
16220,,5200000,0,user_44,881,,
16221,,320000,0,user_46,881,,
16222,,1000000,0,user_47,881,,
16223,,1400000,8520,user_48,881,,
16224,,470000,0,user_49,881,,
16184,0,27000000,0,user_14,881,881,
16170,1,19000000,0,user_2,881,881,
16177,2,6300000,0,user_6,881,881,
16282,3,0,0,builder_4,881,881,16216
16216,4,1500000,4320000,user_38,881,881,
16220,5,5200000,0,user_44,881,881,
16215,6,5000000,15100,user_37,881,881,
16283,7,0,0,builder_4,881,881,16215
16197,8,4500000,0,user_24,881,881,
16284,9,0,0,builder_4,881,881,16205
16205,10,3200000,73100,user_30,881,881,
16178,11,3200000,0,user_6,881,881,
16168,12,2600000,0,user_1,881,881,
16181,13,2400000,0,user_9,881,881,
16207,14,2000000,0,user_32,881,881,
16183,15,1600000,0,user_12,881,881,
16202,16,1600000,0,user_30,881,881,
16223,17,1400000,8520,user_48,881,881,
16285,18,0,0,builder_4,881,881,16223
16286,19,0,0,builder_4,881,881,16191
16191,20,120000,1100000,user_19,881,881,
16189,21,1200000,0,user_16,881,881,
16185,22,1100000,15700,user_14,881,881,
16287,23,0,0,builder_4,881,881,16185
16213,24,1100000,0,user_35,881,881,
16200,25,1000000,0,user_28,881,881,
16194,26,910000,0,user_22,881,881,
16206,27,910000,0,user_32,881,881,
16288,28,0,0,builder_4,881,881,16212
16212,29,110000,779000,user_35,881,881,
16208,30,670000,16400,user_32,881,881,
16289,31,0,0,builder_4,881,881,16208
16204,32,630000,56200,user_30,881,881,
16290,33,0,0,builder_4,881,881,16204
16176,34,630000,49100,user_4,881,881,
16291,35,0,0,builder_4,881,881,16176
16201,36,660000,0,user_28,881,881,
16218,37,630000,0,user_42,881,881,
16292,38,0,0,builder_4,881,881,16180
16180,39,150000,410000,user_9,881,881,
16224,40,470000,0,user_49,881,881,
16195,41,460000,0,user_23,881,881,
16196,42,340000,75000,user_24,881,881,
16293,43,0,0,builder_4,881,881,16196
16167,44,370000,0,user_0,881,881,
16192,45,350000,0,user_20,881,881,
16221,46,320000,0,user_46,881,881,
16219,47,310000,0,user_43,881,881,
16174,48,260000,0,user_4,881,881,
16182,49,260000,0,user_10,881,881,
16169,50,220000,0,user_1,881,881,
16173,51,220000,0,user_3,881,881,
16294,52,0,0,builder_4,881,881,16211
16211,53,120000,68100,user_35,881,881,
16171,54,160000,0,user_3,881,881,
16198,55,160000,0,user_26,881,881,
16295,56,0,0,builder_4,881,881,16214
16214,57,120000,35100,user_36,881,881,
16172,58,150000,0,user_3,881,881,
16190,59,150000,0,user_18,881,881,
16209,60,150000,0,user_32,881,881,
16175,61,98000,23500,user_4,881,881,
16296,62,0,0,builder_4,881,881,16175
16210,63,110000,0,user_32,881,881,
16203,64,98000,0,user_30,881,881,
16199,65,83000,0,user_27,881,881,
16193,66,79000,0,user_21,881,881,
16356,,1500000,42000,user_2,882,,
16357,,600000,0,user_4,882,,
16358,,1000000,0,user_6,882,,
16359,,110000,0,user_7,882,,
16360,,19000000,0,user_8,882,,
16361,,43000000,0,user_9,882,,
16362,,220000,0,user_11,882,,
16363,,420000,256000,user_12,882,,
16364,,6100000,0,user_13,882,,
16365,,240000,0,user_13,882,,
16366,,2100000,0,user_16,882,,
16367,,530000,0,user_16,882,,
16368,,87000,0,user_16,882,,
16369,,2500000,0,user_16,882,,
16370,,350000,0,user_16,882,,
16371,,150000,47700,user_17,882,,
16372,,4500000,0,user_17,882,,
16373,,870000,0,user_17,882,,
16374,,350000,14200,user_19,882,,
16375,,420000,0,user_19,882,,
16376,,3500000,0,user_19,882,,
16377,,2000000,0,user_19,882,,
16378,,2000000,0,user_20,882,,
16379,,650000,0,user_20,882,,
16380,,1500000,0,user_20,882,,
16381,,240000,0,user_20,882,,
16382,,420000,0,user_20,882,,
16383,,370000,0,user_21,882,,
16384,,5000000,0,user_23,882,,
16385,,43000000,0,user_23,882,,
16386,,110000,0,user_23,882,,
16387,,2000000,0,user_23,882,,
16388,,1800000,0,user_25,882,,
16389,,190000,8520,user_26,882,,
16390,,1100000,0,user_27,882,,
16391,,1500000,0,user_27,882,,
16392,,170000,0,user_28,882,,
16393,,150000,0,user_28,882,,
16394,,650000,0,user_29,882,,
16395,,2000000,0,user_31,882,,
16396,,970000,108000,user_32,882,,
16397,,85000,0,user_33,882,,
16398,,910000,68100,user_34,882,,
16399,,300000,0,user_34,882,,
16400,,150000,19700,user_35,882,,
16401,,1700000,0,user_35,882,,
16402,,2000000,0,user_36,882,,
16403,,70000,0,user_37,882,,
16404,,420000,0,user_38,882,,
16405,,1600000,0,user_40,882,,
16406,,2400000,0,user_40,882,,
16407,,1600000,0,user_40,882,,
16408,,220000,0,user_40,882,,
16409,,4200000,15300,user_41,882,,
16410,,77000,0,user_42,882,,
16411,,170000,0,user_43,882,,
16412,,77000,0,user_44,882,,
16413,,85000,0,user_44,882,,
16414,,420000,0,user_46,882,,
16415,,43000000,0,user_47,882,,
16416,,2400000,0,user_48,882,,
16417,,82000,0,user_48,882,,
16418,,530000,0,user_48,882,,
16419,,2000000,350000,user_48,882,,
16420,,870000,0,user_48,882,,
16421,,43000000,0,user_49,882,,
16361,0,43000000,0,user_9,882,882,
16385,1,43000000,0,user_23,882,882,
16415,2,43000000,0,user_47,882,882,
16421,3,43000000,0,user_49,882,882,
16360,4,19000000,0,user_8,882,882,
16364,5,6100000,0,user_13,882,882,
16384,6,5000000,0,user_23,882,882,
16372,7,4500000,0,user_17,882,882,
16409,8,4200000,15300,user_41,882,882,
16376,9,3500000,0,user_19,882,882,
16369,10,2500000,0,user_16,882,882,
16406,11,2400000,0,user_40,882,882,
16416,12,2400000,0,user_48,882,882,
16366,13,2100000,0,user_16,882,882,
16377,14,2000000,0,user_19,882,882,
16378,15,2000000,0,user_20,882,882,
16387,16,2000000,0,user_23,882,882,
16395,17,2000000,0,user_31,882,882,
16402,18,2000000,0,user_36,882,882,
16419,19,2000000,350000,user_48,882,882,
16388,20,1800000,0,user_25,882,882,
16401,21,1700000,0,user_35,882,882,
16405,22,1600000,0,user_40,882,882,
16407,23,1600000,0,user_40,882,882,
16356,24,1500000,42000,user_2,882,882,
16380,25,1500000,0,user_20,882,882,
16391,26,1500000,0,user_27,882,882,
16390,27,1100000,0,user_27,882,882,
16358,28,1000000,0,user_6,882,882,
16396,29,970000,108000,user_32,882,882,
16398,30,910000,68100,user_34,882,882,
16373,31,870000,0,user_17,882,882,
16420,32,870000,0,user_48,882,882,
16379,33,650000,0,user_20,882,882,
16394,34,650000,0,user_29,882,882,
16367,35,530000,0,user_16,882,882,
16418,36,530000,0,user_48,882,882,
16375,37,420000,0,user_19,882,882,
16382,38,420000,0,user_20,882,882,
16404,39,420000,0,user_38,882,882,
16414,40,420000,0,user_46,882,882,
16383,41,370000,0,user_21,882,882,
16370,42,350000,0,user_16,882,882,
16374,43,350000,14200,user_19,882,882,
16399,44,300000,0,user_34,882,882,
16365,45,240000,0,user_13,882,882,
16381,46,240000,0,user_20,882,882,
16362,47,220000,0,user_11,882,882,
16408,48,220000,0,user_40,882,882,
16411,49,170000,0,user_43,882,882,
16371,50,150000,47700,user_17,882,882,
16400,51,150000,19700,user_35,882,882,
16359,52,110000,0,user_7,882,882,
16386,53,110000,0,user_23,882,882,
16368,54,87000,0,user_16,882,882,
16397,55,85000,0,user_33,882,882,
16413,56,85000,0,user_44,882,882,
16417,57,82000,0,user_48,882,882,
16410,58,77000,0,user_42,882,882,
16412,59,77000,0,user_44,882,882,
16492,,1000000,0,user_0,883,,
16493,,30000000,108000,user_1,883,,
16494,,600000,49100,user_2,883,,
16495,,300000,0,user_2,883,,
16496,,1500000,0,user_2,883,,
16497,,970000,0,user_2,883,,
16498,,5000000,0,user_2,883,,
16499,,1400000,0,user_3,883,,
16500,,1100000,0,user_5,883,,
16501,,420000,0,user_6,883,,
16502,,220000,0,user_7,883,,
16503,,110000,0,user_8,883,,
16504,,1700000,0,user_11,883,,
16505,,1600000,0,user_14,883,,
16506,,3600000,0,user_15,883,,
16507,,110000,0,user_16,883,,
16508,,2000000,0,user_17,883,,
16509,,1200000,155000,user_18,883,,
16510,,220000,0,user_19,883,,
16511,,3600000,0,user_20,883,,
16512,,27000000,195000,user_20,883,,
16513,,300000,0,user_21,883,,
16514,,2100000,161000,user_22,883,,
16515,,1100000,0,user_22,883,,
16516,,82000,0,user_24,883,,
16517,,460000,0,user_25,883,,
16518,,2100000,0,user_26,883,,
16519,,43000000,0,user_27,883,,
16520,,110000,0,user_27,883,,
16521,,420000,0,user_27,883,,
16522,,1500000,0,user_27,883,,
16523,,130000,0,user_28,883,,
16524,,130000,0,user_30,883,,
16525,,120000,0,user_32,883,,
16526,,150000,181000,user_33,883,,
16527,,460000,0,user_34,883,,
16528,,1000000,31700,user_35,883,,
16529,,460000,0,user_36,883,,
16530,,240000,0,user_38,883,,
16531,,150000,0,user_38,883,,
16532,,82000,67900,user_39,883,,
16533,,190000,0,user_39,883,,
16534,,43000000,15300,user_40,883,,
16535,,4500000,0,user_40,883,,
16536,,150000,0,user_41,883,,
16537,,160000,0,user_41,883,,
16538,,530000,0,user_43,883,,
16539,,650000,0,user_44,883,,
16540,,600000,0,user_44,883,,
16541,,6300000,0,user_45,883,,
16542,,110000,0,user_45,883,,
16543,,1500000,0,user_47,883,,
16544,,4200000,0,user_48,883,,
16545,,82000,46500,user_49,883,,
16519,0,43000000,0,user_27,883,883,
16534,1,43000000,15300,user_40,883,883,
16493,2,30000000,108000,user_1,883,883,
16512,3,27000000,195000,user_20,883,883,
16541,4,6300000,0,user_45,883,883,
16498,5,5000000,0,user_2,883,883,
16535,6,4500000,0,user_40,883,883,
16544,7,4200000,0,user_48,883,883,
16506,8,3600000,0,user_15,883,883,
16511,9,3600000,0,user_20,883,883,
16514,10,2100000,161000,user_22,883,883,
16518,11,2100000,0,user_26,883,883,
16508,12,2000000,0,user_17,883,883,
16505,13,1600000,0,user_14,883,883,
16496,14,1500000,0,user_2,883,883,
16522,15,1500000,0,user_27,883,883,
16543,16,1500000,0,user_47,883,883,
16509,17,1200000,155000,user_18,883,883,
16515,18,1100000,0,user_22,883,883,
16492,19,1000000,0,user_0,883,883,
16497,20,970000,0,user_2,883,883,
16539,21,650000,0,user_44,883,883,
16494,22,600000,49100,user_2,883,883,
16540,23,600000,0,user_44,883,883,
16538,24,530000,0,user_43,883,883,
16517,25,460000,0,user_25,883,883,
16527,26,460000,0,user_34,883,883,
16501,27,420000,0,user_6,883,883,
16521,28,420000,0,user_27,883,883,
16495,29,300000,0,user_2,883,883,
16513,30,300000,0,user_21,883,883,
16530,31,240000,0,user_38,883,883,
16502,32,220000,0,user_7,883,883,
16510,33,220000,0,user_19,883,883,
16533,34,190000,0,user_39,883,883,
16537,35,160000,0,user_41,883,883,
16531,36,150000,0,user_38,883,883,
16536,37,150000,0,user_41,883,883,
16523,38,130000,0,user_28,883,883,
16524,39,130000,0,user_30,883,883,
16503,40,110000,0,user_8,883,883,
16507,41,110000,0,user_16,883,883,
16520,42,110000,0,user_27,883,883,
16542,43,110000,0,user_45,883,883,
16516,44,82000,0,user_24,883,883,
16532,45,82000,67900,user_39,883,883,
16618,,1100000,16400,user_0,884,,
16619,,1400000,0,user_0,884,,
16620,,2000000,0,user_2,884,,
16621,,160000,7840,user_3,884,,
16622,,3600000,0,user_6,884,,
16623,,160000,0,user_8,884,,
16624,,1400000,0,user_8,884,,
16625,,170000,5640,user_10,884,,
16626,,170000,0,user_11,884,,
16627,,110000,75000,user_11,884,,
16628,,6300000,0,user_12,884,,
16629,,340000,23500,user_12,884,,
16630,,150000,64600,user_12,884,,
16631,,100000,0,user_12,884,,
16632,,1500000,0,user_14,884,,
16633,,150000,13800,user_16,884,,
16634,,260000,0,user_20,884,,
16635,,150000,0,user_20,884,,
16636,,1300000,5640,user_20,884,,
16637,,360000,5640,user_20,884,,
16638,,910000,0,user_20,884,,
16639,,110000,0,user_21,884,,
16640,,910000,0,user_22,884,,
16641,,79000,0,user_23,884,,
16642,,100000,0,user_25,884,,
16643,,2000000,0,user_27,884,,
16644,,2500000,0,user_28,884,,
16645,,43000000,0,user_29,884,,
16646,,220000,0,user_30,884,,
16647,,30000000,0,user_31,884,,
16648,,300000,0,user_33,884,,
16649,,150000,0,user_34,884,,
16650,,87000,0,user_35,884,,
16651,,320000,0,user_36,884,,
16652,,43000000,0,user_38,884,,
16653,,630000,0,user_39,884,,
16654,,360000,0,user_39,884,,
16655,,1100000,0,user_41,884,,
16656,,160000,0,user_42,884,,
16657,,1100000,0,user_42,884,,
16658,,4500000,0,user_43,884,,
16659,,1400000,0,user_44,884,,
16660,,220000,0,user_45,884,,
16661,,2500000,0,user_45,884,,
16662,,3200000,0,user_46,884,,
16663,,910000,100000,user_47,884,,
16664,,190000,68100,user_48,884,,
16665,,3500000,0,user_49,884,,
16645,0,43000000,0,user_29,884,884,
16652,1,43000000,0,user_38,884,884,
16647,2,30000000,0,user_31,884,884,
16628,3,6300000,0,user_12,884,884,
16658,4,4500000,0,user_43,884,884,
16622,5,3600000,0,user_6,884,884,
16665,6,3500000,0,user_49,884,884,
16662,7,3200000,0,user_46,884,884,
16644,8,2500000,0,user_28,884,884,
16661,9,2500000,0,user_45,884,884,
16620,10,2000000,0,user_2,884,884,
16643,11,2000000,0,user_27,884,884,
16632,12,1500000,0,user_14,884,884,
16619,13,1400000,0,user_0,884,884,
16624,14,1400000,0,user_8,884,884,
16659,15,1400000,0,user_44,884,884,
16636,16,1300000,5640,user_20,884,884,
16699,17,0,0,builder_4,884,884,16636
16700,18,0,0,builder_4,884,884,16618
16618,19,1100000,16400,user_0,884,884,
16655,20,1100000,0,user_41,884,884,
16657,21,1100000,0,user_42,884,884,
16638,22,910000,0,user_20,884,884,
16640,23,910000,0,user_22,884,884,
16701,24,0,0,builder_4,884,884,16637
16637,25,360000,5640,user_20,884,884,
16629,26,340000,23500,user_12,884,884,
16702,27,0,0,builder_4,884,884,16629
16651,28,320000,0,user_36,884,884,
16648,29,300000,0,user_33,884,884,
16634,30,260000,0,user_20,884,884,
16664,31,190000,68100,user_48,884,884,
16703,32,0,0,builder_4,884,884,16664
16646,33,220000,0,user_30,884,884,
16660,34,220000,0,user_45,884,884,
16630,35,150000,64600,user_12,884,884,
16704,36,0,0,builder_4,884,884,16630
16627,37,110000,75000,user_11,884,884,
16705,38,0,0,builder_4,884,884,16627
16706,39,0,0,builder_4,884,884,16625
16625,40,170000,5640,user_10,884,884,
16626,41,170000,0,user_11,884,884,
16707,42,0,0,builder_4,884,884,16621
16621,43,160000,7840,user_3,884,884,
16633,44,150000,13800,user_16,884,884,
16708,45,0,0,builder_4,884,884,16633
16623,46,160000,0,user_8,884,884,
16656,47,160000,0,user_42,884,884,
16635,48,150000,0,user_20,884,884,
16649,49,150000,0,user_34,884,884,
16639,50,110000,0,user_21,884,884,
16631,51,100000,0,user_12,884,884,
16642,52,100000,0,user_25,884,884,
16650,53,87000,0,user_35,884,884,
16641,54,79000,0,user_23,884,884,
16743,,4200000,0,user_0,885,,
16744,,5000000,0,user_1,885,,
16745,,1800000,0,user_2,885,,
16746,,110000,0,user_3,885,,
16747,,84000,0,user_4,885,,
16748,,1100000,0,user_4,885,,
16749,,600000,0,user_6,885,,
16750,,5200000,0,user_7,885,,
16751,,240000,0,user_9,885,,
16752,,340000,0,user_9,885,,
16753,,470000,0,user_10,885,,
16754,,870000,0,user_11,885,,
16755,,5200000,0,user_12,885,,
16756,,120000,0,user_13,885,,
16757,,670000,0,user_14,885,,
16758,,150000,0,user_15,885,,
16759,,160000,42000,user_16,885,,
16760,,3500000,0,user_17,885,,
16761,,100000,0,user_17,885,,
16762,,150000,0,user_18,885,,
16763,,82000,39400,user_19,885,,
16764,,1000000,0,user_19,885,,
16765,,2100000,0,user_19,885,,
16766,,660000,0,user_19,885,,
16767,,1200000,769000,user_19,885,,
16768,,83000,139000,user_20,885,,
16769,,160000,0,user_20,885,,
16770,,3500000,0,user_21,885,,
16771,,1500000,0,user_22,885,,
16772,,1800000,0,user_23,885,,
16773,,30000000,0,user_24,885,,
16774,,2500000,0,user_25,885,,
16775,,1600000,13800,user_26,885,,
16776,,2000000,0,user_27,885,,
16777,,1400000,0,user_27,885,,
16778,,5200000,0,user_28,885,,
16779,,3500000,0,user_30,885,,
16780,,30000000,161000,user_30,885,,
16781,,460000,0,user_32,885,,
16782,,1500000,0,user_33,885,,
16783,,1000000,33300,user_35,885,,
16784,,1600000,0,user_35,885,,
16785,,2000000,0,user_35,885,,
16786,,1700000,0,user_36,885,,
16787,,1000000,322000,user_36,885,,
16788,,660000,0,user_36,885,,
16789,,110000,0,user_38,885,,
16790,,3600000,0,user_39,885,,
16791,,310000,0,user_39,885,,
16792,,300000,0,user_40,885,,
16793,,1400000,0,user_41,885,,
16794,,73000,0,user_42,885,,
16795,,120000,0,user_42,885,,
16796,,100000,0,user_43,885,,
16797,,1500000,0,user_45,885,,
16798,,870000,0,user_45,885,,
16799,,220000,0,user_45,885,,
16800,,110000,0,user_45,885,,
16801,,300000,0,user_48,885,,
16802,,19000000,64600,user_48,885,,
16803,,80000,0,user_49,885,,
16780,0,30000000,161000,user_30,885,885,
16835,1,0,0,builder_4,885,885,16780
16773,2,30000000,0,user_24,885,885,
16836,3,0,0,builder_4,885,885,16802
16802,4,19000000,64600,user_48,885,885,
16755,5,5200000,0,user_12,885,885,
16778,6,5200000,0,user_28,885,885,
16744,7,5000000,0,user_1,885,885,
16743,8,4200000,0,user_0,885,885,
16760,9,3500000,0,user_17,885,885,
16770,10,3500000,0,user_21,885,885,
16779,11,3500000,0,user_30,885,885,
16774,12,2500000,0,user_25,885,885,
16765,13,2100000,0,user_19,885,885,
16776,14,2000000,0,user_27,885,885,
16785,15,2000000,0,user_35,885,885,
16837,16,0,0,builder_4,885,885,16767
16767,17,1200000,769000,user_19,885,885,
16745,18,1800000,0,user_2,885,885,
16772,19,1800000,0,user_23,885,885,
16786,20,1700000,0,user_36,885,885,
16775,21,1600000,13800,user_26,885,885,
16838,22,0,0,builder_4,885,885,16775
16784,23,1600000,0,user_35,885,885,
16771,24,1500000,0,user_22,885,885,
16782,25,1500000,0,user_33,885,885,
16797,26,1500000,0,user_45,885,885,
16777,27,1400000,0,user_27,885,885,
16793,28,1400000,0,user_41,885,885,
16787,29,1000000,322000,user_36,885,885,
16839,30,0,0,builder_4,885,885,16787
16748,31,1100000,0,user_4,885,885,
16840,32,0,0,builder_4,885,885,16783
16783,33,1000000,33300,user_35,885,885,
16764,34,1000000,0,user_19,885,885,
16754,35,870000,0,user_11,885,885,
16798,36,870000,0,user_45,885,885,
16757,37,670000,0,user_14,885,885,
16766,38,660000,0,user_19,885,885,
16788,39,660000,0,user_36,885,885,
16749,40,600000,0,user_6,885,885,
16753,41,470000,0,user_10,885,885,
16781,42,460000,0,user_32,885,885,
16752,43,340000,0,user_9,885,885,
16792,44,300000,0,user_40,885,885,
16801,45,300000,0,user_48,885,885,
16751,46,240000,0,user_9,885,885,
16841,47,0,0,builder_4,885,885,16768
16768,48,83000,139000,user_20,885,885,
16799,49,220000,0,user_45,885,885,
16759,50,160000,42000,user_16,885,885,
16842,51,0,0,builder_4,885,885,16759
16769,52,160000,0,user_20,885,885,
16762,53,150000,0,user_18,885,885,
16763,54,82000,39400,user_19,885,885,
16843,55,0,0,builder_4,885,885,16763
16756,56,120000,0,user_13,885,885,
16795,57,120000,0,user_42,885,885,
16746,58,110000,0,user_3,885,885,
16789,59,110000,0,user_38,885,885,
16800,60,110000,0,user_45,885,885,
16761,61,100000,0,user_17,885,885,
16796,62,100000,0,user_43,885,885,
16747,63,84000,0,user_4,885,885,
16803,64,80000,0,user_49,885,885,
16794,65,73000,0,user_42,885,885,
16870,,2000000,0,user_0,886,,
16871,,27000000,0,user_0,886,,
16872,,600000,0,user_1,886,,
16873,,83000,181000,user_1,886,,
16874,,170000,0,user_4,886,,
16875,,120000,0,user_4,886,,
16876,,170000,0,user_4,886,,
16877,,910000,0,user_4,886,,
16878,,19000000,0,user_5,886,,
16879,,3600000,11200,user_5,886,,
16880,,98000,0,user_9,886,,
16881,,100000,0,user_11,886,,
16882,,1600000,0,user_12,886,,
16883,,1700000,0,user_14,886,,
16884,,3600000,0,user_16,886,,
16885,,630000,0,user_17,886,,
16886,,970000,0,user_17,886,,
16887,,43000000,0,user_18,886,,
16888,,970000,0,user_18,886,,
16889,,3600000,0,user_18,886,,
16890,,1300000,0,user_18,886,,
16891,,190000,0,user_18,886,,
16892,,1400000,16400,user_20,886,,
16893,,150000,0,user_21,886,,
16894,,220000,0,user_22,886,,
16895,,4500000,0,user_24,886,,
16896,,1100000,33300,user_24,886,,
16897,,630000,0,user_25,886,,
16898,,300000,0,user_25,886,,
16899,,70000,0,user_25,886,,
16900,,110000,0,user_26,886,,
16901,,170000,0,user_27,886,,
16902,,77000,769000,user_28,886,,
16903,,83000,7840,user_29,886,,
16904,,1800000,0,user_30,886,,
16905,,120000,0,user_31,886,,
16906,,160000,0,user_32,886,,
16907,,220000,0,user_35,886,,
16908,,170000,0,user_36,886,,
16909,,670000,0,user_40,886,,
16910,,170000,0,user_41,886,,
16911,,650000,0,user_41,886,,
16912,,3500000,0,user_42,886,,
16913,,1000000,0,user_42,886,,
16914,,110000,64600,user_43,886,,
16915,,5000000,0,user_43,886,,
16916,,120000,0,user_44,886,,
16917,,2000000,0,user_45,886,,
16918,,150000,0,user_45,886,,
16919,,6100000,0,user_46,886,,
16920,,600000,12800,user_49,886,,
16921,,220000,0,user_49,886,,
16922,,98000,0,user_49,886,,
16887,0,43000000,0,user_18,886,886,
16871,1,27000000,0,user_0,886,886,
16878,2,19000000,0,user_5,886,886,
16919,3,6100000,0,user_46,886,886,
16915,4,5000000,0,user_43,886,886,
16895,5,4500000,0,user_24,886,886,
16879,6,3600000,11200,user_5,886,886,
16884,7,3600000,0,user_16,886,886,
16889,8,3600000,0,user_18,886,886,
16912,9,3500000,0,user_42,886,886,
16870,10,2000000,0,user_0,886,886,
16917,11,2000000,0,user_45,886,886,
16904,12,1800000,0,user_30,886,886,
16883,13,1700000,0,user_14,886,886,
16882,14,1600000,0,user_12,886,886,
16890,15,1300000,0,user_18,886,886,
16896,16,1100000,33300,user_24,886,886,
16913,17,1000000,0,user_42,886,886,
16886,18,970000,0,user_17,886,886,
16888,19,970000,0,user_18,886,886,
16877,20,910000,0,user_4,886,886,
16909,21,670000,0,user_40,886,886,
16885,22,630000,0,user_17,886,886,
16897,23,630000,0,user_25,886,886,
16920,24,600000,12800,user_49,886,886,
16898,25,300000,0,user_25,886,886,
16894,26,220000,0,user_22,886,886,
16907,27,220000,0,user_35,886,886,
16921,28,220000,0,user_49,886,886,
16891,29,190000,0,user_18,886,886,
16874,30,170000,0,user_4,886,886,
16876,31,170000,0,user_4,886,886,
16901,32,170000,0,user_27,886,886,
16908,33,170000,0,user_36,886,886,
16906,34,160000,0,user_32,886,886,
16893,35,150000,0,user_21,886,886,
16918,36,150000,0,user_45,886,886,
16875,37,120000,0,user_4,886,886,
16916,38,120000,0,user_44,886,886,
16900,39,110000,0,user_26,886,886,
16914,40,110000,64600,user_43,886,886,
16881,41,100000,0,user_11,886,886,
16880,42,98000,0,user_9,886,886,
16922,43,98000,0,user_49,886,886,
16903,44,83000,7840,user_29,886,886,
16902,45,77000,769000,user_28,886,886,
16899,46,70000,0,user_25,886,886,
16980,,260000,0,user_0,887,,
16981,,2300000,6390,user_0,887,,
16982,,670000,0,user_1,887,,
16983,,2000000,0,user_2,887,,
16984,,1300000,0,user_2,887,,
16985,,150000,0,user_4,887,,
16986,,43000000,71800,user_4,887,,
16987,,27000000,0,user_5,887,,
16988,,2100000,181000,user_5,887,,
16989,,120000,139000,user_6,887,,
16990,,110000,0,user_7,887,,
16991,,6100000,779000,user_9,887,,
16992,,1500000,0,user_10,887,,
16993,,340000,128000,user_11,887,,
16994,,220000,350000,user_12,887,,
16995,,420000,0,user_12,887,,
16996,,630000,0,user_12,887,,
16997,,1500000,0,user_12,887,,
16998,,160000,0,user_13,887,,
16999,,4500000,0,user_15,887,,
17000,,1200000,0,user_15,887,,
17001,,73000,16400,user_16,887,,
17002,,350000,0,user_17,887,,
17003,,1900000,0,user_18,887,,
17004,,43000000,0,user_18,887,,
17005,,4200000,0,user_19,887,,
17006,,120000,1100000,user_20,887,,
17007,,84000,0,user_22,887,,
17008,,110000,0,user_22,887,,
17009,,98000,32900,user_22,887,,
17010,,73000,0,user_22,887,,
17011,,670000,0,user_24,887,,
17012,,84000,0,user_25,887,,
17013,,70000,35100,user_25,887,,
17014,,120000,0,user_25,887,,
17015,,110000,0,user_25,887,,
17016,,1600000,0,user_25,887,,
17017,,1000000,0,user_26,887,,
17018,,150000,959000,user_26,887,,
17019,,160000,1100000,user_26,887,,
17020,,1000000,0,user_26,887,,
17021,,120000,0,user_26,887,,
17022,,350000,0,user_27,887,,
17023,,240000,285000,user_28,887,,
17024,,120000,0,user_29,887,,
17025,,660000,0,user_29,887,,
17026,,100000,0,user_30,887,,
17027,,530000,0,user_31,887,,
17028,,120000,0,user_32,887,,
17029,,82000,0,user_33,887,,
17030,,1700000,0,user_33,887,,
17031,,300000,16400,user_34,887,,
17032,,2500000,0,user_35,887,,
17033,,2000000,0,user_36,887,,
17034,,660000,12800,user_37,887,,
17035,,170000,0,user_39,887,,
17036,,460000,0,user_39,887,,
17037,,340000,0,user_40,887,,
17038,,460000,0,user_40,887,,
17039,,160000,17700000,user_40,887,,
17040,,73000,0,user_40,887,,
17041,,650000,17000,user_40,887,,
17042,,6100000,0,user_41,887,,
17043,,1500000,75000,user_42,887,,
17044,,150000,0,user_44,887,,
17045,,240000,0,user_44,887,,
17046,,150000,0,user_45,887,,
17047,,130000,0,user_46,887,,
17048,,420000,0,user_47,887,,
17049,,1400000,0,user_48,887,,
17050,,1400000,71800,user_49,887,,
16986,0,43000000,71800,user_4,887,887,
17131,1,0,0,builder_5,887,887,16986
17004,2,43000000,0,user_18,887,887,
16987,3,27000000,0,user_5,887,887,
16991,4,6100000,779000,user_9,887,887,
17132,5,0,0,builder_5,887,887,16991
17042,6,6100000,0,user_41,887,887,
16999,7,4500000,0,user_15,887,887,
17005,8,4200000,0,user_19,887,887,
17032,9,2500000,0,user_35,887,887,
17133,10,0,0,builder_5,887,887,16981
16981,11,2300000,6390,user_0,887,887,
17134,12,0,0,builder_5,887,887,16988
16988,13,2100000,181000,user_5,887,887,
16983,14,2000000,0,user_2,887,887,
17033,15,2000000,0,user_36,887,887,
17003,16,1900000,0,user_18,887,887,
17030,17,1700000,0,user_33,887,887,
17016,18,1600000,0,user_25,887,887,
17135,19,0,0,builder_5,887,887,17043
17043,20,1500000,75000,user_42,887,887,
16992,21,1500000,0,user_10,887,887,
16997,22,1500000,0,user_12,887,887,
17136,23,0,0,builder_5,887,887,17050
17050,24,1400000,71800,user_49,887,887,
17049,25,1400000,0,user_48,887,887,
16984,26,1300000,0,user_2,887,887,
17137,27,0,0,builder_5,887,887,17019
17019,28,160000,1100000,user_26,887,887,
17138,29,0,0,builder_5,887,887,17006
17006,30,120000,1100000,user_20,887,887,
17000,31,1200000,0,user_15,887,887,
17018,32,150000,959000,user_26,887,887,
17139,33,0,0,builder_5,887,887,17018
17017,34,1000000,0,user_26,887,887,
17020,35,1000000,0,user_26,887,887,
17140,36,0,0,builder_5,887,887,17034
17034,37,660000,12800,user_37,887,887,
16982,38,670000,0,user_1,887,887,
17011,39,670000,0,user_24,887,887,
16996,40,630000,0,user_12,887,887,
17141,41,0,0,builder_5,887,887,16994
16994,42,220000,350000,user_12,887,887,
17027,43,530000,0,user_31,887,887,
17142,44,0,0,builder_5,887,887,17023
17023,45,240000,285000,user_28,887,887,
17143,46,0,0,builder_5,887,887,16993
16993,47,340000,128000,user_11,887,887,
17036,48,460000,0,user_39,887,887,
16995,49,420000,0,user_12,887,887,
17048,50,420000,0,user_47,887,887,
16980,51,260000,0,user_0,887,887,
17144,52,0,0,builder_5,887,887,16989
16989,53,120000,139000,user_6,887,887,
17035,54,170000,0,user_39,887,887,
16998,55,160000,0,user_13,887,887,
16985,56,150000,0,user_4,887,887,
17046,57,150000,0,user_45,887,887,
17014,58,120000,0,user_25,887,887,
17021,59,120000,0,user_26,887,887,
17028,60,120000,0,user_32,887,887,
16990,61,110000,0,user_7,887,887,
17015,62,110000,0,user_25,887,887,
17013,63,70000,35100,user_25,887,887,
17145,64,0,0,builder_5,887,887,17013
17146,65,0,0,builder_5,887,887,17001
17001,66,73000,16400,user_16,887,887,
17012,67,84000,0,user_25,887,887,
17029,68,82000,0,user_33,887,887,
17191,,420000,0,user_1,888,,
17192,,98000,0,user_3,888,,
17193,,30000000,0,user_3,888,,
17194,,80000,0,user_4,888,,
17195,,5000000,0,user_6,888,,
17196,,160000,959000,user_7,888,,
17197,,1400000,121000,user_7,888,,
17198,,310000,19700,user_11,888,,
17199,,870000,0,user_12,888,,
17200,,84000,0,user_12,888,,
17201,,1600000,0,user_13,888,,
17202,,1200000,0,user_13,888,,
17203,,1000000,0,user_14,888,,
17204,,340000,13800,user_16,888,,
17205,,83000,0,user_17,888,,
17206,,310000,181000,user_18,888,,
17207,,1400000,13900,user_18,888,,
17208,,84000,0,user_19,888,,
17209,,1600000,0,user_20,888,,
17210,,84000,0,user_21,888,,
17211,,82000,0,user_22,888,,
17212,,1000000,0,user_23,888,,
17213,,650000,0,user_24,888,,
17214,,4200000,0,user_24,888,,
17215,,120000,0,user_25,888,,
17216,,130000,0,user_26,888,,
17217,,130000,0,user_26,888,,
17218,,240000,0,user_27,888,,
17219,,1500000,0,user_28,888,,
17220,,910000,0,user_29,888,,
17221,,420000,0,user_30,888,,
17222,,240000,0,user_30,888,,
17223,,3600000,0,user_30,888,,
17224,,27000000,0,user_31,888,,
17225,,2000000,779000,user_31,888,,
17226,,870000,0,user_31,888,,
17227,,27000000,0,user_32,888,,
17228,,220000,7840,user_33,888,,
17229,,530000,296000,user_33,888,,
17230,,360000,35100,user_34,888,,
17231,,4200000,769000,user_35,888,,
17232,,1600000,0,user_36,888,,
17233,,120000,0,user_37,888,,
17234,,170000,369000,user_39,888,,
17235,,910000,0,user_39,888,,
17236,,110000,0,user_40,888,,
17237,,1300000,0,user_42,888,,
17238,,77000,33100,user_44,888,,
17239,,360000,0,user_44,888,,
17240,,82000,0,user_45,888,,
17241,,1000000,0,user_48,888,,
17193,0,30000000,0,user_3,888,888,
17224,1,27000000,0,user_31,888,888,
17227,2,27000000,0,user_32,888,888,
17195,3,5000000,0,user_6,888,888,
17214,4,4200000,0,user_24,888,888,
17231,5,4200000,769000,user_35,888,888,
17223,6,3600000,0,user_30,888,888,
17225,7,2000000,779000,user_31,888,888,
17201,8,1600000,0,user_13,888,888,
17209,9,1600000,0,user_20,888,888,
17232,10,1600000,0,user_36,888,888,
17219,11,1500000,0,user_28,888,888,
17197,12,1400000,121000,user_7,888,888,
17207,13,1400000,13900,user_18,888,888,
17237,14,1300000,0,user_42,888,888,
17202,15,1200000,0,user_13,888,888,
17203,16,1000000,0,user_14,888,888,
17212,17,1000000,0,user_23,888,888,
17241,18,1000000,0,user_48,888,888,
17235,19,910000,0,user_39,888,888,
17199,20,870000,0,user_12,888,888,
17226,21,870000,0,user_31,888,888,
17213,22,650000,0,user_24,888,888,
17229,23,530000,296000,user_33,888,888,
17191,24,420000,0,user_1,888,888,
17221,25,420000,0,user_30,888,888,
17230,26,360000,35100,user_34,888,888,
17239,27,360000,0,user_44,888,888,
17198,28,310000,19700,user_11,888,888,
17206,29,310000,181000,user_18,888,888,
17218,30,240000,0,user_27,888,888,
17222,31,240000,0,user_30,888,888,
17228,32,220000,7840,user_33,888,888,
17234,33,170000,369000,user_39,888,888,
17196,34,160000,959000,user_7,888,888,
17216,35,130000,0,user_26,888,888,
17217,36,130000,0,user_26,888,888,
17236,37,110000,0,user_40,888,888,
17192,38,98000,0,user_3,888,888,
17200,39,84000,0,user_12,888,888,
17208,40,84000,0,user_19,888,888,
17210,41,84000,0,user_21,888,888,
17211,42,82000,0,user_22,888,888,
17194,43,80000,0,user_4,888,888,
17238,44,77000,33100,user_44,888,888,
17331,,600000,0,user_0,889,,
17332,,150000,0,user_0,889,,
17333,,310000,0,user_2,889,,
17334,,3200000,0,user_2,889,,
17335,,120000,0,user_3,889,,
17336,,110000,0,user_4,889,,
17337,,2600000,0,user_6,889,,
17338,,1500000,0,user_9,889,,
17339,,79000,0,user_10,889,,
17340,,1500000,0,user_15,889,,
17341,,150000,0,user_18,889,,
17342,,160000,0,user_18,889,,
17343,,79000,0,user_19,889,,
17344,,120000,0,user_20,889,,
17345,,530000,0,user_21,889,,
17346,,6300000,139000,user_22,889,,
17347,,110000,0,user_23,889,,
17348,,1400000,0,user_23,889,,
17349,,110000,0,user_24,889,,
17350,,300000,0,user_25,889,,
17351,,110000,0,user_25,889,,
17352,,43000000,0,user_26,889,,
17353,,1500000,0,user_27,889,,
17354,,1800000,0,user_28,889,,
17355,,1500000,0,user_29,889,,
17356,,1000000,0,user_30,889,,
17357,,110000,0,user_30,889,,
17358,,120000,64600,user_33,889,,
17359,,660000,21800,user_33,889,,
17360,,6300000,0,user_34,889,,
17361,,460000,0,user_38,889,,
17362,,1000000,0,user_39,889,,
17363,,1300000,0,user_40,889,,
17364,,190000,12300,user_40,889,,
17365,,970000,0,user_40,889,,
17366,,260000,0,user_40,889,,
17367,,260000,296000,user_41,889,,
17368,,2300000,0,user_42,889,,
17369,,4200000,14200,user_43,889,,
17370,,460000,0,user_44,889,,
17371,,1200000,0,user_45,889,,
17372,,2000000,0,user_45,889,,
17373,,120000,0,user_46,889,,
17374,,1500000,0,user_46,889,,
17375,,260000,56200,user_46,889,,
17376,,6100000,322000,user_46,889,,
17377,,460000,0,user_47,889,,
17378,,870000,0,user_48,889,,
17379,,30000000,0,user_49,889,,
17352,0,43000000,0,user_26,889,889,
17379,1,30000000,0,user_49,889,889,
17346,2,6300000,139000,user_22,889,889,
17409,3,0,0,builder_4,889,889,17346
17410,4,0,0,builder_4,889,889,17376
17376,5,6100000,322000,user_46,889,889,
17360,6,6300000,0,user_34,889,889,
17369,7,4200000,14200,user_43,889,889,
17411,8,0,0,builder_4,889,889,17369
17334,9,3200000,0,user_2,889,889,
17337,10,2600000,0,user_6,889,889,
17368,11,2300000,0,user_42,889,889,
17372,12,2000000,0,user_45,889,889,
17354,13,1800000,0,user_28,889,889,
17338,14,1500000,0,user_9,889,889,
17353,15,1500000,0,user_27,889,889,
17355,16,1500000,0,user_29,889,889,
17374,17,1500000,0,user_46,889,889,
17348,18,1400000,0,user_23,889,889,
17363,19,1300000,0,user_40,889,889,
17371,20,1200000,0,user_45,889,889,
17356,21,1000000,0,user_30,889,889,
17365,22,970000,0,user_40,889,889,
17378,23,870000,0,user_48,889,889,
17359,24,660000,21800,user_33,889,889,
17412,25,0,0,builder_4,889,889,17359
17331,26,600000,0,user_0,889,889,
17367,27,260000,296000,user_41,889,889,
17413,28,0,0,builder_4,889,889,17367
17345,29,530000,0,user_21,889,889,
17361,30,460000,0,user_38,889,889,
17370,31,460000,0,user_44,889,889,
17414,32,0,0,builder_4,889,889,17375
17375,33,260000,56200,user_46,889,889,
17333,34,310000,0,user_2,889,889,
17350,35,300000,0,user_25,889,889,
17366,36,260000,0,user_40,889,889,
17415,37,0,0,builder_4,889,889,17364
17364,38,190000,12300,user_40,889,889,
17358,39,120000,64600,user_33,889,889,
17416,40,0,0,builder_4,889,889,17358
17342,41,160000,0,user_18,889,889,
17332,42,150000,0,user_0,889,889,
17341,43,150000,0,user_18,889,889,
17335,44,120000,0,user_3,889,889,
17344,45,120000,0,user_20,889,889,
17373,46,120000,0,user_46,889,889,
17336,47,110000,0,user_4,889,889,
17347,48,110000,0,user_23,889,889,
17349,49,110000,0,user_24,889,889,
17351,50,110000,0,user_25,889,889,
17357,51,110000,0,user_30,889,889,
17339,52,79000,0,user_10,889,889,
17343,53,79000,0,user_19,889,889,
17434,,98000,0,user_1,890,,
17435,,80000,0,user_1,890,,
17436,,160000,0,user_2,890,,
17437,,650000,0,user_3,890,,
17438,,1400000,0,user_6,890,,
17439,,360000,0,user_7,890,,
17440,,220000,13900,user_10,890,,
17441,,1500000,0,user_12,890,,
17442,,220000,0,user_13,890,,
17443,,130000,0,user_14,890,,
17444,,600000,0,user_15,890,,
17445,,77000,0,user_16,890,,
17446,,220000,0,user_18,890,,
17447,,1800000,0,user_21,890,,
17448,,77000,0,user_21,890,,
17449,,260000,0,user_21,890,,
17450,,4200000,0,user_21,890,,
17451,,2400000,0,user_24,890,,
17452,,77000,0,user_26,890,,
17453,,600000,0,user_27,890,,
17454,,260000,0,user_29,890,,
17455,,650000,0,user_30,890,,
17456,,1800000,0,user_30,890,,
17457,,43000000,0,user_30,890,,
17458,,2000000,46500,user_32,890,,
17459,,83000,34700,user_34,890,,
17460,,370000,215000,user_35,890,,
17461,,120000,139000,user_35,890,,
17462,,170000,68100,user_37,890,,
17463,,2400000,0,user_37,890,,
17464,,84000,0,user_40,890,,
17465,,87000,0,user_40,890,,
17466,,220000,0,user_41,890,,
17467,,870000,256000,user_42,890,,
17468,,2100000,285000,user_45,890,,
17469,,2000000,0,user_46,890,,
17470,,2000000,0,user_47,890,,
17471,,130000,0,user_47,890,,
17472,,320000,0,user_48,890,,
17473,,83000,0,user_49,890,,
17457,0,43000000,0,user_30,890,890,
17450,1,4200000,0,user_21,890,890,
17463,2,2400000,0,user_37,890,890,
17458,3,2000000,46500,user_32,890,890,
17474,4,0,0,builder_0,890,890,17458
17469,5,2000000,0,user_46,890,890,
17470,6,2000000,0,user_47,890,890,
17447,7,1800000,0,user_21,890,890,
17456,8,1800000,0,user_30,890,890,
17438,9,1400000,0,user_6,890,890,
17475,10,0,0,builder_0,890,890,17467
17467,11,870000,256000,user_42,890,890,
17437,12,650000,0,user_3,890,890,
17455,13,650000,0,user_30,890,890,
17453,14,600000,0,user_27,890,890,
17476,15,0,0,builder_0,890,890,17460
17460,16,370000,215000,user_35,890,890,
17439,17,360000,0,user_7,890,890,
17472,18,320000,0,user_48,890,890,
17449,19,260000,0,user_21,890,890,
17454,20,260000,0,user_29,890,890,
17477,21,0,0,builder_0,890,890,17461
17461,22,120000,139000,user_35,890,890,
17462,23,170000,68100,user_37,890,890,
17478,24,0,0,builder_0,890,890,17462
17440,25,220000,13900,user_10,890,890,
17479,26,0,0,builder_0,890,890,17440
17442,27,220000,0,user_13,890,890,
17446,28,220000,0,user_18,890,890,
17466,29,220000,0,user_41,890,890,
17436,30,160000,0,user_2,890,890,
17443,31,130000,0,user_14,890,890,
17471,32,130000,0,user_47,890,890,
17434,33,98000,0,user_1,890,890,
17465,34,87000,0,user_40,890,890,
17464,35,84000,0,user_40,890,890,
17473,36,83000,0,user_49,890,890,
17435,37,80000,0,user_1,890,890,
17445,38,77000,0,user_16,890,890,
17448,39,77000,0,user_21,890,890,
17452,40,77000,0,user_26,890,890,
17532,,85000,0,user_1,891,,
17533,,110000,215000,user_5,891,,
17534,,30000000,0,user_6,891,,
17535,,77000,959000,user_7,891,,
17536,,2000000,0,user_8,891,,
17537,,3500000,0,user_9,891,,
17538,,130000,12300,user_9,891,,
17539,,1800000,0,user_10,891,,
17540,,110000,35600,user_11,891,,
17541,,150000,108000,user_12,891,,
17542,,120000,7190000,user_13,891,,
17543,,79000,0,user_13,891,,
17544,,160000,594000,user_14,891,,
17545,,150000,0,user_14,891,,
17546,,110000,8520,user_16,891,,
17547,,2000000,0,user_17,891,,
17548,,6300000,15700,user_17,891,,
17549,,120000,0,user_17,891,,
17550,,1700000,0,user_17,891,,
17551,,5000000,256000,user_17,891,,
17552,,82000,0,user_18,891,,
17553,,150000,0,user_20,891,,
17554,,320000,0,user_20,891,,
17555,,220000,0,user_21,891,,
17556,,220000,10700,user_21,891,,
17557,,150000,0,user_23,891,,
17558,,4500000,67500,user_23,891,,
17559,,150000,594000,user_24,891,,
17560,,1500000,0,user_26,891,,
17561,,83000,7840,user_27,891,,
17562,,1400000,0,user_28,891,,
17563,,910000,13800,user_28,891,,
17564,,6100000,0,user_30,891,,
17565,,1400000,0,user_31,891,,
17566,,84000,779000,user_32,891,,
17567,,110000,0,user_32,891,,
17568,,1000000,0,user_32,891,,
17569,,2400000,0,user_32,891,,
17570,,43000000,0,user_33,891,,
17571,,240000,0,user_34,891,,
17572,,6100000,5640,user_35,891,,
17573,,82000,0,user_36,891,,
17574,,190000,0,user_37,891,,
17575,,160000,0,user_39,891,,
17576,,85000,0,user_42,891,,
17577,,160000,0,user_42,891,,
17578,,82000,545000,user_43,891,,
17579,,340000,0,user_44,891,,
17580,,1200000,0,user_44,891,,
17581,,340000,5640,user_45,891,,
17582,,6300000,0,user_46,891,,
17583,,6100000,42000,user_46,891,,
17584,,1300000,0,user_47,891,,
17585,,420000,67500,user_49,891,,
17570,0,43000000,0,user_33,891,891,
17534,1,30000000,0,user_6,891,891,
17542,2,120000,7190000,user_13,891,891,
17586,3,0,0,builder_0,891,891,17542
17548,4,6300000,15700,user_17,891,891,
17587,5,0,0,builder_0,891,891,17548
17582,6,6300000,0,user_46,891,891,
17588,7,0,0,builder_0,891,891,17583
17583,8,6100000,42000,user_46,891,891,
17572,9,6100000,5640,user_35,891,891,
17589,10,0,0,builder_0,891,891,17572
17564,11,6100000,0,user_30,891,891,
17551,12,5000000,256000,user_17,891,891,
17590,13,0,0,builder_0,891,891,17551
17558,14,4500000,67500,user_23,891,891,
17591,15,0,0,builder_0,891,891,17558
17537,16,3500000,0,user_9,891,891,
17569,17,2400000,0,user_32,891,891,
17536,18,2000000,0,user_8,891,891,
17547,19,2000000,0,user_17,891,891,
17539,20,1800000,0,user_10,891,891,
17550,21,1700000,0,user_17,891,891,
17560,22,1500000,0,user_26,891,891,
17562,23,1400000,0,user_28,891,891,
17565,24,1400000,0,user_31,891,891,
17584,25,1300000,0,user_47,891,891,
17580,26,1200000,0,user_44,891,891,
17592,27,0,0,builder_0,891,891,17535
17535,28,77000,959000,user_7,891,891,
17568,29,1000000,0,user_32,891,891,
17593,30,0,0,builder_0,891,891,17563
17563,31,910000,13800,user_28,891,891,
17566,32,84000,779000,user_32,891,891,
17594,33,0,0,builder_0,891,891,17566
17595,34,0,0,builder_0,891,891,17544
17544,35,160000,594000,user_14,891,891,
17596,36,0,0,builder_0,891,891,17578
17578,37,82000,545000,user_43,891,891,
17585,38,420000,67500,user_49,891,891,
17597,39,0,0,builder_0,891,891,17585
17579,40,340000,0,user_44,891,891,
17554,41,320000,0,user_20,891,891,
17556,42,220000,10700,user_21,891,891,
17598,43,0,0,builder_0,891,891,17556
17555,44,220000,0,user_21,891,891,
17574,45,190000,0,user_37,891,891,
17577,46,160000,0,user_42,891,891,
17545,47,150000,0,user_14,891,891,
17553,48,150000,0,user_20,891,891,
17557,49,150000,0,user_23,891,891,
17599,50,0,0,builder_0,891,891,17540
17540,51,110000,35600,user_11,891,891,
17538,52,130000,12300,user_9,891,891,
17600,53,0,0,builder_0,891,891,17538
17549,54,120000,0,user_17,891,891,
17546,55,110000,8520,user_16,891,891,
17601,56,0,0,builder_0,891,891,17546
17567,57,110000,0,user_32,891,891,
17561,58,83000,7840,user_27,891,891,
17602,59,0,0,builder_0,891,891,17561
17532,60,85000,0,user_1,891,891,
17576,61,85000,0,user_42,891,891,
17552,62,82000,0,user_18,891,891,
17573,63,82000,0,user_36,891,891,
17543,64,79000,0,user_13,891,891,
17731,,6300000,0,user_1,892,,
17732,,630000,0,user_2,892,,
17733,,80000,0,user_3,892,,
17734,,310000,0,user_3,892,,
17735,,220000,0,user_3,892,,
17736,,79000,0,user_3,892,,
17737,,1500000,39400,user_4,892,,
17738,,910000,84800,user_6,892,,
17739,,2600000,0,user_7,892,,
17740,,260000,0,user_7,892,,
17741,,5000000,0,user_8,892,,
17742,,82000,0,user_8,892,,
17743,,1500000,0,user_10,892,,
17744,,27000000,0,user_12,892,,
17745,,1100000,12800,user_14,892,,
17746,,4500000,0,user_14,892,,
17747,,43000000,0,user_15,892,,
17748,,150000,0,user_18,892,,
17749,,1000000,68100,user_22,892,,
17750,,1300000,0,user_22,892,,
17751,,310000,0,user_22,892,,
17752,,130000,0,user_24,892,,
17753,,1500000,0,user_26,892,,
17754,,240000,0,user_26,892,,
17755,,2000000,0,user_27,892,,
17756,,83000,43600,user_29,892,,
17757,,2000000,0,user_31,892,,
17758,,360000,0,user_32,892,,
17759,,4500000,0,user_33,892,,
17760,,110000,0,user_33,892,,
17761,,310000,0,user_34,892,,
17762,,150000,15300,user_34,892,,
17763,,83000,0,user_35,892,,
17764,,5000000,0,user_36,892,,
17765,,1400000,0,user_37,892,,
17766,,1700000,0,user_38,892,,
17767,,170000,0,user_39,892,,
17768,,600000,31700,user_39,892,,
17769,,2000000,0,user_40,892,,
17770,,3500000,0,user_42,892,,
17771,,1300000,0,user_43,892,,
17772,,1100000,0,user_44,892,,
17773,,2300000,0,user_45,892,,
17774,,310000,0,user_46,892,,
17775,,2000000,181000,user_47,892,,
17776,,110000,410000,user_48,892,,
17777,,85000,0,user_49,892,,
17778,,160000,0,user_49,892,,
17779,,420000,10700,user_49,892,,
17780,,98000,0,user_49,892,,
17781,,160000,0,user_49,892,,
17747,0,43000000,0,user_15,892,892,
17744,1,27000000,0,user_12,892,892,
17731,2,6300000,0,user_1,892,892,
17741,3,5000000,0,user_8,892,892,
17764,4,5000000,0,user_36,892,892,
17746,5,4500000,0,user_14,892,892,
17759,6,4500000,0,user_33,892,892,
17770,7,3500000,0,user_42,892,892,
17739,8,2600000,0,user_7,892,892,
17755,9,2000000,0,user_27,892,892,
17757,10,2000000,0,user_31,892,892,
17769,11,2000000,0,user_40,892,892,
17775,12,2000000,181000,user_47,892,892,
17766,13,1700000,0,user_38,892,892,
17737,14,1500000,39400,user_4,892,892,
17753,15,1500000,0,user_26,892,892,
17765,16,1400000,0,user_37,892,892,
17750,17,1300000,0,user_22,892,892,
17771,18,1300000,0,user_43,892,892,
17745,19,1100000,12800,user_14,892,892,
17772,20,1100000,0,user_44,892,892,
17749,21,1000000,68100,user_22,892,892,
17738,22,910000,84800,user_6,892,892,
17732,23,630000,0,user_2,892,892,
17768,24,600000,31700,user_39,892,892,
17779,25,420000,10700,user_49,892,892,
17734,26,310000,0,user_3,892,892,
17751,27,310000,0,user_22,892,892,
17761,28,310000,0,user_34,892,892,
17740,29,260000,0,user_7,892,892,
17754,30,240000,0,user_26,892,892,
17735,31,220000,0,user_3,892,892,
17767,32,170000,0,user_39,892,892,
17778,33,160000,0,user_49,892,892,
17781,34,160000,0,user_49,892,892,
17748,35,150000,0,user_18,892,892,
17762,36,150000,15300,user_34,892,892,
17752,37,130000,0,user_24,892,892,
17760,38,110000,0,user_33,892,892,
17776,39,110000,410000,user_48,892,892,
17780,40,98000,0,user_49,892,892,
17777,41,85000,0,user_49,892,892,
17756,42,83000,43600,user_29,892,892,
17742,43,82000,0,user_8,892,892,
17733,44,80000,0,user_3,892,892,
17736,45,79000,0,user_3,892,892,
17850,,470000,0,user_2,893,,
17851,,110000,0,user_3,893,,
17852,,420000,0,user_3,893,,
17853,,420000,0,user_3,893,,
17854,,2000000,0,user_4,893,,
17855,,1100000,0,user_6,893,,
17856,,110000,0,user_6,893,,
17857,,310000,0,user_7,893,,
17858,,120000,0,user_7,893,,
17859,,220000,0,user_7,893,,
17860,,310000,0,user_8,893,,
17861,,370000,11200,user_9,893,,
17862,,98000,0,user_11,893,,
17863,,160000,139000,user_11,893,,
17864,,360000,0,user_12,893,,
17865,,220000,285000,user_13,893,,
17866,,470000,0,user_13,893,,
17867,,110000,10700,user_14,893,,
17868,,170000,0,user_14,893,,
17869,,1400000,0,user_14,893,,
17870,,160000,0,user_14,893,,
17871,,160000,369000,user_18,893,,
17872,,310000,0,user_19,893,,
17873,,310000,0,user_20,893,,
17874,,3500000,0,user_20,893,,
17875,,220000,0,user_21,893,,
17876,,220000,0,user_23,893,,
17877,,530000,0,user_24,893,,
17878,,1500000,283000,user_28,893,,
17879,,70000,0,user_28,893,,
17880,,79000,0,user_29,893,,
17881,,1500000,24700,user_29,893,,
17882,,4500000,0,user_30,893,,
17883,,2600000,0,user_30,893,,
17884,,19000000,0,user_31,893,,
17885,,190000,0,user_33,893,,
17886,,70000,0,user_34,893,,
17887,,110000,0,user_34,893,,
17888,,2100000,0,user_34,893,,
17889,,360000,0,user_34,893,,
17890,,630000,0,user_34,893,,
17891,,19000000,0,user_35,893,,
17892,,420000,0,user_37,893,,
17893,,70000,0,user_39,893,,
17894,,530000,0,user_39,893,,
17895,,110000,0,user_40,893,,
17896,,150000,84800,user_42,893,,
17897,,1100000,0,user_44,893,,
17898,,1700000,0,user_45,893,,
17899,,240000,0,user_46,893,,
17900,,150000,24700,user_46,893,,
17901,,2100000,0,user_47,893,,
17902,,220000,5640,user_47,893,,
17903,,5000000,0,user_48,893,,
17904,,630000,0,user_48,893,,
17905,,160000,0,user_49,893,,
17906,,1500000,0,user_49,893,,
17884,0,19000000,0,user_31,893,893,
17891,1,19000000,0,user_35,893,893,
17903,2,5000000,0,user_48,893,893,
17882,3,4500000,0,user_30,893,893,
17874,4,3500000,0,user_20,893,893,
17883,5,2600000,0,user_30,893,893,
17888,6,2100000,0,user_34,893,893,
17901,7,2100000,0,user_47,893,893,
17854,8,2000000,0,user_4,893,893,
17929,9,0,0,builder_3,893,893,17878
17878,10,1500000,283000,user_28,893,893,
17898,11,1700000,0,user_45,893,893,
17881,12,1500000,24700,user_29,893,893,
17930,13,0,0,builder_3,893,893,17881
17906,14,1500000,0,user_49,893,893,
17869,15,1400000,0,user_14,893,893,
17897,16,1100000,0,user_44,893,893,
17890,17,630000,0,user_34,893,893,
17904,18,630000,0,user_48,893,893,
17877,19,530000,0,user_24,893,893,
17894,20,530000,0,user_39,893,893,
17871,21,160000,369000,user_18,893,893,
17931,22,0,0,builder_3,893,893,17871
17865,23,220000,285000,user_13,893,893,
17932,24,0,0,builder_3,893,893,17865
17850,25,470000,0,user_2,893,893,
17866,26,470000,0,user_13,893,893,
17852,27,420000,0,user_3,893,893,
17853,28,420000,0,user_3,893,893,
17892,29,420000,0,user_37,893,893,
17864,30,360000,0,user_12,893,893,
17889,31,360000,0,user_34,893,893,
17857,32,310000,0,user_7,893,893,
17872,33,310000,0,user_19,893,893,
17873,34,310000,0,user_20,893,893,
17863,35,160000,139000,user_11,893,893,
17933,36,0,0,builder_3,893,893,17863
17899,37,240000,0,user_46,893,893,
17934,38,0,0,builder_3,893,893,17896
17896,39,150000,84800,user_42,893,893,
17902,40,220000,5640,user_47,893,893,
17935,41,0,0,builder_3,893,893,17902
17859,42,220000,0,user_7,893,893,
17875,43,220000,0,user_21,893,893,
17876,44,220000,0,user_23,893,893,
17885,45,190000,0,user_33,893,893,
17900,46,150000,24700,user_46,893,893,
17936,47,0,0,builder_3,893,893,17900
17868,48,170000,0,user_14,893,893,
17870,49,160000,0,user_14,893,893,
17905,50,160000,0,user_49,893,893,
17937,51,0,0,builder_3,893,893,17867
17867,52,110000,10700,user_14,893,893,
17858,53,120000,0,user_7,893,893,
17851,54,110000,0,user_3,893,893,
17887,55,110000,0,user_34,893,893,
17895,56,110000,0,user_40,893,893,
17862,57,98000,0,user_11,893,893,
17880,58,79000,0,user_29,893,893,
17879,59,70000,0,user_28,893,893,
17886,60,70000,0,user_34,893,893,
17893,61,70000,0,user_39,893,893,
17974,,98000,0,user_0,894,,
17975,,2000000,0,user_1,894,,
17976,,110000,0,user_2,894,,
17977,,5200000,0,user_3,894,,
17978,,460000,0,user_3,894,,
17979,,320000,0,user_3,894,,
17980,,6300000,0,user_3,894,,
17981,,3500000,0,user_5,894,,
17982,,1500000,56200,user_5,894,,
17983,,79000,0,user_5,894,,
17984,,2300000,0,user_7,894,,
17985,,220000,73100,user_7,894,,
17986,,150000,0,user_9,894,,
17987,,1800000,0,user_10,894,,
17988,,2600000,0,user_10,894,,
17989,,3200000,0,user_10,894,,
17990,,310000,0,user_12,894,,
17991,,220000,35100,user_14,894,,
17992,,310000,0,user_16,894,,
17993,,79000,0,user_17,894,,
17994,,420000,0,user_18,894,,
17995,,240000,0,user_19,894,,
17996,,360000,0,user_20,894,,
17997,,630000,0,user_22,894,,
17998,,2500000,0,user_22,894,,
17999,,260000,0,user_25,894,,
18000,,630000,0,user_26,894,,
18001,,4200000,0,user_27,894,,
18002,,2400000,49100,user_27,894,,
18003,,70000,0,user_28,894,,
18004,,110000,67900,user_28,894,,
18005,,6300000,0,user_28,894,,
18006,,79000,0,user_28,894,,
18007,,1700000,67500,user_29,894,,
18008,,1100000,0,user_31,894,,
18009,,110000,108000,user_33,894,,
18010,,340000,350000,user_35,894,,
18011,,83000,0,user_36,894,,
18012,,43000000,0,user_39,894,,
18013,,130000,0,user_41,894,,
18014,,2000000,0,user_43,894,,
18015,,300000,35100,user_45,894,,
18016,,630000,0,user_45,894,,
18017,,43000000,0,user_45,894,,
18018,,2000000,0,user_45,894,,
18019,,420000,0,user_45,894,,
18020,,160000,16400,user_46,894,,
18021,,110000,71800,user_48,894,,
18022,,3600000,0,user_49,894,,
18012,0,43000000,0,user_39,894,894,
18017,1,43000000,0,user_45,894,894,
17980,2,6300000,0,user_3,894,894,
18005,3,6300000,0,user_28,894,894,
17977,4,5200000,0,user_3,894,894,
18001,5,4200000,0,user_27,894,894,
18022,6,3600000,0,user_49,894,894,
17981,7,3500000,0,user_5,894,894,
17989,8,3200000,0,user_10,894,894,
17988,9,2600000,0,user_10,894,894,
17998,10,2500000,0,user_22,894,894,
18002,11,2400000,49100,user_27,894,894,
18082,12,0,0,builder_7,894,894,18002
17984,13,2300000,0,user_7,894,894,
17975,14,2000000,0,user_1,894,894,
18014,15,2000000,0,user_43,894,894,
18018,16,2000000,0,user_45,894,894,
17987,17,1800000,0,user_10,894,894,
18007,18,1700000,67500,user_29,894,894,
18083,19,0,0,builder_7,894,894,18007
17982,20,1500000,56200,user_5,894,894,
18084,21,0,0,builder_7,894,894,17982
18008,22,1100000,0,user_31,894,894,
17997,23,630000,0,user_22,894,894,
18016,24,630000,0,user_45,894,894,
17978,25,460000,0,user_3,894,894,
18019,26,420000,0,user_45,894,894,
17996,27,360000,0,user_20,894,894,
18015,28,300000,35100,user_45,894,894,
18085,29,0,0,builder_7,894,894,18015
17979,30,320000,0,user_3,894,894,
17990,31,310000,0,user_12,894,894,
17992,32,310000,0,user_16,894,894,
17985,33,220000,73100,user_7,894,894,
18086,34,0,0,builder_7,894,894,17985
17999,35,260000,0,user_25,894,894,
17991,36,220000,35100,user_14,894,894,
18087,37,0,0,builder_7,894,894,17991
18088,38,0,0,builder_7,894,894,18009
18009,39,110000,108000,user_33,894,894,
18004,40,110000,67900,user_28,894,894,
18089,41,0,0,builder_7,894,894,18004
17986,42,150000,0,user_9,894,894,
18013,43,130000,0,user_41,894,894,
17976,44,110000,0,user_2,894,894,
17974,45,98000,0,user_0,894,894,
18011,46,83000,0,user_36,894,894,
17983,47,79000,0,user_5,894,894,
17993,48,79000,0,user_17,894,894,
18006,49,79000,0,user_28,894,894,
18003,50,70000,0,user_28,894,894,
18100,,79000,100000,user_1,895,,
18101,,420000,35100,user_2,895,,
18102,,87000,0,user_4,895,,
18103,,130000,381000,user_5,895,,
18104,,3600000,0,user_5,895,,
18105,,260000,6390,user_7,895,,
18106,,1900000,779000,user_8,895,,
18107,,660000,0,user_8,895,,
18108,,1000000,322000,user_9,895,,
18109,,220000,283000,user_10,895,,
18110,,470000,0,user_11,895,,
18111,,2000000,0,user_12,895,,
18112,,87000,0,user_12,895,,
18113,,5200000,0,user_13,895,,
18114,,110000,0,user_14,895,,
18115,,910000,0,user_15,895,,
18116,,73000,0,user_16,895,,
18117,,160000,0,user_16,895,,
18118,,120000,7840,user_16,895,,
18119,,420000,0,user_16,895,,
18120,,120000,0,user_17,895,,
18121,,150000,16400,user_20,895,,
18122,,110000,0,user_21,895,,
18123,,160000,510000,user_22,895,,
18124,,370000,0,user_25,895,,
18125,,110000,0,user_27,895,,
18126,,79000,0,user_27,895,,
18127,,420000,0,user_28,895,,
18128,,470000,18600,user_29,895,,
18129,,70000,0,user_29,895,,
18130,,310000,0,user_29,895,,
18131,,1800000,0,user_29,895,,
18132,,160000,0,user_34,895,,
18133,,300000,0,user_34,895,,
18134,,1600000,0,user_34,895,,
18135,,2000000,0,user_34,895,,
18136,,6100000,0,user_35,895,,
18137,,1000000,0,user_37,895,,
18138,,130000,0,user_39,895,,
18139,,110000,0,user_40,895,,
18140,,120000,0,user_41,895,,
18141,,2000000,0,user_44,895,,
18142,,120000,0,user_44,895,,
18143,,120000,0,user_44,895,,
18144,,1500000,0,user_44,895,,
18145,,1500000,0,user_47,895,,
18146,,650000,0,user_49,895,,
18136,0,6100000,0,user_35,895,895,
18113,1,5200000,0,user_13,895,895,
18104,2,3600000,0,user_5,895,895,
18111,3,2000000,0,user_12,895,895,
18135,4,2000000,0,user_34,895,895,
18141,5,2000000,0,user_44,895,895,
18106,6,1900000,779000,user_8,895,895,
18131,7,1800000,0,user_29,895,895,
18134,8,1600000,0,user_34,895,895,
18144,9,1500000,0,user_44,895,895,
18145,10,1500000,0,user_47,895,895,
18108,11,1000000,322000,user_9,895,895,
18137,12,1000000,0,user_37,895,895,
18115,13,910000,0,user_15,895,895,
18107,14,660000,0,user_8,895,895,
18146,15,650000,0,user_49,895,895,
18110,16,470000,0,user_11,895,895,
18128,17,470000,18600,user_29,895,895,
18101,18,420000,35100,user_2,895,895,
18119,19,420000,0,user_16,895,895,
18127,20,420000,0,user_28,895,895,
18124,21,370000,0,user_25,895,895,
18130,22,310000,0,user_29,895,895,
18133,23,300000,0,user_34,895,895,
18105,24,260000,6390,user_7,895,895,
18109,25,220000,283000,user_10,895,895,
18117,26,160000,0,user_16,895,895,
18132,27,160000,0,user_34,895,895,
18121,28,150000,16400,user_20,895,895,
18103,29,130000,381000,user_5,895,895,
18138,30,130000,0,user_39,895,895,
18118,31,120000,7840,user_16,895,895,
18120,32,120000,0,user_17,895,895,
18140,33,120000,0,user_41,895,895,
18142,34,120000,0,user_44,895,895,
18143,35,120000,0,user_44,895,895,
18125,36,110000,0,user_27,895,895,
18102,37,87000,0,user_4,895,895,
18112,38,87000,0,user_12,895,895,
18100,39,79000,100000,user_1,895,895,
18126,40,79000,0,user_27,895,895,
18116,41,73000,0,user_16,895,895,
18129,42,70000,0,user_29,895,895,
18225,,120000,0,user_0,896,,
18226,,420000,33300,user_0,896,,
18227,,150000,350000,user_2,896,,
18228,,670000,0,user_2,896,,
18229,,340000,36800,user_3,896,,
18230,,1700000,23500,user_4,896,,
18231,,160000,108000,user_5,896,,
18232,,2600000,0,user_8,896,,
18233,,2400000,0,user_8,896,,
18234,,170000,0,user_8,896,,
18235,,150000,0,user_10,896,,
18236,,420000,0,user_12,896,,
18237,,470000,100000,user_13,896,,
18238,,460000,0,user_14,896,,
18239,,2100000,0,user_14,896,,
18240,,3500000,0,user_14,896,,
18241,,98000,0,user_14,896,,
18242,,150000,15100,user_14,896,,
18243,,260000,0,user_15,896,,
18244,,1100000,0,user_16,896,,
18245,,3600000,66100,user_17,896,,
18246,,160000,0,user_18,896,,
18247,,4500000,0,user_20,896,,
18248,,170000,32900,user_21,896,,
18249,,1000000,0,user_21,896,,
18250,,220000,350000,user_21,896,,
18251,,5000000,36800,user_21,896,,
18252,,1100000,0,user_22,896,,
18253,,150000,0,user_22,896,,
18254,,470000,0,user_22,896,,
18255,,650000,0,user_22,896,,
18256,,3200000,16400,user_23,896,,
18257,,150000,0,user_23,896,,
18258,,150000,0,user_24,896,,
18259,,82000,0,user_25,896,,
18260,,83000,0,user_27,896,,
18261,,460000,12800,user_28,896,,
18262,,2500000,0,user_29,896,,
18263,,160000,0,user_30,896,,
18264,,1600000,0,user_31,896,,
18265,,220000,0,user_32,896,,
18266,,1700000,0,user_33,896,,
18267,,160000,0,user_33,896,,
18268,,420000,0,user_36,896,,
18269,,190000,0,user_37,896,,
18270,,160000,0,user_39,896,,
18271,,27000000,0,user_40,896,,
18272,,970000,0,user_41,896,,
18273,,260000,0,user_43,896,,
18274,,1700000,0,user_43,896,,
18275,,1500000,0,user_46,896,,
18276,,150000,0,user_47,896,,
18277,,470000,0,user_49,896,,
18278,,1400000,0,user_49,896,,
18271,0,27000000,0,user_40,896,896,
18251,1,5000000,36800,user_21,896,896,
18319,2,0,0,builder_4,896,896,18251
18247,3,4500000,0,user_20,896,896,
18245,4,3600000,66100,user_17,896,896,
18320,5,0,0,builder_4,896,896,18245
18240,6,3500000,0,user_14,896,896,
18256,7,3200000,16400,user_23,896,896,
18321,8,0,0,builder_4,896,896,18256
18232,9,2600000,0,user_8,896,896,
18262,10,2500000,0,user_29,896,896,
18233,11,2400000,0,user_8,896,896,
18239,12,2100000,0,user_14,896,896,
18230,13,1700000,23500,user_4,896,896,
18322,14,0,0,builder_4,896,896,18230
18266,15,1700000,0,user_33,896,896,
18274,16,1700000,0,user_43,896,896,
18264,17,1600000,0,user_31,896,896,
18275,18,1500000,0,user_46,896,896,
18278,19,1400000,0,user_49,896,896,
18244,20,1100000,0,user_16,896,896,
18252,21,1100000,0,user_22,896,896,
18249,22,1000000,0,user_21,896,896,
18272,23,970000,0,user_41,896,896,
18228,24,670000,0,user_2,896,896,
18255,25,650000,0,user_22,896,896,
18323,26,0,0,builder_4,896,896,18237
18237,27,470000,100000,user_13,896,896,
18250,28,220000,350000,user_21,896,896,
18324,29,0,0,builder_4,896,896,18250
18325,30,0,0,builder_4,896,896,18227
18227,31,150000,350000,user_2,896,896,
18261,32,460000,12800,user_28,896,896,
18326,33,0,0,builder_4,896,896,18261
18254,34,470000,0,user_22,896,896,
18277,35,470000,0,user_49,896,896,
18238,36,460000,0,user_14,896,896,
18327,37,0,0,builder_4,896,896,18226
18226,38,420000,33300,user_0,896,896,
18236,39,420000,0,user_12,896,896,
18268,40,420000,0,user_36,896,896,
18328,41,0,0,builder_4,896,896,18229
18229,42,340000,36800,user_3,896,896,
18273,43,260000,0,user_43,896,896,
18265,44,220000,0,user_32,896,896,
18248,45,170000,32900,user_21,896,896,
18329,46,0,0,builder_4,896,896,18248
18269,47,190000,0,user_37,896,896,
18234,48,170000,0,user_8,896,896,
18242,49,150000,15100,user_14,896,896,
18330,50,0,0,builder_4,896,896,18242
18246,51,160000,0,user_18,896,896,
18263,52,160000,0,user_30,896,896,
18267,53,160000,0,user_33,896,896,
18235,54,150000,0,user_10,896,896,
18253,55,150000,0,user_22,896,896,
18257,56,150000,0,user_23,896,896,
18258,57,150000,0,user_24,896,896,
18225,58,120000,0,user_0,896,896,
18241,59,98000,0,user_14,896,896,
18260,60,83000,0,user_27,896,896,
18259,61,82000,0,user_25,896,896,
18372,,530000,0,user_0,897,,
18373,,660000,0,user_0,897,,
18374,,350000,0,user_1,897,,
18375,,130000,0,user_2,897,,
18376,,2600000,0,user_3,897,,
18377,,6300000,0,user_3,897,,
18378,,2000000,0,user_5,897,,
18379,,120000,0,user_6,897,,
18380,,5200000,510000,user_6,897,,
18381,,110000,0,user_7,897,,
18382,,100000,0,user_7,897,,
18383,,3600000,0,user_8,897,,
18384,,2400000,0,user_10,897,,
18385,,120000,0,user_11,897,,
18386,,650000,0,user_12,897,,
18387,,1400000,47700,user_13,897,,
18388,,130000,0,user_14,897,,
18389,,1000000,0,user_18,897,,
18390,,100000,0,user_19,897,,
18391,,260000,84800,user_19,897,,
18392,,110000,0,user_22,897,,
18393,,600000,0,user_22,897,,
18394,,660000,195000,user_23,897,,
18395,,340000,0,user_23,897,,
18396,,120000,0,user_24,897,,
18397,,83000,0,user_24,897,,
18398,,170000,0,user_27,897,,
18399,,310000,510000,user_31,897,,
18400,,120000,0,user_32,897,,
18401,,150000,3130,user_33,897,,
18402,,1500000,0,user_34,897,,
18403,,2400000,0,user_35,897,,
18404,,73000,0,user_35,897,,
18405,,73000,0,user_35,897,,
18406,,660000,0,user_36,897,,
18407,,1500000,0,user_37,897,,
18408,,120000,13800,user_38,897,,
18409,,160000,0,user_38,897,,
18410,,870000,0,user_40,897,,
18411,,420000,0,user_41,897,,
18412,,73000,0,user_41,897,,
18413,,350000,0,user_48,897,,
18414,,970000,7190000,user_48,897,,
18414,0,970000,7190000,user_48,897,897,
18442,1,0,0,builder_4,897,897,18414
18377,2,6300000,0,user_3,897,897,
18380,3,5200000,510000,user_6,897,897,
18443,4,0,0,builder_4,897,897,18380
18383,5,3600000,0,user_8,897,897,
18376,6,2600000,0,user_3,897,897,
18384,7,2400000,0,user_10,897,897,
18403,8,2400000,0,user_35,897,897,
18402,9,1500000,0,user_34,897,897,
18407,10,1500000,0,user_37,897,897,
18387,11,1400000,47700,user_13,897,897,
18444,12,0,0,builder_4,897,897,18387
18389,13,1000000,0,user_18,897,897,
18410,14,870000,0,user_40,897,897,
18394,15,660000,195000,user_23,897,897,
18445,16,0,0,builder_4,897,897,18394
18399,17,310000,510000,user_31,897,897,
18446,18,0,0,builder_4,897,897,18399
18373,19,660000,0,user_0,897,897,
18406,20,660000,0,user_36,897,897,
18386,21,650000,0,user_12,897,897,
18393,22,600000,0,user_22,897,897,
18372,23,530000,0,user_0,897,897,
18411,24,420000,0,user_41,897,897,
18374,25,350000,0,user_1,897,897,
18413,26,350000,0,user_48,897,897,
18447,27,0,0,builder_4,897,897,18391
18391,28,260000,84800,user_19,897,897,
18395,29,340000,0,user_23,897,897,
18398,30,170000,0,user_27,897,897,
18409,31,160000,0,user_38,897,897,
18401,32,150000,3130,user_33,897,897,
18448,33,0,0,builder_4,897,897,18401
18408,34,120000,13800,user_38,897,897,
18449,35,0,0,builder_4,897,897,18408
18375,36,130000,0,user_2,897,897,
18388,37,130000,0,user_14,897,897,
18379,38,120000,0,user_6,897,897,
18385,39,120000,0,user_11,897,897,
18396,40,120000,0,user_24,897,897,
18400,41,120000,0,user_32,897,897,
18392,42,110000,0,user_22,897,897,
18390,43,100000,0,user_19,897,897,
18397,44,83000,0,user_24,897,897,
18404,45,73000,0,user_35,897,897,
18405,46,73000,0,user_35,897,897,
18412,47,73000,0,user_41,897,897,
18473,,310000,0,user_1,898,,
18474,,98000,0,user_1,898,,
18475,,1000000,0,user_3,898,,
18476,,79000,0,user_6,898,,
18477,,870000,0,user_7,898,,
18478,,160000,35100,user_8,898,,
18479,,220000,0,user_9,898,,
18480,,350000,0,user_11,898,,
18481,,3200000,7840,user_12,898,,
18482,,85000,15300,user_14,898,,
18483,,1600000,71800,user_18,898,,
18484,,2600000,0,user_19,898,,
18485,,2000000,0,user_21,898,,
18486,,1500000,0,user_22,898,,
18487,,5000000,0,user_22,898,,
18488,,83000,0,user_23,898,,
18489,,150000,0,user_25,898,,
18490,,340000,0,user_25,898,,
18491,,260000,0,user_26,898,,
18492,,1400000,0,user_26,898,,
18493,,1500000,0,user_27,898,,
18494,,1100000,0,user_27,898,,
18495,,420000,0,user_28,898,,
18496,,1100000,0,user_29,898,,
18497,,150000,0,user_30,898,,
18498,,1100000,0,user_31,898,,
18499,,1500000,0,user_31,898,,
18500,,87000,0,user_32,898,,
18501,,130000,0,user_33,898,,
18502,,240000,0,user_34,898,,
18503,,150000,0,user_34,898,,
18504,,87000,36800,user_35,898,,
18505,,150000,67900,user_36,898,,
18506,,2400000,0,user_36,898,,
18507,,27000000,0,user_37,898,,
18508,,110000,0,user_38,898,,
18509,,2100000,67900,user_39,898,,
18510,,2500000,350000,user_39,898,,
18511,,5200000,0,user_40,898,,
18512,,150000,0,user_41,898,,
18513,,1200000,0,user_41,898,,
18514,,3200000,0,user_42,898,,
18515,,150000,0,user_42,898,,
18516,,460000,0,user_44,898,,
18517,,2000000,7840,user_46,898,,
18518,,1100000,3130,user_48,898,,
18519,,4200000,0,user_48,898,,
18507,0,27000000,0,user_37,898,898,
18511,1,5200000,0,user_40,898,898,
18487,2,5000000,0,user_22,898,898,
18519,3,4200000,0,user_48,898,898,
18481,4,3200000,7840,user_12,898,898,
18514,5,3200000,0,user_42,898,898,
18484,6,2600000,0,user_19,898,898,
18510,7,2500000,350000,user_39,898,898,
18506,8,2400000,0,user_36,898,898,
18509,9,2100000,67900,user_39,898,898,
18485,10,2000000,0,user_21,898,898,
18483,11,1600000,71800,user_18,898,898,
18486,12,1500000,0,user_22,898,898,
18493,13,1500000,0,user_27,898,898,
18499,14,1500000,0,user_31,898,898,
18492,15,1400000,0,user_26,898,898,
18494,16,1100000,0,user_27,898,898,
18496,17,1100000,0,user_29,898,898,
18498,18,1100000,0,user_31,898,898,
18518,19,1100000,3130,user_48,898,898,
18475,20,1000000,0,user_3,898,898,
18477,21,870000,0,user_7,898,898,
18516,22,460000,0,user_44,898,898,
18495,23,420000,0,user_28,898,898,
18490,24,340000,0,user_25,898,898,
18473,25,310000,0,user_1,898,898,
18491,26,260000,0,user_26,898,898,
18502,27,240000,0,user_34,898,898,
18479,28,220000,0,user_9,898,898,
18478,29,160000,35100,user_8,898,898,
18489,30,150000,0,user_25,898,898,
18497,31,150000,0,user_30,898,898,
18503,32,150000,0,user_34,898,898,
18505,33,150000,67900,user_36,898,898,
18515,34,150000,0,user_42,898,898,
18501,35,130000,0,user_33,898,898,
18508,36,110000,0,user_38,898,898,
18474,37,98000,0,user_1,898,898,
18482,38,85000,15300,user_14,898,898,
18488,39,83000,0,user_23,898,898,
18476,40,79000,0,user_6,898,898,
18590,,2000000,68100,user_1,899,,
18591,,150000,0,user_2,899,,
18592,,2100000,0,user_3,899,,
18593,,1800000,0,user_5,899,,
18594,,120000,19700,user_6,899,,
18595,,80000,0,user_7,899,,
18596,,220000,0,user_7,899,,
18597,,83000,0,user_8,899,,
18598,,1200000,0,user_10,899,,
18599,,370000,0,user_11,899,,
18600,,2000000,0,user_14,899,,
18601,,5000000,0,user_15,899,,
18602,,2000000,0,user_15,899,,
18603,,870000,0,user_16,899,,
18604,,30000000,0,user_17,899,,
18605,,98000,0,user_18,899,,
18606,,27000000,4320000,user_19,899,,
18607,,120000,0,user_21,899,,
18608,,19000000,0,user_21,899,,
18609,,6100000,0,user_24,899,,
18610,,1400000,0,user_25,899,,
18611,,340000,0,user_26,899,,
18612,,630000,0,user_26,899,,
18613,,160000,0,user_27,899,,
18614,,4200000,0,user_27,899,,
18615,,310000,0,user_27,899,,
18616,,320000,128000,user_28,899,,
18617,,170000,0,user_29,899,,
18618,,130000,0,user_29,899,,
18619,,150000,0,user_29,899,,
18620,,1200000,0,user_30,899,,
18621,,150000,0,user_30,899,,
18622,,160000,0,user_32,899,,
18623,,350000,0,user_33,899,,
18624,,670000,0,user_33,899,,
18625,,1300000,0,user_33,899,,
18626,,660000,0,user_33,899,,
18627,,2100000,0,user_33,899,,
18628,,170000,0,user_36,899,,
18629,,170000,0,user_36,899,,
18630,,84000,0,user_38,899,,
18631,,110000,35600,user_39,899,,
18632,,2100000,0,user_40,899,,
18633,,320000,0,user_40,899,,
18634,,160000,0,user_42,899,,
18635,,460000,0,user_44,899,,
18636,,27000000,121000,user_44,899,,
18637,,73000,18600,user_45,899,,
18638,,100000,0,user_45,899,,
18639,,1900000,0,user_46,899,,
18640,,910000,0,user_49,899,,
18604,0,30000000,0,user_17,899,899,
18606,1,27000000,4320000,user_19,899,899,
18636,2,27000000,121000,user_44,899,899,
18608,3,19000000,0,user_21,899,899,
18609,4,6100000,0,user_24,899,899,
18601,5,5000000,0,user_15,899,899,
18614,6,4200000,0,user_27,899,899,
18592,7,2100000,0,user_3,899,899,
18627,8,2100000,0,user_33,899,899,
18632,9,2100000,0,user_40,899,899,
18600,10,2000000,0,user_14,899,899,
18602,11,2000000,0,user_15,899,899,
18639,12,1900000,0,user_46,899,899,
18593,13,1800000,0,user_5,899,899,
18610,14,1400000,0,user_25,899,899,
18625,15,1300000,0,user_33,899,899,
18598,16,1200000,0,user_10,899,899,
18620,17,1200000,0,user_30,899,899,
18640,18,910000,0,user_49,899,899,
18603,19,870000,0,user_16,899,899,
18624,20,670000,0,user_33,899,899,
18626,21,660000,0,user_33,899,899,
18635,22,460000,0,user_44,899,899,
18599,23,370000,0,user_11,899,899,
18623,24,350000,0,user_33,899,899,
18633,25,320000,0,user_40,899,899,
18615,26,310000,0,user_27,899,899,
18596,27,220000,0,user_7,899,899,
18617,28,170000,0,user_29,899,899,
18628,29,170000,0,user_36,899,899,
18629,30,170000,0,user_36,899,899,
18613,31,160000,0,user_27,899,899,
18622,32,160000,0,user_32,899,899,
18634,33,160000,0,user_42,899,899,
18591,34,150000,0,user_2,899,899,
18619,35,150000,0,user_29,899,899,
18621,36,150000,0,user_30,899,899,
18618,37,130000,0,user_29,899,899,
18594,38,120000,19700,user_6,899,899,
18607,39,120000,0,user_21,899,899,
18638,40,100000,0,user_45,899,899,
18605,41,98000,0,user_18,899,899,
18630,42,84000,0,user_38,899,899,
18597,43,83000,0,user_8,899,899,
18595,44,80000,0,user_7,899,899,
18637,45,73000,18600,user_45,899,899,
13925,,460000,0,user_0,900,,
13926,,1200000,283000,user_0,900,,
13927,,6300000,0,user_2,900,,
13928,,910000,0,user_3,900,,
13929,,460000,0,user_4,900,,
13930,,530000,0,user_5,900,,
13931,,5000000,0,user_6,900,,
13932,,600000,0,user_7,900,,
13933,,120000,0,user_7,900,,
13934,,320000,0,user_8,900,,
13935,,1300000,0,user_8,900,,
13936,,2300000,0,user_8,900,,
13937,,2600000,11200,user_8,900,,
13938,,1200000,4320000,user_10,900,,
13939,,220000,84800,user_13,900,,
13940,,80000,0,user_14,900,,
13941,,370000,17000,user_14,900,,
13942,,120000,0,user_15,900,,
13943,,460000,0,user_16,900,,
13944,,2000000,0,user_18,900,,
13945,,1100000,0,user_19,900,,
13946,,1000000,0,user_22,900,,
13947,,260000,3130,user_22,900,,
13948,,650000,0,user_23,900,,
13949,,73000,256000,user_24,900,,
13950,,130000,0,user_24,900,,
13951,,4200000,0,user_24,900,,
13952,,110000,0,user_24,900,,
13953,,350000,15300,user_25,900,,
13954,,100000,0,user_26,900,,
13955,,1000000,0,user_26,900,,
13956,,420000,0,user_28,900,,
13957,,170000,36800,user_29,900,,
13958,,27000000,0,user_30,900,,
13959,,77000,0,user_31,900,,
13960,,1000000,0,user_33,900,,
13961,,5000000,30200,user_34,900,,
13962,,150000,0,user_35,900,,
13963,,530000,0,user_35,900,,
13964,,110000,0,user_36,900,,
13965,,120000,0,user_36,900,,
13966,,910000,33300,user_37,900,,
13967,,73000,0,user_37,900,,
13968,,2300000,21800,user_38,900,,
13969,,110000,73100,user_38,900,,
13970,,360000,0,user_38,900,,
13971,,240000,0,user_38,900,,
13972,,110000,13900,user_39,900,,
13973,,220000,0,user_39,900,,
13974,,6100000,0,user_40,900,,
13975,,4500000,0,user_41,900,,
13976,,870000,0,user_43,900,,
13977,,160000,0,user_43,900,,
13978,,6300000,0,user_43,900,,
13979,,150000,35600,user_46,900,,
13980,,1800000,34700,user_48,900,,
13981,,150000,35600,user_49,900,,
13958,0,27000000,0,user_30,900,900,
13927,1,6300000,0,user_2,900,900,
13978,2,6300000,0,user_43,900,900,
13974,3,6100000,0,user_40,900,900,
14040,4,0,0,builder_4,900,900,13938
13938,5,1200000,4320000,user_10,900,900,
14041,6,0,0,builder_4,900,900,13961
13961,7,5000000,30200,user_34,900,900,
13931,8,5000000,0,user_6,900,900,
13975,9,4500000,0,user_41,900,900,
13951,10,4200000,0,user_24,900,900,
14042,11,0,0,builder_4,900,900,13937
13937,12,2600000,11200,user_8,900,900,
14043,13,0,0,builder_4,900,900,13968
13968,14,2300000,21800,user_38,900,900,
13936,15,2300000,0,user_8,900,900,
13944,16,2000000,0,user_18,900,900,
14044,17,0,0,builder_4,900,900,13980
13980,18,1800000,34700,user_48,900,900,
13926,19,1200000,283000,user_0,900,900,
14045,20,0,0,builder_4,900,900,13926
13935,21,1300000,0,user_8,900,900,
13945,22,1100000,0,user_19,900,900,
13946,23,1000000,0,user_22,900,900,
13955,24,1000000,0,user_26,900,900,
13960,25,1000000,0,user_33,900,900,
14046,26,0,0,builder_4,900,900,13966
13966,27,910000,33300,user_37,900,900,
13928,28,910000,0,user_3,900,900,
13976,29,870000,0,user_43,900,900,
13948,30,650000,0,user_23,900,900,
13963,31,530000,0,user_35,900,900,
13925,32,460000,0,user_0,900,900,
13929,33,460000,0,user_4,900,900,
13943,34,460000,0,user_16,900,900,
13956,35,420000,0,user_28,900,900,
14047,36,0,0,builder_4,900,900,13941
13941,37,370000,17000,user_14,900,900,
13953,38,350000,15300,user_25,900,900,
14048,39,0,0,builder_4,900,900,13953
13970,40,360000,0,user_38,900,900,
14049,41,0,0,builder_4,900,900,13949
13949,42,73000,256000,user_24,900,900,
13934,43,320000,0,user_8,900,900,
14050,44,0,0,builder_4,900,900,13939
13939,45,220000,84800,user_13,900,900,
13947,46,260000,3130,user_22,900,900,
14051,47,0,0,builder_4,900,900,13947
13971,48,240000,0,user_38,900,900,
13957,49,170000,36800,user_29,900,900,
14052,50,0,0,builder_4,900,900,13957
13979,51,150000,35600,user_46,900,900,
14053,52,0,0,builder_4,900,900,13979
14054,53,0,0,builder_4,900,900,13981
13981,54,150000,35600,user_49,900,900,
13969,55,110000,73100,user_38,900,900,
14055,56,0,0,builder_4,900,900,13969
13977,57,160000,0,user_43,900,900,
13962,58,150000,0,user_35,900,900,
13950,59,130000,0,user_24,900,900,
13965,60,120000,0,user_36,900,900,
13952,61,110000,0,user_24,900,900,
13964,62,110000,0,user_36,900,900,
13954,63,100000,0,user_26,900,900,
13940,64,80000,0,user_14,900,900,
13959,65,77000,0,user_31,900,900,
13967,66,73000,0,user_37,900,900,
14108,,4200000,0,user_0,901,,
14109,,1500000,0,user_0,901,,
14110,,470000,0,user_1,901,,
14111,,300000,0,user_1,901,,
14112,,970000,0,user_2,901,,
14113,,1700000,0,user_3,901,,
14114,,77000,15700,user_4,901,,
14115,,3500000,0,user_5,901,,
14116,,670000,155000,user_6,901,,
14117,,3500000,0,user_7,901,,
14118,,1300000,959000,user_7,901,,
14119,,87000,0,user_8,901,,
14120,,3500000,0,user_9,901,,
14121,,30000000,769000,user_11,901,,
14122,,3200000,0,user_15,901,,
14123,,150000,285000,user_16,901,,
14124,,73000,0,user_18,901,,
14125,,1300000,0,user_21,901,,
14126,,1400000,0,user_22,901,,
14127,,82000,0,user_23,901,,
14128,,1100000,3130,user_24,901,,
14129,,2100000,19700,user_26,901,,
14130,,73000,0,user_27,901,,
14131,,350000,0,user_30,901,,
14132,,150000,0,user_31,901,,
14133,,370000,73100,user_34,901,,
14134,,110000,0,user_36,901,,
14135,,1600000,0,user_36,901,,
14136,,1500000,195000,user_39,901,,
14137,,83000,5630,user_40,901,,
14138,,1700000,0,user_41,901,,
14139,,310000,0,user_42,901,,
14140,,83000,779000,user_42,901,,
14141,,160000,0,user_42,901,,
14142,,220000,15100,user_42,901,,
14143,,1100000,0,user_42,901,,
14144,,27000000,0,user_43,901,,
14145,,83000,0,user_44,901,,
14146,,1700000,0,user_44,901,,
14147,,82000,0,user_44,901,,
14148,,2300000,24700,user_44,901,,
14149,,5000000,60700,user_44,901,,
14150,,630000,0,user_45,901,,
14151,,2000000,0,user_46,901,,
14152,,1000000,0,user_47,901,,
14153,,1900000,0,user_49,901,,
14121,0,30000000,769000,user_11,901,901,
14144,1,27000000,0,user_43,901,901,
14149,2,5000000,60700,user_44,901,901,
14108,3,4200000,0,user_0,901,901,
14115,4,3500000,0,user_5,901,901,
14117,5,3500000,0,user_7,901,901,
14120,6,3500000,0,user_9,901,901,
14122,7,3200000,0,user_15,901,901,
14148,8,2300000,24700,user_44,901,901,
14151,9,2000000,0,user_46,901,901,
14153,10,1900000,0,user_49,901,901,
14113,11,1700000,0,user_3,901,901,
14138,12,1700000,0,user_41,901,901,
14146,13,1700000,0,user_44,901,901,
14135,14,1600000,0,user_36,901,901,
14109,15,1500000,0,user_0,901,901,
14126,16,1400000,0,user_22,901,901,
14118,17,1300000,959000,user_7,901,901,
14125,18,1300000,0,user_21,901,901,
14128,19,1100000,3130,user_24,901,901,
14143,20,1100000,0,user_42,901,901,
14152,21,1000000,0,user_47,901,901,
14112,22,970000,0,user_2,901,901,
14116,23,670000,155000,user_6,901,901,
14150,24,630000,0,user_45,901,901,
14133,25,370000,73100,user_34,901,901,
14131,26,350000,0,user_30,901,901,
14139,27,310000,0,user_42,901,901,
14142,28,220000,15100,user_42,901,901,
14141,29,160000,0,user_42,901,901,
14123,30,150000,285000,user_16,901,901,
14132,31,150000,0,user_31,901,901,
14134,32,110000,0,user_36,901,901,
14119,33,87000,0,user_8,901,901,
14137,34,83000,5630,user_40,901,901,
14140,35,83000,779000,user_42,901,901,
14145,36,83000,0,user_44,901,901,
14127,37,82000,0,user_23,901,901,
14147,38,82000,0,user_44,901,901,
14124,39,73000,0,user_18,901,901,
14130,40,73000,0,user_27,901,901,
14246,,630000,7840,user_0,902,,
14247,,150000,108000,user_1,902,,
14248,,160000,66100,user_3,902,,
14249,,220000,0,user_5,902,,
14250,,1000000,0,user_6,902,,
14251,,2100000,0,user_6,902,,
14252,,260000,67500,user_8,902,,
14253,,120000,31700,user_9,902,,
14254,,3600000,23500,user_10,902,,
14255,,1200000,0,user_11,902,,
14256,,260000,128000,user_11,902,,
14257,,120000,0,user_11,902,,
14258,,5000000,0,user_11,902,,
14259,,27000000,0,user_11,902,,
14260,,130000,0,user_12,902,,
14261,,240000,0,user_12,902,,
14262,,320000,0,user_14,902,,
14263,,1500000,0,user_19,902,,
14264,,1500000,12800,user_20,902,,
14265,,1300000,3130,user_21,902,,
14266,,83000,0,user_22,902,,
14267,,310000,0,user_23,902,,
14268,,120000,0,user_25,902,,
14269,,260000,64600,user_27,902,,
14270,,110000,33300,user_27,902,,
14271,,350000,322000,user_28,902,,
14272,,370000,12300,user_28,902,,
14273,,6100000,0,user_29,902,,
14274,,100000,0,user_29,902,,
14275,,2100000,0,user_30,902,,
14276,,150000,0,user_33,902,,
14277,,120000,0,user_34,902,,
14278,,1800000,43600,user_34,902,,
14279,,1400000,0,user_35,902,,
14280,,2000000,0,user_36,902,,
14281,,1900000,0,user_37,902,,
14282,,340000,0,user_39,902,,
14283,,1100000,164000,user_39,902,,
14284,,1500000,0,user_40,902,,
14285,,1000000,0,user_40,902,,
14286,,970000,0,user_40,902,,
14287,,73000,10700,user_40,902,,
14288,,2000000,0,user_41,902,,
14289,,84000,0,user_42,902,,
14290,,160000,0,user_42,902,,
14291,,1200000,0,user_42,902,,
14292,,110000,0,user_43,902,,
14293,,85000,0,user_44,902,,
14294,,970000,0,user_47,902,,
14295,,27000000,0,user_47,902,,
14296,,150000,0,user_48,902,,
14297,,6100000,0,user_48,902,,
14298,,100000,0,user_49,902,,
14299,,260000,35600,user_49,902,,
14259,0,27000000,0,user_11,902,902,
14295,1,27000000,0,user_47,902,902,
14273,2,6100000,0,user_29,902,902,
14297,3,6100000,0,user_48,902,902,
14258,4,5000000,0,user_11,902,902,
14254,5,3600000,23500,user_10,902,902,
14300,6,0,0,builder_0,902,902,14254
14251,7,2100000,0,user_6,902,902,
14275,8,2100000,0,user_30,902,902,
14280,9,2000000,0,user_36,902,902,
14288,10,2000000,0,user_41,902,902,
14281,11,1900000,0,user_37,902,902,
14301,12,0,0,builder_0,902,902,14264
14264,13,1500000,12800,user_20,902,902,
14263,14,1500000,0,user_19,902,902,
14284,15,1500000,0,user_40,902,902,
14279,16,1400000,0,user_35,902,902,
14302,17,0,0,builder_0,902,902,14265
14265,18,1300000,3130,user_21,902,902,
14255,19,1200000,0,user_11,902,902,
14291,20,1200000,0,user_42,902,902,
14250,21,1000000,0,user_6,902,902,
14285,22,1000000,0,user_40,902,902,
14286,23,970000,0,user_40,902,902,
14294,24,970000,0,user_47,902,902,
14271,25,350000,322000,user_28,902,902,
14303,26,0,0,builder_0,902,902,14271
14304,27,0,0,builder_0,902,902,14246
14246,28,630000,7840,user_0,902,902,
14256,29,260000,128000,user_11,902,902,
14305,30,0,0,builder_0,902,902,14256
14306,31,0,0,builder_0,902,902,14272
14272,32,370000,12300,user_28,902,902,
14252,33,260000,67500,user_8,902,902,
14307,34,0,0,builder_0,902,902,14252
14269,35,260000,64600,user_27,902,902,
14308,36,0,0,builder_0,902,902,14269
14262,37,320000,0,user_14,902,902,
14267,38,310000,0,user_23,902,902,
14309,39,0,0,builder_0,902,902,14299
14299,40,260000,35600,user_49,902,902,
14247,41,150000,108000,user_1,902,902,
14310,42,0,0,builder_0,902,902,14247
14311,43,0,0,builder_0,902,902,14248
14248,44,160000,66100,user_3,902,902,
14290,45,160000,0,user_42,902,902,
14312,46,0,0,builder_0,902,902,14253
14253,47,120000,31700,user_9,902,902,
14276,48,150000,0,user_33,902,902,
14296,49,150000,0,user_48,902,902,
14270,50,110000,33300,user_27,902,902,
14313,51,0,0,builder_0,902,902,14270
14257,52,120000,0,user_11,902,902,
14268,53,120000,0,user_25,902,902,
14292,54,110000,0,user_43,902,902,
14274,55,100000,0,user_29,902,902,
14298,56,100000,0,user_49,902,902,
14293,57,85000,0,user_44,902,902,
14289,58,84000,0,user_42,902,902,
14287,59,73000,10700,user_40,902,902,
14314,60,0,0,builder_0,902,902,14287
14266,61,83000,0,user_22,902,902,
14423,,630000,5630,user_0,903,,
14424,,130000,0,user_1,903,,
14425,,170000,31700,user_2,903,,
14426,,310000,0,user_5,903,,
14427,,82000,0,user_5,903,,
14428,,260000,21800,user_6,903,,
14429,,660000,0,user_7,903,,
14430,,420000,0,user_8,903,,
14431,,84000,0,user_8,903,,
14432,,73000,0,user_9,903,,
14433,,1700000,0,user_9,903,,
14434,,3200000,0,user_11,903,,
14435,,110000,0,user_13,903,,
14436,,150000,0,user_13,903,,
14437,,1000000,0,user_14,903,,
14438,,27000000,161000,user_15,903,,
14439,,650000,0,user_16,903,,
14440,,120000,0,user_17,903,,
14441,,630000,0,user_19,903,,
14442,,83000,0,user_20,903,,
14443,,77000,0,user_21,903,,
14444,,83000,0,user_21,903,,
14445,,150000,0,user_25,903,,
14446,,350000,13900,user_26,903,,
14447,,150000,64600,user_26,903,,
14448,,320000,19700,user_27,903,,
14449,,360000,0,user_28,903,,
14450,,190000,24700,user_29,903,,
14451,,2000000,0,user_30,903,,
14452,,310000,0,user_31,903,,
14453,,870000,0,user_32,903,,
14454,,100000,16400,user_33,903,,
14455,,120000,0,user_34,903,,
14456,,1100000,0,user_35,903,,
14457,,4200000,0,user_35,903,,
14458,,1400000,0,user_35,903,,
14459,,120000,0,user_35,903,,
14460,,650000,0,user_36,903,,
14461,,1100000,381000,user_37,903,,
14462,,110000,121000,user_37,903,,
14463,,5200000,0,user_38,903,,
14464,,6300000,0,user_42,903,,
14465,,420000,75000,user_43,903,,
14466,,1800000,0,user_44,903,,
14467,,43000000,13800,user_46,903,,
14468,,1600000,71800,user_47,903,,
14469,,2000000,10700,user_48,903,,
14470,,79000,0,user_48,903,,
14471,,19000000,0,user_49,903,,
14467,0,43000000,13800,user_46,903,903,
14438,1,27000000,161000,user_15,903,903,
14471,2,19000000,0,user_49,903,903,
14464,3,6300000,0,user_42,903,903,
14463,4,5200000,0,user_38,903,903,
14457,5,4200000,0,user_35,903,903,
14434,6,3200000,0,user_11,903,903,
14451,7,2000000,0,user_30,903,903,
14469,8,2000000,10700,user_48,903,903,
14466,9,1800000,0,user_44,903,903,
14433,10,1700000,0,user_9,903,903,
14468,11,1600000,71800,user_47,903,903,
14458,12,1400000,0,user_35,903,903,
14456,13,1100000,0,user_35,903,903,
14437,14,1000000,0,user_14,903,903,
14453,15,870000,0,user_32,903,903,
14429,16,660000,0,user_7,903,903,
14439,17,650000,0,user_16,903,903,
14460,18,650000,0,user_36,903,903,
14423,19,630000,5630,user_0,903,903,
14441,20,630000,0,user_19,903,903,
14430,21,420000,0,user_8,903,903,
14465,22,420000,75000,user_43,903,903,
14448,23,320000,19700,user_27,903,903,
14426,24,310000,0,user_5,903,903,
14452,25,310000,0,user_31,903,903,
14428,26,260000,21800,user_6,903,903,
14450,27,190000,24700,user_29,903,903,
14425,28,170000,31700,user_2,903,903,
14436,29,150000,0,user_13,903,903,
14445,30,150000,0,user_25,903,903,
14440,31,120000,0,user_17,903,903,
14455,32,120000,0,user_34,903,903,
14459,33,120000,0,user_35,903,903,
14435,34,110000,0,user_13,903,903,
14454,35,100000,16400,user_33,903,903,
14431,36,84000,0,user_8,903,903,
14442,37,83000,0,user_20,903,903,
14444,38,83000,0,user_21,903,903,
14427,39,82000,0,user_5,903,903,
14470,40,79000,0,user_48,903,903,
14443,41,77000,0,user_21,903,903,
14432,42,73000,0,user_9,903,903,
14578,,360000,0,user_0,904,,
14579,,80000,16400,user_1,904,,
14580,,110000,0,user_2,904,,
14581,,1000000,0,user_2,904,,
14582,,120000,15700,user_3,904,,
14583,,220000,0,user_4,904,,
14584,,110000,0,user_5,904,,
14585,,220000,32900,user_6,904,,
14586,,110000,0,user_6,904,,
14587,,110000,0,user_7,904,,
14588,,870000,0,user_8,904,,
14589,,220000,0,user_9,904,,
14590,,2600000,0,user_11,904,,
14591,,1000000,0,user_11,904,,
14592,,160000,0,user_12,904,,
14593,,2500000,0,user_12,904,,
14594,,73000,0,user_12,904,,
14595,,1700000,0,user_12,904,,
14596,,77000,0,user_12,904,,
14597,,2600000,24700,user_13,904,,
14598,,1900000,0,user_13,904,,
14599,,1500000,231000,user_14,904,,
14600,,350000,0,user_16,904,,
14601,,650000,0,user_18,904,,
14602,,350000,0,user_18,904,,
14603,,160000,0,user_20,904,,
14604,,1500000,0,user_21,904,,
14605,,160000,0,user_21,904,,
14606,,170000,0,user_21,904,,
14607,,30000000,0,user_22,904,,
14608,,320000,0,user_24,904,,
14609,,2000000,283000,user_24,904,,
14610,,1900000,0,user_25,904,,
14611,,870000,0,user_25,904,,
14612,,110000,0,user_28,904,,
14613,,79000,0,user_29,904,,
14614,,1500000,0,user_30,904,,
14615,,360000,0,user_31,904,,
14616,,43000000,0,user_32,904,,
14617,,2600000,231000,user_32,904,,
14618,,300000,71800,user_33,904,,
14619,,870000,0,user_33,904,,
14620,,2500000,0,user_34,904,,
14621,,370000,0,user_35,904,,
14622,,4500000,0,user_35,904,,
14623,,5200000,0,user_40,904,,
14624,,1300000,0,user_41,904,,
14625,,320000,959000,user_43,904,,
14626,,4500000,56200,user_44,904,,
14627,,360000,0,user_45,904,,
14628,,1600000,0,user_46,904,,
14629,,2300000,14200,user_47,904,,
14630,,4200000,19700,user_48,904,,
14631,,1100000,0,user_49,904,,
14616,0,43000000,0,user_32,904,904,
14607,1,30000000,0,user_22,904,904,
14623,2,5200000,0,user_40,904,904,
14669,3,0,0,builder_4,904,904,14626
14626,4,4500000,56200,user_44,904,904,
14622,5,4500000,0,user_35,904,904,
14630,6,4200000,19700,user_48,904,904,
14670,7,0,0,builder_4,904,904,14630
14617,8,2600000,231000,user_32,904,904,
14671,9,0,0,builder_4,904,904,14617
14597,10,2600000,24700,user_13,904,904,
14672,11,0,0,builder_4,904,904,14597
14590,12,2600000,0,user_11,904,904,
14593,13,2500000,0,user_12,904,904,
14620,14,2500000,0,user_34,904,904,
14673,15,0,0,builder_4,904,904,14609
14609,16,2000000,283000,user_24,904,904,
14598,17,1900000,0,user_13,904,904,
14610,18,1900000,0,user_25,904,904,
14599,19,1500000,231000,user_14,904,904,
14674,20,0,0,builder_4,904,904,14599
14595,21,1700000,0,user_12,904,904,
14628,22,1600000,0,user_46,904,904,
14604,23,1500000,0,user_21,904,904,
14614,24,1500000,0,user_30,904,904,
14624,25,1300000,0,user_41,904,904,
14675,26,0,0,builder_4,904,904,14625
14625,27,320000,959000,user_43,904,904,
14631,28,1100000,0,user_49,904,904,
14581,29,1000000,0,user_2,904,904,
14591,30,1000000,0,user_11,904,904,
14588,31,870000,0,user_8,904,904,
14611,32,870000,0,user_25,904,904,
14619,33,870000,0,user_33,904,904,
14601,34,650000,0,user_18,904,904,
14618,35,300000,71800,user_33,904,904,
14676,36,0,0,builder_4,904,904,14618
14621,37,370000,0,user_35,904,904,
14578,38,360000,0,user_0,904,904,
14615,39,360000,0,user_31,904,904,
14627,40,360000,0,user_45,904,904,
14600,41,350000,0,user_16,904,904,
14602,42,350000,0,user_18,904,904,
14608,43,320000,0,user_24,904,904,
14677,44,0,0,builder_4,904,904,14585
14585,45,220000,32900,user_6,904,904,
14583,46,220000,0,user_4,904,904,
14589,47,220000,0,user_9,904,904,
14606,48,170000,0,user_21,904,904,
14592,49,160000,0,user_12,904,904,
14603,50,160000,0,user_20,904,904,
14605,51,160000,0,user_21,904,904,
14678,52,0,0,builder_4,904,904,14582
14582,53,120000,15700,user_3,904,904,
14580,54,110000,0,user_2,904,904,
14586,55,110000,0,user_6,904,904,
14612,56,110000,0,user_28,904,904,
14579,57,80000,16400,user_1,904,904,
14679,58,0,0,builder_4,904,904,14579
14613,59,79000,0,user_29,904,904,
14596,60,77000,0,user_12,904,904,
14594,61,73000,0,user_12,904,904,
14714,,160000,0,user_1,905,,
14715,,130000,0,user_3,905,,
14716,,600000,0,user_5,905,,
14717,,970000,7190000,user_7,905,,
14718,,83000,0,user_9,905,,
14719,,3200000,0,user_10,905,,
14720,,4200000,128000,user_11,905,,
14721,,2400000,0,user_12,905,,
14722,,1400000,0,user_14,905,,
14723,,85000,0,user_16,905,,
14724,,530000,0,user_17,905,,
14725,,120000,0,user_18,905,,
14726,,170000,0,user_18,905,,
14727,,910000,17000,user_19,905,,
14728,,170000,369000,user_20,905,,
14729,,70000,0,user_20,905,,
14730,,1000000,0,user_21,905,,
14731,,160000,0,user_22,905,,
14732,,120000,0,user_23,905,,
14733,,120000,0,user_23,905,,
14734,,2400000,0,user_23,905,,
14735,,80000,0,user_23,905,,
14736,,100000,21800,user_23,905,,
14737,,240000,0,user_24,905,,
14738,,910000,0,user_25,905,,
14739,,1700000,139000,user_25,905,,
14740,,670000,0,user_26,905,,
14741,,1600000,0,user_27,905,,
14742,,79000,0,user_28,905,,
14743,,3600000,0,user_28,905,,
14744,,1300000,0,user_29,905,,
14745,,310000,0,user_31,905,,
14746,,82000,15700,user_31,905,,
14747,,310000,0,user_32,905,,
14748,,1900000,0,user_32,905,,
14749,,1000000,7190000,user_32,905,,
14750,,1400000,0,user_32,905,,
14751,,1600000,67500,user_32,905,,
14752,,220000,121000,user_33,905,,
14753,,87000,47700,user_36,905,,
14754,,170000,0,user_36,905,,
14755,,43000000,0,user_37,905,,
14756,,150000,0,user_38,905,,
14757,,100000,0,user_40,905,,
14758,,260000,0,user_41,905,,
14759,,1900000,0,user_41,905,,
14760,,2000000,256000,user_42,905,,
14761,,27000000,0,user_43,905,,
14762,,5200000,0,user_44,905,,
14763,,220000,0,user_45,905,,
14764,,310000,0,user_46,905,,
14765,,27000000,769000,user_47,905,,
14766,,420000,100000,user_48,905,,
14755,0,43000000,0,user_37,905,905,
14765,1,27000000,769000,user_47,905,905,
14767,2,0,0,builder_0,905,905,14765
14761,3,27000000,0,user_43,905,905,
14749,4,1000000,7190000,user_32,905,905,
14768,5,0,0,builder_0,905,905,14749
14769,6,0,0,builder_0,905,905,14717
14717,7,970000,7190000,user_7,905,905,
14762,8,5200000,0,user_44,905,905,
14720,9,4200000,128000,user_11,905,905,
14770,10,0,0,builder_0,905,905,14720
14743,11,3600000,0,user_28,905,905,
14719,12,3200000,0,user_10,905,905,
14734,13,2400000,0,user_23,905,905,
14760,14,2000000,256000,user_42,905,905,
14771,15,0,0,builder_0,905,905,14760
14748,16,1900000,0,user_32,905,905,
14759,17,1900000,0,user_41,905,905,
14772,18,0,0,builder_0,905,905,14739
14739,19,1700000,139000,user_25,905,905,
14773,20,0,0,builder_0,905,905,14751
14751,21,1600000,67500,user_32,905,905,
14741,22,1600000,0,user_27,905,905,
14722,23,1400000,0,user_14,905,905,
14750,24,1400000,0,user_32,905,905,
14744,25,1300000,0,user_29,905,905,
14730,26,1000000,0,user_21,905,905,
14727,27,910000,17000,user_19,905,905,
14774,28,0,0,builder_0,905,905,14727
14738,29,910000,0,user_25,905,905,
14740,30,670000,0,user_26,905,905,
14728,31,170000,369000,user_20,905,905,
14775,32,0,0,builder_0,905,905,14728
14724,33,530000,0,user_17,905,905,
14776,34,0,0,builder_0,905,905,14766
14766,35,420000,100000,user_48,905,905,
14752,36,220000,121000,user_33,905,905,
14777,37,0,0,builder_0,905,905,14752
14745,38,310000,0,user_31,905,905,
14747,39,310000,0,user_32,905,905,
14764,40,310000,0,user_46,905,905,
14758,41,260000,0,user_41,905,905,
14726,42,170000,0,user_18,905,905,
14754,43,170000,0,user_36,905,905,
14714,44,160000,0,user_1,905,905,
14731,45,160000,0,user_22,905,905,
14756,46,150000,0,user_38,905,905,
14778,47,0,0,builder_0,905,905,14753
14753,48,87000,47700,user_36,905,905,
14715,49,130000,0,user_3,905,905,
14736,50,100000,21800,user_23,905,905,
14779,51,0,0,builder_0,905,905,14736
14725,52,120000,0,user_18,905,905,
14732,53,120000,0,user_23,905,905,
14733,54,120000,0,user_23,905,905,
14757,55,100000,0,user_40,905,905,
14746,56,82000,15700,user_31,905,905,
14780,57,0,0,builder_0,905,905,14746
14723,58,85000,0,user_16,905,905,
14718,59,83000,0,user_9,905,905,
14735,60,80000,0,user_23,905,905,
14742,61,79000,0,user_28,905,905,
14729,62,70000,0,user_20,905,905,
14866,,190000,0,user_0,906,,
14867,,2400000,0,user_1,906,,
14868,,30000000,0,user_2,906,,
14869,,1500000,0,user_4,906,,
14870,,1500000,19700,user_4,906,,
14871,,82000,0,user_5,906,,
14872,,5200000,0,user_6,906,,
14873,,83000,15100,user_7,906,,
14874,,1000000,0,user_8,906,,
14875,,1500000,0,user_10,906,,
14876,,2000000,0,user_10,906,,
14877,,420000,0,user_12,906,,
14878,,160000,0,user_14,906,,
14879,,2300000,0,user_17,906,,
14880,,79000,0,user_19,906,,
14881,,220000,0,user_19,906,,
14882,,27000000,23500,user_21,906,,
14883,,2000000,0,user_23,906,,
14884,,30000000,12300,user_24,906,,
14885,,870000,0,user_25,906,,
14886,,1000000,0,user_27,906,,
14887,,2500000,0,user_29,906,,
14888,,2600000,0,user_29,906,,
14889,,350000,0,user_29,906,,
14890,,160000,34700,user_32,906,,
14891,,160000,0,user_35,906,,
14892,,460000,0,user_35,906,,
14893,,160000,0,user_35,906,,
14894,,120000,0,user_36,906,,
14895,,1200000,0,user_36,906,,
14896,,1600000,0,user_37,906,,
14897,,100000,0,user_37,906,,
14898,,70000,0,user_39,906,,
14899,,130000,0,user_40,906,,
14900,,77000,0,user_42,906,,
14901,,190000,0,user_42,906,,
14902,,170000,0,user_43,906,,
14903,,70000,0,user_44,906,,
14904,,83000,0,user_45,906,,
14905,,82000,0,user_46,906,,
14906,,360000,0,user_49,906,,
14920,0,0,0,builder_4,906,906,14884
14884,1,30000000,12300,user_24,906,906,
14868,2,30000000,0,user_2,906,906,
14921,3,0,0,builder_4,906,906,14882
14882,4,27000000,23500,user_21,906,906,
14872,5,5200000,0,user_6,906,906,
14888,6,2600000,0,user_29,906,906,
14887,7,2500000,0,user_29,906,906,
14867,8,2400000,0,user_1,906,906,
14879,9,2300000,0,user_17,906,906,
14876,10,2000000,0,user_10,906,906,
14883,11,2000000,0,user_23,906,906,
14896,12,1600000,0,user_37,906,906,
14870,13,1500000,19700,user_4,906,906,
14922,14,0,0,builder_4,906,906,14870
14869,15,1500000,0,user_4,906,906,
14875,16,1500000,0,user_10,906,906,
14895,17,1200000,0,user_36,906,906,
14874,18,1000000,0,user_8,906,906,
14886,19,1000000,0,user_27,906,906,
14885,20,870000,0,user_25,906,906,
14892,21,460000,0,user_35,906,906,
14877,22,420000,0,user_12,906,906,
14906,23,360000,0,user_49,906,906,
14889,24,350000,0,user_29,906,906,
14881,25,220000,0,user_19,906,906,
14923,26,0,0,builder_4,906,906,14890
14890,27,160000,34700,user_32,906,906,
14866,28,190000,0,user_0,906,906,
14901,29,190000,0,user_42,906,906,
14902,30,170000,0,user_43,906,906,
14878,31,160000,0,user_14,906,906,
14891,32,160000,0,user_35,906,906,
14893,33,160000,0,user_35,906,906,
14899,34,130000,0,user_40,906,906,
14894,35,120000,0,user_36,906,906,
14897,36,100000,0,user_37,906,906,
14904,37,83000,0,user_45,906,906,
14905,38,82000,0,user_46,906,906,
14880,39,79000,0,user_19,906,906,
14900,40,77000,0,user_42,906,906,
14903,41,70000,0,user_44,906,906,
14942,,160000,0,user_1,907,,
14943,,150000,30200,user_2,907,,
14944,,220000,0,user_4,907,,
14945,,910000,0,user_4,907,,
14946,,84000,215000,user_4,907,,
14947,,130000,0,user_4,907,,
14948,,660000,0,user_6,907,,
14949,,19000000,0,user_7,907,,
14950,,870000,0,user_8,907,,
14951,,77000,0,user_9,907,,
14952,,1400000,49100,user_10,907,,
14953,,5000000,296000,user_10,907,,
14954,,2600000,0,user_10,907,,
14955,,170000,0,user_10,907,,
14956,,87000,0,user_10,907,,
14957,,160000,0,user_11,907,,
14958,,30000000,0,user_11,907,,
14959,,2400000,0,user_11,907,,
14960,,320000,8520,user_11,907,,
14961,,85000,0,user_12,907,,
14962,,420000,32900,user_12,907,,
14963,,650000,7840,user_13,907,,
14964,,190000,369000,user_13,907,,
14965,,5200000,0,user_14,907,,
14966,,970000,0,user_15,907,,
14967,,1400000,0,user_17,907,,
14968,,1600000,0,user_17,907,,
14969,,1500000,31700,user_18,907,,
14970,,2100000,0,user_18,907,,
14971,,870000,0,user_19,907,,
14972,,6100000,0,user_21,907,,
14973,,310000,0,user_22,907,,
14974,,1200000,0,user_23,907,,
14975,,3500000,0,user_23,907,,
14976,,3200000,181000,user_23,907,,
14977,,220000,0,user_24,907,,
14978,,3600000,0,user_25,907,,
14979,,79000,0,user_26,907,,
14980,,3500000,17700000,user_27,907,,
14981,,170000,0,user_30,907,,
14982,,87000,71800,user_31,907,,
14983,,310000,0,user_32,907,,
14984,,660000,0,user_33,907,,
14985,,320000,0,user_33,907,,
14986,,170000,410000,user_35,907,,
14987,,2300000,0,user_36,907,,
14988,,98000,0,user_37,907,,
14989,,360000,0,user_37,907,,
14990,,77000,0,user_37,907,,
14991,,98000,0,user_37,907,,
14992,,1400000,32900,user_38,907,,
14993,,460000,0,user_38,907,,
14994,,6300000,0,user_41,907,,
14995,,910000,0,user_41,907,,
14996,,6300000,0,user_43,907,,
14997,,77000,0,user_45,907,,
14998,,1200000,0,user_45,907,,
14999,,1600000,0,user_46,907,,
15000,,310000,0,user_48,907,,
14958,0,30000000,0,user_11,907,907,
14949,1,19000000,0,user_7,907,907,
14994,2,6300000,0,user_41,907,907,
14996,3,6300000,0,user_43,907,907,
14972,4,6100000,0,user_21,907,907,
14965,5,5200000,0,user_14,907,907,
14953,6,5000000,296000,user_10,907,907,
14978,7,3600000,0,user_25,907,907,
14975,8,3500000,0,user_23,907,907,
14980,9,3500000,17700000,user_27,907,907,
14976,10,3200000,181000,user_23,907,907,
14954,11,2600000,0,user_10,907,907,
14959,12,2400000,0,user_11,907,907,
14987,13,2300000,0,user_36,907,907,
14970,14,2100000,0,user_18,907,907,
14968,15,1600000,0,user_17,907,907,
14999,16,1600000,0,user_46,907,907,
14969,17,1500000,31700,user_18,907,907,
14952,18,1400000,49100,user_10,907,907,
14967,19,1400000,0,user_17,907,907,
14992,20,1400000,32900,user_38,907,907,
14974,21,1200000,0,user_23,907,907,
14998,22,1200000,0,user_45,907,907,
14966,23,970000,0,user_15,907,907,
14995,24,910000,0,user_41,907,907,
14950,25,870000,0,user_8,907,907,
14971,26,870000,0,user_19,907,907,
14948,27,660000,0,user_6,907,907,
14984,28,660000,0,user_33,907,907,
14963,29,650000,7840,user_13,907,907,
14993,30,460000,0,user_38,907,907,
14960,31,320000,8520,user_11,907,907,
14985,32,320000,0,user_33,907,907,
14973,33,310000,0,user_22,907,907,
14983,34,310000,0,user_32,907,907,
15000,35,310000,0,user_48,907,907,
14977,36,220000,0,user_24,907,907,
14964,37,190000,369000,user_13,907,907,
14955,38,170000,0,user_10,907,907,
14981,39,170000,0,user_30,907,907,
14986,40,170000,410000,user_35,907,907,
14957,41,160000,0,user_11,907,907,
14943,42,150000,30200,user_2,907,907,
14956,43,87000,0,user_10,907,907,
14982,44,87000,71800,user_31,907,907,
14951,45,77000,0,user_9,907,907,
14997,46,77000,0,user_45,907,907,
15104,,1200000,0,user_1,908,,
15105,,220000,0,user_2,908,,
15106,,220000,0,user_4,908,,
15107,,150000,0,user_5,908,,
15108,,150000,68100,user_5,908,,
15109,,370000,0,user_7,908,,
15110,,1900000,0,user_7,908,,
15111,,3500000,66100,user_9,908,,
15112,,5000000,0,user_10,908,,
15113,,77000,256000,user_10,908,,
15114,,5200000,0,user_12,908,,
15115,,2300000,49100,user_12,908,,
15116,,170000,0,user_13,908,,
15117,,2100000,769000,user_13,908,,
15118,,220000,0,user_13,908,,
15119,,1600000,0,user_13,908,,
15120,,85000,71800,user_13,908,,
15121,,420000,0,user_14,908,,
15122,,80000,0,user_14,908,,
15123,,160000,0,user_15,908,,
15124,,5200000,0,user_16,908,,
15125,,310000,0,user_17,908,,
15126,,110000,0,user_18,908,,
15127,,3500000,0,user_18,908,,
15128,,79000,0,user_18,908,,
15129,,150000,0,user_18,908,,
15130,,310000,0,user_20,908,,
15131,,300000,0,user_20,908,,
15132,,310000,23500,user_21,908,,
15133,,1800000,0,user_21,908,,
15134,,1000000,0,user_22,908,,
15135,,300000,0,user_26,908,,
15136,,220000,0,user_26,908,,
15137,,110000,0,user_28,908,,
15138,,2000000,0,user_28,908,,
15139,,1100000,12800,user_30,908,,
15140,,6300000,0,user_31,908,,
15141,,120000,0,user_33,908,,
15142,,120000,17000,user_34,908,,
15143,,5000000,0,user_35,908,,
15144,,150000,0,user_35,908,,
15145,,2000000,0,user_36,908,,
15146,,6100000,0,user_37,908,,
15147,,150000,0,user_37,908,,
15148,,170000,0,user_38,908,,
15149,,870000,0,user_40,908,,
15150,,110000,0,user_40,908,,
15151,,220000,0,user_41,908,,
15152,,82000,0,user_41,908,,
15153,,4500000,0,user_43,908,,
15154,,630000,0,user_43,908,,
15155,,1000000,0,user_44,908,,
15156,,220000,0,user_45,908,,
15157,,660000,0,user_45,908,,
15158,,370000,0,user_46,908,,
15159,,3500000,64600,user_46,908,,
15160,,1100000,0,user_46,908,,
15161,,84000,0,user_46,908,,
15162,,120000,5180,user_46,908,,
15163,,1500000,0,user_48,908,,
15164,,190000,0,user_49,908,,
15140,0,6300000,0,user_31,908,908,
15146,1,6100000,0,user_37,908,908,
15114,2,5200000,0,user_12,908,908,
15124,3,5200000,0,user_16,908,908,
15112,4,5000000,0,user_10,908,908,
15143,5,5000000,0,user_35,908,908,
15153,6,4500000,0,user_43,908,908,
15111,7,3500000,66100,user_9,908,908,
15200,8,0,0,builder_4,908,908,15111
15201,9,0,0,builder_4,908,908,15159
15159,10,3500000,64600,user_46,908,908,
15127,11,3500000,0,user_18,908,908,
15202,12,0,0,builder_4,908,908,15117
15117,13,2100000,769000,user_13,908,908,
15203,14,0,0,builder_4,908,908,15115
15115,15,2300000,49100,user_12,908,908,
15138,16,2000000,0,user_28,908,908,
15145,17,2000000,0,user_36,908,908,
15133,18,1800000,0,user_21,908,908,
15119,19,1600000,0,user_13,908,908,
15163,20,1500000,0,user_48,908,908,
15104,21,1200000,0,user_1,908,908,
15139,22,1100000,12800,user_30,908,908,
15204,23,0,0,builder_4,908,908,15139
15160,24,1100000,0,user_46,908,908,
15134,25,1000000,0,user_22,908,908,
15155,26,1000000,0,user_44,908,908,
15149,27,870000,0,user_40,908,908,
15157,28,660000,0,user_45,908,908,
15154,29,630000,0,user_43,908,908,
15121,30,420000,0,user_14,908,908,
15158,31,370000,0,user_46,908,908,
15132,32,310000,23500,user_21,908,908,
15205,33,0,0,builder_4,908,908,15132
15113,34,77000,256000,user_10,908,908,
15206,35,0,0,builder_4,908,908,15113
15125,36,310000,0,user_17,908,908,
15130,37,310000,0,user_20,908,908,
15131,38,300000,0,user_20,908,908,
15135,39,300000,0,user_26,908,908,
15105,40,220000,0,user_2,908,908,
15106,41,220000,0,user_4,908,908,
15118,42,220000,0,user_13,908,908,
15136,43,220000,0,user_26,908,908,
15151,44,220000,0,user_41,908,908,
15156,45,220000,0,user_45,908,908,
15164,46,190000,0,user_49,908,908,
15116,47,170000,0,user_13,908,908,
15148,48,170000,0,user_38,908,908,
15120,49,85000,71800,user_13,908,908,
15207,50,0,0,builder_4,908,908,15120
15129,51,150000,0,user_18,908,908,
15144,52,150000,0,user_35,908,908,
15147,53,150000,0,user_37,908,908,
15142,54,120000,17000,user_34,908,908,
15208,55,0,0,builder_4,908,908,15142
15162,56,120000,5180,user_46,908,908,
15209,57,0,0,builder_4,908,908,15162
15141,58,120000,0,user_33,908,908,
15126,59,110000,0,user_18,908,908,
15137,60,110000,0,user_28,908,908,
15150,61,110000,0,user_40,908,908,
15161,62,84000,0,user_46,908,908,
15152,63,82000,0,user_41,908,908,
15122,64,80000,0,user_14,908,908,
15128,65,79000,0,user_18,908,908,
15238,,1100000,0,user_0,909,,
15239,,110000,146000,user_2,909,,
15240,,150000,42000,user_3,909,,
15241,,460000,0,user_4,909,,
15242,,870000,46500,user_7,909,,
15243,,1900000,4320000,user_8,909,,
15244,,130000,0,user_9,909,,
15245,,110000,0,user_10,909,,
15246,,630000,0,user_14,909,,
15247,,87000,0,user_16,909,,
15248,,5200000,0,user_17,909,,
15249,,5200000,161000,user_19,909,,
15250,,460000,0,user_19,909,,
15251,,1500000,0,user_20,909,,
15252,,160000,0,user_20,909,,
15253,,460000,0,user_21,909,,
15254,,5200000,0,user_21,909,,
15255,,98000,0,user_21,909,,
15256,,1500000,0,user_21,909,,
15257,,300000,510000,user_22,909,,
15258,,170000,0,user_23,909,,
15259,,84000,16400,user_24,909,,
15260,,870000,0,user_24,909,,
15261,,27000000,0,user_26,909,,
15262,,2100000,11200,user_26,909,,
15263,,650000,0,user_27,909,,
15264,,220000,21800,user_27,909,,
15265,,120000,283000,user_28,909,,
15266,,19000000,5630,user_30,909,,
15267,,1500000,0,user_30,909,,
15268,,80000,0,user_30,909,,
15269,,83000,0,user_32,909,,
15270,,120000,0,user_33,909,,
15271,,1700000,0,user_35,909,,
15272,,5200000,7840,user_35,909,,
15273,,1400000,0,user_36,909,,
15274,,120000,0,user_37,909,,
15275,,77000,0,user_38,909,,
15276,,130000,5630,user_39,909,,
15277,,660000,0,user_40,909,,
15278,,1000000,0,user_41,909,,
15279,,110000,0,user_42,909,,
15280,,27000000,0,user_43,909,,
15281,,150000,0,user_43,909,,
15282,,6100000,0,user_43,909,,
15283,,150000,0,user_43,909,,
15284,,1600000,0,user_44,909,,
15285,,160000,0,user_45,909,,
15286,,5000000,0,user_46,909,,
15287,,420000,0,user_46,909,,
15288,,110000,0,user_46,909,,
15289,,110000,0,user_46,909,,
15290,,120000,0,user_46,909,,
15291,,2400000,0,user_47,909,,
15261,0,27000000,0,user_26,909,909,
15280,1,27000000,0,user_43,909,909,
15292,2,0,0,builder_0,909,909,15266
15266,3,19000000,5630,user_30,909,909,
15293,4,0,0,builder_0,909,909,15243
15243,5,1900000,4320000,user_8,909,909,
15282,6,6100000,0,user_43,909,909,
15294,7,0,0,builder_0,909,909,15249
15249,8,5200000,161000,user_19,909,909,
15295,9,0,0,builder_0,909,909,15272
15272,10,5200000,7840,user_35,909,909,
15248,11,5200000,0,user_17,909,909,
15254,12,5200000,0,user_21,909,909,
15286,13,5000000,0,user_46,909,909,
15291,14,2400000,0,user_47,909,909,
15262,15,2100000,11200,user_26,909,909,
15296,16,0,0,builder_0,909,909,15262
15271,17,1700000,0,user_35,909,909,
15284,18,1600000,0,user_44,909,909,
15251,19,1500000,0,user_20,909,909,
15256,20,1500000,0,user_21,909,909,
15267,21,1500000,0,user_30,909,909,
15273,22,1400000,0,user_36,909,909,
15238,23,1100000,0,user_0,909,909,
15278,24,1000000,0,user_41,909,909,
15297,25,0,0,builder_0,909,909,15242
15242,26,870000,46500,user_7,909,909,
15257,27,300000,510000,user_22,909,909,
15298,28,0,0,builder_0,909,909,15257
15277,29,660000,0,user_40,909,909,
15263,30,650000,0,user_27,909,909,
15246,31,630000,0,user_14,909,909,
15250,32,460000,0,user_19,909,909,
15253,33,460000,0,user_21,909,909,
15287,34,420000,0,user_46,909,909,
15265,35,120000,283000,user_28,909,909,
15299,36,0,0,builder_0,909,909,15265
15239,37,110000,146000,user_2,909,909,
15300,38,0,0,builder_0,909,909,15239
15264,39,220000,21800,user_27,909,909,
15301,40,0,0,builder_0,909,909,15264
15240,41,150000,42000,user_3,909,909,
15302,42,0,0,builder_0,909,909,15240
15258,43,170000,0,user_23,909,909,
15252,44,160000,0,user_20,909,909,
15281,45,150000,0,user_43,909,909,
15283,46,150000,0,user_43,909,909,
15244,47,130000,0,user_9,909,909,
15270,48,120000,0,user_33,909,909,
15274,49,120000,0,user_37,909,909,
15290,50,120000,0,user_46,909,909,
15245,51,110000,0,user_10,909,909,
15279,52,110000,0,user_42,909,909,
15288,53,110000,0,user_46,909,909,
15289,54,110000,0,user_46,909,909,
15255,55,98000,0,user_21,909,909,
15247,56,87000,0,user_16,909,909,
15269,57,83000,0,user_32,909,909,
15268,58,80000,0,user_30,909,909,
15275,59,77000,0,user_38,909,909,
15382,,120000,17700000,user_0,910,,
15383,,98000,0,user_2,910,,
15384,,43000000,0,user_3,910,,
15385,,1000000,0,user_4,910,,
15386,,1600000,0,user_5,910,,
15387,,1000000,0,user_5,910,,
15388,,19000000,0,user_5,910,,
15389,,120000,0,user_5,910,,
15390,,83000,0,user_6,910,,
15391,,6100000,0,user_7,910,,
15392,,460000,0,user_8,910,,
15393,,2000000,0,user_9,910,,
15394,,2000000,0,user_10,910,,
15395,,1200000,46500,user_11,910,,
15396,,160000,0,user_11,910,,
15397,,30000000,0,user_12,910,,
15398,,320000,0,user_12,910,,
15399,,1000000,0,user_13,910,,
15400,,1300000,0,user_13,910,,
15401,,240000,0,user_14,910,,
15402,,1000000,33100,user_15,910,,
15403,,2400000,0,user_15,910,,
15404,,70000,0,user_16,910,,
15405,,19000000,0,user_16,910,,
15406,,600000,0,user_17,910,,
15407,,3500000,0,user_18,910,,
15408,,530000,0,user_19,910,,
15409,,170000,0,user_20,910,,
15410,,170000,73100,user_21,910,,
15411,,27000000,0,user_22,910,,
15412,,1100000,0,user_23,910,,
15413,,150000,0,user_25,910,,
15414,,79000,0,user_27,910,,
15415,,360000,36800,user_29,910,,
15416,,5200000,0,user_30,910,,
15417,,1100000,0,user_30,910,,
15418,,150000,296000,user_31,910,,
15419,,1100000,0,user_32,910,,
15420,,150000,0,user_33,910,,
15421,,300000,4320000,user_33,910,,
15422,,110000,0,user_33,910,,
15423,,320000,0,user_34,910,,
15424,,120000,0,user_35,910,,
15425,,2300000,12300,user_35,910,,
15426,,630000,0,user_40,910,,
15427,,350000,0,user_41,910,,
15428,,1500000,3130,user_42,910,,
15429,,220000,68100,user_44,910,,
15430,,310000,959000,user_44,910,,
15431,,1500000,0,user_44,910,,
15432,,150000,0,user_44,910,,
15433,,360000,0,user_44,910,,
15434,,85000,0,user_45,910,,
15435,,370000,0,user_46,910,,
15384,0,43000000,0,user_3,910,910,
15397,1,30000000,0,user_12,910,910,
15411,2,27000000,0,user_22,910,910,
15388,3,19000000,0,user_5,910,910,
15405,4,19000000,0,user_16,910,910,
15391,5,6100000,0,user_7,910,910,
15416,6,5200000,0,user_30,910,910,
15407,7,3500000,0,user_18,910,910,
15403,8,2400000,0,user_15,910,910,
15425,9,2300000,12300,user_35,910,910,
15394,10,2000000,0,user_10,910,910,
15386,11,1600000,0,user_5,910,910,
15428,12,1500000,3130,user_42,910,910,
15431,13,1500000,0,user_44,910,910,
15400,14,1300000,0,user_13,910,910,
15395,15,1200000,46500,user_11,910,910,
15412,16,1100000,0,user_23,910,910,
15417,17,1100000,0,user_30,910,910,
15385,18,1000000,0,user_4,910,910,
15387,19,1000000,0,user_5,910,910,
15399,20,1000000,0,user_13,910,910,
15402,21,1000000,33100,user_15,910,910,
15426,22,630000,0,user_40,910,910,
15406,23,600000,0,user_17,910,910,
15392,24,460000,0,user_8,910,910,
15435,25,370000,0,user_46,910,910,
15415,26,360000,36800,user_29,910,910,
15433,27,360000,0,user_44,910,910,
15427,28,350000,0,user_41,910,910,
15398,29,320000,0,user_12,910,910,
15423,30,320000,0,user_34,910,910,
15430,31,310000,959000,user_44,910,910,
15421,32,300000,4320000,user_33,910,910,
15429,33,220000,68100,user_44,910,910,
15409,34,170000,0,user_20,910,910,
15410,35,170000,73100,user_21,910,910,
15396,36,160000,0,user_11,910,910,
15413,37,150000,0,user_25,910,910,
15418,38,150000,296000,user_31,910,910,
15420,39,150000,0,user_33,910,910,
15432,40,150000,0,user_44,910,910,
15382,41,120000,17700000,user_0,910,910,
15389,42,120000,0,user_5,910,910,
15424,43,120000,0,user_35,910,910,
15422,44,110000,0,user_33,910,910,
15383,45,98000,0,user_2,910,910,
15434,46,85000,0,user_45,910,910,
15390,47,83000,0,user_6,910,910,
15414,48,79000,0,user_27,910,910,
15404,49,70000,0,user_16,910,910,
15515,,80000,0,user_0,911,,
15516,,2000000,0,user_1,911,,
15517,,2600000,0,user_2,911,,
15518,,160000,0,user_5,911,,
15519,,360000,0,user_5,911,,
15520,,1500000,0,user_6,911,,
15521,,1100000,0,user_6,911,,
15522,,170000,0,user_8,911,,
15523,,82000,0,user_8,911,,
15524,,2000000,0,user_8,911,,
15525,,3500000,0,user_8,911,,
15526,,870000,0,user_8,911,,
15527,,1500000,0,user_9,911,,
15528,,120000,0,user_10,911,,
15529,,2500000,0,user_11,911,,
15530,,110000,0,user_11,911,,
15531,,1600000,0,user_12,911,,
15532,,2000000,0,user_14,911,,
15533,,110000,0,user_15,911,,
15534,,2500000,0,user_15,911,,
15535,,1600000,0,user_16,911,,
15536,,220000,0,user_17,911,,
15537,,70000,43600,user_18,911,,
15538,,170000,0,user_19,911,,
15539,,1100000,0,user_19,911,,
15540,,660000,0,user_19,911,,
15541,,73000,0,user_19,911,,
15542,,82000,0,user_19,911,,
15543,,110000,0,user_20,911,,
15544,,1000000,0,user_20,911,,
15545,,43000000,0,user_21,911,,
15546,,220000,0,user_24,911,,
15547,,460000,0,user_26,911,,
15548,,130000,0,user_29,911,,
15549,,220000,1100000,user_30,911,,
15550,,30000000,0,user_31,911,,
15551,,150000,0,user_31,911,,
15552,,87000,0,user_32,911,,
15553,,73000,0,user_33,911,,
15554,,1000000,0,user_34,911,,
15555,,120000,215000,user_35,911,,
15556,,110000,0,user_35,911,,
15557,,83000,84800,user_36,911,,
15558,,660000,0,user_38,911,,
15559,,160000,0,user_39,911,,
15560,,370000,195000,user_39,911,,
15561,,220000,0,user_39,911,,
15562,,630000,0,user_39,911,,
15563,,460000,181000,user_40,911,,
15564,,2100000,215000,user_40,911,,
15565,,870000,0,user_42,911,,
15566,,340000,0,user_43,911,,
15567,,660000,0,user_44,911,,
15568,,98000,0,user_44,911,,
15569,,1900000,959000,user_45,911,,
15570,,120000,0,user_45,911,,
15571,,220000,0,user_46,911,,
15572,,110000,0,user_47,911,,
15573,,1400000,231000,user_48,911,,
15574,,2000000,16400,user_49,911,,
15545,0,43000000,0,user_21,911,911,
15550,1,30000000,0,user_31,911,911,
15525,2,3500000,0,user_8,911,911,
15517,3,2600000,0,user_2,911,911,
15529,4,2500000,0,user_11,911,911,
15534,5,2500000,0,user_15,911,911,
15564,6,2100000,215000,user_40,911,911,
15516,7,2000000,0,user_1,911,911,
15524,8,2000000,0,user_8,911,911,
15532,9,2000000,0,user_14,911,911,
15574,10,2000000,16400,user_49,911,911,
15569,11,1900000,959000,user_45,911,911,
15531,12,1600000,0,user_12,911,911,
15535,13,1600000,0,user_16,911,911,
15520,14,1500000,0,user_6,911,911,
15521,15,1100000,0,user_6,911,911,
15539,16,1100000,0,user_19,911,911,
15544,17,1000000,0,user_20,911,911,
15554,18,1000000,0,user_34,911,911,
15526,19,870000,0,user_8,911,911,
15565,20,870000,0,user_42,911,911,
15540,21,660000,0,user_19,911,911,
15567,22,660000,0,user_44,911,911,
15562,23,630000,0,user_39,911,911,
15547,24,460000,0,user_26,911,911,
15563,25,460000,181000,user_40,911,911,
15560,26,370000,195000,user_39,911,911,
15566,27,340000,0,user_43,911,911,
15536,28,220000,0,user_17,911,911,
15546,29,220000,0,user_24,911,911,
15549,30,220000,1100000,user_30,911,911,
15561,31,220000,0,user_39,911,911,
15571,32,220000,0,user_46,911,911,
15522,33,170000,0,user_8,911,911,
15538,34,170000,0,user_19,911,911,
15559,35,160000,0,user_39,911,911,
15551,36,150000,0,user_31,911,911,
15548,37,130000,0,user_29,911,911,
15555,38,120000,215000,user_35,911,911,
15570,39,120000,0,user_45,911,911,
15530,40,110000,0,user_11,911,911,
15533,41,110000,0,user_15,911,911,
15543,42,110000,0,user_20,911,911,
15556,43,110000,0,user_35,911,911,
15572,44,110000,0,user_47,911,911,
15568,45,98000,0,user_44,911,911,
15552,46,87000,0,user_32,911,911,
15523,47,82000,0,user_8,911,911,
15542,48,82000,0,user_19,911,911,
15515,49,80000,0,user_0,911,911,
15541,50,73000,0,user_19,911,911,
15553,51,73000,0,user_33,911,911,
15537,52,70000,43600,user_18,911,911,
15649,,130000,0,user_0,912,,
15650,,970000,0,user_1,912,,
15651,,2400000,0,user_2,912,,
15652,,320000,6390,user_3,912,,
15653,,110000,0,user_4,912,,
15654,,650000,0,user_5,912,,
15655,,1100000,0,user_6,912,,
15656,,110000,0,user_6,912,,
15657,,85000,0,user_7,912,,
15658,,220000,0,user_8,912,,
15659,,460000,0,user_9,912,,
15660,,27000000,0,user_10,912,,
15661,,150000,0,user_12,912,,
15662,,1500000,21800,user_13,912,,
15663,,670000,0,user_13,912,,
15664,,1300000,369000,user_13,912,,
15665,,670000,0,user_13,912,,
15666,,73000,0,user_14,912,,
15667,,170000,0,user_14,912,,
15668,,1900000,0,user_15,912,,
15669,,170000,0,user_16,912,,
15670,,2000000,46500,user_17,912,,
15671,,87000,35100,user_17,912,,
15672,,2500000,0,user_18,912,,
15673,,150000,0,user_19,912,,
15674,,73000,0,user_20,912,,
15675,,83000,0,user_22,912,,
15676,,83000,0,user_23,912,,
15677,,150000,0,user_25,912,,
15678,,1500000,0,user_26,912,,
15679,,2000000,0,user_27,912,,
15680,,150000,0,user_27,912,,
15681,,30000000,0,user_27,912,,
15682,,2000000,0,user_27,912,,
15683,,1500000,75000,user_28,912,,
15684,,350000,0,user_30,912,,
15685,,160000,0,user_31,912,,
15686,,970000,0,user_31,912,,
15687,,83000,0,user_32,912,,
15688,,5200000,0,user_34,912,,
15689,,910000,0,user_35,912,,
15690,,150000,0,user_37,912,,
15691,,970000,0,user_39,912,,
15692,,1800000,0,user_39,912,,
15693,,6300000,64600,user_39,912,,
15694,,420000,0,user_40,912,,
15695,,260000,17700000,user_41,912,,
15696,,130000,0,user_42,912,,
15697,,3500000,0,user_42,912,,
15698,,1500000,1100000,user_45,912,,
15699,,1000000,0,user_45,912,,
15700,,82000,67900,user_45,912,,
15701,,4200000,0,user_45,912,,
15702,,19000000,0,user_45,912,,
15703,,170000,0,user_46,912,,
15704,,320000,0,user_47,912,,
15705,,260000,0,user_47,912,,
15681,0,30000000,0,user_27,912,912,
15660,1,27000000,0,user_10,912,912,
15702,2,19000000,0,user_45,912,912,
15693,3,6300000,64600,user_39,912,912,
15688,4,5200000,0,user_34,912,912,
15701,5,4200000,0,user_45,912,912,
15697,6,3500000,0,user_42,912,912,
15672,7,2500000,0,user_18,912,912,
15651,8,2400000,0,user_2,912,912,
15670,9,2000000,46500,user_17,912,912,
15679,10,2000000,0,user_27,912,912,
15682,11,2000000,0,user_27,912,912,
15668,12,1900000,0,user_15,912,912,
15692,13,1800000,0,user_39,912,912,
15662,14,1500000,21800,user_13,912,912,
15678,15,1500000,0,user_26,912,912,
15683,16,1500000,75000,user_28,912,912,
15698,17,1500000,1100000,user_45,912,912,
15664,18,1300000,369000,user_13,912,912,
15655,19,1100000,0,user_6,912,912,
15699,20,1000000,0,user_45,912,912,
15650,21,970000,0,user_1,912,912,
15686,22,970000,0,user_31,912,912,
15691,23,970000,0,user_39,912,912,
15663,24,670000,0,user_13,912,912,
15665,25,670000,0,user_13,912,912,
15659,26,460000,0,user_9,912,912,
15694,27,420000,0,user_40,912,912,
15684,28,350000,0,user_30,912,912,
15704,29,320000,0,user_47,912,912,
15695,30,260000,17700000,user_41,912,912,
15705,31,260000,0,user_47,912,912,
15658,32,220000,0,user_8,912,912,
15667,33,170000,0,user_14,912,912,
15669,34,170000,0,user_16,912,912,
15703,35,170000,0,user_46,912,912,
15685,36,160000,0,user_31,912,912,
15661,37,150000,0,user_12,912,912,
15673,38,150000,0,user_19,912,912,
15677,39,150000,0,user_25,912,912,
15680,40,150000,0,user_27,912,912,
15649,41,130000,0,user_0,912,912,
15696,42,130000,0,user_42,912,912,
15653,43,110000,0,user_4,912,912,
15656,44,110000,0,user_6,912,912,
15671,45,87000,35100,user_17,912,912,
15657,46,85000,0,user_7,912,912,
15675,47,83000,0,user_22,912,912,
15676,48,83000,0,user_23,912,912,
15700,49,82000,67900,user_45,912,912,
15666,50,73000,0,user_14,912,912,
15674,51,73000,0,user_20,912,912,
15776,,370000,0,user_0,913,,
15777,,110000,0,user_0,913,,
15778,,170000,0,user_0,913,,
15779,,240000,0,user_0,913,,
15780,,870000,0,user_1,913,,
15781,,260000,155000,user_2,913,,
15782,,370000,0,user_4,913,,
15783,,3600000,0,user_5,913,,
15784,,1500000,0,user_6,913,,
15785,,87000,0,user_6,913,,
15786,,600000,0,user_7,913,,
15787,,240000,0,user_9,913,,
15788,,970000,0,user_9,913,,
15789,,2100000,0,user_10,913,,
15790,,650000,0,user_15,913,,
15791,,83000,0,user_17,913,,
15792,,470000,0,user_18,913,,
15793,,110000,0,user_19,913,,
15794,,630000,16400,user_20,913,,
15795,,4200000,0,user_20,913,,
15796,,1000000,0,user_21,913,,
15797,,80000,215000,user_21,913,,
15798,,130000,0,user_21,913,,
15799,,340000,0,user_21,913,,
15800,,660000,15700,user_26,913,,
15801,,1900000,0,user_26,913,,
15802,,87000,0,user_27,913,,
15803,,87000,0,user_28,913,,
15804,,1700000,0,user_28,913,,
15805,,1400000,0,user_28,913,,
15806,,2500000,0,user_29,913,,
15807,,2500000,0,user_30,913,,
15808,,110000,0,user_31,913,,
15809,,420000,0,user_31,913,,
15810,,6100000,0,user_34,913,,
15811,,170000,108000,user_35,913,,
15812,,3500000,0,user_37,913,,
15813,,110000,0,user_40,913,,
15814,,30000000,67500,user_40,913,,
15815,,220000,0,user_41,913,,
15816,,870000,8520,user_43,913,,
15817,,670000,60700,user_45,913,,
15818,,320000,0,user_45,913,,
15819,,2600000,0,user_45,913,,
15820,,530000,0,user_45,913,,
15821,,1500000,0,user_45,913,,
15822,,82000,0,user_46,913,,
15823,,460000,0,user_47,913,,
15824,,43000000,0,user_48,913,,
15824,0,43000000,0,user_48,913,913,
15843,1,0,0,builder_3,913,913,15814
15814,2,30000000,67500,user_40,913,913,
15810,3,6100000,0,user_34,913,913,
15795,4,4200000,0,user_20,913,913,
15783,5,3600000,0,user_5,913,913,
15812,6,3500000,0,user_37,913,913,
15819,7,2600000,0,user_45,913,913,
15806,8,2500000,0,user_29,913,913,
15807,9,2500000,0,user_30,913,913,
15789,10,2100000,0,user_10,913,913,
15801,11,1900000,0,user_26,913,913,
15804,12,1700000,0,user_28,913,913,
15821,13,1500000,0,user_45,913,913,
15805,14,1400000,0,user_28,913,913,
15796,15,1000000,0,user_21,913,913,
15844,16,0,0,builder_3,913,913,15816
15816,17,870000,8520,user_43,913,913,
15817,18,670000,60700,user_45,913,913,
15845,19,0,0,builder_3,913,913,15817
15800,20,660000,15700,user_26,913,913,
15846,21,0,0,builder_3,913,913,15800
15790,22,650000,0,user_15,913,913,
15847,23,0,0,builder_3,913,913,15794
15794,24,630000,16400,user_20,913,913,
15786,25,600000,0,user_7,913,913,
15820,26,530000,0,user_45,913,913,
15792,27,470000,0,user_18,913,913,
15823,28,460000,0,user_47,913,913,
15809,29,420000,0,user_31,913,913,
15781,30,260000,155000,user_2,913,913,
15848,31,0,0,builder_3,913,913,15781
15776,32,370000,0,user_0,913,913,
15782,33,370000,0,user_4,913,913,
15799,34,340000,0,user_21,913,913,
15818,35,320000,0,user_45,913,913,
15797,36,80000,215000,user_21,913,913,
15849,37,0,0,builder_3,913,913,15797
15811,38,170000,108000,user_35,913,913,
15850,39,0,0,builder_3,913,913,15811
15779,40,240000,0,user_0,913,913,
15815,41,220000,0,user_41,913,913,
15778,42,170000,0,user_0,913,913,
15798,43,130000,0,user_21,913,913,
15777,44,110000,0,user_0,913,913,
15793,45,110000,0,user_19,913,913,
15808,46,110000,0,user_31,913,913,
15813,47,110000,0,user_40,913,913,
15803,48,87000,0,user_28,913,913,
15791,49,83000,0,user_17,913,913,
15822,50,82000,0,user_46,913,913,
15879,,1000000,0,user_0,914,,
15880,,120000,0,user_0,914,,
15881,,170000,0,user_2,914,,
15882,,2500000,12800,user_3,914,,
15883,,120000,0,user_4,914,,
15884,,110000,0,user_4,914,,
15885,,150000,0,user_4,914,,
15886,,1600000,0,user_4,914,,
15887,,120000,0,user_5,914,,
15888,,120000,0,user_10,914,,
15889,,2600000,0,user_12,914,,
15890,,19000000,0,user_13,914,,
15891,,3600000,0,user_17,914,,
15892,,73000,17700000,user_18,914,,
15893,,530000,0,user_19,914,,
15894,,1500000,0,user_20,914,,
15895,,340000,0,user_20,914,,
15896,,2000000,0,user_22,914,,
15897,,110000,75000,user_23,914,,
15898,,220000,15700,user_23,914,,
15899,,1600000,0,user_23,914,,
15900,,80000,0,user_24,914,,
15901,,1700000,0,user_25,914,,
15902,,1500000,0,user_25,914,,
15903,,160000,0,user_25,914,,
15904,,1300000,0,user_25,914,,
15905,,130000,0,user_26,914,,
15906,,160000,0,user_27,914,,
15907,,420000,11200,user_27,914,,
15908,,670000,0,user_28,914,,
15909,,5000000,0,user_29,914,,
15910,,3600000,0,user_30,914,,
15911,,80000,0,user_30,914,,
15912,,150000,13900,user_31,914,,
15913,,120000,108000,user_32,914,,
15914,,460000,0,user_32,914,,
15915,,6300000,0,user_34,914,,
15916,,910000,0,user_35,914,,
15917,,310000,0,user_36,914,,
15918,,5000000,0,user_38,914,,
15919,,19000000,231000,user_39,914,,
15920,,1500000,0,user_40,914,,
15921,,650000,0,user_42,914,,
15922,,420000,0,user_42,914,,
15923,,6300000,0,user_43,914,,
15924,,2500000,0,user_45,914,,
15925,,1700000,0,user_45,914,,
15926,,70000,0,user_47,914,,
15927,,1100000,0,user_47,914,,
15928,,470000,0,user_48,914,,
15929,,120000,0,user_49,914,,
15890,0,19000000,0,user_13,914,914,
15919,1,19000000,231000,user_39,914,914,
15915,2,6300000,0,user_34,914,914,
15923,3,6300000,0,user_43,914,914,
15909,4,5000000,0,user_29,914,914,
15918,5,5000000,0,user_38,914,914,
15891,6,3600000,0,user_17,914,914,
15910,7,3600000,0,user_30,914,914,
15889,8,2600000,0,user_12,914,914,
15924,9,2500000,0,user_45,914,914,
15896,10,2000000,0,user_22,914,914,
15901,11,1700000,0,user_25,914,914,
15925,12,1700000,0,user_45,914,914,
15886,13,1600000,0,user_4,914,914,
15899,14,1600000,0,user_23,914,914,
15894,15,1500000,0,user_20,914,914,
15902,16,1500000,0,user_25,914,914,
15920,17,1500000,0,user_40,914,914,
15904,18,1300000,0,user_25,914,914,
15927,19,1100000,0,user_47,914,914,
15879,20,1000000,0,user_0,914,914,
15908,21,670000,0,user_28,914,914,
15921,22,650000,0,user_42,914,914,
15893,23,530000,0,user_19,914,914,
15928,24,470000,0,user_48,914,914,
15907,25,420000,11200,user_27,914,914,
15922,26,420000,0,user_42,914,914,
15895,27,340000,0,user_20,914,914,
15898,28,220000,15700,user_23,914,914,
15881,29,170000,0,user_2,914,914,
15903,30,160000,0,user_25,914,914,
15906,31,160000,0,user_27,914,914,
15885,32,150000,0,user_4,914,914,
15912,33,150000,13900,user_31,914,914,
15905,34,130000,0,user_26,914,914,
15880,35,120000,0,user_0,914,914,
15883,36,120000,0,user_4,914,914,
15888,37,120000,0,user_10,914,914,
15884,38,110000,0,user_4,914,914,
15897,39,110000,75000,user_23,914,914,
15900,40,80000,0,user_24,914,914,
15911,41,80000,0,user_30,914,914,
15892,42,73000,17700000,user_18,914,914,
15926,43,70000,0,user_47,914,914,
15986,,1500000,15100,user_0,915,,
15987,,170000,0,user_0,915,,
15988,,160000,195000,user_2,915,,
15989,,2500000,0,user_2,915,,
15990,,470000,0,user_3,915,,
15991,,190000,0,user_5,915,,
15992,,2000000,0,user_7,915,,
15993,,160000,0,user_8,915,,
15994,,2100000,0,user_9,915,,
15995,,260000,0,user_11,915,,
15996,,170000,510000,user_15,915,,
15997,,1600000,0,user_16,915,,
15998,,360000,0,user_17,915,,
15999,,1600000,0,user_18,915,,
16000,,1500000,0,user_18,915,,
16001,,910000,0,user_20,915,,
16002,,70000,0,user_21,915,,
16003,,1100000,0,user_22,915,,
16004,,3500000,510000,user_25,915,,
16005,,130000,0,user_25,915,,
16006,,2500000,60700,user_26,915,,
16007,,1600000,0,user_27,915,,
16008,,6300000,0,user_31,915,,
16009,,1100000,0,user_33,915,,
16010,,120000,0,user_33,915,,
16011,,310000,0,user_35,915,,
16012,,650000,0,user_35,915,,
16013,,910000,0,user_36,915,,
16014,,370000,0,user_36,915,,
16015,,170000,0,user_36,915,,
16016,,130000,0,user_36,915,,
16017,,670000,0,user_36,915,,
16018,,1700000,0,user_37,915,,
16019,,1100000,0,user_39,915,,
16020,,30000000,0,user_39,915,,
16021,,1500000,0,user_40,915,,
16022,,2000000,0,user_40,915,,
16023,,120000,0,user_41,915,,
16024,,420000,0,user_42,915,,
16025,,150000,0,user_43,915,,
16026,,150000,0,user_45,915,,
16027,,27000000,0,user_45,915,,
16028,,2000000,0,user_47,915,,
16029,,100000,0,user_47,915,,
16030,,1000000,0,user_49,915,,
16020,0,30000000,0,user_39,915,915,
16027,1,27000000,0,user_45,915,915,
16008,2,6300000,0,user_31,915,915,
16004,3,3500000,510000,user_25,915,915,
15989,4,2500000,0,user_2,915,915,
16006,5,2500000,60700,user_26,915,915,
15992,6,2000000,0,user_7,915,915,
16022,7,2000000,0,user_40,915,915,
16028,8,2000000,0,user_47,915,915,
16018,9,1700000,0,user_37,915,915,
15997,10,1600000,0,user_16,915,915,
15999,11,1600000,0,user_18,915,915,
16007,12,1600000,0,user_27,915,915,
15986,13,1500000,15100,user_0,915,915,
16000,14,1500000,0,user_18,915,915,
16021,15,1500000,0,user_40,915,915,
16003,16,1100000,0,user_22,915,915,
16009,17,1100000,0,user_33,915,915,
16019,18,1100000,0,user_39,915,915,
16030,19,1000000,0,user_49,915,915,
16001,20,910000,0,user_20,915,915,
16013,21,910000,0,user_36,915,915,
16017,22,670000,0,user_36,915,915,
16012,23,650000,0,user_35,915,915,
15990,24,470000,0,user_3,915,915,
16024,25,420000,0,user_42,915,915,
16014,26,370000,0,user_36,915,915,
15998,27,360000,0,user_17,915,915,
16011,28,310000,0,user_35,915,915,
15995,29,260000,0,user_11,915,915,
15991,30,190000,0,user_5,915,915,
15987,31,170000,0,user_0,915,915,
15996,32,170000,510000,user_15,915,915,
16015,33,170000,0,user_36,915,915,
15988,34,160000,195000,user_2,915,915,
15993,35,160000,0,user_8,915,915,
16025,36,150000,0,user_43,915,915,
16026,37,150000,0,user_45,915,915,
16005,38,130000,0,user_25,915,915,
16016,39,130000,0,user_36,915,915,
16010,40,120000,0,user_33,915,915,
16023,41,120000,0,user_41,915,915,
16029,42,100000,0,user_47,915,915,
16002,43,70000,0,user_21,915,915,
16068,,970000,0,user_0,916,,
16069,,3200000,0,user_3,916,,
16070,,160000,15700,user_4,916,,
16071,,100000,0,user_5,916,,
16072,,170000,0,user_5,916,,
16073,,970000,46500,user_6,916,,
16074,,1400000,0,user_6,916,,
16075,,1600000,0,user_7,916,,
16076,,1500000,0,user_7,916,,
16077,,220000,64600,user_8,916,,
16078,,110000,0,user_8,916,,
16079,,910000,0,user_9,916,,
16080,,110000,0,user_10,916,,
16081,,170000,0,user_11,916,,
16082,,600000,0,user_12,916,,
16083,,300000,0,user_13,916,,
16084,,910000,0,user_13,916,,
16085,,3500000,0,user_13,916,,
16086,,83000,0,user_13,916,,
16087,,120000,0,user_14,916,,
16088,,2000000,0,user_14,916,,
16089,,670000,0,user_14,916,,
16090,,170000,0,user_14,916,,
16091,,120000,0,user_15,916,,
16092,,2000000,0,user_16,916,,
16093,,120000,0,user_16,916,,
16094,,2000000,0,user_17,916,,
16095,,4200000,0,user_19,916,,
16096,,220000,0,user_20,916,,
16097,,150000,0,user_21,916,,
16098,,910000,0,user_22,916,,
16099,,130000,0,user_23,916,,
16100,,870000,0,user_24,916,,
16101,,340000,0,user_24,916,,
16102,,120000,0,user_25,916,,
16103,,87000,283000,user_27,916,,
16104,,2300000,0,user_29,916,,
16105,,70000,0,user_29,916,,
16106,,82000,0,user_30,916,,
16107,,1300000,0,user_32,916,,
16108,,77000,0,user_33,916,,
16109,,84000,0,user_34,916,,
16110,,260000,0,user_35,916,,
16111,,120000,13900,user_36,916,,
16112,,170000,0,user_38,916,,
16113,,5000000,0,user_40,916,,
16114,,4500000,0,user_41,916,,
16115,,120000,0,user_42,916,,
16116,,150000,0,user_42,916,,
16117,,3500000,0,user_43,916,,
16118,,420000,0,user_45,916,,
16119,,630000,0,user_46,916,,
16120,,260000,0,user_47,916,,
16121,,82000,56200,user_48,916,,
16122,,150000,0,user_48,916,,
16123,,43000000,0,user_49,916,,
16123,0,43000000,0,user_49,916,916,
16113,1,5000000,0,user_40,916,916,
16114,2,4500000,0,user_41,916,916,
16095,3,4200000,0,user_19,916,916,
16085,4,3500000,0,user_13,916,916,
16117,5,3500000,0,user_43,916,916,
16069,6,3200000,0,user_3,916,916,
16104,7,2300000,0,user_29,916,916,
16088,8,2000000,0,user_14,916,916,
16092,9,2000000,0,user_16,916,916,
16094,10,2000000,0,user_17,916,916,
16075,11,1600000,0,user_7,916,916,
16076,12,1500000,0,user_7,916,916,
16074,13,1400000,0,user_6,916,916,
16107,14,1300000,0,user_32,916,916,
16068,15,970000,0,user_0,916,916,
16073,16,970000,46500,user_6,916,916,
16079,17,910000,0,user_9,916,916,
16084,18,910000,0,user_13,916,916,
16098,19,910000,0,user_22,916,916,
16100,20,870000,0,user_24,916,916,
16089,21,670000,0,user_14,916,916,
16119,22,630000,0,user_46,916,916,
16118,23,420000,0,user_45,916,916,
16101,24,340000,0,user_24,916,916,
16083,25,300000,0,user_13,916,916,
16110,26,260000,0,user_35,916,916,
16120,27,260000,0,user_47,916,916,
16077,28,220000,64600,user_8,916,916,
16096,29,220000,0,user_20,916,916,
16072,30,170000,0,user_5,916,916,
16081,31,170000,0,user_11,916,916,
16090,32,170000,0,user_14,916,916,
16112,33,170000,0,user_38,916,916,
16097,34,150000,0,user_21,916,916,
16116,35,150000,0,user_42,916,916,
16122,36,150000,0,user_48,916,916,
16099,37,130000,0,user_23,916,916,
16087,38,120000,0,user_14,916,916,
16091,39,120000,0,user_15,916,916,
16093,40,120000,0,user_16,916,916,
16102,41,120000,0,user_25,916,916,
16111,42,120000,13900,user_36,916,916,
16115,43,120000,0,user_42,916,916,
16078,44,110000,0,user_8,916,916,
16080,45,110000,0,user_10,916,916,
16071,46,100000,0,user_5,916,916,
16103,47,87000,283000,user_27,916,916,
16109,48,84000,0,user_34,916,916,
16086,49,83000,0,user_13,916,916,
16106,50,82000,0,user_30,916,916,
16121,51,82000,56200,user_48,916,916,
16108,52,77000,0,user_33,916,916,
16105,53,70000,0,user_29,916,916,
16167,,370000,0,user_0,917,,
16168,,2600000,0,user_1,917,,
16169,,220000,0,user_1,917,,
16170,,19000000,0,user_2,917,,
16171,,160000,0,user_3,917,,
16172,,150000,0,user_3,917,,
16173,,220000,0,user_3,917,,
16174,,260000,0,user_4,917,,
16175,,98000,23500,user_4,917,,
16176,,630000,49100,user_4,917,,
16177,,6300000,0,user_6,917,,
16178,,3200000,0,user_6,917,,
16179,,310000,410000,user_7,917,,
16180,,150000,410000,user_9,917,,
16181,,2400000,0,user_9,917,,
16182,,260000,0,user_10,917,,
16183,,1600000,0,user_12,917,,
16184,,27000000,0,user_14,917,,
16185,,1100000,15700,user_14,917,,
16186,,160000,381000,user_15,917,,
16187,,1600000,1100000,user_15,917,,
16188,,2300000,0,user_15,917,,
16189,,1200000,0,user_16,917,,
16190,,150000,0,user_18,917,,
16191,,120000,1100000,user_19,917,,
16192,,350000,0,user_20,917,,
16193,,79000,0,user_21,917,,
16194,,910000,0,user_22,917,,
16195,,460000,0,user_23,917,,
16196,,340000,75000,user_24,917,,
16197,,4500000,0,user_24,917,,
16198,,160000,0,user_26,917,,
16199,,83000,0,user_27,917,,
16200,,1000000,0,user_28,917,,
16201,,660000,0,user_28,917,,
16202,,1600000,0,user_30,917,,
16203,,98000,0,user_30,917,,
16204,,630000,56200,user_30,917,,
16205,,3200000,73100,user_30,917,,
16206,,910000,0,user_32,917,,
16207,,2000000,0,user_32,917,,
16208,,670000,16400,user_32,917,,
16209,,150000,0,user_32,917,,
16210,,110000,0,user_32,917,,
16211,,120000,68100,user_35,917,,
16212,,110000,779000,user_35,917,,
16213,,1100000,0,user_35,917,,
16214,,120000,35100,user_36,917,,
16215,,5000000,15100,user_37,917,,
16216,,1500000,4320000,user_38,917,,
16217,,110000,0,user_39,917,,
16218,,630000,0,user_42,917,,
16219,,310000,0,user_43,917,,
16220,,5200000,0,user_44,917,,
16221,,320000,0,user_46,917,,
16222,,1000000,0,user_47,917,,
16223,,1400000,8520,user_48,917,,
16224,,470000,0,user_49,917,,
16184,0,27000000,0,user_14,917,917,
16170,1,19000000,0,user_2,917,917,
16177,2,6300000,0,user_6,917,917,
16282,3,0,0,builder_4,917,917,16216
16216,4,1500000,4320000,user_38,917,917,
16220,5,5200000,0,user_44,917,917,
16215,6,5000000,15100,user_37,917,917,
16283,7,0,0,builder_4,917,917,16215
16197,8,4500000,0,user_24,917,917,
16284,9,0,0,builder_4,917,917,16205
16205,10,3200000,73100,user_30,917,917,
16178,11,3200000,0,user_6,917,917,
16168,12,2600000,0,user_1,917,917,
16181,13,2400000,0,user_9,917,917,
16207,14,2000000,0,user_32,917,917,
16183,15,1600000,0,user_12,917,917,
16202,16,1600000,0,user_30,917,917,
16223,17,1400000,8520,user_48,917,917,
16285,18,0,0,builder_4,917,917,16223
16286,19,0,0,builder_4,917,917,16191
16191,20,120000,1100000,user_19,917,917,
16189,21,1200000,0,user_16,917,917,
16185,22,1100000,15700,user_14,917,917,
16287,23,0,0,builder_4,917,917,16185
16213,24,1100000,0,user_35,917,917,
16200,25,1000000,0,user_28,917,917,
16194,26,910000,0,user_22,917,917,
16206,27,910000,0,user_32,917,917,
16288,28,0,0,builder_4,917,917,16212
16212,29,110000,779000,user_35,917,917,
16208,30,670000,16400,user_32,917,917,
16289,31,0,0,builder_4,917,917,16208
16204,32,630000,56200,user_30,917,917,
16290,33,0,0,builder_4,917,917,16204
16176,34,630000,49100,user_4,917,917,
16291,35,0,0,builder_4,917,917,16176
16201,36,660000,0,user_28,917,917,
16218,37,630000,0,user_42,917,917,
16292,38,0,0,builder_4,917,917,16180
16180,39,150000,410000,user_9,917,917,
16224,40,470000,0,user_49,917,917,
16195,41,460000,0,user_23,917,917,
16196,42,340000,75000,user_24,917,917,
16293,43,0,0,builder_4,917,917,16196
16167,44,370000,0,user_0,917,917,
16192,45,350000,0,user_20,917,917,
16221,46,320000,0,user_46,917,917,
16219,47,310000,0,user_43,917,917,
16174,48,260000,0,user_4,917,917,
16182,49,260000,0,user_10,917,917,
16169,50,220000,0,user_1,917,917,
16173,51,220000,0,user_3,917,917,
16294,52,0,0,builder_4,917,917,16211
16211,53,120000,68100,user_35,917,917,
16171,54,160000,0,user_3,917,917,
16198,55,160000,0,user_26,917,917,
16295,56,0,0,builder_4,917,917,16214
16214,57,120000,35100,user_36,917,917,
16172,58,150000,0,user_3,917,917,
16190,59,150000,0,user_18,917,917,
16209,60,150000,0,user_32,917,917,
16175,61,98000,23500,user_4,917,917,
16296,62,0,0,builder_4,917,917,16175
16210,63,110000,0,user_32,917,917,
16203,64,98000,0,user_30,917,917,
16199,65,83000,0,user_27,917,917,
16193,66,79000,0,user_21,917,917,
16356,,1500000,42000,user_2,918,,
16357,,600000,0,user_4,918,,
16358,,1000000,0,user_6,918,,
16359,,110000,0,user_7,918,,
16360,,19000000,0,user_8,918,,
16361,,43000000,0,user_9,918,,
16362,,220000,0,user_11,918,,
16363,,420000,256000,user_12,918,,
16364,,6100000,0,user_13,918,,
16365,,240000,0,user_13,918,,
16366,,2100000,0,user_16,918,,
16367,,530000,0,user_16,918,,
16368,,87000,0,user_16,918,,
16369,,2500000,0,user_16,918,,
16370,,350000,0,user_16,918,,
16371,,150000,47700,user_17,918,,
16372,,4500000,0,user_17,918,,
16373,,870000,0,user_17,918,,
16374,,350000,14200,user_19,918,,
16375,,420000,0,user_19,918,,
16376,,3500000,0,user_19,918,,
16377,,2000000,0,user_19,918,,
16378,,2000000,0,user_20,918,,
16379,,650000,0,user_20,918,,
16380,,1500000,0,user_20,918,,
16381,,240000,0,user_20,918,,
16382,,420000,0,user_20,918,,
16383,,370000,0,user_21,918,,
16384,,5000000,0,user_23,918,,
16385,,43000000,0,user_23,918,,
16386,,110000,0,user_23,918,,
16387,,2000000,0,user_23,918,,
16388,,1800000,0,user_25,918,,
16389,,190000,8520,user_26,918,,
16390,,1100000,0,user_27,918,,
16391,,1500000,0,user_27,918,,
16392,,170000,0,user_28,918,,
16393,,150000,0,user_28,918,,
16394,,650000,0,user_29,918,,
16395,,2000000,0,user_31,918,,
16396,,970000,108000,user_32,918,,
16397,,85000,0,user_33,918,,
16398,,910000,68100,user_34,918,,
16399,,300000,0,user_34,918,,
16400,,150000,19700,user_35,918,,
16401,,1700000,0,user_35,918,,
16402,,2000000,0,user_36,918,,
16403,,70000,0,user_37,918,,
16404,,420000,0,user_38,918,,
16405,,1600000,0,user_40,918,,
16406,,2400000,0,user_40,918,,
16407,,1600000,0,user_40,918,,
16408,,220000,0,user_40,918,,
16409,,4200000,15300,user_41,918,,
16410,,77000,0,user_42,918,,
16411,,170000,0,user_43,918,,
16412,,77000,0,user_44,918,,
16413,,85000,0,user_44,918,,
16414,,420000,0,user_46,918,,
16415,,43000000,0,user_47,918,,
16416,,2400000,0,user_48,918,,
16417,,82000,0,user_48,918,,
16418,,530000,0,user_48,918,,
16419,,2000000,350000,user_48,918,,
16420,,870000,0,user_48,918,,
16421,,43000000,0,user_49,918,,
16361,0,43000000,0,user_9,918,918,
16385,1,43000000,0,user_23,918,918,
16415,2,43000000,0,user_47,918,918,
16421,3,43000000,0,user_49,918,918,
16360,4,19000000,0,user_8,918,918,
16364,5,6100000,0,user_13,918,918,
16384,6,5000000,0,user_23,918,918,
16372,7,4500000,0,user_17,918,918,
16409,8,4200000,15300,user_41,918,918,
16376,9,3500000,0,user_19,918,918,
16369,10,2500000,0,user_16,918,918,
16406,11,2400000,0,user_40,918,918,
16416,12,2400000,0,user_48,918,918,
16366,13,2100000,0,user_16,918,918,
16377,14,2000000,0,user_19,918,918,
16378,15,2000000,0,user_20,918,918,
16387,16,2000000,0,user_23,918,918,
16395,17,2000000,0,user_31,918,918,
16402,18,2000000,0,user_36,918,918,
16419,19,2000000,350000,user_48,918,918,
16388,20,1800000,0,user_25,918,918,
16401,21,1700000,0,user_35,918,918,
16405,22,1600000,0,user_40,918,918,
16407,23,1600000,0,user_40,918,918,
16356,24,1500000,42000,user_2,918,918,
16380,25,1500000,0,user_20,918,918,
16391,26,1500000,0,user_27,918,918,
16390,27,1100000,0,user_27,918,918,
16358,28,1000000,0,user_6,918,918,
16396,29,970000,108000,user_32,918,918,
16398,30,910000,68100,user_34,918,918,
16373,31,870000,0,user_17,918,918,
16420,32,870000,0,user_48,918,918,
16379,33,650000,0,user_20,918,918,
16394,34,650000,0,user_29,918,918,
16367,35,530000,0,user_16,918,918,
16418,36,530000,0,user_48,918,918,
16375,37,420000,0,user_19,918,918,
16382,38,420000,0,user_20,918,918,
16404,39,420000,0,user_38,918,918,
16414,40,420000,0,user_46,918,918,
16383,41,370000,0,user_21,918,918,
16370,42,350000,0,user_16,918,918,
16374,43,350000,14200,user_19,918,918,
16399,44,300000,0,user_34,918,918,
16365,45,240000,0,user_13,918,918,
16381,46,240000,0,user_20,918,918,
16362,47,220000,0,user_11,918,918,
16408,48,220000,0,user_40,918,918,
16411,49,170000,0,user_43,918,918,
16371,50,150000,47700,user_17,918,918,
16400,51,150000,19700,user_35,918,918,
16359,52,110000,0,user_7,918,918,
16386,53,110000,0,user_23,918,918,
16368,54,87000,0,user_16,918,918,
16397,55,85000,0,user_33,918,918,
16413,56,85000,0,user_44,918,918,
16417,57,82000,0,user_48,918,918,
16410,58,77000,0,user_42,918,918,
16412,59,77000,0,user_44,918,918,
16492,,1000000,0,user_0,919,,
16493,,30000000,108000,user_1,919,,
16494,,600000,49100,user_2,919,,
16495,,300000,0,user_2,919,,
16496,,1500000,0,user_2,919,,
16497,,970000,0,user_2,919,,
16498,,5000000,0,user_2,919,,
16499,,1400000,0,user_3,919,,
16500,,1100000,0,user_5,919,,
16501,,420000,0,user_6,919,,
16502,,220000,0,user_7,919,,
16503,,110000,0,user_8,919,,
16504,,1700000,0,user_11,919,,
16505,,1600000,0,user_14,919,,
16506,,3600000,0,user_15,919,,
16507,,110000,0,user_16,919,,
16508,,2000000,0,user_17,919,,
16509,,1200000,155000,user_18,919,,
16510,,220000,0,user_19,919,,
16511,,3600000,0,user_20,919,,
16512,,27000000,195000,user_20,919,,
16513,,300000,0,user_21,919,,
16514,,2100000,161000,user_22,919,,
16515,,1100000,0,user_22,919,,
16516,,82000,0,user_24,919,,
16517,,460000,0,user_25,919,,
16518,,2100000,0,user_26,919,,
16519,,43000000,0,user_27,919,,
16520,,110000,0,user_27,919,,
16521,,420000,0,user_27,919,,
16522,,1500000,0,user_27,919,,
16523,,130000,0,user_28,919,,
16524,,130000,0,user_30,919,,
16525,,120000,0,user_32,919,,
16526,,150000,181000,user_33,919,,
16527,,460000,0,user_34,919,,
16528,,1000000,31700,user_35,919,,
16529,,460000,0,user_36,919,,
16530,,240000,0,user_38,919,,
16531,,150000,0,user_38,919,,
16532,,82000,67900,user_39,919,,
16533,,190000,0,user_39,919,,
16534,,43000000,15300,user_40,919,,
16535,,4500000,0,user_40,919,,
16536,,150000,0,user_41,919,,
16537,,160000,0,user_41,919,,
16538,,530000,0,user_43,919,,
16539,,650000,0,user_44,919,,
16540,,600000,0,user_44,919,,
16541,,6300000,0,user_45,919,,
16542,,110000,0,user_45,919,,
16543,,1500000,0,user_47,919,,
16544,,4200000,0,user_48,919,,
16545,,82000,46500,user_49,919,,
16519,0,43000000,0,user_27,919,919,
16534,1,43000000,15300,user_40,919,919,
16493,2,30000000,108000,user_1,919,919,
16512,3,27000000,195000,user_20,919,919,
16541,4,6300000,0,user_45,919,919,
16498,5,5000000,0,user_2,919,919,
16535,6,4500000,0,user_40,919,919,
16544,7,4200000,0,user_48,919,919,
16506,8,3600000,0,user_15,919,919,
16511,9,3600000,0,user_20,919,919,
16514,10,2100000,161000,user_22,919,919,
16518,11,2100000,0,user_26,919,919,
16508,12,2000000,0,user_17,919,919,
16505,13,1600000,0,user_14,919,919,
16496,14,1500000,0,user_2,919,919,
16522,15,1500000,0,user_27,919,919,
16543,16,1500000,0,user_47,919,919,
16509,17,1200000,155000,user_18,919,919,
16515,18,1100000,0,user_22,919,919,
16492,19,1000000,0,user_0,919,919,
16497,20,970000,0,user_2,919,919,
16539,21,650000,0,user_44,919,919,
16494,22,600000,49100,user_2,919,919,
16540,23,600000,0,user_44,919,919,
16538,24,530000,0,user_43,919,919,
16517,25,460000,0,user_25,919,919,
16527,26,460000,0,user_34,919,919,
16501,27,420000,0,user_6,919,919,
16521,28,420000,0,user_27,919,919,
16495,29,300000,0,user_2,919,919,
16513,30,300000,0,user_21,919,919,
16530,31,240000,0,user_38,919,919,
16502,32,220000,0,user_7,919,919,
16510,33,220000,0,user_19,919,919,
16533,34,190000,0,user_39,919,919,
16537,35,160000,0,user_41,919,919,
16531,36,150000,0,user_38,919,919,
16536,37,150000,0,user_41,919,919,
16523,38,130000,0,user_28,919,919,
16524,39,130000,0,user_30,919,919,
16503,40,110000,0,user_8,919,919,
16507,41,110000,0,user_16,919,919,
16520,42,110000,0,user_27,919,919,
16542,43,110000,0,user_45,919,919,
16516,44,82000,0,user_24,919,919,
16532,45,82000,67900,user_39,919,919,
16618,,1100000,16400,user_0,920,,
16619,,1400000,0,user_0,920,,
16620,,2000000,0,user_2,920,,
16621,,160000,7840,user_3,920,,
16622,,3600000,0,user_6,920,,
16623,,160000,0,user_8,920,,
16624,,1400000,0,user_8,920,,
16625,,170000,5640,user_10,920,,
16626,,170000,0,user_11,920,,
16627,,110000,75000,user_11,920,,
16628,,6300000,0,user_12,920,,
16629,,340000,23500,user_12,920,,
16630,,150000,64600,user_12,920,,
16631,,100000,0,user_12,920,,
16632,,1500000,0,user_14,920,,
16633,,150000,13800,user_16,920,,
16634,,260000,0,user_20,920,,
16635,,150000,0,user_20,920,,
16636,,1300000,5640,user_20,920,,
16637,,360000,5640,user_20,920,,
16638,,910000,0,user_20,920,,
16639,,110000,0,user_21,920,,
16640,,910000,0,user_22,920,,
16641,,79000,0,user_23,920,,
16642,,100000,0,user_25,920,,
16643,,2000000,0,user_27,920,,
16644,,2500000,0,user_28,920,,
16645,,43000000,0,user_29,920,,
16646,,220000,0,user_30,920,,
16647,,30000000,0,user_31,920,,
16648,,300000,0,user_33,920,,
16649,,150000,0,user_34,920,,
16650,,87000,0,user_35,920,,
16651,,320000,0,user_36,920,,
16652,,43000000,0,user_38,920,,
16653,,630000,0,user_39,920,,
16654,,360000,0,user_39,920,,
16655,,1100000,0,user_41,920,,
16656,,160000,0,user_42,920,,
16657,,1100000,0,user_42,920,,
16658,,4500000,0,user_43,920,,
16659,,1400000,0,user_44,920,,
16660,,220000,0,user_45,920,,
16661,,2500000,0,user_45,920,,
16662,,3200000,0,user_46,920,,
16663,,910000,100000,user_47,920,,
16664,,190000,68100,user_48,920,,
16665,,3500000,0,user_49,920,,
16645,0,43000000,0,user_29,920,920,
16652,1,43000000,0,user_38,920,920,
16647,2,30000000,0,user_31,920,920,
16628,3,6300000,0,user_12,920,920,
16658,4,4500000,0,user_43,920,920,
16622,5,3600000,0,user_6,920,920,
16665,6,3500000,0,user_49,920,920,
16662,7,3200000,0,user_46,920,920,
16644,8,2500000,0,user_28,920,920,
16661,9,2500000,0,user_45,920,920,
16620,10,2000000,0,user_2,920,920,
16643,11,2000000,0,user_27,920,920,
16632,12,1500000,0,user_14,920,920,
16619,13,1400000,0,user_0,920,920,
16624,14,1400000,0,user_8,920,920,
16659,15,1400000,0,user_44,920,920,
16636,16,1300000,5640,user_20,920,920,
16699,17,0,0,builder_4,920,920,16636
16700,18,0,0,builder_4,920,920,16618
16618,19,1100000,16400,user_0,920,920,
16655,20,1100000,0,user_41,920,920,
16657,21,1100000,0,user_42,920,920,
16638,22,910000,0,user_20,920,920,
16640,23,910000,0,user_22,920,920,
16701,24,0,0,builder_4,920,920,16637
16637,25,360000,5640,user_20,920,920,
16629,26,340000,23500,user_12,920,920,
16702,27,0,0,builder_4,920,920,16629
16651,28,320000,0,user_36,920,920,
16648,29,300000,0,user_33,920,920,
16634,30,260000,0,user_20,920,920,
16664,31,190000,68100,user_48,920,920,
16703,32,0,0,builder_4,920,920,16664
16646,33,220000,0,user_30,920,920,
16660,34,220000,0,user_45,920,920,
16630,35,150000,64600,user_12,920,920,
16704,36,0,0,builder_4,920,920,16630
16627,37,110000,75000,user_11,920,920,
16705,38,0,0,builder_4,920,920,16627
16706,39,0,0,builder_4,920,920,16625
16625,40,170000,5640,user_10,920,920,
16626,41,170000,0,user_11,920,920,
16707,42,0,0,builder_4,920,920,16621
16621,43,160000,7840,user_3,920,920,
16633,44,150000,13800,user_16,920,920,
16708,45,0,0,builder_4,920,920,16633
16623,46,160000,0,user_8,920,920,
16656,47,160000,0,user_42,920,920,
16635,48,150000,0,user_20,920,920,
16649,49,150000,0,user_34,920,920,
16639,50,110000,0,user_21,920,920,
16631,51,100000,0,user_12,920,920,
16642,52,100000,0,user_25,920,920,
16650,53,87000,0,user_35,920,920,
16641,54,79000,0,user_23,920,920,
16743,,4200000,0,user_0,921,,
16744,,5000000,0,user_1,921,,
16745,,1800000,0,user_2,921,,
16746,,110000,0,user_3,921,,
16747,,84000,0,user_4,921,,
16748,,1100000,0,user_4,921,,
16749,,600000,0,user_6,921,,
16750,,5200000,0,user_7,921,,
16751,,240000,0,user_9,921,,
16752,,340000,0,user_9,921,,
16753,,470000,0,user_10,921,,
16754,,870000,0,user_11,921,,
16755,,5200000,0,user_12,921,,
16756,,120000,0,user_13,921,,
16757,,670000,0,user_14,921,,
16758,,150000,0,user_15,921,,
16759,,160000,42000,user_16,921,,
16760,,3500000,0,user_17,921,,
16761,,100000,0,user_17,921,,
16762,,150000,0,user_18,921,,
16763,,82000,39400,user_19,921,,
16764,,1000000,0,user_19,921,,
16765,,2100000,0,user_19,921,,
16766,,660000,0,user_19,921,,
16767,,1200000,769000,user_19,921,,
16768,,83000,139000,user_20,921,,
16769,,160000,0,user_20,921,,
16770,,3500000,0,user_21,921,,
16771,,1500000,0,user_22,921,,
16772,,1800000,0,user_23,921,,
16773,,30000000,0,user_24,921,,
16774,,2500000,0,user_25,921,,
16775,,1600000,13800,user_26,921,,
16776,,2000000,0,user_27,921,,
16777,,1400000,0,user_27,921,,
16778,,5200000,0,user_28,921,,
16779,,3500000,0,user_30,921,,
16780,,30000000,161000,user_30,921,,
16781,,460000,0,user_32,921,,
16782,,1500000,0,user_33,921,,
16783,,1000000,33300,user_35,921,,
16784,,1600000,0,user_35,921,,
16785,,2000000,0,user_35,921,,
16786,,1700000,0,user_36,921,,
16787,,1000000,322000,user_36,921,,
16788,,660000,0,user_36,921,,
16789,,110000,0,user_38,921,,
16790,,3600000,0,user_39,921,,
16791,,310000,0,user_39,921,,
16792,,300000,0,user_40,921,,
16793,,1400000,0,user_41,921,,
16794,,73000,0,user_42,921,,
16795,,120000,0,user_42,921,,
16796,,100000,0,user_43,921,,
16797,,1500000,0,user_45,921,,
16798,,870000,0,user_45,921,,
16799,,220000,0,user_45,921,,
16800,,110000,0,user_45,921,,
16801,,300000,0,user_48,921,,
16802,,19000000,64600,user_48,921,,
16803,,80000,0,user_49,921,,
16780,0,30000000,161000,user_30,921,921,
16835,1,0,0,builder_4,921,921,16780
16773,2,30000000,0,user_24,921,921,
16836,3,0,0,builder_4,921,921,16802
16802,4,19000000,64600,user_48,921,921,
16755,5,5200000,0,user_12,921,921,
16778,6,5200000,0,user_28,921,921,
16744,7,5000000,0,user_1,921,921,
16743,8,4200000,0,user_0,921,921,
16760,9,3500000,0,user_17,921,921,
16770,10,3500000,0,user_21,921,921,
16779,11,3500000,0,user_30,921,921,
16774,12,2500000,0,user_25,921,921,
16765,13,2100000,0,user_19,921,921,
16776,14,2000000,0,user_27,921,921,
16785,15,2000000,0,user_35,921,921,
16837,16,0,0,builder_4,921,921,16767
16767,17,1200000,769000,user_19,921,921,
16745,18,1800000,0,user_2,921,921,
16772,19,1800000,0,user_23,921,921,
16786,20,1700000,0,user_36,921,921,
16775,21,1600000,13800,user_26,921,921,
16838,22,0,0,builder_4,921,921,16775
16784,23,1600000,0,user_35,921,921,
16771,24,1500000,0,user_22,921,921,
16782,25,1500000,0,user_33,921,921,
16797,26,1500000,0,user_45,921,921,
16777,27,1400000,0,user_27,921,921,
16793,28,1400000,0,user_41,921,921,
16787,29,1000000,322000,user_36,921,921,
16839,30,0,0,builder_4,921,921,16787
16748,31,1100000,0,user_4,921,921,
16840,32,0,0,builder_4,921,921,16783
16783,33,1000000,33300,user_35,921,921,
16764,34,1000000,0,user_19,921,921,
16754,35,870000,0,user_11,921,921,
16798,36,870000,0,user_45,921,921,
16757,37,670000,0,user_14,921,921,
16766,38,660000,0,user_19,921,921,
16788,39,660000,0,user_36,921,921,
16749,40,600000,0,user_6,921,921,
16753,41,470000,0,user_10,921,921,
16781,42,460000,0,user_32,921,921,
16752,43,340000,0,user_9,921,921,
16792,44,300000,0,user_40,921,921,
16801,45,300000,0,user_48,921,921,
16751,46,240000,0,user_9,921,921,
16841,47,0,0,builder_4,921,921,16768
16768,48,83000,139000,user_20,921,921,
16799,49,220000,0,user_45,921,921,
16759,50,160000,42000,user_16,921,921,
16842,51,0,0,builder_4,921,921,16759
16769,52,160000,0,user_20,921,921,
16762,53,150000,0,user_18,921,921,
16763,54,82000,39400,user_19,921,921,
16843,55,0,0,builder_4,921,921,16763
16756,56,120000,0,user_13,921,921,
16795,57,120000,0,user_42,921,921,
16746,58,110000,0,user_3,921,921,
16789,59,110000,0,user_38,921,921,
16800,60,110000,0,user_45,921,921,
16761,61,100000,0,user_17,921,921,
16796,62,100000,0,user_43,921,921,
16747,63,84000,0,user_4,921,921,
16803,64,80000,0,user_49,921,921,
16794,65,73000,0,user_42,921,921,
16870,,2000000,0,user_0,922,,
16871,,27000000,0,user_0,922,,
16872,,600000,0,user_1,922,,
16873,,83000,181000,user_1,922,,
16874,,170000,0,user_4,922,,
16875,,120000,0,user_4,922,,
16876,,170000,0,user_4,922,,
16877,,910000,0,user_4,922,,
16878,,19000000,0,user_5,922,,
16879,,3600000,11200,user_5,922,,
16880,,98000,0,user_9,922,,
16881,,100000,0,user_11,922,,
16882,,1600000,0,user_12,922,,
16883,,1700000,0,user_14,922,,
16884,,3600000,0,user_16,922,,
16885,,630000,0,user_17,922,,
16886,,970000,0,user_17,922,,
16887,,43000000,0,user_18,922,,
16888,,970000,0,user_18,922,,
16889,,3600000,0,user_18,922,,
16890,,1300000,0,user_18,922,,
16891,,190000,0,user_18,922,,
16892,,1400000,16400,user_20,922,,
16893,,150000,0,user_21,922,,
16894,,220000,0,user_22,922,,
16895,,4500000,0,user_24,922,,
16896,,1100000,33300,user_24,922,,
16897,,630000,0,user_25,922,,
16898,,300000,0,user_25,922,,
16899,,70000,0,user_25,922,,
16900,,110000,0,user_26,922,,
16901,,170000,0,user_27,922,,
16902,,77000,769000,user_28,922,,
16903,,83000,7840,user_29,922,,
16904,,1800000,0,user_30,922,,
16905,,120000,0,user_31,922,,
16906,,160000,0,user_32,922,,
16907,,220000,0,user_35,922,,
16908,,170000,0,user_36,922,,
16909,,670000,0,user_40,922,,
16910,,170000,0,user_41,922,,
16911,,650000,0,user_41,922,,
16912,,3500000,0,user_42,922,,
16913,,1000000,0,user_42,922,,
16914,,110000,64600,user_43,922,,
16915,,5000000,0,user_43,922,,
16916,,120000,0,user_44,922,,
16917,,2000000,0,user_45,922,,
16918,,150000,0,user_45,922,,
16919,,6100000,0,user_46,922,,
16920,,600000,12800,user_49,922,,
16921,,220000,0,user_49,922,,
16922,,98000,0,user_49,922,,
16887,0,43000000,0,user_18,922,922,
16871,1,27000000,0,user_0,922,922,
16878,2,19000000,0,user_5,922,922,
16919,3,6100000,0,user_46,922,922,
16915,4,5000000,0,user_43,922,922,
16895,5,4500000,0,user_24,922,922,
16879,6,3600000,11200,user_5,922,922,
16884,7,3600000,0,user_16,922,922,
16889,8,3600000,0,user_18,922,922,
16912,9,3500000,0,user_42,922,922,
16870,10,2000000,0,user_0,922,922,
16917,11,2000000,0,user_45,922,922,
16904,12,1800000,0,user_30,922,922,
16883,13,1700000,0,user_14,922,922,
16882,14,1600000,0,user_12,922,922,
16890,15,1300000,0,user_18,922,922,
16896,16,1100000,33300,user_24,922,922,
16913,17,1000000,0,user_42,922,922,
16886,18,970000,0,user_17,922,922,
16888,19,970000,0,user_18,922,922,
16877,20,910000,0,user_4,922,922,
16909,21,670000,0,user_40,922,922,
16885,22,630000,0,user_17,922,922,
16897,23,630000,0,user_25,922,922,
16920,24,600000,12800,user_49,922,922,
16898,25,300000,0,user_25,922,922,
16894,26,220000,0,user_22,922,922,
16907,27,220000,0,user_35,922,922,
16921,28,220000,0,user_49,922,922,
16891,29,190000,0,user_18,922,922,
16874,30,170000,0,user_4,922,922,
16876,31,170000,0,user_4,922,922,
16901,32,170000,0,user_27,922,922,
16908,33,170000,0,user_36,922,922,
16906,34,160000,0,user_32,922,922,
16893,35,150000,0,user_21,922,922,
16918,36,150000,0,user_45,922,922,
16875,37,120000,0,user_4,922,922,
16916,38,120000,0,user_44,922,922,
16900,39,110000,0,user_26,922,922,
16914,40,110000,64600,user_43,922,922,
16881,41,100000,0,user_11,922,922,
16880,42,98000,0,user_9,922,922,
16922,43,98000,0,user_49,922,922,
16903,44,83000,7840,user_29,922,922,
16902,45,77000,769000,user_28,922,922,
16899,46,70000,0,user_25,922,922,
16980,,260000,0,user_0,923,,
16981,,2300000,6390,user_0,923,,
16982,,670000,0,user_1,923,,
16983,,2000000,0,user_2,923,,
16984,,1300000,0,user_2,923,,
16985,,150000,0,user_4,923,,
16986,,43000000,71800,user_4,923,,
16987,,27000000,0,user_5,923,,
16988,,2100000,181000,user_5,923,,
16989,,120000,139000,user_6,923,,
16990,,110000,0,user_7,923,,
16991,,6100000,779000,user_9,923,,
16992,,1500000,0,user_10,923,,
16993,,340000,128000,user_11,923,,
16994,,220000,350000,user_12,923,,
16995,,420000,0,user_12,923,,
16996,,630000,0,user_12,923,,
16997,,1500000,0,user_12,923,,
16998,,160000,0,user_13,923,,
16999,,4500000,0,user_15,923,,
17000,,1200000,0,user_15,923,,
17001,,73000,16400,user_16,923,,
17002,,350000,0,user_17,923,,
17003,,1900000,0,user_18,923,,
17004,,43000000,0,user_18,923,,
17005,,4200000,0,user_19,923,,
17006,,120000,1100000,user_20,923,,
17007,,84000,0,user_22,923,,
17008,,110000,0,user_22,923,,
17009,,98000,32900,user_22,923,,
17010,,73000,0,user_22,923,,
17011,,670000,0,user_24,923,,
17012,,84000,0,user_25,923,,
17013,,70000,35100,user_25,923,,
17014,,120000,0,user_25,923,,
17015,,110000,0,user_25,923,,
17016,,1600000,0,user_25,923,,
17017,,1000000,0,user_26,923,,
17018,,150000,959000,user_26,923,,
17019,,160000,1100000,user_26,923,,
17020,,1000000,0,user_26,923,,
17021,,120000,0,user_26,923,,
17022,,350000,0,user_27,923,,
17023,,240000,285000,user_28,923,,
17024,,120000,0,user_29,923,,
17025,,660000,0,user_29,923,,
17026,,100000,0,user_30,923,,
17027,,530000,0,user_31,923,,
17028,,120000,0,user_32,923,,
17029,,82000,0,user_33,923,,
17030,,1700000,0,user_33,923,,
17031,,300000,16400,user_34,923,,
17032,,2500000,0,user_35,923,,
17033,,2000000,0,user_36,923,,
17034,,660000,12800,user_37,923,,
17035,,170000,0,user_39,923,,
17036,,460000,0,user_39,923,,
17037,,340000,0,user_40,923,,
17038,,460000,0,user_40,923,,
17039,,160000,17700000,user_40,923,,
17040,,73000,0,user_40,923,,
17041,,650000,17000,user_40,923,,
17042,,6100000,0,user_41,923,,
17043,,1500000,75000,user_42,923,,
17044,,150000,0,user_44,923,,
17045,,240000,0,user_44,923,,
17046,,150000,0,user_45,923,,
17047,,130000,0,user_46,923,,
17048,,420000,0,user_47,923,,
17049,,1400000,0,user_48,923,,
17050,,1400000,71800,user_49,923,,
16986,0,43000000,71800,user_4,923,923,
17131,1,0,0,builder_5,923,923,16986
17004,2,43000000,0,user_18,923,923,
16987,3,27000000,0,user_5,923,923,
16991,4,6100000,779000,user_9,923,923,
17132,5,0,0,builder_5,923,923,16991
17042,6,6100000,0,user_41,923,923,
16999,7,4500000,0,user_15,923,923,
17005,8,4200000,0,user_19,923,923,
17032,9,2500000,0,user_35,923,923,
17133,10,0,0,builder_5,923,923,16981
16981,11,2300000,6390,user_0,923,923,
17134,12,0,0,builder_5,923,923,16988
16988,13,2100000,181000,user_5,923,923,
16983,14,2000000,0,user_2,923,923,
17033,15,2000000,0,user_36,923,923,
17003,16,1900000,0,user_18,923,923,
17030,17,1700000,0,user_33,923,923,
17016,18,1600000,0,user_25,923,923,
17135,19,0,0,builder_5,923,923,17043
17043,20,1500000,75000,user_42,923,923,
16992,21,1500000,0,user_10,923,923,
16997,22,1500000,0,user_12,923,923,
17136,23,0,0,builder_5,923,923,17050
17050,24,1400000,71800,user_49,923,923,
17049,25,1400000,0,user_48,923,923,
16984,26,1300000,0,user_2,923,923,
17137,27,0,0,builder_5,923,923,17019
17019,28,160000,1100000,user_26,923,923,
17138,29,0,0,builder_5,923,923,17006
17006,30,120000,1100000,user_20,923,923,
17000,31,1200000,0,user_15,923,923,
17018,32,150000,959000,user_26,923,923,
17139,33,0,0,builder_5,923,923,17018
17017,34,1000000,0,user_26,923,923,
17020,35,1000000,0,user_26,923,923,
17140,36,0,0,builder_5,923,923,17034
17034,37,660000,12800,user_37,923,923,
16982,38,670000,0,user_1,923,923,
17011,39,670000,0,user_24,923,923,
16996,40,630000,0,user_12,923,923,
17141,41,0,0,builder_5,923,923,16994
16994,42,220000,350000,user_12,923,923,
17027,43,530000,0,user_31,923,923,
17142,44,0,0,builder_5,923,923,17023
17023,45,240000,285000,user_28,923,923,
17143,46,0,0,builder_5,923,923,16993
16993,47,340000,128000,user_11,923,923,
17036,48,460000,0,user_39,923,923,
16995,49,420000,0,user_12,923,923,
17048,50,420000,0,user_47,923,923,
16980,51,260000,0,user_0,923,923,
17144,52,0,0,builder_5,923,923,16989
16989,53,120000,139000,user_6,923,923,
17035,54,170000,0,user_39,923,923,
16998,55,160000,0,user_13,923,923,
16985,56,150000,0,user_4,923,923,
17046,57,150000,0,user_45,923,923,
17014,58,120000,0,user_25,923,923,
17021,59,120000,0,user_26,923,923,
17028,60,120000,0,user_32,923,923,
16990,61,110000,0,user_7,923,923,
17015,62,110000,0,user_25,923,923,
17013,63,70000,35100,user_25,923,923,
17145,64,0,0,builder_5,923,923,17013
17146,65,0,0,builder_5,923,923,17001
17001,66,73000,16400,user_16,923,923,
17012,67,84000,0,user_25,923,923,
17029,68,82000,0,user_33,923,923,
17191,,420000,0,user_1,924,,
17192,,98000,0,user_3,924,,
17193,,30000000,0,user_3,924,,
17194,,80000,0,user_4,924,,
17195,,5000000,0,user_6,924,,
17196,,160000,959000,user_7,924,,
17197,,1400000,121000,user_7,924,,
17198,,310000,19700,user_11,924,,
17199,,870000,0,user_12,924,,
17200,,84000,0,user_12,924,,
17201,,1600000,0,user_13,924,,
17202,,1200000,0,user_13,924,,
17203,,1000000,0,user_14,924,,
17204,,340000,13800,user_16,924,,
17205,,83000,0,user_17,924,,
17206,,310000,181000,user_18,924,,
17207,,1400000,13900,user_18,924,,
17208,,84000,0,user_19,924,,
17209,,1600000,0,user_20,924,,
17210,,84000,0,user_21,924,,
17211,,82000,0,user_22,924,,
17212,,1000000,0,user_23,924,,
17213,,650000,0,user_24,924,,
17214,,4200000,0,user_24,924,,
17215,,120000,0,user_25,924,,
17216,,130000,0,user_26,924,,
17217,,130000,0,user_26,924,,
17218,,240000,0,user_27,924,,
17219,,1500000,0,user_28,924,,
17220,,910000,0,user_29,924,,
17221,,420000,0,user_30,924,,
17222,,240000,0,user_30,924,,
17223,,3600000,0,user_30,924,,
17224,,27000000,0,user_31,924,,
17225,,2000000,779000,user_31,924,,
17226,,870000,0,user_31,924,,
17227,,27000000,0,user_32,924,,
17228,,220000,7840,user_33,924,,
17229,,530000,296000,user_33,924,,
17230,,360000,35100,user_34,924,,
17231,,4200000,769000,user_35,924,,
17232,,1600000,0,user_36,924,,
17233,,120000,0,user_37,924,,
17234,,170000,369000,user_39,924,,
17235,,910000,0,user_39,924,,
17236,,110000,0,user_40,924,,
17237,,1300000,0,user_42,924,,
17238,,77000,33100,user_44,924,,
17239,,360000,0,user_44,924,,
17240,,82000,0,user_45,924,,
17241,,1000000,0,user_48,924,,
17193,0,30000000,0,user_3,924,924,
17224,1,27000000,0,user_31,924,924,
17227,2,27000000,0,user_32,924,924,
17195,3,5000000,0,user_6,924,924,
17214,4,4200000,0,user_24,924,924,
17231,5,4200000,769000,user_35,924,924,
17223,6,3600000,0,user_30,924,924,
17225,7,2000000,779000,user_31,924,924,
17201,8,1600000,0,user_13,924,924,
17209,9,1600000,0,user_20,924,924,
17232,10,1600000,0,user_36,924,924,
17219,11,1500000,0,user_28,924,924,
17197,12,1400000,121000,user_7,924,924,
17207,13,1400000,13900,user_18,924,924,
17237,14,1300000,0,user_42,924,924,
17202,15,1200000,0,user_13,924,924,
17203,16,1000000,0,user_14,924,924,
17212,17,1000000,0,user_23,924,924,
17241,18,1000000,0,user_48,924,924,
17235,19,910000,0,user_39,924,924,
17199,20,870000,0,user_12,924,924,
17226,21,870000,0,user_31,924,924,
17213,22,650000,0,user_24,924,924,
17229,23,530000,296000,user_33,924,924,
17191,24,420000,0,user_1,924,924,
17221,25,420000,0,user_30,924,924,
17230,26,360000,35100,user_34,924,924,
17239,27,360000,0,user_44,924,924,
17198,28,310000,19700,user_11,924,924,
17206,29,310000,181000,user_18,924,924,
17218,30,240000,0,user_27,924,924,
17222,31,240000,0,user_30,924,924,
17228,32,220000,7840,user_33,924,924,
17234,33,170000,369000,user_39,924,924,
17196,34,160000,959000,user_7,924,924,
17216,35,130000,0,user_26,924,924,
17217,36,130000,0,user_26,924,924,
17236,37,110000,0,user_40,924,924,
17192,38,98000,0,user_3,924,924,
17200,39,84000,0,user_12,924,924,
17208,40,84000,0,user_19,924,924,
17210,41,84000,0,user_21,924,924,
17211,42,82000,0,user_22,924,924,
17194,43,80000,0,user_4,924,924,
17238,44,77000,33100,user_44,924,924,
17331,,600000,0,user_0,925,,
17332,,150000,0,user_0,925,,
17333,,310000,0,user_2,925,,
17334,,3200000,0,user_2,925,,
17335,,120000,0,user_3,925,,
17336,,110000,0,user_4,925,,
17337,,2600000,0,user_6,925,,
17338,,1500000,0,user_9,925,,
17339,,79000,0,user_10,925,,
17340,,1500000,0,user_15,925,,
17341,,150000,0,user_18,925,,
17342,,160000,0,user_18,925,,
17343,,79000,0,user_19,925,,
17344,,120000,0,user_20,925,,
17345,,530000,0,user_21,925,,
17346,,6300000,139000,user_22,925,,
17347,,110000,0,user_23,925,,
17348,,1400000,0,user_23,925,,
17349,,110000,0,user_24,925,,
17350,,300000,0,user_25,925,,
17351,,110000,0,user_25,925,,
17352,,43000000,0,user_26,925,,
17353,,1500000,0,user_27,925,,
17354,,1800000,0,user_28,925,,
17355,,1500000,0,user_29,925,,
17356,,1000000,0,user_30,925,,
17357,,110000,0,user_30,925,,
17358,,120000,64600,user_33,925,,
17359,,660000,21800,user_33,925,,
17360,,6300000,0,user_34,925,,
17361,,460000,0,user_38,925,,
17362,,1000000,0,user_39,925,,
17363,,1300000,0,user_40,925,,
17364,,190000,12300,user_40,925,,
17365,,970000,0,user_40,925,,
17366,,260000,0,user_40,925,,
17367,,260000,296000,user_41,925,,
17368,,2300000,0,user_42,925,,
17369,,4200000,14200,user_43,925,,
17370,,460000,0,user_44,925,,
17371,,1200000,0,user_45,925,,
17372,,2000000,0,user_45,925,,
17373,,120000,0,user_46,925,,
17374,,1500000,0,user_46,925,,
17375,,260000,56200,user_46,925,,
17376,,6100000,322000,user_46,925,,
17377,,460000,0,user_47,925,,
17378,,870000,0,user_48,925,,
17379,,30000000,0,user_49,925,,
17352,0,43000000,0,user_26,925,925,
17379,1,30000000,0,user_49,925,925,
17346,2,6300000,139000,user_22,925,925,
17409,3,0,0,builder_4,925,925,17346
17410,4,0,0,builder_4,925,925,17376
17376,5,6100000,322000,user_46,925,925,
17360,6,6300000,0,user_34,925,925,
17369,7,4200000,14200,user_43,925,925,
17411,8,0,0,builder_4,925,925,17369
17334,9,3200000,0,user_2,925,925,
17337,10,2600000,0,user_6,925,925,
17368,11,2300000,0,user_42,925,925,
17372,12,2000000,0,user_45,925,925,
17354,13,1800000,0,user_28,925,925,
17338,14,1500000,0,user_9,925,925,
17353,15,1500000,0,user_27,925,925,
17355,16,1500000,0,user_29,925,925,
17374,17,1500000,0,user_46,925,925,
17348,18,1400000,0,user_23,925,925,
17363,19,1300000,0,user_40,925,925,
17371,20,1200000,0,user_45,925,925,
17356,21,1000000,0,user_30,925,925,
17365,22,970000,0,user_40,925,925,
17378,23,870000,0,user_48,925,925,
17359,24,660000,21800,user_33,925,925,
17412,25,0,0,builder_4,925,925,17359
17331,26,600000,0,user_0,925,925,
17367,27,260000,296000,user_41,925,925,
17413,28,0,0,builder_4,925,925,17367
17345,29,530000,0,user_21,925,925,
17361,30,460000,0,user_38,925,925,
17370,31,460000,0,user_44,925,925,
17414,32,0,0,builder_4,925,925,17375
17375,33,260000,56200,user_46,925,925,
17333,34,310000,0,user_2,925,925,
17350,35,300000,0,user_25,925,925,
17366,36,260000,0,user_40,925,925,
17415,37,0,0,builder_4,925,925,17364
17364,38,190000,12300,user_40,925,925,
17358,39,120000,64600,user_33,925,925,
17416,40,0,0,builder_4,925,925,17358
17342,41,160000,0,user_18,925,925,
17332,42,150000,0,user_0,925,925,
17341,43,150000,0,user_18,925,925,
17335,44,120000,0,user_3,925,925,
17344,45,120000,0,user_20,925,925,
17373,46,120000,0,user_46,925,925,
17336,47,110000,0,user_4,925,925,
17347,48,110000,0,user_23,925,925,
17349,49,110000,0,user_24,925,925,
17351,50,110000,0,user_25,925,925,
17357,51,110000,0,user_30,925,925,
17339,52,79000,0,user_10,925,925,
17343,53,79000,0,user_19,925,925,
17434,,98000,0,user_1,926,,
17435,,80000,0,user_1,926,,
17436,,160000,0,user_2,926,,
17437,,650000,0,user_3,926,,
17438,,1400000,0,user_6,926,,
17439,,360000,0,user_7,926,,
17440,,220000,13900,user_10,926,,
17441,,1500000,0,user_12,926,,
17442,,220000,0,user_13,926,,
17443,,130000,0,user_14,926,,
17444,,600000,0,user_15,926,,
17445,,77000,0,user_16,926,,
17446,,220000,0,user_18,926,,
17447,,1800000,0,user_21,926,,
17448,,77000,0,user_21,926,,
17449,,260000,0,user_21,926,,
17450,,4200000,0,user_21,926,,
17451,,2400000,0,user_24,926,,
17452,,77000,0,user_26,926,,
17453,,600000,0,user_27,926,,
17454,,260000,0,user_29,926,,
17455,,650000,0,user_30,926,,
17456,,1800000,0,user_30,926,,
17457,,43000000,0,user_30,926,,
17458,,2000000,46500,user_32,926,,
17459,,83000,34700,user_34,926,,
17460,,370000,215000,user_35,926,,
17461,,120000,139000,user_35,926,,
17462,,170000,68100,user_37,926,,
17463,,2400000,0,user_37,926,,
17464,,84000,0,user_40,926,,
17465,,87000,0,user_40,926,,
17466,,220000,0,user_41,926,,
17467,,870000,256000,user_42,926,,
17468,,2100000,285000,user_45,926,,
17469,,2000000,0,user_46,926,,
17470,,2000000,0,user_47,926,,
17471,,130000,0,user_47,926,,
17472,,320000,0,user_48,926,,
17473,,83000,0,user_49,926,,
17457,0,43000000,0,user_30,926,926,
17450,1,4200000,0,user_21,926,926,
17463,2,2400000,0,user_37,926,926,
17458,3,2000000,46500,user_32,926,926,
17474,4,0,0,builder_0,926,926,17458
17469,5,2000000,0,user_46,926,926,
17470,6,2000000,0,user_47,926,926,
17447,7,1800000,0,user_21,926,926,
17456,8,1800000,0,user_30,926,926,
17438,9,1400000,0,user_6,926,926,
17475,10,0,0,builder_0,926,926,17467
17467,11,870000,256000,user_42,926,926,
17437,12,650000,0,user_3,926,926,
17455,13,650000,0,user_30,926,926,
17453,14,600000,0,user_27,926,926,
17476,15,0,0,builder_0,926,926,17460
17460,16,370000,215000,user_35,926,926,
17439,17,360000,0,user_7,926,926,
17472,18,320000,0,user_48,926,926,
17449,19,260000,0,user_21,926,926,
17454,20,260000,0,user_29,926,926,
17477,21,0,0,builder_0,926,926,17461
17461,22,120000,139000,user_35,926,926,
17462,23,170000,68100,user_37,926,926,
17478,24,0,0,builder_0,926,926,17462
17440,25,220000,13900,user_10,926,926,
17479,26,0,0,builder_0,926,926,17440
17442,27,220000,0,user_13,926,926,
17446,28,220000,0,user_18,926,926,
17466,29,220000,0,user_41,926,926,
17436,30,160000,0,user_2,926,926,
17443,31,130000,0,user_14,926,926,
17471,32,130000,0,user_47,926,926,
17434,33,98000,0,user_1,926,926,
17465,34,87000,0,user_40,926,926,
17464,35,84000,0,user_40,926,926,
17473,36,83000,0,user_49,926,926,
17435,37,80000,0,user_1,926,926,
17445,38,77000,0,user_16,926,926,
17448,39,77000,0,user_21,926,926,
17452,40,77000,0,user_26,926,926,
17532,,85000,0,user_1,927,,
17533,,110000,215000,user_5,927,,
17534,,30000000,0,user_6,927,,
17535,,77000,959000,user_7,927,,
17536,,2000000,0,user_8,927,,
17537,,3500000,0,user_9,927,,
17538,,130000,12300,user_9,927,,
17539,,1800000,0,user_10,927,,
17540,,110000,35600,user_11,927,,
17541,,150000,108000,user_12,927,,
17542,,120000,7190000,user_13,927,,
17543,,79000,0,user_13,927,,
17544,,160000,594000,user_14,927,,
17545,,150000,0,user_14,927,,
17546,,110000,8520,user_16,927,,
17547,,2000000,0,user_17,927,,
17548,,6300000,15700,user_17,927,,
17549,,120000,0,user_17,927,,
17550,,1700000,0,user_17,927,,
17551,,5000000,256000,user_17,927,,
17552,,82000,0,user_18,927,,
17553,,150000,0,user_20,927,,
17554,,320000,0,user_20,927,,
17555,,220000,0,user_21,927,,
17556,,220000,10700,user_21,927,,
17557,,150000,0,user_23,927,,
17558,,4500000,67500,user_23,927,,
17559,,150000,594000,user_24,927,,
17560,,1500000,0,user_26,927,,
17561,,83000,7840,user_27,927,,
17562,,1400000,0,user_28,927,,
17563,,910000,13800,user_28,927,,
17564,,6100000,0,user_30,927,,
17565,,1400000,0,user_31,927,,
17566,,84000,779000,user_32,927,,
17567,,110000,0,user_32,927,,
17568,,1000000,0,user_32,927,,
17569,,2400000,0,user_32,927,,
17570,,43000000,0,user_33,927,,
17571,,240000,0,user_34,927,,
17572,,6100000,5640,user_35,927,,
17573,,82000,0,user_36,927,,
17574,,190000,0,user_37,927,,
17575,,160000,0,user_39,927,,
17576,,85000,0,user_42,927,,
17577,,160000,0,user_42,927,,
17578,,82000,545000,user_43,927,,
17579,,340000,0,user_44,927,,
17580,,1200000,0,user_44,927,,
17581,,340000,5640,user_45,927,,
17582,,6300000,0,user_46,927,,
17583,,6100000,42000,user_46,927,,
17584,,1300000,0,user_47,927,,
17585,,420000,67500,user_49,927,,
17570,0,43000000,0,user_33,927,927,
17534,1,30000000,0,user_6,927,927,
17542,2,120000,7190000,user_13,927,927,
17586,3,0,0,builder_0,927,927,17542
17548,4,6300000,15700,user_17,927,927,
17587,5,0,0,builder_0,927,927,17548
17582,6,6300000,0,user_46,927,927,
17588,7,0,0,builder_0,927,927,17583
17583,8,6100000,42000,user_46,927,927,
17572,9,6100000,5640,user_35,927,927,
17589,10,0,0,builder_0,927,927,17572
17564,11,6100000,0,user_30,927,927,
17551,12,5000000,256000,user_17,927,927,
17590,13,0,0,builder_0,927,927,17551
17558,14,4500000,67500,user_23,927,927,
17591,15,0,0,builder_0,927,927,17558
17537,16,3500000,0,user_9,927,927,
17569,17,2400000,0,user_32,927,927,
17536,18,2000000,0,user_8,927,927,
17547,19,2000000,0,user_17,927,927,
17539,20,1800000,0,user_10,927,927,
17550,21,1700000,0,user_17,927,927,
17560,22,1500000,0,user_26,927,927,
17562,23,1400000,0,user_28,927,927,
17565,24,1400000,0,user_31,927,927,
17584,25,1300000,0,user_47,927,927,
17580,26,1200000,0,user_44,927,927,
17592,27,0,0,builder_0,927,927,17535
17535,28,77000,959000,user_7,927,927,
17568,29,1000000,0,user_32,927,927,
17593,30,0,0,builder_0,927,927,17563
17563,31,910000,13800,user_28,927,927,
17566,32,84000,779000,user_32,927,927,
17594,33,0,0,builder_0,927,927,17566
17595,34,0,0,builder_0,927,927,17544
17544,35,160000,594000,user_14,927,927,
17596,36,0,0,builder_0,927,927,17578
17578,37,82000,545000,user_43,927,927,
17585,38,420000,67500,user_49,927,927,
17597,39,0,0,builder_0,927,927,17585
17579,40,340000,0,user_44,927,927,
17554,41,320000,0,user_20,927,927,
17556,42,220000,10700,user_21,927,927,
17598,43,0,0,builder_0,927,927,17556
17555,44,220000,0,user_21,927,927,
17574,45,190000,0,user_37,927,927,
17577,46,160000,0,user_42,927,927,
17545,47,150000,0,user_14,927,927,
17553,48,150000,0,user_20,927,927,
17557,49,150000,0,user_23,927,927,
17599,50,0,0,builder_0,927,927,17540
17540,51,110000,35600,user_11,927,927,
17538,52,130000,12300,user_9,927,927,
17600,53,0,0,builder_0,927,927,17538
17549,54,120000,0,user_17,927,927,
17546,55,110000,8520,user_16,927,927,
17601,56,0,0,builder_0,927,927,17546
17567,57,110000,0,user_32,927,927,
17561,58,83000,7840,user_27,927,927,
17602,59,0,0,builder_0,927,927,17561
17532,60,85000,0,user_1,927,927,
17576,61,85000,0,user_42,927,927,
17552,62,82000,0,user_18,927,927,
17573,63,82000,0,user_36,927,927,
17543,64,79000,0,user_13,927,927,
17731,,6300000,0,user_1,928,,
17732,,630000,0,user_2,928,,
17733,,80000,0,user_3,928,,
17734,,310000,0,user_3,928,,
17735,,220000,0,user_3,928,,
17736,,79000,0,user_3,928,,
17737,,1500000,39400,user_4,928,,
17738,,910000,84800,user_6,928,,
17739,,2600000,0,user_7,928,,
17740,,260000,0,user_7,928,,
17741,,5000000,0,user_8,928,,
17742,,82000,0,user_8,928,,
17743,,1500000,0,user_10,928,,
17744,,27000000,0,user_12,928,,
17745,,1100000,12800,user_14,928,,
17746,,4500000,0,user_14,928,,
17747,,43000000,0,user_15,928,,
17748,,150000,0,user_18,928,,
17749,,1000000,68100,user_22,928,,
17750,,1300000,0,user_22,928,,
17751,,310000,0,user_22,928,,
17752,,130000,0,user_24,928,,
17753,,1500000,0,user_26,928,,
17754,,240000,0,user_26,928,,
17755,,2000000,0,user_27,928,,
17756,,83000,43600,user_29,928,,
17757,,2000000,0,user_31,928,,
17758,,360000,0,user_32,928,,
17759,,4500000,0,user_33,928,,
17760,,110000,0,user_33,928,,
17761,,310000,0,user_34,928,,
17762,,150000,15300,user_34,928,,
17763,,83000,0,user_35,928,,
17764,,5000000,0,user_36,928,,
17765,,1400000,0,user_37,928,,
17766,,1700000,0,user_38,928,,
17767,,170000,0,user_39,928,,
17768,,600000,31700,user_39,928,,
17769,,2000000,0,user_40,928,,
17770,,3500000,0,user_42,928,,
17771,,1300000,0,user_43,928,,
17772,,1100000,0,user_44,928,,
17773,,2300000,0,user_45,928,,
17774,,310000,0,user_46,928,,
17775,,2000000,181000,user_47,928,,
17776,,110000,410000,user_48,928,,
17777,,85000,0,user_49,928,,
17778,,160000,0,user_49,928,,
17779,,420000,10700,user_49,928,,
17780,,98000,0,user_49,928,,
17781,,160000,0,user_49,928,,
17747,0,43000000,0,user_15,928,928,
17744,1,27000000,0,user_12,928,928,
17731,2,6300000,0,user_1,928,928,
17741,3,5000000,0,user_8,928,928,
17764,4,5000000,0,user_36,928,928,
17746,5,4500000,0,user_14,928,928,
17759,6,4500000,0,user_33,928,928,
17770,7,3500000,0,user_42,928,928,
17739,8,2600000,0,user_7,928,928,
17755,9,2000000,0,user_27,928,928,
17757,10,2000000,0,user_31,928,928,
17769,11,2000000,0,user_40,928,928,
17775,12,2000000,181000,user_47,928,928,
17766,13,1700000,0,user_38,928,928,
17737,14,1500000,39400,user_4,928,928,
17753,15,1500000,0,user_26,928,928,
17765,16,1400000,0,user_37,928,928,
17750,17,1300000,0,user_22,928,928,
17771,18,1300000,0,user_43,928,928,
17745,19,1100000,12800,user_14,928,928,
17772,20,1100000,0,user_44,928,928,
17749,21,1000000,68100,user_22,928,928,
17738,22,910000,84800,user_6,928,928,
17732,23,630000,0,user_2,928,928,
17768,24,600000,31700,user_39,928,928,
17779,25,420000,10700,user_49,928,928,
17734,26,310000,0,user_3,928,928,
17751,27,310000,0,user_22,928,928,
17761,28,310000,0,user_34,928,928,
17740,29,260000,0,user_7,928,928,
17754,30,240000,0,user_26,928,928,
17735,31,220000,0,user_3,928,928,
17767,32,170000,0,user_39,928,928,
17778,33,160000,0,user_49,928,928,
17781,34,160000,0,user_49,928,928,
17748,35,150000,0,user_18,928,928,
17762,36,150000,15300,user_34,928,928,
17752,37,130000,0,user_24,928,928,
17760,38,110000,0,user_33,928,928,
17776,39,110000,410000,user_48,928,928,
17780,40,98000,0,user_49,928,928,
17777,41,85000,0,user_49,928,928,
17756,42,83000,43600,user_29,928,928,
17742,43,82000,0,user_8,928,928,
17733,44,80000,0,user_3,928,928,
17736,45,79000,0,user_3,928,928,
17850,,470000,0,user_2,929,,
17851,,110000,0,user_3,929,,
17852,,420000,0,user_3,929,,
17853,,420000,0,user_3,929,,
17854,,2000000,0,user_4,929,,
17855,,1100000,0,user_6,929,,
17856,,110000,0,user_6,929,,
17857,,310000,0,user_7,929,,
17858,,120000,0,user_7,929,,
17859,,220000,0,user_7,929,,
17860,,310000,0,user_8,929,,
17861,,370000,11200,user_9,929,,
17862,,98000,0,user_11,929,,
17863,,160000,139000,user_11,929,,
17864,,360000,0,user_12,929,,
17865,,220000,285000,user_13,929,,
17866,,470000,0,user_13,929,,
17867,,110000,10700,user_14,929,,
17868,,170000,0,user_14,929,,
17869,,1400000,0,user_14,929,,
17870,,160000,0,user_14,929,,
17871,,160000,369000,user_18,929,,
17872,,310000,0,user_19,929,,
17873,,310000,0,user_20,929,,
17874,,3500000,0,user_20,929,,
17875,,220000,0,user_21,929,,
17876,,220000,0,user_23,929,,
17877,,530000,0,user_24,929,,
17878,,1500000,283000,user_28,929,,
17879,,70000,0,user_28,929,,
17880,,79000,0,user_29,929,,
17881,,1500000,24700,user_29,929,,
17882,,4500000,0,user_30,929,,
17883,,2600000,0,user_30,929,,
17884,,19000000,0,user_31,929,,
17885,,190000,0,user_33,929,,
17886,,70000,0,user_34,929,,
17887,,110000,0,user_34,929,,
17888,,2100000,0,user_34,929,,
17889,,360000,0,user_34,929,,
17890,,630000,0,user_34,929,,
17891,,19000000,0,user_35,929,,
17892,,420000,0,user_37,929,,
17893,,70000,0,user_39,929,,
17894,,530000,0,user_39,929,,
17895,,110000,0,user_40,929,,
17896,,150000,84800,user_42,929,,
17897,,1100000,0,user_44,929,,
17898,,1700000,0,user_45,929,,
17899,,240000,0,user_46,929,,
17900,,150000,24700,user_46,929,,
17901,,2100000,0,user_47,929,,
17902,,220000,5640,user_47,929,,
17903,,5000000,0,user_48,929,,
17904,,630000,0,user_48,929,,
17905,,160000,0,user_49,929,,
17906,,1500000,0,user_49,929,,
17884,0,19000000,0,user_31,929,929,
17891,1,19000000,0,user_35,929,929,
17903,2,5000000,0,user_48,929,929,
17882,3,4500000,0,user_30,929,929,
17874,4,3500000,0,user_20,929,929,
17883,5,2600000,0,user_30,929,929,
17888,6,2100000,0,user_34,929,929,
17901,7,2100000,0,user_47,929,929,
17854,8,2000000,0,user_4,929,929,
17929,9,0,0,builder_3,929,929,17878
17878,10,1500000,283000,user_28,929,929,
17898,11,1700000,0,user_45,929,929,
17881,12,1500000,24700,user_29,929,929,
17930,13,0,0,builder_3,929,929,17881
17906,14,1500000,0,user_49,929,929,
17869,15,1400000,0,user_14,929,929,
17897,16,1100000,0,user_44,929,929,
17890,17,630000,0,user_34,929,929,
17904,18,630000,0,user_48,929,929,
17877,19,530000,0,user_24,929,929,
17894,20,530000,0,user_39,929,929,
17871,21,160000,369000,user_18,929,929,
17931,22,0,0,builder_3,929,929,17871
17865,23,220000,285000,user_13,929,929,
17932,24,0,0,builder_3,929,929,17865
17850,25,470000,0,user_2,929,929,
17866,26,470000,0,user_13,929,929,
17852,27,420000,0,user_3,929,929,
17853,28,420000,0,user_3,929,929,
17892,29,420000,0,user_37,929,929,
17864,30,360000,0,user_12,929,929,
17889,31,360000,0,user_34,929,929,
17857,32,310000,0,user_7,929,929,
17872,33,310000,0,user_19,929,929,
17873,34,310000,0,user_20,929,929,
17863,35,160000,139000,user_11,929,929,
17933,36,0,0,builder_3,929,929,17863
17899,37,240000,0,user_46,929,929,
17934,38,0,0,builder_3,929,929,17896
17896,39,150000,84800,user_42,929,929,
17902,40,220000,5640,user_47,929,929,
17935,41,0,0,builder_3,929,929,17902
17859,42,220000,0,user_7,929,929,
17875,43,220000,0,user_21,929,929,
17876,44,220000,0,user_23,929,929,
17885,45,190000,0,user_33,929,929,
17900,46,150000,24700,user_46,929,929,
17936,47,0,0,builder_3,929,929,17900
17868,48,170000,0,user_14,929,929,
17870,49,160000,0,user_14,929,929,
17905,50,160000,0,user_49,929,929,
17937,51,0,0,builder_3,929,929,17867
17867,52,110000,10700,user_14,929,929,
17858,53,120000,0,user_7,929,929,
17851,54,110000,0,user_3,929,929,
17887,55,110000,0,user_34,929,929,
17895,56,110000,0,user_40,929,929,
17862,57,98000,0,user_11,929,929,
17880,58,79000,0,user_29,929,929,
17879,59,70000,0,user_28,929,929,
17886,60,70000,0,user_34,929,929,
17893,61,70000,0,user_39,929,929,
17974,,98000,0,user_0,930,,
17975,,2000000,0,user_1,930,,
17976,,110000,0,user_2,930,,
17977,,5200000,0,user_3,930,,
17978,,460000,0,user_3,930,,
17979,,320000,0,user_3,930,,
17980,,6300000,0,user_3,930,,
17981,,3500000,0,user_5,930,,
17982,,1500000,56200,user_5,930,,
17983,,79000,0,user_5,930,,
17984,,2300000,0,user_7,930,,
17985,,220000,73100,user_7,930,,
17986,,150000,0,user_9,930,,
17987,,1800000,0,user_10,930,,
17988,,2600000,0,user_10,930,,
17989,,3200000,0,user_10,930,,
17990,,310000,0,user_12,930,,
17991,,220000,35100,user_14,930,,
17992,,310000,0,user_16,930,,
17993,,79000,0,user_17,930,,
17994,,420000,0,user_18,930,,
17995,,240000,0,user_19,930,,
17996,,360000,0,user_20,930,,
17997,,630000,0,user_22,930,,
17998,,2500000,0,user_22,930,,
17999,,260000,0,user_25,930,,
18000,,630000,0,user_26,930,,
18001,,4200000,0,user_27,930,,
18002,,2400000,49100,user_27,930,,
18003,,70000,0,user_28,930,,
18004,,110000,67900,user_28,930,,
18005,,6300000,0,user_28,930,,
18006,,79000,0,user_28,930,,
18007,,1700000,67500,user_29,930,,
18008,,1100000,0,user_31,930,,
18009,,110000,108000,user_33,930,,
18010,,340000,350000,user_35,930,,
18011,,83000,0,user_36,930,,
18012,,43000000,0,user_39,930,,
18013,,130000,0,user_41,930,,
18014,,2000000,0,user_43,930,,
18015,,300000,35100,user_45,930,,
18016,,630000,0,user_45,930,,
18017,,43000000,0,user_45,930,,
18018,,2000000,0,user_45,930,,
18019,,420000,0,user_45,930,,
18020,,160000,16400,user_46,930,,
18021,,110000,71800,user_48,930,,
18022,,3600000,0,user_49,930,,
18012,0,43000000,0,user_39,930,930,
18017,1,43000000,0,user_45,930,930,
17980,2,6300000,0,user_3,930,930,
18005,3,6300000,0,user_28,930,930,
17977,4,5200000,0,user_3,930,930,
18001,5,4200000,0,user_27,930,930,
18022,6,3600000,0,user_49,930,930,
17981,7,3500000,0,user_5,930,930,
17989,8,3200000,0,user_10,930,930,
17988,9,2600000,0,user_10,930,930,
17998,10,2500000,0,user_22,930,930,
18002,11,2400000,49100,user_27,930,930,
18082,12,0,0,builder_7,930,930,18002
17984,13,2300000,0,user_7,930,930,
17975,14,2000000,0,user_1,930,930,
18014,15,2000000,0,user_43,930,930,
18018,16,2000000,0,user_45,930,930,
17987,17,1800000,0,user_10,930,930,
18007,18,1700000,67500,user_29,930,930,
18083,19,0,0,builder_7,930,930,18007
17982,20,1500000,56200,user_5,930,930,
18084,21,0,0,builder_7,930,930,17982
18008,22,1100000,0,user_31,930,930,
17997,23,630000,0,user_22,930,930,
18016,24,630000,0,user_45,930,930,
17978,25,460000,0,user_3,930,930,
18019,26,420000,0,user_45,930,930,
17996,27,360000,0,user_20,930,930,
18015,28,300000,35100,user_45,930,930,
18085,29,0,0,builder_7,930,930,18015
17979,30,320000,0,user_3,930,930,
17990,31,310000,0,user_12,930,930,
17992,32,310000,0,user_16,930,930,
17985,33,220000,73100,user_7,930,930,
18086,34,0,0,builder_7,930,930,17985
17999,35,260000,0,user_25,930,930,
17991,36,220000,35100,user_14,930,930,
18087,37,0,0,builder_7,930,930,17991
18088,38,0,0,builder_7,930,930,18009
18009,39,110000,108000,user_33,930,930,
18004,40,110000,67900,user_28,930,930,
18089,41,0,0,builder_7,930,930,18004
17986,42,150000,0,user_9,930,930,
18013,43,130000,0,user_41,930,930,
17976,44,110000,0,user_2,930,930,
17974,45,98000,0,user_0,930,930,
18011,46,83000,0,user_36,930,930,
17983,47,79000,0,user_5,930,930,
17993,48,79000,0,user_17,930,930,
18006,49,79000,0,user_28,930,930,
18003,50,70000,0,user_28,930,930,
18100,,79000,100000,user_1,931,,
18101,,420000,35100,user_2,931,,
18102,,87000,0,user_4,931,,
18103,,130000,381000,user_5,931,,
18104,,3600000,0,user_5,931,,
18105,,260000,6390,user_7,931,,
18106,,1900000,779000,user_8,931,,
18107,,660000,0,user_8,931,,
18108,,1000000,322000,user_9,931,,
18109,,220000,283000,user_10,931,,
18110,,470000,0,user_11,931,,
18111,,2000000,0,user_12,931,,
18112,,87000,0,user_12,931,,
18113,,5200000,0,user_13,931,,
18114,,110000,0,user_14,931,,
18115,,910000,0,user_15,931,,
18116,,73000,0,user_16,931,,
18117,,160000,0,user_16,931,,
18118,,120000,7840,user_16,931,,
18119,,420000,0,user_16,931,,
18120,,120000,0,user_17,931,,
18121,,150000,16400,user_20,931,,
18122,,110000,0,user_21,931,,
18123,,160000,510000,user_22,931,,
18124,,370000,0,user_25,931,,
18125,,110000,0,user_27,931,,
18126,,79000,0,user_27,931,,
18127,,420000,0,user_28,931,,
18128,,470000,18600,user_29,931,,
18129,,70000,0,user_29,931,,
18130,,310000,0,user_29,931,,
18131,,1800000,0,user_29,931,,
18132,,160000,0,user_34,931,,
18133,,300000,0,user_34,931,,
18134,,1600000,0,user_34,931,,
18135,,2000000,0,user_34,931,,
18136,,6100000,0,user_35,931,,
18137,,1000000,0,user_37,931,,
18138,,130000,0,user_39,931,,
18139,,110000,0,user_40,931,,
18140,,120000,0,user_41,931,,
18141,,2000000,0,user_44,931,,
18142,,120000,0,user_44,931,,
18143,,120000,0,user_44,931,,
18144,,1500000,0,user_44,931,,
18145,,1500000,0,user_47,931,,
18146,,650000,0,user_49,931,,
18136,0,6100000,0,user_35,931,931,
18113,1,5200000,0,user_13,931,931,
18104,2,3600000,0,user_5,931,931,
18111,3,2000000,0,user_12,931,931,
18135,4,2000000,0,user_34,931,931,
18141,5,2000000,0,user_44,931,931,
18106,6,1900000,779000,user_8,931,931,
18131,7,1800000,0,user_29,931,931,
18134,8,1600000,0,user_34,931,931,
18144,9,1500000,0,user_44,931,931,
18145,10,1500000,0,user_47,931,931,
18108,11,1000000,322000,user_9,931,931,
18137,12,1000000,0,user_37,931,931,
18115,13,910000,0,user_15,931,931,
18107,14,660000,0,user_8,931,931,
18146,15,650000,0,user_49,931,931,
18110,16,470000,0,user_11,931,931,
18128,17,470000,18600,user_29,931,931,
18101,18,420000,35100,user_2,931,931,
18119,19,420000,0,user_16,931,931,
18127,20,420000,0,user_28,931,931,
18124,21,370000,0,user_25,931,931,
18130,22,310000,0,user_29,931,931,
18133,23,300000,0,user_34,931,931,
18105,24,260000,6390,user_7,931,931,
18109,25,220000,283000,user_10,931,931,
18117,26,160000,0,user_16,931,931,
18132,27,160000,0,user_34,931,931,
18121,28,150000,16400,user_20,931,931,
18103,29,130000,381000,user_5,931,931,
18138,30,130000,0,user_39,931,931,
18118,31,120000,7840,user_16,931,931,
18120,32,120000,0,user_17,931,931,
18140,33,120000,0,user_41,931,931,
18142,34,120000,0,user_44,931,931,
18143,35,120000,0,user_44,931,931,
18125,36,110000,0,user_27,931,931,
18102,37,87000,0,user_4,931,931,
18112,38,87000,0,user_12,931,931,
18100,39,79000,100000,user_1,931,931,
18126,40,79000,0,user_27,931,931,
18116,41,73000,0,user_16,931,931,
18129,42,70000,0,user_29,931,931,
18225,,120000,0,user_0,932,,
18226,,420000,33300,user_0,932,,
18227,,150000,350000,user_2,932,,
18228,,670000,0,user_2,932,,
18229,,340000,36800,user_3,932,,
18230,,1700000,23500,user_4,932,,
18231,,160000,108000,user_5,932,,
18232,,2600000,0,user_8,932,,
18233,,2400000,0,user_8,932,,
18234,,170000,0,user_8,932,,
18235,,150000,0,user_10,932,,
18236,,420000,0,user_12,932,,
18237,,470000,100000,user_13,932,,
18238,,460000,0,user_14,932,,
18239,,2100000,0,user_14,932,,
18240,,3500000,0,user_14,932,,
18241,,98000,0,user_14,932,,
18242,,150000,15100,user_14,932,,
18243,,260000,0,user_15,932,,
18244,,1100000,0,user_16,932,,
18245,,3600000,66100,user_17,932,,
18246,,160000,0,user_18,932,,
18247,,4500000,0,user_20,932,,
18248,,170000,32900,user_21,932,,
18249,,1000000,0,user_21,932,,
18250,,220000,350000,user_21,932,,
18251,,5000000,36800,user_21,932,,
18252,,1100000,0,user_22,932,,
18253,,150000,0,user_22,932,,
18254,,470000,0,user_22,932,,
18255,,650000,0,user_22,932,,
18256,,3200000,16400,user_23,932,,
18257,,150000,0,user_23,932,,
18258,,150000,0,user_24,932,,
18259,,82000,0,user_25,932,,
18260,,83000,0,user_27,932,,
18261,,460000,12800,user_28,932,,
18262,,2500000,0,user_29,932,,
18263,,160000,0,user_30,932,,
18264,,1600000,0,user_31,932,,
18265,,220000,0,user_32,932,,
18266,,1700000,0,user_33,932,,
18267,,160000,0,user_33,932,,
18268,,420000,0,user_36,932,,
18269,,190000,0,user_37,932,,
18270,,160000,0,user_39,932,,
18271,,27000000,0,user_40,932,,
18272,,970000,0,user_41,932,,
18273,,260000,0,user_43,932,,
18274,,1700000,0,user_43,932,,
18275,,1500000,0,user_46,932,,
18276,,150000,0,user_47,932,,
18277,,470000,0,user_49,932,,
18278,,1400000,0,user_49,932,,
18271,0,27000000,0,user_40,932,932,
18251,1,5000000,36800,user_21,932,932,
18319,2,0,0,builder_4,932,932,18251
18247,3,4500000,0,user_20,932,932,
18245,4,3600000,66100,user_17,932,932,
18320,5,0,0,builder_4,932,932,18245
18240,6,3500000,0,user_14,932,932,
18256,7,3200000,16400,user_23,932,932,
18321,8,0,0,builder_4,932,932,18256
18232,9,2600000,0,user_8,932,932,
18262,10,2500000,0,user_29,932,932,
18233,11,2400000,0,user_8,932,932,
18239,12,2100000,0,user_14,932,932,
18230,13,1700000,23500,user_4,932,932,
18322,14,0,0,builder_4,932,932,18230
18266,15,1700000,0,user_33,932,932,
18274,16,1700000,0,user_43,932,932,
18264,17,1600000,0,user_31,932,932,
18275,18,1500000,0,user_46,932,932,
18278,19,1400000,0,user_49,932,932,
18244,20,1100000,0,user_16,932,932,
18252,21,1100000,0,user_22,932,932,
18249,22,1000000,0,user_21,932,932,
18272,23,970000,0,user_41,932,932,
18228,24,670000,0,user_2,932,932,
18255,25,650000,0,user_22,932,932,
18323,26,0,0,builder_4,932,932,18237
18237,27,470000,100000,user_13,932,932,
18250,28,220000,350000,user_21,932,932,
18324,29,0,0,builder_4,932,932,18250
18325,30,0,0,builder_4,932,932,18227
18227,31,150000,350000,user_2,932,932,
18261,32,460000,12800,user_28,932,932,
18326,33,0,0,builder_4,932,932,18261
18254,34,470000,0,user_22,932,932,
18277,35,470000,0,user_49,932,932,
18238,36,460000,0,user_14,932,932,
18327,37,0,0,builder_4,932,932,18226
18226,38,420000,33300,user_0,932,932,
18236,39,420000,0,user_12,932,932,
18268,40,420000,0,user_36,932,932,
18328,41,0,0,builder_4,932,932,18229
18229,42,340000,36800,user_3,932,932,
18273,43,260000,0,user_43,932,932,
18265,44,220000,0,user_32,932,932,
18248,45,170000,32900,user_21,932,932,
18329,46,0,0,builder_4,932,932,18248
18269,47,190000,0,user_37,932,932,
18234,48,170000,0,user_8,932,932,
18242,49,150000,15100,user_14,932,932,
18330,50,0,0,builder_4,932,932,18242
18246,51,160000,0,user_18,932,932,
18263,52,160000,0,user_30,932,932,
18267,53,160000,0,user_33,932,932,
18235,54,150000,0,user_10,932,932,
18253,55,150000,0,user_22,932,932,
18257,56,150000,0,user_23,932,932,
18258,57,150000,0,user_24,932,932,
18225,58,120000,0,user_0,932,932,
18241,59,98000,0,user_14,932,932,
18260,60,83000,0,user_27,932,932,
18259,61,82000,0,user_25,932,932,
18372,,530000,0,user_0,933,,
18373,,660000,0,user_0,933,,
18374,,350000,0,user_1,933,,
18375,,130000,0,user_2,933,,
18376,,2600000,0,user_3,933,,
18377,,6300000,0,user_3,933,,
18378,,2000000,0,user_5,933,,
18379,,120000,0,user_6,933,,
18380,,5200000,510000,user_6,933,,
18381,,110000,0,user_7,933,,
18382,,100000,0,user_7,933,,
18383,,3600000,0,user_8,933,,
18384,,2400000,0,user_10,933,,
18385,,120000,0,user_11,933,,
18386,,650000,0,user_12,933,,
18387,,1400000,47700,user_13,933,,
18388,,130000,0,user_14,933,,
18389,,1000000,0,user_18,933,,
18390,,100000,0,user_19,933,,
18391,,260000,84800,user_19,933,,
18392,,110000,0,user_22,933,,
18393,,600000,0,user_22,933,,
18394,,660000,195000,user_23,933,,
18395,,340000,0,user_23,933,,
18396,,120000,0,user_24,933,,
18397,,83000,0,user_24,933,,
18398,,170000,0,user_27,933,,
18399,,310000,510000,user_31,933,,
18400,,120000,0,user_32,933,,
18401,,150000,3130,user_33,933,,
18402,,1500000,0,user_34,933,,
18403,,2400000,0,user_35,933,,
18404,,73000,0,user_35,933,,
18405,,73000,0,user_35,933,,
18406,,660000,0,user_36,933,,
18407,,1500000,0,user_37,933,,
18408,,120000,13800,user_38,933,,
18409,,160000,0,user_38,933,,
18410,,870000,0,user_40,933,,
18411,,420000,0,user_41,933,,
18412,,73000,0,user_41,933,,
18413,,350000,0,user_48,933,,
18414,,970000,7190000,user_48,933,,
18414,0,970000,7190000,user_48,933,933,
18442,1,0,0,builder_4,933,933,18414
18377,2,6300000,0,user_3,933,933,
18380,3,5200000,510000,user_6,933,933,
18443,4,0,0,builder_4,933,933,18380
18383,5,3600000,0,user_8,933,933,
18376,6,2600000,0,user_3,933,933,
18384,7,2400000,0,user_10,933,933,
18403,8,2400000,0,user_35,933,933,
18402,9,1500000,0,user_34,933,933,
18407,10,1500000,0,user_37,933,933,
18387,11,1400000,47700,user_13,933,933,
18444,12,0,0,builder_4,933,933,18387
18389,13,1000000,0,user_18,933,933,
18410,14,870000,0,user_40,933,933,
18394,15,660000,195000,user_23,933,933,
18445,16,0,0,builder_4,933,933,18394
18399,17,310000,510000,user_31,933,933,
18446,18,0,0,builder_4,933,933,18399
18373,19,660000,0,user_0,933,933,
18406,20,660000,0,user_36,933,933,
18386,21,650000,0,user_12,933,933,
18393,22,600000,0,user_22,933,933,
18372,23,530000,0,user_0,933,933,
18411,24,420000,0,user_41,933,933,
18374,25,350000,0,user_1,933,933,
18413,26,350000,0,user_48,933,933,
18447,27,0,0,builder_4,933,933,18391
18391,28,260000,84800,user_19,933,933,
18395,29,340000,0,user_23,933,933,
18398,30,170000,0,user_27,933,933,
18409,31,160000,0,user_38,933,933,
18401,32,150000,3130,user_33,933,933,
18448,33,0,0,builder_4,933,933,18401
18408,34,120000,13800,user_38,933,933,
18449,35,0,0,builder_4,933,933,18408
18375,36,130000,0,user_2,933,933,
18388,37,130000,0,user_14,933,933,
18379,38,120000,0,user_6,933,933,
18385,39,120000,0,user_11,933,933,
18396,40,120000,0,user_24,933,933,
18400,41,120000,0,user_32,933,933,
18392,42,110000,0,user_22,933,933,
18390,43,100000,0,user_19,933,933,
18397,44,83000,0,user_24,933,933,
18404,45,73000,0,user_35,933,933,
18405,46,73000,0,user_35,933,933,
18412,47,73000,0,user_41,933,933,
18473,,310000,0,user_1,934,,
18474,,98000,0,user_1,934,,
18475,,1000000,0,user_3,934,,
18476,,79000,0,user_6,934,,
18477,,870000,0,user_7,934,,
18478,,160000,35100,user_8,934,,
18479,,220000,0,user_9,934,,
18480,,350000,0,user_11,934,,
18481,,3200000,7840,user_12,934,,
18482,,85000,15300,user_14,934,,
18483,,1600000,71800,user_18,934,,
18484,,2600000,0,user_19,934,,
18485,,2000000,0,user_21,934,,
18486,,1500000,0,user_22,934,,
18487,,5000000,0,user_22,934,,
18488,,83000,0,user_23,934,,
18489,,150000,0,user_25,934,,
18490,,340000,0,user_25,934,,
18491,,260000,0,user_26,934,,
18492,,1400000,0,user_26,934,,
18493,,1500000,0,user_27,934,,
18494,,1100000,0,user_27,934,,
18495,,420000,0,user_28,934,,
18496,,1100000,0,user_29,934,,
18497,,150000,0,user_30,934,,
18498,,1100000,0,user_31,934,,
18499,,1500000,0,user_31,934,,
18500,,87000,0,user_32,934,,
18501,,130000,0,user_33,934,,
18502,,240000,0,user_34,934,,
18503,,150000,0,user_34,934,,
18504,,87000,36800,user_35,934,,
18505,,150000,67900,user_36,934,,
18506,,2400000,0,user_36,934,,
18507,,27000000,0,user_37,934,,
18508,,110000,0,user_38,934,,
18509,,2100000,67900,user_39,934,,
18510,,2500000,350000,user_39,934,,
18511,,5200000,0,user_40,934,,
18512,,150000,0,user_41,934,,
18513,,1200000,0,user_41,934,,
18514,,3200000,0,user_42,934,,
18515,,150000,0,user_42,934,,
18516,,460000,0,user_44,934,,
18517,,2000000,7840,user_46,934,,
18518,,1100000,3130,user_48,934,,
18519,,4200000,0,user_48,934,,
18507,0,27000000,0,user_37,934,934,
18511,1,5200000,0,user_40,934,934,
18487,2,5000000,0,user_22,934,934,
18519,3,4200000,0,user_48,934,934,
18481,4,3200000,7840,user_12,934,934,
18514,5,3200000,0,user_42,934,934,
18484,6,2600000,0,user_19,934,934,
18510,7,2500000,350000,user_39,934,934,
18506,8,2400000,0,user_36,934,934,
18509,9,2100000,67900,user_39,934,934,
18485,10,2000000,0,user_21,934,934,
18483,11,1600000,71800,user_18,934,934,
18486,12,1500000,0,user_22,934,934,
18493,13,1500000,0,user_27,934,934,
18499,14,1500000,0,user_31,934,934,
18492,15,1400000,0,user_26,934,934,
18494,16,1100000,0,user_27,934,934,
18496,17,1100000,0,user_29,934,934,
18498,18,1100000,0,user_31,934,934,
18518,19,1100000,3130,user_48,934,934,
18475,20,1000000,0,user_3,934,934,
18477,21,870000,0,user_7,934,934,
18516,22,460000,0,user_44,934,934,
18495,23,420000,0,user_28,934,934,
18490,24,340000,0,user_25,934,934,
18473,25,310000,0,user_1,934,934,
18491,26,260000,0,user_26,934,934,
18502,27,240000,0,user_34,934,934,
18479,28,220000,0,user_9,934,934,
18478,29,160000,35100,user_8,934,934,
18489,30,150000,0,user_25,934,934,
18497,31,150000,0,user_30,934,934,
18503,32,150000,0,user_34,934,934,
18505,33,150000,67900,user_36,934,934,
18515,34,150000,0,user_42,934,934,
18501,35,130000,0,user_33,934,934,
18508,36,110000,0,user_38,934,934,
18474,37,98000,0,user_1,934,934,
18482,38,85000,15300,user_14,934,934,
18488,39,83000,0,user_23,934,934,
18476,40,79000,0,user_6,934,934,
18590,,2000000,68100,user_1,935,,
18591,,150000,0,user_2,935,,
18592,,2100000,0,user_3,935,,
18593,,1800000,0,user_5,935,,
18594,,120000,19700,user_6,935,,
18595,,80000,0,user_7,935,,
18596,,220000,0,user_7,935,,
18597,,83000,0,user_8,935,,
18598,,1200000,0,user_10,935,,
18599,,370000,0,user_11,935,,
18600,,2000000,0,user_14,935,,
18601,,5000000,0,user_15,935,,
18602,,2000000,0,user_15,935,,
18603,,870000,0,user_16,935,,
18604,,30000000,0,user_17,935,,
18605,,98000,0,user_18,935,,
18606,,27000000,4320000,user_19,935,,
18607,,120000,0,user_21,935,,
18608,,19000000,0,user_21,935,,
18609,,6100000,0,user_24,935,,
18610,,1400000,0,user_25,935,,
18611,,340000,0,user_26,935,,
18612,,630000,0,user_26,935,,
18613,,160000,0,user_27,935,,
18614,,4200000,0,user_27,935,,
18615,,310000,0,user_27,935,,
18616,,320000,128000,user_28,935,,
18617,,170000,0,user_29,935,,
18618,,130000,0,user_29,935,,
18619,,150000,0,user_29,935,,
18620,,1200000,0,user_30,935,,
18621,,150000,0,user_30,935,,
18622,,160000,0,user_32,935,,
18623,,350000,0,user_33,935,,
18624,,670000,0,user_33,935,,
18625,,1300000,0,user_33,935,,
18626,,660000,0,user_33,935,,
18627,,2100000,0,user_33,935,,
18628,,170000,0,user_36,935,,
18629,,170000,0,user_36,935,,
18630,,84000,0,user_38,935,,
18631,,110000,35600,user_39,935,,
18632,,2100000,0,user_40,935,,
18633,,320000,0,user_40,935,,
18634,,160000,0,user_42,935,,
18635,,460000,0,user_44,935,,
18636,,27000000,121000,user_44,935,,
18637,,73000,18600,user_45,935,,
18638,,100000,0,user_45,935,,
18639,,1900000,0,user_46,935,,
18640,,910000,0,user_49,935,,
18604,0,30000000,0,user_17,935,935,
18606,1,27000000,4320000,user_19,935,935,
18636,2,27000000,121000,user_44,935,935,
18608,3,19000000,0,user_21,935,935,
18609,4,6100000,0,user_24,935,935,
18601,5,5000000,0,user_15,935,935,
18614,6,4200000,0,user_27,935,935,
18592,7,2100000,0,user_3,935,935,
18627,8,2100000,0,user_33,935,935,
18632,9,2100000,0,user_40,935,935,
18600,10,2000000,0,user_14,935,935,
18602,11,2000000,0,user_15,935,935,
18639,12,1900000,0,user_46,935,935,
18593,13,1800000,0,user_5,935,935,
18610,14,1400000,0,user_25,935,935,
18625,15,1300000,0,user_33,935,935,
18598,16,1200000,0,user_10,935,935,
18620,17,1200000,0,user_30,935,935,
18640,18,910000,0,user_49,935,935,
18603,19,870000,0,user_16,935,935,
18624,20,670000,0,user_33,935,935,
18626,21,660000,0,user_33,935,935,
18635,22,460000,0,user_44,935,935,
18599,23,370000,0,user_11,935,935,
18623,24,350000,0,user_33,935,935,
18633,25,320000,0,user_40,935,935,
18615,26,310000,0,user_27,935,935,
18596,27,220000,0,user_7,935,935,
18617,28,170000,0,user_29,935,935,
18628,29,170000,0,user_36,935,935,
18629,30,170000,0,user_36,935,935,
18613,31,160000,0,user_27,935,935,
18622,32,160000,0,user_32,935,935,
18634,33,160000,0,user_42,935,935,
18591,34,150000,0,user_2,935,935,
18619,35,150000,0,user_29,935,935,
18621,36,150000,0,user_30,935,935,
18618,37,130000,0,user_29,935,935,
18594,38,120000,19700,user_6,935,935,
18607,39,120000,0,user_21,935,935,
18638,40,100000,0,user_45,935,935,
18605,41,98000,0,user_18,935,935,
18630,42,84000,0,user_38,935,935,
18597,43,83000,0,user_8,935,935,
18595,44,80000,0,user_7,935,935,
18637,45,73000,18600,user_45,935,935,
13925,,460000,0,user_0,936,,
13926,,1200000,283000,user_0,936,,
13927,,6300000,0,user_2,936,,
13928,,910000,0,user_3,936,,
13929,,460000,0,user_4,936,,
13930,,530000,0,user_5,936,,
13931,,5000000,0,user_6,936,,
13932,,600000,0,user_7,936,,
13933,,120000,0,user_7,936,,
13934,,320000,0,user_8,936,,
13935,,1300000,0,user_8,936,,
13936,,2300000,0,user_8,936,,
13937,,2600000,11200,user_8,936,,
13938,,1200000,4320000,user_10,936,,
13939,,220000,84800,user_13,936,,
13940,,80000,0,user_14,936,,
13941,,370000,17000,user_14,936,,
13942,,120000,0,user_15,936,,
13943,,460000,0,user_16,936,,
13944,,2000000,0,user_18,936,,
13945,,1100000,0,user_19,936,,
13946,,1000000,0,user_22,936,,
13947,,260000,3130,user_22,936,,
13948,,650000,0,user_23,936,,
13949,,73000,256000,user_24,936,,
13950,,130000,0,user_24,936,,
13951,,4200000,0,user_24,936,,
13952,,110000,0,user_24,936,,
13953,,350000,15300,user_25,936,,
13954,,100000,0,user_26,936,,
13955,,1000000,0,user_26,936,,
13956,,420000,0,user_28,936,,
13957,,170000,36800,user_29,936,,
13958,,27000000,0,user_30,936,,
13959,,77000,0,user_31,936,,
13960,,1000000,0,user_33,936,,
13961,,5000000,30200,user_34,936,,
13962,,150000,0,user_35,936,,
13963,,530000,0,user_35,936,,
13964,,110000,0,user_36,936,,
13965,,120000,0,user_36,936,,
13966,,910000,33300,user_37,936,,
13967,,73000,0,user_37,936,,
13968,,2300000,21800,user_38,936,,
13969,,110000,73100,user_38,936,,
13970,,360000,0,user_38,936,,
13971,,240000,0,user_38,936,,
13972,,110000,13900,user_39,936,,
13973,,220000,0,user_39,936,,
13974,,6100000,0,user_40,936,,
13975,,4500000,0,user_41,936,,
13976,,870000,0,user_43,936,,
13977,,160000,0,user_43,936,,
13978,,6300000,0,user_43,936,,
13979,,150000,35600,user_46,936,,
13980,,1800000,34700,user_48,936,,
13981,,150000,35600,user_49,936,,
13958,0,27000000,0,user_30,936,936,
13927,1,6300000,0,user_2,936,936,
13978,2,6300000,0,user_43,936,936,
13974,3,6100000,0,user_40,936,936,
14040,4,0,0,builder_4,936,936,13938
13938,5,1200000,4320000,user_10,936,936,
14041,6,0,0,builder_4,936,936,13961
13961,7,5000000,30200,user_34,936,936,
13931,8,5000000,0,user_6,936,936,
13975,9,4500000,0,user_41,936,936,
13951,10,4200000,0,user_24,936,936,
14042,11,0,0,builder_4,936,936,13937
13937,12,2600000,11200,user_8,936,936,
14043,13,0,0,builder_4,936,936,13968
13968,14,2300000,21800,user_38,936,936,
13936,15,2300000,0,user_8,936,936,
13944,16,2000000,0,user_18,936,936,
14044,17,0,0,builder_4,936,936,13980
13980,18,1800000,34700,user_48,936,936,
13926,19,1200000,283000,user_0,936,936,
14045,20,0,0,builder_4,936,936,13926
13935,21,1300000,0,user_8,936,936,
13945,22,1100000,0,user_19,936,936,
13946,23,1000000,0,user_22,936,936,
13955,24,1000000,0,user_26,936,936,
13960,25,1000000,0,user_33,936,936,
14046,26,0,0,builder_4,936,936,13966
13966,27,910000,33300,user_37,936,936,
13928,28,910000,0,user_3,936,936,
13976,29,870000,0,user_43,936,936,
13948,30,650000,0,user_23,936,936,
13963,31,530000,0,user_35,936,936,
13925,32,460000,0,user_0,936,936,
13929,33,460000,0,user_4,936,936,
13943,34,460000,0,user_16,936,936,
13956,35,420000,0,user_28,936,936,
14047,36,0,0,builder_4,936,936,13941
13941,37,370000,17000,user_14,936,936,
13953,38,350000,15300,user_25,936,936,
14048,39,0,0,builder_4,936,936,13953
13970,40,360000,0,user_38,936,936,
14049,41,0,0,builder_4,936,936,13949
13949,42,73000,256000,user_24,936,936,
13934,43,320000,0,user_8,936,936,
14050,44,0,0,builder_4,936,936,13939
13939,45,220000,84800,user_13,936,936,
13947,46,260000,3130,user_22,936,936,
14051,47,0,0,builder_4,936,936,13947
13971,48,240000,0,user_38,936,936,
13957,49,170000,36800,user_29,936,936,
14052,50,0,0,builder_4,936,936,13957
13979,51,150000,35600,user_46,936,936,
14053,52,0,0,builder_4,936,936,13979
14054,53,0,0,builder_4,936,936,13981
13981,54,150000,35600,user_49,936,936,
13969,55,110000,73100,user_38,936,936,
14055,56,0,0,builder_4,936,936,13969
13977,57,160000,0,user_43,936,936,
13962,58,150000,0,user_35,936,936,
13950,59,130000,0,user_24,936,936,
13965,60,120000,0,user_36,936,936,
13952,61,110000,0,user_24,936,936,
13964,62,110000,0,user_36,936,936,
13954,63,100000,0,user_26,936,936,
13940,64,80000,0,user_14,936,936,
13959,65,77000,0,user_31,936,936,
13967,66,73000,0,user_37,936,936,
14108,,4200000,0,user_0,937,,
14109,,1500000,0,user_0,937,,
14110,,470000,0,user_1,937,,
14111,,300000,0,user_1,937,,
14112,,970000,0,user_2,937,,
14113,,1700000,0,user_3,937,,
14114,,77000,15700,user_4,937,,
14115,,3500000,0,user_5,937,,
14116,,670000,155000,user_6,937,,
14117,,3500000,0,user_7,937,,
14118,,1300000,959000,user_7,937,,
14119,,87000,0,user_8,937,,
14120,,3500000,0,user_9,937,,
14121,,30000000,769000,user_11,937,,
14122,,3200000,0,user_15,937,,
14123,,150000,285000,user_16,937,,
14124,,73000,0,user_18,937,,
14125,,1300000,0,user_21,937,,
14126,,1400000,0,user_22,937,,
14127,,82000,0,user_23,937,,
14128,,1100000,3130,user_24,937,,
14129,,2100000,19700,user_26,937,,
14130,,73000,0,user_27,937,,
14131,,350000,0,user_30,937,,
14132,,150000,0,user_31,937,,
14133,,370000,73100,user_34,937,,
14134,,110000,0,user_36,937,,
14135,,1600000,0,user_36,937,,
14136,,1500000,195000,user_39,937,,
14137,,83000,5630,user_40,937,,
14138,,1700000,0,user_41,937,,
14139,,310000,0,user_42,937,,
14140,,83000,779000,user_42,937,,
14141,,160000,0,user_42,937,,
14142,,220000,15100,user_42,937,,
14143,,1100000,0,user_42,937,,
14144,,27000000,0,user_43,937,,
14145,,83000,0,user_44,937,,
14146,,1700000,0,user_44,937,,
14147,,82000,0,user_44,937,,
14148,,2300000,24700,user_44,937,,
14149,,5000000,60700,user_44,937,,
14150,,630000,0,user_45,937,,
14151,,2000000,0,user_46,937,,
14152,,1000000,0,user_47,937,,
14153,,1900000,0,user_49,937,,
14121,0,30000000,769000,user_11,937,937,
14144,1,27000000,0,user_43,937,937,
14149,2,5000000,60700,user_44,937,937,
14108,3,4200000,0,user_0,937,937,
14115,4,3500000,0,user_5,937,937,
14117,5,3500000,0,user_7,937,937,
14120,6,3500000,0,user_9,937,937,
14122,7,3200000,0,user_15,937,937,
14148,8,2300000,24700,user_44,937,937,
14151,9,2000000,0,user_46,937,937,
14153,10,1900000,0,user_49,937,937,
14113,11,1700000,0,user_3,937,937,
14138,12,1700000,0,user_41,937,937,
14146,13,1700000,0,user_44,937,937,
14135,14,1600000,0,user_36,937,937,
14109,15,1500000,0,user_0,937,937,
14126,16,1400000,0,user_22,937,937,
14118,17,1300000,959000,user_7,937,937,
14125,18,1300000,0,user_21,937,937,
14128,19,1100000,3130,user_24,937,937,
14143,20,1100000,0,user_42,937,937,
14152,21,1000000,0,user_47,937,937,
14112,22,970000,0,user_2,937,937,
14116,23,670000,155000,user_6,937,937,
14150,24,630000,0,user_45,937,937,
14133,25,370000,73100,user_34,937,937,
14131,26,350000,0,user_30,937,937,
14139,27,310000,0,user_42,937,937,
14142,28,220000,15100,user_42,937,937,
14141,29,160000,0,user_42,937,937,
14123,30,150000,285000,user_16,937,937,
14132,31,150000,0,user_31,937,937,
14134,32,110000,0,user_36,937,937,
14119,33,87000,0,user_8,937,937,
14137,34,83000,5630,user_40,937,937,
14140,35,83000,779000,user_42,937,937,
14145,36,83000,0,user_44,937,937,
14127,37,82000,0,user_23,937,937,
14147,38,82000,0,user_44,937,937,
14124,39,73000,0,user_18,937,937,
14130,40,73000,0,user_27,937,937,
14246,,630000,7840,user_0,938,,
14247,,150000,108000,user_1,938,,
14248,,160000,66100,user_3,938,,
14249,,220000,0,user_5,938,,
14250,,1000000,0,user_6,938,,
14251,,2100000,0,user_6,938,,
14252,,260000,67500,user_8,938,,
14253,,120000,31700,user_9,938,,
14254,,3600000,23500,user_10,938,,
14255,,1200000,0,user_11,938,,
14256,,260000,128000,user_11,938,,
14257,,120000,0,user_11,938,,
14258,,5000000,0,user_11,938,,
14259,,27000000,0,user_11,938,,
14260,,130000,0,user_12,938,,
14261,,240000,0,user_12,938,,
14262,,320000,0,user_14,938,,
14263,,1500000,0,user_19,938,,
14264,,1500000,12800,user_20,938,,
14265,,1300000,3130,user_21,938,,
14266,,83000,0,user_22,938,,
14267,,310000,0,user_23,938,,
14268,,120000,0,user_25,938,,
14269,,260000,64600,user_27,938,,
14270,,110000,33300,user_27,938,,
14271,,350000,322000,user_28,938,,
14272,,370000,12300,user_28,938,,
14273,,6100000,0,user_29,938,,
14274,,100000,0,user_29,938,,
14275,,2100000,0,user_30,938,,
14276,,150000,0,user_33,938,,
14277,,120000,0,user_34,938,,
14278,,1800000,43600,user_34,938,,
14279,,1400000,0,user_35,938,,
14280,,2000000,0,user_36,938,,
14281,,1900000,0,user_37,938,,
14282,,340000,0,user_39,938,,
14283,,1100000,164000,user_39,938,,
14284,,1500000,0,user_40,938,,
14285,,1000000,0,user_40,938,,
14286,,970000,0,user_40,938,,
14287,,73000,10700,user_40,938,,
14288,,2000000,0,user_41,938,,
14289,,84000,0,user_42,938,,
14290,,160000,0,user_42,938,,
14291,,1200000,0,user_42,938,,
14292,,110000,0,user_43,938,,
14293,,85000,0,user_44,938,,
14294,,970000,0,user_47,938,,
14295,,27000000,0,user_47,938,,
14296,,150000,0,user_48,938,,
14297,,6100000,0,user_48,938,,
14298,,100000,0,user_49,938,,
14299,,260000,35600,user_49,938,,
14259,0,27000000,0,user_11,938,938,
14295,1,27000000,0,user_47,938,938,
14273,2,6100000,0,user_29,938,938,
14297,3,6100000,0,user_48,938,938,
14258,4,5000000,0,user_11,938,938,
14254,5,3600000,23500,user_10,938,938,
14300,6,0,0,builder_0,938,938,14254
14251,7,2100000,0,user_6,938,938,
14275,8,2100000,0,user_30,938,938,
14280,9,2000000,0,user_36,938,938,
14288,10,2000000,0,user_41,938,938,
14281,11,1900000,0,user_37,938,938,
14301,12,0,0,builder_0,938,938,14264
14264,13,1500000,12800,user_20,938,938,
14263,14,1500000,0,user_19,938,938,
14284,15,1500000,0,user_40,938,938,
14279,16,1400000,0,user_35,938,938,
14302,17,0,0,builder_0,938,938,14265
14265,18,1300000,3130,user_21,938,938,
14255,19,1200000,0,user_11,938,938,
14291,20,1200000,0,user_42,938,938,
14250,21,1000000,0,user_6,938,938,
14285,22,1000000,0,user_40,938,938,
14286,23,970000,0,user_40,938,938,
14294,24,970000,0,user_47,938,938,
14271,25,350000,322000,user_28,938,938,
14303,26,0,0,builder_0,938,938,14271
14304,27,0,0,builder_0,938,938,14246
14246,28,630000,7840,user_0,938,938,
14256,29,260000,128000,user_11,938,938,
14305,30,0,0,builder_0,938,938,14256
14306,31,0,0,builder_0,938,938,14272
14272,32,370000,12300,user_28,938,938,
14252,33,260000,67500,user_8,938,938,
14307,34,0,0,builder_0,938,938,14252
14269,35,260000,64600,user_27,938,938,
14308,36,0,0,builder_0,938,938,14269
14262,37,320000,0,user_14,938,938,
14267,38,310000,0,user_23,938,938,
14309,39,0,0,builder_0,938,938,14299
14299,40,260000,35600,user_49,938,938,
14247,41,150000,108000,user_1,938,938,
14310,42,0,0,builder_0,938,938,14247
14311,43,0,0,builder_0,938,938,14248
14248,44,160000,66100,user_3,938,938,
14290,45,160000,0,user_42,938,938,
14312,46,0,0,builder_0,938,938,14253
14253,47,120000,31700,user_9,938,938,
14276,48,150000,0,user_33,938,938,
14296,49,150000,0,user_48,938,938,
14270,50,110000,33300,user_27,938,938,
14313,51,0,0,builder_0,938,938,14270
14257,52,120000,0,user_11,938,938,
14268,53,120000,0,user_25,938,938,
14292,54,110000,0,user_43,938,938,
14274,55,100000,0,user_29,938,938,
14298,56,100000,0,user_49,938,938,
14293,57,85000,0,user_44,938,938,
14289,58,84000,0,user_42,938,938,
14287,59,73000,10700,user_40,938,938,
14314,60,0,0,builder_0,938,938,14287
14266,61,83000,0,user_22,938,938,
14423,,630000,5630,user_0,939,,
14424,,130000,0,user_1,939,,
14425,,170000,31700,user_2,939,,
14426,,310000,0,user_5,939,,
14427,,82000,0,user_5,939,,
14428,,260000,21800,user_6,939,,
14429,,660000,0,user_7,939,,
14430,,420000,0,user_8,939,,
14431,,84000,0,user_8,939,,
14432,,73000,0,user_9,939,,
14433,,1700000,0,user_9,939,,
14434,,3200000,0,user_11,939,,
14435,,110000,0,user_13,939,,
14436,,150000,0,user_13,939,,
14437,,1000000,0,user_14,939,,
14438,,27000000,161000,user_15,939,,
14439,,650000,0,user_16,939,,
14440,,120000,0,user_17,939,,
14441,,630000,0,user_19,939,,
14442,,83000,0,user_20,939,,
14443,,77000,0,user_21,939,,
14444,,83000,0,user_21,939,,
14445,,150000,0,user_25,939,,
14446,,350000,13900,user_26,939,,
14447,,150000,64600,user_26,939,,
14448,,320000,19700,user_27,939,,
14449,,360000,0,user_28,939,,
14450,,190000,24700,user_29,939,,
14451,,2000000,0,user_30,939,,
14452,,310000,0,user_31,939,,
14453,,870000,0,user_32,939,,
14454,,100000,16400,user_33,939,,
14455,,120000,0,user_34,939,,
14456,,1100000,0,user_35,939,,
14457,,4200000,0,user_35,939,,
14458,,1400000,0,user_35,939,,
14459,,120000,0,user_35,939,,
14460,,650000,0,user_36,939,,
14461,,1100000,381000,user_37,939,,
14462,,110000,121000,user_37,939,,
14463,,5200000,0,user_38,939,,
14464,,6300000,0,user_42,939,,
14465,,420000,75000,user_43,939,,
14466,,1800000,0,user_44,939,,
14467,,43000000,13800,user_46,939,,
14468,,1600000,71800,user_47,939,,
14469,,2000000,10700,user_48,939,,
14470,,79000,0,user_48,939,,
14471,,19000000,0,user_49,939,,
14467,0,43000000,13800,user_46,939,939,
14438,1,27000000,161000,user_15,939,939,
14471,2,19000000,0,user_49,939,939,
14464,3,6300000,0,user_42,939,939,
14463,4,5200000,0,user_38,939,939,
14457,5,4200000,0,user_35,939,939,
14434,6,3200000,0,user_11,939,939,
14451,7,2000000,0,user_30,939,939,
14469,8,2000000,10700,user_48,939,939,
14466,9,1800000,0,user_44,939,939,
14433,10,1700000,0,user_9,939,939,
14468,11,1600000,71800,user_47,939,939,
14458,12,1400000,0,user_35,939,939,
14456,13,1100000,0,user_35,939,939,
14437,14,1000000,0,user_14,939,939,
14453,15,870000,0,user_32,939,939,
14429,16,660000,0,user_7,939,939,
14439,17,650000,0,user_16,939,939,
14460,18,650000,0,user_36,939,939,
14423,19,630000,5630,user_0,939,939,
14441,20,630000,0,user_19,939,939,
14430,21,420000,0,user_8,939,939,
14465,22,420000,75000,user_43,939,939,
14448,23,320000,19700,user_27,939,939,
14426,24,310000,0,user_5,939,939,
14452,25,310000,0,user_31,939,939,
14428,26,260000,21800,user_6,939,939,
14450,27,190000,24700,user_29,939,939,
14425,28,170000,31700,user_2,939,939,
14436,29,150000,0,user_13,939,939,
14445,30,150000,0,user_25,939,939,
14440,31,120000,0,user_17,939,939,
14455,32,120000,0,user_34,939,939,
14459,33,120000,0,user_35,939,939,
14435,34,110000,0,user_13,939,939,
14454,35,100000,16400,user_33,939,939,
14431,36,84000,0,user_8,939,939,
14442,37,83000,0,user_20,939,939,
14444,38,83000,0,user_21,939,939,
14427,39,82000,0,user_5,939,939,
14470,40,79000,0,user_48,939,939,
14443,41,77000,0,user_21,939,939,
14432,42,73000,0,user_9,939,939,
14578,,360000,0,user_0,940,,
14579,,80000,16400,user_1,940,,
14580,,110000,0,user_2,940,,
14581,,1000000,0,user_2,940,,
14582,,120000,15700,user_3,940,,
14583,,220000,0,user_4,940,,
14584,,110000,0,user_5,940,,
14585,,220000,32900,user_6,940,,
14586,,110000,0,user_6,940,,
14587,,110000,0,user_7,940,,
14588,,870000,0,user_8,940,,
14589,,220000,0,user_9,940,,
14590,,2600000,0,user_11,940,,
14591,,1000000,0,user_11,940,,
14592,,160000,0,user_12,940,,
14593,,2500000,0,user_12,940,,
14594,,73000,0,user_12,940,,
14595,,1700000,0,user_12,940,,
14596,,77000,0,user_12,940,,
14597,,2600000,24700,user_13,940,,
14598,,1900000,0,user_13,940,,
14599,,1500000,231000,user_14,940,,
14600,,350000,0,user_16,940,,
14601,,650000,0,user_18,940,,
14602,,350000,0,user_18,940,,
14603,,160000,0,user_20,940,,
14604,,1500000,0,user_21,940,,
14605,,160000,0,user_21,940,,
14606,,170000,0,user_21,940,,
14607,,30000000,0,user_22,940,,
14608,,320000,0,user_24,940,,
14609,,2000000,283000,user_24,940,,
14610,,1900000,0,user_25,940,,
14611,,870000,0,user_25,940,,
14612,,110000,0,user_28,940,,
14613,,79000,0,user_29,940,,
14614,,1500000,0,user_30,940,,
14615,,360000,0,user_31,940,,
14616,,43000000,0,user_32,940,,
14617,,2600000,231000,user_32,940,,
14618,,300000,71800,user_33,940,,
14619,,870000,0,user_33,940,,
14620,,2500000,0,user_34,940,,
14621,,370000,0,user_35,940,,
14622,,4500000,0,user_35,940,,
14623,,5200000,0,user_40,940,,
14624,,1300000,0,user_41,940,,
14625,,320000,959000,user_43,940,,
14626,,4500000,56200,user_44,940,,
14627,,360000,0,user_45,940,,
14628,,1600000,0,user_46,940,,
14629,,2300000,14200,user_47,940,,
14630,,4200000,19700,user_48,940,,
14631,,1100000,0,user_49,940,,
14616,0,43000000,0,user_32,940,940,
14607,1,30000000,0,user_22,940,940,
14623,2,5200000,0,user_40,940,940,
14669,3,0,0,builder_4,940,940,14626
14626,4,4500000,56200,user_44,940,940,
14622,5,4500000,0,user_35,940,940,
14630,6,4200000,19700,user_48,940,940,
14670,7,0,0,builder_4,940,940,14630
14617,8,2600000,231000,user_32,940,940,
14671,9,0,0,builder_4,940,940,14617
14597,10,2600000,24700,user_13,940,940,
14672,11,0,0,builder_4,940,940,14597
14590,12,2600000,0,user_11,940,940,
14593,13,2500000,0,user_12,940,940,
14620,14,2500000,0,user_34,940,940,
14673,15,0,0,builder_4,940,940,14609
14609,16,2000000,283000,user_24,940,940,
14598,17,1900000,0,user_13,940,940,
14610,18,1900000,0,user_25,940,940,
14599,19,1500000,231000,user_14,940,940,
14674,20,0,0,builder_4,940,940,14599
14595,21,1700000,0,user_12,940,940,
14628,22,1600000,0,user_46,940,940,
14604,23,1500000,0,user_21,940,940,
14614,24,1500000,0,user_30,940,940,
14624,25,1300000,0,user_41,940,940,
14675,26,0,0,builder_4,940,940,14625
14625,27,320000,959000,user_43,940,940,
14631,28,1100000,0,user_49,940,940,
14581,29,1000000,0,user_2,940,940,
14591,30,1000000,0,user_11,940,940,
14588,31,870000,0,user_8,940,940,
14611,32,870000,0,user_25,940,940,
14619,33,870000,0,user_33,940,940,
14601,34,650000,0,user_18,940,940,
14618,35,300000,71800,user_33,940,940,
14676,36,0,0,builder_4,940,940,14618
14621,37,370000,0,user_35,940,940,
14578,38,360000,0,user_0,940,940,
14615,39,360000,0,user_31,940,940,
14627,40,360000,0,user_45,940,940,
14600,41,350000,0,user_16,940,940,
14602,42,350000,0,user_18,940,940,
14608,43,320000,0,user_24,940,940,
14677,44,0,0,builder_4,940,940,14585
14585,45,220000,32900,user_6,940,940,
14583,46,220000,0,user_4,940,940,
14589,47,220000,0,user_9,940,940,
14606,48,170000,0,user_21,940,940,
14592,49,160000,0,user_12,940,940,
14603,50,160000,0,user_20,940,940,
14605,51,160000,0,user_21,940,940,
14678,52,0,0,builder_4,940,940,14582
14582,53,120000,15700,user_3,940,940,
14580,54,110000,0,user_2,940,940,
14586,55,110000,0,user_6,940,940,
14612,56,110000,0,user_28,940,940,
14579,57,80000,16400,user_1,940,940,
14679,58,0,0,builder_4,940,940,14579
14613,59,79000,0,user_29,940,940,
14596,60,77000,0,user_12,940,940,
14594,61,73000,0,user_12,940,940,
14714,,160000,0,user_1,941,,
14715,,130000,0,user_3,941,,
14716,,600000,0,user_5,941,,
14717,,970000,7190000,user_7,941,,
14718,,83000,0,user_9,941,,
14719,,3200000,0,user_10,941,,
14720,,4200000,128000,user_11,941,,
14721,,2400000,0,user_12,941,,
14722,,1400000,0,user_14,941,,
14723,,85000,0,user_16,941,,
14724,,530000,0,user_17,941,,
14725,,120000,0,user_18,941,,
14726,,170000,0,user_18,941,,
14727,,910000,17000,user_19,941,,
14728,,170000,369000,user_20,941,,
14729,,70000,0,user_20,941,,
14730,,1000000,0,user_21,941,,
14731,,160000,0,user_22,941,,
14732,,120000,0,user_23,941,,
14733,,120000,0,user_23,941,,
14734,,2400000,0,user_23,941,,
14735,,80000,0,user_23,941,,
14736,,100000,21800,user_23,941,,
14737,,240000,0,user_24,941,,
14738,,910000,0,user_25,941,,
14739,,1700000,139000,user_25,941,,
14740,,670000,0,user_26,941,,
14741,,1600000,0,user_27,941,,
14742,,79000,0,user_28,941,,
14743,,3600000,0,user_28,941,,
14744,,1300000,0,user_29,941,,
14745,,310000,0,user_31,941,,
14746,,82000,15700,user_31,941,,
14747,,310000,0,user_32,941,,
14748,,1900000,0,user_32,941,,
14749,,1000000,7190000,user_32,941,,
14750,,1400000,0,user_32,941,,
14751,,1600000,67500,user_32,941,,
14752,,220000,121000,user_33,941,,
14753,,87000,47700,user_36,941,,
14754,,170000,0,user_36,941,,
14755,,43000000,0,user_37,941,,
14756,,150000,0,user_38,941,,
14757,,100000,0,user_40,941,,
14758,,260000,0,user_41,941,,
14759,,1900000,0,user_41,941,,
14760,,2000000,256000,user_42,941,,
14761,,27000000,0,user_43,941,,
14762,,5200000,0,user_44,941,,
14763,,220000,0,user_45,941,,
14764,,310000,0,user_46,941,,
14765,,27000000,769000,user_47,941,,
14766,,420000,100000,user_48,941,,
14755,0,43000000,0,user_37,941,941,
14765,1,27000000,769000,user_47,941,941,
14767,2,0,0,builder_0,941,941,14765
14761,3,27000000,0,user_43,941,941,
14749,4,1000000,7190000,user_32,941,941,
14768,5,0,0,builder_0,941,941,14749
14769,6,0,0,builder_0,941,941,14717
14717,7,970000,7190000,user_7,941,941,
14762,8,5200000,0,user_44,941,941,
14720,9,4200000,128000,user_11,941,941,
14770,10,0,0,builder_0,941,941,14720
14743,11,3600000,0,user_28,941,941,
14719,12,3200000,0,user_10,941,941,
14734,13,2400000,0,user_23,941,941,
14760,14,2000000,256000,user_42,941,941,
14771,15,0,0,builder_0,941,941,14760
14748,16,1900000,0,user_32,941,941,
14759,17,1900000,0,user_41,941,941,
14772,18,0,0,builder_0,941,941,14739
14739,19,1700000,139000,user_25,941,941,
14773,20,0,0,builder_0,941,941,14751
14751,21,1600000,67500,user_32,941,941,
14741,22,1600000,0,user_27,941,941,
14722,23,1400000,0,user_14,941,941,
14750,24,1400000,0,user_32,941,941,
14744,25,1300000,0,user_29,941,941,
14730,26,1000000,0,user_21,941,941,
14727,27,910000,17000,user_19,941,941,
14774,28,0,0,builder_0,941,941,14727
14738,29,910000,0,user_25,941,941,
14740,30,670000,0,user_26,941,941,
14728,31,170000,369000,user_20,941,941,
14775,32,0,0,builder_0,941,941,14728
14724,33,530000,0,user_17,941,941,
14776,34,0,0,builder_0,941,941,14766
14766,35,420000,100000,user_48,941,941,
14752,36,220000,121000,user_33,941,941,
14777,37,0,0,builder_0,941,941,14752
14745,38,310000,0,user_31,941,941,
14747,39,310000,0,user_32,941,941,
14764,40,310000,0,user_46,941,941,
14758,41,260000,0,user_41,941,941,
14726,42,170000,0,user_18,941,941,
14754,43,170000,0,user_36,941,941,
14714,44,160000,0,user_1,941,941,
14731,45,160000,0,user_22,941,941,
14756,46,150000,0,user_38,941,941,
14778,47,0,0,builder_0,941,941,14753
14753,48,87000,47700,user_36,941,941,
14715,49,130000,0,user_3,941,941,
14736,50,100000,21800,user_23,941,941,
14779,51,0,0,builder_0,941,941,14736
14725,52,120000,0,user_18,941,941,
14732,53,120000,0,user_23,941,941,
14733,54,120000,0,user_23,941,941,
14757,55,100000,0,user_40,941,941,
14746,56,82000,15700,user_31,941,941,
14780,57,0,0,builder_0,941,941,14746
14723,58,85000,0,user_16,941,941,
14718,59,83000,0,user_9,941,941,
14735,60,80000,0,user_23,941,941,
14742,61,79000,0,user_28,941,941,
14729,62,70000,0,user_20,941,941,
14866,,190000,0,user_0,942,,
14867,,2400000,0,user_1,942,,
14868,,30000000,0,user_2,942,,
14869,,1500000,0,user_4,942,,
14870,,1500000,19700,user_4,942,,
14871,,82000,0,user_5,942,,
14872,,5200000,0,user_6,942,,
14873,,83000,15100,user_7,942,,
14874,,1000000,0,user_8,942,,
14875,,1500000,0,user_10,942,,
14876,,2000000,0,user_10,942,,
14877,,420000,0,user_12,942,,
14878,,160000,0,user_14,942,,
14879,,2300000,0,user_17,942,,
14880,,79000,0,user_19,942,,
14881,,220000,0,user_19,942,,
14882,,27000000,23500,user_21,942,,
14883,,2000000,0,user_23,942,,
14884,,30000000,12300,user_24,942,,
14885,,870000,0,user_25,942,,
14886,,1000000,0,user_27,942,,
14887,,2500000,0,user_29,942,,
14888,,2600000,0,user_29,942,,
14889,,350000,0,user_29,942,,
14890,,160000,34700,user_32,942,,
14891,,160000,0,user_35,942,,
14892,,460000,0,user_35,942,,
14893,,160000,0,user_35,942,,
14894,,120000,0,user_36,942,,
14895,,1200000,0,user_36,942,,
14896,,1600000,0,user_37,942,,
14897,,100000,0,user_37,942,,
14898,,70000,0,user_39,942,,
14899,,130000,0,user_40,942,,
14900,,77000,0,user_42,942,,
14901,,190000,0,user_42,942,,
14902,,170000,0,user_43,942,,
14903,,70000,0,user_44,942,,
14904,,83000,0,user_45,942,,
14905,,82000,0,user_46,942,,
14906,,360000,0,user_49,942,,
14920,0,0,0,builder_4,942,942,14884
14884,1,30000000,12300,user_24,942,942,
14868,2,30000000,0,user_2,942,942,
14921,3,0,0,builder_4,942,942,14882
14882,4,27000000,23500,user_21,942,942,
14872,5,5200000,0,user_6,942,942,
14888,6,2600000,0,user_29,942,942,
14887,7,2500000,0,user_29,942,942,
14867,8,2400000,0,user_1,942,942,
14879,9,2300000,0,user_17,942,942,
14876,10,2000000,0,user_10,942,942,
14883,11,2000000,0,user_23,942,942,
14896,12,1600000,0,user_37,942,942,
14870,13,1500000,19700,user_4,942,942,
14922,14,0,0,builder_4,942,942,14870
14869,15,1500000,0,user_4,942,942,
14875,16,1500000,0,user_10,942,942,
14895,17,1200000,0,user_36,942,942,
14874,18,1000000,0,user_8,942,942,
14886,19,1000000,0,user_27,942,942,
14885,20,870000,0,user_25,942,942,
14892,21,460000,0,user_35,942,942,
14877,22,420000,0,user_12,942,942,
14906,23,360000,0,user_49,942,942,
14889,24,350000,0,user_29,942,942,
14881,25,220000,0,user_19,942,942,
14923,26,0,0,builder_4,942,942,14890
14890,27,160000,34700,user_32,942,942,
14866,28,190000,0,user_0,942,942,
14901,29,190000,0,user_42,942,942,
14902,30,170000,0,user_43,942,942,
14878,31,160000,0,user_14,942,942,
14891,32,160000,0,user_35,942,942,
14893,33,160000,0,user_35,942,942,
14899,34,130000,0,user_40,942,942,
14894,35,120000,0,user_36,942,942,
14897,36,100000,0,user_37,942,942,
14904,37,83000,0,user_45,942,942,
14905,38,82000,0,user_46,942,942,
14880,39,79000,0,user_19,942,942,
14900,40,77000,0,user_42,942,942,
14903,41,70000,0,user_44,942,942,
14942,,160000,0,user_1,943,,
14943,,150000,30200,user_2,943,,
14944,,220000,0,user_4,943,,
14945,,910000,0,user_4,943,,
14946,,84000,215000,user_4,943,,
14947,,130000,0,user_4,943,,
14948,,660000,0,user_6,943,,
14949,,19000000,0,user_7,943,,
14950,,870000,0,user_8,943,,
14951,,77000,0,user_9,943,,
14952,,1400000,49100,user_10,943,,
14953,,5000000,296000,user_10,943,,
14954,,2600000,0,user_10,943,,
14955,,170000,0,user_10,943,,
14956,,87000,0,user_10,943,,
14957,,160000,0,user_11,943,,
14958,,30000000,0,user_11,943,,
14959,,2400000,0,user_11,943,,
14960,,320000,8520,user_11,943,,
14961,,85000,0,user_12,943,,
14962,,420000,32900,user_12,943,,
14963,,650000,7840,user_13,943,,
14964,,190000,369000,user_13,943,,
14965,,5200000,0,user_14,943,,
14966,,970000,0,user_15,943,,
14967,,1400000,0,user_17,943,,
14968,,1600000,0,user_17,943,,
14969,,1500000,31700,user_18,943,,
14970,,2100000,0,user_18,943,,
14971,,870000,0,user_19,943,,
14972,,6100000,0,user_21,943,,
14973,,310000,0,user_22,943,,
14974,,1200000,0,user_23,943,,
14975,,3500000,0,user_23,943,,
14976,,3200000,181000,user_23,943,,
14977,,220000,0,user_24,943,,
14978,,3600000,0,user_25,943,,
14979,,79000,0,user_26,943,,
14980,,3500000,17700000,user_27,943,,
14981,,170000,0,user_30,943,,
14982,,87000,71800,user_31,943,,
14983,,310000,0,user_32,943,,
14984,,660000,0,user_33,943,,
14985,,320000,0,user_33,943,,
14986,,170000,410000,user_35,943,,
14987,,2300000,0,user_36,943,,
14988,,98000,0,user_37,943,,
14989,,360000,0,user_37,943,,
14990,,77000,0,user_37,943,,
14991,,98000,0,user_37,943,,
14992,,1400000,32900,user_38,943,,
14993,,460000,0,user_38,943,,
14994,,6300000,0,user_41,943,,
14995,,910000,0,user_41,943,,
14996,,6300000,0,user_43,943,,
14997,,77000,0,user_45,943,,
14998,,1200000,0,user_45,943,,
14999,,1600000,0,user_46,943,,
15000,,310000,0,user_48,943,,
14958,0,30000000,0,user_11,943,943,
14949,1,19000000,0,user_7,943,943,
14994,2,6300000,0,user_41,943,943,
14996,3,6300000,0,user_43,943,943,
14972,4,6100000,0,user_21,943,943,
14965,5,5200000,0,user_14,943,943,
14953,6,5000000,296000,user_10,943,943,
14978,7,3600000,0,user_25,943,943,
14975,8,3500000,0,user_23,943,943,
14980,9,3500000,17700000,user_27,943,943,
14976,10,3200000,181000,user_23,943,943,
14954,11,2600000,0,user_10,943,943,
14959,12,2400000,0,user_11,943,943,
14987,13,2300000,0,user_36,943,943,
14970,14,2100000,0,user_18,943,943,
14968,15,1600000,0,user_17,943,943,
14999,16,1600000,0,user_46,943,943,
14969,17,1500000,31700,user_18,943,943,
14952,18,1400000,49100,user_10,943,943,
14967,19,1400000,0,user_17,943,943,
14992,20,1400000,32900,user_38,943,943,
14974,21,1200000,0,user_23,943,943,
14998,22,1200000,0,user_45,943,943,
14966,23,970000,0,user_15,943,943,
14995,24,910000,0,user_41,943,943,
14950,25,870000,0,user_8,943,943,
14971,26,870000,0,user_19,943,943,
14948,27,660000,0,user_6,943,943,
14984,28,660000,0,user_33,943,943,
14963,29,650000,7840,user_13,943,943,
14993,30,460000,0,user_38,943,943,
14960,31,320000,8520,user_11,943,943,
14985,32,320000,0,user_33,943,943,
14973,33,310000,0,user_22,943,943,
14983,34,310000,0,user_32,943,943,
15000,35,310000,0,user_48,943,943,
14977,36,220000,0,user_24,943,943,
14964,37,190000,369000,user_13,943,943,
14955,38,170000,0,user_10,943,943,
14981,39,170000,0,user_30,943,943,
14986,40,170000,410000,user_35,943,943,
14957,41,160000,0,user_11,943,943,
14943,42,150000,30200,user_2,943,943,
14956,43,87000,0,user_10,943,943,
14982,44,87000,71800,user_31,943,943,
14951,45,77000,0,user_9,943,943,
14997,46,77000,0,user_45,943,943,
15104,,1200000,0,user_1,944,,
15105,,220000,0,user_2,944,,
15106,,220000,0,user_4,944,,
15107,,150000,0,user_5,944,,
15108,,150000,68100,user_5,944,,
15109,,370000,0,user_7,944,,
15110,,1900000,0,user_7,944,,
15111,,3500000,66100,user_9,944,,
15112,,5000000,0,user_10,944,,
15113,,77000,256000,user_10,944,,
15114,,5200000,0,user_12,944,,
15115,,2300000,49100,user_12,944,,
15116,,170000,0,user_13,944,,
15117,,2100000,769000,user_13,944,,
15118,,220000,0,user_13,944,,
15119,,1600000,0,user_13,944,,
15120,,85000,71800,user_13,944,,
15121,,420000,0,user_14,944,,
15122,,80000,0,user_14,944,,
15123,,160000,0,user_15,944,,
15124,,5200000,0,user_16,944,,
15125,,310000,0,user_17,944,,
15126,,110000,0,user_18,944,,
15127,,3500000,0,user_18,944,,
15128,,79000,0,user_18,944,,
15129,,150000,0,user_18,944,,
15130,,310000,0,user_20,944,,
15131,,300000,0,user_20,944,,
15132,,310000,23500,user_21,944,,
15133,,1800000,0,user_21,944,,
15134,,1000000,0,user_22,944,,
15135,,300000,0,user_26,944,,
15136,,220000,0,user_26,944,,
15137,,110000,0,user_28,944,,
15138,,2000000,0,user_28,944,,
15139,,1100000,12800,user_30,944,,
15140,,6300000,0,user_31,944,,
15141,,120000,0,user_33,944,,
15142,,120000,17000,user_34,944,,
15143,,5000000,0,user_35,944,,
15144,,150000,0,user_35,944,,
15145,,2000000,0,user_36,944,,
15146,,6100000,0,user_37,944,,
15147,,150000,0,user_37,944,,
15148,,170000,0,user_38,944,,
15149,,870000,0,user_40,944,,
15150,,110000,0,user_40,944,,
15151,,220000,0,user_41,944,,
15152,,82000,0,user_41,944,,
15153,,4500000,0,user_43,944,,
15154,,630000,0,user_43,944,,
15155,,1000000,0,user_44,944,,
15156,,220000,0,user_45,944,,
15157,,660000,0,user_45,944,,
15158,,370000,0,user_46,944,,
15159,,3500000,64600,user_46,944,,
15160,,1100000,0,user_46,944,,
15161,,84000,0,user_46,944,,
15162,,120000,5180,user_46,944,,
15163,,1500000,0,user_48,944,,
15164,,190000,0,user_49,944,,
15140,0,6300000,0,user_31,944,944,
15146,1,6100000,0,user_37,944,944,
15114,2,5200000,0,user_12,944,944,
15124,3,5200000,0,user_16,944,944,
15112,4,5000000,0,user_10,944,944,
15143,5,5000000,0,user_35,944,944,
15153,6,4500000,0,user_43,944,944,
15111,7,3500000,66100,user_9,944,944,
15200,8,0,0,builder_4,944,944,15111
15201,9,0,0,builder_4,944,944,15159
15159,10,3500000,64600,user_46,944,944,
15127,11,3500000,0,user_18,944,944,
15202,12,0,0,builder_4,944,944,15117
15117,13,2100000,769000,user_13,944,944,
15203,14,0,0,builder_4,944,944,15115
15115,15,2300000,49100,user_12,944,944,
15138,16,2000000,0,user_28,944,944,
15145,17,2000000,0,user_36,944,944,
15133,18,1800000,0,user_21,944,944,
15119,19,1600000,0,user_13,944,944,
15163,20,1500000,0,user_48,944,944,
15104,21,1200000,0,user_1,944,944,
15139,22,1100000,12800,user_30,944,944,
15204,23,0,0,builder_4,944,944,15139
15160,24,1100000,0,user_46,944,944,
15134,25,1000000,0,user_22,944,944,
15155,26,1000000,0,user_44,944,944,
15149,27,870000,0,user_40,944,944,
15157,28,660000,0,user_45,944,944,
15154,29,630000,0,user_43,944,944,
15121,30,420000,0,user_14,944,944,
15158,31,370000,0,user_46,944,944,
15132,32,310000,23500,user_21,944,944,
15205,33,0,0,builder_4,944,944,15132
15113,34,77000,256000,user_10,944,944,
15206,35,0,0,builder_4,944,944,15113
15125,36,310000,0,user_17,944,944,
15130,37,310000,0,user_20,944,944,
15131,38,300000,0,user_20,944,944,
15135,39,300000,0,user_26,944,944,
15105,40,220000,0,user_2,944,944,
15106,41,220000,0,user_4,944,944,
15118,42,220000,0,user_13,944,944,
15136,43,220000,0,user_26,944,944,
15151,44,220000,0,user_41,944,944,
15156,45,220000,0,user_45,944,944,
15164,46,190000,0,user_49,944,944,
15116,47,170000,0,user_13,944,944,
15148,48,170000,0,user_38,944,944,
15120,49,85000,71800,user_13,944,944,
15207,50,0,0,builder_4,944,944,15120
15129,51,150000,0,user_18,944,944,
15144,52,150000,0,user_35,944,944,
15147,53,150000,0,user_37,944,944,
15142,54,120000,17000,user_34,944,944,
15208,55,0,0,builder_4,944,944,15142
15162,56,120000,5180,user_46,944,944,
15209,57,0,0,builder_4,944,944,15162
15141,58,120000,0,user_33,944,944,
15126,59,110000,0,user_18,944,944,
15137,60,110000,0,user_28,944,944,
15150,61,110000,0,user_40,944,944,
15161,62,84000,0,user_46,944,944,
15152,63,82000,0,user_41,944,944,
15122,64,80000,0,user_14,944,944,
15128,65,79000,0,user_18,944,944,
15238,,1100000,0,user_0,945,,
15239,,110000,146000,user_2,945,,
15240,,150000,42000,user_3,945,,
15241,,460000,0,user_4,945,,
15242,,870000,46500,user_7,945,,
15243,,1900000,4320000,user_8,945,,
15244,,130000,0,user_9,945,,
15245,,110000,0,user_10,945,,
15246,,630000,0,user_14,945,,
15247,,87000,0,user_16,945,,
15248,,5200000,0,user_17,945,,
15249,,5200000,161000,user_19,945,,
15250,,460000,0,user_19,945,,
15251,,1500000,0,user_20,945,,
15252,,160000,0,user_20,945,,
15253,,460000,0,user_21,945,,
15254,,5200000,0,user_21,945,,
15255,,98000,0,user_21,945,,
15256,,1500000,0,user_21,945,,
15257,,300000,510000,user_22,945,,
15258,,170000,0,user_23,945,,
15259,,84000,16400,user_24,945,,
15260,,870000,0,user_24,945,,
15261,,27000000,0,user_26,945,,
15262,,2100000,11200,user_26,945,,
15263,,650000,0,user_27,945,,
15264,,220000,21800,user_27,945,,
15265,,120000,283000,user_28,945,,
15266,,19000000,5630,user_30,945,,
15267,,1500000,0,user_30,945,,
15268,,80000,0,user_30,945,,
15269,,83000,0,user_32,945,,
15270,,120000,0,user_33,945,,
15271,,1700000,0,user_35,945,,
15272,,5200000,7840,user_35,945,,
15273,,1400000,0,user_36,945,,
15274,,120000,0,user_37,945,,
15275,,77000,0,user_38,945,,
15276,,130000,5630,user_39,945,,
15277,,660000,0,user_40,945,,
15278,,1000000,0,user_41,945,,
15279,,110000,0,user_42,945,,
15280,,27000000,0,user_43,945,,
15281,,150000,0,user_43,945,,
15282,,6100000,0,user_43,945,,
15283,,150000,0,user_43,945,,
15284,,1600000,0,user_44,945,,
15285,,160000,0,user_45,945,,
15286,,5000000,0,user_46,945,,
15287,,420000,0,user_46,945,,
15288,,110000,0,user_46,945,,
15289,,110000,0,user_46,945,,
15290,,120000,0,user_46,945,,
15291,,2400000,0,user_47,945,,
15261,0,27000000,0,user_26,945,945,
15280,1,27000000,0,user_43,945,945,
15292,2,0,0,builder_0,945,945,15266
15266,3,19000000,5630,user_30,945,945,
15293,4,0,0,builder_0,945,945,15243
15243,5,1900000,4320000,user_8,945,945,
15282,6,6100000,0,user_43,945,945,
15294,7,0,0,builder_0,945,945,15249
15249,8,5200000,161000,user_19,945,945,
15295,9,0,0,builder_0,945,945,15272
15272,10,5200000,7840,user_35,945,945,
15248,11,5200000,0,user_17,945,945,
15254,12,5200000,0,user_21,945,945,
15286,13,5000000,0,user_46,945,945,
15291,14,2400000,0,user_47,945,945,
15262,15,2100000,11200,user_26,945,945,
15296,16,0,0,builder_0,945,945,15262
15271,17,1700000,0,user_35,945,945,
15284,18,1600000,0,user_44,945,945,
15251,19,1500000,0,user_20,945,945,
15256,20,1500000,0,user_21,945,945,
15267,21,1500000,0,user_30,945,945,
15273,22,1400000,0,user_36,945,945,
15238,23,1100000,0,user_0,945,945,
15278,24,1000000,0,user_41,945,945,
15297,25,0,0,builder_0,945,945,15242
15242,26,870000,46500,user_7,945,945,
15257,27,300000,510000,user_22,945,945,
15298,28,0,0,builder_0,945,945,15257
15277,29,660000,0,user_40,945,945,
15263,30,650000,0,user_27,945,945,
15246,31,630000,0,user_14,945,945,
15250,32,460000,0,user_19,945,945,
15253,33,460000,0,user_21,945,945,
15287,34,420000,0,user_46,945,945,
15265,35,120000,283000,user_28,945,945,
15299,36,0,0,builder_0,945,945,15265
15239,37,110000,146000,user_2,945,945,
15300,38,0,0,builder_0,945,945,15239
15264,39,220000,21800,user_27,945,945,
15301,40,0,0,builder_0,945,945,15264
15240,41,150000,42000,user_3,945,945,
15302,42,0,0,builder_0,945,945,15240
15258,43,170000,0,user_23,945,945,
15252,44,160000,0,user_20,945,945,
15281,45,150000,0,user_43,945,945,
15283,46,150000,0,user_43,945,945,
15244,47,130000,0,user_9,945,945,
15270,48,120000,0,user_33,945,945,
15274,49,120000,0,user_37,945,945,
15290,50,120000,0,user_46,945,945,
15245,51,110000,0,user_10,945,945,
15279,52,110000,0,user_42,945,945,
15288,53,110000,0,user_46,945,945,
15289,54,110000,0,user_46,945,945,
15255,55,98000,0,user_21,945,945,
15247,56,87000,0,user_16,945,945,
15269,57,83000,0,user_32,945,945,
15268,58,80000,0,user_30,945,945,
15275,59,77000,0,user_38,945,945,
15382,,120000,17700000,user_0,946,,
15383,,98000,0,user_2,946,,
15384,,43000000,0,user_3,946,,
15385,,1000000,0,user_4,946,,
15386,,1600000,0,user_5,946,,
15387,,1000000,0,user_5,946,,
15388,,19000000,0,user_5,946,,
15389,,120000,0,user_5,946,,
15390,,83000,0,user_6,946,,
15391,,6100000,0,user_7,946,,
15392,,460000,0,user_8,946,,
15393,,2000000,0,user_9,946,,
15394,,2000000,0,user_10,946,,
15395,,1200000,46500,user_11,946,,
15396,,160000,0,user_11,946,,
15397,,30000000,0,user_12,946,,
15398,,320000,0,user_12,946,,
15399,,1000000,0,user_13,946,,
15400,,1300000,0,user_13,946,,
15401,,240000,0,user_14,946,,
15402,,1000000,33100,user_15,946,,
15403,,2400000,0,user_15,946,,
15404,,70000,0,user_16,946,,
15405,,19000000,0,user_16,946,,
15406,,600000,0,user_17,946,,
15407,,3500000,0,user_18,946,,
15408,,530000,0,user_19,946,,
15409,,170000,0,user_20,946,,
15410,,170000,73100,user_21,946,,
15411,,27000000,0,user_22,946,,
15412,,1100000,0,user_23,946,,
15413,,150000,0,user_25,946,,
15414,,79000,0,user_27,946,,
15415,,360000,36800,user_29,946,,
15416,,5200000,0,user_30,946,,
15417,,1100000,0,user_30,946,,
15418,,150000,296000,user_31,946,,
15419,,1100000,0,user_32,946,,
15420,,150000,0,user_33,946,,
15421,,300000,4320000,user_33,946,,
15422,,110000,0,user_33,946,,
15423,,320000,0,user_34,946,,
15424,,120000,0,user_35,946,,
15425,,2300000,12300,user_35,946,,
15426,,630000,0,user_40,946,,
15427,,350000,0,user_41,946,,
15428,,1500000,3130,user_42,946,,
15429,,220000,68100,user_44,946,,
15430,,310000,959000,user_44,946,,
15431,,1500000,0,user_44,946,,
15432,,150000,0,user_44,946,,
15433,,360000,0,user_44,946,,
15434,,85000,0,user_45,946,,
15435,,370000,0,user_46,946,,
15384,0,43000000,0,user_3,946,946,
15397,1,30000000,0,user_12,946,946,
15411,2,27000000,0,user_22,946,946,
15388,3,19000000,0,user_5,946,946,
15405,4,19000000,0,user_16,946,946,
15391,5,6100000,0,user_7,946,946,
15416,6,5200000,0,user_30,946,946,
15407,7,3500000,0,user_18,946,946,
15403,8,2400000,0,user_15,946,946,
15425,9,2300000,12300,user_35,946,946,
15394,10,2000000,0,user_10,946,946,
15386,11,1600000,0,user_5,946,946,
15428,12,1500000,3130,user_42,946,946,
15431,13,1500000,0,user_44,946,946,
15400,14,1300000,0,user_13,946,946,
15395,15,1200000,46500,user_11,946,946,
15412,16,1100000,0,user_23,946,946,
15417,17,1100000,0,user_30,946,946,
15385,18,1000000,0,user_4,946,946,
15387,19,1000000,0,user_5,946,946,
15399,20,1000000,0,user_13,946,946,
15402,21,1000000,33100,user_15,946,946,
15426,22,630000,0,user_40,946,946,
15406,23,600000,0,user_17,946,946,
15392,24,460000,0,user_8,946,946,
15435,25,370000,0,user_46,946,946,
15415,26,360000,36800,user_29,946,946,
15433,27,360000,0,user_44,946,946,
15427,28,350000,0,user_41,946,946,
15398,29,320000,0,user_12,946,946,
15423,30,320000,0,user_34,946,946,
15430,31,310000,959000,user_44,946,946,
15421,32,300000,4320000,user_33,946,946,
15429,33,220000,68100,user_44,946,946,
15409,34,170000,0,user_20,946,946,
15410,35,170000,73100,user_21,946,946,
15396,36,160000,0,user_11,946,946,
15413,37,150000,0,user_25,946,946,
15418,38,150000,296000,user_31,946,946,
15420,39,150000,0,user_33,946,946,
15432,40,150000,0,user_44,946,946,
15382,41,120000,17700000,user_0,946,946,
15389,42,120000,0,user_5,946,946,
15424,43,120000,0,user_35,946,946,
15422,44,110000,0,user_33,946,946,
15383,45,98000,0,user_2,946,946,
15434,46,85000,0,user_45,946,946,
15390,47,83000,0,user_6,946,946,
15414,48,79000,0,user_27,946,946,
15404,49,70000,0,user_16,946,946,
15515,,80000,0,user_0,947,,
15516,,2000000,0,user_1,947,,
15517,,2600000,0,user_2,947,,
15518,,160000,0,user_5,947,,
15519,,360000,0,user_5,947,,
15520,,1500000,0,user_6,947,,
15521,,1100000,0,user_6,947,,
15522,,170000,0,user_8,947,,
15523,,82000,0,user_8,947,,
15524,,2000000,0,user_8,947,,
15525,,3500000,0,user_8,947,,
15526,,870000,0,user_8,947,,
15527,,1500000,0,user_9,947,,
15528,,120000,0,user_10,947,,
15529,,2500000,0,user_11,947,,
15530,,110000,0,user_11,947,,
15531,,1600000,0,user_12,947,,
15532,,2000000,0,user_14,947,,
15533,,110000,0,user_15,947,,
15534,,2500000,0,user_15,947,,
15535,,1600000,0,user_16,947,,
15536,,220000,0,user_17,947,,
15537,,70000,43600,user_18,947,,
15538,,170000,0,user_19,947,,
15539,,1100000,0,user_19,947,,
15540,,660000,0,user_19,947,,
15541,,73000,0,user_19,947,,
15542,,82000,0,user_19,947,,
15543,,110000,0,user_20,947,,
15544,,1000000,0,user_20,947,,
15545,,43000000,0,user_21,947,,
15546,,220000,0,user_24,947,,
15547,,460000,0,user_26,947,,
15548,,130000,0,user_29,947,,
15549,,220000,1100000,user_30,947,,
15550,,30000000,0,user_31,947,,
15551,,150000,0,user_31,947,,
15552,,87000,0,user_32,947,,
15553,,73000,0,user_33,947,,
15554,,1000000,0,user_34,947,,
15555,,120000,215000,user_35,947,,
15556,,110000,0,user_35,947,,
15557,,83000,84800,user_36,947,,
15558,,660000,0,user_38,947,,
15559,,160000,0,user_39,947,,
15560,,370000,195000,user_39,947,,
15561,,220000,0,user_39,947,,
15562,,630000,0,user_39,947,,
15563,,460000,181000,user_40,947,,
15564,,2100000,215000,user_40,947,,
15565,,870000,0,user_42,947,,
15566,,340000,0,user_43,947,,
15567,,660000,0,user_44,947,,
15568,,98000,0,user_44,947,,
15569,,1900000,959000,user_45,947,,
15570,,120000,0,user_45,947,,
15571,,220000,0,user_46,947,,
15572,,110000,0,user_47,947,,
15573,,1400000,231000,user_48,947,,
15574,,2000000,16400,user_49,947,,
15545,0,43000000,0,user_21,947,947,
15550,1,30000000,0,user_31,947,947,
15525,2,3500000,0,user_8,947,947,
15517,3,2600000,0,user_2,947,947,
15529,4,2500000,0,user_11,947,947,
15534,5,2500000,0,user_15,947,947,
15564,6,2100000,215000,user_40,947,947,
15516,7,2000000,0,user_1,947,947,
15524,8,2000000,0,user_8,947,947,
15532,9,2000000,0,user_14,947,947,
15574,10,2000000,16400,user_49,947,947,
15569,11,1900000,959000,user_45,947,947,
15531,12,1600000,0,user_12,947,947,
15535,13,1600000,0,user_16,947,947,
15520,14,1500000,0,user_6,947,947,
15521,15,1100000,0,user_6,947,947,
15539,16,1100000,0,user_19,947,947,
15544,17,1000000,0,user_20,947,947,
15554,18,1000000,0,user_34,947,947,
15526,19,870000,0,user_8,947,947,
15565,20,870000,0,user_42,947,947,
15540,21,660000,0,user_19,947,947,
15567,22,660000,0,user_44,947,947,
15562,23,630000,0,user_39,947,947,
15547,24,460000,0,user_26,947,947,
15563,25,460000,181000,user_40,947,947,
15560,26,370000,195000,user_39,947,947,
15566,27,340000,0,user_43,947,947,
15536,28,220000,0,user_17,947,947,
15546,29,220000,0,user_24,947,947,
15549,30,220000,1100000,user_30,947,947,
15561,31,220000,0,user_39,947,947,
15571,32,220000,0,user_46,947,947,
15522,33,170000,0,user_8,947,947,
15538,34,170000,0,user_19,947,947,
15559,35,160000,0,user_39,947,947,
15551,36,150000,0,user_31,947,947,
15548,37,130000,0,user_29,947,947,
15555,38,120000,215000,user_35,947,947,
15570,39,120000,0,user_45,947,947,
15530,40,110000,0,user_11,947,947,
15533,41,110000,0,user_15,947,947,
15543,42,110000,0,user_20,947,947,
15556,43,110000,0,user_35,947,947,
15572,44,110000,0,user_47,947,947,
15568,45,98000,0,user_44,947,947,
15552,46,87000,0,user_32,947,947,
15523,47,82000,0,user_8,947,947,
15542,48,82000,0,user_19,947,947,
15515,49,80000,0,user_0,947,947,
15541,50,73000,0,user_19,947,947,
15553,51,73000,0,user_33,947,947,
15537,52,70000,43600,user_18,947,947,
15649,,130000,0,user_0,948,,
15650,,970000,0,user_1,948,,
15651,,2400000,0,user_2,948,,
15652,,320000,6390,user_3,948,,
15653,,110000,0,user_4,948,,
15654,,650000,0,user_5,948,,
15655,,1100000,0,user_6,948,,
15656,,110000,0,user_6,948,,
15657,,85000,0,user_7,948,,
15658,,220000,0,user_8,948,,
15659,,460000,0,user_9,948,,
15660,,27000000,0,user_10,948,,
15661,,150000,0,user_12,948,,
15662,,1500000,21800,user_13,948,,
15663,,670000,0,user_13,948,,
15664,,1300000,369000,user_13,948,,
15665,,670000,0,user_13,948,,
15666,,73000,0,user_14,948,,
15667,,170000,0,user_14,948,,
15668,,1900000,0,user_15,948,,
15669,,170000,0,user_16,948,,
15670,,2000000,46500,user_17,948,,
15671,,87000,35100,user_17,948,,
15672,,2500000,0,user_18,948,,
15673,,150000,0,user_19,948,,
15674,,73000,0,user_20,948,,
15675,,83000,0,user_22,948,,
15676,,83000,0,user_23,948,,
15677,,150000,0,user_25,948,,
15678,,1500000,0,user_26,948,,
15679,,2000000,0,user_27,948,,
15680,,150000,0,user_27,948,,
15681,,30000000,0,user_27,948,,
15682,,2000000,0,user_27,948,,
15683,,1500000,75000,user_28,948,,
15684,,350000,0,user_30,948,,
15685,,160000,0,user_31,948,,
15686,,970000,0,user_31,948,,
15687,,83000,0,user_32,948,,
15688,,5200000,0,user_34,948,,
15689,,910000,0,user_35,948,,
15690,,150000,0,user_37,948,,
15691,,970000,0,user_39,948,,
15692,,1800000,0,user_39,948,,
15693,,6300000,64600,user_39,948,,
15694,,420000,0,user_40,948,,
15695,,260000,17700000,user_41,948,,
15696,,130000,0,user_42,948,,
15697,,3500000,0,user_42,948,,
15698,,1500000,1100000,user_45,948,,
15699,,1000000,0,user_45,948,,
15700,,82000,67900,user_45,948,,
15701,,4200000,0,user_45,948,,
15702,,19000000,0,user_45,948,,
15703,,170000,0,user_46,948,,
15704,,320000,0,user_47,948,,
15705,,260000,0,user_47,948,,
15681,0,30000000,0,user_27,948,948,
15660,1,27000000,0,user_10,948,948,
15702,2,19000000,0,user_45,948,948,
15693,3,6300000,64600,user_39,948,948,
15688,4,5200000,0,user_34,948,948,
15701,5,4200000,0,user_45,948,948,
15697,6,3500000,0,user_42,948,948,
15672,7,2500000,0,user_18,948,948,
15651,8,2400000,0,user_2,948,948,
15670,9,2000000,46500,user_17,948,948,
15679,10,2000000,0,user_27,948,948,
15682,11,2000000,0,user_27,948,948,
15668,12,1900000,0,user_15,948,948,
15692,13,1800000,0,user_39,948,948,
15662,14,1500000,21800,user_13,948,948,
15678,15,1500000,0,user_26,948,948,
15683,16,1500000,75000,user_28,948,948,
15698,17,1500000,1100000,user_45,948,948,
15664,18,1300000,369000,user_13,948,948,
15655,19,1100000,0,user_6,948,948,
15699,20,1000000,0,user_45,948,948,
15650,21,970000,0,user_1,948,948,
15686,22,970000,0,user_31,948,948,
15691,23,970000,0,user_39,948,948,
15663,24,670000,0,user_13,948,948,
15665,25,670000,0,user_13,948,948,
15659,26,460000,0,user_9,948,948,
15694,27,420000,0,user_40,948,948,
15684,28,350000,0,user_30,948,948,
15704,29,320000,0,user_47,948,948,
15695,30,260000,17700000,user_41,948,948,
15705,31,260000,0,user_47,948,948,
15658,32,220000,0,user_8,948,948,
15667,33,170000,0,user_14,948,948,
15669,34,170000,0,user_16,948,948,
15703,35,170000,0,user_46,948,948,
15685,36,160000,0,user_31,948,948,
15661,37,150000,0,user_12,948,948,
15673,38,150000,0,user_19,948,948,
15677,39,150000,0,user_25,948,948,
15680,40,150000,0,user_27,948,948,
15649,41,130000,0,user_0,948,948,
15696,42,130000,0,user_42,948,948,
15653,43,110000,0,user_4,948,948,
15656,44,110000,0,user_6,948,948,
15671,45,87000,35100,user_17,948,948,
15657,46,85000,0,user_7,948,948,
15675,47,83000,0,user_22,948,948,
15676,48,83000,0,user_23,948,948,
15700,49,82000,67900,user_45,948,948,
15666,50,73000,0,user_14,948,948,
15674,51,73000,0,user_20,948,948,
15776,,370000,0,user_0,949,,
15777,,110000,0,user_0,949,,
15778,,170000,0,user_0,949,,
15779,,240000,0,user_0,949,,
15780,,870000,0,user_1,949,,
15781,,260000,155000,user_2,949,,
15782,,370000,0,user_4,949,,
15783,,3600000,0,user_5,949,,
15784,,1500000,0,user_6,949,,
15785,,87000,0,user_6,949,,
15786,,600000,0,user_7,949,,
15787,,240000,0,user_9,949,,
15788,,970000,0,user_9,949,,
15789,,2100000,0,user_10,949,,
15790,,650000,0,user_15,949,,
15791,,83000,0,user_17,949,,
15792,,470000,0,user_18,949,,
15793,,110000,0,user_19,949,,
15794,,630000,16400,user_20,949,,
15795,,4200000,0,user_20,949,,
15796,,1000000,0,user_21,949,,
15797,,80000,215000,user_21,949,,
15798,,130000,0,user_21,949,,
15799,,340000,0,user_21,949,,
15800,,660000,15700,user_26,949,,
15801,,1900000,0,user_26,949,,
15802,,87000,0,user_27,949,,
15803,,87000,0,user_28,949,,
15804,,1700000,0,user_28,949,,
15805,,1400000,0,user_28,949,,
15806,,2500000,0,user_29,949,,
15807,,2500000,0,user_30,949,,
15808,,110000,0,user_31,949,,
15809,,420000,0,user_31,949,,
15810,,6100000,0,user_34,949,,
15811,,170000,108000,user_35,949,,
15812,,3500000,0,user_37,949,,
15813,,110000,0,user_40,949,,
15814,,30000000,67500,user_40,949,,
15815,,220000,0,user_41,949,,
15816,,870000,8520,user_43,949,,
15817,,670000,60700,user_45,949,,
15818,,320000,0,user_45,949,,
15819,,2600000,0,user_45,949,,
15820,,530000,0,user_45,949,,
15821,,1500000,0,user_45,949,,
15822,,82000,0,user_46,949,,
15823,,460000,0,user_47,949,,
15824,,43000000,0,user_48,949,,
15824,0,43000000,0,user_48,949,949,
15843,1,0,0,builder_3,949,949,15814
15814,2,30000000,67500,user_40,949,949,
15810,3,6100000,0,user_34,949,949,
15795,4,4200000,0,user_20,949,949,
15783,5,3600000,0,user_5,949,949,
15812,6,3500000,0,user_37,949,949,
15819,7,2600000,0,user_45,949,949,
15806,8,2500000,0,user_29,949,949,
15807,9,2500000,0,user_30,949,949,
15789,10,2100000,0,user_10,949,949,
15801,11,1900000,0,user_26,949,949,
15804,12,1700000,0,user_28,949,949,
15821,13,1500000,0,user_45,949,949,
15805,14,1400000,0,user_28,949,949,
15796,15,1000000,0,user_21,949,949,
15844,16,0,0,builder_3,949,949,15816
15816,17,870000,8520,user_43,949,949,
15817,18,670000,60700,user_45,949,949,
15845,19,0,0,builder_3,949,949,15817
15800,20,660000,15700,user_26,949,949,
15846,21,0,0,builder_3,949,949,15800
15790,22,650000,0,user_15,949,949,
15847,23,0,0,builder_3,949,949,15794
15794,24,630000,16400,user_20,949,949,
15786,25,600000,0,user_7,949,949,
15820,26,530000,0,user_45,949,949,
15792,27,470000,0,user_18,949,949,
15823,28,460000,0,user_47,949,949,
15809,29,420000,0,user_31,949,949,
15781,30,260000,155000,user_2,949,949,
15848,31,0,0,builder_3,949,949,15781
15776,32,370000,0,user_0,949,949,
15782,33,370000,0,user_4,949,949,
15799,34,340000,0,user_21,949,949,
15818,35,320000,0,user_45,949,949,
15797,36,80000,215000,user_21,949,949,
15849,37,0,0,builder_3,949,949,15797
15811,38,170000,108000,user_35,949,949,
15850,39,0,0,builder_3,949,949,15811
15779,40,240000,0,user_0,949,949,
15815,41,220000,0,user_41,949,949,
15778,42,170000,0,user_0,949,949,
15798,43,130000,0,user_21,949,949,
15777,44,110000,0,user_0,949,949,
15793,45,110000,0,user_19,949,949,
15808,46,110000,0,user_31,949,949,
15813,47,110000,0,user_40,949,949,
15803,48,87000,0,user_28,949,949,
15791,49,83000,0,user_17,949,949,
15822,50,82000,0,user_46,949,949,
15879,,1000000,0,user_0,950,,
15880,,120000,0,user_0,950,,
15881,,170000,0,user_2,950,,
15882,,2500000,12800,user_3,950,,
15883,,120000,0,user_4,950,,
15884,,110000,0,user_4,950,,
15885,,150000,0,user_4,950,,
15886,,1600000,0,user_4,950,,
15887,,120000,0,user_5,950,,
15888,,120000,0,user_10,950,,
15889,,2600000,0,user_12,950,,
15890,,19000000,0,user_13,950,,
15891,,3600000,0,user_17,950,,
15892,,73000,17700000,user_18,950,,
15893,,530000,0,user_19,950,,
15894,,1500000,0,user_20,950,,
15895,,340000,0,user_20,950,,
15896,,2000000,0,user_22,950,,
15897,,110000,75000,user_23,950,,
15898,,220000,15700,user_23,950,,
15899,,1600000,0,user_23,950,,
15900,,80000,0,user_24,950,,
15901,,1700000,0,user_25,950,,
15902,,1500000,0,user_25,950,,
15903,,160000,0,user_25,950,,
15904,,1300000,0,user_25,950,,
15905,,130000,0,user_26,950,,
15906,,160000,0,user_27,950,,
15907,,420000,11200,user_27,950,,
15908,,670000,0,user_28,950,,
15909,,5000000,0,user_29,950,,
15910,,3600000,0,user_30,950,,
15911,,80000,0,user_30,950,,
15912,,150000,13900,user_31,950,,
15913,,120000,108000,user_32,950,,
15914,,460000,0,user_32,950,,
15915,,6300000,0,user_34,950,,
15916,,910000,0,user_35,950,,
15917,,310000,0,user_36,950,,
15918,,5000000,0,user_38,950,,
15919,,19000000,231000,user_39,950,,
15920,,1500000,0,user_40,950,,
15921,,650000,0,user_42,950,,
15922,,420000,0,user_42,950,,
15923,,6300000,0,user_43,950,,
15924,,2500000,0,user_45,950,,
15925,,1700000,0,user_45,950,,
15926,,70000,0,user_47,950,,
15927,,1100000,0,user_47,950,,
15928,,470000,0,user_48,950,,
15929,,120000,0,user_49,950,,
15890,0,19000000,0,user_13,950,950,
15919,1,19000000,231000,user_39,950,950,
15915,2,6300000,0,user_34,950,950,
15923,3,6300000,0,user_43,950,950,
15909,4,5000000,0,user_29,950,950,
15918,5,5000000,0,user_38,950,950,
15891,6,3600000,0,user_17,950,950,
15910,7,3600000,0,user_30,950,950,
15889,8,2600000,0,user_12,950,950,
15924,9,2500000,0,user_45,950,950,
15896,10,2000000,0,user_22,950,950,
15901,11,1700000,0,user_25,950,950,
15925,12,1700000,0,user_45,950,950,
15886,13,1600000,0,user_4,950,950,
15899,14,1600000,0,user_23,950,950,
15894,15,1500000,0,user_20,950,950,
15902,16,1500000,0,user_25,950,950,
15920,17,1500000,0,user_40,950,950,
15904,18,1300000,0,user_25,950,950,
15927,19,1100000,0,user_47,950,950,
15879,20,1000000,0,user_0,950,950,
15908,21,670000,0,user_28,950,950,
15921,22,650000,0,user_42,950,950,
15893,23,530000,0,user_19,950,950,
15928,24,470000,0,user_48,950,950,
15907,25,420000,11200,user_27,950,950,
15922,26,420000,0,user_42,950,950,
15895,27,340000,0,user_20,950,950,
15898,28,220000,15700,user_23,950,950,
15881,29,170000,0,user_2,950,950,
15903,30,160000,0,user_25,950,950,
15906,31,160000,0,user_27,950,950,
15885,32,150000,0,user_4,950,950,
15912,33,150000,13900,user_31,950,950,
15905,34,130000,0,user_26,950,950,
15880,35,120000,0,user_0,950,950,
15883,36,120000,0,user_4,950,950,
15888,37,120000,0,user_10,950,950,
15884,38,110000,0,user_4,950,950,
15897,39,110000,75000,user_23,950,950,
15900,40,80000,0,user_24,950,950,
15911,41,80000,0,user_30,950,950,
15892,42,73000,17700000,user_18,950,950,
15926,43,70000,0,user_47,950,950,
15986,,1500000,15100,user_0,951,,
15987,,170000,0,user_0,951,,
15988,,160000,195000,user_2,951,,
15989,,2500000,0,user_2,951,,
15990,,470000,0,user_3,951,,
15991,,190000,0,user_5,951,,
15992,,2000000,0,user_7,951,,
15993,,160000,0,user_8,951,,
15994,,2100000,0,user_9,951,,
15995,,260000,0,user_11,951,,
15996,,170000,510000,user_15,951,,
15997,,1600000,0,user_16,951,,
15998,,360000,0,user_17,951,,
15999,,1600000,0,user_18,951,,
16000,,1500000,0,user_18,951,,
16001,,910000,0,user_20,951,,
16002,,70000,0,user_21,951,,
16003,,1100000,0,user_22,951,,
16004,,3500000,510000,user_25,951,,
16005,,130000,0,user_25,951,,
16006,,2500000,60700,user_26,951,,
16007,,1600000,0,user_27,951,,
16008,,6300000,0,user_31,951,,
16009,,1100000,0,user_33,951,,
16010,,120000,0,user_33,951,,
16011,,310000,0,user_35,951,,
16012,,650000,0,user_35,951,,
16013,,910000,0,user_36,951,,
16014,,370000,0,user_36,951,,
16015,,170000,0,user_36,951,,
16016,,130000,0,user_36,951,,
16017,,670000,0,user_36,951,,
16018,,1700000,0,user_37,951,,
16019,,1100000,0,user_39,951,,
16020,,30000000,0,user_39,951,,
16021,,1500000,0,user_40,951,,
16022,,2000000,0,user_40,951,,
16023,,120000,0,user_41,951,,
16024,,420000,0,user_42,951,,
16025,,150000,0,user_43,951,,
16026,,150000,0,user_45,951,,
16027,,27000000,0,user_45,951,,
16028,,2000000,0,user_47,951,,
16029,,100000,0,user_47,951,,
16030,,1000000,0,user_49,951,,
16020,0,30000000,0,user_39,951,951,
16027,1,27000000,0,user_45,951,951,
16008,2,6300000,0,user_31,951,951,
16004,3,3500000,510000,user_25,951,951,
15989,4,2500000,0,user_2,951,951,
16006,5,2500000,60700,user_26,951,951,
15992,6,2000000,0,user_7,951,951,
16022,7,2000000,0,user_40,951,951,
16028,8,2000000,0,user_47,951,951,
16018,9,1700000,0,user_37,951,951,
15997,10,1600000,0,user_16,951,951,
15999,11,1600000,0,user_18,951,951,
16007,12,1600000,0,user_27,951,951,
15986,13,1500000,15100,user_0,951,951,
16000,14,1500000,0,user_18,951,951,
16021,15,1500000,0,user_40,951,951,
16003,16,1100000,0,user_22,951,951,
16009,17,1100000,0,user_33,951,951,
16019,18,1100000,0,user_39,951,951,
16030,19,1000000,0,user_49,951,951,
16001,20,910000,0,user_20,951,951,
16013,21,910000,0,user_36,951,951,
16017,22,670000,0,user_36,951,951,
16012,23,650000,0,user_35,951,951,
15990,24,470000,0,user_3,951,951,
16024,25,420000,0,user_42,951,951,
16014,26,370000,0,user_36,951,951,
15998,27,360000,0,user_17,951,951,
16011,28,310000,0,user_35,951,951,
15995,29,260000,0,user_11,951,951,
15991,30,190000,0,user_5,951,951,
15987,31,170000,0,user_0,951,951,
15996,32,170000,510000,user_15,951,951,
16015,33,170000,0,user_36,951,951,
15988,34,160000,195000,user_2,951,951,
15993,35,160000,0,user_8,951,951,
16025,36,150000,0,user_43,951,951,
16026,37,150000,0,user_45,951,951,
16005,38,130000,0,user_25,951,951,
16016,39,130000,0,user_36,951,951,
16010,40,120000,0,user_33,951,951,
16023,41,120000,0,user_41,951,951,
16029,42,100000,0,user_47,951,951,
16002,43,70000,0,user_21,951,951,
16068,,970000,0,user_0,952,,
16069,,3200000,0,user_3,952,,
16070,,160000,15700,user_4,952,,
16071,,100000,0,user_5,952,,
16072,,170000,0,user_5,952,,
16073,,970000,46500,user_6,952,,
16074,,1400000,0,user_6,952,,
16075,,1600000,0,user_7,952,,
16076,,1500000,0,user_7,952,,
16077,,220000,64600,user_8,952,,
16078,,110000,0,user_8,952,,
16079,,910000,0,user_9,952,,
16080,,110000,0,user_10,952,,
16081,,170000,0,user_11,952,,
16082,,600000,0,user_12,952,,
16083,,300000,0,user_13,952,,
16084,,910000,0,user_13,952,,
16085,,3500000,0,user_13,952,,
16086,,83000,0,user_13,952,,
16087,,120000,0,user_14,952,,
16088,,2000000,0,user_14,952,,
16089,,670000,0,user_14,952,,
16090,,170000,0,user_14,952,,
16091,,120000,0,user_15,952,,
16092,,2000000,0,user_16,952,,
16093,,120000,0,user_16,952,,
16094,,2000000,0,user_17,952,,
16095,,4200000,0,user_19,952,,
16096,,220000,0,user_20,952,,
16097,,150000,0,user_21,952,,
16098,,910000,0,user_22,952,,
16099,,130000,0,user_23,952,,
16100,,870000,0,user_24,952,,
16101,,340000,0,user_24,952,,
16102,,120000,0,user_25,952,,
16103,,87000,283000,user_27,952,,
16104,,2300000,0,user_29,952,,
16105,,70000,0,user_29,952,,
16106,,82000,0,user_30,952,,
16107,,1300000,0,user_32,952,,
16108,,77000,0,user_33,952,,
16109,,84000,0,user_34,952,,
16110,,260000,0,user_35,952,,
16111,,120000,13900,user_36,952,,
16112,,170000,0,user_38,952,,
16113,,5000000,0,user_40,952,,
16114,,4500000,0,user_41,952,,
16115,,120000,0,user_42,952,,
16116,,150000,0,user_42,952,,
16117,,3500000,0,user_43,952,,
16118,,420000,0,user_45,952,,
16119,,630000,0,user_46,952,,
16120,,260000,0,user_47,952,,
16121,,82000,56200,user_48,952,,
16122,,150000,0,user_48,952,,
16123,,43000000,0,user_49,952,,
16123,0,43000000,0,user_49,952,952,
16113,1,5000000,0,user_40,952,952,
16114,2,4500000,0,user_41,952,952,
16095,3,4200000,0,user_19,952,952,
16085,4,3500000,0,user_13,952,952,
16117,5,3500000,0,user_43,952,952,
16069,6,3200000,0,user_3,952,952,
16104,7,2300000,0,user_29,952,952,
16088,8,2000000,0,user_14,952,952,
16092,9,2000000,0,user_16,952,952,
16094,10,2000000,0,user_17,952,952,
16075,11,1600000,0,user_7,952,952,
16076,12,1500000,0,user_7,952,952,
16074,13,1400000,0,user_6,952,952,
16107,14,1300000,0,user_32,952,952,
16068,15,970000,0,user_0,952,952,
16073,16,970000,46500,user_6,952,952,
16079,17,910000,0,user_9,952,952,
16084,18,910000,0,user_13,952,952,
16098,19,910000,0,user_22,952,952,
16100,20,870000,0,user_24,952,952,
16089,21,670000,0,user_14,952,952,
16119,22,630000,0,user_46,952,952,
16118,23,420000,0,user_45,952,952,
16101,24,340000,0,user_24,952,952,
16083,25,300000,0,user_13,952,952,
16110,26,260000,0,user_35,952,952,
16120,27,260000,0,user_47,952,952,
16077,28,220000,64600,user_8,952,952,
16096,29,220000,0,user_20,952,952,
16072,30,170000,0,user_5,952,952,
16081,31,170000,0,user_11,952,952,
16090,32,170000,0,user_14,952,952,
16112,33,170000,0,user_38,952,952,
16097,34,150000,0,user_21,952,952,
16116,35,150000,0,user_42,952,952,
16122,36,150000,0,user_48,952,952,
16099,37,130000,0,user_23,952,952,
16087,38,120000,0,user_14,952,952,
16091,39,120000,0,user_15,952,952,
16093,40,120000,0,user_16,952,952,
16102,41,120000,0,user_25,952,952,
16111,42,120000,13900,user_36,952,952,
16115,43,120000,0,user_42,952,952,
16078,44,110000,0,user_8,952,952,
16080,45,110000,0,user_10,952,952,
16071,46,100000,0,user_5,952,952,
16103,47,87000,283000,user_27,952,952,
16109,48,84000,0,user_34,952,952,
16086,49,83000,0,user_13,952,952,
16106,50,82000,0,user_30,952,952,
16121,51,82000,56200,user_48,952,952,
16108,52,77000,0,user_33,952,952,
16105,53,70000,0,user_29,952,952,
16167,,370000,0,user_0,953,,
16168,,2600000,0,user_1,953,,
16169,,220000,0,user_1,953,,
16170,,19000000,0,user_2,953,,
16171,,160000,0,user_3,953,,
16172,,150000,0,user_3,953,,
16173,,220000,0,user_3,953,,
16174,,260000,0,user_4,953,,
16175,,98000,23500,user_4,953,,
16176,,630000,49100,user_4,953,,
16177,,6300000,0,user_6,953,,
16178,,3200000,0,user_6,953,,
16179,,310000,410000,user_7,953,,
16180,,150000,410000,user_9,953,,
16181,,2400000,0,user_9,953,,
16182,,260000,0,user_10,953,,
16183,,1600000,0,user_12,953,,
16184,,27000000,0,user_14,953,,
16185,,1100000,15700,user_14,953,,
16186,,160000,381000,user_15,953,,
16187,,1600000,1100000,user_15,953,,
16188,,2300000,0,user_15,953,,
16189,,1200000,0,user_16,953,,
16190,,150000,0,user_18,953,,
16191,,120000,1100000,user_19,953,,
16192,,350000,0,user_20,953,,
16193,,79000,0,user_21,953,,
16194,,910000,0,user_22,953,,
16195,,460000,0,user_23,953,,
16196,,340000,75000,user_24,953,,
16197,,4500000,0,user_24,953,,
16198,,160000,0,user_26,953,,
16199,,83000,0,user_27,953,,
16200,,1000000,0,user_28,953,,
16201,,660000,0,user_28,953,,
16202,,1600000,0,user_30,953,,
16203,,98000,0,user_30,953,,
16204,,630000,56200,user_30,953,,
16205,,3200000,73100,user_30,953,,
16206,,910000,0,user_32,953,,
16207,,2000000,0,user_32,953,,
16208,,670000,16400,user_32,953,,
16209,,150000,0,user_32,953,,
16210,,110000,0,user_32,953,,
16211,,120000,68100,user_35,953,,
16212,,110000,779000,user_35,953,,
16213,,1100000,0,user_35,953,,
16214,,120000,35100,user_36,953,,
16215,,5000000,15100,user_37,953,,
16216,,1500000,4320000,user_38,953,,
16217,,110000,0,user_39,953,,
16218,,630000,0,user_42,953,,
16219,,310000,0,user_43,953,,
16220,,5200000,0,user_44,953,,
16221,,320000,0,user_46,953,,
16222,,1000000,0,user_47,953,,
16223,,1400000,8520,user_48,953,,
16224,,470000,0,user_49,953,,
16184,0,27000000,0,user_14,953,953,
16170,1,19000000,0,user_2,953,953,
16177,2,6300000,0,user_6,953,953,
16282,3,0,0,builder_4,953,953,16216
16216,4,1500000,4320000,user_38,953,953,
16220,5,5200000,0,user_44,953,953,
16215,6,5000000,15100,user_37,953,953,
16283,7,0,0,builder_4,953,953,16215
16197,8,4500000,0,user_24,953,953,
16284,9,0,0,builder_4,953,953,16205
16205,10,3200000,73100,user_30,953,953,
16178,11,3200000,0,user_6,953,953,
16168,12,2600000,0,user_1,953,953,
16181,13,2400000,0,user_9,953,953,
16207,14,2000000,0,user_32,953,953,
16183,15,1600000,0,user_12,953,953,
16202,16,1600000,0,user_30,953,953,
16223,17,1400000,8520,user_48,953,953,
16285,18,0,0,builder_4,953,953,16223
16286,19,0,0,builder_4,953,953,16191
16191,20,120000,1100000,user_19,953,953,
16189,21,1200000,0,user_16,953,953,
16185,22,1100000,15700,user_14,953,953,
16287,23,0,0,builder_4,953,953,16185
16213,24,1100000,0,user_35,953,953,
16200,25,1000000,0,user_28,953,953,
16194,26,910000,0,user_22,953,953,
16206,27,910000,0,user_32,953,953,
16288,28,0,0,builder_4,953,953,16212
16212,29,110000,779000,user_35,953,953,
16208,30,670000,16400,user_32,953,953,
16289,31,0,0,builder_4,953,953,16208
16204,32,630000,56200,user_30,953,953,
16290,33,0,0,builder_4,953,953,16204
16176,34,630000,49100,user_4,953,953,
16291,35,0,0,builder_4,953,953,16176
16201,36,660000,0,user_28,953,953,
16218,37,630000,0,user_42,953,953,
16292,38,0,0,builder_4,953,953,16180
16180,39,150000,410000,user_9,953,953,
16224,40,470000,0,user_49,953,953,
16195,41,460000,0,user_23,953,953,
16196,42,340000,75000,user_24,953,953,
16293,43,0,0,builder_4,953,953,16196
16167,44,370000,0,user_0,953,953,
16192,45,350000,0,user_20,953,953,
16221,46,320000,0,user_46,953,953,
16219,47,310000,0,user_43,953,953,
16174,48,260000,0,user_4,953,953,
16182,49,260000,0,user_10,953,953,
16169,50,220000,0,user_1,953,953,
16173,51,220000,0,user_3,953,953,
16294,52,0,0,builder_4,953,953,16211
16211,53,120000,68100,user_35,953,953,
16171,54,160000,0,user_3,953,953,
16198,55,160000,0,user_26,953,953,
16295,56,0,0,builder_4,953,953,16214
16214,57,120000,35100,user_36,953,953,
16172,58,150000,0,user_3,953,953,
16190,59,150000,0,user_18,953,953,
16209,60,150000,0,user_32,953,953,
16175,61,98000,23500,user_4,953,953,
16296,62,0,0,builder_4,953,953,16175
16210,63,110000,0,user_32,953,953,
16203,64,98000,0,user_30,953,953,
16199,65,83000,0,user_27,953,953,
16193,66,79000,0,user_21,953,953,
16356,,1500000,42000,user_2,954,,
16357,,600000,0,user_4,954,,
16358,,1000000,0,user_6,954,,
16359,,110000,0,user_7,954,,
16360,,19000000,0,user_8,954,,
16361,,43000000,0,user_9,954,,
16362,,220000,0,user_11,954,,
16363,,420000,256000,user_12,954,,
16364,,6100000,0,user_13,954,,
16365,,240000,0,user_13,954,,
16366,,2100000,0,user_16,954,,
16367,,530000,0,user_16,954,,
16368,,87000,0,user_16,954,,
16369,,2500000,0,user_16,954,,
16370,,350000,0,user_16,954,,
16371,,150000,47700,user_17,954,,
16372,,4500000,0,user_17,954,,
16373,,870000,0,user_17,954,,
16374,,350000,14200,user_19,954,,
16375,,420000,0,user_19,954,,
16376,,3500000,0,user_19,954,,
16377,,2000000,0,user_19,954,,
16378,,2000000,0,user_20,954,,
16379,,650000,0,user_20,954,,
16380,,1500000,0,user_20,954,,
16381,,240000,0,user_20,954,,
16382,,420000,0,user_20,954,,
16383,,370000,0,user_21,954,,
16384,,5000000,0,user_23,954,,
16385,,43000000,0,user_23,954,,
16386,,110000,0,user_23,954,,
16387,,2000000,0,user_23,954,,
16388,,1800000,0,user_25,954,,
16389,,190000,8520,user_26,954,,
16390,,1100000,0,user_27,954,,
16391,,1500000,0,user_27,954,,
16392,,170000,0,user_28,954,,
16393,,150000,0,user_28,954,,
16394,,650000,0,user_29,954,,
16395,,2000000,0,user_31,954,,
16396,,970000,108000,user_32,954,,
16397,,85000,0,user_33,954,,
16398,,910000,68100,user_34,954,,
16399,,300000,0,user_34,954,,
16400,,150000,19700,user_35,954,,
16401,,1700000,0,user_35,954,,
16402,,2000000,0,user_36,954,,
16403,,70000,0,user_37,954,,
16404,,420000,0,user_38,954,,
16405,,1600000,0,user_40,954,,
16406,,2400000,0,user_40,954,,
16407,,1600000,0,user_40,954,,
16408,,220000,0,user_40,954,,
16409,,4200000,15300,user_41,954,,
16410,,77000,0,user_42,954,,
16411,,170000,0,user_43,954,,
16412,,77000,0,user_44,954,,
16413,,85000,0,user_44,954,,
16414,,420000,0,user_46,954,,
16415,,43000000,0,user_47,954,,
16416,,2400000,0,user_48,954,,
16417,,82000,0,user_48,954,,
16418,,530000,0,user_48,954,,
16419,,2000000,350000,user_48,954,,
16420,,870000,0,user_48,954,,
16421,,43000000,0,user_49,954,,
16361,0,43000000,0,user_9,954,954,
16385,1,43000000,0,user_23,954,954,
16415,2,43000000,0,user_47,954,954,
16421,3,43000000,0,user_49,954,954,
16360,4,19000000,0,user_8,954,954,
16364,5,6100000,0,user_13,954,954,
16384,6,5000000,0,user_23,954,954,
16372,7,4500000,0,user_17,954,954,
16409,8,4200000,15300,user_41,954,954,
16376,9,3500000,0,user_19,954,954,
16369,10,2500000,0,user_16,954,954,
16406,11,2400000,0,user_40,954,954,
16416,12,2400000,0,user_48,954,954,
16366,13,2100000,0,user_16,954,954,
16377,14,2000000,0,user_19,954,954,
16378,15,2000000,0,user_20,954,954,
16387,16,2000000,0,user_23,954,954,
16395,17,2000000,0,user_31,954,954,
16402,18,2000000,0,user_36,954,954,
16419,19,2000000,350000,user_48,954,954,
16388,20,1800000,0,user_25,954,954,
16401,21,1700000,0,user_35,954,954,
16405,22,1600000,0,user_40,954,954,
16407,23,1600000,0,user_40,954,954,
16356,24,1500000,42000,user_2,954,954,
16380,25,1500000,0,user_20,954,954,
16391,26,1500000,0,user_27,954,954,
16390,27,1100000,0,user_27,954,954,
16358,28,1000000,0,user_6,954,954,
16396,29,970000,108000,user_32,954,954,
16398,30,910000,68100,user_34,954,954,
16373,31,870000,0,user_17,954,954,
16420,32,870000,0,user_48,954,954,
16379,33,650000,0,user_20,954,954,
16394,34,650000,0,user_29,954,954,
16367,35,530000,0,user_16,954,954,
16418,36,530000,0,user_48,954,954,
16375,37,420000,0,user_19,954,954,
16382,38,420000,0,user_20,954,954,
16404,39,420000,0,user_38,954,954,
16414,40,420000,0,user_46,954,954,
16383,41,370000,0,user_21,954,954,
16370,42,350000,0,user_16,954,954,
16374,43,350000,14200,user_19,954,954,
16399,44,300000,0,user_34,954,954,
16365,45,240000,0,user_13,954,954,
16381,46,240000,0,user_20,954,954,
16362,47,220000,0,user_11,954,954,
16408,48,220000,0,user_40,954,954,
16411,49,170000,0,user_43,954,954,
16371,50,150000,47700,user_17,954,954,
16400,51,150000,19700,user_35,954,954,
16359,52,110000,0,user_7,954,954,
16386,53,110000,0,user_23,954,954,
16368,54,87000,0,user_16,954,954,
16397,55,85000,0,user_33,954,954,
16413,56,85000,0,user_44,954,954,
16417,57,82000,0,user_48,954,954,
16410,58,77000,0,user_42,954,954,
16412,59,77000,0,user_44,954,954,
16492,,1000000,0,user_0,955,,
16493,,30000000,108000,user_1,955,,
16494,,600000,49100,user_2,955,,
16495,,300000,0,user_2,955,,
16496,,1500000,0,user_2,955,,
16497,,970000,0,user_2,955,,
16498,,5000000,0,user_2,955,,
16499,,1400000,0,user_3,955,,
16500,,1100000,0,user_5,955,,
16501,,420000,0,user_6,955,,
16502,,220000,0,user_7,955,,
16503,,110000,0,user_8,955,,
16504,,1700000,0,user_11,955,,
16505,,1600000,0,user_14,955,,
16506,,3600000,0,user_15,955,,
16507,,110000,0,user_16,955,,
16508,,2000000,0,user_17,955,,
16509,,1200000,155000,user_18,955,,
16510,,220000,0,user_19,955,,
16511,,3600000,0,user_20,955,,
16512,,27000000,195000,user_20,955,,
16513,,300000,0,user_21,955,,
16514,,2100000,161000,user_22,955,,
16515,,1100000,0,user_22,955,,
16516,,82000,0,user_24,955,,
16517,,460000,0,user_25,955,,
16518,,2100000,0,user_26,955,,
16519,,43000000,0,user_27,955,,
16520,,110000,0,user_27,955,,
16521,,420000,0,user_27,955,,
16522,,1500000,0,user_27,955,,
16523,,130000,0,user_28,955,,
16524,,130000,0,user_30,955,,
16525,,120000,0,user_32,955,,
16526,,150000,181000,user_33,955,,
16527,,460000,0,user_34,955,,
16528,,1000000,31700,user_35,955,,
16529,,460000,0,user_36,955,,
16530,,240000,0,user_38,955,,
16531,,150000,0,user_38,955,,
16532,,82000,67900,user_39,955,,
16533,,190000,0,user_39,955,,
16534,,43000000,15300,user_40,955,,
16535,,4500000,0,user_40,955,,
16536,,150000,0,user_41,955,,
16537,,160000,0,user_41,955,,
16538,,530000,0,user_43,955,,
16539,,650000,0,user_44,955,,
16540,,600000,0,user_44,955,,
16541,,6300000,0,user_45,955,,
16542,,110000,0,user_45,955,,
16543,,1500000,0,user_47,955,,
16544,,4200000,0,user_48,955,,
16545,,82000,46500,user_49,955,,
16519,0,43000000,0,user_27,955,955,
16534,1,43000000,15300,user_40,955,955,
16493,2,30000000,108000,user_1,955,955,
16512,3,27000000,195000,user_20,955,955,
16541,4,6300000,0,user_45,955,955,
16498,5,5000000,0,user_2,955,955,
16535,6,4500000,0,user_40,955,955,
16544,7,4200000,0,user_48,955,955,
16506,8,3600000,0,user_15,955,955,
16511,9,3600000,0,user_20,955,955,
16514,10,2100000,161000,user_22,955,955,
16518,11,2100000,0,user_26,955,955,
16508,12,2000000,0,user_17,955,955,
16505,13,1600000,0,user_14,955,955,
16496,14,1500000,0,user_2,955,955,
16522,15,1500000,0,user_27,955,955,
16543,16,1500000,0,user_47,955,955,
16509,17,1200000,155000,user_18,955,955,
16515,18,1100000,0,user_22,955,955,
16492,19,1000000,0,user_0,955,955,
16497,20,970000,0,user_2,955,955,
16539,21,650000,0,user_44,955,955,
16494,22,600000,49100,user_2,955,955,
16540,23,600000,0,user_44,955,955,
16538,24,530000,0,user_43,955,955,
16517,25,460000,0,user_25,955,955,
16527,26,460000,0,user_34,955,955,
16501,27,420000,0,user_6,955,955,
16521,28,420000,0,user_27,955,955,
16495,29,300000,0,user_2,955,955,
16513,30,300000,0,user_21,955,955,
16530,31,240000,0,user_38,955,955,
16502,32,220000,0,user_7,955,955,
16510,33,220000,0,user_19,955,955,
16533,34,190000,0,user_39,955,955,
16537,35,160000,0,user_41,955,955,
16531,36,150000,0,user_38,955,955,
16536,37,150000,0,user_41,955,955,
16523,38,130000,0,user_28,955,955,
16524,39,130000,0,user_30,955,955,
16503,40,110000,0,user_8,955,955,
16507,41,110000,0,user_16,955,955,
16520,42,110000,0,user_27,955,955,
16542,43,110000,0,user_45,955,955,
16516,44,82000,0,user_24,955,955,
16532,45,82000,67900,user_39,955,955,
16618,,1100000,16400,user_0,956,,
16619,,1400000,0,user_0,956,,
16620,,2000000,0,user_2,956,,
16621,,160000,7840,user_3,956,,
16622,,3600000,0,user_6,956,,
16623,,160000,0,user_8,956,,
16624,,1400000,0,user_8,956,,
16625,,170000,5640,user_10,956,,
16626,,170000,0,user_11,956,,
16627,,110000,75000,user_11,956,,
16628,,6300000,0,user_12,956,,
16629,,340000,23500,user_12,956,,
16630,,150000,64600,user_12,956,,
16631,,100000,0,user_12,956,,
16632,,1500000,0,user_14,956,,
16633,,150000,13800,user_16,956,,
16634,,260000,0,user_20,956,,
16635,,150000,0,user_20,956,,
16636,,1300000,5640,user_20,956,,
16637,,360000,5640,user_20,956,,
16638,,910000,0,user_20,956,,
16639,,110000,0,user_21,956,,
16640,,910000,0,user_22,956,,
16641,,79000,0,user_23,956,,
16642,,100000,0,user_25,956,,
16643,,2000000,0,user_27,956,,
16644,,2500000,0,user_28,956,,
16645,,43000000,0,user_29,956,,
16646,,220000,0,user_30,956,,
16647,,30000000,0,user_31,956,,
16648,,300000,0,user_33,956,,
16649,,150000,0,user_34,956,,
16650,,87000,0,user_35,956,,
16651,,320000,0,user_36,956,,
16652,,43000000,0,user_38,956,,
16653,,630000,0,user_39,956,,
16654,,360000,0,user_39,956,,
16655,,1100000,0,user_41,956,,
16656,,160000,0,user_42,956,,
16657,,1100000,0,user_42,956,,
16658,,4500000,0,user_43,956,,
16659,,1400000,0,user_44,956,,
16660,,220000,0,user_45,956,,
16661,,2500000,0,user_45,956,,
16662,,3200000,0,user_46,956,,
16663,,910000,100000,user_47,956,,
16664,,190000,68100,user_48,956,,
16665,,3500000,0,user_49,956,,
16645,0,43000000,0,user_29,956,956,
16652,1,43000000,0,user_38,956,956,
16647,2,30000000,0,user_31,956,956,
16628,3,6300000,0,user_12,956,956,
16658,4,4500000,0,user_43,956,956,
16622,5,3600000,0,user_6,956,956,
16665,6,3500000,0,user_49,956,956,
16662,7,3200000,0,user_46,956,956,
16644,8,2500000,0,user_28,956,956,
16661,9,2500000,0,user_45,956,956,
16620,10,2000000,0,user_2,956,956,
16643,11,2000000,0,user_27,956,956,
16632,12,1500000,0,user_14,956,956,
16619,13,1400000,0,user_0,956,956,
16624,14,1400000,0,user_8,956,956,
16659,15,1400000,0,user_44,956,956,
16636,16,1300000,5640,user_20,956,956,
16699,17,0,0,builder_4,956,956,16636
16700,18,0,0,builder_4,956,956,16618
16618,19,1100000,16400,user_0,956,956,
16655,20,1100000,0,user_41,956,956,
16657,21,1100000,0,user_42,956,956,
16638,22,910000,0,user_20,956,956,
16640,23,910000,0,user_22,956,956,
16701,24,0,0,builder_4,956,956,16637
16637,25,360000,5640,user_20,956,956,
16629,26,340000,23500,user_12,956,956,
16702,27,0,0,builder_4,956,956,16629
16651,28,320000,0,user_36,956,956,
16648,29,300000,0,user_33,956,956,
16634,30,260000,0,user_20,956,956,
16664,31,190000,68100,user_48,956,956,
16703,32,0,0,builder_4,956,956,16664
16646,33,220000,0,user_30,956,956,
16660,34,220000,0,user_45,956,956,
16630,35,150000,64600,user_12,956,956,
16704,36,0,0,builder_4,956,956,16630
16627,37,110000,75000,user_11,956,956,
16705,38,0,0,builder_4,956,956,16627
16706,39,0,0,builder_4,956,956,16625
16625,40,170000,5640,user_10,956,956,
16626,41,170000,0,user_11,956,956,
16707,42,0,0,builder_4,956,956,16621
16621,43,160000,7840,user_3,956,956,
16633,44,150000,13800,user_16,956,956,
16708,45,0,0,builder_4,956,956,16633
16623,46,160000,0,user_8,956,956,
16656,47,160000,0,user_42,956,956,
16635,48,150000,0,user_20,956,956,
16649,49,150000,0,user_34,956,956,
16639,50,110000,0,user_21,956,956,
16631,51,100000,0,user_12,956,956,
16642,52,100000,0,user_25,956,956,
16650,53,87000,0,user_35,956,956,
16641,54,79000,0,user_23,956,956,
16743,,4200000,0,user_0,957,,
16744,,5000000,0,user_1,957,,
16745,,1800000,0,user_2,957,,
16746,,110000,0,user_3,957,,
16747,,84000,0,user_4,957,,
16748,,1100000,0,user_4,957,,
16749,,600000,0,user_6,957,,
16750,,5200000,0,user_7,957,,
16751,,240000,0,user_9,957,,
16752,,340000,0,user_9,957,,
16753,,470000,0,user_10,957,,
16754,,870000,0,user_11,957,,
16755,,5200000,0,user_12,957,,
16756,,120000,0,user_13,957,,
16757,,670000,0,user_14,957,,
16758,,150000,0,user_15,957,,
16759,,160000,42000,user_16,957,,
16760,,3500000,0,user_17,957,,
16761,,100000,0,user_17,957,,
16762,,150000,0,user_18,957,,
16763,,82000,39400,user_19,957,,
16764,,1000000,0,user_19,957,,
16765,,2100000,0,user_19,957,,
16766,,660000,0,user_19,957,,
16767,,1200000,769000,user_19,957,,
16768,,83000,139000,user_20,957,,
16769,,160000,0,user_20,957,,
16770,,3500000,0,user_21,957,,
16771,,1500000,0,user_22,957,,
16772,,1800000,0,user_23,957,,
16773,,30000000,0,user_24,957,,
16774,,2500000,0,user_25,957,,
16775,,1600000,13800,user_26,957,,
16776,,2000000,0,user_27,957,,
16777,,1400000,0,user_27,957,,
16778,,5200000,0,user_28,957,,
16779,,3500000,0,user_30,957,,
16780,,30000000,161000,user_30,957,,
16781,,460000,0,user_32,957,,
16782,,1500000,0,user_33,957,,
16783,,1000000,33300,user_35,957,,
16784,,1600000,0,user_35,957,,
16785,,2000000,0,user_35,957,,
16786,,1700000,0,user_36,957,,
16787,,1000000,322000,user_36,957,,
16788,,660000,0,user_36,957,,
16789,,110000,0,user_38,957,,
16790,,3600000,0,user_39,957,,
16791,,310000,0,user_39,957,,
16792,,300000,0,user_40,957,,
16793,,1400000,0,user_41,957,,
16794,,73000,0,user_42,957,,
16795,,120000,0,user_42,957,,
16796,,100000,0,user_43,957,,
16797,,1500000,0,user_45,957,,
16798,,870000,0,user_45,957,,
16799,,220000,0,user_45,957,,
16800,,110000,0,user_45,957,,
16801,,300000,0,user_48,957,,
16802,,19000000,64600,user_48,957,,
16803,,80000,0,user_49,957,,
16780,0,30000000,161000,user_30,957,957,
16835,1,0,0,builder_4,957,957,16780
16773,2,30000000,0,user_24,957,957,
16836,3,0,0,builder_4,957,957,16802
16802,4,19000000,64600,user_48,957,957,
16755,5,5200000,0,user_12,957,957,
16778,6,5200000,0,user_28,957,957,
16744,7,5000000,0,user_1,957,957,
16743,8,4200000,0,user_0,957,957,
16760,9,3500000,0,user_17,957,957,
16770,10,3500000,0,user_21,957,957,
16779,11,3500000,0,user_30,957,957,
16774,12,2500000,0,user_25,957,957,
16765,13,2100000,0,user_19,957,957,
16776,14,2000000,0,user_27,957,957,
16785,15,2000000,0,user_35,957,957,
16837,16,0,0,builder_4,957,957,16767
16767,17,1200000,769000,user_19,957,957,
16745,18,1800000,0,user_2,957,957,
16772,19,1800000,0,user_23,957,957,
16786,20,1700000,0,user_36,957,957,
16775,21,1600000,13800,user_26,957,957,
16838,22,0,0,builder_4,957,957,16775
16784,23,1600000,0,user_35,957,957,
16771,24,1500000,0,user_22,957,957,
16782,25,1500000,0,user_33,957,957,
16797,26,1500000,0,user_45,957,957,
16777,27,1400000,0,user_27,957,957,
16793,28,1400000,0,user_41,957,957,
16787,29,1000000,322000,user_36,957,957,
16839,30,0,0,builder_4,957,957,16787
16748,31,1100000,0,user_4,957,957,
16840,32,0,0,builder_4,957,957,16783
16783,33,1000000,33300,user_35,957,957,
16764,34,1000000,0,user_19,957,957,
16754,35,870000,0,user_11,957,957,
16798,36,870000,0,user_45,957,957,
16757,37,670000,0,user_14,957,957,
16766,38,660000,0,user_19,957,957,
16788,39,660000,0,user_36,957,957,
16749,40,600000,0,user_6,957,957,
16753,41,470000,0,user_10,957,957,
16781,42,460000,0,user_32,957,957,
16752,43,340000,0,user_9,957,957,
16792,44,300000,0,user_40,957,957,
16801,45,300000,0,user_48,957,957,
16751,46,240000,0,user_9,957,957,
16841,47,0,0,builder_4,957,957,16768
16768,48,83000,139000,user_20,957,957,
16799,49,220000,0,user_45,957,957,
16759,50,160000,42000,user_16,957,957,
16842,51,0,0,builder_4,957,957,16759
16769,52,160000,0,user_20,957,957,
16762,53,150000,0,user_18,957,957,
16763,54,82000,39400,user_19,957,957,
16843,55,0,0,builder_4,957,957,16763
16756,56,120000,0,user_13,957,957,
16795,57,120000,0,user_42,957,957,
16746,58,110000,0,user_3,957,957,
16789,59,110000,0,user_38,957,957,
16800,60,110000,0,user_45,957,957,
16761,61,100000,0,user_17,957,957,
16796,62,100000,0,user_43,957,957,
16747,63,84000,0,user_4,957,957,
16803,64,80000,0,user_49,957,957,
16794,65,73000,0,user_42,957,957,
16870,,2000000,0,user_0,958,,
16871,,27000000,0,user_0,958,,
16872,,600000,0,user_1,958,,
16873,,83000,181000,user_1,958,,
16874,,170000,0,user_4,958,,
16875,,120000,0,user_4,958,,
16876,,170000,0,user_4,958,,
16877,,910000,0,user_4,958,,
16878,,19000000,0,user_5,958,,
16879,,3600000,11200,user_5,958,,
16880,,98000,0,user_9,958,,
16881,,100000,0,user_11,958,,
16882,,1600000,0,user_12,958,,
16883,,1700000,0,user_14,958,,
16884,,3600000,0,user_16,958,,
16885,,630000,0,user_17,958,,
16886,,970000,0,user_17,958,,
16887,,43000000,0,user_18,958,,
16888,,970000,0,user_18,958,,
16889,,3600000,0,user_18,958,,
16890,,1300000,0,user_18,958,,
16891,,190000,0,user_18,958,,
16892,,1400000,16400,user_20,958,,
16893,,150000,0,user_21,958,,
16894,,220000,0,user_22,958,,
16895,,4500000,0,user_24,958,,
16896,,1100000,33300,user_24,958,,
16897,,630000,0,user_25,958,,
16898,,300000,0,user_25,958,,
16899,,70000,0,user_25,958,,
16900,,110000,0,user_26,958,,
16901,,170000,0,user_27,958,,
16902,,77000,769000,user_28,958,,
16903,,83000,7840,user_29,958,,
16904,,1800000,0,user_30,958,,
16905,,120000,0,user_31,958,,
16906,,160000,0,user_32,958,,
16907,,220000,0,user_35,958,,
16908,,170000,0,user_36,958,,
16909,,670000,0,user_40,958,,
16910,,170000,0,user_41,958,,
16911,,650000,0,user_41,958,,
16912,,3500000,0,user_42,958,,
16913,,1000000,0,user_42,958,,
16914,,110000,64600,user_43,958,,
16915,,5000000,0,user_43,958,,
16916,,120000,0,user_44,958,,
16917,,2000000,0,user_45,958,,
16918,,150000,0,user_45,958,,
16919,,6100000,0,user_46,958,,
16920,,600000,12800,user_49,958,,
16921,,220000,0,user_49,958,,
16922,,98000,0,user_49,958,,
16887,0,43000000,0,user_18,958,958,
16871,1,27000000,0,user_0,958,958,
16878,2,19000000,0,user_5,958,958,
16919,3,6100000,0,user_46,958,958,
16915,4,5000000,0,user_43,958,958,
16895,5,4500000,0,user_24,958,958,
16879,6,3600000,11200,user_5,958,958,
16884,7,3600000,0,user_16,958,958,
16889,8,3600000,0,user_18,958,958,
16912,9,3500000,0,user_42,958,958,
16870,10,2000000,0,user_0,958,958,
16917,11,2000000,0,user_45,958,958,
16904,12,1800000,0,user_30,958,958,
16883,13,1700000,0,user_14,958,958,
16882,14,1600000,0,user_12,958,958,
16890,15,1300000,0,user_18,958,958,
16896,16,1100000,33300,user_24,958,958,
16913,17,1000000,0,user_42,958,958,
16886,18,970000,0,user_17,958,958,
16888,19,970000,0,user_18,958,958,
16877,20,910000,0,user_4,958,958,
16909,21,670000,0,user_40,958,958,
16885,22,630000,0,user_17,958,958,
16897,23,630000,0,user_25,958,958,
16920,24,600000,12800,user_49,958,958,
16898,25,300000,0,user_25,958,958,
16894,26,220000,0,user_22,958,958,
16907,27,220000,0,user_35,958,958,
16921,28,220000,0,user_49,958,958,
16891,29,190000,0,user_18,958,958,
16874,30,170000,0,user_4,958,958,
16876,31,170000,0,user_4,958,958,
16901,32,170000,0,user_27,958,958,
16908,33,170000,0,user_36,958,958,
16906,34,160000,0,user_32,958,958,
16893,35,150000,0,user_21,958,958,
16918,36,150000,0,user_45,958,958,
16875,37,120000,0,user_4,958,958,
16916,38,120000,0,user_44,958,958,
16900,39,110000,0,user_26,958,958,
16914,40,110000,64600,user_43,958,958,
16881,41,100000,0,user_11,958,958,
16880,42,98000,0,user_9,958,958,
16922,43,98000,0,user_49,958,958,
16903,44,83000,7840,user_29,958,958,
16902,45,77000,769000,user_28,958,958,
16899,46,70000,0,user_25,958,958,
16980,,260000,0,user_0,959,,
16981,,2300000,6390,user_0,959,,
16982,,670000,0,user_1,959,,
16983,,2000000,0,user_2,959,,
16984,,1300000,0,user_2,959,,
16985,,150000,0,user_4,959,,
16986,,43000000,71800,user_4,959,,
16987,,27000000,0,user_5,959,,
16988,,2100000,181000,user_5,959,,
16989,,120000,139000,user_6,959,,
16990,,110000,0,user_7,959,,
16991,,6100000,779000,user_9,959,,
16992,,1500000,0,user_10,959,,
16993,,340000,128000,user_11,959,,
16994,,220000,350000,user_12,959,,
16995,,420000,0,user_12,959,,
16996,,630000,0,user_12,959,,
16997,,1500000,0,user_12,959,,
16998,,160000,0,user_13,959,,
16999,,4500000,0,user_15,959,,
17000,,1200000,0,user_15,959,,
17001,,73000,16400,user_16,959,,
17002,,350000,0,user_17,959,,
17003,,1900000,0,user_18,959,,
17004,,43000000,0,user_18,959,,
17005,,4200000,0,user_19,959,,
17006,,120000,1100000,user_20,959,,
17007,,84000,0,user_22,959,,
17008,,110000,0,user_22,959,,
17009,,98000,32900,user_22,959,,
17010,,73000,0,user_22,959,,
17011,,670000,0,user_24,959,,
17012,,84000,0,user_25,959,,
17013,,70000,35100,user_25,959,,
17014,,120000,0,user_25,959,,
17015,,110000,0,user_25,959,,
17016,,1600000,0,user_25,959,,
17017,,1000000,0,user_26,959,,
17018,,150000,959000,user_26,959,,
17019,,160000,1100000,user_26,959,,
17020,,1000000,0,user_26,959,,
17021,,120000,0,user_26,959,,
17022,,350000,0,user_27,959,,
17023,,240000,285000,user_28,959,,
17024,,120000,0,user_29,959,,
17025,,660000,0,user_29,959,,
17026,,100000,0,user_30,959,,
17027,,530000,0,user_31,959,,
17028,,120000,0,user_32,959,,
17029,,82000,0,user_33,959,,
17030,,1700000,0,user_33,959,,
17031,,300000,16400,user_34,959,,
17032,,2500000,0,user_35,959,,
17033,,2000000,0,user_36,959,,
17034,,660000,12800,user_37,959,,
17035,,170000,0,user_39,959,,
17036,,460000,0,user_39,959,,
17037,,340000,0,user_40,959,,
17038,,460000,0,user_40,959,,
17039,,160000,17700000,user_40,959,,
17040,,73000,0,user_40,959,,
17041,,650000,17000,user_40,959,,
17042,,6100000,0,user_41,959,,
17043,,1500000,75000,user_42,959,,
17044,,150000,0,user_44,959,,
17045,,240000,0,user_44,959,,
17046,,150000,0,user_45,959,,
17047,,130000,0,user_46,959,,
17048,,420000,0,user_47,959,,
17049,,1400000,0,user_48,959,,
17050,,1400000,71800,user_49,959,,
16986,0,43000000,71800,user_4,959,959,
17131,1,0,0,builder_5,959,959,16986
17004,2,43000000,0,user_18,959,959,
16987,3,27000000,0,user_5,959,959,
16991,4,6100000,779000,user_9,959,959,
17132,5,0,0,builder_5,959,959,16991
17042,6,6100000,0,user_41,959,959,
16999,7,4500000,0,user_15,959,959,
17005,8,4200000,0,user_19,959,959,
17032,9,2500000,0,user_35,959,959,
17133,10,0,0,builder_5,959,959,16981
16981,11,2300000,6390,user_0,959,959,
17134,12,0,0,builder_5,959,959,16988
16988,13,2100000,181000,user_5,959,959,
16983,14,2000000,0,user_2,959,959,
17033,15,2000000,0,user_36,959,959,
17003,16,1900000,0,user_18,959,959,
17030,17,1700000,0,user_33,959,959,
17016,18,1600000,0,user_25,959,959,
17135,19,0,0,builder_5,959,959,17043
17043,20,1500000,75000,user_42,959,959,
16992,21,1500000,0,user_10,959,959,
16997,22,1500000,0,user_12,959,959,
17136,23,0,0,builder_5,959,959,17050
17050,24,1400000,71800,user_49,959,959,
17049,25,1400000,0,user_48,959,959,
16984,26,1300000,0,user_2,959,959,
17137,27,0,0,builder_5,959,959,17019
17019,28,160000,1100000,user_26,959,959,
17138,29,0,0,builder_5,959,959,17006
17006,30,120000,1100000,user_20,959,959,
17000,31,1200000,0,user_15,959,959,
17018,32,150000,959000,user_26,959,959,
17139,33,0,0,builder_5,959,959,17018
17017,34,1000000,0,user_26,959,959,
17020,35,1000000,0,user_26,959,959,
17140,36,0,0,builder_5,959,959,17034
17034,37,660000,12800,user_37,959,959,
16982,38,670000,0,user_1,959,959,
17011,39,670000,0,user_24,959,959,
16996,40,630000,0,user_12,959,959,
17141,41,0,0,builder_5,959,959,16994
16994,42,220000,350000,user_12,959,959,
17027,43,530000,0,user_31,959,959,
17142,44,0,0,builder_5,959,959,17023
17023,45,240000,285000,user_28,959,959,
17143,46,0,0,builder_5,959,959,16993
16993,47,340000,128000,user_11,959,959,
17036,48,460000,0,user_39,959,959,
16995,49,420000,0,user_12,959,959,
17048,50,420000,0,user_47,959,959,
16980,51,260000,0,user_0,959,959,
17144,52,0,0,builder_5,959,959,16989
16989,53,120000,139000,user_6,959,959,
17035,54,170000,0,user_39,959,959,
16998,55,160000,0,user_13,959,959,
16985,56,150000,0,user_4,959,959,
17046,57,150000,0,user_45,959,959,
17014,58,120000,0,user_25,959,959,
17021,59,120000,0,user_26,959,959,
17028,60,120000,0,user_32,959,959,
16990,61,110000,0,user_7,959,959,
17015,62,110000,0,user_25,959,959,
17013,63,70000,35100,user_25,959,959,
17145,64,0,0,builder_5,959,959,17013
17146,65,0,0,builder_5,959,959,17001
17001,66,73000,16400,user_16,959,959,
17012,67,84000,0,user_25,959,959,
17029,68,82000,0,user_33,959,959,
17191,,420000,0,user_1,960,,
17192,,98000,0,user_3,960,,
17193,,30000000,0,user_3,960,,
17194,,80000,0,user_4,960,,
17195,,5000000,0,user_6,960,,
17196,,160000,959000,user_7,960,,
17197,,1400000,121000,user_7,960,,
17198,,310000,19700,user_11,960,,
17199,,870000,0,user_12,960,,
17200,,84000,0,user_12,960,,
17201,,1600000,0,user_13,960,,
17202,,1200000,0,user_13,960,,
17203,,1000000,0,user_14,960,,
17204,,340000,13800,user_16,960,,
17205,,83000,0,user_17,960,,
17206,,310000,181000,user_18,960,,
17207,,1400000,13900,user_18,960,,
17208,,84000,0,user_19,960,,
17209,,1600000,0,user_20,960,,
17210,,84000,0,user_21,960,,
17211,,82000,0,user_22,960,,
17212,,1000000,0,user_23,960,,
17213,,650000,0,user_24,960,,
17214,,4200000,0,user_24,960,,
17215,,120000,0,user_25,960,,
17216,,130000,0,user_26,960,,
17217,,130000,0,user_26,960,,
17218,,240000,0,user_27,960,,
17219,,1500000,0,user_28,960,,
17220,,910000,0,user_29,960,,
17221,,420000,0,user_30,960,,
17222,,240000,0,user_30,960,,
17223,,3600000,0,user_30,960,,
17224,,27000000,0,user_31,960,,
17225,,2000000,779000,user_31,960,,
17226,,870000,0,user_31,960,,
17227,,27000000,0,user_32,960,,
17228,,220000,7840,user_33,960,,
17229,,530000,296000,user_33,960,,
17230,,360000,35100,user_34,960,,
17231,,4200000,769000,user_35,960,,
17232,,1600000,0,user_36,960,,
17233,,120000,0,user_37,960,,
17234,,170000,369000,user_39,960,,
17235,,910000,0,user_39,960,,
17236,,110000,0,user_40,960,,
17237,,1300000,0,user_42,960,,
17238,,77000,33100,user_44,960,,
17239,,360000,0,user_44,960,,
17240,,82000,0,user_45,960,,
17241,,1000000,0,user_48,960,,
17193,0,30000000,0,user_3,960,960,
17224,1,27000000,0,user_31,960,960,
17227,2,27000000,0,user_32,960,960,
17195,3,5000000,0,user_6,960,960,
17214,4,4200000,0,user_24,960,960,
17231,5,4200000,769000,user_35,960,960,
17223,6,3600000,0,user_30,960,960,
17225,7,2000000,779000,user_31,960,960,
17201,8,1600000,0,user_13,960,960,
17209,9,1600000,0,user_20,960,960,
17232,10,1600000,0,user_36,960,960,
17219,11,1500000,0,user_28,960,960,
17197,12,1400000,121000,user_7,960,960,
17207,13,1400000,13900,user_18,960,960,
17237,14,1300000,0,user_42,960,960,
17202,15,1200000,0,user_13,960,960,
17203,16,1000000,0,user_14,960,960,
17212,17,1000000,0,user_23,960,960,
17241,18,1000000,0,user_48,960,960,
17235,19,910000,0,user_39,960,960,
17199,20,870000,0,user_12,960,960,
17226,21,870000,0,user_31,960,960,
17213,22,650000,0,user_24,960,960,
17229,23,530000,296000,user_33,960,960,
17191,24,420000,0,user_1,960,960,
17221,25,420000,0,user_30,960,960,
17230,26,360000,35100,user_34,960,960,
17239,27,360000,0,user_44,960,960,
17198,28,310000,19700,user_11,960,960,
17206,29,310000,181000,user_18,960,960,
17218,30,240000,0,user_27,960,960,
17222,31,240000,0,user_30,960,960,
17228,32,220000,7840,user_33,960,960,
17234,33,170000,369000,user_39,960,960,
17196,34,160000,959000,user_7,960,960,
17216,35,130000,0,user_26,960,960,
17217,36,130000,0,user_26,960,960,
17236,37,110000,0,user_40,960,960,
17192,38,98000,0,user_3,960,960,
17200,39,84000,0,user_12,960,960,
17208,40,84000,0,user_19,960,960,
17210,41,84000,0,user_21,960,960,
17211,42,82000,0,user_22,960,960,
17194,43,80000,0,user_4,960,960,
17238,44,77000,33100,user_44,960,960,
17331,,600000,0,user_0,961,,
17332,,150000,0,user_0,961,,
17333,,310000,0,user_2,961,,
17334,,3200000,0,user_2,961,,
17335,,120000,0,user_3,961,,
17336,,110000,0,user_4,961,,
17337,,2600000,0,user_6,961,,
17338,,1500000,0,user_9,961,,
17339,,79000,0,user_10,961,,
17340,,1500000,0,user_15,961,,
17341,,150000,0,user_18,961,,
17342,,160000,0,user_18,961,,
17343,,79000,0,user_19,961,,
17344,,120000,0,user_20,961,,
17345,,530000,0,user_21,961,,
17346,,6300000,139000,user_22,961,,
17347,,110000,0,user_23,961,,
17348,,1400000,0,user_23,961,,
17349,,110000,0,user_24,961,,
17350,,300000,0,user_25,961,,
17351,,110000,0,user_25,961,,
17352,,43000000,0,user_26,961,,
17353,,1500000,0,user_27,961,,
17354,,1800000,0,user_28,961,,
17355,,1500000,0,user_29,961,,
17356,,1000000,0,user_30,961,,
17357,,110000,0,user_30,961,,
17358,,120000,64600,user_33,961,,
17359,,660000,21800,user_33,961,,
17360,,6300000,0,user_34,961,,
17361,,460000,0,user_38,961,,
17362,,1000000,0,user_39,961,,
17363,,1300000,0,user_40,961,,
17364,,190000,12300,user_40,961,,
17365,,970000,0,user_40,961,,
17366,,260000,0,user_40,961,,
17367,,260000,296000,user_41,961,,
17368,,2300000,0,user_42,961,,
17369,,4200000,14200,user_43,961,,
17370,,460000,0,user_44,961,,
17371,,1200000,0,user_45,961,,
17372,,2000000,0,user_45,961,,
17373,,120000,0,user_46,961,,
17374,,1500000,0,user_46,961,,
17375,,260000,56200,user_46,961,,
17376,,6100000,322000,user_46,961,,
17377,,460000,0,user_47,961,,
17378,,870000,0,user_48,961,,
17379,,30000000,0,user_49,961,,
17352,0,43000000,0,user_26,961,961,
17379,1,30000000,0,user_49,961,961,
17346,2,6300000,139000,user_22,961,961,
17409,3,0,0,builder_4,961,961,17346
17410,4,0,0,builder_4,961,961,17376
17376,5,6100000,322000,user_46,961,961,
17360,6,6300000,0,user_34,961,961,
17369,7,4200000,14200,user_43,961,961,
17411,8,0,0,builder_4,961,961,17369
17334,9,3200000,0,user_2,961,961,
17337,10,2600000,0,user_6,961,961,
17368,11,2300000,0,user_42,961,961,
17372,12,2000000,0,user_45,961,961,
17354,13,1800000,0,user_28,961,961,
17338,14,1500000,0,user_9,961,961,
17353,15,1500000,0,user_27,961,961,
17355,16,1500000,0,user_29,961,961,
17374,17,1500000,0,user_46,961,961,
17348,18,1400000,0,user_23,961,961,
17363,19,1300000,0,user_40,961,961,
17371,20,1200000,0,user_45,961,961,
17356,21,1000000,0,user_30,961,961,
17365,22,970000,0,user_40,961,961,
17378,23,870000,0,user_48,961,961,
17359,24,660000,21800,user_33,961,961,
17412,25,0,0,builder_4,961,961,17359
17331,26,600000,0,user_0,961,961,
17367,27,260000,296000,user_41,961,961,
17413,28,0,0,builder_4,961,961,17367
17345,29,530000,0,user_21,961,961,
17361,30,460000,0,user_38,961,961,
17370,31,460000,0,user_44,961,961,
17414,32,0,0,builder_4,961,961,17375
17375,33,260000,56200,user_46,961,961,
17333,34,310000,0,user_2,961,961,
17350,35,300000,0,user_25,961,961,
17366,36,260000,0,user_40,961,961,
17415,37,0,0,builder_4,961,961,17364
17364,38,190000,12300,user_40,961,961,
17358,39,120000,64600,user_33,961,961,
17416,40,0,0,builder_4,961,961,17358
17342,41,160000,0,user_18,961,961,
17332,42,150000,0,user_0,961,961,
17341,43,150000,0,user_18,961,961,
17335,44,120000,0,user_3,961,961,
17344,45,120000,0,user_20,961,961,
17373,46,120000,0,user_46,961,961,
17336,47,110000,0,user_4,961,961,
17347,48,110000,0,user_23,961,961,
17349,49,110000,0,user_24,961,961,
17351,50,110000,0,user_25,961,961,
17357,51,110000,0,user_30,961,961,
17339,52,79000,0,user_10,961,961,
17343,53,79000,0,user_19,961,961,
17434,,98000,0,user_1,962,,
17435,,80000,0,user_1,962,,
17436,,160000,0,user_2,962,,
17437,,650000,0,user_3,962,,
17438,,1400000,0,user_6,962,,
17439,,360000,0,user_7,962,,
17440,,220000,13900,user_10,962,,
17441,,1500000,0,user_12,962,,
17442,,220000,0,user_13,962,,
17443,,130000,0,user_14,962,,
17444,,600000,0,user_15,962,,
17445,,77000,0,user_16,962,,
17446,,220000,0,user_18,962,,
17447,,1800000,0,user_21,962,,
17448,,77000,0,user_21,962,,
17449,,260000,0,user_21,962,,
17450,,4200000,0,user_21,962,,
17451,,2400000,0,user_24,962,,
17452,,77000,0,user_26,962,,
17453,,600000,0,user_27,962,,
17454,,260000,0,user_29,962,,
17455,,650000,0,user_30,962,,
17456,,1800000,0,user_30,962,,
17457,,43000000,0,user_30,962,,
17458,,2000000,46500,user_32,962,,
17459,,83000,34700,user_34,962,,
17460,,370000,215000,user_35,962,,
17461,,120000,139000,user_35,962,,
17462,,170000,68100,user_37,962,,
17463,,2400000,0,user_37,962,,
17464,,84000,0,user_40,962,,
17465,,87000,0,user_40,962,,
17466,,220000,0,user_41,962,,
17467,,870000,256000,user_42,962,,
17468,,2100000,285000,user_45,962,,
17469,,2000000,0,user_46,962,,
17470,,2000000,0,user_47,962,,
17471,,130000,0,user_47,962,,
17472,,320000,0,user_48,962,,
17473,,83000,0,user_49,962,,
17457,0,43000000,0,user_30,962,962,
17450,1,4200000,0,user_21,962,962,
17463,2,2400000,0,user_37,962,962,
17458,3,2000000,46500,user_32,962,962,
17474,4,0,0,builder_0,962,962,17458
17469,5,2000000,0,user_46,962,962,
17470,6,2000000,0,user_47,962,962,
17447,7,1800000,0,user_21,962,962,
17456,8,1800000,0,user_30,962,962,
17438,9,1400000,0,user_6,962,962,
17475,10,0,0,builder_0,962,962,17467
17467,11,870000,256000,user_42,962,962,
17437,12,650000,0,user_3,962,962,
17455,13,650000,0,user_30,962,962,
17453,14,600000,0,user_27,962,962,
17476,15,0,0,builder_0,962,962,17460
17460,16,370000,215000,user_35,962,962,
17439,17,360000,0,user_7,962,962,
17472,18,320000,0,user_48,962,962,
17449,19,260000,0,user_21,962,962,
17454,20,260000,0,user_29,962,962,
17477,21,0,0,builder_0,962,962,17461
17461,22,120000,139000,user_35,962,962,
17462,23,170000,68100,user_37,962,962,
17478,24,0,0,builder_0,962,962,17462
17440,25,220000,13900,user_10,962,962,
17479,26,0,0,builder_0,962,962,17440
17442,27,220000,0,user_13,962,962,
17446,28,220000,0,user_18,962,962,
17466,29,220000,0,user_41,962,962,
17436,30,160000,0,user_2,962,962,
17443,31,130000,0,user_14,962,962,
17471,32,130000,0,user_47,962,962,
17434,33,98000,0,user_1,962,962,
17465,34,87000,0,user_40,962,962,
17464,35,84000,0,user_40,962,962,
17473,36,83000,0,user_49,962,962,
17435,37,80000,0,user_1,962,962,
17445,38,77000,0,user_16,962,962,
17448,39,77000,0,user_21,962,962,
17452,40,77000,0,user_26,962,962,
17532,,85000,0,user_1,963,,
17533,,110000,215000,user_5,963,,
17534,,30000000,0,user_6,963,,
17535,,77000,959000,user_7,963,,
17536,,2000000,0,user_8,963,,
17537,,3500000,0,user_9,963,,
17538,,130000,12300,user_9,963,,
17539,,1800000,0,user_10,963,,
17540,,110000,35600,user_11,963,,
17541,,150000,108000,user_12,963,,
17542,,120000,7190000,user_13,963,,
17543,,79000,0,user_13,963,,
17544,,160000,594000,user_14,963,,
17545,,150000,0,user_14,963,,
17546,,110000,8520,user_16,963,,
17547,,2000000,0,user_17,963,,
17548,,6300000,15700,user_17,963,,
17549,,120000,0,user_17,963,,
17550,,1700000,0,user_17,963,,
17551,,5000000,256000,user_17,963,,
17552,,82000,0,user_18,963,,
17553,,150000,0,user_20,963,,
17554,,320000,0,user_20,963,,
17555,,220000,0,user_21,963,,
17556,,220000,10700,user_21,963,,
17557,,150000,0,user_23,963,,
17558,,4500000,67500,user_23,963,,
17559,,150000,594000,user_24,963,,
17560,,1500000,0,user_26,963,,
17561,,83000,7840,user_27,963,,
17562,,1400000,0,user_28,963,,
17563,,910000,13800,user_28,963,,
17564,,6100000,0,user_30,963,,
17565,,1400000,0,user_31,963,,
17566,,84000,779000,user_32,963,,
17567,,110000,0,user_32,963,,
17568,,1000000,0,user_32,963,,
17569,,2400000,0,user_32,963,,
17570,,43000000,0,user_33,963,,
17571,,240000,0,user_34,963,,
17572,,6100000,5640,user_35,963,,
17573,,82000,0,user_36,963,,
17574,,190000,0,user_37,963,,
17575,,160000,0,user_39,963,,
17576,,85000,0,user_42,963,,
17577,,160000,0,user_42,963,,
17578,,82000,545000,user_43,963,,
17579,,340000,0,user_44,963,,
17580,,1200000,0,user_44,963,,
17581,,340000,5640,user_45,963,,
17582,,6300000,0,user_46,963,,
17583,,6100000,42000,user_46,963,,
17584,,1300000,0,user_47,963,,
17585,,420000,67500,user_49,963,,
17570,0,43000000,0,user_33,963,963,
17534,1,30000000,0,user_6,963,963,
17542,2,120000,7190000,user_13,963,963,
17586,3,0,0,builder_0,963,963,17542
17548,4,6300000,15700,user_17,963,963,
17587,5,0,0,builder_0,963,963,17548
17582,6,6300000,0,user_46,963,963,
17588,7,0,0,builder_0,963,963,17583
17583,8,6100000,42000,user_46,963,963,
17572,9,6100000,5640,user_35,963,963,
17589,10,0,0,builder_0,963,963,17572
17564,11,6100000,0,user_30,963,963,
17551,12,5000000,256000,user_17,963,963,
17590,13,0,0,builder_0,963,963,17551
17558,14,4500000,67500,user_23,963,963,
17591,15,0,0,builder_0,963,963,17558
17537,16,3500000,0,user_9,963,963,
17569,17,2400000,0,user_32,963,963,
17536,18,2000000,0,user_8,963,963,
17547,19,2000000,0,user_17,963,963,
17539,20,1800000,0,user_10,963,963,
17550,21,1700000,0,user_17,963,963,
17560,22,1500000,0,user_26,963,963,
17562,23,1400000,0,user_28,963,963,
17565,24,1400000,0,user_31,963,963,
17584,25,1300000,0,user_47,963,963,
17580,26,1200000,0,user_44,963,963,
17592,27,0,0,builder_0,963,963,17535
17535,28,77000,959000,user_7,963,963,
17568,29,1000000,0,user_32,963,963,
17593,30,0,0,builder_0,963,963,17563
17563,31,910000,13800,user_28,963,963,
17566,32,84000,779000,user_32,963,963,
17594,33,0,0,builder_0,963,963,17566
17595,34,0,0,builder_0,963,963,17544
17544,35,160000,594000,user_14,963,963,
17596,36,0,0,builder_0,963,963,17578
17578,37,82000,545000,user_43,963,963,
17585,38,420000,67500,user_49,963,963,
17597,39,0,0,builder_0,963,963,17585
17579,40,340000,0,user_44,963,963,
17554,41,320000,0,user_20,963,963,
17556,42,220000,10700,user_21,963,963,
17598,43,0,0,builder_0,963,963,17556
17555,44,220000,0,user_21,963,963,
17574,45,190000,0,user_37,963,963,
17577,46,160000,0,user_42,963,963,
17545,47,150000,0,user_14,963,963,
17553,48,150000,0,user_20,963,963,
17557,49,150000,0,user_23,963,963,
17599,50,0,0,builder_0,963,963,17540
17540,51,110000,35600,user_11,963,963,
17538,52,130000,12300,user_9,963,963,
17600,53,0,0,builder_0,963,963,17538
17549,54,120000,0,user_17,963,963,
17546,55,110000,8520,user_16,963,963,
17601,56,0,0,builder_0,963,963,17546
17567,57,110000,0,user_32,963,963,
17561,58,83000,7840,user_27,963,963,
17602,59,0,0,builder_0,963,963,17561
17532,60,85000,0,user_1,963,963,
17576,61,85000,0,user_42,963,963,
17552,62,82000,0,user_18,963,963,
17573,63,82000,0,user_36,963,963,
17543,64,79000,0,user_13,963,963,
17731,,6300000,0,user_1,964,,
17732,,630000,0,user_2,964,,
17733,,80000,0,user_3,964,,
17734,,310000,0,user_3,964,,
17735,,220000,0,user_3,964,,
17736,,79000,0,user_3,964,,
17737,,1500000,39400,user_4,964,,
17738,,910000,84800,user_6,964,,
17739,,2600000,0,user_7,964,,
17740,,260000,0,user_7,964,,
17741,,5000000,0,user_8,964,,
17742,,82000,0,user_8,964,,
17743,,1500000,0,user_10,964,,
17744,,27000000,0,user_12,964,,
17745,,1100000,12800,user_14,964,,
17746,,4500000,0,user_14,964,,
17747,,43000000,0,user_15,964,,
17748,,150000,0,user_18,964,,
17749,,1000000,68100,user_22,964,,
17750,,1300000,0,user_22,964,,
17751,,310000,0,user_22,964,,
17752,,130000,0,user_24,964,,
17753,,1500000,0,user_26,964,,
17754,,240000,0,user_26,964,,
17755,,2000000,0,user_27,964,,
17756,,83000,43600,user_29,964,,
17757,,2000000,0,user_31,964,,
17758,,360000,0,user_32,964,,
17759,,4500000,0,user_33,964,,
17760,,110000,0,user_33,964,,
17761,,310000,0,user_34,964,,
17762,,150000,15300,user_34,964,,
17763,,83000,0,user_35,964,,
17764,,5000000,0,user_36,964,,
17765,,1400000,0,user_37,964,,
17766,,1700000,0,user_38,964,,
17767,,170000,0,user_39,964,,
17768,,600000,31700,user_39,964,,
17769,,2000000,0,user_40,964,,
17770,,3500000,0,user_42,964,,
17771,,1300000,0,user_43,964,,
17772,,1100000,0,user_44,964,,
17773,,2300000,0,user_45,964,,
17774,,310000,0,user_46,964,,
17775,,2000000,181000,user_47,964,,
17776,,110000,410000,user_48,964,,
17777,,85000,0,user_49,964,,
17778,,160000,0,user_49,964,,
17779,,420000,10700,user_49,964,,
17780,,98000,0,user_49,964,,
17781,,160000,0,user_49,964,,
17747,0,43000000,0,user_15,964,964,
17744,1,27000000,0,user_12,964,964,
17731,2,6300000,0,user_1,964,964,
17741,3,5000000,0,user_8,964,964,
17764,4,5000000,0,user_36,964,964,
17746,5,4500000,0,user_14,964,964,
17759,6,4500000,0,user_33,964,964,
17770,7,3500000,0,user_42,964,964,
17739,8,2600000,0,user_7,964,964,
17755,9,2000000,0,user_27,964,964,
17757,10,2000000,0,user_31,964,964,
17769,11,2000000,0,user_40,964,964,
17775,12,2000000,181000,user_47,964,964,
17766,13,1700000,0,user_38,964,964,
17737,14,1500000,39400,user_4,964,964,
17753,15,1500000,0,user_26,964,964,
17765,16,1400000,0,user_37,964,964,
17750,17,1300000,0,user_22,964,964,
17771,18,1300000,0,user_43,964,964,
17745,19,1100000,12800,user_14,964,964,
17772,20,1100000,0,user_44,964,964,
17749,21,1000000,68100,user_22,964,964,
17738,22,910000,84800,user_6,964,964,
17732,23,630000,0,user_2,964,964,
17768,24,600000,31700,user_39,964,964,
17779,25,420000,10700,user_49,964,964,
17734,26,310000,0,user_3,964,964,
17751,27,310000,0,user_22,964,964,
17761,28,310000,0,user_34,964,964,
17740,29,260000,0,user_7,964,964,
17754,30,240000,0,user_26,964,964,
17735,31,220000,0,user_3,964,964,
17767,32,170000,0,user_39,964,964,
17778,33,160000,0,user_49,964,964,
17781,34,160000,0,user_49,964,964,
17748,35,150000,0,user_18,964,964,
17762,36,150000,15300,user_34,964,964,
17752,37,130000,0,user_24,964,964,
17760,38,110000,0,user_33,964,964,
17776,39,110000,410000,user_48,964,964,
17780,40,98000,0,user_49,964,964,
17777,41,85000,0,user_49,964,964,
17756,42,83000,43600,user_29,964,964,
17742,43,82000,0,user_8,964,964,
17733,44,80000,0,user_3,964,964,
17736,45,79000,0,user_3,964,964,
17850,,470000,0,user_2,965,,
17851,,110000,0,user_3,965,,
17852,,420000,0,user_3,965,,
17853,,420000,0,user_3,965,,
17854,,2000000,0,user_4,965,,
17855,,1100000,0,user_6,965,,
17856,,110000,0,user_6,965,,
17857,,310000,0,user_7,965,,
17858,,120000,0,user_7,965,,
17859,,220000,0,user_7,965,,
17860,,310000,0,user_8,965,,
17861,,370000,11200,user_9,965,,
17862,,98000,0,user_11,965,,
17863,,160000,139000,user_11,965,,
17864,,360000,0,user_12,965,,
17865,,220000,285000,user_13,965,,
17866,,470000,0,user_13,965,,
17867,,110000,10700,user_14,965,,
17868,,170000,0,user_14,965,,
17869,,1400000,0,user_14,965,,
17870,,160000,0,user_14,965,,
17871,,160000,369000,user_18,965,,
17872,,310000,0,user_19,965,,
17873,,310000,0,user_20,965,,
17874,,3500000,0,user_20,965,,
17875,,220000,0,user_21,965,,
17876,,220000,0,user_23,965,,
17877,,530000,0,user_24,965,,
17878,,1500000,283000,user_28,965,,
17879,,70000,0,user_28,965,,
17880,,79000,0,user_29,965,,
17881,,1500000,24700,user_29,965,,
17882,,4500000,0,user_30,965,,
17883,,2600000,0,user_30,965,,
17884,,19000000,0,user_31,965,,
17885,,190000,0,user_33,965,,
17886,,70000,0,user_34,965,,
17887,,110000,0,user_34,965,,
17888,,2100000,0,user_34,965,,
17889,,360000,0,user_34,965,,
17890,,630000,0,user_34,965,,
17891,,19000000,0,user_35,965,,
17892,,420000,0,user_37,965,,
17893,,70000,0,user_39,965,,
17894,,530000,0,user_39,965,,
17895,,110000,0,user_40,965,,
17896,,150000,84800,user_42,965,,
17897,,1100000,0,user_44,965,,
17898,,1700000,0,user_45,965,,
17899,,240000,0,user_46,965,,
17900,,150000,24700,user_46,965,,
17901,,2100000,0,user_47,965,,
17902,,220000,5640,user_47,965,,
17903,,5000000,0,user_48,965,,
17904,,630000,0,user_48,965,,
17905,,160000,0,user_49,965,,
17906,,1500000,0,user_49,965,,
17884,0,19000000,0,user_31,965,965,
17891,1,19000000,0,user_35,965,965,
17903,2,5000000,0,user_48,965,965,
17882,3,4500000,0,user_30,965,965,
17874,4,3500000,0,user_20,965,965,
17883,5,2600000,0,user_30,965,965,
17888,6,2100000,0,user_34,965,965,
17901,7,2100000,0,user_47,965,965,
17854,8,2000000,0,user_4,965,965,
17929,9,0,0,builder_3,965,965,17878
17878,10,1500000,283000,user_28,965,965,
17898,11,1700000,0,user_45,965,965,
17881,12,1500000,24700,user_29,965,965,
17930,13,0,0,builder_3,965,965,17881
17906,14,1500000,0,user_49,965,965,
17869,15,1400000,0,user_14,965,965,
17897,16,1100000,0,user_44,965,965,
17890,17,630000,0,user_34,965,965,
17904,18,630000,0,user_48,965,965,
17877,19,530000,0,user_24,965,965,
17894,20,530000,0,user_39,965,965,
17871,21,160000,369000,user_18,965,965,
17931,22,0,0,builder_3,965,965,17871
17865,23,220000,285000,user_13,965,965,
17932,24,0,0,builder_3,965,965,17865
17850,25,470000,0,user_2,965,965,
17866,26,470000,0,user_13,965,965,
17852,27,420000,0,user_3,965,965,
17853,28,420000,0,user_3,965,965,
17892,29,420000,0,user_37,965,965,
17864,30,360000,0,user_12,965,965,
17889,31,360000,0,user_34,965,965,
17857,32,310000,0,user_7,965,965,
17872,33,310000,0,user_19,965,965,
17873,34,310000,0,user_20,965,965,
17863,35,160000,139000,user_11,965,965,
17933,36,0,0,builder_3,965,965,17863
17899,37,240000,0,user_46,965,965,
17934,38,0,0,builder_3,965,965,17896
17896,39,150000,84800,user_42,965,965,
17902,40,220000,5640,user_47,965,965,
17935,41,0,0,builder_3,965,965,17902
17859,42,220000,0,user_7,965,965,
17875,43,220000,0,user_21,965,965,
17876,44,220000,0,user_23,965,965,
17885,45,190000,0,user_33,965,965,
17900,46,150000,24700,user_46,965,965,
17936,47,0,0,builder_3,965,965,17900
17868,48,170000,0,user_14,965,965,
17870,49,160000,0,user_14,965,965,
17905,50,160000,0,user_49,965,965,
17937,51,0,0,builder_3,965,965,17867
17867,52,110000,10700,user_14,965,965,
17858,53,120000,0,user_7,965,965,
17851,54,110000,0,user_3,965,965,
17887,55,110000,0,user_34,965,965,
17895,56,110000,0,user_40,965,965,
17862,57,98000,0,user_11,965,965,
17880,58,79000,0,user_29,965,965,
17879,59,70000,0,user_28,965,965,
17886,60,70000,0,user_34,965,965,
17893,61,70000,0,user_39,965,965,
17974,,98000,0,user_0,966,,
17975,,2000000,0,user_1,966,,
17976,,110000,0,user_2,966,,
17977,,5200000,0,user_3,966,,
17978,,460000,0,user_3,966,,
17979,,320000,0,user_3,966,,
17980,,6300000,0,user_3,966,,
17981,,3500000,0,user_5,966,,
17982,,1500000,56200,user_5,966,,
17983,,79000,0,user_5,966,,
17984,,2300000,0,user_7,966,,
17985,,220000,73100,user_7,966,,
17986,,150000,0,user_9,966,,
17987,,1800000,0,user_10,966,,
17988,,2600000,0,user_10,966,,
17989,,3200000,0,user_10,966,,
17990,,310000,0,user_12,966,,
17991,,220000,35100,user_14,966,,
17992,,310000,0,user_16,966,,
17993,,79000,0,user_17,966,,
17994,,420000,0,user_18,966,,
17995,,240000,0,user_19,966,,
17996,,360000,0,user_20,966,,
17997,,630000,0,user_22,966,,
17998,,2500000,0,user_22,966,,
17999,,260000,0,user_25,966,,
18000,,630000,0,user_26,966,,
18001,,4200000,0,user_27,966,,
18002,,2400000,49100,user_27,966,,
18003,,70000,0,user_28,966,,
18004,,110000,67900,user_28,966,,
18005,,6300000,0,user_28,966,,
18006,,79000,0,user_28,966,,
18007,,1700000,67500,user_29,966,,
18008,,1100000,0,user_31,966,,
18009,,110000,108000,user_33,966,,
18010,,340000,350000,user_35,966,,
18011,,83000,0,user_36,966,,
18012,,43000000,0,user_39,966,,
18013,,130000,0,user_41,966,,
18014,,2000000,0,user_43,966,,
18015,,300000,35100,user_45,966,,
18016,,630000,0,user_45,966,,
18017,,43000000,0,user_45,966,,
18018,,2000000,0,user_45,966,,
18019,,420000,0,user_45,966,,
18020,,160000,16400,user_46,966,,
18021,,110000,71800,user_48,966,,
18022,,3600000,0,user_49,966,,
18012,0,43000000,0,user_39,966,966,
18017,1,43000000,0,user_45,966,966,
17980,2,6300000,0,user_3,966,966,
18005,3,6300000,0,user_28,966,966,
17977,4,5200000,0,user_3,966,966,
18001,5,4200000,0,user_27,966,966,
18022,6,3600000,0,user_49,966,966,
17981,7,3500000,0,user_5,966,966,
17989,8,3200000,0,user_10,966,966,
17988,9,2600000,0,user_10,966,966,
17998,10,2500000,0,user_22,966,966,
18002,11,2400000,49100,user_27,966,966,
18082,12,0,0,builder_7,966,966,18002
17984,13,2300000,0,user_7,966,966,
17975,14,2000000,0,user_1,966,966,
18014,15,2000000,0,user_43,966,966,
18018,16,2000000,0,user_45,966,966,
17987,17,1800000,0,user_10,966,966,
18007,18,1700000,67500,user_29,966,966,
18083,19,0,0,builder_7,966,966,18007
17982,20,1500000,56200,user_5,966,966,
18084,21,0,0,builder_7,966,966,17982
18008,22,1100000,0,user_31,966,966,
17997,23,630000,0,user_22,966,966,
18016,24,630000,0,user_45,966,966,
17978,25,460000,0,user_3,966,966,
18019,26,420000,0,user_45,966,966,
17996,27,360000,0,user_20,966,966,
18015,28,300000,35100,user_45,966,966,
18085,29,0,0,builder_7,966,966,18015
17979,30,320000,0,user_3,966,966,
17990,31,310000,0,user_12,966,966,
17992,32,310000,0,user_16,966,966,
17985,33,220000,73100,user_7,966,966,
18086,34,0,0,builder_7,966,966,17985
17999,35,260000,0,user_25,966,966,
17991,36,220000,35100,user_14,966,966,
18087,37,0,0,builder_7,966,966,17991
18088,38,0,0,builder_7,966,966,18009
18009,39,110000,108000,user_33,966,966,
18004,40,110000,67900,user_28,966,966,
18089,41,0,0,builder_7,966,966,18004
17986,42,150000,0,user_9,966,966,
18013,43,130000,0,user_41,966,966,
17976,44,110000,0,user_2,966,966,
17974,45,98000,0,user_0,966,966,
18011,46,83000,0,user_36,966,966,
17983,47,79000,0,user_5,966,966,
17993,48,79000,0,user_17,966,966,
18006,49,79000,0,user_28,966,966,
18003,50,70000,0,user_28,966,966,
18100,,79000,100000,user_1,967,,
18101,,420000,35100,user_2,967,,
18102,,87000,0,user_4,967,,
18103,,130000,381000,user_5,967,,
18104,,3600000,0,user_5,967,,
18105,,260000,6390,user_7,967,,
18106,,1900000,779000,user_8,967,,
18107,,660000,0,user_8,967,,
18108,,1000000,322000,user_9,967,,
18109,,220000,283000,user_10,967,,
18110,,470000,0,user_11,967,,
18111,,2000000,0,user_12,967,,
18112,,87000,0,user_12,967,,
18113,,5200000,0,user_13,967,,
18114,,110000,0,user_14,967,,
18115,,910000,0,user_15,967,,
18116,,73000,0,user_16,967,,
18117,,160000,0,user_16,967,,
18118,,120000,7840,user_16,967,,
18119,,420000,0,user_16,967,,
18120,,120000,0,user_17,967,,
18121,,150000,16400,user_20,967,,
18122,,110000,0,user_21,967,,
18123,,160000,510000,user_22,967,,
18124,,370000,0,user_25,967,,
18125,,110000,0,user_27,967,,
18126,,79000,0,user_27,967,,
18127,,420000,0,user_28,967,,
18128,,470000,18600,user_29,967,,
18129,,70000,0,user_29,967,,
18130,,310000,0,user_29,967,,
18131,,1800000,0,user_29,967,,
18132,,160000,0,user_34,967,,
18133,,300000,0,user_34,967,,
18134,,1600000,0,user_34,967,,
18135,,2000000,0,user_34,967,,
18136,,6100000,0,user_35,967,,
18137,,1000000,0,user_37,967,,
18138,,130000,0,user_39,967,,
18139,,110000,0,user_40,967,,
18140,,120000,0,user_41,967,,
18141,,2000000,0,user_44,967,,
18142,,120000,0,user_44,967,,
18143,,120000,0,user_44,967,,
18144,,1500000,0,user_44,967,,
18145,,1500000,0,user_47,967,,
18146,,650000,0,user_49,967,,
18136,0,6100000,0,user_35,967,967,
18113,1,5200000,0,user_13,967,967,
18104,2,3600000,0,user_5,967,967,
18111,3,2000000,0,user_12,967,967,
18135,4,2000000,0,user_34,967,967,
18141,5,2000000,0,user_44,967,967,
18106,6,1900000,779000,user_8,967,967,
18131,7,1800000,0,user_29,967,967,
18134,8,1600000,0,user_34,967,967,
18144,9,1500000,0,user_44,967,967,
18145,10,1500000,0,user_47,967,967,
18108,11,1000000,322000,user_9,967,967,
18137,12,1000000,0,user_37,967,967,
18115,13,910000,0,user_15,967,967,
18107,14,660000,0,user_8,967,967,
18146,15,650000,0,user_49,967,967,
18110,16,470000,0,user_11,967,967,
18128,17,470000,18600,user_29,967,967,
18101,18,420000,35100,user_2,967,967,
18119,19,420000,0,user_16,967,967,
18127,20,420000,0,user_28,967,967,
18124,21,370000,0,user_25,967,967,
18130,22,310000,0,user_29,967,967,
18133,23,300000,0,user_34,967,967,
18105,24,260000,6390,user_7,967,967,
18109,25,220000,283000,user_10,967,967,
18117,26,160000,0,user_16,967,967,
18132,27,160000,0,user_34,967,967,
18121,28,150000,16400,user_20,967,967,
18103,29,130000,381000,user_5,967,967,
18138,30,130000,0,user_39,967,967,
18118,31,120000,7840,user_16,967,967,
18120,32,120000,0,user_17,967,967,
18140,33,120000,0,user_41,967,967,
18142,34,120000,0,user_44,967,967,
18143,35,120000,0,user_44,967,967,
18125,36,110000,0,user_27,967,967,
18102,37,87000,0,user_4,967,967,
18112,38,87000,0,user_12,967,967,
18100,39,79000,100000,user_1,967,967,
18126,40,79000,0,user_27,967,967,
18116,41,73000,0,user_16,967,967,
18129,42,70000,0,user_29,967,967,
18225,,120000,0,user_0,968,,
18226,,420000,33300,user_0,968,,
18227,,150000,350000,user_2,968,,
18228,,670000,0,user_2,968,,
18229,,340000,36800,user_3,968,,
18230,,1700000,23500,user_4,968,,
18231,,160000,108000,user_5,968,,
18232,,2600000,0,user_8,968,,
18233,,2400000,0,user_8,968,,
18234,,170000,0,user_8,968,,
18235,,150000,0,user_10,968,,
18236,,420000,0,user_12,968,,
18237,,470000,100000,user_13,968,,
18238,,460000,0,user_14,968,,
18239,,2100000,0,user_14,968,,
18240,,3500000,0,user_14,968,,
18241,,98000,0,user_14,968,,
18242,,150000,15100,user_14,968,,
18243,,260000,0,user_15,968,,
18244,,1100000,0,user_16,968,,
18245,,3600000,66100,user_17,968,,
18246,,160000,0,user_18,968,,
18247,,4500000,0,user_20,968,,
18248,,170000,32900,user_21,968,,
18249,,1000000,0,user_21,968,,
18250,,220000,350000,user_21,968,,
18251,,5000000,36800,user_21,968,,
18252,,1100000,0,user_22,968,,
18253,,150000,0,user_22,968,,
18254,,470000,0,user_22,968,,
18255,,650000,0,user_22,968,,
18256,,3200000,16400,user_23,968,,
18257,,150000,0,user_23,968,,
18258,,150000,0,user_24,968,,
18259,,82000,0,user_25,968,,
18260,,83000,0,user_27,968,,
18261,,460000,12800,user_28,968,,
18262,,2500000,0,user_29,968,,
18263,,160000,0,user_30,968,,
18264,,1600000,0,user_31,968,,
18265,,220000,0,user_32,968,,
18266,,1700000,0,user_33,968,,
18267,,160000,0,user_33,968,,
18268,,420000,0,user_36,968,,
18269,,190000,0,user_37,968,,
18270,,160000,0,user_39,968,,
18271,,27000000,0,user_40,968,,
18272,,970000,0,user_41,968,,
18273,,260000,0,user_43,968,,
18274,,1700000,0,user_43,968,,
18275,,1500000,0,user_46,968,,
18276,,150000,0,user_47,968,,
18277,,470000,0,user_49,968,,
18278,,1400000,0,user_49,968,,
18271,0,27000000,0,user_40,968,968,
18251,1,5000000,36800,user_21,968,968,
18319,2,0,0,builder_4,968,968,18251
18247,3,4500000,0,user_20,968,968,
18245,4,3600000,66100,user_17,968,968,
18320,5,0,0,builder_4,968,968,18245
18240,6,3500000,0,user_14,968,968,
18256,7,3200000,16400,user_23,968,968,
18321,8,0,0,builder_4,968,968,18256
18232,9,2600000,0,user_8,968,968,
18262,10,2500000,0,user_29,968,968,
18233,11,2400000,0,user_8,968,968,
18239,12,2100000,0,user_14,968,968,
18230,13,1700000,23500,user_4,968,968,
18322,14,0,0,builder_4,968,968,18230
18266,15,1700000,0,user_33,968,968,
18274,16,1700000,0,user_43,968,968,
18264,17,1600000,0,user_31,968,968,
18275,18,1500000,0,user_46,968,968,
18278,19,1400000,0,user_49,968,968,
18244,20,1100000,0,user_16,968,968,
18252,21,1100000,0,user_22,968,968,
18249,22,1000000,0,user_21,968,968,
18272,23,970000,0,user_41,968,968,
18228,24,670000,0,user_2,968,968,
18255,25,650000,0,user_22,968,968,
18323,26,0,0,builder_4,968,968,18237
18237,27,470000,100000,user_13,968,968,
18250,28,220000,350000,user_21,968,968,
18324,29,0,0,builder_4,968,968,18250
18325,30,0,0,builder_4,968,968,18227
18227,31,150000,350000,user_2,968,968,
18261,32,460000,12800,user_28,968,968,
18326,33,0,0,builder_4,968,968,18261
18254,34,470000,0,user_22,968,968,
18277,35,470000,0,user_49,968,968,
18238,36,460000,0,user_14,968,968,
18327,37,0,0,builder_4,968,968,18226
18226,38,420000,33300,user_0,968,968,
18236,39,420000,0,user_12,968,968,
18268,40,420000,0,user_36,968,968,
18328,41,0,0,builder_4,968,968,18229
18229,42,340000,36800,user_3,968,968,
18273,43,260000,0,user_43,968,968,
18265,44,220000,0,user_32,968,968,
18248,45,170000,32900,user_21,968,968,
18329,46,0,0,builder_4,968,968,18248
18269,47,190000,0,user_37,968,968,
18234,48,170000,0,user_8,968,968,
18242,49,150000,15100,user_14,968,968,
18330,50,0,0,builder_4,968,968,18242
18246,51,160000,0,user_18,968,968,
18263,52,160000,0,user_30,968,968,
18267,53,160000,0,user_33,968,968,
18235,54,150000,0,user_10,968,968,
18253,55,150000,0,user_22,968,968,
18257,56,150000,0,user_23,968,968,
18258,57,150000,0,user_24,968,968,
18225,58,120000,0,user_0,968,968,
18241,59,98000,0,user_14,968,968,
18260,60,83000,0,user_27,968,968,
18259,61,82000,0,user_25,968,968,
18372,,530000,0,user_0,969,,
18373,,660000,0,user_0,969,,
18374,,350000,0,user_1,969,,
18375,,130000,0,user_2,969,,
18376,,2600000,0,user_3,969,,
18377,,6300000,0,user_3,969,,
18378,,2000000,0,user_5,969,,
18379,,120000,0,user_6,969,,
18380,,5200000,510000,user_6,969,,
18381,,110000,0,user_7,969,,
18382,,100000,0,user_7,969,,
18383,,3600000,0,user_8,969,,
18384,,2400000,0,user_10,969,,
18385,,120000,0,user_11,969,,
18386,,650000,0,user_12,969,,
18387,,1400000,47700,user_13,969,,
18388,,130000,0,user_14,969,,
18389,,1000000,0,user_18,969,,
18390,,100000,0,user_19,969,,
18391,,260000,84800,user_19,969,,
18392,,110000,0,user_22,969,,
18393,,600000,0,user_22,969,,
18394,,660000,195000,user_23,969,,
18395,,340000,0,user_23,969,,
18396,,120000,0,user_24,969,,
18397,,83000,0,user_24,969,,
18398,,170000,0,user_27,969,,
18399,,310000,510000,user_31,969,,
18400,,120000,0,user_32,969,,
18401,,150000,3130,user_33,969,,
18402,,1500000,0,user_34,969,,
18403,,2400000,0,user_35,969,,
18404,,73000,0,user_35,969,,
18405,,73000,0,user_35,969,,
18406,,660000,0,user_36,969,,
18407,,1500000,0,user_37,969,,
18408,,120000,13800,user_38,969,,
18409,,160000,0,user_38,969,,
18410,,870000,0,user_40,969,,
18411,,420000,0,user_41,969,,
18412,,73000,0,user_41,969,,
18413,,350000,0,user_48,969,,
18414,,970000,7190000,user_48,969,,
18414,0,970000,7190000,user_48,969,969,
18442,1,0,0,builder_4,969,969,18414
18377,2,6300000,0,user_3,969,969,
18380,3,5200000,510000,user_6,969,969,
18443,4,0,0,builder_4,969,969,18380
18383,5,3600000,0,user_8,969,969,
18376,6,2600000,0,user_3,969,969,
18384,7,2400000,0,user_10,969,969,
18403,8,2400000,0,user_35,969,969,
18402,9,1500000,0,user_34,969,969,
18407,10,1500000,0,user_37,969,969,
18387,11,1400000,47700,user_13,969,969,
18444,12,0,0,builder_4,969,969,18387
18389,13,1000000,0,user_18,969,969,
18410,14,870000,0,user_40,969,969,
18394,15,660000,195000,user_23,969,969,
18445,16,0,0,builder_4,969,969,18394
18399,17,310000,510000,user_31,969,969,
18446,18,0,0,builder_4,969,969,18399
18373,19,660000,0,user_0,969,969,
18406,20,660000,0,user_36,969,969,
18386,21,650000,0,user_12,969,969,
18393,22,600000,0,user_22,969,969,
18372,23,530000,0,user_0,969,969,
18411,24,420000,0,user_41,969,969,
18374,25,350000,0,user_1,969,969,
18413,26,350000,0,user_48,969,969,
18447,27,0,0,builder_4,969,969,18391
18391,28,260000,84800,user_19,969,969,
18395,29,340000,0,user_23,969,969,
18398,30,170000,0,user_27,969,969,
18409,31,160000,0,user_38,969,969,
18401,32,150000,3130,user_33,969,969,
18448,33,0,0,builder_4,969,969,18401
18408,34,120000,13800,user_38,969,969,
18449,35,0,0,builder_4,969,969,18408
18375,36,130000,0,user_2,969,969,
18388,37,130000,0,user_14,969,969,
18379,38,120000,0,user_6,969,969,
18385,39,120000,0,user_11,969,969,
18396,40,120000,0,user_24,969,969,
18400,41,120000,0,user_32,969,969,
18392,42,110000,0,user_22,969,969,
18390,43,100000,0,user_19,969,969,
18397,44,83000,0,user_24,969,969,
18404,45,73000,0,user_35,969,969,
18405,46,73000,0,user_35,969,969,
18412,47,73000,0,user_41,969,969,
18473,,310000,0,user_1,970,,
18474,,98000,0,user_1,970,,
18475,,1000000,0,user_3,970,,
18476,,79000,0,user_6,970,,
18477,,870000,0,user_7,970,,
18478,,160000,35100,user_8,970,,
18479,,220000,0,user_9,970,,
18480,,350000,0,user_11,970,,
18481,,3200000,7840,user_12,970,,
18482,,85000,15300,user_14,970,,
18483,,1600000,71800,user_18,970,,
18484,,2600000,0,user_19,970,,
18485,,2000000,0,user_21,970,,
18486,,1500000,0,user_22,970,,
18487,,5000000,0,user_22,970,,
18488,,83000,0,user_23,970,,
18489,,150000,0,user_25,970,,
18490,,340000,0,user_25,970,,
18491,,260000,0,user_26,970,,
18492,,1400000,0,user_26,970,,
18493,,1500000,0,user_27,970,,
18494,,1100000,0,user_27,970,,
18495,,420000,0,user_28,970,,
18496,,1100000,0,user_29,970,,
18497,,150000,0,user_30,970,,
18498,,1100000,0,user_31,970,,
18499,,1500000,0,user_31,970,,
18500,,87000,0,user_32,970,,
18501,,130000,0,user_33,970,,
18502,,240000,0,user_34,970,,
18503,,150000,0,user_34,970,,
18504,,87000,36800,user_35,970,,
18505,,150000,67900,user_36,970,,
18506,,2400000,0,user_36,970,,
18507,,27000000,0,user_37,970,,
18508,,110000,0,user_38,970,,
18509,,2100000,67900,user_39,970,,
18510,,2500000,350000,user_39,970,,
18511,,5200000,0,user_40,970,,
18512,,150000,0,user_41,970,,
18513,,1200000,0,user_41,970,,
18514,,3200000,0,user_42,970,,
18515,,150000,0,user_42,970,,
18516,,460000,0,user_44,970,,
18517,,2000000,7840,user_46,970,,
18518,,1100000,3130,user_48,970,,
18519,,4200000,0,user_48,970,,
18507,0,27000000,0,user_37,970,970,
18511,1,5200000,0,user_40,970,970,
18487,2,5000000,0,user_22,970,970,
18519,3,4200000,0,user_48,970,970,
18481,4,3200000,7840,user_12,970,970,
18514,5,3200000,0,user_42,970,970,
18484,6,2600000,0,user_19,970,970,
18510,7,2500000,350000,user_39,970,970,
18506,8,2400000,0,user_36,970,970,
18509,9,2100000,67900,user_39,970,970,
18485,10,2000000,0,user_21,970,970,
18483,11,1600000,71800,user_18,970,970,
18486,12,1500000,0,user_22,970,970,
18493,13,1500000,0,user_27,970,970,
18499,14,1500000,0,user_31,970,970,
18492,15,1400000,0,user_26,970,970,
18494,16,1100000,0,user_27,970,970,
18496,17,1100000,0,user_29,970,970,
18498,18,1100000,0,user_31,970,970,
18518,19,1100000,3130,user_48,970,970,
18475,20,1000000,0,user_3,970,970,
18477,21,870000,0,user_7,970,970,
18516,22,460000,0,user_44,970,970,
18495,23,420000,0,user_28,970,970,
18490,24,340000,0,user_25,970,970,
18473,25,310000,0,user_1,970,970,
18491,26,260000,0,user_26,970,970,
18502,27,240000,0,user_34,970,970,
18479,28,220000,0,user_9,970,970,
18478,29,160000,35100,user_8,970,970,
18489,30,150000,0,user_25,970,970,
18497,31,150000,0,user_30,970,970,
18503,32,150000,0,user_34,970,970,
18505,33,150000,67900,user_36,970,970,
18515,34,150000,0,user_42,970,970,
18501,35,130000,0,user_33,970,970,
18508,36,110000,0,user_38,970,970,
18474,37,98000,0,user_1,970,970,
18482,38,85000,15300,user_14,970,970,
18488,39,83000,0,user_23,970,970,
18476,40,79000,0,user_6,970,970,
18590,,2000000,68100,user_1,971,,
18591,,150000,0,user_2,971,,
18592,,2100000,0,user_3,971,,
18593,,1800000,0,user_5,971,,
18594,,120000,19700,user_6,971,,
18595,,80000,0,user_7,971,,
18596,,220000,0,user_7,971,,
18597,,83000,0,user_8,971,,
18598,,1200000,0,user_10,971,,
18599,,370000,0,user_11,971,,
18600,,2000000,0,user_14,971,,
18601,,5000000,0,user_15,971,,
18602,,2000000,0,user_15,971,,
18603,,870000,0,user_16,971,,
18604,,30000000,0,user_17,971,,
18605,,98000,0,user_18,971,,
18606,,27000000,4320000,user_19,971,,
18607,,120000,0,user_21,971,,
18608,,19000000,0,user_21,971,,
18609,,6100000,0,user_24,971,,
18610,,1400000,0,user_25,971,,
18611,,340000,0,user_26,971,,
18612,,630000,0,user_26,971,,
18613,,160000,0,user_27,971,,
18614,,4200000,0,user_27,971,,
18615,,310000,0,user_27,971,,
18616,,320000,128000,user_28,971,,
18617,,170000,0,user_29,971,,
18618,,130000,0,user_29,971,,
18619,,150000,0,user_29,971,,
18620,,1200000,0,user_30,971,,
18621,,150000,0,user_30,971,,
18622,,160000,0,user_32,971,,
18623,,350000,0,user_33,971,,
18624,,670000,0,user_33,971,,
18625,,1300000,0,user_33,971,,
18626,,660000,0,user_33,971,,
18627,,2100000,0,user_33,971,,
18628,,170000,0,user_36,971,,
18629,,170000,0,user_36,971,,
18630,,84000,0,user_38,971,,
18631,,110000,35600,user_39,971,,
18632,,2100000,0,user_40,971,,
18633,,320000,0,user_40,971,,
18634,,160000,0,user_42,971,,
18635,,460000,0,user_44,971,,
18636,,27000000,121000,user_44,971,,
18637,,73000,18600,user_45,971,,
18638,,100000,0,user_45,971,,
18639,,1900000,0,user_46,971,,
18640,,910000,0,user_49,971,,
18604,0,30000000,0,user_17,971,971,
18606,1,27000000,4320000,user_19,971,971,
18636,2,27000000,121000,user_44,971,971,
18608,3,19000000,0,user_21,971,971,
18609,4,6100000,0,user_24,971,971,
18601,5,5000000,0,user_15,971,971,
18614,6,4200000,0,user_27,971,971,
18592,7,2100000,0,user_3,971,971,
18627,8,2100000,0,user_33,971,971,
18632,9,2100000,0,user_40,971,971,
18600,10,2000000,0,user_14,971,971,
18602,11,2000000,0,user_15,971,971,
18639,12,1900000,0,user_46,971,971,
18593,13,1800000,0,user_5,971,971,
18610,14,1400000,0,user_25,971,971,
18625,15,1300000,0,user_33,971,971,
18598,16,1200000,0,user_10,971,971,
18620,17,1200000,0,user_30,971,971,
18640,18,910000,0,user_49,971,971,
18603,19,870000,0,user_16,971,971,
18624,20,670000,0,user_33,971,971,
18626,21,660000,0,user_33,971,971,
18635,22,460000,0,user_44,971,971,
18599,23,370000,0,user_11,971,971,
18623,24,350000,0,user_33,971,971,
18633,25,320000,0,user_40,971,971,
18615,26,310000,0,user_27,971,971,
18596,27,220000,0,user_7,971,971,
18617,28,170000,0,user_29,971,971,
18628,29,170000,0,user_36,971,971,
18629,30,170000,0,user_36,971,971,
18613,31,160000,0,user_27,971,971,
18622,32,160000,0,user_32,971,971,
18634,33,160000,0,user_42,971,971,
18591,34,150000,0,user_2,971,971,
18619,35,150000,0,user_29,971,971,
18621,36,150000,0,user_30,971,971,
18618,37,130000,0,user_29,971,971,
18594,38,120000,19700,user_6,971,971,
18607,39,120000,0,user_21,971,971,
18638,40,100000,0,user_45,971,971,
18605,41,98000,0,user_18,971,971,
18630,42,84000,0,user_38,971,971,
18597,43,83000,0,user_8,971,971,
18595,44,80000,0,user_7,971,971,
18637,45,73000,18600,user_45,971,971,
13925,,460000,0,user_0,972,,
13926,,1200000,283000,user_0,972,,
13927,,6300000,0,user_2,972,,
13928,,910000,0,user_3,972,,
13929,,460000,0,user_4,972,,
13930,,530000,0,user_5,972,,
13931,,5000000,0,user_6,972,,
13932,,600000,0,user_7,972,,
13933,,120000,0,user_7,972,,
13934,,320000,0,user_8,972,,
13935,,1300000,0,user_8,972,,
13936,,2300000,0,user_8,972,,
13937,,2600000,11200,user_8,972,,
13938,,1200000,4320000,user_10,972,,
13939,,220000,84800,user_13,972,,
13940,,80000,0,user_14,972,,
13941,,370000,17000,user_14,972,,
13942,,120000,0,user_15,972,,
13943,,460000,0,user_16,972,,
13944,,2000000,0,user_18,972,,
13945,,1100000,0,user_19,972,,
13946,,1000000,0,user_22,972,,
13947,,260000,3130,user_22,972,,
13948,,650000,0,user_23,972,,
13949,,73000,256000,user_24,972,,
13950,,130000,0,user_24,972,,
13951,,4200000,0,user_24,972,,
13952,,110000,0,user_24,972,,
13953,,350000,15300,user_25,972,,
13954,,100000,0,user_26,972,,
13955,,1000000,0,user_26,972,,
13956,,420000,0,user_28,972,,
13957,,170000,36800,user_29,972,,
13958,,27000000,0,user_30,972,,
13959,,77000,0,user_31,972,,
13960,,1000000,0,user_33,972,,
13961,,5000000,30200,user_34,972,,
13962,,150000,0,user_35,972,,
13963,,530000,0,user_35,972,,
13964,,110000,0,user_36,972,,
13965,,120000,0,user_36,972,,
13966,,910000,33300,user_37,972,,
13967,,73000,0,user_37,972,,
13968,,2300000,21800,user_38,972,,
13969,,110000,73100,user_38,972,,
13970,,360000,0,user_38,972,,
13971,,240000,0,user_38,972,,
13972,,110000,13900,user_39,972,,
13973,,220000,0,user_39,972,,
13974,,6100000,0,user_40,972,,
13975,,4500000,0,user_41,972,,
13976,,870000,0,user_43,972,,
13977,,160000,0,user_43,972,,
13978,,6300000,0,user_43,972,,
13979,,150000,35600,user_46,972,,
13980,,1800000,34700,user_48,972,,
13981,,150000,35600,user_49,972,,
13958,0,27000000,0,user_30,972,972,
13927,1,6300000,0,user_2,972,972,
13978,2,6300000,0,user_43,972,972,
13974,3,6100000,0,user_40,972,972,
14040,4,0,0,builder_4,972,972,13938
13938,5,1200000,4320000,user_10,972,972,
14041,6,0,0,builder_4,972,972,13961
13961,7,5000000,30200,user_34,972,972,
13931,8,5000000,0,user_6,972,972,
13975,9,4500000,0,user_41,972,972,
13951,10,4200000,0,user_24,972,972,
14042,11,0,0,builder_4,972,972,13937
13937,12,2600000,11200,user_8,972,972,
14043,13,0,0,builder_4,972,972,13968
13968,14,2300000,21800,user_38,972,972,
13936,15,2300000,0,user_8,972,972,
13944,16,2000000,0,user_18,972,972,
14044,17,0,0,builder_4,972,972,13980
13980,18,1800000,34700,user_48,972,972,
13926,19,1200000,283000,user_0,972,972,
14045,20,0,0,builder_4,972,972,13926
13935,21,1300000,0,user_8,972,972,
13945,22,1100000,0,user_19,972,972,
13946,23,1000000,0,user_22,972,972,
13955,24,1000000,0,user_26,972,972,
13960,25,1000000,0,user_33,972,972,
14046,26,0,0,builder_4,972,972,13966
13966,27,910000,33300,user_37,972,972,
13928,28,910000,0,user_3,972,972,
13976,29,870000,0,user_43,972,972,
13948,30,650000,0,user_23,972,972,
13963,31,530000,0,user_35,972,972,
13925,32,460000,0,user_0,972,972,
13929,33,460000,0,user_4,972,972,
13943,34,460000,0,user_16,972,972,
13956,35,420000,0,user_28,972,972,
14047,36,0,0,builder_4,972,972,13941
13941,37,370000,17000,user_14,972,972,
13953,38,350000,15300,user_25,972,972,
14048,39,0,0,builder_4,972,972,13953
13970,40,360000,0,user_38,972,972,
14049,41,0,0,builder_4,972,972,13949
13949,42,73000,256000,user_24,972,972,
13934,43,320000,0,user_8,972,972,
14050,44,0,0,builder_4,972,972,13939
13939,45,220000,84800,user_13,972,972,
13947,46,260000,3130,user_22,972,972,
14051,47,0,0,builder_4,972,972,13947
13971,48,240000,0,user_38,972,972,
13957,49,170000,36800,user_29,972,972,
14052,50,0,0,builder_4,972,972,13957
13979,51,150000,35600,user_46,972,972,
14053,52,0,0,builder_4,972,972,13979
14054,53,0,0,builder_4,972,972,13981
13981,54,150000,35600,user_49,972,972,
13969,55,110000,73100,user_38,972,972,
14055,56,0,0,builder_4,972,972,13969
13977,57,160000,0,user_43,972,972,
13962,58,150000,0,user_35,972,972,
13950,59,130000,0,user_24,972,972,
13965,60,120000,0,user_36,972,972,
13952,61,110000,0,user_24,972,972,
13964,62,110000,0,user_36,972,972,
13954,63,100000,0,user_26,972,972,
13940,64,80000,0,user_14,972,972,
13959,65,77000,0,user_31,972,972,
13967,66,73000,0,user_37,972,972,
14108,,4200000,0,user_0,973,,
14109,,1500000,0,user_0,973,,
14110,,470000,0,user_1,973,,
14111,,300000,0,user_1,973,,
14112,,970000,0,user_2,973,,
14113,,1700000,0,user_3,973,,
14114,,77000,15700,user_4,973,,
14115,,3500000,0,user_5,973,,
14116,,670000,155000,user_6,973,,
14117,,3500000,0,user_7,973,,
14118,,1300000,959000,user_7,973,,
14119,,87000,0,user_8,973,,
14120,,3500000,0,user_9,973,,
14121,,30000000,769000,user_11,973,,
14122,,3200000,0,user_15,973,,
14123,,150000,285000,user_16,973,,
14124,,73000,0,user_18,973,,
14125,,1300000,0,user_21,973,,
14126,,1400000,0,user_22,973,,
14127,,82000,0,user_23,973,,
14128,,1100000,3130,user_24,973,,
14129,,2100000,19700,user_26,973,,
14130,,73000,0,user_27,973,,
14131,,350000,0,user_30,973,,
14132,,150000,0,user_31,973,,
14133,,370000,73100,user_34,973,,
14134,,110000,0,user_36,973,,
14135,,1600000,0,user_36,973,,
14136,,1500000,195000,user_39,973,,
14137,,83000,5630,user_40,973,,
14138,,1700000,0,user_41,973,,
14139,,310000,0,user_42,973,,
14140,,83000,779000,user_42,973,,
14141,,160000,0,user_42,973,,
14142,,220000,15100,user_42,973,,
14143,,1100000,0,user_42,973,,
14144,,27000000,0,user_43,973,,
14145,,83000,0,user_44,973,,
14146,,1700000,0,user_44,973,,
14147,,82000,0,user_44,973,,
14148,,2300000,24700,user_44,973,,
14149,,5000000,60700,user_44,973,,
14150,,630000,0,user_45,973,,
14151,,2000000,0,user_46,973,,
14152,,1000000,0,user_47,973,,
14153,,1900000,0,user_49,973,,
14121,0,30000000,769000,user_11,973,973,
14144,1,27000000,0,user_43,973,973,
14149,2,5000000,60700,user_44,973,973,
14108,3,4200000,0,user_0,973,973,
14115,4,3500000,0,user_5,973,973,
14117,5,3500000,0,user_7,973,973,
14120,6,3500000,0,user_9,973,973,
14122,7,3200000,0,user_15,973,973,
14148,8,2300000,24700,user_44,973,973,
14151,9,2000000,0,user_46,973,973,
14153,10,1900000,0,user_49,973,973,
14113,11,1700000,0,user_3,973,973,
14138,12,1700000,0,user_41,973,973,
14146,13,1700000,0,user_44,973,973,
14135,14,1600000,0,user_36,973,973,
14109,15,1500000,0,user_0,973,973,
14126,16,1400000,0,user_22,973,973,
14118,17,1300000,959000,user_7,973,973,
14125,18,1300000,0,user_21,973,973,
14128,19,1100000,3130,user_24,973,973,
14143,20,1100000,0,user_42,973,973,
14152,21,1000000,0,user_47,973,973,
14112,22,970000,0,user_2,973,973,
14116,23,670000,155000,user_6,973,973,
14150,24,630000,0,user_45,973,973,
14133,25,370000,73100,user_34,973,973,
14131,26,350000,0,user_30,973,973,
14139,27,310000,0,user_42,973,973,
14142,28,220000,15100,user_42,973,973,
14141,29,160000,0,user_42,973,973,
14123,30,150000,285000,user_16,973,973,
14132,31,150000,0,user_31,973,973,
14134,32,110000,0,user_36,973,973,
14119,33,87000,0,user_8,973,973,
14137,34,83000,5630,user_40,973,973,
14140,35,83000,779000,user_42,973,973,
14145,36,83000,0,user_44,973,973,
14127,37,82000,0,user_23,973,973,
14147,38,82000,0,user_44,973,973,
14124,39,73000,0,user_18,973,973,
14130,40,73000,0,user_27,973,973,
14246,,630000,7840,user_0,974,,
14247,,150000,108000,user_1,974,,
14248,,160000,66100,user_3,974,,
14249,,220000,0,user_5,974,,
14250,,1000000,0,user_6,974,,
14251,,2100000,0,user_6,974,,
14252,,260000,67500,user_8,974,,
14253,,120000,31700,user_9,974,,
14254,,3600000,23500,user_10,974,,
14255,,1200000,0,user_11,974,,
14256,,260000,128000,user_11,974,,
14257,,120000,0,user_11,974,,
14258,,5000000,0,user_11,974,,
14259,,27000000,0,user_11,974,,
14260,,130000,0,user_12,974,,
14261,,240000,0,user_12,974,,
14262,,320000,0,user_14,974,,
14263,,1500000,0,user_19,974,,
14264,,1500000,12800,user_20,974,,
14265,,1300000,3130,user_21,974,,
14266,,83000,0,user_22,974,,
14267,,310000,0,user_23,974,,
14268,,120000,0,user_25,974,,
14269,,260000,64600,user_27,974,,
14270,,110000,33300,user_27,974,,
14271,,350000,322000,user_28,974,,
14272,,370000,12300,user_28,974,,
14273,,6100000,0,user_29,974,,
14274,,100000,0,user_29,974,,
14275,,2100000,0,user_30,974,,
14276,,150000,0,user_33,974,,
14277,,120000,0,user_34,974,,
14278,,1800000,43600,user_34,974,,
14279,,1400000,0,user_35,974,,
14280,,2000000,0,user_36,974,,
14281,,1900000,0,user_37,974,,
14282,,340000,0,user_39,974,,
14283,,1100000,164000,user_39,974,,
14284,,1500000,0,user_40,974,,
14285,,1000000,0,user_40,974,,
14286,,970000,0,user_40,974,,
14287,,73000,10700,user_40,974,,
14288,,2000000,0,user_41,974,,
14289,,84000,0,user_42,974,,
14290,,160000,0,user_42,974,,
14291,,1200000,0,user_42,974,,
14292,,110000,0,user_43,974,,
14293,,85000,0,user_44,974,,
14294,,970000,0,user_47,974,,
14295,,27000000,0,user_47,974,,
14296,,150000,0,user_48,974,,
14297,,6100000,0,user_48,974,,
14298,,100000,0,user_49,974,,
14299,,260000,35600,user_49,974,,
14259,0,27000000,0,user_11,974,974,
14295,1,27000000,0,user_47,974,974,
14273,2,6100000,0,user_29,974,974,
14297,3,6100000,0,user_48,974,974,
14258,4,5000000,0,user_11,974,974,
14254,5,3600000,23500,user_10,974,974,
14300,6,0,0,builder_0,974,974,14254
14251,7,2100000,0,user_6,974,974,
14275,8,2100000,0,user_30,974,974,
14280,9,2000000,0,user_36,974,974,
14288,10,2000000,0,user_41,974,974,
14281,11,1900000,0,user_37,974,974,
14301,12,0,0,builder_0,974,974,14264
14264,13,1500000,12800,user_20,974,974,
14263,14,1500000,0,user_19,974,974,
14284,15,1500000,0,user_40,974,974,
14279,16,1400000,0,user_35,974,974,
14302,17,0,0,builder_0,974,974,14265
14265,18,1300000,3130,user_21,974,974,
14255,19,1200000,0,user_11,974,974,
14291,20,1200000,0,user_42,974,974,
14250,21,1000000,0,user_6,974,974,
14285,22,1000000,0,user_40,974,974,
14286,23,970000,0,user_40,974,974,
14294,24,970000,0,user_47,974,974,
14271,25,350000,322000,user_28,974,974,
14303,26,0,0,builder_0,974,974,14271
14304,27,0,0,builder_0,974,974,14246
14246,28,630000,7840,user_0,974,974,
14256,29,260000,128000,user_11,974,974,
14305,30,0,0,builder_0,974,974,14256
14306,31,0,0,builder_0,974,974,14272
14272,32,370000,12300,user_28,974,974,
14252,33,260000,67500,user_8,974,974,
14307,34,0,0,builder_0,974,974,14252
14269,35,260000,64600,user_27,974,974,
14308,36,0,0,builder_0,974,974,14269
14262,37,320000,0,user_14,974,974,
14267,38,310000,0,user_23,974,974,
14309,39,0,0,builder_0,974,974,14299
14299,40,260000,35600,user_49,974,974,
14247,41,150000,108000,user_1,974,974,
14310,42,0,0,builder_0,974,974,14247
14311,43,0,0,builder_0,974,974,14248
14248,44,160000,66100,user_3,974,974,
14290,45,160000,0,user_42,974,974,
14312,46,0,0,builder_0,974,974,14253
14253,47,120000,31700,user_9,974,974,
14276,48,150000,0,user_33,974,974,
14296,49,150000,0,user_48,974,974,
14270,50,110000,33300,user_27,974,974,
14313,51,0,0,builder_0,974,974,14270
14257,52,120000,0,user_11,974,974,
14268,53,120000,0,user_25,974,974,
14292,54,110000,0,user_43,974,974,
14274,55,100000,0,user_29,974,974,
14298,56,100000,0,user_49,974,974,
14293,57,85000,0,user_44,974,974,
14289,58,84000,0,user_42,974,974,
14287,59,73000,10700,user_40,974,974,
14314,60,0,0,builder_0,974,974,14287
14266,61,83000,0,user_22,974,974,
14423,,630000,5630,user_0,975,,
14424,,130000,0,user_1,975,,
14425,,170000,31700,user_2,975,,
14426,,310000,0,user_5,975,,
14427,,82000,0,user_5,975,,
14428,,260000,21800,user_6,975,,
14429,,660000,0,user_7,975,,
14430,,420000,0,user_8,975,,
14431,,84000,0,user_8,975,,
14432,,73000,0,user_9,975,,
14433,,1700000,0,user_9,975,,
14434,,3200000,0,user_11,975,,
14435,,110000,0,user_13,975,,
14436,,150000,0,user_13,975,,
14437,,1000000,0,user_14,975,,
14438,,27000000,161000,user_15,975,,
14439,,650000,0,user_16,975,,
14440,,120000,0,user_17,975,,
14441,,630000,0,user_19,975,,
14442,,83000,0,user_20,975,,
14443,,77000,0,user_21,975,,
14444,,83000,0,user_21,975,,
14445,,150000,0,user_25,975,,
14446,,350000,13900,user_26,975,,
14447,,150000,64600,user_26,975,,
14448,,320000,19700,user_27,975,,
14449,,360000,0,user_28,975,,
14450,,190000,24700,user_29,975,,
14451,,2000000,0,user_30,975,,
14452,,310000,0,user_31,975,,
14453,,870000,0,user_32,975,,
14454,,100000,16400,user_33,975,,
14455,,120000,0,user_34,975,,
14456,,1100000,0,user_35,975,,
14457,,4200000,0,user_35,975,,
14458,,1400000,0,user_35,975,,
14459,,120000,0,user_35,975,,
14460,,650000,0,user_36,975,,
14461,,1100000,381000,user_37,975,,
14462,,110000,121000,user_37,975,,
14463,,5200000,0,user_38,975,,
14464,,6300000,0,user_42,975,,
14465,,420000,75000,user_43,975,,
14466,,1800000,0,user_44,975,,
14467,,43000000,13800,user_46,975,,
14468,,1600000,71800,user_47,975,,
14469,,2000000,10700,user_48,975,,
14470,,79000,0,user_48,975,,
14471,,19000000,0,user_49,975,,
14467,0,43000000,13800,user_46,975,975,
14438,1,27000000,161000,user_15,975,975,
14471,2,19000000,0,user_49,975,975,
14464,3,6300000,0,user_42,975,975,
14463,4,5200000,0,user_38,975,975,
14457,5,4200000,0,user_35,975,975,
14434,6,3200000,0,user_11,975,975,
14451,7,2000000,0,user_30,975,975,
14469,8,2000000,10700,user_48,975,975,
14466,9,1800000,0,user_44,975,975,
14433,10,1700000,0,user_9,975,975,
14468,11,1600000,71800,user_47,975,975,
14458,12,1400000,0,user_35,975,975,
14456,13,1100000,0,user_35,975,975,
14437,14,1000000,0,user_14,975,975,
14453,15,870000,0,user_32,975,975,
14429,16,660000,0,user_7,975,975,
14439,17,650000,0,user_16,975,975,
14460,18,650000,0,user_36,975,975,
14423,19,630000,5630,user_0,975,975,
14441,20,630000,0,user_19,975,975,
14430,21,420000,0,user_8,975,975,
14465,22,420000,75000,user_43,975,975,
14448,23,320000,19700,user_27,975,975,
14426,24,310000,0,user_5,975,975,
14452,25,310000,0,user_31,975,975,
14428,26,260000,21800,user_6,975,975,
14450,27,190000,24700,user_29,975,975,
14425,28,170000,31700,user_2,975,975,
14436,29,150000,0,user_13,975,975,
14445,30,150000,0,user_25,975,975,
14440,31,120000,0,user_17,975,975,
14455,32,120000,0,user_34,975,975,
14459,33,120000,0,user_35,975,975,
14435,34,110000,0,user_13,975,975,
14454,35,100000,16400,user_33,975,975,
14431,36,84000,0,user_8,975,975,
14442,37,83000,0,user_20,975,975,
14444,38,83000,0,user_21,975,975,
14427,39,82000,0,user_5,975,975,
14470,40,79000,0,user_48,975,975,
14443,41,77000,0,user_21,975,975,
14432,42,73000,0,user_9,975,975,
14578,,360000,0,user_0,976,,
14579,,80000,16400,user_1,976,,
14580,,110000,0,user_2,976,,
14581,,1000000,0,user_2,976,,
14582,,120000,15700,user_3,976,,
14583,,220000,0,user_4,976,,
14584,,110000,0,user_5,976,,
14585,,220000,32900,user_6,976,,
14586,,110000,0,user_6,976,,
14587,,110000,0,user_7,976,,
14588,,870000,0,user_8,976,,
14589,,220000,0,user_9,976,,
14590,,2600000,0,user_11,976,,
14591,,1000000,0,user_11,976,,
14592,,160000,0,user_12,976,,
14593,,2500000,0,user_12,976,,
14594,,73000,0,user_12,976,,
14595,,1700000,0,user_12,976,,
14596,,77000,0,user_12,976,,
14597,,2600000,24700,user_13,976,,
14598,,1900000,0,user_13,976,,
14599,,1500000,231000,user_14,976,,
14600,,350000,0,user_16,976,,
14601,,650000,0,user_18,976,,
14602,,350000,0,user_18,976,,
14603,,160000,0,user_20,976,,
14604,,1500000,0,user_21,976,,
14605,,160000,0,user_21,976,,
14606,,170000,0,user_21,976,,
14607,,30000000,0,user_22,976,,
14608,,320000,0,user_24,976,,
14609,,2000000,283000,user_24,976,,
14610,,1900000,0,user_25,976,,
14611,,870000,0,user_25,976,,
14612,,110000,0,user_28,976,,
14613,,79000,0,user_29,976,,
14614,,1500000,0,user_30,976,,
14615,,360000,0,user_31,976,,
14616,,43000000,0,user_32,976,,
14617,,2600000,231000,user_32,976,,
14618,,300000,71800,user_33,976,,
14619,,870000,0,user_33,976,,
14620,,2500000,0,user_34,976,,
14621,,370000,0,user_35,976,,
14622,,4500000,0,user_35,976,,
14623,,5200000,0,user_40,976,,
14624,,1300000,0,user_41,976,,
14625,,320000,959000,user_43,976,,
14626,,4500000,56200,user_44,976,,
14627,,360000,0,user_45,976,,
14628,,1600000,0,user_46,976,,
14629,,2300000,14200,user_47,976,,
14630,,4200000,19700,user_48,976,,
14631,,1100000,0,user_49,976,,
14616,0,43000000,0,user_32,976,976,
14607,1,30000000,0,user_22,976,976,
14623,2,5200000,0,user_40,976,976,
14669,3,0,0,builder_4,976,976,14626
14626,4,4500000,56200,user_44,976,976,
14622,5,4500000,0,user_35,976,976,
14630,6,4200000,19700,user_48,976,976,
14670,7,0,0,builder_4,976,976,14630
14617,8,2600000,231000,user_32,976,976,
14671,9,0,0,builder_4,976,976,14617
14597,10,2600000,24700,user_13,976,976,
14672,11,0,0,builder_4,976,976,14597
14590,12,2600000,0,user_11,976,976,
14593,13,2500000,0,user_12,976,976,
14620,14,2500000,0,user_34,976,976,
14673,15,0,0,builder_4,976,976,14609
14609,16,2000000,283000,user_24,976,976,
14598,17,1900000,0,user_13,976,976,
14610,18,1900000,0,user_25,976,976,
14599,19,1500000,231000,user_14,976,976,
14674,20,0,0,builder_4,976,976,14599
14595,21,1700000,0,user_12,976,976,
14628,22,1600000,0,user_46,976,976,
14604,23,1500000,0,user_21,976,976,
14614,24,1500000,0,user_30,976,976,
14624,25,1300000,0,user_41,976,976,
14675,26,0,0,builder_4,976,976,14625
14625,27,320000,959000,user_43,976,976,
14631,28,1100000,0,user_49,976,976,
14581,29,1000000,0,user_2,976,976,
14591,30,1000000,0,user_11,976,976,
14588,31,870000,0,user_8,976,976,
14611,32,870000,0,user_25,976,976,
14619,33,870000,0,user_33,976,976,
14601,34,650000,0,user_18,976,976,
14618,35,300000,71800,user_33,976,976,
14676,36,0,0,builder_4,976,976,14618
14621,37,370000,0,user_35,976,976,
14578,38,360000,0,user_0,976,976,
14615,39,360000,0,user_31,976,976,
14627,40,360000,0,user_45,976,976,
14600,41,350000,0,user_16,976,976,
14602,42,350000,0,user_18,976,976,
14608,43,320000,0,user_24,976,976,
14677,44,0,0,builder_4,976,976,14585
14585,45,220000,32900,user_6,976,976,
14583,46,220000,0,user_4,976,976,
14589,47,220000,0,user_9,976,976,
14606,48,170000,0,user_21,976,976,
14592,49,160000,0,user_12,976,976,
14603,50,160000,0,user_20,976,976,
14605,51,160000,0,user_21,976,976,
14678,52,0,0,builder_4,976,976,14582
14582,53,120000,15700,user_3,976,976,
14580,54,110000,0,user_2,976,976,
14586,55,110000,0,user_6,976,976,
14612,56,110000,0,user_28,976,976,
14579,57,80000,16400,user_1,976,976,
14679,58,0,0,builder_4,976,976,14579
14613,59,79000,0,user_29,976,976,
14596,60,77000,0,user_12,976,976,
14594,61,73000,0,user_12,976,976,
14714,,160000,0,user_1,977,,
14715,,130000,0,user_3,977,,
14716,,600000,0,user_5,977,,
14717,,970000,7190000,user_7,977,,
14718,,83000,0,user_9,977,,
14719,,3200000,0,user_10,977,,
14720,,4200000,128000,user_11,977,,
14721,,2400000,0,user_12,977,,
14722,,1400000,0,user_14,977,,
14723,,85000,0,user_16,977,,
14724,,530000,0,user_17,977,,
14725,,120000,0,user_18,977,,
14726,,170000,0,user_18,977,,
14727,,910000,17000,user_19,977,,
14728,,170000,369000,user_20,977,,
14729,,70000,0,user_20,977,,
14730,,1000000,0,user_21,977,,
14731,,160000,0,user_22,977,,
14732,,120000,0,user_23,977,,
14733,,120000,0,user_23,977,,
14734,,2400000,0,user_23,977,,
14735,,80000,0,user_23,977,,
14736,,100000,21800,user_23,977,,
14737,,240000,0,user_24,977,,
14738,,910000,0,user_25,977,,
14739,,1700000,139000,user_25,977,,
14740,,670000,0,user_26,977,,
14741,,1600000,0,user_27,977,,
14742,,79000,0,user_28,977,,
14743,,3600000,0,user_28,977,,
14744,,1300000,0,user_29,977,,
14745,,310000,0,user_31,977,,
14746,,82000,15700,user_31,977,,
14747,,310000,0,user_32,977,,
14748,,1900000,0,user_32,977,,
14749,,1000000,7190000,user_32,977,,
14750,,1400000,0,user_32,977,,
14751,,1600000,67500,user_32,977,,
14752,,220000,121000,user_33,977,,
14753,,87000,47700,user_36,977,,
14754,,170000,0,user_36,977,,
14755,,43000000,0,user_37,977,,
14756,,150000,0,user_38,977,,
14757,,100000,0,user_40,977,,
14758,,260000,0,user_41,977,,
14759,,1900000,0,user_41,977,,
14760,,2000000,256000,user_42,977,,
14761,,27000000,0,user_43,977,,
14762,,5200000,0,user_44,977,,
14763,,220000,0,user_45,977,,
14764,,310000,0,user_46,977,,
14765,,27000000,769000,user_47,977,,
14766,,420000,100000,user_48,977,,
14755,0,43000000,0,user_37,977,977,
14765,1,27000000,769000,user_47,977,977,
14767,2,0,0,builder_0,977,977,14765
14761,3,27000000,0,user_43,977,977,
14749,4,1000000,7190000,user_32,977,977,
14768,5,0,0,builder_0,977,977,14749
14769,6,0,0,builder_0,977,977,14717
14717,7,970000,7190000,user_7,977,977,
14762,8,5200000,0,user_44,977,977,
14720,9,4200000,128000,user_11,977,977,
14770,10,0,0,builder_0,977,977,14720
14743,11,3600000,0,user_28,977,977,
14719,12,3200000,0,user_10,977,977,
14734,13,2400000,0,user_23,977,977,
14760,14,2000000,256000,user_42,977,977,
14771,15,0,0,builder_0,977,977,14760
14748,16,1900000,0,user_32,977,977,
14759,17,1900000,0,user_41,977,977,
14772,18,0,0,builder_0,977,977,14739
14739,19,1700000,139000,user_25,977,977,
14773,20,0,0,builder_0,977,977,14751
14751,21,1600000,67500,user_32,977,977,
14741,22,1600000,0,user_27,977,977,
14722,23,1400000,0,user_14,977,977,
14750,24,1400000,0,user_32,977,977,
14744,25,1300000,0,user_29,977,977,
14730,26,1000000,0,user_21,977,977,
14727,27,910000,17000,user_19,977,977,
14774,28,0,0,builder_0,977,977,14727
14738,29,910000,0,user_25,977,977,
14740,30,670000,0,user_26,977,977,
14728,31,170000,369000,user_20,977,977,
14775,32,0,0,builder_0,977,977,14728
14724,33,530000,0,user_17,977,977,
14776,34,0,0,builder_0,977,977,14766
14766,35,420000,100000,user_48,977,977,
14752,36,220000,121000,user_33,977,977,
14777,37,0,0,builder_0,977,977,14752
14745,38,310000,0,user_31,977,977,
14747,39,310000,0,user_32,977,977,
14764,40,310000,0,user_46,977,977,
14758,41,260000,0,user_41,977,977,
14726,42,170000,0,user_18,977,977,
14754,43,170000,0,user_36,977,977,
14714,44,160000,0,user_1,977,977,
14731,45,160000,0,user_22,977,977,
14756,46,150000,0,user_38,977,977,
14778,47,0,0,builder_0,977,977,14753
14753,48,87000,47700,user_36,977,977,
14715,49,130000,0,user_3,977,977,
14736,50,100000,21800,user_23,977,977,
14779,51,0,0,builder_0,977,977,14736
14725,52,120000,0,user_18,977,977,
14732,53,120000,0,user_23,977,977,
14733,54,120000,0,user_23,977,977,
14757,55,100000,0,user_40,977,977,
14746,56,82000,15700,user_31,977,977,
14780,57,0,0,builder_0,977,977,14746
14723,58,85000,0,user_16,977,977,
14718,59,83000,0,user_9,977,977,
14735,60,80000,0,user_23,977,977,
14742,61,79000,0,user_28,977,977,
14729,62,70000,0,user_20,977,977,
14866,,190000,0,user_0,978,,
14867,,2400000,0,user_1,978,,
14868,,30000000,0,user_2,978,,
14869,,1500000,0,user_4,978,,
14870,,1500000,19700,user_4,978,,
14871,,82000,0,user_5,978,,
14872,,5200000,0,user_6,978,,
14873,,83000,15100,user_7,978,,
14874,,1000000,0,user_8,978,,
14875,,1500000,0,user_10,978,,
14876,,2000000,0,user_10,978,,
14877,,420000,0,user_12,978,,
14878,,160000,0,user_14,978,,
14879,,2300000,0,user_17,978,,
14880,,79000,0,user_19,978,,
14881,,220000,0,user_19,978,,
14882,,27000000,23500,user_21,978,,
14883,,2000000,0,user_23,978,,
14884,,30000000,12300,user_24,978,,
14885,,870000,0,user_25,978,,
14886,,1000000,0,user_27,978,,
14887,,2500000,0,user_29,978,,
14888,,2600000,0,user_29,978,,
14889,,350000,0,user_29,978,,
14890,,160000,34700,user_32,978,,
14891,,160000,0,user_35,978,,
14892,,460000,0,user_35,978,,
14893,,160000,0,user_35,978,,
14894,,120000,0,user_36,978,,
14895,,1200000,0,user_36,978,,
14896,,1600000,0,user_37,978,,
14897,,100000,0,user_37,978,,
14898,,70000,0,user_39,978,,
14899,,130000,0,user_40,978,,
14900,,77000,0,user_42,978,,
14901,,190000,0,user_42,978,,
14902,,170000,0,user_43,978,,
14903,,70000,0,user_44,978,,
14904,,83000,0,user_45,978,,
14905,,82000,0,user_46,978,,
14906,,360000,0,user_49,978,,
14920,0,0,0,builder_4,978,978,14884
14884,1,30000000,12300,user_24,978,978,
14868,2,30000000,0,user_2,978,978,
14921,3,0,0,builder_4,978,978,14882
14882,4,27000000,23500,user_21,978,978,
14872,5,5200000,0,user_6,978,978,
14888,6,2600000,0,user_29,978,978,
14887,7,2500000,0,user_29,978,978,
14867,8,2400000,0,user_1,978,978,
14879,9,2300000,0,user_17,978,978,
14876,10,2000000,0,user_10,978,978,
14883,11,2000000,0,user_23,978,978,
14896,12,1600000,0,user_37,978,978,
14870,13,1500000,19700,user_4,978,978,
14922,14,0,0,builder_4,978,978,14870
14869,15,1500000,0,user_4,978,978,
14875,16,1500000,0,user_10,978,978,
14895,17,1200000,0,user_36,978,978,
14874,18,1000000,0,user_8,978,978,
14886,19,1000000,0,user_27,978,978,
14885,20,870000,0,user_25,978,978,
14892,21,460000,0,user_35,978,978,
14877,22,420000,0,user_12,978,978,
14906,23,360000,0,user_49,978,978,
14889,24,350000,0,user_29,978,978,
14881,25,220000,0,user_19,978,978,
14923,26,0,0,builder_4,978,978,14890
14890,27,160000,34700,user_32,978,978,
14866,28,190000,0,user_0,978,978,
14901,29,190000,0,user_42,978,978,
14902,30,170000,0,user_43,978,978,
14878,31,160000,0,user_14,978,978,
14891,32,160000,0,user_35,978,978,
14893,33,160000,0,user_35,978,978,
14899,34,130000,0,user_40,978,978,
14894,35,120000,0,user_36,978,978,
14897,36,100000,0,user_37,978,978,
14904,37,83000,0,user_45,978,978,
14905,38,82000,0,user_46,978,978,
14880,39,79000,0,user_19,978,978,
14900,40,77000,0,user_42,978,978,
14903,41,70000,0,user_44,978,978,
14942,,160000,0,user_1,979,,
14943,,150000,30200,user_2,979,,
14944,,220000,0,user_4,979,,
14945,,910000,0,user_4,979,,
14946,,84000,215000,user_4,979,,
14947,,130000,0,user_4,979,,
14948,,660000,0,user_6,979,,
14949,,19000000,0,user_7,979,,
14950,,870000,0,user_8,979,,
14951,,77000,0,user_9,979,,
14952,,1400000,49100,user_10,979,,
14953,,5000000,296000,user_10,979,,
14954,,2600000,0,user_10,979,,
14955,,170000,0,user_10,979,,
14956,,87000,0,user_10,979,,
14957,,160000,0,user_11,979,,
14958,,30000000,0,user_11,979,,
14959,,2400000,0,user_11,979,,
14960,,320000,8520,user_11,979,,
14961,,85000,0,user_12,979,,
14962,,420000,32900,user_12,979,,
14963,,650000,7840,user_13,979,,
14964,,190000,369000,user_13,979,,
14965,,5200000,0,user_14,979,,
14966,,970000,0,user_15,979,,
14967,,1400000,0,user_17,979,,
14968,,1600000,0,user_17,979,,
14969,,1500000,31700,user_18,979,,
14970,,2100000,0,user_18,979,,
14971,,870000,0,user_19,979,,
14972,,6100000,0,user_21,979,,
14973,,310000,0,user_22,979,,
14974,,1200000,0,user_23,979,,
14975,,3500000,0,user_23,979,,
14976,,3200000,181000,user_23,979,,
14977,,220000,0,user_24,979,,
14978,,3600000,0,user_25,979,,
14979,,79000,0,user_26,979,,
14980,,3500000,17700000,user_27,979,,
14981,,170000,0,user_30,979,,
14982,,87000,71800,user_31,979,,
14983,,310000,0,user_32,979,,
14984,,660000,0,user_33,979,,
14985,,320000,0,user_33,979,,
14986,,170000,410000,user_35,979,,
14987,,2300000,0,user_36,979,,
14988,,98000,0,user_37,979,,
14989,,360000,0,user_37,979,,
14990,,77000,0,user_37,979,,
14991,,98000,0,user_37,979,,
14992,,1400000,32900,user_38,979,,
14993,,460000,0,user_38,979,,
14994,,6300000,0,user_41,979,,
14995,,910000,0,user_41,979,,
14996,,6300000,0,user_43,979,,
14997,,77000,0,user_45,979,,
14998,,1200000,0,user_45,979,,
14999,,1600000,0,user_46,979,,
15000,,310000,0,user_48,979,,
14958,0,30000000,0,user_11,979,979,
14949,1,19000000,0,user_7,979,979,
14994,2,6300000,0,user_41,979,979,
14996,3,6300000,0,user_43,979,979,
14972,4,6100000,0,user_21,979,979,
14965,5,5200000,0,user_14,979,979,
14953,6,5000000,296000,user_10,979,979,
14978,7,3600000,0,user_25,979,979,
14975,8,3500000,0,user_23,979,979,
14980,9,3500000,17700000,user_27,979,979,
14976,10,3200000,181000,user_23,979,979,
14954,11,2600000,0,user_10,979,979,
14959,12,2400000,0,user_11,979,979,
14987,13,2300000,0,user_36,979,979,
14970,14,2100000,0,user_18,979,979,
14968,15,1600000,0,user_17,979,979,
14999,16,1600000,0,user_46,979,979,
14969,17,1500000,31700,user_18,979,979,
14952,18,1400000,49100,user_10,979,979,
14967,19,1400000,0,user_17,979,979,
14992,20,1400000,32900,user_38,979,979,
14974,21,1200000,0,user_23,979,979,
14998,22,1200000,0,user_45,979,979,
14966,23,970000,0,user_15,979,979,
14995,24,910000,0,user_41,979,979,
14950,25,870000,0,user_8,979,979,
14971,26,870000,0,user_19,979,979,
14948,27,660000,0,user_6,979,979,
14984,28,660000,0,user_33,979,979,
14963,29,650000,7840,user_13,979,979,
14993,30,460000,0,user_38,979,979,
14960,31,320000,8520,user_11,979,979,
14985,32,320000,0,user_33,979,979,
14973,33,310000,0,user_22,979,979,
14983,34,310000,0,user_32,979,979,
15000,35,310000,0,user_48,979,979,
14977,36,220000,0,user_24,979,979,
14964,37,190000,369000,user_13,979,979,
14955,38,170000,0,user_10,979,979,
14981,39,170000,0,user_30,979,979,
14986,40,170000,410000,user_35,979,979,
14957,41,160000,0,user_11,979,979,
14943,42,150000,30200,user_2,979,979,
14956,43,87000,0,user_10,979,979,
14982,44,87000,71800,user_31,979,979,
14951,45,77000,0,user_9,979,979,
14997,46,77000,0,user_45,979,979,
15104,,1200000,0,user_1,980,,
15105,,220000,0,user_2,980,,
15106,,220000,0,user_4,980,,
15107,,150000,0,user_5,980,,
15108,,150000,68100,user_5,980,,
15109,,370000,0,user_7,980,,
15110,,1900000,0,user_7,980,,
15111,,3500000,66100,user_9,980,,
15112,,5000000,0,user_10,980,,
15113,,77000,256000,user_10,980,,
15114,,5200000,0,user_12,980,,
15115,,2300000,49100,user_12,980,,
15116,,170000,0,user_13,980,,
15117,,2100000,769000,user_13,980,,
15118,,220000,0,user_13,980,,
15119,,1600000,0,user_13,980,,
15120,,85000,71800,user_13,980,,
15121,,420000,0,user_14,980,,
15122,,80000,0,user_14,980,,
15123,,160000,0,user_15,980,,
15124,,5200000,0,user_16,980,,
15125,,310000,0,user_17,980,,
15126,,110000,0,user_18,980,,
15127,,3500000,0,user_18,980,,
15128,,79000,0,user_18,980,,
15129,,150000,0,user_18,980,,
15130,,310000,0,user_20,980,,
15131,,300000,0,user_20,980,,
15132,,310000,23500,user_21,980,,
15133,,1800000,0,user_21,980,,
15134,,1000000,0,user_22,980,,
15135,,300000,0,user_26,980,,
15136,,220000,0,user_26,980,,
15137,,110000,0,user_28,980,,
15138,,2000000,0,user_28,980,,
15139,,1100000,12800,user_30,980,,
15140,,6300000,0,user_31,980,,
15141,,120000,0,user_33,980,,
15142,,120000,17000,user_34,980,,
15143,,5000000,0,user_35,980,,
15144,,150000,0,user_35,980,,
15145,,2000000,0,user_36,980,,
15146,,6100000,0,user_37,980,,
15147,,150000,0,user_37,980,,
15148,,170000,0,user_38,980,,
15149,,870000,0,user_40,980,,
15150,,110000,0,user_40,980,,
15151,,220000,0,user_41,980,,
15152,,82000,0,user_41,980,,
15153,,4500000,0,user_43,980,,
15154,,630000,0,user_43,980,,
15155,,1000000,0,user_44,980,,
15156,,220000,0,user_45,980,,
15157,,660000,0,user_45,980,,
15158,,370000,0,user_46,980,,
15159,,3500000,64600,user_46,980,,
15160,,1100000,0,user_46,980,,
15161,,84000,0,user_46,980,,
15162,,120000,5180,user_46,980,,
15163,,1500000,0,user_48,980,,
15164,,190000,0,user_49,980,,
15140,0,6300000,0,user_31,980,980,
15146,1,6100000,0,user_37,980,980,
15114,2,5200000,0,user_12,980,980,
15124,3,5200000,0,user_16,980,980,
15112,4,5000000,0,user_10,980,980,
15143,5,5000000,0,user_35,980,980,
15153,6,4500000,0,user_43,980,980,
15111,7,3500000,66100,user_9,980,980,
15200,8,0,0,builder_4,980,980,15111
15201,9,0,0,builder_4,980,980,15159
15159,10,3500000,64600,user_46,980,980,
15127,11,3500000,0,user_18,980,980,
15202,12,0,0,builder_4,980,980,15117
15117,13,2100000,769000,user_13,980,980,
15203,14,0,0,builder_4,980,980,15115
15115,15,2300000,49100,user_12,980,980,
15138,16,2000000,0,user_28,980,980,
15145,17,2000000,0,user_36,980,980,
15133,18,1800000,0,user_21,980,980,
15119,19,1600000,0,user_13,980,980,
15163,20,1500000,0,user_48,980,980,
15104,21,1200000,0,user_1,980,980,
15139,22,1100000,12800,user_30,980,980,
15204,23,0,0,builder_4,980,980,15139
15160,24,1100000,0,user_46,980,980,
15134,25,1000000,0,user_22,980,980,
15155,26,1000000,0,user_44,980,980,
15149,27,870000,0,user_40,980,980,
15157,28,660000,0,user_45,980,980,
15154,29,630000,0,user_43,980,980,
15121,30,420000,0,user_14,980,980,
15158,31,370000,0,user_46,980,980,
15132,32,310000,23500,user_21,980,980,
15205,33,0,0,builder_4,980,980,15132
15113,34,77000,256000,user_10,980,980,
15206,35,0,0,builder_4,980,980,15113
15125,36,310000,0,user_17,980,980,
15130,37,310000,0,user_20,980,980,
15131,38,300000,0,user_20,980,980,
15135,39,300000,0,user_26,980,980,
15105,40,220000,0,user_2,980,980,
15106,41,220000,0,user_4,980,980,
15118,42,220000,0,user_13,980,980,
15136,43,220000,0,user_26,980,980,
15151,44,220000,0,user_41,980,980,
15156,45,220000,0,user_45,980,980,
15164,46,190000,0,user_49,980,980,
15116,47,170000,0,user_13,980,980,
15148,48,170000,0,user_38,980,980,
15120,49,85000,71800,user_13,980,980,
15207,50,0,0,builder_4,980,980,15120
15129,51,150000,0,user_18,980,980,
15144,52,150000,0,user_35,980,980,
15147,53,150000,0,user_37,980,980,
15142,54,120000,17000,user_34,980,980,
15208,55,0,0,builder_4,980,980,15142
15162,56,120000,5180,user_46,980,980,
15209,57,0,0,builder_4,980,980,15162
15141,58,120000,0,user_33,980,980,
15126,59,110000,0,user_18,980,980,
15137,60,110000,0,user_28,980,980,
15150,61,110000,0,user_40,980,980,
15161,62,84000,0,user_46,980,980,
15152,63,82000,0,user_41,980,980,
15122,64,80000,0,user_14,980,980,
15128,65,79000,0,user_18,980,980,
15238,,1100000,0,user_0,981,,
15239,,110000,146000,user_2,981,,
15240,,150000,42000,user_3,981,,
15241,,460000,0,user_4,981,,
15242,,870000,46500,user_7,981,,
15243,,1900000,4320000,user_8,981,,
15244,,130000,0,user_9,981,,
15245,,110000,0,user_10,981,,
15246,,630000,0,user_14,981,,
15247,,87000,0,user_16,981,,
15248,,5200000,0,user_17,981,,
15249,,5200000,161000,user_19,981,,
15250,,460000,0,user_19,981,,
15251,,1500000,0,user_20,981,,
15252,,160000,0,user_20,981,,
15253,,460000,0,user_21,981,,
15254,,5200000,0,user_21,981,,
15255,,98000,0,user_21,981,,
15256,,1500000,0,user_21,981,,
15257,,300000,510000,user_22,981,,
15258,,170000,0,user_23,981,,
15259,,84000,16400,user_24,981,,
15260,,870000,0,user_24,981,,
15261,,27000000,0,user_26,981,,
15262,,2100000,11200,user_26,981,,
15263,,650000,0,user_27,981,,
15264,,220000,21800,user_27,981,,
15265,,120000,283000,user_28,981,,
15266,,19000000,5630,user_30,981,,
15267,,1500000,0,user_30,981,,
15268,,80000,0,user_30,981,,
15269,,83000,0,user_32,981,,
15270,,120000,0,user_33,981,,
15271,,1700000,0,user_35,981,,
15272,,5200000,7840,user_35,981,,
15273,,1400000,0,user_36,981,,
15274,,120000,0,user_37,981,,
15275,,77000,0,user_38,981,,
15276,,130000,5630,user_39,981,,
15277,,660000,0,user_40,981,,
15278,,1000000,0,user_41,981,,
15279,,110000,0,user_42,981,,
15280,,27000000,0,user_43,981,,
15281,,150000,0,user_43,981,,
15282,,6100000,0,user_43,981,,
15283,,150000,0,user_43,981,,
15284,,1600000,0,user_44,981,,
15285,,160000,0,user_45,981,,
15286,,5000000,0,user_46,981,,
15287,,420000,0,user_46,981,,
15288,,110000,0,user_46,981,,
15289,,110000,0,user_46,981,,
15290,,120000,0,user_46,981,,
15291,,2400000,0,user_47,981,,
15261,0,27000000,0,user_26,981,981,
15280,1,27000000,0,user_43,981,981,
15292,2,0,0,builder_0,981,981,15266
15266,3,19000000,5630,user_30,981,981,
15293,4,0,0,builder_0,981,981,15243
15243,5,1900000,4320000,user_8,981,981,
15282,6,6100000,0,user_43,981,981,
15294,7,0,0,builder_0,981,981,15249
15249,8,5200000,161000,user_19,981,981,
15295,9,0,0,builder_0,981,981,15272
15272,10,5200000,7840,user_35,981,981,
15248,11,5200000,0,user_17,981,981,
15254,12,5200000,0,user_21,981,981,
15286,13,5000000,0,user_46,981,981,
15291,14,2400000,0,user_47,981,981,
15262,15,2100000,11200,user_26,981,981,
15296,16,0,0,builder_0,981,981,15262
15271,17,1700000,0,user_35,981,981,
15284,18,1600000,0,user_44,981,981,
15251,19,1500000,0,user_20,981,981,
15256,20,1500000,0,user_21,981,981,
15267,21,1500000,0,user_30,981,981,
15273,22,1400000,0,user_36,981,981,
15238,23,1100000,0,user_0,981,981,
15278,24,1000000,0,user_41,981,981,
15297,25,0,0,builder_0,981,981,15242
15242,26,870000,46500,user_7,981,981,
15257,27,300000,510000,user_22,981,981,
15298,28,0,0,builder_0,981,981,15257
15277,29,660000,0,user_40,981,981,
15263,30,650000,0,user_27,981,981,
15246,31,630000,0,user_14,981,981,
15250,32,460000,0,user_19,981,981,
15253,33,460000,0,user_21,981,981,
15287,34,420000,0,user_46,981,981,
15265,35,120000,283000,user_28,981,981,
15299,36,0,0,builder_0,981,981,15265
15239,37,110000,146000,user_2,981,981,
15300,38,0,0,builder_0,981,981,15239
15264,39,220000,21800,user_27,981,981,
15301,40,0,0,builder_0,981,981,15264
15240,41,150000,42000,user_3,981,981,
15302,42,0,0,builder_0,981,981,15240
15258,43,170000,0,user_23,981,981,
15252,44,160000,0,user_20,981,981,
15281,45,150000,0,user_43,981,981,
15283,46,150000,0,user_43,981,981,
15244,47,130000,0,user_9,981,981,
15270,48,120000,0,user_33,981,981,
15274,49,120000,0,user_37,981,981,
15290,50,120000,0,user_46,981,981,
15245,51,110000,0,user_10,981,981,
15279,52,110000,0,user_42,981,981,
15288,53,110000,0,user_46,981,981,
15289,54,110000,0,user_46,981,981,
15255,55,98000,0,user_21,981,981,
15247,56,87000,0,user_16,981,981,
15269,57,83000,0,user_32,981,981,
15268,58,80000,0,user_30,981,981,
15275,59,77000,0,user_38,981,981,
15382,,120000,17700000,user_0,982,,
15383,,98000,0,user_2,982,,
15384,,43000000,0,user_3,982,,
15385,,1000000,0,user_4,982,,
15386,,1600000,0,user_5,982,,
15387,,1000000,0,user_5,982,,
15388,,19000000,0,user_5,982,,
15389,,120000,0,user_5,982,,
15390,,83000,0,user_6,982,,
15391,,6100000,0,user_7,982,,
15392,,460000,0,user_8,982,,
15393,,2000000,0,user_9,982,,
15394,,2000000,0,user_10,982,,
15395,,1200000,46500,user_11,982,,
15396,,160000,0,user_11,982,,
15397,,30000000,0,user_12,982,,
15398,,320000,0,user_12,982,,
15399,,1000000,0,user_13,982,,
15400,,1300000,0,user_13,982,,
15401,,240000,0,user_14,982,,
15402,,1000000,33100,user_15,982,,
15403,,2400000,0,user_15,982,,
15404,,70000,0,user_16,982,,
15405,,19000000,0,user_16,982,,
15406,,600000,0,user_17,982,,
15407,,3500000,0,user_18,982,,
15408,,530000,0,user_19,982,,
15409,,170000,0,user_20,982,,
15410,,170000,73100,user_21,982,,
15411,,27000000,0,user_22,982,,
15412,,1100000,0,user_23,982,,
15413,,150000,0,user_25,982,,
15414,,79000,0,user_27,982,,
15415,,360000,36800,user_29,982,,
15416,,5200000,0,user_30,982,,
15417,,1100000,0,user_30,982,,
15418,,150000,296000,user_31,982,,
15419,,1100000,0,user_32,982,,
15420,,150000,0,user_33,982,,
15421,,300000,4320000,user_33,982,,
15422,,110000,0,user_33,982,,
15423,,320000,0,user_34,982,,
15424,,120000,0,user_35,982,,
15425,,2300000,12300,user_35,982,,
15426,,630000,0,user_40,982,,
15427,,350000,0,user_41,982,,
15428,,1500000,3130,user_42,982,,
15429,,220000,68100,user_44,982,,
15430,,310000,959000,user_44,982,,
15431,,1500000,0,user_44,982,,
15432,,150000,0,user_44,982,,
15433,,360000,0,user_44,982,,
15434,,85000,0,user_45,982,,
15435,,370000,0,user_46,982,,
15384,0,43000000,0,user_3,982,982,
15397,1,30000000,0,user_12,982,982,
15411,2,27000000,0,user_22,982,982,
15388,3,19000000,0,user_5,982,982,
15405,4,19000000,0,user_16,982,982,
15391,5,6100000,0,user_7,982,982,
15416,6,5200000,0,user_30,982,982,
15407,7,3500000,0,user_18,982,982,
15403,8,2400000,0,user_15,982,982,
15425,9,2300000,12300,user_35,982,982,
15394,10,2000000,0,user_10,982,982,
15386,11,1600000,0,user_5,982,982,
15428,12,1500000,3130,user_42,982,982,
15431,13,1500000,0,user_44,982,982,
15400,14,1300000,0,user_13,982,982,
15395,15,1200000,46500,user_11,982,982,
15412,16,1100000,0,user_23,982,982,
15417,17,1100000,0,user_30,982,982,
15385,18,1000000,0,user_4,982,982,
15387,19,1000000,0,user_5,982,982,
15399,20,1000000,0,user_13,982,982,
15402,21,1000000,33100,user_15,982,982,
15426,22,630000,0,user_40,982,982,
15406,23,600000,0,user_17,982,982,
15392,24,460000,0,user_8,982,982,
15435,25,370000,0,user_46,982,982,
15415,26,360000,36800,user_29,982,982,
15433,27,360000,0,user_44,982,982,
15427,28,350000,0,user_41,982,982,
15398,29,320000,0,user_12,982,982,
15423,30,320000,0,user_34,982,982,
15430,31,310000,959000,user_44,982,982,
15421,32,300000,4320000,user_33,982,982,
15429,33,220000,68100,user_44,982,982,
15409,34,170000,0,user_20,982,982,
15410,35,170000,73100,user_21,982,982,
15396,36,160000,0,user_11,982,982,
15413,37,150000,0,user_25,982,982,
15418,38,150000,296000,user_31,982,982,
15420,39,150000,0,user_33,982,982,
15432,40,150000,0,user_44,982,982,
15382,41,120000,17700000,user_0,982,982,
15389,42,120000,0,user_5,982,982,
15424,43,120000,0,user_35,982,982,
15422,44,110000,0,user_33,982,982,
15383,45,98000,0,user_2,982,982,
15434,46,85000,0,user_45,982,982,
15390,47,83000,0,user_6,982,982,
15414,48,79000,0,user_27,982,982,
15404,49,70000,0,user_16,982,982,
15515,,80000,0,user_0,983,,
15516,,2000000,0,user_1,983,,
15517,,2600000,0,user_2,983,,
15518,,160000,0,user_5,983,,
15519,,360000,0,user_5,983,,
15520,,1500000,0,user_6,983,,
15521,,1100000,0,user_6,983,,
15522,,170000,0,user_8,983,,
15523,,82000,0,user_8,983,,
15524,,2000000,0,user_8,983,,
15525,,3500000,0,user_8,983,,
15526,,870000,0,user_8,983,,
15527,,1500000,0,user_9,983,,
15528,,120000,0,user_10,983,,
15529,,2500000,0,user_11,983,,
15530,,110000,0,user_11,983,,
15531,,1600000,0,user_12,983,,
15532,,2000000,0,user_14,983,,
15533,,110000,0,user_15,983,,
15534,,2500000,0,user_15,983,,
15535,,1600000,0,user_16,983,,
15536,,220000,0,user_17,983,,
15537,,70000,43600,user_18,983,,
15538,,170000,0,user_19,983,,
15539,,1100000,0,user_19,983,,
15540,,660000,0,user_19,983,,
15541,,73000,0,user_19,983,,
15542,,82000,0,user_19,983,,
15543,,110000,0,user_20,983,,
15544,,1000000,0,user_20,983,,
15545,,43000000,0,user_21,983,,
15546,,220000,0,user_24,983,,
15547,,460000,0,user_26,983,,
15548,,130000,0,user_29,983,,
15549,,220000,1100000,user_30,983,,
15550,,30000000,0,user_31,983,,
15551,,150000,0,user_31,983,,
15552,,87000,0,user_32,983,,
15553,,73000,0,user_33,983,,
15554,,1000000,0,user_34,983,,
15555,,120000,215000,user_35,983,,
15556,,110000,0,user_35,983,,
15557,,83000,84800,user_36,983,,
15558,,660000,0,user_38,983,,
15559,,160000,0,user_39,983,,
15560,,370000,195000,user_39,983,,
15561,,220000,0,user_39,983,,
15562,,630000,0,user_39,983,,
15563,,460000,181000,user_40,983,,
15564,,2100000,215000,user_40,983,,
15565,,870000,0,user_42,983,,
15566,,340000,0,user_43,983,,
15567,,660000,0,user_44,983,,
15568,,98000,0,user_44,983,,
15569,,1900000,959000,user_45,983,,
15570,,120000,0,user_45,983,,
15571,,220000,0,user_46,983,,
15572,,110000,0,user_47,983,,
15573,,1400000,231000,user_48,983,,
15574,,2000000,16400,user_49,983,,
15545,0,43000000,0,user_21,983,983,
15550,1,30000000,0,user_31,983,983,
15525,2,3500000,0,user_8,983,983,
15517,3,2600000,0,user_2,983,983,
15529,4,2500000,0,user_11,983,983,
15534,5,2500000,0,user_15,983,983,
15564,6,2100000,215000,user_40,983,983,
15516,7,2000000,0,user_1,983,983,
15524,8,2000000,0,user_8,983,983,
15532,9,2000000,0,user_14,983,983,
15574,10,2000000,16400,user_49,983,983,
15569,11,1900000,959000,user_45,983,983,
15531,12,1600000,0,user_12,983,983,
15535,13,1600000,0,user_16,983,983,
15520,14,1500000,0,user_6,983,983,
15521,15,1100000,0,user_6,983,983,
15539,16,1100000,0,user_19,983,983,
15544,17,1000000,0,user_20,983,983,
15554,18,1000000,0,user_34,983,983,
15526,19,870000,0,user_8,983,983,
15565,20,870000,0,user_42,983,983,
15540,21,660000,0,user_19,983,983,
15567,22,660000,0,user_44,983,983,
15562,23,630000,0,user_39,983,983,
15547,24,460000,0,user_26,983,983,
15563,25,460000,181000,user_40,983,983,
15560,26,370000,195000,user_39,983,983,
15566,27,340000,0,user_43,983,983,
15536,28,220000,0,user_17,983,983,
15546,29,220000,0,user_24,983,983,
15549,30,220000,1100000,user_30,983,983,
15561,31,220000,0,user_39,983,983,
15571,32,220000,0,user_46,983,983,
15522,33,170000,0,user_8,983,983,
15538,34,170000,0,user_19,983,983,
15559,35,160000,0,user_39,983,983,
15551,36,150000,0,user_31,983,983,
15548,37,130000,0,user_29,983,983,
15555,38,120000,215000,user_35,983,983,
15570,39,120000,0,user_45,983,983,
15530,40,110000,0,user_11,983,983,
15533,41,110000,0,user_15,983,983,
15543,42,110000,0,user_20,983,983,
15556,43,110000,0,user_35,983,983,
15572,44,110000,0,user_47,983,983,
15568,45,98000,0,user_44,983,983,
15552,46,87000,0,user_32,983,983,
15523,47,82000,0,user_8,983,983,
15542,48,82000,0,user_19,983,983,
15515,49,80000,0,user_0,983,983,
15541,50,73000,0,user_19,983,983,
15553,51,73000,0,user_33,983,983,
15537,52,70000,43600,user_18,983,983,
15649,,130000,0,user_0,984,,
15650,,970000,0,user_1,984,,
15651,,2400000,0,user_2,984,,
15652,,320000,6390,user_3,984,,
15653,,110000,0,user_4,984,,
15654,,650000,0,user_5,984,,
15655,,1100000,0,user_6,984,,
15656,,110000,0,user_6,984,,
15657,,85000,0,user_7,984,,
15658,,220000,0,user_8,984,,
15659,,460000,0,user_9,984,,
15660,,27000000,0,user_10,984,,
15661,,150000,0,user_12,984,,
15662,,1500000,21800,user_13,984,,
15663,,670000,0,user_13,984,,
15664,,1300000,369000,user_13,984,,
15665,,670000,0,user_13,984,,
15666,,73000,0,user_14,984,,
15667,,170000,0,user_14,984,,
15668,,1900000,0,user_15,984,,
15669,,170000,0,user_16,984,,
15670,,2000000,46500,user_17,984,,
15671,,87000,35100,user_17,984,,
15672,,2500000,0,user_18,984,,
15673,,150000,0,user_19,984,,
15674,,73000,0,user_20,984,,
15675,,83000,0,user_22,984,,
15676,,83000,0,user_23,984,,
15677,,150000,0,user_25,984,,
15678,,1500000,0,user_26,984,,
15679,,2000000,0,user_27,984,,
15680,,150000,0,user_27,984,,
15681,,30000000,0,user_27,984,,
15682,,2000000,0,user_27,984,,
15683,,1500000,75000,user_28,984,,
15684,,350000,0,user_30,984,,
15685,,160000,0,user_31,984,,
15686,,970000,0,user_31,984,,
15687,,83000,0,user_32,984,,
15688,,5200000,0,user_34,984,,
15689,,910000,0,user_35,984,,
15690,,150000,0,user_37,984,,
15691,,970000,0,user_39,984,,
15692,,1800000,0,user_39,984,,
15693,,6300000,64600,user_39,984,,
15694,,420000,0,user_40,984,,
15695,,260000,17700000,user_41,984,,
15696,,130000,0,user_42,984,,
15697,,3500000,0,user_42,984,,
15698,,1500000,1100000,user_45,984,,
15699,,1000000,0,user_45,984,,
15700,,82000,67900,user_45,984,,
15701,,4200000,0,user_45,984,,
15702,,19000000,0,user_45,984,,
15703,,170000,0,user_46,984,,
15704,,320000,0,user_47,984,,
15705,,260000,0,user_47,984,,
15681,0,30000000,0,user_27,984,984,
15660,1,27000000,0,user_10,984,984,
15702,2,19000000,0,user_45,984,984,
15693,3,6300000,64600,user_39,984,984,
15688,4,5200000,0,user_34,984,984,
15701,5,4200000,0,user_45,984,984,
15697,6,3500000,0,user_42,984,984,
15672,7,2500000,0,user_18,984,984,
15651,8,2400000,0,user_2,984,984,
15670,9,2000000,46500,user_17,984,984,
15679,10,2000000,0,user_27,984,984,
15682,11,2000000,0,user_27,984,984,
15668,12,1900000,0,user_15,984,984,
15692,13,1800000,0,user_39,984,984,
15662,14,1500000,21800,user_13,984,984,
15678,15,1500000,0,user_26,984,984,
15683,16,1500000,75000,user_28,984,984,
15698,17,1500000,1100000,user_45,984,984,
15664,18,1300000,369000,user_13,984,984,
15655,19,1100000,0,user_6,984,984,
15699,20,1000000,0,user_45,984,984,
15650,21,970000,0,user_1,984,984,
15686,22,970000,0,user_31,984,984,
15691,23,970000,0,user_39,984,984,
15663,24,670000,0,user_13,984,984,
15665,25,670000,0,user_13,984,984,
15659,26,460000,0,user_9,984,984,
15694,27,420000,0,user_40,984,984,
15684,28,350000,0,user_30,984,984,
15704,29,320000,0,user_47,984,984,
15695,30,260000,17700000,user_41,984,984,
15705,31,260000,0,user_47,984,984,
15658,32,220000,0,user_8,984,984,
15667,33,170000,0,user_14,984,984,
15669,34,170000,0,user_16,984,984,
15703,35,170000,0,user_46,984,984,
15685,36,160000,0,user_31,984,984,
15661,37,150000,0,user_12,984,984,
15673,38,150000,0,user_19,984,984,
15677,39,150000,0,user_25,984,984,
15680,40,150000,0,user_27,984,984,
15649,41,130000,0,user_0,984,984,
15696,42,130000,0,user_42,984,984,
15653,43,110000,0,user_4,984,984,
15656,44,110000,0,user_6,984,984,
15671,45,87000,35100,user_17,984,984,
15657,46,85000,0,user_7,984,984,
15675,47,83000,0,user_22,984,984,
15676,48,83000,0,user_23,984,984,
15700,49,82000,67900,user_45,984,984,
15666,50,73000,0,user_14,984,984,
15674,51,73000,0,user_20,984,984,
15776,,370000,0,user_0,985,,
15777,,110000,0,user_0,985,,
15778,,170000,0,user_0,985,,
15779,,240000,0,user_0,985,,
15780,,870000,0,user_1,985,,
15781,,260000,155000,user_2,985,,
15782,,370000,0,user_4,985,,
15783,,3600000,0,user_5,985,,
15784,,1500000,0,user_6,985,,
15785,,87000,0,user_6,985,,
15786,,600000,0,user_7,985,,
15787,,240000,0,user_9,985,,
15788,,970000,0,user_9,985,,
15789,,2100000,0,user_10,985,,
15790,,650000,0,user_15,985,,
15791,,83000,0,user_17,985,,
15792,,470000,0,user_18,985,,
15793,,110000,0,user_19,985,,
15794,,630000,16400,user_20,985,,
15795,,4200000,0,user_20,985,,
15796,,1000000,0,user_21,985,,
15797,,80000,215000,user_21,985,,
15798,,130000,0,user_21,985,,
15799,,340000,0,user_21,985,,
15800,,660000,15700,user_26,985,,
15801,,1900000,0,user_26,985,,
15802,,87000,0,user_27,985,,
15803,,87000,0,user_28,985,,
15804,,1700000,0,user_28,985,,
15805,,1400000,0,user_28,985,,
15806,,2500000,0,user_29,985,,
15807,,2500000,0,user_30,985,,
15808,,110000,0,user_31,985,,
15809,,420000,0,user_31,985,,
15810,,6100000,0,user_34,985,,
15811,,170000,108000,user_35,985,,
15812,,3500000,0,user_37,985,,
15813,,110000,0,user_40,985,,
15814,,30000000,67500,user_40,985,,
15815,,220000,0,user_41,985,,
15816,,870000,8520,user_43,985,,
15817,,670000,60700,user_45,985,,
15818,,320000,0,user_45,985,,
15819,,2600000,0,user_45,985,,
15820,,530000,0,user_45,985,,
15821,,1500000,0,user_45,985,,
15822,,82000,0,user_46,985,,
15823,,460000,0,user_47,985,,
15824,,43000000,0,user_48,985,,
15824,0,43000000,0,user_48,985,985,
15843,1,0,0,builder_3,985,985,15814
15814,2,30000000,67500,user_40,985,985,
15810,3,6100000,0,user_34,985,985,
15795,4,4200000,0,user_20,985,985,
15783,5,3600000,0,user_5,985,985,
15812,6,3500000,0,user_37,985,985,
15819,7,2600000,0,user_45,985,985,
15806,8,2500000,0,user_29,985,985,
15807,9,2500000,0,user_30,985,985,
15789,10,2100000,0,user_10,985,985,
15801,11,1900000,0,user_26,985,985,
15804,12,1700000,0,user_28,985,985,
15821,13,1500000,0,user_45,985,985,
15805,14,1400000,0,user_28,985,985,
15796,15,1000000,0,user_21,985,985,
15844,16,0,0,builder_3,985,985,15816
15816,17,870000,8520,user_43,985,985,
15817,18,670000,60700,user_45,985,985,
15845,19,0,0,builder_3,985,985,15817
15800,20,660000,15700,user_26,985,985,
15846,21,0,0,builder_3,985,985,15800
15790,22,650000,0,user_15,985,985,
15847,23,0,0,builder_3,985,985,15794
15794,24,630000,16400,user_20,985,985,
15786,25,600000,0,user_7,985,985,
15820,26,530000,0,user_45,985,985,
15792,27,470000,0,user_18,985,985,
15823,28,460000,0,user_47,985,985,
15809,29,420000,0,user_31,985,985,
15781,30,260000,155000,user_2,985,985,
15848,31,0,0,builder_3,985,985,15781
15776,32,370000,0,user_0,985,985,
15782,33,370000,0,user_4,985,985,
15799,34,340000,0,user_21,985,985,
15818,35,320000,0,user_45,985,985,
15797,36,80000,215000,user_21,985,985,
15849,37,0,0,builder_3,985,985,15797
15811,38,170000,108000,user_35,985,985,
15850,39,0,0,builder_3,985,985,15811
15779,40,240000,0,user_0,985,985,
15815,41,220000,0,user_41,985,985,
15778,42,170000,0,user_0,985,985,
15798,43,130000,0,user_21,985,985,
15777,44,110000,0,user_0,985,985,
15793,45,110000,0,user_19,985,985,
15808,46,110000,0,user_31,985,985,
15813,47,110000,0,user_40,985,985,
15803,48,87000,0,user_28,985,985,
15791,49,83000,0,user_17,985,985,
15822,50,82000,0,user_46,985,985,
15879,,1000000,0,user_0,986,,
15880,,120000,0,user_0,986,,
15881,,170000,0,user_2,986,,
15882,,2500000,12800,user_3,986,,
15883,,120000,0,user_4,986,,
15884,,110000,0,user_4,986,,
15885,,150000,0,user_4,986,,
15886,,1600000,0,user_4,986,,
15887,,120000,0,user_5,986,,
15888,,120000,0,user_10,986,,
15889,,2600000,0,user_12,986,,
15890,,19000000,0,user_13,986,,
15891,,3600000,0,user_17,986,,
15892,,73000,17700000,user_18,986,,
15893,,530000,0,user_19,986,,
15894,,1500000,0,user_20,986,,
15895,,340000,0,user_20,986,,
15896,,2000000,0,user_22,986,,
15897,,110000,75000,user_23,986,,
15898,,220000,15700,user_23,986,,
15899,,1600000,0,user_23,986,,
15900,,80000,0,user_24,986,,
15901,,1700000,0,user_25,986,,
15902,,1500000,0,user_25,986,,
15903,,160000,0,user_25,986,,
15904,,1300000,0,user_25,986,,
15905,,130000,0,user_26,986,,
15906,,160000,0,user_27,986,,
15907,,420000,11200,user_27,986,,
15908,,670000,0,user_28,986,,
15909,,5000000,0,user_29,986,,
15910,,3600000,0,user_30,986,,
15911,,80000,0,user_30,986,,
15912,,150000,13900,user_31,986,,
15913,,120000,108000,user_32,986,,
15914,,460000,0,user_32,986,,
15915,,6300000,0,user_34,986,,
15916,,910000,0,user_35,986,,
15917,,310000,0,user_36,986,,
15918,,5000000,0,user_38,986,,
15919,,19000000,231000,user_39,986,,
15920,,1500000,0,user_40,986,,
15921,,650000,0,user_42,986,,
15922,,420000,0,user_42,986,,
15923,,6300000,0,user_43,986,,
15924,,2500000,0,user_45,986,,
15925,,1700000,0,user_45,986,,
15926,,70000,0,user_47,986,,
15927,,1100000,0,user_47,986,,
15928,,470000,0,user_48,986,,
15929,,120000,0,user_49,986,,
15890,0,19000000,0,user_13,986,986,
15919,1,19000000,231000,user_39,986,986,
15915,2,6300000,0,user_34,986,986,
15923,3,6300000,0,user_43,986,986,
15909,4,5000000,0,user_29,986,986,
15918,5,5000000,0,user_38,986,986,
15891,6,3600000,0,user_17,986,986,
15910,7,3600000,0,user_30,986,986,
15889,8,2600000,0,user_12,986,986,
15924,9,2500000,0,user_45,986,986,
15896,10,2000000,0,user_22,986,986,
15901,11,1700000,0,user_25,986,986,
15925,12,1700000,0,user_45,986,986,
15886,13,1600000,0,user_4,986,986,
15899,14,1600000,0,user_23,986,986,
15894,15,1500000,0,user_20,986,986,
15902,16,1500000,0,user_25,986,986,
15920,17,1500000,0,user_40,986,986,
15904,18,1300000,0,user_25,986,986,
15927,19,1100000,0,user_47,986,986,
15879,20,1000000,0,user_0,986,986,
15908,21,670000,0,user_28,986,986,
15921,22,650000,0,user_42,986,986,
15893,23,530000,0,user_19,986,986,
15928,24,470000,0,user_48,986,986,
15907,25,420000,11200,user_27,986,986,
15922,26,420000,0,user_42,986,986,
15895,27,340000,0,user_20,986,986,
15898,28,220000,15700,user_23,986,986,
15881,29,170000,0,user_2,986,986,
15903,30,160000,0,user_25,986,986,
15906,31,160000,0,user_27,986,986,
15885,32,150000,0,user_4,986,986,
15912,33,150000,13900,user_31,986,986,
15905,34,130000,0,user_26,986,986,
15880,35,120000,0,user_0,986,986,
15883,36,120000,0,user_4,986,986,
15888,37,120000,0,user_10,986,986,
15884,38,110000,0,user_4,986,986,
15897,39,110000,75000,user_23,986,986,
15900,40,80000,0,user_24,986,986,
15911,41,80000,0,user_30,986,986,
15892,42,73000,17700000,user_18,986,986,
15926,43,70000,0,user_47,986,986,
15986,,1500000,15100,user_0,987,,
15987,,170000,0,user_0,987,,
15988,,160000,195000,user_2,987,,
15989,,2500000,0,user_2,987,,
15990,,470000,0,user_3,987,,
15991,,190000,0,user_5,987,,
15992,,2000000,0,user_7,987,,
15993,,160000,0,user_8,987,,
15994,,2100000,0,user_9,987,,
15995,,260000,0,user_11,987,,
15996,,170000,510000,user_15,987,,
15997,,1600000,0,user_16,987,,
15998,,360000,0,user_17,987,,
15999,,1600000,0,user_18,987,,
16000,,1500000,0,user_18,987,,
16001,,910000,0,user_20,987,,
16002,,70000,0,user_21,987,,
16003,,1100000,0,user_22,987,,
16004,,3500000,510000,user_25,987,,
16005,,130000,0,user_25,987,,
16006,,2500000,60700,user_26,987,,
16007,,1600000,0,user_27,987,,
16008,,6300000,0,user_31,987,,
16009,,1100000,0,user_33,987,,
16010,,120000,0,user_33,987,,
16011,,310000,0,user_35,987,,
16012,,650000,0,user_35,987,,
16013,,910000,0,user_36,987,,
16014,,370000,0,user_36,987,,
16015,,170000,0,user_36,987,,
16016,,130000,0,user_36,987,,
16017,,670000,0,user_36,987,,
16018,,1700000,0,user_37,987,,
16019,,1100000,0,user_39,987,,
16020,,30000000,0,user_39,987,,
16021,,1500000,0,user_40,987,,
16022,,2000000,0,user_40,987,,
16023,,120000,0,user_41,987,,
16024,,420000,0,user_42,987,,
16025,,150000,0,user_43,987,,
16026,,150000,0,user_45,987,,
16027,,27000000,0,user_45,987,,
16028,,2000000,0,user_47,987,,
16029,,100000,0,user_47,987,,
16030,,1000000,0,user_49,987,,
16020,0,30000000,0,user_39,987,987,
16027,1,27000000,0,user_45,987,987,
16008,2,6300000,0,user_31,987,987,
16004,3,3500000,510000,user_25,987,987,
15989,4,2500000,0,user_2,987,987,
16006,5,2500000,60700,user_26,987,987,
15992,6,2000000,0,user_7,987,987,
16022,7,2000000,0,user_40,987,987,
16028,8,2000000,0,user_47,987,987,
16018,9,1700000,0,user_37,987,987,
15997,10,1600000,0,user_16,987,987,
15999,11,1600000,0,user_18,987,987,
16007,12,1600000,0,user_27,987,987,
15986,13,1500000,15100,user_0,987,987,
16000,14,1500000,0,user_18,987,987,
16021,15,1500000,0,user_40,987,987,
16003,16,1100000,0,user_22,987,987,
16009,17,1100000,0,user_33,987,987,
16019,18,1100000,0,user_39,987,987,
16030,19,1000000,0,user_49,987,987,
16001,20,910000,0,user_20,987,987,
16013,21,910000,0,user_36,987,987,
16017,22,670000,0,user_36,987,987,
16012,23,650000,0,user_35,987,987,
15990,24,470000,0,user_3,987,987,
16024,25,420000,0,user_42,987,987,
16014,26,370000,0,user_36,987,987,
15998,27,360000,0,user_17,987,987,
16011,28,310000,0,user_35,987,987,
15995,29,260000,0,user_11,987,987,
15991,30,190000,0,user_5,987,987,
15987,31,170000,0,user_0,987,987,
15996,32,170000,510000,user_15,987,987,
16015,33,170000,0,user_36,987,987,
15988,34,160000,195000,user_2,987,987,
15993,35,160000,0,user_8,987,987,
16025,36,150000,0,user_43,987,987,
16026,37,150000,0,user_45,987,987,
16005,38,130000,0,user_25,987,987,
16016,39,130000,0,user_36,987,987,
16010,40,120000,0,user_33,987,987,
16023,41,120000,0,user_41,987,987,
16029,42,100000,0,user_47,987,987,
16002,43,70000,0,user_21,987,987,
16068,,970000,0,user_0,988,,
16069,,3200000,0,user_3,988,,
16070,,160000,15700,user_4,988,,
16071,,100000,0,user_5,988,,
16072,,170000,0,user_5,988,,
16073,,970000,46500,user_6,988,,
16074,,1400000,0,user_6,988,,
16075,,1600000,0,user_7,988,,
16076,,1500000,0,user_7,988,,
16077,,220000,64600,user_8,988,,
16078,,110000,0,user_8,988,,
16079,,910000,0,user_9,988,,
16080,,110000,0,user_10,988,,
16081,,170000,0,user_11,988,,
16082,,600000,0,user_12,988,,
16083,,300000,0,user_13,988,,
16084,,910000,0,user_13,988,,
16085,,3500000,0,user_13,988,,
16086,,83000,0,user_13,988,,
16087,,120000,0,user_14,988,,
16088,,2000000,0,user_14,988,,
16089,,670000,0,user_14,988,,
16090,,170000,0,user_14,988,,
16091,,120000,0,user_15,988,,
16092,,2000000,0,user_16,988,,
16093,,120000,0,user_16,988,,
16094,,2000000,0,user_17,988,,
16095,,4200000,0,user_19,988,,
16096,,220000,0,user_20,988,,
16097,,150000,0,user_21,988,,
16098,,910000,0,user_22,988,,
16099,,130000,0,user_23,988,,
16100,,870000,0,user_24,988,,
16101,,340000,0,user_24,988,,
16102,,120000,0,user_25,988,,
16103,,87000,283000,user_27,988,,
16104,,2300000,0,user_29,988,,
16105,,70000,0,user_29,988,,
16106,,82000,0,user_30,988,,
16107,,1300000,0,user_32,988,,
16108,,77000,0,user_33,988,,
16109,,84000,0,user_34,988,,
16110,,260000,0,user_35,988,,
16111,,120000,13900,user_36,988,,
16112,,170000,0,user_38,988,,
16113,,5000000,0,user_40,988,,
16114,,4500000,0,user_41,988,,
16115,,120000,0,user_42,988,,
16116,,150000,0,user_42,988,,
16117,,3500000,0,user_43,988,,
16118,,420000,0,user_45,988,,
16119,,630000,0,user_46,988,,
16120,,260000,0,user_47,988,,
16121,,82000,56200,user_48,988,,
16122,,150000,0,user_48,988,,
16123,,43000000,0,user_49,988,,
16123,0,43000000,0,user_49,988,988,
16113,1,5000000,0,user_40,988,988,
16114,2,4500000,0,user_41,988,988,
16095,3,4200000,0,user_19,988,988,
16085,4,3500000,0,user_13,988,988,
16117,5,3500000,0,user_43,988,988,
16069,6,3200000,0,user_3,988,988,
16104,7,2300000,0,user_29,988,988,
16088,8,2000000,0,user_14,988,988,
16092,9,2000000,0,user_16,988,988,
16094,10,2000000,0,user_17,988,988,
16075,11,1600000,0,user_7,988,988,
16076,12,1500000,0,user_7,988,988,
16074,13,1400000,0,user_6,988,988,
16107,14,1300000,0,user_32,988,988,
16068,15,970000,0,user_0,988,988,
16073,16,970000,46500,user_6,988,988,
16079,17,910000,0,user_9,988,988,
16084,18,910000,0,user_13,988,988,
16098,19,910000,0,user_22,988,988,
16100,20,870000,0,user_24,988,988,
16089,21,670000,0,user_14,988,988,
16119,22,630000,0,user_46,988,988,
16118,23,420000,0,user_45,988,988,
16101,24,340000,0,user_24,988,988,
16083,25,300000,0,user_13,988,988,
16110,26,260000,0,user_35,988,988,
16120,27,260000,0,user_47,988,988,
16077,28,220000,64600,user_8,988,988,
16096,29,220000,0,user_20,988,988,
16072,30,170000,0,user_5,988,988,
16081,31,170000,0,user_11,988,988,
16090,32,170000,0,user_14,988,988,
16112,33,170000,0,user_38,988,988,
16097,34,150000,0,user_21,988,988,
16116,35,150000,0,user_42,988,988,
16122,36,150000,0,user_48,988,988,
16099,37,130000,0,user_23,988,988,
16087,38,120000,0,user_14,988,988,
16091,39,120000,0,user_15,988,988,
16093,40,120000,0,user_16,988,988,
16102,41,120000,0,user_25,988,988,
16111,42,120000,13900,user_36,988,988,
16115,43,120000,0,user_42,988,988,
16078,44,110000,0,user_8,988,988,
16080,45,110000,0,user_10,988,988,
16071,46,100000,0,user_5,988,988,
16103,47,87000,283000,user_27,988,988,
16109,48,84000,0,user_34,988,988,
16086,49,83000,0,user_13,988,988,
16106,50,82000,0,user_30,988,988,
16121,51,82000,56200,user_48,988,988,
16108,52,77000,0,user_33,988,988,
16105,53,70000,0,user_29,988,988,
16167,,370000,0,user_0,989,,
16168,,2600000,0,user_1,989,,
16169,,220000,0,user_1,989,,
16170,,19000000,0,user_2,989,,
16171,,160000,0,user_3,989,,
16172,,150000,0,user_3,989,,
16173,,220000,0,user_3,989,,
16174,,260000,0,user_4,989,,
16175,,98000,23500,user_4,989,,
16176,,630000,49100,user_4,989,,
16177,,6300000,0,user_6,989,,
16178,,3200000,0,user_6,989,,
16179,,310000,410000,user_7,989,,
16180,,150000,410000,user_9,989,,
16181,,2400000,0,user_9,989,,
16182,,260000,0,user_10,989,,
16183,,1600000,0,user_12,989,,
16184,,27000000,0,user_14,989,,
16185,,1100000,15700,user_14,989,,
16186,,160000,381000,user_15,989,,
16187,,1600000,1100000,user_15,989,,
16188,,2300000,0,user_15,989,,
16189,,1200000,0,user_16,989,,
16190,,150000,0,user_18,989,,
16191,,120000,1100000,user_19,989,,
16192,,350000,0,user_20,989,,
16193,,79000,0,user_21,989,,
16194,,910000,0,user_22,989,,
16195,,460000,0,user_23,989,,
16196,,340000,75000,user_24,989,,
16197,,4500000,0,user_24,989,,
16198,,160000,0,user_26,989,,
16199,,83000,0,user_27,989,,
16200,,1000000,0,user_28,989,,
16201,,660000,0,user_28,989,,
16202,,1600000,0,user_30,989,,
16203,,98000,0,user_30,989,,
16204,,630000,56200,user_30,989,,
16205,,3200000,73100,user_30,989,,
16206,,910000,0,user_32,989,,
16207,,2000000,0,user_32,989,,
16208,,670000,16400,user_32,989,,
16209,,150000,0,user_32,989,,
16210,,110000,0,user_32,989,,
16211,,120000,68100,user_35,989,,
16212,,110000,779000,user_35,989,,
16213,,1100000,0,user_35,989,,
16214,,120000,35100,user_36,989,,
16215,,5000000,15100,user_37,989,,
16216,,1500000,4320000,user_38,989,,
16217,,110000,0,user_39,989,,
16218,,630000,0,user_42,989,,
16219,,310000,0,user_43,989,,
16220,,5200000,0,user_44,989,,
16221,,320000,0,user_46,989,,
16222,,1000000,0,user_47,989,,
16223,,1400000,8520,user_48,989,,
16224,,470000,0,user_49,989,,
16184,0,27000000,0,user_14,989,989,
16170,1,19000000,0,user_2,989,989,
16177,2,6300000,0,user_6,989,989,
16282,3,0,0,builder_4,989,989,16216
16216,4,1500000,4320000,user_38,989,989,
16220,5,5200000,0,user_44,989,989,
16215,6,5000000,15100,user_37,989,989,
16283,7,0,0,builder_4,989,989,16215
16197,8,4500000,0,user_24,989,989,
16284,9,0,0,builder_4,989,989,16205
16205,10,3200000,73100,user_30,989,989,
16178,11,3200000,0,user_6,989,989,
16168,12,2600000,0,user_1,989,989,
16181,13,2400000,0,user_9,989,989,
16207,14,2000000,0,user_32,989,989,
16183,15,1600000,0,user_12,989,989,
16202,16,1600000,0,user_30,989,989,
16223,17,1400000,8520,user_48,989,989,
16285,18,0,0,builder_4,989,989,16223
16286,19,0,0,builder_4,989,989,16191
16191,20,120000,1100000,user_19,989,989,
16189,21,1200000,0,user_16,989,989,
16185,22,1100000,15700,user_14,989,989,
16287,23,0,0,builder_4,989,989,16185
16213,24,1100000,0,user_35,989,989,
16200,25,1000000,0,user_28,989,989,
16194,26,910000,0,user_22,989,989,
16206,27,910000,0,user_32,989,989,
16288,28,0,0,builder_4,989,989,16212
16212,29,110000,779000,user_35,989,989,
16208,30,670000,16400,user_32,989,989,
16289,31,0,0,builder_4,989,989,16208
16204,32,630000,56200,user_30,989,989,
16290,33,0,0,builder_4,989,989,16204
16176,34,630000,49100,user_4,989,989,
16291,35,0,0,builder_4,989,989,16176
16201,36,660000,0,user_28,989,989,
16218,37,630000,0,user_42,989,989,
16292,38,0,0,builder_4,989,989,16180
16180,39,150000,410000,user_9,989,989,
16224,40,470000,0,user_49,989,989,
16195,41,460000,0,user_23,989,989,
16196,42,340000,75000,user_24,989,989,
16293,43,0,0,builder_4,989,989,16196
16167,44,370000,0,user_0,989,989,
16192,45,350000,0,user_20,989,989,
16221,46,320000,0,user_46,989,989,
16219,47,310000,0,user_43,989,989,
16174,48,260000,0,user_4,989,989,
16182,49,260000,0,user_10,989,989,
16169,50,220000,0,user_1,989,989,
16173,51,220000,0,user_3,989,989,
16294,52,0,0,builder_4,989,989,16211
16211,53,120000,68100,user_35,989,989,
16171,54,160000,0,user_3,989,989,
16198,55,160000,0,user_26,989,989,
16295,56,0,0,builder_4,989,989,16214
16214,57,120000,35100,user_36,989,989,
16172,58,150000,0,user_3,989,989,
16190,59,150000,0,user_18,989,989,
16209,60,150000,0,user_32,989,989,
16175,61,98000,23500,user_4,989,989,
16296,62,0,0,builder_4,989,989,16175
16210,63,110000,0,user_32,989,989,
16203,64,98000,0,user_30,989,989,
16199,65,83000,0,user_27,989,989,
16193,66,79000,0,user_21,989,989,
16356,,1500000,42000,user_2,990,,
16357,,600000,0,user_4,990,,
16358,,1000000,0,user_6,990,,
16359,,110000,0,user_7,990,,
16360,,19000000,0,user_8,990,,
16361,,43000000,0,user_9,990,,
16362,,220000,0,user_11,990,,
16363,,420000,256000,user_12,990,,
16364,,6100000,0,user_13,990,,
16365,,240000,0,user_13,990,,
16366,,2100000,0,user_16,990,,
16367,,530000,0,user_16,990,,
16368,,87000,0,user_16,990,,
16369,,2500000,0,user_16,990,,
16370,,350000,0,user_16,990,,
16371,,150000,47700,user_17,990,,
16372,,4500000,0,user_17,990,,
16373,,870000,0,user_17,990,,
16374,,350000,14200,user_19,990,,
16375,,420000,0,user_19,990,,
16376,,3500000,0,user_19,990,,
16377,,2000000,0,user_19,990,,
16378,,2000000,0,user_20,990,,
16379,,650000,0,user_20,990,,
16380,,1500000,0,user_20,990,,
16381,,240000,0,user_20,990,,
16382,,420000,0,user_20,990,,
16383,,370000,0,user_21,990,,
16384,,5000000,0,user_23,990,,
16385,,43000000,0,user_23,990,,
16386,,110000,0,user_23,990,,
16387,,2000000,0,user_23,990,,
16388,,1800000,0,user_25,990,,
16389,,190000,8520,user_26,990,,
16390,,1100000,0,user_27,990,,
16391,,1500000,0,user_27,990,,
16392,,170000,0,user_28,990,,
16393,,150000,0,user_28,990,,
16394,,650000,0,user_29,990,,
16395,,2000000,0,user_31,990,,
16396,,970000,108000,user_32,990,,
16397,,85000,0,user_33,990,,
16398,,910000,68100,user_34,990,,
16399,,300000,0,user_34,990,,
16400,,150000,19700,user_35,990,,
16401,,1700000,0,user_35,990,,
16402,,2000000,0,user_36,990,,
16403,,70000,0,user_37,990,,
16404,,420000,0,user_38,990,,
16405,,1600000,0,user_40,990,,
16406,,2400000,0,user_40,990,,
16407,,1600000,0,user_40,990,,
16408,,220000,0,user_40,990,,
16409,,4200000,15300,user_41,990,,
16410,,77000,0,user_42,990,,
16411,,170000,0,user_43,990,,
16412,,77000,0,user_44,990,,
16413,,85000,0,user_44,990,,
16414,,420000,0,user_46,990,,
16415,,43000000,0,user_47,990,,
16416,,2400000,0,user_48,990,,
16417,,82000,0,user_48,990,,
16418,,530000,0,user_48,990,,
16419,,2000000,350000,user_48,990,,
16420,,870000,0,user_48,990,,
16421,,43000000,0,user_49,990,,
16361,0,43000000,0,user_9,990,990,
16385,1,43000000,0,user_23,990,990,
16415,2,43000000,0,user_47,990,990,
16421,3,43000000,0,user_49,990,990,
16360,4,19000000,0,user_8,990,990,
16364,5,6100000,0,user_13,990,990,
16384,6,5000000,0,user_23,990,990,
16372,7,4500000,0,user_17,990,990,
16409,8,4200000,15300,user_41,990,990,
16376,9,3500000,0,user_19,990,990,
16369,10,2500000,0,user_16,990,990,
16406,11,2400000,0,user_40,990,990,
16416,12,2400000,0,user_48,990,990,
16366,13,2100000,0,user_16,990,990,
16377,14,2000000,0,user_19,990,990,
16378,15,2000000,0,user_20,990,990,
16387,16,2000000,0,user_23,990,990,
16395,17,2000000,0,user_31,990,990,
16402,18,2000000,0,user_36,990,990,
16419,19,2000000,350000,user_48,990,990,
16388,20,1800000,0,user_25,990,990,
16401,21,1700000,0,user_35,990,990,
16405,22,1600000,0,user_40,990,990,
16407,23,1600000,0,user_40,990,990,
16356,24,1500000,42000,user_2,990,990,
16380,25,1500000,0,user_20,990,990,
16391,26,1500000,0,user_27,990,990,
16390,27,1100000,0,user_27,990,990,
16358,28,1000000,0,user_6,990,990,
16396,29,970000,108000,user_32,990,990,
16398,30,910000,68100,user_34,990,990,
16373,31,870000,0,user_17,990,990,
16420,32,870000,0,user_48,990,990,
16379,33,650000,0,user_20,990,990,
16394,34,650000,0,user_29,990,990,
16367,35,530000,0,user_16,990,990,
16418,36,530000,0,user_48,990,990,
16375,37,420000,0,user_19,990,990,
16382,38,420000,0,user_20,990,990,
16404,39,420000,0,user_38,990,990,
16414,40,420000,0,user_46,990,990,
16383,41,370000,0,user_21,990,990,
16370,42,350000,0,user_16,990,990,
16374,43,350000,14200,user_19,990,990,
16399,44,300000,0,user_34,990,990,
16365,45,240000,0,user_13,990,990,
16381,46,240000,0,user_20,990,990,
16362,47,220000,0,user_11,990,990,
16408,48,220000,0,user_40,990,990,
16411,49,170000,0,user_43,990,990,
16371,50,150000,47700,user_17,990,990,
16400,51,150000,19700,user_35,990,990,
16359,52,110000,0,user_7,990,990,
16386,53,110000,0,user_23,990,990,
16368,54,87000,0,user_16,990,990,
16397,55,85000,0,user_33,990,990,
16413,56,85000,0,user_44,990,990,
16417,57,82000,0,user_48,990,990,
16410,58,77000,0,user_42,990,990,
16412,59,77000,0,user_44,990,990,
16492,,1000000,0,user_0,991,,
16493,,30000000,108000,user_1,991,,
16494,,600000,49100,user_2,991,,
16495,,300000,0,user_2,991,,
16496,,1500000,0,user_2,991,,
16497,,970000,0,user_2,991,,
16498,,5000000,0,user_2,991,,
16499,,1400000,0,user_3,991,,
16500,,1100000,0,user_5,991,,
16501,,420000,0,user_6,991,,
16502,,220000,0,user_7,991,,
16503,,110000,0,user_8,991,,
16504,,1700000,0,user_11,991,,
16505,,1600000,0,user_14,991,,
16506,,3600000,0,user_15,991,,
16507,,110000,0,user_16,991,,
16508,,2000000,0,user_17,991,,
16509,,1200000,155000,user_18,991,,
16510,,220000,0,user_19,991,,
16511,,3600000,0,user_20,991,,
16512,,27000000,195000,user_20,991,,
16513,,300000,0,user_21,991,,
16514,,2100000,161000,user_22,991,,
16515,,1100000,0,user_22,991,,
16516,,82000,0,user_24,991,,
16517,,460000,0,user_25,991,,
16518,,2100000,0,user_26,991,,
16519,,43000000,0,user_27,991,,
16520,,110000,0,user_27,991,,
16521,,420000,0,user_27,991,,
16522,,1500000,0,user_27,991,,
16523,,130000,0,user_28,991,,
16524,,130000,0,user_30,991,,
16525,,120000,0,user_32,991,,
16526,,150000,181000,user_33,991,,
16527,,460000,0,user_34,991,,
16528,,1000000,31700,user_35,991,,
16529,,460000,0,user_36,991,,
16530,,240000,0,user_38,991,,
16531,,150000,0,user_38,991,,
16532,,82000,67900,user_39,991,,
16533,,190000,0,user_39,991,,
16534,,43000000,15300,user_40,991,,
16535,,4500000,0,user_40,991,,
16536,,150000,0,user_41,991,,
16537,,160000,0,user_41,991,,
16538,,530000,0,user_43,991,,
16539,,650000,0,user_44,991,,
16540,,600000,0,user_44,991,,
16541,,6300000,0,user_45,991,,
16542,,110000,0,user_45,991,,
16543,,1500000,0,user_47,991,,
16544,,4200000,0,user_48,991,,
16545,,82000,46500,user_49,991,,
16519,0,43000000,0,user_27,991,991,
16534,1,43000000,15300,user_40,991,991,
16493,2,30000000,108000,user_1,991,991,
16512,3,27000000,195000,user_20,991,991,
16541,4,6300000,0,user_45,991,991,
16498,5,5000000,0,user_2,991,991,
16535,6,4500000,0,user_40,991,991,
16544,7,4200000,0,user_48,991,991,
16506,8,3600000,0,user_15,991,991,
16511,9,3600000,0,user_20,991,991,
16514,10,2100000,161000,user_22,991,991,
16518,11,2100000,0,user_26,991,991,
16508,12,2000000,0,user_17,991,991,
16505,13,1600000,0,user_14,991,991,
16496,14,1500000,0,user_2,991,991,
16522,15,1500000,0,user_27,991,991,
16543,16,1500000,0,user_47,991,991,
16509,17,1200000,155000,user_18,991,991,
16515,18,1100000,0,user_22,991,991,
16492,19,1000000,0,user_0,991,991,
16497,20,970000,0,user_2,991,991,
16539,21,650000,0,user_44,991,991,
16494,22,600000,49100,user_2,991,991,
16540,23,600000,0,user_44,991,991,
16538,24,530000,0,user_43,991,991,
16517,25,460000,0,user_25,991,991,
16527,26,460000,0,user_34,991,991,
16501,27,420000,0,user_6,991,991,
16521,28,420000,0,user_27,991,991,
16495,29,300000,0,user_2,991,991,
16513,30,300000,0,user_21,991,991,
16530,31,240000,0,user_38,991,991,
16502,32,220000,0,user_7,991,991,
16510,33,220000,0,user_19,991,991,
16533,34,190000,0,user_39,991,991,
16537,35,160000,0,user_41,991,991,
16531,36,150000,0,user_38,991,991,
16536,37,150000,0,user_41,991,991,
16523,38,130000,0,user_28,991,991,
16524,39,130000,0,user_30,991,991,
16503,40,110000,0,user_8,991,991,
16507,41,110000,0,user_16,991,991,
16520,42,110000,0,user_27,991,991,
16542,43,110000,0,user_45,991,991,
16516,44,82000,0,user_24,991,991,
16532,45,82000,67900,user_39,991,991,
16618,,1100000,16400,user_0,992,,
16619,,1400000,0,user_0,992,,
16620,,2000000,0,user_2,992,,
16621,,160000,7840,user_3,992,,
16622,,3600000,0,user_6,992,,
16623,,160000,0,user_8,992,,
16624,,1400000,0,user_8,992,,
16625,,170000,5640,user_10,992,,
16626,,170000,0,user_11,992,,
16627,,110000,75000,user_11,992,,
16628,,6300000,0,user_12,992,,
16629,,340000,23500,user_12,992,,
16630,,150000,64600,user_12,992,,
16631,,100000,0,user_12,992,,
16632,,1500000,0,user_14,992,,
16633,,150000,13800,user_16,992,,
16634,,260000,0,user_20,992,,
16635,,150000,0,user_20,992,,
16636,,1300000,5640,user_20,992,,
16637,,360000,5640,user_20,992,,
16638,,910000,0,user_20,992,,
16639,,110000,0,user_21,992,,
16640,,910000,0,user_22,992,,
16641,,79000,0,user_23,992,,
16642,,100000,0,user_25,992,,
16643,,2000000,0,user_27,992,,
16644,,2500000,0,user_28,992,,
16645,,43000000,0,user_29,992,,
16646,,220000,0,user_30,992,,
16647,,30000000,0,user_31,992,,
16648,,300000,0,user_33,992,,
16649,,150000,0,user_34,992,,
16650,,87000,0,user_35,992,,
16651,,320000,0,user_36,992,,
16652,,43000000,0,user_38,992,,
16653,,630000,0,user_39,992,,
16654,,360000,0,user_39,992,,
16655,,1100000,0,user_41,992,,
16656,,160000,0,user_42,992,,
16657,,1100000,0,user_42,992,,
16658,,4500000,0,user_43,992,,
16659,,1400000,0,user_44,992,,
16660,,220000,0,user_45,992,,
16661,,2500000,0,user_45,992,,
16662,,3200000,0,user_46,992,,
16663,,910000,100000,user_47,992,,
16664,,190000,68100,user_48,992,,
16665,,3500000,0,user_49,992,,
16645,0,43000000,0,user_29,992,992,
16652,1,43000000,0,user_38,992,992,
16647,2,30000000,0,user_31,992,992,
16628,3,6300000,0,user_12,992,992,
16658,4,4500000,0,user_43,992,992,
16622,5,3600000,0,user_6,992,992,
16665,6,3500000,0,user_49,992,992,
16662,7,3200000,0,user_46,992,992,
16644,8,2500000,0,user_28,992,992,
16661,9,2500000,0,user_45,992,992,
16620,10,2000000,0,user_2,992,992,
16643,11,2000000,0,user_27,992,992,
16632,12,1500000,0,user_14,992,992,
16619,13,1400000,0,user_0,992,992,
16624,14,1400000,0,user_8,992,992,
16659,15,1400000,0,user_44,992,992,
16636,16,1300000,5640,user_20,992,992,
16699,17,0,0,builder_4,992,992,16636
16700,18,0,0,builder_4,992,992,16618
16618,19,1100000,16400,user_0,992,992,
16655,20,1100000,0,user_41,992,992,
16657,21,1100000,0,user_42,992,992,
16638,22,910000,0,user_20,992,992,
16640,23,910000,0,user_22,992,992,
16701,24,0,0,builder_4,992,992,16637
16637,25,360000,5640,user_20,992,992,
16629,26,340000,23500,user_12,992,992,
16702,27,0,0,builder_4,992,992,16629
16651,28,320000,0,user_36,992,992,
16648,29,300000,0,user_33,992,992,
16634,30,260000,0,user_20,992,992,
16664,31,190000,68100,user_48,992,992,
16703,32,0,0,builder_4,992,992,16664
16646,33,220000,0,user_30,992,992,
16660,34,220000,0,user_45,992,992,
16630,35,150000,64600,user_12,992,992,
16704,36,0,0,builder_4,992,992,16630
16627,37,110000,75000,user_11,992,992,
16705,38,0,0,builder_4,992,992,16627
16706,39,0,0,builder_4,992,992,16625
16625,40,170000,5640,user_10,992,992,
16626,41,170000,0,user_11,992,992,
16707,42,0,0,builder_4,992,992,16621
16621,43,160000,7840,user_3,992,992,
16633,44,150000,13800,user_16,992,992,
16708,45,0,0,builder_4,992,992,16633
16623,46,160000,0,user_8,992,992,
16656,47,160000,0,user_42,992,992,
16635,48,150000,0,user_20,992,992,
16649,49,150000,0,user_34,992,992,
16639,50,110000,0,user_21,992,992,
16631,51,100000,0,user_12,992,992,
16642,52,100000,0,user_25,992,992,
16650,53,87000,0,user_35,992,992,
16641,54,79000,0,user_23,992,992,
16743,,4200000,0,user_0,993,,
16744,,5000000,0,user_1,993,,
16745,,1800000,0,user_2,993,,
16746,,110000,0,user_3,993,,
16747,,84000,0,user_4,993,,
16748,,1100000,0,user_4,993,,
16749,,600000,0,user_6,993,,
16750,,5200000,0,user_7,993,,
16751,,240000,0,user_9,993,,
16752,,340000,0,user_9,993,,
16753,,470000,0,user_10,993,,
16754,,870000,0,user_11,993,,
16755,,5200000,0,user_12,993,,
16756,,120000,0,user_13,993,,
16757,,670000,0,user_14,993,,
16758,,150000,0,user_15,993,,
16759,,160000,42000,user_16,993,,
16760,,3500000,0,user_17,993,,
16761,,100000,0,user_17,993,,
16762,,150000,0,user_18,993,,
16763,,82000,39400,user_19,993,,
16764,,1000000,0,user_19,993,,
16765,,2100000,0,user_19,993,,
16766,,660000,0,user_19,993,,
16767,,1200000,769000,user_19,993,,
16768,,83000,139000,user_20,993,,
16769,,160000,0,user_20,993,,
16770,,3500000,0,user_21,993,,
16771,,1500000,0,user_22,993,,
16772,,1800000,0,user_23,993,,
16773,,30000000,0,user_24,993,,
16774,,2500000,0,user_25,993,,
16775,,1600000,13800,user_26,993,,
16776,,2000000,0,user_27,993,,
16777,,1400000,0,user_27,993,,
16778,,5200000,0,user_28,993,,
16779,,3500000,0,user_30,993,,
16780,,30000000,161000,user_30,993,,
16781,,460000,0,user_32,993,,
16782,,1500000,0,user_33,993,,
16783,,1000000,33300,user_35,993,,
16784,,1600000,0,user_35,993,,
16785,,2000000,0,user_35,993,,
16786,,1700000,0,user_36,993,,
16787,,1000000,322000,user_36,993,,
16788,,660000,0,user_36,993,,
16789,,110000,0,user_38,993,,
16790,,3600000,0,user_39,993,,
16791,,310000,0,user_39,993,,
16792,,300000,0,user_40,993,,
16793,,1400000,0,user_41,993,,
16794,,73000,0,user_42,993,,
16795,,120000,0,user_42,993,,
16796,,100000,0,user_43,993,,
16797,,1500000,0,user_45,993,,
16798,,870000,0,user_45,993,,
16799,,220000,0,user_45,993,,
16800,,110000,0,user_45,993,,
16801,,300000,0,user_48,993,,
16802,,19000000,64600,user_48,993,,
16803,,80000,0,user_49,993,,
16780,0,30000000,161000,user_30,993,993,
16835,1,0,0,builder_4,993,993,16780
16773,2,30000000,0,user_24,993,993,
16836,3,0,0,builder_4,993,993,16802
16802,4,19000000,64600,user_48,993,993,
16755,5,5200000,0,user_12,993,993,
16778,6,5200000,0,user_28,993,993,
16744,7,5000000,0,user_1,993,993,
16743,8,4200000,0,user_0,993,993,
16760,9,3500000,0,user_17,993,993,
16770,10,3500000,0,user_21,993,993,
16779,11,3500000,0,user_30,993,993,
16774,12,2500000,0,user_25,993,993,
16765,13,2100000,0,user_19,993,993,
16776,14,2000000,0,user_27,993,993,
16785,15,2000000,0,user_35,993,993,
16837,16,0,0,builder_4,993,993,16767
16767,17,1200000,769000,user_19,993,993,
16745,18,1800000,0,user_2,993,993,
16772,19,1800000,0,user_23,993,993,
16786,20,1700000,0,user_36,993,993,
16775,21,1600000,13800,user_26,993,993,
16838,22,0,0,builder_4,993,993,16775
16784,23,1600000,0,user_35,993,993,
16771,24,1500000,0,user_22,993,993,
16782,25,1500000,0,user_33,993,993,
16797,26,1500000,0,user_45,993,993,
16777,27,1400000,0,user_27,993,993,
16793,28,1400000,0,user_41,993,993,
16787,29,1000000,322000,user_36,993,993,
16839,30,0,0,builder_4,993,993,16787
16748,31,1100000,0,user_4,993,993,
16840,32,0,0,builder_4,993,993,16783
16783,33,1000000,33300,user_35,993,993,
16764,34,1000000,0,user_19,993,993,
16754,35,870000,0,user_11,993,993,
16798,36,870000,0,user_45,993,993,
16757,37,670000,0,user_14,993,993,
16766,38,660000,0,user_19,993,993,
16788,39,660000,0,user_36,993,993,
16749,40,600000,0,user_6,993,993,
16753,41,470000,0,user_10,993,993,
16781,42,460000,0,user_32,993,993,
16752,43,340000,0,user_9,993,993,
16792,44,300000,0,user_40,993,993,
16801,45,300000,0,user_48,993,993,
16751,46,240000,0,user_9,993,993,
16841,47,0,0,builder_4,993,993,16768
16768,48,83000,139000,user_20,993,993,
16799,49,220000,0,user_45,993,993,
16759,50,160000,42000,user_16,993,993,
16842,51,0,0,builder_4,993,993,16759
16769,52,160000,0,user_20,993,993,
16762,53,150000,0,user_18,993,993,
16763,54,82000,39400,user_19,993,993,
16843,55,0,0,builder_4,993,993,16763
16756,56,120000,0,user_13,993,993,
16795,57,120000,0,user_42,993,993,
16746,58,110000,0,user_3,993,993,
16789,59,110000,0,user_38,993,993,
16800,60,110000,0,user_45,993,993,
16761,61,100000,0,user_17,993,993,
16796,62,100000,0,user_43,993,993,
16747,63,84000,0,user_4,993,993,
16803,64,80000,0,user_49,993,993,
16794,65,73000,0,user_42,993,993,
16870,,2000000,0,user_0,994,,
16871,,27000000,0,user_0,994,,
16872,,600000,0,user_1,994,,
16873,,83000,181000,user_1,994,,
16874,,170000,0,user_4,994,,
16875,,120000,0,user_4,994,,
16876,,170000,0,user_4,994,,
16877,,910000,0,user_4,994,,
16878,,19000000,0,user_5,994,,
16879,,3600000,11200,user_5,994,,
16880,,98000,0,user_9,994,,
16881,,100000,0,user_11,994,,
16882,,1600000,0,user_12,994,,
16883,,1700000,0,user_14,994,,
16884,,3600000,0,user_16,994,,
16885,,630000,0,user_17,994,,
16886,,970000,0,user_17,994,,
16887,,43000000,0,user_18,994,,
16888,,970000,0,user_18,994,,
16889,,3600000,0,user_18,994,,
16890,,1300000,0,user_18,994,,
16891,,190000,0,user_18,994,,
16892,,1400000,16400,user_20,994,,
16893,,150000,0,user_21,994,,
16894,,220000,0,user_22,994,,
16895,,4500000,0,user_24,994,,
16896,,1100000,33300,user_24,994,,
16897,,630000,0,user_25,994,,
16898,,300000,0,user_25,994,,
16899,,70000,0,user_25,994,,
16900,,110000,0,user_26,994,,
16901,,170000,0,user_27,994,,
16902,,77000,769000,user_28,994,,
16903,,83000,7840,user_29,994,,
16904,,1800000,0,user_30,994,,
16905,,120000,0,user_31,994,,
16906,,160000,0,user_32,994,,
16907,,220000,0,user_35,994,,
16908,,170000,0,user_36,994,,
16909,,670000,0,user_40,994,,
16910,,170000,0,user_41,994,,
16911,,650000,0,user_41,994,,
16912,,3500000,0,user_42,994,,
16913,,1000000,0,user_42,994,,
16914,,110000,64600,user_43,994,,
16915,,5000000,0,user_43,994,,
16916,,120000,0,user_44,994,,
16917,,2000000,0,user_45,994,,
16918,,150000,0,user_45,994,,
16919,,6100000,0,user_46,994,,
16920,,600000,12800,user_49,994,,
16921,,220000,0,user_49,994,,
16922,,98000,0,user_49,994,,
16887,0,43000000,0,user_18,994,994,
16871,1,27000000,0,user_0,994,994,
16878,2,19000000,0,user_5,994,994,
16919,3,6100000,0,user_46,994,994,
16915,4,5000000,0,user_43,994,994,
16895,5,4500000,0,user_24,994,994,
16879,6,3600000,11200,user_5,994,994,
16884,7,3600000,0,user_16,994,994,
16889,8,3600000,0,user_18,994,994,
16912,9,3500000,0,user_42,994,994,
16870,10,2000000,0,user_0,994,994,
16917,11,2000000,0,user_45,994,994,
16904,12,1800000,0,user_30,994,994,
16883,13,1700000,0,user_14,994,994,
16882,14,1600000,0,user_12,994,994,
16890,15,1300000,0,user_18,994,994,
16896,16,1100000,33300,user_24,994,994,
16913,17,1000000,0,user_42,994,994,
16886,18,970000,0,user_17,994,994,
16888,19,970000,0,user_18,994,994,
16877,20,910000,0,user_4,994,994,
16909,21,670000,0,user_40,994,994,
16885,22,630000,0,user_17,994,994,
16897,23,630000,0,user_25,994,994,
16920,24,600000,12800,user_49,994,994,
16898,25,300000,0,user_25,994,994,
16894,26,220000,0,user_22,994,994,
16907,27,220000,0,user_35,994,994,
16921,28,220000,0,user_49,994,994,
16891,29,190000,0,user_18,994,994,
16874,30,170000,0,user_4,994,994,
16876,31,170000,0,user_4,994,994,
16901,32,170000,0,user_27,994,994,
16908,33,170000,0,user_36,994,994,
16906,34,160000,0,user_32,994,994,
16893,35,150000,0,user_21,994,994,
16918,36,150000,0,user_45,994,994,
16875,37,120000,0,user_4,994,994,
16916,38,120000,0,user_44,994,994,
16900,39,110000,0,user_26,994,994,
16914,40,110000,64600,user_43,994,994,
16881,41,100000,0,user_11,994,994,
16880,42,98000,0,user_9,994,994,
16922,43,98000,0,user_49,994,994,
16903,44,83000,7840,user_29,994,994,
16902,45,77000,769000,user_28,994,994,
16899,46,70000,0,user_25,994,994,
16980,,260000,0,user_0,995,,
16981,,2300000,6390,user_0,995,,
16982,,670000,0,user_1,995,,
16983,,2000000,0,user_2,995,,
16984,,1300000,0,user_2,995,,
16985,,150000,0,user_4,995,,
16986,,43000000,71800,user_4,995,,
16987,,27000000,0,user_5,995,,
16988,,2100000,181000,user_5,995,,
16989,,120000,139000,user_6,995,,
16990,,110000,0,user_7,995,,
16991,,6100000,779000,user_9,995,,
16992,,1500000,0,user_10,995,,
16993,,340000,128000,user_11,995,,
16994,,220000,350000,user_12,995,,
16995,,420000,0,user_12,995,,
16996,,630000,0,user_12,995,,
16997,,1500000,0,user_12,995,,
16998,,160000,0,user_13,995,,
16999,,4500000,0,user_15,995,,
17000,,1200000,0,user_15,995,,
17001,,73000,16400,user_16,995,,
17002,,350000,0,user_17,995,,
17003,,1900000,0,user_18,995,,
17004,,43000000,0,user_18,995,,
17005,,4200000,0,user_19,995,,
17006,,120000,1100000,user_20,995,,
17007,,84000,0,user_22,995,,
17008,,110000,0,user_22,995,,
17009,,98000,32900,user_22,995,,
17010,,73000,0,user_22,995,,
17011,,670000,0,user_24,995,,
17012,,84000,0,user_25,995,,
17013,,70000,35100,user_25,995,,
17014,,120000,0,user_25,995,,
17015,,110000,0,user_25,995,,
17016,,1600000,0,user_25,995,,
17017,,1000000,0,user_26,995,,
17018,,150000,959000,user_26,995,,
17019,,160000,1100000,user_26,995,,
17020,,1000000,0,user_26,995,,
17021,,120000,0,user_26,995,,
17022,,350000,0,user_27,995,,
17023,,240000,285000,user_28,995,,
17024,,120000,0,user_29,995,,
17025,,660000,0,user_29,995,,
17026,,100000,0,user_30,995,,
17027,,530000,0,user_31,995,,
17028,,120000,0,user_32,995,,
17029,,82000,0,user_33,995,,
17030,,1700000,0,user_33,995,,
17031,,300000,16400,user_34,995,,
17032,,2500000,0,user_35,995,,
17033,,2000000,0,user_36,995,,
17034,,660000,12800,user_37,995,,
17035,,170000,0,user_39,995,,
17036,,460000,0,user_39,995,,
17037,,340000,0,user_40,995,,
17038,,460000,0,user_40,995,,
17039,,160000,17700000,user_40,995,,
17040,,73000,0,user_40,995,,
17041,,650000,17000,user_40,995,,
17042,,6100000,0,user_41,995,,
17043,,1500000,75000,user_42,995,,
17044,,150000,0,user_44,995,,
17045,,240000,0,user_44,995,,
17046,,150000,0,user_45,995,,
17047,,130000,0,user_46,995,,
17048,,420000,0,user_47,995,,
17049,,1400000,0,user_48,995,,
17050,,1400000,71800,user_49,995,,
16986,0,43000000,71800,user_4,995,995,
17131,1,0,0,builder_5,995,995,16986
17004,2,43000000,0,user_18,995,995,
16987,3,27000000,0,user_5,995,995,
16991,4,6100000,779000,user_9,995,995,
17132,5,0,0,builder_5,995,995,16991
17042,6,6100000,0,user_41,995,995,
16999,7,4500000,0,user_15,995,995,
17005,8,4200000,0,user_19,995,995,
17032,9,2500000,0,user_35,995,995,
17133,10,0,0,builder_5,995,995,16981
16981,11,2300000,6390,user_0,995,995,
17134,12,0,0,builder_5,995,995,16988
16988,13,2100000,181000,user_5,995,995,
16983,14,2000000,0,user_2,995,995,
17033,15,2000000,0,user_36,995,995,
17003,16,1900000,0,user_18,995,995,
17030,17,1700000,0,user_33,995,995,
17016,18,1600000,0,user_25,995,995,
17135,19,0,0,builder_5,995,995,17043
17043,20,1500000,75000,user_42,995,995,
16992,21,1500000,0,user_10,995,995,
16997,22,1500000,0,user_12,995,995,
17136,23,0,0,builder_5,995,995,17050
17050,24,1400000,71800,user_49,995,995,
17049,25,1400000,0,user_48,995,995,
16984,26,1300000,0,user_2,995,995,
17137,27,0,0,builder_5,995,995,17019
17019,28,160000,1100000,user_26,995,995,
17138,29,0,0,builder_5,995,995,17006
17006,30,120000,1100000,user_20,995,995,
17000,31,1200000,0,user_15,995,995,
17018,32,150000,959000,user_26,995,995,
17139,33,0,0,builder_5,995,995,17018
17017,34,1000000,0,user_26,995,995,
17020,35,1000000,0,user_26,995,995,
17140,36,0,0,builder_5,995,995,17034
17034,37,660000,12800,user_37,995,995,
16982,38,670000,0,user_1,995,995,
17011,39,670000,0,user_24,995,995,
16996,40,630000,0,user_12,995,995,
17141,41,0,0,builder_5,995,995,16994
16994,42,220000,350000,user_12,995,995,
17027,43,530000,0,user_31,995,995,
17142,44,0,0,builder_5,995,995,17023
17023,45,240000,285000,user_28,995,995,
17143,46,0,0,builder_5,995,995,16993
16993,47,340000,128000,user_11,995,995,
17036,48,460000,0,user_39,995,995,
16995,49,420000,0,user_12,995,995,
17048,50,420000,0,user_47,995,995,
16980,51,260000,0,user_0,995,995,
17144,52,0,0,builder_5,995,995,16989
16989,53,120000,139000,user_6,995,995,
17035,54,170000,0,user_39,995,995,
16998,55,160000,0,user_13,995,995,
16985,56,150000,0,user_4,995,995,
17046,57,150000,0,user_45,995,995,
17014,58,120000,0,user_25,995,995,
17021,59,120000,0,user_26,995,995,
17028,60,120000,0,user_32,995,995,
16990,61,110000,0,user_7,995,995,
17015,62,110000,0,user_25,995,995,
17013,63,70000,35100,user_25,995,995,
17145,64,0,0,builder_5,995,995,17013
17146,65,0,0,builder_5,995,995,17001
17001,66,73000,16400,user_16,995,995,
17012,67,84000,0,user_25,995,995,
17029,68,82000,0,user_33,995,995,
17191,,420000,0,user_1,996,,
17192,,98000,0,user_3,996,,
17193,,30000000,0,user_3,996,,
17194,,80000,0,user_4,996,,
17195,,5000000,0,user_6,996,,
17196,,160000,959000,user_7,996,,
17197,,1400000,121000,user_7,996,,
17198,,310000,19700,user_11,996,,
17199,,870000,0,user_12,996,,
17200,,84000,0,user_12,996,,
17201,,1600000,0,user_13,996,,
17202,,1200000,0,user_13,996,,
17203,,1000000,0,user_14,996,,
17204,,340000,13800,user_16,996,,
17205,,83000,0,user_17,996,,
17206,,310000,181000,user_18,996,,
17207,,1400000,13900,user_18,996,,
17208,,84000,0,user_19,996,,
17209,,1600000,0,user_20,996,,
17210,,84000,0,user_21,996,,
17211,,82000,0,user_22,996,,
17212,,1000000,0,user_23,996,,
17213,,650000,0,user_24,996,,
17214,,4200000,0,user_24,996,,
17215,,120000,0,user_25,996,,
17216,,130000,0,user_26,996,,
17217,,130000,0,user_26,996,,
17218,,240000,0,user_27,996,,
17219,,1500000,0,user_28,996,,
17220,,910000,0,user_29,996,,
17221,,420000,0,user_30,996,,
17222,,240000,0,user_30,996,,
17223,,3600000,0,user_30,996,,
17224,,27000000,0,user_31,996,,
17225,,2000000,779000,user_31,996,,
17226,,870000,0,user_31,996,,
17227,,27000000,0,user_32,996,,
17228,,220000,7840,user_33,996,,
17229,,530000,296000,user_33,996,,
17230,,360000,35100,user_34,996,,
17231,,4200000,769000,user_35,996,,
17232,,1600000,0,user_36,996,,
17233,,120000,0,user_37,996,,
17234,,170000,369000,user_39,996,,
17235,,910000,0,user_39,996,,
17236,,110000,0,user_40,996,,
17237,,1300000,0,user_42,996,,
17238,,77000,33100,user_44,996,,
17239,,360000,0,user_44,996,,
17240,,82000,0,user_45,996,,
17241,,1000000,0,user_48,996,,
17193,0,30000000,0,user_3,996,996,
17224,1,27000000,0,user_31,996,996,
17227,2,27000000,0,user_32,996,996,
17195,3,5000000,0,user_6,996,996,
17214,4,4200000,0,user_24,996,996,
17231,5,4200000,769000,user_35,996,996,
17223,6,3600000,0,user_30,996,996,
17225,7,2000000,779000,user_31,996,996,
17201,8,1600000,0,user_13,996,996,
17209,9,1600000,0,user_20,996,996,
17232,10,1600000,0,user_36,996,996,
17219,11,1500000,0,user_28,996,996,
17197,12,1400000,121000,user_7,996,996,
17207,13,1400000,13900,user_18,996,996,
17237,14,1300000,0,user_42,996,996,
17202,15,1200000,0,user_13,996,996,
17203,16,1000000,0,user_14,996,996,
17212,17,1000000,0,user_23,996,996,
17241,18,1000000,0,user_48,996,996,
17235,19,910000,0,user_39,996,996,
17199,20,870000,0,user_12,996,996,
17226,21,870000,0,user_31,996,996,
17213,22,650000,0,user_24,996,996,
17229,23,530000,296000,user_33,996,996,
17191,24,420000,0,user_1,996,996,
17221,25,420000,0,user_30,996,996,
17230,26,360000,35100,user_34,996,996,
17239,27,360000,0,user_44,996,996,
17198,28,310000,19700,user_11,996,996,
17206,29,310000,181000,user_18,996,996,
17218,30,240000,0,user_27,996,996,
17222,31,240000,0,user_30,996,996,
17228,32,220000,7840,user_33,996,996,
17234,33,170000,369000,user_39,996,996,
17196,34,160000,959000,user_7,996,996,
17216,35,130000,0,user_26,996,996,
17217,36,130000,0,user_26,996,996,
17236,37,110000,0,user_40,996,996,
17192,38,98000,0,user_3,996,996,
17200,39,84000,0,user_12,996,996,
17208,40,84000,0,user_19,996,996,
17210,41,84000,0,user_21,996,996,
17211,42,82000,0,user_22,996,996,
17194,43,80000,0,user_4,996,996,
17238,44,77000,33100,user_44,996,996,
17331,,600000,0,user_0,997,,
17332,,150000,0,user_0,997,,
17333,,310000,0,user_2,997,,
17334,,3200000,0,user_2,997,,
17335,,120000,0,user_3,997,,
17336,,110000,0,user_4,997,,
17337,,2600000,0,user_6,997,,
17338,,1500000,0,user_9,997,,
17339,,79000,0,user_10,997,,
17340,,1500000,0,user_15,997,,
17341,,150000,0,user_18,997,,
17342,,160000,0,user_18,997,,
17343,,79000,0,user_19,997,,
17344,,120000,0,user_20,997,,
17345,,530000,0,user_21,997,,
17346,,6300000,139000,user_22,997,,
17347,,110000,0,user_23,997,,
17348,,1400000,0,user_23,997,,
17349,,110000,0,user_24,997,,
17350,,300000,0,user_25,997,,
17351,,110000,0,user_25,997,,
17352,,43000000,0,user_26,997,,
17353,,1500000,0,user_27,997,,
17354,,1800000,0,user_28,997,,
17355,,1500000,0,user_29,997,,
17356,,1000000,0,user_30,997,,
17357,,110000,0,user_30,997,,
17358,,120000,64600,user_33,997,,
17359,,660000,21800,user_33,997,,
17360,,6300000,0,user_34,997,,
17361,,460000,0,user_38,997,,
17362,,1000000,0,user_39,997,,
17363,,1300000,0,user_40,997,,
17364,,190000,12300,user_40,997,,
17365,,970000,0,user_40,997,,
17366,,260000,0,user_40,997,,
17367,,260000,296000,user_41,997,,
17368,,2300000,0,user_42,997,,
17369,,4200000,14200,user_43,997,,
17370,,460000,0,user_44,997,,
17371,,1200000,0,user_45,997,,
17372,,2000000,0,user_45,997,,
17373,,120000,0,user_46,997,,
17374,,1500000,0,user_46,997,,
17375,,260000,56200,user_46,997,,
17376,,6100000,322000,user_46,997,,
17377,,460000,0,user_47,997,,
17378,,870000,0,user_48,997,,
17379,,30000000,0,user_49,997,,
17352,0,43000000,0,user_26,997,997,
17379,1,30000000,0,user_49,997,997,
17346,2,6300000,139000,user_22,997,997,
17409,3,0,0,builder_4,997,997,17346
17410,4,0,0,builder_4,997,997,17376
17376,5,6100000,322000,user_46,997,997,
17360,6,6300000,0,user_34,997,997,
17369,7,4200000,14200,user_43,997,997,
17411,8,0,0,builder_4,997,997,17369
17334,9,3200000,0,user_2,997,997,
17337,10,2600000,0,user_6,997,997,
17368,11,2300000,0,user_42,997,997,
17372,12,2000000,0,user_45,997,997,
17354,13,1800000,0,user_28,997,997,
17338,14,1500000,0,user_9,997,997,
17353,15,1500000,0,user_27,997,997,
17355,16,1500000,0,user_29,997,997,
17374,17,1500000,0,user_46,997,997,
17348,18,1400000,0,user_23,997,997,
17363,19,1300000,0,user_40,997,997,
17371,20,1200000,0,user_45,997,997,
17356,21,1000000,0,user_30,997,997,
17365,22,970000,0,user_40,997,997,
17378,23,870000,0,user_48,997,997,
17359,24,660000,21800,user_33,997,997,
17412,25,0,0,builder_4,997,997,17359
17331,26,600000,0,user_0,997,997,
17367,27,260000,296000,user_41,997,997,
17413,28,0,0,builder_4,997,997,17367
17345,29,530000,0,user_21,997,997,
17361,30,460000,0,user_38,997,997,
17370,31,460000,0,user_44,997,997,
17414,32,0,0,builder_4,997,997,17375
17375,33,260000,56200,user_46,997,997,
17333,34,310000,0,user_2,997,997,
17350,35,300000,0,user_25,997,997,
17366,36,260000,0,user_40,997,997,
17415,37,0,0,builder_4,997,997,17364
17364,38,190000,12300,user_40,997,997,
17358,39,120000,64600,user_33,997,997,
17416,40,0,0,builder_4,997,997,17358
17342,41,160000,0,user_18,997,997,
17332,42,150000,0,user_0,997,997,
17341,43,150000,0,user_18,997,997,
17335,44,120000,0,user_3,997,997,
17344,45,120000,0,user_20,997,997,
17373,46,120000,0,user_46,997,997,
17336,47,110000,0,user_4,997,997,
17347,48,110000,0,user_23,997,997,
17349,49,110000,0,user_24,997,997,
17351,50,110000,0,user_25,997,997,
17357,51,110000,0,user_30,997,997,
17339,52,79000,0,user_10,997,997,
17343,53,79000,0,user_19,997,997,
17434,,98000,0,user_1,998,,
17435,,80000,0,user_1,998,,
17436,,160000,0,user_2,998,,
17437,,650000,0,user_3,998,,
17438,,1400000,0,user_6,998,,
17439,,360000,0,user_7,998,,
17440,,220000,13900,user_10,998,,
17441,,1500000,0,user_12,998,,
17442,,220000,0,user_13,998,,
17443,,130000,0,user_14,998,,
17444,,600000,0,user_15,998,,
17445,,77000,0,user_16,998,,
17446,,220000,0,user_18,998,,
17447,,1800000,0,user_21,998,,
17448,,77000,0,user_21,998,,
17449,,260000,0,user_21,998,,
17450,,4200000,0,user_21,998,,
17451,,2400000,0,user_24,998,,
17452,,77000,0,user_26,998,,
17453,,600000,0,user_27,998,,
17454,,260000,0,user_29,998,,
17455,,650000,0,user_30,998,,
17456,,1800000,0,user_30,998,,
17457,,43000000,0,user_30,998,,
17458,,2000000,46500,user_32,998,,
17459,,83000,34700,user_34,998,,
17460,,370000,215000,user_35,998,,
17461,,120000,139000,user_35,998,,
17462,,170000,68100,user_37,998,,
17463,,2400000,0,user_37,998,,
17464,,84000,0,user_40,998,,
17465,,87000,0,user_40,998,,
17466,,220000,0,user_41,998,,
17467,,870000,256000,user_42,998,,
17468,,2100000,285000,user_45,998,,
17469,,2000000,0,user_46,998,,
17470,,2000000,0,user_47,998,,
17471,,130000,0,user_47,998,,
17472,,320000,0,user_48,998,,
17473,,83000,0,user_49,998,,
17457,0,43000000,0,user_30,998,998,
17450,1,4200000,0,user_21,998,998,
17463,2,2400000,0,user_37,998,998,
17458,3,2000000,46500,user_32,998,998,
17474,4,0,0,builder_0,998,998,17458
17469,5,2000000,0,user_46,998,998,
17470,6,2000000,0,user_47,998,998,
17447,7,1800000,0,user_21,998,998,
17456,8,1800000,0,user_30,998,998,
17438,9,1400000,0,user_6,998,998,
17475,10,0,0,builder_0,998,998,17467
17467,11,870000,256000,user_42,998,998,
17437,12,650000,0,user_3,998,998,
17455,13,650000,0,user_30,998,998,
17453,14,600000,0,user_27,998,998,
17476,15,0,0,builder_0,998,998,17460
17460,16,370000,215000,user_35,998,998,
17439,17,360000,0,user_7,998,998,
17472,18,320000,0,user_48,998,998,
17449,19,260000,0,user_21,998,998,
17454,20,260000,0,user_29,998,998,
17477,21,0,0,builder_0,998,998,17461
17461,22,120000,139000,user_35,998,998,
17462,23,170000,68100,user_37,998,998,
17478,24,0,0,builder_0,998,998,17462
17440,25,220000,13900,user_10,998,998,
17479,26,0,0,builder_0,998,998,17440
17442,27,220000,0,user_13,998,998,
17446,28,220000,0,user_18,998,998,
17466,29,220000,0,user_41,998,998,
17436,30,160000,0,user_2,998,998,
17443,31,130000,0,user_14,998,998,
17471,32,130000,0,user_47,998,998,
17434,33,98000,0,user_1,998,998,
17465,34,87000,0,user_40,998,998,
17464,35,84000,0,user_40,998,998,
17473,36,83000,0,user_49,998,998,
17435,37,80000,0,user_1,998,998,
17445,38,77000,0,user_16,998,998,
17448,39,77000,0,user_21,998,998,
17452,40,77000,0,user_26,998,998,
17532,,85000,0,user_1,999,,
17533,,110000,215000,user_5,999,,
17534,,30000000,0,user_6,999,,
17535,,77000,959000,user_7,999,,
17536,,2000000,0,user_8,999,,
17537,,3500000,0,user_9,999,,
17538,,130000,12300,user_9,999,,
17539,,1800000,0,user_10,999,,
17540,,110000,35600,user_11,999,,
17541,,150000,108000,user_12,999,,
17542,,120000,7190000,user_13,999,,
17543,,79000,0,user_13,999,,
17544,,160000,594000,user_14,999,,
17545,,150000,0,user_14,999,,
17546,,110000,8520,user_16,999,,
17547,,2000000,0,user_17,999,,
17548,,6300000,15700,user_17,999,,
17549,,120000,0,user_17,999,,
17550,,1700000,0,user_17,999,,
17551,,5000000,256000,user_17,999,,
17552,,82000,0,user_18,999,,
17553,,150000,0,user_20,999,,
17554,,320000,0,user_20,999,,
17555,,220000,0,user_21,999,,
17556,,220000,10700,user_21,999,,
17557,,150000,0,user_23,999,,
17558,,4500000,67500,user_23,999,,
17559,,150000,594000,user_24,999,,
17560,,1500000,0,user_26,999,,
17561,,83000,7840,user_27,999,,
17562,,1400000,0,user_28,999,,
17563,,910000,13800,user_28,999,,
17564,,6100000,0,user_30,999,,
17565,,1400000,0,user_31,999,,
17566,,84000,779000,user_32,999,,
17567,,110000,0,user_32,999,,
17568,,1000000,0,user_32,999,,
17569,,2400000,0,user_32,999,,
17570,,43000000,0,user_33,999,,
17571,,240000,0,user_34,999,,
17572,,6100000,5640,user_35,999,,
17573,,82000,0,user_36,999,,
17574,,190000,0,user_37,999,,
17575,,160000,0,user_39,999,,
17576,,85000,0,user_42,999,,
17577,,160000,0,user_42,999,,
17578,,82000,545000,user_43,999,,
17579,,340000,0,user_44,999,,
17580,,1200000,0,user_44,999,,
17581,,340000,5640,user_45,999,,
17582,,6300000,0,user_46,999,,
17583,,6100000,42000,user_46,999,,
17584,,1300000,0,user_47,999,,
17585,,420000,67500,user_49,999,,
17570,0,43000000,0,user_33,999,999,
17534,1,30000000,0,user_6,999,999,
17542,2,120000,7190000,user_13,999,999,
17586,3,0,0,builder_0,999,999,17542
17548,4,6300000,15700,user_17,999,999,
17587,5,0,0,builder_0,999,999,17548
17582,6,6300000,0,user_46,999,999,
17588,7,0,0,builder_0,999,999,17583
17583,8,6100000,42000,user_46,999,999,
17572,9,6100000,5640,user_35,999,999,
17589,10,0,0,builder_0,999,999,17572
17564,11,6100000,0,user_30,999,999,
17551,12,5000000,256000,user_17,999,999,
17590,13,0,0,builder_0,999,999,17551
17558,14,4500000,67500,user_23,999,999,
17591,15,0,0,builder_0,999,999,17558
17537,16,3500000,0,user_9,999,999,
17569,17,2400000,0,user_32,999,999,
17536,18,2000000,0,user_8,999,999,
17547,19,2000000,0,user_17,999,999,
17539,20,1800000,0,user_10,999,999,
17550,21,1700000,0,user_17,999,999,
17560,22,1500000,0,user_26,999,999,
17562,23,1400000,0,user_28,999,999,
17565,24,1400000,0,user_31,999,999,
17584,25,1300000,0,user_47,999,999,
17580,26,1200000,0,user_44,999,999,
17592,27,0,0,builder_0,999,999,17535
17535,28,77000,959000,user_7,999,999,
17568,29,1000000,0,user_32,999,999,
17593,30,0,0,builder_0,999,999,17563
17563,31,910000,13800,user_28,999,999,
17566,32,84000,779000,user_32,999,999,
17594,33,0,0,builder_0,999,999,17566
17595,34,0,0,builder_0,999,999,17544
17544,35,160000,594000,user_14,999,999,
17596,36,0,0,builder_0,999,999,17578
17578,37,82000,545000,user_43,999,999,
17585,38,420000,67500,user_49,999,999,
17597,39,0,0,builder_0,999,999,17585
17579,40,340000,0,user_44,999,999,
17554,41,320000,0,user_20,999,999,
17556,42,220000,10700,user_21,999,999,
17598,43,0,0,builder_0,999,999,17556
17555,44,220000,0,user_21,999,999,
17574,45,190000,0,user_37,999,999,
17577,46,160000,0,user_42,999,999,
17545,47,150000,0,user_14,999,999,
17553,48,150000,0,user_20,999,999,
17557,49,150000,0,user_23,999,999,
17599,50,0,0,builder_0,999,999,17540
17540,51,110000,35600,user_11,999,999,
17538,52,130000,12300,user_9,999,999,
17600,53,0,0,builder_0,999,999,17538
17549,54,120000,0,user_17,999,999,
17546,55,110000,8520,user_16,999,999,
17601,56,0,0,builder_0,999,999,17546
17567,57,110000,0,user_32,999,999,
17561,58,83000,7840,user_27,999,999,
17602,59,0,0,builder_0,999,999,17561
17532,60,85000,0,user_1,999,999,
17576,61,85000,0,user_42,999,999,
17552,62,82000,0,user_18,999,999,
17573,63,82000,0,user_36,999,999,
17543,64,79000,0,user_13,999,999,
