id,position,gas_fee,mev_potential,creator_id,created_at,included_at,target_tx
11,2,43000000,0,user_9,0,19,
57,1,43000000,0,user_44,0,19,
61,71,3600000,108000,user_48,0,5,
15,83,2600000,0,user_11,0,5,
10,86,2000000,0,user_8,0,5,
13,94,1100000,0,user_11,0,5,
58,95,1000000,0,user_45,0,5,
6,70,660001,0,user_5,0,4,5
8,71,660001,0,user_5,0,4,5
17,72,660001,0,user_14,0,4,5
19,81,660001,0,user_15,0,4,5
21,73,660001,0,user_17,0,4,5
23,74,660001,0,user_18,0,4,5
24,75,660001,0,user_18,0,4,5
25,76,660001,0,user_18,0,4,5
29,78,660001,0,user_22,0,4,5
41,84,660001,0,user_33,0,4,5
42,85,660001,0,user_33,0,4,5
5,77,660000,14200,user_4,0,3,
59,78,660000,121000,user_45,0,3,
7,80,659999,0,user_5,0,3,5
16,81,659999,0,user_14,0,3,5
22,82,659999,0,user_18,0,3,5
26,83,659999,0,user_18,0,3,5
12,95,310000,0,user_11,0,2,
4,97,260000,0,user_4,0,2,
14,99,220000,0,user_11,0,2,
9,69,150001,0,user_7,0,1,1
2,68,150001,0,user_2,0,1,1
18,72,150001,0,user_15,0,1,1
38,70,150001,0,user_29,0,1,1
1,74,150000,39400,user_1,0,1,
3,76,149999,0,user_3,0,1,1
20,77,149999,0,user_16,0,1,1
30,82,149999,0,user_23,0,1,1
39,80,149999,0,user_30,0,1,1
28,79,149999,0,user_20,0,1,1
56,84,120000,0,user_44,0,1,
0,85,80000,0,user_1,0,1,
11,2,43000000,0,user_9,0,19,
57,1,43000000,0,user_44,0,19,
73,93,3600001,0,user_8,1,6,61
72,94,3600001,0,user_6,1,6,61
83,95,3600001,0,user_20,1,6,61
61,71,3600000,108000,user_48,0,5,
70,73,3599999,0,user_4,1,5,61
69,72,3599999,0,user_3,1,5,61
78,76,3599999,0,user_15,1,5,61
87,77,3599999,0,user_23,1,5,61
94,78,3599999,0,user_30,1,5,61
15,83,2600000,0,user_11,0,5,
10,86,2000000,0,user_8,0,5,
104,90,1700000,0,user_48,1,5,
13,94,1100000,0,user_11,0,5,
58,95,1000000,0,user_45,0,5,
52,96,910000,0,user_40,0,5,
17,72,660001,0,user_14,0,4,5
6,70,660001,0,user_5,0,4,5
8,71,660001,0,user_5,0,4,5
29,78,660001,0,user_22,0,4,5
31,79,660001,0,user_25,0,4,5
32,80,660001,0,user_25,0,4,5
19,81,660001,0,user_15,0,4,5
21,73,660001,0,user_17,0,4,5
23,74,660001,0,user_18,0,4,5
24,75,660001,0,user_18,0,4,5
25,76,660001,0,user_18,0,4,5
35,82,660001,0,user_27,0,4,5
37,77,660001,0,user_28,0,4,5
41,84,660001,0,user_33,0,4,5
42,85,660001,0,user_33,0,4,5
27,69,660001,0,user_19,0,4,5
71,97,660001,0,user_5,1,5,5
48,83,660001,0,user_38,0,4,5
81,88,660001,0,user_18,1,4,5
74,98,660001,0,user_12,1,5,5
84,99,660001,0,user_21,1,5,5
5,77,660000,14200,user_4,0,3,
59,78,660000,121000,user_45,0,3,
16,81,659999,0,user_14,0,3,5
7,80,659999,0,user_5,0,3,5
33,84,659999,0,user_26,0,3,5
34,85,659999,0,user_26,0,3,5
22,82,659999,0,user_18,0,3,5
26,83,659999,0,user_18,0,3,5
43,86,659999,0,user_34,0,3,5
44,87,659999,0,user_34,0,3,5
36,88,659999,0,user_27,0,3,5
46,89,659999,0,user_36,0,3,5
49,90,659999,0,user_38,0,3,5
79,91,659999,0,user_16,1,3,5
80,92,659999,0,user_17,1,3,5
86,94,659999,0,user_22,1,3,5
96,93,659999,0,user_33,1,3,5
55,93,370000,0,user_43,0,2,
101,94,340000,0,user_44,1,2,
12,95,310000,0,user_11,0,2,
103,96,300000,0,user_48,1,2,
4,97,260000,0,user_4,0,2,
51,98,240000,0,user_40,0,2,
14,99,220000,0,user_11,0,2,
77,62,170001,0,user_14,1,1,53
75,63,170001,0,user_13,1,1,53
53,64,170000,42000,user_41,0,1,
68,65,169999,0,user_2,1,1,53
76,66,169999,0,user_14,1,1,53
85,67,169999,0,user_22,1,1,53
2,68,150001,0,user_2,0,1,1
9,69,150001,0,user_7,0,1,1
38,70,150001,0,user_29,0,1,1
45,71,150001,0,user_35,0,1,1
18,72,150001,0,user_15,0,1,1
47,73,150001,0,user_36,0,1,1
1,74,150000,39400,user_1,0,1,
60,75,150000,0,user_46,0,1,
3,76,149999,0,user_3,0,1,1
20,77,149999,0,user_16,0,1,1
50,78,149999,0,user_39,0,1,1
28,79,149999,0,user_20,0,1,1
39,80,149999,0,user_30,0,1,1
40,81,149999,0,user_31,0,1,1
30,82,149999,0,user_23,0,1,1
54,83,130000,0,user_42,0,1,
56,84,120000,0,user_44,0,1,
0,85,80000,0,user_1,0,1,
11,2,43000000,0,user_9,0,19,
57,1,43000000,0,user_44,0,19,
167,5,30000000,6390,user_45,2,19,
102,12,6100000,0,user_46,1,19,
165,53,5000000,67500,user_45,2,19,
72,94,3600001,0,user_6,1,6,61
73,93,3600001,0,user_8,1,6,61
83,95,3600001,0,user_20,1,6,61
123,92,3600001,0,user_2,2,6,61
61,71,3600000,108000,user_48,0,5,
70,73,3599999,0,user_4,1,5,61
69,72,3599999,0,user_3,1,5,61
78,76,3599999,0,user_15,1,5,61
87,77,3599999,0,user_23,1,5,61
93,75,3599999,0,user_28,1,5,61
94,78,3599999,0,user_30,1,5,61
82,74,3599999,0,user_19,1,5,61
129,80,3599999,0,user_9,2,5,61
15,83,2600000,0,user_11,0,5,
10,86,2000000,0,user_8,0,5,
164,87,2000000,0,user_44,2,5,
104,90,1700000,0,user_48,1,5,
170,92,1400000,0,user_48,2,5,
13,94,1100000,0,user_11,0,5,
58,95,1000000,0,user_45,0,5,
52,96,910000,0,user_40,0,5,
17,72,660001,0,user_14,0,4,5
6,70,660001,0,user_5,0,4,5
8,71,660001,0,user_5,0,4,5
19,81,660001,0,user_15,0,4,5
21,73,660001,0,user_17,0,4,5
35,82,660001,0,user_27,0,4,5
41,84,660001,0,user_33,0,4,5
42,85,660001,0,user_33,0,4,5
23,74,660001,0,user_18,0,4,5
24,75,660001,0,user_18,0,4,5
25,76,660001,0,user_18,0,4,5
29,78,660001,0,user_22,0,4,5
27,69,660001,0,user_19,0,4,5
31,79,660001,0,user_25,0,4,5
32,80,660001,0,user_25,0,4,5
37,77,660001,0,user_28,0,4,5
48,83,660001,0,user_38,0,4,5
71,97,660001,0,user_5,1,5,5
74,98,660001,0,user_12,1,5,5
84,99,660001,0,user_21,1,5,5
88,90,660001,0,user_25,1,4,5
90,91,660001,0,user_26,1,4,5
91,92,660001,0,user_26,1,4,5
81,88,660001,0,user_18,1,4,5
95,93,660001,0,user_32,1,4,5
97,94,660001,0,user_34,1,4,5
121,95,660001,0,user_1,2,4,5
125,97,660001,0,user_5,2,4,5
98,96,660001,0,user_35,1,4,59
134,98,660001,0,user_15,2,4,5
139,99,660001,0,user_19,2,4,5
154,70,660001,0,user_34,2,3,5
149,71,660001,0,user_30,2,3,59
5,77,660000,14200,user_4,0,3,
59,78,660000,121000,user_45,0,3,
16,81,659999,0,user_14,0,3,5
7,80,659999,0,user_5,0,3,5
36,88,659999,0,user_27,0,3,5
22,82,659999,0,user_18,0,3,5
26,83,659999,0,user_18,0,3,5
43,86,659999,0,user_34,0,3,5
44,87,659999,0,user_34,0,3,5
33,84,659999,0,user_26,0,3,5
34,85,659999,0,user_26,0,3,5
46,89,659999,0,user_36,0,3,5
49,90,659999,0,user_38,0,3,5
86,94,659999,0,user_22,1,3,5
79,91,659999,0,user_16,1,3,5
80,92,659999,0,user_17,1,3,5
96,93,659999,0,user_33,1,3,5
120,95,659999,0,user_1,2,3,5
122,96,659999,0,user_1,2,3,5
126,98,659999,0,user_5,2,3,5
128,79,659999,0,user_7,2,2,5
119,97,659999,0,user_0,2,3,59
99,99,659999,0,user_38,1,3,59
130,82,659999,0,user_11,2,2,5
135,83,659999,0,user_16,2,2,5
136,84,659999,0,user_16,2,2,5
137,85,659999,0,user_17,2,2,59
131,86,659999,0,user_12,2,2,59
140,87,659999,0,user_20,2,2,5
155,88,659999,0,user_34,2,2,5
158,89,659999,0,user_37,2,2,59
142,90,659999,0,user_23,2,2,5
153,91,659999,0,user_33,2,2,5
168,92,420000,369000,user_45,2,2,
55,93,370000,0,user_43,0,2,
101,94,340000,0,user_44,1,2,
12,95,310000,0,user_11,0,2,
103,96,300000,0,user_48,1,2,
4,97,260000,0,user_4,0,2,
51,98,240000,0,user_40,0,2,
14,99,220000,0,user_11,0,2,
57,1,43000000,0,user_44,0,19,
11,2,43000000,0,user_9,0,19,
167,5,30000000,6390,user_45,2,19,
102,12,6100000,0,user_46,1,19,
197,38,5000001,0,user_15,3,19,165
192,34,5000001,0,user_13,3,19,165
201,35,5000001,0,user_18,3,19,165
208,36,5000001,0,user_23,3,19,165
206,37,5000001,0,user_22,3,19,165
215,40,5000001,0,user_29,3,19,165
169,54,5000000,0,user_46,2,19,
165,53,5000000,67500,user_45,2,19,
194,92,4999999,0,user_15,3,19,165
183,88,4999999,0,user_2,3,19,165
199,89,4999999,0,user_17,3,19,165
217,90,4999999,0,user_30,3,19,165
218,91,4999999,0,user_30,3,19,165
83,95,3600001,0,user_20,1,6,61
73,93,3600001,0,user_8,1,6,61
72,94,3600001,0,user_6,1,6,61
123,92,3600001,0,user_2,2,6,61
61,71,3600000,108000,user_48,0,5,
70,73,3599999,0,user_4,1,5,61
69,72,3599999,0,user_3,1,5,61
78,76,3599999,0,user_15,1,5,61
87,77,3599999,0,user_23,1,5,61
94,78,3599999,0,user_30,1,5,61
93,75,3599999,0,user_28,1,5,61
129,80,3599999,0,user_9,2,5,61
82,74,3599999,0,user_19,1,5,61
145,79,3599999,0,user_25,2,5,61
228,81,3599999,0,user_37,3,5,61
15,83,2600000,0,user_11,0,5,
10,86,2000000,0,user_8,0,5,
164,87,2000000,0,user_44,2,5,
163,88,2000000,0,user_43,2,5,
104,90,1700000,0,user_48,1,5,
170,92,1400000,0,user_48,2,5,
13,94,1100000,0,user_11,0,5,
58,95,1000000,0,user_45,0,5,
52,96,910000,0,user_40,0,5,
6,70,660001,0,user_5,0,4,5
8,71,660001,0,user_5,0,4,5
27,69,660001,0,user_19,0,4,5
17,72,660001,0,user_14,0,4,5
21,73,660001,0,user_17,0,4,5
23,74,660001,0,user_18,0,4,5
24,75,660001,0,user_18,0,4,5
25,76,660001,0,user_18,0,4,5
37,77,660001,0,user_28,0,4,5
19,81,660001,0,user_15,0,4,5
29,78,660001,0,user_22,0,4,5
31,79,660001,0,user_25,0,4,5
32,80,660001,0,user_25,0,4,5
35,82,660001,0,user_27,0,4,5
41,84,660001,0,user_33,0,4,5
42,85,660001,0,user_33,0,4,5
48,83,660001,0,user_38,0,4,5
71,97,660001,0,user_5,1,5,5
74,98,660001,0,user_12,1,5,5
84,99,660001,0,user_21,1,5,5
81,88,660001,0,user_18,1,4,5
97,94,660001,0,user_34,1,4,5
121,95,660001,0,user_1,2,4,5
98,96,660001,0,user_35,1,4,59
95,93,660001,0,user_32,1,4,5
125,97,660001,0,user_5,2,4,5
143,67,660001,0,user_24,2,3,5
156,68,660001,0,user_35,2,3,59
134,98,660001,0,user_15,2,4,5
154,70,660001,0,user_34,2,3,5
149,71,660001,0,user_30,2,3,59
157,72,660001,0,user_36,2,3,5
139,99,660001,0,user_19,2,4,5
88,90,660001,0,user_25,1,4,5
90,91,660001,0,user_26,1,4,5
91,92,660001,0,user_26,1,4,5
5,77,660000,14200,user_4,0,3,
59,78,660000,121000,user_45,0,3,
160,79,660000,0,user_40,2,3,
7,80,659999,0,user_5,0,3,5
16,81,659999,0,user_14,0,3,5
22,82,659999,0,user_18,0,3,5
26,83,659999,0,user_18,0,3,5
33,84,659999,0,user_26,0,3,5
34,85,659999,0,user_26,0,3,5
43,86,659999,0,user_34,0,3,5
44,87,659999,0,user_34,0,3,5
36,88,659999,0,user_27,0,3,5
46,89,659999,0,user_36,0,3,5
49,90,659999,0,user_38,0,3,5
79,91,659999,0,user_16,1,3,5
80,92,659999,0,user_17,1,3,5
96,93,659999,0,user_33,1,3,5
86,94,659999,0,user_22,1,3,5
120,95,659999,0,user_1,2,3,5
122,96,659999,0,user_1,2,3,5
119,97,659999,0,user_0,2,3,59
126,98,659999,0,user_5,2,3,5
99,99,659999,0,user_38,1,3,59
11,2,43000000,0,user_9,0,19,
57,1,43000000,0,user_44,0,19,
167,5,30000000,6390,user_45,2,19,
102,12,6100000,0,user_46,1,19,
306,13,6100000,0,user_47,4,19,
206,37,5000001,0,user_22,3,19,165
211,39,5000001,0,user_26,3,19,165
192,34,5000001,0,user_13,3,19,165
201,35,5000001,0,user_18,3,19,165
208,36,5000001,0,user_23,3,19,165
215,40,5000001,0,user_29,3,19,165
229,41,5000001,0,user_39,3,19,165
197,38,5000001,0,user_15,3,19,165
259,42,5000001,0,user_1,4,19,165
267,43,5000001,0,user_15,4,19,165
263,27,5000001,0,user_10,4,19,165
277,46,5000001,0,user_23,4,19,165
276,44,5000001,0,user_22,4,19,165
165,53,5000000,67500,user_45,2,19,
169,54,5000000,0,user_46,2,19,
183,88,4999999,0,user_2,3,19,165
210,94,4999999,0,user_25,3,19,165
199,89,4999999,0,user_17,3,19,165
209,93,4999999,0,user_24,3,19,165
194,92,4999999,0,user_15,3,19,165
217,90,4999999,0,user_30,3,19,165
218,91,4999999,0,user_30,3,19,165
221,95,4999999,0,user_31,3,19,165
265,97,4999999,0,user_11,4,19,165
266,96,4999999,0,user_13,4,19,165
268,98,4999999,0,user_16,4,19,165
262,81,4999999,0,user_10,4,19,165
292,99,4999999,0,user_34,4,19,165
293,71,4999999,0,user_34,4,17,165
294,72,4999999,0,user_34,4,17,165
286,65,4999999,0,user_30,4,17,165
287,66,4999999,0,user_30,4,17,165
275,98,4999999,0,user_21,4,18,165
285,99,4999999,0,user_29,4,18,165
83,95,3600001,0,user_20,1,6,61
72,94,3600001,0,user_6,1,6,61
73,93,3600001,0,user_8,1,6,61
123,92,3600001,0,user_2,2,6,61
264,97,3600001,0,user_11,4,6,61
260,96,3600001,0,user_4,4,6,61
272,99,3600001,0,user_19,4,6,61
261,64,3600001,0,user_8,4,5,61
61,71,3600000,108000,user_48,0,5,
70,73,3599999,0,user_4,1,5,61
82,74,3599999,0,user_19,1,5,61
69,72,3599999,0,user_3,1,5,61
93,75,3599999,0,user_28,1,5,61
78,76,3599999,0,user_15,1,5,61
87,77,3599999,0,user_23,1,5,61
94,78,3599999,0,user_30,1,5,61
129,80,3599999,0,user_9,2,5,61
145,79,3599999,0,user_25,2,5,61
15,83,2600000,0,user_11,0,5,
232,84,2500000,0,user_43,3,5,
230,85,2100000,39400,user_41,3,5,
10,86,2000000,0,user_8,0,5,
164,87,2000000,0,user_44,2,5,
163,88,2000000,0,user_43,2,5,
233,89,2000000,0,user_43,3,5,
104,90,1700000,0,user_48,1,5,
170,92,1400000,0,user_48,2,5,
13,94,1100000,0,user_11,0,5,
58,95,1000000,0,user_45,0,5,
52,96,910000,0,user_40,0,5,
27,69,660001,0,user_19,0,4,5
6,70,660001,0,user_5,0,4,5
8,71,660001,0,user_5,0,4,5
17,72,660001,0,user_14,0,4,5
21,73,660001,0,user_17,0,4,5
23,74,660001,0,user_18,0,4,5
24,75,660001,0,user_18,0,4,5
25,76,660001,0,user_18,0,4,5
37,77,660001,0,user_28,0,4,5
29,78,660001,0,user_22,0,4,5
31,79,660001,0,user_25,0,4,5
32,80,660001,0,user_25,0,4,5
19,81,660001,0,user_15,0,4,5
35,82,660001,0,user_27,0,4,5
48,83,660001,0,user_38,0,4,5
41,84,660001,0,user_33,0,4,5
42,85,660001,0,user_33,0,4,5
71,97,660001,0,user_5,1,5,5
74,98,660001,0,user_12,1,5,5
81,88,660001,0,user_18,1,4,5
84,99,660001,0,user_21,1,5,5
88,90,660001,0,user_25,1,4,5
90,91,660001,0,user_26,1,4,5
91,92,660001,0,user_26,1,4,5
95,93,660001,0,user_32,1,4,5
97,94,660001,0,user_34,1,4,5
121,95,660001,0,user_1,2,4,5
98,96,660001,0,user_35,1,4,59
125,97,660001,0,user_5,2,4,5
134,98,660001,0,user_15,2,4,5
139,99,660001,0,user_19,2,4,5
57,1,43000000,0,user_44,0,19,
11,2,43000000,0,user_9,0,19,
167,5,30000000,6390,user_45,2,19,
102,12,6100000,0,user_46,1,19,
306,13,6100000,0,user_47,4,19,
197,38,5000001,0,user_15,3,19,165
215,40,5000001,0,user_29,3,19,165
192,34,5000001,0,user_13,3,19,165
201,35,5000001,0,user_18,3,19,165
208,36,5000001,0,user_23,3,19,165
206,37,5000001,0,user_22,3,19,165
259,42,5000001,0,user_1,4,19,165
229,41,5000001,0,user_39,3,19,165
211,39,5000001,0,user_26,3,19,165
276,44,5000001,0,user_22,4,19,165
280,45,5000001,0,user_25,4,19,165
263,27,5000001,0,user_10,4,19,165
277,46,5000001,0,user_23,4,19,165
278,48,5000001,0,user_24,4,19,165
279,49,5000001,0,user_24,4,19,165
267,43,5000001,0,user_15,4,19,165
290,47,5000001,0,user_32,4,19,165
329,28,5000001,0,user_4,5,19,165
335,14,5000001,0,user_12,5,19,165
358,19,5000001,0,user_34,5,19,165
337,15,5000001,0,user_13,5,19,165
356,17,5000001,0,user_33,5,19,165
344,18,5000001,0,user_21,5,19,165
165,53,5000000,67500,user_45,2,19,
169,54,5000000,0,user_46,2,19,
304,52,5000000,0,user_43,4,19,
194,92,4999999,0,user_15,3,19,165
183,88,4999999,0,user_2,3,19,165
199,89,4999999,0,user_17,3,19,165
217,90,4999999,0,user_30,3,19,165
218,91,4999999,0,user_30,3,19,165
209,93,4999999,0,user_24,3,19,165
210,94,4999999,0,user_25,3,19,165
221,95,4999999,0,user_31,3,19,165
265,97,4999999,0,user_11,4,19,165
268,98,4999999,0,user_16,4,19,165
275,98,4999999,0,user_21,4,18,165
262,81,4999999,0,user_10,4,19,165
266,96,4999999,0,user_13,4,19,165
285,99,4999999,0,user_29,4,18,165
295,74,4999999,0,user_35,4,17,165
292,99,4999999,0,user_34,4,19,165
293,71,4999999,0,user_34,4,17,165
294,72,4999999,0,user_34,4,17,165
286,65,4999999,0,user_30,4,17,165
287,66,4999999,0,user_30,4,17,165
296,67,4999999,0,user_36,4,17,165
327,56,4999999,0,user_0,5,19,165
338,57,4999999,0,user_14,5,19,165
333,61,4999999,0,user_10,5,19,165
342,66,4999999,0,user_19,5,19,165
340,58,4999999,0,user_16,5,19,165
353,62,4999999,0,user_30,5,19,165
345,63,4999999,0,user_21,5,19,165
83,95,3600001,0,user_20,1,6,61
72,94,3600001,0,user_6,1,6,61
73,93,3600001,0,user_8,1,6,61
123,92,3600001,0,user_2,2,6,61
260,96,3600001,0,user_4,4,6,61
261,64,3600001,0,user_8,4,5,61
264,97,3600001,0,user_11,4,6,61
283,98,3600001,0,user_27,4,6,61
284,67,3600001,0,user_28,4,5,61
272,99,3600001,0,user_19,4,6,61
328,69,3600001,0,user_3,5,5,61
361,70,3600001,0,user_37,5,5,61
61,71,3600000,108000,user_48,0,5,
69,72,3599999,0,user_3,1,5,61
70,73,3599999,0,user_4,1,5,61
82,74,3599999,0,user_19,1,5,61
93,75,3599999,0,user_28,1,5,61
78,76,3599999,0,user_15,1,5,61
87,77,3599999,0,user_23,1,5,61
94,78,3599999,0,user_30,1,5,61
145,79,3599999,0,user_25,2,5,61
129,80,3599999,0,user_9,2,5,61
228,81,3599999,0,user_37,3,5,61
300,82,3200000,32900,user_42,4,5,
15,83,2600000,0,user_11,0,5,
232,84,2500000,0,user_43,3,5,
230,85,2100000,39400,user_41,3,5,
10,86,2000000,0,user_8,0,5,
164,87,2000000,0,user_44,2,5,
163,88,2000000,0,user_43,2,5,
233,89,2000000,0,user_43,3,5,
104,90,1700000,0,user_48,1,5,
364,91,1600000,0,user_44,5,5,
170,92,1400000,0,user_48,2,5,
299,93,1400000,0,user_40,4,5,
13,94,1100000,0,user_11,0,5,
58,95,1000000,0,user_45,0,5,
52,96,910000,0,user_40,0,5,
71,97,660001,0,user_5,1,5,5
74,98,660001,0,user_12,1,5,5
84,99,660001,0,user_21,1,5,5
57,1,43000000,0,user_44,0,19,
11,2,43000000,0,user_9,0,19,
431,0,43000000,0,user_44,6,19,
167,5,30000000,6390,user_45,2,19,
102,12,6100000,0,user_46,1,19,
306,13,6100000,0,user_47,4,19,
192,34,5000001,0,user_13,3,19,165
201,35,5000001,0,user_18,3,19,165
197,38,5000001,0,user_15,3,19,165
206,37,5000001,0,user_22,3,19,165
211,39,5000001,0,user_26,3,19,165
208,36,5000001,0,user_23,3,19,165
215,40,5000001,0,user_29,3,19,165
229,41,5000001,0,user_39,3,19,165
259,42,5000001,0,user_1,4,19,165
267,43,5000001,0,user_15,4,19,165
263,27,5000001,0,user_10,4,19,165
277,46,5000001,0,user_23,4,19,165
276,44,5000001,0,user_22,4,19,165
280,45,5000001,0,user_25,4,19,165
278,48,5000001,0,user_24,4,19,165
279,49,5000001,0,user_24,4,19,165
290,47,5000001,0,user_32,4,19,165
329,28,5000001,0,user_4,5,19,165
332,29,5000001,0,user_8,5,19,165
335,14,5000001,0,user_12,5,19,165
344,18,5000001,0,user_21,5,19,165
347,30,5000001,0,user_25,5,19,165
359,31,5000001,0,user_35,5,19,165
362,32,5000001,0,user_39,5,19,165
358,19,5000001,0,user_34,5,19,165
337,15,5000001,0,user_13,5,19,165
360,33,5000001,0,user_36,5,19,165
350,16,5000001,0,user_28,5,19,165
356,17,5000001,0,user_33,5,19,165
399,26,5000001,0,user_9,6,19,165
390,22,5000001,0,user_2,6,19,165
392,20,5000001,0,user_4,6,19,165
405,23,5000001,0,user_16,6,19,165
407,24,5000001,0,user_16,6,19,165
411,25,5000001,0,user_18,6,19,165
401,21,5000001,0,user_12,6,19,165
169,54,5000000,0,user_46,2,19,
165,53,5000000,67500,user_45,2,19,
304,52,5000000,0,user_43,4,19,
436,50,5000000,0,user_47,6,19,
183,88,4999999,0,user_2,3,19,165
199,89,4999999,0,user_17,3,19,165
194,92,4999999,0,user_15,3,19,165
210,94,4999999,0,user_25,3,19,165
209,93,4999999,0,user_24,3,19,165
217,90,4999999,0,user_30,3,19,165
218,91,4999999,0,user_30,3,19,165
221,95,4999999,0,user_31,3,19,165
265,97,4999999,0,user_11,4,19,165
266,96,4999999,0,user_13,4,19,165
268,98,4999999,0,user_16,4,19,165
262,81,4999999,0,user_10,4,19,165
275,98,4999999,0,user_21,4,18,165
285,99,4999999,0,user_29,4,18,165
292,99,4999999,0,user_34,4,19,165
293,71,4999999,0,user_34,4,17,165
294,72,4999999,0,user_34,4,17,165
286,65,4999999,0,user_30,4,17,165
287,66,4999999,0,user_30,4,17,165
295,74,4999999,0,user_35,4,17,165
296,67,4999999,0,user_36,4,17,165
333,61,4999999,0,user_10,5,19,165
338,57,4999999,0,user_14,5,19,165
340,58,4999999,0,user_16,5,19,165
327,56,4999999,0,user_0,5,19,165
345,63,4999999,0,user_21,5,19,165
346,82,4999999,0,user_25,5,19,165
348,59,4999999,0,user_27,5,19,165
349,60,4999999,0,user_27,5,19,165
353,62,4999999,0,user_30,5,19,165
354,64,4999999,0,user_31,5,19,165
355,65,4999999,0,user_31,5,19,165
342,66,4999999,0,user_19,5,19,165
395,69,4999999,0,user_7,6,19,165
400,77,4999999,0,user_9,6,19,165
403,70,4999999,0,user_13,6,19,165
404,71,4999999,0,user_16,6,19,165
406,72,4999999,0,user_16,6,19,165
408,73,4999999,0,user_16,6,19,165
410,74,4999999,0,user_18,6,19,165
402,67,4999999,0,user_12,6,19,165
412,78,4999999,0,user_19,6,19,165
424,79,4999999,0,user_37,6,19,165
398,68,4999999,0,user_8,6,19,165
413,75,4999999,0,user_23,6,19,165
419,76,4999999,0,user_30,6,19,165
123,92,3600001,0,user_2,2,6,61
73,93,3600001,0,user_8,1,6,61
72,94,3600001,0,user_6,1,6,61
83,95,3600001,0,user_20,1,6,61
260,96,3600001,0,user_4,4,6,61
264,97,3600001,0,user_11,4,6,61
283,98,3600001,0,user_27,4,6,61
272,99,3600001,0,user_19,4,6,61
57,1,43000000,0,user_44,0,19,
11,2,43000000,0,user_9,0,19,
431,0,43000000,0,user_44,6,19,
167,5,30000000,6390,user_45,2,19,
500,8,19000000,0,user_44,7,19,
102,12,6100000,0,user_46,1,19,
306,13,6100000,0,user_47,4,19,
192,34,5000001,0,user_13,3,19,165
201,35,5000001,0,user_18,3,19,165
208,36,5000001,0,user_23,3,19,165
206,37,5000001,0,user_22,3,19,165
197,38,5000001,0,user_15,3,19,165
211,39,5000001,0,user_26,3,19,165
215,40,5000001,0,user_29,3,19,165
229,41,5000001,0,user_39,3,19,165
263,27,5000001,0,user_10,4,19,165
259,42,5000001,0,user_1,4,19,165
267,43,5000001,0,user_15,4,19,165
276,44,5000001,0,user_22,4,19,165
280,45,5000001,0,user_25,4,19,165
277,46,5000001,0,user_23,4,19,165
290,47,5000001,0,user_32,4,19,165
278,48,5000001,0,user_24,4,19,165
279,49,5000001,0,user_24,4,19,165
329,28,5000001,0,user_4,5,19,165
335,14,5000001,0,user_12,5,19,165
337,15,5000001,0,user_13,5,19,165
356,17,5000001,0,user_33,5,19,165
344,18,5000001,0,user_21,5,19,165
358,19,5000001,0,user_34,5,19,165
359,31,5000001,0,user_35,5,19,165
362,32,5000001,0,user_39,5,19,165
332,29,5000001,0,user_8,5,19,165
347,30,5000001,0,user_25,5,19,165
360,33,5000001,0,user_36,5,19,165
392,20,5000001,0,user_4,6,19,165
350,16,5000001,0,user_28,5,19,165
399,26,5000001,0,user_9,6,19,165
390,22,5000001,0,user_2,6,19,165
405,23,5000001,0,user_16,6,19,165
407,24,5000001,0,user_16,6,19,165
401,21,5000001,0,user_12,6,19,165
411,25,5000001,0,user_18,6,19,165
165,53,5000000,67500,user_45,2,19,
169,54,5000000,0,user_46,2,19,
304,52,5000000,0,user_43,4,19,
436,50,5000000,0,user_47,6,19,
183,88,4999999,0,user_2,3,19,165
199,89,4999999,0,user_17,3,19,165
217,90,4999999,0,user_30,3,19,165
218,91,4999999,0,user_30,3,19,165
194,92,4999999,0,user_15,3,19,165
209,93,4999999,0,user_24,3,19,165
210,94,4999999,0,user_25,3,19,165
221,95,4999999,0,user_31,3,19,165
262,81,4999999,0,user_10,4,19,165
266,96,4999999,0,user_13,4,19,165
265,97,4999999,0,user_11,4,19,165
268,98,4999999,0,user_16,4,19,165
292,99,4999999,0,user_34,4,19,165
293,71,4999999,0,user_34,4,17,165
294,72,4999999,0,user_34,4,17,165
275,98,4999999,0,user_21,4,18,165
285,99,4999999,0,user_29,4,18,165
295,74,4999999,0,user_35,4,17,165
286,65,4999999,0,user_30,4,17,165
287,66,4999999,0,user_30,4,17,165
296,67,4999999,0,user_36,4,17,165
338,57,4999999,0,user_14,5,19,165
327,56,4999999,0,user_0,5,19,165
340,58,4999999,0,user_16,5,19,165
348,59,4999999,0,user_27,5,19,165
349,60,4999999,0,user_27,5,19,165
333,61,4999999,0,user_10,5,19,165
345,63,4999999,0,user_21,5,19,165
342,66,4999999,0,user_19,5,19,165
353,62,4999999,0,user_30,5,19,165
346,82,4999999,0,user_25,5,19,165
354,64,4999999,0,user_31,5,19,165
355,65,4999999,0,user_31,5,19,165
400,77,4999999,0,user_9,6,19,165
393,83,4999999,0,user_6,6,19,165
394,84,4999999,0,user_6,6,19,165
395,69,4999999,0,user_7,6,19,165
398,68,4999999,0,user_8,6,19,165
404,71,4999999,0,user_16,6,19,165
406,72,4999999,0,user_16,6,19,165
408,73,4999999,0,user_16,6,19,165
415,85,4999999,0,user_25,6,19,165
402,67,4999999,0,user_12,6,19,165
403,70,4999999,0,user_13,6,19,165
410,74,4999999,0,user_18,6,19,165
421,86,4999999,0,user_36,6,19,165
422,87,4999999,0,user_36,6,19,165
412,78,4999999,0,user_19,6,19,165
424,79,4999999,0,user_37,6,19,165
413,75,4999999,0,user_23,6,19,165
419,76,4999999,0,user_30,6,19,165
425,80,4999999,0,user_38,6,19,165
503,99,4500000,0,user_45,7,9,
11,2,43000000,0,user_9,0,19,
57,1,43000000,0,user_44,0,19,
431,0,43000000,0,user_44,6,19,
167,5,30000000,6390,user_45,2,19,
500,8,19000000,0,user_44,7,19,
306,13,6100000,0,user_47,4,19,
102,12,6100000,0,user_46,1,19,
206,37,5000001,0,user_22,3,19,165
192,34,5000001,0,user_13,3,19,165
201,35,5000001,0,user_18,3,19,165
208,36,5000001,0,user_23,3,19,165
197,38,5000001,0,user_15,3,19,165
211,39,5000001,0,user_26,3,19,165
215,40,5000001,0,user_29,3,19,165
276,44,5000001,0,user_22,4,19,165
259,42,5000001,0,user_1,4,19,165
277,46,5000001,0,user_23,4,19,165
278,48,5000001,0,user_24,4,19,165
279,49,5000001,0,user_24,4,19,165
267,43,5000001,0,user_15,4,19,165
263,27,5000001,0,user_10,4,19,165
290,47,5000001,0,user_32,4,19,165
280,45,5000001,0,user_25,4,19,165
329,28,5000001,0,user_4,5,19,165
337,15,5000001,0,user_13,5,19,165
335,14,5000001,0,user_12,5,19,165
350,16,5000001,0,user_28,5,19,165
358,19,5000001,0,user_34,5,19,165
229,41,5000001,0,user_39,3,19,165
332,29,5000001,0,user_8,5,19,165
344,18,5000001,0,user_21,5,19,165
347,30,5000001,0,user_25,5,19,165
359,31,5000001,0,user_35,5,19,165
362,32,5000001,0,user_39,5,19,165
360,33,5000001,0,user_36,5,19,165
356,17,5000001,0,user_33,5,19,165
392,20,5000001,0,user_4,6,19,165
401,21,5000001,0,user_12,6,19,165
390,22,5000001,0,user_2,6,19,165
405,23,5000001,0,user_16,6,19,165
407,24,5000001,0,user_16,6,19,165
399,26,5000001,0,user_9,6,19,165
411,25,5000001,0,user_18,6,19,165
304,52,5000000,0,user_43,4,19,
165,53,5000000,67500,user_45,2,19,
169,54,5000000,0,user_46,2,19,
436,50,5000000,0,user_47,6,19,
183,88,4999999,0,user_2,3,19,165
199,89,4999999,0,user_17,3,19,165
209,93,4999999,0,user_24,3,19,165
194,92,4999999,0,user_15,3,19,165
217,90,4999999,0,user_30,3,19,165
218,91,4999999,0,user_30,3,19,165
210,94,4999999,0,user_25,3,19,165
221,95,4999999,0,user_31,3,19,165
265,97,4999999,0,user_11,4,19,165
266,96,4999999,0,user_13,4,19,165
268,98,4999999,0,user_16,4,19,165
262,81,4999999,0,user_10,4,19,165
286,65,4999999,0,user_30,4,17,165
287,66,4999999,0,user_30,4,17,165
275,98,4999999,0,user_21,4,18,165
292,99,4999999,0,user_34,4,19,165
293,71,4999999,0,user_34,4,17,165
294,72,4999999,0,user_34,4,17,165
285,99,4999999,0,user_29,4,18,165
295,74,4999999,0,user_35,4,17,165
296,67,4999999,0,user_36,4,17,165
333,61,4999999,0,user_10,5,19,165
327,56,4999999,0,user_0,5,19,165
342,66,4999999,0,user_19,5,19,165
338,57,4999999,0,user_14,5,19,165
340,58,4999999,0,user_16,5,19,165
345,63,4999999,0,user_21,5,19,165
346,82,4999999,0,user_25,5,19,165
348,59,4999999,0,user_27,5,19,165
349,60,4999999,0,user_27,5,19,165
353,62,4999999,0,user_30,5,19,165
354,64,4999999,0,user_31,5,19,165
355,65,4999999,0,user_31,5,19,165
395,69,4999999,0,user_7,6,19,165
402,67,4999999,0,user_12,6,19,165
403,70,4999999,0,user_13,6,19,165
404,71,4999999,0,user_16,6,19,165
406,72,4999999,0,user_16,6,19,165
408,73,4999999,0,user_16,6,19,165
400,77,4999999,0,user_9,6,19,165
410,74,4999999,0,user_18,6,19,165
412,78,4999999,0,user_19,6,19,165
424,79,4999999,0,user_37,6,19,165
398,68,4999999,0,user_8,6,19,165
413,75,4999999,0,user_23,6,19,165
419,76,4999999,0,user_30,6,19,165
415,85,4999999,0,user_25,6,19,165
421,86,4999999,0,user_36,6,19,165
422,87,4999999,0,user_36,6,19,165
393,83,4999999,0,user_6,6,19,165
394,84,4999999,0,user_6,6,19,165
425,80,4999999,0,user_38,6,19,165
503,99,4500000,0,user_45,7,9,
431,0,43000000,0,user_44,6,19,
57,1,43000000,0,user_44,0,19,
11,2,43000000,0,user_9,0,19,
167,5,30000000,6390,user_45,2,19,
500,8,19000000,0,user_44,7,19,
306,13,6100000,0,user_47,4,19,
102,12,6100000,0,user_46,1,19,
192,34,5000001,0,user_13,3,19,165
201,35,5000001,0,user_18,3,19,165
208,36,5000001,0,user_23,3,19,165
206,37,5000001,0,user_22,3,19,165
197,38,5000001,0,user_15,3,19,165
211,39,5000001,0,user_26,3,19,165
215,40,5000001,0,user_29,3,19,165
229,41,5000001,0,user_39,3,19,165
259,42,5000001,0,user_1,4,19,165
277,46,5000001,0,user_23,4,19,165
278,48,5000001,0,user_24,4,19,165
279,49,5000001,0,user_24,4,19,165
276,44,5000001,0,user_22,4,19,165
280,45,5000001,0,user_25,4,19,165
267,43,5000001,0,user_15,4,19,165
263,27,5000001,0,user_10,4,19,165
290,47,5000001,0,user_32,4,19,165
329,28,5000001,0,user_4,5,19,165
337,15,5000001,0,user_13,5,19,165
335,14,5000001,0,user_12,5,19,165
344,18,5000001,0,user_21,5,19,165
350,16,5000001,0,user_28,5,19,165
332,29,5000001,0,user_8,5,19,165
347,30,5000001,0,user_25,5,19,165
360,33,5000001,0,user_36,5,19,165
358,19,5000001,0,user_34,5,19,165
356,17,5000001,0,user_33,5,19,165
359,31,5000001,0,user_35,5,19,165
362,32,5000001,0,user_39,5,19,165
390,22,5000001,0,user_2,6,19,165
392,20,5000001,0,user_4,6,19,165
401,21,5000001,0,user_12,6,19,165
405,23,5000001,0,user_16,6,19,165
407,24,5000001,0,user_16,6,19,165
411,25,5000001,0,user_18,6,19,165
399,26,5000001,0,user_9,6,19,165
304,52,5000000,0,user_43,4,19,
165,53,5000000,67500,user_45,2,19,
169,54,5000000,0,user_46,2,19,
436,50,5000000,0,user_47,6,19,
199,89,4999999,0,user_17,3,19,165
209,93,4999999,0,user_24,3,19,165
217,90,4999999,0,user_30,3,19,165
218,91,4999999,0,user_30,3,19,165
221,95,4999999,0,user_31,3,19,165
194,92,4999999,0,user_15,3,19,165
210,94,4999999,0,user_25,3,19,165
266,96,4999999,0,user_13,4,19,165
265,97,4999999,0,user_11,4,19,165
268,98,4999999,0,user_16,4,19,165
275,98,4999999,0,user_21,4,18,165
286,65,4999999,0,user_30,4,17,165
287,66,4999999,0,user_30,4,17,165
296,67,4999999,0,user_36,4,17,165
183,88,4999999,0,user_2,3,19,165
262,81,4999999,0,user_10,4,19,165
292,99,4999999,0,user_34,4,19,165
293,71,4999999,0,user_34,4,17,165
294,72,4999999,0,user_34,4,17,165
285,99,4999999,0,user_29,4,18,165
295,74,4999999,0,user_35,4,17,165
327,56,4999999,0,user_0,5,19,165
342,66,4999999,0,user_19,5,19,165
338,57,4999999,0,user_14,5,19,165
340,58,4999999,0,user_16,5,19,165
345,63,4999999,0,user_21,5,19,165
353,62,4999999,0,user_30,5,19,165
354,64,4999999,0,user_31,5,19,165
355,65,4999999,0,user_31,5,19,165
346,82,4999999,0,user_25,5,19,165
348,59,4999999,0,user_27,5,19,165
349,60,4999999,0,user_27,5,19,165
333,61,4999999,0,user_10,5,19,165
403,70,4999999,0,user_13,6,19,165
395,69,4999999,0,user_7,6,19,165
402,67,4999999,0,user_12,6,19,165
412,78,4999999,0,user_19,6,19,165
404,71,4999999,0,user_16,6,19,165
406,72,4999999,0,user_16,6,19,165
408,73,4999999,0,user_16,6,19,165
410,74,4999999,0,user_18,6,19,165
424,79,4999999,0,user_37,6,19,165
393,83,4999999,0,user_6,6,19,165
394,84,4999999,0,user_6,6,19,165
398,68,4999999,0,user_8,6,19,165
415,85,4999999,0,user_25,6,19,165
421,86,4999999,0,user_36,6,19,165
422,87,4999999,0,user_36,6,19,165
400,77,4999999,0,user_9,6,19,165
413,75,4999999,0,user_23,6,19,165
419,76,4999999,0,user_30,6,19,165
425,80,4999999,0,user_38,6,19,165
503,99,4500000,0,user_45,7,9,
431,0,43000000,0,user_44,6,19,
57,1,43000000,0,user_44,0,19,
11,2,43000000,0,user_9,0,19,
167,5,30000000,6390,user_45,2,19,
630,4,30000000,0,user_40,9,19,
500,8,19000000,0,user_44,7,19,
102,12,6100000,0,user_46,1,19,
306,13,6100000,0,user_47,4,19,
405,23,5000001,0,user_16,6,19,165
407,24,5000001,0,user_16,6,19,165
411,25,5000001,0,user_18,6,19,165
329,28,5000001,0,user_4,5,19,165
335,14,5000001,0,user_12,5,19,165
337,15,5000001,0,user_13,5,19,165
332,29,5000001,0,user_8,5,19,165
344,18,5000001,0,user_21,5,19,165
347,30,5000001,0,user_25,5,19,165
360,33,5000001,0,user_36,5,19,165
358,19,5000001,0,user_34,5,19,165
356,17,5000001,0,user_33,5,19,165
359,31,5000001,0,user_35,5,19,165
390,22,5000001,0,user_2,6,19,165
392,20,5000001,0,user_4,6,19,165
401,21,5000001,0,user_12,6,19,165
399,26,5000001,0,user_9,6,19,165
350,16,5000001,0,user_28,5,19,165
192,34,5000001,0,user_13,3,19,165
201,35,5000001,0,user_18,3,19,165
197,38,5000001,0,user_15,3,19,165
206,37,5000001,0,user_22,3,19,165
211,39,5000001,0,user_26,3,19,165
208,36,5000001,0,user_23,3,19,165
215,40,5000001,0,user_29,3,19,165
229,41,5000001,0,user_39,3,19,165
259,42,5000001,0,user_1,4,19,165
267,43,5000001,0,user_15,4,19,165
263,27,5000001,0,user_10,4,19,165
277,46,5000001,0,user_23,4,19,165
276,44,5000001,0,user_22,4,19,165
280,45,5000001,0,user_25,4,19,165
278,48,5000001,0,user_24,4,19,165
279,49,5000001,0,user_24,4,19,165
290,47,5000001,0,user_32,4,19,165
362,32,5000001,0,user_39,5,19,165
436,50,5000000,0,user_47,6,19,
169,54,5000000,0,user_46,2,19,
165,53,5000000,67500,user_45,2,19,
304,52,5000000,0,user_43,4,19,
424,79,4999999,0,user_37,6,19,165
393,83,4999999,0,user_6,6,19,165
394,84,4999999,0,user_6,6,19,165
403,70,4999999,0,user_13,6,19,165
404,71,4999999,0,user_16,6,19,165
406,72,4999999,0,user_16,6,19,165
408,73,4999999,0,user_16,6,19,165
410,74,4999999,0,user_18,6,19,165
425,80,4999999,0,user_38,6,19,165
342,66,4999999,0,user_19,5,19,165
398,68,4999999,0,user_8,6,19,165
415,85,4999999,0,user_25,6,19,165
421,86,4999999,0,user_36,6,19,165
422,87,4999999,0,user_36,6,19,165
327,56,4999999,0,user_0,5,19,165
338,57,4999999,0,user_14,5,19,165
340,58,4999999,0,user_16,5,19,165
348,59,4999999,0,user_27,5,19,165
349,60,4999999,0,user_27,5,19,165
345,63,4999999,0,user_21,5,19,165
346,82,4999999,0,user_25,5,19,165
353,62,4999999,0,user_30,5,19,165
354,64,4999999,0,user_31,5,19,165
355,65,4999999,0,user_31,5,19,165
333,61,4999999,0,user_10,5,19,165
395,69,4999999,0,user_7,6,19,165
402,67,4999999,0,user_12,6,19,165
412,78,4999999,0,user_19,6,19,165
400,77,4999999,0,user_9,6,19,165
413,75,4999999,0,user_23,6,19,165
419,76,4999999,0,user_30,6,19,165
183,88,4999999,0,user_2,3,19,165
199,89,4999999,0,user_17,3,19,165
194,92,4999999,0,user_15,3,19,165
210,94,4999999,0,user_25,3,19,165
209,93,4999999,0,user_24,3,19,165
217,90,4999999,0,user_30,3,19,165
218,91,4999999,0,user_30,3,19,165
221,95,4999999,0,user_31,3,19,165
265,97,4999999,0,user_11,4,19,165
266,96,4999999,0,user_13,4,19,165
268,98,4999999,0,user_16,4,19,165
262,81,4999999,0,user_10,4,19,165
275,98,4999999,0,user_21,4,18,165
285,99,4999999,0,user_29,4,18,165
292,99,4999999,0,user_34,4,19,165
293,71,4999999,0,user_34,4,17,165
294,72,4999999,0,user_34,4,17,165
286,65,4999999,0,user_30,4,17,165
287,66,4999999,0,user_30,4,17,165
295,74,4999999,0,user_35,4,17,165
296,67,4999999,0,user_36,4,17,165
431,0,43000000,0,user_44,6,19,
57,1,43000000,0,user_44,0,19,
11,2,43000000,0,user_9,0,19,
167,5,30000000,6390,user_45,2,19,
630,4,30000000,0,user_40,9,19,
500,8,19000000,0,user_44,7,19,
102,12,6100000,0,user_46,1,19,
306,13,6100000,0,user_47,4,19,
263,27,5000001,0,user_10,4,19,165
329,28,5000001,0,user_4,5,19,165
335,14,5000001,0,user_12,5,19,165
337,15,5000001,0,user_13,5,19,165
356,17,5000001,0,user_33,5,19,165
358,19,5000001,0,user_34,5,19,165
344,18,5000001,0,user_21,5,19,165
332,29,5000001,0,user_8,5,19,165
347,30,5000001,0,user_25,5,19,165
359,31,5000001,0,user_35,5,19,165
362,32,5000001,0,user_39,5,19,165
360,33,5000001,0,user_36,5,19,165
401,21,5000001,0,user_12,6,19,165
405,23,5000001,0,user_16,6,19,165
407,24,5000001,0,user_16,6,19,165
390,22,5000001,0,user_2,6,19,165
392,20,5000001,0,user_4,6,19,165
411,25,5000001,0,user_18,6,19,165
399,26,5000001,0,user_9,6,19,165
192,34,5000001,0,user_13,3,19,165
201,35,5000001,0,user_18,3,19,165
208,36,5000001,0,user_23,3,19,165
206,37,5000001,0,user_22,3,19,165
197,38,5000001,0,user_15,3,19,165
211,39,5000001,0,user_26,3,19,165
215,40,5000001,0,user_29,3,19,165
229,41,5000001,0,user_39,3,19,165
259,42,5000001,0,user_1,4,19,165
267,43,5000001,0,user_15,4,19,165
276,44,5000001,0,user_22,4,19,165
280,45,5000001,0,user_25,4,19,165
277,46,5000001,0,user_23,4,19,165
290,47,5000001,0,user_32,4,19,165
278,48,5000001,0,user_24,4,19,165
279,49,5000001,0,user_24,4,19,165
350,16,5000001,0,user_28,5,19,165
304,52,5000000,0,user_43,4,19,
436,50,5000000,0,user_47,6,19,
165,53,5000000,67500,user_45,2,19,
169,54,5000000,0,user_46,2,19,
262,81,4999999,0,user_10,4,19,165
327,56,4999999,0,user_0,5,19,165
338,57,4999999,0,user_14,5,19,165
340,58,4999999,0,user_16,5,19,165
353,62,4999999,0,user_30,5,19,165
342,66,4999999,0,user_19,5,19,165
345,63,4999999,0,user_21,5,19,165
354,64,4999999,0,user_31,5,19,165
355,65,4999999,0,user_31,5,19,165
346,82,4999999,0,user_25,5,19,165
348,59,4999999,0,user_27,5,19,165
349,60,4999999,0,user_27,5,19,165
333,61,4999999,0,user_10,5,19,165
402,67,4999999,0,user_12,6,19,165
404,71,4999999,0,user_16,6,19,165
406,72,4999999,0,user_16,6,19,165
408,73,4999999,0,user_16,6,19,165
403,70,4999999,0,user_13,6,19,165
398,68,4999999,0,user_8,6,19,165
395,69,4999999,0,user_7,6,19,165
410,74,4999999,0,user_18,6,19,165
413,75,4999999,0,user_23,6,19,165
419,76,4999999,0,user_30,6,19,165
412,78,4999999,0,user_19,6,19,165
424,79,4999999,0,user_37,6,19,165
393,83,4999999,0,user_6,6,19,165
394,84,4999999,0,user_6,6,19,165
415,85,4999999,0,user_25,6,19,165
421,86,4999999,0,user_36,6,19,165
422,87,4999999,0,user_36,6,19,165
400,77,4999999,0,user_9,6,19,165
425,80,4999999,0,user_38,6,19,165
183,88,4999999,0,user_2,3,19,165
199,89,4999999,0,user_17,3,19,165
217,90,4999999,0,user_30,3,19,165
218,91,4999999,0,user_30,3,19,165
194,92,4999999,0,user_15,3,19,165
209,93,4999999,0,user_24,3,19,165
210,94,4999999,0,user_25,3,19,165
221,95,4999999,0,user_31,3,19,165
266,96,4999999,0,user_13,4,19,165
265,97,4999999,0,user_11,4,19,165
268,98,4999999,0,user_16,4,19,165
292,99,4999999,0,user_34,4,19,165
293,71,4999999,0,user_34,4,17,165
294,72,4999999,0,user_34,4,17,165
275,98,4999999,0,user_21,4,18,165
285,99,4999999,0,user_29,4,18,165
295,74,4999999,0,user_35,4,17,165
286,65,4999999,0,user_30,4,17,165
287,66,4999999,0,user_30,4,17,165
296,67,4999999,0,user_36,4,17,165
431,0,43000000,0,user_44,6,19,
11,2,43000000,0,user_9,0,19,
57,1,43000000,0,user_44,0,19,
167,5,30000000,6390,user_45,2,19,
630,4,30000000,0,user_40,9,19,
500,8,19000000,0,user_44,7,19,
306,13,6100000,0,user_47,4,19,
102,12,6100000,0,user_46,1,19,
392,20,5000001,0,user_4,6,19,165
401,21,5000001,0,user_12,6,19,165
405,23,5000001,0,user_16,6,19,165
407,24,5000001,0,user_16,6,19,165
411,25,5000001,0,user_18,6,19,165
390,22,5000001,0,user_2,6,19,165
206,37,5000001,0,user_22,3,19,165
192,34,5000001,0,user_13,3,19,165
201,35,5000001,0,user_18,3,19,165
208,36,5000001,0,user_23,3,19,165
197,38,5000001,0,user_15,3,19,165
211,39,5000001,0,user_26,3,19,165
215,40,5000001,0,user_29,3,19,165
276,44,5000001,0,user_22,4,19,165
259,42,5000001,0,user_1,4,19,165
277,46,5000001,0,user_23,4,19,165
278,48,5000001,0,user_24,4,19,165
279,49,5000001,0,user_24,4,19,165
267,43,5000001,0,user_15,4,19,165
263,27,5000001,0,user_10,4,19,165
290,47,5000001,0,user_32,4,19,165
280,45,5000001,0,user_25,4,19,165
329,28,5000001,0,user_4,5,19,165
337,15,5000001,0,user_13,5,19,165
335,14,5000001,0,user_12,5,19,165
350,16,5000001,0,user_28,5,19,165
358,19,5000001,0,user_34,5,19,165
229,41,5000001,0,user_39,3,19,165
332,29,5000001,0,user_8,5,19,165
344,18,5000001,0,user_21,5,19,165
347,30,5000001,0,user_25,5,19,165
359,31,5000001,0,user_35,5,19,165
362,32,5000001,0,user_39,5,19,165
360,33,5000001,0,user_36,5,19,165
356,17,5000001,0,user_33,5,19,165
399,26,5000001,0,user_9,6,19,165
436,50,5000000,0,user_47,6,19,
304,52,5000000,0,user_43,4,19,
165,53,5000000,67500,user_45,2,19,
169,54,5000000,0,user_46,2,19,
775,51,5000000,13900,user_49,11,19,
403,70,4999999,0,user_13,6,19,165
395,69,4999999,0,user_7,6,19,165
402,67,4999999,0,user_12,6,19,165
412,78,4999999,0,user_19,6,19,165
404,71,4999999,0,user_16,6,19,165
406,72,4999999,0,user_16,6,19,165
408,73,4999999,0,user_16,6,19,165
410,74,4999999,0,user_18,6,19,165
398,68,4999999,0,user_8,6,19,165
415,85,4999999,0,user_25,6,19,165
421,86,4999999,0,user_36,6,19,165
422,87,4999999,0,user_36,6,19,165
393,83,4999999,0,user_6,6,19,165
394,84,4999999,0,user_6,6,19,165
425,80,4999999,0,user_38,6,19,165
424,79,4999999,0,user_37,6,19,165
413,75,4999999,0,user_23,6,19,165
419,76,4999999,0,user_30,6,19,165
183,88,4999999,0,user_2,3,19,165
199,89,4999999,0,user_17,3,19,165
209,93,4999999,0,user_24,3,19,165
194,92,4999999,0,user_15,3,19,165
217,90,4999999,0,user_30,3,19,165
218,91,4999999,0,user_30,3,19,165
210,94,4999999,0,user_25,3,19,165
221,95,4999999,0,user_31,3,19,165
265,97,4999999,0,user_11,4,19,165
266,96,4999999,0,user_13,4,19,165
268,98,4999999,0,user_16,4,19,165
262,81,4999999,0,user_10,4,19,165
