id,position,gas_fee,mev_potential,creator_id,created_at,included_at,target_tx
11,0,43000000,0,user_9,0,19,
15,46,2600000,0,user_11,0,19,
10,85,2000000,0,user_8,0,19,
13,94,1100000,0,user_11,0,16,
17,86,660001,0,user_14,0,7,5
21,87,660001,0,user_17,0,7,5
23,88,660001,0,user_18,0,7,5
24,89,660001,0,user_18,0,7,5
25,90,660001,0,user_18,0,7,5
31,94,660001,0,user_25,0,7,5
32,95,660001,0,user_25,0,7,5
6,60,660001,0,user_5,0,5,5
8,61,660001,0,user_5,0,5,5
37,93,660001,0,user_28,0,7,5
29,85,660001,0,user_22,0,7,5
27,62,660001,0,user_19,0,5,5
19,91,660001,0,user_15,0,7,5
35,92,660001,0,user_27,0,7,5
52,76,660001,0,user_40,0,5,5
48,77,660001,0,user_38,0,5,5
62,80,660001,0,user_47,0,5,5
41,96,660001,0,user_33,0,7,5
42,97,660001,0,user_33,0,7,5
60,78,660001,0,user_44,0,5,5
55,79,660001,0,user_42,0,5,5
5,73,660000,14200,user_4,0,2,
16,74,659999,0,user_14,0,2,5
22,75,659999,0,user_18,0,2,5
26,76,659999,0,user_18,0,2,5
7,57,659999,0,user_5,0,1,5
33,78,659999,0,user_26,0,2,5
34,79,659999,0,user_26,0,2,5
36,77,659999,0,user_27,0,2,5
46,80,659999,0,user_36,0,2,5
49,82,659999,0,user_38,0,2,5
43,83,659999,0,user_34,0,2,5
44,84,659999,0,user_34,0,2,5
53,85,659999,0,user_41,0,2,5
54,86,659999,0,user_41,0,2,5
59,87,659999,0,user_44,0,2,5
61,88,659999,0,user_45,0,2,5
12,95,310000,0,user_11,0,1,
4,96,260000,0,user_4,0,1,
14,97,220000,0,user_11,0,1,
2,99,150001,0,user_2,0,1,1
9,45,150001,0,user_7,0,0,1
45,46,150001,0,user_35,0,0,1
18,47,150001,0,user_15,0,0,1
47,48,150001,0,user_36,0,0,1
51,49,150001,0,user_40,0,0,1
38,50,150001,0,user_29,0,0,1
1,51,150000,39400,user_1,0,0,
3,52,149999,0,user_3,0,0,1
20,53,149999,0,user_16,0,0,1
39,54,149999,0,user_30,0,0,1
28,55,149999,0,user_20,0,0,1
40,56,149999,0,user_31,0,0,1
50,57,149999,0,user_39,0,0,1
30,58,149999,0,user_23,0,0,1
0,59,80000,0,user_1,0,0,
11,0,43000000,0,user_9,0,19,
15,46,2600000,0,user_11,0,19,
10,85,2000000,0,user_8,0,19,
13,94,1100000,0,user_11,0,16,
64,95,1000000,0,user_49,0,16,
6,60,660001,0,user_5,0,5,5
8,61,660001,0,user_5,0,5,5
27,62,660001,0,user_19,0,5,5
17,86,660001,0,user_14,0,7,5
21,87,660001,0,user_17,0,7,5
23,88,660001,0,user_18,0,7,5
24,89,660001,0,user_18,0,7,5
25,90,660001,0,user_18,0,7,5
37,93,660001,0,user_28,0,7,5
29,85,660001,0,user_22,0,7,5
19,91,660001,0,user_15,0,7,5
41,96,660001,0,user_33,0,7,5
42,97,660001,0,user_33,0,7,5
31,94,660001,0,user_25,0,7,5
32,95,660001,0,user_25,0,7,5
35,92,660001,0,user_27,0,7,5
52,76,660001,0,user_40,0,5,5
48,77,660001,0,user_38,0,5,5
60,78,660001,0,user_44,0,5,5
55,79,660001,0,user_42,0,5,5
62,80,660001,0,user_47,0,5,5
56,98,660001,0,user_43,0,7,5
57,99,660001,0,user_43,0,7,5
69,98,660001,0,user_1,1,15,5
70,99,660001,0,user_1,1,15,5
71,53,660001,0,user_1,1,6,5
80,56,660001,0,user_11,1,6,5
83,57,660001,0,user_14,1,6,5
106,63,660001,0,user_33,1,6,5
107,64,660001,0,user_33,1,6,5
77,58,660001,0,user_7,1,6,5
88,62,660001,0,user_20,1,6,5
79,66,660001,0,user_9,1,6,5
82,89,660001,0,user_13,1,6,5
75,54,660001,0,user_6,1,6,5
76,55,660001,0,user_6,1,6,5
94,68,660001,0,user_22,1,6,5
100,69,660001,0,user_30,1,6,5
104,70,660001,0,user_30,1,6,5
78,61,660001,0,user_8,1,6,5
97,65,660001,0,user_25,1,6,5
95,67,660001,0,user_24,1,6,5
116,71,660001,0,user_36,1,6,5
115,73,660001,0,user_35,1,6,5
121,74,660001,0,user_44,1,6,5
110,75,660001,0,user_34,1,6,5
87,59,660001,0,user_19,1,6,5
122,76,660001,0,user_45,1,6,5
123,77,660001,0,user_45,1,6,5
98,60,660001,0,user_28,1,6,5
124,70,660001,0,user_46,1,4,5
5,73,660000,14200,user_4,0,2,
7,57,659999,0,user_5,0,1,5
16,74,659999,0,user_14,0,2,5
22,75,659999,0,user_18,0,2,5
26,76,659999,0,user_18,0,2,5
33,78,659999,0,user_26,0,2,5
34,79,659999,0,user_26,0,2,5
36,77,659999,0,user_27,0,2,5
46,80,659999,0,user_36,0,2,5
43,83,659999,0,user_34,0,2,5
44,84,659999,0,user_34,0,2,5
49,82,659999,0,user_38,0,2,5
53,85,659999,0,user_41,0,2,5
54,86,659999,0,user_41,0,2,5
59,87,659999,0,user_44,0,2,5
61,88,659999,0,user_45,0,2,5
58,81,659999,0,user_43,0,2,5
72,89,659999,0,user_1,1,2,5
73,90,659999,0,user_1,1,2,5
74,92,659999,0,user_3,1,2,5
81,91,659999,0,user_12,1,2,5
84,93,659999,0,user_16,1,2,5
89,98,659999,0,user_21,1,2,5
90,99,659999,0,user_21,1,2,5
91,80,659999,0,user_21,1,1,5
92,81,659999,0,user_21,1,1,5
93,82,659999,0,user_21,1,1,5
85,95,659999,0,user_18,1,2,5
86,96,659999,0,user_18,1,2,5
102,85,659999,0,user_30,1,1,5
103,86,659999,0,user_30,1,1,5
96,94,659999,0,user_24,1,2,5
105,88,659999,0,user_31,1,1,5
114,89,659999,0,user_35,1,1,5
108,90,659999,0,user_34,1,1,5
111,91,659999,0,user_34,1,1,5
119,92,659999,0,user_42,1,1,5
99,97,659999,0,user_28,1,2,5
126,94,659999,0,user_47,1,1,5
12,95,310000,0,user_11,0,1,
4,96,260000,0,user_4,0,1,
14,97,220000,0,user_11,0,1,
63,98,170000,0,user_49,0,1,
2,99,150001,0,user_2,0,1,1
11,0,43000000,0,user_9,0,19,
15,46,2600000,0,user_11,0,19,
10,85,2000000,0,user_8,0,19,
13,94,1100000,0,user_11,0,16,
64,95,1000000,0,user_49,0,16,
29,85,660001,0,user_22,0,7,5
17,86,660001,0,user_14,0,7,5
21,87,660001,0,user_17,0,7,5
23,88,660001,0,user_18,0,7,5
24,89,660001,0,user_18,0,7,5
25,90,660001,0,user_18,0,7,5
19,91,660001,0,user_15,0,7,5
35,92,660001,0,user_27,0,7,5
37,93,660001,0,user_28,0,7,5
31,94,660001,0,user_25,0,7,5
32,95,660001,0,user_25,0,7,5
41,96,660001,0,user_33,0,7,5
42,97,660001,0,user_33,0,7,5
56,98,660001,0,user_43,0,7,5
57,99,660001,0,user_43,0,7,5
52,76,660001,0,user_40,0,5,5
27,62,660001,0,user_19,0,5,5
48,77,660001,0,user_38,0,5,5
62,80,660001,0,user_47,0,5,5
60,78,660001,0,user_44,0,5,5
55,79,660001,0,user_42,0,5,5
69,98,660001,0,user_1,1,15,5
70,99,660001,0,user_1,1,15,5
71,53,660001,0,user_1,1,6,5
75,54,660001,0,user_6,1,6,5
76,55,660001,0,user_6,1,6,5
94,68,660001,0,user_22,1,6,5
80,56,660001,0,user_11,1,6,5
83,57,660001,0,user_14,1,6,5
95,67,660001,0,user_24,1,6,5
77,58,660001,0,user_7,1,6,5
98,60,660001,0,user_28,1,6,5
78,61,660001,0,user_8,1,6,5
82,89,660001,0,user_13,1,6,5
88,62,660001,0,user_20,1,6,5
106,63,660001,0,user_33,1,6,5
107,64,660001,0,user_33,1,6,5
97,65,660001,0,user_25,1,6,5
79,66,660001,0,user_9,1,6,5
100,69,660001,0,user_30,1,6,5
104,70,660001,0,user_30,1,6,5
116,71,660001,0,user_36,1,6,5
120,72,660001,0,user_43,1,6,5
87,59,660001,0,user_19,1,6,5
124,70,660001,0,user_46,1,4,5
6,60,660001,0,user_5,0,5,5
8,61,660001,0,user_5,0,5,5
115,73,660001,0,user_35,1,6,5
121,74,660001,0,user_44,1,6,5
110,75,660001,0,user_34,1,6,5
122,76,660001,0,user_45,1,6,5
123,77,660001,0,user_45,1,6,5
139,88,660001,0,user_10,2,11,5
140,89,660001,0,user_10,2,11,5
141,78,660001,0,user_11,2,6,5
149,79,660001,0,user_17,2,6,5
176,92,660001,0,user_37,2,6,5
177,93,660001,0,user_37,2,6,5
159,90,660001,0,user_22,2,11,5
161,91,660001,0,user_25,2,11,5
162,92,660001,0,user_26,2,11,5
163,93,660001,0,user_26,2,11,5
165,94,660001,0,user_26,2,11,5
171,94,660001,0,user_32,2,6,5
169,85,660001,0,user_29,2,6,5
172,95,660001,0,user_33,2,11,5
185,86,660001,0,user_46,2,4,5
167,87,660001,0,user_27,2,6,5
5,73,660000,14200,user_4,0,2,
16,74,659999,0,user_14,0,2,5
22,75,659999,0,user_18,0,2,5
26,76,659999,0,user_18,0,2,5
36,77,659999,0,user_27,0,2,5
33,78,659999,0,user_26,0,2,5
34,79,659999,0,user_26,0,2,5
46,80,659999,0,user_36,0,2,5
58,81,659999,0,user_43,0,2,5
49,82,659999,0,user_38,0,2,5
43,83,659999,0,user_34,0,2,5
44,84,659999,0,user_34,0,2,5
53,85,659999,0,user_41,0,2,5
54,86,659999,0,user_41,0,2,5
59,87,659999,0,user_44,0,2,5
61,88,659999,0,user_45,0,2,5
72,89,659999,0,user_1,1,2,5
73,90,659999,0,user_1,1,2,5
81,91,659999,0,user_12,1,2,5
74,92,659999,0,user_3,1,2,5
84,93,659999,0,user_16,1,2,5
96,94,659999,0,user_24,1,2,5
85,95,659999,0,user_18,1,2,5
86,96,659999,0,user_18,1,2,5
99,97,659999,0,user_28,1,2,5
89,98,659999,0,user_21,1,2,5
90,99,659999,0,user_21,1,2,5
11,0,43000000,0,user_9,0,19,
188,20,6100000,0,user_49,2,19,
15,46,2600000,0,user_11,0,19,
190,47,2300000,0,user_49,2,19,
206,70,2000001,0,user_7,3,19,189
213,71,2000001,0,user_9,3,19,189
189,84,2000000,322000,user_49,2,19,
10,85,2000000,0,user_8,0,19,
198,90,1999999,0,user_4,3,18,189
201,92,1999999,0,user_5,3,18,189
205,91,1999999,0,user_7,3,18,189
236,95,1999999,0,user_39,3,18,189
227,94,1999999,0,user_26,3,18,189
212,96,1999999,0,user_9,3,18,189
13,94,1100000,0,user_11,0,16,
64,95,1000000,0,user_49,0,16,
141,78,660001,0,user_11,2,6,5
149,79,660001,0,user_17,2,6,5
167,87,660001,0,user_27,2,6,5
172,95,660001,0,user_33,2,11,5
159,90,660001,0,user_22,2,11,5
161,91,660001,0,user_25,2,11,5
162,92,660001,0,user_26,2,11,5
163,93,660001,0,user_26,2,11,5
165,94,660001,0,user_26,2,11,5
139,88,660001,0,user_10,2,11,5
140,89,660001,0,user_10,2,11,5
171,94,660001,0,user_32,2,6,5
169,85,660001,0,user_29,2,6,5
176,92,660001,0,user_37,2,6,5
177,93,660001,0,user_37,2,6,5
181,96,660001,0,user_43,2,11,5
185,86,660001,0,user_46,2,4,5
200,97,660001,0,user_5,3,11,5
202,98,660001,0,user_5,3,11,5
203,99,660001,0,user_5,3,11,5
204,78,660001,0,user_5,3,7,5
120,72,660001,0,user_43,1,6,5
217,80,660001,0,user_17,3,11,5
230,84,660001,0,user_28,3,11,5
216,82,660001,0,user_14,3,11,5
223,83,660001,0,user_22,3,11,5
242,85,660001,0,user_47,3,11,5
23,88,660001,0,user_18,0,7,5
24,89,660001,0,user_18,0,7,5
25,90,660001,0,user_18,0,7,5
6,60,660001,0,user_5,0,5,5
8,61,660001,0,user_5,0,5,5
19,91,660001,0,user_15,0,7,5
35,92,660001,0,user_27,0,7,5
41,96,660001,0,user_33,0,7,5
42,97,660001,0,user_33,0,7,5
27,62,660001,0,user_19,0,5,5
37,93,660001,0,user_28,0,7,5
48,77,660001,0,user_38,0,5,5
31,94,660001,0,user_25,0,7,5
32,95,660001,0,user_25,0,7,5
29,85,660001,0,user_22,0,7,5
52,76,660001,0,user_40,0,5,5
55,79,660001,0,user_42,0,5,5
60,78,660001,0,user_44,0,5,5
80,56,660001,0,user_11,1,6,5
56,98,660001,0,user_43,0,7,5
57,99,660001,0,user_43,0,7,5
82,89,660001,0,user_13,1,6,5
69,98,660001,0,user_1,1,15,5
70,99,660001,0,user_1,1,15,5
71,53,660001,0,user_1,1,6,5
83,57,660001,0,user_14,1,6,5
77,58,660001,0,user_7,1,6,5
95,67,660001,0,user_24,1,6,5
79,66,660001,0,user_9,1,6,5
87,59,660001,0,user_19,1,6,5
75,54,660001,0,user_6,1,6,5
76,55,660001,0,user_6,1,6,5
94,68,660001,0,user_22,1,6,5
100,69,660001,0,user_30,1,6,5
104,70,660001,0,user_30,1,6,5
106,63,660001,0,user_33,1,6,5
107,64,660001,0,user_33,1,6,5
98,60,660001,0,user_28,1,6,5
124,70,660001,0,user_46,1,4,5
21,87,660001,0,user_17,0,7,5
121,74,660001,0,user_44,1,6,5
110,75,660001,0,user_34,1,6,5
122,76,660001,0,user_45,1,6,5
123,77,660001,0,user_45,1,6,5
88,62,660001,0,user_20,1,6,5
78,61,660001,0,user_8,1,6,5
97,65,660001,0,user_25,1,6,5
116,71,660001,0,user_36,1,6,5
115,73,660001,0,user_35,1,6,5
17,86,660001,0,user_14,0,7,5
209,80,660001,0,user_8,3,7,5
211,81,660001,0,user_8,3,7,5
225,67,660001,0,user_24,3,8,5
226,68,660001,0,user_24,3,8,5
214,72,660001,0,user_10,3,11,5
62,80,660001,0,user_47,0,5,5
235,79,660001,0,user_34,3,7,5
11,0,43000000,0,user_9,0,19,
188,20,6100000,0,user_49,2,19,
15,46,2600000,0,user_11,0,19,
190,47,2300000,0,user_49,2,19,
206,70,2000001,0,user_7,3,19,189
213,71,2000001,0,user_9,3,19,189
253,65,2000001,0,user_4,4,19,189
274,66,2000001,0,user_17,4,19,189
299,67,2000001,0,user_38,4,19,189
301,68,2000001,0,user_40,4,19,189
10,85,2000000,0,user_8,0,19,
189,84,2000000,322000,user_49,2,19,
198,90,1999999,0,user_4,3,18,189
201,92,1999999,0,user_5,3,18,189
205,91,1999999,0,user_7,3,18,189
220,93,1999999,0,user_20,3,18,189
227,94,1999999,0,user_26,3,18,189
236,95,1999999,0,user_39,3,18,189
212,96,1999999,0,user_9,3,18,189
268,87,1999999,0,user_16,4,17,189
275,97,1999999,0,user_20,4,18,189
276,98,1999999,0,user_20,4,18,189
287,99,1999999,0,user_28,4,18,189
13,94,1100000,0,user_11,0,16,
64,95,1000000,0,user_49,0,16,
27,62,660001,0,user_19,0,5,5
6,60,660001,0,user_5,0,5,5
8,61,660001,0,user_5,0,5,5
17,86,660001,0,user_14,0,7,5
21,87,660001,0,user_17,0,7,5
23,88,660001,0,user_18,0,7,5
24,89,660001,0,user_18,0,7,5
25,90,660001,0,user_18,0,7,5
37,93,660001,0,user_28,0,7,5
29,85,660001,0,user_22,0,7,5
31,94,660001,0,user_25,0,7,5
32,95,660001,0,user_25,0,7,5
19,91,660001,0,user_15,0,7,5
35,92,660001,0,user_27,0,7,5
48,77,660001,0,user_38,0,5,5
41,96,660001,0,user_33,0,7,5
42,97,660001,0,user_33,0,7,5
52,76,660001,0,user_40,0,5,5
60,78,660001,0,user_44,0,5,5
55,79,660001,0,user_42,0,5,5
62,80,660001,0,user_47,0,5,5
56,98,660001,0,user_43,0,7,5
57,99,660001,0,user_43,0,7,5
69,98,660001,0,user_1,1,15,5
70,99,660001,0,user_1,1,15,5
71,53,660001,0,user_1,1,6,5
82,89,660001,0,user_13,1,6,5
77,58,660001,0,user_7,1,6,5
80,56,660001,0,user_11,1,6,5
87,59,660001,0,user_19,1,6,5
88,62,660001,0,user_20,1,6,5
83,57,660001,0,user_14,1,6,5
98,60,660001,0,user_28,1,6,5
79,66,660001,0,user_9,1,6,5
95,67,660001,0,user_24,1,6,5
75,54,660001,0,user_6,1,6,5
76,55,660001,0,user_6,1,6,5
94,68,660001,0,user_22,1,6,5
100,69,660001,0,user_30,1,6,5
104,70,660001,0,user_30,1,6,5
78,61,660001,0,user_8,1,6,5
97,65,660001,0,user_25,1,6,5
116,71,660001,0,user_36,1,6,5
106,63,660001,0,user_33,1,6,5
107,64,660001,0,user_33,1,6,5
124,70,660001,0,user_46,1,4,5
115,73,660001,0,user_35,1,6,5
121,74,660001,0,user_44,1,6,5
110,75,660001,0,user_34,1,6,5
122,76,660001,0,user_45,1,6,5
123,77,660001,0,user_45,1,6,5
141,78,660001,0,user_11,2,6,5
120,72,660001,0,user_43,1,6,5
149,79,660001,0,user_17,2,6,5
161,91,660001,0,user_25,2,11,5
159,90,660001,0,user_22,2,11,5
162,92,660001,0,user_26,2,11,5
163,93,660001,0,user_26,2,11,5
165,94,660001,0,user_26,2,11,5
167,87,660001,0,user_27,2,6,5
172,95,660001,0,user_33,2,11,5
185,86,660001,0,user_46,2,4,5
139,88,660001,0,user_10,2,11,5
140,89,660001,0,user_10,2,11,5
171,94,660001,0,user_32,2,6,5
176,92,660001,0,user_37,2,6,5
177,93,660001,0,user_37,2,6,5
169,85,660001,0,user_29,2,6,5
181,96,660001,0,user_43,2,11,5
200,97,660001,0,user_5,3,11,5
202,98,660001,0,user_5,3,11,5
203,99,660001,0,user_5,3,11,5
204,78,660001,0,user_5,3,7,5
214,72,660001,0,user_10,3,11,5
217,80,660001,0,user_17,3,11,5
11,0,43000000,0,user_9,0,19,
188,20,6100000,0,user_49,2,19,
15,46,2600000,0,user_11,0,19,
190,47,2300000,0,user_49,2,19,
206,70,2000001,0,user_7,3,19,189
213,71,2000001,0,user_9,3,19,189
253,65,2000001,0,user_4,4,19,189
274,66,2000001,0,user_17,4,19,189
301,68,2000001,0,user_40,4,19,189
299,67,2000001,0,user_38,4,19,189
321,69,2000001,0,user_4,5,19,189
345,73,2000001,0,user_27,5,19,189
347,74,2000001,0,user_33,5,19,189
330,75,2000001,0,user_9,5,19,189
343,72,2000001,0,user_25,5,19,189
189,84,2000000,322000,user_49,2,19,
10,85,2000000,0,user_8,0,19,
198,90,1999999,0,user_4,3,18,189
205,91,1999999,0,user_7,3,18,189
201,92,1999999,0,user_5,3,18,189
220,93,1999999,0,user_20,3,18,189
227,94,1999999,0,user_26,3,18,189
236,95,1999999,0,user_39,3,18,189
212,96,1999999,0,user_9,3,18,189
275,97,1999999,0,user_20,4,18,189
276,98,1999999,0,user_20,4,18,189
287,99,1999999,0,user_28,4,18,189
268,87,1999999,0,user_16,4,17,189
13,94,1100000,0,user_11,0,16,
64,95,1000000,0,user_49,0,16,
181,96,660001,0,user_43,2,11,5
200,97,660001,0,user_5,3,11,5
202,98,660001,0,user_5,3,11,5
203,99,660001,0,user_5,3,11,5
204,78,660001,0,user_5,3,7,5
216,82,660001,0,user_14,3,11,5
217,80,660001,0,user_17,3,11,5
230,84,660001,0,user_28,3,11,5
209,80,660001,0,user_8,3,7,5
211,81,660001,0,user_8,3,7,5
223,83,660001,0,user_22,3,11,5
214,72,660001,0,user_10,3,11,5
235,79,660001,0,user_34,3,7,5
242,85,660001,0,user_47,3,11,5
225,67,660001,0,user_24,3,8,5
226,68,660001,0,user_24,3,8,5
231,81,660001,0,user_29,3,11,5
254,69,660001,0,user_4,4,11,5
139,88,660001,0,user_10,2,11,5
140,89,660001,0,user_10,2,11,5
122,76,660001,0,user_45,1,6,5
123,77,660001,0,user_45,1,6,5
176,92,660001,0,user_37,2,6,5
177,93,660001,0,user_37,2,6,5
172,95,660001,0,user_33,2,11,5
167,87,660001,0,user_27,2,6,5
252,68,660001,0,user_3,4,11,5
264,70,660001,0,user_14,4,11,5
282,74,660001,0,user_25,4,11,5
283,75,660001,0,user_26,4,11,5
6,60,660001,0,user_5,0,5,5
8,61,660001,0,user_5,0,5,5
27,62,660001,0,user_19,0,5,5
17,86,660001,0,user_14,0,7,5
21,87,660001,0,user_17,0,7,5
23,88,660001,0,user_18,0,7,5
24,89,660001,0,user_18,0,7,5
25,90,660001,0,user_18,0,7,5
37,93,660001,0,user_28,0,7,5
29,85,660001,0,user_22,0,7,5
19,91,660001,0,user_15,0,7,5
41,96,660001,0,user_33,0,7,5
42,97,660001,0,user_33,0,7,5
31,94,660001,0,user_25,0,7,5
32,95,660001,0,user_25,0,7,5
35,92,660001,0,user_27,0,7,5
52,76,660001,0,user_40,0,5,5
48,77,660001,0,user_38,0,5,5
60,78,660001,0,user_44,0,5,5
55,79,660001,0,user_42,0,5,5
62,80,660001,0,user_47,0,5,5
56,98,660001,0,user_43,0,7,5
57,99,660001,0,user_43,0,7,5
69,98,660001,0,user_1,1,15,5
70,99,660001,0,user_1,1,15,5
71,53,660001,0,user_1,1,6,5
80,56,660001,0,user_11,1,6,5
83,57,660001,0,user_14,1,6,5
106,63,660001,0,user_33,1,6,5
107,64,660001,0,user_33,1,6,5
77,58,660001,0,user_7,1,6,5
88,62,660001,0,user_20,1,6,5
79,66,660001,0,user_9,1,6,5
82,89,660001,0,user_13,1,6,5
75,54,660001,0,user_6,1,6,5
76,55,660001,0,user_6,1,6,5
94,68,660001,0,user_22,1,6,5
100,69,660001,0,user_30,1,6,5
104,70,660001,0,user_30,1,6,5
78,61,660001,0,user_8,1,6,5
11,0,43000000,0,user_9,0,19,
188,20,6100000,0,user_49,2,19,
15,46,2600000,0,user_11,0,19,
190,47,2300000,0,user_49,2,19,
253,65,2000001,0,user_4,4,19,189
274,66,2000001,0,user_17,4,19,189
299,67,2000001,0,user_38,4,19,189
301,68,2000001,0,user_40,4,19,189
321,69,2000001,0,user_4,5,19,189
206,70,2000001,0,user_7,3,19,189
213,71,2000001,0,user_9,3,19,189
343,72,2000001,0,user_25,5,19,189
345,73,2000001,0,user_27,5,19,189
347,74,2000001,0,user_33,5,19,189
330,75,2000001,0,user_9,5,19,189
376,76,2000001,0,user_4,6,19,189
377,77,2000001,0,user_6,6,19,189
418,78,2000001,0,user_36,6,19,189
189,84,2000000,322000,user_49,2,19,
10,85,2000000,0,user_8,0,19,
275,97,1999999,0,user_20,4,18,189
276,98,1999999,0,user_20,4,18,189
287,99,1999999,0,user_28,4,18,189
268,87,1999999,0,user_16,4,17,189
201,92,1999999,0,user_5,3,18,189
198,90,1999999,0,user_4,3,18,189
220,93,1999999,0,user_20,3,18,189
227,94,1999999,0,user_26,3,18,189
205,91,1999999,0,user_7,3,18,189
212,96,1999999,0,user_9,3,18,189
236,95,1999999,0,user_39,3,18,189
387,85,1999999,0,user_13,6,18,189
392,86,1999999,0,user_18,6,18,189
13,94,1100000,0,user_11,0,16,
64,95,1000000,0,user_49,0,16,
252,68,660001,0,user_3,4,11,5
254,69,660001,0,user_4,4,11,5
264,70,660001,0,user_14,4,11,5
278,71,660001,0,user_23,4,11,5
281,76,660001,0,user_24,4,11,5
282,74,660001,0,user_25,4,11,5
283,75,660001,0,user_26,4,11,5
296,73,660001,0,user_33,4,11,5
298,77,660001,0,user_35,4,11,5
303,78,660001,0,user_43,4,11,5
284,45,660001,0,user_27,4,6,5
285,46,660001,0,user_27,4,6,5
200,97,660001,0,user_5,3,11,5
202,98,660001,0,user_5,3,11,5
203,99,660001,0,user_5,3,11,5
204,78,660001,0,user_5,3,7,5
69,98,660001,0,user_1,1,15,5
70,99,660001,0,user_1,1,15,5
71,53,660001,0,user_1,1,6,5
75,54,660001,0,user_6,1,6,5
76,55,660001,0,user_6,1,6,5
80,56,660001,0,user_11,1,6,5
83,57,660001,0,user_14,1,6,5
77,58,660001,0,user_7,1,6,5
87,59,660001,0,user_19,1,6,5
98,60,660001,0,user_28,1,6,5
78,61,660001,0,user_8,1,6,5
88,62,660001,0,user_20,1,6,5
106,63,660001,0,user_33,1,6,5
107,64,660001,0,user_33,1,6,5
97,65,660001,0,user_25,1,6,5
79,66,660001,0,user_9,1,6,5
95,67,660001,0,user_24,1,6,5
94,68,660001,0,user_22,1,6,5
100,69,660001,0,user_30,1,6,5
104,70,660001,0,user_30,1,6,5
116,71,660001,0,user_36,1,6,5
120,72,660001,0,user_43,1,6,5
115,73,660001,0,user_35,1,6,5
121,74,660001,0,user_44,1,6,5
110,75,660001,0,user_34,1,6,5
122,76,660001,0,user_45,1,6,5
123,77,660001,0,user_45,1,6,5
141,78,660001,0,user_11,2,6,5
149,79,660001,0,user_17,2,6,5
159,90,660001,0,user_22,2,11,5
161,91,660001,0,user_25,2,11,5
162,92,660001,0,user_26,2,11,5
163,93,660001,0,user_26,2,11,5
165,94,660001,0,user_26,2,11,5
169,85,660001,0,user_29,2,6,5
172,95,660001,0,user_33,2,11,5
167,87,660001,0,user_27,2,6,5
181,96,660001,0,user_43,2,11,5
82,89,660001,0,user_13,1,6,5
139,88,660001,0,user_10,2,11,5
140,89,660001,0,user_10,2,11,5
176,92,660001,0,user_37,2,6,5
177,93,660001,0,user_37,2,6,5
171,94,660001,0,user_32,2,6,5
217,80,660001,0,user_17,3,11,5
209,80,660001,0,user_8,3,7,5
211,81,660001,0,user_8,3,7,5
216,82,660001,0,user_14,3,11,5
223,83,660001,0,user_22,3,11,5
11,0,43000000,0,user_9,0,19,
188,20,6100000,0,user_49,2,19,
15,46,2600000,0,user_11,0,19,
190,47,2300000,0,user_49,2,19,
321,69,2000001,0,user_4,5,19,189
343,72,2000001,0,user_25,5,19,189
345,73,2000001,0,user_27,5,19,189
347,74,2000001,0,user_33,5,19,189
253,65,2000001,0,user_4,4,19,189
274,66,2000001,0,user_17,4,19,189
299,67,2000001,0,user_38,4,19,189
301,68,2000001,0,user_40,4,19,189
330,75,2000001,0,user_9,5,19,189
376,76,2000001,0,user_4,6,19,189
206,70,2000001,0,user_7,3,19,189
213,71,2000001,0,user_9,3,19,189
377,77,2000001,0,user_6,6,19,189
418,78,2000001,0,user_36,6,19,189
189,84,2000000,322000,user_49,2,19,
10,85,2000000,0,user_8,0,19,
268,87,1999999,0,user_16,4,17,189
287,99,1999999,0,user_28,4,18,189
275,97,1999999,0,user_20,4,18,189
276,98,1999999,0,user_20,4,18,189
387,85,1999999,0,user_13,6,18,189
220,93,1999999,0,user_20,3,18,189
236,95,1999999,0,user_39,3,18,189
227,94,1999999,0,user_26,3,18,189
392,86,1999999,0,user_18,6,18,189
198,90,1999999,0,user_4,3,18,189
205,91,1999999,0,user_7,3,18,189
201,92,1999999,0,user_5,3,18,189
212,96,1999999,0,user_9,3,18,189
13,94,1100000,0,user_11,0,16,
64,95,1000000,0,user_49,0,16,
320,80,660001,0,user_3,5,14,5
339,82,660001,0,user_20,5,14,5
340,84,660001,0,user_21,5,14,5
329,83,660001,0,user_8,5,14,5
341,81,660001,0,user_22,5,14,5
352,85,660001,0,user_36,5,14,5
361,88,660001,0,user_45,5,14,5
346,87,660001,0,user_30,5,14,5
351,65,660001,0,user_35,5,11,5
359,86,660001,0,user_43,5,14,5
372,89,660001,0,user_1,6,14,5
252,68,660001,0,user_3,4,11,5
254,69,660001,0,user_4,4,11,5
264,70,660001,0,user_14,4,11,5
278,71,660001,0,user_23,4,11,5
214,72,660001,0,user_10,3,11,5
296,73,660001,0,user_33,4,11,5
282,74,660001,0,user_25,4,11,5
283,75,660001,0,user_26,4,11,5
281,76,660001,0,user_24,4,11,5
298,77,660001,0,user_35,4,11,5
303,78,660001,0,user_43,4,11,5
383,96,660001,0,user_10,6,14,5
217,80,660001,0,user_17,3,11,5
231,81,660001,0,user_29,3,11,5
216,82,660001,0,user_14,3,11,5
223,83,660001,0,user_22,3,11,5
230,84,660001,0,user_28,3,11,5
242,85,660001,0,user_47,3,11,5
396,98,660001,0,user_19,6,14,5
390,90,660001,0,user_18,6,14,5
139,88,660001,0,user_10,2,11,5
140,89,660001,0,user_10,2,11,5
159,90,660001,0,user_22,2,11,5
161,91,660001,0,user_25,2,11,5
162,92,660001,0,user_26,2,11,5
163,93,660001,0,user_26,2,11,5
165,94,660001,0,user_26,2,11,5
172,95,660001,0,user_33,2,11,5
181,96,660001,0,user_43,2,11,5
200,97,660001,0,user_5,3,11,5
202,98,660001,0,user_5,3,11,5
203,99,660001,0,user_5,3,11,5
204,78,660001,0,user_5,3,7,5
235,79,660001,0,user_34,3,7,5
209,80,660001,0,user_8,3,7,5
211,81,660001,0,user_8,3,7,5
415,99,660001,0,user_34,6,14,5
416,92,660001,0,user_34,6,13,5
429,93,660001,0,user_45,6,13,5
29,85,660001,0,user_22,0,7,5
17,86,660001,0,user_14,0,7,5
21,87,660001,0,user_17,0,7,5
23,88,660001,0,user_18,0,7,5
24,89,660001,0,user_18,0,7,5
25,90,660001,0,user_18,0,7,5
19,91,660001,0,user_15,0,7,5
35,92,660001,0,user_27,0,7,5
37,93,660001,0,user_28,0,7,5
31,94,660001,0,user_25,0,7,5
32,95,660001,0,user_25,0,7,5
41,96,660001,0,user_33,0,7,5
42,97,660001,0,user_33,0,7,5
56,98,660001,0,user_43,0,7,5
57,99,660001,0,user_43,0,7,5
11,0,43000000,0,user_9,0,19,
188,20,6100000,0,user_49,2,19,
485,45,3600000,0,user_49,7,19,
15,46,2600000,0,user_11,0,19,
190,47,2300000,0,user_49,2,19,
376,76,2000001,0,user_4,6,19,189
418,78,2000001,0,user_36,6,19,189
377,77,2000001,0,user_6,6,19,189
213,71,2000001,0,user_9,3,19,189
253,65,2000001,0,user_4,4,19,189
301,68,2000001,0,user_40,4,19,189
274,66,2000001,0,user_17,4,19,189
299,67,2000001,0,user_38,4,19,189
321,69,2000001,0,user_4,5,19,189
347,74,2000001,0,user_33,5,19,189
343,72,2000001,0,user_25,5,19,189
345,73,2000001,0,user_27,5,19,189
330,75,2000001,0,user_9,5,19,189
206,70,2000001,0,user_7,3,19,189
538,63,2000001,0,user_37,8,19,189
553,62,2000001,0,user_46,8,19,189
10,85,2000000,0,user_8,0,19,
189,84,2000000,322000,user_49,2,19,
387,85,1999999,0,user_13,6,18,189
392,86,1999999,0,user_18,6,18,189
227,94,1999999,0,user_26,3,18,189
212,96,1999999,0,user_9,3,18,189
236,95,1999999,0,user_39,3,18,189
220,93,1999999,0,user_20,3,18,189
268,87,1999999,0,user_16,4,17,189
287,99,1999999,0,user_28,4,18,189
275,97,1999999,0,user_20,4,18,189
276,98,1999999,0,user_20,4,18,189
198,90,1999999,0,user_4,3,18,189
201,92,1999999,0,user_5,3,18,189
205,91,1999999,0,user_7,3,18,189
505,97,1999999,0,user_13,8,19,189
525,98,1999999,0,user_28,8,19,189
539,99,1999999,0,user_38,8,19,189
13,94,1100000,0,user_11,0,16,
64,95,1000000,0,user_49,0,16,
396,98,660001,0,user_19,6,14,5
390,90,660001,0,user_18,6,14,5
382,92,660001,0,user_9,6,14,5
399,91,660001,0,user_23,6,14,5
408,93,660001,0,user_30,6,14,5
422,94,660001,0,user_36,6,14,5
383,96,660001,0,user_10,6,14,5
415,99,660001,0,user_34,6,14,5
416,92,660001,0,user_34,6,13,5
429,93,660001,0,user_45,6,13,5
426,94,660001,0,user_39,6,13,5
427,97,660001,0,user_40,6,14,5
428,95,660001,0,user_43,6,14,5
444,97,660001,0,user_2,7,13,5
445,98,660001,0,user_2,7,13,5
359,86,660001,0,user_43,5,14,5
372,89,660001,0,user_1,6,14,5
451,64,660001,0,user_10,7,10,5
452,65,660001,0,user_10,7,10,5
447,52,660001,0,user_7,7,10,5
448,53,660001,0,user_7,7,10,5
454,54,660001,0,user_11,7,10,5
216,82,660001,0,user_14,3,11,5
223,83,660001,0,user_22,3,11,5
230,84,660001,0,user_28,3,11,5
242,85,660001,0,user_47,3,11,5
225,67,660001,0,user_24,3,8,5
226,68,660001,0,user_24,3,8,5
231,81,660001,0,user_29,3,11,5
254,69,660001,0,user_4,4,11,5
278,71,660001,0,user_23,4,11,5
252,68,660001,0,user_3,4,11,5
264,70,660001,0,user_14,4,11,5
296,73,660001,0,user_33,4,11,5
282,74,660001,0,user_25,4,11,5
283,75,660001,0,user_26,4,11,5
298,77,660001,0,user_35,4,11,5
281,76,660001,0,user_24,4,11,5
303,78,660001,0,user_43,4,11,5
320,80,660001,0,user_3,5,14,5
341,81,660001,0,user_22,5,14,5
346,87,660001,0,user_30,5,14,5
339,82,660001,0,user_20,5,14,5
329,83,660001,0,user_8,5,14,5
340,84,660001,0,user_21,5,14,5
352,85,660001,0,user_36,5,14,5
361,88,660001,0,user_45,5,14,5
351,65,660001,0,user_35,5,11,5
464,66,660001,0,user_23,7,10,5
446,51,660001,0,user_3,7,10,5
456,58,660001,0,user_15,7,10,5
470,60,660001,0,user_33,7,10,5
471,61,660001,0,user_33,7,10,5
472,62,660001,0,user_33,7,10,5
461,56,660001,0,user_22,7,10,5
462,57,660001,0,user_22,7,10,5
459,59,660001,0,user_17,7,10,5
450,55,660001,0,user_9,7,10,5
482,67,660001,0,user_44,7,10,5
11,0,43000000,0,user_9,0,19,
188,20,6100000,0,user_49,2,19,
485,45,3600000,0,user_49,7,19,
15,46,2600000,0,user_11,0,19,
190,47,2300000,0,user_49,2,19,
345,73,2000001,0,user_27,5,19,189
343,72,2000001,0,user_25,5,19,189
347,74,2000001,0,user_33,5,19,189
330,75,2000001,0,user_9,5,19,189
376,76,2000001,0,user_4,6,19,189
418,78,2000001,0,user_36,6,19,189
377,77,2000001,0,user_6,6,19,189
538,63,2000001,0,user_37,8,19,189
206,70,2000001,0,user_7,3,19,189
213,71,2000001,0,user_9,3,19,189
253,65,2000001,0,user_4,4,19,189
274,66,2000001,0,user_17,4,19,189
301,68,2000001,0,user_40,4,19,189
299,67,2000001,0,user_38,4,19,189
321,69,2000001,0,user_4,5,19,189
553,62,2000001,0,user_46,8,19,189
574,79,2000001,0,user_11,9,19,189
568,64,2000001,0,user_5,9,19,189
587,80,2000001,0,user_25,9,19,189
189,84,2000000,322000,user_49,2,19,
10,85,2000000,0,user_8,0,19,
387,85,1999999,0,user_13,6,18,189
392,86,1999999,0,user_18,6,18,189
505,97,1999999,0,user_13,8,19,189
525,98,1999999,0,user_28,8,19,189
539,99,1999999,0,user_38,8,19,189
198,90,1999999,0,user_4,3,18,189
205,91,1999999,0,user_7,3,18,189
201,92,1999999,0,user_5,3,18,189
220,93,1999999,0,user_20,3,18,189
227,94,1999999,0,user_26,3,18,189
236,95,1999999,0,user_39,3,18,189
212,96,1999999,0,user_9,3,18,189
275,97,1999999,0,user_20,4,18,189
276,98,1999999,0,user_20,4,18,189
287,99,1999999,0,user_28,4,18,189
268,87,1999999,0,user_16,4,17,189
602,97,1999999,0,user_39,9,17,189
13,94,1100000,0,user_11,0,16,
64,95,1000000,0,user_49,0,16,
320,80,660001,0,user_3,5,14,5
341,81,660001,0,user_22,5,14,5
339,82,660001,0,user_20,5,14,5
329,83,660001,0,user_8,5,14,5
340,84,660001,0,user_21,5,14,5
352,85,660001,0,user_36,5,14,5
359,86,660001,0,user_43,5,14,5
346,87,660001,0,user_30,5,14,5
361,88,660001,0,user_45,5,14,5
372,89,660001,0,user_1,6,14,5
390,90,660001,0,user_18,6,14,5
399,91,660001,0,user_23,6,14,5
382,92,660001,0,user_9,6,14,5
408,93,660001,0,user_30,6,14,5
422,94,660001,0,user_36,6,14,5
428,95,660001,0,user_43,6,14,5
383,96,660001,0,user_10,6,14,5
427,97,660001,0,user_40,6,14,5
396,98,660001,0,user_19,6,14,5
415,99,660001,0,user_34,6,14,5
416,92,660001,0,user_34,6,13,5
429,93,660001,0,user_45,6,13,5
461,56,660001,0,user_22,7,10,5
462,57,660001,0,user_22,7,10,5
464,66,660001,0,user_23,7,10,5
447,52,660001,0,user_7,7,10,5
448,53,660001,0,user_7,7,10,5
444,97,660001,0,user_2,7,13,5
445,98,660001,0,user_2,7,13,5
446,51,660001,0,user_3,7,10,5
454,54,660001,0,user_11,7,10,5
456,58,660001,0,user_15,7,10,5
459,59,660001,0,user_17,7,10,5
470,60,660001,0,user_33,7,10,5
471,61,660001,0,user_33,7,10,5
472,62,660001,0,user_33,7,10,5
450,55,660001,0,user_9,7,10,5
483,95,660001,0,user_46,7,15,5
451,64,660001,0,user_10,7,10,5
452,65,660001,0,user_10,7,10,5
482,67,660001,0,user_44,7,10,5
499,71,660001,0,user_4,8,10,5
426,94,660001,0,user_39,6,13,5
479,70,660001,0,user_42,7,10,5
476,68,660001,0,user_39,7,10,5
477,69,660001,0,user_39,7,10,5
506,72,660001,0,user_13,8,10,5
515,73,660001,0,user_19,8,10,5
524,75,660001,0,user_28,8,10,5
497,74,660001,0,user_0,8,10,5
532,81,660001,0,user_34,8,12,5
508,74,660001,0,user_15,8,12,5
512,75,660001,0,user_17,8,12,5
523,76,660001,0,user_27,8,12,5
529,76,660001,0,user_31,8,10,5
11,0,43000000,0,user_9,0,19,
188,20,6100000,0,user_49,2,19,
485,45,3600000,0,user_49,7,19,
15,46,2600000,0,user_11,0,19,
190,47,2300000,0,user_49,2,19,
553,62,2000001,0,user_46,8,19,189
538,63,2000001,0,user_37,8,19,189
568,64,2000001,0,user_5,9,19,189
253,65,2000001,0,user_4,4,19,189
274,66,2000001,0,user_17,4,19,189
299,67,2000001,0,user_38,4,19,189
301,68,2000001,0,user_40,4,19,189
321,69,2000001,0,user_4,5,19,189
206,70,2000001,0,user_7,3,19,189
213,71,2000001,0,user_9,3,19,189
343,72,2000001,0,user_25,5,19,189
345,73,2000001,0,user_27,5,19,189
347,74,2000001,0,user_33,5,19,189
330,75,2000001,0,user_9,5,19,189
376,76,2000001,0,user_4,6,19,189
377,77,2000001,0,user_6,6,19,189
418,78,2000001,0,user_36,6,19,189
574,79,2000001,0,user_11,9,19,189
587,80,2000001,0,user_25,9,19,189
642,81,2000001,0,user_18,10,19,189
643,59,2000001,0,user_19,10,19,189
667,60,2000001,0,user_41,10,19,189
668,61,2000001,0,user_42,10,19,189
189,84,2000000,322000,user_49,2,19,
10,85,2000000,0,user_8,0,19,
505,97,1999999,0,user_13,8,19,189
525,98,1999999,0,user_28,8,19,189
539,99,1999999,0,user_38,8,19,189
275,97,1999999,0,user_20,4,18,189
276,98,1999999,0,user_20,4,18,189
287,99,1999999,0,user_28,4,18,189
268,87,1999999,0,user_16,4,17,189
201,92,1999999,0,user_5,3,18,189
198,90,1999999,0,user_4,3,18,189
220,93,1999999,0,user_20,3,18,189
227,94,1999999,0,user_26,3,18,189
205,91,1999999,0,user_7,3,18,189
212,96,1999999,0,user_9,3,18,189
236,95,1999999,0,user_39,3,18,189
387,85,1999999,0,user_13,6,18,189
392,86,1999999,0,user_18,6,18,189
602,97,1999999,0,user_39,9,17,189
629,95,1999999,0,user_6,10,19,189
660,96,1999999,0,user_34,10,19,189
13,94,1100000,0,user_11,0,16,
64,95,1000000,0,user_49,0,16,
446,51,660001,0,user_3,7,10,5
447,52,660001,0,user_7,7,10,5
448,53,660001,0,user_7,7,10,5
454,54,660001,0,user_11,7,10,5
450,55,660001,0,user_9,7,10,5
461,56,660001,0,user_22,7,10,5
462,57,660001,0,user_22,7,10,5
456,58,660001,0,user_15,7,10,5
459,59,660001,0,user_17,7,10,5
470,60,660001,0,user_33,7,10,5
471,61,660001,0,user_33,7,10,5
472,62,660001,0,user_33,7,10,5
483,95,660001,0,user_46,7,15,5
451,64,660001,0,user_10,7,10,5
452,65,660001,0,user_10,7,10,5
464,66,660001,0,user_23,7,10,5
482,67,660001,0,user_44,7,10,5
476,68,660001,0,user_39,7,10,5
477,69,660001,0,user_39,7,10,5
479,70,660001,0,user_42,7,10,5
499,71,660001,0,user_4,8,10,5
506,72,660001,0,user_13,8,10,5
515,73,660001,0,user_19,8,10,5
497,74,660001,0,user_0,8,10,5
524,75,660001,0,user_28,8,10,5
529,76,660001,0,user_31,8,10,5
530,77,660001,0,user_31,8,10,5
508,74,660001,0,user_15,8,12,5
512,75,660001,0,user_17,8,12,5
523,76,660001,0,user_27,8,12,5
444,97,660001,0,user_2,7,13,5
445,98,660001,0,user_2,7,13,5
532,81,660001,0,user_34,8,12,5
533,77,660001,0,user_35,8,12,5
534,78,660001,0,user_35,8,12,5
535,79,660001,0,user_35,8,12,5
536,80,660001,0,user_35,8,12,5
543,82,660001,0,user_41,8,12,5
544,83,660001,0,user_41,8,12,5
547,84,660001,0,user_44,8,12,5
549,85,660001,0,user_44,8,12,5
551,86,660001,0,user_44,8,12,5
545,87,660001,0,user_42,8,12,5
552,88,660001,0,user_45,8,12,5
554,95,660001,0,user_47,8,10,5
546,89,660001,0,user_43,8,12,5
564,90,660001,0,user_1,9,12,5
565,96,660001,0,user_2,9,15,5
428,95,660001,0,user_43,6,14,5
11,0,43000000,0,user_9,0,19,
188,20,6100000,0,user_49,2,19,
677,19,6100000,381000,user_49,10,19,
693,29,6099999,0,user_9,11,19,677
696,28,6099999,0,user_15,11,19,677
699,30,6099999,0,user_18,11,19,677
721,31,6099999,0,user_45,11,19,677
485,45,3600000,0,user_49,7,19,
15,46,2600000,0,user_11,0,19,
190,47,2300000,0,user_49,2,19,
321,69,2000001,0,user_4,5,19,189
343,72,2000001,0,user_25,5,19,189
345,73,2000001,0,user_27,5,19,189
347,74,2000001,0,user_33,5,19,189
253,65,2000001,0,user_4,4,19,189
274,66,2000001,0,user_17,4,19,189
299,67,2000001,0,user_38,4,19,189
301,68,2000001,0,user_40,4,19,189
330,75,2000001,0,user_9,5,19,189
376,76,2000001,0,user_4,6,19,189
206,70,2000001,0,user_7,3,19,189
213,71,2000001,0,user_9,3,19,189
377,77,2000001,0,user_6,6,19,189
418,78,2000001,0,user_36,6,19,189
553,62,2000001,0,user_46,8,19,189
538,63,2000001,0,user_37,8,19,189
568,64,2000001,0,user_5,9,19,189
574,79,2000001,0,user_11,9,19,189
587,80,2000001,0,user_25,9,19,189
642,81,2000001,0,user_18,10,19,189
643,59,2000001,0,user_19,10,19,189
687,58,2000001,0,user_0,11,19,189
667,60,2000001,0,user_41,10,19,189
668,61,2000001,0,user_42,10,19,189
189,84,2000000,322000,user_49,2,19,
10,85,2000000,0,user_8,0,19,
268,87,1999999,0,user_16,4,17,189
287,99,1999999,0,user_28,4,18,189
275,97,1999999,0,user_20,4,18,189
276,98,1999999,0,user_20,4,18,189
387,85,1999999,0,user_13,6,18,189
220,93,1999999,0,user_20,3,18,189
236,95,1999999,0,user_39,3,18,189
227,94,1999999,0,user_26,3,18,189
392,86,1999999,0,user_18,6,18,189
198,90,1999999,0,user_4,3,18,189
205,91,1999999,0,user_7,3,18,189
201,92,1999999,0,user_5,3,18,189
212,96,1999999,0,user_9,3,18,189
505,97,1999999,0,user_13,8,19,189
525,98,1999999,0,user_28,8,19,189
539,99,1999999,0,user_38,8,19,189
602,97,1999999,0,user_39,9,17,189
629,95,1999999,0,user_6,10,19,189
660,96,1999999,0,user_34,10,19,189
13,94,1100000,0,user_11,0,16,
64,95,1000000,0,user_49,0,16,
320,80,660001,0,user_3,5,14,5
339,82,660001,0,user_20,5,14,5
340,84,660001,0,user_21,5,14,5
329,83,660001,0,user_8,5,14,5
341,81,660001,0,user_22,5,14,5
352,85,660001,0,user_36,5,14,5
361,88,660001,0,user_45,5,14,5
346,87,660001,0,user_30,5,14,5
351,65,660001,0,user_35,5,11,5
359,86,660001,0,user_43,5,14,5
372,89,660001,0,user_1,6,14,5
252,68,660001,0,user_3,4,11,5
254,69,660001,0,user_4,4,11,5
264,70,660001,0,user_14,4,11,5
278,71,660001,0,user_23,4,11,5
214,72,660001,0,user_10,3,11,5
296,73,660001,0,user_33,4,11,5
282,74,660001,0,user_25,4,11,5
283,75,660001,0,user_26,4,11,5
281,76,660001,0,user_24,4,11,5
298,77,660001,0,user_35,4,11,5
303,78,660001,0,user_43,4,11,5
383,96,660001,0,user_10,6,14,5
217,80,660001,0,user_17,3,11,5
231,81,660001,0,user_29,3,11,5
216,82,660001,0,user_14,3,11,5
223,83,660001,0,user_22,3,11,5
230,84,660001,0,user_28,3,11,5
242,85,660001,0,user_47,3,11,5
396,98,660001,0,user_19,6,14,5
390,90,660001,0,user_18,6,14,5
139,88,660001,0,user_10,2,11,5
140,89,660001,0,user_10,2,11,5
159,90,660001,0,user_22,2,11,5
161,91,660001,0,user_25,2,11,5
162,92,660001,0,user_26,2,11,5
163,93,660001,0,user_26,2,11,5
165,94,660001,0,user_26,2,11,5
172,95,660001,0,user_33,2,11,5
181,96,660001,0,user_43,2,11,5
200,97,660001,0,user_5,3,11,5
202,98,660001,0,user_5,3,11,5
203,99,660001,0,user_5,3,11,5
11,0,43000000,0,user_9,0,19,
712,12,6100001,0,user_38,11,19,677
751,11,6100001,0,user_18,12,19,677
677,19,6100000,381000,user_49,10,19,
188,20,6100000,0,user_49,2,19,
696,28,6099999,0,user_15,11,19,677
699,30,6099999,0,user_18,11,19,677
721,31,6099999,0,user_45,11,19,677
704,32,6099999,0,user_24,11,19,677
717,35,6099999,0,user_41,11,19,677
710,33,6099999,0,user_35,11,19,677
715,34,6099999,0,user_40,11,19,677
742,27,6099999,0,user_5,12,19,677
760,26,6099999,0,user_31,12,19,677
693,29,6099999,0,user_9,11,19,677
485,45,3600000,0,user_49,7,19,
15,46,2600000,0,user_11,0,19,
190,47,2300000,0,user_49,2,19,
687,58,2000001,0,user_0,11,19,189
643,59,2000001,0,user_19,10,19,189
667,60,2000001,0,user_41,10,19,189
668,61,2000001,0,user_42,10,19,189
741,57,2000001,0,user_5,12,19,189
538,63,2000001,0,user_37,8,19,189
553,62,2000001,0,user_46,8,19,189
568,64,2000001,0,user_5,9,19,189
574,79,2000001,0,user_11,9,19,189
587,80,2000001,0,user_25,9,19,189
642,81,2000001,0,user_18,10,19,189
321,69,2000001,0,user_4,5,19,189
343,72,2000001,0,user_25,5,19,189
345,73,2000001,0,user_27,5,19,189
347,74,2000001,0,user_33,5,19,189
253,65,2000001,0,user_4,4,19,189
274,66,2000001,0,user_17,4,19,189
299,67,2000001,0,user_38,4,19,189
301,68,2000001,0,user_40,4,19,189
330,75,2000001,0,user_9,5,19,189
376,76,2000001,0,user_4,6,19,189
206,70,2000001,0,user_7,3,19,189
213,71,2000001,0,user_9,3,19,189
377,77,2000001,0,user_6,6,19,189
418,78,2000001,0,user_36,6,19,189
189,84,2000000,322000,user_49,2,19,
10,85,2000000,0,user_8,0,19,
660,96,1999999,0,user_34,10,19,189
602,97,1999999,0,user_39,9,17,189
629,95,1999999,0,user_6,10,19,189
268,87,1999999,0,user_16,4,17,189
287,99,1999999,0,user_28,4,18,189
275,97,1999999,0,user_20,4,18,189
276,98,1999999,0,user_20,4,18,189
387,85,1999999,0,user_13,6,18,189
220,93,1999999,0,user_20,3,18,189
236,95,1999999,0,user_39,3,18,189
227,94,1999999,0,user_26,3,18,189
392,86,1999999,0,user_18,6,18,189
198,90,1999999,0,user_4,3,18,189
205,91,1999999,0,user_7,3,18,189
201,92,1999999,0,user_5,3,18,189
212,96,1999999,0,user_9,3,18,189
505,97,1999999,0,user_13,8,19,189
525,98,1999999,0,user_28,8,19,189
539,99,1999999,0,user_38,8,19,189
13,94,1100000,0,user_11,0,16,
64,95,1000000,0,user_49,0,16,
688,91,660001,0,user_1,11,15,5
689,93,660001,0,user_2,11,15,5
697,92,660001,0,user_16,11,15,5
707,94,660001,0,user_29,11,15,5
669,90,660001,0,user_43,10,15,5
651,89,660001,0,user_23,10,15,5
598,72,660001,0,user_36,9,12,5
662,88,660001,0,user_36,10,15,5
508,74,660001,0,user_15,8,12,5
512,75,660001,0,user_17,8,12,5
523,76,660001,0,user_27,8,12,5
533,77,660001,0,user_35,8,12,5
534,78,660001,0,user_35,8,12,5
535,79,660001,0,user_35,8,12,5
536,80,660001,0,user_35,8,12,5
532,81,660001,0,user_34,8,12,5
543,82,660001,0,user_41,8,12,5
544,83,660001,0,user_41,8,12,5
547,84,660001,0,user_44,8,12,5
549,85,660001,0,user_44,8,12,5
551,86,660001,0,user_44,8,12,5
545,87,660001,0,user_42,8,12,5
552,88,660001,0,user_45,8,12,5
546,89,660001,0,user_43,8,12,5
564,90,660001,0,user_1,9,12,5
565,96,660001,0,user_2,9,15,5
