id,position,gas_fee,mev_potential,creator_id,created_at,included_at,target_tx
11,1,43000000,0,user_9,0,19,
57,0,43000000,0,user_44,0,19,
61,77,3600000,108000,user_48,0,19,
15,93,2600000,0,user_11,0,19,
10,94,2000000,0,user_8,0,17,
13,93,1100000,0,user_11,0,7,
58,94,1000000,0,user_45,0,7,
6,63,660001,0,user_5,0,4,5
8,64,660001,0,user_5,0,4,5
17,92,660001,0,user_14,0,5,5
19,97,660001,0,user_15,0,5,5
21,93,660001,0,user_17,0,5,5
23,94,660001,0,user_18,0,5,5
24,95,660001,0,user_18,0,5,5
25,96,660001,0,user_18,0,5,5
29,91,660001,0,user_22,0,5,5
41,77,660001,0,user_33,0,4,5
42,78,660001,0,user_33,0,4,5
5,76,660000,14200,user_4,0,3,
59,77,660000,121000,user_45,0,3,
7,78,659999,0,user_5,0,3,5
16,79,659999,0,user_14,0,3,5
22,80,659999,0,user_18,0,3,5
26,81,659999,0,user_18,0,3,5
12,85,310000,0,user_11,0,2,
4,87,260000,0,user_4,0,2,
14,89,220000,0,user_11,0,2,
9,72,150001,0,user_7,0,1,1
2,71,150001,0,user_2,0,1,1
18,75,150001,0,user_15,0,1,1
38,73,150001,0,user_29,0,1,1
1,78,150000,39400,user_1,0,1,
3,80,149999,0,user_3,0,1,1
20,81,149999,0,user_16,0,1,1
30,86,149999,0,user_23,0,1,1
39,84,149999,0,user_30,0,1,1
28,83,149999,0,user_20,0,1,1
56,88,120000,0,user_44,0,1,
0,89,80000,0,user_1,0,1,
11,1,43000000,0,user_9,0,19,
57,0,43000000,0,user_44,0,19,
107,10,6100000,0,user_45,1,19,
71,71,3600001,0,user_0,1,19,61
75,69,3600001,0,user_4,1,19,61
78,70,3600001,0,user_11,1,19,61
61,77,3600000,108000,user_48,0,19,
72,84,3599999,0,user_1,1,19,61
73,83,3599999,0,user_2,1,19,61
83,85,3599999,0,user_14,1,19,61
81,88,3599999,0,user_13,1,19,61
91,86,3599999,0,user_21,1,19,61
99,87,3599999,0,user_29,1,19,61
15,93,2600000,0,user_11,0,19,
10,94,2000000,0,user_8,0,17,
109,93,1700000,0,user_47,1,10,
13,93,1100000,0,user_11,0,7,
58,94,1000000,0,user_45,0,7,
52,99,910000,0,user_40,0,7,
17,92,660001,0,user_14,0,5,5
6,63,660001,0,user_5,0,4,5
8,64,660001,0,user_5,0,4,5
29,91,660001,0,user_22,0,5,5
31,72,660001,0,user_25,0,4,5
32,73,660001,0,user_25,0,4,5
19,97,660001,0,user_15,0,5,5
21,93,660001,0,user_17,0,5,5
23,94,660001,0,user_18,0,5,5
24,95,660001,0,user_18,0,5,5
25,96,660001,0,user_18,0,5,5
35,98,660001,0,user_27,0,5,5
37,99,660001,0,user_28,0,5,5
41,77,660001,0,user_33,0,4,5
42,78,660001,0,user_33,0,4,5
27,62,660001,0,user_19,0,4,5
48,76,660001,0,user_38,0,4,5
74,94,660001,0,user_3,1,6,5
79,96,660001,0,user_12,1,6,5
103,99,660001,0,user_34,1,6,59
86,95,660001,0,user_17,1,6,59
102,98,660001,0,user_33,1,6,5
92,97,660001,0,user_21,1,6,5
5,76,660000,14200,user_4,0,3,
59,77,660000,121000,user_45,0,3,
16,79,659999,0,user_14,0,3,5
7,78,659999,0,user_5,0,3,5
33,82,659999,0,user_26,0,3,5
34,83,659999,0,user_26,0,3,5
22,80,659999,0,user_18,0,3,5
26,81,659999,0,user_18,0,3,5
43,84,659999,0,user_34,0,3,5
44,85,659999,0,user_34,0,3,5
36,86,659999,0,user_27,0,3,5
46,87,659999,0,user_36,0,3,5
49,88,659999,0,user_38,0,3,5
104,91,659999,0,user_37,1,3,59
89,89,659999,0,user_21,1,3,5
90,90,659999,0,user_21,1,3,5
55,83,370000,0,user_43,0,2,
12,85,310000,0,user_11,0,2,
108,86,300000,0,user_47,1,2,
4,87,260000,0,user_4,0,2,
51,88,240000,0,user_40,0,2,
14,89,220000,0,user_11,0,2,
85,91,170001,0,user_16,1,2,53
53,94,170000,42000,user_41,0,2,
82,95,169999,0,user_14,1,2,53
84,98,169999,0,user_15,1,2,53
87,68,169999,0,user_19,1,1,53
88,69,169999,0,user_20,1,1,53
80,97,169999,0,user_13,1,2,53
2,71,150001,0,user_2,0,1,1
9,72,150001,0,user_7,0,1,1
38,73,150001,0,user_29,0,1,1
45,74,150001,0,user_35,0,1,1
18,75,150001,0,user_15,0,1,1
47,76,150001,0,user_36,0,1,1
93,77,150001,0,user_21,1,1,1
1,78,150000,39400,user_1,0,1,
60,79,150000,0,user_46,0,1,
3,80,149999,0,user_3,0,1,1
20,81,149999,0,user_16,0,1,1
50,82,149999,0,user_39,0,1,1
28,83,149999,0,user_20,0,1,1
39,84,149999,0,user_30,0,1,1
40,85,149999,0,user_31,0,1,1
30,86,149999,0,user_23,0,1,1
54,87,130000,0,user_42,0,1,
56,88,120000,0,user_44,0,1,
0,89,80000,0,user_1,0,1,
11,1,43000000,0,user_9,0,19,
57,0,43000000,0,user_44,0,19,
107,10,6100000,0,user_45,1,19,
175,30,5000000,0,user_44,2,19,
75,69,3600001,0,user_4,1,19,61
78,70,3600001,0,user_11,1,19,61
71,71,3600001,0,user_0,1,19,61
131,66,3600001,0,user_5,2,19,61
61,77,3600000,108000,user_48,0,19,
72,84,3599999,0,user_1,1,19,61
73,83,3599999,0,user_2,1,19,61
83,85,3599999,0,user_14,1,19,61
81,88,3599999,0,user_13,1,19,61
99,87,3599999,0,user_29,1,19,61
91,86,3599999,0,user_21,1,19,61
137,81,3599999,0,user_12,2,19,61
15,93,2600000,0,user_11,0,19,
10,94,2000000,0,user_8,0,17,
109,93,1700000,0,user_47,1,10,
13,93,1100000,0,user_11,0,7,
58,94,1000000,0,user_45,0,7,
52,99,910000,0,user_40,0,7,
17,92,660001,0,user_14,0,5,5
6,63,660001,0,user_5,0,4,5
8,64,660001,0,user_5,0,4,5
19,97,660001,0,user_15,0,5,5
21,93,660001,0,user_17,0,5,5
35,98,660001,0,user_27,0,5,5
41,77,660001,0,user_33,0,4,5
42,78,660001,0,user_33,0,4,5
23,94,660001,0,user_18,0,5,5
24,95,660001,0,user_18,0,5,5
25,96,660001,0,user_18,0,5,5
29,91,660001,0,user_22,0,5,5
27,62,660001,0,user_19,0,4,5
31,72,660001,0,user_25,0,4,5
32,73,660001,0,user_25,0,4,5
37,99,660001,0,user_28,0,5,5
48,76,660001,0,user_38,0,4,5
74,94,660001,0,user_3,1,6,5
86,95,660001,0,user_17,1,6,59
96,85,660001,0,user_24,1,5,59
77,87,660001,0,user_8,1,5,5
79,96,660001,0,user_12,1,6,5
92,97,660001,0,user_21,1,6,5
103,99,660001,0,user_34,1,6,59
102,98,660001,0,user_33,1,6,5
129,85,660001,0,user_1,2,6,5
100,86,660001,0,user_31,1,5,5
142,88,660001,0,user_18,2,6,5
162,91,660001,0,user_37,2,6,5
133,87,660001,0,user_8,2,6,5
157,90,660001,0,user_33,2,6,59
5,76,660000,14200,user_4,0,3,
59,77,660000,121000,user_45,0,3,
16,79,659999,0,user_14,0,3,5
7,78,659999,0,user_5,0,3,5
36,86,659999,0,user_27,0,3,5
22,80,659999,0,user_18,0,3,5
26,81,659999,0,user_18,0,3,5
43,84,659999,0,user_34,0,3,5
44,85,659999,0,user_34,0,3,5
33,82,659999,0,user_26,0,3,5
34,83,659999,0,user_26,0,3,5
46,87,659999,0,user_36,0,3,5
49,88,659999,0,user_38,0,3,5
94,66,659999,0,user_22,1,2,59
98,67,659999,0,user_26,1,2,5
89,89,659999,0,user_21,1,3,5
90,90,659999,0,user_21,1,3,5
101,92,659999,0,user_32,1,3,5
104,91,659999,0,user_37,1,3,59
138,93,659999,0,user_14,2,3,5
139,99,659999,0,user_15,2,3,59
130,95,659999,0,user_2,2,3,5
136,97,659999,0,user_10,2,3,5
143,76,659999,0,user_19,2,2,5
144,77,659999,0,user_19,2,2,5
145,78,659999,0,user_20,2,2,59
158,79,659999,0,user_34,2,2,5
163,80,659999,0,user_37,2,2,5
134,94,659999,0,user_8,2,3,5
148,82,659999,0,user_23,2,2,5
55,83,370000,0,user_43,0,2,
106,84,340000,0,user_43,1,2,
12,85,310000,0,user_11,0,2,
108,86,300000,0,user_47,1,2,
4,87,260000,0,user_4,0,2,
51,88,240000,0,user_40,0,2,
14,89,220000,0,user_11,0,2,
97,90,170001,0,user_26,1,2,53
85,91,170001,0,user_16,1,2,53
95,92,170001,0,user_24,1,2,53
154,93,170001,0,user_29,2,2,53
53,94,170000,42000,user_41,0,2,
82,95,169999,0,user_14,1,2,53
76,96,169999,0,user_6,1,2,53
80,97,169999,0,user_13,1,2,53
84,98,169999,0,user_15,1,2,53
132,99,169999,0,user_5,2,2,53
57,0,43000000,0,user_44,0,19,
11,1,43000000,0,user_9,0,19,
173,3,30000000,6390,user_43,2,19,
107,10,6100000,0,user_45,1,19,
235,16,5000001,0,user_34,3,19,171
239,17,5000001,0,user_37,3,19,171
206,13,5000001,0,user_12,3,19,171
225,14,5000001,0,user_30,3,19,171
231,18,5000001,0,user_33,3,19,171
175,30,5000000,0,user_44,2,19,
171,31,5000000,67500,user_43,2,19,
194,33,4999999,0,user_1,3,19,171
233,37,4999999,0,user_34,3,19,171
234,38,4999999,0,user_34,3,19,171
238,39,4999999,0,user_37,3,19,171
203,34,4999999,0,user_12,3,19,171
75,69,3600001,0,user_4,1,19,61
78,70,3600001,0,user_11,1,19,61
71,71,3600001,0,user_0,1,19,61
131,66,3600001,0,user_5,2,19,61
61,77,3600000,108000,user_48,0,19,
72,84,3599999,0,user_1,1,19,61
73,83,3599999,0,user_2,1,19,61
83,85,3599999,0,user_14,1,19,61
91,86,3599999,0,user_21,1,19,61
99,87,3599999,0,user_29,1,19,61
81,88,3599999,0,user_13,1,19,61
137,81,3599999,0,user_12,2,19,61
153,82,3599999,0,user_28,2,19,61
15,93,2600000,0,user_11,0,19,
247,96,2100000,0,user_45,3,19,
10,94,2000000,0,user_8,0,17,
170,95,2000000,0,user_42,2,17,
245,99,1800000,0,user_44,3,12,
109,93,1700000,0,user_47,1,10,
176,99,1400000,0,user_46,2,10,
13,93,1100000,0,user_11,0,7,
58,94,1000000,0,user_45,0,7,
52,99,910000,0,user_40,0,7,
6,63,660001,0,user_5,0,4,5
8,64,660001,0,user_5,0,4,5
27,62,660001,0,user_19,0,4,5
17,92,660001,0,user_14,0,5,5
21,93,660001,0,user_17,0,5,5
23,94,660001,0,user_18,0,5,5
24,95,660001,0,user_18,0,5,5
25,96,660001,0,user_18,0,5,5
37,99,660001,0,user_28,0,5,5
19,97,660001,0,user_15,0,5,5
29,91,660001,0,user_22,0,5,5
31,72,660001,0,user_25,0,4,5
32,73,660001,0,user_25,0,4,5
35,98,660001,0,user_27,0,5,5
41,77,660001,0,user_33,0,4,5
42,78,660001,0,user_33,0,4,5
48,76,660001,0,user_38,0,4,5
74,94,660001,0,user_3,1,6,5
79,96,660001,0,user_12,1,6,5
102,98,660001,0,user_33,1,6,5
92,97,660001,0,user_21,1,6,5
103,99,660001,0,user_34,1,6,59
86,95,660001,0,user_17,1,6,59
129,85,660001,0,user_1,2,6,5
96,85,660001,0,user_24,1,5,59
100,86,660001,0,user_31,1,5,5
77,87,660001,0,user_8,1,5,5
147,86,660001,0,user_22,2,6,5
133,87,660001,0,user_8,2,6,5
165,92,660001,0,user_39,2,6,5
142,88,660001,0,user_18,2,6,5
151,89,660001,0,user_27,2,6,5
157,90,660001,0,user_33,2,6,59
162,91,660001,0,user_37,2,6,5
195,94,660001,0,user_3,3,4,5
164,95,660001,0,user_38,2,4,59
201,93,660001,0,user_10,3,6,5
5,76,660000,14200,user_4,0,3,
59,77,660000,121000,user_45,0,3,
7,78,659999,0,user_5,0,3,5
16,79,659999,0,user_14,0,3,5
22,80,659999,0,user_18,0,3,5
26,81,659999,0,user_18,0,3,5
33,82,659999,0,user_26,0,3,5
34,83,659999,0,user_26,0,3,5
43,84,659999,0,user_34,0,3,5
44,85,659999,0,user_34,0,3,5
36,86,659999,0,user_27,0,3,5
46,87,659999,0,user_36,0,3,5
49,88,659999,0,user_38,0,3,5
89,89,659999,0,user_21,1,3,5
90,90,659999,0,user_21,1,3,5
104,91,659999,0,user_37,1,3,59
101,92,659999,0,user_32,1,3,5
138,93,659999,0,user_14,2,3,5
134,94,659999,0,user_8,2,3,5
130,95,659999,0,user_2,2,3,5
150,96,659999,0,user_26,2,3,5
136,97,659999,0,user_10,2,3,5
159,98,659999,0,user_35,2,3,5
139,99,659999,0,user_15,2,3,59
11,1,43000000,0,user_9,0,19,
57,0,43000000,0,user_44,0,19,
173,3,30000000,6390,user_43,2,19,
107,10,6100000,0,user_45,1,19,
326,9,6100000,0,user_44,4,19,
221,15,5000001,0,user_26,3,19,171
206,13,5000001,0,user_12,3,19,171
235,16,5000001,0,user_34,3,19,171
231,18,5000001,0,user_33,3,19,171
225,14,5000001,0,user_30,3,19,171
239,17,5000001,0,user_37,3,19,171
277,19,5000001,0,user_2,4,19,171
278,23,5000001,0,user_3,4,19,171
289,20,5000001,0,user_11,4,19,171
298,21,5000001,0,user_19,4,19,171
175,30,5000000,0,user_44,2,19,
171,31,5000000,67500,user_43,2,19,
194,33,4999999,0,user_1,3,19,171
203,34,4999999,0,user_12,3,19,171
233,37,4999999,0,user_34,3,19,171
234,38,4999999,0,user_34,3,19,171
276,40,4999999,0,user_1,4,19,171
230,35,4999999,0,user_31,3,19,171
238,39,4999999,0,user_37,3,19,171
285,53,4999999,0,user_9,4,19,171
286,54,4999999,0,user_9,4,19,171
240,36,4999999,0,user_38,3,19,171
294,46,4999999,0,user_14,4,19,171
295,47,4999999,0,user_15,4,19,171
314,44,4999999,0,user_34,4,19,171
284,45,4999999,0,user_8,4,19,171
311,55,4999999,0,user_30,4,19,171
313,56,4999999,0,user_33,4,19,171
300,48,4999999,0,user_21,4,19,171
75,69,3600001,0,user_4,1,19,61
78,70,3600001,0,user_11,1,19,61
71,71,3600001,0,user_0,1,19,61
131,66,3600001,0,user_5,2,19,61
283,67,3600001,0,user_7,4,19,61
299,68,3600001,0,user_20,4,19,61
61,77,3600000,108000,user_48,0,19,
72,84,3599999,0,user_1,1,19,61
73,83,3599999,0,user_2,1,19,61
81,88,3599999,0,user_13,1,19,61
83,85,3599999,0,user_14,1,19,61
91,86,3599999,0,user_21,1,19,61
99,87,3599999,0,user_29,1,19,61
137,81,3599999,0,user_12,2,19,61
153,82,3599999,0,user_28,2,19,61
15,93,2600000,0,user_11,0,19,
247,96,2100000,0,user_45,3,19,
10,94,2000000,0,user_8,0,17,
170,95,2000000,0,user_42,2,17,
330,99,2000000,0,user_48,4,18,
245,99,1800000,0,user_44,3,12,
109,93,1700000,0,user_47,1,10,
176,99,1400000,0,user_46,2,10,
13,93,1100000,0,user_11,0,7,
58,94,1000000,0,user_45,0,7,
248,97,970000,0,user_46,3,7,
327,98,970000,0,user_45,4,7,
52,99,910000,0,user_40,0,7,
27,62,660001,0,user_19,0,4,5
6,63,660001,0,user_5,0,4,5
8,64,660001,0,user_5,0,4,5
17,92,660001,0,user_14,0,5,5
21,93,660001,0,user_17,0,5,5
23,94,660001,0,user_18,0,5,5
24,95,660001,0,user_18,0,5,5
25,96,660001,0,user_18,0,5,5
37,99,660001,0,user_28,0,5,5
29,91,660001,0,user_22,0,5,5
31,72,660001,0,user_25,0,4,5
32,73,660001,0,user_25,0,4,5
19,97,660001,0,user_15,0,5,5
35,98,660001,0,user_27,0,5,5
48,76,660001,0,user_38,0,4,5
41,77,660001,0,user_33,0,4,5
42,78,660001,0,user_33,0,4,5
79,96,660001,0,user_12,1,6,5
103,99,660001,0,user_34,1,6,59
74,94,660001,0,user_3,1,6,5
77,87,660001,0,user_8,1,5,5
92,97,660001,0,user_21,1,6,5
86,95,660001,0,user_17,1,6,59
96,85,660001,0,user_24,1,5,59
102,98,660001,0,user_33,1,6,5
129,85,660001,0,user_1,2,6,5
100,86,660001,0,user_31,1,5,5
151,89,660001,0,user_27,2,6,5
157,90,660001,0,user_33,2,6,59
142,88,660001,0,user_18,2,6,5
162,91,660001,0,user_37,2,6,5
133,87,660001,0,user_8,2,6,5
195,94,660001,0,user_3,3,4,5
164,95,660001,0,user_38,2,4,59
201,93,660001,0,user_10,3,6,5
165,92,660001,0,user_39,2,6,5
147,86,660001,0,user_22,2,6,5
297,99,660001,0,user_18,4,4,59
11,1,43000000,0,user_9,0,19,
57,0,43000000,0,user_44,0,19,
324,2,43000000,0,user_43,4,19,
173,3,30000000,6390,user_43,2,19,
107,10,6100000,0,user_45,1,19,
326,9,6100000,0,user_44,4,19,
206,13,5000001,0,user_12,3,19,171
231,18,5000001,0,user_33,3,19,171
235,16,5000001,0,user_34,3,19,171
239,17,5000001,0,user_37,3,19,171
225,14,5000001,0,user_30,3,19,171
221,15,5000001,0,user_26,3,19,171
277,19,5000001,0,user_2,4,19,171
278,23,5000001,0,user_3,4,19,171
289,20,5000001,0,user_11,4,19,171
303,24,5000001,0,user_25,4,19,171
304,25,5000001,0,user_26,4,19,171
306,26,5000001,0,user_26,4,19,171
312,27,5000001,0,user_32,4,19,171
316,28,5000001,0,user_36,4,19,171
310,22,5000001,0,user_28,4,19,171
298,21,5000001,0,user_19,4,19,171
175,30,5000000,0,user_44,2,19,
171,31,5000000,67500,user_43,2,19,
194,33,4999999,0,user_1,3,19,171
203,34,4999999,0,user_12,3,19,171
233,37,4999999,0,user_34,3,19,171
234,38,4999999,0,user_34,3,19,171
238,39,4999999,0,user_37,3,19,171
276,40,4999999,0,user_1,4,19,171
230,35,4999999,0,user_31,3,19,171
285,53,4999999,0,user_9,4,19,171
286,54,4999999,0,user_9,4,19,171
240,36,4999999,0,user_38,3,19,171
294,46,4999999,0,user_14,4,19,171
284,45,4999999,0,user_8,4,19,171
300,48,4999999,0,user_21,4,19,171
305,49,4999999,0,user_26,4,19,171
307,50,4999999,0,user_26,4,19,171
315,51,4999999,0,user_35,4,19,171
295,47,4999999,0,user_15,4,19,171
314,44,4999999,0,user_34,4,19,171
309,52,4999999,0,user_27,4,19,171
313,56,4999999,0,user_33,4,19,171
311,55,4999999,0,user_30,4,19,171
291,41,4999999,0,user_13,4,19,171
292,42,4999999,0,user_13,4,19,171
293,43,4999999,0,user_13,4,19,171
318,57,4999999,0,user_38,4,19,171
75,69,3600001,0,user_4,1,19,61
78,70,3600001,0,user_11,1,19,61
71,71,3600001,0,user_0,1,19,61
131,66,3600001,0,user_5,2,19,61
283,67,3600001,0,user_7,4,19,61
308,73,3600001,0,user_26,4,19,61
282,72,3600001,0,user_6,4,19,61
299,68,3600001,0,user_20,4,19,61
395,74,3600001,0,user_37,5,19,61
61,77,3600000,108000,user_48,0,19,
81,88,3599999,0,user_13,1,19,61
83,85,3599999,0,user_14,1,19,61
91,86,3599999,0,user_21,1,19,61
99,87,3599999,0,user_29,1,19,61
72,84,3599999,0,user_1,1,19,61
73,83,3599999,0,user_2,1,19,61
137,81,3599999,0,user_12,2,19,61
153,82,3599999,0,user_28,2,19,61
15,93,2600000,0,user_11,0,19,
247,96,2100000,0,user_45,3,19,
10,94,2000000,0,user_8,0,17,
170,95,2000000,0,user_42,2,17,
330,99,2000000,0,user_48,4,18,
245,99,1800000,0,user_44,3,12,
109,93,1700000,0,user_47,1,10,
176,99,1400000,0,user_46,2,10,
320,91,1300000,0,user_40,4,7,
13,93,1100000,0,user_11,0,7,
58,94,1000000,0,user_45,0,7,
248,97,970000,0,user_46,3,7,
327,98,970000,0,user_45,4,7,
52,99,910000,0,user_40,0,7,
74,94,660001,0,user_3,1,6,5
79,96,660001,0,user_12,1,6,5
92,97,660001,0,user_21,1,6,5
86,95,660001,0,user_17,1,6,59
96,85,660001,0,user_24,1,5,59
100,86,660001,0,user_31,1,5,5
77,87,660001,0,user_8,1,5,5
103,99,660001,0,user_34,1,6,59
102,98,660001,0,user_33,1,6,5
129,85,660001,0,user_1,2,6,5
29,91,660001,0,user_22,0,5,5
17,92,660001,0,user_14,0,5,5
21,93,660001,0,user_17,0,5,5
23,94,660001,0,user_18,0,5,5
24,95,660001,0,user_18,0,5,5
25,96,660001,0,user_18,0,5,5
19,97,660001,0,user_15,0,5,5
35,98,660001,0,user_27,0,5,5
37,99,660001,0,user_28,0,5,5
11,1,43000000,0,user_9,0,19,
57,0,43000000,0,user_44,0,19,
324,2,43000000,0,user_43,4,19,
173,3,30000000,6390,user_43,2,19,
107,10,6100000,0,user_45,1,19,
326,9,6100000,0,user_44,4,19,
206,13,5000001,0,user_12,3,19,171
235,16,5000001,0,user_34,3,19,171
239,17,5000001,0,user_37,3,19,171
221,15,5000001,0,user_26,3,19,171
225,14,5000001,0,user_30,3,19,171
231,18,5000001,0,user_33,3,19,171
277,19,5000001,0,user_2,4,19,171
278,23,5000001,0,user_3,4,19,171
289,20,5000001,0,user_11,4,19,171
298,21,5000001,0,user_19,4,19,171
303,24,5000001,0,user_25,4,19,171
304,25,5000001,0,user_26,4,19,171
306,26,5000001,0,user_26,4,19,171
316,28,5000001,0,user_36,4,19,171
312,27,5000001,0,user_32,4,19,171
310,22,5000001,0,user_28,4,19,171
171,31,5000000,67500,user_43,2,19,
175,30,5000000,0,user_44,2,19,
194,33,4999999,0,user_1,3,19,171
203,34,4999999,0,user_12,3,19,171
233,37,4999999,0,user_34,3,19,171
234,38,4999999,0,user_34,3,19,171
238,39,4999999,0,user_37,3,19,171
276,40,4999999,0,user_1,4,19,171
230,35,4999999,0,user_31,3,19,171
240,36,4999999,0,user_38,3,19,171
294,46,4999999,0,user_14,4,19,171
295,47,4999999,0,user_15,4,19,171
309,52,4999999,0,user_27,4,19,171
313,56,4999999,0,user_33,4,19,171
300,48,4999999,0,user_21,4,19,171
285,53,4999999,0,user_9,4,19,171
286,54,4999999,0,user_9,4,19,171
314,44,4999999,0,user_34,4,19,171
284,45,4999999,0,user_8,4,19,171
311,55,4999999,0,user_30,4,19,171
291,41,4999999,0,user_13,4,19,171
292,42,4999999,0,user_13,4,19,171
293,43,4999999,0,user_13,4,19,171
315,51,4999999,0,user_35,4,19,171
305,49,4999999,0,user_26,4,19,171
307,50,4999999,0,user_26,4,19,171
318,57,4999999,0,user_38,4,19,171
131,66,3600001,0,user_5,2,19,61
78,70,3600001,0,user_11,1,19,61
71,71,3600001,0,user_0,1,19,61
75,69,3600001,0,user_4,1,19,61
283,67,3600001,0,user_7,4,19,61
299,68,3600001,0,user_20,4,19,61
282,72,3600001,0,user_6,4,19,61
308,73,3600001,0,user_26,4,19,61
459,65,3600001,0,user_30,6,19,61
61,77,3600000,108000,user_48,0,19,
137,81,3599999,0,user_12,2,19,61
153,82,3599999,0,user_28,2,19,61
83,85,3599999,0,user_14,1,19,61
91,86,3599999,0,user_21,1,19,61
81,88,3599999,0,user_13,1,19,61
72,84,3599999,0,user_1,1,19,61
73,83,3599999,0,user_2,1,19,61
99,87,3599999,0,user_29,1,19,61
385,89,3599999,0,user_27,5,19,61
430,79,3599999,0,user_3,6,19,61
443,80,3599999,0,user_15,6,19,61
15,93,2600000,0,user_11,0,19,
247,96,2100000,0,user_45,3,19,
170,95,2000000,0,user_42,2,17,
10,94,2000000,0,user_8,0,17,
330,99,2000000,0,user_48,4,18,
245,99,1800000,0,user_44,3,12,
109,93,1700000,0,user_47,1,10,
176,99,1400000,0,user_46,2,10,
320,91,1300000,0,user_40,4,7,
13,93,1100000,0,user_11,0,7,
58,94,1000000,0,user_45,0,7,
400,95,1000000,0,user_43,5,7,
248,97,970000,0,user_46,3,7,
327,98,970000,0,user_45,4,7,
52,99,910000,0,user_40,0,7,
129,85,660001,0,user_1,2,6,5
147,86,660001,0,user_22,2,6,5
133,87,660001,0,user_8,2,6,5
142,88,660001,0,user_18,2,6,5
151,89,660001,0,user_27,2,6,5
157,90,660001,0,user_33,2,6,59
162,91,660001,0,user_37,2,6,5
165,92,660001,0,user_39,2,6,5
201,93,660001,0,user_10,3,6,5
74,94,660001,0,user_3,1,6,5
86,95,660001,0,user_17,1,6,59
79,96,660001,0,user_12,1,6,5
92,97,660001,0,user_21,1,6,5
102,98,660001,0,user_33,1,6,5
103,99,660001,0,user_34,1,6,59
57,0,43000000,0,user_44,0,19,
11,1,43000000,0,user_9,0,19,
324,2,43000000,0,user_43,4,19,
173,3,30000000,6390,user_43,2,19,
326,9,6100000,0,user_44,4,19,
107,10,6100000,0,user_45,1,19,
206,13,5000001,0,user_12,3,19,171
225,14,5000001,0,user_30,3,19,171
221,15,5000001,0,user_26,3,19,171
235,16,5000001,0,user_34,3,19,171
239,17,5000001,0,user_37,3,19,171
231,18,5000001,0,user_33,3,19,171
277,19,5000001,0,user_2,4,19,171
289,20,5000001,0,user_11,4,19,171
298,21,5000001,0,user_19,4,19,171
310,22,5000001,0,user_28,4,19,171
278,23,5000001,0,user_3,4,19,171
303,24,5000001,0,user_25,4,19,171
304,25,5000001,0,user_26,4,19,171
306,26,5000001,0,user_26,4,19,171
312,27,5000001,0,user_32,4,19,171
316,28,5000001,0,user_36,4,19,171
175,30,5000000,0,user_44,2,19,
171,31,5000000,67500,user_43,2,19,
194,33,4999999,0,user_1,3,19,171
203,34,4999999,0,user_12,3,19,171
230,35,4999999,0,user_31,3,19,171
240,36,4999999,0,user_38,3,19,171
233,37,4999999,0,user_34,3,19,171
234,38,4999999,0,user_34,3,19,171
238,39,4999999,0,user_37,3,19,171
276,40,4999999,0,user_1,4,19,171
291,41,4999999,0,user_13,4,19,171
292,42,4999999,0,user_13,4,19,171
293,43,4999999,0,user_13,4,19,171
314,44,4999999,0,user_34,4,19,171
284,45,4999999,0,user_8,4,19,171
294,46,4999999,0,user_14,4,19,171
295,47,4999999,0,user_15,4,19,171
300,48,4999999,0,user_21,4,19,171
305,49,4999999,0,user_26,4,19,171
307,50,4999999,0,user_26,4,19,171
315,51,4999999,0,user_35,4,19,171
309,52,4999999,0,user_27,4,19,171
285,53,4999999,0,user_9,4,19,171
286,54,4999999,0,user_9,4,19,171
311,55,4999999,0,user_30,4,19,171
313,56,4999999,0,user_33,4,19,171
318,57,4999999,0,user_38,4,19,171
472,59,4500000,0,user_46,6,19,
131,66,3600001,0,user_5,2,19,61
283,67,3600001,0,user_7,4,19,61
299,68,3600001,0,user_20,4,19,61
75,69,3600001,0,user_4,1,19,61
78,70,3600001,0,user_11,1,19,61
71,71,3600001,0,user_0,1,19,61
282,72,3600001,0,user_6,4,19,61
308,73,3600001,0,user_26,4,19,61
395,74,3600001,0,user_37,5,19,61
459,65,3600001,0,user_30,6,19,61
498,62,3600001,0,user_3,7,19,61
512,63,3600001,0,user_14,7,19,61
530,64,3600001,0,user_22,7,19,61
61,77,3600000,108000,user_48,0,19,
137,81,3599999,0,user_12,2,19,61
153,82,3599999,0,user_28,2,19,61
73,83,3599999,0,user_2,1,19,61
72,84,3599999,0,user_1,1,19,61
83,85,3599999,0,user_14,1,19,61
91,86,3599999,0,user_21,1,19,61
99,87,3599999,0,user_29,1,19,61
81,88,3599999,0,user_13,1,19,61
385,89,3599999,0,user_27,5,19,61
430,79,3599999,0,user_3,6,19,61
457,90,3599999,0,user_25,6,19,61
443,80,3599999,0,user_15,6,19,61
466,91,3599999,0,user_36,6,19,61
507,78,3599999,0,user_9,7,19,61
15,93,2600000,0,user_11,0,19,
247,96,2100000,0,user_45,3,19,
170,95,2000000,0,user_42,2,17,
10,94,2000000,0,user_8,0,17,
330,99,2000000,0,user_48,4,18,
245,99,1800000,0,user_44,3,12,
470,97,1800000,0,user_42,6,11,
109,93,1700000,0,user_47,1,10,
554,94,1600000,0,user_47,7,10,
474,95,1500000,0,user_49,6,10,
553,96,1500000,0,user_45,7,10,
176,99,1400000,0,user_46,2,10,
552,98,1400000,0,user_45,7,10,
320,91,1300000,0,user_40,4,7,
550,92,1300000,155000,user_44,7,7,
13,93,1100000,0,user_11,0,7,
58,94,1000000,0,user_45,0,7,
400,95,1000000,0,user_43,5,7,
556,96,1000000,15300,user_48,7,7,
248,97,970000,0,user_46,3,7,
327,98,970000,0,user_45,4,7,
52,99,910000,0,user_40,0,7,
324,2,43000000,0,user_43,4,19,
11,1,43000000,0,user_9,0,19,
57,0,43000000,0,user_44,0,19,
173,3,30000000,6390,user_43,2,19,
326,9,6100000,0,user_44,4,19,
107,10,6100000,0,user_45,1,19,
289,20,5000001,0,user_11,4,19,171
277,19,5000001,0,user_2,4,19,171
278,23,5000001,0,user_3,4,19,171
312,27,5000001,0,user_32,4,19,171
298,21,5000001,0,user_19,4,19,171
303,24,5000001,0,user_25,4,19,171
304,25,5000001,0,user_26,4,19,171
306,26,5000001,0,user_26,4,19,171
316,28,5000001,0,user_36,4,19,171
310,22,5000001,0,user_28,4,19,171
221,15,5000001,0,user_26,3,19,171
239,17,5000001,0,user_37,3,19,171
225,14,5000001,0,user_30,3,19,171
231,18,5000001,0,user_33,3,19,171
206,13,5000001,0,user_12,3,19,171
235,16,5000001,0,user_34,3,19,171
175,30,5000000,0,user_44,2,19,
171,31,5000000,67500,user_43,2,19,
628,29,5000000,0,user_44,8,19,
240,36,4999999,0,user_38,3,19,171
276,40,4999999,0,user_1,4,19,171
294,46,4999999,0,user_14,4,19,171
295,47,4999999,0,user_15,4,19,171
284,45,4999999,0,user_8,4,19,171
311,55,4999999,0,user_30,4,19,171
313,56,4999999,0,user_33,4,19,171
314,44,4999999,0,user_34,4,19,171
300,48,4999999,0,user_21,4,19,171
305,49,4999999,0,user_26,4,19,171
307,50,4999999,0,user_26,4,19,171
315,51,4999999,0,user_35,4,19,171
309,52,4999999,0,user_27,4,19,171
285,53,4999999,0,user_9,4,19,171
286,54,4999999,0,user_9,4,19,171
291,41,4999999,0,user_13,4,19,171
292,42,4999999,0,user_13,4,19,171
293,43,4999999,0,user_13,4,19,171
318,57,4999999,0,user_38,4,19,171
194,33,4999999,0,user_1,3,19,171
238,39,4999999,0,user_37,3,19,171
203,34,4999999,0,user_12,3,19,171
233,37,4999999,0,user_34,3,19,171
234,38,4999999,0,user_34,3,19,171
230,35,4999999,0,user_31,3,19,171
472,59,4500000,0,user_46,6,19,
629,58,4500000,16400,user_45,8,19,
283,67,3600001,0,user_7,4,19,61
299,68,3600001,0,user_20,4,19,61
308,73,3600001,0,user_26,4,19,61
282,72,3600001,0,user_6,4,19,61
395,74,3600001,0,user_37,5,19,61
75,69,3600001,0,user_4,1,19,61
78,70,3600001,0,user_11,1,19,61
71,71,3600001,0,user_0,1,19,61
131,66,3600001,0,user_5,2,19,61
459,65,3600001,0,user_30,6,19,61
498,62,3600001,0,user_3,7,19,61
512,63,3600001,0,user_14,7,19,61
530,64,3600001,0,user_22,7,19,61
61,77,3600000,108000,user_48,0,19,
72,84,3599999,0,user_1,1,19,61
73,83,3599999,0,user_2,1,19,61
81,88,3599999,0,user_13,1,19,61
83,85,3599999,0,user_14,1,19,61
91,86,3599999,0,user_21,1,19,61
99,87,3599999,0,user_29,1,19,61
137,81,3599999,0,user_12,2,19,61
153,82,3599999,0,user_28,2,19,61
385,89,3599999,0,user_27,5,19,61
430,79,3599999,0,user_3,6,19,61
443,80,3599999,0,user_15,6,19,61
457,90,3599999,0,user_25,6,19,61
466,91,3599999,0,user_36,6,19,61
507,78,3599999,0,user_9,7,19,61
585,92,3599999,0,user_8,8,19,61
15,93,2600000,0,user_11,0,19,
247,96,2100000,0,user_45,3,19,
330,99,2000000,0,user_48,4,18,
10,94,2000000,0,user_8,0,17,
170,95,2000000,0,user_42,2,17,
546,99,1900000,0,user_43,7,16,
245,99,1800000,0,user_44,3,12,
470,97,1800000,0,user_42,6,11,
109,93,1700000,0,user_47,1,10,
554,94,1600000,0,user_47,7,10,
474,95,1500000,0,user_49,6,10,
553,96,1500000,0,user_45,7,10,
558,97,1500000,0,user_49,7,10,
176,99,1400000,0,user_46,2,10,
552,98,1400000,0,user_45,7,10,
576,98,1300001,0,user_1,8,9,550
592,97,1300001,0,user_15,8,8,550
596,99,1300001,0,user_18,8,9,550
600,99,1300001,0,user_23,8,8,550
324,2,43000000,0,user_43,4,19,
11,1,43000000,0,user_9,0,19,
57,0,43000000,0,user_44,0,19,
173,3,30000000,6390,user_43,2,19,
632,4,30000000,0,user_49,8,19,
326,9,6100000,0,user_44,4,19,
107,10,6100000,0,user_45,1,19,
278,23,5000001,0,user_3,4,19,171
289,20,5000001,0,user_11,4,19,171
298,21,5000001,0,user_19,4,19,171
310,22,5000001,0,user_28,4,19,171
303,24,5000001,0,user_25,4,19,171
304,25,5000001,0,user_26,4,19,171
306,26,5000001,0,user_26,4,19,171
316,28,5000001,0,user_36,4,19,171
312,27,5000001,0,user_32,4,19,171
277,19,5000001,0,user_2,4,19,171
206,13,5000001,0,user_12,3,19,171
231,18,5000001,0,user_33,3,19,171
235,16,5000001,0,user_34,3,19,171
239,17,5000001,0,user_37,3,19,171
225,14,5000001,0,user_30,3,19,171
221,15,5000001,0,user_26,3,19,171
175,30,5000000,0,user_44,2,19,
171,31,5000000,67500,user_43,2,19,
628,29,5000000,0,user_44,8,19,
291,41,4999999,0,user_13,4,19,171
292,42,4999999,0,user_13,4,19,171
293,43,4999999,0,user_13,4,19,171
294,46,4999999,0,user_14,4,19,171
300,48,4999999,0,user_21,4,19,171
284,45,4999999,0,user_8,4,19,171
305,49,4999999,0,user_26,4,19,171
307,50,4999999,0,user_26,4,19,171
295,47,4999999,0,user_15,4,19,171
309,52,4999999,0,user_27,4,19,171
318,57,4999999,0,user_38,4,19,171
314,44,4999999,0,user_34,4,19,171
311,55,4999999,0,user_30,4,19,171
313,56,4999999,0,user_33,4,19,171
315,51,4999999,0,user_35,4,19,171
240,36,4999999,0,user_38,3,19,171
276,40,4999999,0,user_1,4,19,171
285,53,4999999,0,user_9,4,19,171
286,54,4999999,0,user_9,4,19,171
194,33,4999999,0,user_1,3,19,171
203,34,4999999,0,user_12,3,19,171
233,37,4999999,0,user_34,3,19,171
234,38,4999999,0,user_34,3,19,171
238,39,4999999,0,user_37,3,19,171
230,35,4999999,0,user_31,3,19,171
472,59,4500000,0,user_46,6,19,
629,58,4500000,16400,user_45,8,19,
283,67,3600001,0,user_7,4,19,61
299,68,3600001,0,user_20,4,19,61
308,73,3600001,0,user_26,4,19,61
282,72,3600001,0,user_6,4,19,61
395,74,3600001,0,user_37,5,19,61
75,69,3600001,0,user_4,1,19,61
78,70,3600001,0,user_11,1,19,61
71,71,3600001,0,user_0,1,19,61
131,66,3600001,0,user_5,2,19,61
459,65,3600001,0,user_30,6,19,61
498,62,3600001,0,user_3,7,19,61
512,63,3600001,0,user_14,7,19,61
530,64,3600001,0,user_22,7,19,61
61,77,3600000,108000,user_48,0,19,
385,89,3599999,0,user_27,5,19,61
81,88,3599999,0,user_13,1,19,61
83,85,3599999,0,user_14,1,19,61
91,86,3599999,0,user_21,1,19,61
99,87,3599999,0,user_29,1,19,61
72,84,3599999,0,user_1,1,19,61
73,83,3599999,0,user_2,1,19,61
137,81,3599999,0,user_12,2,19,61
153,82,3599999,0,user_28,2,19,61
430,79,3599999,0,user_3,6,19,61
443,80,3599999,0,user_15,6,19,61
457,90,3599999,0,user_25,6,19,61
466,91,3599999,0,user_36,6,19,61
507,78,3599999,0,user_9,7,19,61
585,92,3599999,0,user_8,8,19,61
15,93,2600000,0,user_11,0,19,
247,96,2100000,0,user_45,3,19,
330,99,2000000,0,user_48,4,18,
10,94,2000000,0,user_8,0,17,
170,95,2000000,0,user_42,2,17,
623,98,2000000,0,user_40,8,18,
546,99,1900000,0,user_43,7,16,
245,99,1800000,0,user_44,3,12,
470,97,1800000,0,user_42,6,11,
109,93,1700000,0,user_47,1,10,
554,94,1600000,0,user_47,7,10,
474,95,1500000,0,user_49,6,10,
553,96,1500000,0,user_45,7,10,
558,97,1500000,0,user_49,7,10,
176,99,1400000,0,user_46,2,10,
552,98,1400000,0,user_45,7,10,
576,98,1300001,0,user_1,8,9,550
596,99,1300001,0,user_18,8,9,550
324,2,43000000,0,user_43,4,19,
11,1,43000000,0,user_9,0,19,
57,0,43000000,0,user_44,0,19,
173,3,30000000,6390,user_43,2,19,
632,4,30000000,0,user_49,8,19,
326,9,6100000,0,user_44,4,19,
107,10,6100000,0,user_45,1,19,
278,23,5000001,0,user_3,4,19,171
289,20,5000001,0,user_11,4,19,171
298,21,5000001,0,user_19,4,19,171
310,22,5000001,0,user_28,4,19,171
303,24,5000001,0,user_25,4,19,171
304,25,5000001,0,user_26,4,19,171
306,26,5000001,0,user_26,4,19,171
316,28,5000001,0,user_36,4,19,171
312,27,5000001,0,user_32,4,19,171
206,13,5000001,0,user_12,3,19,171
235,16,5000001,0,user_34,3,19,171
239,17,5000001,0,user_37,3,19,171
221,15,5000001,0,user_26,3,19,171
225,14,5000001,0,user_30,3,19,171
231,18,5000001,0,user_33,3,19,171
277,19,5000001,0,user_2,4,19,171
171,31,5000000,67500,user_43,2,19,
175,30,5000000,0,user_44,2,19,
628,29,5000000,0,user_44,8,19,
687,32,5000000,0,user_41,9,19,
294,46,4999999,0,user_14,4,19,171
318,57,4999999,0,user_38,4,19,171
285,53,4999999,0,user_9,4,19,171
286,54,4999999,0,user_9,4,19,171
300,48,4999999,0,user_21,4,19,171
295,47,4999999,0,user_15,4,19,171
313,56,4999999,0,user_33,4,19,171
284,45,4999999,0,user_8,4,19,171
305,49,4999999,0,user_26,4,19,171
307,50,4999999,0,user_26,4,19,171
309,52,4999999,0,user_27,4,19,171
314,44,4999999,0,user_34,4,19,171
311,55,4999999,0,user_30,4,19,171
315,51,4999999,0,user_35,4,19,171
291,41,4999999,0,user_13,4,19,171
292,42,4999999,0,user_13,4,19,171
293,43,4999999,0,user_13,4,19,171
194,33,4999999,0,user_1,3,19,171
203,34,4999999,0,user_12,3,19,171
233,37,4999999,0,user_34,3,19,171
234,38,4999999,0,user_34,3,19,171
238,39,4999999,0,user_37,3,19,171
276,40,4999999,0,user_1,4,19,171
230,35,4999999,0,user_31,3,19,171
240,36,4999999,0,user_38,3,19,171
472,59,4500000,0,user_46,6,19,
629,58,4500000,16400,user_45,8,19,
459,65,3600001,0,user_30,6,19,61
282,72,3600001,0,user_6,4,19,61
283,67,3600001,0,user_7,4,19,61
299,68,3600001,0,user_20,4,19,61
308,73,3600001,0,user_26,4,19,61
395,74,3600001,0,user_37,5,19,61
131,66,3600001,0,user_5,2,19,61
78,70,3600001,0,user_11,1,19,61
71,71,3600001,0,user_0,1,19,61
75,69,3600001,0,user_4,1,19,61
498,62,3600001,0,user_3,7,19,61
512,63,3600001,0,user_14,7,19,61
530,64,3600001,0,user_22,7,19,61
61,77,3600000,108000,user_48,0,19,
430,79,3599999,0,user_3,6,19,61
457,90,3599999,0,user_25,6,19,61
466,91,3599999,0,user_36,6,19,61
443,80,3599999,0,user_15,6,19,61
137,81,3599999,0,user_12,2,19,61
153,82,3599999,0,user_28,2,19,61
83,85,3599999,0,user_14,1,19,61
91,86,3599999,0,user_21,1,19,61
81,88,3599999,0,user_13,1,19,61
72,84,3599999,0,user_1,1,19,61
73,83,3599999,0,user_2,1,19,61
99,87,3599999,0,user_29,1,19,61
385,89,3599999,0,user_27,5,19,61
507,78,3599999,0,user_9,7,19,61
585,92,3599999,0,user_8,8,19,61
15,93,2600000,0,user_11,0,19,
247,96,2100000,0,user_45,3,19,
330,99,2000000,0,user_48,4,18,
170,95,2000000,0,user_42,2,17,
10,94,2000000,0,user_8,0,17,
623,98,2000000,0,user_40,8,18,
546,99,1900000,0,user_43,7,16,
470,97,1800000,0,user_42,6,11,
245,99,1800000,0,user_44,3,12,
771,99,1800000,17700000,user_48,10,11,
109,93,1700000,0,user_47,1,10,
554,94,1600000,0,user_47,7,10,
474,95,1500000,0,user_49,6,10,
553,96,1500000,0,user_45,7,10,
558,97,1500000,0,user_49,7,10,
552,98,1400000,0,user_45,7,10,
176,99,1400000,0,user_46,2,10,
57,0,43000000,0,user_44,0,19,
11,1,43000000,0,user_9,0,19,
324,2,43000000,0,user_43,4,19,
173,3,30000000,6390,user_43,2,19,
632,4,30000000,0,user_49,8,19,
326,9,6100000,0,user_44,4,19,
107,10,6100000,0,user_45,1,19,
767,11,6100000,0,user_42,10,19,
206,13,5000001,0,user_12,3,19,171
225,14,5000001,0,user_30,3,19,171
221,15,5000001,0,user_26,3,19,171
235,16,5000001,0,user_34,3,19,171
239,17,5000001,0,user_37,3,19,171
231,18,5000001,0,user_33,3,19,171
277,19,5000001,0,user_2,4,19,171
289,20,5000001,0,user_11,4,19,171
298,21,5000001,0,user_19,4,19,171
310,22,5000001,0,user_28,4,19,171
278,23,5000001,0,user_3,4,19,171
303,24,5000001,0,user_25,4,19,171
304,25,5000001,0,user_26,4,19,171
306,26,5000001,0,user_26,4,19,171
312,27,5000001,0,user_32,4,19,171
316,28,5000001,0,user_36,4,19,171
628,29,5000000,0,user_44,8,19,
175,30,5000000,0,user_44,2,19,
171,31,5000000,67500,user_43,2,19,
687,32,5000000,0,user_41,9,19,
194,33,4999999,0,user_1,3,19,171
203,34,4999999,0,user_12,3,19,171
230,35,4999999,0,user_31,3,19,171
240,36,4999999,0,user_38,3,19,171
233,37,4999999,0,user_34,3,19,171
234,38,4999999,0,user_34,3,19,171
238,39,4999999,0,user_37,3,19,171
276,40,4999999,0,user_1,4,19,171
291,41,4999999,0,user_13,4,19,171
292,42,4999999,0,user_13,4,19,171
293,43,4999999,0,user_13,4,19,171
314,44,4999999,0,user_34,4,19,171
284,45,4999999,0,user_8,4,19,171
294,46,4999999,0,user_14,4,19,171
295,47,4999999,0,user_15,4,19,171
300,48,4999999,0,user_21,4,19,171
305,49,4999999,0,user_26,4,19,171
307,50,4999999,0,user_26,4,19,171
315,51,4999999,0,user_35,4,19,171
309,52,4999999,0,user_27,4,19,171
285,53,4999999,0,user_9,4,19,171
286,54,4999999,0,user_9,4,19,171
311,55,4999999,0,user_30,4,19,171
313,56,4999999,0,user_33,4,19,171
318,57,4999999,0,user_38,4,19,171
629,58,4500000,16400,user_45,8,19,
472,59,4500000,0,user_46,6,19,
498,62,3600001,0,user_3,7,19,61
512,63,3600001,0,user_14,7,19,61
530,64,3600001,0,user_22,7,19,61
459,65,3600001,0,user_30,6,19,61
131,66,3600001,0,user_5,2,19,61
283,67,3600001,0,user_7,4,19,61
299,68,3600001,0,user_20,4,19,61
75,69,3600001,0,user_4,1,19,61
78,70,3600001,0,user_11,1,19,61
71,71,3600001,0,user_0,1,19,61
282,72,3600001,0,user_6,4,19,61
308,73,3600001,0,user_26,4,19,61
395,74,3600001,0,user_37,5,19,61
61,77,3600000,108000,user_48,0,19,
507,78,3599999,0,user_9,7,19,61
430,79,3599999,0,user_3,6,19,61
443,80,3599999,0,user_15,6,19,61
137,81,3599999,0,user_12,2,19,61
153,82,3599999,0,user_28,2,19,61
73,83,3599999,0,user_2,1,19,61
72,84,3599999,0,user_1,1,19,61
83,85,3599999,0,user_14,1,19,61
91,86,3599999,0,user_21,1,19,61
99,87,3599999,0,user_29,1,19,61
81,88,3599999,0,user_13,1,19,61
385,89,3599999,0,user_27,5,19,61
457,90,3599999,0,user_25,6,19,61
466,91,3599999,0,user_36,6,19,61
585,92,3599999,0,user_8,8,19,61
15,93,2600000,0,user_11,0,19,
247,96,2100000,0,user_45,3,19,
170,95,2000000,0,user_42,2,17,
10,94,2000000,0,user_8,0,17,
330,99,2000000,0,user_48,4,18,
623,98,2000000,0,user_40,8,18,
768,97,2000000,0,user_43,10,18,
546,99,1900000,0,user_43,7,16,
809,99,1800001,0,user_7,11,15,771
800,98,1800001,0,user_2,11,14,771
811,99,1800001,0,user_10,11,14,771
813,99,1800001,0,user_11,11,13,771
827,98,1800001,0,user_22,11,12,771
470,97,1800000,0,user_42,6,11,
245,99,1800000,0,user_44,3,12,
771,99,1800000,17700000,user_48,10,11,
324,2,43000000,0,user_43,4,19,
11,1,43000000,0,user_9,0,19,
57,0,43000000,0,user_44,0,19,
632,4,30000000,0,user_49,8,19,
173,3,30000000,6390,user_43,2,19,
326,9,6100000,0,user_44,4,19,
107,10,6100000,0,user_45,1,19,
767,11,6100000,0,user_42,10,19,
853,8,6100000,0,user_46,11,19,
289,20,5000001,0,user_11,4,19,171
277,19,5000001,0,user_2,4,19,171
278,23,5000001,0,user_3,4,19,171
312,27,5000001,0,user_32,4,19,171
298,21,5000001,0,user_19,4,19,171
303,24,5000001,0,user_25,4,19,171
304,25,5000001,0,user_26,4,19,171
306,26,5000001,0,user_26,4,19,171
316,28,5000001,0,user_36,4,19,171
310,22,5000001,0,user_28,4,19,171
221,15,5000001,0,user_26,3,19,171
239,17,5000001,0,user_37,3,19,171
225,14,5000001,0,user_30,3,19,171
231,18,5000001,0,user_33,3,19,171
206,13,5000001,0,user_12,3,19,171
235,16,5000001,0,user_34,3,19,171
628,29,5000000,0,user_44,8,19,
175,30,5000000,0,user_44,2,19,
171,31,5000000,67500,user_43,2,19,
687,32,5000000,0,user_41,9,19,
240,36,4999999,0,user_38,3,19,171
276,40,4999999,0,user_1,4,19,171
294,46,4999999,0,user_14,4,19,171
295,47,4999999,0,user_15,4,19,171
284,45,4999999,0,user_8,4,19,171
311,55,4999999,0,user_30,4,19,171
313,56,4999999,0,user_33,4,19,171
314,44,4999999,0,user_34,4,19,171
300,48,4999999,0,user_21,4,19,171
305,49,4999999,0,user_26,4,19,171
307,50,4999999,0,user_26,4,19,171
315,51,4999999,0,user_35,4,19,171
309,52,4999999,0,user_27,4,19,171
285,53,4999999,0,user_9,4,19,171
286,54,4999999,0,user_9,4,19,171
291,41,4999999,0,user_13,4,19,171
292,42,4999999,0,user_13,4,19,171
293,43,4999999,0,user_13,4,19,171
318,57,4999999,0,user_38,4,19,171
194,33,4999999,0,user_1,3,19,171
238,39,4999999,0,user_37,3,19,171
203,34,4999999,0,user_12,3,19,171
233,37,4999999,0,user_34,3,19,171
234,38,4999999,0,user_34,3,19,171
230,35,4999999,0,user_31,3,19,171
629,58,4500000,16400,user_45,8,19,
472,59,4500000,0,user_46,6,19,
498,62,3600001,0,user_3,7,19,61
530,64,3600001,0,user_22,7,19,61
512,63,3600001,0,user_14,7,19,61
283,67,3600001,0,user_7,4,19,61
299,68,3600001,0,user_20,4,19,61
308,73,3600001,0,user_26,4,19,61
282,72,3600001,0,user_6,4,19,61
395,74,3600001,0,user_37,5,19,61
75,69,3600001,0,user_4,1,19,61
78,70,3600001,0,user_11,1,19,61
71,71,3600001,0,user_0,1,19,61
131,66,3600001,0,user_5,2,19,61
459,65,3600001,0,user_30,6,19,61
61,77,3600000,108000,user_48,0,19,
585,92,3599999,0,user_8,8,19,61
507,78,3599999,0,user_9,7,19,61
72,84,3599999,0,user_1,1,19,61
73,83,3599999,0,user_2,1,19,61
81,88,3599999,0,user_13,1,19,61
83,85,3599999,0,user_14,1,19,61
91,86,3599999,0,user_21,1,19,61
99,87,3599999,0,user_29,1,19,61
137,81,3599999,0,user_12,2,19,61
153,82,3599999,0,user_28,2,19,61
385,89,3599999,0,user_27,5,19,61
430,79,3599999,0,user_3,6,19,61
443,80,3599999,0,user_15,6,19,61
457,90,3599999,0,user_25,6,19,61
466,91,3599999,0,user_36,6,19,61
15,93,2600000,0,user_11,0,19,
247,96,2100000,0,user_45,3,19,
623,98,2000000,0,user_40,8,18,
330,99,2000000,0,user_48,4,18,
10,94,2000000,0,user_8,0,17,
170,95,2000000,0,user_42,2,17,
768,97,2000000,0,user_43,10,18,
852,98,2000000,0,user_46,11,19,
