id,position,gas_fee,mev_potential,creator_id,created_at,included_at,target_tx
11,1,43000000,0,user_9,0,19,
56,59,6300000,0,user_44,0,19,
15,95,2600000,0,user_11,0,19,
10,91,2000000,0,user_8,0,7,
58,87,1600000,0,user_45,0,6,
57,91,1400000,0,user_45,0,6,
13,94,1100000,0,user_11,0,6,
60,97,1000000,0,user_47,0,6,
6,99,660001,0,user_5,0,5,5
8,51,660001,0,user_5,0,4,5
17,52,660001,0,user_14,0,4,5
19,61,660001,0,user_15,0,4,5
21,53,660001,0,user_17,0,4,5
23,54,660001,0,user_18,0,4,5
24,55,660001,0,user_18,0,4,5
25,56,660001,0,user_18,0,4,5
29,58,660001,0,user_22,0,4,5
41,64,660001,0,user_33,0,4,5
42,65,660001,0,user_33,0,4,5
5,83,660000,14200,user_4,0,3,
61,84,660000,121000,user_47,0,3,
7,85,659999,0,user_5,0,3,5
16,86,659999,0,user_14,0,3,5
22,87,659999,0,user_18,0,3,5
26,88,659999,0,user_18,0,3,5
12,63,310000,0,user_11,0,1,
4,64,260000,0,user_4,0,1,
14,65,220000,0,user_11,0,1,
9,70,150001,0,user_7,0,1,1
2,69,150001,0,user_2,0,1,1
18,73,150001,0,user_15,0,1,1
38,71,150001,0,user_29,0,1,1
1,78,150000,39400,user_1,0,1,
62,80,150000,0,user_48,0,1,
3,81,149999,0,user_3,0,1,1
20,82,149999,0,user_16,0,1,1
30,87,149999,0,user_23,0,1,1
39,85,149999,0,user_30,0,1,1
28,84,149999,0,user_20,0,1,1
0,93,80000,0,user_1,0,1,
11,1,43000000,0,user_9,0,19,
122,27,30000000,139000,user_44,1,19,
56,59,6300000,0,user_44,0,19,
119,94,3500000,0,user_44,1,19,
15,95,2600000,0,user_11,0,19,
10,91,2000000,0,user_8,0,7,
58,87,1600000,0,user_45,0,6,
57,91,1400000,0,user_45,0,6,
124,90,1400000,0,user_47,1,6,
13,94,1100000,0,user_11,0,6,
60,97,1000000,0,user_47,0,6,
17,52,660001,0,user_14,0,4,5
6,99,660001,0,user_5,0,5,5
8,51,660001,0,user_5,0,4,5
29,58,660001,0,user_22,0,4,5
31,59,660001,0,user_25,0,4,5
32,60,660001,0,user_25,0,4,5
19,61,660001,0,user_15,0,4,5
21,53,660001,0,user_17,0,4,5
23,54,660001,0,user_18,0,4,5
24,55,660001,0,user_18,0,4,5
25,56,660001,0,user_18,0,4,5
35,62,660001,0,user_27,0,4,5
52,66,660001,0,user_40,0,4,5
37,57,660001,0,user_28,0,4,5
41,64,660001,0,user_33,0,4,5
42,65,660001,0,user_33,0,4,5
27,49,660001,0,user_19,0,4,5
48,97,660001,0,user_38,0,5,5
77,79,660001,0,user_11,1,5,5
80,80,660001,0,user_14,1,5,61
68,98,660001,0,user_2,1,5,5
75,92,660001,0,user_10,1,5,5
106,94,660001,0,user_37,1,5,5
73,81,660001,0,user_8,1,5,5
90,82,660001,0,user_23,1,5,5
101,95,660001,0,user_29,1,5,5
5,83,660000,14200,user_4,0,3,
61,84,660000,121000,user_47,0,3,
16,86,659999,0,user_14,0,3,5
7,85,659999,0,user_5,0,3,5
33,89,659999,0,user_26,0,3,5
34,90,659999,0,user_26,0,3,5
22,87,659999,0,user_18,0,3,5
26,88,659999,0,user_18,0,3,5
36,91,659999,0,user_27,0,3,5
46,92,659999,0,user_36,0,3,5
43,93,659999,0,user_34,0,3,5
44,94,659999,0,user_34,0,3,5
67,95,659999,0,user_1,1,3,61
70,99,659999,0,user_5,1,3,5
72,90,659999,0,user_7,1,2,5
66,82,659999,0,user_0,1,2,61
74,83,659999,0,user_9,1,2,5
49,96,659999,0,user_38,0,3,5
76,97,659999,0,user_11,1,3,5
78,98,659999,0,user_11,1,3,5
84,96,659999,0,user_18,1,2,5
85,97,659999,0,user_18,1,2,5
86,59,659999,0,user_20,1,1,61
104,60,659999,0,user_34,1,1,5
83,91,659999,0,user_16,1,2,61
87,92,659999,0,user_21,1,2,5
12,63,310000,0,user_11,0,1,
4,64,260000,0,user_4,0,1,
14,65,220000,0,user_11,0,1,
59,66,170000,0,user_46,0,1,
120,67,170000,0,user_44,1,1,
125,68,160000,0,user_48,1,1,
2,69,150001,0,user_2,0,1,1
9,70,150001,0,user_7,0,1,1
38,71,150001,0,user_29,0,1,1
45,72,150001,0,user_35,0,1,1
18,73,150001,0,user_15,0,1,1
47,74,150001,0,user_36,0,1,1
51,75,150001,0,user_40,0,1,1
69,76,150001,0,user_4,1,1,1
81,77,150001,0,user_15,1,1,1
1,78,150000,39400,user_1,0,1,
54,79,150000,0,user_41,0,1,
62,80,150000,0,user_48,0,1,
3,81,149999,0,user_3,0,1,1
20,82,149999,0,user_16,0,1,1
50,83,149999,0,user_39,0,1,1
28,84,149999,0,user_20,0,1,1
39,85,149999,0,user_30,0,1,1
40,86,149999,0,user_31,0,1,1
30,87,149999,0,user_23,0,1,1
82,88,149999,0,user_15,1,1,1
55,89,110000,0,user_42,0,1,
118,90,110000,510000,user_44,1,1,
121,91,100000,0,user_44,1,1,
53,92,83000,0,user_41,0,1,
0,93,80000,0,user_1,0,1,
123,94,73000,0,user_47,1,1,
11,1,43000000,0,user_9,0,19,
136,3,30000001,0,user_5,2,19,122
129,10,30000001,0,user_2,2,19,122
150,7,30000001,0,user_14,2,19,122
147,6,30000001,0,user_12,2,19,122
137,8,30000001,0,user_6,2,19,122
122,27,30000000,139000,user_44,1,19,
141,33,29999999,0,user_7,2,19,122
149,34,29999999,0,user_14,2,19,122
148,32,29999999,0,user_13,2,19,122
167,35,29999999,0,user_30,2,19,122
170,36,29999999,0,user_33,2,19,122
56,59,6300000,0,user_44,0,19,
119,94,3500000,0,user_44,1,19,
15,95,2600000,0,user_11,0,19,
10,91,2000000,0,user_8,0,7,
117,92,2000000,0,user_43,1,7,
58,87,1600000,0,user_45,0,6,
57,91,1400000,0,user_45,0,6,
124,90,1400000,0,user_47,1,6,
13,94,1100000,0,user_11,0,6,
60,97,1000000,0,user_47,0,6,
185,98,870000,0,user_48,2,6,
17,52,660001,0,user_14,0,4,5
6,99,660001,0,user_5,0,5,5
8,51,660001,0,user_5,0,4,5
19,61,660001,0,user_15,0,4,5
21,53,660001,0,user_17,0,4,5
35,62,660001,0,user_27,0,4,5
41,64,660001,0,user_33,0,4,5
42,65,660001,0,user_33,0,4,5
23,54,660001,0,user_18,0,4,5
24,55,660001,0,user_18,0,4,5
25,56,660001,0,user_18,0,4,5
29,58,660001,0,user_22,0,4,5
27,49,660001,0,user_19,0,4,5
31,59,660001,0,user_25,0,4,5
32,60,660001,0,user_25,0,4,5
52,66,660001,0,user_40,0,4,5
37,57,660001,0,user_28,0,4,5
48,97,660001,0,user_38,0,5,5
77,79,660001,0,user_11,1,5,5
80,80,660001,0,user_14,1,5,61
71,88,660001,0,user_6,1,5,5
73,81,660001,0,user_8,1,5,5
68,98,660001,0,user_2,1,5,5
93,85,660001,0,user_25,1,5,5
94,86,660001,0,user_25,1,5,5
95,87,660001,0,user_25,1,5,5
75,92,660001,0,user_10,1,5,5
90,82,660001,0,user_23,1,5,5
91,83,660001,0,user_24,1,5,5
101,95,660001,0,user_29,1,5,5
110,96,660001,0,user_39,1,5,5
99,89,660001,0,user_27,1,5,5
102,84,660001,0,user_31,1,5,5
105,90,660001,0,user_36,1,5,5
103,93,660001,0,user_32,1,5,5
106,94,660001,0,user_37,1,5,5
107,91,660001,0,user_38,1,5,5
132,99,660001,0,user_3,2,6,5
151,87,660001,0,user_15,2,4,5
154,88,660001,0,user_17,2,4,5
158,89,660001,0,user_20,2,4,5
171,92,660001,0,user_34,2,4,5
160,93,660001,0,user_23,2,4,5
159,94,660001,0,user_22,2,4,61
166,95,660001,0,user_30,2,4,61
165,91,660001,0,user_29,2,4,5
5,83,660000,14200,user_4,0,3,
61,84,660000,121000,user_47,0,3,
16,86,659999,0,user_14,0,3,5
7,85,659999,0,user_5,0,3,5
36,91,659999,0,user_27,0,3,5
22,87,659999,0,user_18,0,3,5
26,88,659999,0,user_18,0,3,5
43,93,659999,0,user_34,0,3,5
44,94,659999,0,user_34,0,3,5
67,95,659999,0,user_1,1,3,61
33,89,659999,0,user_26,0,3,5
34,90,659999,0,user_26,0,3,5
46,92,659999,0,user_36,0,3,5
66,82,659999,0,user_0,1,2,61
74,83,659999,0,user_9,1,2,5
49,96,659999,0,user_38,0,3,5
76,97,659999,0,user_11,1,3,5
78,98,659999,0,user_11,1,3,5
70,99,659999,0,user_5,1,3,5
88,88,659999,0,user_22,1,2,5
89,89,659999,0,user_22,1,2,5
72,90,659999,0,user_7,1,2,5
83,91,659999,0,user_16,1,2,61
87,92,659999,0,user_21,1,2,5
96,93,659999,0,user_25,1,2,5
97,94,659999,0,user_25,1,2,5
98,95,659999,0,user_26,1,2,5
84,96,659999,0,user_18,1,2,5
85,97,659999,0,user_18,1,2,5
92,98,659999,0,user_24,1,2,61
109,99,659999,0,user_39,1,2,5
11,1,43000000,0,user_9,0,19,
181,0,43000000,0,user_43,2,19,
129,10,30000001,0,user_2,2,19,122
150,7,30000001,0,user_14,2,19,122
136,3,30000001,0,user_5,2,19,122
137,8,30000001,0,user_6,2,19,122
147,6,30000001,0,user_12,2,19,122
207,4,30000001,0,user_14,3,19,122
226,5,30000001,0,user_33,3,19,122
122,27,30000000,139000,user_44,1,19,
149,34,29999999,0,user_14,2,19,122
141,33,29999999,0,user_7,2,19,122
148,32,29999999,0,user_13,2,19,122
167,35,29999999,0,user_30,2,19,122
170,36,29999999,0,user_33,2,19,122
189,30,29999999,0,user_0,3,19,122
56,59,6300000,0,user_44,0,19,
243,72,6100000,381000,user_48,3,19,
119,94,3500000,0,user_44,1,19,
15,95,2600000,0,user_11,0,19,
240,97,2500000,0,user_45,3,19,
10,91,2000000,0,user_8,0,7,
117,92,2000000,0,user_43,1,7,
58,87,1600000,0,user_45,0,6,
57,91,1400000,0,user_45,0,6,
124,90,1400000,0,user_47,1,6,
180,92,1300000,0,user_42,2,6,
13,94,1100000,0,user_11,0,6,
60,97,1000000,0,user_47,0,6,
179,96,1000000,0,user_41,2,6,
185,98,870000,0,user_48,2,6,
6,99,660001,0,user_5,0,5,5
8,51,660001,0,user_5,0,4,5
27,49,660001,0,user_19,0,4,5
17,52,660001,0,user_14,0,4,5
21,53,660001,0,user_17,0,4,5
23,54,660001,0,user_18,0,4,5
24,55,660001,0,user_18,0,4,5
25,56,660001,0,user_18,0,4,5
37,57,660001,0,user_28,0,4,5
19,61,660001,0,user_15,0,4,5
29,58,660001,0,user_22,0,4,5
31,59,660001,0,user_25,0,4,5
32,60,660001,0,user_25,0,4,5
35,62,660001,0,user_27,0,4,5
52,66,660001,0,user_40,0,4,5
41,64,660001,0,user_33,0,4,5
42,65,660001,0,user_33,0,4,5
48,97,660001,0,user_38,0,5,5
77,79,660001,0,user_11,1,5,5
80,80,660001,0,user_14,1,5,61
68,98,660001,0,user_2,1,5,5
99,89,660001,0,user_27,1,5,5
75,92,660001,0,user_10,1,5,5
101,95,660001,0,user_29,1,5,5
106,94,660001,0,user_37,1,5,5
73,81,660001,0,user_8,1,5,5
90,82,660001,0,user_23,1,5,5
110,96,660001,0,user_39,1,5,5
93,85,660001,0,user_25,1,5,5
94,86,660001,0,user_25,1,5,5
95,87,660001,0,user_25,1,5,5
71,88,660001,0,user_6,1,5,5
91,83,660001,0,user_24,1,5,5
102,84,660001,0,user_31,1,5,5
105,90,660001,0,user_36,1,5,5
103,93,660001,0,user_32,1,5,5
107,91,660001,0,user_38,1,5,5
132,99,660001,0,user_3,2,6,5
159,94,660001,0,user_22,2,4,61
161,70,660001,0,user_25,2,3,5
165,91,660001,0,user_29,2,4,5
151,87,660001,0,user_15,2,4,5
154,88,660001,0,user_17,2,4,5
158,89,660001,0,user_20,2,4,5
164,90,660001,0,user_27,2,4,5
166,95,660001,0,user_30,2,4,61
168,97,660001,0,user_31,2,4,5
175,98,660001,0,user_40,2,4,5
160,93,660001,0,user_23,2,4,5
169,96,660001,0,user_32,2,4,5
171,92,660001,0,user_34,2,4,5
174,99,660001,0,user_38,2,4,5
5,83,660000,14200,user_4,0,3,
61,84,660000,121000,user_47,0,3,
7,85,659999,0,user_5,0,3,5
16,86,659999,0,user_14,0,3,5
22,87,659999,0,user_18,0,3,5
26,88,659999,0,user_18,0,3,5
33,89,659999,0,user_26,0,3,5
34,90,659999,0,user_26,0,3,5
36,91,659999,0,user_27,0,3,5
46,92,659999,0,user_36,0,3,5
43,93,659999,0,user_34,0,3,5
44,94,659999,0,user_34,0,3,5
67,95,659999,0,user_1,1,3,61
49,96,659999,0,user_38,0,3,5
76,97,659999,0,user_11,1,3,5
78,98,659999,0,user_11,1,3,5
70,99,659999,0,user_5,1,3,5
11,1,43000000,0,user_9,0,19,
181,0,43000000,0,user_43,2,19,
129,10,30000001,0,user_2,2,19,122
150,7,30000001,0,user_14,2,19,122
136,3,30000001,0,user_5,2,19,122
147,6,30000001,0,user_12,2,19,122
137,8,30000001,0,user_6,2,19,122
207,4,30000001,0,user_14,3,19,122
226,5,30000001,0,user_33,3,19,122
205,9,30000001,0,user_13,3,19,122
122,27,30000000,139000,user_44,1,19,
149,34,29999999,0,user_14,2,19,122
141,33,29999999,0,user_7,2,19,122
148,32,29999999,0,user_13,2,19,122
170,36,29999999,0,user_33,2,19,122
167,35,29999999,0,user_30,2,19,122
198,31,29999999,0,user_6,3,19,122
189,30,29999999,0,user_0,3,19,122
264,37,29999999,0,user_18,4,19,122
286,38,29999999,0,user_37,4,19,122
236,58,19000000,0,user_41,3,19,
56,59,6300000,0,user_44,0,19,
251,63,6100001,0,user_5,4,19,243
254,65,6100001,0,user_7,4,19,243
259,66,6100001,0,user_11,4,19,243
265,64,6100001,0,user_20,4,19,243
268,67,6100001,0,user_22,4,19,243
243,72,6100000,381000,user_48,3,19,
260,81,6099999,0,user_13,4,19,243
262,82,6099999,0,user_16,4,19,243
258,80,6099999,0,user_10,4,19,243
255,83,6099999,0,user_8,4,19,243
119,94,3500000,0,user_44,1,19,
15,95,2600000,0,user_11,0,19,
240,97,2500000,0,user_45,3,19,
241,99,2400000,0,user_46,3,17,
10,91,2000000,0,user_8,0,7,
117,92,2000000,0,user_43,1,7,
242,85,1900000,0,user_46,3,6,
58,87,1600000,0,user_45,0,6,
57,91,1400000,0,user_45,0,6,
124,90,1400000,0,user_47,1,6,
180,92,1300000,0,user_42,2,6,
297,93,1200000,0,user_45,4,6,
13,94,1100000,0,user_11,0,6,
298,95,1100000,108000,user_48,4,6,
60,97,1000000,0,user_47,0,6,
179,96,1000000,0,user_41,2,6,
185,98,870000,0,user_48,2,6,
27,49,660001,0,user_19,0,4,5
6,99,660001,0,user_5,0,5,5
8,51,660001,0,user_5,0,4,5
17,52,660001,0,user_14,0,4,5
21,53,660001,0,user_17,0,4,5
23,54,660001,0,user_18,0,4,5
24,55,660001,0,user_18,0,4,5
25,56,660001,0,user_18,0,4,5
37,57,660001,0,user_28,0,4,5
29,58,660001,0,user_22,0,4,5
31,59,660001,0,user_25,0,4,5
32,60,660001,0,user_25,0,4,5
19,61,660001,0,user_15,0,4,5
35,62,660001,0,user_27,0,4,5
48,97,660001,0,user_38,0,5,5
41,64,660001,0,user_33,0,4,5
42,65,660001,0,user_33,0,4,5
52,66,660001,0,user_40,0,4,5
68,98,660001,0,user_2,1,5,5
75,92,660001,0,user_10,1,5,5
106,94,660001,0,user_37,1,5,5
71,88,660001,0,user_6,1,5,5
73,81,660001,0,user_8,1,5,5
77,79,660001,0,user_11,1,5,5
80,80,660001,0,user_14,1,5,61
93,85,660001,0,user_25,1,5,5
94,86,660001,0,user_25,1,5,5
95,87,660001,0,user_25,1,5,5
90,82,660001,0,user_23,1,5,5
103,93,660001,0,user_32,1,5,5
91,83,660001,0,user_24,1,5,5
101,95,660001,0,user_29,1,5,5
110,96,660001,0,user_39,1,5,5
99,89,660001,0,user_27,1,5,5
102,84,660001,0,user_31,1,5,5
105,90,660001,0,user_36,1,5,5
107,91,660001,0,user_38,1,5,5
132,99,660001,0,user_3,2,6,5
151,87,660001,0,user_15,2,4,5
154,88,660001,0,user_17,2,4,5
158,89,660001,0,user_20,2,4,5
164,90,660001,0,user_27,2,4,5
165,91,660001,0,user_29,2,4,5
171,92,660001,0,user_34,2,4,5
160,93,660001,0,user_23,2,4,5
159,94,660001,0,user_22,2,4,61
166,95,660001,0,user_30,2,4,61
169,96,660001,0,user_32,2,4,5
168,97,660001,0,user_31,2,4,5
175,98,660001,0,user_40,2,4,5
174,99,660001,0,user_38,2,4,5
11,1,43000000,0,user_9,0,19,
181,0,43000000,0,user_43,2,19,
129,10,30000001,0,user_2,2,19,122
136,3,30000001,0,user_5,2,19,122
147,6,30000001,0,user_12,2,19,122
150,7,30000001,0,user_14,2,19,122
137,8,30000001,0,user_6,2,19,122
207,4,30000001,0,user_14,3,19,122
226,5,30000001,0,user_33,3,19,122
205,9,30000001,0,user_13,3,19,122
276,11,30000001,0,user_26,4,19,122
277,12,30000001,0,user_26,4,19,122
292,13,30000001,0,user_40,4,19,122
307,15,30000001,0,user_0,5,19,122
318,14,30000001,0,user_11,5,19,122
325,17,30000001,0,user_17,5,19,122
326,19,30000001,0,user_18,5,19,122
317,2,30000001,0,user_10,5,19,122
321,16,30000001,0,user_12,5,19,122
335,20,30000001,0,user_30,5,19,122
122,27,30000000,139000,user_44,1,19,
148,32,29999999,0,user_13,2,19,122
141,33,29999999,0,user_7,2,19,122
149,34,29999999,0,user_14,2,19,122
167,35,29999999,0,user_30,2,19,122
170,36,29999999,0,user_33,2,19,122
189,30,29999999,0,user_0,3,19,122
198,31,29999999,0,user_6,3,19,122
274,39,29999999,0,user_26,4,19,122
264,37,29999999,0,user_18,4,19,122
290,40,29999999,0,user_40,4,19,122
308,41,29999999,0,user_1,5,19,122
283,42,29999999,0,user_31,4,19,122
311,48,29999999,0,user_5,5,19,122
286,38,29999999,0,user_37,4,19,122
313,49,29999999,0,user_7,5,19,122
315,51,29999999,0,user_9,5,19,122
309,43,29999999,0,user_2,5,19,122
310,44,29999999,0,user_3,5,19,122
319,45,29999999,0,user_11,5,19,122
320,46,29999999,0,user_11,5,19,122
323,47,29999999,0,user_14,5,19,122
324,50,29999999,0,user_15,5,19,122
236,58,19000000,0,user_41,3,19,
56,59,6300000,0,user_44,0,19,
259,66,6100001,0,user_11,4,19,243
251,63,6100001,0,user_5,4,19,243
268,67,6100001,0,user_22,4,19,243
254,65,6100001,0,user_7,4,19,243
275,68,6100001,0,user_26,4,19,243
287,69,6100001,0,user_39,4,19,243
265,64,6100001,0,user_20,4,19,243
316,61,6100001,0,user_10,5,19,243
243,72,6100000,381000,user_48,3,19,
255,83,6099999,0,user_8,4,19,243
262,82,6099999,0,user_16,4,19,243
258,80,6099999,0,user_10,4,19,243
260,81,6099999,0,user_13,4,19,243
119,94,3500000,0,user_44,1,19,
15,95,2600000,0,user_11,0,19,
240,97,2500000,0,user_45,3,19,
299,98,2500000,0,user_49,4,19,
241,99,2400000,0,user_46,3,17,
117,92,2000000,0,user_43,1,7,
10,91,2000000,0,user_8,0,7,
242,85,1900000,0,user_46,3,6,
293,86,1800000,0,user_42,4,6,
58,87,1600000,0,user_45,0,6,
300,88,1600000,0,user_49,4,6,
350,89,1600000,0,user_47,5,6,
124,90,1400000,0,user_47,1,6,
57,91,1400000,0,user_45,0,6,
180,92,1300000,0,user_42,2,6,
297,93,1200000,0,user_45,4,6,
13,94,1100000,0,user_11,0,6,
298,95,1100000,108000,user_48,4,6,
60,97,1000000,0,user_47,0,6,
179,96,1000000,0,user_41,2,6,
185,98,870000,0,user_48,2,6,
77,79,660001,0,user_11,1,5,5
80,80,660001,0,user_14,1,5,61
73,81,660001,0,user_8,1,5,5
90,82,660001,0,user_23,1,5,5
91,83,660001,0,user_24,1,5,5
102,84,660001,0,user_31,1,5,5
93,85,660001,0,user_25,1,5,5
94,86,660001,0,user_25,1,5,5
95,87,660001,0,user_25,1,5,5
71,88,660001,0,user_6,1,5,5
99,89,660001,0,user_27,1,5,5
105,90,660001,0,user_36,1,5,5
107,91,660001,0,user_38,1,5,5
75,92,660001,0,user_10,1,5,5
103,93,660001,0,user_32,1,5,5
106,94,660001,0,user_37,1,5,5
101,95,660001,0,user_29,1,5,5
110,96,660001,0,user_39,1,5,5
48,97,660001,0,user_38,0,5,5
68,98,660001,0,user_2,1,5,5
6,99,660001,0,user_5,0,5,5
181,0,43000000,0,user_43,2,19,
11,1,43000000,0,user_9,0,19,
136,3,30000001,0,user_5,2,19,122
147,6,30000001,0,user_12,2,19,122
150,7,30000001,0,user_14,2,19,122
137,8,30000001,0,user_6,2,19,122
129,10,30000001,0,user_2,2,19,122
205,9,30000001,0,user_13,3,19,122
207,4,30000001,0,user_14,3,19,122
226,5,30000001,0,user_33,3,19,122
276,11,30000001,0,user_26,4,19,122
277,12,30000001,0,user_26,4,19,122
292,13,30000001,0,user_40,4,19,122
307,15,30000001,0,user_0,5,19,122
318,14,30000001,0,user_11,5,19,122
332,24,30000001,0,user_26,5,19,122
317,2,30000001,0,user_10,5,19,122
325,17,30000001,0,user_17,5,19,122
330,22,30000001,0,user_24,5,19,122
331,23,30000001,0,user_24,5,19,122
342,21,30000001,0,user_39,5,19,122
345,25,30000001,0,user_40,5,19,122
314,26,30000001,0,user_8,5,19,122
321,16,30000001,0,user_12,5,19,122
326,19,30000001,0,user_18,5,19,122
335,20,30000001,0,user_30,5,19,122
333,18,30000001,0,user_27,5,19,122
122,27,30000000,139000,user_44,1,19,
148,32,29999999,0,user_13,2,19,122
141,33,29999999,0,user_7,2,19,122
149,34,29999999,0,user_14,2,19,122
167,35,29999999,0,user_30,2,19,122
170,36,29999999,0,user_33,2,19,122
189,30,29999999,0,user_0,3,19,122
198,31,29999999,0,user_6,3,19,122
264,37,29999999,0,user_18,4,19,122
286,38,29999999,0,user_37,4,19,122
308,41,29999999,0,user_1,5,19,122
283,42,29999999,0,user_31,4,19,122
274,39,29999999,0,user_26,4,19,122
290,40,29999999,0,user_40,4,19,122
315,51,29999999,0,user_9,5,19,122
309,43,29999999,0,user_2,5,19,122
310,44,29999999,0,user_3,5,19,122
319,45,29999999,0,user_11,5,19,122
320,46,29999999,0,user_11,5,19,122
323,47,29999999,0,user_14,5,19,122
311,48,29999999,0,user_5,5,19,122
313,49,29999999,0,user_7,5,19,122
339,53,29999999,0,user_35,5,19,122
340,54,29999999,0,user_35,5,19,122
344,55,29999999,0,user_39,5,19,122
324,50,29999999,0,user_15,5,19,122
346,56,29999999,0,user_40,5,19,122
334,29,29999999,0,user_28,5,19,122
327,52,29999999,0,user_19,5,19,122
341,28,29999999,0,user_38,5,19,122
236,58,19000000,0,user_41,3,19,
56,59,6300000,0,user_44,0,19,
259,66,6100001,0,user_11,4,19,243
251,63,6100001,0,user_5,4,19,243
254,65,6100001,0,user_7,4,19,243
265,64,6100001,0,user_20,4,19,243
268,67,6100001,0,user_22,4,19,243
275,68,6100001,0,user_26,4,19,243
316,61,6100001,0,user_10,5,19,243
287,69,6100001,0,user_39,4,19,243
385,62,6100001,0,user_20,6,19,243
243,72,6100000,381000,user_48,3,19,
260,81,6099999,0,user_13,4,19,243
262,82,6099999,0,user_16,4,19,243
258,80,6099999,0,user_10,4,19,243
255,83,6099999,0,user_8,4,19,243
336,84,6099999,0,user_31,5,19,243
367,78,6099999,0,user_4,6,19,243
409,88,5000000,0,user_45,6,19,
410,91,4200000,0,user_45,6,19,
119,94,3500000,0,user_44,1,19,
348,93,3500000,0,user_43,5,19,
15,95,2600000,0,user_11,0,19,
240,97,2500000,0,user_45,3,19,
299,98,2500000,0,user_49,4,19,
241,99,2400000,0,user_46,3,17,
117,92,2000000,0,user_43,1,7,
10,91,2000000,0,user_8,0,7,
242,85,1900000,0,user_46,3,6,
293,86,1800000,0,user_42,4,6,
58,87,1600000,0,user_45,0,6,
300,88,1600000,0,user_49,4,6,
350,89,1600000,0,user_47,5,6,
124,90,1400000,0,user_47,1,6,
57,91,1400000,0,user_45,0,6,
180,92,1300000,0,user_42,2,6,
297,93,1200000,0,user_45,4,6,
13,94,1100000,0,user_11,0,6,
298,95,1100000,108000,user_48,4,6,
179,96,1000000,0,user_41,2,6,
60,97,1000000,0,user_47,0,6,
185,98,870000,0,user_48,2,6,
132,99,660001,0,user_3,2,6,5
181,0,43000000,0,user_43,2,19,
11,1,43000000,0,user_9,0,19,
136,3,30000001,0,user_5,2,19,122
207,4,30000001,0,user_14,3,19,122
226,5,30000001,0,user_33,3,19,122
147,6,30000001,0,user_12,2,19,122
150,7,30000001,0,user_14,2,19,122
137,8,30000001,0,user_6,2,19,122
205,9,30000001,0,user_13,3,19,122
129,10,30000001,0,user_2,2,19,122
276,11,30000001,0,user_26,4,19,122
277,12,30000001,0,user_26,4,19,122
292,13,30000001,0,user_40,4,19,122
318,14,30000001,0,user_11,5,19,122
307,15,30000001,0,user_0,5,19,122
321,16,30000001,0,user_12,5,19,122
325,17,30000001,0,user_17,5,19,122
333,18,30000001,0,user_27,5,19,122
317,2,30000001,0,user_10,5,19,122
326,19,30000001,0,user_18,5,19,122
335,20,30000001,0,user_30,5,19,122
342,21,30000001,0,user_39,5,19,122
330,22,30000001,0,user_24,5,19,122
331,23,30000001,0,user_24,5,19,122
332,24,30000001,0,user_26,5,19,122
345,25,30000001,0,user_40,5,19,122
314,26,30000001,0,user_8,5,19,122
122,27,30000000,139000,user_44,1,19,
189,30,29999999,0,user_0,3,19,122
198,31,29999999,0,user_6,3,19,122
148,32,29999999,0,user_13,2,19,122
141,33,29999999,0,user_7,2,19,122
149,34,29999999,0,user_14,2,19,122
167,35,29999999,0,user_30,2,19,122
170,36,29999999,0,user_33,2,19,122
264,37,29999999,0,user_18,4,19,122
286,38,29999999,0,user_37,4,19,122
274,39,29999999,0,user_26,4,19,122
290,40,29999999,0,user_40,4,19,122
308,41,29999999,0,user_1,5,19,122
283,42,29999999,0,user_31,4,19,122
309,43,29999999,0,user_2,5,19,122
310,44,29999999,0,user_3,5,19,122
319,45,29999999,0,user_11,5,19,122
320,46,29999999,0,user_11,5,19,122
323,47,29999999,0,user_14,5,19,122
311,48,29999999,0,user_5,5,19,122
313,49,29999999,0,user_7,5,19,122
324,50,29999999,0,user_15,5,19,122
315,51,29999999,0,user_9,5,19,122
327,52,29999999,0,user_19,5,19,122
339,53,29999999,0,user_35,5,19,122
340,54,29999999,0,user_35,5,19,122
344,55,29999999,0,user_39,5,19,122
346,56,29999999,0,user_40,5,19,122
334,29,29999999,0,user_28,5,19,122
341,28,29999999,0,user_38,5,19,122
236,58,19000000,0,user_41,3,19,
56,59,6300000,0,user_44,0,19,
251,63,6100001,0,user_5,4,19,243
265,64,6100001,0,user_20,4,19,243
254,65,6100001,0,user_7,4,19,243
259,66,6100001,0,user_11,4,19,243
268,67,6100001,0,user_22,4,19,243
275,68,6100001,0,user_26,4,19,243
287,69,6100001,0,user_39,4,19,243
316,61,6100001,0,user_10,5,19,243
385,62,6100001,0,user_20,6,19,243
243,72,6100000,381000,user_48,3,19,
258,80,6099999,0,user_10,4,19,243
260,81,6099999,0,user_13,4,19,243
262,82,6099999,0,user_16,4,19,243
255,83,6099999,0,user_8,4,19,243
336,84,6099999,0,user_31,5,19,243
367,78,6099999,0,user_4,6,19,243
393,79,6099999,0,user_27,6,19,243
430,76,6099999,0,user_8,7,19,243
409,88,5000000,0,user_45,6,19,
410,91,4200000,0,user_45,6,19,
119,94,3500000,0,user_44,1,19,
348,93,3500000,0,user_43,5,19,
15,95,2600000,0,user_11,0,19,
240,97,2500000,0,user_45,3,19,
299,98,2500000,0,user_49,4,19,
241,99,2400000,0,user_46,3,17,
468,99,2300000,0,user_47,7,14,
425,98,2000001,0,user_1,7,10,406
420,99,2000001,0,user_0,7,11,406
422,97,2000001,0,user_0,7,9,406
441,98,2000001,0,user_15,7,9,406
448,99,2000001,0,user_22,7,9,406
10,91,2000000,0,user_8,0,7,
117,92,2000000,0,user_43,1,7,
406,93,2000000,231000,user_43,6,7,
443,94,1999999,0,user_18,7,7,406
442,95,1999999,0,user_16,7,7,406
431,96,1999999,0,user_8,7,7,406
449,97,1999999,0,user_23,7,7,406
446,98,1999999,0,user_21,7,7,406
447,99,1999999,0,user_21,7,7,406
11,1,43000000,0,user_9,0,19,
181,0,43000000,0,user_43,2,19,
205,9,30000001,0,user_13,3,19,122
207,4,30000001,0,user_14,3,19,122
129,10,30000001,0,user_2,2,19,122
226,5,30000001,0,user_33,3,19,122
276,11,30000001,0,user_26,4,19,122
277,12,30000001,0,user_26,4,19,122
292,13,30000001,0,user_40,4,19,122
317,2,30000001,0,user_10,5,19,122
318,14,30000001,0,user_11,5,19,122
307,15,30000001,0,user_0,5,19,122
321,16,30000001,0,user_12,5,19,122
325,17,30000001,0,user_17,5,19,122
326,19,30000001,0,user_18,5,19,122
150,7,30000001,0,user_14,2,19,122
136,3,30000001,0,user_5,2,19,122
147,6,30000001,0,user_12,2,19,122
137,8,30000001,0,user_6,2,19,122
314,26,30000001,0,user_8,5,19,122
332,24,30000001,0,user_26,5,19,122
330,22,30000001,0,user_24,5,19,122
331,23,30000001,0,user_24,5,19,122
342,21,30000001,0,user_39,5,19,122
345,25,30000001,0,user_40,5,19,122
335,20,30000001,0,user_30,5,19,122
333,18,30000001,0,user_27,5,19,122
122,27,30000000,139000,user_44,1,19,
189,30,29999999,0,user_0,3,19,122
198,31,29999999,0,user_6,3,19,122
264,37,29999999,0,user_18,4,19,122
283,42,29999999,0,user_31,4,19,122
274,39,29999999,0,user_26,4,19,122
286,38,29999999,0,user_37,4,19,122
290,40,29999999,0,user_40,4,19,122
308,41,29999999,0,user_1,5,19,122
309,43,29999999,0,user_2,5,19,122
311,48,29999999,0,user_5,5,19,122
313,49,29999999,0,user_7,5,19,122
319,45,29999999,0,user_11,5,19,122
320,46,29999999,0,user_11,5,19,122
327,52,29999999,0,user_19,5,19,122
334,29,29999999,0,user_28,5,19,122
149,34,29999999,0,user_14,2,19,122
141,33,29999999,0,user_7,2,19,122
148,32,29999999,0,user_13,2,19,122
170,36,29999999,0,user_33,2,19,122
167,35,29999999,0,user_30,2,19,122
310,44,29999999,0,user_3,5,19,122
323,47,29999999,0,user_14,5,19,122
324,50,29999999,0,user_15,5,19,122
339,53,29999999,0,user_35,5,19,122
340,54,29999999,0,user_35,5,19,122
344,55,29999999,0,user_39,5,19,122
346,56,29999999,0,user_40,5,19,122
315,51,29999999,0,user_9,5,19,122
341,28,29999999,0,user_38,5,19,122
236,58,19000000,0,user_41,3,19,
56,59,6300000,0,user_44,0,19,
265,64,6100001,0,user_20,4,19,243
259,66,6100001,0,user_11,4,19,243
251,63,6100001,0,user_5,4,19,243
254,65,6100001,0,user_7,4,19,243
268,67,6100001,0,user_22,4,19,243
275,68,6100001,0,user_26,4,19,243
287,69,6100001,0,user_39,4,19,243
316,61,6100001,0,user_10,5,19,243
385,62,6100001,0,user_20,6,19,243
452,60,6100001,0,user_25,7,19,243
243,72,6100000,381000,user_48,3,19,
260,81,6099999,0,user_13,4,19,243
262,82,6099999,0,user_16,4,19,243
255,83,6099999,0,user_8,4,19,243
258,80,6099999,0,user_10,4,19,243
336,84,6099999,0,user_31,5,19,243
367,78,6099999,0,user_4,6,19,243
393,79,6099999,0,user_27,6,19,243
430,76,6099999,0,user_8,7,19,243
456,77,6099999,0,user_31,7,19,243
409,88,5000000,0,user_45,6,19,
410,91,4200000,0,user_45,6,19,
119,94,3500000,0,user_44,1,19,
348,93,3500000,0,user_43,5,19,
15,95,2600000,0,user_11,0,19,
240,97,2500000,0,user_45,3,19,
299,98,2500000,0,user_49,4,19,
241,99,2400000,0,user_46,3,17,
468,99,2300000,0,user_47,7,14,
425,98,2000001,0,user_1,7,10,406
420,99,2000001,0,user_0,7,11,406
422,97,2000001,0,user_0,7,9,406
448,99,2000001,0,user_22,7,9,406
463,92,2000001,0,user_39,7,8,406
441,98,2000001,0,user_15,7,9,406
462,94,2000001,0,user_36,7,8,406
464,95,2000001,0,user_40,7,8,406
437,99,2000001,0,user_13,7,10,406
475,97,2000001,0,user_5,8,8,406
486,98,2000001,0,user_23,8,8,406
499,99,2000001,0,user_30,8,8,406
11,1,43000000,0,user_9,0,19,
181,0,43000000,0,user_43,2,19,
318,14,30000001,0,user_11,5,19,122
307,15,30000001,0,user_0,5,19,122
321,16,30000001,0,user_12,5,19,122
325,17,30000001,0,user_17,5,19,122
326,19,30000001,0,user_18,5,19,122
330,22,30000001,0,user_24,5,19,122
331,23,30000001,0,user_24,5,19,122
335,20,30000001,0,user_30,5,19,122
314,26,30000001,0,user_8,5,19,122
332,24,30000001,0,user_26,5,19,122
317,2,30000001,0,user_10,5,19,122
342,21,30000001,0,user_39,5,19,122
345,25,30000001,0,user_40,5,19,122
333,18,30000001,0,user_27,5,19,122
129,10,30000001,0,user_2,2,19,122
136,3,30000001,0,user_5,2,19,122
147,6,30000001,0,user_12,2,19,122
150,7,30000001,0,user_14,2,19,122
137,8,30000001,0,user_6,2,19,122
207,4,30000001,0,user_14,3,19,122
226,5,30000001,0,user_33,3,19,122
205,9,30000001,0,user_13,3,19,122
276,11,30000001,0,user_26,4,19,122
277,12,30000001,0,user_26,4,19,122
292,13,30000001,0,user_40,4,19,122
122,27,30000000,139000,user_44,1,19,
310,44,29999999,0,user_3,5,19,122
313,49,29999999,0,user_7,5,19,122
319,45,29999999,0,user_11,5,19,122
320,46,29999999,0,user_11,5,19,122
311,48,29999999,0,user_5,5,19,122
327,52,29999999,0,user_19,5,19,122
334,29,29999999,0,user_28,5,19,122
315,51,29999999,0,user_9,5,19,122
341,28,29999999,0,user_38,5,19,122
323,47,29999999,0,user_14,5,19,122
324,50,29999999,0,user_15,5,19,122
339,53,29999999,0,user_35,5,19,122
340,54,29999999,0,user_35,5,19,122
344,55,29999999,0,user_39,5,19,122
346,56,29999999,0,user_40,5,19,122
308,41,29999999,0,user_1,5,19,122
309,43,29999999,0,user_2,5,19,122
283,42,29999999,0,user_31,4,19,122
148,32,29999999,0,user_13,2,19,122
141,33,29999999,0,user_7,2,19,122
149,34,29999999,0,user_14,2,19,122
167,35,29999999,0,user_30,2,19,122
170,36,29999999,0,user_33,2,19,122
189,30,29999999,0,user_0,3,19,122
198,31,29999999,0,user_6,3,19,122
274,39,29999999,0,user_26,4,19,122
286,38,29999999,0,user_37,4,19,122
264,37,29999999,0,user_18,4,19,122
290,40,29999999,0,user_40,4,19,122
507,57,27000000,0,user_42,8,19,
236,58,19000000,0,user_41,3,19,
56,59,6300000,0,user_44,0,19,
316,61,6100001,0,user_10,5,19,243
251,63,6100001,0,user_5,4,19,243
265,64,6100001,0,user_20,4,19,243
385,62,6100001,0,user_20,6,19,243
268,67,6100001,0,user_22,4,19,243
259,66,6100001,0,user_11,4,19,243
254,65,6100001,0,user_7,4,19,243
275,68,6100001,0,user_26,4,19,243
287,69,6100001,0,user_39,4,19,243
495,70,6100001,0,user_27,8,19,243
452,60,6100001,0,user_25,7,19,243
243,72,6100000,381000,user_48,3,19,
336,84,6099999,0,user_31,5,19,243
367,78,6099999,0,user_4,6,19,243
258,80,6099999,0,user_10,4,19,243
260,81,6099999,0,user_13,4,19,243
255,83,6099999,0,user_8,4,19,243
262,82,6099999,0,user_16,4,19,243
393,79,6099999,0,user_27,6,19,243
430,76,6099999,0,user_8,7,19,243
456,77,6099999,0,user_31,7,19,243
501,85,6099999,0,user_32,8,19,243
524,86,6099999,0,user_1,9,19,243
531,74,6099999,0,user_8,9,19,243
557,75,6099999,0,user_30,9,19,243
556,73,6099999,0,user_29,9,19,243
409,88,5000000,0,user_45,6,19,
410,91,4200000,0,user_45,6,19,
348,93,3500000,0,user_43,5,19,
119,94,3500000,0,user_44,1,19,
15,95,2600000,0,user_11,0,19,
299,98,2500000,0,user_49,4,19,
240,97,2500000,0,user_45,3,19,
241,99,2400000,0,user_46,3,17,
468,99,2300000,0,user_47,7,14,
425,98,2000001,0,user_1,7,10,406
420,99,2000001,0,user_0,7,11,406
422,97,2000001,0,user_0,7,9,406
441,98,2000001,0,user_15,7,9,406
448,99,2000001,0,user_22,7,9,406
181,0,43000000,0,user_43,2,19,
11,1,43000000,0,user_9,0,19,
136,3,30000001,0,user_5,2,19,122
147,6,30000001,0,user_12,2,19,122
150,7,30000001,0,user_14,2,19,122
137,8,30000001,0,user_6,2,19,122
129,10,30000001,0,user_2,2,19,122
205,9,30000001,0,user_13,3,19,122
207,4,30000001,0,user_14,3,19,122
226,5,30000001,0,user_33,3,19,122
276,11,30000001,0,user_26,4,19,122
277,12,30000001,0,user_26,4,19,122
292,13,30000001,0,user_40,4,19,122
307,15,30000001,0,user_0,5,19,122
318,14,30000001,0,user_11,5,19,122
332,24,30000001,0,user_26,5,19,122
335,20,30000001,0,user_30,5,19,122
321,16,30000001,0,user_12,5,19,122
325,17,30000001,0,user_17,5,19,122
326,19,30000001,0,user_18,5,19,122
330,22,30000001,0,user_24,5,19,122
331,23,30000001,0,user_24,5,19,122
317,2,30000001,0,user_10,5,19,122
345,25,30000001,0,user_40,5,19,122
314,26,30000001,0,user_8,5,19,122
333,18,30000001,0,user_27,5,19,122
342,21,30000001,0,user_39,5,19,122
122,27,30000000,139000,user_44,1,19,
309,43,29999999,0,user_2,5,19,122
341,28,29999999,0,user_38,5,19,122
311,48,29999999,0,user_5,5,19,122
327,52,29999999,0,user_19,5,19,122
148,32,29999999,0,user_13,2,19,122
141,33,29999999,0,user_7,2,19,122
149,34,29999999,0,user_14,2,19,122
167,35,29999999,0,user_30,2,19,122
170,36,29999999,0,user_33,2,19,122
189,30,29999999,0,user_0,3,19,122
198,31,29999999,0,user_6,3,19,122
264,37,29999999,0,user_18,4,19,122
286,38,29999999,0,user_37,4,19,122
308,41,29999999,0,user_1,5,19,122
283,42,29999999,0,user_31,4,19,122
274,39,29999999,0,user_26,4,19,122
290,40,29999999,0,user_40,4,19,122
315,51,29999999,0,user_9,5,19,122
310,44,29999999,0,user_3,5,19,122
319,45,29999999,0,user_11,5,19,122
320,46,29999999,0,user_11,5,19,122
323,47,29999999,0,user_14,5,19,122
313,49,29999999,0,user_7,5,19,122
334,29,29999999,0,user_28,5,19,122
324,50,29999999,0,user_15,5,19,122
339,53,29999999,0,user_35,5,19,122
340,54,29999999,0,user_35,5,19,122
346,56,29999999,0,user_40,5,19,122
344,55,29999999,0,user_39,5,19,122
507,57,27000000,0,user_42,8,19,
236,58,19000000,0,user_41,3,19,
56,59,6300000,0,user_44,0,19,
385,62,6100001,0,user_20,6,19,243
259,66,6100001,0,user_11,4,19,243
251,63,6100001,0,user_5,4,19,243
254,65,6100001,0,user_7,4,19,243
265,64,6100001,0,user_20,4,19,243
268,67,6100001,0,user_22,4,19,243
275,68,6100001,0,user_26,4,19,243
287,69,6100001,0,user_39,4,19,243
316,61,6100001,0,user_10,5,19,243
452,60,6100001,0,user_25,7,19,243
495,70,6100001,0,user_27,8,19,243
243,72,6100000,381000,user_48,3,19,
367,78,6099999,0,user_4,6,19,243
393,79,6099999,0,user_27,6,19,243
260,81,6099999,0,user_13,4,19,243
262,82,6099999,0,user_16,4,19,243
258,80,6099999,0,user_10,4,19,243
255,83,6099999,0,user_8,4,19,243
336,84,6099999,0,user_31,5,19,243
430,76,6099999,0,user_8,7,19,243
456,77,6099999,0,user_31,7,19,243
524,86,6099999,0,user_1,9,19,243
501,85,6099999,0,user_32,8,19,243
531,74,6099999,0,user_8,9,19,243
556,73,6099999,0,user_29,9,19,243
557,75,6099999,0,user_30,9,19,243
409,88,5000000,0,user_45,6,19,
410,91,4200000,0,user_45,6,19,
573,92,3600000,0,user_49,9,19,
119,94,3500000,0,user_44,1,19,
348,93,3500000,0,user_43,5,19,
15,95,2600000,0,user_11,0,19,
240,97,2500000,0,user_45,3,19,
299,98,2500000,0,user_49,4,19,
574,96,2500000,0,user_49,9,19,
241,99,2400000,0,user_46,3,17,
568,98,2400000,0,user_42,9,18,
468,99,2300000,0,user_47,7,14,
425,98,2000001,0,user_1,7,10,406
437,99,2000001,0,user_13,7,10,406
181,0,43000000,0,user_43,2,19,
11,1,43000000,0,user_9,0,19,
317,2,30000001,0,user_10,5,19,122
136,3,30000001,0,user_5,2,19,122
207,4,30000001,0,user_14,3,19,122
226,5,30000001,0,user_33,3,19,122
147,6,30000001,0,user_12,2,19,122
150,7,30000001,0,user_14,2,19,122
137,8,30000001,0,user_6,2,19,122
205,9,30000001,0,user_13,3,19,122
129,10,30000001,0,user_2,2,19,122
276,11,30000001,0,user_26,4,19,122
277,12,30000001,0,user_26,4,19,122
292,13,30000001,0,user_40,4,19,122
318,14,30000001,0,user_11,5,19,122
307,15,30000001,0,user_0,5,19,122
321,16,30000001,0,user_12,5,19,122
325,17,30000001,0,user_17,5,19,122
333,18,30000001,0,user_27,5,19,122
326,19,30000001,0,user_18,5,19,122
335,20,30000001,0,user_30,5,19,122
342,21,30000001,0,user_39,5,19,122
330,22,30000001,0,user_24,5,19,122
331,23,30000001,0,user_24,5,19,122
332,24,30000001,0,user_26,5,19,122
345,25,30000001,0,user_40,5,19,122
314,26,30000001,0,user_8,5,19,122
122,27,30000000,139000,user_44,1,19,
341,28,29999999,0,user_38,5,19,122
334,29,29999999,0,user_28,5,19,122
189,30,29999999,0,user_0,3,19,122
198,31,29999999,0,user_6,3,19,122
148,32,29999999,0,user_13,2,19,122
141,33,29999999,0,user_7,2,19,122
149,34,29999999,0,user_14,2,19,122
167,35,29999999,0,user_30,2,19,122
170,36,29999999,0,user_33,2,19,122
264,37,29999999,0,user_18,4,19,122
286,38,29999999,0,user_37,4,19,122
274,39,29999999,0,user_26,4,19,122
290,40,29999999,0,user_40,4,19,122
308,41,29999999,0,user_1,5,19,122
283,42,29999999,0,user_31,4,19,122
309,43,29999999,0,user_2,5,19,122
310,44,29999999,0,user_3,5,19,122
319,45,29999999,0,user_11,5,19,122
320,46,29999999,0,user_11,5,19,122
323,47,29999999,0,user_14,5,19,122
311,48,29999999,0,user_5,5,19,122
313,49,29999999,0,user_7,5,19,122
324,50,29999999,0,user_15,5,19,122
315,51,29999999,0,user_9,5,19,122
327,52,29999999,0,user_19,5,19,122
339,53,29999999,0,user_35,5,19,122
340,54,29999999,0,user_35,5,19,122
344,55,29999999,0,user_39,5,19,122
346,56,29999999,0,user_40,5,19,122
507,57,27000000,0,user_42,8,19,
236,58,19000000,0,user_41,3,19,
56,59,6300000,0,user_44,0,19,
452,60,6100001,0,user_25,7,19,243
316,61,6100001,0,user_10,5,19,243
385,62,6100001,0,user_20,6,19,243
251,63,6100001,0,user_5,4,19,243
265,64,6100001,0,user_20,4,19,243
254,65,6100001,0,user_7,4,19,243
259,66,6100001,0,user_11,4,19,243
268,67,6100001,0,user_22,4,19,243
275,68,6100001,0,user_26,4,19,243
287,69,6100001,0,user_39,4,19,243
495,70,6100001,0,user_27,8,19,243
243,72,6100000,381000,user_48,3,19,
430,76,6099999,0,user_8,7,19,243
456,77,6099999,0,user_31,7,19,243
367,78,6099999,0,user_4,6,19,243
393,79,6099999,0,user_27,6,19,243
258,80,6099999,0,user_10,4,19,243
260,81,6099999,0,user_13,4,19,243
262,82,6099999,0,user_16,4,19,243
255,83,6099999,0,user_8,4,19,243
336,84,6099999,0,user_31,5,19,243
501,85,6099999,0,user_32,8,19,243
524,86,6099999,0,user_1,9,19,243
556,73,6099999,0,user_29,9,19,243
531,74,6099999,0,user_8,9,19,243
557,75,6099999,0,user_30,9,19,243
409,88,5000000,0,user_45,6,19,
410,91,4200000,0,user_45,6,19,
573,92,3600000,0,user_49,9,19,
348,93,3500000,0,user_43,5,19,
119,94,3500000,0,user_44,1,19,
15,95,2600000,0,user_11,0,19,
240,97,2500000,0,user_45,3,19,
299,98,2500000,0,user_49,4,19,
574,96,2500000,0,user_49,9,19,
241,99,2400000,0,user_46,3,17,
568,98,2400000,0,user_42,9,18,
644,99,2400000,0,user_43,10,18,
468,99,2300000,0,user_47,7,14,
420,99,2000001,0,user_0,7,11,406
11,1,43000000,0,user_9,0,19,
181,0,43000000,0,user_43,2,19,
205,9,30000001,0,user_13,3,19,122
207,4,30000001,0,user_14,3,19,122
129,10,30000001,0,user_2,2,19,122
226,5,30000001,0,user_33,3,19,122
276,11,30000001,0,user_26,4,19,122
277,12,30000001,0,user_26,4,19,122
292,13,30000001,0,user_40,4,19,122
317,2,30000001,0,user_10,5,19,122
318,14,30000001,0,user_11,5,19,122
307,15,30000001,0,user_0,5,19,122
321,16,30000001,0,user_12,5,19,122
325,17,30000001,0,user_17,5,19,122
326,19,30000001,0,user_18,5,19,122
150,7,30000001,0,user_14,2,19,122
136,3,30000001,0,user_5,2,19,122
147,6,30000001,0,user_12,2,19,122
137,8,30000001,0,user_6,2,19,122
314,26,30000001,0,user_8,5,19,122
332,24,30000001,0,user_26,5,19,122
330,22,30000001,0,user_24,5,19,122
331,23,30000001,0,user_24,5,19,122
342,21,30000001,0,user_39,5,19,122
345,25,30000001,0,user_40,5,19,122
335,20,30000001,0,user_30,5,19,122
333,18,30000001,0,user_27,5,19,122
122,27,30000000,139000,user_44,1,19,
189,30,29999999,0,user_0,3,19,122
198,31,29999999,0,user_6,3,19,122
264,37,29999999,0,user_18,4,19,122
283,42,29999999,0,user_31,4,19,122
274,39,29999999,0,user_26,4,19,122
286,38,29999999,0,user_37,4,19,122
290,40,29999999,0,user_40,4,19,122
308,41,29999999,0,user_1,5,19,122
309,43,29999999,0,user_2,5,19,122
311,48,29999999,0,user_5,5,19,122
313,49,29999999,0,user_7,5,19,122
319,45,29999999,0,user_11,5,19,122
320,46,29999999,0,user_11,5,19,122
327,52,29999999,0,user_19,5,19,122
334,29,29999999,0,user_28,5,19,122
149,34,29999999,0,user_14,2,19,122
141,33,29999999,0,user_7,2,19,122
148,32,29999999,0,user_13,2,19,122
170,36,29999999,0,user_33,2,19,122
167,35,29999999,0,user_30,2,19,122
310,44,29999999,0,user_3,5,19,122
323,47,29999999,0,user_14,5,19,122
324,50,29999999,0,user_15,5,19,122
339,53,29999999,0,user_35,5,19,122
340,54,29999999,0,user_35,5,19,122
344,55,29999999,0,user_39,5,19,122
346,56,29999999,0,user_40,5,19,122
315,51,29999999,0,user_9,5,19,122
341,28,29999999,0,user_38,5,19,122
507,57,27000000,0,user_42,8,19,
236,58,19000000,0,user_41,3,19,
56,59,6300000,0,user_44,0,19,
452,60,6100001,0,user_25,7,19,243
495,70,6100001,0,user_27,8,19,243
385,62,6100001,0,user_20,6,19,243
265,64,6100001,0,user_20,4,19,243
259,66,6100001,0,user_11,4,19,243
251,63,6100001,0,user_5,4,19,243
254,65,6100001,0,user_7,4,19,243
