id,position,gas_fee,mev_potential,creator_id,created_at,included_at,target_tx
11,1,43000000,0,user_9,0,19,
15,94,2600000,0,user_11,0,10,
64,98,2100000,0,user_48,0,10,
10,93,2000000,0,user_8,0,9,
13,92,1100000,0,user_11,0,3,
6,95,660001,0,user_5,0,3,5
8,96,660001,0,user_5,0,3,5
17,98,660001,0,user_14,0,3,5
19,56,660001,0,user_15,0,2,5
21,99,660001,0,user_17,0,3,5
23,61,660001,0,user_18,0,2,5
24,62,660001,0,user_18,0,2,5
25,63,660001,0,user_18,0,2,5
29,64,660001,0,user_22,0,2,5
41,59,660001,0,user_33,0,2,5
42,60,660001,0,user_33,0,2,5
5,69,660000,14200,user_4,0,2,
7,71,659999,0,user_5,0,2,5
16,70,659999,0,user_14,0,2,5
22,73,659999,0,user_18,0,2,5
26,74,659999,0,user_18,0,2,5
62,95,360000,0,user_48,0,2,
12,99,310000,0,user_11,0,2,
4,67,260000,0,user_4,0,1,
65,69,220000,0,user_48,0,1,
14,68,220000,0,user_11,0,1,
9,72,150001,0,user_7,0,1,1
2,71,150001,0,user_2,0,1,1
18,74,150001,0,user_15,0,1,1
38,73,150001,0,user_29,0,1,1
1,77,150000,39400,user_1,0,1,
63,79,150000,0,user_48,0,1,
61,80,150000,0,user_47,0,1,
3,82,149999,0,user_3,0,1,1
20,83,149999,0,user_16,0,1,1
30,87,149999,0,user_23,0,1,1
39,85,149999,0,user_30,0,1,1
28,84,149999,0,user_20,0,1,1
0,93,80000,0,user_1,0,1,
11,1,43000000,0,user_9,0,19,
115,18,6100000,33300,user_45,1,19,
67,25,5000000,0,user_49,0,19,
90,88,3600001,0,user_15,1,12,58
96,89,3600001,0,user_21,1,12,58
58,81,3600000,108000,user_46,0,11,
85,98,3599999,0,user_10,1,11,58
88,59,3599999,0,user_13,1,10,58
93,96,3599999,0,user_17,1,11,58
98,97,3599999,0,user_21,1,11,58
15,94,2600000,0,user_11,0,10,
64,98,2100000,0,user_48,0,10,
10,93,2000000,0,user_8,0,9,
83,98,1700001,0,user_7,1,8,52
78,96,1700001,0,user_0,1,8,52
80,95,1700001,0,user_2,1,8,52
86,99,1700001,0,user_11,1,8,52
91,91,1700001,0,user_15,1,7,52
100,94,1700001,0,user_23,1,7,52
52,94,1700000,350000,user_40,0,5,
79,97,1699999,0,user_2,1,5,52
89,98,1699999,0,user_14,1,5,52
94,99,1699999,0,user_20,1,5,52
54,84,1600000,0,user_40,0,3,
60,88,1400000,47700,user_46,0,3,
87,89,1399999,0,user_12,1,3,60
92,90,1399999,0,user_16,1,3,60
13,92,1100000,0,user_11,0,3,
48,93,670000,0,user_38,0,3,
17,98,660001,0,user_14,0,3,5
6,95,660001,0,user_5,0,3,5
8,96,660001,0,user_5,0,3,5
29,64,660001,0,user_22,0,2,5
31,67,660001,0,user_25,0,2,5
32,68,660001,0,user_25,0,2,5
19,56,660001,0,user_15,0,2,5
21,99,660001,0,user_17,0,3,5
23,61,660001,0,user_18,0,2,5
24,62,660001,0,user_18,0,2,5
25,63,660001,0,user_18,0,2,5
35,58,660001,0,user_27,0,2,5
37,65,660001,0,user_28,0,2,5
41,59,660001,0,user_33,0,2,5
42,60,660001,0,user_33,0,2,5
27,97,660001,0,user_19,0,3,5
5,69,660000,14200,user_4,0,2,
16,70,659999,0,user_14,0,2,5
7,71,659999,0,user_5,0,2,5
33,79,659999,0,user_26,0,2,5
34,80,659999,0,user_26,0,2,5
22,73,659999,0,user_18,0,2,5
26,74,659999,0,user_18,0,2,5
43,75,659999,0,user_34,0,2,5
44,76,659999,0,user_34,0,2,5
36,72,659999,0,user_27,0,2,5
46,77,659999,0,user_36,0,2,5
84,78,659999,0,user_8,1,2,5
81,83,460001,0,user_3,1,2,66
104,87,460001,0,user_33,1,2,66
95,85,460001,0,user_20,1,2,66
97,84,460001,0,user_21,1,2,66
66,90,460000,283000,user_49,0,2,
102,93,459999,0,user_29,1,2,66
62,95,360000,0,user_48,0,2,
56,96,340000,0,user_42,0,2,
12,99,310000,0,user_11,0,2,
116,66,310000,17700000,user_45,1,1,
4,67,260000,0,user_4,0,1,
14,68,220000,0,user_11,0,1,
65,69,220000,0,user_48,0,1,
51,70,170000,0,user_40,0,1,
2,71,150001,0,user_2,0,1,1
9,72,150001,0,user_7,0,1,1
38,73,150001,0,user_29,0,1,1
18,74,150001,0,user_15,0,1,1
47,75,150001,0,user_36,0,1,1
45,76,150001,0,user_35,0,1,1
1,77,150000,39400,user_1,0,1,
53,78,150000,0,user_40,0,1,
63,79,150000,0,user_48,0,1,
61,80,150000,0,user_47,0,1,
117,81,150000,19700,user_47,1,1,
3,82,149999,0,user_3,0,1,1
20,83,149999,0,user_16,0,1,1
28,84,149999,0,user_20,0,1,1
39,85,149999,0,user_30,0,1,1
40,86,149999,0,user_31,0,1,1
30,87,149999,0,user_23,0,1,1
59,88,120000,0,user_46,0,1,
50,89,110000,0,user_40,0,1,
57,90,110000,0,user_43,0,1,
49,91,98000,0,user_38,0,1,
55,92,82000,0,user_41,0,1,
0,93,80000,0,user_1,0,1,
113,94,80000,0,user_44,1,1,
114,95,70000,0,user_45,1,1,
11,1,43000000,0,user_9,0,19,
115,18,6100000,33300,user_45,1,19,
193,19,6100000,71800,user_37,2,19,
67,25,5000000,0,user_49,0,19,
90,88,3600001,0,user_15,1,12,58
96,89,3600001,0,user_21,1,12,58
99,90,3600001,0,user_22,1,12,58
144,91,3600001,0,user_3,2,12,58
162,92,3600001,0,user_14,2,12,58
166,95,3600001,0,user_18,2,12,58
157,93,3600001,0,user_12,2,12,58
172,96,3600001,0,user_23,2,12,58
58,81,3600000,108000,user_46,0,11,
85,98,3599999,0,user_10,1,11,58
98,97,3599999,0,user_21,1,11,58
88,59,3599999,0,user_13,1,10,58
93,96,3599999,0,user_17,1,11,58
143,65,3599999,0,user_0,2,10,58
145,63,3599999,0,user_3,2,10,58
156,99,3599999,0,user_11,2,11,58
159,67,3599999,0,user_14,2,10,58
163,75,3599999,0,user_15,2,10,58
153,70,3599999,0,user_8,2,10,58
184,77,3599999,0,user_29,2,10,58
15,94,2600000,0,user_11,0,10,
64,98,2100000,0,user_48,0,10,
10,93,2000000,0,user_8,0,9,
80,95,1700001,0,user_2,1,8,52
82,97,1700001,0,user_6,1,8,52
86,99,1700001,0,user_11,1,8,52
83,98,1700001,0,user_7,1,8,52
78,96,1700001,0,user_0,1,8,52
91,91,1700001,0,user_15,1,7,52
105,97,1700001,0,user_34,1,7,52
103,92,1700001,0,user_31,1,7,52
100,94,1700001,0,user_23,1,7,52
107,95,1700001,0,user_35,1,7,52
52,94,1700000,350000,user_40,0,5,
209,99,1700000,0,user_47,2,6,
79,97,1699999,0,user_2,1,5,52
89,98,1699999,0,user_14,1,5,52
94,99,1699999,0,user_20,1,5,52
164,97,1699999,0,user_16,2,4,52
183,98,1699999,0,user_29,2,4,52
54,84,1600000,0,user_40,0,3,
205,86,1500000,0,user_44,2,3,
152,87,1400001,0,user_8,2,3,60
60,88,1400000,47700,user_46,0,3,
92,90,1399999,0,user_16,1,3,60
87,89,1399999,0,user_12,1,3,60
108,91,1399999,0,user_36,1,3,60
13,92,1100000,0,user_11,0,3,
48,93,670000,0,user_38,0,3,
17,98,660001,0,user_14,0,3,5
6,95,660001,0,user_5,0,3,5
8,96,660001,0,user_5,0,3,5
19,56,660001,0,user_15,0,2,5
21,99,660001,0,user_17,0,3,5
35,58,660001,0,user_27,0,2,5
41,59,660001,0,user_33,0,2,5
42,60,660001,0,user_33,0,2,5
23,61,660001,0,user_18,0,2,5
24,62,660001,0,user_18,0,2,5
25,63,660001,0,user_18,0,2,5
29,64,660001,0,user_22,0,2,5
37,65,660001,0,user_28,0,2,5
27,97,660001,0,user_19,0,3,5
31,67,660001,0,user_25,0,2,5
32,68,660001,0,user_25,0,2,5
5,69,660000,14200,user_4,0,2,
16,70,659999,0,user_14,0,2,5
7,71,659999,0,user_5,0,2,5
36,72,659999,0,user_27,0,2,5
22,73,659999,0,user_18,0,2,5
26,74,659999,0,user_18,0,2,5
43,75,659999,0,user_34,0,2,5
44,76,659999,0,user_34,0,2,5
46,77,659999,0,user_36,0,2,5
84,78,659999,0,user_8,1,2,5
33,79,659999,0,user_26,0,2,5
34,80,659999,0,user_26,0,2,5
109,81,630000,0,user_38,1,2,
194,82,600000,0,user_37,2,2,
81,83,460001,0,user_3,1,2,66
97,84,460001,0,user_21,1,2,66
95,85,460001,0,user_20,1,2,66
101,86,460001,0,user_28,1,2,66
104,87,460001,0,user_33,1,2,66
147,88,460001,0,user_4,2,2,66
106,89,460001,0,user_35,1,2,66
66,90,460000,283000,user_49,0,2,
110,91,460000,0,user_38,1,2,
204,92,460000,0,user_44,2,2,
102,93,459999,0,user_29,1,2,66
208,94,370000,0,user_47,2,2,
62,95,360000,0,user_48,0,2,
56,96,340000,0,user_42,0,2,
161,97,310001,0,user_14,2,2,116
182,98,310001,0,user_29,2,2,116
12,99,310000,0,user_11,0,2,
11,1,43000000,0,user_9,0,19,
198,0,43000000,0,user_40,2,19,
115,18,6100000,33300,user_45,1,19,
193,19,6100000,71800,user_37,2,19,
67,25,5000000,0,user_49,0,19,
90,88,3600001,0,user_15,1,12,58
96,89,3600001,0,user_21,1,12,58
99,90,3600001,0,user_22,1,12,58
144,91,3600001,0,user_3,2,12,58
162,92,3600001,0,user_14,2,12,58
170,99,3600001,0,user_22,2,12,58
176,71,3600001,0,user_26,2,11,58
178,72,3600001,0,user_26,2,11,58
166,95,3600001,0,user_18,2,12,58
172,96,3600001,0,user_23,2,12,58
157,93,3600001,0,user_12,2,12,58
190,97,3600001,0,user_34,2,12,58
179,94,3600001,0,user_27,2,12,58
188,98,3600001,0,user_31,2,12,58
191,77,3600001,0,user_36,2,11,58
192,78,3600001,0,user_36,2,11,58
253,55,3600001,0,user_7,3,11,58
251,63,3600001,0,user_3,3,11,58
258,56,3600001,0,user_11,3,11,58
262,57,3600001,0,user_17,3,11,58
263,58,3600001,0,user_18,3,11,58
254,53,3600001,0,user_8,3,11,58
255,54,3600001,0,user_8,3,11,58
266,52,3600001,0,user_22,3,11,58
277,62,3600001,0,user_33,3,11,58
261,64,3600001,0,user_14,3,11,58
58,81,3600000,108000,user_46,0,11,
85,98,3599999,0,user_10,1,11,58
98,97,3599999,0,user_21,1,11,58
88,59,3599999,0,user_13,1,10,58
93,96,3599999,0,user_17,1,11,58
145,63,3599999,0,user_3,2,10,58
156,99,3599999,0,user_11,2,11,58
159,67,3599999,0,user_14,2,10,58
151,73,3599999,0,user_6,2,10,58
153,70,3599999,0,user_8,2,10,58
177,74,3599999,0,user_26,2,10,58
173,71,3599999,0,user_24,2,10,58
184,77,3599999,0,user_29,2,10,58
143,65,3599999,0,user_0,2,10,58
163,75,3599999,0,user_15,2,10,58
189,76,3599999,0,user_32,2,10,58
187,72,3599999,0,user_31,2,10,58
180,68,3599999,0,user_28,2,10,58
181,69,3599999,0,user_28,2,10,58
245,83,3599999,0,user_1,3,11,58
247,84,3599999,0,user_1,3,11,58
248,85,3599999,0,user_1,3,11,58
168,66,3599999,0,user_19,2,10,58
252,94,3599999,0,user_5,3,11,58
256,93,3599999,0,user_9,3,11,58
260,86,3599999,0,user_12,3,11,58
267,88,3599999,0,user_23,3,11,58
265,87,3599999,0,user_22,3,11,58
273,89,3599999,0,user_30,3,11,58
264,90,3599999,0,user_21,3,11,58
15,94,2600000,0,user_11,0,10,
64,98,2100000,0,user_48,0,10,
10,93,2000000,0,user_8,0,9,
197,94,2000000,71800,user_40,2,9,
203,95,2000000,0,user_43,2,9,
282,90,2000000,121000,user_37,3,9,
80,95,1700001,0,user_2,1,8,52
86,99,1700001,0,user_11,1,8,52
78,96,1700001,0,user_0,1,8,52
91,91,1700001,0,user_15,1,7,52
83,98,1700001,0,user_7,1,8,52
100,94,1700001,0,user_23,1,7,52
105,97,1700001,0,user_34,1,7,52
103,92,1700001,0,user_31,1,7,52
82,97,1700001,0,user_6,1,8,52
107,95,1700001,0,user_35,1,7,52
52,94,1700000,350000,user_40,0,5,
209,99,1700000,0,user_47,2,6,
79,97,1699999,0,user_2,1,5,52
89,98,1699999,0,user_14,1,5,52
94,99,1699999,0,user_20,1,5,52
164,97,1699999,0,user_16,2,4,52
183,98,1699999,0,user_29,2,4,52
54,84,1600000,0,user_40,0,3,
291,85,1600000,0,user_47,3,3,
205,86,1500000,0,user_44,2,3,
152,87,1400001,0,user_8,2,3,60
60,88,1400000,47700,user_46,0,3,
87,89,1399999,0,user_12,1,3,60
92,90,1399999,0,user_16,1,3,60
108,91,1399999,0,user_36,1,3,60
13,92,1100000,0,user_11,0,3,
48,93,670000,0,user_38,0,3,
207,94,670000,0,user_46,2,3,
6,95,660001,0,user_5,0,3,5
8,96,660001,0,user_5,0,3,5
27,97,660001,0,user_19,0,3,5
17,98,660001,0,user_14,0,3,5
21,99,660001,0,user_17,0,3,5
11,1,43000000,0,user_9,0,19,
198,0,43000000,0,user_40,2,19,
115,18,6100000,33300,user_45,1,19,
193,19,6100000,71800,user_37,2,19,
284,17,6100000,0,user_39,3,19,
67,25,5000000,0,user_49,0,19,
285,24,5000000,12800,user_39,3,19,
90,88,3600001,0,user_15,1,12,58
96,89,3600001,0,user_21,1,12,58
99,90,3600001,0,user_22,1,12,58
144,91,3600001,0,user_3,2,12,58
162,92,3600001,0,user_14,2,12,58
157,93,3600001,0,user_12,2,12,58
179,94,3600001,0,user_27,2,12,58
166,95,3600001,0,user_18,2,12,58
172,96,3600001,0,user_23,2,12,58
190,97,3600001,0,user_34,2,12,58
188,98,3600001,0,user_31,2,12,58
170,99,3600001,0,user_22,2,12,58
176,71,3600001,0,user_26,2,11,58
178,72,3600001,0,user_26,2,11,58
191,77,3600001,0,user_36,2,11,58
192,78,3600001,0,user_36,2,11,58
251,63,3600001,0,user_3,3,11,58
258,56,3600001,0,user_11,3,11,58
261,64,3600001,0,user_14,3,11,58
266,52,3600001,0,user_22,3,11,58
253,55,3600001,0,user_7,3,11,58
254,53,3600001,0,user_8,3,11,58
255,54,3600001,0,user_8,3,11,58
262,57,3600001,0,user_17,3,11,58
263,58,3600001,0,user_18,3,11,58
275,60,3600001,0,user_32,3,11,58
276,61,3600001,0,user_32,3,11,58
271,87,3600001,0,user_28,3,12,58
277,62,3600001,0,user_33,3,11,58
58,81,3600000,108000,user_46,0,11,
85,98,3599999,0,user_10,1,11,58
88,59,3599999,0,user_13,1,10,58
98,97,3599999,0,user_21,1,11,58
93,96,3599999,0,user_17,1,11,58
145,63,3599999,0,user_3,2,10,58
156,99,3599999,0,user_11,2,11,58
159,67,3599999,0,user_14,2,10,58
143,65,3599999,0,user_0,2,10,58
163,75,3599999,0,user_15,2,10,58
184,77,3599999,0,user_29,2,10,58
153,70,3599999,0,user_8,2,10,58
151,73,3599999,0,user_6,2,10,58
245,83,3599999,0,user_1,3,11,58
247,84,3599999,0,user_1,3,11,58
248,85,3599999,0,user_1,3,11,58
173,71,3599999,0,user_24,2,10,58
187,72,3599999,0,user_31,2,10,58
177,74,3599999,0,user_26,2,10,58
180,68,3599999,0,user_28,2,10,58
181,69,3599999,0,user_28,2,10,58
256,93,3599999,0,user_9,3,11,58
189,76,3599999,0,user_32,2,10,58
168,66,3599999,0,user_19,2,10,58
252,94,3599999,0,user_5,3,11,58
265,87,3599999,0,user_22,3,11,58
260,86,3599999,0,user_12,3,11,58
264,90,3599999,0,user_21,3,11,58
268,91,3599999,0,user_25,3,11,58
269,92,3599999,0,user_26,3,11,58
267,88,3599999,0,user_23,3,11,58
273,89,3599999,0,user_30,3,11,58
281,95,3599999,0,user_36,3,11,58
289,92,3500000,0,user_43,3,10,
15,94,2600000,0,user_11,0,10,
288,96,2500000,0,user_42,3,10,
64,98,2100000,0,user_48,0,10,
369,99,2100000,0,user_45,4,10,
10,93,2000000,0,user_8,0,9,
203,95,2000000,0,user_43,2,9,
197,94,2000000,71800,user_40,2,9,
282,90,2000000,121000,user_37,3,9,
368,91,2000000,0,user_45,4,9,
375,92,2000000,0,user_47,4,9,
80,95,1700001,0,user_2,1,8,52
78,96,1700001,0,user_0,1,8,52
82,97,1700001,0,user_6,1,8,52
83,98,1700001,0,user_7,1,8,52
86,99,1700001,0,user_11,1,8,52
91,91,1700001,0,user_15,1,7,52
105,97,1700001,0,user_34,1,7,52
103,92,1700001,0,user_31,1,7,52
100,94,1700001,0,user_23,1,7,52
107,95,1700001,0,user_35,1,7,52
337,97,1700001,0,user_16,4,9,52
344,98,1700001,0,user_22,4,9,52
52,94,1700000,350000,user_40,0,5,
209,99,1700000,0,user_47,2,6,
79,97,1699999,0,user_2,1,5,52
94,99,1699999,0,user_20,1,5,52
89,98,1699999,0,user_14,1,5,52
164,97,1699999,0,user_16,2,4,52
183,98,1699999,0,user_29,2,4,52
274,99,1699999,0,user_31,3,4,52
11,1,43000000,0,user_9,0,19,
198,0,43000000,0,user_40,2,19,
437,2,30000000,0,user_37,5,19,
115,18,6100000,33300,user_45,1,19,
193,19,6100000,71800,user_37,2,19,
284,17,6100000,0,user_39,3,19,
67,25,5000000,0,user_49,0,19,
285,24,5000000,12800,user_39,3,19,
99,90,3600001,0,user_22,1,12,58
90,88,3600001,0,user_15,1,12,58
96,89,3600001,0,user_21,1,12,58
157,93,3600001,0,user_12,2,12,58
144,91,3600001,0,user_3,2,12,58
162,92,3600001,0,user_14,2,12,58
166,95,3600001,0,user_18,2,12,58
170,99,3600001,0,user_22,2,12,58
176,71,3600001,0,user_26,2,11,58
178,72,3600001,0,user_26,2,11,58
172,96,3600001,0,user_23,2,12,58
190,97,3600001,0,user_34,2,12,58
179,94,3600001,0,user_27,2,12,58
188,98,3600001,0,user_31,2,12,58
191,77,3600001,0,user_36,2,11,58
192,78,3600001,0,user_36,2,11,58
251,63,3600001,0,user_3,3,11,58
258,56,3600001,0,user_11,3,11,58
261,64,3600001,0,user_14,3,11,58
253,55,3600001,0,user_7,3,11,58
262,57,3600001,0,user_17,3,11,58
277,62,3600001,0,user_33,3,11,58
263,58,3600001,0,user_18,3,11,58
254,53,3600001,0,user_8,3,11,58
255,54,3600001,0,user_8,3,11,58
266,52,3600001,0,user_22,3,11,58
275,60,3600001,0,user_32,3,11,58
276,61,3600001,0,user_32,3,11,58
271,87,3600001,0,user_28,3,12,58
58,81,3600000,108000,user_46,0,11,
85,98,3599999,0,user_10,1,11,58
88,59,3599999,0,user_13,1,10,58
93,96,3599999,0,user_17,1,11,58
98,97,3599999,0,user_21,1,11,58
156,99,3599999,0,user_11,2,11,58
143,65,3599999,0,user_0,2,10,58
168,66,3599999,0,user_19,2,10,58
145,63,3599999,0,user_3,2,10,58
159,67,3599999,0,user_14,2,10,58
180,68,3599999,0,user_28,2,10,58
181,69,3599999,0,user_28,2,10,58
151,73,3599999,0,user_6,2,10,58
153,70,3599999,0,user_8,2,10,58
163,75,3599999,0,user_15,2,10,58
177,74,3599999,0,user_26,2,10,58
189,76,3599999,0,user_32,2,10,58
173,71,3599999,0,user_24,2,10,58
184,77,3599999,0,user_29,2,10,58
187,72,3599999,0,user_31,2,10,58
245,83,3599999,0,user_1,3,11,58
247,84,3599999,0,user_1,3,11,58
248,85,3599999,0,user_1,3,11,58
252,94,3599999,0,user_5,3,11,58
260,86,3599999,0,user_12,3,11,58
264,90,3599999,0,user_21,3,11,58
256,93,3599999,0,user_9,3,11,58
267,88,3599999,0,user_23,3,11,58
265,87,3599999,0,user_22,3,11,58
273,89,3599999,0,user_30,3,11,58
268,91,3599999,0,user_25,3,11,58
269,92,3599999,0,user_26,3,11,58
281,95,3599999,0,user_36,3,11,58
289,92,3500000,0,user_43,3,10,
15,94,2600000,0,user_11,0,10,
288,96,2500000,0,user_42,3,10,
64,98,2100000,0,user_48,0,10,
369,99,2100000,0,user_45,4,10,
376,88,2100000,0,user_49,4,9,
10,93,2000000,0,user_8,0,9,
197,94,2000000,71800,user_40,2,9,
203,95,2000000,0,user_43,2,9,
282,90,2000000,121000,user_37,3,9,
368,91,2000000,0,user_45,4,9,
375,92,2000000,0,user_47,4,9,
78,96,1700001,0,user_0,1,8,52
80,95,1700001,0,user_2,1,8,52
82,97,1700001,0,user_6,1,8,52
100,94,1700001,0,user_23,1,7,52
86,99,1700001,0,user_11,1,8,52
91,91,1700001,0,user_15,1,7,52
103,92,1700001,0,user_31,1,7,52
83,98,1700001,0,user_7,1,8,52
105,97,1700001,0,user_34,1,7,52
107,95,1700001,0,user_35,1,7,52
344,98,1700001,0,user_22,4,9,52
337,97,1700001,0,user_16,4,9,52
52,94,1700000,350000,user_40,0,5,
209,99,1700000,0,user_47,2,6,
359,96,1700000,161000,user_38,4,5,
79,97,1699999,0,user_2,1,5,52
89,98,1699999,0,user_14,1,5,52
94,99,1699999,0,user_20,1,5,52
198,0,43000000,0,user_40,2,19,
11,1,43000000,0,user_9,0,19,
437,2,30000000,0,user_37,5,19,
439,5,27000000,0,user_38,5,19,
444,12,6300000,0,user_42,5,19,
115,18,6100000,33300,user_45,1,19,
193,19,6100000,71800,user_37,2,19,
284,17,6100000,0,user_39,3,19,
67,25,5000000,0,user_49,0,19,
285,24,5000000,12800,user_39,3,19,
446,26,5000000,0,user_46,5,19,
96,89,3600001,0,user_21,1,12,58
90,88,3600001,0,user_15,1,12,58
99,90,3600001,0,user_22,1,12,58
144,91,3600001,0,user_3,2,12,58
157,93,3600001,0,user_12,2,12,58
162,92,3600001,0,user_14,2,12,58
166,95,3600001,0,user_18,2,12,58
172,96,3600001,0,user_23,2,12,58
188,98,3600001,0,user_31,2,12,58
170,99,3600001,0,user_22,2,12,58
176,71,3600001,0,user_26,2,11,58
178,72,3600001,0,user_26,2,11,58
179,94,3600001,0,user_27,2,12,58
191,77,3600001,0,user_36,2,11,58
192,78,3600001,0,user_36,2,11,58
190,97,3600001,0,user_34,2,12,58
253,55,3600001,0,user_7,3,11,58
258,56,3600001,0,user_11,3,11,58
262,57,3600001,0,user_17,3,11,58
263,58,3600001,0,user_18,3,11,58
271,87,3600001,0,user_28,3,12,58
251,63,3600001,0,user_3,3,11,58
254,53,3600001,0,user_8,3,11,58
255,54,3600001,0,user_8,3,11,58
261,64,3600001,0,user_14,3,11,58
266,52,3600001,0,user_22,3,11,58
275,60,3600001,0,user_32,3,11,58
276,61,3600001,0,user_32,3,11,58
277,62,3600001,0,user_33,3,11,58
58,81,3600000,108000,user_46,0,11,
440,82,3600000,0,user_39,5,11,
88,59,3599999,0,user_13,1,10,58
98,97,3599999,0,user_21,1,11,58
85,98,3599999,0,user_10,1,11,58
93,96,3599999,0,user_17,1,11,58
145,63,3599999,0,user_3,2,10,58
156,99,3599999,0,user_11,2,11,58
143,65,3599999,0,user_0,2,10,58
168,66,3599999,0,user_19,2,10,58
159,67,3599999,0,user_14,2,10,58
180,68,3599999,0,user_28,2,10,58
181,69,3599999,0,user_28,2,10,58
153,70,3599999,0,user_8,2,10,58
173,71,3599999,0,user_24,2,10,58
187,72,3599999,0,user_31,2,10,58
151,73,3599999,0,user_6,2,10,58
177,74,3599999,0,user_26,2,10,58
163,75,3599999,0,user_15,2,10,58
189,76,3599999,0,user_32,2,10,58
184,77,3599999,0,user_29,2,10,58
245,83,3599999,0,user_1,3,11,58
247,84,3599999,0,user_1,3,11,58
248,85,3599999,0,user_1,3,11,58
252,94,3599999,0,user_5,3,11,58
260,86,3599999,0,user_12,3,11,58
264,90,3599999,0,user_21,3,11,58
265,87,3599999,0,user_22,3,11,58
268,91,3599999,0,user_25,3,11,58
269,92,3599999,0,user_26,3,11,58
267,88,3599999,0,user_23,3,11,58
256,93,3599999,0,user_9,3,11,58
273,89,3599999,0,user_30,3,11,58
281,95,3599999,0,user_36,3,11,58
289,92,3500000,0,user_43,3,10,
15,94,2600000,0,user_11,0,10,
288,96,2500000,0,user_42,3,10,
64,98,2100000,0,user_48,0,10,
369,99,2100000,0,user_45,4,10,
376,88,2100000,0,user_49,4,9,
197,94,2000000,71800,user_40,2,9,
203,95,2000000,0,user_43,2,9,
282,90,2000000,121000,user_37,3,9,
10,93,2000000,0,user_8,0,9,
368,91,2000000,0,user_45,4,9,
375,92,2000000,0,user_47,4,9,
78,96,1700001,0,user_0,1,8,52
86,99,1700001,0,user_11,1,8,52
103,92,1700001,0,user_31,1,7,52
82,97,1700001,0,user_6,1,8,52
83,98,1700001,0,user_7,1,8,52
91,91,1700001,0,user_15,1,7,52
100,94,1700001,0,user_23,1,7,52
105,97,1700001,0,user_34,1,7,52
107,95,1700001,0,user_35,1,7,52
80,95,1700001,0,user_2,1,8,52
337,97,1700001,0,user_16,4,9,52
344,98,1700001,0,user_22,4,9,52
492,99,1700001,0,user_10,6,9,52
209,99,1700000,0,user_47,2,6,
198,0,43000000,0,user_40,2,19,
11,1,43000000,0,user_9,0,19,
437,2,30000000,0,user_37,5,19,
439,5,27000000,0,user_38,5,19,
444,12,6300000,0,user_42,5,19,
618,9,6300000,67500,user_48,7,19,
284,17,6100000,0,user_39,3,19,
115,18,6100000,33300,user_45,1,19,
193,19,6100000,71800,user_37,2,19,
285,24,5000000,12800,user_39,3,19,
67,25,5000000,0,user_49,0,19,
446,26,5000000,0,user_46,5,19,
266,52,3600001,0,user_22,3,11,58
254,53,3600001,0,user_8,3,11,58
255,54,3600001,0,user_8,3,11,58
253,55,3600001,0,user_7,3,11,58
258,56,3600001,0,user_11,3,11,58
262,57,3600001,0,user_17,3,11,58
263,58,3600001,0,user_18,3,11,58
271,87,3600001,0,user_28,3,12,58
275,60,3600001,0,user_32,3,11,58
276,61,3600001,0,user_32,3,11,58
277,62,3600001,0,user_33,3,11,58
251,63,3600001,0,user_3,3,11,58
261,64,3600001,0,user_14,3,11,58
96,89,3600001,0,user_21,1,12,58
90,88,3600001,0,user_15,1,12,58
144,91,3600001,0,user_3,2,12,58
162,92,3600001,0,user_14,2,12,58
166,95,3600001,0,user_18,2,12,58
170,99,3600001,0,user_22,2,12,58
176,71,3600001,0,user_26,2,11,58
178,72,3600001,0,user_26,2,11,58
157,93,3600001,0,user_12,2,12,58
179,94,3600001,0,user_27,2,12,58
172,96,3600001,0,user_23,2,12,58
188,98,3600001,0,user_31,2,12,58
191,77,3600001,0,user_36,2,11,58
192,78,3600001,0,user_36,2,11,58
99,90,3600001,0,user_22,1,12,58
190,97,3600001,0,user_34,2,12,58
58,81,3600000,108000,user_46,0,11,
440,82,3600000,0,user_39,5,11,
245,83,3599999,0,user_1,3,11,58
247,84,3599999,0,user_1,3,11,58
248,85,3599999,0,user_1,3,11,58
260,86,3599999,0,user_12,3,11,58
265,87,3599999,0,user_22,3,11,58
267,88,3599999,0,user_23,3,11,58
273,89,3599999,0,user_30,3,11,58
264,90,3599999,0,user_21,3,11,58
268,91,3599999,0,user_25,3,11,58
269,92,3599999,0,user_26,3,11,58
256,93,3599999,0,user_9,3,11,58
252,94,3599999,0,user_5,3,11,58
281,95,3599999,0,user_36,3,11,58
93,96,3599999,0,user_17,1,11,58
98,97,3599999,0,user_21,1,11,58
85,98,3599999,0,user_10,1,11,58
156,99,3599999,0,user_11,2,11,58
145,63,3599999,0,user_3,2,10,58
159,67,3599999,0,user_14,2,10,58
151,73,3599999,0,user_6,2,10,58
153,70,3599999,0,user_8,2,10,58
177,74,3599999,0,user_26,2,10,58
143,65,3599999,0,user_0,2,10,58
163,75,3599999,0,user_15,2,10,58
173,71,3599999,0,user_24,2,10,58
187,72,3599999,0,user_31,2,10,58
88,59,3599999,0,user_13,1,10,58
180,68,3599999,0,user_28,2,10,58
181,69,3599999,0,user_28,2,10,58
168,66,3599999,0,user_19,2,10,58
189,76,3599999,0,user_32,2,10,58
184,77,3599999,0,user_29,2,10,58
289,92,3500000,0,user_43,3,10,
604,91,3500000,0,user_37,7,10,
15,94,2600000,0,user_11,0,10,
288,96,2500000,0,user_42,3,10,
369,99,2100000,0,user_45,4,10,
64,98,2100000,0,user_48,0,10,
376,88,2100000,0,user_49,4,9,
282,90,2000000,121000,user_37,3,9,
203,95,2000000,0,user_43,2,9,
197,94,2000000,71800,user_40,2,9,
368,91,2000000,0,user_45,4,9,
10,93,2000000,0,user_8,0,9,
375,92,2000000,0,user_47,4,9,
86,99,1700001,0,user_11,1,8,52
82,97,1700001,0,user_6,1,8,52
78,96,1700001,0,user_0,1,8,52
91,91,1700001,0,user_15,1,7,52
103,92,1700001,0,user_31,1,7,52
83,98,1700001,0,user_7,1,8,52
100,94,1700001,0,user_23,1,7,52
107,95,1700001,0,user_35,1,7,52
80,95,1700001,0,user_2,1,8,52
105,97,1700001,0,user_34,1,7,52
337,97,1700001,0,user_16,4,9,52
344,98,1700001,0,user_22,4,9,52
11,1,43000000,0,user_9,0,19,
198,0,43000000,0,user_40,2,19,
437,2,30000000,0,user_37,5,19,
439,5,27000000,0,user_38,5,19,
444,12,6300000,0,user_42,5,19,
608,10,6300000,7840,user_41,7,19,
618,9,6300000,67500,user_48,7,19,
620,11,6300000,0,user_49,7,19,
115,18,6100000,33300,user_45,1,19,
193,19,6100000,71800,user_37,2,19,
284,17,6100000,0,user_39,3,19,
67,25,5000000,0,user_49,0,19,
285,24,5000000,12800,user_39,3,19,
446,26,5000000,0,user_46,5,19,
696,93,4200000,0,user_45,8,15,
271,87,3600001,0,user_28,3,12,58
90,88,3600001,0,user_15,1,12,58
96,89,3600001,0,user_21,1,12,58
99,90,3600001,0,user_22,1,12,58
144,91,3600001,0,user_3,2,12,58
162,92,3600001,0,user_14,2,12,58
157,93,3600001,0,user_12,2,12,58
179,94,3600001,0,user_27,2,12,58
166,95,3600001,0,user_18,2,12,58
172,96,3600001,0,user_23,2,12,58
190,97,3600001,0,user_34,2,12,58
188,98,3600001,0,user_31,2,12,58
170,99,3600001,0,user_22,2,12,58
176,71,3600001,0,user_26,2,11,58
178,72,3600001,0,user_26,2,11,58
191,77,3600001,0,user_36,2,11,58
192,78,3600001,0,user_36,2,11,58
251,63,3600001,0,user_3,3,11,58
258,56,3600001,0,user_11,3,11,58
261,64,3600001,0,user_14,3,11,58
266,52,3600001,0,user_22,3,11,58
253,55,3600001,0,user_7,3,11,58
254,53,3600001,0,user_8,3,11,58
255,54,3600001,0,user_8,3,11,58
277,62,3600001,0,user_33,3,11,58
262,57,3600001,0,user_17,3,11,58
263,58,3600001,0,user_18,3,11,58
275,60,3600001,0,user_32,3,11,58
276,61,3600001,0,user_32,3,11,58
58,81,3600000,108000,user_46,0,11,
440,82,3600000,0,user_39,5,11,
252,94,3599999,0,user_5,3,11,58
85,98,3599999,0,user_10,1,11,58
88,59,3599999,0,user_13,1,10,58
98,97,3599999,0,user_21,1,11,58
93,96,3599999,0,user_17,1,11,58
145,63,3599999,0,user_3,2,10,58
156,99,3599999,0,user_11,2,11,58
159,67,3599999,0,user_14,2,10,58
143,65,3599999,0,user_0,2,10,58
163,75,3599999,0,user_15,2,10,58
184,77,3599999,0,user_29,2,10,58
153,70,3599999,0,user_8,2,10,58
151,73,3599999,0,user_6,2,10,58
245,83,3599999,0,user_1,3,11,58
247,84,3599999,0,user_1,3,11,58
248,85,3599999,0,user_1,3,11,58
173,71,3599999,0,user_24,2,10,58
187,72,3599999,0,user_31,2,10,58
177,74,3599999,0,user_26,2,10,58
180,68,3599999,0,user_28,2,10,58
181,69,3599999,0,user_28,2,10,58
256,93,3599999,0,user_9,3,11,58
189,76,3599999,0,user_32,2,10,58
168,66,3599999,0,user_19,2,10,58
265,87,3599999,0,user_22,3,11,58
260,86,3599999,0,user_12,3,11,58
264,90,3599999,0,user_21,3,11,58
268,91,3599999,0,user_25,3,11,58
269,92,3599999,0,user_26,3,11,58
267,88,3599999,0,user_23,3,11,58
273,89,3599999,0,user_30,3,11,58
281,95,3599999,0,user_36,3,11,58
289,92,3500000,0,user_43,3,10,
604,91,3500000,0,user_37,7,10,
15,94,2600000,0,user_11,0,10,
606,95,2600000,0,user_39,7,10,
288,96,2500000,0,user_42,3,10,
369,99,2100000,0,user_45,4,10,
376,88,2100000,0,user_49,4,9,
64,98,2100000,0,user_48,0,10,
375,92,2000000,0,user_47,4,9,
368,91,2000000,0,user_45,4,9,
10,93,2000000,0,user_8,0,9,
203,95,2000000,0,user_43,2,9,
197,94,2000000,71800,user_40,2,9,
282,90,2000000,121000,user_37,3,9,
694,96,2000000,8520,user_44,8,9,
344,98,1700001,0,user_22,4,9,52
337,97,1700001,0,user_16,4,9,52
80,95,1700001,0,user_2,1,8,52
78,96,1700001,0,user_0,1,8,52
82,97,1700001,0,user_6,1,8,52
83,98,1700001,0,user_7,1,8,52
86,99,1700001,0,user_11,1,8,52
11,1,43000000,0,user_9,0,19,
198,0,43000000,0,user_40,2,19,
437,2,30000000,0,user_37,5,19,
439,5,27000000,0,user_38,5,19,
795,6,27000000,0,user_45,9,19,
444,12,6300000,0,user_42,5,19,
618,9,6300000,67500,user_48,7,19,
620,11,6300000,0,user_49,7,19,
608,10,6300000,7840,user_41,7,19,
284,17,6100000,0,user_39,3,19,
115,18,6100000,33300,user_45,1,19,
193,19,6100000,71800,user_37,2,19,
285,24,5000000,12800,user_39,3,19,
446,26,5000000,0,user_46,5,19,
67,25,5000000,0,user_49,0,19,
696,93,4200000,0,user_45,8,15,
799,94,4200000,1100000,user_48,9,15,
251,63,3600001,0,user_3,3,11,58
258,56,3600001,0,user_11,3,11,58
261,64,3600001,0,user_14,3,11,58
253,55,3600001,0,user_7,3,11,58
262,57,3600001,0,user_17,3,11,58
263,58,3600001,0,user_18,3,11,58
271,87,3600001,0,user_28,3,12,58
266,52,3600001,0,user_22,3,11,58
254,53,3600001,0,user_8,3,11,58
255,54,3600001,0,user_8,3,11,58
275,60,3600001,0,user_32,3,11,58
276,61,3600001,0,user_32,3,11,58
277,62,3600001,0,user_33,3,11,58
99,90,3600001,0,user_22,1,12,58
90,88,3600001,0,user_15,1,12,58
96,89,3600001,0,user_21,1,12,58
157,93,3600001,0,user_12,2,12,58
144,91,3600001,0,user_3,2,12,58
162,92,3600001,0,user_14,2,12,58
166,95,3600001,0,user_18,2,12,58
170,99,3600001,0,user_22,2,12,58
176,71,3600001,0,user_26,2,11,58
178,72,3600001,0,user_26,2,11,58
172,96,3600001,0,user_23,2,12,58
190,97,3600001,0,user_34,2,12,58
179,94,3600001,0,user_27,2,12,58
188,98,3600001,0,user_31,2,12,58
191,77,3600001,0,user_36,2,11,58
192,78,3600001,0,user_36,2,11,58
440,82,3600000,0,user_39,5,11,
58,81,3600000,108000,user_46,0,11,
252,94,3599999,0,user_5,3,11,58
260,86,3599999,0,user_12,3,11,58
264,90,3599999,0,user_21,3,11,58
256,93,3599999,0,user_9,3,11,58
265,87,3599999,0,user_22,3,11,58
273,89,3599999,0,user_30,3,11,58
268,91,3599999,0,user_25,3,11,58
269,92,3599999,0,user_26,3,11,58
281,95,3599999,0,user_36,3,11,58
267,88,3599999,0,user_23,3,11,58
85,98,3599999,0,user_10,1,11,58
88,59,3599999,0,user_13,1,10,58
93,96,3599999,0,user_17,1,11,58
98,97,3599999,0,user_21,1,11,58
156,99,3599999,0,user_11,2,11,58
143,65,3599999,0,user_0,2,10,58
168,66,3599999,0,user_19,2,10,58
145,63,3599999,0,user_3,2,10,58
159,67,3599999,0,user_14,2,10,58
180,68,3599999,0,user_28,2,10,58
181,69,3599999,0,user_28,2,10,58
151,73,3599999,0,user_6,2,10,58
153,70,3599999,0,user_8,2,10,58
163,75,3599999,0,user_15,2,10,58
177,74,3599999,0,user_26,2,10,58
189,76,3599999,0,user_32,2,10,58
173,71,3599999,0,user_24,2,10,58
184,77,3599999,0,user_29,2,10,58
187,72,3599999,0,user_31,2,10,58
245,83,3599999,0,user_1,3,11,58
247,84,3599999,0,user_1,3,11,58
248,85,3599999,0,user_1,3,11,58
289,92,3500000,0,user_43,3,10,
604,91,3500000,0,user_37,7,10,
690,93,3500000,0,user_38,8,10,
15,94,2600000,0,user_11,0,10,
606,95,2600000,0,user_39,7,10,
288,96,2500000,0,user_42,3,10,
794,97,2300000,0,user_44,9,10,
369,99,2100000,0,user_45,4,10,
376,88,2100000,0,user_49,4,9,
64,98,2100000,0,user_48,0,10,
282,90,2000000,121000,user_37,3,9,
368,91,2000000,0,user_45,4,9,
375,92,2000000,0,user_47,4,9,
10,93,2000000,0,user_8,0,9,
197,94,2000000,71800,user_40,2,9,
203,95,2000000,0,user_43,2,9,
694,96,2000000,8520,user_44,8,9,
337,97,1700001,0,user_16,4,9,52
344,98,1700001,0,user_22,4,9,52
492,99,1700001,0,user_10,6,9,52
198,0,43000000,0,user_40,2,19,
11,1,43000000,0,user_9,0,19,
437,2,30000000,0,user_37,5,19,
439,5,27000000,0,user_38,5,19,
795,6,27000000,0,user_45,9,19,
444,12,6300000,0,user_42,5,19,
618,9,6300000,67500,user_48,7,19,
608,10,6300000,7840,user_41,7,19,
620,11,6300000,0,user_49,7,19,
115,18,6100000,33300,user_45,1,19,
193,19,6100000,71800,user_37,2,19,
284,17,6100000,0,user_39,3,19,
67,25,5000000,0,user_49,0,19,
285,24,5000000,12800,user_39,3,19,
446,26,5000000,0,user_46,5,19,
842,54,4200001,0,user_4,10,19,799
846,62,4200001,0,user_7,10,19,799
848,55,4200001,0,user_11,10,19,799
857,56,4200001,0,user_14,10,19,799
875,58,4200001,0,user_33,10,19,799
860,64,4200001,0,user_21,10,19,799
696,93,4200000,0,user_45,8,15,
799,94,4200000,1100000,user_48,9,15,
841,76,4199999,0,user_3,10,14,799
847,80,4199999,0,user_10,10,14,799
861,79,4199999,0,user_22,10,14,799
872,81,4199999,0,user_30,10,14,799
873,82,4199999,0,user_30,10,14,799
96,89,3600001,0,user_21,1,12,58
90,88,3600001,0,user_15,1,12,58
99,90,3600001,0,user_22,1,12,58
144,91,3600001,0,user_3,2,12,58
157,93,3600001,0,user_12,2,12,58
162,92,3600001,0,user_14,2,12,58
166,95,3600001,0,user_18,2,12,58
172,96,3600001,0,user_23,2,12,58
188,98,3600001,0,user_31,2,12,58
170,99,3600001,0,user_22,2,12,58
176,71,3600001,0,user_26,2,11,58
178,72,3600001,0,user_26,2,11,58
179,94,3600001,0,user_27,2,12,58
191,77,3600001,0,user_36,2,11,58
192,78,3600001,0,user_36,2,11,58
190,97,3600001,0,user_34,2,12,58
253,55,3600001,0,user_7,3,11,58
258,56,3600001,0,user_11,3,11,58
262,57,3600001,0,user_17,3,11,58
263,58,3600001,0,user_18,3,11,58
271,87,3600001,0,user_28,3,12,58
251,63,3600001,0,user_3,3,11,58
254,53,3600001,0,user_8,3,11,58
255,54,3600001,0,user_8,3,11,58
261,64,3600001,0,user_14,3,11,58
266,52,3600001,0,user_22,3,11,58
275,60,3600001,0,user_32,3,11,58
276,61,3600001,0,user_32,3,11,58
277,62,3600001,0,user_33,3,11,58
58,81,3600000,108000,user_46,0,11,
440,82,3600000,0,user_39,5,11,
88,59,3599999,0,user_13,1,10,58
98,97,3599999,0,user_21,1,11,58
85,98,3599999,0,user_10,1,11,58
93,96,3599999,0,user_17,1,11,58
145,63,3599999,0,user_3,2,10,58
156,99,3599999,0,user_11,2,11,58
143,65,3599999,0,user_0,2,10,58
168,66,3599999,0,user_19,2,10,58
159,67,3599999,0,user_14,2,10,58
180,68,3599999,0,user_28,2,10,58
181,69,3599999,0,user_28,2,10,58
153,70,3599999,0,user_8,2,10,58
173,71,3599999,0,user_24,2,10,58
187,72,3599999,0,user_31,2,10,58
151,73,3599999,0,user_6,2,10,58
177,74,3599999,0,user_26,2,10,58
163,75,3599999,0,user_15,2,10,58
189,76,3599999,0,user_32,2,10,58
184,77,3599999,0,user_29,2,10,58
245,83,3599999,0,user_1,3,11,58
247,84,3599999,0,user_1,3,11,58
248,85,3599999,0,user_1,3,11,58
252,94,3599999,0,user_5,3,11,58
260,86,3599999,0,user_12,3,11,58
264,90,3599999,0,user_21,3,11,58
265,87,3599999,0,user_22,3,11,58
268,91,3599999,0,user_25,3,11,58
269,92,3599999,0,user_26,3,11,58
267,88,3599999,0,user_23,3,11,58
256,93,3599999,0,user_9,3,11,58
273,89,3599999,0,user_30,3,11,58
281,95,3599999,0,user_36,3,11,58
604,91,3500000,0,user_37,7,10,
289,92,3500000,0,user_43,3,10,
690,93,3500000,0,user_38,8,10,
15,94,2600000,0,user_11,0,10,
606,95,2600000,0,user_39,7,10,
288,96,2500000,0,user_42,3,10,
794,97,2300000,0,user_44,9,10,
64,98,2100000,0,user_48,0,10,
369,99,2100000,0,user_45,4,10,
198,0,43000000,0,user_40,2,19,
11,1,43000000,0,user_9,0,19,
437,2,30000000,0,user_37,5,19,
439,5,27000000,0,user_38,5,19,
795,6,27000000,0,user_45,9,19,
618,9,6300000,67500,user_48,7,19,
608,10,6300000,7840,user_41,7,19,
620,11,6300000,0,user_49,7,19,
444,12,6300000,0,user_42,5,19,
284,17,6100000,0,user_39,3,19,
115,18,6100000,33300,user_45,1,19,
193,19,6100000,71800,user_37,2,19,
975,16,6100000,0,user_48,11,19,
285,24,5000000,12800,user_39,3,19,
67,25,5000000,0,user_49,0,19,
446,26,5000000,0,user_46,5,19,
842,54,4200001,0,user_4,10,19,799
848,55,4200001,0,user_11,10,19,799
857,56,4200001,0,user_14,10,19,799
865,57,4200001,0,user_26,10,19,799
846,62,4200001,0,user_7,10,19,799
860,64,4200001,0,user_21,10,19,799
874,61,4200001,0,user_32,10,19,799
877,60,4200001,0,user_34,10,19,799
870,59,4200001,0,user_28,10,19,799
875,58,4200001,0,user_33,10,19,799
919,52,4200001,0,user_1,11,19,799
859,63,4200001,0,user_19,10,19,799
878,43,4200001,0,user_35,10,19,799
922,44,4200001,0,user_7,11,19,799
920,53,4200001,0,user_2,11,19,799
934,45,4200001,0,user_17,11,19,799
925,49,4200001,0,user_10,11,19,799
956,50,4200001,0,user_33,11,19,799
696,93,4200000,0,user_45,8,15,
799,94,4200000,1100000,user_48,9,15,
841,76,4199999,0,user_3,10,14,799
861,79,4199999,0,user_22,10,14,799
847,80,4199999,0,user_10,10,14,799
872,81,4199999,0,user_30,10,14,799
873,82,4199999,0,user_30,10,14,799
868,87,4199999,0,user_27,10,14,799
852,77,4199999,0,user_13,10,14,799
854,78,4199999,0,user_13,10,14,799
923,98,4199999,0,user_9,11,14,799
921,95,4199999,0,user_4,11,15,799
930,96,4199999,0,user_13,11,15,799
933,89,4199999,0,user_17,11,14,799
928,97,4199999,0,user_12,11,15,799
942,95,4199999,0,user_23,11,14,799
944,96,4199999,0,user_23,11,14,799
939,99,4199999,0,user_20,11,15,799
266,52,3600001,0,user_22,3,11,58
254,53,3600001,0,user_8,3,11,58
255,54,3600001,0,user_8,3,11,58
253,55,3600001,0,user_7,3,11,58
258,56,3600001,0,user_11,3,11,58
262,57,3600001,0,user_17,3,11,58
263,58,3600001,0,user_18,3,11,58
271,87,3600001,0,user_28,3,12,58
275,60,3600001,0,user_32,3,11,58
276,61,3600001,0,user_32,3,11,58
277,62,3600001,0,user_33,3,11,58
251,63,3600001,0,user_3,3,11,58
261,64,3600001,0,user_14,3,11,58
96,89,3600001,0,user_21,1,12,58
90,88,3600001,0,user_15,1,12,58
144,91,3600001,0,user_3,2,12,58
162,92,3600001,0,user_14,2,12,58
166,95,3600001,0,user_18,2,12,58
170,99,3600001,0,user_22,2,12,58
176,71,3600001,0,user_26,2,11,58
178,72,3600001,0,user_26,2,11,58
157,93,3600001,0,user_12,2,12,58
179,94,3600001,0,user_27,2,12,58
172,96,3600001,0,user_23,2,12,58
188,98,3600001,0,user_31,2,12,58
191,77,3600001,0,user_36,2,11,58
192,78,3600001,0,user_36,2,11,58
99,90,3600001,0,user_22,1,12,58
190,97,3600001,0,user_34,2,12,58
58,81,3600000,108000,user_46,0,11,
440,82,3600000,0,user_39,5,11,
245,83,3599999,0,user_1,3,11,58
247,84,3599999,0,user_1,3,11,58
248,85,3599999,0,user_1,3,11,58
260,86,3599999,0,user_12,3,11,58
265,87,3599999,0,user_22,3,11,58
267,88,3599999,0,user_23,3,11,58
273,89,3599999,0,user_30,3,11,58
264,90,3599999,0,user_21,3,11,58
268,91,3599999,0,user_25,3,11,58
269,92,3599999,0,user_26,3,11,58
256,93,3599999,0,user_9,3,11,58
252,94,3599999,0,user_5,3,11,58
281,95,3599999,0,user_36,3,11,58
93,96,3599999,0,user_17,1,11,58
98,97,3599999,0,user_21,1,11,58
85,98,3599999,0,user_10,1,11,58
156,99,3599999,0,user_11,2,11,58
11,1,43000000,0,user_9,0,19,
198,0,43000000,0,user_40,2,19,
437,2,30000000,0,user_37,5,19,
795,6,27000000,0,user_45,9,19,
439,5,27000000,0,user_38,5,19,
618,9,6300000,67500,user_48,7,19,
608,10,6300000,7840,user_41,7,19,
620,11,6300000,0,user_49,7,19,
444,12,6300000,0,user_42,5,19,
115,18,6100000,33300,user_45,1,19,
193,19,6100000,71800,user_37,2,19,
284,17,6100000,0,user_39,3,19,
975,16,6100000,0,user_48,11,19,
967,21,5200000,0,user_42,11,19,
67,25,5000000,0,user_49,0,19,
285,24,5000000,12800,user_39,3,19,
446,26,5000000,0,user_46,5,19,
970,23,5000000,33300,user_42,11,19,
842,54,4200001,0,user_4,10,19,799
848,55,4200001,0,user_11,10,19,799
857,56,4200001,0,user_14,10,19,799
846,62,4200001,0,user_7,10,19,799
875,58,4200001,0,user_33,10,19,799
860,64,4200001,0,user_21,10,19,799
877,60,4200001,0,user_34,10,19,799
919,52,4200001,0,user_1,11,19,799
859,63,4200001,0,user_19,10,19,799
865,57,4200001,0,user_26,10,19,799
874,61,4200001,0,user_32,10,19,799
870,59,4200001,0,user_28,10,19,799
878,43,4200001,0,user_35,10,19,799
941,46,4200001,0,user_22,11,19,799
922,44,4200001,0,user_7,11,19,799
920,53,4200001,0,user_2,11,19,799
948,47,4200001,0,user_26,11,19,799
950,48,4200001,0,user_26,11,19,799
925,49,4200001,0,user_10,11,19,799
934,45,4200001,0,user_17,11,19,799
956,50,4200001,0,user_33,11,19,799
1004,51,4200001,0,user_1,12,19,799
959,65,4200001,0,user_35,11,19,799
960,66,4200001,0,user_35,11,19,799
961,67,4200001,0,user_35,11,19,799
1010,73,4200001,0,user_9,12,19,799
1015,68,4200001,0,user_14,12,19,799
1024,69,4200001,0,user_23,12,19,799
1025,70,4200001,0,user_23,12,19,799
1027,71,4200001,0,user_23,12,19,799
1037,74,4200001,0,user_33,12,19,799
1033,72,4200001,0,user_29,12,19,799
696,93,4200000,0,user_45,8,15,
799,94,4200000,1100000,user_48,9,15,
841,76,4199999,0,user_3,10,14,799
868,87,4199999,0,user_27,10,14,799
847,80,4199999,0,user_10,10,14,799
861,79,4199999,0,user_22,10,14,799
872,81,4199999,0,user_30,10,14,799
873,82,4199999,0,user_30,10,14,799
852,77,4199999,0,user_13,10,14,799
854,78,4199999,0,user_13,10,14,799
921,95,4199999,0,user_4,11,15,799
923,98,4199999,0,user_9,11,14,799
928,97,4199999,0,user_12,11,15,799
947,91,4199999,0,user_25,11,14,799
949,92,4199999,0,user_26,11,14,799
951,93,4199999,0,user_26,11,14,799
952,94,4199999,0,user_26,11,14,799
930,96,4199999,0,user_13,11,15,799
933,89,4199999,0,user_17,11,14,799
942,95,4199999,0,user_23,11,14,799
944,96,4199999,0,user_23,11,14,799
955,97,4199999,0,user_32,11,14,799
954,90,4199999,0,user_28,11,14,799
958,89,4199999,0,user_35,11,13,799
939,99,4199999,0,user_20,11,15,799
936,98,4199999,0,user_19,11,15,799
